"chr1","63700953","63701196","KN297019v1","717404","717664","61","62983549"
"chr1","152960761","152961075","KN296157v1","1078910","1079211","29","151881851"
"chr1","178034","178164","KN296732v1","3311835","3311972","37","3133801"
"chr1","188898","189038","KN294506v1","236315","236445","42","47417"
"chr1","264673","264805","KN296732v1","3311835","3311972","40","3047162"
"chr1","336043","336173","KN296732v1","3311835","3311972","38","2975792"
"chr1","344183","344312","KN296732v1","3311835","3311972","40","2967652"
"chr1","360703","360843","KN294303v1","244931","245062","43","115772"
"chr1","366776","366916","KN294506v1","236315","236445","44","130461"
"chr1","373711","373851","KN294303v1","244931","245062","45","128780"
"chr1","386897","387037","KN294303v1","244931","245062","43","141966"
"chr1","652712","652843","KN294193v1","128685","128814","23","524027"
"chr1","1516526","1516750","KN296180v1","122438","122659","58","1394088"
"chr1","1530679","1530981","KN296964v1","1224019","1224305","84","306660"
"chr1","1539669","1539931","KN296865v1","1172192","1172469","73","367477"
"chr1","1745635","1745765","KN296153v1","2660864","2660996","28","915229"
"chr1","2023324","2023380","KN295717v1","8217","8252","23","2015107"
"chr1","2058768","2058903","KN295706v1","131306","131439","14","1927462"
"chr1","2756539","2756670","KN296311v1","4815038","4815168","28","2058499"
"chr1","3566272","3566555","KN294217v1","769181","769492","49","2797091"
"chr1","5646503","5646849","KN296938v1","298054","298338","121","5348449"
"chr1","6041350","6041485","KN295605v1","687968","688102","21","5353382"
"chr1","6049783","6049900","KN294199v1","86678","86798","39","5963105"
"chr1","6050135","6050321","KN295352v1","256766","256946","39","5793369"
"chr1","6156269","6156400","KN295441v1","789788","789916","26","5366481"
"chr1","6177114","6177277","KN294685v1","1344495","1344649","42","4832619"
"chr1","6305421","6305706","KN294235v1","979340","979628","63","5326081"
"chr1","6444230","6444510","KN295705v1","2328610","2328895","70","4115620"
"chr1","6448877","6449057","KN296732v1","3522095","3522260","43","2926782"
"chr1","6449334","6449473","KN295893v1","5725714","5725847","24","723620"
"chr1","7435299","7435549","KN297019v1","717404","717664","66","6717895"
"chr1","7575680","7575974","KN296036v1","1343901","1344205","86","6231779"
"chr1","7907772","7907903","KN296643v1","191078","191208","20","7716694"
"chr1","8116477","8116798","KN295667v1","2331552","2331850","32","5784925"
"chr1","8166003","8166319","KN295667v1","2273515","2273825","26","5892488"
"chr1","8216940","8217087","KN295667v1","2218024","2218171","8","5998916"
"chr1","8326130","8326402","KN296948v1","762193","762479","65","7563937"
"chr1","8339062","8339171","KN295667v1","2094667","2094776","7","6244395"
"chr1","8418130","8418298","KN295667v1","2018457","2018624","9","6399673"
"chr1","8500377","8500509","KN297453v1","84448","84582","27","8415929"
"chr1","8518350","8518485","KN295706v1","131306","131439","21","8387044"
"chr1","8611037","8611155","KN296322v1","997745","997870","30","7613292"
"chr1","8780178","8780322","KN295667v1","1635663","1635807","8","7144515"
"chr1","8822469","8822798","KN294954v1","70243","70554","85","8752226"
"chr1","8865516","8865817","KN295667v1","1567361","1567664","14","7298155"
"chr1","9081943","9081992","KN295366v1","149372","149424","13","8932571"
"chr1","9226645","9226716","KN295667v1","1211361","1211432","5","8015284"
"chr1","9313197","9313340","KN295667v1","1121076","1121214","14","8192121"
"chr1","9319544","9319844","KN295667v1","1108671","1108966","17","8210873"
"chr1","9617338","9617499","KN295667v1","818612","818774","16","8798726"
"chr1","9617801","9617917","KN295667v1","818216","818320","19","8799585"
"chr1","9759329","9759584","KN295667v1","673092","673338","31","9086237"
"chr1","9764765","9765036","KN295352v1","1395278","1395557","64","8369487"
"chr1","9823994","9824287","KN295667v1","608355","608628","34","9215639"
"chr1","9923791","9924073","KN295814v1","212884","213163","85","9710907"
"chr1","10205206","10205514","KN295667v1","232340","232614","52","9972866"
"chr1","10206290","10206544","KN295667v1","231256","231541","48","9975034"
"chr1","10282096","10282328","KN295962v1","1940591","1940792","73","8341505"
"chr1","10582864","10582984","KN296486v1","1209077","1209185","29","9373787"
"chr1","10758071","10758253","KN294269v1","1609579","1609744","61","9148492"
"chr1","10828863","10829142","KN296833v1","198739","199022","67","10630124"
"chr1","10839676","10839846","KN296926v1","1156893","1157056","40","9682783"
"chr1","10840225","10840362","KN297154v1","582564","582702","25","10257661"
"chr1","10990270","10990397","KN295236v1","3047477","3047602","19","7942793"
"chr1","11101230","11101527","KN294345v1","1713106","1713396","69","9388124"
"chr1","11308770","11308864","KN295501v1","718333","718428","35","10590437"
"chr1","11328822","11328965","KN295375v1","1777845","1777986","33","9550977"
"chr1","11329285","11329418","KN296643v1","310149","310281","27","11019136"
"chr1","11551936","11552076","KN295034v1","243361","243503","30","11308575"
"chr1","11641363","11641501","KN296311v1","4815038","4815168","28","6826325"
"chr1","11641785","11641966","KN297113v1","252877","253050","41","11388908"
"chr1","11756831","11757123","KN296849v1","957882","958183","21","10798949"
"chr1","11941878","11942012","KN296849v1","780276","780410","5","11161602"
"chr1","12027382","12027690","KN296849v1","694658","694962","38","11332724"
"chr1","12129967","12130274","KN296849v1","587508","587797","40","11542459"
"chr1","13435395","13435680","KN295352v1","729753","730045","63","12705642"
"chr1","14730346","14730491","KN295236v1","1052651","1052796","34","13677695"
"chr1","14857061","14857343","KN296948v1","762193","762479","53","14094868"
"chr1","15421043","15421095","KN295893v1","883771","883820","13","14537272"
"chr1","15480357","15480502","KN296142v1","213909","214054","30","15266448"
"chr1","15560758","15560907","KN296210v1","326465","326608","31","15234293"
"chr1","15637680","15638000","KN295406v1","486578","486886","76","15151102"
"chr1","15657173","15657300","KN296101v1","38623","38748","25","15618550"
"chr1","15716974","15717106","KN296915v1","296877","297011","22","15420097"
"chr1","15799164","15799456","KN296654v1","53465","53740","41","15745699"
"chr1","15923163","15923316","KN295034v1","243361","243503","33","15679802"
"chr1","15966748","15966906","KN295294v1","403385","403528","44","15563363"
"chr1","16022500","16022619","KN296557v1","74888","75001","26","15947612"
"chr1","16347031","16347328","KN294207v1","595798","596096","56","15751233"
"chr1","16475083","16475184","KN295871v1","930449","930551","26","15544634"
"chr1","16935173","16935357","KN294571v1","1642206","1642380","40","15292967"
"chr1","17127736","17127892","KN294470v1","2691196","2691354","31","14436540"
"chr1","17337373","17337505","KN294446v1","520797","520926","23","16816576"
"chr1","17843021","17843321","KN294260v1","1734951","1735248","75","16108070"
"chr1","18982156","18982294","KN294218v1","2756614","2756751","24","16225542"
"chr1","18994882","18995132","KN297197v1","1048614","1048879","76","17946268"
"chr1","18998273","18998399","KN296311v1","4657589","4657718","24","14340684"
"chr1","18998713","18998880","KN296538v1","1843564","1843714","43","17155149"
"chr1","19073623","19073877","KN294713v1","801014","801236","72","18272609"
"chr1","19074513","19074827","KN294239v1","243029","243336","68","18831484"
"chr1","19231131","19231431","KN295205v1","656212","656501","89","18574919"
"chr1","19253899","19254183","KN297046v1","2130311","2130564","72","17123588"
"chr1","19398432","19398574","KN294218v1","2756614","2756751","24","16641818"
"chr1","19436567","19436694","KN296426v1","159446","159578","36","19277121"
"chr1","19446965","19447096","KN295096v1","3635797","3635926","17","15811168"
"chr1","19543830","19544127","KN296864v1","1939832","1940132","59","17603998"
"chr1","19550570","19550662","KN295205v1","1234306","1234404","30","18316264"
"chr1","19569780","19569913","KN294583v1","189119","189254","25","19380661"
"chr1","19911346","19911477","KN294964v1","965459","965591","29","18945887"
"chr1","19955945","19956076","KN295706v1","131306","131439","21","19824639"
"chr1","20010711","20010975","KN294172v1","6463161","6463436","69","13547550"
"chr1","20029355","20029473","KN296110v1","245763","245881","8","19783592"
"chr1","20464232","20464444","KN295708v1","178130","178336","22","20286102"
"chr1","20476963","20477087","KN295708v1","191227","191351","7","20285736"
"chr1","20529821","20529953","KN296311v1","4657589","4657718","19","15872232"
"chr1","20711542","20711638","KN295708v1","438075","438171","5","20273467"
"chr1","20933414","20933660","KN295708v1","682957","683216","34","20250457"
"chr1","20935311","20935620","KN295708v1","684869","685158","40","20250442"
"chr1","20952848","20953157","KN295708v1","706164","706473","20","20246684"
"chr1","20990323","20990606","KN295708v1","735658","735943","19","20254665"
"chr1","20997655","20997940","KN295708v1","735658","735943","17","20261997"
"chr1","21078466","21078599","KN295893v1","2369160","2369293","27","18709306"
"chr1","21116566","21116691","KN296880v1","198524","198663","28","20918042"
"chr1","21122005","21122269","KN295523v1","3469042","3469297","72","17652963"
"chr1","21245075","21245223","KN295708v1","957826","957973","11","20287249"
"chr1","21246139","21246324","KN295708v1","959201","959368","27","20286938"
"chr1","21519434","21519722","KN295346v1","1646114","1646406","62","19873320"
"chr1","21674536","21674752","KN295708v1","1293413","1293681","67","20381123"
"chr1","21775655","21775869","KN295708v1","1402083","1402297","17","20373572"
"chr1","21776129","21776220","KN295708v1","1402575","1402665","7","20373554"
"chr1","22615053","22615210","KN295708v1","2199659","2199817","9","20415394"
"chr1","22615514","22615645","KN295708v1","2200120","2200256","18","20415394"
"chr1","23010487","23010757","KN294987v1","459255","459513","58","22551232"
"chr1","23035704","23036002","KN295708v1","2620763","2621040","39","20414941"
"chr1","23041467","23041765","KN295708v1","2620763","2621040","39","20420704"
"chr1","23124055","23124186","KN297154v1","1282191","1282319","23","21841864"
"chr1","23124460","23124611","KN297259v1","1304164","1304326","39","21820296"
"chr1","23127335","23127473","KN295708v1","2703330","2703459","17","20424005"
"chr1","23140393","23140458","KN296635v1","5251433","5251492","16","17888960"
"chr1","23210599","23210898","KN295708v1","2790498","2790788","25","20420101"
"chr1","23217156","23217455","KN295708v1","2790498","2790788","25","20426658"
"chr1","23217644","23217777","KN295706v1","131306","131439","21","23086338"
"chr1","23266611","23266911","KN295708v1","2843729","2844020","65","20422882"
"chr1","23286467","23286753","KN295708v1","2860090","2860376","18","20426377"
"chr1","23446855","23447131","KN296865v1","1172192","1172469","71","22274663"
"chr1","23448615","23448917","KN294407v1","1044299","1044599","66","22404316"
"chr1","23595005","23595171","KN294987v1","741178","741337","43","22853827"
"chr1","23608222","23608514","KN295319v1","303201","303480","63","23305021"
"chr1","23781018","23781145","KN294470v1","2235421","2235555","22","21545597"
"chr1","23874563","23874858","KN296513v1","318377","318665","62","23556186"
"chr1","23921961","23922093","KN294964v1","965459","965591","18","22956502"
"chr1","23952071","23952180","KN296775v1","974808","974917","21","22977263"
"chr1","24510764","24511028","KN296991v1","841101","841373","77","23669663"
"chr1","24625446","24625590","KN294218v1","2756614","2756751","32","21868832"
"chr1","24684088","24684216","KN294964v1","965459","965591","24","23718629"
"chr1","24764525","24764782","KN295236v1","3439491","3439763","94","21325034"
"chr1","24870471","24870671","KN295572v1","371863","372076","51","24498608"
"chr1","24908911","24909166","KN296541v1","3327754","3327989","74","21581157"
"chr1","25027116","25027429","KN294705v1","1991606","1991913","62","23035510"
"chr1","25294661","25294954","KN295077v1","740031","740327","65","24554630"
"chr1","25559912","25560195","KN294848v1","1246098","1246379","61","24313814"
"chr1","25970739","25971036","KN297190v1","6401851","6402158","67","19568888"
"chr1","25993464","25993602","KN296820v1","874322","874456","32","25119142"
"chr1","26030029","26030204","KN295361v1","882059","882232","41","25147970"
"chr1","26074834","26075137","KN294452v1","1374937","1375240","64","24699897"
"chr1","26288422","26288547","KN295572v1","285457","285578","31","26002965"
"chr1","26327976","26328266","KN296495v1","1076274","1076557","66","25251702"
"chr1","26424298","26424522","KN296062v1","1532820","1533033","60","24891478"
"chr1","26737913","26738076","KN294548v1","1373473","1373629","44","25364440"
"chr1","26741324","26741589","KN294187v1","1887786","1888062","64","24853538"
"chr1","26772730","26773007","KN294842v1","1817337","1817591","78","24955393"
"chr1","26797153","26797428","KN296991v1","841101","841373","61","25956052"
"chr1","26951508","26951722","KN296225v1","671903","672082","84","26279605"
"chr1","26952023","26952177","KN296865v1","965713","965857","29","25986310"
"chr1","27275547","27275684","KN296573v1","15418","15557","36","27260129"
"chr1","27282972","27283141","KN294842v1","123455","123618","47","27159517"
"chr1","27283431","27283606","KN296732v1","3522095","3522260","39","23761336"
"chr1","27337351","27337484","KN296138v1","11819","11953","19","27325532"
"chr1","27353282","27353576","KN294451v1","1211603","1211891","73","26141679"
"chr1","27353949","27354067","KN296926v1","1067515","1067635","25","26286434"
"chr1","27371079","27371408","KN294264v1","373025","373336","70","26998054"
"chr1","27376222","27376502","KN294520v1","992368","992662","65","26383854"
"chr1","27378145","27378425","KN295428v1","224334","224605","71","27153811"
"chr1","27452817","27452956","KN295983v1","114733","114873","23","27338084"
"chr1","27565934","27565984","KN295893v1","883771","883820","9","26682163"
"chr1","27577929","27578093","KN294991v1","973655","973815","37","26604274"
"chr1","27578376","27578436","KN296138v1","489235","489293","11","27089141"
"chr1","27582890","27583179","KN296634v1","756251","756542","75","26826639"
"chr1","27814691","27814967","KN297225v1","665237","665503","71","27149454"
"chr1","27905471","27905678","KN295708v1","178130","178336","63","27727341"
"chr1","27909578","27909816","KN295257v1","563893","564140","62","27345685"
"chr1","28009239","28009372","KN294218v1","2756614","2756751","28","25252625"
"chr1","28025388","28025521","KN296311v1","4657589","4657718","21","23367799"
"chr1","28083771","28084053","KN296948v1","762193","762479","65","27321578"
"chr1","28094829","28095109","KN295282v1","123186","123460","65","27971643"
"chr1","28244629","28244797","KN295045v1","685836","686001","39","27558793"
"chr1","28301159","28301444","KN295257v1","796704","796977","66","27504455"
"chr1","28400512","28400781","KN294552v1","1295874","1296134","68","27104638"
"chr1","28501265","28501434","KN296711v1","59825","59987","49","28441440"
"chr1","28522017","28522308","KN296864v1","1939832","1940132","70","26582185"
"chr1","28568231","28568499","KN294987v1","187998","188261","65","28380233"
"chr1","28598111","28598235","KN294199v1","776773","776900","30","27821338"
"chr1","28603222","28603349","KN295573v1","623556","623685","25","27979666"
"chr1","28603648","28603725","KN295236v1","1305949","1306032","24","27297699"
"chr1","28775249","28775394","KN295705v1","1659307","1659450","57","27115942"
"chr1","28777250","28777366","KN297274v1","1606553","1606683","36","27170697"
"chr1","28968080","28968263","KN296119v1","5505951","5506130","46","23462129"
"chr1","29232088","29232212","KN294172v1","3568097","3568221","24","25663991"
"chr1","29298908","29299170","KN297197v1","1048614","1048879","80","28250294"
"chr1","29897162","29897463","KN296883v1","2609802","2610089","70","27287360"
"chr1","30488093","30488411","KN294257v1","1271234","1271521","102","29216859"
"chr1","31116143","31116458","KN294705v1","64063","64357","46","31052080"
"chr1","31330570","31330873","KN296507v1","738522","738814","68","30592048"
"chr1","31412886","31412997","KN294705v1","359738","359849","5","31053148"
"chr1","31442253","31442385","KN296311v1","4815038","4815168","21","26627215"
"chr1","31480163","31480317","KN294705v1","430855","431017","19","31049308"
"chr1","31480620","31480756","KN294705v1","431320","431456","6","31049300"
"chr1","31544075","31544206","KN296311v1","6471968","6472102","21","25072107"
"chr1","32005768","32005839","KN294705v1","897672","897743","5","31108096"
"chr1","32036871","32037013","KN294705v1","931299","931446","25","31105572"
"chr1","32037295","32037468","KN294705v1","931738","931905","13","31105557"
"chr1","32071194","32071307","KN296577v1","78025","78134","29","31993169"
"chr1","32155992","32156134","KN295294v1","3806061","3806194","26","28349931"
"chr1","32217267","32217526","KN294705v1","1107549","1107807","23","31109718"
"chr1","32238918","32239216","KN294705v1","1127452","1127739","26","31111466"
"chr1","32419490","32419625","KN295294v1","3806061","3806194","24","28613429"
"chr1","32431040","32431163","KN294705v1","1319490","1319596","18","31111550"
"chr1","32749243","32749533","KN294294v1","145451","145740","60","32603792"
"chr1","32803451","32803520","KN295708v1","1062775","1062852","19","31740676"
"chr1","32936724","32936836","KN294705v1","1831138","1831252","10","31105586"
"chr1","32962621","32962782","KN294705v1","1858573","1858733","9","31104048"
"chr1","32963099","32963209","KN294705v1","1859033","1859148","11","31104066"
"chr1","33194058","33194238","KN295744v1","541179","541352","46","32652879"
"chr1","33194546","33194598","KN295038v1","905631","905683","6","32288915"
"chr1","33382314","33382580","KN297180v1","531711","531948","82","32850603"
"chr1","33417336","33417667","KN296864v1","2349179","2349484","84","31068157"
"chr1","33481509","33481793","KN294235v1","447510","447794","78","33033999"
"chr1","33560702","33560826","KN297274v1","1606553","1606683","32","31954149"
"chr1","33561119","33561277","KN295096v1","1069446","1069614","33","32491673"
"chr1","33679161","33679437","KN296726v1","290991","291261","75","33388170"
"chr1","33773806","33774024","KN295572v1","371863","372076","51","33401943"
"chr1","34402520","34402810","KN295923v1","574170","574465","66","33828350"
"chr1","34441724","34442036","KN294452v1","1374937","1375240","74","33066787"
"chr1","35393566","35393715","KN295102v1","72427","72567","30","35321139"
"chr1","35506900","35507210","KN294747v1","917219","917517","76","34589681"
"chr1","35558983","35559273","KN296371v1","158213","158508","66","35400770"
"chr1","35589346","35589435","KN296153v1","2215015","2215111","30","33374331"
"chr1","35628584","35628790","KN295994v1","491289","491494","56","35137295"
"chr1","35649226","35649362","KN294218v1","2756614","2756751","23","32892612"
"chr1","35944782","35945043","KN294987v1","309436","309703","23","35635346"
"chr1","35973248","35973519","KN295523v1","3469042","3469297","69","32504206"
"chr1","36085388","36085628","KN294987v1","459255","459513","35","35626133"
"chr1","36187863","36188182","KN294987v1","556360","556676","22","35631503"
"chr1","36275675","36275811","KN294987v1","646342","646477","8","35629333"
"chr1","36337504","36337635","KN297028v1","332073","332207","22","36005431"
"chr1","36378233","36378382","KN294987v1","741178","741337","18","35637055"
"chr1","36397246","36397526","KN294987v1","762476","762744","28","35634770"
"chr1","36397546","36397713","KN296133v1","84118","84288","39","36313428"
"chr1","36576266","36576408","KN295907v1","2294354","2294490","28","34281912"
"chr1","36626023","36626345","KN294987v1","991535","991831","54","35634488"
"chr1","36685925","36686237","KN294987v1","1049313","1049636","35","35636612"
"chr1","36781891","36782184","KN294987v1","1141781","1142073","35","35640110"
"chr1","37731289","37731576","KN296244v1","327623","327911","70","37403666"
"chr1","37752498","37752815","KN295294v1","1252231","1252546","68","36500267"
"chr1","37794340","37794638","KN295117v1","112788","113084","57","37681552"
"chr1","38018214","38018263","KN295893v1","883771","883820","7","37134443"
"chr1","38074329","38074651","KN296487v1","15614","15925","71","38058715"
"chr1","38128709","38128984","KN295633v1","1501780","1502052","67","36626929"
"chr1","38174083","38174365","KN294161v1","491457","491757","72","37682626"
"chr1","38338300","38338603","KN294210v1","473112","473404","63","37865188"
"chr1","39043850","39044157","KN296836v1","993587","993901","63","38050263"
"chr1","39190107","39190394","KN294345v1","1713106","1713396","60","37477001"
"chr1","39320687","39320840","KN295601v1","2833105","2833244","36","36487582"
"chr1","39348189","39348320","KN295236v1","4152720","4152846","29","35195469"
"chr1","39386744","39387026","KN295984v1","150673","150962","62","39236071"
"chr1","39484903","39485218","KN296322v1","1648835","1649139","65","37836068"
"chr1","39580149","39580444","KN296864v1","1939832","1940132","58","37640317"
"chr1","39667231","39667354","KN295441v1","789788","789916","26","38877443"
"chr1","39758016","39758294","KN295459v1","878673","878961","66","38879343"
"chr1","39855703","39855940","KN297180v1","531711","531948","60","39323992"
"chr1","40376331","40376460","KN296311v1","6471968","6472102","24","33904363"
"chr1","40390124","40390397","KN295576v1","164716","164996","63","40225408"
"chr1","40391882","40392022","KN295601v1","2833105","2833244","35","37558777"
"chr1","40392607","40392741","KN297320v1","1041273","1041412","32","39351334"
"chr1","40456594","40456729","KN294739v1","1041553","1041687","24","39415041"
"chr1","40462034","40462163","KN295090v1","903125","903258","26","39558909"
"chr1","40470359","40470662","KN295293v1","13475","13775","64","40456884"
"chr1","40539835","40540122","KN294420v1","816046","816329","62","39723789"
"chr1","40543737","40544007","KN297028v1","97110","97396","68","40446627"
"chr1","40553735","40554001","KN297095v1","2475476","2475727","69","38078259"
"chr1","40964733","40965043","KN296836v1","993587","993901","73","39971146"
"chr1","40977540","40977824","KN295420v1","350019","350310","70","40627521"
"chr1","40998085","40998325","KN296311v1","2581889","2582135","53","38416196"
"chr1","41002662","41002953","KN294806v1","594997","595290","62","40407665"
"chr1","41032004","41032288","KN296865v1","1172192","1172469","75","39859812"
"chr1","41050314","41050620","KN295406v1","486578","486886","64","40563736"
"chr1","41096248","41096381","KN295110v1","19431","19565","22","41076817"
"chr1","41104346","41104617","KN296011v1","67440","67709","58","41036906"
"chr1","41220034","41220194","KN294410v1","238630","238791","35","40981404"
"chr1","41220500","41220634","KN295361v1","959088","959220","31","40261412"
"chr1","41228083","41228389","KN297184v1","1114866","1115167","67","40113217"
"chr1","41411384","41411737","KN297095v1","1107756","1108070","109","40303628"
"chr1","41454251","41454536","KN296306v1","1771005","1771285","70","39683246"
"chr1","41572843","41573005","KN294662v1","211735","211913","57","41361108"
"chr1","41628758","41629064","KN294421v1","9377","9683","69","41619381"
"chr1","41727499","41727800","KN296551v1","261617","261912","103","41465882"
"chr1","41728100","41728137","KN296290v1","587719","587750","10","41140381"
"chr1","42290743","42290827","KN296828v1","138029","138111","14","42152714"
"chr1","42759014","42759281","KN296864v1","669980","670224","32","42089034"
"chr1","42775744","42775898","KN296921v1","435698","435849","29","42340046"
"chr1","42992976","42993271","KN296864v1","905127","905426","17","42087849"
"chr1","43022604","43022898","KN296864v1","938161","938454","12","42084443"
"chr1","43153264","43153451","KN296864v1","1063346","1063538","17","42089918"
"chr1","43211694","43211813","KN295586v1","644606","644724","26","42567088"
"chr1","43217645","43217718","KN295114v1","90269","90346","16","43127376"
"chr1","43274571","43274733","KN296864v1","1181648","1181808","7","42092923"
"chr1","43394493","43394623","KN295526v1","145592","145725","30","43248901"
"chr1","43546143","43546441","KN296864v1","1447995","1448277","34","42098148"
"chr1","43912100","43912404","KN296864v1","1939832","1940132","35","41972268"
"chr1","44172823","44172958","KN295977v1","1297655","1297789","28","42875168"
"chr1","44244332","44244615","KN296864v1","2279896","2280175","31","41964436"
"chr1","44254326","44254664","KN295907v1","1678564","1678867","93","42575762"
"chr1","44273337","44273654","KN296322v1","1648835","1649139","79","42624502"
"chr1","44559141","44559267","KN295533v1","2843283","2843406","24","41715858"
"chr1","44726618","44726895","KN296864v1","2779495","2779788","24","41947123"
"chr1","44873085","44873204","KN296019v1","235214","235337","31","44637871"
"chr1","45098793","45099078","KN296864v1","3138537","3138822","19","41960256"
"chr1","45245021","45245335","KN297046v1","3065440","3065749","63","42179581"
"chr1","45295605","45295938","KN297442v1","2755613","2755926","96","42539992"
"chr1","45357329","45357467","KN296880v1","198524","198663","24","45158805"
"chr1","45603431","45603706","KN294199v1","1022551","1022840","59","44580880"
"chr1","45697016","45697303","KN294199v1","1022551","1022840","59","44674465"
"chr1","45747001","45747174","KN295441v1","1869789","1869962","9","43877212"
"chr1","45784560","45784877","KN295441v1","1839597","1839903","27","43944963"
"chr1","45797094","45797398","KN295441v1","1823484","1823788","29","43973610"
"chr1","45859467","45859665","KN295459v1","675303","675499","49","45184164"
"chr1","45859961","45860091","KN296096v1","3053461","3053592","28","42806500"
"chr1","45960766","45960914","KN296247v1","959095","959240","32","45001671"
"chr1","45960951","45961069","KN294199v1","969997","970115","28","44990954"
"chr1","45975493","45975757","KN295708v1","2620763","2621040","79","43354730"
"chr1","45989504","45989768","KN295708v1","2620763","2621040","79","43368741"
"chr1","46022343","46022616","KN295441v1","1594509","1594782","18","44427834"
"chr1","46028648","46028939","KN296864v1","1939832","1940132","63","44088816"
"chr1","46128969","46129169","KN295441v1","1488111","1488339","44","44640858"
"chr1","46130594","46130824","KN295441v1","1486178","1486397","16","44644416"
"chr1","46175642","46175762","KN296495v1","463832","463952","35","45711810"
"chr1","46186644","46186942","KN295441v1","1421164","1421442","44","44765480"
"chr1","46207623","46207921","KN295441v1","1421164","1421442","44","44786459"
"chr1","46312203","46312336","KN295441v1","1316565","1316702","14","44995638"
"chr1","46312919","46313047","KN295441v1","1315855","1315980","16","44997064"
"chr1","46346686","46347002","KN295936v1","78605","78913","77","46268081"
"chr1","46816885","46817174","KN295441v1","764037","764323","25","46052848"
"chr1","46916091","46916368","KN295441v1","676293","676574","18","46239798"
"chr1","46959673","46959762","KN294569v1","720179","720274","30","46239494"
"chr1","47176236","47176367","KN295441v1","437667","437799","8","46738569"
"chr1","47636316","47636625","KN295441v1","55376","55658","49","47580940"
"chr1","47840730","47841044","KN296528v1","821177","821492","65","47019553"
"chr1","47856596","47856825","KN295610v1","77007","77226","68","47779589"
"chr1","49226916","49227065","KN296829v1","851332","851478","37","48375584"
"chr1","50411997","50412295","KN296495v1","1076274","1076557","76","49335723"
"chr1","50714317","50714442","KN296322v1","997745","997870","22","49716572"
"chr1","51150571","51150629","KN295832v1","1133517","1133570","21","50017054"
"chr1","51150929","51151035","KN295586v1","644606","644724","31","50506323"
"chr1","51311526","51311832","KN294777v1","718074","718375","25","50593452"
"chr1","51520915","51521190","KN295091v1","2551226","2551488","75","48969689"
"chr1","51693768","51694064","KN296577v1","66982","67279","22","51626786"
"chr1","51700529","51700808","KN296495v1","1076274","1076557","63","50624255"
"chr1","51703475","51703592","KN296577v1","77768","77873","18","51625707"
"chr1","51703750","51703859","KN296577v1","78025","78134","8","51625725"
"chr1","51931659","51931924","KN296577v1","301029","301301","29","51630630"
"chr1","52046095","52046205","KN296577v1","410154","410267","9","51635941"
"chr1","52098526","52098811","KN296577v1","458643","458904","39","51639883"
"chr1","52121386","52121707","KN295667v1","1567361","1567664","81","50554025"
"chr1","52148960","52149243","KN296833v1","312569","312838","67","51836391"
"chr1","52178410","52178710","KN294281v1","929444","929742","63","51248966"
"chr1","52228494","52228775","KN296577v1","591346","591631","26","51637148"
"chr1","52233154","52233286","KN296577v1","596310","596433","21","51636844"
"chr1","52424650","52424813","KN295326v1","444837","444999","39","51979813"
"chr1","52469204","52469368","KN294991v1","973655","973815","41","51495549"
"chr1","52483393","52483663","KN294711v1","1145049","1145313","79","51338344"
"chr1","52505161","52505431","KN296577v1","852929","853199","12","51652232"
"chr1","52589748","52589924","KN296577v1","938048","938235","22","51651700"
"chr1","52611323","52611557","KN295814v1","1510713","1510950","63","51100610"
"chr1","52698600","52698755","KN294407v1","81677","81857","34","52616923"
"chr1","52698795","52698827","KN296004v1","129338","129368","7","52569457"
"chr1","52727525","52727685","KN294407v1","109423","109582","10","52618102"
"chr1","52778235","52778493","KN297159v1","1425976","1426241","75","51352259"
"chr1","52797950","52798252","KN294548v1","1203959","1204261","78","51593991"
"chr1","53154106","53154387","KN294407v1","531225","531525","39","52622881"
"chr1","53367906","53368213","KN297184v1","1114866","1115167","71","52253040"
"chr1","53385000","53385340","KN294407v1","766794","767133","21","52618206"
"chr1","53428290","53428516","KN294407v1","812570","812796","15","52615720"
"chr1","53556772","53556990","KN294407v1","977837","978059","16","52578935"
"chr1","53628708","53628982","KN294407v1","1044299","1044599","41","52584409"
"chr1","53669382","53669677","KN294407v1","1086188","1086466","32","52583194"
"chr1","53734806","53735109","KN294407v1","1142063","1142375","35","52592743"
"chr1","53765694","53765978","KN294407v1","1168889","1169175","18","52596805"
"chr1","53820393","53820529","KN297023v1","686879","687015","22","53133514"
"chr1","53838856","53839178","KN294407v1","1246363","1246672","42","52592493"
"chr1","53848378","53848435","KN297095v1","3708734","3708794","13","50139644"
"chr1","53877994","53878296","KN296588v1","282556","282869","65","53595438"
"chr1","53963554","53963727","KN295633v1","552946","553113","55","53410608"
"chr1","53963769","53963887","KN294879v1","753968","754085","19","53209801"
"chr1","54054371","54054484","KN294407v1","1443257","1443370","9","52611114"
"chr1","54438580","54438860","KN295967v1","1520844","1521111","71","52917736"
"chr1","54638520","54638822","KN296322v1","1648835","1649139","71","52989685"
"chr1","55060428","55060561","KN296485v1","71632","71763","21","54988796"
"chr1","55061311","55061440","KN296311v1","4815038","4815168","26","50246273"
"chr1","55088420","55088562","KN294407v1","2457734","2457877","15","52630686"
"chr1","55329137","55329401","KN294257v1","429622","429893","58","54899515"
"chr1","57327554","57327691","KN295114v1","135006","135138","37","57192548"
"chr1","57733679","57733997","KN295974v1","1415452","1415775","38","56318227"
"chr1","58226638","58226827","KN294205v1","957443","957638","48","57269195"
"chr1","58479201","58479456","KN295667v1","673092","673338","61","57806109"
"chr1","59312352","59312489","KN295974v1","2920585","2920721","14","56391767"
"chr1","60088347","60088625","KN295974v1","3673192","3673465","20","56415155"
"chr1","60141636","60141762","KN295458v1","34771","34886","30","60106865"
"chr1","61063501","61063780","KN296635v1","427429","427698","26","60636072"
"chr1","61088342","61088634","KN296635v1","427429","427698","44","60660913"
"chr1","61840753","61840841","KN295744v1","21999","22088","23","61818754"
"chr1","61902077","61902220","KN296635v1","1234787","1234930","9","60667290"
"chr1","62139591","62139883","KN294439v1","130265","130569","73","62009326"
"chr1","62148797","62149078","KN296635v1","1467499","1467807","57","60681298"
"chr1","62484726","62485030","KN296635v1","1741125","1741435","31","60743601"
"chr1","62545344","62545474","KN296635v1","1804665","1804809","23","60740679"
"chr1","62739296","62739575","KN295984v1","150673","150962","62","62588623"
"chr1","62818492","62818706","KN296635v1","2061822","2062028","25","60756670"
"chr1","62846687","62846979","KN296635v1","2089119","2089407","30","60757568"
"chr1","62858242","62858404","KN294705v1","965845","966004","37","61892397"
"chr1","62858702","62858844","KN295706v1","131306","131439","31","62727396"
"chr1","62991685","62991980","KN297462v1","564741","565026","65","62426944"
"chr1","63031607","63031904","KN296635v1","2278565","2278880","38","60753042"
"chr1","63095181","63095447","KN296635v1","2345096","2345363","30","60750085"
"chr1","63349336","63349637","KN296635v1","2606389","2606684","39","60742947"
"chr1","63407110","63407403","KN296322v1","1648835","1649139","67","61758275"
"chr1","63545229","63545542","KN296528v1","821177","821492","60","62724052"
"chr1","63553953","63554138","KN296635v1","2809634","2809827","15","60744319"
"chr1","63700506","63700787","KN296635v1","2938371","2938668","34","60762135"
"chr1","63937783","63938104","KN296635v1","3158196","3158517","18","60779587"
"chr1","63996488","63996621","KN295706v1","131306","131439","23","63865182"
"chr1","64240801","64240848","KN294470v1","2469353","2469399","11","61771448"
"chr1","64448171","64448464","KN296635v1","3669975","3670256","36","60778196"
"chr1","64892524","64892695","KN296635v1","4102969","4103140","7","60789555"
"chr1","64909030","64909161","KN295906v1","88165","88296","23","64820865"
"chr1","65187332","65187627","KN295523v1","4207357","4207655","68","60979975"
"chr1","65490656","65490941","KN296635v1","4811117","4811399","32","60679539"
"chr1","65562346","65562477","KN296635v1","4883137","4883269","14","60679209"
"chr1","65702734","65703014","KN296635v1","5026889","5027175","27","60675845"
"chr1","65794468","65794775","KN295102v1","387826","388136","61","65406642"
"chr1","65827816","65828118","KN294167v1","130805","131106","63","65697011"
"chr1","65830836","65831138","KN294167v1","130805","131106","63","65700031"
"chr1","65870953","65871227","KN295171v1","12625","12912","68","65858328"
"chr1","66217984","66218263","KN296635v1","5549919","5550186","34","60668065"
"chr1","66256293","66256411","KN296635v1","5588705","5588826","10","60667588"
"chr1","66664004","66664281","KN294261v1","349079","349368","27","66314925"
"chr1","67618514","67618801","KN296833v1","198739","199022","57","67419775"
"chr1","67664434","67664689","KN294987v1","858029","858282","60","66806405"
"chr1","67705748","67706047","KN294294v1","145451","145740","61","67560297"
"chr1","67759743","67760023","KN295319v1","303201","303480","73","67456542"
"chr1","67766328","67766602","KN296245v1","438313","438589","69","67328015"
"chr1","68319325","68319625","KN296322v1","1648835","1649139","59","66670490"
"chr1","68364409","68364725","KN296783v1","2599","2914","77","68361810"
"chr1","68368628","68368839","KN294458v1","1818611","1818826","51","66550017"
"chr1","68450332","68450512","KN296588v1","899416","899601","40","67550916"
"chr1","68537911","68538016","KN297259v1","2511433","2511542","25","66026478"
"chr1","68581624","68581916","KN296495v1","1076274","1076557","75","67505350"
"chr1","69119678","69119975","KN295744v1","408789","409077","68","68710889"
"chr1","69154293","69154603","KN295352v1","1395278","1395557","81","67759015"
"chr1","69398961","69399275","KN296322v1","1648835","1649139","66","67750126"
"chr1","69422717","69422842","KN296864v1","3266405","3266529","27","66156312"
"chr1","70369527","70369654","KN295441v1","789788","789916","22","69579739"
"chr1","70849868","70850091","KN297015v1","27449","27685","32","70822419"
"chr1","71052488","71052796","KN296836v1","993587","993901","71","70058901"
"chr1","71062658","71062946","KN295757v1","21099","21398","71","71041559"
"chr1","71196332","71196626","KN295346v1","1646114","1646406","64","69550218"
"chr1","71550612","71550713","KN295202v1","493843","493938","19","71056769"
"chr1","71887410","71887684","KN294419v1","8358","8615","83","71879052"
"chr1","73414230","73414555","KN296117v1","433694","434012","78","72980536"
"chr1","73711607","73711859","KN296247v1","538693","538966","75","73172914"
"chr1","74817887","74818073","KN296682v1","2867973","2868160","49","71949914"
"chr1","75261464","75261751","KN295607v1","58401","58690","69","75203063"
"chr1","75388498","75388787","KN295983v1","1223920","1224199","62","74164578"
"chr1","76433370","76433646","KN296398v1","253691","253978","27","76179679"
"chr1","76616479","76616786","KN296398v1","87882","88182","29","76528597"
"chr1","76693628","76693913","KN296345v1","9614","9911","49","76684014"
"chr1","76972177","76972310","KN296345v1","323387","323519","9","76648790"
"chr1","77966603","77966714","KN294506v1","7028","7136","26","77959575"
"chr1","77967068","77967306","KN294879v1","1183051","1183277","64","76784017"
"chr1","78089497","78089722","KN296701v1","344880","345098","17","77744617"
"chr1","78142930","78143218","KN296701v1","289795","290083","16","77853135"
"chr1","78165944","78166263","KN297165v1","2596688","2597002","72","75569256"
"chr1","78353241","78353509","KN296701v1","80886","81139","34","78272355"
"chr1","78642021","78642323","KN295814v1","1099950","1100250","63","77542071"
"chr1","78687693","78687849","KN296528v1","1183043","1183202","36","77504650"
"chr1","78691422","78691706","KN295424v1","217973","218258","61","78473449"
"chr1","78714081","78714384","KN294239v1","243029","243336","65","78471052"
"chr1","78791671","78791801","KN294536v1","420664","420795","33","78371007"
"chr1","78887788","78888100","KN294251v1","1366870","1367179","74","77520918"
"chr1","78966758","78967031","KN295983v1","1223920","1224199","73","77742838"
"chr1","79043168","79043239","KN295586v1","2493607","2493679","17","76549561"
"chr1","79043542","79043690","KN295294v1","403385","403528","42","78640157"
"chr1","79172625","79172922","KN297023v1","640512","640805","61","78532113"
"chr1","79187706","79188003","KN297023v1","640512","640805","62","78547194"
"chr1","79812804","79812935","KN295523v1","2963662","2963794","22","76849142"
"chr1","80376760","80377074","KN294825v1","328794","329097","79","80047966"
"chr1","80711137","80711409","KN296311v1","5278234","5278515","79","75432903"
"chr1","80812032","80812332","KN297322v1","115076","115376","75","80696956"
"chr1","80871892","80871940","KN296464v1","165174","165217","19","80706718"
"chr1","81317129","81317345","KN296885v1","3156248","3156459","51","78160881"
"chr1","82317273","82317557","KN294499v1","1110140","1110419","75","81207133"
"chr1","82588887","82589190","KN296322v1","1648835","1649139","65","80940052"
"chr1","82596631","82596958","KN296201v1","2431911","2432214","85","80164720"
"chr1","82603301","82603577","KN295594v1","198806","199091","86","82404495"
"chr1","82723025","82723315","KN296507v1","738522","738814","75","81984503"
"chr1","83465509","83465801","KN296322v1","1648835","1649139","62","81816674"
"chr1","83622267","83622569","KN295346v1","1646114","1646406","67","81976153"
"chr1","83898481","83898614","KN294964v1","965459","965591","24","82933022"
"chr1","83934837","83935122","KN296743v1","1480761","1481044","75","82454076"
"chr1","84916583","84916898","KN294848v1","998602","998909","77","83917981"
"chr1","85520160","85520453","KN296398v1","253691","253978","75","85266469"
"chr1","85966235","85966508","KN296682v1","1600152","1600427","71","84366083"
"chr1","86224708","86224731","KN295368v1","1470938","1470967","9","84753770"
"chr1","86672448","86672754","KN296244v1","296863","297159","63","86375585"
"chr1","86761981","86762264","KN294873v1","1303218","1303511","66","85458763"
"chr1","87200825","87200861","KN295533v1","1802305","1802332","13","85398520"
"chr1","87201234","87201328","KN294239v1","1578795","1578887","27","85622439"
"chr1","87208845","87209086","KN297105v1","2959195","2959449","62","84249650"
"chr1","87266062","87266372","KN296308v1","750453","750763","67","86515609"
"chr1","87899539","87899666","KN295294v1","363845","363973","24","87535694"
"chr1","88045831","88046057","KN296404v1","3889374","3889596","56","84156457"
"chr1","88469563","88469821","KN296926v1","93854","94122","72","88375709"
"chr1","88574549","88574678","KN294470v1","2691628","2691754","26","85882921"
"chr1","88643336","88643631","KN294728v1","765090","765383","61","87878246"
"chr1","88728197","88728512","KN295974v1","1415452","1415775","81","87312745"
"chr1","89660380","89660690","KN295059v1","376128","376427","34","89284252"
"chr1","89773254","89773387","KN295755v1","75966","76098","30","89697288"
"chr1","89870114","89870414","KN295059v1","155601","155880","41","89714513"
"chr1","89943195","89943469","KN295059v1","82524","82815","39","89860671"
"chr1","90049136","90049423","KN295561v1","265083","265376","75","89784053"
"chr1","90202196","90202476","KN296024v1","221499","221773","24","89980697"
"chr1","90534451","90534527","KN294208v1","486244","486319","25","90048207"
"chr1","91055330","91055630","KN295591v1","741817","742122","27","90313513"
"chr1","91076700","91076847","KN296311v1","6471968","6472102","35","84604732"
"chr1","91694085","91694400","KN295586v1","5310987","5311300","63","86383098"
"chr1","91751209","91751447","KN295591v1","1513858","1514093","28","90237351"
"chr1","91789680","91789859","KN296825v1","529275","529444","41","91260405"
"chr1","92054277","92054578","KN297058v1","194613","194917","19","91859664"
"chr1","92208645","92208796","KN297058v1","348813","348962","15","91859832"
"chr1","92252546","92252840","KN297058v1","392670","392966","22","91859876"
"chr1","92500004","92500169","KN296311v1","2361921","2362066","38","90138083"
"chr1","92724199","92724489","KN296588v1","2231711","2232014","69","90492488"
"chr1","92835502","92835789","KN296557v1","687262","687533","33","92148240"
"chr1","92940585","92940647","KN296557v1","576863","576932","10","92363722"
"chr1","93202694","93202962","KN296557v1","327353","327638","47","92875341"
"chr1","93317188","93317333","KN295036v1","281435","281566","36","93035753"
"chr1","93317630","93317778","KN295708v1","2199659","2199817","40","91117971"
"chr1","93451148","93451407","KN294226v1","659652","659904","74","92791496"
"chr1","93470510","93470615","KN296557v1","74888","75001","14","93395622"
"chr1","93568327","93568483","KN295967v1","534752","534906","28","93033575"
"chr1","93572935","93573069","KN296573v1","15418","15557","29","93557517"
"chr1","93718103","93718400","KN294698v1","32963","33259","22","93685140"
"chr1","93785338","93785660","KN295548v1","624737","625039","75","93160601"
"chr1","93826059","93826322","KN297046v1","3526635","3526886","64","90299424"
"chr1","93887794","93888102","KN296883v1","3290038","3290316","85","90597756"
"chr1","93938594","93938691","KN296119v1","3502497","3502581","31","90436097"
"chr1","94247244","94247550","KN297219v1","1839754","1840062","66","92407490"
"chr1","94478850","94479133","KN294499v1","1906911","1907192","55","92571939"
"chr1","94589403","94589424","KN294470v1","3034367","3034381","8","91555036"
"chr1","94591258","94591292","KN294470v1","3033953","3033992","10","91557305"
"chr1","94741926","94742220","KN295352v1","729753","730045","63","94012173"
"chr1","94929230","94929525","KN297058v1","194613","194917","66","94734617"
"chr1","94954834","94955119","KN296495v1","2121996","2122287","72","92832838"
"chr1","95178055","95178195","KN294172v1","6272486","6272617","35","88905569"
"chr1","95474047","95474130","KN295967v1","567181","567260","30","94906866"
"chr1","95483651","95483947","KN296315v1","1023330","1023621","67","94460321"
"chr1","95749861","95749971","KN294193v1","654985","655103","29","95094876"
"chr1","96021219","96021512","KN294185v1","284643","284929","57","95736576"
"chr1","96153531","96153758","KN295346v1","1243459","1243703","83","94910072"
"chr1","96157889","96158055","KN294613v1","471626","471777","33","95686263"
"chr1","96187708","96188020","KN296507v1","738522","738814","65","95449186"
"chr1","96268014","96268321","KN296759v1","210528","210836","65","96057486"
"chr1","96387150","96387439","KN294239v1","2230934","2231230","66","94156216"
"chr1","96391504","96391637","KN296138v1","11819","11953","25","96379685"
"chr1","97403246","97403552","KN295352v1","729753","730045","70","96673493"
"chr1","97633568","97633882","KN295480v1","1274084","1274387","72","96359484"
"chr1","97719301","97719636","KN294548v1","1203959","1204261","104","96515342"
"chr1","98001036","98001322","KN295068v1","49131","49419","58","97951905"
"chr1","98212605","98212899","KN295744v1","408789","409077","62","97803816"
"chr1","98615419","98615717","KN297227v1","1049335","1049619","71","97566084"
"chr1","99635434","99635691","KN295352v1","1019178","1019436","65","98616256"
"chr1","99703642","99703772","KN294470v1","3133941","3134076","27","96569701"
"chr1","99910598","99910886","KN295607v1","571124","571405","77","99339474"
"chr1","99995839","99996146","KN296221v1","458253","458565","41","99537586"
"chr1","101169036","101169178","KN294199v1","281436","281574","25","100887600"
"chr1","101283522","101283707","KN294217v1","1837374","1837571","44","99446148"
"chr1","101325091","101325368","KN296948v1","762193","762479","61","100562898"
"chr1","101404058","101404359","KN297066v1","48943","49249","66","101355115"
"chr1","101518191","101518496","KN294421v1","9377","9683","68","101508814"
"chr1","101520428","101520613","KN297320v1","32939","33116","41","101487489"
"chr1","101596315","101596618","KN297327v1","807993","808286","81","100788322"
"chr1","101612207","101612250","KN295450v1","178289","178327","12","101433918"
"chr1","101626453","101626750","KN297190v1","2683777","2684071","65","98942676"
"chr1","101629409","101629544","KN294987v1","646342","646477","24","100983067"
"chr1","101676221","101676505","KN294501v1","2358829","2359108","78","99317392"
"chr1","102455510","102455804","KN294848v1","1246098","1246379","69","101209412"
"chr1","102665630","102665934","KN295037v1","57172","57478","23","102608458"
"chr1","103307986","103308287","KN294399v1","171378","171682","71","103136608"
"chr1","103568773","103569099","KN295037v1","971648","971949","39","102597125"
"chr1","105275232","105275427","KN296767v1","53224","53425","65","105222008"
"chr1","105343742","105344023","KN294345v1","1713106","1713396","78","103630636"
"chr1","105362359","105362657","KN296984v1","509598","509899","31","104852761"
"chr1","106021788","106022088","KN295232v1","184891","185192","36","105836897"
"chr1","106356895","106357127","KN296474v1","188587","188842","40","106168308"
"chr1","106528505","106528790","KN296474v1","328199","328484","28","106200306"
"chr1","108487240","108487342","KN296883v1","1087896","1087998","23","107399344"
"chr1","109278067","109278333","KN297261v1","143638","143908","23","109134429"
"chr1","109612902","109613167","KN296766v1","110882","111153","20","109502020"
"chr1","109957398","109957533","KN294410v1","486228","486353","17","109471170"
"chr1","110028600","110028891","KN295099v1","55159","55457","60","109973441"
"chr1","110149726","110150046","KN294410v1","304240","304531","51","109845486"
"chr1","110156301","110156433","KN296538v1","514898","515032","22","109641403"
"chr1","110166734","110167032","KN296187v1","874304","874596","69","109292430"
"chr1","110230801","110231094","KN294410v1","221173","221470","23","110009628"
"chr1","110315984","110316213","KN295722v1","1902466","1902688","60","108413518"
"chr1","110340536","110340711","KN295241v1","97934","98104","58","110242602"
"chr1","110503835","110504127","KN294733v1","111805","112094","26","110392030"
"chr1","110543273","110543388","KN295449v1","587976","588098","24","109955297"
"chr1","110619317","110619444","KN296481v1","436875","437007","25","110182442"
"chr1","110722327","110722608","KN294733v1","321894","322176","20","110400433"
"chr1","110737264","110737447","KN294416v1","482366","482538","48","110254898"
"chr1","110740147","110740330","KN294416v1","482366","482538","49","110257781"
"chr1","110771487","110771621","KN296311v1","2361921","2362066","31","108409566"
"chr1","111766422","111766763","KN295957v1","118147","118470","78","111648275"
"chr1","112423027","112423313","KN294822v1","15824","16112","22","112407203"
"chr1","113618538","113618794","KN294552v1","1295874","1296134","56","112322664"
"chr1","113990607","113990920","KN297066v1","48943","49249","67","113941664"
"chr1","114049578","114049876","KN294420v1","816046","816329","61","113233532"
"chr1","114317260","114317563","KN296649v1","474335","474640","72","113842925"
"chr1","114327932","114328063","KN296643v1","191078","191208","30","114136854"
"chr1","114330760","114331027","KN296948v1","762193","762479","68","113568567"
"chr1","114372455","114372710","KN296311v1","2759477","2759737","61","111612978"
"chr1","114377674","114377979","KN295406v1","486578","486886","69","113891096"
"chr1","114395374","114395531","KN294987v1","741178","741337","35","113654196"
"chr1","114427766","114428028","KN295933v1","79820","80084","61","114347946"
"chr1","114884550","114884732","KN294662v1","211735","211913","49","114672815"
"chr1","114941759","114942115","KN294407v1","766794","767133","104","114174965"
"chr1","115015430","115015670","KN296865v1","2006387","2006622","25","113009043"
"chr1","115361923","115362216","KN296865v1","1674236","1674534","27","113687687"
"chr1","115403106","115403442","KN296865v1","1627674","1628000","32","113775432"
"chr1","115699787","115700081","KN296865v1","1340785","1341095","33","114359002"
"chr1","115872994","115873276","KN296865v1","1172192","1172469","19","114700802"
"chr1","115903735","115904035","KN295923v1","1392828","1393125","59","114510907"
"chr1","116023942","116024076","KN294457v1","130203","130331","27","115893739"
"chr1","116059223","116059526","KN295432v1","49437","49735","64","116009786"
"chr1","116077229","116077400","KN296865v1","966144","966274","51","115111085"
"chr1","116077705","116077849","KN296865v1","965713","965857","8","115111992"
"chr1","116450321","116450541","KN294991v1","1331915","1332136","64","115118406"
"chr1","116479854","116480135","KN296865v1","583441","583726","16","115896413"
"chr1","117126033","117126322","KN296253v1","1680665","1680947","26","115445368"
"chr1","117418798","117419064","KN294172v1","4574526","4574813","60","112844272"
"chr1","117488970","117489107","KN296880v1","198524","198663","23","117290446"
"chr1","117710067","117710349","KN296948v1","762193","762479","55","116947874"
"chr1","117933555","117933692","KN296253v1","857274","857411","9","117076281"
"chr1","117990801","117991091","KN296253v1","798297","798590","24","117192504"
"chr1","118232708","118232868","KN297000v1","418665","418822","33","117814043"
"chr1","118532705","118532836","KN296311v1","6471968","6472102","19","112060737"
"chr1","118898554","118898687","KN295294v1","403385","403528","36","118495169"
"chr1","119230114","119230402","KN294434v1","432870","433172","30","118797244"
"chr1","119456131","119456405","KN294434v1","662361","662634","13","118793770"
"chr1","119614831","119615115","KN296303v1","805215","805501","68","118809616"
"chr1","120071091","120071392","KN296495v1","1878500","1878789","71","118192591"
"chr1","120624632","120624792","KN296315v1","917369","917527","35","119707263"
"chr1","120816005","120816293","KN294806v1","594997","595290","55","120221008"
"chr1","121083404","121083698","KN294264v1","432867","433151","78","120650537"
"chr1","121798994","121799225","KN295352v1","1019178","1019436","36","120779816"
"chr1","125482114","125482258","KN297205v1","224006","224141","19","125258108"
"chr1","125725021","125725214","KN295714v1","24603","24811","60","125700418"
"chr1","126376457","126376752","KN297184v1","1114866","1115167","66","125261591"
"chr1","126771662","126771960","KN297058v1","392670","392966","57","126378992"
"chr1","126906404","126906537","KN296311v1","4815038","4815168","18","122091366"
"chr1","127138189","127138483","KN294199v1","1022551","1022840","63","126115638"
"chr1","127719680","127719786","KN295406v1","576347","576444","25","127143333"
"chr1","128277150","128277325","KN294662v1","211735","211913","49","128065415"
"chr1","128776363","128776415","KN296315v1","957611","957658","14","127818752"
"chr1","128860681","128860938","KN295633v1","1501780","1502052","70","127358901"
"chr1","128861835","128862092","KN295633v1","1501780","1502052","70","127360055"
"chr1","128975734","128975900","KN295096v1","1069446","1069614","28","127906288"
"chr1","129107897","129108068","KN296646v1","637289","637457","40","128470608"
"chr1","129174361","129174621","KN296119v1","4417986","4418235","63","124756375"
"chr1","129319999","129320079","KN295236v1","1305949","1306032","21","128014050"
"chr1","129463080","129463386","KN296322v1","1648835","1649139","57","127814245"
"chr1","129737323","129737513","KN294346v1","500001","500188","47","129237322"
"chr1","129846982","129847260","KN295722v1","1369561","1369836","73","128477421"
"chr1","129910695","129910975","KN296577v1","852929","853199","78","129057766"
"chr1","129919935","129920207","KN296948v1","999703","999965","73","128920232"
"chr1","129955616","129955909","KN295352v1","1382929","1383224","64","128572687"
"chr1","130188775","130188825","KN297154v1","46649","46695","19","130142126"
"chr1","130227792","130228106","KN296649v1","474335","474640","84","129753457"
"chr1","130258821","130258950","KN297023v1","329933","330059","28","129928888"
"chr1","130318106","130318407","KN296036v1","1343901","1344205","53","128974205"
"chr1","130399672","130399978","KN294452v1","1374937","1375240","70","129024735"
"chr1","130462412","130462664","KN295610v1","77007","77226","75","130385405"
"chr1","130465008","130465260","KN295610v1","77007","77226","75","130388001"
"chr1","130508681","130508959","KN296594v1","237857","238127","74","130270824"
"chr1","130717077","130717234","KN296062v1","1227714","1227868","38","129489363"
"chr1","130723299","130723618","KN294161v1","491457","491757","73","130231842"
"chr1","130732788","130733107","KN294161v1","491457","491757","73","130241331"
"chr1","130774371","130774657","KN297190v1","4113908","4114190","69","126660463"
"chr1","130787893","130788179","KN297190v1","4113908","4114190","69","126673985"
"chr1","130996187","130996318","KN296153v1","2660864","2660996","19","128335323"
"chr1","132548560","132548713","KN295814v1","1730400","1730553","4","130818160"
"chr1","132611807","132612094","KN297452v1","1744682","1744969","55","130867125"
"chr1","132697197","132697334","KN295079v1","645944","646082","19","132051253"
"chr1","132732984","132733248","KN295814v1","1550626","1550880","52","131182358"
"chr1","132733881","132734133","KN295814v1","1556767","1557008","27","131177114"
"chr1","132740599","132740874","KN295814v1","1550626","1550880","41","131189973"
"chr1","132772499","132772796","KN295633v1","909764","910066","65","131862735"
"chr1","132899013","132899299","KN295984v1","150673","150962","60","132748340"
"chr1","132906020","132906306","KN295984v1","150673","150962","60","132755347"
"chr1","132937933","132938234","KN295814v1","1339437","1339738","13","131598496"
"chr1","132944945","132945079","KN294410v1","486228","486353","28","132458717"
"chr1","132951698","132951971","KN295814v1","1327368","1327644","25","131624330"
"chr1","133002659","133002815","KN296311v1","6471968","6472102","44","126530691"
"chr1","133093262","133093565","KN295814v1","1187820","1188119","20","131905442"
"chr1","133149164","133149457","KN295814v1","1134208","1134501","16","132014956"
"chr1","133176952","133177252","KN295814v1","1099950","1100250","15","132077002"
"chr1","133197724","133198020","KN294842v1","647613","647907","73","132550111"
"chr1","133378053","133378191","KN295605v1","687968","688102","24","132690085"
"chr1","134043262","134043555","KN295814v1","212884","213163","30","133830378"
"chr1","134200636","134200887","KN295814v1","51819","52021","56","134148817"
"chr1","134224765","134224848","KN294208v1","486244","486319","22","133738521"
"chr1","134229630","134229776","KN296138v1","11819","11953","32","134217811"
"chr1","134230086","134230218","KN296643v1","191078","191208","24","134039008"
"chr1","134489820","134489987","KN296315v1","917369","917527","38","133572451"
"chr1","134551958","134552276","KN294856v1","126985","127282","51","134424973"
"chr1","134589263","134589444","KN294856v1","87871","88037","20","134501392"
"chr1","134651777","134651903","KN294856v1","32763","32889","12","134619014"
"chr1","134811549","134811686","KN296486v1","60099","60235","30","134751450"
"chr1","134879014","134879304","KN294210v1","473112","473404","68","134405902"
"chr1","134919134","134919427","KN294260v1","822843","823138","62","134096291"
"chr1","134949086","134949216","KN294964v1","965459","965591","25","133983627"
"chr1","134957569","134957773","KN294662v1","211735","211913","70","134745834"
"chr1","134982261","134982509","KN296296v1","172178","172432","30","134810083"
"chr1","135049615","135049927","KN296296v1","101000","101319","17","134948615"
"chr1","135186925","135186964","KN297094v1","101787","101835","13","135085138"
"chr1","135187263","135187431","KN294705v1","965845","966004","44","134221418"
"chr1","135238719","135238852","KN296093v1","103205","103337","5","135135514"
"chr1","135364919","135365056","KN297008v1","4053202","4053342","29","131311717"
"chr1","135863515","135863699","KN294591v1","557328","557491","133","135306187"
"chr1","135863973","135864111","KN294326v1","522412","522546","27","135341561"
"chr1","135864237","135864546","KN295977v1","399743","400033","66","135464494"
"chr1","136819849","136820141","KN294452v1","1024655","1024959","68","135795194"
"chr1","137255816","137256092","KN296865v1","1172192","1172469","66","136083624"
"chr1","138424734","138424865","KN296311v1","4815038","4815168","20","133609696"
"chr1","139268767","139268839","KN296557v1","576863","576932","24","138691904"
"chr1","139994055","139994373","KN296505v1","323963","324278","79","139670092"
"chr1","140018457","140018589","KN296146v1","16177","16309","7","140002280"
"chr1","140038404","140038482","KN294874v1","887612","887690","27","139150792"
"chr1","140701239","140701552","KN297146v1","142839","143148","29","140558400"
"chr1","140734016","140734194","KN297190v1","3668256","3668430","57","137065760"
"chr1","140973454","140973686","KN297146v1","463545","463777","44","140509909"
"chr1","141037684","141037973","KN297146v1","529862","530151","15","140507822"
"chr1","141152364","141152644","KN297146v1","655746","656026","14","140496618"
"chr1","141364107","141364391","KN295872v1","162737","163015","21","141201370"
"chr1","143468490","143468787","KN297105v1","1634044","1634334","37","141834446"
"chr1","143472760","143473058","KN297105v1","1638289","1638581","25","141834471"
"chr1","143497781","143498034","KN297105v1","1662905","1663162","24","141834876"
"chr1","144329248","144329524","KN296119v1","1984680","1984963","52","142344568"
"chr1","144726624","144726680","KN295366v1","149372","149424","6","144577252"
"chr1","144731246","144731529","KN295893v1","1879651","1879923","75","142851595"
"chr1","144797671","144797929","KN297105v1","2959195","2959449","18","141838476"
"chr1","145764394","145764676","KN297105v1","3740604","3740890","23","142023790"
"chr1","146274355","146274595","KN294493v1","181888","182131","57","146092467"
"chr1","146746153","146746234","KN296859v1","1472329","1472410","7","145273824"
"chr1","147009660","147009869","KN296859v1","1208651","1208859","18","145801009"
"chr1","147020519","147020801","KN296859v1","1200147","1200437","26","145820372"
"chr1","147069401","147069576","KN296732v1","3070322","3070492","38","143999079"
"chr1","147069603","147069714","KN296176v1","117422","117529","24","146952181"
"chr1","147295901","147296181","KN297452v1","1744682","1744969","63","145551219"
"chr1","147316461","147316594","KN296859v1","920031","920164","6","146396430"
"chr1","148011497","148011794","KN296859v1","222022","222316","24","147789475"
"chr1","148271268","148271485","KN294208v1","73414","73627","23","148197854"
"chr1","148311357","148311661","KN294208v1","108879","109182","26","148202478"
"chr1","148709297","148709375","KN294208v1","486244","486319","4","148223053"
"chr1","149072609","149072881","KN294208v1","882060","882340","38","148190549"
"chr1","150354779","150355072","KN296749v1","796375","796680","38","149558404"
"chr1","150355549","150355648","KN295459v1","675800","675895","19","149679749"
"chr1","150360476","150360604","KN294457v1","1164538","1164662","29","149195938"
"chr1","150417023","150417153","KN294446v1","520797","520926","23","149896226"
"chr1","150423111","150423306","KN297026v1","1683472","1683666","54","148739639"
"chr1","150423610","150423737","KN295114v1","135006","135138","26","150288604"
"chr1","150595371","150595663","KN296749v1","588516","588815","27","150006855"
"chr1","150645895","150646025","KN297453v1","84448","84582","23","150561447"
"chr1","150977034","150977354","KN296749v1","258085","258416","37","150718949"
"chr1","151274417","151274517","KN295319v1","661942","662051","22","150612475"
"chr1","151413544","151413832","KN297108v1","85656","85949","76","151327888"
"chr1","151835803","151836119","KN297000v1","575123","575414","49","151260680"
"chr1","151886676","151886969","KN297000v1","624742","625027","32","151261934"
"chr1","152269922","152270230","KN296157v1","379494","379807","28","151890428"
"chr1","152672226","152672348","KN296157v1","783815","783943","10","151888411"
"chr1","152672658","152672790","KN296157v1","784249","784383","5","151888409"
"chr1","152726804","152726875","KN295236v1","2370219","2370291","18","150356585"
"chr1","152785756","152785911","KN296157v1","908663","908818","10","151877093"
"chr1","152798820","152798952","KN297259v1","755295","755425","23","152043525"
"chr1","152836471","152836778","KN295073v1","1014806","1015109","74","151821665"
"chr1","152866224","152866522","KN296157v1","982464","982769","25","151883760"
"chr1","153014058","153014381","KN296157v1","1138570","1138881","33","151875488"
"chr1","153020930","153021207","KN296157v1","1145342","1145607","32","151875588"
"chr1","153106241","153106402","KN294711v1","1194000","1194162","41","151912241"
"chr1","153209984","153210116","KN296157v1","1331615","1331746","5","151878369"
"chr1","153221909","153222198","KN294728v1","765090","765383","58","152456819"
"chr1","153358899","153359182","KN296157v1","1477102","1477371","24","151881797"
"chr1","153418758","153419050","KN296157v1","1529354","1529659","38","151889404"
"chr1","153607165","153607428","KN296157v1","1667665","1667935","31","151939500"
"chr1","153711690","153711984","KN296157v1","1746450","1746732","31","151965240"
"chr1","155130015","155130305","KN296157v1","3194861","3195146","24","151935154"
"chr1","155346984","155347282","KN296157v1","3404610","3404923","41","151942374"
"chr1","157252253","157252550","KN294452v1","1024655","1024959","70","156227598"
"chr1","157411495","157411637","KN297452v1","2973558","2973700","11","154437937"
"chr1","157411936","157412083","KN297452v1","2973117","2973259","7","154438819"
"chr1","157634241","157634541","KN296849v1","587508","587797","73","157046733"
"chr1","157897380","157897687","KN295284v1","51299","51592","83","157846081"
"chr1","157962377","157962639","KN297452v1","2451216","2451515","51","155511161"
"chr1","158324355","158324514","KN297452v1","2106972","2107132","5","156217383"
"chr1","158376011","158376297","KN297452v1","2055186","2055461","23","156320825"
"chr1","158489961","158490276","KN297159v1","1712744","1713036","81","156777217"
"chr1","158714743","158715024","KN297452v1","1744682","1744969","27","156970061"
"chr1","159103937","159104242","KN295667v1","1567361","1567664","62","157536576"
"chr1","159126244","159126378","KN295526v1","145592","145725","15","158980652"
"chr1","159188393","159188567","KN296646v1","637289","637457","47","158551104"
"chr1","159272926","159273212","KN297452v1","1187475","1187762","31","158085451"
"chr1","159591204","159591499","KN294806v1","594997","595290","65","158996207"
"chr1","159615403","159615700","KN297452v1","846228","846535","39","158769175"
"chr1","160051782","160052085","KN297452v1","409666","409984","40","159642116"
"chr1","160222325","160222565","KN297452v1","257214","257456","20","159965111"
"chr1","160500142","160500329","KN296404v1","9407","9585","33","160490735"
"chr1","160516305","160516410","KN297165v1","695305","695407","34","159821000"
"chr1","161191435","161191690","KN296119v1","4417986","4418235","74","156773449"
"chr1","161404184","161404315","KN296643v1","191078","191208","20","161213106"
"chr1","161575442","161575617","KN296404v1","1122201","1122365","25","160453241"
"chr1","161712760","161712920","KN296877v1","151376","151537","36","161561384"
"chr1","161752552","161752862","KN296588v1","282556","282869","67","161469996"
"chr1","161824346","161824660","KN296404v1","1387049","1387339","36","160437297"
"chr1","162360297","162360596","KN297184v1","1114866","1115167","68","161245431"
"chr1","162381458","162381758","KN296404v1","1926470","1926763","29","160454988"
"chr1","163237936","163238247","KN296404v1","2779156","2779467","30","160458780"
"chr1","163389879","163390178","KN296404v1","2925560","2925875","48","160464319"
"chr1","163638899","163639185","KN296430v1","725785","726075","63","162913114"
"chr1","163679802","163680071","KN296404v1","3214537","3214805","17","160465265"
"chr1","163913954","163914260","KN296404v1","3452627","3452931","24","160461327"
"chr1","164131167","164131296","KN296404v1","3655775","3655909","15","160475392"
"chr1","164340080","164340363","KN296404v1","3867528","3867811","25","160472552"
"chr1","164364665","164364885","KN296404v1","3889374","3889596","29","160475291"
"chr1","164499501","164499798","KN294231v1","3355","3631","71","164496146"
"chr1","164771845","164772149","KN297046v1","3065440","3065749","72","161706405"
"chr1","165095791","165096054","KN294571v1","2055636","2055896","69","163040155"
"chr1","165396059","165396348","KN294262v1","2117425","2117708","24","163278634"
"chr1","165688431","165688549","KN295022v1","817917","818040","31","164870514"
"chr1","165992801","165992941","KN296145v1","649092","649233","31","165343709"
"chr1","168499520","168499652","KN295596v1","3422193","3422324","26","165077327"
"chr1","168499655","168499744","KN297354v1","713327","713415","3","167786328"
"chr1","169589700","169589985","KN296065v1","378039","378316","25","169211661"
"chr1","170257157","170257451","KN296341v1","130354","130620","55","170126803"
"chr1","170971062","170971321","KN295205v1","848688","848949","72","170122374"
"chr1","171232627","171232923","KN294451v1","1211603","1211891","77","170021024"
"chr1","171325145","171325318","KN297106v1","1119645","1119807","54","170205500"
"chr1","171723144","171723439","KN297415v1","76791","77086","19","171646353"
"chr1","171963882","171964195","KN297415v1","312897","313171","53","171650985"
"chr1","172154215","172154322","KN295350v1","290367","290482","28","171863848"
"chr1","172154649","172154826","KN297038v1","275241","275429","47","171879408"
"chr1","172448292","172448575","KN296311v1","7540450","7540745","62","164907842"
"chr1","173414868","173415084","KN296701v1","344880","345098","47","173069988"
"chr1","174101538","174101799","KN297180v1","531711","531948","70","173569827"
"chr1","174393964","174394267","KN296322v1","1648835","1649139","74","172745129"
"chr1","175227594","175227856","KN295814v1","1550626","1550880","82","173676968"
"chr1","177780099","177780385","KN295346v1","1646114","1646406","74","176133985"
"chr1","177897130","177897418","KN295006v1","417545","417841","78","177479585"
"chr1","178635670","178635823","KN295367v1","54394","54545","30","178581276"
"chr1","179123852","179124154","KN294758v1","3078424","3078721","76","176045428"
"chr1","179220032","179220151","KN296864v1","3266405","3266529","28","175953627"
"chr1","179220454","179220607","KN295005v1","263752","263899","34","178956702"
"chr1","179511650","179511958","KN296322v1","1648835","1649139","68","177862815"
"chr1","179514909","179515217","KN296322v1","1648835","1649139","67","177866074"
"chr1","179643987","179644255","KN296040v1","204272","204551","65","179439715"
"chr1","179749057","179749178","KN294526v1","454699","454814","25","179294358"
"chr1","179843253","179843562","KN297180v1","314236","314539","64","179529017"
"chr1","180147651","180147948","KN295371v1","357921","358217","14","179789730"
"chr1","180279853","180279984","KN294172v1","6272486","6272617","14","174007367"
"chr1","180477059","180477333","KN295371v1","698855","699131","23","179778204"
"chr1","180595695","180595992","KN295371v1","798636","798933","16","179797059"
"chr1","180778307","180778575","KN295371v1","983394","983664","22","179794913"
"chr1","181082368","181082501","KN296311v1","4657589","4657718","18","176424779"
"chr1","181189697","181189986","KN296201v1","1219226","1219493","73","179970471"
"chr1","181497140","181497425","KN296726v1","290991","291261","91","181206149"
"chr1","181659480","181659768","KN295352v1","729753","730045","53","180929727"
"chr1","181795513","181795619","KN296883v1","1087896","1087998","17","180707617"
"chr1","182135531","182135805","KN294592v1","450560","450839","81","181684971"
"chr1","182146792","182147061","KN294861v1","165966","166239","77","181980826"
"chr1","182161792","182162079","KN296864v1","1939832","1940132","69","180221960"
"chr1","182325723","182326016","KN294578v1","639003","639297","62","181686720"
"chr1","182570721","182570995","KN294210v1","473112","473404","67","182097609"
"chr1","182817783","182818086","KN295099v1","55159","55457","74","182762624"
"chr1","183191107","183191283","KN296643v1","410184","410354","34","182780923"
"chr1","183191333","183191451","KN296577v1","937639","937757","27","182253694"
"chr1","183290054","183290181","KN296322v1","997745","997870","22","182292309"
"chr1","183350343","183350476","KN295706v1","131306","131439","20","183219037"
"chr1","183376662","183376935","KN295893v1","1879651","1879923","73","181497011"
"chr1","183423841","183423976","KN296643v1","191078","191208","21","183232763"
"chr1","183579429","183579545","KN295814v1","1201282","1201387","37","182378147"
"chr1","183758259","183758423","KN296496v1","1031779","1031956","23","182726480"
"chr1","183758725","183758858","KN296496v1","1031344","1031477","6","182727381"
"chr1","183832727","183833008","KN296496v1","953959","954237","19","182878768"
"chr1","184306323","184306504","KN296496v1","472499","472677","17","183833824"
"chr1","184370028","184370298","KN296496v1","405140","405412","26","183964888"
"chr1","184599725","184599861","KN295102v1","72427","72567","25","184527298"
"chr1","184632324","184632630","KN294260v1","822843","823138","68","183809481"
"chr1","184667832","184668113","KN296496v1","107490","107773","22","184560342"
"chr1","184941086","184941384","KN295922v1","158233","158524","22","184782853"
"chr1","185011449","185011583","KN295352v1","18004","18135","9","184993445"
"chr1","185047272","185047404","KN295352v1","51298","51430","9","184995974"
"chr1","185239966","185240265","KN295352v1","244138","244419","41","184995828"
"chr1","185241366","185241554","KN295610v1","375600","375802","51","184865766"
"chr1","185258616","185258750","KN295893v1","5725714","5725847","24","179532902"
"chr1","185259039","185259215","KN295352v1","256766","256946","7","185002273"
"chr1","185667269","185667374","KN295368v1","597302","597393","32","185069967"
"chr1","185683667","185683772","KN295368v1","597302","597393","32","185086365"
"chr1","185745826","185746116","KN295352v1","729753","730045","21","185016073"
"chr1","185765582","185765888","KN294777v1","718074","718375","73","185047508"
"chr1","185783055","185783361","KN294777v1","718074","718375","73","185064981"
"chr1","185788671","185789005","KN295352v1","765686","766008","31","185022985"
"chr1","185940458","185940608","KN294443v1","437013","437176","46","185503445"
"chr1","186004975","186005298","KN295352v1","957403","957690","57","185047572"
"chr1","186031436","186031651","KN295352v1","926644","926860","13","185104792"
"chr1","186200947","186201234","KN294210v1","473112","473404","64","185727835"
"chr1","186309613","186309909","KN295352v1","1382929","1383224","21","184926684"
"chr1","186321473","186321754","KN295352v1","1395278","1395557","45","184926195"
"chr1","186387774","186388048","KN295987v1","1142083","1142355","62","185245691"
"chr1","186898349","186898640","KN295171v1","12625","12912","72","186885724"
"chr1","186929381","186929634","KN295941v1","2636768","2637018","19","184292613"
"chr1","187004852","187005160","KN295941v1","2563200","2563494","38","184441652"
"chr1","187184944","187185307","KN295941v1","2375281","2375601","70","184809663"
"chr1","187701066","187701233","KN294856v1","256027","256175","42","187445039"
"chr1","187726247","187726326","KN294539v1","2023522","2023599","15","185702725"
"chr1","187808543","187808854","KN295941v1","1790543","1790862","31","186018000"
"chr1","187899885","187900017","KN294591v1","569932","570064","20","187329953"
"chr1","188055252","188055553","KN294439v1","130265","130569","55","187924987"
"chr1","188098640","188098764","KN295586v1","574112","574236","21","187524528"
"chr1","189103157","189103384","KN296404v1","2381217","2381439","55","186721940"
"chr1","189287819","189287951","KN295941v1","213006","213138","4","189074813"
"chr1","189795799","189795985","KN296119v1","5696026","5696207","49","184099773"
"chr1","189852007","189852042","KN297190v1","6428256","6428290","11","183423751"
"chr1","189852333","189852466","KN295706v1","131306","131439","23","189721027"
"chr1","190064464","190064770","KN294578v1","530150","530461","31","189534314"
"chr1","190146693","190146991","KN294578v1","639003","639297","21","189507690"
"chr1","190439518","190439702","KN294739v1","985939","986117","48","189453579"
"chr1","190439731","190439831","KN296322v1","2683415","2683511","27","187756316"
"chr1","190484605","190484734","KN296849v1","780276","780410","24","189704329"
"chr1","191066661","191066892","KN296062v1","1532820","1533033","64","189533841"
"chr1","191109015","191109246","KN296959v1","1145683","1145916","26","189963332"
"chr1","191581529","191581810","KN296959v1","626169","626452","38","190955360"
"chr1","191678124","191678251","KN296311v1","4815038","4815168","23","186863086"
"chr1","192308450","192308757","KN295480v1","1274084","1274387","61","191034366"
"chr1","192591721","192591990","KN296011v1","67440","67709","13","192524281"
"chr1","193130815","193131093","KN297026v1","425880","426159","32","192704935"
"chr1","193180178","193180479","KN297026v1","474629","474930","16","192705549"
"chr1","193303828","193304084","KN294226v1","675534","675784","69","192628294"
"chr1","193374569","193374797","KN297026v1","659017","659245","18","192715552"
"chr1","193398007","193398286","KN297026v1","682817","683086","36","192715190"
"chr1","194034121","194034459","KN297026v1","1334843","1335178","37","192699278"
"chr1","195391203","195391509","KN294767v1","526032","526307","51","194865171"
"chr1","196345292","196345587","KN294279v1","735882","736184","51","195609410"
"chr1","196490159","196490465","KN294581v1","108430","108726","69","196381729"
"chr1","196588429","196588716","KN294279v1","506995","507287","16","196081434"
"chr1","196921966","196922248","KN294279v1","171583","171867","17","196750383"
"chr1","197099771","197100058","KN296948v1","762193","762479","59","196337578"
"chr1","197118096","197118374","KN296306v1","1771005","1771285","68","195347091"
"chr1","197168980","197169280","KN294235v1","47425","47725","18","197121555"
"chr1","197317657","197317934","KN294235v1","199622","199903","19","197118035"
"chr1","197350989","197351282","KN294235v1","231947","232240","21","197119042"
"chr1","197441418","197441730","KN294235v1","322190","322500","32","197119228"
"chr1","198184439","198184742","KN294235v1","979340","979628","30","197205099"
"chr1","198235873","198236159","KN296847v1","2123793","2124076","70","196112080"
"chr1","198257938","198258224","KN296847v1","2123793","2124076","70","196134145"
"chr1","198300558","198300844","KN296847v1","2123793","2124076","70","196176765"
"chr1","198411293","198411604","KN296100v1","16016","16326","16","198395277"
"chr1","198982077","198982401","KN297442v1","1676499","1676799","88","197305578"
"chr1","199043846","199044009","KN294372v1","2365173","2365337","37","196678673"
"chr1","199104484","199104711","KN296303v1","798953","799193","61","198305531"
"chr1","199815602","199815891","KN295352v1","729753","730045","68","199085849"
"chr1","200014778","200015075","KN296294v1","68895","69199","25","199945883"
"chr1","200031972","200032284","KN296294v1","86095","86414","26","199945877"
"chr1","200050658","200050952","KN295406v1","422798","423100","78","199627860"
"chr1","200129779","200130044","KN296294v1","205854","206141","42","199923925"
"chr1","200290183","200290502","KN296505v1","323963","324278","70","199966220"
"chr1","200368208","200368506","KN296294v1","468282","468580","19","199899926"
"chr1","200745279","200745507","KN294208v1","73414","73627","65","200671865"
"chr1","200822150","200822388","KN296294v1","942304","942564","32","199879846"
"chr1","202516803","202516927","KN296682v1","4980731","4980854","23","197536072"
"chr1","202547051","202547191","KN294303v1","244931","245062","43","202302120"
"chr1","202550050","202550191","KN294303v1","244931","245062","42","202305119"
"chr1","202564654","202564723","KN296879v1","999794","999852","21","201564860"
"chr1","202568549","202568587","KN296646v1","838311","838351","17","201730238"
"chr1","202568905","202569037","KN296538v1","514898","515032","22","202054007"
"chr1","202583922","202584051","KN296311v1","4815038","4815168","25","197768884"
"chr1","202591112","202591201","KN295301v1","1589895","1589989","27","201001217"
"chr1","202591379","202591498","KN295441v1","789788","789916","30","201801591"
"chr1","204049772","204049911","KN295744v1","212176","212317","24","203837596"
"chr1","204154755","204154861","KN295586v1","644606","644724","32","203510149"
"chr1","204193910","204194056","KN295294v1","3806061","3806194","55","200387849"
"chr1","204352171","204352433","KN294244v1","50908","51172","68","204301263"
"chr1","204367627","204367930","KN295633v1","1633983","1634282","81","202733644"
"chr1","204381665","204381836","KN294662v1","211735","211913","73","204169930"
"chr1","204382060","204382144","KN296959v1","1078708","1078792","22","203303352"
"chr1","204402457","204402735","KN296883v1","2609802","2610089","66","201792655"
"chr1","204445354","204445612","KN295893v1","437901","438156","64","204007453"
"chr1","204508487","204508789","KN294991v1","59955","60244","80","204448532"
"chr1","204532225","204532518","KN294758v1","3078424","3078721","61","201453801"
"chr1","204542961","204543259","KN295744v1","408789","409077","68","204134172"
"chr1","204579838","204580109","KN295967v1","1520844","1521111","70","203058994"
"chr1","205270818","205271111","KN296754v1","62225","62512","29","205208593"
"chr1","205273978","205274273","KN294452v1","1024655","1024959","70","204249323"
"chr1","205651024","205651154","KN294911v1","2310594","2310724","23","203340430"
"chr1","205767991","205768318","KN294536v1","1789388","1789683","54","203978603"
"chr1","205864866","205865190","KN296406v1","270441","270758","86","205594425"
"chr1","205908178","205908431","KN294536v1","1638405","1638659","19","204269773"
"chr1","206152610","206152727","KN294536v1","1362063","1362175","7","204790547"
"chr1","206365292","206365428","KN296138v1","11819","11953","23","206353473"
"chr1","206451335","206451619","KN294536v1","1068504","1068790","33","205382831"
"chr1","206582474","206582603","KN294911v1","4203032","4203163","44","202379442"
"chr1","206582917","206582931","KN294526v1","385203","385213","5","206197714"
"chr1","207080726","207080995","KN294536v1","456808","457062","28","206623918"
"chr1","207081021","207081039","KN294536v1","456759","456780","5","206624262"
"chr1","207112944","207113075","KN294536v1","420664","420795","5","206692280"
"chr1","207182129","207182263","KN294536v1","348653","348787","4","206833476"
"chr1","207321112","207321356","KN294536v1","133937","134228","60","207187175"
"chr1","207451147","207451281","KN297453v1","84448","84582","2","207366699"
"chr1","208024454","208024760","KN296390v1","259931","260235","16","207764523"
"chr1","208500506","208500803","KN295074v1","1590278","1590572","90","206910228"
"chr1","208586109","208586175","KN296153v1","38672","38740","25","208547437"
"chr1","208902472","208902717","KN295586v1","185554","185803","61","208716918"
"chr1","208921300","208921545","KN295586v1","185554","185803","61","208735746"
"chr1","209011647","209011909","KN297165v1","596939","597176","57","208414708"
"chr1","209081174","209081276","KN297165v1","695305","695407","10","208385869"
"chr1","209163473","209163773","KN297165v1","779939","780204","49","208383534"
"chr1","209197942","209198102","KN294842v1","123455","123618","38","209074487"
"chr1","209211174","209211484","KN297171v1","1715719","1716017","68","207495455"
"chr1","209382919","209383217","KN297165v1","1000226","1000524","21","208382693"
"chr1","209916179","209916437","KN297165v1","1527319","1527599","43","208388860"
"chr1","210102691","210103046","KN297141v1","17086","17384","112","210085605"
"chr1","210104490","210104591","KN296883v1","1087896","1087998","27","209016594"
"chr1","210601257","210601498","KN295814v1","1510713","1510950","59","209090544"
"chr1","210649560","210649868","KN297165v1","2283743","2284052","19","208365817"
"chr1","210718048","210718173","KN296732v1","3486949","3487060","31","207231099"
"chr1","210756500","210756660","KN295977v1","1244806","1244955","36","209511694"
"chr1","210795412","210795671","KN297165v1","2421624","2421909","45","208373788"
"chr1","210842515","210842778","KN297095v1","3766127","3766406","78","207076388"
"chr1","210901648","210901984","KN297165v1","2533139","2533474","23","208368509"
"chr1","210957402","210957690","KN296303v1","805215","805501","64","210152187"
"chr1","210967545","210967859","KN297165v1","2596688","2597002","27","208370857"
"chr1","211031523","211031671","KN297165v1","2667658","2667810","23","208363865"
"chr1","211042505","211042795","KN295205v1","848688","848949","88","210193817"
"chr1","211099834","211100112","KN296303v1","805215","805501","67","210294619"
"chr1","211460962","211461096","KN294583v1","189119","189254","24","211271843"
"chr1","211492623","211492908","KN295205v1","1462650","1462956","72","210029973"
"chr1","211705920","211706203","KN296036v1","1995992","1996275","64","209709928"
"chr1","211802804","211803118","KN297165v1","3419445","3419758","19","208383359"
"chr1","212264061","212264354","KN295294v1","1101026","1101317","66","211163035"
"chr1","212342189","212342474","KN297165v1","3949950","3950239","32","208392239"
"chr1","212875565","212875692","KN296225v1","229061","229185","26","212646504"
"chr1","212973289","212973590","KN296859v1","222022","222316","64","212751267"
"chr1","213134703","213134983","KN294523v1","15844","16136","70","213118859"
"chr1","213173504","213173803","KN294548v1","1203959","1204261","28","211969545"
"chr1","213319248","213319532","KN294548v1","1049130","1049411","20","212270118"
"chr1","213513094","213513381","KN294199v1","1022551","1022840","56","212490543"
"chr1","213513752","213514072","KN294548v1","871953","872254","32","212641799"
"chr1","213915855","213916010","KN294548v1","490123","490280","9","213425732"
"chr1","214027753","214028045","KN297227v1","1049335","1049619","63","212978418"
"chr1","214039859","214040168","KN297046v1","3065440","3065749","66","210974419"
"chr1","214291974","214292099","KN294548v1","111894","112027","22","214180080"
"chr1","214297820","214298105","KN294396v1","224755","225042","56","214073065"
"chr1","214315047","214315227","KN294548v1","89402","89571","29","214225645"
"chr1","214335351","214335467","KN294548v1","68268","68384","5","214267083"
"chr1","214472018","214472134","KN295692v1","1233209","1233331","37","213238809"
"chr1","214589243","214589411","KN295708v1","957826","957973","45","213631417"
"chr1","214589697","214589899","KN296548v1","82794","82989","60","214506903"
"chr1","214768480","214768789","KN297259v1","1570980","1571280","66","213197500"
"chr1","214825716","214825880","KN297236v1","256","415","48","214825460"
"chr1","214826184","214826306","KN296101v1","38623","38748","27","214787561"
"chr1","214959603","214959905","KN294728v1","765090","765383","76","214194513"
"chr1","215140645","215140947","KN297112v1","2231098","2231393","72","212909547"
"chr1","215148585","215148714","KN295977v1","128366","128496","22","215020219"
"chr1","215225891","215226193","KN294239v1","243029","243336","73","214982862"
"chr1","215244261","215244537","KN296938v1","298054","298338","59","214946207"
"chr1","215725070","215725347","KN297008v1","6549351","6549627","50","209175719"
"chr1","216016203","216016332","KN295601v1","3280212","3280342","29","212735991"
"chr1","216221990","216222287","KN297184v1","1114866","1115167","65","215107124"
"chr1","216254251","216254386","KN296004v1","350579","350712","22","215903672"
"chr1","216288095","216288421","KN296783v1","392053","392363","91","215896042"
"chr1","216403501","216403631","KN296025v1","179010","179141","32","216224491"
"chr1","216408680","216408930","KN297028v1","105526","105779","57","216303154"
"chr1","216715310","216715585","KN295236v1","3511059","3511338","60","213204251"
"chr1","216739785","216740082","KN295346v1","1646114","1646406","61","215093671"
"chr1","216742265","216742559","KN296682v1","2490724","2491017","73","214251541"
"chr1","216908008","216908141","KN295294v1","3806061","3806194","26","213101947"
"chr1","217112391","217112681","KN295346v1","1646114","1646406","65","215466277"
"chr1","217310660","217310936","KN294879v1","448126","448395","75","216862534"
"chr1","217775047","217775341","KN297184v1","1114866","1115167","69","216660181"
"chr1","217890768","217890874","KN294499v1","1744755","1744851","26","216146013"
"chr1","218114033","218114168","KN294172v1","5400991","5401118","37","212713042"
"chr1","218114916","218115039","KN297416v1","162444","162561","31","217952472"
"chr1","218122969","218123246","KN294758v1","1780351","1780635","75","216342618"
"chr1","218396416","218396682","KN295428v1","224334","224605","82","218172082"
"chr1","219220906","219221192","KN296926v1","1001410","1001687","80","218219496"
"chr1","219478864","219479156","KN294873v1","1303218","1303511","66","218175646"
"chr1","219703602","219703828","KN297245v1","2387953","2388175","51","217315649"
"chr1","219954625","219954880","KN295523v1","3469042","3469297","62","216485583"
"chr1","220343336","220343609","KN296508v1","1973232","1973505","58","218370104"
"chr1","220405702","220405776","KN294535v1","80806","80875","18","220324896"
"chr1","220441505","220441789","KN295099v1","55159","55457","65","220386346"
"chr1","220645209","220645337","KN294193v1","128685","128814","20","220516524"
"chr1","220648998","220649190","KN295553v1","69273","69467","43","220579725"
"chr1","220783326","220783475","KN296175v1","389212","389354","32","220394114"
"chr1","220929398","220929618","KN296505v1","1257835","1258044","50","219671563"
"chr1","221608265","221608565","KN296726v1","179469","179768","76","221428796"
"chr1","222173956","222174246","KN294210v1","473112","473404","60","221700844"
"chr1","222351779","222351969","KN296767v1","53224","53425","46","222298555"
"chr1","222606107","222606285","KN295722v1","1530489","1530661","40","221075618"
"chr1","223004895","223004994","KN296316v1","253938","254035","6","222750957"
"chr1","223005320","223005373","KN296316v1","254338","254391","2","222750982"
"chr1","223016031","223016150","KN295441v1","789788","789916","28","222226243"
"chr1","223017755","223017874","KN295441v1","789788","789916","28","222227967"
"chr1","223244305","223244439","KN296538v1","514898","515032","17","222729407"
"chr1","223271312","223271598","KN295923v1","574170","574465","67","222697142"
"chr1","223331644","223331837","KN294217v1","1837374","1837571","37","221494270"
"chr1","223548271","223548576","KN297323v1","97375","97678","73","223450896"
"chr1","223778133","223778275","KN294378v1","643788","643925","25","223134345"
"chr1","223970250","223970556","KN294421v1","9377","9683","79","223960873"
"chr1","224146395","224146684","KN296096v1","1326102","1326406","77","222820293"
"chr1","224162283","224162564","KN296825v1","2323044","2323333","69","221839239"
"chr1","224193170","224193472","KN295667v1","1567361","1567664","64","222625809"
"chr1","224226281","224226586","KN295667v1","1567361","1567664","71","222658920"
"chr1","224304474","224304765","KN294848v1","932997","933294","73","223371477"
"chr1","224417974","224418108","KN295112v1","531236","531368","21","223886738"
"chr1","224470233","224470518","KN296303v1","805215","805501","52","223665018"
"chr1","224551224","224551497","KN296303v1","805215","805501","71","223746009"
"chr1","224708556","224708698","KN296732v1","3311835","3311972","22","221396721"
"chr1","224712412","224712598","KN296508v1","1437177","1437349","49","223275235"
"chr1","224910344","224910480","KN296573v1","15418","15557","47","224894926"
"chr1","224947024","224947290","KN296948v1","762193","762479","67","224184831"
"chr1","224971199","224971464","KN296948v1","762193","762479","75","224209006"
"chr1","225162956","225163287","KN297219v1","1839754","1840062","94","223323202"
"chr1","225504517","225504821","KN295548v1","624737","625039","75","224879780"
"chr1","225581337","225581629","KN296864v1","1939832","1940132","72","223641505"
"chr1","225770178","225770451","KN294726v1","206754","207043","66","225563424"
"chr1","225959121","225959405","KN294325v1","979659","979928","73","224979462"
"chr1","226164556","226164852","KN295923v1","574170","574465","67","225590386"
"chr1","226427564","226427646","KN295236v1","1305949","1306032","12","225121615"
"chr1","226481946","226482209","KN294705v1","1107549","1107807","64","225374397"
"chr1","226607356","226607489","KN296643v1","191078","191208","24","226416278"
"chr1","226693385","226693548","KN297319v1","373164","373327","32","226320221"
"chr1","226861794","226862099","KN295923v1","712217","712514","79","226149577"
"chr1","226917256","226917409","KN294571v1","417305","417453","28","226499951"
"chr1","227025827","227026121","KN297190v1","2683777","2684071","64","224342050"
"chr1","227241348","227241633","KN294527v1","273035","273327","80","226968313"
"chr1","227459338","227459659","KN294416v1","449308","449609","73","227010030"
"chr1","227505213","227505511","KN297190v1","4113908","4114190","67","223391305"
"chr1","227917021","227917301","KN294372v1","2483486","2483743","74","225433535"
"chr1","228660090","228660392","KN295664v1","85905","86194","42","228574185"
"chr3","407586","407718","KN294184v1","452880","453009","20","45294"
"chr3","512975","513110","KN295708v1","713476","713615","22","200501"
"chr3","1306798","1306966","KN296641v1","784877","785061","23","521921"
"chr3","2233103","2233366","KN294698v1","46415","46664","77","2186688"
"chr3","2659843","2660158","KN294954v1","70243","70554","73","2589600"
"chr3","2775216","2775371","KN294591v1","557328","557491","39","2217888"
"chr3","3104300","3104437","KN294789v1","212730","212864","12","2891570"
"chr3","3104772","3104925","KN294789v1","212228","212387","13","2892544"
"chr3","4168309","4168604","KN294260v1","1734951","1735248","21","2433358"
"chr3","4393837","4394107","KN294260v1","1513574","1513845","23","2880263"
"chr3","4434760","4434899","KN294260v1","1473102","1473263","32","2961658"
"chr3","4533226","4533356","KN294260v1","1382146","1382275","5","3151080"
"chr3","4552298","4552591","KN294260v1","1359230","1359515","31","3193068"
"chr3","4815956","4816237","KN294260v1","1091595","1091881","29","3724361"
"chr3","5094605","5094905","KN294260v1","822843","823138","22","4271762"
"chr3","5097396","5097529","KN294260v1","820678","820811","7","4276718"
"chr3","5231502","5231795","KN294578v1","530150","530461","81","4701352"
"chr3","5398947","5399232","KN294260v1","531879","532165","21","4867068"
"chr3","5409924","5410242","KN294260v1","520878","521196","20","4889046"
"chr3","7597877","7598115","KN294873v1","82870","83122","71","7515007"
"chr3","7698794","7699072","KN295722v1","1369561","1369836","62","6329233"
"chr3","8483676","8483982","KN296505v1","1350625","1350920","30","7133051"
"chr3","8502761","8502848","KN297146v1","178455","178535","29","8324306"
"chr3","8569721","8569937","KN296505v1","1257835","1258044","25","7311886"
"chr3","8779059","8779315","KN296505v1","1050287","1050537","22","7728772"
"chr3","8795861","8795990","KN295294v1","3806061","3806194","21","4989800"
"chr3","9097068","9097161","KN295236v1","809349","809443","27","8287719"
"chr3","9191393","9191526","KN296505v1","698783","698916","6","8492610"
"chr3","9574048","9574351","KN296505v1","323963","324278","39","9250085"
"chr3","9641719","9642013","KN296505v1","263545","263841","24","9378174"
"chr3","9673011","9673317","KN296505v1","230491","230813","33","9442520"
"chr3","9889391","9889666","KN294420v1","263951","264214","68","9625440"
"chr3","10049921","10050204","KN295352v1","729753","730045","61","9320168"
"chr3","10156028","10156074","KN296485v1","455448","455491","4","9700580"
"chr3","10231454","10231737","KN294172v1","4574526","4574813","58","5656928"
"chr3","10343722","10343868","KN296485v1","233864","234011","10","10109858"
"chr3","10418359","10418504","KN296485v1","157888","158017","24","10260471"
"chr3","10489889","10489944","KN295988v1","992862","992913","11","9497027"
"chr3","11296339","11296646","KN297180v1","314236","314539","65","10982103"
"chr3","11480157","11480307","KN294269v1","1347949","1348104","30","10132208"
"chr3","11509628","11509923","KN295205v1","712208","712479","99","10797420"
"chr3","11652147","11652406","KN294187v1","1887786","1888062","67","9764361"
"chr3","12039234","12039282","KN295893v1","883771","883820","9","11155463"
"chr3","12217412","12217592","KN295977v1","878804","878969","50","11338608"
"chr3","12269496","12269631","KN296311v1","6471968","6472102","24","5797528"
"chr3","12395626","12395909","KN295984v1","150673","150962","63","12244953"
"chr3","12708602","12708896","KN297023v1","640512","640805","57","12068090"
"chr3","12883532","12883676","KN294571v1","417305","417453","35","12466227"
"chr3","12883915","12884059","KN294571v1","417305","417453","35","12466610"
"chr3","13249400","13249669","KN295319v1","303201","303480","25","12946199"
"chr3","14320434","14320607","KN297274v1","1690638","1690818","40","12629796"
"chr3","14449721","14450011","KN296153v1","1008915","1009196","59","13440806"
"chr3","14633147","14633270","KN294172v1","2329982","2330111","24","12303165"
"chr3","14938838","14939147","KN295430v1","2009073","2009373","88","12929765"
"chr3","15259204","15259497","KN297320v1","22264","22555","71","15236940"
"chr3","15313487","15313756","KN294552v1","1295874","1296134","77","14017613"
"chr3","15545579","15545854","KN294264v1","432867","433151","74","15112712"
"chr3","15619003","15619268","KN295428v1","224334","224605","68","15394669"
"chr3","15678912","15679072","KN294842v1","123455","123618","44","15555457"
"chr3","15699276","15699391","KN295405v1","40213","40332","24","15659063"
"chr3","15855431","15855705","KN295267v1","81052","81310","74","15774379"
"chr3","15948049","15948326","KN294987v1","187998","188261","76","15760051"
"chr3","15993696","15993967","KN295576v1","164716","164996","63","15828980"
"chr3","16002387","16002666","KN294396v1","224755","225042","64","15777632"
"chr3","16011709","16011991","KN296732v1","2039532","2039807","59","13972177"
"chr3","16172745","16172901","KN294407v1","2863006","2863150","33","13309739"
"chr3","16200968","16201102","KN295526v1","145592","145725","25","16055376"
"chr3","16540279","16540587","KN296322v1","1648835","1649139","58","14891444"
"chr3","16821612","16821771","KN294372v1","2365173","2365337","35","14456439"
"chr3","18074779","18075074","KN297058v1","392670","392966","63","17682109"
"chr3","20326390","20326520","KN296643v1","191078","191208","26","20135312"
"chr3","20590797","20591141","KN296516v1","212563","212899","118","20378234"
"chr3","20917314","20917590","KN294539v1","1096217","1096495","69","19821097"
"chr3","22015608","22015913","KN294452v1","1374937","1375240","79","20640671"
"chr3","22070823","22071087","KN297274v1","1285745","1286019","76","20785078"
"chr3","22097022","22097335","KN295705v1","823070","823354","88","21273952"
"chr3","22325219","22325453","KN297190v1","5951555","5951790","57","16373664"
"chr3","22957257","22957559","KN296157v1","1138570","1138881","61","21818687"
"chr3","23765161","23765343","KN294269v1","1609579","1609744","61","22155582"
"chr3","23900314","23900470","KN295005v1","263752","263899","41","23636562"
"chr3","23945520","23945823","KN295365v1","13346","13638","75","23932174"
"chr3","24096031","24096335","KN295664v1","85905","86194","66","24010126"
"chr3","24224442","24224719","KN295983v1","1223920","1224199","57","23000522"
"chr3","24254652","24254947","KN294294v1","145451","145740","71","24109201"
"chr3","24386008","24386151","KN296486v1","60099","60235","36","24325909"
"chr3","24514342","24514590","KN297180v1","531711","531948","59","23982631"
"chr3","26500381","26500684","KN294187v1","201748","202053","79","26298633"
"chr3","27995641","27995691","KN295032v1","129986","130039","20","27865655"
"chr3","28023790","28024011","KN294879v1","1183051","1183277","48","26840739"
"chr3","28043692","28043740","KN297094v1","101787","101835","8","27941905"
"chr3","28083946","28084251","KN297184v1","1114866","1115167","60","26969080"
"chr3","28272084","28272399","KN295432v1","49437","49735","84","28222647"
"chr3","28336866","28337005","KN296108v1","909130","909244","48","27427736"
"chr3","29786129","29786258","KN296311v1","9081506","9081633","21","20704623"
"chr3","29854525","29854813","KN294273v1","88838","89126","9","29765687"
"chr3","30033482","30033698","KN297153v1","880769","880976","59","29152713"
"chr3","30187696","30187979","KN296495v1","1076274","1076557","79","29111422"
"chr3","30191265","30191531","KN294260v1","1359230","1359515","82","28832035"
"chr3","30465356","30465662","KN296649v1","474335","474640","77","29991021"
"chr3","31108632","31108893","KN296804v1","316863","317118","74","30791769"
"chr3","31817306","31817610","KN297058v1","392670","392966","69","31424636"
"chr3","32111952","32112050","KN295301v1","1589895","1589989","19","30522057"
"chr3","32122020","32122312","KN294539v1","1929601","1929889","66","30192419"
"chr3","32234513","32234652","KN296138v1","11819","11953","22","32222694"
"chr3","32321510","32321817","KN297019v1","1239759","1240056","74","31081751"
"chr3","32351924","32352231","KN297019v1","1239759","1240056","73","31112165"
"chr3","32444631","32444752","KN294705v1","1831138","1831252","31","30613493"
"chr3","32551313","32551595","KN294199v1","1022551","1022840","65","31528762"
"chr3","32780732","32781005","KN295371v1","983394","983664","85","31797338"
"chr3","32801907","32802194","KN295117v1","112788","113084","56","32689119"
"chr3","32925280","32925577","KN296187v1","874304","874596","67","32050976"
"chr3","33116810","33116965","KN295347v1","14270","14430","34","33102540"
"chr3","33146184","33146372","KN294346v1","500001","500188","45","32646183"
"chr3","33192966","33193091","KN297038v1","317140","317257","22","32875826"
"chr3","33281966","33281979","KN295722v1","2808176","2808190","4","30473790"
"chr3","33282285","33282408","KN295236v1","3047477","3047602","31","30234808"
"chr3","33385878","33385972","KN295406v1","576347","576444","25","32809531"
"chr3","33485586","33485872","KN297028v1","97110","97396","16","33388476"
"chr3","33500168","33500446","KN297028v1","105526","105779","44","33394642"
"chr3","33565481","33565759","KN297028v1","173094","173386","29","33392387"
"chr3","33584569","33584702","KN297453v1","84448","84582","20","33500121"
"chr3","33912000","33912237","KN297028v1","509701","509944","20","33402299"
"chr3","33971074","33971298","KN297083v1","627588","627822","69","33343486"
"chr3","34021329","34021594","KN296404v1","2095101","2095370","67","31926228"
"chr3","34116230","34116419","KN297028v1","702550","702748","22","33413680"
"chr3","34260026","34260182","KN295096v1","1069446","1069614","42","33190580"
"chr3","34260209","34260330","KN294741v1","1083617","1083736","22","33176592"
"chr3","34349844","34350151","KN297028v1","917007","917315","22","33432837"
"chr3","34594702","34594897","KN296859v1","1208651","1208859","61","33386051"
"chr3","35333166","35333480","KN294668v1","114347","114656","29","35218819"
"chr3","37010780","37011068","KN295459v1","878673","878961","62","36132107"
"chr3","37707512","37707794","KN295722v1","1151130","1151398","74","36556382"
"chr3","37744980","37745234","KN296266v1","99554","99788","73","37645426"
"chr3","37850062","37850331","KN295735v1","674181","674446","66","37175881"
"chr3","38063224","38063530","KN296322v1","1648835","1649139","62","36414389"
"chr3","38272521","38272697","KN296732v1","3070322","3070492","38","35202199"
"chr3","38709031","38709158","KN295294v1","363845","363973","18","38345186"
"chr3","38880489","38880785","KN296322v1","426249","426560","74","38454240"
"chr3","39018839","39018965","KN297046v1","1822642","1822774","32","37196197"
"chr3","39196812","39196931","KN296809v1","61964","62083","10","39134848"
"chr3","39207284","39207578","KN296809v1","71427","71732","49","39135857"
"chr3","39225130","39225402","KN296809v1","89252","89548","48","39135878"
"chr3","39886841","39886971","KN295441v1","789788","789916","23","39097053"
"chr3","39930983","39931107","KN296809v1","750067","750191","7","39180916"
"chr3","40131019","40131149","KN296809v1","932551","932682","7","39198468"
"chr3","40522319","40522375","KN294911v1","2236777","2236825","14","38285542"
"chr3","41069175","41069453","KN294917v1","507784","508062","18","40561391"
"chr3","41877532","41877819","KN297197v1","162801","163090","28","41714731"
"chr3","41928448","41928734","KN297197v1","214472","214758","25","41713976"
"chr3","41969027","41969324","KN296538v1","333498","333794","58","41635529"
"chr3","41979616","41979906","KN297197v1","264912","265199","21","41714704"
"chr3","41995592","41995780","KN297197v1","281123","281326","34","41714469"
"chr3","42015206","42015363","KN297197v1","300477","300647","20","41714729"
"chr3","42067428","42067712","KN295722v1","1369561","1369836","62","40697867"
"chr3","42113585","42113864","KN294790v1","911102","911378","68","41202483"
"chr3","42210895","42211192","KN297197v1","491348","491647","22","41719547"
"chr3","42455273","42455446","KN297197v1","731855","732028","12","41723418"
"chr3","42664882","42664955","KN297197v1","916749","916827","13","41748133"
"chr3","42684379","42684625","KN296311v1","2581889","2582135","60","40102490"
"chr3","42781118","42781396","KN297197v1","1035681","1035964","29","41745437"
"chr3","42794597","42794859","KN297197v1","1048614","1048879","18","41745983"
"chr3","42966179","42966461","KN295984v1","150673","150962","59","42815506"
"chr3","43385032","43385324","KN297197v1","1668046","1668353","32","41716986"
"chr3","44043105","44043232","KN297197v1","2331474","2331601","6","41711631"
"chr3","44259516","44259800","KN297197v1","2554894","2555174","27","41704622"
"chr3","44318937","44319234","KN297197v1","2606550","2606852","20","41712387"
"chr3","45208537","45208556","KN295967v1","566874","566886","10","44641663"
"chr3","45210144","45210235","KN297197v1","3447282","3447374","8","41762862"
"chr3","45278229","45278369","KN297197v1","3515363","3515508","16","41762866"
"chr3","45417418","45417592","KN297197v1","3678620","3678786","21","41738798"
"chr3","45430523","45430807","KN297197v1","3691720","3692013","39","41738803"
"chr3","45826314","45826589","KN297274v1","1285745","1286019","69","44540569"
"chr3","46003043","46003178","KN297197v1","4243668","4243815","19","41759375"
"chr3","46219007","46219275","KN297197v1","4445961","4446231","27","41773046"
"chr3","46389771","46390066","KN294210v1","473112","473404","58","45916659"
"chr3","46689119","46689274","KN297245v1","2459373","2459526","40","44229746"
"chr3","46693979","46694112","KN296096v1","3053461","3053592","19","43640518"
"chr3","46919211","46919522","KN295667v1","1108671","1108966","72","45810540"
"chr3","47417140","47417431","KN295077v1","740031","740327","67","46677109"
"chr3","47460258","47460549","KN295077v1","740031","740327","67","46720227"
"chr3","47700626","47700936","KN297259v1","1570980","1571280","30","46129646"
"chr3","47719327","47719492","KN294591v1","557328","557491","30","47161999"
"chr3","47776889","47777026","KN294470v1","2235421","2235555","28","45541468"
"chr3","47777321","47777504","KN294879v1","753499","753676","46","47023822"
"chr3","47951659","47951898","KN296991v1","837983","838230","66","47113676"
"chr3","47970332","47970517","KN297259v1","1304164","1304326","32","46666168"
"chr3","48094976","48095096","KN297259v1","1176832","1176951","14","46918144"
"chr3","48095384","48095524","KN297452v1","2973117","2973259","40","45122267"
"chr3","48141914","48142043","KN295441v1","1418402","1418531","42","46723512"
"chr3","48142344","48142506","KN294407v1","109423","109582","35","48032921"
"chr3","48298857","48299026","KN297259v1","978533","978700","20","47320324"
"chr3","48498428","48498618","KN297259v1","769731","769920","17","47728697"
"chr3","48501082","48501234","KN296247v1","959095","959240","34","47541987"
"chr3","48518721","48518851","KN297259v1","755295","755425","6","47763426"
"chr3","48577795","48578078","KN297259v1","693788","694072","30","47884007"
"chr3","48593959","48594229","KN297259v1","676922","677201","32","47917037"
"chr3","48595470","48595591","KN297259v1","675246","675384","31","47920224"
"chr3","48632075","48632310","KN296913v1","1151128","1151369","81","47480947"
"chr3","48653331","48653430","KN297259v1","621520","621620","6","48031811"
"chr3","48763257","48763564","KN297259v1","507258","507559","28","48255999"
"chr3","48785653","48785784","KN297259v1","481781","481912","3","48303872"
"chr3","48835378","48835600","KN297259v1","427903","428124","13","48407475"
"chr3","48921796","48922082","KN296538v1","333498","333794","64","48588298"
"chr3","48938208","48938399","KN297259v1","330750","330949","23","48607458"
"chr3","49029380","49029727","KN296495v1","2039293","2039625","104","46990087"
"chr3","49255518","49255562","KN295893v1","883771","883820","9","48371747"
"chr3","49416155","49416271","KN294372v1","2531519","2531631","20","46884636"
"chr3","49417841","49418105","KN294372v1","2529148","2529407","15","46888693"
"chr3","49423571","49423702","KN294446v1","520797","520926","30","48902774"
"chr3","49428699","49428920","KN297180v1","531711","531948","58","48896988"
"chr3","49482696","49482988","KN294372v1","2461089","2461376","19","47021607"
"chr3","49677673","49677974","KN295346v1","1646114","1646406","54","48031559"
"chr3","49852027","49852351","KN294372v1","2095258","2095545","52","47756769"
"chr3","49931662","49931909","KN296508v1","1843240","1843495","69","48088422"
"chr3","50300492","50300627","KN294372v1","1645608","1645740","14","48654884"
"chr3","50305353","50305437","KN294591v1","157234","157317","16","50148119"
"chr3","50503826","50503995","KN294372v1","1457614","1457788","19","49046212"
"chr3","50517140","50517388","KN294372v1","1442175","1442418","31","49074965"
"chr3","50628900","50629039","KN297133v1","268061","268193","34","50360839"
"chr3","50718030","50718199","KN294416v1","419638","419830","65","50298392"
"chr3","50779832","50780134","KN294372v1","1170320","1170637","44","49609512"
"chr3","50846692","50846977","KN294372v1","1097746","1098003","40","49748946"
"chr3","50987812","50988106","KN294372v1","962653","962931","31","50025159"
"chr3","51000001","51000148","KN296732v1","2938146","2938298","32","48061855"
"chr3","51027956","51028260","KN296726v1","179469","179768","71","50848487"
"chr3","51109093","51109260","KN294571v1","2119940","2120110","37","48989153"
"chr3","51109568","51109696","KN294372v1","854085","854206","12","50255483"
"chr3","51601038","51601131","KN294372v1","358299","358394","13","51242739"
"chr3","51635356","51635493","KN294218v1","2756614","2756751","20","48878742"
"chr3","51666536","51666654","KN294372v1","290537","290683","32","51375999"
"chr3","51695181","51695473","KN294372v1","260041","260331","29","51435140"
"chr3","51704490","51704793","KN294372v1","248410","248702","28","51456080"
"chr3","51745371","51745644","KN297095v1","3766127","3766406","70","47979244"
"chr3","51748266","51748550","KN296948v1","762193","762479","54","50986073"
"chr3","51922545","51922805","KN296306v1","1771005","1771285","75","50151540"
"chr3","52150658","52150928","KN295637v1","799799","800078","72","51350859"
"chr3","52372415","52372736","KN294526v1","292497","292818","12","52079918"
"chr3","52584241","52584505","KN296926v1","93854","94122","73","52490387"
"chr3","52610030","52610321","KN294407v1","1718897","1719202","73","50891133"
"chr3","52754291","52754428","KN294526v1","685247","685384","7","52069044"
"chr3","53141009","53141308","KN295871v1","984256","984556","14","52156753"
"chr3","53201543","53201671","KN295871v1","930449","930551","31","52271094"
"chr3","53576475","53576600","KN295667v1","1056380","1056511","29","52520095"
"chr3","53624523","53624645","KN297038v1","317140","317257","27","53307383"
"chr3","53625250","53625495","KN297180v1","531711","531948","58","53093539"
"chr3","53638120","53638364","KN297180v1","531711","531948","59","53106409"
"chr3","53774563","53774695","KN295871v1","354300","354436","16","53420263"
"chr3","53784726","53785014","KN295871v1","334989","335263","52","53449737"
"chr3","54098488","54098622","KN295977v1","128366","128496","25","53970122"
"chr3","54098915","54099003","KN294208v1","486244","486319","27","53612671"
"chr3","54154396","54154510","KN296730v1","144073","144180","24","54010323"
"chr3","54383385","54383690","KN294954v1","70243","70554","62","54313142"
"chr3","54391998","54392278","KN295983v1","1223920","1224199","59","53168078"
"chr3","54423516","54423804","KN295346v1","2087535","2087795","96","52335981"
"chr3","54523040","54523162","KN294485v1","27749","27875","29","54495291"
"chr3","54617079","54617364","KN296502v1","1280490","1280768","75","53336589"
"chr3","54939010","54939304","KN294235v1","47425","47725","69","54891585"
"chr3","55439564","55439705","KN296365v1","597866","598002","27","54841698"
"chr3","55671835","55672137","KN295484v1","127472","127784","67","55544363"
"chr3","56496649","56496956","KN296036v1","1343901","1344205","62","55152748"
"chr3","57340644","57340807","KN296864v1","3353170","3353334","37","53987474"
"chr3","57340837","57340952","KN297386v1","1311346","1311455","25","56029491"
"chr3","57361485","57361787","KN297212v1","263460","263771","27","57098025"
"chr3","57412544","57412681","KN294199v1","281436","281574","25","57131108"
"chr3","57670526","57670825","KN294991v1","53502","53789","38","57617024"
"chr3","57747297","57747606","KN294161v1","491457","491757","83","57255840"
"chr3","57798791","57799073","KN294991v1","193761","194053","26","57605030"
"chr3","57911453","57911753","KN294991v1","301469","301772","14","57609984"
"chr3","58116579","58116713","KN295077v1","850159","850295","36","57266420"
"chr3","58116739","58116858","KN295708v1","2743593","2743707","24","55373146"
"chr3","58157692","58157764","KN294991v1","528318","528391","6","57629374"
"chr3","58215117","58215400","KN294991v1","585147","585441","33","57629970"
"chr3","58335044","58335140","KN294991v1","702888","702981","14","57632156"
"chr3","58406264","58406519","KN294991v1","775915","776180","25","57630349"
"chr3","58521593","58521831","KN294991v1","925370","925604","12","57596223"
"chr3","58572515","58572671","KN294991v1","973655","973815","10","57598860"
"chr3","58619870","58620153","KN296883v1","3290038","3290316","66","55329832"
"chr3","58662200","58662503","KN294991v1","1061679","1061980","18","57600521"
"chr3","58682770","58683102","KN296404v1","2925560","2925875","86","55757210"
"chr3","58780893","58781170","KN294260v1","1091595","1091881","72","57689298"
"chr3","58886416","58886716","KN295205v1","1534387","1534688","63","57352029"
"chr3","58889442","58889568","KN294410v1","486228","486353","29","58403214"
"chr3","58926068","58926196","KN294991v1","1306131","1306259","10","57619937"
"chr3","58945108","58945264","KN294991v1","1326516","1326671","10","57618592"
"chr3","58945565","58945740","KN294991v1","1326969","1327143","17","57618596"
"chr3","58948845","58949075","KN294991v1","1331915","1332136","16","57616930"
"chr3","58957939","58958216","KN294991v1","1341110","1341371","25","57616829"
"chr3","59049253","59049392","KN294991v1","1433154","1433296","8","57616099"
"chr3","59418797","59418994","KN296864v1","1063346","1063538","58","58355451"
"chr3","59419288","59419415","KN295362v1","1160773","1160900","23","58258515"
"chr3","60172447","60172735","KN297386v1","254754","255042","25","59917693"
"chr3","61283646","61283873","KN297095v1","2669325","2669548","66","58614321"
"chr3","61423874","61424088","KN294209v1","14779","14997","58","61409095"
"chr3","61642238","61642522","KN297386v1","1729990","1730274","14","59912248"
"chr3","62518575","62518753","KN297113v1","252877","253050","36","62265698"
"chr3","62633376","62633424","KN294911v1","2236777","2236825","14","60396599"
"chr3","62633731","62633888","KN296292v1","67877","68027","48","62565854"
"chr3","63331830","63332018","KN297190v1","98686","98881","59","63233144"
"chr3","63467279","63467585","KN295667v1","1567361","1567664","61","61899918"
"chr3","63667811","63668115","KN296982v1","449377","449668","82","63218434"
"chr3","65415168","65415470","KN295079v1","254557","254859","16","65160611"
"chr3","65496423","65496720","KN295079v1","335589","335887","15","65160834"
"chr3","65810997","65811131","KN295079v1","645944","646082","9","65165053"
"chr3","66015025","66015310","KN295079v1","844574","844861","21","65170451"
"chr3","66170571","66170863","KN296864v1","1939832","1940132","56","64230739"
"chr3","66486206","66486422","KN295079v1","1322273","1322493","16","65163933"
"chr3","66782625","66782828","KN294207v1","955966","956168","15","65826659"
"chr3","67058966","67059141","KN295722v1","1546817","1546986","34","65512149"
"chr3","67121220","67121495","KN294207v1","634204","634468","26","66487016"
"chr3","67158760","67159041","KN294207v1","595798","596096","39","66562962"
"chr3","67166344","67166495","KN294207v1","588013","588165","4","66578331"
"chr3","67547540","67547719","KN294207v1","140158","140336","17","67407382"
"chr3","67560647","67560782","KN294207v1","126950","127083","9","67433697"
"chr3","67716621","67716720","KN295406v1","576347","576444","23","67140274"
"chr3","67844629","67844756","KN297416v1","162444","162561","17","67682185"
"chr3","68323735","68323833","KN296153v1","1944022","1944129","27","66379713"
"chr3","69210340","69210615","KN295983v1","1223920","1224199","60","67986420"
"chr3","70310171","70310328","KN294407v1","109423","109582","43","70200748"
"chr3","70452193","70452476","KN296303v1","805215","805501","62","69646978"
"chr3","70850342","70850639","KN295352v1","729753","730045","59","70120589"
"chr3","71728660","71728729","KN295162v1","84755","84816","28","71643905"
"chr3","72128459","72128744","KN297008v1","6549351","6549627","66","65579108"
"chr3","72451502","72451638","KN294964v1","965459","965591","19","71486043"
"chr3","72586181","72586438","KN296557v1","788652","788900","66","71797529"
"chr3","72890432","72890710","KN295576v1","164716","164996","68","72725716"
"chr3","72911721","72911866","KN297227v1","1448203","1448349","38","71463518"
"chr3","73345363","73345653","KN297112v1","2231098","2231393","73","71114265"
"chr3","73640522","73640807","KN296322v1","1648835","1649139","73","71991687"
"chr3","73654492","73654718","KN294713v1","801014","801236","71","72853478"
"chr3","73923602","73923810","KN295923v1","1986700","1986911","45","71936902"
"chr3","73971393","73971701","KN296322v1","1648835","1649139","66","72322558"
"chr3","74140572","74140739","KN294739v1","985939","986117","47","73154633"
"chr3","74141045","74141187","KN295102v1","72427","72567","26","74068618"
"chr3","74847080","74847257","KN294372v1","2271473","2271671","53","72575607"
"chr3","76750129","76750324","KN294269v1","1609579","1609744","71","75140550"
"chr3","76855603","76855898","KN295352v1","729753","730045","69","76125850"
"chr3","77797751","77798021","KN295142v1","1060850","1061118","23","76736901"
"chr3","78834662","78834952","KN294728v1","765090","765383","62","78069572"
"chr3","79336839","79336950","KN296730v1","144073","144180","25","79192766"
"chr3","80426900","80427131","KN296323v1","1084168","1084429","58","79342732"
"chr3","80430231","80430462","KN296323v1","1084168","1084429","58","79346063"
"chr3","80875348","80875520","KN294303v1","359811","359988","43","80515537"
"chr3","80999364","80999507","KN295102v1","72427","72567","35","80926937"
"chr3","81100546","81100813","KN296323v1","1751607","1751898","60","79348939"
"chr3","81244919","81245228","KN295099v1","55159","55457","80","81189760"
"chr3","81882637","81882942","KN297180v1","314236","314539","71","81568401"
"chr3","82621127","82621260","KN296244v1","253466","253602","34","82367661"
"chr3","82672633","82672805","KN296247v1","751980","752150","43","81920653"
"chr3","82881833","82882099","KN294235v1","979340","979628","81","81902493"
"chr3","83149828","83149990","KN294536v1","420664","420795","50","82729164"
"chr3","83174802","83175135","KN297165v1","2596688","2597002","82","80578114"
"chr3","84342694","84342976","KN295346v1","1646114","1646406","71","82696580"
"chr3","84855687","84855927","KN295601v1","3201776","3202001","72","81653911"
"chr3","85165374","85165678","KN296322v1","1648835","1649139","74","83516539"
"chr3","85614343","85614649","KN295304v1","187752","188056","70","85426591"
"chr3","86156908","86157103","KN294470v1","78054","78217","65","86078854"
"chr3","86317394","86317541","KN296225v1","462090","462236","43","85855304"
"chr3","86790271","86790350","KN295705v1","92388","92471","20","86697883"
"chr3","87151906","87152240","KN295974v1","1415452","1415775","91","85736454"
"chr3","87492206","87492500","KN296864v1","1939832","1940132","68","85552374"
"chr3","89354203","89354530","KN297165v1","2596688","2597002","86","86757515"
"chr3","89385073","89385365","KN296303v1","805215","805501","83","88579858"
"chr3","89965212","89965511","KN297172v1","425019","425322","29","89540193"
"chr3","91110988","91111280","KN294705v1","1127452","1127739","75","89983536"
"chr3","91166808","91166967","KN297319v1","373164","373327","37","90793644"
"chr3","91874411","91874706","KN295708v1","2790498","2790788","65","89083913"
"chr3","91902070","91902355","KN295294v1","1101026","1101317","87","90801044"
"chr3","91904117","91904428","KN295102v1","38793","39103","77","91865324"
"chr3","95079507","95079770","KN296311v1","6546105","6546379","61","88533402"
"chr3","95107625","95107887","KN295594v1","198806","199091","81","94908819"
"chr3","95126770","95126919","KN297046v1","3629118","3629266","40","91497652"
"chr3","95197934","95198106","KN297282v1","57047","57215","39","95140887"
"chr3","95262572","95262839","KN296108v1","1558704","1558968","78","93703868"
"chr3","95352457","95352768","KN295406v1","486578","486886","65","94865879"
"chr3","95604070","95604345","KN296639v1","37858","38116","74","95566212"
"chr3","97236362","97236667","KN297165v1","2596688","2597002","84","94639674"
"chr3","97714939","97715203","KN294552v1","1295874","1296134","72","96419065"
"chr3","98131135","98131438","KN296726v1","179469","179768","76","97951666"
"chr3","98643770","98643937","KN296000v1","898022","898186","39","97745748"
"chr3","98643975","98644046","KN295725v1","1085871","1085933","28","97558104"
"chr3","98938961","98939219","KN295633v1","710070","710329","71","98228891"
"chr3","100302154","100302455","KN297112v1","2231098","2231393","67","98071056"
"chr3","101907480","101907618","KN296573v1","15418","15557","31","101892062"
"chr3","102065525","102065813","KN297133v1","328287","328569","68","101737238"
"chr3","102255335","102255608","KN297048v1","134544","134818","25","102120791"
"chr3","102387543","102387652","KN297048v1","266742","266851","9","102120801"
"chr3","102402280","102402553","KN297048v1","280090","280378","35","102122190"
"chr3","102453770","102454055","KN296001v1","79566","79857","69","102374204"
"chr3","102549299","102549596","KN297048v1","411506","411800","22","102137793"
"chr3","102592604","102592713","KN297048v1","455653","455764","13","102136951"
"chr3","102592744","102592924","KN297048v1","455806","455971","26","102136938"
"chr3","102600269","102600575","KN297048v1","463667","463967","29","102136602"
"chr3","102816910","102816942","KN296167v1","457135","457171","9","102359775"
"chr3","102878679","102879015","KN296926v1","570864","571200","106","102307815"
"chr3","102916280","102916584","KN296948v1","762193","762479","76","102154087"
"chr3","103030443","103030718","KN295090v1","1701796","1702078","64","101328647"
"chr3","103044624","103044899","KN295090v1","1701796","1702078","64","101342828"
"chr3","103071271","103071584","KN296588v1","282556","282869","65","102788715"
"chr3","103079570","103079684","KN296775v1","974808","974917","21","102104762"
"chr3","103795773","103795906","KN294591v1","569932","570064","16","103225841"
"chr3","104701219","104701322","KN295802v1","222325","222434","28","104478894"
"chr3","104756709","104757005","KN296025v1","243224","243517","97","104513485"
"chr3","104960134","104960375","KN296847v1","410946","411169","68","104549188"
"chr3","105486261","105486447","KN297184v1","1787556","1787737","61","103698705"
"chr3","105774543","105774769","KN295108v1","533812","534013","37","105240731"
"chr3","106068261","106068557","KN295108v1","245203","245498","20","105823058"
"chr3","106394564","106394812","KN294410v1","125205","125456","77","106269359"
"chr3","106412869","106413117","KN294410v1","125205","125456","77","106287664"
"chr3","107585194","107585366","KN297319v1","373164","373327","46","107212030"
"chr3","107730683","107730959","KN294493v1","1639497","1639778","79","106091186"
"chr3","108886002","108886287","KN297023v1","152219","152509","68","108733783"
"chr3","109022346","109022483","KN296538v1","514898","515032","24","108507448"
"chr3","109131841","109132136","KN294452v1","1024655","1024959","71","108107186"
"chr3","110539812","110539934","KN296435v1","403416","403537","33","110136396"
"chr3","110700112","110700277","KN296643v1","410184","410354","41","110289928"
"chr3","110700588","110700736","KN296142v1","213909","214054","34","110486679"
"chr3","110808365","110808656","KN295352v1","729753","730045","69","110078612"
"chr3","112178930","112179242","KN295601v1","852180","852488","72","111326750"
"chr3","112788181","112788470","KN295432v1","49437","49735","65","112738744"
"chr3","113227623","113227915","KN295096v1","2492006","2492281","32","110735617"
"chr3","113340802","113341056","KN295096v1","2395672","2395926","25","110945130"
"chr3","113352039","113352293","KN295096v1","2395672","2395926","25","110956367"
"chr3","114496139","114496270","KN295096v1","3635797","3635926","21","110860342"
"chr3","114595678","114595828","KN295977v1","1244806","1244955","25","113350872"
"chr3","114601139","114601437","KN295096v1","1181241","1181532","24","113419898"
"chr3","114717646","114717813","KN295096v1","1069446","1069614","15","113648200"
"chr3","114890104","114890396","KN295449v1","1170610","1170916","68","113719494"
"chr3","115210751","115211059","KN295096v1","563899","564196","31","114646852"
"chr3","115211872","115212097","KN296404v1","2381217","2381439","78","112830655"
"chr3","115299306","115299586","KN295096v1","473883","474137","44","114825423"
"chr3","115353573","115353867","KN295096v1","421919","422214","21","114931654"
"chr3","115463257","115463548","KN295096v1","336012","336312","36","115127245"
"chr3","115718268","115718489","KN295096v1","77543","77764","19","115640725"
"chr3","115729062","115729371","KN295096v1","67157","67456","35","115661905"
"chr3","116415752","116415916","KN294271v1","8882","9045","30","116406870"
"chr3","117814153","117814424","KN296948v1","762193","762479","69","117051960"
"chr3","118628200","118628485","KN297370v1","895025","895325","34","117733175"
"chr3","119192472","119192790","KN294419v1","64733","65033","76","119127739"
"chr3","119520163","119520208","KN296315v1","957611","957658","15","118562552"
"chr3","119635109","119635134","KN296907v1","491287","491310","7","119143822"
"chr3","119635504","119635799","KN295315v1","11474","11758","86","119624030"
"chr3","120321627","120321885","KN294747v1","867897","868151","54","119453730"
"chr3","120583133","120583252","KN297416v1","162444","162561","25","120420689"
"chr3","121196283","121196407","KN296138v1","11819","11953","22","121184464"
"chr3","121216915","121217217","KN294452v1","1374937","1375240","68","119841978"
"chr3","121287042","121287345","KN297058v1","392670","392966","59","120894372"
"chr3","121441191","121441482","KN294987v1","187998","188261","79","121253193"
"chr3","121562352","121562428","KN294470v1","371688","371770","20","121190664"
"chr3","121688291","121688420","KN294260v1","597511","597638","24","121090780"
"chr3","121718542","121718670","KN295705v1","382490","382621","31","121336052"
"chr3","121732560","121732865","KN294806v1","594997","595290","80","121137563"
"chr3","121854566","121854863","KN295346v1","1646114","1646406","64","120208452"
"chr3","121977792","121977888","KN294591v1","157234","157317","25","121820558"
"chr3","122757370","122757643","KN296549v1","23938","24206","70","122733432"
"chr3","123330500","123330786","KN296594v1","298794","299076","30","123031706"
"chr3","123655546","123655840","KN294527v1","273035","273327","65","123382511"
"chr3","124039244","124039423","KN297386v1","1311145","1311308","54","122728099"
"chr3","124049182","124049361","KN297386v1","1311145","1311308","54","122738037"
"chr3","124085277","124085553","KN296594v1","1062445","1062721","24","123022832"
"chr3","124098162","124098363","KN295610v1","77007","77226","56","124021155"
"chr3","124147000","124147300","KN296594v1","1119647","1119944","25","123027353"
"chr3","124295737","124295996","KN296871v1","10096","10361","26","124285641"
"chr3","124304039","124304112","KN295601v1","2866056","2866125","17","121437983"
"chr3","124478538","124478830","KN296649v1","94330","94632","43","124384208"
"chr3","124492733","124493029","KN296649v1","110313","110614","26","124382420"
"chr3","124603730","124604025","KN296649v1","220350","220626","40","124383380"
"chr3","124631329","124631601","KN295205v1","848688","848949","66","123782641"
"chr3","124757599","124757915","KN296308v1","750453","750763","68","124007146"
"chr3","124829958","124830238","KN294260v1","1359230","1359515","64","123470728"
"chr3","124860041","124860325","KN296649v1","474335","474640","34","124385706"
"chr3","124932014","124932262","KN296649v1","550310","550583","40","124381704"
"chr3","124971845","124972095","KN297445v1","1222732","1222973","65","123749113"
"chr3","125120441","125120733","KN294199v1","1022551","1022840","64","124097890"
"chr3","125124026","125124308","KN295171v1","12625","12912","61","125111401"
"chr3","125372444","125372547","KN294499v1","1744755","1744851","27","123627689"
"chr3","125372845","125373057","KN295666v1","152100","152313","56","125220745"
"chr3","126303790","126304066","KN294407v1","1086188","1086466","64","125217602"
"chr3","126896901","126897184","KN295596v1","1789792","1790064","65","125107109"
"chr3","126911440","126911747","KN294421v1","9377","9683","64","126902063"
"chr3","126946623","126946930","KN294421v1","9377","9683","64","126937246"
"chr3","127212634","127212934","KN297180v1","314236","314539","61","126898398"
"chr3","127388524","127388824","KN295667v1","1108671","1108966","68","126279853"
"chr3","127566938","127567251","KN295449v1","1170610","1170916","82","126396328"
"chr3","127989948","127990143","KN296505v1","1257835","1258044","62","126732113"
"chr3","128378756","128379048","KN297462v1","564741","565026","63","127814015"
"chr3","128505578","128505635","KN297095v1","3708734","3708794","11","124796844"
"chr3","128531881","128532172","KN295664v1","85905","86194","70","128445976"
"chr3","128570584","128570881","KN294439v1","130265","130569","59","128440319"
"chr3","128573135","128573421","KN296948v1","762193","762479","79","127810942"
"chr3","129254991","129255125","KN295706v1","131306","131439","19","129123685"
"chr3","130097268","130097572","KN295099v1","55159","55457","66","130042109"
"chr3","130123897","130124165","KN294231v1","3355","3631","71","130120542"
"chr3","130619461","130619514","KN294713v1","372881","372933","5","130246580"
"chr3","130669045","130669321","KN294713v1","427132","427409","15","130241913"
"chr3","130680011","130680310","KN294713v1","436802","437102","24","130243209"
"chr3","130812895","130813206","KN295480v1","1274084","1274387","68","129538811"
"chr3","130858340","130858403","KN296635v1","5251433","5251492","16","125606907"
"chr3","131058608","131058832","KN294713v1","801014","801236","22","130257594"
"chr3","131559813","131559949","KN297023v1","686879","687015","23","130872934"
"chr3","131753872","131754181","KN295633v1","778185","778486","64","130975687"
"chr3","131758410","131758684","KN297390v1","84191","84473","68","131674219"
"chr3","131851249","131851452","KN297026v1","1683472","1683666","47","130167777"
"chr3","132046386","132046594","KN296643v1","482284","482494","49","131564102"
"chr3","133531068","133531209","KN294634v1","146466","146607","7","133384602"
"chr3","134345065","134345181","KN294493v1","412129","412246","9","133932936"
"chr3","134368850","134368996","KN295236v1","1251584","1251728","31","133117266"
"chr3","134369295","134369465","KN296311v1","2361464","2361632","31","132007831"
"chr3","134447168","134447406","KN294493v1","317451","317692","30","134129717"
"chr3","134581349","134581590","KN294493v1","181888","182131","20","134399461"
"chr3","134655470","134655752","KN294493v1","115318","115596","33","134540152"
"chr3","134903705","134903838","KN295540v1","121411","121548","20","134782294"
"chr3","135249150","135249425","KN294728v1","765090","765383","73","134484060"
"chr3","135327099","135327408","KN296378v1","480415","480726","65","134846684"
"chr3","135369573","135369669","KN294996v1","543397","543494","26","134826176"
"chr3","135503736","135504041","KN294439v1","130265","130569","69","135373471"
"chr3","135683115","135683402","KN295090v1","2374852","2375141","57","133308263"
"chr3","135697174","135697327","KN296495v1","1795663","1795811","38","133901511"
"chr3","135714038","135714236","KN297190v1","98686","98881","47","135615352"
"chr3","135729068","135729378","KN294991v1","1709174","1709474","73","134019894"
"chr3","135964737","135964990","KN295893v1","437901","438156","61","135526836"
"chr3","136292411","136292538","KN295294v1","363845","363973","28","135928566"
"chr3","136292841","136293029","KN294697v1","83411","83597","48","136209430"
"chr3","137284815","137285021","KN296296v1","251172","251369","50","137033643"
"chr3","137947490","137947629","KN294336v1","54285","54417","23","137893205"
"chr3","138132789","138133110","KN294210v1","473112","473404","89","137659677"
"chr3","138152570","138152860","KN295825v1","1566146","1566439","25","136586424"
"chr3","138393766","138394055","KN295825v1","1331773","1332061","15","137061993"
"chr3","138536128","138536440","KN295449v1","1170610","1170916","76","137365518"
"chr3","138544066","138544378","KN295449v1","1170610","1170916","76","137373456"
"chr3","138734674","138734951","KN294325v1","979659","979928","74","137755015"
"chr3","138846590","138846721","KN295441v1","789788","789916","19","138056802"
"chr3","138928759","138929028","KN295825v1","821816","822091","27","138106943"
"chr3","138942199","138942480","KN296484v1","1093571","1093842","81","137848628"
"chr3","139113355","139113631","KN295825v1","631333","631608","11","138482022"
"chr3","139240875","139241007","KN295706v1","131306","131439","21","139109569"
"chr3","139302739","139303040","KN295825v1","448521","448800","43","138854218"
"chr3","140314233","140314453","KN295497v1","593429","593654","24","139720804"
"chr3","140338559","140338779","KN295497v1","593429","593654","24","139745130"
"chr3","140469328","140469460","KN295497v1","728854","728986","9","139740474"
"chr3","140808126","140808422","KN296836v1","941548","941848","65","139866578"
"chr3","140857752","140858070","KN295474v1","842239","842543","84","140015513"
"chr3","140870113","140870258","KN296829v1","851332","851478","33","140018781"
"chr3","140904770","140905099","KN295079v1","373372","373674","90","140531398"
"chr3","140941149","140941319","KN295722v1","1546817","1546986","37","139394332"
"chr3","140941921","140942065","KN296210v1","326465","326608","28","140615456"
"chr3","140971897","140972066","KN296117v1","353673","353843","9","140618224"
"chr3","140972645","140972787","KN296117v1","354393","354534","6","140618252"
"chr3","141054280","141054599","KN296117v1","433694","434012","19","140620586"
"chr3","141465051","141465362","KN296117v1","831462","831769","23","140633589"
"chr3","141753399","141753697","KN296864v1","1939832","1940132","68","139813567"
"chr3","143072839","143073003","KN297046v1","3629118","3629266","43","139443721"
"chr3","143073038","143073070","KN296247v1","752176","752210","6","142320862"
"chr3","143154294","143154650","KN296505v1","323963","324278","98","142830331"
"chr3","143197236","143197525","KN297227v1","1123419","1123703","63","142073817"
"chr3","143440885","143441157","KN294419v1","8358","8615","77","143432527"
"chr3","143480255","143480573","KN297219v1","1839754","1840062","66","141640501"
"chr3","143815533","143815762","KN296637v1","653517","653752","65","143162016"
"chr3","143819761","143820058","KN296588v1","2231711","2232014","61","141588050"
"chr3","144090898","144091191","KN297058v1","194613","194917","62","143896285"
"chr3","144173681","144173862","KN294662v1","211735","211913","38","143961946"
"chr3","144229163","144229469","KN297171v1","1715719","1716017","80","142513444"
"chr3","144462895","144463164","KN297375v1","58397","58674","78","144404498"
"chr3","144595711","144596017","KN295346v1","1646114","1646406","71","142949597"
"chr3","144603238","144603531","KN294260v1","822843","823138","66","143780395"
"chr3","144606755","144607055","KN296322v1","1648835","1649139","61","142957920"
"chr3","144718349","144718637","KN294453v1","24436","24724","77","144693913"
"chr3","144832502","144832730","KN297259v1","427903","428124","54","144404599"
"chr3","145037172","145037450","KN294879v1","385981","386259","70","144651191"
"chr3","146356696","146356984","KN295352v1","729753","730045","71","145626943"
"chr3","149186916","149187087","KN294443v1","437013","437176","55","148749903"
"chr3","149187125","149187233","KN297408v1","30096","30198","33","149157029"
"chr3","149677736","149678027","KN297023v1","640512","640805","74","149037224"
"chr3","149719807","149720087","KN296311v1","5278234","5278515","66","144441573"
"chr3","150074361","150074637","KN296515v1","108704","108986","66","149965657"
"chr3","150092225","150092480","KN297310v1","95064","95326","74","149997161"
"chr3","150224122","150224432","KN294239v1","243029","243336","66","149981093"
"chr3","150350496","150350601","KN297452v1","78148","78242","23","150272348"
"chr3","150407643","150407936","KN295406v1","486578","486886","72","149921065"
"chr3","151124527","151124724","KN297313v1","655847","656042","16","150468680"
"chr3","151478414","151478578","KN296210v1","326889","327054","51","151151525"
"chr3","151494598","151494894","KN297184v1","1114866","1115167","70","150379732"
"chr3","151569307","151569534","KN296847v1","410946","411169","51","151158361"
"chr3","152009952","152010232","KN297190v1","2683777","2684071","69","149326175"
"chr3","152084469","152084766","KN296508v1","258998","259298","72","151825471"
"chr3","152646155","152646455","KN296620v1","1074813","1075111","27","151571342"
"chr3","152793927","152794059","KN296146v1","16177","16309","24","152777750"
"chr3","152886031","152886171","KN296311v1","2361921","2362066","37","150524110"
"chr3","152901099","152901269","KN296620v1","826280","826449","9","152074819"
"chr3","152960246","152960538","KN294210v1","473112","473404","67","152487134"
"chr3","154133626","154133941","KN296649v1","28211","28505","82","154105415"
"chr3","154479062","154479342","KN296884v1","1130875","1131150","30","153348187"
"chr3","154554923","154555235","KN294619v1","1593520","1593816","89","152961403"
"chr3","155025640","155025870","KN296062v1","2277688","2277919","55","152747952"
"chr3","155198714","155198836","KN296926v1","988728","988849","30","154209986"
"chr3","155507297","155507574","KN296508v1","1973232","1973505","66","153534065"
"chr3","157320662","157320949","KN295294v1","3123609","3123890","67","154197053"
"chr3","157408359","157408488","KN296818v1","265288","265432","19","157143071"
"chr3","158050145","158050351","KN296158v1","230905","231113","53","157819240"
"chr3","158298539","158298811","KN295987v1","158779","159052","19","158139760"
"chr3","158367017","158367077","KN295987v1","238836","238899","7","158128181"
"chr3","158367376","158367539","KN295987v1","239198","239337","33","158128178"
"chr3","158423351","158423483","KN296004v1","350579","350712","25","158072772"
"chr3","158492138","158492413","KN295967v1","1520844","1521111","68","156971294"
"chr3","159483206","159483323","KN295987v1","1409300","1409399","22","158073906"
"chr3","159730136","159730318","KN294703v1","325831","325997","55","159404305"
"chr3","159798078","159798366","KN295987v1","1740033","1740319","19","158058045"
"chr3","160608205","160608498","KN294873v1","1303218","1303511","70","159304987"
"chr3","161231972","161232238","KN294234v1","2134335","2134588","72","159097637"
"chr3","161358254","161358536","KN296242v1","748222","748483","44","160610032"
"chr3","161947208","161947456","KN294458v1","21581","21829","68","161925627"
"chr3","162511425","162511552","KN296682v1","4980731","4980854","21","157530694"
"chr3","162610998","162611153","KN296108v1","328577","328715","22","162282421"
"chr3","162779334","162779622","KN296108v1","543721","544013","14","162235613"
"chr3","162886072","162886357","KN296108v1","662332","662610","22","162223740"
"chr3","162972397","162972694","KN296108v1","736647","736943","30","162235750"
"chr3","162994429","162994704","KN296108v1","765175","765448","30","162229254"
"chr3","163139330","163139444","KN296108v1","909130","909244","6","162230200"
"chr3","163187975","163188235","KN296108v1","954277","954539","48","162233698"
"chr3","163203557","163203847","KN296108v1","969299","969625","48","162234258"
"chr3","163226521","163226783","KN296108v1","992045","992327","38","162234476"
"chr3","163752638","163752944","KN296108v1","1530313","1530615","25","162222325"
"chr3","163788026","163788271","KN296108v1","1558704","1558968","48","162229322"
"chr3","164154414","164154704","KN296108v1","1951707","1951972","41","162202707"
"chr3","165384173","165384467","KN295388v1","107341","107650","39","165276832"
"chr3","166562488","166562651","KN294548v1","490123","490280","40","166072365"
"chr3","167911603","167911800","KN296732v1","3363129","3363326","67","164548474"
"chr3","168196884","168197185","KN294548v1","1203959","1204261","77","166992925"
"chr3","169999013","169999286","KN294540v1","274141","274402","78","169724872"
"chr3","170390669","170390965","KN295352v1","1382929","1383224","61","169007740"
"chr3","170425971","170426309","KN296926v1","570864","571200","91","169855107"
"chr3","170510622","170510933","KN297180v1","314236","314539","75","170196386"
"chr3","172031107","172031257","KN295236v1","1052651","1052796","28","170978456"
"chr3","172122528","172122835","KN297190v1","3826601","3826872","83","168295927"
"chr3","172238831","172239089","KN295984v1","1341099","1341346","77","170897732"
"chr3","172255496","172255754","KN295984v1","1341099","1341346","77","170914397"
"chr3","172307081","172307361","KN294147v1","2133356","2133601","44","170173725"
"chr3","172867009","172867316","KN294147v1","1590568","1590837","53","171276441"
"chr3","173223126","173223389","KN296311v1","5278234","5278515","78","167944892"
"chr3","174225658","174225958","KN294147v1","277793","278097","36","173947865"
"chr3","174467791","174467911","KN296926v1","455694","455813","30","174012097"
"chr3","174701685","174701968","KN296495v1","1076274","1076557","68","173625411"
"chr3","174902262","174902406","KN296142v1","213909","214054","28","174688353"
"chr3","175195059","175195338","KN296992v1","139571","139845","74","175055488"
"chr3","175525330","175525626","KN295352v1","729753","730045","68","174795577"
"chr3","175620216","175620351","KN295114v1","20274","20431","42","175599942"
"chr3","176103472","176103654","KN296311v1","1023510","1023673","55","175079962"
"chr3","176511851","176512145","KN296507v1","738522","738814","70","175773329"
"chr3","176537356","176537490","KN294451v1","368152","368276","41","176169204"
"chr3","177053640","177053798","KN296315v1","917369","917527","38","176136271"
"chr3","177204054","177204353","KN295923v1","574170","574465","75","176629884"
"chr3","177882824","177882950","KN294711v1","709159","709287","27","177173665"
"chr3","178425317","178425610","KN295165v1","113597","113889","20","178311720"
"chr3","179600420","179600707","KN295923v1","1008322","1008617","64","178592098"
"chr3","180152292","180152427","KN296538v1","514898","515032","26","179637394"
"chr3","180302672","180302912","KN294790v1","133432","133668","59","180169240"
"chr3","180322412","180322704","KN294831v1","228505","228793","65","180093907"
"chr3","180407800","180407931","KN296138v1","11819","11953","20","180395981"
"chr3","180866537","180866783","KN294650v1","596463","596718","68","180270074"
"chr3","181141082","181141311","KN297293v1","389052","389282","66","180752030"
"chr3","181471138","181471254","KN294193v1","654985","655103","29","180816153"
"chr3","181631596","181631837","KN297015v1","27449","27685","61","181604147"
"chr3","182022905","182023201","KN294433v1","673558","673864","25","181349347"
"chr3","182135663","182135971","KN295753v1","26465","26763","76","182109198"
"chr3","182142429","182142707","KN294433v1","559386","559661","23","181583043"
"chr3","182347877","182348157","KN294433v1","339066","339347","31","182008811"
"chr3","182537449","182537747","KN294433v1","139236","139530","20","182398213"
"chr3","182947116","182947403","KN295705v1","823070","823354","59","182124046"
"chr3","183904310","183904613","KN295666v1","767425","767733","74","183136885"
"chr3","183971653","183971697","KN296424v1","39717","39759","9","183931936"
"chr3","184632154","184632321","KN295215v1","279141","279307","44","184353013"
"chr3","184669571","184669842","KN295571v1","291739","292022","25","184377832"
"chr3","184889208","184889500","KN295571v1","511290","511581","30","184377918"
"chr3","184889526","184889705","KN296528v1","1417954","1418126","45","183471572"
"chr3","185420365","185420641","KN295571v1","1033036","1033312","27","184387329"
"chr3","185754107","185754365","KN296036v1","2336843","2337101","13","183417264"
"chr3","185870163","185870456","KN296036v1","2226548","2226840","28","183643615"
"chr3","186025174","186025465","KN296036v1","2072069","2072345","27","183953105"
"chr3","186096350","186096628","KN296036v1","1995992","1996275","15","184100358"
"chr3","186125699","186125827","KN296484v1","556891","557018","24","185568808"
"chr3","186134030","186134337","KN296538v1","333498","333794","68","185800532"
"chr3","186318842","186319139","KN294260v1","822843","823138","69","185495999"
"chr3","186734362","186734664","KN296036v1","1343901","1344205","11","185390461"
"chr3","186780279","186780409","KN296311v1","4657589","4657718","23","182122690"
"chr3","186912653","186912690","KN296646v1","838353","838388","12","186074300"
"chr3","186913000","186913241","KN296467v1","110003","110248","60","186802997"
"chr3","186957859","186958001","KN296036v1","1134902","1135044","14","185822957"
"chr3","187032691","187032853","KN296036v1","1063728","1063901","22","185968963"
"chr3","187182425","187182727","KN296322v1","1648835","1649139","83","185533590"
"chr3","187245363","187245679","KN295667v1","1567361","1567664","67","185678002"
"chr3","187341806","187342118","KN297242v1","1347482","1347793","77","185994324"
"chr3","187424737","187425016","KN296036v1","654600","654911","45","186770137"
"chr3","187569440","187569728","KN296303v1","805215","805501","63","186764225"
"chr3","188045672","188045968","KN296371v1","158213","158508","64","187887459"
"chr3","188064876","188065114","KN295933v1","676121","676354","62","187388755"
"chr3","188444331","188444634","KN296948v1","762193","762479","78","187682138"
"chr3","188463124","188463259","KN296311v1","4657589","4657718","21","183805535"
"chr3","188622073","188622370","KN297398v1","103760","104057","55","188518313"
"chr3","188678850","188679094","KN296036v1","2336843","2337101","58","186342007"
"chr3","188842733","188842860","KN295605v1","687968","688102","26","188154765"
"chr3","189009863","189009953","KN296869v1","143289","143372","32","188866574"
"chr3","190297466","190297602","KN294668v1","2329789","2329926","11","187967677"
"chr3","190765025","190765157","KN296643v1","191078","191208","17","190573947"
"chr3","191565240","191565380","KN294668v1","3524212","3524354","8","188041028"
"chr3","191711775","191712043","KN294668v1","3665996","3666228","49","188045779"
"chr3","193308882","193309179","KN294210v1","473112","473404","60","192835770"
"chr3","193469809","193469996","KN297256v1","164993","165173","42","193304816"
"chr3","193470305","193470356","KN295893v1","883771","883820","13","192586534"
"chr3","193479484","193479671","KN297256v1","164993","165173","42","193314491"
"chr3","193479980","193480031","KN295893v1","883771","883820","13","192596209"
"chr3","193988810","193989108","KN295102v1","38793","39103","65","193950017"
"chr3","194114393","194114665","KN296926v1","1001410","1001687","85","193112983"
"chr3","194227168","194227387","KN294239v1","1582385","1582603","64","192644783"
"chr3","194280896","194281186","KN295352v1","729753","730045","71","193551143"
"chr3","194555739","194556014","KN296550v1","110501","110774","77","194445238"
"chr3","194836008","194836196","KN294269v1","1609579","1609744","56","193226429"
"chr3","194909413","194909684","KN295480v1","1342408","1342684","78","193567005"
"chr3","195380191","195380481","KN297038v1","2793093","2793393","40","192587098"
"chr3","195380782","195381072","KN297038v1","2793093","2793393","39","192587689"
"chr3","195381561","195381847","KN297038v1","2792317","2792604","21","192589244"
"chr3","195401771","195402059","KN297038v1","2772172","2772456","27","192629599"
"chr3","195892624","195892909","KN295907v1","1678208","1678490","66","194214416"
"chr3","196404586","196404743","KN296864v1","3353170","3353334","39","193051416"
"chr3","197042813","197043101","KN297038v1","1161612","1161928","53","195881201"
"chr3","197134877","197134996","KN297038v1","1091986","1092105","15","196042891"
"chr3","197292127","197292259","KN297038v1","940555","940687","5","196351572"
"chr3","197915214","197915333","KN297038v1","317140","317257","5","197598074"
"chr3","197951542","197951676","KN297038v1","275715","275848","10","197675827"
"chr3","197951974","197952149","KN297038v1","275241","275429","26","197676733"
"chr3","198644742","198644911","KN297184v1","81214","81385","50","198563528"
"chr3","198707571","198707891","KN296542v1","103665","103974","76","198603906"
"chr3","198715848","198715978","KN294207v1","126950","127083","24","198588898"
"chr3","198845799","198845927","KN295449v1","587976","588098","25","198257823"
"chr3","198907805","198908108","KN295757v1","30134","30432","60","198877671"
"chr3","198980098","198980225","KN296802v1","177374","177511","22","198802724"
"chr3","199114226","199114356","KN296643v1","191078","191208","15","198923148"
"chr3","199154951","199155068","KN295459v1","830730","830850","22","198324221"
"chr3","199306664","199306791","KN296802v1","177374","177511","21","199129290"
"chr3","199420070","199420190","KN295586v1","442465","442585","32","198977605"
"chr3","199420526","199420666","KN294711v1","1194000","1194162","47","198226526"
"chr3","199585693","199585992","KN296507v1","738522","738814","75","198847171"
"chr3","199685612","199685831","KN295601v1","3201776","3202001","77","196483836"
"chr3","199775210","199775476","KN294991v1","1341110","1341371","65","198434100"
"chr3","199789678","199789987","KN295753v1","26465","26763","73","199763213"
"chr3","199790314","199790453","KN294964v1","965459","965591","26","198824855"
"chr3","199811080","199811352","KN296495v1","1076274","1076557","64","198734806"
"chr3","199906653","199906785","KN295441v1","1418402","1418531","18","198488251"
"chr3","200049177","200049290","KN294172v1","5235612","5235723","24","194813565"
"chr3","200121288","200121428","KN297445v1","1333351","1333481","27","198787937"
"chr3","200231107","200231403","KN296538v1","333498","333794","58","199897609"
"chr3","200839353","200839483","KN294187v1","133756","133890","25","200705597"
"chr3","200855433","200855522","KN294199v1","600558","600649","25","200254875"
"chr3","200888000","200888276","KN296731v1","1334848","1335136","66","199553152"
"chr3","200897494","200897633","KN296802v1","158572","158710","18","200738922"
"chr3","201203731","201204010","KN296404v1","2095101","2095370","61","199108630"
"chr3","201323043","201323325","KN296303v1","805215","805501","58","200517828"
"chr3","201341684","201341835","KN294856v1","256027","256175","40","201085657"
"chr4","560617","560939","KN297327v1","236069","236376","70","324548"
"chr4","1137578","1137868","KN297327v1","807993","808286","20","329585"
"chr4","1247789","1248074","KN297180v1","110970","111263","58","1136819"
"chr4","1367862","1368020","KN297327v1","1056034","1056190","6","311828"
"chr4","1368337","1368482","KN297327v1","1056507","1056652","15","311830"
"chr4","1608485","1608622","KN296820v1","874322","874456","25","734163"
"chr4","1661073","1661193","KN296402v1","596172","596293","31","1064901"
"chr4","1841589","1841875","KN294199v1","1022551","1022840","64","819038"
"chr4","1860715","1861017","KN294187v1","1887786","1888062","86","27071"
"chr4","1961450","1961500","KN295666v1","642449","642493","21","1319001"
"chr4","1962540","1962701","KN294911v1","4985405","4985572","42","3022865"
"chr4","2205682","2205962","KN294261v1","349079","349368","80","1856603"
"chr4","2287028","2287193","KN296096v1","680679","680846","43","1606349"
"chr4","2506522","2506789","KN294499v1","1906911","1907192","70","599611"
"chr4","2510351","2510488","KN295605v1","687968","688102","34","1822383"
"chr4","2510788","2510954","KN296311v1","2361464","2361632","39","149324"
"chr4","2513030","2513177","KN296004v1","350579","350712","50","2162451"
"chr4","2513500","2513623","KN294172v1","6039824","6039947","21","3526324"
"chr4","2650500","2650800","KN294453v1","24436","24724","71","2626064"
"chr4","2700277","2700615","KN297058v1","194613","194917","90","2505664"
"chr4","2799973","2800131","KN295293v1","32626","32785","41","2767347"
"chr4","2914505","2914650","KN295605v1","687968","688102","33","2226537"
"chr4","3173217","3173510","KN295633v1","778185","778486","72","2395032"
"chr4","3297473","3297757","KN296964v1","1814390","1814681","62","1483083"
"chr4","4447183","4447318","KN295706v1","131306","131439","19","4315877"
"chr4","4677266","4677402","KN294987v1","646342","646477","30","4030924"
"chr4","4679502","4679816","KN297066v1","48943","49249","70","4630559"
"chr4","4805692","4805965","KN295983v1","1223920","1224199","60","3581772"
"chr4","5739889","5740199","KN296513v1","2638593","2638902","35","3101296"
"chr4","6379522","6379810","KN296513v1","2011249","2011526","41","4368273"
"chr4","6747661","6747948","KN297046v1","1666770","1667044","65","5080891"
"chr4","7045996","7046263","KN296513v1","1353262","1353530","17","5692734"
"chr4","7123472","7123745","KN296513v1","1275786","1276072","36","5847686"
"chr4","7138616","7138903","KN296513v1","1263369","1263649","23","5875247"
"chr4","8013542","8013835","KN297026v1","800582","800867","61","7212960"
"chr4","8104144","8104473","KN296513v1","318377","318665","53","7785767"
"chr4","8135974","8136286","KN295480v1","1274084","1274387","68","6861890"
"chr4","8690759","8691014","KN294325v1","756815","757073","57","7933944"
"chr4","9898477","9898611","KN294741v1","800030","800163","22","9098447"
"chr4","10177150","10177431","KN295708v1","735658","735943","65","9441492"
"chr4","10577298","10577558","KN295267v1","81052","81310","64","10496246"
"chr4","10581488","10581792","KN294539v1","3359067","3359368","66","7222421"
"chr4","10623261","10623519","KN296731v1","1403282","1403549","65","9219979"
"chr4","11008621","11008753","KN294964v1","1607117","1607249","21","9401504"
"chr4","11476400","11476682","KN295122v1","132335","132620","20","11344065"
"chr4","12865685","12865977","KN295667v1","1567361","1567664","67","11298324"
"chr4","14791906","14792170","KN294571v1","2055636","2055896","70","12736270"
"chr4","16566167","16566460","KN296337v1","320053","320347","23","16246114"
"chr4","16786883","16787192","KN296588v1","2231711","2232014","73","14555172"
"chr4","17075106","17075384","KN296442v1","1155078","1155358","66","15920028"
"chr4","17075411","17075423","KN294526v1","385203","385213","4","16690208"
"chr4","18415737","18416052","KN296078v1","592394","592711","29","17823343"
"chr4","19058448","19058753","KN294421v1","9377","9683","74","19049071"
"chr4","19064753","19065047","KN296078v1","1273538","1273831","18","17791215"
"chr4","19769896","19770188","KN296202v1","201399","201689","34","19568497"
"chr4","19847057","19847352","KN296202v1","278185","278478","22","19568872"
"chr4","19874856","19875163","KN295633v1","778185","778486","74","19096671"
"chr4","20566602","20566882","KN295594v1","198806","199091","71","20367796"
"chr4","21103169","21103480","KN294452v1","1024655","1024959","68","20078514"
"chr4","21678303","21678437","KN296311v1","2361921","2362066","32","19316382"
"chr4","22054634","22054776","KN296743v1","1131978","1132124","32","20922656"
"chr4","22484067","22484351","KN296864v1","3138537","3138822","70","19345530"
"chr4","22492461","22492694","KN297095v1","2669325","2669548","60","19823136"
"chr4","23347587","23347890","KN295433v1","2018712","2019016","18","21328875"
"chr4","24043245","24043413","KN297259v1","978533","978700","48","23064712"
"chr4","24830708","24831010","KN295433v1","523472","523773","26","24307236"
"chr4","24841129","24841290","KN295433v1","513011","513183","20","24328118"
"chr4","24941820","24942099","KN295433v1","425544","425817","27","24516276"
"chr4","25069853","25070183","KN295384v1","67573","67866","98","25002280"
"chr4","25110148","25110290","KN295433v1","242929","243071","10","24867219"
"chr4","25181692","25181823","KN295433v1","157749","157881","8","25023943"
"chr4","25638537","25638796","KN296270v1","506695","506963","35","25131842"
"chr4","25750424","25750741","KN296270v1","393341","393657","22","25357083"
"chr4","25999820","25999999","KN295548v1","755573","755752","45","25244247"
"chr4","26078115","26078388","KN296270v1","82151","82427","26","25995964"
"chr4","26101789","26102076","KN296270v1","58872","59155","33","26042917"
"chr4","26139812","26139948","KN296270v1","18425","18558","18","26121387"
"chr4","26289140","26289224","KN296276v1","103002","103085","18","26186138"
"chr4","28103621","28103899","KN295195v1","164063","164337","47","27939558"
"chr4","28273109","28273264","KN296864v1","3353170","3353334","45","24919939"
"chr4","30194700","30194966","KN295685v1","1371231","1371500","20","28823469"
"chr4","30675903","30676175","KN296467v1","104385","104665","84","30571518"
"chr4","30700915","30701033","KN297038v1","317140","317257","22","30383775"
"chr4","31040771","31041051","KN295667v1","935881","936160","76","30104890"
"chr4","31486401","31486674","KN296948v1","762193","762479","69","30724208"
"chr4","31650208","31650412","KN295533v1","2434686","2434882","59","29215522"
"chr4","31758450","31758581","KN296311v1","4657589","4657718","24","27100861"
"chr4","31894036","31894325","KN296495v1","1076274","1076557","66","30817762"
"chr4","32426914","32427187","KN296577v1","367163","367438","83","32059751"
"chr4","32593044","32593345","KN294407v1","1718897","1719202","72","30874147"
"chr4","32982497","32982603","KN295533v1","2025413","2025521","28","30957084"
"chr4","34698982","34699218","KN294446v1","801059","801280","71","33897923"
"chr4","35874930","35875062","KN295983v1","3161094","3161227","6","32713836"
"chr4","37556825","37557128","KN295983v1","1440757","1441062","32","36116068"
"chr4","37781197","37781471","KN295983v1","1223920","1224199","23","36557277"
"chr4","37970888","37971012","KN295983v1","1014873","1014997","9","36956015"
"chr4","38092629","38092779","KN295983v1","891257","891419","23","37201372"
"chr4","38276454","38276754","KN294539v1","1692531","1692809","78","36583923"
"chr4","38506057","38506364","KN295983v1","481615","481941","41","38024442"
"chr4","38854163","38854427","KN295983v1","165908","166176","36","38688255"
"chr4","39000359","39000389","KN296926v1","172530","172554","14","38827829"
"chr4","39000789","39000833","KN295854v1","1484570","1484606","16","37516219"
"chr4","39004035","39004164","KN295983v1","35013","35146","14","38969022"
"chr4","39157022","39157126","KN296153v1","1944022","1944129","25","37213000"
"chr4","39205867","39206129","KN294571v1","170629","170908","41","39035238"
"chr4","39208117","39208221","KN296955v1","342499","342601","27","38865618"
"chr4","39219161","39219447","KN294571v1","184233","184523","22","39034928"
"chr4","39312119","39312191","KN296557v1","576863","576932","24","38735256"
"chr4","39362471","39362687","KN295610v1","77007","77226","49","39285464"
"chr4","39405161","39405484","KN296322v1","1648835","1649139","81","37756326"
"chr4","39421150","39421380","KN297180v1","531711","531948","54","38889439"
"chr4","39432850","39433079","KN294325v1","70499","70728","55","39362351"
"chr4","39465168","39465438","KN294571v1","441271","441558","40","39023897"
"chr4","39479474","39479740","KN294571v1","449658","449947","37","39029816"
"chr4","39500282","39500440","KN294571v1","466150","466306","10","39034132"
"chr4","39594494","39594742","KN294571v1","557849","558097","6","39036645"
"chr4","39825924","39826055","KN296643v1","262990","263118","24","39562934"
"chr4","39872554","39872854","KN296322v1","1648835","1649139","60","38223719"
"chr4","40148587","40148708","KN294571v1","1124149","1124276","14","39024438"
"chr4","40155726","40155995","KN294571v1","1132204","1132487","29","39023522"
"chr4","40165731","40166008","KN296833v1","363360","363645","69","39802371"
"chr4","40376178","40376261","KN295114v1","90269","90346","21","40285909"
"chr4","40391103","40391266","KN294571v1","1356097","1356254","24","39035006"
"chr4","40610603","40610698","KN295099v1","121818","121917","32","40488785"
"chr4","40672466","40672637","KN294571v1","1642206","1642380","14","39030260"
"chr4","40677976","40678147","KN294571v1","1642206","1642380","13","39035770"
"chr4","41108395","41108662","KN294571v1","2055636","2055896","15","39052759"
"chr4","41412271","41412529","KN294571v1","2363835","2364096","27","39048436"
"chr4","41705118","41705282","KN294571v1","2648381","2648572","41","39056737"
"chr4","41902241","41902375","KN294571v1","2837755","2837891","10","39064486"
"chr4","42310669","42310860","KN294245v1","378185","378379","13","41932484"
"chr4","42820508","42820753","KN294245v1","937799","938043","14","41882709"
"chr4","43496031","43496313","KN295149v1","76881","77160","29","43419150"
"chr4","44798795","44799084","KN296955v1","136917","137220","69","44661878"
"chr4","46757446","46757592","KN296486v1","60099","60235","40","46697347"
"chr4","48263128","48263350","KN294278v1","69930","70143","25","48193198"
"chr4","48402845","48403144","KN297219v1","1576359","1576655","64","46826486"
"chr4","48444009","48444294","KN295346v1","1646114","1646406","70","46797895"
"chr4","48498478","48498681","KN296548v1","82794","82989","52","48415684"
"chr4","48542761","48543023","KN297165v1","2693282","2693560","74","45849479"
"chr4","48667316","48667619","KN297058v1","392670","392966","65","48274646"
"chr4","48689492","48689602","KN294187v1","143442","143547","21","48546050"
"chr4","59574886","59575074","KN296548v1","82794","82989","37","59492092"
"chr4","60472368","60472616","KN295933v1","676121","676354","40","59796247"
"chr4","60732151","60732293","KN294964v1","2000421","2000556","29","58731730"
"chr4","60938560","60938880","KN296244v1","296863","297159","74","60641697"
"chr4","60985012","60985150","KN296153v1","339154","339289","30","60645858"
"chr4","61030211","61030364","KN294470v1","385030","385177","43","60645181"
"chr4","61030392","61030487","KN296176v1","117422","117529","28","60912970"
"chr4","61117251","61117513","KN295933v1","79820","80084","14","61037431"
"chr4","61151920","61152213","KN295933v1","40027","40319","11","61111893"
"chr4","61165088","61165341","KN295933v1","22121","22373","26","61142967"
"chr4","61978055","61978354","KN295633v1","1633983","1634282","72","60344072"
"chr4","61980639","61980938","KN295633v1","1633983","1634282","72","60346656"
"chr4","62325681","62325977","KN295159v1","1121018","1121319","38","61204663"
"chr4","62636954","62637236","KN295159v1","1450071","1450358","22","61186883"
"chr4","63047078","63047316","KN295633v1","710070","710329","71","62337008"
"chr4","63282922","63283105","KN297256v1","164993","165173","38","63117929"
"chr4","63753218","63753434","KN296743v1","1848381","1848599","56","61904837"
"chr4","66258446","66258750","KN297180v1","314236","314539","77","65944210"
"chr4","66460961","66461252","KN294452v1","998051","998338","68","65462910"
"chr4","66656352","66656558","KN295533v1","2434686","2434882","53","64221666"
"chr4","66740943","66741234","KN297327v1","807993","808286","64","65932950"
"chr4","67169706","67169838","KN294790v1","3690102","3690234","27","63479604"
"chr4","67174745","67175026","KN294493v1","115318","115596","65","67059427"
"chr4","67282806","67283096","KN296303v1","805215","805501","58","66477591"
"chr4","67690561","67690769","KN297159v1","117175","117389","65","67573386"
"chr4","67718806","67718922","KN294199v1","969997","970115","32","66748809"
"chr4","67718948","67719118","KN294199v1","348435","348600","43","67370513"
"chr4","68162102","68162397","KN295117v1","112788","113084","63","68049314"
"chr4","69817621","69817909","KN294210v1","473112","473404","67","69344509"
"chr4","69828588","69828890","KN295633v1","909764","910066","73","68918824"
"chr4","70332424","70332648","KN296119v1","805789","806002","56","69526635"
"chr4","71639628","71639896","KN297046v1","2618508","2618781","66","69021120"
"chr4","71772104","71772255","KN294991v1","1461914","1462059","32","70310190"
"chr4","71799293","71799437","KN294899v1","1194408","1194556","41","70604885"
"chr4","71935757","71936022","KN294325v1","756815","757073","73","71178942"
"chr4","71958045","71958339","KN295346v1","1646114","1646406","62","70311931"
"chr4","71985606","71985690","KN295633v1","2100867","2100948","19","69884739"
"chr4","72227387","72227520","KN296093v1","103205","103337","26","72124182"
"chr4","72560859","72561009","KN295721v1","382777","382938","17","72178082"
"chr4","72563969","72564259","KN295236v1","3511059","3511338","65","69052910"
"chr4","72612646","72612922","KN296577v1","852929","853199","75","71759717"
"chr4","72616307","72616613","KN296836v1","941548","941848","66","71674759"
"chr4","72621487","72621598","KN295236v1","1140799","1140905","20","71480688"
"chr4","72758559","72758695","KN296538v1","514898","515032","18","72243661"
"chr4","72802404","72802698","KN295352v1","729753","730045","56","72072651"
"chr4","72836888","72837182","KN295352v1","729753","730045","56","72107135"
"chr4","73015100","73015398","KN296542v1","103665","103974","42","72911435"
"chr4","73291193","73291456","KN294233v1","699658","699929","30","72591535"
"chr4","73298595","73298902","KN294233v1","692987","693269","43","72605608"
"chr4","73355765","73355897","KN294233v1","633773","633909","23","72721992"
"chr4","73504583","73504881","KN294172v1","1404856","1405150","72","72099727"
"chr4","73581568","73581843","KN294233v1","419853","420147","44","73161715"
"chr4","74263751","74263877","KN296101v1","38623","38748","22","74225128"
"chr4","74326093","74326199","KN295450v1","177872","177982","25","74148221"
"chr4","74374329","74374573","KN294458v1","21581","21829","57","74352748"
"chr4","74449471","74449774","KN297153v1","798177","798480","68","73651294"
"chr4","74720693","74721026","KN295080v1","116795","117109","97","74603898"
"chr4","75352568","75352693","KN296426v1","870075","870198","8","74482493"
"chr4","75415091","75415222","KN295706v1","131306","131439","22","75283785"
"chr4","75472792","75473089","KN295607v1","3877142","3877440","56","71595650"
"chr4","75795467","75795745","KN294302v1","861450","861728","57","74934017"
"chr4","76005158","76005435","KN297112v1","2231098","2231393","63","73774060"
"chr4","76081013","76081144","KN296426v1","159446","159578","14","75921567"
"chr4","76111889","76112162","KN296426v1","129623","129895","12","75982266"
"chr4","76524353","76524487","KN294536v1","420664","420795","31","76103689"
"chr4","76637109","76637332","KN297047v1","3756205","3756418","56","72880904"
"chr4","76835558","76835704","KN294899v1","1194408","1194556","35","75641150"
"chr4","76916455","76916674","KN295533v1","2434686","2434882","64","74481769"
"chr4","80238745","80238931","KN296548v1","82794","82989","34","80155951"
"chr4","80242579","80242897","KN297046v1","3065440","3065749","78","77177139"
"chr4","82291708","82292011","KN294561v1","1391096","1391405","26","80900612"
"chr4","83965857","83966150","KN295346v1","1646114","1646406","66","82319743"
"chr4","83973127","83973277","KN295294v1","2315840","2315974","38","81657287"
"chr4","84096888","84097166","KN294279v1","171583","171867","70","83925305"
"chr4","84366515","84366834","KN294526v1","292497","292818","81","84074018"
"chr4","86179759","86179912","KN295293v1","32626","32785","35","86147133"
"chr4","86660493","86660785","KN295814v1","212884","213163","75","86447609"
"chr4","86780918","86781152","KN295320v1","393096","393331","72","86387822"
"chr4","86789574","86789808","KN295320v1","393096","393331","72","86396478"
"chr4","86813252","86813529","KN294571v1","2055636","2055896","64","84757616"
"chr4","86827158","86827411","KN295205v1","848688","848949","73","85978470"
"chr4","86940559","86940876","KN295633v1","778185","778486","73","86162374"
"chr4","86965004","86965284","KN297068v1","77746","78036","71","86887258"
"chr4","87002804","87003082","KN295267v1","81052","81310","68","86921752"
"chr4","87193812","87194115","KN294161v1","70789","71092","27","87123023"
"chr4","87344005","87344146","KN294761v1","1021261","1021399","27","86322744"
"chr4","87549871","87550158","KN294161v1","426437","426733","33","87123434"
"chr4","87615691","87615989","KN294161v1","491457","491757","22","87124234"
"chr4","87877614","87877704","KN294161v1","775838","775928","1","87101776"
"chr4","88812563","88812714","KN296229v1","450694","450838","51","88361869"
"chr4","88813322","88813453","KN295112v1","531236","531368","25","88282086"
"chr4","88839284","88839410","KN294410v1","486228","486353","29","88353056"
"chr4","88906479","88906762","KN296495v1","1076274","1076557","66","87830205"
"chr4","89572802","89573093","KN294539v1","1692531","1692809","69","87880271"
"chr4","89659888","89660206","KN296833v1","198739","199022","87","89461149"
"chr4","89786161","89786441","KN294827v1","308694","308985","30","89477467"
"chr4","90014284","90014560","KN294827v1","74375","74619","49","89939909"
"chr4","90638116","90638408","KN294279v1","171583","171867","74","90466533"
"chr4","91658374","91658505","KN294457v1","130203","130331","19","91528171"
"chr4","91937364","91937530","KN294911v1","4985405","4985572","29","86951959"
"chr4","92182080","92182337","KN294552v1","1295874","1296134","75","90886206"
"chr4","92398709","92398843","KN296138v1","11819","11953","27","92386890"
"chr4","92908527","92908819","KN295910v1","54930","55220","31","92853597"
"chr4","93045748","93045902","KN296145v1","649092","649233","33","92396656"
"chr4","93045928","93046045","KN294499v1","518311","518429","21","92527617"
"chr4","93443387","93443440","KN295893v1","883771","883820","10","92559616"
"chr4","93449703","93449794","KN296322v1","2683415","2683511","25","90766288"
"chr4","93449826","93449840","KN296964v1","1498351","1498365","2","91951475"
"chr4","93506293","93506425","KN295906v1","88165","88296","21","93418128"
"chr4","93521237","93521519","KN294260v1","1091595","1091881","83","92429642"
"chr4","93796465","93796752","KN295315v1","11474","11758","65","93784991"
"chr4","93898693","93898939","KN294613v1","331392","331636","68","93567301"
"chr4","93969149","93969448","KN296244v1","296863","297159","73","93672286"
"chr4","93970093","93970365","KN294806v1","594997","595290","76","93375096"
"chr4","94002337","94002505","KN296096v1","680679","680846","44","93321658"
"chr4","94055134","94055442","KN295936v1","78605","78913","63","93976529"
"chr4","94077573","94077866","KN296311v1","5278234","5278515","70","88799339"
"chr4","94122146","94122435","KN294571v1","2055636","2055896","86","92066510"
"chr4","94253846","94254135","KN294210v1","473112","473404","59","93780734"
"chr4","94323469","94323744","KN297046v1","1666770","1667044","71","92656699"
"chr4","94366473","94366643","KN296508v1","1437177","1437349","41","92929296"
"chr4","94366920","94367067","KN295034v1","243361","243503","26","94123559"
"chr4","94503302","94503423","KN296508v1","1436772","1436888","27","93066530"
"chr4","94503728","94503761","KN297019v1","1003712","1003746","12","93500016"
"chr4","94514417","94514601","KN294287v1","645666","645855","48","93868751"
"chr4","95590474","95590732","KN296833v1","312569","312838","78","95277905"
"chr4","95809023","95809297","KN295424v1","217973","218258","59","95591050"
"chr4","95872810","95873132","KN295294v1","3535802","3536094","86","92337008"
"chr4","95969190","95969438","KN297046v1","2130311","2130564","57","93838879"
"chr4","95994252","95994545","KN295346v1","1646114","1646406","61","94348138"
"chr4","96779856","96780153","KN294207v1","595798","596096","74","96184058"
"chr4","97025849","97026131","KN296508v1","1973232","1973505","73","95052617"
"chr4","97098195","97098488","KN296622v1","165713","166010","35","96932482"
"chr4","97724167","97724461","KN295352v1","729753","730045","61","96994414"
"chr4","97889475","97889749","KN297008v1","6549351","6549627","64","91340124"
"chr4","97960718","97960814","KN297163v1","685235","685337","27","97275483"
"chr4","98109371","98109672","KN295480v1","1402909","1403227","70","96706462"
"chr4","98173726","98173983","KN295346v1","1243459","1243703","64","96930267"
"chr4","98475546","98475834","KN295074v1","1590278","1590572","82","96885268"
"chr4","98566830","98567128","KN296322v1","1648835","1649139","60","96917995"
"chr4","98589018","98589327","KN297112v1","2231098","2231393","69","96357920"
"chr4","98856523","98856805","KN295977v1","399743","400033","65","98456780"
"chr4","99214242","99214529","KN296948v1","762193","762479","62","98452049"
"chr4","99222631","99222918","KN296311v1","5278234","5278515","72","93944397"
"chr4","99281186","99281477","KN296025v1","243224","243517","23","99037962"
"chr4","99340438","99340611","KN295326v1","444837","444999","45","98895601"
"chr4","99345599","99345763","KN296025v1","179010","179141","39","99166589"
"chr4","99533453","99533587","KN296311v1","4815038","4815168","24","94718415"
"chr4","99615565","99615625","KN295987v1","1877933","1877988","12","97737632"
"chr4","99617368","99617460","KN296119v1","3502497","3502581","24","96114871"
"chr4","99669414","99669691","KN296311v1","5278234","5278515","67","94391180"
"chr4","100328221","100328522","KN296322v1","1648835","1649139","64","98679386"
"chr4","101287043","101287327","KN295984v1","150673","150962","65","101136370"
"chr4","101353736","101354024","KN294911v1","891917","892211","73","100461819"
"chr4","101977786","101977900","KN295350v1","290367","290482","28","101687419"
"chr4","101977931","101978070","KN295803v1","255996","256129","37","101721935"
"chr4","101978492","101978659","KN296495v1","2297861","2298026","41","99680631"
"chr4","102302338","102302630","KN297046v1","2130311","2130564","80","100172027"
"chr4","102586162","102586474","KN295352v1","729753","730045","69","101856409"
"chr4","102885599","102885888","KN295633v1","1501780","1502052","82","101383819"
"chr4","104004483","104004787","KN294399v1","171378","171682","74","103833105"
"chr4","104092141","104092444","KN295633v1","909764","910066","71","103182377"
"chr4","104364187","104364515","KN295667v1","1567361","1567664","80","102796826"
"chr4","104386415","104386709","KN295346v1","1646114","1646406","65","102740301"
"chr4","104955633","104955764","KN295523v1","2963662","2963794","28","101991971"
"chr4","105180797","105181000","KN295994v1","491289","491494","42","104689508"
"chr4","105243010","105243308","KN294207v1","595798","596096","70","104647212"
"chr4","105435529","105435817","KN295983v1","1223920","1224199","60","104211609"
"chr4","105605366","105605658","KN296495v1","1076274","1076557","64","104529092"
"chr4","105706184","105706315","KN295706v1","131306","131439","17","105574878"
"chr4","106147651","106147817","KN294548v1","490123","490280","44","105657528"
"chr4","106158318","106158548","KN294790v1","1805364","1805592","55","104352954"
"chr4","106537069","106537368","KN296507v1","738522","738814","71","105798547"
"chr4","107971125","107971442","KN296322v1","1648835","1649139","76","106322290"
"chr4","108105512","108105740","KN297259v1","427903","428124","63","107677609"
"chr4","108154456","108154775","KN297422v1","237592","237901","37","107916864"
"chr4","108577844","108578151","KN296322v1","1648835","1649139","78","106929009"
"chr4","109411525","109411772","KN297180v1","531711","531948","72","108879814"
"chr4","109412665","109412749","KN296311v1","3055394","3055483","23","106357271"
"chr4","109654884","109655173","KN294825v1","328794","329097","30","109326090"
"chr4","109698366","109698481","KN294705v1","1831138","1831252","22","107867228"
"chr4","109799295","109799608","KN294825v1","179159","179426","63","109620136"
"chr4","109822508","109822801","KN294825v1","156055","156355","34","109666453"
"chr4","110079934","110080208","KN295929v1","406328","406615","29","109673606"
"chr4","110156536","110156668","KN295929v1","326989","327121","11","109829547"
"chr4","110248651","110248945","KN295929v1","240001","240300","23","110008650"
"chr4","110274013","110274294","KN295284v1","51299","51592","77","110222714"
"chr4","111411612","111411760","KN296829v1","851332","851478","13","110560280"
"chr4","111442378","111442526","KN296829v1","851332","851478","13","110591046"
"chr4","111479362","111479631","KN296829v1","887562","887839","33","110591800"
"chr4","112821560","112821866","KN295841v1","375366","375667","30","112446194"
"chr4","113669709","113669789","KN295205v1","192453","192523","24","113477256"
"chr4","114462848","114462987","KN296486v1","60099","60235","31","114402749"
"chr4","115206960","115207255","KN296086v1","312664","312972","42","114894296"
"chr4","116015380","116015577","KN294207v1","140158","140336","54","115875222"
"chr4","116055102","116055393","KN294172v1","1404856","1405150","73","114650246"
"chr4","116575334","116575615","KN296948v1","762193","762479","65","115813141"
"chr4","116971675","116971809","KN296820v1","874322","874456","10","116097353"
"chr4","118345078","118345382","KN296966v1","530151","530451","23","117814927"
"chr4","119290704","119290993","KN295257v1","300761","301044","72","118989943"
"chr4","119332851","119333124","KN297159v1","1843590","1843857","75","117489261"
"chr4","119809855","119810156","KN297150v1","178618","178915","30","119631237"
"chr4","120007011","120007317","KN294578v1","639003","639297","66","119368008"
"chr4","120860361","120860443","KN294535v1","80806","80875","25","120779555"
"chr4","121103093","121103394","KN297398v1","103760","104057","28","120999333"
"chr4","121252592","121252895","KN295346v1","1646114","1646406","71","119606478"
"chr4","121391619","121391918","KN294758v1","3078424","3078721","67","118313195"
"chr4","121670305","121670605","KN294421v1","9377","9683","68","121660928"
"chr4","121735045","121735186","KN295102v1","72427","72567","22","121662618"
"chr4","122507433","122507693","KN296528v1","1411593","1411869","69","121095840"
"chr4","123831168","123831484","KN297066v1","48943","49249","75","123782225"
"chr4","124173911","124174009","KN295099v1","121818","121917","34","124052093"
"chr4","124341707","124341870","KN295096v1","1069446","1069614","39","123272261"
"chr4","124342183","124342311","KN294583v1","189119","189254","30","124153064"
"chr4","124596685","124596972","KN294806v1","594997","595290","74","124001688"
"chr4","124680720","124680782","KN296635v1","5251433","5251492","19","119429287"
"chr4","124757101","124757384","KN294420v1","816046","816329","60","123941055"
"chr4","124882025","124882340","KN295102v1","387826","388136","72","124494199"
"chr4","125793661","125793939","KN294552v1","1295874","1296134","66","124497787"
"chr4","126804680","126804987","KN296588v1","2231711","2232014","71","124572969"
"chr4","127961625","127961878","KN296871v1","10096","10361","77","127951529"
"chr4","129118105","129118397","KN295117v1","112788","113084","74","129005317"
"chr4","129127061","129127260","KN295828v1","60967","61166","11","129066094"
"chr4","129213865","129214157","KN295117v1","112788","113084","74","129101077"
"chr4","129222941","129223140","KN295828v1","60967","61166","11","129161974"
"chr4","130085327","130085519","KN295828v1","908100","908291","9","129177227"
"chr4","130124372","130124516","KN295708v1","713476","713615","29","129410896"
"chr4","130125719","130126011","KN297046v1","3625951","3626247","72","126499768"
"chr4","130126855","130126981","KN295828v1","950130","950251","15","129176725"
"chr4","130127282","130127428","KN295828v1","950552","950701","13","129176730"
"chr4","130196291","130196580","KN294806v1","594997","595290","57","129601294"
"chr4","130362080","130362209","KN296311v1","4815038","4815168","26","125547042"
"chr4","130365192","130365245","KN296316v1","254338","254391","2","130110854"
"chr4","130365575","130365674","KN296316v1","253938","254035","6","130111637"
"chr4","130374280","130374336","KN296316v1","254338","254391","6","130119942"
"chr4","130374658","130374757","KN296316v1","253938","254035","7","130120720"
"chr4","130412857","130413028","KN294269v1","1609579","1609744","51","128803278"
"chr4","130415211","130415352","KN294506v1","236315","236445","41","130178896"
"chr4","131136003","131136260","KN295828v1","1635308","1635575","31","129500695"
"chr4","131212829","131212923","KN294570v1","273775","273869","5","130939054"
"chr4","131213453","131213552","KN296316v1","253938","254035","7","130959515"
"chr4","131213882","131213935","KN296316v1","254338","254391","3","130959544"
"chr4","131486684","131486748","KN295996v1","133273","133341","16","131353411"
"chr4","131884162","131884298","KN294964v1","965459","965591","31","130918703"
"chr4","132132673","132132836","KN294991v1","973655","973815","33","131159018"
"chr4","133050203","133050478","KN295251v1","272142","272415","36","132778061"
"chr4","134074845","134075130","KN295301v1","990148","990430","72","133084697"
"chr4","134084908","134085196","KN295365v1","291029","291345","42","133793879"
"chr4","134096261","134096555","KN295365v1","280034","280328","25","133816227"
"chr4","134118847","134119138","KN295365v1","243916","244224","47","133874931"
"chr4","135007003","135007293","KN295356v1","578208","578494","27","134428795"
"chr4","135238438","135238700","KN294705v1","1107549","1107807","60","134130889"
"chr4","136195899","136196160","KN294302v1","861450","861728","68","135334449"
"chr4","137586921","137587209","KN296682v1","2490724","2491017","60","135096197"
"chr4","138043396","138043702","KN294634v1","387267","387565","73","137656129"
"chr4","139056063","139056189","KN294536v1","420664","420795","44","138635399"
"chr4","139800155","139800433","KN297310v1","95064","95326","32","139705091"
"chr4","140002772","140002959","KN294647v1","152277","152483","36","139850495"
"chr4","140156572","140156709","KN295236v1","677208","677340","24","139479364"
"chr4","140259302","140259430","KN295977v1","933214","933335","35","139326088"
"chr4","140880131","140880268","KN295090v1","610678","610810","25","140269453"
"chr4","141109574","141109627","KN294526v1","385526","385578","12","140724048"
"chr4","142657755","142658048","KN297442v1","1825702","1825995","71","140832053"
"chr4","144053174","144053480","KN295744v1","408789","409077","87","143644385"
"chr4","144601319","144601605","KN296948v1","762193","762479","69","143839126"
"chr4","146149850","146150140","KN296964v1","1814390","1814681","66","144335460"
"chr4","146155655","146155953","KN295933v1","40027","40319","69","146115628"
"chr4","147430929","147431224","KN296948v1","762193","762479","68","146668736"
"chr4","148310858","148311105","KN297312v1","542917","543170","78","147767941"
"chr4","148578527","148578662","KN294218v1","2756614","2756751","24","145821913"
"chr4","149054467","149054601","KN294790v1","3690102","3690234","24","145364365"
"chr4","149593217","149593504","KN295068v1","49131","49419","74","149544086"
"chr4","151194725","151195009","KN296244v1","327623","327911","63","150867102"
"chr4","151250562","151250697","KN296635v1","4883137","4883269","27","146367425"
"chr4","151269492","151269609","KN296959v1","1078224","1078342","39","150191268"
"chr4","151304391","151304663","KN296731v1","1090257","1090517","69","150214134"
"chr4","151347223","151347511","KN294419v1","64733","65033","68","151282490"
"chr4","151404914","151405059","KN296062v1","1704258","1704400","28","149700656"
"chr4","151597831","151598100","KN295523v1","3469042","3469297","79","148128789"
"chr4","151619474","151619757","KN295907v1","941752","942037","61","150677722"
"chr4","151749676","151749866","KN296577v1","938048","938235","50","150811628"
"chr4","151750122","151750254","KN295039v1","432771","432893","32","151317351"
"chr4","152178291","152178570","KN294493v1","1639497","1639778","63","150538794"
"chr4","152272819","152273027","KN295601v1","3201776","3202001","69","149071043"
"chr4","152303321","152303448","KN296093v1","103205","103337","21","152200116"
"chr4","152343820","152343948","KN295706v1","131306","131439","26","152212514"
"chr4","152443831","152444125","KN295352v1","729753","730045","59","151714078"
"chr4","152487043","152487336","KN294345v1","1713106","1713396","71","150773937"
"chr4","152683968","152684255","KN295586v1","650323","650611","57","152033645"
"chr4","152872978","152873108","KN294978v1","3847610","3847736","24","149025368"
"chr4","153697855","153698155","KN297349v1","529996","530296","26","153167859"
"chr4","153800162","153800247","KN297349v1","428274","428357","7","153371888"
"chr4","155187865","155188145","KN296577v1","367163","367438","76","154820702"
"chr4","155393474","155393721","KN294245v1","937799","938043","67","154455675"
"chr4","155435879","155436113","KN297445v1","1222732","1222973","60","154213147"
"chr4","155613271","155613567","KN295633v1","751096","751380","76","154862175"
"chr4","156015260","156015537","KN297112v1","4496591","4496866","66","151518669"
"chr4","156155024","156155301","KN297112v1","4496591","4496866","66","151658433"
"chr4","156739197","156739302","KN295301v1","1589895","1589989","34","155149302"
"chr4","156930809","156931070","KN295633v1","710070","710329","74","156220739"
"chr4","157052434","157052599","KN296201v1","2889299","2889484","55","154163135"
"chr4","157536215","157536502","KN294210v1","473112","473404","15","157063103"
"chr4","157760602","157760864","KN294210v1","651127","651387","58","157109475"
"chr4","157938044","157938229","KN296505v1","176","370","54","157937868"
"chr4","157997080","157997385","KN294260v1","822843","823138","66","157174237"
"chr4","158374078","158374383","KN294210v1","1206882","1207179","20","157167196"
"chr4","158486216","158486434","KN295941v1","2267763","2267979","50","156218453"
"chr4","158791074","158791226","KN297320v1","677594","677746","22","158113480"
"chr4","159111408","159111629","KN295714v1","24603","24811","57","159086805"
"chr4","159755678","159755983","KN295633v1","778185","778486","75","158977493"
"chr4","160575393","160575703","KN296312v1","533632","533975","66","160041761"
"chr4","161071820","161072113","KN294451v1","1211603","1211891","79","159860217"
"chr4","161179220","161179534","KN294281v1","249289","249610","27","160929931"
"chr4","161493950","161494094","KN295236v1","1698335","1698473","36","159795615"
"chr4","161494398","161494569","KN294281v1","540672","540838","14","160953726"
"chr4","161608215","161608371","KN294470v1","2691196","2691354","39","158917019"
"chr4","161608401","161608433","KN295368v1","1470938","1470967","7","160137463"
"chr4","161867317","161867602","KN294281v1","929444","929742","25","160937873"
"chr4","162337009","162337316","KN294452v1","1024655","1024959","75","161312354"
"chr4","162641123","162641412","KN296964v1","1814390","1814681","20","160826733"
"chr4","162794503","162794761","KN296964v1","1648914","1649139","45","161145589"
"chr4","162942161","162942454","KN296964v1","1500308","1500600","23","161441853"
"chr4","163110055","163110343","KN296964v1","1311831","1312125","23","161798224"
"chr4","163167100","163167357","KN297046v1","2130311","2130564","61","161036789"
"chr4","163207317","163207615","KN295722v1","2755835","2756123","69","160451482"
"chr4","163235681","163235836","KN295828v1","950552","950701","36","162285129"
"chr4","163235899","163236013","KN294499v1","518311","518429","25","162717588"
"chr4","163512372","163512653","KN296964v1","917862","918143","25","162594510"
"chr4","163740295","163740508","KN296964v1","701591","701805","13","163038704"
"chr4","164916820","164917147","KN296322v1","1648835","1649139","74","163267985"
"chr4","165213538","165213777","KN296825v1","400881","401116","68","164812657"
"chr4","165747540","165747833","KN295352v1","729753","730045","63","165017787"
"chr4","165759371","165759506","KN296820v1","874322","874456","17","164885049"
"chr4","165801292","165801456","KN295721v1","382777","382938","38","165418515"
"chr4","165890892","165891049","KN294987v1","741178","741337","35","165149714"
"chr4","166019548","166019854","KN294421v1","9377","9683","57","166010171"
"chr4","166206803","166207104","KN295667v1","1567361","1567664","53","164639442"
"chr4","166283951","166284249","KN295319v1","303201","303480","66","165980750"
"chr4","167167100","167167290","KN294809v1","1290122","1290317","58","165876978"
"chr4","167304022","167304322","KN294452v1","1374937","1375240","67","165929085"
"chr4","168134613","168134902","KN296244v1","327623","327911","65","167806990"
"chr4","168262369","168262671","KN296322v1","1648835","1649139","62","166613534"
"chr4","169008845","169009158","KN295573v1","1390691","1391001","68","167618154"
"chr4","169020622","169020808","KN294964v1","1050991","1051179","45","167969631"
"chr4","169117692","169117816","KN296885v1","2707478","2707589","30","166410214"
"chr4","171461839","171462136","KN295205v1","1534387","1534688","62","169927452"
"chr4","171482574","171482756","KN294540v1","770939","771118","37","170711635"
"chr4","171900314","171900616","KN295352v1","729753","730045","66","171170561"
"chr4","171959363","171959476","KN296290v1","2081846","2081943","26","169877517"
"chr4","171959845","171959871","KN296503v1","535002","535030","4","171424843"
"chr4","172559592","172559869","KN295708v1","2860090","2860376","71","169699502"
"chr4","172980570","172980776","KN294409v1","503891","504094","14","172476679"
"chr4","174485566","174485872","KN294539v1","915392","915693","77","173570174"
"chr4","174806818","174807076","KN295205v1","848688","848949","81","173958130"
"chr4","174948508","174948674","KN296000v1","901795","901947","41","174046713"
"chr4","175464021","175464322","KN294539v1","1347688","1347986","77","174116333"
"chr4","175768113","175768382","KN296926v1","400603","400873","71","175367510"
"chr4","175830092","175830175","KN295099v1","264928","265011","19","175565164"
"chr4","176371931","176372245","KN296487v1","15614","15925","73","176356317"
"chr4","176428938","176429252","KN296487v1","15614","15925","73","176413324"
"chr4","176584484","176584782","KN294399v1","171378","171682","74","176413106"
"chr4","177454879","177455011","KN296311v1","4815038","4815168","24","172639841"
"chr4","177731400","177731650","KN295205v1","848688","848949","72","176882712"
"chr4","177793067","177793220","KN297038v1","2178892","2179045","38","175614175"
"chr4","178026830","178027081","KN295758v1","594510","594762","13","177432320"
"chr4","178370101","178370404","KN295758v1","234374","234665","30","178135727"
"chr4","179193843","179194117","KN295267v1","81052","81310","77","179112791"
"chr4","179647977","179648118","KN294218v1","2756614","2756751","32","176891363"
"chr4","180120970","180121233","KN294864v1","293899","294184","42","179827071"
"chr4","180123264","180123546","KN296649v1","220350","220626","73","179902914"
"chr4","180124180","180124303","KN294864v1","290821","290937","23","179833359"
"chr4","180508143","180508445","KN295633v1","909764","910066","83","179598379"
"chr4","180916394","180916687","KN295117v1","112788","113084","66","180803606"
"chr4","181417310","181417655","KN295666v1","767425","767733","90","180649885"
"chr4","181942960","181943003","KN296464v1","165174","165217","14","181777786"
"chr4","181943043","181943175","KN294451v1","368152","368276","41","181574891"
"chr4","181972181","181972308","KN295102v1","105981","106109","29","181866200"
"chr4","181972633","181972739","KN295607v1","4512853","4512967","16","177459780"
"chr4","181973036","181973223","KN296701v1","462609","462775","51","181510427"
"chr4","182473323","182473489","KN295607v1","4021677","4021852","19","178451646"
"chr4","182624452","182624751","KN295607v1","3877142","3877440","23","178747310"
"chr4","183085387","183085633","KN294458v1","21581","21829","57","183063806"
"chr4","183905676","183905977","KN295607v1","2623963","2624298","52","181281713"
"chr4","183929001","183929285","KN295607v1","2599503","2599784","27","181329498"
"chr4","184170645","184170814","KN295607v1","2344416","2344585","18","181826229"
"chr4","184180212","184180364","KN295607v1","2336421","2336559","25","181843791"
"chr4","184192153","184192334","KN294217v1","1837374","1837571","57","182354779"
"chr4","184959969","184960250","KN295607v1","1507439","1507729","38","183452530"
"chr4","185147809","185148115","KN295607v1","1317038","1317344","20","183830771"
"chr4","185341916","185342185","KN294260v1","1091595","1091881","78","184250321"
"chr4","185467786","185467919","KN295236v1","2369540","2369674","25","183098246"
"chr4","186395070","186395358","KN295607v1","58401","58690","24","186336669"
"chr4","186474241","186474521","KN296430v1","725785","726075","71","185748456"
"chr4","186541951","186542106","KN296828v1","22083","22247","40","186519868"
"chr4","186895095","186895224","KN296101v1","38623","38748","24","186856472"
"chr4","187086459","187086748","KN295055v1","40772","41083","41","187045687"
"chr4","187092236","187092514","KN295055v1","35015","35292","20","187057221"
"chr4","187629602","187629877","KN294539v1","1096217","1096495","71","186533385"
"chr4","188025669","188025957","KN294831v1","228505","228793","72","187797164"
"chr4","188071805","188071837","KN297046v1","2262406","2262426","14","185809399"
"chr4","188072283","188072384","KN295205v1","1234306","1234404","34","186837977"
"chr4","188248331","188248645","KN295406v1","486578","486886","72","187761753"
"chr4","188890037","188890318","KN294873v1","1700476","1700762","66","187189561"
"chr4","188941665","188941915","KN295092v1","980286","980537","66","187961379"
"chr4","189040931","189041232","KN294452v1","1374937","1375240","63","187665994"
"chr4","189594908","189595040","KN296643v1","531350","531484","27","189063558"
"chr4","189813082","189813386","KN294444v1","233466","233771","71","189579616"
"chr4","190151480","190151659","KN296000v1","898022","898186","49","189253458"
"chr4","190151686","190151779","KN296290v1","2081846","2081943","29","188069840"
"chr4","190376323","190376453","KN294790v1","3690102","3690234","27","186686221"
"chr4","191076771","191077037","KN294571v1","2055636","2055896","61","189021135"
"chr4","191463232","191463537","KN297023v1","640512","640805","84","190822720"
"chr4","191600619","191600701","KN296682v1","314021","314103","22","191286598"
"chr4","191772617","191772917","KN296233v1","1176200","1176478","38","190596417"
"chr4","193425777","193426048","KN295667v1","673092","673338","70","192752685"
"chr4","193466123","193466439","KN295102v1","38793","39103","74","193427330"
"chr4","193599969","193600261","KN294527v1","273035","273327","71","193326934"
"chr4","193765405","193765655","KN294987v1","459255","459513","61","193306150"
"chr4","193785404","193785682","KN294199v1","1022551","1022840","56","192762853"
"chr4","194103069","194103331","KN297197v1","1048614","1048879","69","193054455"
"chr4","194525323","194525610","KN294199v1","1022551","1022840","64","193502772"
"chr4","194740915","194741216","KN295244v1","176243","176550","77","194564672"
"chr4","194926400","194926697","KN295744v1","408789","409077","68","194517611"
"chr4","195126804","195126927","KN294410v1","486228","486353","26","194640576"
"chr4","195273979","195274282","KN295667v1","1567361","1567664","59","193706618"
"chr4","195419885","195420170","KN296847v1","1835998","1836290","70","193583887"
"chr4","195782723","195782812","KN294501v1","2520808","2520892","23","193261915"
"chr4","195842217","195842361","KN296934v1","609106","609251","40","195233111"
"chr4","196176109","196176193","KN297092v1","3480","3567","27","196172629"
"chr4","196516724","196516840","KN296635v1","5588705","5588826","26","190928019"
"chr4","196616852","196616980","KN294446v1","520797","520926","25","196096055"
"chr4","196800156","196800345","KN296588v1","899416","899601","52","195900740"
"chr4","196998526","196998624","KN296849v1","453699","453797","23","196544827"
"chr4","197462100","197462224","KN295586v1","574112","574236","20","196887988"
"chr4","197505546","197505728","KN297274v1","1690638","1690818","57","195814908"
"chr4","198104718","198105013","KN296507v1","738522","738814","57","197366196"
"chr4","198119505","198119792","KN296538v1","333498","333794","68","197786007"
"chr4","198158800","198159109","KN296322v1","1648835","1649139","66","196509965"
"chr4","198176967","198177170","KN296701v1","462609","462775","66","197714358"
"chr4","198177463","198177594","KN294218v1","2756614","2756751","28","195420849"
"chr4","198569846","198570133","KN297452v1","2055186","2055461","71","196514660"
"chr4","198680843","198680982","KN296880v1","198524","198663","26","198482319"
"chr4","199354930","199355207","KN295074v1","1590278","1590572","77","197764652"
"chr4","199453185","199453319","KN294536v1","348653","348787","23","199104532"
"chr4","199834607","199834820","KN295907v1","534057","534274","61","199300550"
"chr4","200919772","200919899","KN294806v1","157000","157133","29","200762772"
"chr4","200920283","200920433","KN295326v1","444837","444999","38","200475446"
"chr4","201391773","201392068","KN294873v1","1303218","1303511","68","200088555"
"chr4","201440487","201440620","KN297411v1","8561","8695","23","201431926"
"chr4","202492051","202492358","KN294806v1","594997","595290","67","201897054"
"chr4","202836367","202836498","KN296322v1","2564470","2564606","24","200271897"
"chr5","6684409","6684790","KN297263v1","660185","660536","132","6024224"
"chr5","21364487","21364749","KN295633v1","710070","710329","30","20654417"
"chr5","29491001","29491282","KN297171v1","1715719","1716017","72","27775282"
"chr5","102235968","102236276","KN295633v1","778185","778486","65","101457783"
"chr5","428957","429091","KN296921v1","435698","435849","34","6741"
"chr5","635609","635821","KN295533v1","2434686","2434882","71","1799077"
"chr5","731158","731367","KN294964v1","1568714","1568904","73","837556"
"chr5","946217","946385","KN294372v1","59449","59630","54","886768"
"chr5","1023488","1023610","KN295257v1","797366","797491","25","226122"
"chr5","1491902","1492197","KN295295v1","10423","10719","72","1481479"
"chr5","1684200","1684361","KN294911v1","4985405","4985572","34","3301205"
"chr5","2229895","2230023","KN294964v1","965459","965591","21","1264436"
"chr5","2257517","2257645","KN294964v1","965459","965591","21","1292058"
"chr5","2726164","2726447","KN297023v1","152219","152509","65","2573945"
"chr5","2821612","2821822","KN295714v1","24603","24811","57","2797009"
"chr5","3071176","3071295","KN296577v1","77768","77873","27","2993408"
"chr5","4038940","4039078","KN294172v1","3246195","3246333","39","792745"
"chr5","4173153","4173281","KN296200v1","299464","299591","26","3873689"
"chr5","4185246","4185378","KN295706v1","131306","131439","20","4053940"
"chr5","4185682","4185873","KN297219v1","1836839","1837031","45","2348843"
"chr5","4296375","4296679","KN296322v1","1648835","1649139","62","2647540"
"chr5","4560631","4560680","KN294444v1","115776","115820","11","4444855"
"chr5","4801758","4802029","KN295930v1","508859","509136","68","4292899"
"chr5","5054442","5054661","KN294235v1","570733","570958","56","4483709"
"chr5","5633068","5633370","KN294831v1","637287","637573","71","4995781"
"chr5","5902964","5903098","KN295441v1","789788","789916","26","5113176"
"chr5","5947884","5948172","KN296515v1","108704","108986","68","5839180"
"chr5","6184895","6185033","KN296311v1","4657589","4657718","25","1527306"
"chr5","6195615","6195833","KN295941v1","2267763","2267979","59","3927852"
"chr5","6212081","6212311","KN294713v1","801014","801236","59","5411067"
"chr5","6364600","6364892","KN296142v1","147124","147422","72","6217476"
"chr5","6579328","6579450","KN294713v1","33096","33225","30","6546232"
"chr5","6586322","6586411","KN296926v1","151891","151976","23","6434431"
"chr5","6645342","6645384","KN296424v1","39717","39759","13","6605625"
"chr5","6780692","6780715","KN295236v1","2973161","2973176","9","3807531"
"chr5","6781019","6781109","KN295406v1","576347","576444","22","6204672"
"chr5","6782805","6783093","KN296538v1","333498","333794","57","6449307"
"chr5","6787241","6787379","KN295705v1","1659307","1659450","41","5127934"
"chr5","6819225","6819396","KN294991v1","973655","973815","37","5845570"
"chr5","6819428","6819546","KN297323v1","349913","350031","19","6469515"
"chr5","6823231","6823363","KN295433v1","157749","157881","25","6665482"
"chr5","6839660","6839792","KN295294v1","363845","363973","26","6475815"
"chr5","6964475","6964602","KN296153v1","3326164","3326290","31","3638311"
"chr5","6964867","6965041","KN296495v1","2297861","2298026","41","4667006"
"chr5","7117870","7117986","KN296732v1","3486949","3487060","33","3630921"
"chr5","7118284","7118335","KN295832v1","1133517","1133570","22","5984767"
"chr5","7181963","7182095","KN294172v1","6272486","6272617","19","909477"
"chr5","7334423","7334685","KN295356v1","1460050","1460313","66","5874373"
"chr5","7424301","7424558","KN295205v1","848688","848949","61","6575613"
"chr5","7574264","7574405","KN294336v1","54285","54417","30","7519979"
"chr5","7578713","7578908","KN297008v1","2592243","2592438","48","4986470"
"chr5","7581904","7582039","KN294790v1","3690102","3690234","17","3891802"
"chr5","8812836","8812968","KN295294v1","3806061","3806194","22","5006775"
"chr5","9584778","9584913","KN294193v1","877240","877391","27","8707538"
"chr5","9674028","9674135","KN295099v1","121818","121917","37","9552210"
"chr5","10272277","10272417","KN294199v1","281436","281574","27","9990841"
"chr5","11171529","11171785","KN295523v1","3469042","3469297","70","7702487"
"chr5","12074560","12074846","KN296495v1","1076274","1076557","67","10998286"
"chr5","13407380","13407663","KN294279v1","506995","507287","62","12900385"
"chr5","13769486","13769611","KN297154v1","1282191","1282319","19","12487295"
"chr5","13791168","13791293","KN297154v1","1282191","1282319","19","12508977"
"chr5","13813805","13813930","KN297154v1","1282191","1282319","19","12531614"
"chr5","14119477","14119735","KN295582v1","905066","905322","70","13214411"
"chr5","14509943","14510237","KN295705v1","208961","209260","65","14300982"
"chr5","14736634","14736808","KN296210v1","326889","327054","44","14409745"
"chr5","14736836","14736954","KN295430v1","2494644","2494765","24","12242192"
"chr5","14980316","14980595","KN295117v1","112788","113084","60","14867528"
"chr5","15015916","15016132","KN296902v1","7273","7481","28","15008643"
"chr5","15236468","15236600","KN294199v1","281436","281574","24","14955032"
"chr5","15364170","15364446","KN295984v1","150673","150962","66","15213497"
"chr5","15383028","15383294","KN297008v1","6549351","6549627","67","8833677"
"chr5","15384141","15384265","KN295906v1","88165","88296","27","15295976"
"chr5","15435596","15435887","KN294260v1","1359230","1359515","70","14076366"
"chr5","15478419","15478543","KN296322v1","997745","997870","22","14480674"
"chr5","15598117","15598403","KN295171v1","12625","12912","59","15585492"
"chr5","15695204","15695371","KN295361v1","882059","882232","37","14813145"
"chr5","15806397","15806696","KN295667v1","1567361","1567664","72","14239036"
"chr5","15985219","15985508","KN297112v1","2231098","2231393","79","13754121"
"chr5","16020056","16020353","KN296864v1","1939832","1940132","70","14080224"
"chr5","16531376","16531669","KN295096v1","1447961","1448243","72","15083415"
"chr5","16643936","16644060","KN295102v1","105981","106109","22","16537955"
"chr5","16897868","16898157","KN295607v1","3877142","3877440","73","13020726"
"chr5","16949311","16949600","KN296852v1","1741155","1741448","69","15208156"
"chr5","17616307","17616457","KN294172v1","3210658","3210802","35","14405649"
"chr5","17616782","17616948","KN294991v1","973655","973815","39","16643127"
"chr5","18024133","18024345","KN295601v1","226890","227110","59","17797243"
"chr5","18126468","18126622","KN296263v1","302894","303046","36","17823574"
"chr5","18135727","18136034","KN294439v1","130265","130569","72","18005462"
"chr5","18214861","18215086","KN294874v1","119164","119388","61","18095697"
"chr5","18340335","18340518","KN296902v1","7273","7481","41","18333062"
"chr5","18540794","18541091","KN296315v1","1023330","1023621","66","17517464"
"chr5","18707811","18708102","KN295302v1","381457","381740","78","18326354"
"chr5","18780629","18780916","KN296495v1","1076274","1076557","58","17704355"
"chr5","18858389","18858506","KN294199v1","86678","86798","22","18771711"
"chr5","18868832","18868959","KN295983v1","1014873","1014997","21","17853959"
"chr5","18895813","18895926","KN296153v1","3603162","3603273","21","15292651"
"chr5","18947143","18947282","KN294407v1","3228566","3228701","27","15718577"
"chr5","19042892","19043164","KN297165v1","2729254","2729527","66","16313638"
"chr5","19214534","19214656","KN296311v1","4657589","4657718","28","14556945"
"chr5","19486213","19486508","KN295984v1","980030","980331","60","18506183"
"chr5","19698095","19698189","KN296738v1","61831","61924","20","19636264"
"chr5","19770765","19770855","KN295983v1","556778","556867","19","19213987"
"chr5","20006154","20006428","KN294571v1","2055636","2055896","83","17950518"
"chr5","20061320","20061578","KN294536v1","1638405","1638659","56","18422915"
"chr5","20117731","20117856","KN294964v1","965459","965591","28","19152272"
"chr5","20258164","20258441","KN297219v1","1621419","1621693","67","18636745"
"chr5","20263347","20263654","KN294452v1","1374937","1375240","71","18888410"
"chr5","20278992","20279172","KN296062v1","1227714","1227868","48","19051278"
"chr5","20550725","20551007","KN295893v1","1879651","1879923","61","18671074"
"chr5","20682671","20682952","KN295099v1","55159","55457","65","20627512"
"chr5","20779688","20779954","KN294693v1","1341996","1342279","73","19437692"
"chr5","20850364","20850528","KN296754v1","59195","59361","37","20791169"
"chr5","20904507","20904791","KN294260v1","1091595","1091881","72","19812912"
"chr5","21199642","21199791","KN294269v1","1347949","1348104","37","19851693"
"chr5","21282736","21283019","KN295633v1","625547","625830","11","20657189"
"chr5","21411515","21411662","KN296934v1","676326","676460","38","20735189"
"chr5","21411988","21412132","KN295633v1","760154","760302","24","20651834"
"chr5","21460840","21461146","KN295304v1","187752","188056","69","21273088"
"chr5","21556646","21556947","KN295633v1","897323","897632","22","20659323"
"chr5","21567641","21567935","KN295633v1","909764","910066","29","20657877"
"chr5","21589741","21590046","KN295633v1","940076","940380","25","20649665"
"chr5","21845761","21845843","KN296806v1","115616","115695","21","21730145"
"chr5","22124584","22124837","KN295633v1","1501780","1502052","41","20622804"
"chr5","22278723","22279005","KN295633v1","1670554","1670834","20","20608169"
"chr5","22325633","22325949","KN295633v1","1715416","1715675","81","20610217"
"chr5","22599058","22599337","KN295633v1","1993894","1994175","19","20605164"
"chr5","22680279","22680536","KN297319v1","1051471","1051731","67","21628808"
"chr5","22706119","22706204","KN295633v1","2100867","2100948","9","20605252"
"chr5","22725526","22725847","KN295346v1","1646114","1646406","80","21079412"
"chr5","22776188","22776403","KN296701v1","344880","345098","53","22431308"
"chr5","22783152","22783298","KN294536v1","420664","420795","49","22362488"
"chr5","22811341","22811418","KN294407v1","169358","169428","29","22641983"
"chr5","22814053","22814272","KN295320v1","393096","393331","60","22420957"
"chr5","22895282","22895535","KN295633v1","2306898","2307163","28","20588384"
"chr5","23099451","23099701","KN295633v1","2481142","2481356","46","20618309"
"chr5","23103996","23104272","KN295633v1","2485666","2485945","30","20618330"
"chr5","23107441","23107659","KN294874v1","119164","119388","58","22988277"
"chr5","23205149","23205256","KN295099v1","121818","121917","31","23083331"
"chr5","23430206","23430501","KN295633v1","331745","332040","24","23098461"
"chr5","23475168","23475302","KN295633v1","287958","288102","18","23187210"
"chr5","23475592","23475758","KN295633v1","287502","287664","10","23188090"
"chr5","23515116","23515395","KN295633v1","244067","244346","11","23271049"
"chr5","23586770","23586794","KN296200v1","625667","625680","12","22961103"
"chr5","23587089","23587217","KN297370v1","777597","777719","35","22809492"
"chr5","23603454","23603748","KN295633v1","154647","154947","20","23448807"
"chr5","23704334","23704465","KN295633v1","50508","50643","14","23653826"
"chr5","23745702","23745987","KN295633v1","9404","9689","17","23736298"
"chr5","23757918","23758203","KN295633v1","9404","9689","17","23748514"
"chr5","23864251","23864377","KN295294v1","363845","363973","25","23500406"
"chr5","23955706","23955829","KN295586v1","574112","574236","22","23381594"
"chr5","24075249","24075387","KN294172v1","5400991","5401118","37","18674258"
"chr5","24095729","24096026","KN297219v1","1839754","1840062","71","22255975"
"chr5","24300573","24300731","KN296864v1","3353170","3353334","41","20947403"
"chr5","24308601","24308725","KN295671v1","287812","287940","31","24020789"
"chr5","24388340","24388613","KN294199v1","1022551","1022840","63","23365789"
"chr5","24435261","24435530","KN297105v1","2959195","2959449","65","21476066"
"chr5","24528281","24528571","KN297112v1","2231098","2231393","59","22297183"
"chr5","24750675","24750830","KN296738v1","200423","200579","7","24550252"
"chr5","24751135","24751269","KN296634v1","1339651","1339784","28","23411484"
"chr5","24771227","24771348","KN294172v1","3568097","3568221","23","21203130"
"chr5","24774399","24774516","KN294172v1","3568097","3568221","26","21206302"
"chr5","24876128","24876404","KN296738v1","81132","81398","46","24794996"
"chr5","24895524","24895637","KN295319v1","661942","662051","21","24233582"
"chr5","24924837","24925145","KN295893v1","5129577","5129894","70","19795260"
"chr5","25102821","25103115","KN297327v1","807993","808286","65","24294828"
"chr5","25154163","25154471","KN297023v1","749143","749456","28","24405020"
"chr5","25217378","25217515","KN297023v1","686879","687015","7","24530499"
"chr5","25226867","25227175","KN297023v1","675447","675757","19","24551420"
"chr5","25260825","25261122","KN297023v1","640512","640805","27","24620313"
"chr5","25446235","25446371","KN296311v1","4815038","4815168","20","20631197"
"chr5","25540133","25540458","KN296322v1","1648835","1649139","69","23891298"
"chr5","25565670","25565796","KN297023v1","329933","330059","9","25235737"
"chr5","25733073","25733373","KN297023v1","152219","152509","42","25580854"
"chr5","25753045","25753077","KN297023v1","132110","132140","7","25620935"
"chr5","25753377","25753493","KN297023v1","131692","131804","18","25621685"
"chr5","25753841","25753857","KN294199v1","348628","348645","6","25405213"
"chr5","25754164","25754290","KN297023v1","130937","131061","10","25623227"
"chr5","26059637","26059943","KN296864v1","1939832","1940132","57","24119805"
"chr5","26158233","26158534","KN294239v1","243029","243336","54","25915204"
"chr5","26370328","26370606","KN295205v1","848688","848949","67","25521640"
"chr5","26472451","26472752","KN297259v1","507258","507559","65","25965193"
"chr5","26473069","26473372","KN295406v1","486578","486886","61","25986491"
"chr5","26484010","26484165","KN296311v1","2870097","2870240","45","23613913"
"chr5","26484461","26484594","KN295906v1","88165","88296","24","26396296"
"chr5","26533888","26534175","KN294207v1","595798","596096","72","25938090"
"chr5","26978407","26978735","KN295936v1","78605","78913","94","26899802"
"chr5","27224876","27225162","KN294199v1","1022551","1022840","65","26202325"
"chr5","28040429","28040677","KN295667v1","673092","673338","73","27367337"
"chr5","28177882","28178039","KN296802v1","177374","177511","47","28000508"
"chr5","28522301","28522461","KN294991v1","973655","973815","26","27548646"
"chr5","29029966","29030250","KN296948v1","762193","762479","69","28267773"
"chr5","29502480","29502769","KN295894v1","2131941","2132242","78","27370539"
"chr5","30117974","30118151","KN296109v1","564239","564419","51","29553735"
"chr5","31902915","31903212","KN296244v1","296863","297159","71","31606052"
"chr5","32182737","32182869","KN295706v1","131306","131439","21","32051431"
"chr5","32229356","32229439","KN295236v1","1305949","1306032","15","30923407"
"chr5","32229743","32229889","KN295667v1","1580723","1580869","24","30649020"
"chr5","32416823","32417110","KN296158v1","1576145","1576434","76","30840678"
"chr5","32481283","32481536","KN296743v1","1848381","1848599","79","30632902"
"chr5","32523343","32523475","KN295755v1","75966","76098","18","32447377"
"chr5","32659736","32659891","KN297369v1","1373901","1374064","54","31285835"
"chr5","32712984","32713280","KN297227v1","1049335","1049619","68","31663649"
"chr5","32754850","32754986","KN295294v1","3806061","3806194","16","28948789"
"chr5","32889372","32889541","KN295371v1","124772","124949","50","32764600"
"chr5","32945930","32946068","KN296229v1","450694","450838","37","32495236"
"chr5","32968124","32968362","KN294569v1","167642","167877","68","32800482"
"chr5","33057852","33058151","KN295667v1","1567361","1567664","62","31490491"
"chr5","33129061","33129283","KN294713v1","801014","801236","67","32328047"
"chr5","33208570","33208855","KN294493v1","1639497","1639778","68","31569073"
"chr5","33287966","33288226","KN296865v1","1172192","1172469","65","32115774"
"chr5","33558287","33558424","KN294407v1","3228566","3228701","29","30329721"
"chr5","34071595","34071749","KN295708v1","957826","957973","36","33113769"
"chr5","34072055","34072213","KN296759v1","225170","225326","35","33846885"
"chr5","34461724","34461852","KN294187v1","1271806","1271937","21","33189918"
"chr5","34707456","34707743","KN297390v1","84191","84473","60","34623265"
"chr5","34713668","34713966","KN294187v1","1013695","1013993","18","33699973"
"chr5","35195895","35196076","KN294187v1","513761","513943","14","34682134"
"chr5","35420405","35420548","KN295034v1","243361","243503","25","35177044"
"chr5","35514048","35514353","KN294187v1","201748","202053","26","35312300"
"chr5","35572350","35572441","KN294499v1","1744755","1744851","23","33827595"
"chr5","35603312","35603606","KN294187v1","114654","114941","22","35488658"
"chr5","35617858","35618084","KN296991v1","1155715","1155935","47","34462143"
"chr5","36031490","36031560","KN296743v1","1767802","1767873","15","34263688"
"chr5","36031848","36031918","KN295236v1","2370219","2370291","21","33661629"
"chr5","36128497","36128617","KN295572v1","285457","285578","4","35843040"
"chr5","36140330","36140620","KN295572v1","301978","302249","32","35838352"
"chr5","36217157","36217360","KN295572v1","371863","372076","23","35845294"
"chr5","36231747","36231876","KN295706v1","131306","131439","19","36100441"
"chr5","36258388","36258699","KN296322v1","1648835","1649139","65","34609553"
"chr5","36408456","36408764","KN294991v1","1709174","1709474","68","34699282"
"chr5","36410995","36411198","KN296801v1","18550","18775","49","36392445"
"chr5","36411659","36411782","KN297050v1","128023","128146","22","36283636"
"chr5","36420766","36420879","KN294172v1","683077","683185","39","35737689"
"chr5","36421169","36421339","KN296000v1","898022","898186","43","35523147"
"chr5","36429421","36429684","KN297046v1","2072166","2072416","66","34357255"
"chr5","36929132","36929343","KN296902v1","7273","7481","26","36921859"
"chr5","36949241","36949385","KN294558v1","284993","285139","34","36664248"
"chr5","37178513","37178645","KN295744v1","32431","32566","29","37146082"
"chr5","37212968","37213092","KN295236v1","4992571","4992693","24","32220397"
"chr5","37332888","37333160","KN294571v1","2055636","2055896","72","35277252"
"chr5","37368059","37368203","KN294739v1","903316","903465","41","36464743"
"chr5","37369199","37369525","KN295666v1","767425","767733","85","36601774"
"chr5","37427446","37427569","KN295362v1","1160773","1160900","23","36266673"
"chr5","37459152","37459460","KN295406v1","486578","486886","59","36972574"
"chr5","37466391","37466699","KN295406v1","486578","486886","59","36979813"
"chr5","37528194","37528470","KN294199v1","1022551","1022840","60","36505643"
"chr5","38102034","38102164","KN294172v1","4450120","4450251","20","33651914"
"chr5","38151557","38151688","KN295441v1","789788","789916","22","37361769"
"chr5","38243325","38243457","KN294536v1","348653","348787","23","37894672"
"chr5","38243755","38243924","KN295633v1","552946","553113","37","37690809"
"chr5","38252833","38252964","KN294172v1","6272486","6272617","26","31980347"
"chr5","38257232","38257363","KN295294v1","3806061","3806194","22","34451171"
"chr5","38413419","38413716","KN294407v1","1718897","1719202","69","36694522"
"chr5","38423833","38423960","KN295114v1","135006","135138","33","38288827"
"chr5","38576048","38576168","KN296101v1","38623","38748","26","38537425"
"chr5","38578144","38578367","KN295633v1","550163","550378","78","38027981"
"chr5","38705765","38706065","KN294991v1","1709174","1709474","70","36996591"
"chr5","38740766","38741044","KN296311v1","5278234","5278515","64","33462532"
"chr5","38750024","38750316","KN294493v1","1639497","1639778","62","37110527"
"chr5","38766482","38766790","KN296982v1","276016","276324","66","38490466"
"chr5","38858286","38858545","KN294443v1","1323408","1323672","68","37534878"
"chr5","38864666","38864939","KN296964v1","917862","918143","65","37946804"
"chr5","38982872","38983167","KN296495v1","1076274","1076557","60","37906598"
"chr5","38986978","38987101","KN295441v1","1418402","1418531","28","37568576"
"chr5","38987287","38987553","KN297046v1","2618508","2618781","80","36368779"
"chr5","38995404","38995727","KN297171v1","1715719","1716017","83","37279685"
"chr5","38998582","38998876","KN295352v1","729753","730045","69","38268829"
"chr5","39029120","39029277","KN295405v1","328891","329050","43","38700229"
"chr5","39029563","39029679","KN294705v1","1469988","1470106","27","37559575"
"chr5","39054312","39054578","KN294410v1","125205","125456","81","38929107"
"chr5","39803307","39803622","KN297320v1","22264","22555","41","39781043"
"chr5","40016395","40016564","KN296538v1","144006","144176","38","39872389"
"chr5","40016607","40016698","KN296322v1","2683415","2683511","24","37333192"
"chr5","40072945","40073080","KN296538v1","514898","515032","20","39558047"
"chr5","40143942","40144107","KN294271v1","8882","9045","36","40135060"
"chr5","40145651","40145711","KN297019v1","143155","143209","12","40002496"
"chr5","40256642","40256829","KN295430v1","2495062","2495241","46","37761580"
"chr5","40395995","40396281","KN294592v1","73506","73792","24","40322489"
"chr5","40524904","40525035","KN295605v1","687968","688102","20","39836936"
"chr5","40570254","40570554","KN294592v1","250516","250815","29","40319738"
"chr5","40756769","40756955","KN294592v1","437738","437904","33","40319031"
"chr5","41022073","41022388","KN296864v1","1939832","1940132","78","39082241"
"chr5","41039977","41040037","KN295202v1","495410","495468","18","40544567"
"chr5","41225947","41226206","KN295585v1","102609","102863","76","41123338"
"chr5","41414106","41414244","KN296138v1","11819","11953","21","41402287"
"chr5","42073297","42073449","KN296625v1","261253","261395","36","41812044"
"chr5","42596868","42597185","KN295633v1","909764","910066","69","41687104"
"chr5","42605919","42606241","KN296117v1","433694","434012","76","42172225"
"chr5","42739220","42739404","KN294662v1","211735","211913","42","42527485"
"chr5","42792773","42793021","KN295633v1","710070","710329","68","42082703"
"chr5","42811499","42811723","KN295941v1","2267763","2267979","51","40543736"
"chr5","43021375","43021670","KN296964v1","1814390","1814681","55","41206985"
"chr5","43125845","43125979","KN295441v1","1418402","1418531","22","41707443"
"chr5","43233292","43233413","KN294458v1","1323574","1323684","36","41909718"
"chr5","43423837","43424037","KN294205v1","957443","957638","63","42466394"
"chr5","43442250","43442375","KN297215v1","722339","722465","19","42719911"
"chr5","43623564","43623871","KN294570v1","166260","166534","93","43457304"
"chr5","43644395","43644694","KN294439v1","130265","130569","62","43514130"
"chr5","43702763","43703106","KN294475v1","99614","99931","92","43603149"
"chr5","43846169","43846435","KN296921v1","2833134","2833394","70","41013035"
"chr5","43985573","43985870","KN294207v1","595798","596096","77","43389775"
"chr5","43986185","43986400","KN294404v1","277902","278119","61","43708283"
"chr5","44121556","44121690","KN296311v1","4657589","4657718","19","39463967"
"chr5","44196387","44196694","KN296322v1","426249","426560","68","43770138"
"chr5","44495066","44495327","KN297028v1","105526","105779","64","44389540"
"chr5","45097280","45097349","KN295996v1","133273","133341","19","44964007"
"chr5","45504260","45504373","KN294172v1","6039824","6039947","35","39464436"
"chr5","45708502","45708618","KN294650v1","82689","82804","27","45625813"
"chr5","45715151","45715282","KN295315v1","1128345","1128477","21","44586806"
"chr5","45736482","45736608","KN297154v1","1282191","1282319","24","44454291"
"chr5","45736907","45737063","KN295962v1","2106431","2106583","36","43630476"
"chr5","45922818","45923105","KN296865v1","1172192","1172469","62","44750626"
"chr5","45934827","45934996","KN297282v1","57047","57215","45","45877780"
"chr5","45940431","45940724","KN296964v1","1814390","1814681","69","44126041"
"chr5","45950006","45950285","KN296303v1","805215","805501","56","45144791"
"chr5","46129502","46129783","KN295722v1","1369561","1369836","58","44759941"
"chr5","46226539","46226676","KN296485v1","157888","158017","33","46068651"
"chr5","46274563","46274855","KN295356v1","578208","578494","58","45696355"
"chr5","46841479","46841613","KN296311v1","6471968","6472102","27","40369511"
"chr5","47016912","47017055","KN296311v1","2361921","2362066","35","44654991"
"chr5","47019830","47019973","KN296311v1","2361921","2362066","33","44657909"
"chr5","47373008","47373316","KN296322v1","1648835","1649139","67","45724173"
"chr5","47477500","47477805","KN296308v1","750453","750763","66","46727047"
"chr5","47541904","47542029","KN295586v1","574112","574236","26","46967792"
"chr5","47665136","47665437","KN296864v1","1939832","1940132","68","45725304"
"chr5","47684652","47684946","KN296303v1","805215","805501","61","46879437"
"chr5","47685036","47685270","KN296145v1","736954","737187","74","46948082"
"chr5","47695804","47695897","KN295983v1","556778","556867","18","47139026"
"chr5","47696197","47696359","KN294991v1","973655","973815","30","46722542"
"chr5","47733467","47733735","KN296157v1","1145342","1145607","59","46588125"
"chr5","47748304","47748600","KN296864v1","1939832","1940132","68","45808472"
"chr5","47783946","47784269","KN295894v1","2131941","2132242","79","45652005"
"chr5","47829285","47829371","KN294208v1","486244","486319","31","47343041"
"chr5","48056470","48056806","KN295995v1","300405","300731","78","47756065"
"chr5","48071797","48072090","KN294452v1","1374937","1375240","67","46696860"
"chr5","48539576","48539856","KN296145v1","2771580","2771860","71","45767996"
"chr5","48651233","48651367","KN296404v1","1017857","1017993","16","47633376"
"chr5","49649654","49649936","KN297112v1","4879822","4880096","74","44769832"
"chr5","49736214","49736508","KN295346v1","1646114","1646406","62","48090100"
"chr5","50325944","50326028","KN296926v1","151891","151976","5","50174053"
"chr5","50410163","50410390","KN294790v1","1805364","1805592","59","48604799"
"chr5","50554658","50554789","KN294207v1","126950","127083","22","50427708"
"chr5","50578963","50579233","KN296926v1","400603","400873","15","50178360"
"chr5","50634138","50634260","KN296926v1","455694","455813","9","50178444"
"chr5","50683616","50683761","KN296210v1","326465","326608","24","50357151"
"chr5","50684069","50684122","KN294526v1","385526","385578","14","50298543"
"chr5","50757636","50757940","KN295406v1","486578","486886","61","50271058"
"chr5","50911604","50911906","KN296926v1","735352","735654","20","50176252"
"chr5","50960223","50960434","KN294416v1","447924","448132","58","50512299"
"chr5","51026403","51026540","KN296495v1","1296063","1296199","28","49730340"
"chr5","51092967","51093271","KN294439v1","130265","130569","66","50962702"
"chr5","51100634","51100756","KN294199v1","86678","86798","27","51013956"
"chr5","51110050","51110183","KN295706v1","131306","131439","18","50978744"
"chr5","51110483","51110561","KN295996v1","133273","133341","22","50977210"
"chr5","51189259","51189540","KN296926v1","1001410","1001687","17","50187849"
"chr5","51206447","51206724","KN296926v1","1012787","1013062","19","50193660"
"chr5","51230723","51230858","KN295708v1","2512458","2512590","26","48718265"
"chr5","51303170","51303283","KN296682v1","4721196","4721309","36","46581974"
"chr5","51431573","51431748","KN297032v1","275078","275272","35","51156495"
"chr5","51518521","51518664","KN297032v1","186683","186827","8","51331838"
"chr5","51578695","51578794","KN297154v1","527342","527439","22","51051353"
"chr5","51891666","51891808","KN295526v1","145592","145725","29","51746074"
"chr5","52014614","52014903","KN296964v1","1814390","1814681","56","50200224"
"chr5","52272382","52272516","KN294339v1","93661","93791","24","52178721"
"chr5","52298541","52298701","KN296308v1","592866","593027","33","51705675"
"chr5","52305241","52305510","KN296921v1","2556540","2556812","70","49748701"
"chr5","52380372","52380579","KN296902v1","7273","7481","12","52373099"
"chr5","52422513","52422640","KN296926v1","1067515","1067635","11","51354998"
"chr5","52422942","52423093","KN296926v1","1068223","1068372","13","51354719"
"chr5","52507159","52507409","KN294874v1","119164","119388","93","52387995"
"chr5","52548324","52548606","KN297023v1","640512","640805","77","51907812"
"chr5","52660298","52660582","KN294758v1","1780351","1780635","63","50879947"
"chr5","52660965","52661239","KN297032v1","288416","288690","20","52372549"
"chr5","52677546","52677721","KN297032v1","275078","275272","34","52402468"
"chr5","52809569","52809778","KN296902v1","7273","7481","16","52802296"
"chr5","52857444","52857635","KN296902v1","7273","7481","48","52850171"
"chr5","53097073","53097362","KN296263v1","225865","226126","48","52871208"
"chr5","53113834","53114129","KN294172v1","1404856","1405150","62","51708978"
"chr5","53126827","53127132","KN296263v1","254017","254321","18","52872810"
"chr5","53201831","53202112","KN296263v1","332548","332825","24","52869283"
"chr5","53348051","53348065","KN296200v1","625667","625680","5","52722384"
"chr5","53348276","53348315","KN296685v1","45275","45309","16","53303001"
"chr5","53398417","53398569","KN296263v1","536654","536807","14","52861763"
"chr5","53435598","53435790","KN296263v1","576075","576266","15","52859523"
"chr5","53443860","53444031","KN295096v1","1069446","1069614","33","52374414"
"chr5","53444079","53444197","KN294199v1","969997","970115","26","52474082"
"chr5","53637896","53638201","KN296263v1","767505","767771","55","52870391"
"chr5","53692063","53692381","KN296263v1","819711","820031","53","52872352"
"chr5","53740658","53740806","KN296263v1","866033","866195","30","52874625"
"chr5","53792127","53792441","KN296322v1","1648835","1649139","70","52143292"
"chr5","54046447","54046776","KN296682v1","2499170","2499493","80","51547277"
"chr5","54046898","54047210","KN296263v1","1179830","1180111","55","52867068"
"chr5","54148069","54148172","KN295202v1","493843","493938","32","53654226"
"chr5","54148476","54148654","KN296311v1","832870","833045","49","53315606"
"chr5","54288933","54289107","KN295722v1","1546817","1546986","35","52742116"
"chr5","54319664","54319957","KN297184v1","1114866","1115167","66","53204798"
"chr5","54342455","54342743","KN295346v1","1646114","1646406","70","52696341"
"chr5","54545743","54545872","KN296322v1","997745","997870","24","53547998"
"chr5","54650786","54650922","KN296538v1","514898","515032","26","54135888"
"chr5","54844867","54845095","KN296934v1","958713","958949","25","53886154"
"chr5","54845412","54845443","KN296290v1","587719","587750","9","54257693"
"chr5","54931732","54931892","KN296934v1","868664","868830","26","54063068"
"chr5","54932222","54932361","KN295102v1","72427","72567","27","54859795"
"chr5","55150597","55150802","KN296934v1","649619","649815","32","54500978"
"chr5","55190336","55190489","KN296934v1","609106","609251","18","54581230"
"chr5","55206893","55207022","KN295708v1","2512458","2512590","25","52694435"
"chr5","55231148","55231209","KN295832v1","1133517","1133570","18","54097631"
"chr5","55293945","55294190","KN297019v1","717404","717664","62","54576541"
"chr5","55307810","55307920","KN297171v1","2436215","2436323","29","52871595"
"chr5","55428747","55429043","KN296934v1","380814","381112","29","55047933"
"chr5","55553435","55553504","KN295893v1","7736942","7736997","24","47816493"
"chr5","56144551","56144690","KN295706v1","131306","131439","26","56013245"
"chr5","56174675","56174983","KN294239v1","2230934","2231230","75","53943741"
"chr5","56694890","56695188","KN297259v1","1570980","1571280","81","55123910"
"chr5","57068114","57068332","KN296643v1","482284","482494","61","56585830"
"chr5","58037303","58037469","KN296096v1","680679","680846","39","57356624"
"chr5","58050360","58050503","KN295633v1","431918","432061","9","57618442"
"chr5","58706257","58706416","KN296210v1","326889","327054","38","58379368"
"chr5","58706711","58706854","KN294172v1","3210658","3210802","35","55496053"
"chr5","59105505","59105809","KN296244v1","438516","438787","80","58666989"
"chr5","59222914","59222972","KN296879v1","999794","999852","14","58223120"
"chr5","59329645","59329864","KN295114v1","132507","132721","20","59197138"
"chr5","59331781","59331913","KN295114v1","135006","135138","7","59196775"
"chr5","59362318","59362586","KN295114v1","166772","167079","61","59195546"
"chr5","59945613","59945913","KN294239v1","243029","243336","70","59702584"
"chr5","60047735","60048014","KN294861v1","165966","166239","27","59881769"
"chr5","60384957","60385091","KN294536v1","348653","348787","27","60036304"
"chr5","60393772","60393974","KN294208v1","73414","73627","54","60320358"
"chr5","60419146","60419452","KN295586v1","701437","701726","39","59717709"
"chr5","60709228","60709520","KN294326v1","411424","411715","26","60297804"
"chr5","61075005","61075250","KN297445v1","1222732","1222973","61","59852273"
"chr5","61096407","61096554","KN296394v1","294646","294793","13","60801761"
"chr5","61096850","61096861","KN294172v1","6434946","6434956","4","54661904"
"chr5","61097169","61097352","KN296394v1","294180","294349","37","60802989"
"chr5","61702884","61703190","KN294452v1","1374937","1375240","65","60327947"
"chr5","61763106","61763278","KN296685v1","45613","45790","11","61717493"
"chr5","61763895","61763927","KN296685v1","45275","45309","3","61718620"
"chr5","62410083","62410293","KN295601v1","1689627","1689831","61","60720456"
"chr5","62416822","62416873","KN296484v1","840284","840335","8","61576538"
"chr5","62419892","62420079","KN295553v1","69273","69467","51","62350619"
"chr5","62460594","62460679","KN297092v1","3480","3567","21","62457114"
"chr5","62823990","62824102","KN296732v1","3486949","3487060","26","59337041"
"chr5","62824412","62824594","KN295923v1","1333350","1333524","44","61491062"
"chr5","63412318","63412620","KN294964v1","1274971","1275281","54","62137347"
"chr5","63694108","63694370","KN295607v1","571124","571405","66","63122984"
"chr5","63899585","63899874","KN294260v1","1091595","1091881","72","62807990"
"chr5","63940925","63941066","KN295294v1","3806061","3806194","28","60134864"
"chr5","63948110","63948426","KN297050v1","187200","187494","75","63760910"
"chr5","63989308","63989441","KN296311v1","6471968","6472102","25","57517340"
"chr5","64188356","64188619","KN295523v1","3469042","3469297","66","60719314"
"chr5","64233604","64233936","KN294207v1","595798","596096","88","63637806"
"chr5","64236919","64237251","KN294207v1","595798","596096","88","63641121"
"chr5","64394285","64394543","KN294539v1","1506592","1506858","73","62887693"
"chr5","64585713","64585991","KN294790v1","911102","911378","54","63674611"
"chr5","64609796","64610111","KN295236v1","4448907","4449215","77","60160889"
"chr5","64871527","64871830","KN295430v1","2009073","2009373","61","62862454"
"chr5","64895617","64895752","KN294536v1","348653","348787","21","64546964"
"chr5","65364141","65364431","KN295090v1","2374852","2375141","74","62989289"
"chr5","65595611","65595784","KN296453v1","1168589","1168749","42","64427022"
"chr5","65595818","65595938","KN295708v1","2743593","2743707","29","62852225"
"chr5","65647370","65647488","KN296062v1","1206761","1206876","28","64440609"
"chr5","65751472","65751550","KN296682v1","314021","314103","17","65437451"
"chr5","66411002","66411256","KN294705v1","1107549","1107807","64","65303453"
"chr5","67659134","67659390","KN294539v1","1395829","1396088","79","66263305"
"chr5","68236652","68236945","KN295257v1","1053950","1054233","27","67182702"
"chr5","68538207","68538414","KN296767v1","53224","53425","56","68484983"
"chr5","69084722","69085025","KN296569v1","4335","4625","40","69080387"
"chr5","70098259","70098454","KN297442v1","2093457","2093650","62","68004802"
"chr5","70976858","70977145","KN294378v1","1350669","1350966","73","69626189"
"chr5","71175534","71175816","KN294493v1","1639497","1639778","66","69536037"
"chr5","71214250","71214543","KN297180v1","110970","111263","58","71103280"
"chr5","71283615","71283910","KN295346v1","1646114","1646406","67","69637501"
"chr5","71404499","71404809","KN297180v1","314236","314539","68","71090263"
"chr5","71474780","71474917","KN296486v1","60099","60235","30","71414681"
"chr5","71484960","71485240","KN294879v1","385981","386259","61","71098979"
"chr5","71731390","71731525","KN295601v1","2833105","2833244","34","68898285"
"chr5","72321153","72321217","KN296864v1","203949","204018","14","72117204"
"chr5","72562459","72562761","KN294520v1","992368","992662","70","71570091"
"chr5","73177575","73177830","KN296864v1","2452974","2453250","62","70724601"
"chr5","73181171","73181331","KN296732v1","3303486","3303632","49","69877685"
"chr5","73181645","73181839","KN295459v1","675303","675499","53","72506342"
"chr5","73234331","73234601","KN296157v1","1145342","1145607","70","72088989"
"chr5","74098967","74099287","KN296608v1","212269","212582","24","73886698"
"chr5","74134524","74134686","KN296608v1","245519","245675","13","73889005"
"chr5","75860996","75861230","KN296783v1","1112763","1112997","17","74748233"
"chr5","76430448","76430632","KN296883v1","709793","709959","47","75720655"
"chr5","76430931","76431076","KN296783v1","551030","551174","7","75879901"
"chr5","76582741","76583051","KN296783v1","392053","392363","29","76190688"
"chr5","76890858","76891162","KN296783v1","71514","71792","43","76819344"
"chr5","76954756","76955058","KN296783v1","17518","17804","26","76937238"
"chr5","77461850","77461929","KN294513v1","564705","564774","18","76897145"
"chr5","77789087","77789386","KN294416v1","449308","449609","79","77339779"
"chr5","77888257","77888379","KN296311v1","4815038","4815168","21","73073219"
"chr5","77912912","77913214","KN297242v1","1213658","1213969","74","76699254"
"chr5","78394489","78394795","KN295601v1","852180","852488","63","77542309"
"chr5","78423286","78423570","KN296577v1","367163","367438","58","78056123"
"chr5","79012242","79012505","KN295236v1","4215155","4215442","68","74797087"
"chr5","81757853","81758129","KN295428v1","311441","311712","19","81446412"
"chr5","81838620","81838903","KN295428v1","224334","224605","25","81614286"
"chr5","81954223","81954526","KN294416v1","449308","449609","76","81504915"
"chr5","81971016","81971319","KN294416v1","449308","449609","76","81521708"
"chr5","82354486","82354770","KN295594v1","198806","199091","70","82155680"
"chr5","82428704","82428803","KN294210v1","694425","694529","34","81734279"
"chr5","82428831","82428965","KN294407v1","2863006","2863150","46","79565825"
"chr5","84850838","84851049","KN296701v1","344880","345098","55","84505958"
"chr5","84878010","84878269","KN294372v1","2529148","2529407","71","82348862"
"chr5","85252448","85252734","KN295171v1","12625","12912","61","85239823"
"chr5","85706438","85706646","KN296885v1","3156248","3156459","11","82550190"
"chr5","85716924","85717055","KN295706v1","131306","131439","20","85585618"
"chr5","86021369","86021644","KN296885v1","2851397","2851675","17","83169972"
"chr5","86166851","86166967","KN296885v1","2707478","2707589","11","83459373"
"chr5","87727897","87728184","KN296885v1","1095114","1095389","30","86632783"
"chr5","88587679","88587812","KN296885v1","295658","295787","12","88292021"
"chr5","88771687","88771826","KN294613v1","467519","467659","36","88304168"
"chr5","89145776","89145995","KN297341v1","53270","53476","26","89092506"
"chr5","90363795","90364023","KN295633v1","550163","550378","73","89813632"
"chr5","90579637","90579951","KN294452v1","1374937","1375240","81","89204700"
"chr5","90587615","90587903","KN296515v1","108704","108986","66","90478911"
"chr5","90683829","90684118","KN295352v1","1382929","1383224","65","89300900"
"chr5","90809041","90809328","KN294260v1","822843","823138","74","89986198"
"chr5","91119754","91120042","KN294996v1","624568","624842","30","90495186"
"chr5","91467914","91468189","KN296404v1","2095101","2095370","71","89372813"
"chr5","91902082","91902413","KN294433v1","496066","496355","100","91406016"
"chr5","92599250","92599537","KN294199v1","1022551","1022840","64","91576699"
"chr5","92737820","92738111","KN295962v1","1544167","1544458","59","91193653"
"chr5","94111742","94112038","KN295320v1","844151","844453","67","93267591"
"chr5","94196074","94196210","KN295755v1","75966","76098","23","94120108"
"chr5","94614134","94614385","KN295092v1","980286","980537","17","93633848"
"chr5","94747772","94747996","KN295092v1","843497","843724","25","93904275"
"chr5","94965675","94965935","KN296879v1","875266","875519","69","94090409"
"chr5","94973326","94973460","KN295755v1","75966","76098","28","94897360"
"chr5","95294660","95294947","KN295092v1","288717","289011","39","95005943"
"chr5","95704982","95705291","KN296036v1","1343901","1344205","71","94361081"
"chr5","95815569","95815717","KN296915v1","198375","198534","21","95617194"
"chr5","95912197","95912470","KN296915v1","305238","305507","26","95606959"
"chr5","96064753","96065032","KN296290v1","1215856","1216128","78","94848897"
"chr5","96343381","96343521","KN294214v1","82066","82204","30","96261315"
"chr5","96501615","96501899","KN296883v1","2609802","2610089","60","93891813"
"chr5","96695155","96695448","KN295488v1","32379","32667","69","96662776"
"chr5","96941919","96942069","KN294279v1","1019768","1019921","34","95922151"
"chr5","97246174","97246460","KN296119v1","5896334","5896605","64","91349840"
"chr5","98320159","98320458","KN294873v1","359478","359763","74","97960681"
"chr5","99177751","99177878","KN296538v1","514898","515032","21","98662853"
"chr5","100163490","100163769","KN294302v1","861450","861728","64","99302040"
"chr5","100431416","100431672","KN294571v1","2055636","2055896","62","98375780"
"chr5","101196935","101197251","KN294452v1","1024655","1024959","77","100172280"
"chr5","101800371","101800544","KN297259v1","978533","978700","46","100821838"
"chr5","102209643","102209966","KN294244v1","44098","44406","40","102165545"
"chr5","102216332","102216595","KN294244v1","50908","51172","12","102165424"
"chr5","102308332","102308464","KN294583v1","189119","189254","20","102119213"
"chr5","102460690","102460978","KN295708v1","2860090","2860376","63","99600600"
"chr5","102558705","102558983","KN295667v1","935881","936160","63","101622824"
"chr5","102661984","102662232","KN295667v1","673092","673338","54","101988892"
"chr5","102698638","102698877","KN297190v1","5951555","5951790","57","96747083"
"chr5","102832883","102833072","KN294287v1","645666","645855","43","102187217"
"chr5","103948951","103949241","KN296864v1","2452974","2453250","82","101495977"
"chr5","104053489","104053647","KN296732v1","3522095","3522260","42","100531394"
"chr5","104891830","104892115","KN296455v1","827434","827715","54","104064396"
"chr5","105580558","105580782","KN296783v1","1112763","1112997","64","104467795"
"chr5","106647716","106648031","KN296162v1","506554","506864","29","106141162"
"chr5","106763571","106763861","KN297227v1","1049335","1049619","64","105714236"
"chr5","107394221","107394467","KN296702v1","216674","216944","43","107177547"
"chr5","107758946","107759255","KN295480v1","1274084","1274387","67","106484862"
"chr5","107812370","107812654","KN296702v1","610511","610796","26","107201859"
"chr5","108008011","108008303","KN295368v1","1939103","1939400","68","106068908"
"chr5","108057194","108057474","KN296948v1","762193","762479","70","107295001"
"chr5","108104597","108104874","KN296702v1","898057","898354","38","107206540"
"chr5","108361576","108361885","KN296702v1","1152046","1152352","29","107209530"
"chr5","108953428","108953697","KN296731v1","1028220","1028490","67","107925208"
"chr5","110022185","110022334","KN294571v1","417305","417453","33","109604880"
"chr5","110693828","110694117","KN294954v1","70243","70554","35","110623585"
"chr5","111444340","111444635","KN294758v1","1361907","1362206","85","110082433"
"chr5","111637781","111638082","KN294899v1","601188","601470","35","111036593"
"chr5","112041234","112041513","KN296865v1","1172192","1172469","69","110869042"
"chr5","112257162","112257310","KN294899v1","1194408","1194556","6","111062754"
"chr5","112263217","112263495","KN296775v1","1257852","1258131","79","111005365"
"chr5","112315053","112315355","KN294899v1","1235205","1235505","22","111079848"
"chr5","114107051","114107361","KN295984v1","1080209","1080517","73","113026842"
"chr5","114629814","114630083","KN297375v1","58397","58674","56","114571417"
"chr5","114681372","114681668","KN295352v1","729753","730045","65","113951619"
"chr5","114718457","114718729","KN295573v1","512154","512437","67","114206303"
"chr5","114746966","114747272","KN294539v1","1347688","1347986","65","113399278"
"chr5","114828231","114828342","KN296775v1","974808","974917","30","113853423"
"chr5","114954297","114954577","KN295356v1","578208","578494","70","114376089"
"chr5","115102109","115102234","KN294964v1","965459","965591","28","114136650"
"chr5","115102236","115102313","KN296828v1","138029","138111","24","114964207"
"chr5","115128292","115128593","KN294207v1","595798","596096","71","114532494"
"chr5","115183353","115183588","KN295319v1","765091","765341","70","114418262"
"chr5","115259397","115259714","KN297242v1","1213658","1213969","73","114045739"
"chr5","115266538","115266828","KN294539v1","1506592","1506858","66","113759946"
"chr5","115350293","115350458","KN294911v1","4985405","4985572","13","110364888"
"chr5","115553394","115553669","KN294911v1","4780948","4781223","17","110772446"
"chr5","116147577","116147871","KN297180v1","314236","314539","60","115833341"
"chr5","116467960","116468094","KN297274v1","1606553","1606683","33","114861407"
"chr5","116503350","116503630","KN296011v1","67440","67709","70","116435910"
"chr5","117448091","117448353","KN294911v1","2901686","2901937","23","114546405"
"chr5","117674568","117674702","KN295352v1","18004","18135","22","117656564"
"chr5","117686916","117686967","KN296484v1","840284","840335","9","116846632"
"chr5","117759666","117759792","KN296311v1","4657589","4657718","22","113102077"
"chr5","117885509","117885689","KN297215v1","75576","75756","49","117809933"
"chr5","117885976","117885989","KN295205v1","603470","603480","5","117282506"
"chr5","117886341","117886456","KN294410v1","238826","238934","32","117647515"
"chr5","118250424","118250692","KN294911v1","2072883","2073149","24","116177541"
"chr5","118251611","118251887","KN294984v1","94202","94491","77","118157409"
"chr5","118271876","118272162","KN297046v1","1666770","1667044","69","116605106"
"chr5","118971148","118971343","KN294911v1","1330719","1330910","47","117640429"
"chr5","118971371","118971398","KN295368v1","1470938","1470967","5","117500433"
"chr5","118976236","118976390","KN294279v1","1019768","1019921","36","117956468"
"chr5","119420517","119420814","KN294911v1","891917","892211","38","118528600"
"chr5","119570433","119570735","KN297442v1","1676499","1676799","54","117893934"
"chr5","120602259","120602348","KN296738v1","61831","61924","26","120540428"
"chr5","120748022","120748301","KN295633v1","1993894","1994175","59","118754128"
"chr5","120872204","120872510","KN294451v1","1149434","1149741","76","119722770"
"chr5","121295564","121295856","KN296311v1","5278234","5278515","53","116017330"
"chr5","121325064","121325380","KN295667v1","1567361","1567664","75","119757703"
"chr5","121398213","121398496","KN294452v1","998051","998338","63","120400162"
"chr5","121626434","121626695","KN295523v1","3469042","3469297","77","118157392"
"chr5","121777110","121777402","KN296964v1","1814390","1814681","63","119962720"
"chr5","121806676","121806951","KN296731v1","1403282","1403549","72","120403394"
"chr5","122004263","122004541","KN294279v1","171583","171867","61","121832680"
"chr5","122015820","122015953","KN294207v1","126950","127083","24","121888870"
"chr5","122016259","122016412","KN294991v1","973655","973815","37","121042604"
"chr5","122055659","122055953","KN296187v1","1706091","1706379","69","120349568"
"chr5","122115425","122115707","KN294420v1","263951","264214","87","121851474"
"chr5","122213379","122213694","KN296864v1","1939832","1940132","66","120273547"
"chr5","122242293","122242581","KN296303v1","805215","805501","57","121437078"
"chr5","122389494","122389787","KN295257v1","1053950","1054233","68","121335544"
"chr5","122513277","122513566","KN294873v1","1303218","1303511","63","121210059"
"chr5","122515711","122516007","KN295077v1","740031","740327","87","121775680"
"chr5","122565009","122565141","KN294583v1","189119","189254","29","122375890"
"chr5","122784010","122784302","KN296948v1","762193","762479","62","122021817"
"chr5","123256926","123257058","KN296311v1","4657589","4657718","23","118599337"
"chr5","123311223","123311515","KN296495v1","1076274","1076557","56","122234949"
"chr5","123590272","123590592","KN296117v1","433694","434012","62","123156578"
"chr5","123624547","123624729","KN294540v1","770939","771118","46","122853608"
"chr5","123625034","123625157","KN294172v1","3568097","3568221","27","120056937"
"chr5","123746360","123746495","KN295601v1","2833105","2833244","26","120913255"
"chr5","123850284","123850604","KN294954v1","70243","70554","69","123780041"
"chr5","123939268","123939554","KN296726v1","290991","291261","75","123648277"
"chr5","123940555","123940758","KN294325v1","233169","233336","65","123707386"
"chr5","123961017","123961303","KN295346v1","1646114","1646406","72","122314903"
"chr5","124003178","124003399","KN295610v1","77007","77226","56","123926171"
"chr5","124033301","124033549","KN296948v1","999703","999965","73","123033598"
"chr5","124081572","124081755","KN296588v1","899416","899601","44","123182156"
"chr5","124289895","124290104","KN296158v1","230905","231113","43","124058990"
"chr5","124290397","124290492","KN296290v1","2081846","2081943","22","122208551"
"chr5","124457718","124457893","KN294991v1","973655","973815","39","123484063"
"chr5","124609006","124609042","KN296646v1","838311","838351","7","123770695"
"chr5","124800843","124800909","KN294613v1","694258","694320","22","124106585"
"chr5","125089963","125090241","KN295705v1","823070","823354","73","124266893"
"chr5","125178937","125179197","KN294705v1","1107549","1107807","62","124071388"
"chr5","125379278","125379328","KN294848v1","35379","35428","12","125343899"
"chr5","125668623","125668936","KN294539v1","1347688","1347986","77","124320935"
"chr5","126619455","126619770","KN296096v1","1326102","1326406","69","125293353"
"chr5","126709000","126709278","KN294302v1","861450","861728","55","125847550"
"chr5","127502818","127503098","KN297197v1","1048614","1048879","71","126454204"
"chr5","128517463","128517758","KN295984v1","150673","150962","79","128366790"
"chr5","128750644","128750798","KN295962v1","2106431","2106583","34","126644213"
"chr5","129184217","129184524","KN297180v1","314236","314539","79","128869981"
"chr5","129437788","129437929","KN296625v1","261253","261395","11","129176535"
"chr5","129660879","129661150","KN296625v1","46441","46739","45","129614438"
"chr5","129729568","129729764","KN297184v1","1787556","1787737","48","127942012"
"chr5","129745154","129745455","KN297058v1","194613","194917","66","129550541"
"chr5","130087017","130087309","KN296649v1","28211","28505","80","130058806"
"chr5","130510917","130511067","KN297453v1","84448","84582","36","130426469"
"chr5","131190547","131190845","KN294470v1","1153982","1154281","81","130036565"
"chr5","131437991","131438294","KN296726v1","392031","392328","71","131045960"
"chr5","132752187","132752284","KN295406v1","576347","576444","20","132175840"
"chr5","133242439","133242731","KN296948v1","762193","762479","67","132480246"
"chr5","133304261","133304494","KN294873v1","82870","83122","68","133221391"
"chr5","133568303","133568437","KN294457v1","130203","130331","24","133438100"
"chr5","133620866","133620995","KN296311v1","4657589","4657718","22","128963277"
"chr5","133656237","133656395","KN294207v1","126950","127083","45","133529287"
"chr5","133656421","133656540","KN294499v1","518311","518429","23","133138110"
"chr5","133791532","133791813","KN294172v1","1944132","1944423","66","131847400"
"chr5","134053586","134053683","KN297153v1","394066","394162","3","133659520"
"chr5","134119043","134119353","KN297153v1","456493","456785","46","133662550"
"chr5","134392525","134392758","KN296315v1","602992","603236","74","133789533"
"chr5","134398932","134399219","KN297153v1","742847","743136","17","133656085"
"chr5","134557363","134557570","KN297153v1","880769","880976","10","133676594"
"chr5","134658609","134658895","KN297390v1","84191","84473","61","134574418"
"chr5","135440723","135440856","KN294739v1","1041553","1041687","22","134399170"
"chr5","135466052","135466337","KN296649v1","28211","28505","64","135437841"
"chr5","135488608","135488696","KN297349v1","428274","428357","23","135060334"
"chr5","135515362","135515651","KN297095v1","3766127","3766406","66","131749235"
"chr5","136269488","136269716","KN295441v1","1488111","1488339","63","134781377"
"chr5","137374501","137374632","KN294711v1","709159","709287","25","136665342"
"chr5","137902025","137902329","KN295022v1","263893","264191","28","137638132"
"chr5","138184718","138184827","KN295692v1","1233209","1233331","42","136951509"
"chr5","138365810","138366019","KN296548v1","82794","82989","54","138283016"
"chr5","138366317","138366439","KN296682v1","4980731","4980854","27","133385586"
"chr5","138500297","138500429","KN297453v1","84448","84582","22","138415849"
"chr5","138607364","138607662","KN297442v1","1676499","1676799","55","136930865"
"chr5","139429838","139430132","KN294187v1","1013695","1013993","62","138416143"
"chr5","140120229","140120359","KN295449v1","587976","588098","34","139532253"
"chr5","140858453","140858583","KN295294v1","3806061","3806194","22","137052392"
"chr5","140901965","140902255","KN297016v1","101503","101788","60","140800462"
"chr5","140971424","140971556","KN295090v1","903125","903258","24","140068299"
"chr5","141242003","141242304","KN295526v1","747652","747946","31","140494351"
"chr5","141770973","141771267","KN295526v1","208977","209276","25","141561996"
"chr5","141955816","141956127","KN295526v1","21197","21499","24","141934619"
"chr5","143846162","143846370","KN295533v1","2434686","2434882","47","141411476"
"chr5","143851149","143851275","KN297038v1","317140","317257","27","143534009"
"chr5","143973887","143973968","KN295236v1","2370219","2370291","23","141603668"
"chr5","143974501","143974570","KN297008v1","2642712","2642772","18","141331789"
"chr5","144189456","144189745","KN296507v1","738522","738814","22","143450934"
"chr5","144267322","144267645","KN296507v1","816644","816940","52","143450678"
"chr5","144818219","144818481","KN294644v1","446404","446666","11","144371815"
"chr5","145065710","145065897","KN294644v1","714294","714482","15","144351416"
"chr5","145218717","145218815","KN294644v1","859827","859924","10","144358890"
"chr5","145505580","145505875","KN294644v1","1106688","1106947","53","144398892"
"chr5","145590121","145590419","KN294644v1","1192753","1193039","41","144397368"
"chr5","146124050","146124357","KN296154v1","76811","77074","70","146047239"
"chr5","146124461","146124736","KN296154v1","77247","77542","46","146047214"
"chr5","147407593","147407896","KN296154v1","1282213","1282511","20","146125380"
"chr5","147449423","147449655","KN297095v1","2669325","2669548","64","144780098"
"chr5","147526875","147527181","KN295633v1","778185","778486","77","146748690"
"chr5","147641314","147641356","KN294444v1","115776","115820","7","147525538"
"chr5","149257367","149257668","KN296154v1","3180968","3181285","40","146076399"
"chr5","150436049","150436189","KN294486v1","664846","664989","34","149771203"
"chr5","150503553","150503826","KN296367v1","409273","409537","81","150094280"
"chr5","152417622","152417881","KN297046v1","3526635","3526886","66","148890987"
"chr5","152466422","152466522","KN295605v1","83359","83454","26","152383063"
"chr5","152476867","152477183","KN295480v1","1274084","1274387","73","151202783"
"chr5","152529387","152529676","KN294260v1","1091595","1091881","72","151437792"
"chr5","152534920","152535216","KN294366v1","79623","79919","64","152455297"
"chr5","152546204","152546276","KN294513v1","564705","564774","25","151981499"
"chr5","152546580","152546656","KN297197v1","3445644","3445723","23","149100936"
"chr5","152566107","152566313","KN296743v1","1848381","1848599","60","150717726"
"chr5","152566339","152566454","KN294713v1","833556","833671","22","151732783"
"chr5","152665853","152666165","KN296542v1","103665","103974","86","152562188"
"chr5","152735769","152735901","KN295294v1","3806061","3806194","22","148929708"
"chr5","152923564","152923853","KN295294v1","1101026","1101317","63","151822538"
"chr5","153647328","153647635","KN295832v1","1203931","1204234","23","152443397"
"chr5","153761164","153761441","KN295832v1","1088844","1089120","18","152672320"
"chr5","153801023","153801321","KN295832v1","1049476","1049782","26","152751547"
"chr5","153836944","153837120","KN295832v1","1012172","1012344","14","152824772"
"chr5","154946999","154947083","KN294790v1","6724105","6724182","35","148222894"
"chr5","155213565","155213881","KN295480v1","1274084","1274387","80","153939481"
"chr5","155481075","155481295","KN295893v1","437901","438156","81","155043174"
"chr5","155584657","155584927","KN294571v1","2055636","2055896","71","153529021"
"chr5","155955243","155955544","KN297095v1","1000130","1000433","18","154955113"
"chr5","155962836","155962971","KN294470v1","2235421","2235555","23","153727415"
"chr5","156063521","156063834","KN297095v1","1107756","1108070","19","154955765"
"chr5","156152275","156152553","KN297095v1","1186134","1186416","18","154966141"
"chr5","156154815","156155102","KN297095v1","1186134","1186416","24","154968681"
"chr5","156626007","156626294","KN296948v1","762193","762479","65","155863814"
"chr5","157109065","157109362","KN297095v1","2152119","2152407","25","154956946"
"chr5","157117526","157117814","KN296594v1","237857","238127","78","156879669"
"chr5","157124838","157125139","KN297095v1","2166583","2166875","27","154958255"
"chr5","157386611","157386757","KN296210v1","326465","326608","29","157060146"
"chr5","157414403","157414509","KN296948v1","1434964","1435067","37","155979439"
"chr5","158082131","158082269","KN297095v1","3208094","3208232","6","154874037"
"chr5","158648347","158648629","KN297095v1","3766127","3766406","16","154882220"
"chr5","158652165","158652306","KN296573v1","15418","15557","29","158636747"
"chr5","158982465","158982737","KN296508v1","1973232","1973505","61","157009233"
"chr5","159110004","159110270","KN297304v1","102213","102483","25","159007791"
"chr5","160215870","160216186","KN295449v1","1170610","1170916","77","159045260"
"chr5","160225782","160225957","KN295361v1","882059","882232","42","159343723"
"chr5","160550657","160550772","KN297274v1","1993791","1993919","27","158556866"
"chr5","160555193","160555495","KN295099v1","55159","55457","72","160500034"
"chr5","160858204","160858506","KN297023v1","152219","152509","77","160705985"
"chr5","161019921","161020032","KN297028v1","612387","612499","26","160407534"
"chr5","161020058","161020205","KN295005v1","263752","263899","28","160756306"
"chr5","161048914","161049229","KN294604v1","27646","27963","80","161021268"
"chr5","161116891","161117177","KN294345v1","1713106","1713396","71","159403785"
"chr5","161261981","161262055","KN295708v1","1062775","1062852","20","160199206"
"chr5","161344905","161345078","KN294842v1","123455","123618","46","161221450"
"chr5","161423929","161424028","KN294294v1","174673","174776","32","161249256"
"chr5","161640685","161640982","KN295346v1","1646114","1646406","64","159994571"
"chr5","162021184","162021317","KN294711v1","709159","709287","27","161312025"
"chr5","162158850","162158975","KN297274v1","359113","359242","23","161799737"
"chr5","162159123","162159408","KN295284v1","51299","51592","19","162107824"
"chr5","162489368","162489571","KN294458v1","1818611","1818826","54","160670757"
"chr5","162943608","162943744","KN297028v1","332073","332207","24","162611535"
"chr5","163578539","163578670","KN294172v1","6272486","6272617","27","157306053"
"chr5","163865528","163865759","KN294387v1","1989282","1989515","74","161876246"
"chr5","163992195","163992512","KN296836v1","993587","993901","80","162998608"
"chr5","164006986","164007188","KN295610v1","375600","375802","43","163631386"
"chr5","164937045","164937219","KN297293v1","82421","82594","12","164854624"
"chr5","164937515","164937654","KN297293v1","81984","82123","8","164855531"
"chr5","164950324","164950629","KN297293v1","67323","67629","18","164883001"
"chr5","165095664","165095964","KN295368v1","1939103","1939400","69","163156561"
"chr5","165222608","165222738","KN294172v1","6272486","6272617","25","158950122"
"chr6","373966","374069","KN297186v1","354003","354102","10","19963"
"chr6","1169872","1170166","KN297186v1","1135904","1136199","18","33968"
"chr6","1690828","1691129","KN294991v1","1709174","1709474","73","18346"
"chr6","1704692","1704983","KN295257v1","1997417","1997696","34","292725"
"chr6","2114800","2115106","KN295257v1","1601838","1602120","57","512962"
"chr6","2144267","2144404","KN295294v1","3806061","3806194","19","1661794"
"chr6","2664891","2665184","KN295257v1","1053950","1054233","27","1610941"
"chr6","2930639","2930919","KN295257v1","796704","796977","21","2133935"
"chr6","3173152","3173370","KN295257v1","563893","564140","48","2609259"
"chr6","3433191","3433474","KN295257v1","300761","301044","18","3132430"
"chr6","3468463","3468764","KN296731v1","1090257","1090517","90","2378206"
"chr6","3472746","3472856","KN295236v1","1140799","1140905","27","2331947"
"chr6","3627789","3628083","KN295257v1","99021","99319","19","3528768"
"chr6","3939698","3939981","KN294499v1","1906911","1907192","72","2032787"
"chr6","3953168","3953344","KN296009v1","1256147","1256320","15","2697021"
"chr6","3992435","3992745","KN296009v1","1216794","1217107","42","2775641"
"chr6","4430355","4430508","KN294558v1","284993","285139","35","4145362"
"chr6","5180814","5181114","KN296761v1","26104","26401","40","5154710"
"chr6","5231802","5232092","KN296761v1","72911","73206","20","5158891"
"chr6","6768945","6769234","KN294806v1","594997","595290","66","6173948"
"chr6","7335907","7336056","KN296538v1","514898","515032","27","6821009"
"chr6","7371203","7371502","KN297227v1","1049335","1049619","81","6321868"
"chr6","7394108","7394396","KN294592v1","450560","450839","57","6943548"
"chr6","7453548","7453832","KN296528v1","1411593","1411869","74","6041955"
"chr6","7696064","7696215","KN297200v1","363267","363404","50","7332797"
"chr6","7700876","7701027","KN297200v1","363267","363404","50","7337609"
"chr6","7924315","7924432","KN294548v1","68268","68384","24","7856047"
"chr6","7927941","7928202","KN295585v1","102609","102863","75","7825332"
"chr6","7953121","7953382","KN295585v1","102609","102863","74","7850512"
"chr6","7956922","7957039","KN294548v1","68268","68384","25","7888654"
"chr6","8383883","8384182","KN295633v1","778185","778486","74","7605698"
"chr6","8477118","8477408","KN296303v1","805215","805501","60","7671903"
"chr6","9762997","9763065","KN296062v1","2050903","2050968","18","7712094"
"chr6","10511569","10511813","KN297445v1","1222732","1222973","13","9288837"
"chr6","10578697","10578847","KN294739v1","903316","903465","11","9675381"
"chr6","10629161","10629289","KN297445v1","1333351","1333481","7","9295810"
"chr6","10735537","10735828","KN297445v1","1445316","1445600","33","9290221"
"chr6","10808900","10809024","KN296311v1","4815038","4815168","27","5993862"
"chr6","11959633","11959912","KN295171v1","12625","12912","69","11947008"
"chr6","12986776","12987068","KN294548v1","1203959","1204261","79","11782817"
"chr6","14041561","14041687","KN295294v1","3806061","3806194","24","10235500"
"chr6","14125594","14125773","KN294711v1","1194000","1194162","49","12931594"
"chr6","15381328","15381600","KN294192v1","253871","254153","73","15127457"
"chr6","15564168","15564305","KN295605v1","687968","688102","31","14876200"
"chr6","15564623","15564775","KN294407v1","2863006","2863150","38","12701617"
"chr6","15611062","15611184","KN295601v1","2823696","2823818","27","12787366"
"chr6","15663343","15663475","KN297445v1","1333351","1333481","28","14329992"
"chr6","15699788","15699869","KN297154v1","1806242","1806327","25","13893546"
"chr6","15760267","15760303","KN296646v1","838353","838388","7","14921914"
"chr6","15764182","15764427","KN295352v1","1019178","1019436","66","14745004"
"chr6","16105643","16105928","KN296964v1","1814390","1814681","66","14291253"
"chr6","16129300","16129585","KN296964v1","1814390","1814681","66","14314910"
"chr6","16224293","16224588","KN295432v1","49437","49735","65","16174856"
"chr6","16673769","16673893","KN295441v1","789788","789916","23","15883981"
"chr6","16728221","16728443","KN294874v1","119164","119388","56","16609057"
"chr6","16728444","16728597","KN294705v1","965845","966004","40","15762599"
"chr6","17054022","17054138","KN296210v1","424680","424784","40","16629342"
"chr6","17054450","17054504","KN294705v1","185506","185555","20","16868944"
"chr6","17282745","17283037","KN295984v1","150673","150962","70","17132072"
"chr6","17510296","17510478","KN295430v1","2495062","2495241","44","15015234"
"chr6","17532385","17532518","KN296311v1","4657589","4657718","22","12874796"
"chr6","17624099","17624301","KN296528v1","1417954","1418126","59","16206145"
"chr6","17624602","17624724","KN296225v1","229061","229185","26","17395541"
"chr6","17835365","17835660","KN296964v1","1814390","1814681","65","16020975"
"chr6","18107738","18108041","KN294452v1","1374937","1375240","58","16732801"
"chr6","18214556","18214715","KN294548v1","490123","490280","39","17724433"
"chr6","18393857","18394156","KN297112v1","2231098","2231393","74","16162759"
"chr6","18400904","18401149","KN297404v1","36270","36508","81","18364634"
"chr6","18474804","18475102","KN296964v1","1814390","1814681","66","16660414"
"chr6","18481317","18481558","KN297245v1","2387953","2388175","63","16093364"
"chr6","18561688","18561979","KN294470v1","849781","850077","64","17711907"
"chr6","18652981","18653115","KN295090v1","610678","610810","28","18042303"
"chr6","18859255","18859556","KN297066v1","48943","49249","63","18810312"
"chr6","19214545","19214784","KN294873v1","82870","83122","65","19131675"
"chr6","20326324","20326462","KN294372v1","290537","290683","37","20035787"
"chr6","20708379","20708668","KN296948v1","762193","762479","67","19946186"
"chr6","20775464","20775767","KN295814v1","1359123","1359425","61","19416341"
"chr6","20839392","20839517","KN296322v1","997745","997870","19","19841647"
"chr6","20839821","20840016","KN295205v1","567790","567983","49","20272031"
"chr6","21036808","21037115","KN296507v1","738522","738814","65","20298286"
"chr6","21090575","21090704","KN296643v1","191078","191208","27","20899497"
"chr6","21221585","21221755","KN296311v1","1023510","1023673","40","20198075"
"chr6","21292499","21292783","KN296948v1","762193","762479","56","20530306"
"chr6","21487079","21487382","KN295633v1","778185","778486","62","20708894"
"chr6","21650297","21650582","KN294539v1","1096217","1096495","67","20554080"
"chr6","21888547","21888821","KN295705v1","823070","823354","70","21065477"
"chr6","22270230","22270530","KN297066v1","48943","49249","80","22221287"
"chr6","22320134","22320341","KN295893v1","81858","82067","52","22238276"
"chr6","22529690","22529954","KN295667v1","935881","936160","71","21593809"
"chr6","23205060","23205381","KN294486v1","867184","867500","69","22337876"
"chr6","23511726","23512038","KN294294v1","145451","145740","90","23366275"
"chr6","24583555","24583755","KN294257v1","2785213","2785411","19","21798342"
"chr6","24676358","24676446","KN294257v1","1945549","1945639","23","22730809"
"chr6","24676659","24676771","KN294416v1","1003998","1004111","27","23672661"
"chr6","24942121","24942230","KN296885v1","2707478","2707589","25","22234643"
"chr6","25004344","25004628","KN294257v1","2362235","2362523","19","22642109"
"chr6","25026111","25026411","KN294257v1","2340577","2340881","34","22685534"
"chr6","25609605","25609914","KN294257v1","1693918","1694233","21","23915687"
"chr6","25949318","25949604","KN294257v1","1368803","1369094","29","24580515"
"chr6","26473356","26473662","KN294207v1","595798","596096","74","25877558"
"chr6","26493546","26493857","KN294257v1","847474","847785","19","25646072"
"chr6","26652231","26652387","KN296508v1","602220","602385","42","26050011"
"chr6","26682651","26682774","KN297038v1","483023","483145","26","26199628"
"chr6","26727825","26727995","KN296538v1","1843564","1843714","55","24884261"
"chr6","26728343","26728425","KN296916v1","406169","406247","28","26322174"
"chr6","26740151","26740459","KN294210v1","473112","473404","68","26267039"
"chr6","27067194","27067355","KN294407v1","109423","109582","40","26957771"
"chr6","27082027","27082162","KN297215v1","722339","722465","22","26359688"
"chr6","27464546","27464668","KN295596v1","2102045","2102171","27","25362501"
"chr6","27464962","27464997","KN297190v1","6428256","6428290","14","21036706"
"chr6","27584589","27584864","KN294443v1","13285","13540","41","27571304"
"chr6","27984922","27985209","KN294443v1","362867","363154","12","27622055"
"chr6","28004104","28004272","KN294372v1","2365173","2365337","38","25638931"
"chr6","28057005","28057177","KN294443v1","437013","437176","14","27619992"
"chr6","28413051","28413216","KN295548v1","755573","755752","58","27657478"
"chr6","28471050","28471206","KN294443v1","875900","876069","26","27595150"
"chr6","28471485","28471620","KN294443v1","876364","876487","23","27595121"
"chr6","28710702","28711019","KN295633v1","909764","910066","81","27800938"
"chr6","28985997","28986281","KN294172v1","1944132","1944423","63","27041865"
"chr6","29008559","29008814","KN294443v1","1323408","1323672","25","27685151"
"chr6","29033913","29034213","KN294443v1","1351018","1351334","34","27682895"
"chr6","29086230","29086333","KN294193v1","654985","655103","32","28431245"
"chr6","29538546","29538827","KN294790v1","911102","911378","60","28627444"
"chr6","30249438","30249588","KN294387v1","3937368","3937513","35","26312070"
"chr6","30469696","30469855","KN296308v1","125376","125526","23","30344320"
"chr6","30684572","30684729","KN296308v1","125376","125526","20","30559196"
"chr6","30942715","30942993","KN297028v1","97110","97396","67","30845605"
"chr6","31033663","31033955","KN296308v1","490715","491013","24","30542948"
"chr6","31055294","31055570","KN296308v1","509786","510061","20","30545508"
"chr6","31145993","31146114","KN294470v1","2691628","2691754","31","28454365"
"chr6","31549641","31549774","KN294536v1","348653","348787","21","31200988"
"chr6","31933763","31934057","KN295624v1","42148","42419","56","31891615"
"chr6","32184369","32184672","KN295382v1","122742","123041","28","32061627"
"chr6","32406622","32406745","KN296926v1","988728","988849","20","31417894"
"chr6","32742010","32742140","KN295102v1","105981","106109","27","32636029"
"chr6","32938734","32939011","KN294462v1","408640","408936","33","32530094"
"chr6","33526811","33527030","KN296371v1","187238","187458","12","33339573"
"chr6","33531900","33532132","KN296371v1","180180","180422","24","33351720"
"chr6","33882746","33882850","KN295533v1","2025413","2025521","33","31857333"
"chr6","33922208","33922378","KN296864v1","3353170","3353334","34","30569038"
"chr6","33923052","33923154","KN295854v1","1672898","1672992","38","32250154"
"chr6","33968351","33968596","KN295236v1","3071543","3071805","48","30896808"
"chr6","33991181","33991342","KN294443v1","437013","437176","48","33554168"
"chr6","33991642","33991766","KN294172v1","6982822","6982943","32","27008820"
"chr6","34061353","34061620","KN295096v1","2492006","2492281","75","31569347"
"chr6","34183066","34183356","KN294837v1","377636","377927","18","33805430"
"chr6","34281689","34281777","KN294239v1","1578795","1578887","26","32702894"
"chr6","34650044","34650174","KN295705v1","382490","382621","24","34267554"
"chr6","35007736","35007964","KN294747v1","867897","868151","69","34139839"
"chr6","35359116","35359323","KN295293v1","34798","35012","56","35324318"
"chr6","35360038","35360241","KN297420v1","1707","1921","52","35358331"
"chr6","35390549","35390575","KN296079v1","635431","635453","13","34755118"
"chr6","35390891","35391047","KN295005v1","263752","263899","43","35127139"
"chr6","35453226","35453359","KN295433v1","438862","439004","38","35014364"
"chr6","35453654","35453816","KN294991v1","973655","973815","36","34479999"
"chr6","35485279","35485418","KN296210v1","326465","326608","20","35158814"
"chr6","35555790","35555933","KN296453v1","1168589","1168749","43","34387201"
"chr6","35556257","35556414","KN296187v1","1018477","1018630","44","34537780"
"chr6","35567954","35568140","KN295405v1","306703","306887","55","35261251"
"chr6","35604141","35604239","KN294619v1","1400034","1400133","21","34204107"
"chr6","35872355","35872637","KN295705v1","823070","823354","65","35049285"
"chr6","35945484","35945609","KN295171v1","1556218","1556343","24","34389266"
"chr6","36011034","36011307","KN297190v1","4113908","4114190","70","31897126"
"chr6","36164141","36164265","KN296322v1","997745","997870","22","35166396"
"chr6","36184268","36184401","KN296311v1","4815038","4815168","20","31369230"
"chr6","36354914","36355216","KN295079v1","373372","373674","70","35981542"
"chr6","36419214","36419446","KN296879v1","875266","875519","75","35543948"
"chr6","36495551","36495893","KN295102v1","38793","39103","89","36456758"
"chr6","36548134","36548448","KN295633v1","909764","910066","69","35638370"
"chr6","36589848","36590139","KN297180v1","110970","111263","64","36478878"
"chr6","36717098","36717358","KN294373v1","903956","904224","69","35813142"
"chr6","36859280","36859583","KN296495v1","1722244","1722543","64","35137036"
"chr6","36897592","36897886","KN294261v1","349079","349368","62","36548513"
"chr6","36926735","36927043","KN295406v1","422798","423100","67","36503937"
"chr6","37061725","37062011","KN295368v1","1939103","1939400","69","35122622"
"chr6","37236233","37236466","KN296759v1","126828","127079","86","37109405"
"chr6","37253428","37253539","KN297046v1","1846109","1846219","33","35407319"
"chr6","37681025","37681315","KN294873v1","1303218","1303511","62","36377807"
"chr6","37831080","37831383","KN295205v1","1534387","1534688","63","36296693"
"chr6","37832713","37833023","KN296520v1","1454899","1455203","64","36377814"
"chr6","37949466","37949713","KN295846v1","219637","219884","75","37729829"
"chr6","37950338","37950643","KN296849v1","957882","958183","60","36992456"
"chr6","37995048","37995274","KN294299v1","98143","98368","55","37896905"
"chr6","38321284","38321574","KN295637v1","799799","800078","70","37521485"
"chr6","38430779","38430820","KN294705v1","965552","965591","20","37465227"
"chr6","38557419","38557705","KN297236v1","52228","52520","74","38505191"
"chr6","39089127","39089441","KN294629v1","39362","39662","77","39049765"
"chr6","39325523","39325860","KN295983v1","481615","481941","86","38843908"
"chr6","40940400","40940711","KN295102v1","38793","39103","72","40901607"
"chr6","41028075","41028333","KN294325v1","979659","979928","77","40048416"
"chr6","42178872","42178997","KN296643v1","191078","191208","22","41987794"
"chr6","42493489","42493619","KN296430v1","1046689","1046817","24","41446800"
"chr6","42625023","42625296","KN294552v1","1295874","1296134","65","41329149"
"chr6","42649478","42649542","KN294613v1","694258","694320","19","41955220"
"chr6","42723753","42723871","KN296495v1","463832","463952","10","42259921"
"chr6","42914160","42914234","KN294535v1","80806","80875","18","42833354"
"chr6","43011013","43011326","KN296495v1","756288","756599","43","42254725"
"chr6","43298202","43298344","KN294761v1","1021261","1021399","28","42276941"
"chr6","43319895","43320178","KN296495v1","1076274","1076557","16","42243621"
"chr6","43343018","43343170","KN296145v1","649092","649233","36","42693926"
"chr6","43374440","43374534","KN295987v1","1409300","1409399","35","41965140"
"chr6","43383442","43383765","KN296495v1","1144836","1145157","18","42238606"
"chr6","43603592","43603874","KN294262v1","1543119","1543412","85","42060473"
"chr6","43832899","43833200","KN295933v1","40027","40319","70","43792872"
"chr6","43949843","43950006","KN296096v1","680679","680846","30","43269164"
"chr6","43955322","43955454","KN295706v1","131306","131439","17","43824016"
"chr6","43971881","43972178","KN296495v1","1722244","1722543","23","42249637"
"chr6","44043163","44043313","KN296495v1","1795663","1795811","16","42247500"
"chr6","44043619","44043754","KN296495v1","1796296","1796419","19","42247323"
"chr6","44110925","44111070","KN295962v1","463054","463189","30","43647871"
"chr6","44123286","44123568","KN296495v1","1878500","1878789","37","42244786"
"chr6","44178720","44179013","KN296495v1","1924230","1924506","33","42254490"
"chr6","44356910","44357175","KN296495v1","2102720","2102993","36","42254190"
"chr6","44373613","44373921","KN296495v1","2120476","2120783","15","42253137"
"chr6","44373926","44374057","KN294705v1","1594003","1594134","23","42779923"
"chr6","44375137","44375434","KN296495v1","2121996","2122287","21","42253141"
"chr6","44454922","44455176","KN296495v1","2199075","2199323","45","42255847"
"chr6","44483148","44483458","KN296495v1","2225847","2226158","32","42257301"
"chr6","45077031","45077181","KN296921v1","435698","435849","32","44641333"
"chr6","46125420","46125715","KN296970v1","419107","419402","21","45706313"
"chr6","46287319","46287606","KN296970v1","541304","541582","37","45746015"
"chr6","46294842","46295146","KN296970v1","548840","549143","16","45746002"
"chr6","47617670","47617821","KN296625v1","261253","261395","39","47356417"
"chr6","48469224","48469485","KN296119v1","4872321","4872585","61","43596903"
"chr6","48961358","48961653","KN295261v1","628564","628857","32","48332794"
"chr6","50599322","50599620","KN296176v1","500815","501093","79","50098507"
"chr6","51012319","51012602","KN297281v1","250684","250970","29","50761635"
"chr6","51370037","51370350","KN294251v1","4305502","4305793","43","47064535"
"chr6","51546804","51547079","KN294251v1","4137344","4137619","27","47409460"
"chr6","51857023","51857119","KN294251v1","3824941","3825038","7","48032082"
"chr6","53148053","53148340","KN294207v1","595798","596096","69","52552255"
"chr6","53355626","53355912","KN294407v1","715854","716149","74","52639772"
"chr6","53612643","53612796","KN295005v1","263752","263899","37","53348891"
"chr6","53612856","53612972","KN297323v1","349913","350031","26","53262943"
"chr6","53681504","53681795","KN294251v1","1870237","1870532","24","51811267"
"chr6","54206999","54207303","KN294251v1","1428860","1429166","34","52778139"
"chr6","54246875","54247089","KN294251v1","1385970","1386186","16","52860905"
"chr6","54266100","54266409","KN294251v1","1366870","1367179","20","52899230"
"chr6","54374343","54374639","KN294251v1","1260757","1261053","14","53113586"
"chr6","54955704","54955837","KN294790v1","3690102","3690234","21","51265602"
"chr6","55596634","55596781","KN294445v1","955168","955317","29","54641466"
"chr6","56406554","56406830","KN294445v1","182567","182857","26","56223987"
"chr6","56829723","56829992","KN296948v1","762193","762479","65","56067530"
"chr6","57449094","57449365","KN297046v1","2072166","2072416","80","55376928"
"chr6","57755194","57755487","KN295929v1","240001","240300","81","57515193"
"chr6","57957329","57957635","KN294260v1","822843","823138","61","57134486"
"chr6","58115465","58115596","KN294911v1","2310594","2310724","24","55804871"
"chr6","58170909","58171151","KN296959v1","1145683","1145916","67","57025226"
"chr6","58205077","58205228","KN295705v1","1659307","1659450","29","56545770"
"chr6","58312978","58313110","KN295907v1","1636086","1636221","29","56676892"
"chr6","58352037","58352252","KN294209v1","14779","14997","58","58337258"
"chr6","58385877","58385991","KN296486v1","1209077","1209185","27","57176800"
"chr6","58599025","58599300","KN294302v1","861450","861728","64","57737575"
"chr6","58601043","58601318","KN294302v1","861450","861728","70","57739593"
"chr6","63443618","63443890","KN294325v1","979659","979928","68","62463959"
"chr6","64018530","64018828","KN296373v1","839918","840216","30","63178612"
"chr6","64788900","64789190","KN296373v1","139863","140142","34","64649037"
"chr6","64876416","64876706","KN296373v1","44543","44844","35","64831873"
"chr6","65196630","65196792","KN295701v1","661695","661868","18","64534935"
"chr6","65227511","65227724","KN295701v1","628904","629117","15","64598607"
"chr6","65490405","65490710","KN294399v1","171378","171682","65","65319027"
"chr6","66689184","66689478","KN294831v1","228505","228793","69","66460679"
"chr6","67128739","67129053","KN294452v1","1024655","1024959","69","66104084"
"chr6","67307851","67308155","KN295894v1","2131941","2132242","81","65175910"
"chr6","69310228","69310510","KN294493v1","1639497","1639778","76","67670731"
"chr6","70083815","70084101","KN296303v1","805215","805501","63","69278600"
"chr6","70386471","70386792","KN294387v1","4289485","4289802","17","66096986"
"chr6","70441999","70442291","KN296795v1","1627125","1627421","76","68814874"
"chr6","70739539","70739681","KN294387v1","3937368","3937513","12","66802171"
"chr6","70811643","70811930","KN296311v1","6546105","6546379","70","64265538"
"chr6","72388568","72388703","KN296702v1","821421","821571","45","71567147"
"chr6","72637207","72637469","KN294387v1","2065177","2065438","22","70572030"
"chr6","72715794","72716036","KN294387v1","1989282","1989515","22","70726512"
"chr6","72787865","72788020","KN295241v1","97934","98104","35","72689931"
"chr6","73434876","73435152","KN294387v1","1301474","1301745","26","72133402"
"chr6","74324991","74325258","KN294705v1","1107549","1107807","59","73217442"
"chr6","74432665","74432746","KN294387v1","367739","367829","13","74064926"
"chr6","74611837","74612079","KN296991v1","837983","838230","67","73773854"
"chr6","75187792","75187944","KN296921v1","380253","380404","14","74807539"
"chr6","75230256","75230387","KN296921v1","467859","467990","8","74762397"
"chr6","75270488","75270619","KN296921v1","467859","467990","8","74802629"
"chr6","75330987","75331137","KN294346v1","260578","260726","39","75070409"
"chr6","75338812","75338962","KN294346v1","260578","260726","39","75078234"
"chr6","75416715","75416936","KN297317v1","77457","77669","65","75339258"
"chr6","75417239","75417353","KN294199v1","969997","970115","32","74447242"
"chr6","75419112","75419242","KN296200v1","299464","299591","21","75119648"
"chr6","75519637","75519771","KN296921v1","711515","711651","11","74808122"
"chr6","75520799","75520988","KN296921v1","712674","712855","19","74808125"
"chr6","75587682","75587973","KN296921v1","785494","785770","31","74802188"
"chr6","76213076","76213388","KN296921v1","1379776","1380080","36","74833300"
"chr6","77491053","77491326","KN296921v1","2556540","2556812","18","74934513"
"chr6","77608326","77608436","KN295090v1","1036855","1036964","34","76571471"
"chr6","77631151","77631468","KN296921v1","2696133","2696444","20","74935018"
"chr6","77748313","77748618","KN296502v1","1354687","1354995","65","76393626"
"chr6","77760837","77760964","KN296921v1","2818596","2818726","14","74942241"
"chr6","77775699","77775955","KN296921v1","2833134","2833394","16","74942565"
"chr6","77862454","77862738","KN294385v1","307137","307411","74","77555317"
"chr6","79462205","79462507","KN296095v1","85970","86273","16","79376235"
"chr6","79658164","79658469","KN297442v1","1676499","1676799","67","77981665"
"chr6","80123358","80123667","KN294520v1","992368","992662","87","79130990"
"chr6","80542953","80543231","KN296948v1","762193","762479","66","79780760"
"chr6","80999336","80999619","KN296515v1","82452","82715","48","80916884"
"chr6","81015079","81015248","KN294269v1","1609579","1609744","42","79405500"
"chr6","81027225","81027511","KN296515v1","108704","108986","31","80918521"
"chr6","81250800","81250877","KN295996v1","133273","133341","21","81117527"
"chr6","81361072","81361199","KN295533v1","2843283","2843406","21","78517789"
"chr6","81770017","81770150","KN295526v1","145592","145725","21","81624425"
"chr6","82003315","82003538","KN295367v1","57712","57939","22","81945603"
"chr6","83914790","83914947","KN294991v1","973655","973815","36","82941135"
"chr6","84023833","84024119","KN294210v1","473112","473404","68","83550721"
"chr6","85165300","85165524","KN296767v1","53224","53425","67","85112076"
"chr6","85282140","85282318","KN294372v1","59449","59630","48","85222691"
"chr6","85637258","85637429","KN296643v1","410184","410354","39","85227074"
"chr6","85656828","85657102","KN296311v1","2391994","2392268","74","83264834"
"chr6","85768371","85768660","KN295099v1","55159","55457","59","85713212"
"chr6","85830534","85830841","KN296507v1","738522","738814","67","85092012"
"chr6","85847410","85847631","KN295441v1","1486178","1486397","66","84361232"
"chr6","85922067","85922354","KN295236v1","5115212","5115495","79","80806855"
"chr6","85983525","85983797","KN296036v1","2072069","2072345","80","83911456"
"chr6","86181984","86182267","KN295356v1","578208","578494","67","85603776"
"chr6","87720367","87720589","KN296991v1","1155715","1155935","52","86564652"
"chr6","87835251","87835531","KN295586v1","701437","701726","63","87133814"
"chr6","87922062","87922315","KN296108v1","954277","954539","69","86967785"
"chr6","87940286","87940595","KN295375v1","86398","86715","69","87853888"
"chr6","88138082","88138379","KN297141v1","17086","17384","68","88120996"
"chr6","88230075","88230326","KN294873v1","82870","83122","72","88147205"
"chr6","88305429","88305686","KN297105v1","2959195","2959449","75","85346234"
"chr6","88754596","88754831","KN297452v1","257214","257456","73","88497382"
"chr6","89274573","89274867","KN295744v1","408789","409077","59","88865784"
"chr6","89567164","89567300","KN294499v1","1971701","1971834","39","87595463"
"chr6","89664251","89664555","KN297180v1","314236","314539","60","89350015"
"chr6","89775405","89775539","KN295526v1","145592","145725","25","89629813"
"chr6","89785755","89785895","KN296498v1","176729","176872","30","89609026"
"chr6","89786221","89786391","KN295923v1","1333350","1333524","41","88452871"
"chr6","89821524","89821665","KN297304v1","235726","235857","32","89585798"
"chr6","89828292","89828599","KN297180v1","314236","314539","69","89514056"
"chr6","89845006","89845125","KN295586v1","644606","644724","26","89200400"
"chr6","89893987","89894145","KN295326v1","444837","444999","37","89449150"
"chr6","89894432","89894447","KN296200v1","625667","625680","6","89268765"
"chr6","89894473","89894592","KN294499v1","518311","518429","26","89376162"
"chr6","89978798","89978922","KN296225v1","229061","229185","22","89749737"
"chr6","90048357","90048658","KN296649v1","474335","474640","72","89574022"
"chr6","90182501","90182735","KN295633v1","550163","550378","58","89632338"
"chr6","90656410","90656569","KN295328v1","65769","65929","6","90590641"
"chr6","91228231","91228541","KN297180v1","314236","314539","78","90913995"
"chr6","91339871","91340001","KN295441v1","789788","789916","25","90550083"
"chr6","91349656","91349793","KN296378v1","112481","112614","39","91237175"
"chr6","91387444","91387572","KN296093v1","103205","103337","23","91284239"
"chr6","91428962","91429243","KN294235v1","447510","447794","76","90981452"
"chr6","91621060","91621336","KN297046v1","1666770","1667044","75","89954290"
"chr6","91661051","91661356","KN297219v1","1839754","1840062","71","89821297"
"chr6","91757788","91758096","KN295893v1","5129577","5129894","77","86628211"
"chr6","91781458","91781576","KN296153v1","3603162","3603273","28","88178296"
"chr6","92080035","92080151","KN295005v1","263925","264043","28","91816110"
"chr6","92080203","92080371","KN296877v1","151376","151537","35","91928827"
"chr6","92090409","92090599","KN297190v1","98686","98881","52","91991723"
"chr6","92118166","92118307","KN296934v1","609106","609251","38","91509060"
"chr6","92118621","92118761","KN294372v1","1458099","1458235","30","90660522"
"chr6","92141390","92141695","KN296322v1","1648835","1649139","67","90492555"
"chr6","92150247","92150548","KN295586v1","5310987","5311300","69","86839260"
"chr6","92573125","92573411","KN296964v1","1814390","1814681","61","90758735"
"chr6","92757391","92757701","KN296322v1","426249","426560","72","92331142"
"chr6","92828179","92828396","KN296847v1","410946","411169","58","92417233"
"chr6","94886815","94887074","KN294970v1","513843","514102","24","94372972"
"chr6","95378827","95379125","KN296435v1","2611722","2612009","66","92767105"
"chr6","95605104","95605255","KN296142v1","213909","214054","30","95391195"
"chr6","95797762","95798063","KN296507v1","738522","738814","69","95059240"
"chr6","95900394","95900704","KN295633v1","1633983","1634282","76","94266411"
"chr6","95912380","95912673","KN296538v1","333498","333794","65","95578882"
"chr6","96438176","96438455","KN295633v1","1993894","1994175","79","94444282"
"chr6","98771534","98771842","KN295480v1","1274084","1274387","69","97497450"
"chr6","99157153","99157450","KN297184v1","1114866","1115167","66","98042287"
"chr6","99172003","99172314","KN294452v1","1374937","1375240","61","97797066"
"chr6","99259373","99259675","KN294650v1","1198350","1198641","79","98061023"
"chr6","99309929","99310173","KN297197v1","2183815","2184043","70","97126114"
"chr6","99462693","99462991","KN296948v1","762193","762479","65","98700500"
"chr6","100339732","100340032","KN295506v1","141052","141345","31","100198680"
"chr6","100773526","100773806","KN297375v1","58397","58674","70","100715129"
"chr6","101335592","101335871","KN296205v1","517385","517664","14","100818207"
"chr6","101395879","101396011","KN296205v1","574450","574582","12","100821429"
"chr6","101422456","101422762","KN296205v1","601732","602028","29","100820724"
"chr6","101584124","101584391","KN296205v1","765577","765832","28","100818547"
"chr6","101655064","101655366","KN294421v1","9377","9683","62","101645687"
"chr6","102055256","102055364","KN296885v1","2707478","2707589","27","99347778"
"chr6","102684300","102684596","KN294251v1","1366870","1367179","84","101317430"
"chr6","102922157","102922474","KN295102v1","38793","39103","69","102883364"
"chr6","103407550","103407857","KN296322v1","1648835","1649139","65","101758715"
"chr6","104423663","104423918","KN294299v1","98143","98368","51","104325520"
"chr6","104673981","104674113","KN297453v1","84448","84582","23","104589533"
"chr6","104916173","104916339","KN295215v1","279141","279307","10","104637032"
"chr6","105421444","105421770","KN294833v1","465915","466237","26","104955529"
"chr6","106588581","106588766","KN297259v1","978533","978700","48","105610048"
"chr6","106767091","106767369","KN295984v1","150673","150962","64","106616418"
"chr6","106779878","106780156","KN295984v1","150673","150962","64","106629205"
"chr6","107030782","107030938","KN297245v1","2459373","2459526","38","104571409"
"chr6","107094060","107094389","KN295974v1","1415452","1415775","84","105678608"
"chr6","107240058","107240373","KN297058v1","194613","194917","75","107045445"
"chr6","107306363","107306496","KN294294v1","171584","171711","32","107134779"
"chr6","107530852","107531034","KN294205v1","957443","957638","49","106573409"
"chr6","107542799","107543116","KN297153v1","798177","798480","79","106744622"
"chr6","107544594","107544896","KN294583v1","35294","35606","81","107509300"
"chr6","107766488","107766791","KN295633v1","778185","778486","64","106988303"
"chr6","107787053","107787343","KN295171v1","12625","12912","70","107774428"
"chr6","108250531","108250835","KN296508v1","258998","259298","75","107991533"
"chr6","108253518","108253679","KN294470v1","2691196","2691354","38","105562322"
"chr6","108253708","108253829","KN296682v1","4980731","4980854","25","103272977"
"chr6","108499032","108499343","KN294842v1","647613","647907","70","107851419"
"chr6","108544184","108544445","KN295346v1","1243459","1243703","76","107300725"
"chr6","108811287","108811409","KN296322v1","997745","997870","22","107813542"
"chr6","108964395","108964507","KN296306v1","3680586","3680698","28","105283809"
"chr6","109224913","109225054","KN294548v1","869656","869782","45","108355257"
"chr6","109225373","109225448","KN294407v1","169358","169428","29","109056015"
"chr6","109279238","109279424","KN297274v1","1690638","1690818","45","107588600"
"chr6","109346509","109346804","KN295830v1","50630","50887","60","109295879"
"chr6","109373973","109374245","KN295830v1","82593","82836","46","109291380"
"chr6","109376424","109376695","KN295830v1","84668","84944","26","109291756"
"chr6","109416603","109416786","KN295830v1","127693","127875","18","109288910"
"chr6","109417092","109417221","KN295830v1","128186","128313","12","109288906"
"chr6","109735166","109735382","KN296119v1","805789","806002","41","108929377"
"chr6","109992386","109992612","KN296292v1","252556","252774","58","109739830"
"chr6","110283537","110283682","KN295441v1","789788","789916","39","109493749"
"chr6","110285288","110285453","KN295326v1","444837","444999","45","109840451"
"chr6","110285759","110285885","KN297154v1","1282191","1282319","25","109003568"
"chr6","110333075","110333219","KN294831v1","329921","330061","23","110003154"
"chr6","110397310","110397593","KN295667v1","935881","936160","59","109461429"
"chr6","110532936","110533226","KN295708v1","2860090","2860376","67","107672846"
"chr6","110547164","110547313","KN295936v1","2460176","2460325","32","108086988"
"chr6","110547636","110547926","KN295744v1","408789","409077","68","110138847"
"chr6","110742355","110742485","KN296643v1","191078","191208","20","110551277"
"chr6","111178084","111178305","KN294470v1","2882164","2882378","49","108295920"
"chr6","111284326","111284481","KN297000v1","418665","418822","39","110865661"
"chr6","111598537","111598848","KN296828v1","67825","68122","36","111530712"
"chr6","111615906","111616037","KN295706v1","131306","131439","19","111484600"
"chr6","111688075","111688194","KN296001v1","10513","10644","19","111677562"
"chr6","111701726","111702034","KN295117v1","112788","113084","70","111588938"
"chr6","111764156","111764444","KN296001v1","79566","79857","18","111684590"
"chr6","112130491","112130792","KN296000v1","64609","64910","26","112065882"
"chr6","112438088","112438324","KN294613v1","331392","331636","59","112106696"
"chr6","112772225","112772359","KN296000v1","722961","723093","11","112049264"
"chr6","112852798","112852953","KN296000v1","824699","824853","7","112028099"
"chr6","112896715","112896834","KN296000v1","870715","870835","9","112026000"
"chr6","112923044","112923202","KN296000v1","898022","898186","11","112025022"
"chr6","112923241","112923352","KN296000v1","898215","898327","9","112025026"
"chr6","112927794","112927958","KN296000v1","901795","901947","19","112025999"
"chr6","112971589","112971897","KN296000v1","951524","951844","32","112020065"
"chr6","113189654","113189972","KN296000v1","1172500","1172787","51","112017154"
"chr6","113272708","113272976","KN295531v1","58152","58425","23","113214556"
"chr6","113417297","113417596","KN295430v1","2009073","2009373","79","111408224"
"chr6","115154671","115154951","KN294900v1","487611","487885","31","114667060"
"chr6","115639594","115639865","KN294900v1","20114","20393","30","115619480"
"chr6","116082732","116083034","KN294634v1","387267","387565","66","115695465"
"chr6","116156386","116156684","KN296496v1","1004163","1004455","70","115152223"
"chr6","116181558","116181846","KN294372v1","962653","962931","69","115218905"
"chr6","116424639","116424768","KN297038v1","940555","940687","23","115484084"
"chr6","117245468","117245597","KN296138v1","11819","11953","26","117233649"
"chr6","117511334","117511613","KN295998v1","366035","366334","50","117145299"
"chr6","118448471","118448755","KN294800v1","153328","153613","15","118295143"
"chr6","119033840","119034129","KN296557v1","1088889","1089182","73","117944951"
"chr6","119467923","119468057","KN295977v1","128366","128496","24","119339557"
"chr6","119680701","119680840","KN296145v1","649092","649233","32","119031609"
"chr6","119812979","119813263","KN295267v1","660170","660452","63","119152809"
"chr6","119816881","119817139","KN294539v1","1506592","1506858","75","118310289"
"chr6","120168820","120169126","KN297058v1","194613","194917","61","119974207"
"chr6","120172435","120172741","KN297058v1","194613","194917","61","119977822"
"chr6","120324748","120325070","KN296270v1","393341","393657","74","119931407"
"chr6","120357027","120357289","KN296467v1","110003","110248","69","120247024"
"chr6","120590923","120591178","KN296991v1","837983","838230","59","119752940"
"chr6","121010184","121010419","KN296701v1","344880","345098","74","120665304"
"chr6","121111234","121111522","KN297133v1","328287","328569","62","120782947"
"chr6","121125779","121126044","KN297442v1","1543742","1544012","69","119582037"
"chr6","121155669","121155961","KN295984v1","150673","150962","60","121004996"
"chr6","121315399","121315639","KN294978v1","3775328","3775560","61","117540071"
"chr6","121391326","121391591","KN295637v1","799799","800078","74","120591527"
"chr6","121455927","121456224","KN297121v1","13510","13818","36","121442417"
"chr6","121465384","121465649","KN297121v1","28304","28576","22","121437080"
"chr6","123262393","123262686","KN294396v1","224755","225042","58","123037638"
"chr6","123322178","123322489","KN296244v1","707246","707553","71","122614932"
"chr6","123741945","123742236","KN297366v1","3034960","3035229","39","120706985"
"chr6","123888934","123889062","KN294193v1","128685","128814","26","123760249"
"chr6","123956071","123956205","KN294790v1","3690102","3690234","23","120265969"
"chr6","123957895","123958024","KN297366v1","2861571","2861699","8","121096324"
"chr6","124558950","124559222","KN297366v1","2190575","2190840","25","122368375"
"chr6","124567923","124568237","KN297180v1","314236","314539","81","124253687"
"chr6","124647519","124647817","KN295346v1","1646114","1646406","56","123001405"
"chr6","126187282","126187575","KN297366v1","575921","576211","31","125611361"
"chr6","126204126","126204419","KN297366v1","575921","576211","31","125628205"
"chr6","127682206","127682338","KN294964v1","965459","965591","24","126716747"
"chr6","128373741","128373893","KN296000v1","901795","901947","36","127471946"
"chr6","128412749","128412875","KN294192v1","278807","278924","17","128133942"
"chr6","128441628","128441916","KN294192v1","253871","254153","26","128187757"
"chr6","130198179","130198471","KN294809v1","367064","367370","38","129831115"
"chr6","130519208","130519533","KN294809v1","729994","730320","50","129789214"
"chr6","130918852","130919062","KN295610v1","375600","375802","81","130543252"
"chr6","131069210","131069284","KN296864v1","203949","204018","18","130865261"
"chr6","131457647","131457946","KN294809v1","1657963","1658263","46","129799684"
"chr6","131875174","131875476","KN294539v1","3359067","3359368","75","128516107"
"chr6","131946779","131947104","KN294790v1","3754436","3754749","91","128192343"
"chr6","132211690","132212052","KN295974v1","1415452","1415775","96","130796238"
"chr6","132294360","132294662","KN295352v1","729753","730045","66","131564607"
"chr6","132471585","132471830","KN294613v1","331392","331636","54","132140193"
"chr6","132576112","132576400","KN296635v1","2938371","2938668","74","129637741"
"chr6","133726561","133726867","KN294199v1","1022551","1022840","65","132704010"
"chr6","133833323","133833612","KN295171v1","12625","12912","59","133820698"
"chr6","134082956","134083121","KN296739v1","288710","288884","40","133794246"
"chr6","134388903","134389034","KN294172v1","6272486","6272617","23","128116417"
"chr6","135227409","135227700","KN296538v1","333498","333794","60","134893911"
"chr6","136018722","136018991","KN295531v1","58152","58425","63","135960570"
"chr6","136080686","136080980","KN296714v1","235347","235636","67","135845339"
"chr6","136227787","136228069","KN294758v1","3078424","3078721","83","133149363"
"chr6","136489380","136489667","KN296180v1","2417217","2417498","66","134072163"
"chr6","136743022","136743293","KN296577v1","852929","853199","70","135890093"
"chr6","136763504","136763637","KN296138v1","11819","11953","21","136751685"
"chr6","136789973","136790082","KN295967v1","1215770","1215883","34","135574203"
"chr6","136820673","136820804","KN295596v1","3422193","3422324","22","133398480"
"chr6","136828893","136829021","KN295294v1","3806061","3806194","21","133022832"
"chr6","136921852","136922164","KN297159v1","1311633","1311940","70","135610219"
"chr6","137139677","137139937","KN294571v1","2055636","2055896","72","135084041"
"chr6","137548258","137548356","KN294501v1","2520808","2520892","27","135027450"
"chr6","137575473","137575604","KN294588v1","379826","379951","34","137195647"
"chr6","137707638","137707771","KN294457v1","130203","130331","28","137577435"
"chr6","137708065","137708244","KN296210v1","326889","327054","41","137381176"
"chr6","138826778","138827049","KN295722v1","1369561","1369836","49","137457217"
"chr6","138906184","138906468","KN296948v1","762193","762479","63","138143991"
"chr6","139028529","139028660","KN295526v1","145592","145725","24","138882937"
"chr6","139255034","139255334","KN296322v1","1648835","1649139","63","137606199"
"chr6","139388514","139388787","KN294592v1","450560","450839","75","138937954"
"chr6","139912243","139912538","KN295090v1","2374852","2375141","64","137537391"
"chr6","140735537","140735841","KN295893v1","5129577","5129894","65","135605960"
"chr6","140949044","140949176","KN295735v1","193210","193340","29","140755834"
"chr6","141127586","141127894","KN297180v1","314236","314539","62","140813350"
"chr6","141440130","141440262","KN297038v1","940555","940687","22","140499575"
"chr6","141648218","141648409","KN295774v1","149577","149746","60","141498641"
"chr6","141648705","141648786","KN294279v1","599560","599652","34","141049145"
"chr6","141906041","141906124","KN297092v1","3480","3567","22","141902561"
"chr6","142404793","142404982","KN296201v1","2889299","2889484","60","139515494"
"chr6","143053895","143054167","KN295576v1","164716","164996","65","142889179"
"chr6","143071257","143071570","KN294984v1","94202","94491","94","142977055"
"chr6","143780021","143780298","KN295256v1","300948","301236","30","143479073"
"chr6","144217000","144217114","KN295977v1","66091","66210","25","144150909"
"chr6","144217148","144217295","KN297327v1","920937","921085","28","143296211"
"chr6","145017756","145018062","KN296864v1","1939832","1940132","72","143077924"
"chr6","145071430","145071736","KN295406v1","486578","486886","77","144584852"
"chr6","145351778","145351914","KN296907v1","705641","705775","23","144646137"
"chr6","145531380","145531603","KN296507v1","415379","415594","64","145116001"
"chr6","145535090","145535384","KN295894v1","2131941","2132242","68","143403149"
"chr6","145830614","145830932","KN294226v1","962853","963163","35","144867761"
"chr6","146155987","146156238","KN294226v1","659652","659904","14","145496335"
"chr6","146171238","146171490","KN294226v1","643186","643438","16","145528052"
"chr6","146208344","146208632","KN294226v1","606030","606332","32","145602314"
"chr6","146423355","146423459","KN294456v1","1019215","1019322","27","145404140"
"chr6","146921595","146921724","KN294485v1","27749","27875","13","146893846"
"chr6","146931981","146932270","KN294485v1","37813","38096","30","146894168"
"chr6","146982757","146982886","KN294485v1","27749","27875","13","146955008"
"chr6","146993182","146993471","KN294485v1","37813","38096","30","146955369"
"chr6","147246414","147246715","KN294485v1","290805","291107","23","146955609"
"chr6","147517793","147518099","KN297307v1","271720","272025","29","147246073"
"chr6","149076161","149076438","KN296119v1","744791","745047","80","148331370"
"chr6","149783606","149783856","KN294599v1","878610","878871","25","148904996"
"chr6","149867643","149867779","KN296096v1","3053461","3053592","27","146814182"
"chr6","150087060","150087307","KN294987v1","459255","459513","74","149627805"
"chr6","150642724","150643000","KN295428v1","224334","224605","63","150418390"
"chr6","151214530","151214752","KN297431v1","641366","641589","23","150573164"
"chr6","151655630","151655763","KN297259v1","755295","755425","28","150900335"
"chr6","152056017","152056294","KN294210v1","473112","473404","71","151582905"
"chr6","152131764","152132041","KN296948v1","762193","762479","59","151369571"
"chr6","152245087","152245287","KN295701v1","363321","363509","50","151881766"
"chr6","152354943","152355071","KN296096v1","3053461","3053592","28","149301482"
"chr6","152397039","152397331","KN295099v1","55159","55457","65","152341880"
"chr6","152486215","152486241","KN296569v1","4665","4683","8","152481550"
"chr6","152486538","152486797","KN295722v1","1369561","1369836","75","151116977"
"chr6","152513665","152513937","KN297008v1","6549351","6549627","75","145964314"
"chr6","152531880","152532179","KN295346v1","1646114","1646406","80","150885766"
"chr6","152601488","152601772","KN296726v1","290991","291261","72","152310497"
"chr6","152863281","152863567","KN295984v1","150673","150962","68","152712608"
"chr6","152940152","152940445","KN295346v1","1646114","1646406","57","151294038"
"chr6","153082533","153082808","KN294959v1","331386","331652","70","152751147"
"chr6","153118532","153118835","KN296096v1","1326102","1326406","58","151792430"
"chr6","153174245","153174551","KN294172v1","1404856","1405150","65","151769389"
"chr6","153629754","153630065","KN296322v1","1648835","1649139","64","151980919"
"chr6","153690687","153690831","KN296311v1","2361921","2362066","26","151328766"
"chr6","153872036","153872323","KN295480v1","1342408","1342684","68","152529628"
"chr6","153944548","153944757","KN295572v1","371863","372076","51","153572685"
"chr6","153947800","153948095","KN297023v1","640512","640805","64","153307288"
"chr6","154067976","154068264","KN294728v1","765090","765383","74","153302886"
"chr6","154281842","154282156","KN294604v1","27646","27963","74","154254196"
"chr6","155183463","155183769","KN294452v1","1374937","1375240","68","153808526"
"chr6","155789505","155789794","KN296864v1","1939832","1940132","65","153849673"
"chr6","155800228","155800376","KN296210v1","326465","326608","30","155473763"
"chr6","157058411","157058694","KN296311v1","5278234","5278515","73","151780177"
"chr6","157107245","157107378","KN297215v1","722339","722465","21","156384906"
"chr6","157178654","157178933","KN295302v1","381457","381740","70","156797197"
"chr6","157366996","157367126","KN295441v1","1418402","1418531","25","155948594"
"chr6","157424033","157424341","KN294954v1","70243","70554","69","157353790"
"chr6","157534890","157535176","KN295576v1","164716","164996","69","157370174"
"chr6","157771063","157771196","KN296682v1","3822702","3822835","25","153948361"
"chr6","158029494","158029680","KN295375v1","129529","129712","68","157899965"
"chr6","158216447","158216667","KN296225v1","209480","209693","58","158006967"
"chr6","158940072","158940136","KN294741v1","76368","76419","23","158863704"
"chr6","159565899","159566042","KN295605v1","687968","688102","32","158877931"
"chr6","159566346","159566464","KN296809v1","61964","62083","32","159504382"
"chr6","159573771","159573889","KN296809v1","61964","62083","32","159511807"
"chr6","159574198","159574341","KN295605v1","687968","688102","32","158886230"
"chr6","159698931","159698991","KN297095v1","3708734","3708794","10","155990197"
"chr6","160575783","160576019","KN295814v1","1556767","1557008","57","159019016"
"chr6","160814918","160815217","KN296964v1","1814390","1814681","59","159000528"
"chr6","160937828","160937961","KN295706v1","131306","131439","24","160806522"
"chr6","160955535","160955828","KN294539v1","1347688","1347986","77","159607847"
"chr6","161069154","161069443","KN296303v1","805215","805501","65","160263939"
"chr6","161183336","161183627","KN295205v1","1462650","1462956","67","159720686"
"chr6","161302749","161303030","KN294407v1","2416377","2416656","45","158886372"
"chr6","162283616","162283748","KN294964v1","965459","965591","20","161318157"
"chr6","162574010","162574289","KN296319v1","779352","779644","29","161794658"
"chr6","162574397","162574529","KN294172v1","6272486","6272617","27","156301911"
"chr6","163112435","163112565","KN295236v1","735328","735462","24","162377107"
"chr6","163813788","163814098","KN297047v1","4547811","4548112","27","159265977"
"chr6","164851622","164851907","KN297047v1","3453782","3454066","27","161397840"
"chr6","165374277","165374389","KN297047v1","2937148","2937264","10","162437129"
"chr6","167895811","167896106","KN297047v1","481705","482002","29","167414106"
"chr6","168873741","168873850","KN296836v1","476233","476342","6","168397508"
"chr6","169329479","169329772","KN296836v1","941548","941848","21","168387931"
"chr6","169387250","169387553","KN296836v1","993587","993901","35","168393663"
"chr6","170057286","170057398","KN295458v1","34771","34886","26","170022515"
"chr6","170111770","170111927","KN295343v1","579461","579613","37","169532309"
"chr6","170504440","170504700","KN296508v1","1973232","1973505","62","168531208"
"chr6","170665138","170665403","KN296731v1","1090257","1090517","70","169574881"
"chr6","171216979","171217105","KN297313v1","656045","656156","35","170560934"
"chr6","171217404","171217497","KN294848v1","1002927","1003014","25","170214477"
"chr6","171588843","171588981","KN294199v1","281436","281574","30","171307407"
"chr6","172369253","172369533","KN295319v1","303201","303480","74","172066052"
"chr7","77332405","77332485","KN296955v1","735728","735803","18","76596677"
"chr7","102498133","102498408","KN295767v1","123721","124011","53","102374412"
"chr7","9793","9933","KN294506v1","236315","236445","42","226522"
"chr7","43704","43798","KN294570v1","273775","273869","6","230071"
"chr7","54164","54217","KN296316v1","254338","254391","3","200174"
"chr7","54543","54642","KN296316v1","253938","254035","7","199395"
"chr7","388723","389023","KN296096v1","522640","522935","45","133917"
"chr7","416348","416658","KN296306v1","1771005","1771285","80","1354657"
"chr7","551115","551280","KN296096v1","680679","680846","13","129564"
"chr7","619676","619813","KN296096v1","743881","744017","16","124205"
"chr7","959206","959343","KN295605v1","687968","688102","33","271238"
"chr7","1059100","1059224","KN296322v1","997745","997870","22","61355"
"chr7","1252958","1253230","KN296921v1","2556540","2556812","63","1303582"
"chr7","1265058","1265190","KN294218v1","2756614","2756751","20","1491556"
"chr7","1421324","1421456","KN294172v1","6272486","6272617","23","4851162"
"chr7","2545972","2546105","KN296096v1","2653456","2653594","16","107484"
"chr7","2854983","2855099","KN296096v1","3010196","3010312","8","155213"
"chr7","2975311","2975443","KN295706v1","131306","131439","22","2844005"
"chr7","3173448","3173580","KN295294v1","3806061","3806194","18","632613"
"chr7","3451521","3451827","KN295205v1","1534387","1534688","70","1917134"
"chr7","3783194","3783483","KN296096v1","3989183","3989479","42","205989"
"chr7","4225631","4225902","KN296938v1","298054","298338","73","3927577"
"chr7","4333820","4334057","KN296643v1","482284","482494","43","3851536"
"chr7","4334359","4334447","KN294591v1","157234","157317","29","4177125"
"chr7","4565114","4565242","KN296643v1","262990","263118","9","4302124"
"chr7","4700283","4700476","KN296643v1","130001","130190","15","4570282"
"chr7","4813863","4814128","KN294420v1","263951","264214","54","4549912"
"chr7","4820232","4820370","KN295755v1","69578","69715","10","4750654"
"chr7","4876303","4876574","KN295967v1","1520844","1521111","66","3355459"
"chr7","5065944","5066022","KN296828v1","138029","138111","18","4927915"
"chr7","5162898","5163170","KN296122v1","101078","101339","37","5061820"
"chr7","5338872","5339007","KN296122v1","289224","289359","6","5049648"
"chr7","5344630","5344737","KN296153v1","3603162","3603273","19","1741468"
"chr7","5345047","5345082","KN296646v1","838353","838388","13","4506694"
"chr7","5402715","5402762","KN295988v1","992862","992913","11","4409853"
"chr7","5414157","5414293","KN294506v1","236315","236445","32","5177842"
"chr7","5444835","5444931","KN296122v1","400464","400560","12","5044371"
"chr7","5552691","5552768","KN294790v1","6724105","6724182","31","1171414"
"chr7","5893149","5893276","KN296311v1","4657589","4657718","23","1235560"
"chr7","5923515","5923729","KN296225v1","209480","209693","13","5714035"
"chr7","6157765","6157925","KN296225v1","462090","462236","27","5695675"
"chr7","6175874","6175981","KN294561v1","66580","66689","19","6109294"
"chr7","6176287","6176310","KN296926v1","172530","172554","6","6003757"
"chr7","6338129","6338268","KN296225v1","655185","655331","23","5682944"
"chr7","6352921","6353088","KN296086v1","390854","391024","37","5962067"
"chr7","6353391","6353531","KN296225v1","672383","672521","8","5681008"
"chr7","6380678","6380763","KN297092v1","3480","3567","19","6377198"
"chr7","6493809","6493943","KN296153v1","1343669","1343805","22","5150140"
"chr7","6729696","6729922","KN297190v1","5951555","5951790","72","778141"
"chr7","6870533","6870834","KN296812v1","514768","515073","21","6355765"
"chr7","7348268","7348581","KN294419v1","64733","65033","74","7283535"
"chr7","7818427","7818736","KN295352v1","729753","730045","74","7088674"
"chr7","8122971","8123274","KN296505v1","323963","324278","63","7799008"
"chr7","8362098","8362368","KN295963v1","150706","150975","24","8211392"
"chr7","9145994","9146145","KN296000v1","870715","870835","54","8275279"
"chr7","12516578","12516891","KN297219v1","1839754","1840062","70","10676824"
"chr7","12651365","12651540","KN297113v1","252877","253050","38","12398488"
"chr7","14207781","14208039","KN296311v1","2300216","2300485","67","11907565"
"chr7","14677445","14677754","KN294377v1","1549350","1549648","33","13128095"
"chr7","15477465","15477749","KN294377v1","709258","709536","31","14768207"
"chr7","15818149","15818294","KN296980v1","588776","588919","38","15229373"
"chr7","16022752","16023022","KN294377v1","173102","173379","33","15849650"
"chr7","17034456","17034693","KN295320v1","393096","393331","73","16641360"
"chr7","17449049","17449180","KN296311v1","4815038","4815168","17","12634011"
"chr7","17704464","17704754","KN296303v1","805215","805501","52","16899249"
"chr7","17773098","17773392","KN296484v1","4833","5123","63","17768265"
"chr7","17898997","17899129","KN295236v1","2369540","2369674","28","15529457"
"chr7","18010304","18010432","KN295441v1","1418402","1418531","23","16591902"
"chr7","18062763","18063070","KN297112v1","2231098","2231393","85","15831665"
"chr7","18618424","18618684","KN297180v1","531711","531948","68","18086713"
"chr7","18909464","18909754","KN294210v1","473112","473404","69","18436352"
"chr7","19776869","19777069","KN297190v1","98686","98881","54","19678183"
"chr7","21081347","21081511","KN296109v1","564239","564419","28","20517108"
"chr7","21378445","21378572","KN295243v1","1041792","1041909","32","20336653"
"chr7","21378872","21379044","KN295666v1","2221321","2221489","47","19157551"
"chr7","21388545","21388859","KN296109v1","869504","869826","25","20519041"
"chr7","21479322","21479523","KN296109v1","954717","954902","33","20524605"
"chr7","21791706","21791995","KN296109v1","1289441","1289727","29","20502265"
"chr7","21828354","21828627","KN294475v1","910360","910631","22","20917994"
"chr7","21899926","21900224","KN294475v1","828365","828659","22","21071561"
"chr7","22485103","22485332","KN294475v1","222076","222313","19","22263027"
"chr7","22673887","22674204","KN294475v1","99614","99931","13","22574273"
"chr7","22734695","22734831","KN295706v1","131306","131439","20","22603389"
"chr7","22869914","22870196","KN296649v1","220350","220626","64","22649564"
"chr7","22884634","22884926","KN294294v1","145451","145740","19","22739183"
"chr7","23128774","23129006","KN296608v1","381289","381528","64","22747485"
"chr7","23339905","23340185","KN295352v1","729753","730045","57","22610152"
"chr7","23479073","23479187","KN294193v1","654985","655103","25","22824088"
"chr7","23690598","23690786","KN294964v1","1568714","1568904","44","22121884"
"chr7","23698146","23698421","KN297028v1","97110","97396","59","23601036"
"chr7","23715286","23715591","KN297184v1","1114866","1115167","66","22600420"
"chr7","23797842","23798128","KN295586v1","701437","701726","69","23096405"
"chr7","23842186","23842334","KN297180v1","2065065","2065204","35","21777121"
"chr7","23978852","23979163","KN297058v1","194613","194917","70","23784239"
"chr7","24460864","24461154","KN295346v1","1646114","1646406","68","22814750"
"chr7","24567825","24568127","KN294873v1","1303218","1303511","76","23264607"
"chr7","25716227","25716524","KN295036v1","310502","310798","26","25405725"
"chr7","26040786","26040920","KN296495v1","1296063","1296199","20","24744723"
"chr7","26246332","26246602","KN296157v1","1145342","1145607","73","25100990"
"chr7","26334455","26334594","KN295526v1","145592","145725","22","26188863"
"chr7","26747908","26748033","KN294410v1","486228","486353","30","26261680"
"chr7","26859262","26859545","KN294879v1","82415","82691","82","26776847"
"chr7","27014836","27015116","KN295667v1","1567361","1567664","66","25447475"
"chr7","27515914","27516036","KN295243v1","1041792","1041909","27","26474122"
"chr7","27644779","27644967","KN295548v1","755573","755752","41","26889206"
"chr7","27715799","27716082","KN294420v1","816046","816329","75","26899753"
"chr7","27758317","27758434","KN295692v1","1233209","1233331","31","26525108"
"chr7","28262157","28262443","KN296864v1","1939832","1940132","60","26322325"
"chr7","28617532","28617820","KN295294v1","1101026","1101317","64","27516506"
"chr7","28796828","28797104","KN294345v1","1713106","1713396","66","27083722"
"chr7","29069999","29070231","KN294879v1","1183051","1183277","44","27886948"
"chr7","29433490","29433758","KN294747v1","1130292","1130545","75","28303198"
"chr7","30114803","30115033","KN294214v1","296340","296540","77","29818463"
"chr7","30162603","30162880","KN295294v1","24128","24400","71","30138475"
"chr7","30262986","30263287","KN295406v1","486578","486886","70","29776408"
"chr7","30580200","30580373","KN296739v1","288710","288884","10","30291490"
"chr7","30929310","30929616","KN295878v1","52199","52504","33","30877111"
"chr7","31686013","31686145","KN296643v1","531350","531484","28","31154663"
"chr7","31950877","31951168","KN295480v1","1342408","1342684","81","30608469"
"chr7","32342423","32342726","KN296759v1","210528","210836","75","32131895"
"chr7","32514401","32514670","KN294552v1","1295874","1296134","65","31218527"
"chr7","32725984","32726278","KN294693v1","1341996","1342279","24","31383988"
"chr7","33215849","33216124","KN296303v1","805215","805501","63","32410634"
"chr7","33235660","33235870","KN297274v1","155280","155497","61","33080380"
"chr7","33374660","33374839","KN294325v1","233169","233336","43","33141491"
"chr7","34398445","34398610","KN295925v1","435140","435310","40","33963305"
"chr7","34597646","34597773","KN294627v1","78838","78968","15","34518808"
"chr7","36278912","36279122","KN295601v1","1689627","1689831","64","34589285"
"chr7","36335927","36336053","KN296096v1","3010196","3010312","37","33325731"
"chr7","36336343","36336375","KN297190v1","6428256","6428290","13","29908087"
"chr7","37012970","37013248","KN297046v1","2130311","2130564","68","34882659"
"chr7","37505573","37505856","KN294235v1","447510","447794","86","37058063"
"chr7","38035936","38036089","KN296145v1","649092","649233","35","37386844"
"chr7","38036510","38036625","KN296732v1","3486949","3487060","32","34549561"
"chr7","38670999","38671212","KN295613v1","219525","219742","40","38451474"
"chr7","39223807","39224121","KN295692v1","326732","327037","31","38897075"
"chr7","40147433","40147555","KN295692v1","1233209","1233331","4","38914224"
"chr7","40196212","40196459","KN295692v1","1283805","1284037","33","38912407"
"chr7","40556663","40556965","KN295667v1","1567361","1567664","73","38989302"
"chr7","40687487","40687557","KN294513v1","564705","564774","13","40122782"
"chr7","40687860","40687961","KN295802v1","222325","222434","31","40465535"
"chr7","40942482","40942783","KN295692v1","1905312","1905592","45","39037170"
"chr7","40952933","40953234","KN295692v1","1905312","1905592","45","39047621"
"chr7","43506871","43507149","KN295236v1","627239","627515","66","42879632"
"chr7","43961659","43961963","KN294260v1","822843","823138","66","43138816"
"chr7","44215493","44215626","KN295706v1","131306","131439","19","44084187"
"chr7","44416648","44416868","KN297227v1","7441","7661","7","44409207"
"chr7","44540003","44540150","KN297227v1","136919","137065","13","44403084"
"chr7","44986376","44986678","KN297066v1","48943","49249","64","44937433"
"chr7","45075982","45076261","KN296119v1","1984680","1984963","67","43091302"
"chr7","45192966","45193098","KN297279v1","1209908","1210040","21","43983058"
"chr7","45380709","45380852","KN297227v1","1448203","1448349","37","43932506"
"chr7","45559778","45560068","KN297227v1","1040573","1040862","16","44519205"
"chr7","45570036","45570319","KN297227v1","1049335","1049619","16","44520701"
"chr7","45631130","45631294","KN297227v1","1115243","1115417","20","44515887"
"chr7","45631595","45631611","KN295708v1","958258","958278","8","44673337"
"chr7","45631953","45632089","KN297227v1","1116079","1116215","6","44515874"
"chr7","45639675","45639957","KN297227v1","1123419","1123703","22","44516256"
"chr7","45686542","45686675","KN296907v1","705641","705775","21","44980901"
"chr7","45922537","45922840","KN297227v1","1400146","1400453","25","44522391"
"chr7","46029955","46030095","KN294419v1","211719","211856","36","45818236"
"chr7","46442802","46442858","KN296316v1","254338","254391","5","46188464"
"chr7","46443190","46443289","KN296316v1","253938","254035","8","46189252"
"chr7","46459649","46459788","KN294506v1","236315","236445","43","46223334"
"chr7","46468157","46468287","KN296732v1","3311835","3311972","38","43156322"
"chr7","48282112","48282347","KN295320v1","393096","393331","65","47889016"
"chr7","48282534","48282635","KN296247v1","619410","619512","21","47663124"
"chr7","49626294","49626560","KN294677v1","45530","45799","68","49580764"
"chr7","52418303","52418602","KN295079v1","373372","373674","65","52044931"
"chr7","52585666","52585972","KN296322v1","426249","426560","70","52159417"
"chr7","52629250","52629562","KN295526v1","21197","21499","91","52608053"
"chr7","53988572","53988735","KN295709v1","114340","114517","34","53874232"
"chr7","54131731","54132029","KN296315v1","1023330","1023621","77","53108401"
"chr7","55370351","55370651","KN295984v1","2286186","2286477","67","53084165"
"chr7","55406891","55407026","KN294218v1","2756614","2756751","21","52650277"
"chr7","55554186","55554481","KN295346v1","1646114","1646406","61","53908072"
"chr7","56407729","56407868","KN294536v1","348653","348787","21","56059076"
"chr7","56507030","56507215","KN296588v1","899416","899601","50","55607614"
"chr7","56737542","56737660","KN297038v1","317140","317257","19","56420402"
"chr7","56772037","56772344","KN294452v1","1374937","1375240","64","55397100"
"chr7","57465908","57466036","KN297215v1","722339","722465","32","56743569"
"chr7","57820822","57820949","KN296311v1","4815038","4815168","23","53005784"
"chr7","62878529","62878612","KN294570v1","273775","273869","15","62604754"
"chr7","62885172","62885300","KN297215v1","722339","722465","32","62162833"
"chr7","64614130","64614290","KN295294v1","2768559","2768717","38","61845571"
"chr7","64856663","64856785","KN295586v1","644606","644724","27","64212057"
"chr7","64882538","64882675","KN295605v1","687968","688102","15","64194570"
"chr7","64914670","64914945","KN295352v1","1395278","1395557","77","63519392"
"chr7","64988180","64988390","KN295610v1","77007","77226","66","64911173"
"chr7","65014751","65014879","KN294506v1","7028","7136","30","65007723"
"chr7","65015182","65015333","KN294506v1","7445","7624","40","65007737"
"chr7","65027341","65027615","KN296948v1","762193","762479","59","64265148"
"chr7","65078918","65079218","KN296322v1","1648835","1649139","64","63430083"
"chr7","65083830","65083889","KN294506v1","84591","84650","5","64999239"
"chr7","65251652","65251785","KN294506v1","236315","236445","13","65015337"
"chr7","65376648","65376714","KN296854v1","58267","58331","24","65318381"
"chr7","65433661","65433724","KN296263v1","302499","302571","20","65131162"
"chr7","65472434","65472562","KN294506v1","384096","384232","25","65088338"
"chr7","65579769","65579893","KN296322v1","997745","997870","17","64582024"
"chr7","65796334","65796388","KN294175v1","206644","206698","1","65589690"
"chr7","65796690","65796778","KN294175v1","207000","207090","5","65589690"
"chr7","65920946","65921119","KN295667v1","667475","667632","43","65253471"
"chr7","65921420","65921510","KN294199v1","600558","600649","27","65320862"
"chr7","66111051","66111132","KN295236v1","1305949","1306032","20","64805102"
"chr7","66238003","66238167","KN294991v1","973655","973815","65","65264348"
"chr7","66255299","66255421","KN295243v1","1041792","1041909","23","65213507"
"chr7","66303652","66303951","KN294457v1","967354","967656","75","65336298"
"chr7","66354036","66354262","KN295962v1","2355592","2355784","44","63998444"
"chr7","66427560","66427881","KN296505v1","323963","324278","81","66103597"
"chr7","66686718","66686849","KN295032v1","22170","22300","23","66664548"
"chr7","66731630","66731708","KN295962v1","1942835","1942924","16","64788795"
"chr7","66904592","66904811","KN295096v1","4238834","4239052","61","62665758"
"chr7","66938827","66939132","KN296322v1","1648835","1649139","69","65289992"
"chr7","66966463","66966601","KN295906v1","88165","88296","27","66878298"
"chr7","66966877","66966901","KN295236v1","2973161","2973176","12","63993716"
"chr7","67139165","67139446","KN295962v1","1544167","1544458","29","65594998"
"chr7","67367651","67367979","KN295962v1","1313768","1314095","48","66053883"
"chr7","67477119","67477420","KN295962v1","1201053","1201326","54","66276066"
"chr7","67546791","67546921","KN295962v1","1126030","1126160","8","66420761"
"chr7","67662259","67662523","KN296833v1","198739","199022","70","67463520"
"chr7","67730766","67730897","KN295962v1","935730","935861","5","66795036"
"chr7","67738141","67738207","KN294513v1","564705","564774","19","67173436"
"chr7","67832956","67833262","KN294548v1","871953","872254","76","66961003"
"chr7","67953625","67953807","KN295962v1","713243","713425","13","67240382"
"chr7","67991978","67992063","KN294501v1","2520808","2520892","19","65471170"
"chr7","68131742","68132034","KN296109v1","1132718","1133008","74","66999024"
"chr7","68404251","68404383","KN295962v1","272109","272241","10","68132142"
"chr7","68446700","68447012","KN295962v1","231120","231434","24","68215580"
"chr7","68466002","68466280","KN295962v1","211219","211498","20","68254783"
"chr7","68478711","68478983","KN297180v1","110970","111263","67","68367741"
"chr7","68690444","68690595","KN294443v1","437013","437176","52","68253431"
"chr7","68716334","68716627","KN294260v1","822843","823138","63","67893491"
"chr7","68830092","68830222","KN295573v1","623556","623685","19","68206536"
"chr7","68935958","68936094","KN294536v1","420664","420795","28","68515294"
"chr7","68963727","68964011","KN294420v1","631308","631597","62","68332419"
"chr7","69149476","69149770","KN297112v1","2231098","2231393","66","66918378"
"chr7","69408458","69408584","KN297215v1","722339","722465","29","68686119"
"chr7","69714381","69714658","KN296921v1","785494","785770","74","68928887"
"chr7","69774144","69774280","KN294789v1","212730","212864","27","69561414"
"chr7","70008132","70008263","KN295708v1","493184","493318","28","69514948"
"chr7","70008304","70008472","KN296754v1","59195","59361","47","69949109"
"chr7","70197352","70197644","KN295073v1","1014806","1015109","79","69182546"
"chr7","70430257","70430545","KN295742v1","1046","1335","64","70429211"
"chr7","70536336","70536435","KN295708v1","438075","438171","22","70098261"
"chr7","70571109","70571304","KN297219v1","1836839","1837031","51","68734270"
"chr7","70580347","70580648","KN294747v1","917219","917517","65","69663128"
"chr7","70971493","70971615","KN296108v1","1532605","1532722","32","69438888"
"chr7","71025977","71026267","KN294399v1","292980","293293","44","70732997"
"chr7","71139194","71139337","KN294399v1","191274","191424","18","70947920"
"chr7","71161946","71162250","KN294399v1","171378","171682","16","70990568"
"chr7","71206806","71207002","KN296011v1","315060","315250","58","70891746"
"chr7","71207308","71207429","KN297323v1","349913","350031","31","70857395"
"chr7","71282674","71282968","KN294399v1","47015","47310","33","71235659"
"chr7","71394239","71394538","KN297323v1","97375","97678","67","71296864"
"chr7","71422092","71422190","KN297092v1","3480","3567","24","71418612"
"chr7","71491331","71491446","KN296322v1","997745","997870","26","70493586"
"chr7","71757272","71757403","KN295236v1","4152720","4152846","29","67604552"
"chr7","71769406","71769483","KN296869v1","356593","356675","29","71412813"
"chr7","71769787","71769960","KN295667v1","667475","667632","45","71102312"
"chr7","72063523","72063648","KN295459v1","128391","128517","21","71935132"
"chr7","72083746","72084017","KN294493v1","1639497","1639778","84","70444249"
"chr7","72210153","72210449","KN296864v1","1939832","1940132","56","70270321"
"chr7","72217356","72217495","KN297215v1","862160","862298","28","71355196"
"chr7","72448921","72449037","KN294199v1","969997","970115","25","71478924"
"chr7","72449099","72449243","KN296977v1","28490","28628","38","72420609"
"chr7","72530625","72530827","KN296767v1","53224","53425","52","72477401"
"chr7","72619494","72619624","KN296322v1","997745","997870","25","71621749"
"chr7","72680187","72680381","KN297026v1","1683472","1683666","44","70996715"
"chr7","72711902","72712181","KN295205v1","848688","848949","73","71863214"
"chr7","72714476","72714755","KN295205v1","848688","848949","73","71865788"
"chr7","72851753","72851884","KN297259v1","488356","488488","22","72363397"
"chr7","72852022","72852287","KN295236v1","3439491","3439763","82","69412531"
"chr7","73028153","73028283","KN296311v1","4815038","4815168","23","68213115"
"chr7","73128229","73128360","KN296311v1","4815038","4815168","19","68313191"
"chr7","73152288","73152420","KN295526v1","145592","145725","20","73006696"
"chr7","73159540","73159670","KN294175v1","165620","165752","17","72993920"
"chr7","73244069","73244191","KN294172v1","6039824","6039947","26","67204245"
"chr7","73393203","73393342","KN294199v1","281436","281574","27","73111767"
"chr7","73580518","73580653","KN294536v1","348653","348787","23","73231865"
"chr7","73600787","73600913","KN295706v1","131306","131439","23","73469481"
"chr7","73611966","73612094","KN294372v1","1354040","1354163","30","72257926"
"chr7","73686216","73686479","KN294420v1","263951","264214","68","73422265"
"chr7","73844316","73844457","KN296643v1","191078","191208","28","73653238"
"chr7","74205216","74205343","KN296926v1","455694","455813","29","73749522"
"chr7","74243479","74243762","KN295984v1","150673","150962","55","74092806"
"chr7","74326534","74326724","KN296187v1","238628","238811","56","74087906"
"chr7","74339822","74339953","KN295706v1","131306","131439","19","74208516"
"chr7","74443001","74443136","KN297432v1","473242","473374","28","73969759"
"chr7","74464470","74464601","KN296096v1","3053461","3053592","24","71411009"
"chr7","74480149","74480273","KN295102v1","105981","106109","21","74374168"
"chr7","74497901","74498193","KN294747v1","917219","917517","60","73580682"
"chr7","74519722","74520008","KN297026v1","800582","800867","73","73719140"
"chr7","74710677","74710813","KN294506v1","384096","384232","13","74326581"
"chr7","74775818","74775924","KN294399v1","255156","255267","23","74520662"
"chr7","74786230","74786360","KN297274v1","359113","359242","21","74427117"
"chr7","75013413","75013543","KN296682v1","4980731","4980854","21","70032682"
"chr7","75617727","75617840","KN297038v1","317140","317257","25","75300587"
"chr7","75835492","75835542","KN296484v1","840284","840335","10","74995208"
"chr7","75913413","75913675","KN294325v1","756815","757073","65","75156598"
"chr7","75944248","75944378","KN296138v1","11819","11953","21","75932429"
"chr7","75986035","75986331","KN295667v1","1567361","1567664","62","74418674"
"chr7","76051041","76051119","KN294539v1","2023522","2023599","24","74027519"
"chr7","76216394","76216704","KN295102v1","387826","388136","61","75828568"
"chr7","76299660","76299780","KN294458v1","812215","812336","25","75487445"
"chr7","76640002","76640138","KN296122v1","289224","289359","20","76350778"
"chr7","76659527","76659806","KN296550v1","110501","110774","59","76549026"
"chr7","76892264","76892399","KN296538v1","514898","515032","20","76377366"
"chr7","77181051","77181180","KN295893v1","2369160","2369293","29","74811891"
"chr7","77225268","77225526","KN296036v1","2336843","2337101","56","74888425"
"chr7","77261667","77261803","KN296877v1","62421","62554","26","77199246"
"chr7","77302026","77302161","KN294172v1","6272486","6272617","24","71029540"
"chr7","77314848","77314983","KN294172v1","6718327","6718460","28","70596521"
"chr7","77380710","77381011","KN294453v1","24436","24724","103","77356274"
"chr7","77716291","77716460","KN295034v1","243361","243503","42","77472930"
"chr7","77923987","77924298","KN295480v1","1274084","1274387","73","76649903"
"chr7","78008929","78009048","KN294193v1","654985","655103","26","77353944"
"chr7","78600437","78600518","KN294535v1","80806","80875","23","78519631"
"chr7","78800407","78800555","KN296732v1","3303486","3303632","26","75496921"
"chr7","78833892","78834017","KN296365v1","597866","598002","32","78236026"
"chr7","78888504","78888636","KN296426v1","870075","870198","39","78018429"
"chr7","78944150","78944306","KN295893v1","954082","954238","40","77990068"
"chr7","78989137","78989268","KN294207v1","126950","127083","18","78862187"
"chr7","79041391","79041526","KN295706v1","131306","131439","29","78910085"
"chr7","79080790","79080914","KN295441v1","789788","789916","20","78291002"
"chr7","79256933","79257194","KN296153v1","1716581","1716838","62","77540352"
"chr7","79386970","79387271","KN294630v1","61228","61540","31","79325742"
"chr7","79449821","79449949","KN294630v1","123088","123218","10","79326733"
"chr7","79646776","79646914","KN294218v1","2756614","2756751","16","76890162"
"chr7","79663354","79663488","KN294630v1","339920","340054","8","79323434"
"chr7","79702532","79702627","KN296290v1","2081846","2081943","25","77620686"
"chr7","79702978","79703196","KN295666v1","152100","152313","49","79550878"
"chr7","79796447","79796601","KN294630v1","474612","474767","23","79321835"
"chr7","79809561","79809694","KN294520v1","108989","109124","20","79700572"
"chr7","79963906","79964040","KN294630v1","647087","647221","12","79316819"
"chr7","80079768","80079824","KN294630v1","762574","762630","4","79317194"
"chr7","80236128","80236261","KN297279v1","1209908","1210040","24","79026220"
"chr7","80244109","80244196","KN295744v1","21999","22088","25","80222110"
"chr7","80245690","80245986","KN294161v1","491457","491757","70","79754233"
"chr7","80255616","80255912","KN297259v1","1570980","1571280","69","78684636"
"chr7","80260942","80261236","KN294161v1","491457","491757","72","79769485"
"chr7","80271345","80271642","KN294161v1","491457","491757","69","79779888"
"chr7","80643428","80643557","KN296812v1","136568","136697","4","80506860"
"chr7","80807101","80807359","KN295490v1","34980","35237","16","80772121"
"chr7","81169440","81169706","KN295490v1","404113","404381","16","80765327"
"chr7","81630777","81631062","KN295607v1","58401","58690","72","81572376"
"chr7","82079118","82079249","KN295706v1","131306","131439","20","81947812"
"chr7","82605360","82605521","KN294991v1","973655","973815","26","81631705"
"chr7","82630092","82630268","KN294991v1","973655","973815","41","81656437"
"chr7","82683917","82684218","KN294407v1","1718897","1719202","68","80965020"
"chr7","82716442","82716629","KN295430v1","1780623","1780800","46","80935819"
"chr7","82716919","82717044","KN296322v1","997745","997870","28","81719174"
"chr7","82953237","82953560","KN296308v1","750453","750763","73","82202784"
"chr7","82957773","82958063","KN294578v1","639003","639297","66","82318770"
"chr7","83137643","83137940","KN295633v1","778185","778486","70","82359458"
"chr7","85027203","85027528","KN296836v1","993587","993901","84","84033616"
"chr7","85360515","85360819","KN294662v1","533103","533368","57","84827412"
"chr7","85573677","85573988","KN297327v1","807993","808286","72","84765684"
"chr7","85579778","85579835","KN294526v1","385526","385578","17","85194252"
"chr7","85663065","85663379","KN297233v1","1296975","1297275","89","84366090"
"chr7","85809214","85809367","KN296247v1","959095","959240","33","84850119"
"chr7","85860529","85860797","KN294662v1","10980","11248","16","85849549"
"chr7","85891717","85892008","KN296795v1","1627125","1627421","77","84264592"
"chr7","86231910","86232043","KN294978v1","3847610","3847736","31","82384300"
"chr7","86485344","86485616","KN294513v1","235461","235729","60","86249883"
"chr7","86776339","86776606","KN294747v1","1130292","1130545","69","85646047"
"chr7","87232338","87232635","KN295633v1","2335756","2336047","72","84896582"
"chr7","87279967","87280250","KN295576v1","164716","164996","66","87115251"
"chr7","87391084","87391320","KN296637v1","653517","653752","67","86737567"
"chr7","87391625","87391666","KN296934v1","958340","958382","13","86433285"
"chr7","87667695","87667834","KN294842v1","1240164","1240299","27","86427531"
"chr7","87787787","87788074","KN295346v1","1646114","1646406","64","86141673"
"chr7","87897098","87897387","KN294991v1","1103464","1103751","67","86793634"
"chr7","87962691","87962991","KN296864v1","1939832","1940132","63","86022859"
"chr7","88043947","88044231","KN295984v1","2286186","2286477","61","85757761"
"chr7","89942433","89942730","KN296507v1","738522","738814","68","89203911"
"chr7","90108744","90109026","KN296634v1","1686427","1686686","55","88422317"
"chr7","90560517","90560801","KN296634v1","1236222","1236510","22","89324295"
"chr7","90587994","90588287","KN296634v1","1208865","1209159","25","89379129"
"chr7","90642714","90642867","KN296634v1","1146916","1147078","23","89495798"
"chr7","90654376","90654677","KN296634v1","1135353","1135658","34","89519023"
"chr7","90674170","90674323","KN296634v1","1146916","1147078","23","89527254"
"chr7","90684958","90685265","KN296634v1","1118323","1118621","26","89566635"
"chr7","90693458","90693586","KN296634v1","1110176","1110304","6","89583282"
"chr7","90696689","90696882","KN294879v1","753499","753676","58","89943190"
"chr7","91317711","91317845","KN296634v1","484975","485112","11","90832736"
"chr7","91703530","91703822","KN296634v1","52600","52911","36","91650930"
"chr7","91736728","91736887","KN295962v1","2106431","2106583","41","89630297"
"chr7","91736939","91737058","KN294879v1","753968","754085","27","90982971"
"chr7","92054404","92054680","KN297148v1","819718","819993","18","91234686"
"chr7","92089338","92089611","KN296577v1","367163","367438","78","91722175"
"chr7","92838842","92839157","KN297184v1","1114866","1115167","74","91723976"
"chr7","94574107","94574402","KN295352v1","729753","730045","64","93844354"
"chr7","94740209","94740491","KN296731v1","1403282","1403549","84","93336927"
"chr7","95416849","95417007","KN294571v1","417305","417453","36","94999544"
"chr7","95824675","95824970","KN297026v1","800582","800867","83","95024093"
"chr7","95911251","95911408","KN296178v1","767185","767341","33","95144066"
"chr7","96013836","96014003","KN294416v1","934596","934758","48","95079240"
"chr7","96014032","96014150","KN294741v1","1083617","1083736","32","94930415"
"chr7","97483341","97483473","KN294911v1","2310594","2310724","24","95172747"
"chr7","97504062","97504329","KN297197v1","1048614","1048879","61","96455448"
"chr7","97738487","97738790","KN294806v1","594997","595290","63","97143490"
"chr7","97996850","97997077","KN295596v1","3046296","3046522","66","94950554"
"chr7","98028033","98028171","KN295352v1","224304","224419","43","97803729"
"chr7","98028477","98028599","KN295458v1","34771","34886","27","97993706"
"chr7","98229875","98230170","KN296495v1","1076274","1076557","71","97153601"
"chr7","98649124","98649385","KN295074v1","671311","671581","75","97977813"
"chr7","98683512","98683800","KN294210v1","473112","473404","67","98210400"
"chr7","99151812","99152098","KN294539v1","1692531","1692809","64","97459281"
"chr7","99223262","99223598","KN295405v1","315125","315439","85","98908137"
"chr7","99834936","99835238","KN297112v1","2231098","2231393","67","97603838"
"chr7","100568212","100568571","KN296495v1","2039293","2039625","112","98528919"
"chr7","100581063","100581178","KN294705v1","965142","965253","24","99615921"
"chr7","100581234","100581408","KN296641v1","784877","785061","39","99796357"
"chr7","100598967","100599250","KN294790v1","483712","483988","77","100115255"
"chr7","100691020","100691333","KN294439v1","130265","130569","73","100560755"
"chr7","100698714","100698862","KN296145v1","649092","649233","33","100049622"
"chr7","100803234","100803533","KN294728v1","765090","765383","77","100038144"
"chr7","100850795","100851087","KN296442v1","1155078","1155358","71","99695717"
"chr7","100855600","100855915","KN296322v1","1648835","1649139","68","99206765"
"chr7","101426781","101427008","KN296964v1","701591","701805","71","100725190"
"chr7","101436727","101436857","KN294711v1","709159","709287","26","100727568"
"chr7","101602201","101602460","KN294552v1","1295874","1296134","68","100306327"
"chr7","101695335","101695634","KN296322v1","1648835","1649139","64","100046500"
"chr7","101892750","101893058","KN295894v1","2131941","2132242","71","99760809"
"chr7","102293803","102294068","KN295667v1","232340","232614","63","102061463"
"chr7","102840451","102840741","KN294499v1","302959","303249","22","102537492"
"chr7","103663815","103664073","KN294499v1","1103559","1103814","27","102560256"
"chr7","103669876","103670140","KN294499v1","1110140","1110419","28","102559736"
"chr7","103790384","103790669","KN294499v1","1238894","1239174","27","102551490"
"chr7","103821429","103821736","KN297190v1","6401851","6402158","65","97419578"
"chr7","103823186","103823463","KN294499v1","1271742","1272029","23","102551444"
"chr7","104118627","104118909","KN296948v1","762193","762479","64","103356434"
"chr7","104174389","104174514","KN296322v1","997745","997870","23","103176644"
"chr7","104227882","104228193","KN295667v1","1567361","1567664","64","102660521"
"chr7","104277470","104277752","KN294499v1","1735366","1735651","30","102542104"
"chr7","104286087","104286183","KN294499v1","1744755","1744851","5","102541332"
"chr7","104329178","104329471","KN296322v1","1648835","1649139","66","102680343"
"chr7","104448240","104448506","KN294499v1","1906911","1907192","31","102541329"
"chr7","104706448","104706565","KN294193v1","654985","655103","22","104051463"
"chr7","104870608","104870740","KN294739v1","1041553","1041687","21","103829055"
"chr7","105509200","105509400","KN295459v1","1698823","1698996","65","103810377"
"chr7","106113809","106113949","KN294199v1","281436","281574","23","105832373"
"chr7","106340593","106340727","KN294790v1","3690102","3690234","20","102650491"
"chr7","106350190","106350492","KN294172v1","1404856","1405150","68","104945334"
"chr7","106456585","106456889","KN295346v1","1646114","1646406","66","104810471"
"chr7","106473800","106473951","KN297320v1","677594","677746","27","105796206"
"chr7","106552253","106552550","KN294452v1","1374937","1375240","66","105177316"
"chr7","106661955","106662245","KN295352v1","1382929","1383224","61","105279026"
"chr7","106947483","106947804","KN295633v1","778185","778486","73","106169298"
"chr7","106951094","106951241","KN294346v1","260578","260726","32","106690516"
"chr7","107698720","107699034","KN296594v1","619931","620241","72","107078789"
"chr7","107842310","107842626","KN295073v1","1193749","1194036","48","106648561"
"chr7","109299619","109299914","KN294161v1","491457","491757","67","108808162"
"chr7","110097125","110097340","KN295601v1","1689627","1689831","50","108407498"
"chr7","110204427","110204716","KN294199v1","1022551","1022840","69","109181876"
"chr7","110419525","110419803","KN295967v1","1520844","1521111","75","108898681"
"chr7","110458471","110458592","KN296096v1","3240902","3241016","32","107217569"
"chr7","110701783","110702006","KN295096v1","77543","77764","63","110624240"
"chr7","111358403","111358717","KN297066v1","48943","49249","61","111309460"
"chr7","111939088","111939390","KN297230v1","965330","965613","42","110973758"
"chr7","112449914","112450198","KN297230v1","573584","573878","37","111876330"
"chr7","112680013","112680312","KN297230v1","374346","374645","15","112305667"
"chr7","113058087","113058386","KN295371v1","357921","358217","74","112700166"
"chr7","113215374","113215677","KN295225v1","149352","149659","29","113066022"
"chr7","113218557","113218857","KN295225v1","149352","149659","30","113069205"
"chr7","113616114","113616324","KN295225v1","535738","535948","26","113080376"
"chr7","113761082","113761384","KN295225v1","688763","689066","17","113072319"
"chr7","114941783","114942076","KN295225v1","1901994","1902262","46","113039789"
"chr7","115971950","115972243","KN295346v1","1646114","1646406","64","114325836"
"chr7","115973439","115973710","KN296825v1","2323044","2323333","70","113650395"
"chr7","116050937","116051225","KN295346v1","1646114","1646406","64","114404823"
"chr7","116115979","116116248","KN295490v1","34980","35237","63","116080999"
"chr7","116231371","116231633","KN295352v1","1019178","1019436","64","115212193"
"chr7","116297370","116297663","KN295871v1","984256","984556","70","115313114"
"chr7","116322538","116322797","KN294539v1","1506592","1506858","80","114815946"
"chr7","116375298","116375560","KN295930v1","508859","509136","75","115866439"
"chr7","116670715","116670876","KN294470v1","2691196","2691354","31","113979519"
"chr7","116671214","116671356","KN296311v1","2361921","2362066","26","114309293"
"chr7","117922898","117923192","KN294873v1","1700476","1700762","80","116222422"
"chr7","118182239","118182515","KN297197v1","2554894","2555174","63","115627345"
"chr7","119737898","119738068","KN294964v1","1458973","1459150","49","118278925"
"chr7","120391511","120391792","KN297028v1","97110","97396","73","120294401"
"chr7","120625994","120626307","KN294954v1","70243","70554","66","120555751"
"chr7","120658619","120658879","KN294571v1","2363835","2364096","72","118294784"
"chr7","121327668","121327967","KN294407v1","1086188","1086466","68","120241480"
"chr7","121352193","121352475","KN295406v1","486578","486886","75","120865615"
"chr7","122153700","122153907","KN295533v1","2434686","2434882","45","119719014"
"chr7","122979580","122979898","KN296268v1","911960","912261","52","122067620"
"chr7","123801748","123802037","KN295257v1","300761","301044","66","123500987"
"chr7","124233594","124233899","KN296322v1","1648835","1649139","70","122584759"
"chr7","124682596","124682882","KN294210v1","473112","473404","63","124209484"
"chr7","125234060","125234164","KN295810v1","455081","455179","11","124778979"
"chr7","125895275","125895500","KN294458v1","1818611","1818826","52","124076664"
"chr7","125986650","125986937","KN297227v1","1123419","1123703","64","124863231"
"chr7","126230795","126230927","KN294457v1","130203","130331","21","126100592"
"chr7","126530053","126530348","KN294747v1","917219","917517","62","125612834"
"chr7","126559594","126559892","KN294452v1","1374937","1375240","69","125184657"
"chr7","126645462","126645591","KN294172v1","6272486","6272617","24","120372976"
"chr7","126701094","126701374","KN297462v1","564741","565026","66","126136353"
"chr7","126826447","126826735","KN294199v1","1022551","1022840","65","125803896"
"chr7","127083711","127083840","KN296820v1","874322","874456","25","126209389"
"chr7","127628663","127628970","KN296244v1","296863","297159","60","127331800"
"chr7","127665903","127666093","KN294446v1","801059","801280","62","126864844"
"chr7","127666797","127666836","KN296290v1","587719","587750","12","127079078"
"chr7","127694630","127694919","KN295933v1","40027","40319","63","127654603"
"chr7","127726956","127727239","KN296315v1","1023330","1023621","61","126703626"
"chr7","127746701","127746820","KN294588v1","379826","379951","32","127366875"
"chr7","127872752","127873033","KN296528v1","1411593","1411869","72","126461159"
"chr7","127919097","127919397","KN296244v1","296863","297159","86","127622234"
"chr7","127966017","127966136","KN295441v1","789788","789916","29","127176229"
"chr7","127977609","127977703","KN294570v1","273775","273869","1","127703834"
"chr7","127992037","127992170","KN294172v1","5400991","5401118","48","122591046"
"chr7","128037596","128037767","KN295667v1","2018457","2018624","40","126019139"
"chr7","128146449","128146575","KN294410v1","486228","486353","28","127660221"
"chr7","128186721","128186854","KN294410v1","486228","486353","30","127700493"
"chr7","128228406","128228565","KN294991v1","973655","973815","38","127254751"
"chr7","128337366","128337586","KN297197v1","281123","281326","76","128056243"
"chr7","128350754","128351056","KN294452v1","1374937","1375240","63","126975817"
"chr7","128361950","128362078","KN294978v1","3847610","3847736","25","124514340"
"chr7","128375217","128375348","KN297445v1","1333351","1333481","22","127041866"
"chr7","128382515","128382804","KN295984v1","150673","150962","61","128231842"
"chr7","128389653","128389897","KN297445v1","1222732","1222973","60","127166921"
"chr7","128607054","128607354","KN295667v1","1567361","1567664","68","127039693"
"chr7","128620600","128620871","KN295893v1","1879651","1879923","76","126740949"
"chr7","128708793","128709080","KN296964v1","1500308","1500600","67","127208485"
"chr7","128827898","128827968","KN295996v1","133273","133341","13","128694625"
"chr7","129197151","129197255","KN296775v1","974808","974917","26","128222343"
"chr7","129276973","129277104","KN294378v1","1273477","1273608","25","128003496"
"chr7","129285756","129286047","KN295984v1","150673","150962","56","129135083"
"chr7","129322848","129322983","KN294172v1","6272486","6272617","26","123050362"
"chr7","129384308","129384442","KN295236v1","1698335","1698473","24","127685973"
"chr7","129412850","129412898","KN296934v1","958340","958382","15","128454510"
"chr7","129413196","129413472","KN296306v1","1771005","1771285","76","127642191"
"chr7","129608567","129608702","KN296311v1","4657589","4657718","23","124950978"
"chr7","129686348","129686482","KN297453v1","84448","84582","19","129601900"
"chr7","130337513","130337680","KN294911v1","4985405","4985572","38","125352108"
"chr7","130337999","130338144","KN296311v1","2361921","2362066","25","127976078"
"chr7","130398805","130398943","KN294218v1","2756614","2756751","23","127642191"
"chr7","130442963","130443225","KN296682v1","477761","478029","73","129965202"
"chr7","130542219","130542358","KN297038v1","232896","233031","32","130309323"
"chr7","130542669","130542825","KN295633v1","759755","759918","49","129782914"
"chr7","130620976","130621107","KN297279v1","1209908","1210040","18","129411068"
"chr7","130686235","130686368","KN295706v1","131306","131439","22","130554929"
"chr7","130724162","130724360","KN296119v1","805789","806002","68","129918373"
"chr7","130735564","130735818","KN294571v1","2055636","2055896","82","128679928"
"chr7","130816367","130816427","KN294175v1","206644","206698","18","130609723"
"chr7","130842159","130842282","KN295667v1","482551","482676","25","130359608"
"chr7","130915882","130916030","KN296175v1","389212","389354","27","130526670"
"chr7","131093543","131093793","KN296743v1","1044357","1044603","58","130049186"
"chr7","131468401","131468574","KN294571v1","2119940","2120110","33","129348461"
"chr7","131468619","131468724","KN296036v1","739589","739697","26","130729030"
"chr7","132055730","132055864","KN296096v1","3053461","3053592","24","129002269"
"chr7","132736996","132737209","KN295923v1","1986700","1986911","51","130750296"
"chr7","133195573","133195867","KN295099v1","55159","55457","71","133140414"
"chr7","133981912","133982087","KN297320v1","32939","33116","36","133948973"
"chr7","134735218","134735315","KN294294v1","174673","174776","28","134560545"
"chr7","134956332","134956612","KN297233v1","1149627","1149897","35","133806705"
"chr7","135071912","135072218","KN295352v1","729753","730045","76","134342159"
"chr7","135227101","135227328","KN297233v1","885829","886037","35","134341272"
"chr7","135235479","135235611","KN296311v1","6471968","6472102","20","128763511"
"chr7","135346700","135346980","KN297233v1","761235","761535","33","134585465"
"chr7","135930822","135931092","KN296011v1","67440","67709","59","135863382"
"chr7","137522933","137523098","KN296311v1","2616458","2616622","32","134906475"
"chr7","137539356","137539518","KN294991v1","973655","973815","28","136565701"
"chr7","137899479","137899783","KN296290v1","76119","76420","66","137823360"
"chr7","138151867","138152150","KN295257v1","300761","301044","63","137851106"
"chr7","138160341","138160475","KN295361v1","959088","959220","24","137201253"
"chr7","138417114","138417272","KN296635v1","3551150","3551305","37","134865964"
"chr7","138608978","138609302","KN294172v1","4980071","4980373","94","133628907"
"chr7","138684671","138684831","KN297000v1","418134","418281","40","138266537"
"chr7","138690207","138690352","KN295034v1","243361","243503","28","138446846"
"chr7","138690650","138690791","KN294987v1","646342","646477","41","138044308"
"chr7","138691730","138692034","KN294758v1","3078424","3078721","63","135613306"
"chr7","138754564","138754874","KN296308v1","750453","750763","71","138004111"
"chr7","138879115","138879252","KN297453v1","84448","84582","21","138794667"
"chr7","139904912","139904978","KN296864v1","203949","204018","14","139700963"
"chr7","139955584","139955840","KN295267v1","81052","81310","55","139874532"
"chr7","140057428","140057511","KN295996v1","133273","133341","31","139924155"
"chr7","140065554","140065708","KN294187v1","1190498","1190657","48","138875056"
"chr7","140334100","140334234","KN294879v1","331383","331517","9","140002717"
"chr7","140386975","140387253","KN294879v1","385981","386259","12","140000994"
"chr7","140403517","140403643","KN294879v1","400817","400946","11","140002700"
"chr7","140408331","140408457","KN294879v1","400817","400946","11","140007514"
"chr7","140503918","140504054","KN294911v1","2310594","2310724","28","138193324"
"chr7","140524104","140524415","KN294879v1","514770","515095","29","140009334"
"chr7","140532773","140532904","KN295803v1","255996","256129","32","140276777"
"chr7","140543420","140543556","KN294303v1","244931","245062","33","140298489"
"chr7","142859338","142859402","KN294526v1","385526","385578","25","142473812"
"chr7","142889609","142889698","KN296079v1","635770","635870","29","142253839"
"chr7","142966045","142966279","KN297046v1","2130311","2130564","67","140835734"
"chr7","143339085","143339365","KN295984v1","2962847","2963132","75","140376238"
"chr7","144141304","144141423","KN294499v1","518311","518429","23","143622993"
"chr7","144141463","144141562","KN295501v1","718333","718428","32","143423130"
"chr7","144319870","144320148","KN294571v1","2055636","2055896","68","142264234"
"chr7","145166673","145166986","KN297039v1","1439340","1439648","26","143727333"
"chr7","146595190","146595480","KN297039v1","3139","3429","41","146592051"
"chr7","146629292","146629438","KN296145v1","649092","649233","32","145980200"
"chr7","147071446","147071714","KN295722v1","1797254","1797516","61","145274192"
"chr7","147194600","147194738","KN295090v1","610678","610810","32","146583922"
"chr7","147713843","147714089","KN297165v1","596939","597176","71","147116904"
"chr7","148180341","148180480","KN297274v1","1606553","1606683","28","146573788"
"chr7","148383434","148383717","KN296460v1","825006","825313","35","147558428"
"chr7","148764987","148765119","KN296004v1","350579","350712","25","148414408"
"chr7","149020836","149021146","KN296460v1","153298","153609","9","148867538"
"chr7","149148472","149148779","KN296505v1","323963","324278","82","148824509"
"chr7","149354679","149354992","KN297242v1","1213658","1213969","65","148141021"
"chr7","149450283","149450561","KN295633v1","2306898","2307163","52","147143385"
"chr7","150018581","150018847","KN296157v1","1145342","1145607","73","148873239"
"chr7","150063722","150064029","KN296322v1","1648835","1649139","69","148414887"
"chr7","150613656","150613902","KN296557v1","788652","788900","68","149825004"
"chr7","150633103","150633232","KN295708v1","2512458","2512590","25","148120645"
"chr7","150689587","150689824","KN296311v1","2581889","2582135","59","148107698"
"chr7","150850807","150850931","KN295533v1","2843283","2843406","24","148007524"
"chr7","150977555","150977844","KN297046v1","1623175","1623470","66","149354380"
"chr7","151009617","151009795","KN296849v1","21892","22074","46","150987725"
"chr7","151010097","151010220","KN296322v1","997745","997870","15","150012352"
"chr7","151114680","151114951","KN296864v1","1447995","1448277","66","149666685"
"chr7","151194478","151194680","KN296635v1","2061822","2062028","59","149132656"
"chr7","151249913","151250046","KN296485v1","157888","158017","42","151092025"
"chr7","151626371","151626672","KN295394v1","896534","896828","70","150729837"
"chr7","151627831","151628115","KN296948v1","762193","762479","56","150865638"
"chr7","152169369","152169505","KN296311v1","4815038","4815168","28","147354331"
"chr7","152212990","152213059","KN294535v1","80806","80875","19","152132184"
"chr7","152612371","152612648","KN296404v1","2095101","2095370","76","150517270"
"chr7","152750299","152750567","KN296404v1","2095101","2095370","68","150655198"
"chr7","154502653","154502950","KN294419v1","64733","65033","64","154437920"
"chr7","155124337","155124622","KN295430v1","2009073","2009373","66","153115264"
"chr7","155267705","155268027","KN296306v1","2267835","2268149","29","152999870"
"chr7","155386347","155386668","KN296306v1","2372981","2373277","43","153013366"
"chr7","156455452","156455742","KN296306v1","3470412","3470702","12","152985040"
"chr7","156675870","156676004","KN294378v1","1273477","1273608","22","155402393"
"chr7","156787425","156787558","KN296588v1","2140161","2140293","20","154647264"
"chr7","156801021","156801296","KN296306v1","3759093","3759375","36","153041928"
"chr7","157134348","157134482","KN297343v1","1944803","1944943","17","155189545"
"chr7","157169201","157169337","KN297343v1","1914592","1914726","22","155254609"
"chr7","157179317","157179447","KN297343v1","1907940","1908079","16","155271377"
"chr7","158414859","158415021","KN296767v1","419381","419535","56","157995478"
"chr7","158638533","158638647","KN294451v1","1151824","1151923","46","157486709"
"chr7","158638948","158639091","KN296635v1","5283817","5283961","39","153355131"
"chr8","459321","459635","KN294234v1","2446839","2447143","31","1987518"
"chr8","1600164","1600466","KN294234v1","1382137","1382445","39","218027"
"chr8","2176016","2176289","KN294234v1","814985","815285","64","1361031"
"chr8","4127245","4127577","KN297263v1","1450533","1450845","59","2676712"
"chr8","5910332","5910515","KN294964v1","1050991","1051179","40","4859341"
"chr8","7736082","7736353","KN297225v1","914114","914389","63","6821968"
"chr8","8722123","8722254","KN294339v1","93661","93791","21","8628462"
"chr8","8744452","8744733","KN296864v1","3138537","3138822","66","5605915"
"chr8","10230793","10230913","KN296381v1","473793","473911","26","9757000"
"chr8","10230945","10230969","KN295405v1","1673920","1673943","11","8557025"
"chr8","10413946","10414184","KN297095v1","2669325","2669548","63","7744621"
"chr8","10877831","10878121","KN295814v1","1099950","1100250","53","9777881"
"chr8","11008866","11009171","KN297048v1","134544","134818","93","10874322"
"chr8","11547007","11547139","KN295706v1","131306","131439","22","11415701"
"chr8","11672360","11672510","KN297245v1","2021145","2021297","32","9651215"
"chr8","11672815","11672963","KN294558v1","284993","285139","34","11387822"
"chr8","11752932","11753228","KN297180v1","314236","314539","69","11438696"
"chr8","11922641","11922785","KN294210v1","836667","836810","26","11085974"
"chr8","11987481","11987610","KN295441v1","789788","789916","18","11197693"
"chr8","12076947","12077248","KN295384v1","67573","67866","66","12009374"
"chr8","12081398","12081704","KN294964v1","2082241","2082554","72","9999157"
"chr8","12137085","12137320","KN295544v1","170469","170697","60","11966616"
"chr8","12151030","12151327","KN295406v1","486578","486886","75","11664452"
"chr8","12169376","12169588","KN294372v1","2435922","2436135","62","9733454"
"chr8","12200152","12200452","KN297023v1","640512","640805","71","11559640"
"chr8","12353186","12353438","KN295352v1","1019178","1019436","75","11334008"
"chr8","12472712","12472845","KN297095v1","2433552","2433678","26","10039160"
"chr8","12931364","12931513","KN297074v1","45325","45453","29","12886039"
"chr8","13306987","13307268","KN296153v1","1716581","1716838","73","11590406"
"chr8","13397834","13398090","KN294991v1","775915","776180","73","12621919"
"chr8","14456617","14456829","KN296153v1","3265742","3265961","62","11190875"
"chr8","14485221","14485510","KN296303v1","805215","805501","65","13680006"
"chr8","14557238","14557377","KN294470v1","1867443","1867566","48","12689795"
"chr8","14661725","14661928","KN296538v1","689479","689688","51","13972246"
"chr8","15029081","15029339","KN297046v1","2130311","2130564","68","12898770"
"chr8","15094413","15094567","KN294346v1","260578","260726","36","14833835"
"chr8","15094594","15094717","KN296322v1","997745","997870","27","14096849"
"chr8","15746930","15747062","KN296025v1","179010","179141","33","15567920"
"chr8","15985057","15985374","KN295893v1","5129577","5129894","71","10855480"
"chr8","15986511","15986630","KN294410v1","486228","486353","31","15500283"
"chr8","16086674","16086788","KN296079v1","397109","397211","27","15689565"
"chr8","16179413","16179575","KN297215v1","75576","75756","25","16103837"
"chr8","16677546","16677837","KN297215v1","573715","574016","53","16103831"
"chr8","16679668","16679944","KN295257v1","300761","301044","63","16378907"
"chr8","16710447","16710730","KN297215v1","607492","607739","48","16102955"
"chr8","16918434","16918740","KN296948v1","762193","762479","71","16156241"
"chr8","16967587","16967726","KN294172v1","4450120","4450251","29","12517467"
"chr8","17606757","17606906","KN294172v1","3210658","3210802","31","14396099"
"chr8","17778508","17778823","KN295548v1","1297706","1298004","39","16480802"
"chr8","17801910","17802230","KN295548v1","1273350","1273671","24","16528560"
"chr8","18280120","18280297","KN295548v1","755573","755752","18","17524547"
"chr8","18400301","18400429","KN295667v1","2094667","2094776","36","16305634"
"chr8","18424562","18424695","KN295036v1","281435","281566","20","18143127"
"chr8","18839128","18839347","KN295548v1","181003","181229","30","18658125"
"chr8","18847342","18847648","KN295548v1","172889","173196","24","18674453"
"chr8","18959273","18959349","KN295894v1","1181010","1181083","22","17778263"
"chr8","19084381","19084675","KN294175v1","174441","174747","77","18909940"
"chr8","19211705","19211844","KN295601v1","2833105","2833244","32","16378600"
"chr8","20298915","20299166","KN295907v1","534057","534274","57","19764858"
"chr8","20309057","20309356","KN295907v1","544095","544389","39","19764962"
"chr8","20761414","20761698","KN295907v1","941752","942037","17","19819662"
"chr8","21177360","21177655","KN295907v1","1364225","1364535","37","19813135"
"chr8","21237308","21237446","KN297158v1","13205","13345","35","21224103"
"chr8","21389063","21389333","KN295907v1","1617722","1618005","38","19771341"
"chr8","21400367","21400493","KN295907v1","1636086","1636221","18","19764281"
"chr8","21437132","21437434","KN295907v1","1678564","1678867","16","19758568"
"chr8","21509043","21509174","KN295907v1","1755061","1755192","4","19753982"
"chr8","21542142","21542434","KN295907v1","1788559","1788836","37","19753583"
"chr8","21606828","21607129","KN295907v1","1853253","1853540","52","19753575"
"chr8","21621431","21621714","KN295907v1","1879965","1880242","30","19741466"
"chr8","22878278","22878366","KN294633v1","177699","177794","28","22700579"
"chr8","22907081","22907257","KN296096v1","680679","680846","44","22226402"
"chr8","24095825","24096017","KN295725v1","1216179","1216363","48","22879646"
"chr8","24128057","24128160","KN294619v1","1400034","1400133","25","22728023"
"chr8","24400104","24400415","KN297153v1","798177","798480","70","23601927"
"chr8","24537273","24537594","KN294452v1","1024655","1024959","79","23512618"
"chr8","24544893","24545187","KN296315v1","1023330","1023621","64","23521563"
"chr8","24670211","24670502","KN296505v1","263545","263841","60","24406666"
"chr8","24718841","24719131","KN297023v1","640512","640805","57","24078329"
"chr8","25239532","25239654","KN295526v1","145592","145725","19","25093940"
"chr8","25407340","25407616","KN295984v1","150673","150962","66","25256667"
"chr8","25408399","25408685","KN295767v1","123721","124011","78","25284678"
"chr8","25445349","25445483","KN296481v1","436875","437007","22","25008474"
"chr8","25574256","25574485","KN297190v1","5951555","5951790","61","19622701"
"chr8","25607194","25607328","KN295294v1","3806061","3806194","29","21801133"
"chr8","25678329","25678624","KN294210v1","473112","473404","76","25205217"
"chr8","26470312","26470481","KN295925v1","435140","435310","39","26035172"
"chr8","26581793","26582015","KN296292v1","252556","252774","56","26329237"
"chr8","26768606","26768779","KN297113v1","252877","253050","31","26515729"
"chr8","27019356","27019472","KN296153v1","1944022","1944129","26","25075334"
"chr8","27019805","27020005","KN294172v1","3939851","3940042","64","23079954"
"chr8","27080624","27080905","KN294790v1","911102","911378","62","26169522"
"chr8","27366332","27366538","KN294879v1","1183051","1183277","56","26183281"
"chr8","27411762","27411885","KN296682v1","4980731","4980854","7","22431031"
"chr8","27679035","27679248","KN296743v1","1848381","1848599","48","25830654"
"chr8","27778220","27778435","KN296508v1","358799","359013","55","27419421"
"chr8","27801305","27801440","KN296682v1","4601944","4602079","6","23199361"
"chr8","27850501","27850766","KN296682v1","4553062","4553340","31","23297439"
"chr8","27927703","27927807","KN295987v1","1409300","1409399","33","26518403"
"chr8","28043580","28043868","KN296682v1","4357669","4357958","21","23685911"
"chr8","28143662","28143947","KN296682v1","4249449","4249762","49","23894213"
"chr8","28222058","28222350","KN296507v1","738522","738814","72","27483536"
"chr8","28343263","28343364","KN296403v1","131451","131560","26","28211812"
"chr8","28781373","28781675","KN296682v1","3613184","3613491","33","25168189"
"chr8","30344652","30344932","KN297390v1","84191","84473","59","30260461"
"chr8","30570205","30570505","KN296316v1","312736","313048","49","30257469"
"chr8","30884495","30884778","KN296502v1","1280490","1280768","76","29604005"
"chr8","30982730","30983038","KN295898v1","693508","693821","76","30289222"
"chr8","31085003","31085175","KN294911v1","4985405","4985572","42","26099598"
"chr8","31141967","31142256","KN295708v1","2790498","2790788","74","28351469"
"chr8","32566904","32567049","KN296145v1","649092","649233","36","31917812"
"chr8","33431312","33431598","KN297133v1","328287","328569","64","33103025"
"chr8","33434093","33434409","KN294954v1","70243","70554","75","33363850"
"chr8","34548956","34549234","KN296442v1","1155078","1155358","67","33393878"
"chr8","34684538","34684853","KN295666v1","1032980","1033292","70","33651558"
"chr8","34756715","34756802","KN294161v1","775838","775928","17","33980877"
"chr8","34939524","34939816","KN294873v1","1303218","1303511","65","33636306"
"chr8","34955126","34955404","KN294407v1","1086188","1086466","66","33868938"
"chr8","35014315","35014560","KN296921v1","2833134","2833394","78","32181181"
"chr8","35218365","35218630","KN295282v1","123186","123460","74","35095179"
"chr8","35262721","35262843","KN295236v1","3047477","3047602","23","32215244"
"chr8","35328757","35328971","KN296635v1","2061822","2062028","61","33266935"
"chr8","35361041","35361325","KN295236v1","3511059","3511338","79","31849982"
"chr8","35368529","35368780","KN294571v1","2055636","2055896","73","33312893"
"chr8","35392382","35392513","KN295294v1","3806061","3806194","21","31586321"
"chr8","35472813","35472950","KN295605v1","687968","688102","25","34784845"
"chr8","35630256","35630408","KN296263v1","536654","536807","42","35093602"
"chr8","35776769","35777091","KN295523v1","4207357","4207655","84","31569412"
"chr8","35801664","35801950","KN297256v1","142581","142867","13","35659083"
"chr8","36685450","36685754","KN294733v1","111805","112094","89","36573645"
"chr8","36734174","36734478","KN294733v1","111805","112094","90","36622369"
"chr8","36963219","36963342","KN294964v1","965459","965591","35","35997760"
"chr8","38077087","38077194","KN295667v1","2094667","2094776","22","35982420"
"chr8","38442489","38442753","KN294650v1","596463","596718","71","37846026"
"chr8","39541923","39542221","KN294614v1","1219398","1219686","38","38322525"
"chr8","40109338","40109599","KN294614v1","631686","631972","42","39477652"
"chr8","40335089","40335368","KN295576v1","164716","164996","69","40170373"
"chr8","40374678","40374896","KN294614v1","373712","373931","8","40000966"
"chr8","41363879","41364181","KN295996v1","452195","452493","27","40911684"
"chr8","41394759","41394810","KN295893v1","883771","883820","8","40510988"
"chr8","41511172","41511464","KN295996v1","300807","301100","30","41210365"
"chr8","41546414","41546701","KN295996v1","263481","263767","9","41282933"
"chr8","41562309","41562607","KN295996v1","250358","250657","31","41311951"
"chr8","42061509","42061817","KN295564v1","255159","255458","34","41806350"
"chr8","42119087","42119226","KN295110v1","19431","19565","34","42099656"
"chr8","42157579","42157865","KN295564v1","358410","358720","46","41799169"
"chr8","42395124","42395256","KN294172v1","6272486","6272617","22","36122638"
"chr8","42415174","42415302","KN295564v1","622863","622995","6","41792311"
"chr8","42831398","42831690","KN295708v1","2860090","2860376","61","39971308"
"chr8","44322800","44322989","KN294205v1","957443","957638","53","43365357"
"chr8","44712566","44712801","KN294569v1","167642","167877","14","44544924"
"chr8","44726155","44726309","KN294569v1","180105","180259","8","44546050"
"chr8","44728057","44728207","KN294569v1","182033","182183","5","44546024"
"chr8","44777631","44777939","KN294569v1","229865","230170","54","44547766"
"chr8","44811216","44811520","KN295553v1","182905","183210","61","44628311"
"chr8","44881133","44881436","KN294569v1","334138","334429","29","44546995"
"chr8","45070564","45070881","KN294235v1","322190","322500","85","44748374"
"chr8","45368644","45368750","KN296021v1","78833","78940","33","45289811"
"chr8","45440620","45440750","KN295596v1","2102045","2102171","41","43338575"
"chr8","45441049","45441202","KN297312v1","704627","704767","24","44736422"
"chr8","46143853","46144119","KN297312v1","34475","34746","26","46109378"
"chr8","47050503","47050803","KN294161v1","491457","491757","68","46559046"
"chr8","47536328","47536602","KN295708v1","2860090","2860376","72","44676238"
"chr8","47554543","47554832","KN294239v1","2230934","2231230","71","45323609"
"chr8","47643631","47643916","KN296825v1","2669054","2669333","25","44974577"
"chr8","47794536","47794823","KN297452v1","1744682","1744969","64","46049854"
"chr8","47996103","47996393","KN296825v1","2323044","2323333","22","45673059"
"chr8","48026315","48026607","KN296036v1","2226548","2226840","68","45799767"
"chr8","48363862","48364031","KN295721v1","382777","382938","42","47981085"
"chr8","48458461","48458746","KN296825v1","1872470","1872764","27","46585991"
"chr8","48496392","48496526","KN295605v1","687968","688102","22","47808424"
"chr8","48660838","48661156","KN297046v1","3065440","3065749","75","45595398"
"chr8","48721544","48721718","KN296825v1","1625417","1625591","11","47096127"
"chr8","48971931","48972244","KN296825v1","1359724","1360035","23","47612207"
"chr8","48995461","48995624","KN296825v1","1336825","1336989","10","47658636"
"chr8","49048623","49048818","KN294287v1","645666","645855","49","48402957"
"chr8","49171999","49172296","KN296825v1","1180002","1180323","47","47991997"
"chr8","49487352","49487626","KN296825v1","895696","895974","21","48591656"
"chr8","49873514","49873656","KN296825v1","529744","529889","22","49343770"
"chr8","49873955","49874124","KN296825v1","529275","529444","13","49344680"
"chr8","49875563","49875867","KN296825v1","527234","527540","18","49348329"
"chr8","49919153","49919280","KN296825v1","485411","485525","28","49433742"
"chr8","50624284","50624502","KN296508v1","1675720","1675934","58","48948564"
"chr8","50636514","50636782","KN296365v1","101745","101991","71","50534769"
"chr8","50695188","50695482","KN296435v1","2611722","2612009","63","48083466"
"chr8","52304402","52304530","KN294978v1","3847610","3847736","15","48456792"
"chr8","52314434","52314739","KN295352v1","729753","730045","75","51584681"
"chr8","52364559","52364788","KN294978v1","3775328","3775560","17","48589231"
"chr8","52712992","52713335","KN296865v1","1674236","1674534","93","51038756"
"chr8","54367847","54368105","KN295830v1","82593","82836","77","54285254"
"chr8","54955270","54955558","KN294978v1","1261592","1261880","22","53693678"
"chr8","55038798","55039093","KN296322v1","1648835","1649139","68","53389963"
"chr8","55137299","55137497","KN294978v1","1071290","1071491","19","54066009"
"chr8","55154530","55154649","KN297259v1","590991","591115","23","54563539"
"chr8","55270382","55270652","KN294978v1","931603","931872","23","54338779"
"chr8","56180923","56181092","KN295362v1","840048","840212","45","55340875"
"chr8","56452945","56453238","KN296100v1","679912","680205","67","55773033"
"chr8","57366177","57366439","KN296871v1","10096","10361","65","57356081"
"chr8","57368099","57368399","KN294452v1","1374937","1375240","58","55993162"
"chr8","57772001","57772273","KN294434v1","662361","662634","85","57109640"
"chr8","58116536","58116824","KN295984v1","150673","150962","69","57965863"
"chr8","58456599","58456727","KN294964v1","965459","965591","21","57491140"
"chr8","58853922","58854232","KN295362v1","201826","202148","29","58652096"
"chr8","59752616","59752778","KN294193v1","877240","877391","47","58875376"
"chr8","59790342","59790647","KN295667v1","1567361","1567664","56","58222981"
"chr8","59980038","59980132","KN295362v1","1324610","1324704","4","58655428"
"chr8","60013475","60013779","KN295362v1","1355947","1356262","58","58657528"
"chr8","60129288","60129576","KN296311v1","5353300","5353582","85","54775988"
"chr8","60338248","60338547","KN294345v1","1713106","1713396","73","58625142"
"chr8","60451502","60451641","KN295205v1","824407","824553","31","59627095"
"chr8","61275910","61276191","KN295722v1","2755835","2756123","62","58520075"
"chr8","61414627","61414936","KN297058v1","194613","194917","66","61220014"
"chr8","61456097","61456355","KN294226v1","659652","659904","71","60796445"
"chr8","61464364","61464502","KN297154v1","1282191","1282319","30","60182173"
"chr8","61714478","61714607","KN294964v1","965459","965591","26","60749019"
"chr8","61765366","61765604","KN294235v1","570733","570958","73","61194633"
"chr8","61858347","61858645","KN295984v1","2286186","2286477","67","59572161"
"chr8","61964703","61964836","KN295706v1","131306","131439","19","61833397"
"chr8","62030607","62030895","KN295236v1","3511059","3511338","65","58519548"
"chr8","63082996","63083273","KN296453v1","453930","454207","9","62629066"
"chr8","63978708","63978858","KN296247v1","959095","959240","35","63019613"
"chr8","63978899","63979020","KN294199v1","969997","970115","26","63008902"
"chr8","65440441","65440726","KN296864v1","1939832","1940132","67","63500609"
"chr8","65467093","65467390","KN296322v1","1648835","1649139","70","63818258"
"chr8","65618224","65618508","KN294261v1","349079","349368","68","65269145"
"chr8","65643585","65643869","KN294387v1","1301474","1301745","72","64342111"
"chr8","66031928","66032214","KN294477v1","93216","93508","26","65938712"
"chr8","67667555","67667890","KN295205v1","1077585","1077883","94","66589970"
"chr8","67790313","67790513","KN297259v1","330750","330949","48","67459563"
"chr8","67871751","67871896","KN296175v1","389661","389808","39","67482090"
"chr8","68449997","68450294","KN296142v1","147124","147422","26","68302873"
"chr8","69058624","69058903","KN296469v1","40210","40485","22","69018414"
"chr8","69243970","69244245","KN296469v1","40210","40485","15","69203760"
"chr8","72858030","72858303","KN294421v1","46297","46577","77","72811733"
"chr8","73099259","73099432","KN294711v1","1194000","1194162","46","71905259"
"chr8","73100003","73100128","KN296682v1","4980731","4980854","30","68119272"
"chr8","73184879","73185169","KN296714v1","235347","235636","23","72949532"
"chr8","73496940","73497229","KN296435v1","1048519","1048795","66","72448421"
"chr8","73577945","73578216","KN294420v1","263951","264214","64","73313994"
"chr8","73675197","73675328","KN294199v1","281436","281574","22","73393761"
"chr8","74097485","74097770","KN296698v1","68668","68955","16","74028817"
"chr8","74399010","74399141","KN294396v1","327796","327925","8","74071214"
"chr8","74486945","74487001","KN297019v1","143155","143209","13","74343790"
"chr8","74504556","74504844","KN294396v1","224755","225042","21","74279801"
"chr8","74624890","74625203","KN296096v1","1326102","1326406","75","73298788"
"chr8","74847373","74847611","KN294879v1","1183051","1183277","60","73664322"
"chr8","74920100","74920414","KN296322v1","1648835","1649139","73","73271265"
"chr8","75739585","75739846","KN295596v1","2566260","2566526","84","73173325"
"chr8","76008650","76008792","KN295708v1","2431812","2431953","29","73576838"
"chr8","76009097","76009278","KN295074v1","203567","203742","50","75805530"
"chr8","76067034","76067162","KN294536v1","348653","348787","21","75718381"
"chr8","77155344","77155576","KN295941v1","2267763","2267979","63","74887581"
"chr8","77172443","77172746","KN294210v1","473112","473404","64","76699331"
"chr8","77201566","77201874","KN295406v1","486578","486886","66","76714988"
"chr8","77209019","77209157","KN296311v1","4815038","4815168","34","72393981"
"chr8","77268945","77269238","KN294806v1","594997","595290","58","76673948"
"chr8","77302805","77303110","KN296322v1","1648835","1649139","63","75653970"
"chr8","77316674","77317026","KN297279v1","407963","408305","113","76908711"
"chr8","77480172","77480279","KN296153v1","1944022","1944129","24","75536150"
"chr8","77974614","77974720","KN295406v1","576347","576444","26","77398267"
"chr8","77981433","77981632","KN296119v1","805789","806002","54","77175644"
"chr8","77997945","77998247","KN296948v1","762193","762479","77","77235752"
"chr8","78001650","78001940","KN297095v1","3766127","3766406","74","74235523"
"chr8","78162441","78162746","KN294991v1","1709174","1709474","61","76453267"
"chr8","78164295","78164584","KN295586v1","701437","701726","73","77462858"
"chr8","78267648","78267760","KN295586v1","442465","442585","23","77825183"
"chr8","78269244","78269479","KN294407v1","812570","812796","54","77456674"
"chr8","78417259","78417561","KN296311v1","5278234","5278515","61","73139025"
"chr8","79035207","79035508","KN294634v1","387267","387565","62","78647940"
"chr8","79535964","79536230","KN294373v1","481675","481954","32","79054289"
"chr8","79674919","79675193","KN294373v1","634635","634916","21","79040284"
"chr8","79969154","79969430","KN294373v1","903956","904224","23","79065198"
"chr8","79970127","79970394","KN294373v1","903956","904224","17","79066171"
"chr8","80003908","80004013","KN296036v1","739589","739697","39","79264319"
"chr8","80063593","80063885","KN296495v1","1076274","1076557","61","78987319"
"chr8","80204824","80205124","KN294373v1","1129200","1129492","36","79075624"
"chr8","80353857","80354149","KN294373v1","1272766","1273035","42","79081091"
"chr8","80444159","80444462","KN296864v1","1939832","1940132","59","78504327"
"chr8","80611861","80612159","KN294373v1","1542903","1543217","36","79068958"
"chr8","80616933","80617202","KN294147v1","1590568","1590837","65","79026365"
"chr8","80656943","80657261","KN295666v1","1032980","1033292","80","79623963"
"chr8","80735693","80735919","KN294373v1","1663102","1663332","20","79072591"
"chr8","81000791","81001082","KN295708v1","2860090","2860376","67","78140701"
"chr8","81038326","81038610","KN295983v1","1223920","1224199","67","79814406"
"chr8","81324237","81324327","KN296869v1","143289","143372","28","81180948"
"chr8","82559590","82559905","KN296378v1","480415","480726","66","82079175"
"chr8","82635449","82635752","KN296916v1","538562","538864","27","82096887"
"chr8","82807061","82807174","KN297143v1","117310","117417","29","82689751"
"chr8","83481644","83481753","KN294187v1","143442","143547","24","83338202"
"chr8","83638620","83638888","KN296682v1","477761","478029","17","83160859"
"chr8","83846124","83846423","KN296682v1","686776","687062","37","83159348"
"chr8","84018880","84019163","KN294407v1","2416377","2416656","59","81602503"
"chr8","84698644","84698936","KN296682v1","1537188","1537494","39","83161456"
"chr8","84763586","84763855","KN296682v1","1600152","1600427","14","83163434"
"chr8","84881846","84882098","KN296682v1","1708582","1708834","18","83173264"
"chr8","84931252","84931568","KN296682v1","1756983","1757299","20","83174269"
"chr8","85087733","85088037","KN296682v1","1941233","1941537","19","83146500"
"chr8","85228226","85228528","KN296507v1","738522","738814","73","84489704"
"chr8","85401645","85401935","KN296682v1","2256354","2256645","17","83145291"
"chr8","85446492","85446618","KN296101v1","38623","38748","27","85407869"
"chr8","85456872","85457166","KN296682v1","2314996","2315295","19","83141876"
"chr8","85463504","85463591","KN297146v1","178455","178535","29","85285049"
"chr8","85637848","85638147","KN296682v1","2490724","2491017","30","83147124"
"chr8","85641066","85641364","KN296682v1","2490724","2491017","29","83150342"
"chr8","85690403","85690533","KN296682v1","2541935","2542065","8","83148468"
"chr8","85690826","85690996","KN296682v1","2542349","2542532","26","83148477"
"chr8","85776057","85776347","KN296682v1","2637733","2638023","13","83138324"
"chr8","86003031","86003175","KN296682v1","2867562","2867726","26","83135469"
"chr8","86003452","86003634","KN296682v1","2867973","2868160","20","83135479"
"chr8","86004644","86004911","KN296682v1","2869862","2870124","37","83134782"
"chr8","86044193","86044320","KN294591v1","569932","570064","26","85474261"
"chr8","86160965","86161241","KN296682v1","3030020","3030302","27","83130945"
"chr8","86192351","86192480","KN294964v1","965459","965591","22","85226892"
"chr8","86323485","86323630","KN294848v1","656940","657076","28","85666545"
"chr8","86443276","86443555","KN294434v1","662361","662634","72","85780915"
"chr8","86511855","86512167","KN297361v1","227420","227733","39","86284435"
"chr8","86925393","86925519","KN295343v1","175201","175335","25","86750192"
"chr8","87034606","87034744","KN296210v1","326465","326608","25","86708141"
"chr8","89170985","89171215","KN295441v1","1488111","1488339","66","87682874"
"chr8","89570287","89570585","KN296096v1","1326102","1326406","71","88244185"
"chr8","90082203","90082498","KN295352v1","729753","730045","67","89352450"
"chr8","90149336","90149625","KN294235v1","447510","447794","76","89701826"
"chr8","90465737","90466021","KN294569v1","652042","652317","70","89813695"
"chr8","90790861","90791146","KN295302v1","381457","381740","68","90409404"
"chr8","91441705","91441956","KN297452v1","257214","257456","50","91184491"
"chr8","91601989","91602285","KN297398v1","103760","104057","57","91498229"
"chr8","91946770","91947076","KN295713v1","310038","310362","43","91636732"
"chr8","91971682","91971958","KN295713v1","284446","284727","27","91687236"
"chr8","92774417","92774643","KN296508v1","1675720","1675934","58","91098697"
"chr8","92918857","92918981","KN294446v1","520797","520926","24","92398060"
"chr8","93709599","93709858","KN295091v1","2022755","2023012","70","91686844"
"chr8","94267305","94267603","KN296244v1","327623","327911","66","93939682"
"chr8","94432320","94432526","KN295533v1","2434686","2434882","38","91997634"
"chr8","94677426","94677647","KN296508v1","1675720","1675934","46","93001706"
"chr8","94681011","94681267","KN295074v1","671311","671581","71","94009700"
"chr8","95227623","95227930","KN296955v1","407710","408015","76","94819913"
"chr8","95236077","95236344","KN297197v1","1048614","1048879","71","94187463"
"chr8","95242711","95242972","KN296157v1","1667665","1667935","71","93575046"
"chr8","95256894","95257060","KN296864v1","3353170","3353334","35","91903724"
"chr8","95257116","95257232","KN295637v1","455021","455137","23","94802095"
"chr8","95290608","95290780","KN294879v1","753499","753676","39","94537109"
"chr8","95290793","95291020","KN297180v1","531711","531948","54","94759082"
"chr8","95348495","95348625","KN295983v1","35013","35146","28","95313482"
"chr8","95467396","95467571","KN294372v1","2365173","2365337","45","93102223"
"chr8","95467572","95467618","KN297094v1","101787","101835","9","95365785"
"chr8","95704049","95704358","KN295039v1","351730","352000","57","95352319"
"chr8","95741609","95741895","KN296948v1","762193","762479","57","94979416"
"chr8","95750988","95751299","KN295722v1","2009049","2009356","71","93741939"
"chr8","95808672","95808687","KN296145v1","6341","6356","3","95802331"
"chr8","95808844","95809139","KN295039v1","238675","238985","39","95570169"
"chr8","95947283","95947565","KN295039v1","101761","102032","31","95845522"
"chr8","96331875","96332151","KN297028v1","97110","97396","72","96234765"
"chr8","97847726","97848021","KN297171v1","1715719","1716017","59","96132007"
"chr8","98028016","98028280","KN297165v1","2729254","2729527","69","95298762"
"chr8","98139633","98139763","KN296311v1","4657589","4657718","24","93482044"
"chr8","98568279","98568397","KN296885v1","2707478","2707589","31","95860801"
"chr8","98578046","98578337","KN295352v1","729753","730045","61","97848293"
"chr8","98745969","98746257","KN296865v1","1172192","1172469","61","97573777"
"chr8","98906429","98906552","KN296435v1","403416","403537","32","98503013"
"chr8","98906849","98906992","KN296311v1","2361921","2362066","29","96544928"
"chr8","99019110","99019340","KN294235v1","570733","570958","58","98448377"
"chr8","99155836","99156137","KN294210v1","473112","473404","64","98682724"
"chr8","99360936","99361192","KN294747v1","1130292","1130545","70","98230644"
"chr8","99485020","99485114","KN295202v1","1411243","1411336","24","98073777"
"chr8","99563196","99563501","KN294419v1","64733","65033","62","99498463"
"chr8","99616307","99616387","KN294520v1","1666488","1666565","21","97949819"
"chr8","99619577","99619881","KN295633v1","778185","778486","69","98841392"
"chr8","99691681","99691829","KN296732v1","3303486","3303632","30","96388195"
"chr8","99802015","99802284","KN294613v1","331392","331636","76","99470623"
"chr8","99840947","99841237","KN295099v1","55159","55457","65","99785788"
"chr8","99849832","99849958","KN294207v1","126950","127083","34","99722882"
"chr8","99849988","99850224","KN296743v1","1848381","1848599","75","98001607"
"chr8","99966404","99966708","KN296322v1","1648835","1649139","73","98317569"
"chr8","100666538","100666842","KN295755v1","65062","65377","84","100601476"
"chr8","100831728","100832037","KN294169v1","205462","205769","65","100626266"
"chr8","100854114","100854246","KN296311v1","6471968","6472102","22","94382146"
"chr8","100868536","100868642","KN297416v1","162444","162561","31","100706092"
"chr8","100947863","100948047","KN297184v1","81214","81385","19","100866649"
"chr8","101257565","101257880","KN295406v1","486578","486886","71","100770987"
"chr8","101599295","101599585","KN297184v1","746954","747243","41","100852341"
"chr8","101663965","101664282","KN297184v1","816641","816964","31","100847324"
"chr8","101786837","101787157","KN295974v1","1415452","1415775","90","100371385"
"chr8","101906547","101906700","KN297184v1","1050151","1050304","13","100856396"
"chr8","101936518","101936648","KN294172v1","6272486","6272617","29","95664032"
"chr8","102128443","102128757","KN295633v1","909764","910066","64","101218679"
"chr8","102271417","102271547","KN297184v1","1392447","1392577","14","100878970"
"chr8","102543997","102544277","KN297184v1","1656993","1657277","27","100887004"
"chr8","102677518","102677686","KN297184v1","1787556","1787737","26","100889962"
"chr8","102704195","102704480","KN296833v1","198739","199022","64","102505456"
"chr8","102807289","102807584","KN297190v1","2683777","2684071","55","100123512"
"chr8","102821134","102821452","KN296322v1","426249","426560","77","102394885"
"chr8","103238885","103239194","KN296322v1","1648835","1649139","62","101590050"
"chr8","103330355","103330487","KN294536v1","420664","420795","29","102909691"
"chr8","103429617","103429924","KN296322v1","1648835","1649139","73","101780782"
"chr8","103456934","103457233","KN297112v1","2231098","2231393","64","101225836"
"chr8","103468338","103468452","KN296495v1","2297715","2297827","25","101170623"
"chr8","103468760","103468897","KN296145v1","649092","649233","28","102819668"
"chr8","103489988","103490242","KN297197v1","1048614","1048879","60","102441374"
"chr8","103614861","103614986","KN295236v1","677208","677340","31","102937653"
"chr8","103718869","103719124","KN297105v1","2959195","2959449","69","100759674"
"chr8","104056431","104056741","KN294539v1","3359067","3359368","64","100697364"
"chr8","104372395","104372704","KN295633v1","778185","778486","64","103594210"
"chr8","104414688","104414788","KN295308v1","2064887","2064983","26","102349801"
"chr8","104894196","104894318","KN294711v1","1194491","1194614","10","103699705"
"chr8","104894630","104894785","KN294711v1","1194000","1194162","16","103700630"
"chr8","105136129","105136250","KN297323v1","349913","350031","28","104786216"
"chr8","105136279","105136455","KN294571v1","2119940","2120110","42","103016339"
"chr8","105379608","105379736","KN294711v1","709159","709287","4","104670449"
"chr8","105602234","105602529","KN294711v1","487140","487434","14","105115094"
"chr8","106205459","106205760","KN296431v1","32840","33135","26","106172619"
"chr8","106217716","106218005","KN296431v1","45099","45420","57","106172617"
"chr8","106497979","106498265","KN294210v1","473112","473404","68","106024867"
"chr8","106959490","106959664","KN296096v1","680679","680846","48","106278811"
"chr8","106961906","106962068","KN296453v1","1168589","1168749","49","105793317"
"chr8","107450827","107451118","KN296244v1","327623","327911","75","107123204"
"chr8","108263407","108263705","KN296661v1","1757757","1758038","43","106505650"
"chr8","108429051","108429332","KN296661v1","1588460","1588754","41","106840591"
"chr8","108474150","108474352","KN295553v1","69273","69467","52","108404877"
"chr8","109448310","109448442","KN296311v1","4657589","4657718","20","104790721"
"chr8","109530152","109530453","KN295984v1","2286186","2286477","62","107243966"
"chr8","110336034","110336341","KN297066v1","48943","49249","80","110287091"
"chr8","112626904","112627192","KN296948v1","762193","762479","63","111864711"
"chr8","114246846","114247133","KN295708v1","2860090","2860376","81","111386756"
"chr8","114988930","114989220","KN295907v1","1879965","1880242","72","113108965"
"chr8","115417159","115417323","KN295350v1","705045","705215","48","114712114"
"chr8","115606283","115606500","KN296743v1","1848381","1848599","58","113757902"
"chr8","115634808","115635025","KN296743v1","1848381","1848599","58","113786427"
"chr8","115755914","115756188","KN295758v1","594510","594762","77","115161404"
"chr8","116027938","116028224","KN295825v1","1331773","1332061","63","114696165"
"chr8","117986474","117986776","KN294583v1","35294","35606","74","117951180"
"chr8","117998039","117998316","KN295637v1","799799","800078","59","117198240"
"chr8","118036736","118037047","KN296036v1","2226548","2226840","67","115810188"
"chr8","118728185","118728407","KN295596v1","3046296","3046522","59","115681889"
"chr8","119033458","119033736","KN296225v1","398050","398328","77","118635408"
"chr8","119033745","119033896","KN295601v1","1239714","1239862","42","117794031"
"chr8","119607009","119607299","KN295352v1","729753","730045","69","118877256"
"chr8","120029111","120029373","KN297048v1","134544","134818","78","119894567"
"chr8","121133804","121133929","KN294420v1","702665","702798","30","120431139"
"chr8","121228358","121228490","KN296658v1","37913","38045","8","121190445"
"chr8","121301382","121301635","KN294520v1","38058","38336","58","121263324"
"chr8","121938679","121938993","KN294520v1","614876","615200","105","121323803"
"chr8","122306669","122306963","KN294520v1","992368","992662","13","121314301"
"chr8","122991198","122991277","KN294520v1","1666488","1666565","6","121324710"
"chr8","123535246","123535427","KN294407v1","81677","81857","49","123453569"
"chr8","124378762","124379072","KN295601v1","852180","852488","24","123526582"
"chr8","124410734","124410856","KN295983v1","1014873","1014997","30","123395861"
"chr8","124700995","124701280","KN295601v1","1146854","1147143","15","123554141"
"chr8","125003283","125003405","KN295601v1","1454761","1454883","11","123548522"
"chr8","125232782","125233066","KN295601v1","1689885","1690170","21","123542897"
"chr8","125483885","125484186","KN294452v1","1024655","1024959","72","124459230"
"chr8","125799998","125800175","KN295667v1","2018457","2018624","55","123781541"
"chr8","125873559","125873619","KN297019v1","143155","143209","22","125730404"
"chr8","126165639","126165792","KN296311v1","2361921","2362066","29","123803718"
"chr8","126352216","126352346","KN295601v1","2833105","2833244","16","123519111"
"chr8","126372507","126372620","KN297313v1","656045","656156","25","125716462"
"chr8","126474619","126474905","KN297046v1","1875391","1875685","70","124599228"
"chr8","126496083","126496348","KN294420v1","263951","264214","81","126232132"
"chr8","126685402","126685650","KN295601v1","3201776","3202001","38","123483626"
"chr8","126885098","126885235","KN295110v1","19431","19565","19","126865667"
"chr8","127089051","127089215","KN297319v1","373164","373327","31","126715887"
"chr8","127353743","127354024","KN295962v1","211219","211498","58","127142524"
"chr8","127979422","127979563","KN294218v1","2756614","2756751","22","125222808"
"chr8","128006596","128006730","KN295706v1","131306","131439","23","127875290"
"chr8","128172438","128172621","KN295701v1","661695","661868","40","127510743"
"chr8","128314642","128314764","KN296577v1","830316","830439","37","127484326"
"chr8","129246068","129246116","KN294526v1","385526","385578","21","128860542"
"chr8","129246590","129246680","KN297092v1","3480","3567","23","129243110"
"chr8","129386990","129387267","KN295708v1","2860090","2860376","73","126526900"
"chr8","129392871","129392964","KN296738v1","61831","61924","24","129331040"
"chr8","129648384","129648672","KN295984v1","150673","150962","67","129497711"
"chr8","130444425","130444681","KN296119v1","4417986","4418235","67","126026439"
"chr8","130575426","130575584","KN294470v1","78054","78217","38","130497372"
"chr8","130575616","130575735","KN296682v1","4980731","4980854","28","125594885"
"chr8","131250226","131250528","KN296907v1","383470","383767","29","130866756"
"chr8","131490505","131490629","KN296311v1","4657589","4657718","22","126832916"
"chr8","131840294","131840418","KN296435v1","403416","403537","30","131436878"
"chr8","132408535","132408762","KN297229v1","313721","313939","64","132094814"
"chr8","132650039","132650339","KN295090v1","2374852","2375141","69","130275187"
"chr8","133416908","133417077","KN295361v1","882059","882232","41","132534849"
"chr8","134760764","134761058","KN295068v1","49131","49419","61","134711633"
"chr8","135352476","135352696","KN295572v1","371863","372076","56","134980613"
"chr8","135932739","135932906","KN297038v1","2178892","2179045","55","133753847"
"chr8","135963875","135964020","KN296247v1","959095","959240","31","135004780"
"chr8","136030574","136030898","KN297323v1","97375","97678","94","135933199"
"chr8","136068463","136068787","KN297323v1","97375","97678","94","135971088"
"chr8","136440871","136441182","KN294451v1","1149434","1149741","75","135291437"
"chr8","137225859","137226175","KN295736v1","3332310","3332608","46","133893549"
"chr8","140319946","140320240","KN295736v1","351986","352279","28","139967960"
"chr8","140735652","140735922","KN294199v1","1022551","1022840","73","139713101"
"chr8","141613556","141613813","KN295596v1","2566260","2566526","68","139047296"
"chr8","142046364","142046637","KN296948v1","762193","762479","61","141284171"
"chr8","142289509","142289656","KN294407v1","2863006","2863150","27","139426503"
"chr8","142289968","142290102","KN296643v1","191078","191208","24","142098890"
"chr8","142513239","142513600","KN296495v1","2039293","2039625","123","140473946"
"chr8","142553704","142554013","KN297058v1","194613","194917","65","142359091"
"chr8","142586818","142587122","KN296507v1","738522","738814","67","141848296"
"chr8","142849697","142849828","KN294207v1","126950","127083","33","142722747"
"chr8","142931750","142931955","KN296538v1","689479","689688","53","142242271"
"chr8","142937804","142937967","KN297327v1","1056034","1056190","35","141881770"
"chr8","142981759","142981893","KN295036v1","281435","281566","21","142700324"
"chr8","143655445","143655720","KN296991v1","841101","841373","65","142814344"
"chr8","144088214","144088517","KN294199v1","1022551","1022840","70","143065663"
"chr8","144155095","144155228","KN295441v1","1229847","1229983","29","142925248"
"chr8","144385411","144385669","KN297046v1","2597747","2598020","64","141787664"
"chr8","145186617","145186747","KN295906v1","88165","88296","23","145098452"
"chr8","145296385","145296525","KN295667v1","1121076","1121214","40","144175309"
"chr8","145298705","145298920","KN296062v1","2277688","2277919","58","143021017"
"chr8","145378386","145378673","KN297458v1","104221","104520","71","145274165"
"chr8","146213286","146213511","KN297323v1","518400","518641","35","145694886"
"chr8","146223525","146223649","KN297038v1","483023","483145","19","145740502"
"chr8","146508721","146508997","KN297323v1","219636","219905","29","146289085"
"chr8","146656202","146656506","KN297323v1","97375","97678","28","146558827"
"chr9","872076","872245","KN297259v1","978533","978700","36","106457"
"chr9","873228","873526","KN295722v1","2352178","2352476","52","1478950"
"chr9","1020562","1020850","KN294434v1","662361","662634","123","358201"
"chr9","1119926","1120205","KN294980v1","15695","15980","47","1104231"
"chr9","1123846","1124145","KN294980v1","15695","15980","43","1108151"
"chr9","1134057","1134349","KN294980v1","15695","15980","30","1118362"
"chr9","1266536","1266832","KN296828v1","67825","68122","73","1198711"
"chr9","1404080","1404378","KN296948v1","762193","762479","73","641887"
"chr9","7749743","7750041","KN296948v1","762193","762479","73","6987550"
"chr9","7826942","7827244","KN294251v1","1366870","1367179","70","6460072"
"chr9","7838010","7838307","KN296036v1","1343901","1344205","74","6494109"
"chr9","9497919","9498195","KN296311v1","6546105","6546379","66","2951814"
"chr9","10774590","10774884","KN296964v1","1814390","1814681","137","8960200"
"chr9","10891146","10891442","KN297023v1","152219","152509","69","10738927"
"chr9","10951894","10952052","KN296732v1","3303486","3303632","37","7648408"
"chr9","11515566","11515844","KN296508v1","1973232","1973505","31","9542334"
"chr9","11517255","11517530","KN296508v1","1971553","1971828","11","9545702"
"chr9","11554676","11554959","KN296495v1","1076274","1076557","68","10478402"
"chr9","11594536","11594670","KN296508v1","1899441","1899574","12","9695095"
"chr9","11640035","11640320","KN296508v1","1855630","1855941","49","9784405"
"chr9","11642270","11642540","KN296508v1","1853429","1853706","21","9788841"
"chr9","11652612","11652865","KN296508v1","1843240","1843495","12","9809372"
"chr9","11883191","11883370","KN295722v1","1546817","1546986","48","10336374"
"chr9","11912299","11912585","KN296495v1","1076274","1076557","53","10836025"
"chr9","11956095","11956243","KN297159v1","700869","701022","32","11255226"
"chr9","12047627","12047908","KN296508v1","1455154","1455455","46","10592473"
"chr9","12267893","12268189","KN296508v1","1241600","1241908","26","11026293"
"chr9","12387126","12387293","KN295241v1","97934","98104","45","12289192"
"chr9","12393552","12393717","KN296508v1","1112184","1112355","21","11281368"
"chr9","12400760","12401062","KN296508v1","1103257","1103556","22","11297503"
"chr9","12845172","12845478","KN296864v1","1939832","1940132","70","10905340"
"chr9","12916893","12917067","KN296508v1","602220","602385","17","12314673"
"chr9","12960184","12960321","KN296643v1","191078","191208","26","12769106"
"chr9","13096541","13096858","KN296508v1","415478","415788","28","12681063"
"chr9","13154342","13154540","KN296508v1","358799","359013","32","12795543"
"chr9","13258003","13258281","KN296508v1","259529","259806","14","12998474"
"chr9","13258792","13258997","KN296011v1","315060","315250","51","12943732"
"chr9","13606227","13606509","KN297028v1","97110","97396","64","13509117"
"chr9","13879784","13880076","KN294199v1","1022551","1022840","52","12857233"
"chr9","13902979","13903112","KN295706v1","131306","131439","25","13771673"
"chr9","13989961","13990091","KN294454v1","611219","611348","11","13378742"
"chr9","14097491","14097804","KN297058v1","194613","194917","76","13902878"
"chr9","14172042","14172168","KN295236v1","4152720","4152846","19","10019322"
"chr9","14842402","14842550","KN296311v1","2361921","2362066","28","12480481"
"chr9","14928768","14928900","KN294790v1","3690102","3690234","18","11238666"
"chr9","15064877","15065099","KN295666v1","152100","152313","53","14912777"
"chr9","15177830","15178140","KN294239v1","243029","243336","67","14934801"
"chr9","15258666","15258792","KN294526v1","564768","564889","38","14693898"
"chr9","15308245","15308377","KN295755v1","75966","76098","23","15232279"
"chr9","15390361","15390401","KN294470v1","3033953","3033992","7","12356408"
"chr9","15454900","15455015","KN295458v1","34771","34886","29","15420129"
"chr9","15481126","15481410","KN296502v1","1280490","1280768","66","14200636"
"chr9","15484954","15485234","KN295832v1","1088844","1089120","73","14396110"
"chr9","15559980","15560108","KN296557v1","444421","444555","19","15115559"
"chr9","15566573","15566701","KN296311v1","4815038","4815168","22","10751535"
"chr9","15716221","15716355","KN297158v1","12759","12899","16","15703462"
"chr9","15716654","15716792","KN297158v1","13205","13345","11","15703449"
"chr9","16108404","16108729","KN295974v1","1415452","1415775","71","14692952"
"chr9","16131792","16132099","KN294452v1","1024655","1024959","66","15107137"
"chr9","16295447","16295756","KN296322v1","1648835","1649139","61","14646612"
"chr9","16298935","16299234","KN294873v1","1303218","1303511","66","14995717"
"chr9","16463104","16463197","KN296630v1","33021","33113","35","16430083"
"chr9","16559379","16559695","KN295274v1","6781","7097","23","16552598"
"chr9","16664681","16664828","KN295708v1","2431812","2431953","26","14232869"
"chr9","17813832","17814111","KN294279v1","171583","171867","75","17642249"
"chr9","18725325","18725616","KN296315v1","1023330","1023621","66","17701995"
"chr9","19785408","19785678","KN294591v1","535625","535912","78","19249783"
"chr9","19798253","19798563","KN296322v1","1648835","1649139","74","18149418"
"chr9","19844570","19844830","KN294552v1","1295874","1296134","69","18548696"
"chr9","21511278","21511582","KN294421v1","9377","9683","68","21501901"
"chr9","22006542","22006822","KN295346v1","1646114","1646406","61","20360428"
"chr9","22022414","22022716","KN296507v1","738522","738814","75","21283892"
"chr9","22097890","22098155","KN295933v1","79820","80084","62","22018070"
"chr9","22162206","22162494","KN296731v1","564284","564572","71","21597922"
"chr9","22482419","22482678","KN294147v1","1590568","1590837","65","20891851"
"chr9","22542699","22542833","KN295706v1","131306","131439","22","22411393"
"chr9","22563235","22563524","KN294260v1","1091595","1091881","71","21471640"
"chr9","22569937","22570222","KN296303v1","805215","805501","70","21764722"
"chr9","22628348","22628474","KN296643v1","191078","191208","22","22437270"
"chr9","22794969","22795246","KN294207v1","595798","596096","67","22199171"
"chr9","23930287","23930561","KN295983v1","1223920","1224199","64","22706367"
"chr9","24706173","24706430","KN294345v1","1464912","1465179","74","23241261"
"chr9","25836417","25836667","KN296311v1","2581889","2582135","62","23254528"
"chr9","27843190","27843477","KN297227v1","1123419","1123703","67","26719771"
"chr9","28929665","28929972","KN295936v1","78605","78913","73","28851060"
"chr9","29002238","29002496","KN296314v1","657620","657879","22","28344618"
"chr9","29119113","29119400","KN296948v1","762193","762479","55","28356920"
"chr9","29125062","29125361","KN294260v1","1359230","1359515","78","27765832"
"chr9","29193438","29193537","KN296314v1","464911","464993","22","28728527"
"chr9","29404535","29404756","KN296643v1","482284","482494","51","28922251"
"chr9","29934899","29935201","KN297442v1","2584808","2585101","66","27350091"
"chr9","30408955","30409247","KN294520v1","992368","992662","64","29416587"
"chr9","30438148","30438303","KN295967v1","534752","534906","15","29903396"
"chr9","30449594","30449718","KN295596v1","2102045","2102171","27","28347549"
"chr9","30467718","30467811","KN295967v1","566167","566260","13","29901551"
"chr9","30468426","30468438","KN295967v1","566874","566886","0","29901552"
"chr9","31122376","31122489","KN295967v1","1215770","1215883","13","29906606"
"chr9","31350212","31350271","KN295596v1","1272023","1272083","14","30078189"
"chr9","31465871","31466137","KN295967v1","1520844","1521111","16","29945027"
"chr9","31827367","31827677","KN296864v1","1939832","1940132","76","29887535"
"chr9","32024821","32025125","KN294452v1","1024655","1024959","66","31000166"
"chr9","32260100","32260353","KN295585v1","102609","102863","16","32157491"
"chr9","32330430","32330743","KN295573v1","1390691","1391001","78","30939739"
"chr9","32611099","32611387","KN294260v1","1091595","1091881","62","31519504"
"chr9","32621509","32621791","KN295090v1","2374852","2375141","65","30246657"
"chr9","32821925","32822034","KN294879v1","753968","754085","30","32067957"
"chr9","32822070","32822226","KN294470v1","2691196","2691354","33","30130874"
"chr9","33029102","33029348","KN294571v1","1551599","1551840","79","31477503"
"chr9","33551565","33551857","KN297023v1","152219","152509","65","33399346"
"chr9","33620612","33620911","KN295923v1","574170","574465","68","33046442"
"chr9","34084408","34084701","KN296507v1","738522","738814","69","33345886"
"chr9","34444987","34445142","KN296292v1","67877","68027","19","34377110"
"chr9","34445444","34445585","KN296292v1","68328","68473","16","34377116"
"chr9","34657012","34657145","KN296292v1","262786","262918","9","34394226"
"chr9","34927684","34927979","KN294657v1","205520","205814","32","34722164"
"chr9","35057801","35058078","KN294657v1","338714","338992","15","34719087"
"chr9","35546932","35547193","KN296639v1","37858","38116","50","35509074"
"chr9","35976836","35977128","KN295987v1","1740033","1740319","68","34236803"
"chr9","36068057","36068202","KN296311v1","2361921","2362066","29","33706136"
"chr9","36068488","36068650","KN294991v1","973655","973815","35","35094833"
"chr9","36068654","36068824","KN295701v1","661695","661868","35","35406959"
"chr9","36742909","36743204","KN294396v1","224755","225042","69","36518154"
"chr9","36819612","36819940","KN295523v1","3691392","3691704","82","33128220"
"chr9","36952949","36953256","KN295480v1","1274084","1274387","74","35678865"
"chr9","37037878","37038108","KN294879v1","1183051","1183277","62","35854827"
"chr9","37599044","37599343","KN296322v1","1648835","1649139","67","35950209"
"chr9","38483760","38483885","KN296643v1","191078","191208","27","38292682"
"chr9","39309102","39309416","KN296505v1","323963","324278","70","38985139"
"chr9","39944675","39944818","KN297046v1","3629118","3629266","39","36315557"
"chr9","41041139","41041416","KN294185v1","284643","284929","30","40756496"
"chr9","41930240","41930539","KN294790v1","483712","483988","77","41446528"
"chr9","42501318","42501427","KN296004v1","129400","129507","38","42371918"
"chr9","42760539","42760844","KN294452v1","1374937","1375240","61","41385602"
"chr9","43086130","43086249","KN294705v1","1877279","1877404","33","41208851"
"chr9","43565135","43565313","KN296536v1","81633","81808","48","43483502"
"chr9","43565571","43565675","KN294506v1","7028","7136","22","43558543"
"chr9","43688131","43688421","KN296322v1","1648835","1649139","65","42039296"
"chr9","43883120","43883233","KN296153v1","3603162","3603273","26","40279958"
"chr9","43886880","43887159","KN295883v1","861998","862283","13","43024882"
"chr9","44034546","44034898","KN295883v1","696043","696379","33","43338503"
"chr9","44122568","44122676","KN295883v1","610510","610616","9","43512058"
"chr9","44276709","44276996","KN295883v1","449583","449874","23","43827126"
"chr9","44319549","44319844","KN295883v1","403214","403504","36","43916335"
"chr9","44323600","44323893","KN297180v1","314236","314539","67","44009364"
"chr9","45103822","45104116","KN294650v1","24363","24655","19","45079459"
"chr9","45112266","45112417","KN295326v1","444837","444999","35","44667429"
"chr9","45117539","45117780","KN294650v1","38350","38590","16","45079189"
"chr9","45164713","45164825","KN294650v1","82689","82804","10","45082024"
"chr9","45677029","45677284","KN294650v1","596463","596718","12","45080566"
"chr9","45958318","45958647","KN294650v1","895791","896115","27","45062527"
"chr9","46000151","46000480","KN294650v1","895791","896115","27","45104360"
"chr9","46261042","46261332","KN294650v1","1198350","1198641","25","45062692"
"chr9","46449725","46449847","KN294650v1","1442919","1443028","18","45006806"
"chr9","46811911","46812201","KN294650v1","1791686","1791980","27","45020225"
"chr9","46825135","46825422","KN294650v1","1804583","1804877","26","45020552"
"chr9","46844183","46844469","KN294650v1","1824113","1824395","18","45020070"
"chr9","47152620","47152918","KN294634v1","512780","513080","27","46639840"
"chr9","48928121","48928401","KN295722v1","1247080","1247361","18","47681041"
"chr9","49054935","49055190","KN295722v1","1369561","1369836","36","47685374"
"chr9","49122194","49122330","KN294848v1","656940","657076","23","48465254"
"chr9","49122631","49122832","KN296225v1","671903","672082","60","48450728"
"chr9","49230393","49230551","KN295722v1","1546817","1546986","18","47683576"
"chr9","49497796","49498058","KN295722v1","1797254","1797516","11","47700542"
"chr9","49593995","49594213","KN295722v1","1902466","1902688","14","47691529"
"chr9","49724196","49724473","KN295722v1","2032123","2032412","39","47692073"
"chr9","50145167","50145474","KN295430v1","3086896","3087203","19","47058271"
"chr9","50714982","50715164","KN295430v1","2495062","2495241","13","48219920"
"chr9","50715475","50715595","KN295430v1","2494644","2494765","9","48220831"
"chr9","50817366","50817653","KN296964v1","917862","918143","66","49899504"
"chr9","50920084","50920208","KN296682v1","4980731","4980854","24","45939353"
"chr9","50931588","50931854","KN296119v1","744791","745047","83","50186797"
"chr9","51213622","51213893","KN295430v1","2025007","2025305","58","49188615"
"chr9","51217325","51217604","KN295430v1","2021310","2021589","25","49196015"
"chr9","51231792","51232093","KN295430v1","2009073","2009373","18","49222719"
"chr9","51452313","51452617","KN296244v1","327623","327911","75","51124690"
"chr9","51567912","51568231","KN296322v1","1648835","1649139","71","49919077"
"chr9","51743990","51744302","KN295430v1","1482679","1482992","23","50261311"
"chr9","52323967","52324270","KN295430v1","901968","902248","44","51421999"
"chr9","52338610","52338909","KN295430v1","901968","902248","41","51436642"
"chr9","53245163","53245287","KN295430v1","98822","98932","22","53146341"
"chr9","53411195","53411453","KN297046v1","1666770","1667044","59","51744425"
"chr9","53485385","53485517","KN296311v1","4657589","4657718","23","48827796"
"chr9","53519570","53519826","KN296303v1","295769","296038","67","53223801"
"chr9","54905044","54905207","KN296732v1","3303486","3303632","43","51601558"
"chr9","56270489","56270786","KN295394v1","1009371","1009662","70","55261118"
"chr9","56457271","56457593","KN294399v1","171378","171682","64","56285893"
"chr9","56498641","56498762","KN296495v1","463832","463952","28","56034809"
"chr9","56747234","56747371","KN297023v1","686879","687015","26","56060355"
"chr9","56758786","56758920","KN294536v1","348653","348787","31","56410133"
"chr9","56760367","56760650","KN297227v1","1049335","1049619","60","55711032"
"chr9","56801382","56801651","KN296157v1","1145342","1145607","68","55656040"
"chr9","56817033","56817197","KN294911v1","4985405","4985572","29","51831628"
"chr9","56845306","56845585","KN295722v1","1369561","1369836","72","55475745"
"chr9","56870140","56870397","KN296948v1","999703","999965","71","55870437"
"chr9","56938641","56938942","KN294421v1","9377","9683","70","56929264"
"chr9","57810708","57810842","KN295236v1","677208","677340","20","57133500"
"chr9","57845533","57845824","KN295941v1","2563200","2563494","65","55282333"
"chr9","57884058","57884337","KN295480v1","2295514","2295785","71","55588544"
"chr9","58069259","58069391","KN294964v1","965459","965591","22","57103800"
"chr9","58269703","58269976","KN294172v1","188703","188957","75","58081000"
"chr9","58304643","58304780","KN297259v1","590991","591115","36","57713652"
"chr9","58774524","58774824","KN296322v1","1648835","1649139","66","57125689"
"chr9","58812813","58812961","KN296802v1","177374","177511","40","58635439"
"chr9","58986795","58986986","KN296588v1","899416","899601","46","58087379"
"chr9","59234957","59235248","KN296910v1","8201","8498","33","59226756"
"chr9","59417062","59417107","KN294444v1","115776","115820","9","59301286"
"chr9","60068623","60068927","KN295894v1","2131941","2132242","65","57936682"
"chr9","60158134","60158453","KN297153v1","1198933","1199245","72","58959201"
"chr9","60451549","60451846","KN295725v1","920235","920528","44","59531314"
"chr9","60497455","60497752","KN295725v1","920235","920528","44","59577220"
"chr9","61256301","61256567","KN295725v1","130922","131190","24","61125379"
"chr9","61711392","61711511","KN297163v1","287904","288020","12","61423488"
"chr9","61711571","61711732","KN297163v1","288141","288298","11","61423430"
"chr9","61825615","61825908","KN294739v1","526187","526480","65","61299428"
"chr9","61979832","61980123","KN297163v1","556998","557289","22","61422834"
"chr9","62098662","62098780","KN297163v1","685235","685337","20","61413427"
"chr9","62099063","62099229","KN295045v1","685836","686001","40","61413227"
"chr9","62943624","62943914","KN297163v1","1447204","1447495","17","61496420"
"chr9","63689204","63689499","KN296205v1","601732","602028","78","63087472"
"chr9","63725858","63725987","KN295441v1","789788","789916","25","62936070"
"chr9","63779782","63779926","KN296322v1","997745","997870","37","62782037"
"chr9","63790976","63791308","KN294416v1","605214","605509","98","63185762"
"chr9","64056721","64057011","KN295983v1","1223920","1224199","64","62832801"
"chr9","64193398","64193507","KN295319v1","661942","662051","21","63531456"
"chr9","64640047","64640356","KN296507v1","738522","738814","74","63901525"
"chr9","64689114","64689419","KN295753v1","26465","26763","70","64662649"
"chr9","64842815","64843113","KN296484v1","493828","494131","73","64348987"
"chr9","65200282","65200379","KN295236v1","1140799","1140905","24","64059483"
"chr9","65833539","65833822","KN294592v1","450560","450839","69","65382979"
"chr9","65903809","65904106","KN296430v1","725785","726075","64","65178024"
"chr9","65948964","65949206","KN295610v1","77007","77226","68","65871957"
"chr9","65961055","65961233","KN296496v1","472499","472677","36","65488556"
"chr9","65961533","65961666","KN295706v1","131306","131439","22","65830227"
"chr9","66288862","66289176","KN297154v1","2066797","2067102","68","64222065"
"chr9","66435359","66435659","KN295352v1","729753","730045","58","65705606"
"chr9","66906938","66907207","KN297105v1","2959195","2959449","70","63947743"
"chr9","67096623","67096914","KN295236v1","3511059","3511338","67","63585564"
"chr9","67579178","67579463","KN297386v1","254754","255042","70","67324424"
"chr9","67815948","67816245","KN296430v1","725785","726075","62","67090163"
"chr9","67978352","67978436","KN297190v1","3796976","3797057","19","64181376"
"chr9","68048886","68049187","KN296507v1","738522","738814","65","67310364"
"chr9","68586059","68586351","KN294458v1","420782","421097","39","68165277"
"chr9","68640070","68640366","KN294458v1","475463","475726","57","68164607"
"chr9","69002045","69002168","KN294458v1","812215","812336","13","68189830"
"chr9","69445034","69445338","KN294458v1","1254883","1255178","36","68190151"
"chr9","69509362","69509477","KN294458v1","1323574","1323684","16","68185788"
"chr9","69546928","69547086","KN295995v1","1528928","1529072","37","68018000"
"chr9","69547503","69547624","KN296738v1","39598","39734","42","69507905"
"chr9","69662510","69662658","KN294513v1","518116","518264","29","69144394"
"chr9","69662684","69662807","KN297154v1","1282191","1282319","28","68380493"
"chr9","70302313","70302443","KN295526v1","145592","145725","25","70156721"
"chr9","70341198","70341323","KN296153v1","3326164","3326290","30","67015034"
"chr9","70426841","70427086","KN294385v1","465528","465785","29","69961313"
"chr9","70757251","70757382","KN296643v1","191078","191208","21","70566173"
"chr9","71337491","71337729","KN294385v1","1395113","1395351","20","69942378"
"chr9","71527896","71528211","KN294848v1","932997","933294","77","70594899"
"chr9","73242099","73242374","KN294987v1","459255","459513","68","72782844"
"chr9","73784809","73784947","KN297144v1","864243","864381","10","72920566"
"chr9","74167980","74168275","KN295349v1","6069","6347","73","74161911"
"chr9","74276519","74276793","KN297320v1","116201","116496","41","74160318"
"chr9","74319899","74320221","KN297320v1","153277","153594","38","74166622"
"chr9","74335400","74335701","KN297058v1","392670","392966","71","73942730"
"chr9","74576515","74576735","KN297320v1","396185","396385","36","74180330"
"chr9","74659505","74659798","KN297320v1","483449","483749","31","74176056"
"chr9","74910836","74911136","KN294446v1","591120","591416","81","74319716"
"chr9","74993173","74993319","KN297320v1","677594","677746","18","74315579"
"chr9","75257288","75257420","KN296311v1","6471968","6472102","21","68785320"
"chr9","75375025","75375244","KN296225v1","209480","209693","49","75165545"
"chr9","75412561","75412691","KN294172v1","6272486","6272617","17","69140075"
"chr9","75491901","75492175","KN297320v1","1159820","1160088","24","74332081"
"chr9","76386381","76386647","KN295983v1","1223920","1224199","61","75162461"
"chr9","76407480","76407780","KN297320v1","2027548","2027856","19","74379932"
"chr9","76448050","76448208","KN295708v1","2199659","2199817","36","74248391"
"chr9","76553458","76553637","KN296009v1","1256147","1256320","60","75297311"
"chr9","76925960","76926036","KN294513v1","564705","564774","20","76361255"
"chr9","77037741","77037895","KN294470v1","2691196","2691354","35","74346545"
"chr9","77037921","77038031","KN294199v1","969997","970115","28","76067924"
"chr9","77157503","77157764","KN296879v1","720298","720559","23","76437205"
"chr9","77317296","77317535","KN296879v1","875266","875519","33","76442030"
"chr9","77401020","77401305","KN296879v1","960938","961233","33","76440082"
"chr9","77492003","77492138","KN296879v1","1044681","1044840","27","76447322"
"chr9","77492429","77492561","KN296879v1","1045124","1045272","22","76447305"
"chr9","77834769","77835053","KN296879v1","1388106","1388406","33","76446663"
"chr9","78261042","78261172","KN295036v1","281435","281566","20","77979607"
"chr9","78482249","78482487","KN296406v1","530559","530801","75","77951690"
"chr9","78499677","78499958","KN295923v1","1008322","1008617","67","77491355"
"chr9","78557872","78558151","KN296435v1","2611722","2612009","56","75946150"
"chr9","78805126","78805153","KN295405v1","1673920","1673943","12","77131206"
"chr9","78805467","78805600","KN296311v1","4815038","4815168","25","73990429"
"chr9","79025310","79025468","KN295708v1","2199659","2199817","36","76825651"
"chr9","79061016","79061119","KN296486v1","1209077","1209185","24","77851939"
"chr9","79690078","79690356","KN295984v1","150673","150962","64","79539405"
"chr9","79810678","79810958","KN296809v1","71427","71732","80","79739251"
"chr9","80109032","80109349","KN294452v1","1024655","1024959","68","79084377"
"chr9","80213999","80214131","KN297445v1","1333351","1333481","21","78880648"
"chr9","80349494","80349618","KN296847v1","317896","318020","21","80031598"
"chr9","80351892","80352170","KN295352v1","729753","730045","65","79622139"
"chr9","80355279","80355589","KN294964v1","1274971","1275281","67","79080308"
"chr9","80372379","80372514","KN295906v1","88165","88296","24","80284214"
"chr9","80644866","80645168","KN295929v1","240001","240300","68","80404865"
"chr9","80697313","80697603","KN295705v1","823070","823354","72","79874243"
"chr9","80735975","80736253","KN294499v1","1906911","1907192","65","78829064"
"chr9","80893726","80894015","KN296865v1","708369","708657","79","80185357"
"chr9","81897504","81897682","KN296702v1","821421","821571","56","81076083"
"chr9","81898045","81898078","KN296646v1","838353","838388","14","81059692"
"chr9","82016994","82017243","KN297180v1","171323","171610","50","81845671"
"chr9","82151473","82151768","KN297180v1","314236","314539","18","81837237"
"chr9","82181322","82181624","KN297180v1","336477","336755","61","81844845"
"chr9","82386634","82386871","KN297180v1","531711","531948","13","81854923"
"chr9","82436390","82436529","KN297180v1","583171","583310","10","81853219"
"chr9","82436845","82437011","KN297180v1","583618","583794","15","81853227"
"chr9","82576977","82577289","KN297180v1","729427","729735","31","81847550"
"chr9","83011614","83011919","KN297180v1","1140560","1140864","20","81871054"
"chr9","83518691","83518967","KN294879v1","82415","82691","67","83436276"
"chr9","83745616","83745913","KN297180v1","1826645","1826940","20","81918971"
"chr9","83969495","83969634","KN297180v1","2065065","2065204","10","81904430"
"chr9","85406505","85406655","KN296921v1","435698","435849","30","84970807"
"chr9","87750204","87750505","KN296864v1","1939832","1940132","69","85810372"
"chr9","87753008","87753306","KN294578v1","639003","639297","66","87114005"
"chr9","87813252","87813557","KN296849v1","694658","694962","64","87118594"
"chr9","87881851","87881982","KN294964v1","965459","965591","14","86916392"
"chr9","89364181","89364428","KN294451v1","1065286","1065519","68","88298895"
"chr9","89376721","89376968","KN294451v1","1065286","1065519","68","88311435"
"chr9","89437690","89437809","KN296316v1","253938","254035","39","89183752"
"chr9","89573758","89574065","KN297327v1","807993","808286","67","88765765"
"chr9","89678296","89678592","KN296964v1","917862","918143","70","88760434"
"chr9","89724441","89724562","KN296000v1","870961","871087","29","88853480"
"chr9","89785524","89785813","KN296877v1","82929","83215","9","89702595"
"chr9","89834601","89834867","KN296508v1","1973232","1973505","64","87861369"
"chr9","89854690","89854849","KN296877v1","151376","151537","13","89703314"
"chr9","89855149","89855291","KN296783v1","551030","551174","30","89304119"
"chr9","89867475","89867746","KN296877v1","163385","163648","29","89704090"
"chr9","90212863","90213008","KN294536v1","420664","420795","46","89792199"
"chr9","90743975","90744258","KN295666v1","767425","767733","77","89976550"
"chr9","91282777","91282926","KN295936v1","2460176","2460325","14","88822601"
"chr9","91425115","91425394","KN295936v1","2331319","2331586","32","89093796"
"chr9","91435385","91435533","KN294571v1","417305","417453","31","91018080"
"chr9","91463911","91464065","KN295936v1","2297006","2297160","12","89166905"
"chr9","91485092","91485237","KN295936v1","2275690","2275835","13","89209402"
"chr9","91682210","91682499","KN295936v1","2092514","2092791","31","89589696"
"chr9","91944577","91944928","KN295936v1","1828425","1828786","40","90116152"
"chr9","92569380","92569680","KN295936v1","1222789","1223083","28","91346591"
"chr9","93544229","93544529","KN295936v1","220018","220314","33","93324211"
"chr9","93682957","93683252","KN295936v1","78605","78913","32","93604352"
"chr9","93775239","93775543","KN297236v1","52228","52520","31","93723011"
"chr9","93830260","93830455","KN294416v1","419638","419830","45","93410622"
"chr9","93979026","93979160","KN297279v1","1209908","1210040","25","92769118"
"chr9","94116666","94116802","KN294172v1","6272486","6272617","26","87844180"
"chr9","94389886","94390021","KN297215v1","862160","862298","27","93527726"
"chr9","94403858","94403955","KN294848v1","1002927","1003014","25","93400931"
"chr9","94761865","94762154","KN294419v1","134493","134784","33","94627372"
"chr9","94881138","94881390","KN294419v1","8358","8615","18","94872780"
"chr9","95019682","95019966","KN296588v1","108337","108633","47","94911345"
"chr9","95069586","95069856","KN296588v1","160011","160312","56","94909575"
"chr9","95108175","95108472","KN296588v1","197968","198245","41","94910207"
"chr9","95198268","95198603","KN296588v1","282556","282869","45","94915712"
"chr9","95275132","95275448","KN295294v1","1101026","1101317","85","94174106"
"chr9","95823108","95823235","KN296311v1","4815038","4815168","19","91008070"
"chr9","95828813","95829039","KN294571v1","1551599","1551840","72","94277214"
"chr9","96228816","96228938","KN296261v1","606818","606944","29","95621998"
"chr9","96372023","96372343","KN295406v1","486578","486886","65","95885445"
"chr9","96416288","96416454","KN296588v1","1398863","1399034","18","95017425"
"chr9","96638645","96638707","KN295980v1","204532","204597","23","96434113"
"chr9","97198151","97198428","KN296938v1","298054","298338","62","96900097"
"chr9","97228234","97228408","KN295722v1","1546817","1546986","37","95681417"
"chr9","97228704","97228848","KN296588v1","2196671","2196815","6","95032033"
"chr9","97235064","97235301","KN295962v1","1940591","1940792","71","95294473"
"chr9","97241225","97241363","KN295294v1","3806061","3806194","25","93435164"
"chr9","97246076","97246369","KN297180v1","314236","314539","63","96931840"
"chr9","97264156","97264451","KN296588v1","2231711","2232014","26","95032445"
"chr9","97500487","97500674","KN295725v1","1216179","1216363","45","96284308"
"chr9","97502736","97502923","KN295725v1","1216179","1216363","44","96286557"
"chr9","97539789","97540077","KN294693v1","1341996","1342279","69","96197793"
"chr9","99439130","99439304","KN296864v1","3353170","3353334","40","96085960"
"chr9","99439606","99439745","KN296244v1","253466","253602","32","99186140"
"chr9","99633013","99633374","KN294421v1","746951","747302","94","98886062"
"chr9","100514016","100514285","KN295090v1","357659","357923","74","100156357"
"chr9","101053562","101053859","KN295432v1","49437","49735","71","101004125"
"chr9","101302749","101302880","KN296495v1","463832","463952","33","100838917"
"chr9","101303192","101303396","KN297008v1","2592243","2592438","51","98710949"
"chr9","102071958","102072065","KN295248v1","716766","716873","5","101355192"
"chr9","102135909","102136198","KN295248v1","782397","782692","28","101353512"
"chr9","102496689","102496986","KN297058v1","392670","392966","64","102104019"
"chr9","103491210","103491522","KN296880v1","129629","129930","27","103361581"
"chr9","103822356","103822491","KN295526v1","145592","145725","25","103676764"
"chr9","104145408","104145510","KN296498v1","296517","296622","28","103848891"
"chr9","104145543","104145710","KN295721v1","382777","382938","44","103762766"
"chr9","104400886","104400974","KN295236v1","3829766","3829860","29","100571120"
"chr9","104488866","104489179","KN296322v1","426249","426560","72","104062617"
"chr9","104506609","104506908","KN295667v1","1108671","1108966","72","103397938"
"chr9","104721752","104721936","KN294451v1","367926","368096","50","104353826"
"chr9","104722255","104722405","KN296311v1","2361921","2362066","36","102360334"
"chr9","105474906","105475205","KN297058v1","392670","392966","70","105082236"
"chr9","105475879","105476136","KN295320v1","393096","393331","74","105082783"
"chr9","105477793","105478030","KN295814v1","1510713","1510950","59","103967080"
"chr9","105478540","105478776","KN295814v1","1510713","1510950","59","103967827"
"chr9","105479910","105480148","KN295814v1","1510713","1510950","63","103969197"
"chr9","105483962","105484199","KN295814v1","1510713","1510950","61","103973249"
"chr9","105573628","105573801","KN295744v1","211692","211871","40","105361936"
"chr9","105574104","105574248","KN294634v1","146466","146607","25","105427638"
"chr9","105615917","105616205","KN297256v1","142581","142867","73","105473336"
"chr9","105984697","105984902","KN294416v1","419638","419830","60","105565059"
"chr9","106063737","106063832","KN297163v1","685235","685337","21","105378502"
"chr9","106518635","106518947","KN294604v1","27646","27963","70","106490989"
"chr9","106521333","106521610","KN296508v1","1973232","1973505","61","104548101"
"chr9","106551154","106551431","KN296508v1","1973232","1973505","61","104577922"
"chr9","106553819","106554131","KN294604v1","27646","27963","70","106526173"
"chr9","106677553","106677692","KN294172v1","6272486","6272617","26","100405067"
"chr9","107263412","107263688","KN296176v1","500815","501093","71","106762597"
"chr9","107512642","107512939","KN295984v1","417992","418288","16","107094650"
"chr9","107517702","107517999","KN295984v1","417992","418288","15","107099710"
"chr9","107833945","107834126","KN295984v1","719579","719769","24","107114366"
"chr9","107834417","107834522","KN295984v1","720068","720151","25","107114349"
"chr9","108047707","108048019","KN295984v1","928074","928363","38","107119633"
"chr9","108050152","108050427","KN295984v1","930523","930784","53","107119629"
"chr9","108056705","108056993","KN295984v1","937641","937926","30","107119064"
"chr9","108097754","108098060","KN295984v1","980030","980331","23","107117724"
"chr9","108203295","108203600","KN295984v1","1080209","1080517","19","107123086"
"chr9","108354279","108354573","KN295984v1","1235687","1236004","47","107118592"
"chr9","108797383","108797693","KN297219v1","1839754","1840062","68","106957629"
"chr9","109116377","109116666","KN296948v1","762193","762479","67","108354184"
"chr9","109303144","109303373","KN296119v1","805789","806002","51","108497355"
"chr9","109368539","109368838","KN295984v1","2286186","2286477","23","107082353"
"chr9","109619791","109620078","KN295984v1","2540003","2540290","20","107079788"
"chr9","109944244","109944557","KN295984v1","2871019","2871332","32","107073225"
"chr9","110021022","110021310","KN294210v1","473112","473404","61","109547910"
"chr9","110033686","110033966","KN295984v1","2962847","2963132","16","107070839"
"chr9","110137222","110137485","KN295984v1","3065137","3065401","26","107072085"
"chr9","110149034","110149321","KN295984v1","3076844","3077149","44","107072190"
"chr9","110395609","110395896","KN295984v1","3340315","3340607","28","107055294"
"chr9","110691202","110691428","KN296244v1","1076135","1076360","9","109615067"
"chr9","111056403","111056710","KN296244v1","707246","707553","19","110349157"
"chr9","111311299","111311593","KN296244v1","438516","438787","52","110872783"
"chr9","111416919","111417226","KN296244v1","327623","327911","33","111089296"
"chr9","111448769","111449074","KN296244v1","296863","297159","31","111151906"
"chr9","111449680","111449807","KN294192v1","278807","278924","19","111170873"
"chr9","111489371","111489508","KN296244v1","253466","253602","12","111235905"
"chr9","111553854","111554026","KN295241v1","97934","98104","39","111455920"
"chr9","111554053","111554085","KN295368v1","1470938","1470967","9","110083115"
"chr9","111578467","111578598","KN294193v1","128685","128814","26","111449782"
"chr9","111707837","111707940","KN295406v1","576347","576444","32","111131490"
"chr9","111792193","111792332","KN296495v1","1296063","1296199","25","110496130"
"chr9","111792442","111792675","KN296225v1","209480","209693","51","111582962"
"chr9","111844447","111844590","KN294558v1","284993","285139","29","111559454"
"chr9","111844863","111845084","KN295303v1","99961","100138","64","111744902"
"chr9","112046951","112047190","KN295090v1","102719","102992","51","111944232"
"chr9","112373208","112373352","KN295090v1","430840","430984","17","111942368"
"chr9","112373930","112374054","KN295090v1","431576","431699","11","111942354"
"chr9","112861959","112862281","KN295090v1","930115","930401","54","111931844"
"chr9","112949962","112950087","KN296682v1","4980731","4980854","18","107969231"
"chr9","112968868","112968977","KN295090v1","1036855","1036964","5","111932013"
"chr9","113186640","113186750","KN295090v1","1260590","1260700","8","111926050"
"chr9","113472864","113472995","KN294964v1","2000421","2000556","22","111472443"
"chr9","113947880","113947937","KN297105v1","2900123","2900180","7","111047757"
"chr9","114241256","114241543","KN295090v1","2374852","2375141","15","111866404"
"chr9","114533596","114533877","KN295450v1","245318","245602","20","114288278"
"chr9","114544404","114544707","KN294210v1","473112","473404","62","114071292"
"chr9","114687362","114687652","KN297133v1","328287","328569","71","114359075"
"chr9","114689368","114689634","KN297046v1","2618508","2618781","79","112070860"
"chr9","114781725","114782011","KN296948v1","762193","762479","68","114019532"
"chr9","114840273","114840417","KN297312v1","704627","704767","34","114135646"
"chr9","115024915","115025226","KN296520v1","1454899","1455203","63","113570016"
"chr9","115047676","115047983","KN297058v1","194613","194917","66","114853063"
"chr9","115220724","115221020","KN297008v1","6549351","6549627","35","108671373"
"chr9","115262799","115263104","KN296948v1","762193","762479","77","114500606"
"chr9","115343921","115344054","KN297008v1","6422180","6422313","6","108921741"
"chr9","115375243","115375380","KN296253v1","597047","597176","32","114778196"
"chr9","115498662","115498784","KN296682v1","4980731","4980854","22","110517931"
"chr9","115782437","115782712","KN297008v1","5968037","5968317","24","109814400"
"chr9","116062336","116062460","KN294172v1","3568097","3568221","21","112494239"
"chr9","116121328","116121588","KN296588v1","1324459","1324720","67","114796869"
"chr9","117728789","117728924","KN296495v1","1296063","1296199","25","116432726"
"chr9","119128504","119128566","KN297008v1","2642712","2642772","15","116485792"
"chr9","119572586","119572730","KN296311v1","2361921","2362066","36","117210665"
"chr9","119618125","119618248","KN294705v1","1469988","1470106","30","118148137"
"chr9","121245920","121246231","KN295480v1","1274084","1274387","69","119971836"
"chr9","121424845","121425013","KN295667v1","2018457","2018624","35","119406388"
"chr9","121462087","121462343","KN295294v1","3442647","3442882","73","118019440"
"chr9","121499263","121499566","KN294396v1","224755","225042","79","121274508"
"chrX","70778779","70779108","KN295368v1","1328354","1328678","80","69450425"
"chrX","747031","747098","KN296907v1","680629","680691","20","66402"
"chrX","1287015","1287142","KN296153v1","119285","119411","29","1167730"
"chrX","1435629","1435728","KN295735v1","1107143","1107236","14","328486"
"chrX","1693070","1693165","KN297146v1","178455","178535","29","1514615"
"chrX","2135888","2135964","KN294539v1","2023522","2023599","17","112366"
"chrX","2135974","2136262","KN295735v1","1823774","1824056","45","312200"
"chrX","2225334","2225470","KN295236v1","677208","677340","24","1548126"
"chrX","2302511","2302578","KN294921v1","207860","207929","28","2094651"
"chrX","2393812","2393952","KN295294v1","3806061","3806194","25","1412249"
"chrX","2640136","2640265","KN295540v1","121411","121548","40","2518725"
"chrX","2847847","2848190","KN296588v1","282556","282869","93","2565291"
"chrX","3158634","3158756","KN296426v1","870075","870198","32","2288559"
"chrX","3277321","3277388","KN294535v1","80806","80875","10","3196515"
"chrX","3433389","3433445","KN296315v1","957611","957658","18","2475778"
"chrX","3470398","3470575","KN294964v1","1050991","1051179","45","2419407"
"chrX","3509325","3509509","KN296588v1","899416","899601","38","2609909"
"chrX","3574831","3574947","KN296685v1","65985","66113","31","3508846"
"chrX","3667955","3668067","KN295350v1","290367","290482","30","3377588"
"chrX","4255451","4255500","KN294911v1","2236777","2236825","10","2018674"
"chrX","5202032","5202329","KN294345v1","1713106","1713396","65","3488926"
"chrX","5333121","5333405","KN295633v1","244067","244346","67","5089054"
"chrX","5761456","5761763","KN294399v1","171378","171682","68","5590078"
"chrX","5853030","5853196","KN294571v1","2119940","2120110","37","3733090"
"chrX","5853224","5853343","KN296964v1","1498395","1498511","21","4354829"
"chrX","6107919","6108227","KN296643v1","555392","555692","79","5552527"
"chrX","6342866","6343172","KN294260v1","822843","823138","76","5520023"
"chrX","6384063","6384198","KN296538v1","514898","515032","23","5869165"
"chrX","6583521","6583819","KN296649v1","474335","474640","61","6109186"
"chrX","6597758","6597889","KN295090v1","903125","903258","22","5694633"
"chrX","6704742","6704914","KN294269v1","1609579","1609744","51","5095163"
"chrX","6894738","6895012","KN295294v1","2973027","2973290","84","3921711"
"chrX","7292693","7292987","KN297023v1","640512","640805","63","6652181"
"chrX","7380090","7380234","KN297215v1","862160","862298","30","6517930"
"chrX","7587259","7587557","KN294592v1","450560","450839","90","7136699"
"chrX","8264710","8265029","KN297028v1","917007","917315","71","7347703"
"chrX","9054957","9055270","KN296101v1","27902","28215","20","9027055"
"chrX","9117081","9117234","KN296921v1","435698","435849","34","8681383"
"chrX","9467879","9468170","KN294499v1","1906911","1907192","66","7560968"
"chrX","9517172","9517440","KN294873v1","82870","83122","76","9434302"
"chrX","9614366","9614611","KN297274v1","198159","198415","76","9416207"
"chrX","9627752","9627888","KN296311v1","6471968","6472102","19","3155784"
"chrX","11583777","11584065","KN294260v1","822843","823138","74","10760934"
"chrX","11989991","11990292","KN294873v1","1303218","1303511","67","10686773"
"chrX","12383182","12383486","KN295753v1","26465","26763","29","12356717"
"chrX","12490936","12491063","KN296311v1","4815038","4815168","20","7675898"
"chrX","12585516","12585674","KN294571v1","417305","417453","34","12168211"
"chrX","13645763","13645863","KN295810v1","455081","455179","30","13190682"
"chrX","13668593","13668837","KN294493v1","317451","317692","75","13351142"
"chrX","14361240","14361506","KN297403v1","261750","262020","18","14099490"
"chrX","15258753","15258886","KN296004v1","350579","350712","10","14908174"
"chrX","16791023","16791332","KN296481v1","424695","425006","30","16366328"
"chrX","16812921","16813212","KN296481v1","445362","445643","27","16367559"
"chrX","17903588","17903671","KN295236v1","1305949","1306032","23","16597639"
"chrX","18210964","18211223","KN294705v1","1107549","1107807","63","17103415"
"chrX","18390506","18390639","KN294407v1","3228566","3228701","18","15161940"
"chrX","18489547","18489685","KN297038v1","232896","233031","21","18256651"
"chrX","18816921","18817224","KN295594v1","198806","199091","46","18618115"
"chrX","18842551","18842683","KN296311v1","4657589","4657718","16","14184962"
"chrX","19450898","19451021","KN294193v1","654985","655103","32","18795913"
"chrX","19451914","19452037","KN294193v1","654985","655103","30","18796929"
"chrX","19452850","19452973","KN295350v1","404400","404521","29","19048450"
"chrX","19453848","19453971","KN294193v1","654985","655103","30","18798863"
"chrX","19454622","19454745","KN294193v1","654985","655103","30","18799637"
"chrX","19528854","19528995","KN295034v1","243361","243503","25","19285493"
"chrX","19897241","19897541","KN296119v1","351634","351939","67","19545607"
"chrX","20000118","20000435","KN295406v1","486578","486886","72","19513540"
"chrX","20013065","20013208","KN294172v1","3246195","3246333","31","16766870"
"chrX","20022736","20023038","KN295091v1","3019459","3019753","63","17003277"
"chrX","20483104","20483310","KN294205v1","1582745","1582943","47","18900359"
"chrX","20748842","20748932","KN297092v1","3480","3567","21","20745362"
"chrX","21459847","21460162","KN297323v1","97375","97678","68","21362472"
"chrX","21605970","21606272","KN296526v1","283231","283529","14","21322739"
"chrX","21948888","21949184","KN295596v1","514310","514606","76","21434578"
"chrX","21957390","21957683","KN296495v1","1076274","1076557","56","20881116"
"chrX","23584913","23585207","KN297105v1","1638289","1638581","70","21946624"
"chrX","23682479","23682757","KN294987v1","187998","188261","73","23494481"
"chrX","23754012","23754319","KN294439v1","130265","130569","22","23623747"
"chrX","23975009","23975291","KN296435v1","2611722","2612009","61","21363287"
"chrX","24030583","24030734","KN295744v1","212176","212317","32","23818407"
"chrX","24322978","24323122","KN296365v1","597866","598002","29","23725112"
"chrX","24334009","24334305","KN294848v1","998602","998909","74","23335407"
"chrX","24842011","24842317","KN296759v1","210528","210836","65","24631483"
"chrX","25130314","25130609","KN296964v1","1814390","1814681","76","23315924"
"chrX","25280621","25280930","KN295633v1","778185","778486","67","24502436"
"chrX","25986589","25986804","KN296505v1","1257835","1258044","56","24728754"
"chrX","26141540","26141635","KN295708v1","438075","438171","21","25703465"
"chrX","26723427","26723523","KN295368v1","597302","597393","27","26126125"
"chrX","27310203","27310477","KN295282v1","123186","123460","15","27187017"
"chrX","27348255","27348541","KN295282v1","87028","87314","14","27261227"
"chrX","27731248","27731489","KN295586v1","185554","185803","56","27545694"
"chrX","28054631","28054861","KN294949v1","1658929","1659156","57","26395702"
"chrX","28378457","28378750","KN296495v1","1076274","1076557","68","27302183"
"chrX","30012760","30013060","KN296864v1","1939832","1940132","64","28072928"
"chrX","30204597","30204897","KN296475v1","141149","141461","30","30063448"
"chrX","30701010","30701317","KN294207v1","595798","596096","75","30105212"
"chrX","31011600","31011778","KN295667v1","2018457","2018624","40","28993143"
"chrX","31084680","31084992","KN295633v1","778185","778486","73","30306495"
"chrX","31539030","31539331","KN294389v1","28183","28488","53","31510847"
"chrX","32345915","32346182","KN294845v1","10863","11135","15","32335052"
"chrX","33324550","33324845","KN295744v1","408789","409077","72","32915761"
"chrX","34896188","34896424","KN296991v1","1155715","1155935","61","33740473"
"chrX","35123865","35124143","KN296606v1","108609","108901","33","35015256"
"chrX","38101286","38101458","KN296682v1","3769364","3769527","53","34331922"
"chrX","38679708","38679838","KN294172v1","6272486","6272617","20","32407222"
"chrX","38801577","38801810","KN297375v1","356678","356907","10","38444899"
"chrX","40185027","40185153","KN295459v1","128391","128517","7","40056636"
"chrX","40360743","40361009","KN295459v1","308904","309183","31","40051839"
"chrX","40724538","40724854","KN295459v1","659720","660036","27","40064818"
"chrX","40726576","40726739","KN296864v1","3353170","3353334","39","37373406"
"chrX","40737962","40738146","KN295459v1","675303","675499","20","40062659"
"chrX","40738444","40738537","KN295459v1","675800","675895","3","40062644"
"chrX","40963309","40963602","KN295459v1","878673","878961","27","40084636"
"chrX","41066542","41066720","KN297158v1","804748","804922","41","40261794"
"chrX","41121007","41121304","KN295459v1","1154583","1154880","15","39966424"
"chrX","41364851","41365148","KN295459v1","1404264","1404559","22","39960587"
"chrX","41407491","41407782","KN295459v1","1448286","1448605","46","39959205"
"chrX","41466598","41466712","KN297416v1","162444","162561","27","41304154"
"chrX","41636937","41637099","KN295459v1","1698823","1698996","17","39938114"
"chrX","41637404","41637514","KN294399v1","255156","255267","35","41382248"
"chrX","41649349","41649444","KN295967v1","566167","566260","26","41083182"
"chrX","41665354","41665668","KN296406v1","4191","4502","27","41661163"
"chrX","41844093","41844394","KN295667v1","1567361","1567664","60","40276732"
"chrX","41960201","41960298","KN296406v1","260023","260137","21","41700178"
"chrX","42247984","42248227","KN296406v1","530559","530801","17","41717425"
"chrX","43808832","43808908","KN296682v1","314021","314103","27","43494811"
"chrX","44097897","44097977","KN296806v1","115616","115695","6","43982281"
"chrX","44222497","44222806","KN294452v1","1374937","1375240","59","42847560"
"chrX","44226050","44226183","KN294964v1","965459","965591","22","43260591"
"chrX","44509417","44509657","KN295368v1","2443516","2443764","55","42065901"
"chrX","44880647","44880950","KN295117v1","112788","113084","26","44767859"
"chrX","44942362","44942657","KN295117v1","177037","177340","26","44765325"
"chrX","45023523","45023789","KN296311v1","5353300","5353582","78","39670223"
"chrX","45040415","45040538","KN294193v1","654985","655103","22","44385430"
"chrX","45117971","45118228","KN294420v1","263951","264214","78","44854020"
"chrX","45126259","45126516","KN294420v1","263951","264214","78","44862308"
"chrX","45133782","45134074","KN297050v1","187200","187494","16","44946582"
"chrX","45183444","45183567","KN297050v1","128023","128146","5","45055421"
"chrX","45398644","45398936","KN295117v1","112788","113084","72","45285856"
"chrX","45582451","45582708","KN294540v1","274141","274402","75","45308310"
"chrX","45636959","45637244","KN294326v1","411424","411715","78","45225535"
"chrX","46088337","46088628","KN295352v1","729753","730045","66","45358584"
"chrX","46329673","46329976","KN296810v1","66060","66381","39","46263613"
"chrX","46620476","46620687","KN297317v1","77457","77669","16","46543019"
"chrX","46672489","46672795","KN297141v1","17086","17384","68","46655403"
"chrX","46855697","46855832","KN296495v1","1296063","1296199","25","45559634"
"chrX","46884160","46884295","KN296495v1","1296063","1296199","25","45588097"
"chrX","47064133","47064267","KN296122v1","289224","289359","27","46774909"
"chrX","47225119","47225422","KN296322v1","1648835","1649139","62","45576284"
"chrX","47305533","47305850","KN295984v1","2871019","2871332","69","44434514"
"chrX","47315292","47315581","KN294523v1","15844","16136","63","47299448"
"chrX","47445551","47445845","KN295352v1","1382929","1383224","57","46062622"
"chrX","47463750","47464051","KN294260v1","822843","823138","56","46640907"
"chrX","47473627","47473879","KN295368v1","2443516","2443764","62","45030111"
"chrX","47512535","47512863","KN294741v1","1034476","1034788","78","46478059"
"chrX","47546980","47547142","KN294470v1","2691196","2691354","36","44855784"
"chrX","47633270","47633497","KN295613v1","219525","219742","57","47413745"
"chrX","47637700","47637927","KN295613v1","219525","219742","57","47418175"
"chrX","47662425","47662560","KN295605v1","687968","688102","15","46974457"
"chrX","47956441","47956751","KN294848v1","998602","998909","62","46957839"
"chrX","48135734","48135785","KN296484v1","840284","840335","12","47295450"
"chrX","48136133","48136145","KN295236v1","2973161","2973176","5","45162972"
"chrX","48483782","48484091","KN297184v1","1114866","1115167","61","47368916"
"chrX","48520118","48520396","KN295820v1","884516","884794","70","47635602"
"chrX","48573567","48573847","KN296303v1","805215","805501","62","47768352"
"chrX","48817275","48817550","KN294571v1","728317","728585","70","48088958"
"chrX","49114148","49114411","KN295102v1","354721","354995","24","48759427"
"chrX","49134103","49134281","KN295667v1","2018457","2018624","46","47115646"
"chrX","49438327","49438637","KN295102v1","38793","39103","24","49399534"
"chrX","49648673","49648835","KN295366v1","197744","197893","24","49450929"
"chrX","49748072","49748370","KN295366v1","286658","286961","25","49461414"
"chrX","49748468","49748637","KN295366v1","286401","286568","29","49462067"
"chrX","49827819","49828090","KN295366v1","365000","365271","17","49462819"
"chrX","50416465","50416781","KN297171v1","1715719","1716017","76","48700746"
"chrX","50752348","50752648","KN295432v1","49437","49735","17","50702911"
"chrX","50766498","50766631","KN295432v1","32424","32557","7","50734074"
"chrX","50840901","50841181","KN295352v1","729753","730045","68","50111148"
"chrX","52280066","52280357","KN294452v1","1374937","1375240","63","50905129"
"chrX","52569722","52569852","KN296311v1","4657589","4657718","19","47912133"
"chrX","52891852","52892137","KN296864v1","3138537","3138822","70","49753315"
"chrX","53054682","53054967","KN296864v1","3138537","3138822","70","49916145"
"chrX","53713043","53713347","KN296864v1","1939832","1940132","62","51773211"
"chrX","53877943","53878234","KN295744v1","408789","409077","14","53469154"
"chrX","53881555","53881860","KN295633v1","909764","910066","66","52971791"
"chrX","53989122","53989260","KN295744v1","293049","293182","17","53696073"
"chrX","54082261","54082402","KN295744v1","212176","212317","6","53870085"
"chrX","54082710","54082926","KN295744v1","211692","211871","45","53871018"
"chrX","54310299","54310388","KN295744v1","21999","22088","1","54288300"
"chrX","54617546","54617694","KN295705v1","1659307","1659450","45","52958239"
"chrX","54659271","54659464","KN296767v1","53224","53425","49","54606047"
"chrX","54847650","54847948","KN295923v1","574170","574465","58","54273480"
"chrX","54882454","54882740","KN296917v1","28605","28885","16","54853849"
"chrX","54967744","54967974","KN296266v1","99554","99788","14","54868190"
"chrX","55179900","55180196","KN294710v1","107390","107697","34","55072510"
"chrX","56806684","56806826","KN296934v1","609106","609251","42","56197578"
"chrX","56806872","56806989","KN295637v1","455021","455137","28","56351851"
"chrX","63820169","63820374","KN294416v1","645591","645790","61","63174578"
"chrX","63864498","63864770","KN295321v1","13187","13451","49","63851311"
"chrX","64115733","64116040","KN295869v1","914203","914507","74","63201530"
"chrX","64215829","64216130","KN295667v1","1567361","1567664","63","62648468"
"chrX","65269788","65269980","KN295553v1","69273","69467","38","65200515"
"chrX","65490227","65490544","KN295962v1","1736808","1737104","85","63753419"
"chrX","65493549","65493858","KN296322v1","1648835","1649139","61","63844714"
"chrX","68120927","68121218","KN297236v1","52228","52520","57","68068699"
"chrX","68294438","68294570","KN294583v1","189119","189254","29","68105319"
"chrX","68311133","68311421","KN297327v1","807993","808286","75","67503140"
"chrX","68496002","68496304","KN296322v1","1648835","1649139","61","66847167"
"chrX","68508729","68508874","KN294991v1","1461914","1462059","32","67046815"
"chrX","68556737","68556869","KN294446v1","520797","520926","28","68035940"
"chrX","68737483","68737618","KN294705v1","1877279","1877404","34","66860204"
"chrX","68737893","68738055","KN294588v1","39078","39248","34","68698815"
"chrX","68808656","68808948","KN295244v1","895398","895675","34","67913258"
"chrX","68844561","68844875","KN296505v1","323963","324278","61","68520598"
"chrX","69307164","69307452","KN295244v1","405485","405782","21","68901679"
"chrX","69439079","69439211","KN295102v1","105981","106109","24","69333098"
"chrX","69532257","69532564","KN295244v1","176243","176550","19","69356014"
"chrX","69920048","69920148","KN296454v1","256011","256110","25","69664037"
"chrX","70367009","70367292","KN295633v1","1633983","1634282","82","68733026"
"chrX","70434345","70434631","KN294806v1","594997","595290","76","69839348"
"chrX","70465162","70465450","KN297016v1","101503","101788","15","70363659"
"chrX","70485041","70485325","KN296883v1","2609802","2610089","59","67875239"
"chrX","70764848","70765093","KN295893v1","3311452","3311708","72","67453396"
"chrX","70780439","70780594","KN295114v1","20274","20431","33","70760165"
"chrX","71213499","71213653","KN295637v1","215598","215736","40","70997901"
"chrX","71569802","71569905","KN295802v1","222325","222434","27","71347477"
"chrX","71648581","71648888","KN296507v1","738522","738814","60","70910059"
"chrX","71931249","71931558","KN297276v1","247166","247471","22","71684083"
"chrX","72004435","72004727","KN297276v1","320150","320443","16","71684285"
"chrX","72022858","72022987","KN297276v1","339735","339866","11","71683123"
"chrX","72047724","72047805","KN297276v1","364613","364682","14","71683111"
"chrX","72224695","72224820","KN294410v1","486228","486353","31","71738467"
"chrX","72240915","72241095","KN294741v1","1616226","1616414","45","70624689"
"chrX","73370576","73370795","KN296508v1","358799","359013","61","73011777"
"chrX","73404195","73404325","KN295439v1","323518","323648","6","73080677"
"chrX","73405600","73405875","KN295428v1","224334","224605","60","73181266"
"chrX","73473760","73474043","KN294539v1","1096217","1096495","68","72377543"
"chrX","73527231","73527526","KN295439v1","184271","184566","13","73342960"
"chrX","73681302","73681565","KN295439v1","20718","20978","29","73660584"
"chrX","73709123","73709420","KN295705v1","823070","823354","69","72886053"
"chrX","73871902","73872050","KN297320v1","1041273","1041412","40","72830629"
"chrX","74006630","74006939","KN294339v1","9441","9711","51","73997189"
"chrX","74220778","74220901","KN296682v1","4980731","4980854","19","69240047"
"chrX","74320409","74320696","KN294279v1","171583","171867","65","74148826"
"chrX","74357813","74357895","KN295633v1","2100867","2100948","11","72256946"
"chrX","74928419","74928707","KN295346v1","1646114","1646406","59","73282305"
"chrX","74978574","74978876","KN295984v1","2871019","2871332","82","72107555"
"chrX","77114402","77114690","KN294984v1","94202","94491","17","77020200"
"chrX","77196571","77196863","KN296495v1","1076274","1076557","67","76120297"
"chrX","77200361","77200634","KN295983v1","1223920","1224199","63","75976441"
"chrX","77235583","77235711","KN295441v1","789788","789916","22","76445795"
"chrX","77380477","77380625","KN295205v1","824407","824553","27","76556070"
"chrX","77416495","77416766","KN295236v1","3439491","3439763","71","73977004"
"chrX","77483663","77483800","KN296538v1","514898","515032","23","76968765"
"chrX","77504108","77504343","KN296608v1","381289","381528","75","77122819"
"chrX","77570057","77570287","KN296959v1","1145683","1145916","64","76424374"
"chrX","77629401","77629417","KN294634v1","146917","146929","7","77482484"
"chrX","77630071","77630323","KN296731v1","1028220","1028490","75","76601851"
"chrX","77673293","77673599","KN295708v1","383153","383440","90","77290140"
"chrX","79899580","79899834","KN297165v1","963791","964034","62","78935789"
"chrX","82804692","82804822","KN296311v1","4657589","4657718","22","78147103"
"chrX","84191061","84191314","KN294869v1","133067","133350","49","84057994"
"chrX","85480223","85480501","KN295983v1","1223920","1224199","64","84256303"
"chrX","85578576","85578746","KN297259v1","978533","978700","37","84600043"
"chrX","85759550","85759868","KN294349v1","222495","222821","36","85537055"
"chrX","86244802","86245107","KN296322v1","1648835","1649139","62","84595967"
"chrX","86334007","86334291","KN296495v1","1076274","1076557","78","85257733"
"chrX","86603356","86603638","KN295356v1","578208","578494","61","86025148"
"chrX","87204428","87204715","KN294420v1","816046","816329","71","86388382"
"chrX","88784343","88784649","KN297211v1","168943","169253","21","88615400"
"chrX","89122226","89122524","KN296244v1","296863","297159","71","88825363"
"chrX","89603643","89603775","KN294964v1","965459","965591","22","88638184"
"chrX","91462663","91462889","KN297180v1","531711","531948","66","90930952"
"chrX","91976591","91976774","KN296926v1","317317","317500","44","91659274"
"chrX","91977093","91977239","KN295667v1","1121076","1121214","40","90856017"
"chrX","92226619","92226781","KN294416v1","934596","934758","39","91292023"
"chrX","92242513","92242644","KN297229v1","352299","352425","35","91890214"
"chrX","93260177","93260480","KN294520v1","992368","992662","81","92267809"
"chrX","93623812","93624111","KN296322v1","1648835","1649139","75","91974977"
"chrX","93627093","93627391","KN297184v1","1114866","1115167","76","92512227"
"chrX","93873398","93873650","KN295490v1","34980","35237","76","93838418"
"chrX","94153867","94154089","KN295708v1","178130","178336","58","93975737"
"chrX","94653378","94653707","KN295974v1","1415452","1415775","95","93237926"
"chrX","95759049","95759144","KN296682v1","314021","314103","26","95445028"
"chrX","95853203","95853515","KN296398v1","253691","253978","89","95599512"
"chrX","97427230","97427460","KN295441v1","1488111","1488339","66","95939119"
"chrX","97498297","97498596","KN294292v1","173900","174201","29","97324397"
"chrX","99667505","99667817","KN297112v1","4975307","4975614","66","94692198"
"chrX","100758603","100758742","KN296296v1","446565","446696","47","100312038"
"chrX","100758753","100758892","KN296296v1","446565","446696","47","100312188"
"chrX","101457336","101457643","KN294758v1","3078424","3078721","81","98378912"
"chrX","101930710","101930976","KN294571v1","2055636","2055896","67","99875074"
"chrX","102286924","102287245","KN297064v1","119449","119740","44","102167475"
"chrX","102603885","102604022","KN294326v1","522412","522546","26","102081473"
"chrX","102921833","102922128","KN295294v1","1101026","1101317","63","101820807"
"chrX","103066752","103066889","KN295962v1","463054","463189","29","102603698"
"chrX","103170680","103170950","KN295428v1","224334","224605","68","102946346"
"chrX","103578842","103579152","KN294809v1","517534","517844","62","103061308"
"chrX","104030181","104030401","KN294146v1","52999","53219","22","103977182"
"chrX","104084754","104084885","KN296915v1","296877","297011","19","103787877"
"chrX","104104996","104105114","KN294741v1","1083617","1083736","25","103021379"
"chrX","104105147","104105192","KN296464v1","165174","165217","12","103939973"
"chrX","104238573","104238887","KN294873v1","1480608","1480909","88","102757965"
"chrX","104288055","104288206","KN294817v1","18221","18380","19","104269834"
"chrX","104304104","104304368","KN294817v1","34478","34742","16","104269626"
"chrX","104385668","104385945","KN295832v1","1088844","1089120","69","103296824"
"chrX","104860946","104861120","KN297113v1","252877","253050","41","104608069"
"chrX","104960494","104960677","KN297320v1","32939","33116","41","104927555"
"chrX","105948700","105949010","KN294389v1","28183","28488","18","105920517"
"chrX","106375192","106375330","KN294257v1","1489315","1489453","27","104885877"
"chrX","106979805","106979926","KN297227v1","630249","630370","24","106349556"
"chrX","107237140","107237445","KN295543v1","158324","158641","32","107078816"
"chrX","107945694","107945968","KN295936v1","2092514","2092791","72","105853180"
"chrX","108116348","108116636","KN295984v1","150673","150962","55","107965675"
"chrX","109772488","109772709","KN295572v1","371863","372076","64","109400625"
"chrX","109980376","109980620","KN294469v1","22180","22417","25","109958196"
"chrX","109989951","109990225","KN294469v1","12031","12308","14","109977920"
"chrX","109992523","109992797","KN294469v1","12031","12308","14","109980492"
"chrX","110044694","110044994","KN294629v1","39362","39662","21","110005332"
"chrX","110145036","110145316","KN297225v1","914114","914389","72","109230922"
"chrX","110555403","110555466","KN297404v1","152817","152881","23","110402586"
"chrX","110555491","110555720","KN295923v1","1986700","1986911","58","108568791"
"chrX","110564376","110564605","KN295923v1","1986700","1986911","58","108577676"
"chrX","110722338","110722644","KN297058v1","194613","194917","76","110527725"
"chrX","113189161","113189260","KN296079v1","397109","397211","22","112792052"
"chrX","113261567","113261852","KN296306v1","1771005","1771285","61","111490562"
"chrX","113409710","113410005","KN295346v1","1646114","1646406","58","111763596"
"chrX","114118776","114119069","KN295923v1","712217","712514","67","113406559"
"chrX","114140529","114140823","KN295923v1","712217","712514","66","113428312"
"chrX","114665258","114665381","KN295375v1","13871","13988","33","114651387"
"chrX","114732288","114732571","KN295984v1","150673","150962","67","114581615"
"chrX","114779135","114779378","KN295294v1","3442647","3442882","67","111336488"
"chrX","114873552","114873723","KN295326v1","444837","444999","41","114428715"
"chrX","115288304","115288624","KN294809v1","517534","517844","76","114770770"
"chrX","115306979","115307127","KN294558v1","284993","285139","35","115021986"
"chrX","115416317","115416622","KN296507v1","738522","738814","69","114677795"
"chrX","115626788","115626922","KN294407v1","3228566","3228701","23","112398222"
"chrX","115679214","115679544","KN296484v1","414259","414576","73","115264955"
"chrX","117559815","117560116","KN295360v1","64807","65096","35","117495008"
"chrX","117944209","117944488","KN295664v1","85905","86194","76","117858304"
"chrX","118007730","118007888","KN296000v1","901795","901947","34","117105935"
"chrX","118215872","118216175","KN295930v1","875027","875335","41","117340845"
"chrX","118282705","118282990","KN294499v1","1906911","1907192","54","116375794"
"chrX","118307502","118307774","KN295930v1","782828","783099","22","117524674"
"chrX","118345973","118346104","KN294470v1","1867443","1867566","41","116478530"
"chrX","118346731","118346862","KN294470v1","1867443","1867566","41","116479288"
"chrX","118377282","118377585","KN295930v1","707632","707929","37","117669650"
"chrX","119007545","119007838","KN295930v1","73223","73514","19","118934322"
"chrX","119145893","119146193","KN294842v1","647613","647907","72","118498280"
"chrX","119389760","119390122","KN294964v1","2082241","2082554","113","117307519"
"chrX","119390454","119390740","KN294345v1","1713106","1713396","55","117677348"
"chrX","119840737","119841049","KN294444v1","233466","233771","18","119607271"
"chrX","119850451","119850486","KN296528v1","1233691","1233734","17","118616760"
"chrX","119863533","119863624","KN294591v1","157234","157317","30","119706299"
"chrX","119871449","119871583","KN296430v1","195171","195301","23","119676278"
"chrX","119876266","119876531","KN294444v1","237624","237880","64","119638642"
"chrX","119883541","119883701","KN295828v1","950552","950701","45","118932989"
"chrX","120165941","120166069","KN294169v1","104751","104880","8","120061190"
"chrX","120205970","120206266","KN297245v1","2422666","2422966","69","117783304"
"chrX","120286855","120287163","KN294169v1","205462","205769","21","120081393"
"chrX","120387759","120388023","KN294570v1","166260","166534","64","120221499"
"chrX","120496277","120496407","KN295586v1","5575079","5575199","28","114921198"
"chrX","120575435","120575734","KN294848v1","932997","933294","66","119642438"
"chrX","120587854","120588140","KN295984v1","150673","150962","55","120437181"
"chrX","120612540","120612732","KN297113v1","252877","253050","51","120359663"
"chrX","122514849","122515044","KN296530v1","10398","10593","11","122504451"
"chrX","122576995","122577305","KN294421v1","9377","9683","70","122567618"
"chrX","122900270","122900547","KN295961v1","5772","6031","33","122894498"
"chrX","123347376","123347675","KN296187v1","874304","874596","80","122473072"
"chrX","123579191","123579498","KN294452v1","1024655","1024959","63","122554536"
"chrX","123818774","123818904","KN294172v1","6272486","6272617","24","117546288"
"chrX","124438289","124438596","KN297184v1","1114866","1115167","61","123323423"
"chrX","126823485","126823776","KN296772v1","140381","140673","29","126683104"
"chrX","129673421","129673719","KN296649v1","28211","28505","59","129645210"
"chrX","129807314","129807447","KN296759v1","225610","225736","26","129581704"
"chrX","130034037","130034138","KN296079v1","397109","397211","26","129636928"
"chrX","130863519","130863639","KN296406v1","260023","260137","29","130603496"
"chrX","131438301","131438512","KN296732v1","3363129","3363326","58","128075172"
"chrX","131964680","131964908","KN297190v1","5951555","5951790","61","126013125"
"chrX","132058963","132059256","KN297400v1","195092","195386","26","131863871"
"chrX","132241997","132242307","KN294439v1","130265","130569","66","132111732"
"chrX","133016270","133016381","KN296503v1","535366","535479","28","132480904"
"chrX","133016415","133016569","KN296738v1","200423","200579","30","132815992"
"chrX","133127940","133128071","KN294879v1","400817","400946","46","132727123"
"chrX","133181620","133181852","KN296145v1","3732348","3732587","50","129449272"
"chrX","134220425","134220678","KN296467v1","110003","110248","53","134110422"
"chrX","134416208","134416339","KN294172v1","6272486","6272617","25","128143722"
"chrX","134416629","134416657","KN297190v1","6428256","6428290","10","127988373"
"chrX","134475248","134475382","KN294548v1","111894","112027","25","134363354"
"chrX","134638651","134638778","KN296833v1","230594","230724","18","134408057"
"chrX","134671375","134671657","KN296833v1","198739","199022","13","134472636"
"chrX","134847217","134847363","KN296732v1","3303486","3303632","9","131543731"
"chrX","135021492","135021632","KN296311v1","6471968","6472102","29","128549524"
"chrX","135021919","135022025","KN294633v1","177699","177794","38","134844220"
"chrX","135719423","135719515","KN297046v1","1396963","1397060","23","134322460"
"chrX","136010639","136010815","KN296934v1","868664","868830","37","135141975"
"chrX","136069820","136070033","KN296508v1","1675720","1675934","49","134394100"
"chrX","136086930","136087062","KN296146v1","16177","16309","7","136070753"
"chrX","136099010","136099143","KN296138v1","80969","81101","25","136018041"
"chrX","136324715","136325016","KN296322v1","1648835","1649139","60","134675880"
"chrX","136945300","136945412","KN296557v1","74888","75001","23","136870412"
"chrX","137043809","137043973","KN294991v1","973655","973815","28","136070154"
"chrX","137044004","137044184","KN296750v1","1431681","1431828","63","135612323"
"chrX","137323276","137323445","KN295774v1","149577","149746","8","137173699"
"chrX","137815144","137815432","KN295352v1","729753","730045","68","137085391"
"chrX","139372595","139372904","KN296322v1","1648835","1649139","68","137723760"
"chrX","139913725","139914007","KN297200v1","235109","235385","74","139678616"
"chrX","140214101","140214402","KN296322v1","1648835","1649139","60","138565266"
"chrX","140325702","140326008","KN294452v1","1024655","1024959","70","139301047"
"chrX","140378616","140378749","KN294964v1","965459","965591","20","139413157"
"chrX","140553527","140553662","KN297402v1","161014","161151","11","140392513"
"chrX","142640817","142641052","KN296847v1","410946","411169","61","142229871"
"chrX","147356470","147356584","KN294399v1","255156","255267","26","147101314"
"chrX","148226153","148226390","KN296314v1","657620","657879","70","147568533"
"chrX","148805371","148805574","KN297190v1","98686","98881","66","148706685"
"chrX","149859498","149859810","KN296322v1","1648835","1649139","69","148210663"
"chrX","150384440","150384730","KN294264v1","432867","433151","19","149951573"
"chrX","150900516","150900890","KN296294v1","86095","86414","121","150814421"
"chrX","150978673","150978976","KN295706v1","297246","297543","40","150681427"
"chrX","151065056","151065224","KN295706v1","206916","207091","13","150858140"
"chrX","151195936","151196068","KN295706v1","74839","74971","7","151121097"
"chrX","151950786","151951103","KN296373v1","839918","840216","49","151110868"
"chrX","152076229","152076495","KN297031v1","16365","16631","15","152059864"
"chrX","152233688","152233902","KN295722v1","1902466","1902688","68","150331222"
"chrX","152623180","152623508","KN296489v1","41893","42214","29","152581287"
"chrX","154154160","154154343","KN295962v1","2355592","2355784","63","151798568"
"chrX","154465474","154465764","KN295642v1","4396","4678","28","154461078"
"chrX","154876147","154876266","KN296926v1","988728","988849","26","153887419"
"chrX","154989631","154989941","KN296244v1","296863","297159","65","154692768"
"chrX","156317757","156318061","KN295523v1","4207357","4207655","76","152110400"
"chr10","60424046","60424335","KN296119v1","351634","351939","78","60072412"
"chr10","90439410","90439683","KN296948v1","762193","762479","62","89677217"
"chr10","135461","135711","KN294218v1","2914344","2914602","23","2778883"
"chr10","291877","292163","KN294218v1","2761997","2762276","33","2470120"
"chr10","2370306","2370600","KN296538v1","333498","333794","71","2036808"
"chr10","2786090","2786139","KN295366v1","149372","149424","10","2636718"
"chr10","2944394","2944665","KN296294v1","942304","942564","68","2002090"
"chr10","3646404","3646531","KN295605v1","687968","688102","22","2958436"
"chr10","4294655","4294979","KN294192v1","216189","216509","96","4078466"
"chr10","5835724","5835857","KN294630v1","724752","724887","28","5110972"
"chr10","5881253","5881403","KN296879v1","1045124","1045272","34","4836129"
"chr10","6196794","6196916","KN295449v1","587976","588098","28","5608818"
"chr10","6207220","6207531","KN295586v1","5310987","5311300","75","896233"
"chr10","6212866","6212997","KN296311v1","4815038","4815168","15","1397828"
"chr10","6533027","6533313","KN296063v1","1266743","1267029","19","5266284"
"chr10","8054224","8054499","KN295034v1","297340","297612","90","7756884"
"chr10","8221709","8221839","KN297453v1","84448","84582","27","8137261"
"chr10","8304261","8304573","KN295893v1","5129577","5129894","68","3174684"
"chr10","8489853","8490152","KN294378v1","1350669","1350966","69","7139184"
"chr10","8568801","8569101","KN295315v1","11474","11758","75","8557327"
"chr10","9144011","9144167","KN295441v1","724682","724832","54","8419329"
"chr10","9355782","9356060","KN297028v1","97110","97396","77","9258672"
"chr10","10977103","10977234","KN294172v1","6272486","6272617","19","4704617"
"chr10","11075634","11075902","KN295983v1","1223920","1224199","71","9851714"
"chr10","11424099","11424391","KN296079v1","1894119","1894408","28","9529980"
"chr10","12240870","12241169","KN294790v1","1862467","1862771","70","10378403"
"chr10","12559476","12559592","KN296079v1","747199","747316","9","11812277"
"chr10","12664534","12664633","KN296079v1","635770","635870","12","12028764"
"chr10","12664994","12665272","KN296311v1","5353300","5353582","81","7311694"
"chr10","12744970","12745090","KN296079v1","543351","543465","8","12201619"
"chr10","12833124","12833386","KN296079v1","452831","453094","30","12380293"
"chr10","12857226","12857515","KN296726v1","392031","392328","75","12465195"
"chr10","12889869","12889974","KN296079v1","397109","397211","15","12492760"
"chr10","13585877","13586183","KN295995v1","264187","264490","24","13321690"
"chr10","13622993","13623311","KN295995v1","300405","300731","34","13322588"
"chr10","13871897","13872031","KN296682v1","4472363","4472501","41","9399534"
"chr10","13877586","13877883","KN295995v1","525210","525501","38","13352376"
"chr10","14151523","14151822","KN295406v1","486578","486886","66","13664945"
"chr10","14294968","14295268","KN295995v1","957823","958101","43","13337145"
"chr10","15008058","15008206","KN295962v1","2192148","2192289","39","12815910"
"chr10","15057589","15057895","KN295406v1","486578","486886","73","14571011"
"chr10","15405648","15405943","KN297227v1","1123419","1123703","65","14282229"
"chr10","15492772","15493046","KN295940v1","139592","139871","33","15353180"
"chr10","15672741","15672874","KN295940v1","307354","307490","15","15365387"
"chr10","15762897","15762907","KN294526v1","385203","385213","3","15377694"
"chr10","15763025","15763117","KN296926v1","151891","151976","30","15611134"
"chr10","16597370","16597685","KN295725v1","293304","293604","76","16304066"
"chr10","16655278","16655544","KN296311v1","2300216","2300485","68","14355062"
"chr10","17064912","17065152","KN296404v1","2381217","2381439","69","14683695"
"chr10","18570523","18570750","KN295610v1","77007","77226","25","18493516"
"chr10","18811374","18811673","KN295610v1","322039","322341","29","18489335"
"chr10","18872057","18872352","KN296538v1","333498","333794","56","18538559"
"chr10","19093082","19093371","KN295610v1","592544","592831","30","18500538"
"chr10","19176989","19177133","KN297180v1","2065065","2065204","42","17111924"
"chr10","19177165","19177280","KN297028v1","612387","612499","23","18564778"
"chr10","22520873","22521141","KN294539v1","1506592","1506858","84","21014281"
"chr10","22566203","22566486","KN295633v1","1670554","1670834","75","20895649"
"chr10","23449751","23450040","KN295346v1","1646114","1646406","62","21803637"
"chr10","24083906","24084205","KN296244v1","296863","297159","69","23787043"
"chr10","24304808","24305135","KN296187v1","2240412","2240741","26","22064396"
"chr10","24391574","24391702","KN296108v1","1532605","1532722","41","22858969"
"chr10","24392057","24392175","KN296577v1","937639","937757","23","23454418"
"chr10","24411268","24411573","KN297112v1","2231098","2231393","83","22180170"
"chr10","24853009","24853305","KN296187v1","1706091","1706379","22","23146918"
"chr10","24889238","24889538","KN296187v1","1669067","1669354","33","23220171"
"chr10","25069433","25069739","KN296187v1","1497817","1498116","25","23571616"
"chr10","25359668","25359801","KN295706v1","131306","131439","15","25228362"
"chr10","25579287","25579448","KN296187v1","1018477","1018630","16","24560810"
"chr10","25727682","25727971","KN296187v1","874304","874596","26","24853378"
"chr10","25780733","25781030","KN294848v1","932997","933294","74","24847736"
"chr10","26227091","26227400","KN296225v1","398050","398328","93","25829041"
"chr10","26366395","26366505","KN296187v1","239164","239282","12","26127231"
"chr10","26366858","26367050","KN296187v1","238628","238811","20","26128230"
"chr10","26542805","26542961","KN296921v1","435698","435849","36","26107107"
"chr10","26953726","26953969","KN296145v1","3732348","3732587","64","23221378"
"chr10","27083086","27083233","KN295907v1","2294354","2294490","31","24788732"
"chr10","27142778","27142913","KN295099v1","148176","148300","20","26994602"
"chr10","27168920","27169025","KN295099v1","121818","121917","17","27047102"
"chr10","27202676","27202950","KN296588v1","1946271","1946543","74","25256405"
"chr10","27648756","27648901","KN294407v1","2457734","2457877","33","25191022"
"chr10","27722680","27722991","KN296864v1","1939832","1940132","71","25782848"
"chr10","27726351","27726485","KN294199v1","281436","281574","25","27444915"
"chr10","27728295","27728460","KN296311v1","1023510","1023673","39","26704785"
"chr10","27815945","27816064","KN295205v1","1053241","1053366","24","26762704"
"chr10","27953275","27953420","KN294378v1","1273477","1273608","36","26679798"
"chr10","28078753","28078885","KN294218v1","2756614","2756751","28","25322139"
"chr10","28636826","28637162","KN297066v1","48943","49249","92","28587883"
"chr10","28738865","28739178","KN296322v1","1648835","1649139","57","27090030"
"chr10","28796517","28796680","KN296643v1","130001","130190","54","28666516"
"chr10","28843862","28843955","KN294592v1","343638","343727","24","28500224"
"chr10","29085259","29085527","KN294987v1","459255","459513","55","28626004"
"chr10","29203543","29203852","KN294583v1","35294","35606","36","29168249"
"chr10","29295689","29295890","KN294583v1","114705","114896","21","29180984"
"chr10","29320564","29320841","KN297274v1","1285745","1286019","73","28034819"
"chr10","29364697","29364998","KN297066v1","48943","49249","66","29315754"
"chr10","29398961","29399096","KN295706v1","131306","131439","23","29267655"
"chr10","29600122","29600432","KN297058v1","194613","194917","71","29405509"
"chr10","29712670","29712954","KN295571v1","291739","292022","72","29420931"
"chr10","30063700","30063934","KN295586v1","185554","185803","71","29878146"
"chr10","30064416","30064549","KN295526v1","475989","476122","24","29588427"
"chr10","30127320","30127388","KN296315v1","444949","445008","17","29682371"
"chr10","30364637","30364935","KN295977v1","399743","400033","73","29964894"
"chr10","30865323","30865594","KN295480v1","2295514","2295785","35","28569809"
"chr10","31680088","31680390","KN295480v1","1515257","1515551","40","30164831"
"chr10","31790301","31790603","KN295480v1","1402909","1403227","37","30387392"
"chr10","31854557","31854833","KN295480v1","1342408","1342684","22","30512149"
"chr10","31921259","31921557","KN295480v1","1274084","1274387","104","30647175"
"chr10","33644825","33645102","KN295090v1","2374852","2375141","67","31269973"
"chr10","34202837","34203121","KN297408v1","850520","850797","25","33352317"
"chr10","34389081","34389383","KN297180v1","110970","111263","67","34278111"
"chr10","34519872","34520005","KN295361v1","959088","959220","19","33560784"
"chr10","34588786","34589084","KN297408v1","458386","458680","32","34130400"
"chr10","34591098","34591391","KN297408v1","455755","456048","13","34135343"
"chr10","34616487","34616617","KN294591v1","569932","570064","25","34046555"
"chr10","34871704","34871989","KN294499v1","1906911","1907192","63","32964793"
"chr10","34960917","34960992","KN294921v1","207860","207929","20","34753057"
"chr10","35017697","35017998","KN297408v1","45412","45730","42","34972285"
"chr10","35034318","35034571","KN297105v1","2959195","2959449","73","32075123"
"chr10","35111443","35111745","KN295757v1","30134","30432","32","35081309"
"chr10","35117576","35117854","KN295757v1","23682","23962","14","35093894"
"chr10","35228764","35229044","KN297008v1","6549351","6549627","60","28679413"
"chr10","35291136","35291436","KN297046v1","3625951","3626247","22","31665185"
"chr10","35305429","35305629","KN297046v1","3611393","3611596","18","31694036"
"chr10","35380649","35380921","KN297046v1","3526635","3526886","34","31854014"
"chr10","35474063","35474346","KN297046v1","3430869","3431153","17","32043194"
"chr10","35611983","35612281","KN297046v1","3296973","3297271","21","32315010"
"chr10","35675249","35675524","KN297046v1","3232951","3233226","10","32442298"
"chr10","35703296","35703588","KN294210v1","473112","473404","65","35230184"
"chr10","35773178","35773385","KN295225v1","1530403","1530580","65","34242775"
"chr10","35773686","35773830","KN296730v1","54322","54456","33","35719364"
"chr10","35778542","35778701","KN297046v1","3130222","3130381","11","32648320"
"chr10","35843167","35843466","KN297046v1","3065440","3065749","22","32777727"
"chr10","35884859","35885124","KN297046v1","3021389","3021663","30","32863470"
"chr10","36138021","36138164","KN296505v1","698783","698916","38","35439238"
"chr10","36371030","36371307","KN297046v1","2618508","2618781","27","33752522"
"chr10","36391987","36392259","KN297046v1","2597747","2598020","13","33794240"
"chr10","36671369","36671550","KN295347v1","14270","14430","50","36657099"
"chr10","36707128","36707381","KN297046v1","2266992","2267242","11","34440136"
"chr10","36711415","36711613","KN297046v1","2262724","2262922","7","34448691"
"chr10","36711908","36711929","KN297046v1","2262406","2262426","3","34449502"
"chr10","36730246","36730507","KN294571v1","2055636","2055896","69","34674610"
"chr10","36834483","36834731","KN297046v1","2130311","2130564","16","34704172"
"chr10","37010275","37010564","KN297046v1","1953390","1953679","25","35056885"
"chr10","37111792","37112074","KN296303v1","805215","805501","59","36306577"
"chr10","37229925","37230049","KN297171v1","2080235","2080373","44","35149690"
"chr10","37248211","37248512","KN297046v1","1688621","1688908","33","35559590"
"chr10","37389663","37389789","KN296101v1","38623","38748","21","37351040"
"chr10","37528192","37528318","KN297046v1","1410188","1410311","13","36118004"
"chr10","37528927","37529065","KN297180v1","2065065","2065204","51","35463862"
"chr10","37537011","37537142","KN297046v1","1401426","1401558","9","36135585"
"chr10","37541101","37541197","KN297046v1","1396963","1397060","4","36144138"
"chr10","37755941","37756248","KN297046v1","1187153","1187464","25","36568788"
"chr10","38058860","38059162","KN297046v1","902161","902449","27","37156699"
"chr10","38238255","38238528","KN297046v1","724975","725256","32","37513280"
"chr10","38336489","38336771","KN294231v1","3355","3631","78","38333134"
"chr10","38464034","38464341","KN294410v1","221173","221470","58","38242861"
"chr10","38489487","38489611","KN297046v1","466642","466766","12","38022845"
"chr10","38978153","38978336","KN295405v1","2028363","2028537","21","36949790"
"chr10","38978643","38978785","KN295405v1","2027927","2028069","12","36950716"
"chr10","39359809","39359845","KN295405v1","1673998","1674031","3","37685811"
"chr10","39359884","39359906","KN295405v1","1673920","1673943","2","37685964"
"chr10","39365506","39365630","KN295405v1","1668238","1668367","12","37697268"
"chr10","39640363","39640642","KN295405v1","1365775","1366055","16","38274588"
"chr10","39662668","39662810","KN296311v1","2869685","2869833","34","36792983"
"chr10","39663099","39663255","KN296263v1","536654","536807","39","39126445"
"chr10","39690662","39690960","KN295405v1","1323796","1324105","29","38366866"
"chr10","39718168","39718278","KN295405v1","1295926","1296036","6","38422242"
"chr10","40261787","40261927","KN294339v1","93661","93791","29","40168126"
"chr10","40500340","40500451","KN294193v1","654985","655103","33","39845355"
"chr10","40617485","40617770","KN296507v1","738522","738814","63","39878963"
"chr10","40663707","40663877","KN295326v1","444837","444999","51","40218870"
"chr10","40687045","40687202","KN295405v1","328891","329050","10","40358154"
"chr10","40687456","40687587","KN295405v1","328507","328638","9","40358949"
"chr10","40699515","40699823","KN295405v1","315125","315439","27","40384390"
"chr10","40760270","40760581","KN297462v1","564741","565026","87","40195529"
"chr10","40808763","40808894","KN295405v1","196511","196632","17","40612252"
"chr10","40812522","40812688","KN296365v1","532697","532854","32","40279825"
"chr10","40869959","40870087","KN296108v1","1526231","1526354","28","39343728"
"chr10","40877123","40877380","KN294991v1","1341110","1341371","57","39536013"
"chr10","40890909","40891126","KN295596v1","3046296","3046522","68","37844613"
"chr10","40898264","40898507","KN295405v1","104803","105053","22","40793461"
"chr10","40904257","40904384","KN295706v1","131306","131439","18","40772951"
"chr10","40916636","40916863","KN295405v1","84611","84839","18","40832025"
"chr10","40935596","40935738","KN295405v1","59313","59447","13","40876283"
"chr10","40953744","40953890","KN295405v1","40643","40808","24","40913101"
"chr10","40954190","40954312","KN295405v1","40213","40332","12","40913977"
"chr10","40967409","40967722","KN296938v1","928271","928577","68","40039138"
"chr10","41030377","41030677","KN296507v1","738522","738814","71","40291855"
"chr10","41132159","41132438","KN294446v1","53024","53304","15","41079135"
"chr10","41212946","41213110","KN294446v1","136104","136215","56","41076842"
"chr10","41295176","41295325","KN295708v1","957826","957973","33","40337350"
"chr10","41295626","41295783","KN294470v1","2691196","2691354","41","38604430"
"chr10","41407708","41407892","KN296508v1","1437177","1437349","46","39970531"
"chr10","41428622","41428917","KN294446v1","381643","381924","32","41046979"
"chr10","41499265","41499391","KN294446v1","446429","446555","9","41052836"
"chr10","41503857","41504047","KN295701v1","363321","363509","51","41140536"
"chr10","41522419","41522551","KN294446v1","469984","470115","5","41052435"
"chr10","41579297","41579431","KN295706v1","131306","131439","21","41447991"
"chr10","41618722","41619007","KN295480v1","2295514","2295785","69","39323208"
"chr10","41850992","41851213","KN294446v1","801059","801280","8","41049933"
"chr10","42574933","42575067","KN295552v1","60416","60547","12","42514517"
"chr10","43357553","43357685","KN294847v1","197621","197753","12","43159932"
"chr10","44160809","44161108","KN294863v1","593170","593465","43","43567639"
"chr10","44216810","44216972","KN297319v1","373164","373327","27","43843646"
"chr10","45303356","45303513","KN295852v1","187013","187155","17","45116343"
"chr10","45333901","45334055","KN295852v1","187013","187155","20","45146888"
"chr10","45355856","45356113","KN295852v1","209119","209373","20","45146737"
"chr10","45887433","45887759","KN294728v1","1890164","1890489","21","43997269"
"chr10","46206289","46206523","KN296682v1","2867973","2868160","84","43338316"
"chr10","46447953","46448257","KN294728v1","1309057","1309361","22","45138896"
"chr10","46810284","46810591","KN297058v1","194613","194917","62","46615671"
"chr10","46979165","46979457","KN294728v1","765090","765383","21","46214075"
"chr10","47030685","47030992","KN294728v1","721338","721656","34","46309347"
"chr10","47047108","47047415","KN294728v1","721338","721656","34","46325770"
"chr10","48252105","48252288","KN294287v1","645666","645855","46","47606439"
"chr10","48529422","48529649","KN294235v1","570733","570958","57","47958689"
"chr10","48661559","48661848","KN295883v1","403214","403504","85","48258345"
"chr10","48663534","48663818","KN296495v1","1076274","1076557","63","47587260"
"chr10","48992470","48992771","KN295936v1","78605","78913","65","48913865"
"chr10","49007203","49007330","KN294172v1","6039824","6039947","22","42967379"
"chr10","49278329","49278640","KN294161v1","491457","491757","69","48786872"
"chr10","49648777","49648913","KN295869v1","1015956","1016090","7","48632821"
"chr10","49753046","49753229","KN295869v1","911111","911296","17","48841935"
"chr10","50318397","50318632","KN295869v1","333345","333580","12","49985052"
"chr10","50694005","50694282","KN294302v1","861450","861728","24","49832555"
"chr10","50872036","50872314","KN294302v1","675665","675940","29","50196371"
"chr10","51174493","51174841","KN294302v1","365938","366280","33","50808555"
"chr10","52338931","52339215","KN295570v1","240596","240859","38","52098335"
"chr10","53682460","53682776","KN295102v1","38793","39103","85","53643667"
"chr10","54365892","54366204","KN296322v1","1648835","1649139","78","52717057"
"chr10","55195161","55195465","KN295441v1","1823484","1823788","75","53371677"
"chr10","55391309","55391602","KN295368v1","1939103","1939400","89","53452206"
"chr10","55486719","55486987","KN296948v1","999703","999965","78","54487016"
"chr10","55791270","55791552","KN296404v1","2095101","2095370","70","53696169"
"chr10","56291286","56291582","KN296322v1","426249","426560","80","55865037"
"chr10","56449992","56450223","KN296062v1","1532820","1533033","79","54917172"
"chr10","57000200","57000329","KN296311v1","4657589","4657718","29","52342611"
"chr10","57041980","57042274","KN296205v1","601732","602028","70","56440248"
"chr10","57074164","57074272","KN295090v1","1260590","1260700","25","55813574"
"chr10","57838790","57839106","KN294991v1","1709174","1709474","88","56129616"
"chr10","57853213","57853482","KN294873v1","82870","83122","76","57770343"
"chr10","58429205","58429528","KN296322v1","720135","720449","79","57709070"
"chr10","58821711","58822020","KN296294v1","86095","86414","87","58735616"
"chr10","59594115","59594444","KN294239v1","243029","243336","83","59351086"
"chr10","59744760","59745067","KN295633v1","909764","910066","77","58834996"
"chr10","59950760","59950880","KN297229v1","352299","352425","36","59598461"
"chr10","60273806","60273887","KN294501v1","2520808","2520892","20","57752998"
"chr10","60310844","60310999","KN295205v1","824407","824553","34","59486437"
"chr10","60465127","60465485","KN296495v1","2039293","2039625","96","58425834"
"chr10","60494703","60494983","KN296551v1","300590","300885","45","60194113"
"chr10","63213224","63213320","KN297408v1","30096","30198","29","63183128"
"chr10","63213354","63213539","KN295830v1","127693","127875","57","63085661"
"chr10","63342119","63342431","KN295923v1","574170","574465","81","62767949"
"chr10","64438434","64438671","KN297095v1","2475476","2475727","66","61962958"
"chr10","64478018","64478283","KN294571v1","2055636","2055896","66","62422382"
"chr10","64960106","64960433","KN295980v1","876495","876775","69","64083611"
"chr10","65349304","65349599","KN296864v1","1939832","1940132","63","63409472"
"chr10","65632184","65632251","KN295980v1","204532","204597","5","65427652"
"chr10","66449406","66449716","KN296205v1","601732","602028","81","65847674"
"chr10","66667980","66667995","KN295591v1","551633","551647","4","66116347"
"chr10","66668022","66668301","KN294187v1","1887786","1888062","83","64780236"
"chr10","66716899","66717193","KN296311v1","5353300","5353582","75","61363599"
"chr10","66782461","66782733","KN295267v1","81052","81310","76","66701409"
"chr10","66798778","66799066","KN295068v1","49131","49419","61","66749647"
"chr10","66927046","66927334","KN295923v1","574170","574465","65","66352876"
"chr10","67370034","67370151","KN295405v1","40213","40332","35","67329821"
"chr10","67402235","67402474","KN295319v1","765091","765341","76","66637144"
"chr10","67446725","67446998","KN295980v1","949122","949404","25","66497603"
"chr10","67468466","67468711","KN295092v1","980286","980537","69","66488180"
"chr10","82089390","82089690","KN294239v1","243029","243336","71","81846361"
"chr10","82260798","82260928","KN296732v1","3311835","3311972","37","78948963"
"chr10","82263622","82263815","KN295601v1","1689627","1689831","62","80573995"
"chr10","82265330","82265523","KN296620v1","888177","888381","62","81377153"
"chr10","82368589","82368878","KN294523v1","15844","16136","61","82352745"
"chr10","83134106","83134202","KN296879v1","482169","482265","25","82651937"
"chr10","83239737","83239960","KN296643v1","482284","482494","56","82757453"
"chr10","83577745","83578043","KN296495v1","1722244","1722543","64","81855501"
"chr10","85262368","85262613","KN296145v1","736954","737187","66","84525414"
"chr10","85378620","85378713","KN295287v1","25167","25255","43","85353453"
"chr10","85479959","85480124","KN294991v1","973655","973815","30","84506304"
"chr10","85480408","85480549","KN296486v1","443912","444054","28","85036496"
"chr10","85743167","85743240","KN296153v1","38672","38740","23","85704495"
"chr10","85763509","85763644","KN295294v1","3806061","3806194","20","81957448"
"chr10","85786930","85787231","KN297296v1","3355","3670","60","85783575"
"chr10","86035317","86035454","KN296138v1","299724","299858","19","85735593"
"chr10","86372432","86372612","KN296926v1","506799","506991","47","85865633"
"chr10","86441548","86441680","KN295243v1","966985","967114","13","85474563"
"chr10","86476270","86476405","KN295243v1","931671","931806","4","85544599"
"chr10","86503611","86503911","KN295243v1","903568","903865","32","85600043"
"chr10","86760389","86760509","KN296682v1","4980731","4980854","21","81779658"
"chr10","86760557","86760729","KN294271v1","8882","9045","49","86751675"
"chr10","86972650","86972966","KN295243v1","426590","426911","22","86546060"
"chr10","87600608","87600693","KN295722v1","2644458","2644543","3","84956150"
"chr10","87766930","87767055","KN295722v1","2808229","2808346","18","84958701"
"chr10","87909310","87909531","KN297095v1","2669325","2669548","58","85239985"
"chr10","87920086","87920307","KN297095v1","2669325","2669548","58","85250761"
"chr10","88149248","88149468","KN294208v1","73414","73627","51","88075834"
"chr10","88304979","88305250","KN294539v1","1692531","1692809","63","86612448"
"chr10","88547671","88547969","KN296495v1","1722244","1722543","70","86825427"
"chr10","88618420","88618545","KN294470v1","3035258","3035389","27","85583162"
"chr10","88667607","88667743","KN296538v1","514898","515032","24","88152709"
"chr10","88736503","88736811","KN296322v1","1648835","1649139","60","87087668"
"chr10","88811558","88811690","KN297453v1","84448","84582","23","88727110"
"chr10","88879849","88879978","KN295294v1","3806061","3806194","24","85073788"
"chr10","88881644","88881776","KN295706v1","131306","131439","25","88750338"
"chr10","88897641","88897933","KN296322v1","1648835","1649139","69","87248806"
"chr10","89078785","89079052","KN295523v1","3469042","3469297","72","85609743"
"chr10","89210574","89210863","KN297233v1","1296975","1297275","89","87913599"
"chr10","89216981","89217263","KN294172v1","1404856","1405150","80","87812125"
"chr10","89344364","89344570","KN296767v1","53224","53425","61","89291140"
"chr10","89613866","89614157","KN295257v1","300761","301044","64","89313105"
"chr10","89734383","89734679","KN297023v1","152219","152509","69","89582164"
"chr10","90011009","90011309","KN297112v1","2231098","2231393","62","87779911"
"chr10","90025819","90026119","KN294848v1","932997","933294","62","89092822"
"chr10","90039605","90039924","KN297112v1","1848867","1849178","77","88190738"
"chr10","90070486","90070593","KN296955v1","342499","342601","30","89727987"
"chr10","90572732","90572867","KN294588v1","379826","379951","46","90192906"
"chr10","90573157","90573384","KN295722v1","1902466","1902688","67","88670691"
"chr10","90573645","90573872","KN295722v1","1902466","1902688","67","88671179"
"chr10","90574162","90574297","KN294588v1","379826","379951","46","90194336"
"chr10","91142530","91142785","KN296731v1","998171","998423","65","90144359"
"chr10","91157675","91157963","KN296311v1","5278234","5278515","70","85879441"
"chr10","91211300","91211432","KN295090v1","610678","610810","21","90600622"
"chr10","91498171","91498469","KN295893v1","1879651","1879923","70","89618520"
"chr10","91540294","91540573","KN295708v1","735658","735943","79","90804636"
"chr10","91663054","91663335","KN294420v1","816046","816329","64","90847008"
"chr10","91757264","91757570","KN295633v1","778185","778486","69","90979079"
"chr10","91771321","91771450","KN296311v1","4815038","4815168","21","86956283"
"chr10","91899527","91899796","KN296484v1","4833","5123","71","91894694"
"chr10","92073106","92073404","KN297184v1","1114866","1115167","68","90958240"
"chr10","92086736","92086983","KN297180v1","531711","531948","72","91555025"
"chr10","92786091","92786215","KN294410v1","486228","486353","26","92299863"
"chr10","92814832","92815131","KN294210v1","473112","473404","68","92341720"
"chr10","92818538","92818722","KN295241v1","97934","98104","58","92720604"
"chr10","92941608","92941892","KN296759v1","85117","85407","70","92856491"
"chr10","93204208","93204382","KN297320v1","32939","33116","43","93171269"
"chr10","93204422","93204539","KN297323v1","349913","350031","26","92854509"
"chr10","93377983","93378261","KN297227v1","1049335","1049619","69","92328648"
"chr10","93403974","93404253","KN295267v1","81052","81310","83","93322922"
"chr10","95112633","95112701","KN297008v1","2642712","2642772","16","92469921"
"chr10","95130862","95130919","KN297008v1","2642712","2642772","14","92488150"
"chr10","96078896","96078936","KN296367v1","700794","700834","1","95378102"
"chr10","96080200","96080501","KN296367v1","699227","699533","19","95380973"
"chr10","96173026","96173144","KN294741v1","1083617","1083736","21","95089409"
"chr10","96173172","96173364","KN295701v1","363321","363509","46","95809851"
"chr10","96470362","96470648","KN294879v1","385981","386259","61","96084381"
"chr10","96472604","96472890","KN294879v1","385981","386259","61","96086623"
"chr10","96519544","96519845","KN296367v1","252357","252652","34","96267187"
"chr10","96718831","96719143","KN294539v1","915392","915693","90","95803439"
"chr10","97684390","97684584","KN294416v1","419638","419830","59","97264752"
"chr10","97736490","97736629","KN296210v1","326465","326608","29","97410025"
"chr10","97736940","97737119","KN296528v1","1417954","1418126","44","96318986"
"chr10","98344036","98344160","KN294650v1","82689","82804","35","98261347"
"chr10","98728645","98728933","KN295352v1","1382929","1383224","68","97345716"
"chr10","99042664","99042956","KN294949v1","547798","548089","75","98494866"
"chr10","99169701","99169855","KN297171v1","1235221","1235375","32","97934480"
"chr10","99372619","99372760","KN295893v1","954528","954662","48","98418091"
"chr10","100742453","100742519","KN296726v1","192553","192622","19","100549900"
"chr10","100777842","100778147","KN297133v1","425281","425572","69","100352561"
"chr10","100802917","100803044","KN295573v1","623556","623685","24","100179361"
"chr10","100945470","100945755","KN295984v1","150673","150962","67","100794797"
"chr10","101046198","101046495","KN294210v1","473112","473404","66","100573086"
"chr10","101595186","101595320","KN294540v1","1022251","1022386","35","100572935"
"chr10","101771651","101771959","KN296322v1","1648835","1649139","76","100122816"
"chr10","102150081","102150246","KN294372v1","59449","59630","50","102090632"
"chr10","102586961","102587254","KN294452v1","1374937","1375240","65","101212024"
"chr10","102854858","102855160","KN295633v1","909764","910066","61","101945094"
"chr10","103585323","103585616","KN294235v1","979340","979628","68","102605983"
"chr10","103879189","103879481","KN297058v1","194613","194917","70","103684576"
"chr10","104562732","104562863","KN295294v1","3806061","3806194","27","100756671"
"chr10","105615511","105615635","KN296864v1","2307683","2307796","35","103307828"
"chr10","105616006","105616172","KN296864v1","1181648","1181808","36","104434358"
"chr10","106274601","106274735","KN294964v1","2000421","2000556","25","104274180"
"chr10","106309230","106309529","KN294210v1","473112","473404","67","105836118"
"chr10","106310038","106310320","KN297375v1","58397","58674","64","106251641"
"chr10","106386555","106386824","KN297008v1","6549351","6549627","64","99837204"
"chr10","106441168","106441441","KN294987v1","7169","7439","74","106433999"
"chr10","106593769","106593900","KN295526v1","145592","145725","18","106448177"
"chr10","106596177","106596450","KN297197v1","1048614","1048879","63","105547563"
"chr10","106600407","106600706","KN295977v1","399743","400033","66","106200664"
"chr10","106674066","106674263","KN294287v1","645666","645855","59","106028400"
"chr10","106789056","106789187","KN296643v1","191078","191208","24","106597978"
"chr10","106799813","106800025","KN295994v1","491289","491494","48","106308524"
"chr10","107132516","107132781","KN296970v1","541304","541582","73","106591212"
"chr10","107152800","107152933","KN296138v1","11819","11953","22","107140981"
"chr10","107168975","107169046","KN296486v1","1704452","1704529","27","105464523"
"chr10","107169368","107169494","KN295983v1","1667998","1668121","27","105501370"
"chr10","107169885","107169956","KN296486v1","1704452","1704529","26","105465433"
"chr10","107170260","107170386","KN296926v1","988728","988849","27","106181532"
"chr10","107297753","107298065","KN297180v1","314236","314539","65","106983517"
"chr10","107753164","107753449","KN294479v1","170060","170337","31","107583104"
"chr10","107960093","107960368","KN295074v1","671311","671581","79","107288782"
"chr10","108114326","108114502","KN296588v1","899416","899601","40","107214910"
"chr10","108365227","108365511","KN296303v1","855580","855883","41","107509647"
"chr10","108436692","108436933","KN296303v1","798953","799193","15","107637739"
"chr10","108674959","108675247","KN297171v1","2449987","2450273","59","106224972"
"chr10","108705619","108705755","KN296303v1","511797","511932","13","108193822"
"chr10","108922787","108923061","KN296303v1","295769","296038","27","108627018"
"chr10","109719933","109720231","KN296040v1","204272","204551","37","109515661"
"chr10","110058369","110058516","KN296040v1","528452","528594","20","109529917"
"chr10","110058815","110058987","KN296247v1","751980","752150","43","109306835"
"chr10","110133343","110133458","KN296040v1","608419","608540","16","109524924"
"chr10","110261140","110261283","KN295034v1","243361","243503","29","110017779"
"chr10","110263938","110264154","KN296743v1","1848381","1848599","38","108415557"
"chr10","110396773","110397062","KN295984v1","150673","150962","62","110246100"
"chr10","110588416","110588701","KN294260v1","1091595","1091881","75","109496821"
"chr10","110692653","110692940","KN297190v1","2236378","2236664","78","108456275"
"chr10","111253210","111253471","KN295319v1","765091","765341","81","110488119"
"chr10","111325951","111326230","KN297180v1","110970","111263","67","111214981"
"chr10","111406772","111407056","KN294161v1","491457","491757","79","110915315"
"chr10","111412551","111412834","KN295205v1","656212","656501","61","110756339"
"chr10","111558778","111559075","KN296507v1","738522","738814","62","110820256"
"chr10","111591666","111591958","KN297058v1","392670","392966","69","111198996"
"chr10","111888617","111888883","KN294345v1","1219271","1219535","76","110669346"
"chr10","111917352","111917634","KN297028v1","97110","97396","61","111820242"
"chr10","112150061","112150350","KN295744v1","408789","409077","69","111741272"
"chr10","112659774","112660061","KN296833v1","198739","199022","73","112461035"
"chr10","112713240","112713543","KN297023v1","640512","640805","67","112072728"
"chr10","113180202","113180453","KN296948v1","999703","999965","69","112180499"
"chr10","113217747","113218027","KN295594v1","198806","199091","72","113018941"
"chr10","113438774","113439069","KN296244v1","327623","327911","66","113111151"
"chr10","113689231","113689416","KN296620v1","826280","826449","54","112862951"
"chr10","113689715","113689855","KN296210v1","326465","326608","31","113363250"
"chr10","113800905","113801182","KN294210v1","473112","473404","69","113327793"
"chr10","114623021","114623152","KN295706v1","131306","131439","15","114491715"
"chr10","114663159","114663446","KN295744v1","408789","409077","74","114254370"
"chr10","114949613","114949770","KN295962v1","2106431","2106583","31","112843182"
"chr10","114966066","114966170","KN296153v1","3499078","3499186","33","111466988"
"chr10","115004271","115004402","KN296588v1","231105","231237","23","114773166"
"chr10","115008103","115008391","KN295346v1","1646114","1646406","62","113361989"
"chr10","115091732","115091828","KN295301v1","1589895","1589989","21","113501837"
"chr10","115182132","115182261","KN295441v1","789788","789916","24","114392344"
"chr10","115203392","115203515","KN294172v1","3568097","3568221","26","111635295"
"chr10","115532829","115533130","KN296759v1","210528","210836","70","115322301"
"chr10","115600264","115600410","KN296210v1","326465","326608","33","115273799"
"chr10","115600708","115600844","KN296682v1","4601944","4602079","35","110998764"
"chr10","115601426","115601721","KN294207v1","595798","596096","56","115005628"
"chr10","115690925","115691241","KN295406v1","486578","486886","71","115204347"
"chr10","116030658","116030973","KN296783v1","392053","392363","78","115638605"
"chr10","116099244","116099538","KN294451v1","1225241","1225529","62","114874003"
"chr10","116141182","116141327","KN296187v1","1018477","1018630","37","115122705"
"chr10","116193570","116193856","KN297159v1","1308703","1308996","65","114884867"
"chr10","116466789","116466849","KN295596v1","1272023","1272083","14","115194766"
"chr10","116467145","116467177","KN296646v1","838353","838388","10","115628792"
"chr10","116529725","116530032","KN296322v1","1648835","1649139","64","114880890"
"chr10","116548569","116548862","KN295923v1","574170","574465","62","115974399"
"chr10","116825270","116825438","KN294991v1","973655","973815","40","115851615"
"chr10","116893062","116893188","KN295294v1","3806061","3806194","20","113087001"
"chr10","117001641","117001943","KN294539v1","1096217","1096495","77","115905424"
"chr10","117254229","117254519","KN297227v1","1049335","1049619","66","116204894"
"chr10","117584653","117584739","KN294501v1","2520808","2520892","16","115063845"
"chr10","117611735","117611868","KN295090v1","610678","610810","25","117001057"
"chr10","117781709","117782010","KN294207v1","595798","596096","72","117185911"
"chr10","117825355","117825592","KN296991v1","1155715","1155935","66","116669640"
"chr10","117835598","117835743","KN297154v1","582564","582702","30","117253034"
"chr10","117836037","117836210","KN294711v1","1194000","1194162","43","116642037"
"chr10","117888794","117888843","KN297195v1","491600","491645","11","117397194"
"chr10","118102806","118103110","KN294161v1","491457","491757","63","117611349"
"chr10","118373366","118373629","KN295090v1","357659","357923","61","118015707"
"chr10","118680474","118680774","KN295667v1","1567361","1567664","67","117113113"
"chr10","119016354","119016517","KN294271v1","8882","9045","33","119007472"
"chr10","119292970","119293144","KN295241v1","97934","98104","38","119195036"
"chr10","119293171","119293278","KN294210v1","694425","694529","28","118598746"
"chr10","119337575","119337791","KN295803v1","1216071","1216287","9","118121504"
"chr10","119642824","119643138","KN295803v1","939264","939553","50","118703560"
"chr10","120325395","120325663","KN297046v1","3526635","3526886","61","116798760"
"chr10","121963751","121964051","KN295117v1","112788","113084","64","121850963"
"chr10","122933736","122934069","KN294949v1","1551468","1551789","93","121382268"
"chr10","122994771","122995078","KN297320v1","2027548","2027856","80","120967223"
"chr10","125119535","125119685","KN295005v1","263752","263899","33","124855783"
"chr10","125167602","125167731","KN296547v1","457528","457658","11","124710074"
"chr10","125443162","125443450","KN295894v1","2131941","2132242","66","123311221"
"chr10","125614861","125615154","KN295352v1","729753","730045","57","124885108"
"chr10","126932463","126932743","KN294987v1","858029","858282","80","126074434"
"chr10","126996223","126996464","KN297083v1","438530","438765","80","126557693"
"chr10","127520810","127521108","KN295988v1","612950","613223","43","126907860"
"chr10","127624337","127624663","KN295988v1","721141","721488","49","126903196"
"chr10","127808836","127809119","KN295988v1","904402","904685","27","126904434"
"chr10","127905400","127905450","KN295988v1","992862","992913","4","126912538"
"chr10","128474631","128474938","KN295988v1","1587199","1587494","23","126887432"
"chr10","129072946","129073238","KN294235v1","447510","447794","62","128625436"
"chr10","129613625","129613921","KN295474v1","842239","842543","47","128771386"
"chr10","129651048","129651368","KN294604v1","27646","27963","69","129623402"
"chr10","130349100","130349295","KN296119v1","5280949","5281131","51","125068151"
"chr10","130349298","130349461","KN294842v1","652653","652804","43","129696645"
"chr10","131432060","131432185","KN296682v1","4980731","4980854","21","126451329"
"chr10","131432513","131432699","KN297320v1","32939","33116","45","131399574"
"chr10","132020361","132020676","KN294389v1","28183","28488","71","131992178"
"chr10","132085472","132085597","KN296119v1","2162044","2162170","29","129923428"
"chr10","133725699","133725872","KN294372v1","2365173","2365337","41","131360526"
"chr10","134568411","134568545","KN296242v1","811382","811518","25","133757029"
"chr10","134816242","134816384","KN295034v1","243361","243503","33","134572881"
"chr10","134969067","134969198","KN296311v1","4657589","4657718","24","130311478"
"chr10","134993387","134993680","KN294235v1","47425","47725","76","134945962"
"chr10","135084000","135084146","KN294571v1","417305","417453","29","134666695"
"chr10","135262301","135262561","KN295205v1","848688","848949","49","134413613"
"chr10","136657213","136657522","KN294509v1","1350928","1351223","84","135306285"
"chr10","136961500","136961810","KN294954v1","70243","70554","72","136891257"
"chr10","136998272","136998559","KN295117v1","112788","113084","67","136885484"
"chr10","137068956","137069079","KN296322v1","997745","997870","23","136071211"
"chr10","137168976","137169279","KN294790v1","39256","39560","27","137129720"
"chr10","137278203","137278498","KN294790v1","149446","149755","38","137128757"
"chr10","137619131","137619396","KN294790v1","483712","483988","36","137135419"
"chr10","138082856","138083154","KN294790v1","911102","911378","40","137171754"
"chr10","138099225","138099542","KN297066v1","48943","49249","69","138050282"
"chr10","138893261","138893605","KN297046v1","484119","484442","102","138409142"
"chr10","138951131","138951427","KN294790v1","1862467","1862771","23","137088664"
"chr10","139245372","139245521","KN294790v1","2275744","2275904","32","136969628"
"chr10","139315821","139315905","KN297092v1","3480","3567","24","139312341"
"chr10","139707923","139708207","KN296665v1","224506","224804","71","139483417"
"chr10","140065725","140065868","KN297279v1","1209908","1210040","38","138855817"
"chr10","140670400","140670543","KN294790v1","3675263","3675407","10","136995137"
"chr10","140743515","140743821","KN294790v1","3747740","3748048","32","136995775"
"chr10","140750196","140750484","KN294790v1","3754436","3754749","39","136995760"
"chr10","141651862","141652149","KN294790v1","4710268","4710552","20","136941594"
"chr10","141663809","141663910","KN294790v1","4722040","4722139","9","136941769"
"chr10","142131777","142131867","KN294790v1","5180407","5180498","6","136951370"
"chr10","142132286","142132483","KN294790v1","5180916","5181115","23","136951370"
"chr10","142847151","142847259","KN294499v1","518311","518429","27","142328840"
"chr10","142847550","142847717","KN294548v1","490123","490280","55","142357427"
"chr10","143619164","143619241","KN294790v1","6724105","6724182","7","136895059"
"chr10","144197806","144198092","KN295984v1","150673","150962","62","144047133"
"chr10","144340952","144341087","KN294964v1","965459","965591","20","143375493"
"chr10","144879278","144879417","KN296643v1","191078","191208","44","144688200"
"chr10","144947116","144947247","KN295112v1","531236","531368","23","144415880"
"chr10","145981366","145981671","KN295205v1","1534387","1534688","74","144446979"
"chr10","146150120","146150409","KN295171v1","12625","12912","63","146137495"
"chr10","146150410","146150545","KN295605v1","687968","688102","25","145462442"
"chr10","146315454","146315585","KN295601v1","2833105","2833244","27","143482349"
"chr10","147000001","147000141","KN296315v1","917369","917527","38","146082632"
"chr11","7995317","7995471","KN296378v1","112481","112614","39","7882836"
"chr11","264040","264314","KN295099v1","55159","55457","68","208881"
"chr11","893929","894082","KN296921v1","435698","435849","31","458231"
"chr11","1151664","1151850","KN296588v1","899416","899601","41","252248"
"chr11","1151915","1151973","KN296138v1","489235","489293","17","662680"
"chr11","1651231","1651302","KN294535v1","80806","80875","16","1570425"
"chr11","2402217","2402497","KN296311v1","5278234","5278515","73","2876017"
"chr11","2785169","2785297","KN294172v1","787807","787929","25","1997362"
"chr11","2831695","2831826","KN295605v1","687968","688102","26","2143727"
"chr11","3295188","3295263","KN294513v1","564705","564774","17","2730483"
"chr11","3466881","3467192","KN295601v1","1689885","1690170","98","1776996"
"chr11","3617931","3618113","KN296119v1","5696026","5696207","10","2078095"
"chr11","3618424","3618545","KN296119v1","5696520","5696644","10","2078096"
"chr11","3859284","3859551","KN296119v1","5896334","5896605","17","2037050"
"chr11","3869400","3869538","KN296119v1","5907011","5907149","8","2037611"
"chr11","4455805","4456122","KN296119v1","6442692","6443009","19","1986887"
"chr11","5853367","5853661","KN294210v1","473112","473404","66","5380255"
"chr11","5918293","5918576","KN294457v1","210304","210595","64","5707989"
"chr11","6273559","6273697","KN297322v1","1099207","1099341","30","5174352"
"chr11","6277575","6277851","KN294493v1","1639497","1639778","75","4638078"
"chr11","6814595","6814880","KN295294v1","1101026","1101317","72","5713569"
"chr11","7184375","7184476","KN295368v1","597302","597393","34","6587073"
"chr11","7781456","7781753","KN294984v1","94202","94491","67","7687254"
"chr11","8062920","8063050","KN296311v1","4657589","4657718","23","3405331"
"chr11","8632002","8632122","KN294456v1","1028969","1029075","38","7603033"
"chr11","8723663","8723773","KN295977v1","1181733","1181839","39","7541930"
"chr11","8749015","8749294","KN294453v1","316902","317180","86","8432113"
"chr11","8793516","8793691","KN295045v1","685836","686001","43","8107680"
"chr11","8793718","8793837","KN295977v1","426136","426253","27","8367582"
"chr11","8959833","8960115","KN296515v1","108704","108986","59","8851129"
"chr11","9029253","9029551","KN295573v1","1390691","1391001","73","7638562"
"chr11","9032196","9032380","KN296119v1","5280949","5281131","53","3751247"
"chr11","9272836","9273106","KN296883v1","3290038","3290316","79","5982798"
"chr11","9316491","9316798","KN295459v1","878673","878961","87","8437818"
"chr11","9329336","9329642","KN295667v1","1108671","1108966","68","8220665"
"chr11","9393043","9393336","KN295984v1","150673","150962","66","9242370"
"chr11","9445482","9445767","KN295735v1","662767","663052","54","8782715"
"chr11","9457025","9457312","KN295735v1","662767","663052","52","8794258"
"chr11","9460886","9461168","KN294457v1","210304","210595","64","9250582"
"chr11","9511219","9511511","KN294416v1","605214","605509","58","8906005"
"chr11","9526092","9526352","KN295523v1","3469042","3469297","64","6057050"
"chr11","9549406","9549706","KN297112v1","2231098","2231393","69","7318308"
"chr11","9551205","9551451","KN297445v1","1222732","1222973","54","8328473"
"chr11","9571978","9572287","KN296825v1","1359724","1360035","69","8212254"
"chr11","9725718","9726033","KN296322v1","1648835","1649139","74","8076883"
"chr11","10057549","10057850","KN295352v1","1382929","1383224","69","8674620"
"chr11","10118535","10118829","KN295667v1","2331552","2331850","80","7786983"
"chr11","10184600","10184868","KN296508v1","1973232","1973505","59","8211368"
"chr11","10232528","10232670","KN296495v1","1296063","1296199","30","8936465"
"chr11","10439610","10439738","KN297023v1","686879","687015","25","9752731"
"chr11","10638917","10639192","KN297008v1","6549351","6549627","58","4089566"
"chr11","10679449","10679748","KN296982v1","449377","449668","73","10230072"
"chr11","10684284","10684454","KN295722v1","1530489","1530661","47","9153795"
"chr11","10728222","10728488","KN294592v1","450560","450839","74","10277662"
"chr11","12535346","12535625","KN295068v1","49131","49419","25","12486215"
"chr11","12583130","12583445","KN296849v1","694658","694962","79","11888472"
"chr11","13359848","13360159","KN296864v1","2452974","2453250","98","10906874"
"chr11","13511046","13511213","KN294470v1","78054","78217","33","13432992"
"chr11","13531342","13531474","KN296311v1","4657589","4657718","21","8873753"
"chr11","13660108","13660418","KN296864v1","1939832","1940132","79","11720276"
"chr11","13884507","13884797","KN294260v1","1091595","1091881","74","12792912"
"chr11","14135097","14135376","KN294539v1","1692531","1692809","70","12442566"
"chr11","14148627","14148932","KN294439v1","130265","130569","73","14018362"
"chr11","14230519","14230640","KN294451v1","368152","368276","26","13862367"
"chr11","14230679","14230834","KN295633v1","552946","553113","44","13677733"
"chr11","14240649","14240949","KN296507v1","738522","738814","64","13502127"
"chr11","14285164","14285473","KN296864v1","1939832","1940132","67","12345332"
"chr11","14362727","14363018","KN294806v1","594997","595290","56","13767730"
"chr11","14545184","14545488","KN294410v1","221173","221470","65","14324011"
"chr11","14567294","14567595","KN295352v1","729753","730045","67","13837541"
"chr11","16424064","16424351","KN294849v1","140613","140890","35","16283451"
"chr11","16561888","16562171","KN294167v1","130805","131106","46","16431083"
"chr11","16622782","16623095","KN295573v1","1390691","1391001","66","15232091"
"chr11","16689618","16689745","KN296311v1","4657589","4657718","26","12032029"
"chr11","16759274","16759447","KN294167v1","348277","348450","7","16410997"
"chr11","16783177","16783492","KN295633v1","909764","910066","69","15873413"
"chr11","16838153","16838450","KN294167v1","427334","427608","36","16410819"
"chr11","16936347","16936639","KN296649v1","28211","28505","70","16908136"
"chr11","17029285","17029579","KN297236v1","52228","52520","65","16977057"
"chr11","17194500","17194749","KN294705v1","1107549","1107807","74","16086951"
"chr11","17226083","17226359","KN296528v1","172612","172881","22","17053471"
"chr11","17759410","17759694","KN296528v1","699413","699703","15","17059997"
"chr11","17783987","17784273","KN296528v1","730356","730652","39","17053631"
"chr11","17874243","17874557","KN296528v1","821177","821492","18","17053066"
"chr11","18135144","18135442","KN296528v1","1109404","1109696","25","17025740"
"chr11","18187183","18187529","KN296528v1","1175914","1176252","42","17011269"
"chr11","18257448","18257576","KN296528v1","1252022","1252159","20","17005426"
"chr11","18275220","18275506","KN296528v1","1269160","1269445","22","17006060"
"chr11","18290814","18290928","KN295814v1","1089849","1089977","40","17200965"
"chr11","18345916","18346194","KN296528v1","1354428","1354703","18","16991488"
"chr11","18393248","18393525","KN294539v1","1096217","1096495","61","17297031"
"chr11","18396850","18397085","KN296528v1","1411593","1411869","57","16985257"
"chr11","18403478","18403655","KN296528v1","1417954","1418126","13","16985524"
"chr11","18445628","18445857","KN296528v1","1463043","1463267","17","16982585"
"chr11","18526533","18526822","KN296528v1","1558099","1558391","17","16968434"
"chr11","18612979","18613109","KN296528v1","1637902","1638033","9","16975077"
"chr11","19858599","19858904","KN294619v1","928744","929049","21","18929855"
"chr11","20170369","20170670","KN294619v1","1241457","1241751","32","18928912"
"chr11","20313752","20313856","KN294619v1","1400034","1400133","15","18913718"
"chr11","20504075","20504371","KN294619v1","1593520","1593816","13","18910555"
"chr11","20642289","20642580","KN296649v1","220350","220626","65","20421939"
"chr11","20894361","20894651","KN295929v1","240001","240300","70","20654360"
"chr11","20982900","20983199","KN295005v1","411098","411388","31","20571802"
"chr11","21748798","21749099","KN297050v1","187200","187494","73","21561598"
"chr11","21886452","21886752","KN296482v1","555339","555640","26","21331113"
"chr11","22878396","22878549","KN294548v1","490123","490280","37","22388273"
"chr11","22925141","22925401","KN295352v1","1019178","1019436","72","21905963"
"chr11","23550581","23550903","KN296161v1","738051","738355","48","22812530"
"chr11","23720391","23720688","KN296161v1","521699","522006","55","23198692"
"chr11","24098841","24099008","KN296161v1","161294","161468","19","23937547"
"chr11","24424043","24424129","KN297046v1","3504949","3505040","31","20919094"
"chr11","24605483","24605674","KN296588v1","899416","899601","46","23706067"
"chr11","25062402","25062702","KN297184v1","1114866","1115167","72","23947536"
"chr11","25605255","25605510","KN294987v1","858029","858282","73","24747226"
"chr11","25765577","25765861","KN294279v1","171583","171867","72","25593994"
"chr11","26061394","26061695","KN296210v1","121418","121711","72","25939976"
"chr11","27005646","27005936","KN295633v1","778185","778486","70","26227461"
"chr11","27117136","27117268","KN296311v1","4815038","4815168","18","22302098"
"chr11","27487631","27487902","KN297225v1","665237","665503","13","26822394"
"chr11","28310701","28310944","KN296225v1","209480","209693","84","28101221"
"chr11","28435088","28435369","KN296308v1","509786","510061","74","27925302"
"chr11","28612133","28612429","KN294596v1","84339","84630","30","28527794"
"chr11","29450032","29450299","KN296731v1","1028220","1028490","69","28421812"
"chr11","29886886","29887186","KN297224v1","18685","18983","24","29868201"
"chr11","30393520","30393818","KN295586v1","701437","701726","69","29692083"
"chr11","31385152","31385338","KN296759v1","97260","97448","47","31287892"
"chr11","31396717","31396927","KN295533v1","2434686","2434882","49","28962031"
"chr11","31762991","31763199","KN295666v1","152100","152313","53","31610891"
"chr11","31805843","31805975","KN294172v1","6272486","6272617","22","25533357"
"chr11","32304778","32305056","KN294210v1","473112","473404","69","31831666"
"chr11","32577402","32577695","KN295171v1","12625","12912","61","32564777"
"chr11","32627485","32627781","KN295406v1","486578","486886","62","32140907"
"chr11","32632929","32633219","KN296606v1","108609","108901","62","32524320"
"chr11","32665058","32665350","KN294578v1","639003","639297","64","32026055"
"chr11","32848670","32848969","KN294210v1","473112","473404","67","32375558"
"chr11","32984933","32985076","KN295601v1","2833105","2833244","38","30151828"
"chr11","32986676","32986720","KN295832v1","1133517","1133570","15","31853159"
"chr11","33067781","33068067","KN295984v1","150673","150962","64","32917108"
"chr11","33194714","33195004","KN295633v1","9404","9689","68","33185310"
"chr11","33227376","33227522","KN297452v1","2973117","2973259","29","30254259"
"chr11","33235661","33235952","KN294399v1","171378","171682","71","33064283"
"chr11","33278783","33278918","KN295343v1","175201","175335","21","33103582"
"chr11","33298680","33298955","KN297008v1","6549351","6549627","65","26749329"
"chr11","33812373","33812678","KN295666v1","767425","767733","71","33044948"
"chr11","33926779","33927071","KN295633v1","751096","751380","66","33175683"
"chr11","34206493","34206799","KN296322v1","1648835","1649139","82","32557658"
"chr11","34280137","34280270","KN294172v1","6272486","6272617","20","28007651"
"chr11","34366877","34367000","KN296322v1","997745","997870","20","33369132"
"chr11","34425732","34425865","KN297279v1","1209908","1210040","21","33215824"
"chr11","35002094","35002258","KN296864v1","3353170","3353334","35","31648924"
"chr11","35791177","35791496","KN295102v1","38793","39103","64","35752384"
"chr11","36077107","36077408","KN297046v1","1875391","1875685","73","34201716"
"chr11","36369126","36369455","KN294558v1","444373","444681","83","35924753"
"chr11","36562010","36562311","KN297327v1","807993","808286","70","35754017"
"chr11","38033916","38034231","KN296244v1","296863","297159","82","37737053"
"chr11","38276224","38276335","KN294570v1","273775","273869","41","38002449"
"chr11","38277384","38277497","KN295871v1","930449","930551","36","37346935"
"chr11","38661386","38661524","KN296625v1","261253","261395","30","38400133"
"chr11","39125999","39126306","KN295406v1","486578","486886","76","38639421"
"chr11","39268500","39268653","KN294346v1","260578","260726","35","39007922"
"chr11","40338109","40338329","KN296885v1","3156248","3156459","52","37181861"
"chr11","40406138","40406416","KN296865v1","1172192","1172469","69","39233946"
"chr11","40470098","40470405","KN295099v1","55159","55457","70","40414939"
"chr11","41372849","41373165","KN295217v1","833756","834078","25","40539093"
"chr11","42189263","42189531","KN296766v1","110882","111153","64","42078381"
"chr11","43258841","43259149","KN296864v1","1939832","1940132","73","41319009"
"chr11","43633706","43633979","KN294539v1","1692531","1692809","75","41941175"
"chr11","43683882","43684157","KN297200v1","235109","235385","63","43448773"
"chr11","43686797","43687093","KN294452v1","1374937","1375240","75","42311860"
"chr11","43949293","43949585","KN297058v1","392670","392966","63","43556623"
"chr11","44024803","44024925","KN296926v1","988728","988849","26","43036075"
"chr11","44075227","44075512","KN296883v1","2609802","2610089","65","41465425"
"chr11","44125601","44125893","KN295346v1","1646114","1646406","53","42479487"
"chr11","44518212","44518514","KN296538v1","333498","333794","77","44184714"
"chr11","44964759","44965076","KN296505v1","323963","324278","62","44640796"
"chr11","45390469","45390762","KN296732v1","730766","731060","23","44659703"
"chr11","45598743","45598955","KN295225v1","1530403","1530580","65","44068340"
"chr11","45598997","45599120","KN296960v1","1028693","1028813","26","44570304"
"chr11","46044629","46044921","KN296732v1","1369356","1369648","21","44675273"
"chr11","46135777","46136050","KN297312v1","542917","543170","71","45592860"
"chr11","46263160","46263424","KN296732v1","1586626","1586892","18","44676534"
"chr11","46335827","46336122","KN294260v1","822843","823138","65","45512984"
"chr11","46645533","46645829","KN296732v1","1954191","1954492","13","44691342"
"chr11","46715956","46716231","KN296303v1","295769","296038","76","46420187"
"chr11","46729616","46729913","KN296732v1","2039532","2039807","42","44690084"
"chr11","46975459","46975745","KN296732v1","2296362","2296649","27","44679097"
"chr11","47085084","47085389","KN296322v1","1648835","1649139","61","45436249"
"chr11","47128831","47128952","KN297050v1","128023","128146","23","47000808"
"chr11","47145485","47145798","KN296732v1","2463497","2463809","14","44681988"
"chr11","47338136","47338398","KN296732v1","2656295","2656545","28","44681841"
"chr11","47481888","47482029","KN294848v1","1161040","1161175","30","46320848"
"chr11","47482351","47482384","KN296290v1","587719","587750","6","46894632"
"chr11","47598863","47599000","KN296538v1","514898","515032","18","47083965"
"chr11","47731169","47731481","KN294954v1","70243","70554","66","47660926"
"chr11","47824438","47824745","KN296732v1","3168651","3168956","37","44655787"
"chr11","47906861","47906911","KN296646v1","452882","452932","10","47453979"
"chr11","47953131","47953295","KN296732v1","3299905","3300084","21","44653226"
"chr11","47953594","47953740","KN296732v1","3303486","3303632","9","44650108"
"chr11","47953793","47953937","KN294407v1","2863006","2863150","31","45090787"
"chr11","47954235","47954383","KN294172v1","6435271","6435419","26","41518964"
"chr11","47964078","47964243","KN294172v1","3210200","3210360","36","44753878"
"chr11","48006872","48007075","KN296732v1","3363129","3363326","19","44643743"
"chr11","48130457","48130606","KN296732v1","3486473","3486630","17","44643984"
"chr11","48130926","48131030","KN296732v1","3486949","3487060","10","44643977"
"chr11","48135024","48135223","KN296732v1","3491349","3491579","44","44643675"
"chr11","48165404","48165615","KN296732v1","3519845","3520056","21","44645559"
"chr11","48168159","48168228","KN295825v1","1005626","1005699","24","47162533"
"chr11","48173231","48173382","KN294470v1","2691196","2691354","39","45482035"
"chr11","48416781","48417054","KN296732v1","3759509","3759790","30","44657272"
"chr11","48444660","48444932","KN296732v1","3790365","3790636","17","44654295"
"chr11","48511718","48512010","KN295302v1","381457","381740","69","48130261"
"chr11","49453731","49453973","KN295077v1","214455","214699","81","49239276"
"chr11","50016329","50016580","KN296783v1","1112763","1112997","77","48903566"
"chr11","50039875","50039974","KN296316v1","253938","254035","11","49785937"
"chr11","50040295","50040351","KN294175v1","206644","206698","8","49833651"
"chr11","50148949","50149185","KN296145v1","3732348","3732587","61","46416601"
"chr11","50185341","50185495","KN294470v1","2691196","2691354","36","47494145"
"chr11","50185801","50185943","KN296365v1","597866","598002","33","49587935"
"chr11","50233260","50233309","KN295236v1","4089870","4089911","18","46143390"
"chr11","55069349","55069689","KN296294v1","86095","86414","110","54983254"
"chr11","56399565","56399766","KN297190v1","98686","98881","44","56300879"
"chr11","56509692","56509840","KN296225v1","462090","462236","36","56047602"
"chr11","56661962","56662267","KN297184v1","1114866","1115167","59","55547096"
"chr11","56732250","56732528","KN295349v1","6069","6347","70","56726181"
"chr11","56838479","56838770","KN297190v1","2683777","2684071","59","54154702"
"chr11","56942615","56942769","KN297320v1","677594","677746","26","56265021"
"chr11","56959584","56959830","KN294207v1","634204","634468","63","56325380"
"chr11","57841890","57841991","KN294619v1","1400034","1400133","31","56441856"
"chr11","58304462","58304626","KN296864v1","3353170","3353334","32","54951292"
"chr11","58397354","58397631","KN296732v1","1586626","1586892","78","56810728"
"chr11","58724818","58724950","KN296138v1","11819","11953","16","58712999"
"chr11","58763723","58764026","KN296322v1","1648835","1649139","74","57114888"
"chr11","58805878","58806153","KN296453v1","453930","454207","72","58351948"
"chr11","59724539","59724657","KN294416v1","1003998","1004111","29","58720541"
"chr11","59724724","59724912","KN297158v1","804748","804922","48","58919976"
"chr11","60130907","60131086","KN296682v1","2867973","2868160","48","57262934"
"chr11","60131121","60131139","KN294199v1","348628","348645","8","59782493"
"chr11","60131420","60131564","KN295708v1","957826","957973","27","59173594"
"chr11","60411512","60411798","KN294713v1","280214","280502","73","60131298"
"chr11","60549109","60549405","KN294569v1","652042","652317","90","59897067"
"chr11","60595467","60595596","KN295459v1","128391","128517","21","60467076"
"chr11","60998109","60998239","KN296643v1","191078","191208","22","60807031"
"chr11","61200841","61201123","KN296682v1","2256354","2256645","59","58944487"
"chr11","61489331","61489629","KN295079v1","335589","335887","72","61153742"
"chr11","61801007","61801129","KN297274v1","1606553","1606683","29","60194454"
"chr11","61958458","61958719","KN294571v1","2055636","2055896","65","59902822"
"chr11","62817567","62817836","KN296883v1","3290038","3290316","62","59527529"
"chr11","62886140","62886443","KN296649v1","28211","28505","72","62857929"
"chr11","62931737","62932021","KN294260v1","1359230","1359515","65","61572507"
"chr11","62987662","62987966","KN296036v1","2226548","2226840","68","60761114"
"chr11","63370283","63370389","KN294456v1","1028969","1029075","7","62341314"
"chr11","64028188","64028322","KN295605v1","687968","688102","10","63340220"
"chr11","64213714","64213847","KN295034v1","243361","243503","27","63970353"
"chr11","64346466","64346596","KN294591v1","569932","570064","23","63776534"
"chr11","64621934","64622033","KN296062v1","573295","573398","17","64048639"
"chr11","64678387","64678563","KN295605v1","86993","87177","18","64591394"
"chr11","64678864","64678925","KN295605v1","86636","86697","4","64592228"
"chr11","64681805","64681900","KN295605v1","83359","83454","2","64598446"
"chr11","64874553","64874678","KN294457v1","1164538","1164662","28","63710015"
"chr11","64911713","64911912","KN296062v1","2603423","2603625","14","62308290"
"chr11","64971124","64971419","KN296062v1","2545207","2545495","25","62425917"
"chr11","64976663","64976975","KN296062v1","2538817","2539127","34","62437846"
"chr11","64981418","64981694","KN294879v1","385981","386259","57","64595437"
"chr11","65188649","65188947","KN297046v1","2130311","2130564","95","63058338"
"chr11","65279655","65279795","KN296200v1","299464","299591","31","64980191"
"chr11","65419424","65419571","KN294193v1","877240","877391","40","64542184"
"chr11","65461415","65461487","KN295667v1","1211361","1211432","21","64250054"
"chr11","65506118","65506400","KN297227v1","1049335","1049619","70","64456783"
"chr11","65594012","65594323","KN295480v1","1274084","1274387","66","64319928"
"chr11","65834130","65834439","KN296062v1","1688226","1688516","51","64145904"
"chr11","65976833","65977047","KN296062v1","1532820","1533033","8","64444013"
"chr11","66174534","66174670","KN296062v1","1350822","1350957","10","64823712"
"chr11","66334243","66334389","KN296062v1","1212950","1213084","23","65121293"
"chr11","66445075","66445089","KN295722v1","2808176","2808190","2","63636899"
"chr11","66445123","66445244","KN295005v1","263925","264043","33","66181198"
"chr11","66633740","66633769","KN296290v1","587719","587750","9","66046021"
"chr11","66634069","66634172","KN295871v1","930449","930551","32","65703620"
"chr11","66699663","66699796","KN297023v1","686879","687015","22","66012784"
"chr11","67291608","67291705","KN296062v1","573295","573398","13","66718313"
"chr11","67505365","67505505","KN297445v1","1333351","1333481","23","66172014"
"chr11","67550970","67551100","KN295114v1","135006","135138","35","67415964"
"chr11","67801978","67802261","KN296062v1","63871","64149","29","67738107"
"chr11","67922446","67922571","KN294499v1","1971701","1971834","34","65950745"
"chr11","67990318","67990619","KN295984v1","150673","150962","66","67839645"
"chr11","68124254","68124568","KN294169v1","205462","205769","80","67918792"
"chr11","68167490","68167645","KN294571v1","417305","417453","36","67750185"
"chr11","68208290","68208563","KN294662v1","10980","11248","78","68197310"
"chr11","68225568","68225716","KN295706v1","131306","131439","29","68094262"
"chr11","68574260","68574568","KN295667v1","1567361","1567664","78","67006899"
"chr11","68835255","68835387","KN295038v1","817733","817865","26","68017522"
"chr11","68971557","68971811","KN295596v1","1789792","1790064","70","67181765"
"chr11","69150534","69150584","KN296646v1","452882","452932","10","68697652"
"chr11","69678422","69678556","KN296538v1","514898","515032","20","69163524"
"chr11","69751249","69751378","KN295708v1","2703330","2703459","28","67047919"
"chr11","69916560","69916814","KN296404v1","3349203","3349435","76","66567357"
"chr11","69977505","69977798","KN297046v1","3625951","3626247","66","66351554"
"chr11","70805600","70805859","KN297019v1","717404","717664","81","70088196"
"chr11","70988301","70988333","KN295666v1","642449","642493","15","70345852"
"chr11","71061245","71061530","KN297028v1","97110","97396","61","70964135"
"chr11","71070633","71070947","KN296508v1","258998","259298","79","70811635"
"chr11","71073523","71073758","KN296625v1","638837","639065","64","70434686"
"chr11","71492195","71492455","KN296119v1","4872321","4872585","15","66619874"
"chr11","71505552","71505790","KN296825v1","576375","576604","83","70929177"
"chr11","71525320","71525524","KN296119v1","4835249","4835453","14","66690071"
"chr11","71724282","71724418","KN296119v1","4633342","4633477","10","67090940"
"chr11","71874946","71875103","KN297319v1","373164","373327","37","71501782"
"chr11","71929940","71930232","KN296119v1","4430939","4431217","40","67499001"
"chr11","71942324","71942577","KN296119v1","4417986","4418235","25","67524338"
"chr11","72217080","72217378","KN296119v1","4141131","4141431","22","68075949"
"chr11","72355198","72355447","KN296119v1","4000947","4001196","19","68354251"
"chr11","72380010","72380286","KN296119v1","3976064","3976350","27","68403946"
"chr11","72436453","72436580","KN295667v1","1121076","1121214","37","71315377"
"chr11","72610090","72610318","KN296119v1","3757972","3758200","18","68852118"
"chr11","72649031","72649329","KN296119v1","3708662","3708938","48","68940369"
"chr11","72794211","72794382","KN296378v1","979601","979765","43","71814610"
"chr11","72852293","72852607","KN296119v1","3501143","3501439","33","69351150"
"chr11","72910324","72910546","KN296507v1","415379","415594","62","72494945"
"chr11","72983381","72983446","KN294172v1","5276682","5276746","9","67706699"
"chr11","73008852","73009053","KN294287v1","645666","645855","46","72363186"
"chr11","73076787","73076920","KN295548v1","117731","117861","27","72959056"
"chr11","73129319","73129602","KN296119v1","3185271","3185554","16","69944048"
"chr11","73163096","73163381","KN296119v1","3161465","3161773","42","70001631"
"chr11","73216102","73216378","KN296119v1","3111119","3111394","17","70104983"
"chr11","73242488","73242779","KN296119v1","3080682","3080967","24","70161806"
"chr11","73302849","73303014","KN294187v1","1190498","1190657","48","72112351"
"chr11","73403450","73403764","KN295725v1","293304","293604","76","73110146"
"chr11","73474015","73474117","KN296119v1","2873068","2873147","23","70600947"
"chr11","73678326","73678455","KN296119v1","2679118","2679255","15","70999208"
"chr11","73703838","73704125","KN295352v1","729753","730045","72","72974085"
"chr11","73883308","73883438","KN295294v1","3806061","3806194","24","70077247"
"chr11","74356812","74356947","KN296915v1","296877","297011","20","74059935"
"chr11","74488084","74488244","KN296864v1","1181648","1181808","36","73306436"
"chr11","74488408","74488624","KN296119v1","1861431","1861647","11","72626977"
"chr11","75018165","75018443","KN296119v1","1300232","1300511","23","73717933"
"chr11","75269444","75269739","KN296322v1","1648835","1649139","72","73620609"
"chr11","75505876","75506035","KN296119v1","807085","807239","14","74698791"
"chr11","75507109","75507321","KN296119v1","805789","806002","15","74701320"
"chr11","75573224","75573498","KN296119v1","744791","745047","31","74828433"
"chr11","75662396","75662686","KN296119v1","646821","647132","50","75015575"
"chr11","75927107","75927416","KN295406v1","486578","486886","68","75440529"
"chr11","75929079","75929373","KN296119v1","369719","370020","28","75559360"
"chr11","76084015","76084134","KN296682v1","4980731","4980854","25","71103284"
"chr11","76084167","76084315","KN296573v1","15418","15557","33","76068749"
"chr11","76322559","76322874","KN295977v1","1431019","1431329","21","74891540"
"chr11","76462097","76462427","KN296322v1","1648835","1649139","91","74813262"
"chr11","76578349","76578461","KN295977v1","1181733","1181839","9","75396616"
"chr11","76578878","76579071","KN296505v1","176","370","44","76578702"
"chr11","76733709","76733991","KN295977v1","992584","992874","23","75741125"
"chr11","76775919","76776100","KN294848v1","169333","169513","40","76606586"
"chr11","76781072","76781349","KN295977v1","945000","945272","25","75836072"
"chr11","76785181","76785470","KN295977v1","940670","940973","44","75844511"
"chr11","76792541","76792663","KN294787v1","247438","247555","38","76545103"
"chr11","76810570","76810843","KN295977v1","914937","915207","19","75895633"
"chr11","76835497","76835732","KN294879v1","1183051","1183277","67","75652446"
"chr11","77257857","77258173","KN297242v1","1347482","1347793","89","75910375"
"chr11","77283846","77284136","KN295977v1","399743","400033","20","76884103"
"chr11","77322963","77323001","KN295871v1","120431","120473","16","77202532"
"chr11","77491255","77491561","KN294161v1","491457","491757","71","76999798"
"chr11","77647665","77647988","KN294790v1","1862467","1862771","84","75785198"
"chr11","77839449","77839659","KN296310v1","1459156","1459371","18","76380293"
"chr11","78936398","78936699","KN294452v1","1024655","1024959","74","77911743"
"chr11","79012010","79012319","KN295102v1","38793","39103","60","78973217"
"chr11","79203692","79203895","KN296635v1","2061822","2062028","60","77141870"
"chr11","79451376","79451543","KN296310v1","73864","74033","13","79377512"
"chr11","79451607","79451729","KN296153v1","3527722","3527839","26","75923885"
"chr11","79749887","79750194","KN295294v1","1101026","1101317","72","78648861"
"chr11","80232311","80232601","KN296210v1","443099","443408","78","79789212"
"chr11","81447328","81447623","KN296407v1","148578","148865","41","81298750"
"chr11","82374014","82374325","KN295406v1","486578","486886","17","81887436"
"chr11","82429980","82430281","KN295406v1","422798","423100","16","82007182"
"chr11","82443360","82443501","KN295441v1","789788","789916","32","81653572"
"chr11","82443863","82444198","KN295984v1","150673","150962","96","82293190"
"chr11","82519517","82519815","KN295406v1","346913","347213","14","82172604"
"chr11","82590346","82590433","KN295735v1","1823325","1823412","15","80767021"
"chr11","82871575","82871850","KN295319v1","303201","303480","71","82568374"
"chr11","83419363","83419652","KN295582v1","362090","362399","40","83057273"
"chr11","85343896","85344196","KN295110v1","82228","82539","25","85261668"
"chr11","85384305","85384613","KN295110v1","36292","36601","25","85348013"
"chr11","85425874","85426161","KN294210v1","473112","473404","52","84952762"
"chr11","85430116","85430413","KN296508v1","258998","259298","61","85171118"
"chr11","85487316","85487538","KN296062v1","1532820","1533033","55","83954496"
"chr11","85510096","85510172","KN296874v1","108275","108353","20","85401821"
"chr11","85510485","85510707","KN294874v1","119164","119388","62","85391321"
"chr11","85518842","85519107","KN295637v1","799799","800078","65","84719043"
"chr11","85610696","85610937","KN295428v1","224334","224605","71","85386362"
"chr11","85626688","85626987","KN297227v1","1049335","1049619","81","84577353"
"chr11","85648087","85648385","KN296649v1","28211","28505","66","85619876"
"chr11","85815084","85815219","KN296538v1","514898","515032","27","85300186"
"chr11","85868915","85869212","KN296322v1","1648835","1649139","58","84220080"
"chr11","85915679","85915971","KN294848v1","998602","998909","64","84917077"
"chr11","86438558","86438694","KN295708v1","713476","713615","22","85725082"
"chr11","86554559","86554893","KN295633v1","778185","778486","101","85776374"
"chr11","86662853","86662993","KN297440v1","321132","321276","33","86341721"
"chr11","86716294","86716429","KN296738v1","39598","39734","38","86676696"
"chr11","88737487","88737595","KN295501v1","718333","718428","34","88019154"
"chr11","88821869","88822158","KN295090v1","2374852","2375141","67","86447017"
"chr11","89532028","89532148","KN297416v1","162444","162561","22","89369584"
"chr11","89579716","89579848","KN294591v1","569932","570064","28","89009784"
"chr11","89580104","89580287","KN294662v1","211735","211913","42","89368369"
"chr11","89608883","89609141","KN297386v1","1518927","1519195","60","88089956"
"chr11","89779682","89779960","KN295576v1","164716","164996","68","89614966"
"chr11","91680826","91681124","KN295294v1","1101026","1101317","75","90579800"
"chr11","92088168","92088462","KN294446v1","591120","591416","72","91497048"
"chr11","92525990","92526112","KN296225v1","229061","229185","25","92296929"
"chr11","92526183","92526366","KN297293v1","82421","82594","44","92443762"
"chr11","92592704","92592997","KN296495v1","1722244","1722543","71","90870460"
"chr11","93061604","93061903","KN295294v1","1101026","1101317","64","91960578"
"chr11","93194625","93194882","KN296871v1","10096","10361","67","93184529"
"chr11","93252421","93252567","KN295034v1","243361","243503","31","93009060"
"chr11","93283858","93284162","KN294452v1","1374937","1375240","77","91908921"
"chr11","93593668","93593895","KN296404v1","3889374","3889596","61","89704294"
"chr11","94259727","94259966","KN296635v1","4485480","4485724","72","89774247"
"chr11","96254768","96255049","KN297369v1","1514159","1514449","30","94740609"
"chr11","96394231","96394395","KN297369v1","1373901","1374064","10","95020330"
"chr11","97776324","97776604","KN294920v1","32730","32994","44","97743594"
"chr11","98235635","98235926","KN297180v1","314236","314539","66","97921399"
"chr11","98356887","98357187","KN295841v1","375366","375667","50","97981521"
"chr11","99007734","99007891","KN296864v1","3353170","3353334","38","95654564"
"chr11","99962203","99962510","KN295236v1","4448907","4449215","65","95513296"
"chr11","100182950","100183099","KN295034v1","243361","243503","30","99939589"
"chr11","100327356","100327657","KN295294v1","1101026","1101317","68","99226330"
"chr11","100507837","100508129","KN294410v1","221173","221470","80","100286664"
"chr11","101363297","101363525","KN295553v1","27093","27361","57","101336204"
"chr11","101408259","101408463","KN295553v1","69273","69467","21","101338986"
"chr11","101474105","101474393","KN295744v1","408789","409077","61","101065316"
"chr11","102151059","102151356","KN294279v1","171583","171867","63","101979476"
"chr11","102438677","102438748","KN295236v1","3830180","3830244","20","98608497"
"chr11","102439059","102439209","KN294372v1","1088122","1088262","35","101350937"
"chr11","102551850","102552123","KN297048v1","134544","134818","67","102417306"
"chr11","102630341","102630412","KN296635v1","5251433","5251492","23","97378908"
"chr11","102751780","102752082","KN294452v1","1024655","1024959","74","101727125"
"chr11","102861689","102861849","KN295441v1","724682","724832","52","102137007"
"chr11","103003854","103004159","KN294991v1","1709174","1709474","74","101294680"
"chr11","103746075","103746361","KN297095v1","2166583","2166875","60","101579492"
"chr11","104111854","104112121","KN294539v1","1395829","1396088","67","102716025"
"chr11","104271784","104272067","KN294420v1","631308","631597","81","103640476"
"chr11","104698616","104698809","KN296767v1","53224","53425","54","104645392"
"chr11","104742598","104742800","KN294205v1","1582745","1582943","56","103159853"
"chr11","105763506","105763819","KN295394v1","1009371","1009662","44","104754135"
"chr11","105863213","105863491","KN295394v1","911032","911310","22","104952181"
"chr11","105877359","105877652","KN295394v1","896534","896828","22","104980825"
"chr11","107405553","107405689","KN295077v1","850159","850295","13","106555394"
"chr11","107849356","107849396","KN296205v1","601671","601706","13","107247685"
"chr11","107881244","107881376","KN295077v1","389803","389932","10","107491441"
"chr11","107881675","107881831","KN295077v1","389351","389507","15","107492324"
"chr11","107884125","107884413","KN295708v1","735658","735943","64","107148467"
"chr11","107970485","107970590","KN295077v1","303624","303729","8","107666861"
"chr11","107995621","107995793","KN295077v1","278844","279006","16","107716777"
"chr11","108022012","108022184","KN295077v1","278844","279006","16","107743168"
"chr11","108076351","108076653","KN294873v1","1303218","1303511","72","106773133"
"chr11","108155922","108156064","KN295171v1","1556218","1556343","37","106599704"
"chr11","108293867","108294171","KN297190v1","136929","137202","86","108156938"
"chr11","108313431","108313735","KN296759v1","6357","6660","23","108307074"
"chr11","108352593","108352781","KN296759v1","46176","46365","14","108306417"
"chr11","108390781","108391071","KN296759v1","85117","85407","16","108305664"
"chr11","108403071","108403259","KN296759v1","97260","97448","16","108305811"
"chr11","108431800","108431878","KN296859v1","1472329","1472410","22","106959471"
"chr11","108432197","108432384","KN296577v1","938048","938235","46","107494149"
"chr11","108485069","108485363","KN297133v1","328287","328569","67","108156782"
"chr11","108494090","108494403","KN296322v1","1648835","1649139","69","106845255"
"chr11","108507946","108508245","KN296759v1","210528","210836","27","108297418"
"chr11","108517457","108517624","KN296759v1","225170","225326","23","108292287"
"chr11","108517926","108518054","KN296759v1","225610","225736","20","108292316"
"chr11","108572328","108572628","KN295984v1","150673","150962","74","108421655"
"chr11","108585582","108585860","KN296201v1","1219226","1219493","68","107366356"
"chr11","108647160","108647459","KN295984v1","150673","150962","73","108496487"
"chr11","108794203","108794486","KN296948v1","762193","762479","66","108032010"
"chr11","110160332","110160455","KN297279v1","1209908","1210040","23","108950424"
"chr11","111647090","111647354","KN294987v1","762476","762744","71","110884614"
"chr11","111713469","111713617","KN296175v1","389661","389808","29","111323808"
"chr11","111713654","111713686","KN295368v1","1470938","1470967","8","110242716"
"chr11","111759940","111760162","KN296119v1","805789","806002","50","110954151"
"chr11","111906893","111907024","KN296311v1","4657589","4657718","25","107249304"
"chr11","111991803","111992119","KN297058v1","194613","194917","66","111797190"
"chr11","112077405","112077687","KN297105v1","1634044","1634334","63","110443361"
"chr11","112078518","112078554","KN296205v1","601671","601706","8","111476847"
"chr11","112079263","112079460","KN294205v1","1582745","1582943","49","110496518"
"chr11","112246539","112246697","KN294407v1","109423","109582","29","112137116"
"chr11","112246736","112246846","KN296036v1","739589","739697","25","111507147"
"chr11","113368621","113368914","KN296528v1","1109404","1109696","66","112259217"
"chr11","113585389","113585660","KN295490v1","34980","35237","68","113550409"
"chr11","113794608","113794907","KN296938v1","928271","928577","20","112866337"
"chr11","114086322","114086634","KN294147v1","277793","278097","76","113808529"
"chr11","114273471","114273774","KN296938v1","450930","451243","25","113822541"
"chr11","114295188","114295306","KN294372v1","2602470","2602586","25","111692718"
"chr11","114420487","114420762","KN296938v1","298054","298338","33","114122433"
"chr11","114547095","114547301","KN295601v1","1689627","1689831","58","112857468"
"chr11","114620816","114621121","KN296938v1","121406","121679","58","114499410"
"chr11","114972935","114973227","KN296847v1","2133670","2133973","32","112839265"
"chr11","115567841","115567972","KN295605v1","687968","688102","26","114879873"
"chr11","116247406","116247678","KN294536v1","1638405","1638659","71","114609001"
"chr11","116247740","116247769","KN295402v1","706103","706129","10","115541637"
"chr11","116743740","116743952","KN296847v1","410946","411169","26","116332794"
"chr11","116895068","116895346","KN295894v1","1313540","1313822","70","115581528"
"chr11","116954630","116954674","KN296167v1","457135","457171","11","116497495"
"chr11","116976090","116976383","KN296847v1","166145","166435","26","116809945"
"chr11","117055297","117055594","KN296036v1","1343901","1344205","75","115711396"
"chr11","117100184","117100478","KN295368v1","1939103","1939400","64","115161081"
"chr11","117101461","117101755","KN295368v1","1939103","1939400","64","115162358"
"chr11","117167179","117167481","KN296158v1","21779","22075","28","117145400"
"chr11","117325893","117326024","KN294218v1","2756614","2756751","31","114569279"
"chr11","117366821","117367045","KN296158v1","230905","231113","27","117135916"
"chr11","117370397","117370689","KN296158v1","233961","234261","30","117136436"
"chr11","118102740","118102873","KN294964v1","965459","965591","23","117137281"
"chr11","118460632","118460758","KN296158v1","1330382","1330507","8","117130250"
"chr11","118460845","118460971","KN295449v1","587976","588098","26","117872869"
"chr11","118470962","118471095","KN296158v1","1342404","1342547","26","117128558"
"chr11","118553331","118553433","KN295459v1","675800","675895","26","117877531"
"chr11","118553735","118553879","KN295605v1","687968","688102","30","117865767"
"chr11","118585475","118585748","KN296158v1","1471230","1471516","33","117114245"
"chr11","118686802","118687113","KN296158v1","1576145","1576434","45","117110657"
"chr11","118802010","118802294","KN296158v1","1685695","1685980","14","117116315"
"chr11","118817356","118817486","KN295352v1","18004","18135","18","118799352"
"chr11","119119401","119119717","KN296322v1","1648835","1649139","65","117470566"
"chr11","119153764","119153826","KN296138v1","489235","489293","23","118664529"
"chr11","119153853","119154010","KN297000v1","418665","418822","30","118735188"
"chr11","119344879","119344986","KN294303v1","222129","222235","22","119122750"
"chr11","120407141","120407455","KN295406v1","486578","486886","61","119920563"
"chr11","120459200","120459432","KN295923v1","1986700","1986911","67","118472500"
"chr11","121022108","121022283","KN297320v1","32939","33116","36","120989169"
"chr11","121436397","121436529","KN296142v1","213909","214054","36","121222488"
"chr11","121442620","121442834","KN295601v1","1689627","1689831","58","119752993"
"chr11","121542395","121542522","KN295405v1","340111","340240","39","121202284"
"chr11","122597569","122597668","KN294239v1","1578795","1578887","27","121018774"
"chr11","122597697","122597870","KN295633v1","552946","553113","36","122044751"
"chr11","122745597","122745727","KN294172v1","6039824","6039947","30","116705773"
"chr11","122942805","122942937","KN295112v1","531236","531368","23","122411569"
"chr11","122963521","122963825","KN296505v1","323963","324278","58","122639558"
"chr11","123311623","123311751","KN294470v1","1056764","1056890","30","122254859"
"chr11","123339530","123339660","KN296484v1","556891","557018","24","122782639"
"chr11","123552322","123552465","KN294218v1","2756614","2756751","26","120795708"
"chr11","123655925","123656088","KN296921v1","380253","380404","39","123275672"
"chr11","123923698","123923951","KN295894v1","1984544","1984792","66","121939154"
"chr11","124050446","124050731","KN295984v1","150673","150962","68","123899773"
"chr11","124051355","124051548","KN294964v1","1050991","1051179","50","123000364"
"chr11","124261356","124261514","KN295633v1","242438","242589","39","124018918"
"chr11","124560365","124560496","KN295405v1","302250","302381","25","124258115"
"chr11","124938444","124938706","KN296750v1","483092","483341","83","124455352"
"chr11","125022124","125022240","KN296093v1","240852","240965","21","124781272"
"chr11","125022282","125022488","KN297008v1","2592243","2592438","49","122430039"
"chr11","125399185","125399502","KN295633v1","778185","778486","68","124621000"
"chr11","125784185","125784444","KN294147v1","2133356","2133601","66","123650829"
"chr11","125788095","125788244","KN294269v1","1347949","1348104","36","124440146"
"chr11","126241195","126241492","KN296507v1","738522","738814","61","125502673"
"chr11","126338875","126339176","KN295406v1","486578","486886","71","125852297"
"chr11","126581557","126581858","KN296244v1","327623","327911","59","126253934"
"chr11","126704985","126705116","KN296146v1","16177","16309","21","126688808"
"chr11","127343785","127343937","KN294991v1","973655","973815","40","126370130"
"chr11","127527375","127527611","KN294407v1","169906","170136","64","127357469"
"chr11","127779194","127779484","KN297023v1","640512","640805","55","127138682"
"chr11","128057943","128058202","KN297354v1","202045","202308","72","127855898"
"chr11","129594319","129594624","KN294747v1","287713","288016","29","129306606"
"chr11","129601307","129601594","KN295075v1","224590","224878","60","129376717"
"chr11","130240302","130240584","KN294747v1","867897","868151","42","129372405"
"chr11","130287259","130287557","KN294747v1","917219","917517","17","129370040"
"chr11","130386799","130387055","KN294325v1","979659","979928","70","129407140"
"chr11","130477159","130477251","KN294387v1","2019460","2019545","22","128457699"
"chr11","130515323","130515572","KN294558v1","693219","693462","77","129822104"
"chr11","130517731","130518023","KN294747v1","1130292","1130545","61","129387439"
"chr11","130545881","130546041","KN294548v1","490123","490280","34","130055758"
"chr11","131093071","131093269","KN296767v1","53224","53425","50","131039847"
"chr11","132184168","132184222","KN297105v1","2900123","2900180","13","129284045"
"chr11","132184520","132184675","KN295962v1","2106431","2106583","31","130078089"
"chr11","133523400","133523616","KN295308v1","1325553","1325769","17","132197847"
"chr11","135027176","135027471","KN294260v1","1359230","1359515","72","133667946"
"chr12","29359988","29360285","KN294345v1","1713106","1713396","68","27646882"
"chr12","63775","64053","KN294453v1","316902","317180","20","253127"
"chr12","392474","392777","KN295573v1","27719","28024","19","364755"
"chr12","397830","397962","KN296311v1","4657589","4657718","27","4259759"
"chr12","482539","482819","KN295637v1","799799","800078","66","317260"
"chr12","526651","526784","KN295573v1","159110","159244","7","367541"
"chr12","701577","701711","KN295573v1","340065","340199","9","361512"
"chr12","883484","883801","KN295573v1","545116","545440","29","338368"
"chr12","933530","933695","KN297219v1","2703507","2703665","45","1769977"
"chr12","1056546","1056678","KN295705v1","382490","382621","26","674056"
"chr12","1157402","1157655","KN294536v1","1638405","1638659","63","481003"
"chr12","1430153","1430247","KN296513v1","2370825","2370911","22","940672"
"chr12","1540145","1540265","KN294410v1","486228","486353","27","1053917"
"chr12","1711853","1712125","KN295573v1","1381507","1381778","17","330346"
"chr12","1721072","1721382","KN295573v1","1390691","1391001","18","330381"
"chr12","1958529","1958767","KN295573v1","1632319","1632571","26","326210"
"chr12","1958801","1958815","KN294509v1","336150","336166","4","1622651"
"chr12","2658309","2658605","KN294842v1","647613","647907","73","2010696"
"chr12","2813149","2813293","KN296732v1","3303486","3303632","30","490337"
"chr12","2992014","2992125","KN296732v1","3486949","3487060","25","494935"
"chr12","3028065","3028196","KN296311v1","6471968","6472102","24","3443903"
"chr12","3210394","3210527","KN295090v1","610678","610810","19","2599716"
"chr12","3294399","3294512","KN296730v1","144073","144180","22","3150326"
"chr12","3452452","3452751","KN294728v1","765090","765383","60","2687362"
"chr12","3461744","3462043","KN297184v1","1114866","1115167","59","2346878"
"chr12","3619025","3619324","KN297242v1","1347482","1347793","82","2271543"
"chr12","3872398","3872716","KN296964v1","1814390","1814681","80","2058008"
"chr12","4019923","4020053","KN297445v1","1333351","1333481","24","2686572"
"chr12","4115063","4115203","KN295526v1","145592","145725","29","3969471"
"chr12","4707323","4707624","KN294407v1","1044299","1044599","74","3663024"
"chr12","5083962","5084145","KN294571v1","1642206","1642380","45","3441756"
"chr12","5309419","5309682","KN294493v1","1639497","1639778","68","3669922"
"chr12","5415913","5416219","KN294452v1","1374937","1375240","66","4040976"
"chr12","6466251","6466543","KN297112v1","2231098","2231393","63","4235153"
"chr12","6597760","6597902","KN295526v1","145592","145725","27","6452168"
"chr12","6646217","6646351","KN295586v1","644606","644724","44","6001611"
"chr12","6665750","6665983","KN294874v1","262239","262480","67","6403511"
"chr12","6666288","6666321","KN296290v1","587719","587750","10","6078569"
"chr12","6890124","6890354","KN295933v1","676121","676354","56","6214003"
"chr12","6926454","6926587","KN294506v1","236315","236445","30","6690139"
"chr12","6987886","6988061","KN294662v1","211735","211913","54","6776151"
"chr12","7410681","7410985","KN297066v1","48943","49249","73","7361738"
"chr12","7522391","7522551","KN294842v1","123455","123618","43","7398936"
"chr12","7741639","7741914","KN297462v1","564741","565026","65","7176898"
"chr12","7827084","7827253","KN294372v1","2365173","2365337","50","5461911"
"chr12","7868008","7868231","KN294325v1","70499","70728","60","7797509"
"chr12","7919702","7919801","KN295257v1","265131","265227","22","7654571"
"chr12","8035385","8035514","KN296093v1","103205","103337","25","7932180"
"chr12","8679148","8679273","KN295706v1","131306","131439","23","8547842"
"chr12","8761229","8761482","KN297442v1","1543742","1544012","72","7217487"
"chr12","9011584","9011834","KN295346v1","1243459","1243703","61","7768125"
"chr12","9050184","9050316","KN294326v1","522412","522546","25","8527772"
"chr12","9073283","9073399","KN295243v1","1041792","1041909","34","8031491"
"chr12","9292820","9293106","KN297050v1","187200","187494","71","9105620"
"chr12","9639613","9639894","KN294429v1","91075","91362","76","9548538"
"chr12","9680968","9681272","KN294399v1","171378","171682","69","9509590"
"chr12","9733269","9733366","KN297153v1","394066","394162","20","9339203"
"chr12","9868020","9868331","KN294207v1","595798","596096","69","9272222"
"chr12","10160660","10160913","KN296770v1","171267","171516","45","9989393"
"chr12","10355467","10355750","KN296153v1","750830","751108","68","9604637"
"chr12","10980876","10981018","KN296921v1","435698","435849","43","10545178"
"chr12","11044273","11044418","KN295705v1","1659307","1659450","35","9384966"
"chr12","11309695","11309910","KN295923v1","1986700","1986911","50","9322995"
"chr12","11462501","11462627","KN296731v1","235400","235534","16","11227101"
"chr12","11505992","11506271","KN297008v1","6549351","6549627","64","4956641"
"chr12","11919969","11920102","KN296646v1","421791","421930","28","11498178"
"chr12","11929230","11929359","KN297215v1","722339","722465","25","11206891"
"chr12","12268626","12268909","KN296731v1","1028220","1028490","28","11240406"
"chr12","12335294","12335578","KN296731v1","1090257","1090517","46","11245037"
"chr12","12423443","12423755","KN296731v1","1188658","1188976","26","11234785"
"chr12","12451171","12451411","KN296731v1","1218231","1218472","11","11232940"
"chr12","12565680","12565969","KN296731v1","1334848","1335136","17","11230832"
"chr12","12566796","12566849","KN297420v1","5622","5674","21","12561174"
"chr12","12584560","12584683","KN296322v1","997745","997870","24","11586815"
"chr12","12590824","12591114","KN296731v1","1360818","1361162","70","11230006"
"chr12","12608987","12609292","KN296731v1","1403282","1403549","51","11205705"
"chr12","12700351","12700400","KN296646v1","838311","838351","15","11862040"
"chr12","12776420","12776548","KN296731v1","1584821","1584953","11","11191599"
"chr12","13296131","13296315","KN296926v1","317317","317500","32","12978814"
"chr12","13340748","13340875","KN295441v1","789788","789916","21","12550960"
"chr12","14144869","14145168","KN294260v1","822843","823138","64","13322026"
"chr12","14235634","14235927","KN296322v1","1648835","1649139","74","12586799"
"chr12","14395565","14395624","KN296315v1","444949","445008","6","13950616"
"chr12","14502001","14502122","KN295533v1","2843283","2843406","23","11658718"
"chr12","14826036","14826195","KN296315v1","917369","917527","12","13908667"
"chr12","14864840","14864886","KN296315v1","957611","957658","3","13907229"
"chr12","14927769","14928045","KN296315v1","1023330","1023621","27","13904439"
"chr12","15561059","15561333","KN296315v1","1679500","1679783","32","13881559"
"chr12","15824899","15825153","KN296315v1","1947557","1947815","24","13877342"
"chr12","15951269","15951468","KN295714v1","24603","24811","38","15926666"
"chr12","15953023","15953239","KN295714v1","24603","24811","23","15928420"
"chr12","16302762","16303047","KN297462v1","564741","565026","21","15738021"
"chr12","18860977","18861221","KN296266v1","99554","99788","74","18761423"
"chr12","18983268","18983405","KN294583v1","189119","189254","26","18794149"
"chr12","19163688","19163972","KN295075v1","476875","477161","71","18686813"
"chr12","19306912","19307021","KN296730v1","144073","144180","10","19162839"
"chr12","19679834","19680148","KN295202v1","249680","249985","18","19430154"
"chr12","19922332","19922427","KN295202v1","493843","493938","7","19428489"
"chr12","19923926","19923983","KN295202v1","495410","495468","3","19428516"
"chr12","20090510","20090822","KN295202v1","661818","662139","32","19428692"
"chr12","21117135","21117345","KN295923v1","1986700","1986911","42","19130435"
"chr12","21151463","21151757","KN294806v1","594997","595290","58","20556466"
"chr12","21294226","21294518","KN295984v1","150673","150962","63","21143553"
"chr12","21309588","21309724","KN295893v1","5531994","5532130","19","15777594"
"chr12","21335023","21335307","KN295205v1","656212","656501","69","20678811"
"chr12","21539388","21539506","KN294787v1","247438","247555","33","21291950"
"chr12","21896618","21896756","KN295601v1","2833105","2833244","35","19063513"
"chr12","22183930","22184005","KN294262v1","1834388","1834459","21","20349542"
"chr12","22184308","22184365","KN294991v1","925025","925083","15","21259283"
"chr12","22351092","22351366","KN295984v1","2286186","2286477","65","20064906"
"chr12","23212387","23212521","KN297023v1","686879","687015","17","22525508"
"chr12","23445438","23445739","KN296767v1","573786","574062","85","22871652"
"chr12","23632153","23632256","KN295871v1","930449","930551","21","22701704"
"chr12","23767323","23767500","KN295294v1","144515","144695","50","23622808"
"chr12","23772264","23772560","KN297327v1","807993","808286","65","22964271"
"chr12","23904467","23904639","KN295096v1","1069446","1069614","38","22835021"
"chr12","24710634","24710927","KN294634v1","387267","387565","76","24323367"
"chr12","25014713","25015011","KN294520v1","992368","992662","71","24022345"
"chr12","26746180","26746405","KN296145v1","3732348","3732587","71","23013832"
"chr12","28072307","28072591","KN294279v1","171583","171867","53","27900724"
"chr12","28175784","28175921","KN294457v1","130203","130331","34","28045581"
"chr12","28176191","28176355","KN294685v1","1344495","1344649","49","26831696"
"chr12","28556027","28556116","KN294848v1","1002927","1003014","17","27553100"
"chr12","28717656","28717882","KN296119v1","805789","806002","53","27911867"
"chr12","29278259","29278544","KN296108v1","662332","662610","64","28615927"
"chr12","29558873","29558972","KN296588v1","2196132","2196224","22","27362741"
"chr12","29589227","29589416","KN295352v1","256766","256946","40","29332461"
"chr12","29589707","29589828","KN295983v1","2302379","2302496","24","27287328"
"chr12","29630893","29631107","KN295923v1","1986700","1986911","54","27644193"
"chr12","29642309","29642602","KN296948v1","762193","762479","59","28880116"
"chr12","29712331","29712495","KN294711v1","1194000","1194162","30","28518331"
"chr12","29734582","29734885","KN295893v1","7236264","7236572","76","22498318"
"chr12","29741549","29741824","KN296921v1","2833134","2833394","71","26908415"
"chr12","30019239","30019509","KN294421v1","809992","810249","86","29209247"
"chr12","30208128","30208437","KN297046v1","3065440","3065749","79","27142688"
"chr12","30362940","30363230","KN295984v1","150673","150962","63","30212267"
"chr12","30650645","30650975","KN296925v1","115493","115782","103","30535152"
"chr12","30758942","30759233","KN297023v1","640512","640805","67","30118430"
"chr12","31475439","31475713","KN297159v1","146708","146968","23","31328731"
"chr12","31494132","31494472","KN297159v1","164388","164689","68","31329744"
"chr12","31710250","31710458","KN297159v1","373831","374038","17","31336419"
"chr12","31887060","31887156","KN295077v1","303624","303729","33","31583436"
"chr12","32030198","32030355","KN297159v1","700869","701022","11","31329329"
"chr12","32030658","32030799","KN297159v1","701325","701454","17","31329333"
"chr12","32328610","32328893","KN295984v1","150673","150962","57","32177937"
"chr12","32478208","32478462","KN296921v1","2833134","2833394","62","29645074"
"chr12","32525091","32525186","KN296738v1","61831","61924","20","32463260"
"chr12","32537320","32537493","KN294591v1","557328","557491","41","31979992"
"chr12","32537523","32537647","KN295906v1","88165","88296","27","32449358"
"chr12","32546445","32546577","KN297159v1","1228794","1228924","9","31317651"
"chr12","32551967","32552253","KN297159v1","1235995","1236289","22","31315972"
"chr12","32622712","32623009","KN297159v1","1308703","1308996","22","31314009"
"chr12","32625531","32625837","KN297159v1","1311633","1311940","26","31313898"
"chr12","32625861","32625992","KN295893v1","2369160","2369293","30","30256701"
"chr12","32768992","32769109","KN296153v1","3603162","3603273","24","29165830"
"chr12","33153260","33153497","KN297159v1","1843590","1843857","40","31309670"
"chr12","33186402","33186700","KN294260v1","822843","823138","55","32363559"
"chr12","33222373","33222496","KN297159v1","1911535","1911638","26","31310838"
"chr12","34079904","34080039","KN296481v1","436875","437007","23","33643029"
"chr12","34126076","34126203","KN294410v1","486228","486353","25","33639848"
"chr12","34217209","34217492","KN297159v1","2919659","2919942","15","31297550"
"chr12","34332367","34332502","KN297445v1","1333351","1333481","26","32999016"
"chr12","34904087","34904221","KN294964v1","965459","965591","24","33938628"
"chr12","35119374","35119505","KN294172v1","6272486","6272617","29","28846888"
"chr12","35130958","35131066","KN294848v1","295585","295697","22","34835373"
"chr12","35273137","35273410","KN295257v1","796704","796977","76","34476433"
"chr12","35301577","35301876","KN297180v1","314236","314539","57","34987341"
"chr12","35317120","35317243","KN295236v1","3047477","3047602","22","32269643"
"chr12","35425649","35425661","KN295459v1","830690","830700","4","34594959"
"chr12","35425955","35426091","KN294239v1","1798427","1798556","31","33627528"
"chr12","35772698","35772990","KN296262v1","375999","376294","67","35396699"
"chr12","35783295","35783585","KN294266v1","164249","164555","78","35619046"
"chr12","35918168","35918429","KN295872v1","162737","163015","72","35755431"
"chr12","36153472","36153503","KN295854v1","1484570","1484606","14","34668902"
"chr12","36153844","36153975","KN295706v1","131306","131439","25","36022538"
"chr12","36249550","36249691","KN296142v1","213909","214054","27","36035641"
"chr12","36353999","36354275","KN297219v1","1621419","1621693","67","34732580"
"chr12","36512509","36512812","KN294452v1","1374937","1375240","57","35137572"
"chr12","36590215","36590455","KN294416v1","226118","226354","78","36364097"
"chr12","36663080","36663372","KN294634v1","387267","387565","124","36275813"
"chr12","36696630","36696946","KN295480v1","1274084","1274387","63","35422546"
"chr12","36770952","36771086","KN296538v1","514898","515032","19","36256054"
"chr12","36798862","36799027","KN294172v1","3210200","3210360","37","33588662"
"chr12","36799317","36799426","KN296062v1","573295","573398","23","36226022"
"chr12","36808402","36808697","KN297219v1","1576359","1576655","60","35232043"
"chr12","36843576","36843712","KN296682v1","3822702","3822835","19","33020874"
"chr12","36872904","36873042","KN295940v1","307354","307490","31","36565550"
"chr12","36929090","36929440","KN296322v1","1648835","1649139","186","35280255"
"chr12","36956184","36956438","KN294873v1","82870","83122","62","36873314"
"chr12","36992319","36992521","KN295994v1","491289","491494","47","36501030"
"chr12","36997396","36997706","KN294439v1","130265","130569","72","36867131"
"chr12","37050204","37050437","KN297245v1","2387953","2388175","59","34662251"
"chr12","37289018","37289155","KN295605v1","687968","688102","24","36601050"
"chr12","37310063","37310200","KN296311v1","2361921","2362066","27","34948142"
"chr12","37476875","37477007","KN297453v1","84448","84582","21","37392427"
"chr12","37871657","37871876","KN296404v1","2381217","2381439","53","35490440"
"chr12","37901861","37902161","KN295079v1","373372","373674","70","37528489"
"chr12","37949458","37949764","KN294911v1","891917","892211","68","37057541"
"chr12","38073828","38074007","KN295241v1","97934","98104","42","37975894"
"chr12","38074313","38074455","KN295326v1","47475","47619","31","38026838"
"chr12","38111005","38111303","KN295553v1","182905","183210","65","37928100"
"chr12","38446139","38446404","KN295936v1","2092514","2092791","72","36353625"
"chr12","38662197","38662478","KN294187v1","1887786","1888062","74","36774411"
"chr12","38856595","38856687","KN295430v1","995039","995130","18","37861556"
"chr12","39983582","39983875","KN297016v1","101503","101788","63","39882079"
"chr12","40237004","40237248","KN295257v1","563893","564140","58","39673111"
"chr12","40404071","40404375","KN296682v1","1941233","1941537","83","38462838"
"chr12","40414818","40415097","KN296404v1","3867528","3867811","64","36547290"
"chr12","40817031","40817297","KN295356v1","1460050","1460313","68","39356981"
"chr12","41051746","41051885","KN297171v1","2080235","2080373","46","38971511"
"chr12","41057156","41057329","KN295045v1","1030165","1030337","53","40026991"
"chr12","41058306","41058597","KN295034v1","297340","297612","84","40760966"
"chr12","41076439","41076718","KN294862v1","116430","116695","74","40960009"
"chr12","41077695","41077868","KN295045v1","1030165","1030337","53","40047530"
"chr12","41889149","41889436","KN296495v1","1076274","1076557","73","40812875"
"chr12","41890468","41890760","KN294199v1","1022551","1022840","76","40867917"
"chr12","42346562","42346869","KN296322v1","1648835","1649139","62","40697727"
"chr12","42522083","42522376","KN294578v1","639003","639297","63","41883080"
"chr12","42754475","42754742","KN295375v1","377349","377631","70","42377126"
"chr12","43639997","43640211","KN295893v1","81858","82067","52","43558139"
"chr12","43668763","43668824","KN295236v1","3830180","3830244","21","39838583"
"chr12","43669548","43669737","KN295891v1","106842","106993","68","43562706"
"chr12","43849061","43849183","KN297177v1","22801","22922","34","43826260"
"chr12","43849518","43849717","KN294777v1","706958","707163","52","43142560"
"chr12","44138781","44139058","KN296435v1","2611722","2612009","57","41527059"
"chr12","44170129","44170441","KN296836v1","993587","993901","73","43176542"
"chr12","44181434","44181599","KN294591v1","557328","557491","37","43624106"
"chr12","44815346","44815635","KN297197v1","1048614","1048879","87","43766732"
"chr12","45633180","45633472","KN295346v1","1646114","1646406","81","43987066"
"chr12","45945099","45945391","KN296320v1","12423","12699","43","45932676"
"chr12","45980870","45981162","KN296320v1","12423","12699","43","45968447"
"chr12","46185858","46186148","KN294396v1","224755","225042","59","45961103"
"chr12","46200348","46200652","KN294266v1","164249","164555","26","46036099"
"chr12","46888799","46889101","KN295633v1","909764","910066","63","45979035"
"chr12","46901093","46901324","KN297259v1","427903","428124","50","46473190"
"chr12","49064372","49064532","KN296157v1","908663","908818","46","48155709"
"chr12","52050093","52050408","KN296726v1","1118716","1119048","44","50931377"
"chr12","52086001","52086140","KN296732v1","3311835","3311972","24","48774166"
"chr12","52133635","52133725","KN295996v1","492408","492498","22","51641227"
"chr12","52134030","52134202","KN295096v1","1069446","1069614","41","51064584"
"chr12","52518385","52518613","KN296726v1","624464","624675","37","51893921"
"chr12","52744156","52744482","KN297165v1","2596688","2597002","76","50147468"
"chr12","52753546","52753844","KN296726v1","392031","392328","22","52361515"
"chr12","52858118","52858397","KN296726v1","290991","291261","24","52567127"
"chr12","53117695","53117767","KN295236v1","2370219","2370291","19","50747476"
"chr12","53118363","53118596","KN294613v1","331392","331636","62","52786971"
"chr12","53410531","53410670","KN295706v1","131306","131439","29","53279225"
"chr12","53488628","53488929","KN294229v1","190448","190752","25","53298180"
"chr12","53493232","53493366","KN295205v1","824407","824553","41","52668825"
"chr12","53731169","53731382","KN296508v1","1675720","1675934","54","52055449"
"chr12","53891509","53891710","KN297008v1","2592243","2592438","59","51299266"
"chr12","53971918","53972221","KN296507v1","738522","738814","66","53233396"
"chr12","54169572","54169820","KN295243v1","334589","334841","61","53834983"
"chr12","54522133","54522406","KN295449v1","655655","655919","66","53866478"
"chr12","54862808","54863094","KN295832v1","1088844","1089120","67","53773964"
"chr12","55744340","55744633","KN296507v1","738522","738814","62","55005818"
"chr12","56853588","56853828","KN297452v1","257214","257456","56","56596374"
"chr12","56875921","56875971","KN296485v1","455448","455491","14","56420473"
"chr12","56876332","56876457","KN294705v1","1859033","1859148","40","55017299"
"chr12","57000988","57001187","KN295610v1","375600","375802","52","56625388"
"chr12","57081209","57081494","KN294571v1","449658","449947","61","56631551"
"chr12","57243407","57243538","KN295526v1","145592","145725","23","57097815"
"chr12","57293732","57294003","KN295352v1","957403","957690","78","56336329"
"chr12","57309290","57309411","KN295533v1","2843283","2843406","23","54466007"
"chr12","57707630","57707927","KN295825v1","885594","885915","87","56822036"
"chr12","57775043","57775333","KN295171v1","12625","12912","62","57762418"
"chr12","57801177","57801479","KN294279v1","171583","171867","77","57629594"
"chr12","57989734","57989908","KN296290v1","2993257","2993432","42","54996477"
"chr12","57989947","57990064","KN296036v1","739589","739697","23","57250358"
"chr12","58077977","58078232","KN294407v1","169906","170136","75","57908071"
"chr12","58661122","58661199","KN296153v1","38672","38740","22","58622450"
"chr12","58661198","58661275","KN296153v1","38672","38740","24","58622526"
"chr12","58734792","58735101","KN297159v1","1311633","1311940","70","57423159"
"chr12","58983812","58983944","KN294790v1","3690102","3690234","22","55293710"
"chr12","59003453","59003575","KN297038v1","317140","317257","27","58686313"
"chr12","59042103","59042358","KN295205v1","848688","848949","68","58193415"
"chr12","59055616","59055889","KN295820v1","884516","884794","61","58171100"
"chr12","60035286","60035410","KN294457v1","130203","130331","28","59905083"
"chr12","61044781","61045056","KN294302v1","861450","861728","64","60183331"
"chr12","61774105","61774401","KN294713v1","427132","427409","70","61346973"
"chr12","62042677","62042896","KN295572v1","371863","372076","59","61670814"
"chr12","62238982","62239046","KN296864v1","203949","204018","13","62035033"
"chr12","62239073","62239093","KN295195v1","164363","164379","7","62074710"
"chr12","63097509","63097817","KN295152v1","406877","407165","43","62690632"
"chr12","63214339","63214631","KN294758v1","1361907","1362206","64","61852432"
"chr12","63886787","63886907","KN295561v1","226650","226763","31","63660137"
"chr12","64187091","64187375","KN296948v1","762193","762479","63","63424898"
"chr12","64313082","64313364","KN294260v1","1091595","1091881","74","63221487"
"chr12","64430604","64430906","KN294452v1","1374937","1375240","67","63055667"
"chr12","65683731","65684048","KN294486v1","867184","867500","21","64816547"
"chr12","65806219","65806450","KN294486v1","754576","754808","21","65051643"
"chr12","66198853","66199044","KN294911v1","4985405","4985572","64","61213448"
"chr12","66203859","66204014","KN294685v1","23168","23332","40","66180691"
"chr12","66456428","66456701","KN296948v1","762193","762479","69","65694235"
"chr12","66479587","66479858","KN296731v1","1028220","1028490","71","65451367"
"chr12","66578489","66578600","KN294172v1","5569913","5570012","30","61008576"
"chr12","66700944","66701241","KN296538v1","333498","333794","73","66367446"
"chr12","66753632","66753754","KN295090v1","903125","903258","28","65850507"
"chr12","67090584","67090743","KN295925v1","230134","230293","7","66860450"
"chr12","67224059","67224341","KN295925v1","99463","99748","21","67124596"
"chr12","67463837","67464147","KN294954v1","70243","70554","69","67393594"
"chr12","67684625","67684919","KN296322v1","1648835","1649139","57","66035790"
"chr12","67744097","67744386","KN296398v1","253691","253978","88","67490406"
"chr12","67892822","67893142","KN294452v1","1374937","1375240","77","66517885"
"chr12","67979829","67980118","KN297016v1","101503","101788","59","67878326"
"chr12","67994105","67994398","KN297227v1","1123419","1123703","64","66870686"
"chr12","68004688","68004864","KN295361v1","882059","882232","36","67122629"
"chr12","68005268","68005382","KN297416v1","162444","162561","27","67842824"
"chr12","68161019","68161300","KN295983v1","1223920","1224199","53","66937099"
"chr12","68284106","68284376","KN295984v1","2962847","2963132","66","65321259"
"chr12","68342223","68342355","KN296311v1","6471968","6472102","22","61870255"
"chr12","68372004","68372259","KN297046v1","2072166","2072416","82","66299838"
"chr12","68543057","68543291","KN297180v1","531711","531948","54","68011346"
"chr12","68722629","68722919","KN295894v1","2131941","2132242","58","66590688"
"chr12","68801050","68801182","KN295526v1","145592","145725","23","68655458"
"chr12","68807175","68807499","KN297242v1","1347482","1347793","81","67459693"
"chr12","69009304","69009466","KN294540v1","770939","771118","44","68238365"
"chr12","69009761","69009889","KN294964v1","2000421","2000556","28","67009340"
"chr12","69494000","69494290","KN295984v1","150673","150962","65","69343327"
"chr12","69533809","69534095","KN295205v1","552841","553116","123","68980968"
"chr12","69541022","69541333","KN295406v1","486578","486886","63","69054444"
"chr12","69684948","69685083","KN297023v1","686879","687015","27","68998069"
"chr12","69830147","69830439","KN297023v1","640512","640805","61","69189635"
"chr12","69894231","69894493","KN297180v1","336477","336755","68","69557754"
"chr12","69924173","69924252","KN295236v1","1305949","1306032","23","68618224"
"chr12","70122809","70122827","KN294509v1","336150","336166","5","69786659"
"chr12","70122876","70123195","KN294723v1","176879","177147","63","69945997"
"chr12","70705636","70705927","KN296637v1","311987","312264","34","70393649"
"chr12","70730701","70730864","KN296637v1","337006","337162","19","70393695"
"chr12","74719131","74719382","KN295368v1","2443516","2443764","26","72275615"
"chr12","75215220","75215526","KN295368v1","1939103","1939400","32","73276117"
"chr12","75380884","75381112","KN295368v1","1769567","1769795","13","73611317"
"chr12","75671432","75671647","KN296743v1","1848381","1848599","62","73823051"
"chr12","75736500","75736801","KN295368v1","1395133","1395437","18","74341367"
"chr12","75810484","75810792","KN295368v1","1328354","1328678","28","74482130"
"chr12","75832073","75832313","KN297105v1","2959195","2959449","87","72872878"
"chr12","75903854","75904165","KN294452v1","1374937","1375240","63","74528917"
"chr12","76827691","76827967","KN295368v1","282957","283229","25","76544734"
"chr12","76983828","76983960","KN294741v1","488354","488490","21","76495474"
"chr12","77437544","77437849","KN296322v1","1648835","1649139","72","75788709"
"chr12","77540699","77540855","KN294844v1","413055","413209","9","77127644"
"chr12","77713288","77713556","KN294844v1","584075","584344","23","77129213"
"chr12","77756567","77756847","KN294844v1","628531","628810","24","77128036"
"chr12","78709782","78710072","KN294452v1","1024655","1024959","71","77685127"
"chr12","78950414","78950703","KN296187v1","874304","874596","73","78076110"
"chr12","78959840","78959964","KN296019v1","235214","235337","25","78724626"
"chr12","79140020","79140324","KN295923v1","1392828","1393125","81","77747192"
"chr12","79202459","79202747","KN296442v1","1155078","1155358","81","78047381"
"chr12","79209581","79209869","KN296442v1","1155078","1155358","81","78054503"
"chr12","79262264","79262541","KN294677v1","45530","45799","24","79216734"
"chr12","79873498","79873732","KN297180v1","531711","531948","61","79341787"
"chr12","80662909","80663140","KN296145v1","3732348","3732587","61","76930561"
"chr12","81084486","81084701","KN295893v1","81858","82067","56","81002628"
"chr12","82207605","82207875","KN296383v1","116184","116488","44","82091421"
"chr12","83144583","83144735","KN296225v1","462090","462236","44","82682493"
"chr12","84340608","84340924","KN296844v1","589073","589386","72","83751535"
"chr12","85050019","85050135","KN295090v1","1260590","1260700","29","83789429"
"chr12","85205031","85205320","KN296315v1","1023330","1023621","66","84181701"
"chr12","85270462","85270762","KN296907v1","1087372","1087677","69","84183090"
"chr12","85676624","85676904","KN294578v1","639003","639297","77","85037621"
"chr12","86443571","86443878","KN295099v1","55159","55457","69","86388412"
"chr12","86950595","86950773","KN294571v1","2119940","2120110","41","84830655"
"chr12","86950800","86950916","KN294199v1","969997","970115","25","85980803"
"chr12","87148198","87148451","KN294991v1","1341110","1341371","65","85807088"
"chr12","87571299","87571561","KN296804v1","316863","317118","27","87254436"
"chr12","87687532","87687840","KN296804v1","217189","217479","48","87470343"
"chr12","87712118","87712408","KN295497v1","444872","445157","67","87267246"
"chr12","88400673","88400778","KN295471v1","521946","522058","14","87878727"
"chr12","88577453","88577720","KN295471v1","716665","716925","27","87860788"
"chr12","88614574","88614862","KN295471v1","752842","753130","22","87861732"
"chr12","88814749","88815022","KN294987v1","7169","7439","72","88807580"
"chr12","89028538","89028664","KN295236v1","3047477","3047602","25","85981061"
"chr12","89497446","89497737","KN295744v1","408789","409077","67","89088657"
"chr12","89922032","89922051","KN295195v1","164363","164379","7","89757669"
"chr12","90997527","90997813","KN294199v1","1022551","1022840","70","89974976"
"chr12","91343150","91343439","KN294806v1","594997","595290","66","90748153"
"chr12","91639483","91639761","KN294987v1","7169","7439","68","91632314"
"chr12","91815006","91815291","KN295576v1","164716","164996","63","91650290"
"chr12","91960387","91960667","KN295705v1","248753","249031","66","91711634"
"chr12","92507553","92507684","KN296311v1","4815038","4815168","23","87692515"
"chr12","92517169","92517312","KN295605v1","687968","688102","32","91829201"
"chr12","92575986","92576194","KN295610v1","375600","375802","47","92200386"
"chr12","92747526","92747838","KN294399v1","171378","171682","66","92576148"
"chr12","93328528","93328677","KN294513v1","518116","518264","35","92810412"
"chr12","93328977","93329114","KN296311v1","4657589","4657718","26","88671388"
"chr12","93531336","93531611","KN294831v1","228505","228793","72","93302831"
"chr12","94047761","94047905","KN295205v1","824407","824553","35","93223354"
"chr12","94082835","94083123","KN296849v1","587508","587797","88","93495327"
"chr12","94458182","94458482","KN294294v1","145451","145740","69","94312731"
"chr12","94467784","94468095","KN296322v1","1648835","1649139","71","92818949"
"chr12","94582090","94582381","KN296244v1","327623","327911","67","94254467"
"chr12","94608670","94608990","KN294954v1","70243","70554","76","94538427"
"chr12","94989557","94989749","KN294205v1","1582745","1582943","51","93406812"
"chr12","95120088","95120398","KN294439v1","130265","130569","63","94989823"
"chr12","95131528","95131579","KN296484v1","840284","840335","8","94291244"
"chr12","95139276","95139447","KN295933v1","250197","250369","38","94889079"
"chr12","95269631","95269950","KN296507v1","738522","738814","77","94531109"
"chr12","95298180","95298443","KN297112v1","4879822","4880096","74","90418358"
"chr12","95576626","95576925","KN297058v1","194613","194917","75","95382013"
"chr12","95619787","95620105","KN294239v1","243029","243336","70","95376758"
"chr12","95802896","95803190","KN296649v1","28211","28505","79","95774685"
"chr12","96057332","96057418","KN294591v1","157234","157317","19","95900098"
"chr12","96136649","96136770","KN294705v1","1877279","1877404","23","94259370"
"chr12","96564176","96564471","KN295236v1","4448907","4449215","72","92115269"
"chr12","97671368","97671641","KN297390v1","84191","84473","58","97587177"
"chr12","97963429","97963729","KN295667v1","1567361","1567664","69","96396068"
"chr12","98162954","98163248","KN296526v1","283231","283529","62","97879723"
"chr12","98173572","98173884","KN295406v1","486578","486886","65","97686994"
"chr12","98217094","98217266","KN296247v1","751980","752150","43","97465114"
"chr12","98308530","98308663","KN294172v1","6272486","6272617","20","92036044"
"chr12","98509390","98509690","KN296507v1","738522","738814","65","97770868"
"chr12","98695284","98695444","KN295977v1","878804","878969","39","97816480"
"chr12","98695743","98695874","KN296122v1","289224","289359","22","98406519"
"chr12","98813232","98813508","KN296303v1","295769","296038","66","98517463"
"chr12","99901583","99901877","KN294446v1","591120","591416","75","99310463"
"chr12","99934931","99935212","KN294499v1","1906911","1907192","64","98028020"
"chr12","100014636","100014742","KN295802v1","222325","222434","26","99792311"
"chr12","101062396","101062551","KN294172v1","5400991","5401118","44","95661405"
"chr12","101231671","101231754","KN297092v1","3480","3567","26","101228191"
"chr12","101231782","101231855","KN296864v1","203949","204018","18","101027833"
"chr12","101254190","101254453","KN294552v1","1295874","1296134","67","99958316"
"chr12","101542530","101542822","KN295352v1","729753","730045","65","100812777"
"chr12","101648365","101648657","KN296062v1","834831","835130","80","100813534"
"chr12","101865080","101865376","KN296315v1","1023330","1023621","65","100841750"
"chr12","102464481","102464614","KN295708v1","493184","493318","26","101971297"
"chr12","103732811","103733028","KN294879v1","1183051","1183277","60","102549760"
"chr12","103774706","103774977","KN296682v1","3395587","3395869","60","100379119"
"chr12","103850879","103851186","KN294207v1","595798","596096","72","103255081"
"chr12","104101152","104101409","KN294458v1","21581","21829","64","104079571"
"chr12","104141547","104141836","KN294539v1","1692531","1692809","69","102449016"
"chr12","104387160","104387484","KN295294v1","1252231","1252546","76","103134929"
"chr12","104557926","104558225","KN296883v1","2609802","2610089","51","101948124"
"chr12","104584080","104584381","KN297023v1","640512","640805","72","103943568"
"chr12","104659738","104660019","KN294800v1","153328","153613","61","104506410"
"chr12","104697345","104697638","KN294457v1","210304","210595","66","104487041"
"chr12","104723632","104723905","KN296508v1","1973232","1973505","56","102750400"
"chr12","104992332","104992629","KN296864v1","1939832","1940132","73","103052500"
"chr12","105121393","105121520","KN297332v1","100416","100543","3","105020977"
"chr12","105434558","105434856","KN294475v1","828365","828659","25","104606193"
"chr12","106157335","106157617","KN296176v1","500815","501093","35","105656520"
"chr12","106233621","106233926","KN296176v1","575892","576195","27","105657729"
"chr12","106283867","106284165","KN296176v1","633114","633400","34","105650753"
"chr12","106556595","106556639","KN294470v1","3033953","3033992","12","103522642"
"chr12","106628139","106628389","KN294513v1","154426","154674","27","106473713"
"chr12","106692307","106692588","KN294513v1","216403","216707","50","106475904"
"chr12","106710847","106711117","KN294513v1","235461","235729","15","106475386"
"chr12","106712296","106712562","KN294513v1","236900","237162","30","106475396"
"chr12","106837978","106838265","KN294513v1","372597","372888","18","106465381"
"chr12","107021637","107021707","KN294513v1","564705","564774","4","106456932"
"chr12","107200424","107200686","KN294513v1","747602","747860","20","106452822"
"chr12","107663368","107663655","KN294199v1","1587758","1588045","22","106075610"
"chr12","107851143","107851453","KN294199v1","1444916","1445226","14","106406227"
"chr12","108254547","108254673","KN294199v1","1035553","1035679","10","107218994"
"chr12","108515199","108515327","KN294199v1","776773","776900","9","107738426"
"chr12","108681589","108681762","KN294199v1","600945","601110","19","108080644"
"chr12","108682057","108682152","KN294199v1","600558","600649","9","108081499"
"chr12","108815028","108815277","KN294199v1","463870","464121","28","108351158"
"chr12","108911816","108911939","KN295441v1","789788","789916","26","108122028"
"chr12","108939557","108939654","KN296119v1","3679881","3679981","24","105259676"
"chr12","109035411","109035715","KN294419v1","64733","65033","61","108970678"
"chr12","109135534","109135651","KN294199v1","86678","86798","11","109048856"
"chr12","109302562","109302641","KN294172v1","6462861","6462945","22","102839701"
"chr12","109321235","109321393","KN294470v1","2691196","2691354","31","106630039"
"chr12","109349180","109349312","KN295294v1","3806061","3806194","20","105543119"
"chr12","109571389","109571688","KN294470v1","3158192","3158503","31","106413197"
"chr12","109597042","109597177","KN294470v1","3133941","3134076","17","106463101"
"chr12","109696724","109696856","KN297453v1","84448","84582","28","109612276"
"chr12","109746221","109746355","KN296311v1","6471968","6472102","18","103274253"
"chr12","109851883","109852097","KN294470v1","2882164","2882378","12","106969719"
"chr12","110035422","110035470","KN295038v1","905631","905683","11","109129791"
"chr12","110035801","110035964","KN294470v1","2691196","2691354","13","107344605"
"chr12","110193107","110193390","KN294470v1","2539693","2539969","27","107653414"
"chr12","110407497","110407764","KN294470v1","2342904","2343174","23","108064593"
"chr12","110486614","110486877","KN296036v1","2336843","2337101","61","108149771"
"chr12","110523739","110524038","KN294470v1","2224621","2224924","20","108299118"
"chr12","110554068","110554297","KN296145v1","3732348","3732587","57","106821720"
"chr12","110554642","110554937","KN296430v1","725785","726075","70","109828857"
"chr12","110583694","110583999","KN296322v1","1648835","1649139","56","108934859"
"chr12","111649016","111649293","KN294470v1","1079259","1079534","16","110569757"
"chr12","111675781","111675907","KN294470v1","1056764","1056890","5","110619017"
"chr12","111858182","111858496","KN294470v1","849781","850077","39","111008401"
"chr12","111894479","111894789","KN294470v1","804733","805047","15","111089746"
"chr12","111926788","111927074","KN294470v1","772710","772997","17","111154078"
"chr12","112031888","112032022","KN296311v1","6471968","6472102","20","105559920"
"chr12","112299202","112299354","KN294470v1","385030","385177","21","111914172"
"chr12","112356820","112356956","KN294470v1","328065","328201","5","112028755"
"chr12","112465710","112465841","KN296311v1","4815038","4815168","21","107650672"
"chr12","112469865","112470045","KN296732v1","3070322","3070492","35","109399543"
"chr12","112470385","112470535","KN295708v1","2431812","2431953","35","110038573"
"chr12","112509283","112509426","KN294470v1","173752","173906","22","112335531"
"chr12","112525519","112525800","KN294470v1","155415","155718","37","112370104"
"chr12","112543835","112543997","KN296608v1","245519","245675","54","112298316"
"chr12","112608490","112608679","KN294470v1","78054","78217","34","112530436"
"chr12","112798595","112798731","KN296378v1","112481","112614","10","112686114"
"chr12","112944139","112944429","KN296378v1","237774","238079","36","112706365"
"chr12","113119768","113120040","KN296378v1","418739","419013","21","112701029"
"chr12","113134193","113134332","KN294218v1","2756614","2756751","20","110377579"
"chr12","113174060","113174367","KN296378v1","480415","480726","21","112693645"
"chr12","113175096","113175223","KN297279v1","1209908","1210040","26","111965188"
"chr12","113285023","113285129","KN295406v1","576347","576444","27","112708676"
"chr12","113285686","113285721","KN296646v1","838353","838388","10","112447333"
"chr12","113330674","113330808","KN296378v1","631411","631539","16","112699263"
"chr12","114320566","114320877","KN295633v1","778185","778486","61","113542381"
"chr12","114344250","114344538","KN294837v1","377636","377927","71","113966614"
"chr12","114485873","114486148","KN297028v1","97110","97396","61","114388763"
"chr12","114689865","114689996","KN294172v1","6272486","6272617","20","108417379"
"chr12","114899430","114899561","KN294470v1","3035258","3035389","27","111864172"
"chr12","114939778","114939906","KN296101v1","38623","38748","25","114901155"
"chr12","114942399","114942528","KN295294v1","3806061","3806194","17","111136338"
"chr12","115792419","115792713","KN295294v1","1101026","1101317","64","114691393"
"chr12","116188635","116188940","KN294806v1","594997","595290","67","115593638"
"chr12","116208915","116209050","KN294583v1","189119","189254","21","116019796"
"chr12","116216647","116216782","KN294583v1","189119","189254","21","116027528"
"chr12","116487084","116487384","KN296484v1","4833","5123","61","116482251"
"chr12","116579320","116579469","KN296879v1","1045124","1045272","32","115534196"
"chr12","116593846","116593995","KN296879v1","1045124","1045272","32","115548722"
"chr12","116748772","116748903","KN294978v1","3847610","3847736","28","112901162"
"chr12","116772022","116772281","KN297046v1","2072166","2072416","66","114699856"
"chr12","117188693","117188964","KN296515v1","108704","108986","64","117079989"
"chr12","117271005","117271049","KN295995v1","1528639","1528680","13","115742366"
"chr12","117347698","117347996","KN296507v1","738522","738814","69","116609176"
"chr12","117752670","117752732","KN296311v1","451530","451588","5","117301140"
"chr12","117985678","117985816","KN296311v1","680372","680510","10","117305306"
"chr12","118161558","118161690","KN296538v1","514898","515032","24","117646660"
"chr12","118270430","118270705","KN296311v1","972093","972364","22","117298337"
"chr12","118322225","118322389","KN296311v1","1023510","1023673","10","117298715"
"chr12","118859453","118859580","KN296311v1","4657589","4657718","23","114201864"
"chr12","118944257","118944533","KN297095v1","3766127","3766406","68","115178130"
"chr12","119544986","119545295","KN297180v1","314236","314539","61","119230750"
"chr12","119660993","119661161","KN296311v1","2361464","2361632","7","117299529"
"chr12","119661455","119661599","KN296311v1","2361921","2362066","6","117299534"
"chr12","119694723","119694996","KN296311v1","2391994","2392268","15","117302729"
"chr12","119887879","119888166","KN296311v1","2581889","2582135","53","117305990"
"chr12","119916669","119916833","KN296311v1","2616458","2616622","7","117300211"
"chr12","119926465","119926747","KN296157v1","1746450","1746732","60","118180015"
"chr12","119944581","119944725","KN295667v1","2094667","2094776","48","117849914"
"chr12","120019633","120019875","KN296225v1","209480","209693","78","119810153"
"chr12","120055084","120055337","KN296311v1","2759477","2759737","17","117295607"
"chr12","120171337","120171467","KN296311v1","4815038","4815168","22","115356299"
"chr12","120171957","120172221","KN296311v1","2857106","2857375","35","117314851"
"chr12","120213722","120214032","KN296311v1","2899768","2900062","34","117313954"
"chr12","120290363","120290414","KN296311v1","2972618","2972669","6","117317745"
"chr12","120373779","120373869","KN296311v1","3055394","3055483","7","117318385"
"chr12","120520554","120520818","KN296153v1","1716581","1716838","61","118803973"
"chr12","120613852","120613956","KN296311v1","3306365","3306464","13","117307487"
"chr12","120843667","120843776","KN296311v1","3555739","3555848","7","117287928"
"chr12","121078057","121078222","KN294548v1","490123","490280","43","120587934"
"chr12","121111379","121111450","KN295893v1","7736942","7736997","25","113374437"
"chr12","121115093","121115402","KN296311v1","3820031","3820325","30","117295062"
"chr12","121318639","121318774","KN296311v1","6471968","6472102","24","114846671"
"chr12","121470196","121470525","KN296311v1","4178987","4179302","30","117291209"
"chr12","121501037","121501087","KN296311v1","4209313","4209363","1","117291724"
"chr12","121724229","121724400","KN294346v1","260578","260726","44","121463651"
"chr12","121725014","121725153","KN295034v1","243361","243503","35","121481653"
"chr12","121731788","121731917","KN296311v1","4815038","4815168","22","116916750"
"chr12","122041059","122041292","KN295941v1","2267763","2267979","66","119773296"
"chr12","122079131","122079332","KN296192v1","228160","228362","59","121850971"
"chr12","122094748","122094878","KN296311v1","4815038","4815168","11","117279710"
"chr12","122531560","122531848","KN296311v1","5278234","5278515","24","117253326"
"chr12","122955918","122956218","KN296311v1","5727274","5727577","24","117228644"
"chr12","123100352","123100621","KN297046v1","2130311","2130564","71","120970041"
"chr12","123206824","123207110","KN297023v1","152219","152509","69","123054605"
"chr12","123357983","123358125","KN295605v1","687968","688102","23","122670015"
"chr12","123538797","123538936","KN294520v1","108989","109124","29","123429808"
"chr12","123601048","123601182","KN296520v1","371876","372009","24","123229172"
"chr12","123617115","123617252","KN296682v1","3822702","3822835","22","119794413"
"chr12","123645764","123645963","KN297313v1","655847","656042","55","122989917"
"chr12","123715951","123716062","KN294199v1","86678","86798","25","123629273"
"chr12","123776095","123776369","KN296311v1","6546105","6546379","14","117229990"
"chr12","123831848","123831953","KN295236v1","1140799","1140905","21","122691049"
"chr12","123863359","123863642","KN297028v1","97110","97396","59","123766249"
"chr12","124669824","124669981","KN295405v1","328891","329050","44","124340933"
"chr12","124753105","124753385","KN296311v1","7540450","7540745","35","117212655"
"chr12","128682406","128682696","KN295984v1","150673","150962","55","128531733"
"chr12","132095849","132095981","KN295294v1","3806061","3806194","16","128289788"
"chr12","132214876","132215008","KN294193v1","128685","128814","22","132086191"
"chr12","132651927","132651970","KN296356v1","709440","709478","12","131942487"
"chr12","132945241","132945368","KN295596v1","3422193","3422324","21","129523048"
"chr12","132945484","132945613","KN296296v1","446565","446696","36","132498919"
"chr12","133340412","133340507","KN295987v1","1409300","1409399","27","131931112"
"chr12","133349197","133349486","KN295984v1","150673","150962","66","133198524"
"chr12","133398833","133398993","KN294210v1","836667","836810","42","132562166"
"chr12","133399296","133399461","KN296754v1","59195","59361","43","133340101"
"chr12","133417508","133417785","KN296303v1","805215","805501","64","132612293"
"chr13","426559","426785","KN296460v1","735383","735598","64","308824"
"chr13","427322","427540","KN296119v1","805789","806002","53","378467"
"chr13","445120","445338","KN296119v1","805789","806002","53","360669"
"chr13","862970","863195","KN297245v1","2387953","2388175","52","1524983"
"chr13","1081051","1081196","KN294218v1","2756614","2756751","29","1675563"
"chr13","1288591","1288877","KN297028v1","97110","97396","61","1191481"
"chr13","1380814","1381083","KN294685v1","782630","782898","19","598184"
"chr13","1539012","1539307","KN297050v1","187200","187494","57","1351812"
"chr13","2251597","2251758","KN294685v1","23168","23332","23","2228429"
"chr13","2389333","2389491","KN295967v1","534752","534906","36","1854581"
"chr13","2393894","2394023","KN296311v1","4657589","4657718","23","2263695"
"chr13","2425712","2425897","KN295157v1","102871","103055","13","2322841"
"chr13","2571908","2572036","KN294339v1","93661","93791","23","2478247"
"chr13","2750943","2751236","KN295157v1","353438","353731","21","2397505"
"chr13","3074954","3075087","KN296643v1","310149","310281","26","2764805"
"chr13","3075111","3075205","KN294685v1","1274627","1274713","25","1800484"
"chr13","3145744","3145908","KN294685v1","1344495","1344649","21","1801249"
"chr13","3159581","3159595","KN295814v1","1089801","1089815","3","2069780"
"chr13","3159622","3159793","KN296732v1","3522095","3522260","46","362473"
"chr13","3165763","3165915","KN294685v1","1360051","1360203","9","1805712"
"chr13","3166213","3166367","KN294685v1","1360507","1360684","39","1805706"
"chr13","3458479","3458701","KN297095v1","2669325","2669548","50","789154"
"chr13","3568806","3568888","KN294199v1","600558","600649","23","2968248"
"chr13","3568930","3569087","KN296596v1","21794","21951","36","3547136"
"chr13","3659188","3659400","KN296011v1","315060","315250","56","3344128"
"chr13","5244244","5244517","KN294873v1","1072389","1072676","66","4171855"
"chr13","5378386","5378673","KN297190v1","2683777","2684071","68","2694609"
"chr13","5401592","5401879","KN297190v1","2683777","2684071","68","2717815"
"chr13","5468596","5468875","KN294404v1","446289","446568","16","5022307"
"chr13","5618189","5618294","KN297143v1","117310","117417","26","5500879"
"chr13","5690849","5691067","KN294404v1","277902","278119","27","5412947"
"chr13","6113746","6114055","KN294949v1","320944","321246","31","5792802"
"chr13","6124618","6124911","KN294949v1","310994","311283","22","5813624"
"chr13","6148010","6148250","KN295319v1","765091","765341","81","5382919"
"chr13","6415663","6415965","KN294949v1","136064","136363","28","6279599"
"chr13","6559346","6559580","KN294421v1","809992","810249","80","5749354"
"chr13","6923213","6923393","KN295923v1","1333350","1333524","44","5589863"
"chr13","6923443","6923551","KN294598v1","442990","443100","29","6480453"
"chr13","6942723","6943034","KN296322v1","1648835","1649139","73","5293888"
"chr13","7053460","7053749","KN294210v1","473112","473404","64","6580348"
"chr13","7169021","7169306","KN294949v1","874826","875131","40","6294195"
"chr13","7922285","7922623","KN294949v1","1551468","1551789","37","6370817"
"chr13","8020874","8021114","KN294949v1","1654876","1655112","28","6365998"
"chr13","8026862","8027153","KN295706v1","297246","297543","63","7729616"
"chr13","8194729","8194988","KN297319v1","1051471","1051731","26","7143258"
"chr13","8366089","8366257","KN295667v1","2018457","2018624","48","6347632"
"chr13","8462670","8462966","KN297319v1","809994","810286","20","7652676"
"chr13","8715209","8715500","KN297319v1","564163","564455","21","8151046"
"chr13","8943308","8943467","KN296187v1","1018477","1018630","34","7924831"
"chr13","9501225","9501538","KN294453v1","24436","24724","75","9476789"
"chr13","9654905","9655216","KN294224v1","1176837","1177147","21","8478068"
"chr13","9754137","9754442","KN294224v1","1079462","1079770","33","8674675"
"chr13","9768156","9768468","KN294224v1","1066678","1066990","25","8701478"
"chr13","9864524","9864812","KN294224v1","979874","980142","41","8884650"
"chr13","9996039","9996171","KN295294v1","3806061","3806194","20","6189978"
"chr13","10194367","10194665","KN294224v1","660643","660948","44","9533724"
"chr13","10285034","10285195","KN296311v1","2361464","2361632","33","7923570"
"chr13","10378734","10379005","KN296948v1","762193","762479","56","9616541"
"chr13","10476541","10476823","KN294224v1","393693","393984","24","10082848"
"chr13","11035390","11035635","KN296145v1","3732348","3732587","21","7303042"
"chr13","12060017","12060326","KN296145v1","2771580","2771860","48","9288437"
"chr13","12212738","12212870","KN296311v1","4815038","4815168","21","7397700"
"chr13","12696464","12696734","KN296145v1","2164749","2165028","33","10531715"
"chr13","13146468","13146769","KN296145v1","1739048","1739353","23","11407420"
"chr13","13548445","13548729","KN296145v1","1341911","1342193","20","12206534"
"chr13","13840225","13840566","KN296145v1","1068634","1068970","39","12771591"
"chr13","13902237","13902502","KN294987v1","7169","7439","62","13895068"
"chr13","14160850","14161107","KN296145v1","736954","737187","36","13423896"
"chr13","14172265","14172540","KN296145v1","725834","726111","26","13446431"
"chr13","14255529","14255668","KN296145v1","649092","649233","11","13606437"
"chr13","14369944","14370216","KN297165v1","2729254","2729527","61","11640690"
"chr13","14639564","14639851","KN296145v1","275067","275360","24","14364497"
"chr13","14668998","14669165","KN296145v1","243711","243874","27","14425287"
"chr13","14670456","14670759","KN296145v1","242115","242415","33","14428341"
"chr13","14885766","14886046","KN296145v1","6386","6651","31","14879380"
"chr13","16605234","16605525","KN295068v1","49131","49419","68","16556103"
"chr13","16702297","16702581","KN297227v1","1123419","1123703","69","15578878"
"chr13","17976816","17977135","KN295936v1","78605","78913","78","17898211"
"chr13","18343084","18343377","KN297112v1","2231098","2231393","62","16111986"
"chr13","18615851","18616149","KN295667v1","1567361","1567664","63","17048490"
"chr13","19004418","19004708","KN295346v1","1542461","1542751","63","17461957"
"chr13","19094447","19094641","KN294287v1","645666","645855","43","18448781"
"chr13","19354704","19355006","KN297403v1","175995","176294","67","19178709"
"chr13","19896988","19897286","KN294848v1","998602","998909","73","18898386"
"chr13","20153205","20153414","KN294205v1","1582745","1582943","28","18570460"
"chr13","20629703","20629977","KN294205v1","1114211","1114484","20","19515492"
"chr13","20820460","20820659","KN294205v1","957443","957638","16","19863017"
"chr13","21356366","21356661","KN294205v1","428163","428434","61","20928203"
"chr13","21716735","21716998","KN294205v1","71533","71796","16","21645202"
"chr13","21833927","21834085","KN297219v1","2703507","2703665","12","19130420"
"chr13","22232035","22232326","KN297219v1","2305980","2306268","22","19926055"
"chr13","22336084","22336264","KN294571v1","2119940","2120110","40","20216144"
"chr13","22336302","22336405","KN297028v1","612387","612499","27","21723915"
"chr13","22746756","22747060","KN297219v1","1839754","1840062","17","20907002"
"chr13","22906300","22906599","KN297219v1","1700575","1700868","47","21205725"
"chr13","22919275","22919525","KN297219v1","1689275","1689526","17","21230000"
"chr13","22975904","22976187","KN297219v1","1621419","1621693","28","21354485"
"chr13","23034548","23034844","KN297219v1","1576359","1576655","13","21458189"
"chr13","23060508","23060636","KN296738v1","39598","39734","41","23020910"
"chr13","23096556","23096849","KN297219v1","1514045","1514340","22","21582511"
"chr13","23167324","23167455","KN297219v1","1442433","1442564","7","21724891"
"chr13","23184410","23184541","KN297219v1","1442433","1442564","7","21741977"
"chr13","24094613","24094883","KN294294v1","145451","145740","76","23949162"
"chr13","24673422","24673718","KN294949v1","310994","311283","61","24362428"
"chr13","24841438","24841743","KN296290v1","2828979","2829278","31","22012459"
"chr13","24849911","24850116","KN296290v1","2820170","2820377","13","22029741"
"chr13","25600827","25601122","KN297375v1","58397","58674","67","25542430"
"chr13","26487432","26487718","KN296290v1","1215856","1216128","28","25271576"
"chr13","26502449","26502578","KN295441v1","1418402","1418531","21","25084047"
"chr13","26835327","26835606","KN296290v1","866170","866474","40","25969157"
"chr13","26857992","26858291","KN295984v1","150673","150962","67","26707319"
"chr13","26871027","26871160","KN295706v1","131306","131439","24","26739721"
"chr13","26965824","26966130","KN295667v1","1567361","1567664","63","25398463"
"chr13","27103351","27103527","KN296096v1","680679","680846","43","26422672"
"chr13","27115348","27115511","KN296290v1","587253","587423","19","26528095"
"chr13","27115810","27115959","KN296290v1","586806","586954","5","26529004"
"chr13","27616445","27616774","KN296322v1","1648835","1649139","84","25967610"
"chr13","27636292","27636594","KN296290v1","76119","76420","17","27560173"
"chr13","27767798","27768043","KN296467v1","110003","110248","10","27657795"
"chr13","27773472","27773771","KN296467v1","104385","104665","61","27669087"
"chr13","27805497","27805624","KN296138v1","11819","11953","22","27793678"
"chr13","28093066","28093355","KN295977v1","399743","400033","69","27693323"
"chr13","28211225","28211265","KN296167v1","457135","457171","11","27754090"
"chr13","29723614","29723901","KN297028v1","173094","173386","62","29550520"
"chr13","29731154","29731441","KN297028v1","173094","173386","62","29558060"
"chr13","30316497","30316618","KN294187v1","143442","143547","31","30173055"
"chr13","30340784","30341010","KN295596v1","3046296","3046522","13","27294488"
"chr13","30367977","30368285","KN295596v1","3016798","3017106","34","27351179"
"chr13","30554082","30554346","KN295596v1","2823312","2823595","38","27730770"
"chr13","30622188","30622482","KN295596v1","2759158","2759450","23","27863030"
"chr13","30796335","30796623","KN295596v1","2566260","2566526","38","28230075"
"chr13","30818852","30819130","KN295987v1","1142083","1142355","72","29676769"
"chr13","30973230","30973502","KN295430v1","901968","902248","77","30071262"
"chr13","31085877","31086134","KN295596v1","2296079","2296336","16","28789798"
"chr13","31353443","31353746","KN294399v1","171378","171682","74","31182065"
"chr13","31373313","31373589","KN295480v1","1342408","1342684","73","30030905"
"chr13","31374601","31374911","KN295633v1","909764","910066","66","30464837"
"chr13","31557486","31557616","KN295596v1","1825861","1825991","6","29731625"
"chr13","31682051","31682306","KN295596v1","1698104","1698351","24","29983947"
"chr13","32185760","32186065","KN295596v1","1238238","1238509","53","30947522"
"chr13","32880995","32881140","KN295596v1","545689","545834","10","32335306"
"chr13","32881449","32881629","KN295596v1","545195","545376","19","32336254"
"chr13","32909340","32909628","KN295596v1","514310","514606","35","32395030"
"chr13","33270734","33271027","KN296507v1","738522","738814","66","32532212"
"chr13","33352330","33352547","KN296991v1","1155715","1155935","57","32196615"
"chr13","33434109","33434414","KN296784v1","8837","9139","18","33425272"
"chr13","33490667","33490961","KN294294v1","145451","145740","93","33345216"
"chr13","33610502","33610818","KN296784v1","167284","167587","41","33443218"
"chr13","33670939","33671230","KN296187v1","874304","874596","77","32796635"
"chr13","33776989","33777069","KN294539v1","2023522","2023599","18","31753467"
"chr13","34094118","34094383","KN295480v1","1342408","1342684","65","32751710"
"chr13","34553760","34554057","KN295352v1","729753","730045","66","33824007"
"chr13","34560023","34560320","KN295352v1","729753","730045","66","33830270"
"chr13","34574398","34574680","KN297066v1","48943","49249","70","34525455"
"chr13","34620583","34620878","KN297050v1","187200","187494","71","34433383"
"chr13","34640452","34640627","KN294540v1","770939","771118","45","33869513"
"chr13","34640921","34641041","KN295236v1","3047477","3047602","28","31593444"
"chr13","36098353","36098656","KN297458v1","104221","104520","69","35994132"
"chr13","36811230","36811516","KN294260v1","1091595","1091881","79","35719635"
"chr13","38871591","38871880","KN296253v1","798297","798590","77","38073294"
"chr13","39528644","39528939","KN294260v1","1091595","1091881","69","38437049"
"chr13","39614601","39614900","KN295352v1","729753","730045","67","38884848"
"chr13","40217755","40218042","KN294684v1","110075","110368","25","40107680"
"chr13","40405058","40405360","KN296864v1","1939832","1940132","76","38465226"
"chr13","40418340","40418642","KN296864v1","1939832","1940132","76","38478508"
"chr13","40675111","40675379","KN295352v1","1019178","1019436","74","39655933"
"chr13","41634734","41635051","KN296339v1","1283099","1283411","27","40351635"
"chr13","41664996","41665302","KN296339v1","1311339","1311635","29","40353657"
"chr13","41793562","41793876","KN296460v1","825006","825313","82","40968556"
"chr13","41849367","41849668","KN296339v1","1482324","1482625","30","40367043"
"chr13","42067456","42067770","KN296339v1","1704312","1704626","20","40363144"
"chr13","42103281","42103451","KN294443v1","437013","437176","47","41666268"
"chr13","42427110","42427395","KN296339v1","2039540","2039800","41","40387570"
"chr13","42670882","42671016","KN294540v1","1022251","1022386","30","41648631"
"chr13","42671317","42671448","KN295744v1","293049","293182","37","42378268"
"chr13","42980394","42980636","KN296643v1","482284","482494","79","42498110"
"chr13","43484672","43484829","KN295347v1","14270","14430","33","43470402"
"chr13","43784802","43785104","KN296322v1","1648835","1649139","66","42135967"
"chr13","44274896","44275021","KN294764v1","647790","647916","6","43627106"
"chr13","44376831","44376958","KN294764v1","530417","530530","17","43846414"
"chr13","45002825","45003144","KN295573v1","1390691","1391001","78","43612134"
"chr13","47346250","47346538","KN296392v1","455077","455352","32","46891173"
"chr13","48621372","48621671","KN296834v1","36883","37182","30","48584489"
"chr13","49137960","49138268","KN297242v1","1213658","1213969","83","47924302"
"chr13","49199891","49200199","KN297242v1","1213658","1213969","83","47986233"
"chr13","50342558","50342707","KN294558v1","284993","285139","39","50057565"
"chr13","50343003","50343109","KN294996v1","543397","543494","37","49799606"
"chr13","50555658","50555814","KN296000v1","901795","901947","42","49653863"
"chr13","52190868","52191166","KN294848v1","932997","933294","75","51257871"
"chr13","52290065","52290341","KN297008v1","6549351","6549627","66","45740714"
"chr13","52715576","52715670","KN295987v1","1409300","1409399","11","51306276"
"chr13","52769357","52769661","KN294207v1","595798","596096","70","52173559"
"chr13","54125792","54126088","KN295205v1","1077585","1077883","75","53048207"
"chr13","54383773","54384060","KN295984v1","2286186","2286477","79","52097587"
"chr13","54927555","54927743","KN296732v1","3070322","3070492","52","51857233"
"chr13","55197642","55197954","KN294581v1","108430","108726","76","55089212"
"chr13","55283337","55283610","KN296119v1","5022381","5022653","70","50260956"
"chr13","55360108","55360366","KN295523v1","3469042","3469297","69","51891066"
"chr13","55417471","55417758","KN294260v1","1359230","1359515","61","54058241"
"chr13","55419849","55420133","KN296303v1","805215","805501","50","54614634"
"chr13","55473526","55473840","KN295405v1","315125","315439","66","55158401"
"chr13","55493374","55493550","KN294571v1","2119940","2120110","38","53373434"
"chr13","55493860","55493995","KN295294v1","3806061","3806194","21","51687799"
"chr13","55563081","55563379","KN294758v1","1361907","1362206","62","54201174"
"chr13","55570424","55570555","KN294172v1","5400991","5401118","42","50169433"
"chr13","55636116","55636377","KN295319v1","765091","765341","72","54871025"
"chr13","55918356","55918636","KN295633v1","1501780","1502052","65","54416576"
"chr13","56101987","56102280","KN295346v1","1646114","1646406","60","54455873"
"chr13","56140095","56140382","KN297375v1","58397","58674","69","56081698"
"chr13","56177088","56177391","KN295480v1","1274084","1274387","63","54903004"
"chr13","56661207","56661316","KN295406v1","576347","576444","27","56084860"
"chr13","57904336","57904648","KN295406v1","486578","486886","69","57417758"
"chr13","57977036","57977322","KN297008v1","6549351","6549627","62","51427685"
"chr13","58537399","58537599","KN296577v1","938048","938235","56","57599351"
"chr13","58537899","58538020","KN296225v1","229061","229185","26","58308838"
"chr13","59421104","59421394","KN297229v1","432441","432732","17","58988663"
"chr13","59496259","59496379","KN297229v1","352299","352425","13","59143960"
"chr13","59536820","59536940","KN297229v1","352299","352425","13","59184521"
"chr13","59801598","59801675","KN295633v1","2100867","2100948","25","57700731"
"chr13","60900279","60900580","KN295260v1","297685","297986","26","60602594"
"chr13","61008691","61008979","KN296303v1","805215","805501","70","60203476"
"chr13","61449425","61449706","KN295260v1","797630","797901","41","60651795"
"chr13","61937326","61937637","KN296682v1","1941233","1941537","72","59996093"
"chr13","62355560","62355846","KN295705v1","823070","823354","72","61532490"
"chr13","62892110","62892153","KN295450v1","178289","178327","11","62713821"
"chr13","62892451","62892585","KN297259v1","1176832","1176951","40","61715619"
"chr13","63308975","63309208","KN294235v1","570733","570958","74","62738242"
"chr13","63582339","63582458","KN297190v1","6428317","6428438","35","57154022"
"chr13","63582508","63582691","KN295157v1","102871","103055","52","63479637"
"chr13","64207648","64207934","KN294396v1","224755","225042","66","63982893"
"chr13","64738552","64738685","KN296643v1","191078","191208","32","64547474"
"chr13","64854660","64854791","KN294172v1","6272486","6272617","27","58582174"
"chr13","64854829","64854989","KN297000v1","418665","418822","42","64436164"
"chr13","66005595","66005863","KN294199v1","1022551","1022840","82","64983044"
"chr13","68334840","68335111","KN297219v1","1621419","1621693","70","66713421"
"chr13","68745213","68745492","KN296303v1","805215","805501","68","67939998"
"chr13","68815226","68815358","KN295906v1","88165","88296","28","68727061"
"chr13","68956812","68957047","KN294172v1","787198","787430","71","68169614"
"chr13","70473984","70474263","KN294571v1","1132204","1132487","70","69341780"
"chr13","70944645","70944811","KN295294v1","403385","403528","54","70541260"
"chr13","71227242","71227545","KN295930v1","870785","871092","73","70356457"
"chr13","72299212","72299358","KN296538v1","1843564","1843714","41","70455648"
"chr13","72299627","72299760","KN294470v1","2235421","2235555","30","70064206"
"chr13","72328958","72329289","KN294520v1","614876","615200","95","71714082"
"chr13","72403159","72403372","KN296158v1","230905","231113","65","72172254"
"chr13","74493346","74493656","KN296505v1","323963","324278","70","74169383"
"chr13","75859651","75859948","KN295828v1","1635308","1635575","86","74224343"
"chr13","76065875","76066166","KN294470v1","849781","850077","65","75216094"
"chr13","76439426","76439715","KN294991v1","53502","53789","71","76385924"
"chr13","76813152","76813462","KN294809v1","517534","517844","64","76295618"
"chr13","77561521","77561618","KN296926v1","151891","151976","29","77409630"
"chr13","77624974","77625062","KN294387v1","2019460","2019545","25","75605514"
"chr13","77726998","77727267","KN296290v1","1215856","1216128","69","76511142"
"chr13","78095162","78095403","KN295814v1","1510713","1510950","64","76584449"
"chr13","78181823","78181878","KN295893v1","883771","883820","12","77298052"
"chr13","78506917","78507218","KN296158v1","233961","234261","70","78272956"
"chr13","78597233","78597503","KN296948v1","762193","762479","69","77835040"
"chr13","78831051","78831340","KN294705v1","1127452","1127739","68","77703599"
"chr13","79863217","79863537","KN297165v1","2596688","2597002","71","77266529"
"chr13","79933894","79934194","KN294210v1","473112","473404","65","79460782"
"chr13","80690078","80690212","KN294420v1","702665","702798","20","79987413"
"chr13","80691661","80691924","KN294287v1","866897","867163","68","79824764"
"chr13","80698012","80698311","KN296371v1","158213","158508","61","80539799"
"chr13","80845127","80845262","KN294827v1","217820","217957","22","80627307"
"chr13","80900359","80900447","KN295257v1","1315815","1315908","25","79584544"
"chr13","81018095","81018252","KN294599v1","310631","310786","48","80707464"
"chr13","81034921","81035055","KN296311v1","4815038","4815168","24","76219883"
"chr13","81041209","81041498","KN295449v1","1170610","1170916","67","79870599"
"chr13","81232638","81232770","KN296322v1","2564470","2564606","19","78668168"
"chr13","81293183","81293477","KN294452v1","1374937","1375240","69","79918246"
"chr13","81479017","81479304","KN296322v1","2312397","2312683","22","79166620"
"chr13","81821459","81821759","KN296864v1","1939832","1940132","69","79881627"
"chr13","81962294","81962598","KN296322v1","1818952","1819227","39","80143342"
"chr13","82130185","82130495","KN296322v1","1648835","1649139","22","80481350"
"chr13","82162581","82162874","KN296495v1","1076274","1076557","76","81086307"
"chr13","82300524","82300866","KN296322v1","1648835","1649139","89","80651689"
"chr13","82373247","82373543","KN296322v1","1422030","1422326","25","80951217"
"chr13","82469448","82469709","KN296311v1","2300216","2300485","68","80169232"
"chr13","82482707","82482848","KN295077v1","850159","850295","37","81632548"
"chr13","82798574","82798703","KN296311v1","4657589","4657718","18","78140985"
"chr13","82895724","82896024","KN296649v1","474335","474640","65","82421389"
"chr13","83117601","83117920","KN296322v1","720135","720449","25","82397466"
"chr13","83332343","83332657","KN295666v1","767425","767733","71","82564918"
"chr13","83416395","83416707","KN296322v1","426249","426560","25","82990146"
"chr13","83853613","83853927","KN296322v1","19020","19328","56","83834593"
"chr13","84784706","84785019","KN296306v1","2458139","2458449","73","82326567"
"chr13","88247710","88247996","KN297058v1","194613","194917","74","88053097"
"chr13","89349042","89349136","KN295708v1","438075","438171","22","88910967"
"chr13","90090255","90090516","KN296528v1","1411593","1411869","68","88678662"
"chr13","92986182","92986279","KN296178v1","755643","755738","27","92230539"
"chr13","93605865","93606145","KN296467v1","104385","104665","68","93501480"
"chr13","93609588","93609722","KN294410v1","486228","486353","32","93123360"
"chr13","93622966","93623161","KN294964v1","1050991","1051179","47","92571975"
"chr13","93935702","93936005","KN296306v1","2458139","2458449","64","91477563"
"chr13","94116580","94116894","KN294421v1","9377","9683","69","94107203"
"chr13","94128708","94129021","KN294421v1","9377","9683","68","94119331"
"chr13","94191435","94191746","KN296643v1","555392","555692","81","93636043"
"chr13","94559326","94559465","KN295294v1","3806061","3806194","28","90753265"
"chr13","96250036","96250157","KN295601v1","2823696","2823818","30","93426340"
"chr13","96356670","96356895","KN296145v1","736954","737187","65","95619716"
"chr13","97004557","97004853","KN295667v1","1567361","1567664","65","95437196"
"chr13","97049072","97049361","KN294991v1","1709174","1709474","69","95339898"
"chr14","319485","319788","KN294210v1","473112","473404","64","153627"
"chr14","353485","353742","KN297095v1","2475476","2475727","65","2121991"
"chr14","570507","570617","KN296296v1","266802","266913","28","303705"
"chr14","570917","571108","KN295430v1","2495062","2495241","47","1924145"
"chr14","1096809","1096938","KN297023v1","329933","330059","27","766876"
"chr14","1592279","1592603","KN296635v1","3158196","3158517","85","1565917"
"chr14","2446951","2447234","KN296306v1","1771005","1771285","77","675946"
"chr14","5000381","5000537","KN296275v1","443144","443303","17","4557237"
"chr14","5995880","5996008","KN294457v1","130203","130331","28","5865677"
"chr14","6011890","6012157","KN297165v1","2693282","2693560","70","3318608"
"chr14","6019006","6019197","KN294421v1","1567367","1567552","48","4451639"
"chr14","6019243","6019351","KN294199v1","969997","970115","28","5049246"
"chr14","6191695","6191845","KN296879v1","1045124","1045272","37","5146571"
"chr14","6197082","6197352","KN295090v1","102719","102992","76","6094363"
"chr14","6244827","6245097","KN295090v1","102719","102992","76","6142108"
"chr14","6767485","6767771","KN294420v1","816046","816329","57","5951439"
"chr14","7423288","7423595","KN295301v1","343655","343965","23","7079633"
"chr14","7435321","7435485","KN295301v1","357053","357217","14","7078268"
"chr14","7818132","7818438","KN295633v1","909764","910066","66","6908368"
"chr14","7924328","7924631","KN295301v1","870227","870516","29","7054101"
"chr14","7962454","7962592","KN296880v1","198524","198663","29","7763930"
"chr14","8052777","8053091","KN295301v1","990148","990430","52","7062629"
"chr14","8066097","8066250","KN295301v1","1004370","1004527","14","7061727"
"chr14","8100955","8101258","KN295301v1","1048159","1048462","12","7052796"
"chr14","8321353","8321646","KN295301v1","1295737","1296019","57","7025616"
"chr14","8598515","8598731","KN295893v1","81858","82067","53","8516657"
"chr14","8747945","8748221","KN295906v1","883641","883911","27","7864304"
"chr14","9458284","9458332","KN295893v1","883771","883820","7","8574513"
"chr14","9528223","9528369","KN295906v1","124441","124587","12","9403782"
"chr14","9550148","9550431","KN295906v1","99775","100018","65","9450373"
"chr14","9562123","9562255","KN295906v1","88165","88296","9","9473958"
"chr14","9789254","9789346","KN294591v1","157234","157317","13","9632020"
"chr14","9824304","9824584","KN294591v1","199615","199912","41","9624689"
"chr14","10031914","10031997","KN297146v1","178455","178535","23","9853459"
"chr14","10150707","10151007","KN294591v1","535625","535912","30","9615082"
"chr14","10173443","10173603","KN294591v1","557328","557491","16","9616115"
"chr14","10185494","10185626","KN294591v1","569932","570064","6","9615562"
"chr14","10343149","10343397","KN296750v1","483092","483341","63","9860057"
"chr14","10429046","10429306","KN294571v1","2363835","2364096","67","8065211"
"chr14","10557609","10557770","KN294991v1","973655","973815","34","9583954"
"chr14","10558081","10558228","KN297165v1","2667658","2667810","35","7890423"
"chr14","10594533","10594663","KN295449v1","587976","588098","22","10006557"
"chr14","10617964","10618098","KN294284v1","53072","53205","8","10564892"
"chr14","10621223","10621536","KN296864v1","1939832","1940132","80","8681391"
"chr14","10628162","10628300","KN296625v1","261253","261395","27","10366909"
"chr14","10636000","10636130","KN294284v1","69676","69806","10","10566324"
"chr14","10636749","10636891","KN294284v1","70113","70248","15","10566636"
"chr14","10649018","10649180","KN294548v1","490123","490280","40","10158895"
"chr14","10683996","10684294","KN294452v1","1374937","1375240","75","9309059"
"chr14","10684968","10685254","KN295708v1","2790498","2790788","71","7894470"
"chr14","10955564","10955858","KN296925v1","115493","115782","28","10840071"
"chr14","11410543","11410848","KN294509v1","336219","336519","24","11074324"
"chr14","11830262","11830559","KN294509v1","750191","750493","27","11080071"
"chr14","12401445","12401586","KN294346v1","260578","260726","38","12140867"
"chr14","12415158","12415446","KN294509v1","1350928","1351223","26","11064230"
"chr14","12692495","12692661","KN294991v1","973655","973815","25","11718840"
"chr14","13777917","13778202","KN296306v1","1771005","1771285","64","12006912"
"chr14","13901134","13901424","KN296303v1","805215","805501","60","13095919"
"chr14","13935035","13935296","KN297242v1","1171024","1171287","24","12764011"
"chr14","13985957","13986249","KN297242v1","1213658","1213969","31","12772299"
"chr14","14076206","14076467","KN297242v1","1301019","1301282","22","12775187"
"chr14","14119226","14119535","KN297242v1","1347482","1347793","26","12771744"
"chr14","14122489","14122770","KN297242v1","1350450","1350740","37","12772039"
"chr14","14138626","14138905","KN297242v1","1368004","1368281","23","12770622"
"chr14","14258215","14258494","KN294570v1","166260","166534","76","14091955"
"chr14","14280511","14280653","KN295294v1","3806061","3806194","33","10474450"
"chr14","14329116","14329373","KN297242v1","1574176","1574433","10","12754940"
"chr14","14334461","14334644","KN297242v1","1579579","1579761","14","12754882"
"chr14","14381362","14381657","KN297242v1","1632347","1632635","28","12749015"
"chr14","14793269","14793573","KN297242v1","2049340","2049645","23","12743929"
"chr14","15341581","15341900","KN297242v1","2598664","2598979","31","12742917"
"chr14","15534789","15534909","KN297323v1","349913","350031","20","15184876"
"chr14","15534952","15535104","KN295005v1","263752","263899","25","15271200"
"chr14","17010960","17011176","KN295601v1","3201776","3202001","65","13809184"
"chr14","17883025","17883316","KN294199v1","1022551","1022840","69","16860474"
"chr14","18056936","18057213","KN297008v1","6549351","6549627","67","11507585"
"chr14","18783465","18783752","KN294758v1","1780351","1780635","76","17003114"
"chr14","18962974","18963239","KN297189v1","235450","235714","10","18727524"
"chr14","19653913","19654174","KN295592v1","463008","463249","39","19190905"
"chr14","20023458","20023638","KN296496v1","472499","472677","47","19550959"
"chr14","20023839","20023918","KN296916v1","406169","406247","23","19617670"
"chr14","20313431","20313690","KN295592v1","1126110","1126362","45","19187321"
"chr14","21037030","21037290","KN295592v1","1834304","1834564","11","19202726"
"chr14","21408170","21408469","KN295592v1","2169141","2169432","34","19239029"
"chr14","21484444","21484738","KN294507v1","85696","85989","14","21398748"
"chr14","21507491","21507805","KN295102v1","387826","388136","70","21119665"
"chr14","21752867","21753164","KN296072v1","187671","187971","19","21565196"
"chr14","21755740","21756040","KN296588v1","2231711","2232014","67","19524029"
"chr14","21873341","21873474","KN296072v1","82151","82283","16","21791190"
"chr14","22078856","22079151","KN296877v1","287002","287310","62","21791854"
"chr14","22109635","22109941","KN295633v1","909764","910066","65","21199871"
"chr14","22138084","22138270","KN296732v1","3070322","3070492","45","19067762"
"chr14","22138304","22138423","KN294501v1","2659852","2659970","25","19478452"
"chr14","22153569","22153687","KN295205v1","1234306","1234404","38","20919263"
"chr14","22268377","22268498","KN296153v1","3527722","3527839","20","18740655"
"chr14","22274773","22275072","KN295352v1","729753","730045","77","21545020"
"chr14","22384838","22384978","KN294407v1","3228566","3228701","27","19156272"
"chr14","22702184","22702335","KN297320v1","677594","677746","28","22024590"
"chr14","23043852","23043956","KN295319v1","661942","662051","24","22381910"
"chr14","23462681","23462959","KN296825v1","2323044","2323333","65","21139637"
"chr14","23657802","23658086","KN294873v1","1303218","1303511","73","22354584"
"chr14","23687587","23687732","KN294548v1","869656","869782","60","22817931"
"chr14","23688028","23688048","KN296569v1","4665","4683","2","23683363"
"chr14","23756476","23756799","KN296682v1","1941233","1941537","81","21815243"
"chr14","23788150","23788451","KN295962v1","1736808","1737104","79","22051342"
"chr14","23864791","23865046","KN296750v1","483092","483341","77","23381699"
"chr14","24087968","24088079","KN296926v1","455694","455813","26","23632274"
"chr14","24130529","24130805","KN296315v1","1023330","1023621","75","23107199"
"chr14","24218088","24218223","KN295294v1","3806061","3806194","18","20412027"
"chr14","24306601","24306886","KN297028v1","97110","97396","60","24209491"
"chr14","24865935","24866241","KN296864v1","1939832","1940132","66","22926103"
"chr14","24997539","24997659","KN297038v1","317140","317257","25","24680399"
"chr14","25035407","25035516","KN295883v1","610510","610616","21","24424897"
"chr14","25071176","25071267","KN297442v1","15487","15576","17","25055689"
"chr14","25936248","25936372","KN294172v1","6039824","6039947","30","19896424"
"chr14","29220261","29220544","KN294539v1","1347688","1347986","74","27872573"
"chr14","30477013","30477288","KN296921v1","2833134","2833394","65","27643879"
"chr14","30820188","30820469","KN294420v1","816046","816329","64","30004142"
"chr14","31500001","31500258","KN297095v1","2475476","2475727","56","29024525"
"chr14","31718492","31718788","KN297058v1","194613","194917","79","31523879"
"chr14","32783527","32783827","KN294389v1","28183","28488","75","32755344"
"chr14","32838908","32839216","KN294619v1","1593520","1593816","74","31245388"
"chr14","32961587","32961832","KN295368v1","1769567","1769795","71","31192020"
"chr14","33288256","33288391","KN294419v1","211719","211856","31","33076537"
"chr14","33288698","33288820","KN296485v1","157888","158017","28","33130810"
"chr14","33361586","33361895","KN296278v1","748512","748801","71","32613074"
"chr14","33431986","33432301","KN294539v1","3359067","3359368","82","30072919"
"chr14","33465609","33465912","KN296096v1","1326102","1326406","63","32139507"
"chr14","33499083","33499200","KN294705v1","1831138","1831252","26","31667945"
"chr14","33565723","33565874","KN294346v1","402058","402202","35","33163665"
"chr14","33656297","33656622","KN295406v1","486578","486886","76","33169719"
"chr14","33665448","33665572","KN295586v1","5575079","5575199","30","28090369"
"chr14","33713971","33714104","KN295441v1","789788","789916","24","32924183"
"chr14","33734899","33735194","KN294260v1","1734951","1735248","72","31999948"
"chr14","33742752","33742984","KN294458v1","21581","21829","59","33721171"
"chr14","33898566","33898853","KN297452v1","1744682","1744969","66","32153884"
"chr14","33962185","33962330","KN296311v1","2361921","2362066","28","31600264"
"chr14","34066886","34067141","KN295977v1","914937","915207","64","33151949"
"chr14","34310316","34310590","KN294421v1","46297","46577","58","34264019"
"chr14","34409455","34409739","KN297058v1","392670","392966","72","34016785"
"chr14","34510739","34511009","KN297189v1","235450","235714","63","34275289"
"chr14","34705836","34706117","KN294199v1","1022551","1022840","72","33683285"
"chr14","34832700","34832794","KN295301v1","1589895","1589989","21","33242805"
"chr14","34894598","34894890","KN295936v1","78605","78913","69","34815993"
"chr14","35243090","35243407","KN295666v1","1032980","1033292","67","34210110"
"chr14","35244788","35245091","KN294452v1","1374937","1375240","72","33869851"
"chr14","35257694","35257995","KN295352v1","729753","730045","64","34527941"
"chr14","35811716","35812017","KN296883v1","3433271","3433571","26","32378445"
"chr14","35840029","35840318","KN296883v1","3402872","3403157","27","32437157"
"chr14","35868664","35868981","KN296883v1","3371466","3371781","31","32497198"
"chr14","35870405","35870676","KN296883v1","3369775","3370049","32","32500630"
"chr14","35873888","35874084","KN294451v1","623818","624015","65","35250070"
"chr14","35925810","35925898","KN296883v1","3315566","3315656","12","32610244"
"chr14","35944742","35944930","KN295828v1","908100","908291","52","35036642"
"chr14","36119982","36120292","KN296883v1","3122337","3122639","26","32997645"
"chr14","36228541","36228696","KN297245v1","2459373","2459526","25","33769168"
"chr14","36311153","36311465","KN296322v1","1648835","1649139","74","34662318"
"chr14","37054335","37054595","KN296883v1","2173076","2173324","24","34881259"
"chr14","37395692","37395949","KN296883v1","1842774","1843060","47","35552918"
"chr14","37861856","37862159","KN296883v1","1375338","1375641","8","36486518"
"chr14","38120095","38120397","KN296883v1","1136732","1137055","37","36983363"
"chr14","38167129","38167230","KN296883v1","1087896","1087998","4","37079233"
"chr14","38232839","38233131","KN295910v1","54930","55220","67","38177909"
"chr14","38447311","38447437","KN296484v1","556891","557018","24","37890420"
"chr14","38541291","38541455","KN296883v1","709793","709959","11","37831498"
"chr14","38564761","38564895","KN294848v1","656940","657076","27","37907821"
"chr14","38608419","38608640","KN294790v1","1805364","1805592","53","36803055"
"chr14","38712395","38712684","KN297023v1","640512","640805","50","38071883"
"chr14","38895066","38895348","KN296883v1","342255","342540","23","38552811"
"chr14","40214106","40214375","KN294420v1","263951","264214","73","39950155"
"chr14","40235065","40235357","KN297452v1","1744682","1744969","59","38490383"
"chr14","40250962","40251256","KN294419v1","64733","65033","70","40186229"
"chr14","40317014","40317254","KN294513v1","235461","235729","86","40081553"
"chr14","40472151","40472411","KN297105v1","1662905","1663162","66","38809246"
"chr14","40656145","40656278","KN297038v1","940555","940687","23","39715590"
"chr14","41372645","41372918","KN295586v1","185554","185803","71","41187091"
"chr14","41397997","41398071","KN295236v1","1305949","1306032","21","40092048"
"chr14","41623635","41623833","KN295923v1","1986700","1986911","51","39636935"
"chr14","41660569","41660644","KN294513v1","564705","564774","17","41095864"
"chr14","41728208","41728416","KN297008v1","2592243","2592438","61","39135965"
"chr14","41728693","41728840","KN295962v1","463054","463189","34","41265639"
"chr14","42206092","42206274","KN296767v1","53224","53425","54","42152868"
"chr14","42648334","42648470","KN296001v1","10513","10644","27","42637821"
"chr14","42916535","42916720","KN294287v1","645666","645855","47","42270869"
"chr14","43354138","43354414","KN295449v1","655655","655919","28","42698483"
"chr14","43502541","43502854","KN295449v1","801471","801784","19","42701070"
"chr14","43516584","43516896","KN295449v1","823144","823430","44","42693440"
"chr14","43618627","43618942","KN295236v1","4448907","4449215","61","39169720"
"chr14","43913296","43913583","KN295352v1","729753","730045","68","43183543"
"chr14","43958940","43959220","KN295356v1","578208","578494","59","43380732"
"chr14","43988863","43989095","KN294407v1","812570","812796","74","43176293"
"chr14","44027237","44027312","KN295705v1","92388","92471","19","43934849"
"chr14","44027659","44027785","KN294172v1","6272486","6272617","26","37755173"
"chr14","44040967","44041144","KN296701v1","462609","462775","47","43578358"
"chr14","44041404","44041536","KN295032v1","22170","22300","26","44019234"
"chr14","44079302","44079585","KN297028v1","97110","97396","68","43982192"
"chr14","44107264","44107398","KN296880v1","198524","198663","18","43908740"
"chr14","44258788","44258935","KN295936v1","2275690","2275835","38","41983098"
"chr14","44646822","44647121","KN294523v1","15844","16136","72","44630978"
"chr14","44662973","44663286","KN296588v1","282556","282869","68","44380417"
"chr14","44778331","44778461","KN295906v1","88165","88296","22","44690166"
"chr14","44915949","44916238","KN297245v1","2237012","2237311","68","42678937"
"chr14","45308920","45309228","KN295984v1","1080209","1080517","68","44228711"
"chr14","46042145","46042347","KN297026v1","1683472","1683666","48","44358673"
"chr14","46590984","46591235","KN296948v1","999703","999965","64","45591281"
"chr14","46857596","46857799","KN295923v1","1986700","1986911","52","44870896"
"chr14","46916041","46916351","KN294419v1","64733","65033","74","46851308"
"chr14","46923190","46923324","KN296122v1","289224","289359","27","46633966"
"chr14","47064258","47064404","KN296311v1","2361921","2362066","28","44702337"
"chr14","47064710","47064890","KN294167v1","348277","348450","40","46716433"
"chr14","47110773","47111060","KN296495v1","1076274","1076557","54","46034499"
"chr14","47147532","47147711","KN297158v1","804748","804922","53","46342784"
"chr14","47147934","47148067","KN294825v1","485286","485426","28","46662648"
"chr14","47246987","47247290","KN294421v1","9377","9683","68","47237610"
"chr14","47332071","47332356","KN296502v1","1280490","1280768","61","46051581"
"chr14","47494627","47494911","KN295962v1","211219","211498","56","47283408"
"chr14","47718999","47719311","KN294548v1","1203959","1204261","69","46515040"
"chr14","47811858","47811927","KN296907v1","680629","680691","19","47131229"
"chr14","47885627","47885892","KN296864v1","2452974","2453250","62","45432653"
"chr14","48346561","48346696","KN297038v1","940555","940687","23","47406006"
"chr14","48724745","48724893","KN295803v1","255996","256129","36","48468749"
"chr14","48725716","48726017","KN295068v1","49131","49419","68","48676585"
"chr14","49598429","49598663","KN294879v1","1183051","1183277","61","48415378"
"chr14","49608288","49608432","KN294339v1","93661","93791","30","49514627"
"chr14","49650661","49650789","KN294976v1","565394","565522","7","49085267"
"chr14","50151829","50151934","KN295977v1","1181733","1181839","29","48970096"
"chr14","50153865","50153970","KN295977v1","1181733","1181839","29","48972132"
"chr14","50325715","50325994","KN295883v1","861998","862283","61","49463717"
"chr14","50667326","50667588","KN294287v1","747391","747677","44","49919935"
"chr14","50946319","50946645","KN294287v1","464581","464863","57","50481738"
"chr14","51147277","51147544","KN294287v1","255677","255943","16","50891600"
"chr14","51166713","51166908","KN294287v1","242915","243112","22","50923798"
"chr14","51241550","51241847","KN294287v1","161091","161376","31","51080459"
"chr14","51496358","51496607","KN294873v1","82870","83122","14","51413488"
"chr14","52190445","52190632","KN294873v1","761315","761535","39","51429130"
"chr14","52443404","52443531","KN295236v1","4746128","4746259","27","47697276"
"chr14","52470338","52470435","KN296119v1","3679881","3679981","22","48790457"
"chr14","52499418","52499703","KN294873v1","1072389","1072676","16","51427029"
"chr14","52544448","52544729","KN294420v1","263951","264214","75","52280497"
"chr14","52614000","52614322","KN297046v1","3065440","3065749","75","49548560"
"chr14","52667529","52667851","KN297046v1","3065440","3065749","75","49602089"
"chr14","52725654","52725826","KN297259v1","978533","978700","46","51747121"
"chr14","52741398","52741568","KN294873v1","1261221","1261370","33","51480177"
"chr14","52784912","52785206","KN294873v1","1303218","1303511","13","51481694"
"chr14","52808516","52808822","KN294873v1","1327050","1327346","32","51481466"
"chr14","52906215","52906506","KN294873v1","1426410","1426702","19","51479805"
"chr14","52965628","52965926","KN294873v1","1480608","1480909","26","51485020"
"chr14","53049945","53050242","KN294873v1","1569044","1569330","24","51480901"
"chr14","53097464","53097763","KN294873v1","1615061","1615358","27","51482403"
"chr14","53183244","53183530","KN294873v1","1700476","1700762","19","51482768"
"chr14","53464041","53464062","KN296569v1","4665","4683","6","53459376"
"chr14","53464097","53464357","KN294873v1","1965256","1965545","44","51498841"
"chr14","53797231","53797501","KN294873v1","2306748","2307015","32","51490483"
"chr14","54068789","54069061","KN294873v1","2306748","2307015","37","51762041"
"chr14","54299551","54299744","KN296577v1","938048","938235","46","53361503"
"chr14","54399764","54400020","KN295428v1","224334","224605","64","54175430"
"chr14","54454596","54454864","KN295038v1","1378479","1378742","22","53076117"
"chr14","54770415","54770552","KN295038v1","1066594","1066730","10","53703821"
"chr14","54826829","54827126","KN295038v1","1006983","1007289","24","53819846"
"chr14","55050446","55050736","KN295038v1","794141","794424","46","54256305"
"chr14","55166954","55167257","KN295038v1","682946","683248","21","54484008"
"chr14","55173034","55173327","KN295038v1","676708","676997","37","54496326"
"chr14","55180857","55180989","KN295352v1","18004","18135","21","55162853"
"chr14","55342540","55342848","KN295038v1","506928","507225","46","54835612"
"chr14","56440745","56441047","KN294581v1","315061","315366","75","56125684"
"chr14","56573694","56573982","KN294739v1","526187","526480","26","56047507"
"chr14","56666137","56666279","KN294739v1","632087","632227","9","56034050"
"chr14","56828095","56828314","KN294229v1","196352","196583","68","56631743"
"chr14","56917517","56917683","KN295405v1","40643","40808","40","56876874"
"chr14","56917713","56917825","KN294210v1","694425","694529","29","56223288"
"chr14","56925420","56925570","KN294739v1","903316","903465","11","56022104"
"chr14","57007022","57007194","KN294739v1","985939","986117","17","56021083"
"chr14","57007497","57007647","KN294739v1","986421","986570","10","56021076"
"chr14","57122143","57122242","KN295810v1","455081","455179","27","56667062"
"chr14","57155173","57155339","KN296096v1","680679","680846","37","56474494"
"chr14","57213160","57213474","KN296378v1","480415","480726","70","56732745"
"chr14","57258908","57259212","KN296852v1","696285","696587","65","56562623"
"chr14","57274121","57274425","KN296852v1","696285","696587","66","56577836"
"chr14","57302776","57302922","KN295667v1","667475","667632","38","56635301"
"chr14","57303244","57303364","KN294499v1","518311","518429","28","56784933"
"chr14","57315088","57315413","KN295361v1","17772","18072","96","57297316"
"chr14","57318228","57318530","KN294172v1","6472668","6472985","68","50845560"
"chr14","57343324","57343600","KN294592v1","450560","450839","75","56892764"
"chr14","57463395","57463662","KN295315v1","11474","11758","77","57451921"
"chr14","57508300","57508584","KN296315v1","1023330","1023621","70","56484970"
"chr14","57562982","57563258","KN296731v1","1028220","1028490","55","56534762"
"chr14","57584821","57585061","KN294713v1","801014","801236","62","56783807"
"chr14","57640299","57640589","KN296322v1","1648835","1649139","70","55991464"
"chr14","57713627","57713848","KN295923v1","1986700","1986911","52","55726927"
"chr14","58076185","58076471","KN296948v1","762193","762479","56","57313992"
"chr14","58106293","58106423","KN295706v1","131306","131439","19","57974987"
"chr14","58364075","58364214","KN296955v1","376277","376418","35","57987798"
"chr14","58403973","58404105","KN294172v1","683077","683185","50","57720896"
"chr14","58506156","58506450","KN297095v1","2152119","2152407","61","56354037"
"chr14","58988905","58989040","KN294980v1","858835","858967","22","58130070"
"chr14","59024149","59024295","KN294172v1","740064","740194","78","58284085"
"chr14","59024365","59024514","KN297327v1","920937","921085","29","58103428"
"chr14","59253976","59254267","KN296528v1","1109404","1109696","64","58144572"
"chr14","59328802","59329118","KN294399v1","171378","171682","79","59157424"
"chr14","59652636","59652767","KN295112v1","531236","531368","19","59121400"
"chr14","59688850","59689159","KN295523v1","3691392","3691704","72","55997458"
"chr14","59695864","59696066","KN296635v1","2061822","2062028","51","57634042"
"chr14","59698154","59698480","KN294207v1","595798","596096","83","59102356"
"chr14","59872936","59873247","KN297184v1","1114866","1115167","69","58758070"
"chr14","59998143","59998429","KN295075v1","246491","246766","80","59751652"
"chr14","60046366","60046582","KN296508v1","1675720","1675934","61","58370646"
"chr14","60171185","60171489","KN295929v1","240001","240300","74","59931184"
"chr14","60341704","60341970","KN295352v1","729753","730045","81","59611951"
"chr14","60444713","60445012","KN296528v1","1109404","1109696","59","59335309"
"chr14","61019276","61019361","KN295705v1","92388","92471","18","60926888"
"chr14","61071308","61071589","KN296306v1","1771005","1771285","64","59300303"
"chr14","61162288","61162423","KN296915v1","296877","297011","34","60865411"
"chr14","61202529","61202784","KN295480v1","2295514","2295785","78","58907015"
"chr14","61252143","61252232","KN297092v1","3480","3567","23","61248663"
"chr14","61351665","61351737","KN294790v1","6724105","6724182","24","54627560"
"chr14","61352049","61352173","KN294536v1","348653","348787","27","61003396"
"chr14","61422111","61422391","KN297159v1","1425976","1426241","74","59996135"
"chr14","61633959","61634247","KN295744v1","408789","409077","61","61225170"
"chr14","61756266","61756388","KN294239v1","1798427","1798556","22","59957839"
"chr14","62901752","62902047","KN296948v1","762193","762479","63","62139559"
"chr14","64134321","64134616","KN294210v1","473112","473404","66","63661209"
"chr14","64184006","64184186","KN295352v1","256766","256946","44","63927240"
"chr14","64184481","64184614","KN294407v1","3228566","3228701","39","60955915"
"chr14","64319555","64319855","KN295268v1","291971","292291","34","64027584"
"chr14","64404659","64404968","KN296682v1","1941233","1941537","75","62463426"
"chr14","66045335","66045391","KN295708v1","1065511","1065568","18","64979824"
"chr14","66737056","66737321","KN296508v1","1973232","1973505","72","64763824"
"chr14","68034090","68034362","KN297190v1","5323465","5323731","78","62710625"
"chr14","68276012","68276146","KN294470v1","2235421","2235555","25","66040591"
"chr14","68328524","68328742","KN294571v1","2648381","2648572","67","65680143"
"chr14","68736146","68736490","KN294726v1","206754","207043","77","68529392"
"chr14","69144556","69144757","KN297442v1","2093457","2093650","57","67051099"
"chr14","69394055","69394339","KN295705v1","823070","823354","72","68570985"
"chr14","69444944","69445075","KN295432v1","32424","32557","22","69412520"
"chr14","69450188","69450482","KN294210v1","1206882","1207179","60","68243306"
"chr14","70454104","70454251","KN296750v1","1431681","1431828","14","69022423"
"chr14","70454616","70454764","KN296750v1","1431171","1431319","13","69023445"
"chr14","72111572","72111876","KN295586v1","5310987","5311300","66","66800585"
"chr14","72135801","72136094","KN297180v1","110970","111263","60","72024831"
"chr14","72245702","72246001","KN294419v1","64733","65033","68","72180969"
"chr14","72419756","72420029","KN294451v1","1211603","1211891","78","71208153"
"chr14","72515173","72515445","KN296948v1","762193","762479","69","71752980"
"chr14","72585072","72585381","KN295601v1","852180","852488","80","71732892"
"chr14","73020585","73020724","KN294218v1","2756614","2756751","18","70263971"
"chr14","73126818","73126946","KN296311v1","4657589","4657718","32","68469229"
"chr14","73140226","73140539","KN294439v1","130265","130569","65","73009961"
"chr14","73386464","73386552","KN296119v1","3502497","3502581","25","69883967"
"chr14","73435603","73435870","KN294650v1","1824113","1824395","69","71611490"
"chr14","73500276","73500554","KN296948v1","762193","762479","54","72738083"
"chr14","73562397","73562679","KN297197v1","1048614","1048879","80","72513783"
"chr14","73669626","73669919","KN295907v1","941752","942037","71","72727874"
"chr14","74667023","74667323","KN297158v1","181941","182243","36","74485082"
"chr14","75114521","75114686","KN297319v1","373164","373327","29","74741357"
"chr14","75114993","75115130","KN295708v1","2703330","2703459","32","72411663"
"chr14","75158935","75159076","KN295983v1","1014873","1014997","35","74144062"
"chr14","75182878","75183010","KN297274v1","359113","359242","20","74823765"
"chr14","75203998","75204294","KN297058v1","392670","392966","66","74811328"
"chr14","75242222","75242363","KN295983v1","1014873","1014997","35","74227349"
"chr14","75446957","75447073","KN295039v1","432771","432893","33","75014186"
"chr14","75447077","75447355","KN296367v1","409273","409537","99","75037804"
"chr14","75464897","75465162","KN295933v1","79820","80084","64","75385077"
"chr14","75738619","75738752","KN295526v1","145592","145725","27","75593027"
"chr14","75925511","75925833","KN294954v1","70243","70554","74","75855268"
"chr14","76074991","76075121","KN295236v1","4152720","4152846","24","71922271"
"chr14","76171287","76171399","KN294848v1","295585","295697","25","75875702"
"chr14","76251286","76251342","KN295366v1","149372","149424","10","76101914"
"chr14","76511973","76512283","KN294239v1","243029","243336","60","76268944"
"chr14","76630129","76630262","KN296643v1","191078","191208","21","76439051"
"chr14","76676743","76676841","KN295406v1","576347","576444","25","76100396"
"chr14","76844766","76845057","KN296864v1","1939832","1940132","55","74904934"
"chr14","77158408","77158567","KN297000v1","418665","418822","35","76739743"
"chr14","77158874","77159064","KN296682v1","2867973","2868160","45","74290901"
"chr14","77218980","77219119","KN294848v1","168864","169003","34","77050116"
"chr14","77300985","77301271","KN294420v1","816046","816329","74","76484939"
"chr14","77316418","77316707","KN295705v1","823070","823354","71","76493348"
"chr14","77318466","77318757","KN295523v1","4207357","4207655","71","73111109"
"chr14","77701442","77701648","KN294964v1","1050991","1051179","56","76650451"
"chr14","78235636","78235927","KN294523v1","15844","16136","68","78219792"
"chr14","78498331","78498628","KN294520v1","992368","992662","70","77505963"
"chr14","78861292","78861422","KN296311v1","4815038","4815168","22","74046254"
"chr14","79051257","79051386","KN294457v1","130203","130331","22","78921054"
"chr14","79264383","79264676","KN294520v1","992368","992662","63","78272015"
"chr14","79539280","79539589","KN295432v1","49437","49735","58","79489843"
"chr14","80487057","80487343","KN297180v1","314236","314539","79","80172821"
"chr14","80619551","80619767","KN295533v1","2434686","2434882","53","78184865"
"chr14","80624634","80624906","KN294493v1","1639497","1639778","71","78985137"
"chr14","80660178","80660248","KN295667v1","1211361","1211432","27","79448817"
"chr14","80661286","80661409","KN295099v1","121818","121917","41","80539468"
"chr14","80850150","80850470","KN296505v1","323963","324278","71","80526187"
"chr14","83390890","83391203","KN294421v1","9377","9683","59","83381513"
"chr14","83596576","83596708","KN297259v1","488356","488488","8","83108220"
"chr14","83798104","83798398","KN297066v1","48943","49249","82","83749161"
"chr14","84201701","84201740","KN297019v1","1003712","1003746","11","83197989"
"chr14","84202056","84202203","KN295667v1","1121076","1121214","31","83080980"
"chr14","84227587","84227877","KN296528v1","1109404","1109696","72","83118183"
"chr14","85393401","85393533","KN294172v1","5400991","5401118","41","79992410"
"chr14","85668226","85668359","KN294705v1","1594003","1594134","21","84074223"
"chr14","85683346","85683658","KN295406v1","486578","486886","74","85196768"
"chr14","86199872","86200187","KN297066v1","48943","49249","72","86150929"
"chr14","86262681","86262992","KN295930v1","870785","871092","78","85391896"
"chr14","86372498","86372799","KN296964v1","1814390","1814681","64","84558108"
"chr14","86446950","86447170","KN296119v1","805789","806002","53","85641161"
"chr14","86516032","86516328","KN296303v1","805215","805501","61","85710817"
"chr14","86518499","86518792","KN295294v1","1101026","1101317","70","85417473"
"chr14","86736958","86737080","KN296926v1","988728","988849","26","85748230"
"chr14","86847296","86847414","KN294787v1","247438","247555","27","86599858"
"chr14","86872706","86872857","KN296682v1","4472363","4472501","40","82400343"
"chr14","87196727","87197038","KN295667v1","1567361","1567664","74","85629366"
"chr14","87402463","87402764","KN294728v1","765090","765383","60","86637373"
"chr14","87421150","87421448","KN294260v1","822843","823138","62","86598307"
"chr14","87504747","87504880","KN294446v1","520797","520926","35","86983950"
"chr14","87526948","87527269","KN296588v1","282556","282869","71","87244392"
"chr14","87642011","87642061","KN295893v1","883771","883820","7","86758240"
"chr14","87642860","87643067","KN296507v1","415379","415594","67","87227481"
"chr14","87658952","87659243","KN295352v1","729753","730045","53","86929199"
"chr14","87685146","87685321","KN296311v1","2361464","2361632","43","85323682"
"chr14","88014837","88015068","KN296303v1","798953","799193","59","87215884"
"chr14","88016096","88016170","KN295236v1","2370219","2370291","18","85645877"
"chr14","88994843","88995000","KN296880v1","198524","198663","42","88796319"
"chr14","88996446","88996588","KN295034v1","243361","243503","26","88753085"
"chr14","89115165","89115295","KN295102v1","105981","106109","20","89009184"
"chr14","89559127","89559268","KN297154v1","582564","582702","29","88976563"
"chr14","89662757","89662970","KN296828v1","160118","160328","54","89502639"
"chr14","89797086","89797290","KN295533v1","2434686","2434882","48","87362400"
"chr14","89958755","89959050","KN295352v1","729753","730045","60","89229002"
"chr14","90449686","90449859","KN295347v1","14270","14430","56","90435416"
"chr14","90708731","90709012","KN294383v1","82436","82719","43","90626295"
"chr14","90789903","90790002","KN297452v1","78148","78242","30","90711755"
"chr14","90822533","90822803","KN296047v1","169159","169425","49","90653374"
"chr15","33947546","33947804","KN294873v1","82870","83122","57","33864676"
"chr15","184073","184185","KN296153v1","1944022","1944129","29","1759949"
"chr15","201120","201250","KN295294v1","3806061","3806194","24","3604941"
"chr15","302200","302353","KN296040v1","735347","735502","37","433147"
"chr15","590744","591047","KN295326v1","286117","286418","28","304627"
"chr15","1016501","1016613","KN296153v1","1944022","1944129","29","927521"
"chr15","1027339","1027451","KN296153v1","1944022","1944129","29","916683"
"chr15","2193247","2193367","KN295667v1","1056380","1056511","30","1136867"
"chr15","2666908","2667221","KN294741v1","2117431","2117750","33","549477"
"chr15","3209865","3210164","KN294741v1","1649589","1649888","27","1560276"
"chr15","3253766","3253950","KN294741v1","1616226","1616414","15","1637540"
"chr15","3328143","3328415","KN294741v1","1552497","1552765","25","1775646"
"chr15","3477978","3478309","KN294741v1","1407049","1407348","57","2070929"
"chr15","3892043","3892173","KN294741v1","992951","993063","26","2899092"
"chr15","4100464","4100597","KN294741v1","800030","800163","5","3300434"
"chr15","4203190","4203489","KN294741v1","703871","704166","32","3499319"
"chr15","4211164","4211442","KN294741v1","694962","695244","26","3516202"
"chr15","4303697","4303787","KN296588v1","2196132","2196224","24","2107565"
"chr15","4508832","4508964","KN294741v1","389280","389411","11","4119552"
"chr15","5116732","5116937","KN296119v1","805789","806002","54","4310943"
"chr15","5265711","5266009","KN297058v1","194613","194917","79","5071098"
"chr15","5610844","5610946","KN294456v1","1028969","1029075","29","4581875"
"chr15","6037335","6037628","KN296187v1","874304","874596","69","5163031"
"chr15","6502400","6502668","KN296948v1","762193","762479","63","5740207"
"chr15","6807398","6807486","KN295705v1","1791772","1791867","27","5015626"
"chr15","6807521","6807706","KN294199v1","600945","601110","48","6206576"
"chr15","7794211","7794354","KN294558v1","284993","285139","13","7509218"
"chr15","8160871","8161066","KN294416v1","645591","645790","46","7515280"
"chr15","8262050","8262334","KN297458v1","653361","653653","55","7608689"
"chr15","8611049","8611090","KN296528v1","1233691","1233734","13","7377358"
"chr15","8762803","8762956","KN295326v1","444837","444999","14","8317966"
"chr15","8843627","8843790","KN295420v1","396854","397019","16","8446773"
"chr15","8887453","8887744","KN295420v1","350019","350310","19","8537434"
"chr15","8996345","8996650","KN294421v1","9377","9683","65","8986968"
"chr15","9118323","9118579","KN295420v1","122995","123251","22","8995328"
"chr15","9574660","9574963","KN296844v1","315599","315894","29","9259061"
"chr15","9866347","9866644","KN296844v1","589073","589386","37","9277274"
"chr15","10384385","10384434","KN296528v1","1233691","1233734","14","9150694"
"chr15","10651250","10651541","KN296343v1","202602","202907","28","10448648"
"chr15","10790620","10790907","KN296343v1","342674","342971","34","10447946"
"chr15","11102778","11103076","KN296507v1","738522","738814","73","10364256"
"chr15","11211588","11211699","KN295667v1","2094667","2094776","28","9116921"
"chr15","11242123","11242417","KN295352v1","729753","730045","59","10512370"
"chr15","11775846","11776144","KN295633v1","778185","778486","68","10997661"
"chr15","11889693","11889967","KN296970v1","541304","541582","66","11348389"
"chr15","11952129","11952421","KN296682v1","3106534","3106821","59","8845595"
"chr15","12043175","12043485","KN294421v1","9377","9683","65","12033798"
"chr15","12095844","12096112","KN297046v1","2130311","2130564","63","9965533"
"chr15","12153357","12153617","KN296750v1","483092","483341","67","11670265"
"chr15","12177670","12177959","KN295757v1","30134","30432","77","12147536"
"chr15","12245602","12245889","KN295117v1","112788","113084","67","12132814"
"chr15","12513552","12513693","KN296289v1","18611","18747","31","12494941"
"chr15","14028298","14028560","KN296180v1","1653282","1653543","20","12375016"
"chr15","14807784","14808066","KN296180v1","2417217","2417498","20","12390567"
"chr15","16104323","16104507","KN294662v1","211735","211913","62","15892588"
"chr15","16237938","16238233","KN294210v1","473112","473404","63","15764826"
"chr15","16620619","16620932","KN294874v1","2011336","2011655","23","14609283"
"chr15","17409262","17409591","KN294874v1","1245768","1246089","21","16163494"
"chr15","17449144","17449437","KN294874v1","1205383","1205675","18","16243761"
"chr15","17952463","17952601","KN294874v1","693227","693364","14","17259236"
"chr15","18003117","18003244","KN294410v1","486228","486353","27","17516889"
"chr15","18111912","18112223","KN294874v1","538938","539247","22","17572974"
"chr15","18189282","18189405","KN297038v1","317140","317257","28","17872142"
"chr15","18189702","18189877","KN294540v1","770939","771118","38","17418763"
"chr15","18399140","18399380","KN294874v1","262239","262480","18","18136901"
"chr15","18403527","18403838","KN294874v1","249692","250000","28","18153835"
"chr15","18455534","18455683","KN296311v1","2869685","2869833","29","15585849"
"chr15","18547007","18547216","KN295075v1","642410","642626","58","17904597"
"chr15","18610496","18610710","KN294633v1","1654","1876","20","18608842"
"chr15","18667257","18667445","KN295352v1","256766","256946","50","18410491"
"chr15","18667751","18667881","KN297133v1","662609","662744","33","18005142"
"chr15","18775817","18775921","KN294633v1","177699","177794","19","18598118"
"chr15","19049388","19049518","KN296430v1","195171","195301","11","18854217"
"chr15","19100127","19100259","KN296430v1","247189","247321","9","18852938"
"chr15","19201800","19202087","KN296371v1","158213","158508","62","19043587"
"chr15","19301578","19301873","KN296430v1","439453","439747","17","18862125"
"chr15","19350227","19350362","KN295102v1","105981","106109","32","19244246"
"chr15","19414153","19414285","KN295706v1","131306","131439","20","19282847"
"chr15","19439763","19440074","KN295984v1","1080209","1080517","71","18359554"
"chr15","19520019","19520079","KN297105v1","2900123","2900180","15","16619896"
"chr15","19585481","19585771","KN296430v1","725785","726075","16","18859696"
"chr15","19877697","19877907","KN295601v1","1689627","1689831","50","18188070"
"chr15","19878389","19878598","KN295601v1","1689627","1689831","50","18188762"
"chr15","20020235","20020365","KN296732v1","3311835","3311972","38","16708400"
"chr15","20543838","20544153","KN296139v1","272715","273010","50","20271123"
"chr15","20635075","20635389","KN296139v1","189407","189722","25","20445668"
"chr15","20649292","20649511","KN296803v1","139111","139313","56","20510181"
"chr15","20677915","20678214","KN296139v1","146645","146948","20","20531270"
"chr15","20680913","20681041","KN296139v1","142561","142678","14","20538352"
"chr15","20762477","20762744","KN296139v1","58362","58610","40","20704115"
"chr15","20905064","20905184","KN296682v1","4980731","4980854","27","15924333"
"chr15","20905470","20905506","KN295854v1","1484570","1484606","10","19420900"
"chr15","20994366","20994651","KN294571v1","449658","449947","60","20544708"
"chr15","21110668","21110972","KN296649v1","28211","28505","66","21082457"
"chr15","21114305","21114545","KN295346v1","1243459","1243703","57","19870846"
"chr15","21155167","21155455","KN297146v1","529862","530151","63","20625305"
"chr15","21204293","21204544","KN294458v1","21581","21829","63","21182712"
"chr15","21207957","21208177","KN296701v1","344880","345098","50","20863077"
"chr15","21485478","21485743","KN294569v1","652042","652317","70","20833436"
"chr15","21533442","21533739","KN295346v1","1646114","1646406","66","19887328"
"chr15","21550320","21550615","KN294345v1","1713106","1713396","66","19837214"
"chr15","21670600","21670859","KN294571v1","1551599","1551840","69","20119001"
"chr15","21708673","21708961","KN296528v1","699413","699703","71","21009260"
"chr15","21770848","21771021","KN296698v1","14086","14218","53","21756762"
"chr15","21771330","21771494","KN295096v1","1069446","1069614","32","20701884"
"chr15","21913618","21913749","KN296311v1","6471968","6472102","18","15441650"
"chr15","22028590","22028870","KN295302v1","381457","381740","68","21647133"
"chr15","22233507","22233811","KN294439v1","130265","130569","74","22103242"
"chr15","22295461","22295610","KN297000v1","418665","418822","38","21876796"
"chr15","22345626","22345926","KN296864v1","1939832","1940132","63","20405794"
"chr15","22352123","22352420","KN294806v1","594997","595290","64","21757126"
"chr15","22436836","22437118","KN294239v1","1686717","1687011","69","20750119"
"chr15","22444423","22444663","KN296225v1","209480","209693","59","22234943"
"chr15","22883736","22883871","KN294739v1","577333","577468","25","22306403"
"chr15","23248446","23248696","KN296311v1","2759477","2759737","61","20488969"
"chr15","23323541","23323772","KN294790v1","1805364","1805592","67","21518177"
"chr15","23373662","23373961","KN296322v1","1648835","1649139","78","21724827"
"chr15","23426687","23426940","KN295667v1","673092","673338","56","22753595"
"chr15","23597398","23597560","KN295142v1","1634911","1635072","36","21962487"
"chr15","23597855","23597970","KN295977v1","426136","426253","29","23171719"
"chr15","23690617","23690739","KN295977v1","1181733","1181839","29","22508884"
"chr15","23694032","23694294","KN297180v1","531711","531948","80","23162321"
"chr15","24032265","24032543","KN296948v1","762193","762479","66","23270072"
"chr15","25894747","25895000","KN295368v1","2443516","2443764","64","23451231"
"chr15","25898627","25898759","KN295294v1","3806061","3806194","23","22092566"
"chr15","25983273","25983404","KN296495v1","1296063","1296199","22","24687210"
"chr15","25983702","25983864","KN295405v1","328891","329050","44","25654811"
"chr15","25998598","25998902","KN295967v1","1904010","1904311","73","24094588"
"chr15","26532375","26532663","KN294848v1","1246098","1246379","66","25286277"
"chr15","26672586","26672852","KN294987v1","187998","188261","59","26484588"
"chr15","26922066","26922355","KN295346v1","1646114","1646406","74","25275952"
"chr15","27264089","27264360","KN295576v1","164716","164996","80","27099373"
"chr15","27560456","27560715","KN296921v1","2833134","2833394","59","24727322"
"chr15","27825224","27825358","KN294964v1","2000421","2000556","23","25824803"
"chr15","28733380","28733529","KN294991v1","1461914","1462059","24","27271466"
"chr15","28753017","28753149","KN295294v1","3806061","3806194","23","24946956"
"chr15","28957681","28957915","KN295346v1","1243459","1243703","49","27714222"
"chr15","29048075","29048258","KN297320v1","32939","33116","34","29015136"
"chr15","29676570","29676862","KN295205v1","1851425","1851711","30","27825145"
"chr15","29787208","29787475","KN295205v1","1728306","1728567","31","28058902"
"chr15","30059012","30059312","KN295205v1","1462650","1462956","35","28596362"
"chr15","30218318","30218620","KN295205v1","1302329","1302635","29","28915989"
"chr15","30285494","30285624","KN296025v1","179010","179141","30","30106484"
"chr15","30739787","30739915","KN295706v1","131306","131439","17","30608481"
"chr15","30776685","30776732","KN297094v1","101787","101835","9","30674898"
"chr15","30826875","30826972","KN296738v1","61831","61924","25","30765044"
"chr15","30826991","30827137","KN296145v1","2850486","2850638","42","27976505"
"chr15","30880192","30880409","KN295701v1","628904","629117","58","30251288"
"chr15","30932683","30932987","KN294161v1","491457","491757","65","30441226"
"chr15","30934150","30934454","KN295205v1","602881","603174","27","30331269"
"chr15","30984049","30984218","KN295205v1","552522","552687","10","30431527"
"chr15","31135767","31135929","KN297319v1","373164","373327","31","30762603"
"chr15","31199415","31199721","KN296505v1","323963","324278","63","30875452"
"chr15","32533538","32533842","KN296864v1","1939832","1940132","78","30593706"
"chr15","33409504","33409801","KN296982v1","657406","657686","44","32752098"
"chr15","33469938","33470059","KN295586v1","5575079","5575199","27","27894859"
"chr15","33481140","33481261","KN295586v1","5575079","5575199","27","27906061"
"chr15","33627457","33627745","KN296982v1","468606","468909","34","33158851"
"chr15","33650199","33650484","KN296982v1","449377","449668","11","33200822"
"chr15","33655289","33655570","KN296982v1","440641","440917","18","33214648"
"chr15","33705450","33705741","KN296982v1","386861","387149","29","33318589"
"chr15","33716910","33717048","KN296982v1","376983","377117","12","33339927"
"chr15","33733957","33734257","KN296864v1","3096229","3096519","78","30637728"
"chr15","33806936","33807218","KN297046v1","2618508","2618781","75","31188428"
"chr15","33829729","33829853","KN296101v1","38623","38748","19","33791106"
"chr15","33854986","33855118","KN296982v1","287129","287264","9","33567857"
"chr15","33867745","33868053","KN296982v1","276016","276324","23","33591729"
"chr15","33965975","33966149","KN296119v1","5280949","5281131","40","28685026"
"chr15","33966446","33966576","KN296982v1","182956","183102","24","33783490"
"chr15","34170385","34170630","KN294170v1","23855","24111","21","34146530"
"chr15","34426328","34426631","KN294170v1","268317","268622","18","34158011"
"chr15","34523397","34523653","KN294170v1","379149","379399","22","34144248"
"chr15","34925638","34925929","KN297190v1","6834662","6834953","18","28090976"
"chr15","35165384","35165662","KN296865v1","1172192","1172469","68","33993192"
"chr15","35366164","35366440","KN297190v1","6401851","6402158","51","28964313"
"chr15","35368878","35369019","KN297245v1","2021145","2021297","43","33347733"
"chr15","35403275","35403555","KN295667v1","935881","936160","65","34467394"
"chr15","35422162","35422441","KN296290v1","1215856","1216128","72","34206306"
"chr15","35467918","35468037","KN294879v1","753968","754085","22","34713950"
"chr15","35468068","35468244","KN295352v1","256766","256946","44","35211302"
"chr15","35512401","35512558","KN294991v1","973655","973815","38","34538746"
"chr15","35512585","35512701","KN296093v1","240852","240965","28","35271733"
"chr15","35516914","35517177","KN297190v1","6251304","6251567","13","29265610"
"chr15","35536350","35536613","KN297190v1","6230341","6230603","24","29306009"
"chr15","35552531","35552838","KN297190v1","6214237","6214544","20","29338294"
"chr15","35557065","35557357","KN294439v1","130265","130569","60","35426800"
"chr15","35675570","35675816","KN297190v1","6088887","6089132","25","29586683"
"chr15","35727769","35727903","KN294470v1","3133941","3134076","25","32593828"
"chr15","35809997","35810236","KN297190v1","5951555","5951790","15","29858442"
"chr15","36283271","36283564","KN297190v1","5502292","5502585","28","30780979"
"chr15","36454478","36454758","KN297190v1","5323465","5323731","36","31131013"
"chr15","37255542","37255778","KN297190v1","4535285","4535514","25","32720257"
"chr15","37504983","37505038","KN297190v1","4287968","4288024","6","33217015"
"chr15","37600244","37600553","KN297190v1","4195756","4196068","23","33404488"
"chr15","37677996","37678242","KN297190v1","4113908","4114190","52","33564088"
"chr15","37966728","37967014","KN297190v1","3826601","3826872","27","34140127"
"chr15","37998372","37998508","KN294410v1","486228","486353","38","37512144"
"chr15","38109999","38110174","KN297190v1","3668256","3668430","21","34441743"
"chr15","38239625","38239918","KN294389v1","28183","28488","75","38211442"
"chr15","38692607","38692894","KN295708v1","2843729","2844020","77","35848878"
"chr15","39512718","39513010","KN297190v1","2236378","2236664","23","37276340"
"chr15","41407756","41408044","KN297190v1","337869","338150","28","41069887"
"chr15","41611197","41611373","KN297190v1","149405","149577","19","41461792"
"chr15","41622749","41623024","KN297190v1","136929","137202","23","41485820"
"chr15","41660412","41660625","KN297190v1","98686","98881","21","41561726"
"chr15","42039015","42039146","KN295706v1","131306","131439","17","41907709"
"chr15","42103595","42103895","KN295744v1","408789","409077","65","41694806"
"chr15","42107789","42108085","KN294984v1","94202","94491","60","42013587"
"chr15","42179505","42179823","KN296849v1","694658","694962","67","41484847"
"chr15","42245127","42245434","KN294452v1","1024655","1024959","76","41220472"
"chr15","42463043","42463303","KN294705v1","1107549","1107807","71","41355494"
"chr15","42477273","42477513","KN294458v1","21581","21829","64","42455692"
"chr15","42506394","42506526","KN294911v1","2310594","2310724","24","40195800"
"chr15","42508624","42508863","KN297046v1","2130311","2130564","67","40378313"
"chr15","42520015","42520299","KN297219v1","1621419","1621693","73","40898596"
"chr15","42643190","42643249","KN297008v1","2642712","2642772","15","40000478"
"chr15","42668274","42668562","KN296435v1","2611722","2612009","69","40056552"
"chr15","42671781","42672073","KN295102v1","38793","39103","81","42632988"
"chr15","42731217","42731496","KN295722v1","1369561","1369836","62","41361656"
"chr15","42780560","42780826","KN297386v1","1518927","1519195","63","41261633"
"chr15","42999386","42999644","KN295633v1","2306898","2307163","68","40692488"
"chr15","43058296","43058422","KN295294v1","363845","363973","24","42694451"
"chr15","43094150","43094466","KN294954v1","70243","70554","64","43023907"
"chr15","43127004","43127285","KN296244v1","438516","438787","70","42688488"
"chr15","43387395","43387685","KN296964v1","1814390","1814681","69","41573005"
"chr15","43433629","43433752","KN295102v1","105981","106109","29","43327648"
"chr15","43518711","43518917","KN296158v1","230905","231113","57","43287806"
"chr15","43543582","43543678","KN295977v1","1181733","1181839","31","42361849"
"chr15","43634522","43634750","KN296119v1","1861431","1861647","58","41773091"
"chr15","43992738","43992931","KN295708v1","178130","178336","58","43814608"
"chr15","44255122","44255263","KN294372v1","290537","290683","27","43964585"
"chr15","44433007","44433249","KN295586v1","185554","185803","13","44247453"
"chr15","44587714","44588026","KN295586v1","353613","353956","45","44234101"
"chr15","44825763","44825890","KN295667v1","2094667","2094776","37","42731096"
"chr15","44834629","44834764","KN296311v1","6471968","6472102","31","38362661"
"chr15","44870405","44870678","KN295586v1","633545","633813","22","44236860"
"chr15","44882449","44882567","KN295586v1","644606","644724","4","44237843"
"chr15","44933873","44934173","KN295586v1","701437","701726","44","44232436"
"chr15","45068060","45068354","KN296864v1","3138537","3138822","59","41929523"
"chr15","45079271","45079570","KN297259v1","1570980","1571280","71","43508291"
"chr15","45326967","45327293","KN295586v1","1107906","1108231","33","44219061"
"chr15","45515787","45515917","KN295586v1","1309680","1309812","10","44206107"
"chr15","45819149","45819390","KN295586v1","1706381","1706622","17","44112768"
"chr15","45866273","45866532","KN295586v1","1706381","1706622","34","44159892"
"chr15","46543965","46544274","KN295586v1","2368395","2368705","32","44175570"
"chr15","46665480","46665789","KN295586v1","2481741","2482051","19","44183739"
"chr15","46680582","46680739","KN295586v1","2502627","2502787","12","44177955"
"chr15","47620743","47621070","KN295586v1","3432194","3432495","55","44188549"
"chr15","48012699","48012930","KN295586v1","3841626","3841853","26","44171073"
"chr15","48041649","48041864","KN296371v1","187238","187458","47","47854411"
"chr15","48221457","48221582","KN296093v1","103205","103337","26","48118252"
"chr15","48322408","48322680","KN295586v1","4106845","4107129","24","44215563"
"chr15","48779518","48779649","KN295573v1","623556","623685","16","48155962"
"chr15","49539703","49539956","KN295586v1","5292029","5292252","43","44247674"
"chr15","49560190","49560504","KN295586v1","5310987","5311300","29","44249203"
"chr15","49663057","49663141","KN294208v1","486244","486319","26","49176813"
"chr15","49811610","49811753","KN295586v1","5575079","5575199","32","44236531"
"chr15","50165943","50166237","KN295820v1","110290","110598","38","50055653"
"chr15","50713190","50713316","KN295236v1","3047477","3047602","23","47665713"
"chr15","50932235","50932520","KN295820v1","884516","884794","33","50047719"
"chr15","51002521","51002791","KN294539v1","1506592","1506858","62","49495929"
"chr15","51322573","51322870","KN296495v1","1722244","1722543","59","49600329"
"chr15","51443960","51444238","KN295708v1","2843729","2844020","67","48600231"
"chr15","51565542","51565837","KN294539v1","1692531","1692809","55","49873011"
"chr15","51630127","51630418","KN296430v1","725785","726075","60","50904342"
"chr15","51756396","51756655","KN296921v1","2833134","2833394","59","48923262"
"chr15","51859339","51859641","KN295633v1","778185","778486","61","51081154"
"chr15","52050993","52051263","KN295893v1","1879651","1879923","85","50171342"
"chr15","52283195","52283470","KN296948v1","762193","762479","67","51521002"
"chr15","52318821","52319128","KN295406v1","486578","486886","65","51832243"
"chr15","52673449","52673753","KN294452v1","1374937","1375240","60","51298512"
"chr15","52784547","52784671","KN295236v1","4992571","4992693","27","47791976"
"chr15","52966073","52966201","KN294365v1","1404866","1404998","24","51561207"
"chr15","53221735","53222011","KN295984v1","2962847","2963132","66","50258888"
"chr15","53245588","53245754","KN295185v1","57072","57236","47","53188516"
"chr15","53246376","53246503","KN295983v1","1014873","1014997","29","52231503"
"chr15","53314448","53314604","KN297245v1","2459373","2459526","34","50855075"
"chr15","53402483","53402632","KN296829v1","851332","851478","34","52551151"
"chr15","53530150","53530286","KN297274v1","1606553","1606683","26","51923597"
"chr15","53530909","53531023","KN296311v1","4672835","4672933","40","48858074"
"chr15","53710239","53710490","KN295349v1","6069","6347","72","53704170"
"chr15","53957070","53957229","KN294739v1","903316","903465","45","53053754"
"chr15","54200971","54201109","KN295090v1","903125","903258","32","53297846"
"chr15","54238952","54239084","KN294172v1","4450120","4450251","22","49788832"
"chr15","54698830","54699120","KN297190v1","6401851","6402158","68","48296979"
"chr15","55000167","55000435","KN297458v1","134270","134538","13","54865897"
"chr15","55028259","55028546","KN297458v1","104221","104520","32","54924038"
"chr15","55350049","55350272","KN295701v1","628904","629117","67","54721145"
"chr15","55351360","55351424","KN297274v1","91364","91430","16","55259996"
"chr15","55476479","55476614","KN296311v1","6471968","6472102","25","49004511"
"chr15","55780716","55781004","KN296948v1","762193","762479","57","55018523"
"chr15","55859709","55859856","KN294536v1","348653","348787","32","55511056"
"chr15","55957106","55957339","KN297083v1","627588","627822","10","55329518"
"chr15","56172904","56173169","KN297083v1","438530","438765","46","55734374"
"chr15","56191119","56191403","KN297095v1","3766127","3766406","63","52424992"
"chr15","56217534","56217834","KN294439v1","130265","130569","67","56087269"
"chr15","56583232","56583481","KN297083v1","21832","22074","21","56561400"
"chr15","56636092","56636150","KN295366v1","149372","149424","14","56486720"
"chr15","56761835","56762120","KN295705v1","823070","823354","59","55938765"
"chr15","57158086","57158233","KN295744v1","212176","212317","33","56945910"
"chr15","57209955","57210246","KN297236v1","52228","52520","65","57157727"
"chr15","57604956","57605277","KN295449v1","1170610","1170916","28","56434346"
"chr15","58290479","58290796","KN295244v1","176243","176550","74","58114236"
"chr15","58633132","58633142","KN294526v1","385203","385213","2","58247929"
"chr15","58633174","58633248","KN296864v1","203949","204018","15","58429225"
"chr15","58674949","58675234","KN294396v1","224755","225042","53","58450194"
"chr15","58843946","58844163","KN296507v1","415379","415594","57","58428567"
"chr15","58882908","58883201","KN296495v1","1076274","1076557","58","57806634"
"chr15","59863639","59863951","KN297058v1","194613","194917","70","59669026"
"chr15","59936121","59936232","KN295090v1","1036855","1036964","25","58899266"
"chr15","59982831","59982967","KN295893v1","954528","954662","38","59028303"
"chr15","60010913","60011040","KN297259v1","755295","755425","24","59255618"
"chr15","60612587","60612705","KN296730v1","144073","144180","27","60468514"
"chr15","60703243","60703372","KN296311v1","4657589","4657718","23","56045654"
"chr15","61235270","61235551","KN296404v1","2095101","2095370","65","59140169"
"chr15","61423184","61423338","KN296991v1","1294741","1294894","15","60128443"
"chr15","61439923","61440098","KN297259v1","978533","978700","48","60461390"
"chr15","61686650","61686937","KN295075v1","476875","477161","22","61209775"
"chr15","61882586","61882849","KN295075v1","246491","246766","43","61636095"
"chr15","61906794","61907082","KN295075v1","224590","224878","15","61682204"
"chr15","61954212","61954513","KN295075v1","175405","175699","30","61778807"
"chr15","62528735","62528846","KN295667v1","2094667","2094776","31","60434068"
"chr15","62802301","62802614","KN297049v1","77502","77805","41","62724799"
"chr15","63297340","63297464","KN294457v1","1164538","1164662","29","62132802"
"chr15","63604321","63604611","KN294634v1","387267","387565","71","63217054"
"chr15","63865588","63865688","KN294619v1","1400034","1400133","26","62465554"
"chr15","63879936","63880186","KN294234v1","2134335","2134588","70","61745601"
"chr15","63943103","63943374","KN296991v1","1205800","1206079","27","62737303"
"chr15","63995045","63995361","KN296955v1","407710","408015","75","63587335"
"chr15","65161896","65162135","KN294862v1","152801","153046","41","65009095"
"chr15","65189850","65190122","KN294862v1","131210","131483","17","65058640"
"chr15","65415270","65415574","KN297195v1","425146","425446","26","64990124"
"chr15","65703790","65703981","KN297195v1","144850","145034","21","65558940"
"chr15","66146348","66146575","KN295345v1","56296","56525","17","66090052"
"chr15","66941751","66942009","KN295368v1","2443516","2443764","59","64498235"
"chr15","67014810","67015130","KN297259v1","1603827","1604135","69","65410983"
"chr15","67578175","67578446","KN294420v1","263951","264214","66","67314224"
"chr15","67582720","67582851","KN294848v1","656940","657076","23","66925780"
"chr15","67718786","67719068","KN294302v1","861450","861728","56","66857336"
"chr15","67848726","67848979","KN295368v1","2443516","2443764","63","65405210"
"chr15","67857090","67857225","KN296311v1","4815038","4815168","23","63042052"
"chr15","67932603","67932723","KN297038v1","483023","483145","24","67449580"
"chr15","68197715","68198017","KN296096v1","1326102","1326406","72","66871613"
"chr15","68309697","68309838","KN295294v1","3806061","3806194","27","64503636"
"chr15","68386653","68386785","KN296311v1","4657589","4657718","19","63729064"
"chr15","68426385","68426492","KN296153v1","3499078","3499186","24","64927307"
"chr15","68508626","68508750","KN296062v1","1206761","1206876","35","67301865"
"chr15","68540444","68540626","KN297282v1","57047","57215","46","68483397"
"chr15","68547310","68547395","KN294848v1","1002927","1003014","18","67544383"
"chr15","68688579","68688706","KN296311v1","4657589","4657718","21","64030990"
"chr15","68934693","68934985","KN295346v1","1646114","1646406","63","67288579"
"chr15","69048437","69048728","KN295977v1","399743","400033","71","68648694"
"chr15","69182152","69182447","KN294172v1","4574526","4574813","69","64607626"
"chr15","69469651","69469769","KN294193v1","654985","655103","27","68814666"
"chr15","69542166","69542425","KN295893v1","437901","438156","66","69104265"
"chr15","69687891","69687997","KN296153v1","3499078","3499186","33","66188813"
"chr15","69738840","69738968","KN295706v1","131306","131439","26","69607534"
"chr15","69899040","69899293","KN294458v1","21581","21829","62","69877459"
"chr15","71101563","71101735","KN297113v1","252877","253050","6","70848686"
"chr15","71178352","71178660","KN297113v1","326823","327136","30","70851529"
"chr15","71185663","71185971","KN297113v1","326823","327136","30","70858840"
"chr15","71318369","71318646","KN297200v1","235109","235385","64","71083260"
"chr15","71386507","71386611","KN297259v1","2511433","2511542","22","68875074"
"chr15","71404100","71404330","KN296795v1","228177","228407","20","71175923"
"chr15","71547695","71548026","KN296795v1","369801","370095","55","71177894"
"chr15","71598182","71598475","KN296795v1","423371","423640","31","71174811"
"chr15","72024084","72024388","KN296795v1","832396","832697","38","71191688"
"chr15","72474434","72474736","KN296795v1","1302216","1302504","33","71172218"
"chr15","72552367","72552652","KN296795v1","1381136","1381446","41","71171231"
"chr15","72800227","72800518","KN296795v1","1627125","1627421","27","71173102"
"chr15","72973963","72974278","KN296795v1","1797116","1797429","27","71176847"
"chr15","73017880","73018165","KN296795v1","1839730","1839981","63","71178150"
"chr15","73770675","73770980","KN296795v1","2342432","2342713","45","71428243"
"chr15","74367404","74367696","KN296795v1","2973418","2973721","26","71393986"
"chr15","74617791","74618085","KN296507v1","738522","738814","62","73879269"
"chr15","75151486","75151617","KN296311v1","4657589","4657718","17","70493897"
"chr15","75323484","75323612","KN295526v1","145592","145725","26","75177892"
"chr15","77013412","77013698","KN295034v1","819251","819532","67","76194161"
"chr15","77077054","77077312","KN294372v1","1097746","1098003","75","75979308"
"chr15","77362366","77362690","KN296322v1","426249","426560","83","76936117"
"chr15","77534968","77535194","KN294879v1","1183051","1183277","52","76351917"
"chr15","77893319","77893502","KN297320v1","32939","33116","43","77860380"
"chr15","78006530","78006785","KN294372v1","1097746","1098003","79","76908784"
"chr15","78312912","78313023","KN294410v1","486228","486353","31","77826684"
"chr15","78962855","78962978","KN294372v1","1354040","1354163","26","77608815"
"chr15","79330698","79330836","KN296864v1","1385026","1385166","30","77945672"
"chr15","79583835","79583965","KN296096v1","3053461","3053592","22","76530374"
"chr15","79953070","79953213","KN295102v1","72427","72567","29","79880643"
"chr15","80563208","80563332","KN296643v1","191078","191208","20","80372130"
"chr16","175733","175886","KN294991v1","1306131","1306259","51","1130398"
"chr16","229398","229526","KN295405v1","302250","302381","21","72852"
"chr16","247064","247229","KN297282v1","57047","57215","44","190017"
"chr16","354645","354787","KN296311v1","2361921","2362066","38","2007276"
"chr16","1307316","1307470","KN296921v1","435698","435849","31","871618"
"chr16","1831540","1831812","KN294187v1","1887786","1888062","62","56246"
"chr16","1881634","1881785","KN294558v1","284993","285139","29","1596641"
"chr16","1983569","1983689","KN294193v1","654985","655103","24","1328584"
"chr16","1983999","1984011","KN296200v1","625667","625680","5","1358332"
"chr16","2386154","2386246","KN297092v1","3480","3567","23","2382674"
"chr16","2388359","2388490","KN296877v1","62421","62554","24","2325938"
"chr16","2845491","2845628","KN295526v1","145592","145725","24","2699899"
"chr16","2878516","2878781","KN294302v1","861450","861728","74","2017066"
"chr16","3002013","3002159","KN295236v1","1251584","1251728","31","1750429"
"chr16","3156294","3156401","KN297171v1","2436215","2436323","28","720079"
"chr16","3177055","3177186","KN295294v1","363845","363973","29","2813210"
"chr16","3236485","3236618","KN296498v1","176729","176872","28","3059756"
"chr16","3306235","3306385","KN294571v1","417305","417453","30","2888930"
"chr16","3332917","3333074","KN296732v1","2938146","2938298","38","394771"
"chr16","3387764","3387901","KN296732v1","3311835","3311972","26","75929"
"chr16","3468171","3468338","KN294271v1","8882","9045","39","3459289"
"chr16","3569993","3570247","KN295352v1","1019178","1019436","59","2550815"
"chr16","3577174","3577452","KN296964v1","917862","918143","69","2659312"
"chr16","3758214","3758302","KN294591v1","157234","157317","21","3600980"
"chr16","3758950","3759222","KN295244v1","895398","895675","77","2863552"
"chr16","3760803","3760951","KN296958v1","721938","722074","61","3038865"
"chr16","3791257","3791357","KN296577v1","77768","77873","34","3713489"
"chr16","3791655","3791691","KN296167v1","457135","457171","10","3334520"
"chr16","3791694","3791953","KN296879v1","875266","875519","62","2916428"
"chr16","4035823","4035955","KN294964v1","2000421","2000556","24","2035402"
"chr16","4208626","4208760","KN294419v1","211719","211856","32","3996907"
"chr16","4304040","4304364","KN295755v1","65062","65377","93","4238978"
"chr16","4376361","4376686","KN294634v1","387267","387565","77","3989094"
"chr16","4781529","4781655","KN296877v1","62421","62554","26","4719108"
"chr16","4840910","4841038","KN296138v1","11819","11953","25","4829091"
"chr16","5159307","5159477","KN295326v1","444837","444999","42","4714470"
"chr16","5302957","5303089","KN294583v1","189119","189254","22","5113838"
"chr16","5352469","5352618","KN296247v1","959095","959240","37","4393374"
"chr16","5352920","5353065","KN294634v1","146466","146607","28","5206454"
"chr16","5432772","5433044","KN296311v1","5353300","5353582","62","79472"
"chr16","5449994","5450298","KN295102v1","38793","39103","67","5411201"
"chr16","5502699","5502982","KN294192v1","253871","254153","70","5248828"
"chr16","6598866","6598898","KN296296v1","266471","266499","10","6332395"
"chr16","6599192","6599313","KN294741v1","1083617","1083736","26","5515575"
"chr16","6771993","6772125","KN295706v1","131306","131439","18","6640687"
"chr16","7132605","7132887","KN295983v1","1223920","1224199","66","5908685"
"chr16","7204838","7204970","KN295706v1","131306","131439","19","7073532"
"chr16","7997406","7997707","KN297026v1","800582","800867","80","7196824"
"chr16","9015907","9016038","KN296311v1","47694","47824","20","8968213"
"chr16","9372878","9373166","KN297452v1","1187475","1187762","69","8185403"
"chr16","9483924","9484054","KN295112v1","531236","531368","12","8952688"
"chr16","9486256","9486551","KN294758v1","3078424","3078721","66","6407832"
"chr16","9607332","9607654","KN295112v1","401092","401404","41","9206240"
"chr16","9944233","9944505","KN295814v1","212884","213163","78","9731349"
"chr16","10492456","10492798","KN296538v1","1854564","1854870","68","8637892"
"chr16","10686498","10686804","KN296538v1","1666171","1666469","27","9020327"
"chr16","10686882","10687164","KN296538v1","1665808","1666091","28","9021074"
"chr16","10693483","10693571","KN295091v1","3850977","3851062","25","6842506"
"chr16","11110354","11110655","KN296538v1","1240749","1241043","32","9869605"
"chr16","11153736","11154007","KN297105v1","2959195","2959449","76","8194541"
"chr16","11667122","11667233","KN296093v1","240852","240965","26","11426270"
"chr16","11667539","11667561","KN295708v1","958258","958278","7","10709281"
"chr16","11669055","11669258","KN296538v1","689479","689688","22","10979576"
"chr16","11678872","11679017","KN296538v1","678759","678901","13","11000113"
"chr16","11754662","11754788","KN294470v1","3035258","3035389","25","8719404"
"chr16","11821291","11821543","KN296538v1","547962","548218","43","11273329"
"chr16","11857509","11857642","KN296538v1","514898","515032","5","11342611"
"chr16","11955681","11955973","KN296538v1","392395","392691","47","11563286"
"chr16","12022267","12022560","KN296538v1","333498","333794","25","11688769"
"chr16","12105001","12105291","KN296495v1","1076274","1076557","61","11028727"
"chr16","12135486","12135541","KN295988v1","992862","992913","13","11142624"
"chr16","12200229","12200526","KN296244v1","327623","327911","63","11872606"
"chr16","12219397","12219411","KN296538v1","144474","144488","2","12074923"
"chr16","12219718","12219886","KN296538v1","144006","144176","17","12075712"
"chr16","12243219","12243358","KN295605v1","687968","688102","26","11555251"
"chr16","12244043","12244177","KN296311v1","4815038","4815168","21","7429005"
"chr16","12314045","12314335","KN296538v1","103185","103491","41","12210860"
"chr16","12326976","12327124","KN296538v1","79923","80070","14","12247053"
"chr16","12419129","12419428","KN297112v1","3668329","3668632","70","8750800"
"chr16","12539603","12539903","KN295548v1","624737","625039","82","11914866"
"chr16","12741652","12741812","KN297171v1","1235221","1235375","32","11506431"
"chr16","12741849","12741976","KN296682v1","4980731","4980854","25","7761118"
"chr16","13162524","13162657","KN294980v1","858835","858967","19","12303689"
"chr16","13201139","13201263","KN294705v1","1469988","1470106","26","11731151"
"chr16","13215528","13215797","KN297197v1","1048614","1048879","71","12166914"
"chr16","13493840","13494109","KN297190v1","3826601","3826872","75","9667239"
"chr16","14213116","14213409","KN294207v1","595798","596096","64","13617318"
"chr16","14390617","14390745","KN294457v1","130203","130331","21","14260414"
"chr16","14391040","14391187","KN296934v1","609106","609251","46","13781934"
"chr16","14821724","14821847","KN294705v1","1877279","1877404","17","12944445"
"chr16","15514880","15515013","KN296880v1","198524","198663","23","15316356"
"chr16","15620463","15620593","KN294378v1","643788","643925","14","14976675"
"chr16","15668472","15668692","KN295714v1","24603","24811","48","15643869"
"chr16","15693090","15693229","KN295605v1","687968","688102","24","15005122"
"chr16","15778768","15779066","KN294378v1","1598738","1599039","24","14180030"
"chr16","16122290","16122423","KN294378v1","1273477","1273608","12","14848813"
"chr16","16135488","16135781","KN294378v1","1260674","1260978","34","14874814"
"chr16","16143947","16144082","KN294378v1","1253420","1253559","13","14890527"
"chr16","16252184","16252438","KN297046v1","3526635","3526886","73","12725549"
"chr16","16259140","16259276","KN295294v1","3806061","3806194","23","12453079"
"chr16","16327439","16327709","KN295633v1","1501780","1502052","70","14825659"
"chr16","16340450","16340760","KN296322v1","1648835","1649139","124","14691615"
"chr16","16346049","16346175","KN296311v1","4815038","4815168","21","11531011"
"chr16","16393737","16393870","KN294378v1","1043877","1044007","17","15349860"
"chr16","16516242","16516475","KN297190v1","5951555","5951790","53","10564687"
"chr16","17118120","17118393","KN295983v1","1223920","1224199","65","15894200"
"chr16","17205264","17205552","KN294520v1","992368","992662","71","16212896"
"chr16","17416756","17416885","KN296580v1","471605","471729","13","16945151"
"chr16","17860307","17860484","KN294662v1","211735","211913","43","17648572"
"chr16","17866430","17866653","KN294879v1","1183051","1183277","53","16683379"
"chr16","17968215","17968498","KN295722v1","1369561","1369836","65","16598654"
"chr16","18258767","18259064","KN294378v1","178962","179259","25","18079805"
"chr16","18334634","18334857","KN294407v1","812570","812796","61","17522064"
"chr16","18821408","18821539","KN296643v1","191078","191208","19","18630330"
"chr16","19037315","19037482","KN296096v1","680679","680846","35","18356636"
"chr16","19298011","19298309","KN296938v1","928271","928577","70","18369740"
"chr16","19298973","19299150","KN294303v1","359811","359988","17","18939162"
"chr16","19303491","19303668","KN297319v1","373164","373327","41","18930327"
"chr16","19339292","19339455","KN295343v1","579461","579613","46","18759831"
"chr16","19393135","19393265","KN297445v1","1333351","1333481","23","18059784"
"chr16","19419098","19419257","KN296311v1","1023510","1023673","38","18395588"
"chr16","19657976","19658115","KN296829v1","851332","851478","34","18806644"
"chr16","19710639","19710938","KN297058v1","392670","392966","62","19317969"
"chr16","19807573","19807739","KN296096v1","680679","680846","43","19126894"
"chr16","19887409","19887569","KN295633v1","2073957","2074120","38","17813452"
"chr16","19987362","19987590","KN294407v1","812570","812796","51","19174792"
"chr16","20107536","20107666","KN295236v1","677208","677340","28","19430328"
"chr16","20375863","20376161","KN295352v1","729753","730045","67","19646110"
"chr16","21178172","21178307","KN295294v1","3806061","3806194","24","17372111"
"chr16","21215094","21215393","KN294378v1","1350669","1350966","69","19864425"
"chr16","21227679","21227978","KN297171v1","1715719","1716017","69","19511960"
"chr16","21451360","21451651","KN294161v1","491457","491757","63","20959903"
"chr16","21581715","21581809","KN294499v1","1744755","1744851","25","19836960"
"chr16","21863635","21863924","KN295302v1","381457","381740","68","21482178"
"chr16","21935425","21935691","KN296682v1","477761","478029","68","21457664"
"chr16","22041842","22041987","KN295667v1","1121076","1121214","31","20920766"
"chr16","22256423","22256623","KN294809v1","1290122","1290317","59","20966301"
"chr16","22340757","22340878","KN294457v1","1164538","1164662","25","21176219"
"chr16","22397753","22397882","KN294172v1","6718327","6718460","24","15679426"
"chr16","22493983","22494218","KN297180v1","531711","531948","50","21962272"
"chr16","22626524","22626772","KN297165v1","963791","964034","62","21662733"
"chr16","22866145","22866438","KN295406v1","356908","357192","69","22509237"
"chr16","22887962","22888095","KN295667v1","2094667","2094776","44","20793295"
"chr16","23177335","23177643","KN296322v1","1648835","1649139","63","21528500"
"chr16","23525091","23525226","KN295706v1","131306","131439","20","23393785"
"chr16","23738487","23738633","KN294210v1","836667","836810","30","22901820"
"chr16","23738928","23739078","KN297245v1","2021145","2021297","37","21717783"
"chr16","23774345","23774452","KN295236v1","1140799","1140905","24","22633546"
"chr16","23809165","23809287","KN296485v1","157888","158017","30","23651277"
"chr16","23819680","23819972","KN295907v1","1853253","1853540","30","21966427"
"chr16","23936198","23936429","KN295869v1","333345","333580","65","23602853"
"chr16","24109318","24109442","KN295236v1","3047477","3047602","24","21061841"
"chr16","24146452","24146595","KN296311v1","4815038","4815168","33","19331414"
"chr16","24556863","24557180","KN297066v1","48943","49249","69","24507920"
"chr16","24817812","24818008","KN296247v1","547683","547878","15","24270129"
"chr16","24822900","24823173","KN296247v1","538693","538966","22","24284207"
"chr16","24901667","24901952","KN296247v1","460270","460554","20","24441397"
"chr16","24952521","24952649","KN296311v1","4815038","4815168","22","20137483"
"chr16","24953368","24953506","KN294218v1","2756614","2756751","32","22196754"
"chr16","24977318","24977539","KN295405v1","84611","84839","64","24892707"
"chr16","25181162","25181458","KN296247v1","180574","180876","32","25000588"
"chr16","25190160","25190454","KN295352v1","729753","730045","63","24460407"
"chr16","25256482","25256605","KN294561v1","781964","782088","23","24474518"
"chr16","25264049","25264151","KN295301v1","1589895","1589989","18","23674154"
"chr16","25429058","25429190","KN295361v1","959088","959220","10","24469970"
"chr16","25473638","25473909","KN295361v1","913400","913671","20","24560238"
"chr16","25505746","25505919","KN295361v1","882059","882232","7","24623687"
"chr16","25790600","25790766","KN296877v1","151376","151537","40","25639224"
"chr16","26101533","26101803","KN295637v1","799799","800078","66","25301734"
"chr16","26162314","26162593","KN294570v1","166260","166534","70","25996054"
"chr16","26248689","26248977","KN295361v1","191094","191405","43","26057595"
"chr16","26923663","26923816","KN296178v1","160267","160437","25","26763396"
"chr16","26975423","26975544","KN295567v1","246725","246842","40","26728698"
"chr16","27516463","27516560","KN296178v1","755643","755738","9","26760820"
"chr16","27615466","27615601","KN296178v1","863394","863530","7","26752072"
"chr16","27826422","27826703","KN295984v1","150673","150962","66","27675749"
"chr16","27974547","27974727","KN297113v1","252877","253050","43","27721670"
"chr16","27975031","27975164","KN296153v1","2295134","2295268","31","25679897"
"chr16","28191641","28191775","KN294378v1","1273477","1273608","27","26918164"
"chr16","28270644","28270910","KN296864v1","2452974","2453250","60","25817670"
"chr16","28299860","28300146","KN294523v1","15844","16136","68","28284016"
"chr16","28444263","28444420","KN296157v1","908663","908818","43","27535600"
"chr16","28519448","28519580","KN296643v1","191078","191208","24","28328370"
"chr16","28528323","28528458","KN294207v1","126950","127083","31","28401373"
"chr16","28535629","28535764","KN295940v1","307354","307490","30","28228275"
"chr16","28635366","28635498","KN294739v1","1041553","1041687","23","27593813"
"chr16","28670155","28670272","KN295471v1","521946","522058","29","28148209"
"chr16","28797940","28798070","KN294172v1","740064","740194","18","28057876"
"chr16","28922528","28922804","KN296245v1","438313","438589","70","28484215"
"chr16","28939302","28939557","KN294650v1","38350","38590","68","28900952"
"chr16","28943216","28943506","KN294457v1","210304","210595","67","28732912"
"chr16","28972520","28972695","KN294842v1","123455","123618","51","28849065"
"chr16","29056747","29056901","KN295142v1","1634911","1635072","59","27421836"
"chr16","29282316","29282614","KN295667v1","1567361","1567664","66","27714955"
"chr16","29324788","29324921","KN297259v1","755295","755425","26","28569493"
"chr16","29394014","29394145","KN296311v1","6471968","6472102","18","22922046"
"chr16","29458292","29458421","KN294588v1","379826","379951","39","29078466"
"chr16","29672736","29672790","KN296119v1","1861863","1861907","18","27810873"
"chr16","29853512","29853811","KN294470v1","1153982","1154281","31","28699530"
"chr16","29882119","29882297","KN294407v1","81677","81857","54","29800442"
"chr16","29882602","29882745","KN294339v1","93661","93791","35","29788941"
"chr16","29900706","29900962","KN296426v1","129623","129895","71","29771083"
"chr16","29903546","29903687","KN294613v1","467519","467659","12","29436027"
"chr16","29981880","29982189","KN296836v1","993587","993901","67","28988293"
"chr16","30035790","30036031","KN294613v1","331392","331636","20","29704398"
"chr16","30190362","30190658","KN294613v1","179227","179533","30","30011135"
"chr16","30276310","30276359","KN296831v1","583707","583752","9","29692603"
"chr16","30277938","30278088","KN294407v1","2457734","2457877","40","27820204"
"chr16","30311377","30311533","KN294613v1","59923","60071","26","30251454"
"chr16","30399750","30399889","KN295605v1","687968","688102","25","29711782"
"chr16","30537144","30537290","KN295090v1","610678","610810","32","29926466"
"chr16","30538623","30538679","KN295032v1","129986","130039","21","30408637"
"chr16","30539481","30539771","KN296398v1","253691","253978","72","30285790"
"chr16","30746895","30747054","KN295343v1","105433","105595","12","30641462"
"chr16","30805620","30805739","KN295005v1","263925","264043","23","30541695"
"chr16","30806051","30806253","KN297038v1","275241","275429","60","30530810"
"chr16","31194830","31195003","KN296311v1","1023510","1023673","44","30171320"
"chr16","31214729","31214865","KN295343v1","578730","578866","11","30635999"
"chr16","31215473","31215622","KN295343v1","579461","579613","27","30636012"
"chr16","31395208","31395253","KN296167v1","383499","383548","15","31011709"
"chr16","31627828","31627955","KN294711v1","709159","709287","24","30918669"
"chr16","31746348","31746666","KN296148v1","52547","52852","32","31693801"
"chr16","31764685","31764930","KN296148v1","69870","70115","17","31694815"
"chr16","32923754","32923917","KN294842v1","123455","123618","11","32800299"
"chr16","33001802","33001965","KN294842v1","123455","123618","7","32878347"
"chr16","37058892","37059052","KN297000v1","418665","418822","31","36640227"
"chr16","37114617","37114748","KN295706v1","131306","131439","23","36983311"
"chr16","37131081","37131392","KN296244v1","707246","707553","82","36423835"
"chr16","37211930","37212236","KN296836v1","993587","993901","64","36218343"
"chr16","37237294","37237394","KN294499v1","1744755","1744851","27","35492539"
"chr16","37339787","37340065","KN295607v1","571124","571405","60","36768663"
"chr16","37349893","37350154","KN294552v1","1295874","1296134","55","36054019"
"chr16","37360187","37360324","KN297259v1","755295","755425","21","36604892"
"chr16","37412391","37412605","KN295633v1","550163","550378","64","36862228"
"chr16","37432159","37432214","KN296907v1","680629","680691","10","36751530"
"chr16","37442226","37442361","KN294536v1","420664","420795","35","37021562"
"chr16","38756702","38757005","KN295893v1","1879651","1879923","83","36877051"
"chr16","38904322","38904641","KN296502v1","1354687","1354995","75","37549635"
"chr16","39348718","39349008","KN294452v1","1024655","1024959","83","38324063"
"chr16","39573072","39573376","KN296864v1","1939832","1940132","71","37633240"
"chr16","40108777","40109084","KN295708v1","2790498","2790788","74","37318279"
"chr16","40179508","40179563","KN295566v1","205010","205067","11","39974498"
"chr16","40227326","40227612","KN296404v1","2095101","2095370","77","38132225"
"chr16","40462051","40462178","KN295601v1","2823696","2823818","28","37638355"
"chr16","40497804","40498103","KN296864v1","1939832","1940132","64","38557972"
"chr16","40529882","40529999","KN296004v1","129400","129507","32","40400482"
"chr16","40558405","40558531","KN297050v1","128023","128146","27","40430382"
"chr16","40626384","40626480","KN295967v1","566167","566260","20","40060217"
"chr16","40626775","40626921","KN296210v1","326465","326608","30","40300310"
"chr16","40690400","40690714","KN295096v1","691516","691814","102","39998884"
"chr16","40919111","40919446","KN297171v1","1715719","1716017","96","39203392"
"chr16","41382796","41383107","KN294842v1","647613","647907","73","40735183"
"chr16","41678118","41678276","KN297320v1","677594","677746","37","41000524"
"chr16","43492701","43492982","KN296192v1","79154","79436","16","43413547"
"chr16","43511585","43511879","KN297112v1","2231098","2231393","66","41280487"
"chr16","43530307","43530386","KN296869v1","356593","356675","21","43173714"
"chr16","43530419","43530600","KN296528v1","1417954","1418126","47","42112465"
"chr16","43588280","43588534","KN294964v1","963699","963959","62","42624581"
"chr16","43609344","43609479","KN296192v1","209414","209540","16","43399930"
"chr16","43627888","43628170","KN296948v1","762193","762479","51","42865695"
"chr16","43630244","43630460","KN296192v1","228160","228362","32","43402084"
"chr16","43675383","43675648","KN296192v1","273857","274126","18","43401526"
"chr16","43713794","43714086","KN294399v1","171378","171682","60","43542416"
"chr16","43770926","43771260","KN294806v1","94877","95215","21","43676049"
"chr16","44079714","44079761","KN295236v1","4089870","4089911","15","39989844"
"chr16","44194347","44194471","KN294806v1","523544","523670","15","43670803"
"chr16","44263858","44264143","KN294806v1","594997","595290","21","43668861"
"chr16","44438653","44438785","KN294911v1","2310594","2310724","24","42128059"
"chr16","44453114","44453415","KN294806v1","772671","772975","20","43680443"
"chr16","44660453","44660744","KN295984v1","2286186","2286477","61","42374267"
"chr16","45061681","45061990","KN294439v1","130265","130569","75","44931416"
"chr16","45167376","45167662","KN297279v1","1234793","1235069","27","43932583"
"chr16","45298842","45299073","KN296292v1","252556","252774","64","45046286"
"chr16","45552573","45552874","KN296649v1","28211","28505","62","45524362"
"chr16","45682397","45682527","KN295112v1","531236","531368","23","45151161"
"chr16","45782702","45782832","KN296311v1","4657589","4657718","18","41125113"
"chr16","46657393","46657675","KN295923v1","192523","192802","20","46464870"
"chr16","47045087","47045244","KN295923v1","550526","550668","31","46494561"
"chr16","47068345","47068630","KN295923v1","574170","574465","33","46494175"
"chr16","47345191","47345462","KN295923v1","879939","880217","33","46465252"
"chr16","47472511","47472806","KN295923v1","1008322","1008617","37","46464189"
"chr16","47774140","47774270","KN296907v1","705641","705775","23","47068499"
"chr16","47857535","47857832","KN295923v1","1392828","1393125","15","46464707"
"chr16","47968700","47968968","KN295923v1","1494028","1494298","22","46474672"
"chr16","48431222","48431357","KN295923v1","1935916","1936051","4","46495306"
"chr16","48481405","48481616","KN295923v1","1986700","1986911","14","46494705"
"chr16","48933040","48933271","KN296062v1","2277688","2277919","61","46655352"
"chr16","49118506","49118632","KN296322v1","997745","997870","20","48120761"
"chr16","49133501","49133789","KN295633v1","625547","625830","60","48507954"
"chr16","49384294","49384461","KN296754v1","59195","59361","36","49325099"
"chr16","49384755","49384890","KN295022v1","817917","818040","33","48566838"
"chr16","49583881","49584138","KN296339v1","2039540","2039800","78","47544341"
"chr16","49643225","49643536","KN295102v1","38793","39103","67","49604432"
"chr16","50367040","50367300","KN294539v1","1506592","1506858","64","48860448"
"chr16","51234211","51234513","KN295037v1","49162","49463","79","51185049"
"chr16","51432804","51433059","KN296467v1","110003","110248","67","51322801"
"chr16","52418365","52418647","KN297452v1","1744682","1744969","74","50673683"
"chr16","52914978","52915225","KN295346v1","1243459","1243703","75","51671519"
"chr16","53215530","53215805","KN294879v1","385981","386259","65","52829549"
"chr16","53224534","53224833","KN295352v1","729753","730045","76","52494781"
"chr16","53524004","53524295","KN294486v1","1422392","1422652","91","52101612"
"chr16","53963526","53963832","KN295099v1","55159","55457","84","53908367"
"chr16","54395072","54395358","KN294991v1","1103464","1103751","69","53291608"
"chr16","54442257","54442350","KN295605v1","83359","83454","21","54358898"
"chr16","54568851","54569128","KN294571v1","2055636","2055896","71","52513215"
"chr16","54621232","54621509","KN294571v1","2055636","2055896","71","52565596"
"chr16","54913891","54914028","KN295294v1","3806061","3806194","26","51107830"
"chr16","54921983","54922283","KN296244v1","327623","327911","76","54594360"
"chr16","55263614","55263883","KN294279v1","171583","171867","65","55092031"
"chr16","55310452","55310721","KN294519v1","59309","59574","81","55251143"
"chr16","55357048","55357331","KN294210v1","473112","473404","58","54883936"
"chr16","56130376","56130537","KN297000v1","418665","418822","34","55711711"
"chr16","56506052","56506193","KN294470v1","3035258","3035389","27","53470794"
"chr16","56506495","56506654","KN294346v1","260578","260726","38","56245917"
"chr16","56772219","56772337","KN297416v1","162444","162561","26","56609775"
"chr16","57098863","57099145","KN296290v1","1215856","1216128","67","55883007"
"chr16","57168107","57168391","KN294570v1","166260","166534","61","57001847"
"chr16","57315221","57315500","KN296879v1","875266","875519","77","56439955"
"chr16","57668477","57668777","KN297327v1","807993","808286","64","56860484"
"chr16","57727838","57727974","KN297023v1","686879","687015","25","57040959"
"chr16","57747197","57747317","KN294739v1","1041553","1041687","27","56705644"
"chr16","57761412","57761707","KN295346v1","1646114","1646406","80","56115298"
"chr16","57821610","57821743","KN294407v1","3228566","3228701","21","54593044"
"chr16","57878797","57878928","KN296577v1","830316","830439","36","57048481"
"chr16","57886141","57886264","KN296682v1","4980731","4980854","21","52905410"
"chr16","57991728","57991873","KN294407v1","2863006","2863150","39","55128722"
"chr16","57992178","57992298","KN296864v1","3266405","3266529","26","54725773"
"chr16","58028688","58028964","KN296495v1","1076274","1076557","66","56952414"
"chr16","58035553","58035814","KN296731v1","1028220","1028490","65","57007333"
"chr16","58037079","58037223","KN295708v1","2703330","2703459","38","55333749"
"chr16","58055974","58056096","KN296101v1","38623","38748","21","58017351"
"chr16","58132443","58132566","KN296885v1","2707478","2707589","27","55424965"
"chr16","58132883","58133109","KN296803v1","139111","139313","70","57993772"
"chr16","58173483","58173659","KN294703v1","325831","325997","49","57847652"
"chr16","58471361","58471647","KN295459v1","308904","309183","68","58162457"
"chr16","58604250","58604417","KN294407v1","2862516","2862663","48","55741734"
"chr16","58604736","58604887","KN294758v1","442372","442530","41","58162364"
"chr16","58723240","58723404","KN296661v1","423518","423684","39","58299722"
"chr16","58723435","58723554","KN297323v1","349913","350031","27","58373522"
"chr16","58791260","58791394","KN295110v1","19431","19565","27","58771829"
"chr16","58822288","58822414","KN295236v1","3047477","3047602","23","55774811"
"chr16","58899537","58899661","KN295533v1","2843283","2843406","23","56056254"
"chr16","58916629","58916922","KN294911v1","2216419","2216711","67","56700210"
"chr16","59015869","59016180","KN294410v1","294657","294975","73","58721212"
"chr16","59036019","59036318","KN295352v1","1382929","1383224","66","57653090"
"chr16","59081494","59081617","KN296926v1","988728","988849","18","58092766"
"chr16","59125750","59125916","KN295361v1","882059","882232","36","58243691"
"chr16","59147607","59147740","KN296404v1","1017857","1017993","22","58129750"
"chr16","59260511","59260819","KN295633v1","909764","910066","82","58350747"
"chr16","59371495","59371581","KN297369v1","125667","125753","24","59245828"
"chr16","59593933","59594244","KN296588v1","282556","282869","66","59311377"
"chr16","59791012","59791155","KN296538v1","514898","515032","27","59276114"
"chr16","59817314","59817448","KN294536v1","348653","348787","18","59468661"
"chr16","59916276","59916411","KN294964v1","965459","965591","23","58950817"
"chr16","60004945","60005096","KN295962v1","2106431","2106583","35","57898514"
"chr16","60005392","60005451","KN296879v1","999794","999852","14","59005598"
"chr16","60240810","60240941","KN295605v1","687968","688102","27","59552842"
"chr16","60251088","60251386","KN297403v1","175995","176294","69","60075093"
"chr16","60289506","60289792","KN295349v1","6069","6347","22","60283437"
"chr16","60309741","60309915","KN296096v1","680679","680846","39","59629062"
"chr16","60322792","60323075","KN294192v1","253871","254153","76","60068921"
"chr16","60414669","60414938","KN296303v1","805215","805501","63","59609454"
"chr16","60558925","60559210","KN296864v1","1939832","1940132","68","58619093"
"chr16","60601043","60601362","KN294470v1","208888","209202","78","60392155"
"chr16","60611373","60611685","KN295352v1","729753","730045","78","59881620"
"chr16","60909027","60909156","KN296588v1","231105","231237","30","60677922"
"chr16","61333107","61333237","KN296311v1","4657589","4657718","19","56675518"
"chr16","61367272","61367393","KN294705v1","1469988","1470106","24","59897284"
"chr16","61544063","61544258","KN296577v1","938048","938235","59","60606015"
"chr16","62561341","62561614","KN294420v1","816046","816329","70","61745295"
"chr16","62794309","62794609","KN296495v1","1076274","1076557","77","61718035"
"chr16","62859477","62859594","KN297038v1","317140","317257","26","62542337"
"chr16","62860240","62860587","KN294501v1","26938","27273","102","62833302"
"chr16","62860592","62860726","KN295294v1","3806061","3806194","24","59054531"
"chr16","62939651","62939806","KN294470v1","2691196","2691354","30","60248455"
"chr16","63102615","63102747","KN296538v1","514898","515032","18","62587717"
"chr16","63481331","63481619","KN296833v1","198739","199022","59","63282592"
"chr16","63534102","63534290","KN294172v1","3210200","3210360","62","60323902"
"chr16","63676745","63676914","KN294591v1","557328","557491","53","63119417"
"chr16","63677226","63677386","KN295326v1","444837","444999","37","63232389"
"chr16","63771609","63771837","KN295533v1","2434686","2434882","69","61336923"
"chr16","64407028","64407333","KN295633v1","778185","778486","65","63628843"
"chr16","64412724","64413029","KN295633v1","778185","778486","65","63634539"
"chr16","64642544","64642853","KN296588v1","282556","282869","63","64359988"
"chr16","65339735","65340050","KN294991v1","1709174","1709474","77","63630561"
"chr16","65411127","65411415","KN295117v1","112788","113084","66","65298339"
"chr16","65498230","65498378","KN295605v1","687968","688102","33","64810262"
"chr16","65594566","65594653","KN295430v1","995039","995130","32","64599527"
"chr16","65594947","65595152","KN295075v1","642410","642626","53","64952537"
"chr16","65643454","65643610","KN296142v1","213909","214054","37","65429545"
"chr16","65745079","65745212","KN295706v1","131306","131439","20","65613773"
"chr16","65759898","65759984","KN295099v1","264928","265011","26","65494970"
"chr16","65830688","65830919","KN297095v1","2669325","2669548","61","63161363"
"chr16","65882826","65882959","KN296311v1","4815038","4815168","20","61067788"
"chr16","65981829","65982112","KN294260v1","1091595","1091881","64","64890234"
"chr16","66001283","66001419","KN295526v1","145592","145725","26","65855691"
"chr16","66099437","66099710","KN294513v1","235461","235729","66","65863976"
"chr16","66176994","66177277","KN296498v1","138909","139198","65","66038085"
"chr16","66509921","66510054","KN296311v1","4815038","4815168","27","61694883"
"chr16","66528145","66528263","KN297227v1","630249","630370","28","65897896"
"chr16","66528562","66528735","KN296864v1","3353170","3353334","42","63175392"
"chr16","66594063","66594195","KN295090v1","610678","610810","19","65983385"
"chr16","66786903","66787207","KN297442v1","1676499","1676799","74","65110404"
"chr16","66840926","66841062","KN295294v1","3806061","3806194","26","63034865"
"chr16","67348412","67348686","KN294862v1","116430","116695","81","67231982"
"chr16","67543338","67543382","KN296464v1","165174","165217","10","67378164"
"chr16","68429105","68429400","KN296536v1","608435","608683","64","67820670"
"chr16","68764642","68764795","KN297319v1","373164","373327","42","68391478"
"chr16","68930737","68930850","KN295243v1","1041792","1041909","30","67888945"
"chr16","69151020","69151318","KN295294v1","1101026","1101317","84","68049994"
"chr16","69226002","69226155","KN294279v1","1019768","1019921","35","68206234"
"chr16","69420208","69420522","KN296505v1","323963","324278","62","69096245"
"chr16","69633250","69633392","KN295803v1","255996","256129","39","69377254"
"chr16","69727536","69727664","KN295441v1","789788","789916","24","68937748"
"chr16","69768891","69769018","KN294378v1","1273477","1273608","24","68495414"
"chr16","69823188","69823321","KN295090v1","903125","903258","21","68920063"
"chr16","69830080","69830208","KN294193v1","128685","128814","30","69701395"
"chr16","69982526","69982775","KN295346v1","1243459","1243703","65","68739067"
"chr16","69988892","69989031","KN296311v1","4657589","4657718","29","65331303"
"chr16","70387472","70387580","KN297143v1","117310","117417","29","70270162"
"chr16","70451415","70451553","KN294372v1","290537","290683","33","70160878"
"chr16","71153112","71153417","KN296759v1","210528","210836","67","70942584"
"chr16","71582117","71582250","KN295755v1","75966","76098","25","71506151"
"chr16","72071748","72071856","KN294410v1","238826","238934","22","71832922"
"chr16","72071889","72072062","KN295241v1","97934","98104","39","71973955"
"chr16","72106256","72106449","KN297322v1","1522179","1522373","18","70584077"
"chr16","72213861","72213943","KN297322v1","1414408","1414490","10","70799453"
"chr16","72405255","72405563","KN297058v1","194613","194917","66","72210642"
"chr16","72406355","72406489","KN294964v1","965459","965591","26","71440896"
"chr16","72607568","72607682","KN294260v1","597511","597638","34","72010057"
"chr16","72785044","72785326","KN294741v1","582193","582466","67","72202851"
"chr16","72997447","72997566","KN297322v1","634008","634127","8","72363439"
"chr16","72997860","72998031","KN297322v1","633530","633714","23","72364330"
"chr16","73527359","73527658","KN297322v1","115076","115376","45","73412283"
"chr16","74375730","74375863","KN294339v1","93661","93791","28","74282069"
"chr16","75378441","75378497","KN296138v1","489235","489293","12","74889206"
"chr16","75403207","75403263","KN296138v1","489235","489293","12","74913972"
"chr16","75795747","75795897","KN296311v1","2869685","2869833","34","72926062"
"chr16","76097905","76098205","KN295449v1","1170610","1170916","67","74927295"
"chr16","76978021","76978328","KN294439v1","130265","130569","69","76847756"
"chr16","77218825","77219123","KN296322v1","1648835","1649139","50","75569990"
"chr16","77409818","77409973","KN296311v1","1685903","1686062","35","75723915"
"chr16","79240154","79240261","KN294303v1","222129","222235","22","79018025"
"chr16","79543334","79543502","KN295142v1","1634911","1635072","55","77908423"
"chr16","79543813","79543939","KN294172v1","6272486","6272617","30","73271327"
"chr16","79807541","79807697","KN296315v1","917369","917527","42","78890172"
"chr16","81288121","81288406","KN294467v1","295248","295536","21","80992873"
"chr17","5373878","5374200","KN296505v1","323963","324278","80","5049915"
"chr17","38928338","38928525","KN294739v1","985939","986117","41","37942399"
"chr17","25955","26157","KN294571v1","1820361","1820567","55","1794406"
"chr17","200181","200334","KN297320v1","677594","677746","35","477413"
"chr17","327638","327763","KN297133v1","270429","270539","23","57209"
"chr17","330626","330916","KN294210v1","473112","473404","58","142486"
"chr17","336490","336623","KN294336v1","54285","54417","22","282205"
"chr17","383250","383530","KN297133v1","328287","328569","53","54963"
"chr17","388853","389010","KN297133v1","334160","334317","16","54693"
"chr17","509173","509473","KN297133v1","425281","425572","26","83892"
"chr17","547526","547830","KN297133v1","458486","458790","24","89040"
"chr17","551152","551307","KN294991v1","973655","973815","45","422503"
"chr17","555137","555429","KN296964v1","917862","918143","71","362725"
"chr17","556458","556692","KN297133v1","467484","467706","36","88974"
"chr17","569238","569385","KN295034v1","243361","243503","28","325877"
"chr17","569420","569633","KN294209v1","14779","14997","64","554641"
"chr17","625513","625656","KN296296v1","446565","446696","55","178948"
"chr17","919878","920018","KN294372v1","1088122","1088262","22","168244"
"chr17","1027699","1027996","KN297133v1","933596","933891","46","94103"
"chr17","1256492","1256646","KN295236v1","3405769","3405903","50","2149277"
"chr17","1673758","1674060","KN297133v1","1562622","1562925","25","111136"
"chr17","1846363","1846487","KN294199v1","86678","86798","25","1759685"
"chr17","2023231","2023528","KN297066v1","48943","49249","58","1974288"
"chr17","2145954","2146190","KN295596v1","1698104","1698351","79","447850"
"chr17","2167901","2168137","KN295596v1","1698104","1698351","79","469797"
"chr17","2405033","2405237","KN295962v1","1940591","1940792","50","464442"
"chr17","2505716","2505976","KN295294v1","2976195","2976447","76","470479"
"chr17","2523196","2523484","KN297190v1","2683777","2684071","74","160581"
"chr17","2730307","2730481","KN297184v1","81214","81385","45","2649093"
"chr17","3092554","3092689","KN295605v1","687968","688102","25","2404586"
"chr17","3102377","3102671","KN294279v1","171583","171867","68","2930794"
"chr17","3141974","3142191","KN294208v1","73414","73627","52","3068560"
"chr17","3148818","3149033","KN294208v1","73414","73627","52","3075404"
"chr17","3281520","3281829","KN296759v1","210528","210836","60","3070992"
"chr17","3516789","3516907","KN296426v1","870075","870198","36","2646714"
"chr17","3528867","3529003","KN294470v1","3133941","3134076","27","394926"
"chr17","3676113","3676245","KN296538v1","514898","515032","20","3161215"
"chr17","3958565","3958839","KN296245v1","438313","438589","68","3520252"
"chr17","4002314","4002569","KN295490v1","34980","35237","66","3967334"
"chr17","4017663","4017956","KN296495v1","1076274","1076557","71","2941389"
"chr17","4116621","4116930","KN297112v1","4975307","4975614","66","858686"
"chr17","4814602","4814668","KN296138v1","489235","489293","21","4325367"
"chr17","4814979","4815145","KN295708v1","957826","957973","45","3857153"
"chr17","4904489","4904621","KN294336v1","54285","54417","3","4850204"
"chr17","5280364","5280645","KN295576v1","164716","164996","62","5115648"
"chr17","5610139","5610268","KN295487v1","149210","149343","22","5460929"
"chr17","6711259","6711376","KN296557v1","74888","75001","24","6636371"
"chr17","6916809","6916971","KN296311v1","2616458","2616622","41","4300351"
"chr17","6996303","6996591","KN297452v1","1744682","1744969","73","5251621"
"chr17","7014642","7014747","KN295090v1","1036855","1036964","35","5977787"
"chr17","7089959","7090168","KN294208v1","73414","73627","49","7016545"
"chr17","7159966","7160092","KN295441v1","789788","789916","22","6370178"
"chr17","7692088","7692311","KN295350v1","333402","333635","30","7358686"
"chr17","7720970","7721115","KN295350v1","363013","363159","15","7357957"
"chr17","7721423","7721588","KN295350v1","363462","363624","12","7357961"
"chr17","7757085","7757206","KN295350v1","404400","404521","7","7352685"
"chr17","7892205","7892437","KN294147v1","2133356","2133601","66","5758849"
"chr17","8040292","8040597","KN295667v1","1567361","1567664","68","6472931"
"chr17","8661036","8661208","KN295667v1","2018457","2018624","45","6642579"
"chr17","8792760","8792884","KN295236v1","3047477","3047602","27","5745283"
"chr17","8804493","8804617","KN295236v1","3047477","3047602","27","5757016"
"chr17","9413372","9413466","KN294570v1","273775","273869","23","9139597"
"chr17","9654951","9655233","KN294199v1","1022551","1022840","59","8632400"
"chr17","10286135","10286267","KN296430v1","1046689","1046817","29","9239446"
"chr17","10341406","10341700","KN294513v1","372597","372888","72","9968809"
"chr17","10427806","10428105","KN295633v1","778185","778486","67","9649621"
"chr17","10849563","10849872","KN295406v1","486578","486886","74","10362985"
"chr17","12463417","12463554","KN296175v1","389661","389808","38","12073756"
"chr17","12905368","12905457","KN296869v1","143289","143372","26","12762079"
"chr17","13581131","13581209","KN296609v1","1095803","1095884","8","12485328"
"chr17","14407061","14407354","KN294831v1","228505","228793","66","14178556"
"chr17","14482162","14482260","KN295202v1","493843","493938","24","13988319"
"chr17","15927793","15928020","KN296847v1","410946","411169","50","15516847"
"chr17","15950331","15950632","KN296864v1","1939832","1940132","55","14010499"
"chr17","16026434","16026714","KN297028v1","97110","97396","56","15929324"
"chr17","16059790","16059944","KN295347v1","14270","14430","33","16045520"
"chr17","16174779","16174896","KN296079v1","397109","397211","29","15777670"
"chr17","16286925","16287204","KN294325v1","979659","979928","67","15307266"
"chr17","16316768","16316917","KN296921v1","435698","435849","24","15881070"
"chr17","16501454","16501592","KN295034v1","243361","243503","25","16258093"
"chr17","16504059","16504223","KN294416v1","934596","934758","37","15569463"
"chr17","16504544","16504682","KN294199v1","281436","281574","28","16223108"
"chr17","17117145","17117451","KN297180v1","314236","314539","65","16802909"
"chr17","17164690","17164828","KN295637v1","215598","215736","14","16949092"
"chr17","17177824","17177970","KN294513v1","518116","518264","41","16659708"
"chr17","17202323","17202635","KN295637v1","253610","253946","45","16948713"
"chr17","17256991","17257101","KN296153v1","3603162","3603273","25","13653829"
"chr17","17276948","17277077","KN295755v1","75966","76098","23","17200982"
"chr17","17322071","17322266","KN295637v1","367092","367287","17","16954979"
"chr17","17407501","17407777","KN295586v1","701437","701726","66","16706064"
"chr17","17415932","17416252","KN295637v1","463261","463584","31","16952671"
"chr17","17735709","17735956","KN295633v1","710070","710329","58","17025639"
"chr17","17787133","17787308","KN296247v1","751980","752150","45","17035153"
"chr17","17787616","17787741","KN296682v1","4980731","4980854","33","12806885"
"chr17","18079569","18079722","KN294346v1","260578","260726","37","17818991"
"chr17","18080008","18080168","KN294226v1","6877","7026","52","18073131"
"chr17","18138480","18138779","KN294806v1","594997","595290","61","17543483"
"chr17","18797570","18797865","KN294260v1","822843","823138","67","17974727"
"chr17","19542107","19542237","KN296311v1","4657589","4657718","21","14884518"
"chr17","19687999","19688316","KN296505v1","323963","324278","69","19364036"
"chr17","19776921","19777154","KN297190v1","5951555","5951790","50","13825366"
"chr17","19855184","19855373","KN295725v1","1216179","1216363","46","18639005"
"chr17","19987297","19987510","KN297190v1","98686","98881","58","19888611"
"chr17","20053170","20053469","KN296322v1","1648835","1649139","75","18404335"
"chr17","20100917","20101057","KN295102v1","72427","72567","27","20028490"
"chr17","20154145","20154310","KN297000v1","418665","418822","32","19735480"
"chr17","20169176","20169479","KN295894v1","2131941","2132242","72","18037235"
"chr17","20295498","20295726","KN295368v1","2443516","2443764","56","17851982"
"chr17","20579710","20579866","KN296732v1","2938146","2938298","33","17641564"
"chr17","20934254","20934379","KN295362v1","1160773","1160900","24","19773481"
"chr17","20971680","20971967","KN295744v1","408789","409077","69","20562891"
"chr17","21123203","21123433","KN297190v1","5951555","5951790","59","15171648"
"chr17","21132167","21132397","KN297190v1","5951555","5951790","59","15180612"
"chr17","21166788","21166927","KN296573v1","15418","15557","31","21151370"
"chr17","21318918","21319219","KN296907v1","1087372","1087677","69","20231546"
"chr17","21487916","21488203","KN295352v1","1019178","1019436","81","20468738"
"chr17","22205596","22205901","KN297066v1","48943","49249","72","22156653"
"chr17","22628523","22628655","KN296311v1","4657589","4657718","21","17970934"
"chr17","22943783","22944027","KN294991v1","1341110","1341371","73","21602673"
"chr17","22946739","22946957","KN294239v1","1582385","1582603","9","21364354"
"chr17","23157169","23157297","KN294239v1","1798427","1798556","7","21358742"
"chr17","23342509","23342800","KN294239v1","1975447","1975741","18","21367062"
"chr17","23577756","23578042","KN294239v1","2192932","2193219","11","21384824"
"chr17","23630197","23630499","KN294239v1","2252433","2252734","19","21377764"
"chr17","23668964","23669096","KN295294v1","3806061","3806194","15","19862903"
"chr17","23671897","23672014","KN296682v1","4980731","4980854","26","18691166"
"chr17","23672611","23672784","KN294540v1","770939","771118","46","22901672"
"chr17","23709958","23710271","KN296322v1","1648835","1649139","66","22061123"
"chr17","23895179","23895436","KN297180v1","531711","531948","71","23363468"
"chr17","23923731","23923988","KN297180v1","531711","531948","71","23392020"
"chr17","24137064","24137265","KN295533v1","2434686","2434882","47","21702378"
"chr17","24400564","24400862","KN295708v1","735658","735943","86","23664906"
"chr17","24838339","24838611","KN296187v1","874304","874596","82","23964035"
"chr17","25007687","25007813","KN296682v1","4980731","4980854","25","20026956"
"chr17","25129500","25129772","KN297320v1","1159820","1160088","72","23969680"
"chr17","25191124","25191255","KN294172v1","6272486","6272617","20","18918638"
"chr17","25455428","25455700","KN295933v1","79820","80084","74","25375608"
"chr17","25526272","25526522","KN295846v1","219637","219884","61","25306635"
"chr17","25583454","25583596","KN296634v1","1339651","1339784","33","24243803"
"chr17","25645448","25645581","KN295706v1","131306","131439","25","25514142"
"chr17","25803917","25804167","KN295846v1","219637","219884","61","25584280"
"chr17","25856334","25856497","KN297369v1","1373901","1374064","58","24482433"
"chr17","25859252","25859401","KN294558v1","284993","285139","28","25574259"
"chr17","26193787","26194091","KN297066v1","48943","49249","64","26144844"
"chr17","26205652","26205828","KN295362v1","840048","840212","47","25365604"
"chr17","26234576","26234702","KN294172v1","6272486","6272617","22","19962090"
"chr17","26234995","26235181","KN295074v1","203567","203742","49","26031428"
"chr17","26269762","26270067","KN294452v1","1374937","1375240","68","24894825"
"chr17","26332167","26332296","KN295893v1","2369160","2369293","24","23963007"
"chr17","26351231","26351389","KN295832v1","1012172","1012344","50","25339059"
"chr17","26485360","26485614","KN294705v1","1107549","1107807","64","25377811"
"chr17","26491978","26492220","KN295933v1","676121","676354","63","25815857"
"chr17","26556395","26556519","KN295236v1","677208","677340","32","25879187"
"chr17","26670870","26671160","KN295346v1","1646114","1646406","67","25024756"
"chr17","26685816","26685998","KN297320v1","32939","33116","39","26652877"
"chr17","26836929","26837236","KN295406v1","486578","486886","69","26350351"
"chr17","26860206","26860490","KN295984v1","150673","150962","61","26709533"
"chr17","27049051","27049351","KN296538v1","333498","333794","62","26715553"
"chr17","28252038","28252327","KN295352v1","729753","730045","61","27522285"
"chr17","28311969","28312250","KN296244v1","327623","327911","70","27984346"
"chr17","28818278","28818592","KN294790v1","3754436","3754749","78","25063842"
"chr17","29373854","29373985","KN296210v1","920300","920429","12","28453554"
"chr17","29439166","29439452","KN296210v1","854739","855029","20","28584427"
"chr17","29701090","29701219","KN295941v1","213006","213138","30","29488084"
"chr17","29709914","29710225","KN296594v1","619931","620241","72","29089983"
"chr17","29714211","29714492","KN296210v1","582760","583044","26","29131451"
"chr17","29855614","29855922","KN296210v1","443099","443408","28","29412515"
"chr17","29963054","29963203","KN296210v1","326889","327054","19","29636165"
"chr17","29963514","29963649","KN296210v1","326465","326608","11","29637049"
"chr17","29968502","29968631","KN296210v1","321160","321291","8","29647342"
"chr17","30001471","30001768","KN296210v1","288600","288909","38","29712871"
"chr17","30102458","30102567","KN295319v1","661942","662051","23","29440516"
"chr17","30121646","30121951","KN295406v1","486578","486886","58","29635068"
"chr17","30216611","30216922","KN296210v1","83650","83960","20","30132961"
"chr17","30236486","30236787","KN296210v1","57523","57823","18","30178963"
"chr17","30274117","30274379","KN296210v1","16491","16771","29","30257626"
"chr17","30280986","30281149","KN296000v1","898022","898186","34","29382964"
"chr17","30789781","30790073","KN294345v1","1713106","1713396","18","29076675"
"chr17","31024189","31024456","KN294345v1","1464912","1465179","14","29559277"
"chr17","31131440","31131572","KN294345v1","1355501","1355635","9","29775939"
"chr17","31843744","31843933","KN294345v1","644545","644706","34","31199199"
"chr17","32870043","32870165","KN296062v1","1206761","1206876","34","31663282"
"chr17","33245787","33245919","KN295036v1","281435","281566","28","32964352"
"chr17","33260764","33260840","KN295731v1","61392","61465","25","33199372"
"chr17","33356855","33357155","KN294581v1","315061","315366","31","33041794"
"chr17","33486670","33486784","KN295967v1","317728","317828","35","33168942"
"chr17","34174750","34175058","KN294732v1","68295","68620","40","34106455"
"chr17","34656073","34656204","KN296311v1","4815038","4815168","18","29841035"
"chr17","34911879","34912188","KN296322v1","1648835","1649139","76","33263044"
"chr17","35014656","35014975","KN294848v1","932997","933294","76","34081659"
"chr17","35079515","35079780","KN294747v1","867897","868151","74","34211618"
"chr17","35117752","35118030","KN297442v1","1543742","1544012","74","33574010"
"chr17","35220590","35220873","KN294991v1","1510863","1511144","65","33709727"
"chr17","35225022","35225305","KN294991v1","1510863","1511144","65","33714159"
"chr17","35966409","35966689","KN295832v1","1088844","1089120","75","34877565"
"chr17","35973925","35974089","KN294911v1","4985405","4985572","35","30988520"
"chr17","36288097","36288365","KN296487v1","365611","365875","70","35922486"
"chr17","36442541","36442804","KN294147v1","2133356","2133601","70","34309185"
"chr17","36839403","36839693","KN296315v1","1023330","1023621","57","35816073"
"chr17","36846955","36847115","KN294842v1","123455","123618","44","36723500"
"chr17","37108096","37108386","KN294289v1","71250","71541","31","37036846"
"chr17","38564156","38564291","KN295977v1","933214","933335","51","37630942"
"chr17","38564322","38564399","KN296916v1","406169","406247","22","38158153"
"chr17","38637328","38637459","KN296846v1","1092551","1092685","26","37544777"
"chr17","38734119","38734185","KN296315v1","444949","445008","18","38289170"
"chr17","38739250","38739383","KN296311v1","4657589","4657718","27","34081661"
"chr17","38820187","38820344","KN296453v1","1168589","1168749","36","37651598"
"chr17","38826487","38826785","KN296371v1","158213","158508","56","38668274"
"chr17","38928831","38928882","KN295366v1","149372","149424","7","38779459"
"chr17","38952617","38952920","KN294399v1","171378","171682","60","38781239"
"chr17","38972514","38972679","KN294588v1","39078","39248","40","38933436"
"chr17","39297851","39298164","KN294439v1","130265","130569","72","39167586"
"chr17","39794234","39794529","KN294260v1","822843","823138","69","38971391"
"chr17","39910182","39910460","KN295984v1","150673","150962","61","39759509"
"chr17","39914369","39914647","KN295984v1","150673","150962","61","39763696"
"chr17","39958113","39958273","KN296921v1","435698","435849","36","39522415"
"chr17","39993438","39993737","KN296507v1","738522","738814","61","39254916"
"chr17","40029476","40029637","KN297171v1","1235221","1235375","32","38794255"
"chr17","40035576","40035717","KN294410v1","486228","486353","31","39549348"
"chr17","40199617","40199909","KN297058v1","392670","392966","65","39806947"
"chr17","40209932","40210049","KN295243v1","1041792","1041909","30","39168140"
"chr17","40378595","40378832","KN296404v1","2381217","2381439","55","37997378"
"chr17","40396894","40397164","KN296502v1","1280490","1280768","72","39116404"
"chr17","40407342","40407501","KN294569v1","180105","180259","29","40227237"
"chr17","40470096","40470256","KN294470v1","2691196","2691354","38","37778900"
"chr17","40470588","40470729","KN296311v1","2361921","2362066","31","38108667"
"chr17","40654262","40654549","KN296180v1","2417217","2417498","61","38237045"
"chr17","40999365","40999651","KN295424v1","217973","218258","67","40781392"
"chr17","41077756","41077896","KN295601v1","2833105","2833244","30","38244651"
"chr17","41147266","41147557","KN297386v1","1518927","1519195","80","39628339"
"chr17","41380691","41380934","KN294873v1","82870","83122","55","41297821"
"chr17","41386856","41387154","KN294439v1","130265","130569","62","41256591"
"chr17","41708405","41708694","KN295352v1","729753","730045","67","40978652"
"chr17","42894194","42894401","KN297317v1","77457","77669","46","42816737"
"chr17","43233694","43234006","KN294634v1","387267","387565","73","42846427"
"chr17","45245463","45245761","KN295721v1","226677","226952","42","45018786"
"chr17","45299532","45299798","KN295721v1","169475","169726","30","45130057"
"chr17","45342139","45342443","KN295721v1","125766","126057","31","45216373"
"chr17","45477408","45477688","KN294221v1","320212","320466","47","45157196"
"chr17","45500052","45500362","KN295406v1","422798","423100","80","45077254"
"chr17","49566032","49566335","KN295406v1","486578","486886","64","49079454"
"chr17","49592940","49593160","KN295236v1","1281835","1282037","66","48311105"
"chr17","50714088","50714377","KN296948v1","762193","762479","66","49951895"
"chr17","50908473","50908725","KN294569v1","167642","167877","80","50740831"
"chr17","51652609","51652906","KN294239v1","243029","243336","71","51409580"
"chr17","51882235","51882539","KN295352v1","729753","730045","66","51152482"
"chr17","51909959","51910240","KN295450v1","245318","245602","20","51664641"
"chr17","52135593","52135740","KN294172v1","6435271","6435419","33","45700322"
"chr17","52338865","52339140","KN297200v1","310022","310266","45","52028843"
"chr17","52381372","52381634","KN297095v1","2475476","2475727","79","49905896"
"chr17","52414673","52414950","KN297200v1","235109","235385","16","52179564"
"chr17","53738914","53739020","KN296454v1","256011","256110","15","53482903"
"chr17","54058412","54058481","KN294535v1","80806","80875","2","53977606"
"chr17","54515006","54515302","KN294535v1","556796","557108","37","53958210"
"chr17","54617148","54617372","KN294535v1","662351","662571","29","53954797"
"chr17","55108808","55109104","KN295488v1","32379","32667","26","55076429"
"chr17","55574931","55575226","KN294520v1","992368","992662","67","54582563"
"chr17","56271103","56271375","KN296201v1","1142532","1142802","21","55128571"
"chr17","56355285","56355556","KN296201v1","1219226","1219493","23","55136059"
"chr17","57590979","57591268","KN296201v1","2431911","2432214","31","55159068"
"chr17","57613682","57613987","KN296201v1","2461082","2461386","21","55152600"
"chr17","57741337","57741617","KN296481v1","445362","445643","65","57295975"
"chr17","57921949","57922198","KN296639v1","37858","38116","66","57884091"
"chr17","57928429","57928560","KN295601v1","2833105","2833244","25","55095324"
"chr17","57934033","57934323","KN294501v1","2358829","2359108","85","55575204"
"chr17","57936581","57936693","KN294848v1","295585","295697","24","57640996"
"chr17","57942665","57942795","KN295236v1","677208","677340","29","57265457"
"chr17","58000587","58000795","KN296201v1","2838961","2839166","16","55161626"
"chr17","58050047","58050232","KN296201v1","2889299","2889484","15","55160748"
"chr17","58056580","58056715","KN295755v1","75966","76098","25","57980614"
"chr17","58175435","58175724","KN294420v1","816046","816329","25","57359389"
"chr17","58362665","58362960","KN294420v1","631308","631597","22","57731357"
"chr17","58469034","58469327","KN297184v1","1114866","1115167","62","57354168"
"chr17","58537008","58537292","KN296682v1","2256354","2256645","69","56280654"
"chr17","58539135","58539427","KN294420v1","445901","446178","37","58093234"
"chr17","58568377","58568509","KN294420v1","409993","410121","10","58158384"
"chr17","58714505","58714769","KN294420v1","263951","264214","17","58450554"
"chr17","59200734","59201019","KN295424v1","217973","218258","15","58982761"
"chr17","59751235","59751340","KN295871v1","930449","930551","24","58820786"
"chr17","59986636","59986800","KN294271v1","8882","9045","44","59977754"
"chr17","60622444","60622736","KN296062v1","834831","835130","69","59787613"
"chr17","60737548","60737843","KN294260v1","1091595","1091881","74","59645953"
"chr17","61813988","61814174","KN296682v1","2867973","2868160","53","58946015"
"chr17","62716173","62716471","KN295538v1","81590","81892","64","62634583"
"chr17","62854407","62854696","KN295705v1","823070","823354","73","62031337"
"chr17","63051646","63051929","KN295984v1","150673","150962","65","62900973"
"chr17","63246369","63246565","KN295830v1","127693","127875","52","63118676"
"chr17","63246862","63246988","KN295459v1","128391","128517","33","63118471"
"chr17","63424405","63424596","KN294879v1","753499","753676","55","62670906"
"chr17","63424889","63425023","KN296138v1","11819","11953","26","63413070"
"chr17","63459926","63460082","KN296498v1","176729","176872","46","63283197"
"chr17","63635611","63635744","KN296682v1","3035948","3036075","33","60599663"
"chr17","63636053","63636256","KN297219v1","1836839","1837031","50","61799214"
"chr17","63885816","63885981","KN297113v1","252877","253050","44","63632939"
"chr17","63886286","63886431","KN294761v1","1021261","1021399","24","62865025"
"chr17","64309213","64309533","KN296907v1","1087372","1087677","69","63221841"
"chr17","64596392","64596712","KN294470v1","155415","155718","95","64440977"
"chr17","68264446","68264743","KN296864v1","1939832","1940132","70","66324614"
"chr17","68881211","68881375","KN297319v1","373164","373327","40","68508047"
"chr17","70166026","70166271","KN296991v1","837983","838230","76","69328043"
"chr17","70259747","70259952","KN296767v1","53224","53425","62","70206523"
"chr17","70552821","70553122","KN294453v1","24436","24724","78","70528385"
"chr17","70977125","70977421","KN294452v1","1374937","1375240","87","69602188"
"chr17","71100592","71100734","KN296750v1","1431681","1431828","31","69668911"
"chr17","71101039","71101195","KN295294v1","3459484","3459635","41","67641555"
"chr17","71172340","71172562","KN295802v1","36553","36776","15","71135787"
"chr17","71367526","71367671","KN294613v1","471626","471777","44","70895900"
"chr17","73528957","73529242","KN294260v1","1359230","1359515","73","72169727"
"chr17","74373279","74373547","KN296883v1","3290038","3290316","70","71083241"
"chr17","78456533","78456663","KN296000v1","870961","871087","35","77585572"
"chr17","78457344","78457477","KN295526v1","145592","145725","19","78311752"
"chr17","78522842","78522961","KN295667v1","2094667","2094776","23","76428175"
"chr17","78658904","78659133","KN294458v1","21581","21829","74","78637323"
"chr17","78760496","78760673","KN297282v1","57047","57215","44","78703449"
"chr17","78891099","78891390","KN296311v1","5278234","5278515","62","73612865"
"chr17","78995457","78995751","KN296864v1","3138537","3138822","74","75856920"
"chr17","80613018","80613307","KN297171v1","2674702","2674991","15","77938316"
"chr17","80778400","80778659","KN297171v1","2509172","2509427","39","78269228"
"chr17","80838340","80838629","KN297171v1","2449987","2450273","20","78388353"
"chr17","80851904","80852012","KN297171v1","2436215","2436323","6","78415689"
"chr17","80904243","80904452","KN295572v1","371863","372076","51","80532380"
"chr17","80930816","80931115","KN294399v1","171378","171682","90","80759438"
"chr17","80994403","80994672","KN297171v1","2303653","2303921","25","78690750"
"chr17","81187274","81187570","KN297171v1","2107293","2107603","45","79079981"
"chr17","81214900","81215037","KN297171v1","2080235","2080373","5","79134665"
"chr17","81315942","81316101","KN294271v1","8882","9045","51","81307060"
"chr17","81316401","81316546","KN296210v1","326465","326608","30","80989936"
"chr17","81475796","81476078","KN297233v1","1149627","1149897","80","80326169"
"chr17","81895459","81895740","KN297171v1","1427579","1427863","21","80467880"
"chr17","82091117","82091271","KN297171v1","1235221","1235375","6","80855896"
"chr17","82370521","82370768","KN294199v1","1540351","1540595","85","80830170"
"chr17","82371021","82371116","KN296290v1","2081846","2081943","22","80289175"
"chr17","84410982","84411287","KN294758v1","1361907","1362206","24","83049075"
"chr17","84829184","84829463","KN294758v1","1780351","1780635","25","83048833"
"chr17","85349366","85349522","KN295705v1","1659307","1659450","44","83690059"
"chr17","85423189","85423322","KN294758v1","2391330","2391466","10","83031859"
"chr17","85463376","85463503","KN296311v1","4815038","4815168","23","80648338"
"chr17","85484682","85484952","KN294758v1","2460159","2460419","52","83024523"
"chr17","86121373","86121674","KN294758v1","3078424","3078721","26","83042949"
"chr17","86213072","86213243","KN294172v1","6014062","6014229","47","80199010"
"chr17","88400322","88400603","KN296495v1","1722244","1722543","73","86678078"
"chr17","90353944","90354214","KN295236v1","6123690","6123968","69","84230254"
"chr17","90528057","90528361","KN294452v1","1374937","1375240","72","89153120"
"chr17","90674970","90675267","KN294260v1","822843","823138","75","89852127"
"chr17","90867288","90867404","KN296079v1","543351","543465","30","90323937"
"chr17","92223279","92223558","KN294453v1","24436","24724","73","92198843"
"chr17","92399512","92399715","KN296635v1","2061822","2062028","51","90337690"
"chr17","93134497","93134619","KN294294v1","171584","171711","30","92962913"
"chr17","93496851","93496987","KN296311v1","6471968","6472102","25","87024883"
"chr17","94245794","94245927","KN296802v1","158572","158710","17","94087222"
"chr17","95491034","95491308","KN295825v1","631333","631608","66","94859701"
"chr17","95508796","95509104","KN296759v1","210528","210836","63","95298268"
"chr17","95565201","95565505","KN294439v1","130265","130569","68","95434936"
"chr18","196351","196490","KN296485v1","157888","158017","43","38463"
"chr18","209074","209212","KN296538v1","514898","515032","26","305824"
"chr18","222371","222660","KN295239v1","10116","10396","32","212255"
"chr18","230626","230764","KN296538v1","514898","515032","26","284272"
"chr18","253020","253180","KN294662v1","211735","211913","57","41285"
"chr18","913826","914122","KN294234v1","2766447","2766749","70","1852621"
"chr18","1076740","1076856","KN297416v1","162444","162561","30","914296"
"chr18","1233780","1234088","KN294451v1","274979","275268","47","958801"
"chr18","1566766","1566830","KN295596v1","1272023","1272083","15","294743"
"chr18","1590463","1590662","KN294451v1","623818","624015","15","966645"
"chr18","1607866","1608150","KN295974v1","3673192","3673465","83","2065326"
"chr18","1832580","1832705","KN295022v1","817917","818040","38","1014663"
"chr18","2105378","2105679","KN294451v1","1149434","1149741","23","955944"
"chr18","2172297","2172596","KN294451v1","1211603","1211891","28","960694"
"chr18","2247129","2247429","KN297066v1","48943","49249","71","2198186"
"chr18","2474916","2475046","KN296093v1","103205","103337","27","2371711"
"chr18","2500074","2500202","KN295567v1","246725","246842","44","2253349"
"chr18","2611007","2611160","KN294548v1","869656","869782","56","1741351"
"chr18","2856542","2856787","KN297112v1","5884809","5885054","14","3028267"
"chr18","3070116","3070331","KN295610v1","77007","77226","61","2993109"
"chr18","4225828","4226068","KN295967v1","1520844","1521111","73","2704984"
"chr18","4414312","4414449","KN297112v1","5609704","5609841","13","1195392"
"chr18","5211156","5211433","KN297112v1","4879822","4880096","18","331334"
"chr18","5395264","5395388","KN295601v1","2497325","2497445","35","2897939"
"chr18","5426279","5426548","KN297112v1","4676990","4677260","14","749289"
"chr18","5430229","5430331","KN295605v1","83359","83454","27","5346870"
"chr18","5430335","5430564","KN294874v1","119164","119388","57","5311171"
"chr18","5444297","5444425","KN297112v1","4670153","4670283","13","774144"
"chr18","5561406","5561642","KN297112v1","4564144","4564382","20","997262"
"chr18","5603282","5603571","KN295346v1","1223758","1224062","69","4379524"
"chr18","5605789","5606081","KN295068v1","49131","49419","61","5556658"
"chr18","5660912","5661185","KN297112v1","4496591","4496866","20","1164321"
"chr18","5814467","5814700","KN295091v1","2459046","2459276","63","3355421"
"chr18","6208640","6208891","KN297112v1","3997049","3997334","48","2211591"
"chr18","6302683","6302997","KN297112v1","3914809","3915110","38","2387874"
"chr18","6575515","6575817","KN297112v1","3668329","3668632","33","2907186"
"chr18","7202892","7203174","KN297112v1","3089931","3090248","51","4112961"
"chr18","7644164","7644443","KN297112v1","2652965","2653268","45","4991199"
"chr18","7736732","7737043","KN297112v1","2575031","2575341","26","5161701"
"chr18","7965319","7965608","KN297112v1","2364143","2364436","19","5601176"
"chr18","8119530","8119826","KN297112v1","2231098","2231393","23","5888432"
"chr18","8487768","8488072","KN297112v1","1848867","1849178","27","6638901"
"chr18","8502132","8502418","KN297112v1","1838795","1839084","18","6663337"
"chr18","9092616","9092747","KN294964v1","965459","965591","21","8127157"
"chr18","9663302","9663511","KN297112v1","741053","741264","23","8922249"
"chr18","9885653","9885771","KN297112v1","520525","520642","8","9365128"
"chr18","10764533","10764786","KN296731v1","1403282","1403549","70","9361251"
"chr18","10779615","10779890","KN296588v1","1946271","1946543","72","8833344"
"chr18","10943949","10944002","KN295038v1","905631","905683","13","10038318"
"chr18","11158533","11158805","KN295205v1","848688","848949","74","10309845"
"chr18","11603389","11603469","KN294591v1","157234","157317","19","11446155"
"chr18","11665705","11665983","KN295637v1","799799","800078","66","10865906"
"chr18","12080998","12081303","KN296864v1","1939832","1940132","62","10141166"
"chr18","12103841","12104098","KN295171v1","473979","474239","65","11629862"
"chr18","12455532","12455710","KN296311v1","832870","833045","46","11622662"
"chr18","12455999","12456144","KN296311v1","2361921","2362066","32","10094078"
"chr18","13057653","13057808","KN295814v1","1730400","1730553","44","11327253"
"chr18","13148639","13148771","KN297279v1","1209908","1210040","23","11938731"
"chr18","13447970","13448210","KN296731v1","1218231","1218472","11","12229739"
"chr18","13452182","13452422","KN296731v1","1218231","1218472","11","12233951"
"chr18","14293783","14293920","KN295526v1","145592","145725","23","14148191"
"chr18","14381895","14382050","KN297171v1","1235221","1235375","40","13146674"
"chr18","14393700","14393932","KN294705v1","1959840","1960043","73","12433860"
"chr18","14679301","14679425","KN295090v1","610678","610810","23","14068623"
"chr18","14790130","14790261","KN297259v1","755295","755425","24","14034835"
"chr18","14910725","14911028","KN296322v1","1648835","1649139","60","13261890"
"chr18","17582680","17582984","KN296119v1","4141131","4141431","69","13441549"
"chr18","18072186","18072468","KN295820v1","884516","884794","71","17187670"
"chr18","18089872","18090020","KN297000v1","418665","418822","35","17671207"
"chr18","18099718","18099985","KN297008v1","6549351","6549627","64","11550367"
"chr18","18110465","18110761","KN294452v1","1374937","1375240","79","16735528"
"chr18","18152337","18152497","KN295362v1","840048","840212","39","17312289"
"chr18","18362832","18363138","KN296964v1","1814390","1814681","82","16548442"
"chr18","18366685","18366988","KN294452v1","1374937","1375240","61","16991748"
"chr18","18388785","18388930","KN296573v1","15418","15557","30","18373367"
"chr18","18486714","18487030","KN296487v1","15614","15925","74","18471100"
"chr18","18518118","18518422","KN297058v1","194613","194917","63","18323505"
"chr18","18822441","18822595","KN294271v1","8882","9045","35","18813559"
"chr18","19398706","19398997","KN294806v1","594997","595290","59","18803709"
"chr18","19480045","19480307","KN297046v1","2130311","2130564","60","17349734"
"chr18","19504468","19504751","KN294260v1","1091595","1091881","68","18412873"
"chr18","19697685","19697981","KN297190v1","4113908","4114190","81","15583777"
"chr18","20073259","20073511","KN294874v1","119164","119388","69","19954095"
"chr18","20104335","20104491","KN294470v1","2691196","2691354","31","17413139"
"chr18","20104808","20104942","KN295907v1","2294354","2294490","33","17810454"
"chr18","20118427","20118723","KN297327v1","807993","808286","63","19310434"
"chr18","20166024","20166296","KN295633v1","2306898","2307163","54","17859126"
"chr18","20206093","20206251","KN294407v1","109423","109582","32","20096670"
"chr18","20214541","20214807","KN294571v1","2363835","2364096","67","17850706"
"chr18","20215617","20215850","KN295894v1","1984544","1984792","69","18231073"
"chr18","20371218","20371348","KN295441v1","789788","789916","23","19581430"
"chr18","20528250","20528549","KN295346v1","1646114","1646406","59","18882136"
"chr18","20609107","20609411","KN295480v1","1274084","1274387","74","19335023"
"chr18","20721789","20722043","KN295523v1","3469042","3469297","66","17252747"
"chr18","20743092","20743205","KN297416v1","162444","162561","23","20580648"
"chr18","20858138","20858273","KN296244v1","253466","253602","24","20604672"
"chr18","21008125","21008335","KN296643v1","482284","482494","46","20525841"
"chr18","21499433","21499729","KN294271v1","1074955","1075251","17","20424478"
"chr18","21889407","21889694","KN294271v1","681887","682185","31","21207520"
"chr18","22943256","22943541","KN294260v1","1091595","1091881","70","21851661"
"chr18","22995659","22995868","KN295533v1","2434686","2434882","55","20560973"
"chr18","23232427","23232610","KN296508v1","1437177","1437349","52","21795250"
"chr18","23232639","23232756","KN294199v1","969997","970115","27","22262642"
"chr18","23265075","23265356","KN297028v1","97110","97396","57","23167965"
"chr18","23271295","23271575","KN294451v1","274979","275268","69","22996316"
"chr18","23503879","23504170","KN294192v1","253871","254153","73","23250008"
"chr18","23718101","23718403","KN294452v1","1374937","1375240","73","22343164"
"chr18","23734105","23734244","KN296588v1","231105","231237","28","23503000"
"chr18","24135002","24135261","KN295933v1","79820","80084","69","24055182"
"chr18","24224628","24224681","KN296339v1","1737667","1737719","13","22486961"
"chr18","24881448","24881578","KN294501v1","3946272","3946402","3","20935176"
"chr18","26134415","26134717","KN294501v1","2722347","2722639","33","23412068"
"chr18","26195143","26195456","KN297242v1","2049340","2049645","81","24145803"
"chr18","26345379","26345459","KN294501v1","2520808","2520892","9","23824571"
"chr18","26547792","26548018","KN295941v1","2267763","2267979","63","24280029"
"chr18","26868890","26869164","KN296270v1","15541","15825","74","26853349"
"chr18","27897697","27897968","KN294501v1","1033240","1033520","22","26864457"
"chr18","28730030","28730199","KN294501v1","196895","197065","16","28533135"
"chr18","28771459","28771705","KN297180v1","531711","531948","66","28239748"
"chr18","28870804","28871144","KN294501v1","26938","27273","36","28843866"
"chr18","29321260","29321541","KN295994v1","430221","430504","46","28891039"
"chr18","29370267","29370472","KN295994v1","491289","491494","8","28878978"
"chr18","30864294","30864430","KN297158v1","12759","12899","41","30851535"
"chr18","30864469","30864587","KN296381v1","473793","473911","24","30390676"
"chr18","31126999","31127302","KN297184v1","1114866","1115167","64","30012133"
"chr18","31237800","31237942","KN295375v1","1777845","1777986","20","29459955"
"chr18","31299563","31299705","KN295375v1","1777845","1777986","20","29521718"
"chr18","31648600","31648911","KN294869v1","133067","133350","101","31515533"
"chr18","32327703","32328003","KN295375v1","783110","783404","17","31544593"
"chr18","32338414","32338667","KN295375v1","772392","772644","20","31566022"
"chr18","32353007","32353105","KN295585v1","126165","126261","21","32226842"
"chr18","32736773","32737052","KN295375v1","377349","377631","21","32359424"
"chr18","32786610","32786776","KN295923v1","1333350","1333524","47","31453260"
"chr18","32862707","32862892","KN295375v1","254607","254802","27","32608100"
"chr18","32864747","32865046","KN295375v1","252515","252798","34","32612232"
"chr18","32889099","32889286","KN295375v1","227706","227910","37","32661393"
"chr18","32913652","32913824","KN295375v1","204926","205097","17","32708726"
"chr18","32998646","32998828","KN295375v1","129529","129712","8","32869117"
"chr18","33040261","33040562","KN295375v1","86398","86715","30","32953863"
"chr18","33703767","33704052","KN294588v1","535062","535349","23","33168705"
"chr18","33968088","33968385","KN294588v1","821869","822175","32","33146219"
"chr18","34021368","34021620","KN294493v1","181888","182131","62","33839480"
"chr18","34585863","34586151","KN294588v1","1455871","1456162","18","33129992"
"chr18","35418591","35418856","KN294588v1","2264994","2265279","38","33153597"
"chr18","35647290","35647552","KN294588v1","2498533","2498800","36","33148757"
"chr18","35670343","35670442","KN294588v1","2522131","2522230","7","33148212"
"chr18","35707348","35707621","KN296921v1","785494","785770","66","34921854"
"chr18","37034420","37034711","KN295983v1","1223920","1224199","78","35810500"
"chr18","37124067","37124340","KN295256v1","76372","76644","78","37047695"
"chr18","37448202","37448467","KN294147v1","2133356","2133601","78","35314846"
"chr18","37968106","37968369","KN295585v1","102609","102863","73","37865497"
"chr18","38783938","38784073","KN296495v1","1296063","1296199","29","37487875"
"chr18","38818151","38818299","KN296119v1","5311381","5311527","36","33506770"
"chr18","38818335","38818482","KN296528v1","85855","86005","33","38732480"
"chr18","39263522","39263679","KN296311v1","2361464","2361632","45","36902058"
"chr18","40572307","40572579","KN295428v1","224334","224605","67","40347973"
"chr18","41305203","41305331","KN296643v1","191078","191208","27","41114125"
"chr18","42427753","42428039","KN295661v1","33689","33980","24","42394064"
"chr18","43108684","43108992","KN296322v1","1648835","1649139","62","41459849"
"chr18","43290031","43290119","KN297442v1","15487","15576","23","43274544"
"chr18","43297595","43297889","KN294806v1","594997","595290","70","42702598"
"chr18","43473480","43473770","KN295923v1","712217","712514","63","42761263"
"chr18","44258301","44258607","KN294703v1","97628","97936","23","44160673"
"chr18","44477427","44477593","KN294703v1","325831","325997","8","44151596"
"chr18","45662241","45662362","KN295667v1","2094667","2094776","38","43567574"
"chr18","45739827","45740130","KN294954v1","70243","70554","66","45669584"
"chr18","46425319","46425439","KN294410v1","486228","486353","29","45939091"
"chr18","46427971","46428246","KN296508v1","1973232","1973505","74","44454739"
"chr18","46538708","46538962","KN297083v1","21832","22074","59","46516876"
"chr18","46602059","46602215","KN296547v1","1736864","1737013","37","44865195"
"chr18","46695870","46696068","KN296263v1","1127409","1127608","54","45568461"
"chr18","46903335","46903630","KN294210v1","473112","473404","61","46430223"
"chr18","47216322","47216618","KN295352v1","729753","730045","65","46486569"
"chr18","47220866","47221107","KN295814v1","1510713","1510950","53","45710153"
"chr18","47265724","47265948","KN294235v1","570733","570958","59","46694991"
"chr18","47797867","47798179","KN296505v1","323963","324278","63","47473904"
"chr18","47799174","47799304","KN295441v1","789788","789916","20","47009386"
"chr18","47856933","47857055","KN295586v1","644606","644724","26","47212327"
"chr18","48024495","48024777","KN294172v1","528723","529004","68","47495772"
"chr18","48107089","48107257","KN294685v1","1344495","1344649","44","46762594"
"chr18","48167077","48167232","KN296495v1","1795663","1795811","25","46371414"
"chr18","48210776","48210992","KN294879v1","1183051","1183277","65","47027725"
"chr18","48235624","48235754","KN295441v1","1418402","1418531","20","46817222"
"chr18","48446101","48446240","KN295540v1","121411","121548","46","48324690"
"chr18","48484892","48485178","KN296864v1","2311825","2312107","57","46173067"
"chr18","48510459","48510589","KN294926v1","3021","3152","9","48507438"
"chr18","48632666","48632961","KN294926v1","118588","118880","26","48514078"
"chr18","49127948","49128204","KN295294v1","2976195","2976447","59","46151753"
"chr18","50035323","50035455","KN296588v1","231105","231237","23","49804218"
"chr18","50591843","50591889","KN297432v1","216200","216249","16","50375643"
"chr18","51147617","51147861","KN296061v1","34302","34557","36","51113315"
"chr18","51325097","51325402","KN297342v1","149048","149351","28","51176049"
"chr18","51981630","51981933","KN294452v1","1374937","1375240","15","50606693"
"chr18","52353477","52353785","KN294452v1","1024655","1024959","29","51328822"
"chr18","52379708","52379995","KN294452v1","998051","998338","26","51381657"
"chr18","52743309","52743597","KN294452v1","625181","625469","27","52118128"
"chr18","53091914","53092191","KN297028v1","97110","97396","62","52994804"
"chr18","53757816","53758125","KN295697v1","388256","388578","45","53369560"
"chr18","55231689","55231912","KN297245v1","2387953","2388175","16","52843736"
"chr18","55356140","55356421","KN297245v1","2237012","2237311","28","53119128"
"chr18","55492381","55492662","KN297245v1","2096713","2097002","22","53395668"
"chr18","55569688","55569839","KN297245v1","2021145","2021297","14","53548543"
"chr18","55611930","55612029","KN295406v1","576347","576444","15","55035583"
"chr18","55744435","55744742","KN297245v1","1843307","1843618","22","53901128"
"chr18","55773986","55774157","KN297274v1","1690638","1690818","42","54083348"
"chr18","55791804","55791926","KN294172v1","3568097","3568221","22","52223707"
"chr18","56293366","56293666","KN296322v1","1648835","1649139","59","54644531"
"chr18","56447765","56447882","KN296643v1","410977","411096","27","56036788"
"chr18","56538330","56538465","KN294964v1","965459","965591","21","55572871"
"chr18","56563928","56564063","KN294964v1","965459","965591","21","55598469"
"chr18","56955808","56956079","KN295923v1","192523","192802","76","56763285"
"chr18","57119267","57119321","KN295666v1","642449","642493","21","56476818"
"chr18","57264694","57264800","KN296153v1","3603162","3603273","27","53661532"
"chr18","57327582","57327804","KN297095v1","2669325","2669548","61","54658257"
"chr18","57381660","57381974","KN294239v1","243029","243336","74","57138631"
"chr18","57401677","57401857","KN295361v1","882059","882232","35","56519618"
"chr18","57542269","57542547","KN294873v1","1072389","1072676","69","56469880"
"chr18","57973242","57973534","KN294588v1","1455871","1456162","22","56517371"
"chr18","57985658","57985962","KN296864v1","1939832","1940132","73","56045826"
"chr18","58110303","58110553","KN294599v1","878610","878871","67","57231693"
"chr18","59188196","59188358","KN295607v1","4409185","4409361","44","54779011"
"chr18","59695595","59695858","KN295490v1","34980","35237","57","59660615"
"chr18","59880511","59880758","KN296743v1","1044357","1044603","65","58836154"
"chr18","59929381","59929699","KN296505v1","323963","324278","70","59605418"
"chr18","59944452","59944581","KN294964v1","965459","965591","19","58978993"
"chr18","60130054","60130371","KN295432v1","49437","49735","73","60080617"
"chr18","60157094","60157224","KN295907v1","2294354","2294490","25","57862740"
"chr18","60297806","60297977","KN294443v1","437013","437176","54","59860793"
"chr18","60363182","60363472","KN295257v1","1053950","1054233","72","59309232"
"chr18","60399453","60399756","KN295449v1","1170610","1170916","59","59228843"
"chr18","60565031","60565212","KN297158v1","804748","804922","42","59760283"
"chr18","60637019","60637298","KN297026v1","800582","800867","72","59836437"
"chr18","60840043","60840333","KN295257v1","1053950","1054233","70","59786093"
"chr18","60971128","60971416","KN296371v1","158213","158508","65","60812915"
"chr18","61015510","61015791","KN294499v1","1906911","1907192","55","59108599"
"chr18","61135265","61135434","KN294991v1","973655","973815","40","60161610"
"chr18","61215156","61215291","KN295526v1","145592","145725","21","61069564"
"chr18","61812264","61812438","KN295241v1","97934","98104","44","61714330"
"chr18","61884596","61884879","KN296036v1","1995992","1996275","64","59888604"
"chr18","63485957","63486063","KN294410v1","238826","238934","30","63247131"
"chr18","63486100","63486247","KN294271v1","8882","9045","42","63477218"
"chr18","63552754","63553036","KN294199v1","1022551","1022840","72","62530203"
"chr18","64891987","64892117","KN294911v1","2310594","2310724","23","62581393"
"chr18","65797248","65797552","KN295667v1","1108671","1108966","70","64688577"
"chr18","66797040","66797331","KN297016v1","101503","101788","73","66695537"
"chr18","67050357","67050649","KN295633v1","778185","778486","73","66272172"
"chr18","67708940","67709222","KN294207v1","595798","596096","69","67113142"
"chr18","67809037","67809332","KN297058v1","392670","392966","56","67416367"
"chr18","68326779","68327067","KN295205v1","656212","656501","66","67670567"
"chr18","68556438","68556721","KN296948v1","762193","762479","69","67794245"
"chr18","68558642","68558925","KN296948v1","762193","762479","68","67796449"
"chr18","68752200","68752357","KN297200v1","363267","363404","57","68388933"
"chr18","69066468","69066760","KN297320v1","22264","22555","74","69044204"
"chr18","70399442","70399647","KN296312v1","182363","182572","54","70217079"
"chr18","70481698","70481979","KN297180v1","110970","111263","67","70370728"
"chr18","70880090","70880390","KN296588v1","2231711","2232014","75","68648379"
"chr18","72396155","72396257","KN294303v1","222129","222235","24","72174026"
"chr18","72560572","72560865","KN297058v1","392670","392966","70","72167902"
"chr18","72710853","72710993","KN294470v1","385030","385177","41","72325823"
"chr18","74658129","74658252","KN295236v1","4992571","4992693","23","69665558"
"chr18","74726600","74726733","KN297023v1","686879","687015","24","74039721"
"chr18","76728300","76728611","KN294261v1","349079","349368","74","76379221"
"chr18","76950829","76951129","KN296864v1","1447995","1448277","72","75502834"
"chr18","77303607","77303734","KN295032v1","22170","22300","26","77281437"
"chr18","77534864","77535144","KN295304v1","503624","503911","31","77031240"
"chr18","77853495","77853617","KN297259v1","931717","931839","23","76921778"
"chr18","77871203","77871507","KN295304v1","187752","188056","17","77683451"
"chr19","60074","60223","KN295236v1","1052651","1052796","30","992577"
"chr19","333652","333738","KN294208v1","486244","486319","33","152592"
"chr19","641010","641141","KN296311v1","4657589","4657718","30","4016579"
"chr19","678418","678546","KN297274v1","1873451","1873578","12","1195033"
"chr19","754219","754386","KN295925v1","230134","230293","45","524085"
"chr19","860981","861166","KN297274v1","1690638","1690818","21","829657"
"chr19","1276464","1276740","KN297274v1","1285745","1286019","28","9281"
"chr19","1341373","1341432","KN297095v1","3708734","3708794","12","2367361"
"chr19","1341744","1341912","KN294705v1","1858573","1858733","41","516829"
"chr19","1384231","1384366","KN294172v1","6272486","6272617","25","4888255"
"chr19","1385009","1385144","KN294172v1","6272486","6272617","25","4887477"
"chr19","1553257","1553350","KN294161v1","775838","775928","16","777419"
"chr19","1767816","1767930","KN297274v1","737421","737536","16","1030395"
"chr19","1848760","1848892","KN296643v1","191078","191208","19","1657682"
"chr19","2067403","2067554","KN295667v1","1580723","1580869","34","486680"
"chr19","2144478","2144602","KN294446v1","520797","520926","26","1623681"
"chr19","2391734","2391827","KN296588v1","2196132","2196224","26","195602"
"chr19","2634034","2634327","KN297046v1","1875391","1875685","61","758643"
"chr19","2659005","2659159","KN294571v1","1492692","1492855","54","1166313"
"chr19","2659451","2659513","KN296801v1","19076","19132","19","2640375"
"chr19","2668491","2668764","KN294420v1","816046","816329","73","1852445"
"chr19","3106723","3106834","KN296153v1","3603162","3603273","4","496439"
"chr19","3300193","3300234","KN296119v1","1861863","1861907","11","1438330"
"chr19","3322254","3322390","KN294536v1","348653","348787","24","2973601"
"chr19","3325647","3325780","KN296153v1","3383598","3383729","11","57951"
"chr19","3379747","3379873","KN296153v1","3326164","3326290","8","53583"
"chr19","3380172","3380344","KN296153v1","3325689","3325862","19","54483"
"chr19","3457238","3457372","KN296153v1","3253267","3253391","19","203971"
"chr19","3569592","3569733","KN296153v1","3125882","3126025","11","443710"
"chr19","3617061","3617193","KN296153v1","3078397","3078529","14","538664"
"chr19","3632434","3632580","KN294571v1","417305","417453","30","3215129"
"chr19","3659473","3659608","KN294218v1","2756614","2756751","25","902859"
"chr19","3699167","3699300","KN295526v1","145592","145725","26","3553575"
"chr19","3755517","3755602","KN294535v1","80806","80875","29","3674711"
"chr19","3760868","3761001","KN296096v1","3053461","3053592","20","707407"
"chr19","3883042","3883194","KN294558v1","284993","285139","40","3598049"
"chr19","3901495","3901624","KN295983v1","1014873","1014997","27","2886622"
"chr19","4026514","4026656","KN296322v1","2564470","2564606","30","1462044"
"chr19","4034324","4034445","KN294193v1","654985","655103","30","3379339"
"chr19","4060389","4060514","KN295102v1","105981","106109","31","3954408"
"chr19","4062265","4062397","KN295526v1","145592","145725","25","3916673"
"chr19","4164828","4164988","KN295110v1","19431","19565","47","4145397"
"chr19","4394056","4394189","KN295294v1","363845","363973","22","4030211"
"chr19","4426174","4426269","KN296153v1","2215015","2215111","6","2211159"
"chr19","4488649","4488783","KN295907v1","2294354","2294490","26","2194295"
"chr19","4923068","4923336","KN296153v1","1716581","1716838","44","3206487"
"chr19","4923340","4923472","KN294457v1","1164538","1164662","25","3758802"
"chr19","4923476","4923744","KN296153v1","1716581","1716838","26","3206895"
"chr19","5102136","5102317","KN296153v1","1529421","1529604","14","3572715"
"chr19","5115675","5115995","KN296153v1","1515359","1515682","31","3600316"
"chr19","5527793","5527907","KN294787v1","247438","247555","33","5280355"
"chr19","5578131","5578254","KN296322v1","997745","997870","22","4580386"
"chr19","5958347","5958632","KN296153v1","687110","687394","16","5271237"
"chr19","5970166","5970304","KN294199v1","281436","281574","23","5688730"
"chr19","6235437","6235555","KN297370v1","777597","777719","29","5457840"
"chr19","6514906","6515034","KN296153v1","157069","157195","14","6357837"
"chr19","6547895","6548029","KN296153v1","123040","123178","15","6424855"
"chr19","6613364","6613661","KN296153v1","61256","61578","55","6552108"
"chr19","6634549","6634783","KN295585v1","102609","102863","73","6531940"
"chr19","6842206","6842492","KN295090v1","2374852","2375141","64","4467354"
"chr19","6916364","6916663","KN297184v1","1114866","1115167","69","5801498"
"chr19","6929695","6929869","KN295326v1","444837","444999","44","6484858"
"chr19","6929897","6930000","KN296536v1","82119","82222","26","6847778"
"chr19","7079508","7079789","KN295637v1","799799","800078","71","6279709"
"chr19","7196326","7196460","KN294199v1","281436","281574","24","6914890"
"chr19","7238565","7238764","KN296893v1","194320","194521","46","7044245"
"chr19","7241144","7241443","KN297028v1","173094","173386","72","7068050"
"chr19","7269929","7270064","KN296538v1","514898","515032","20","6755031"
"chr19","7332719","7333007","KN294287v1","771063","771319","89","6561656"
"chr19","7397782","7398069","KN295257v1","300761","301044","54","7097021"
"chr19","7501690","7501826","KN297274v1","1606553","1606683","28","5895137"
"chr19","7537097","7537424","KN296502v1","1354687","1354995","77","6182410"
"chr19","7633095","7633221","KN295983v1","1014873","1014997","25","6618222"
"chr19","7633513","7633540","KN295533v1","1802305","1802332","11","5831208"
"chr19","7633850","7634018","KN295405v1","40643","40808","39","7593207"
"chr19","7639171","7639280","KN294456v1","1028969","1029075","30","6610202"
"chr19","7722473","7722606","KN294964v1","965459","965591","20","6757014"
"chr19","7872031","7872165","KN295605v1","687968","688102","19","7184063"
"chr19","7928275","7928550","KN296732v1","1586626","1586892","59","6341649"
"chr19","7998378","7998508","KN296311v1","6471968","6472102","28","1526410"
"chr19","8018657","8018787","KN294964v1","965459","965591","25","7053198"
"chr19","8141747","8141892","KN294558v1","284993","285139","28","7856754"
"chr19","8239378","8239590","KN297274v1","155280","155497","57","8084098"
"chr19","8522725","8523032","KN296322v1","1648835","1649139","68","6873890"
"chr19","8980477","8980662","KN296308v1","592866","593027","53","8387611"
"chr19","9070674","9070829","KN295962v1","2106431","2106583","32","6964243"
"chr19","9144007","9144144","KN296580v1","375183","375306","40","8768824"
"chr19","9208191","9208315","KN296311v1","4815038","4815168","26","4393153"
"chr19","9455449","9455563","KN297154v1","1793011","1793126","9","7662438"
"chr19","9647682","9647988","KN297154v1","1607433","1607725","33","8040249"
"chr19","9696274","9696579","KN296322v1","1648835","1649139","64","8047439"
"chr19","9742103","9742192","KN294387v1","2019460","2019545","22","7722643"
"chr19","9830583","9830718","KN296311v1","6471968","6472102","19","3358615"
"chr19","9875738","9875894","KN297154v1","1379456","1379594","25","8496282"
"chr19","9967621","9967753","KN297154v1","1282191","1282319","9","8685430"
"chr19","10051361","10051388","KN295352v1","224486","224501","14","9826875"
"chr19","10051910","10052007","KN294499v1","1744755","1744851","20","8307155"
"chr19","10098871","10098959","KN297154v1","1137961","1138049","7","8960910"
"chr19","10144213","10144349","KN297154v1","1079155","1079280","20","9065058"
"chr19","10459808","10459970","KN297154v1","759596","759762","24","9700212"
"chr19","10536429","10536559","KN297154v1","681440","681570","3","9854989"
"chr19","10643143","10643281","KN297154v1","582564","582702","4","10060579"
"chr19","10699070","10699167","KN297154v1","527342","527439","3","10171728"
"chr19","10716045","10716176","KN297154v1","512422","512553","4","10203623"
"chr19","10781377","10781495","KN294199v1","86678","86798","27","10694699"
"chr19","10858274","10858402","KN297154v1","371481","371609","6","10486793"
"chr19","10913275","10913456","KN297154v1","318797","318975","12","10594478"
"chr19","10949884","10950159","KN296294v1","942304","942564","67","10007580"
"chr19","11035324","11035544","KN296508v1","1675720","1675934","51","9359604"
"chr19","11040394","11040539","KN295102v1","72427","72567","31","10967967"
"chr19","11049878","11050004","KN295096v1","3635797","3635926","27","7414081"
"chr19","11222176","11222320","KN297154v1","4234","4378","7","11217942"
"chr19","11432299","11432449","KN295236v1","5996517","5996669","13","5435782"
"chr19","12156494","12156583","KN297349v1","428274","428357","27","11728220"
"chr19","12167286","12167561","KN296864v1","3096229","3096519","63","9071057"
"chr19","12246378","12246581","KN295236v1","5296523","5296713","33","6949855"
"chr19","12377677","12377888","KN297095v1","2669325","2669548","60","9708352"
"chr19","12390792","12390961","KN295326v1","444837","444999","45","11945955"
"chr19","12401636","12401763","KN295236v1","4152720","4152846","21","8248916"
"chr19","12457130","12457426","KN295236v1","5115212","5115495","20","7341918"
"chr19","12506367","12506501","KN295236v1","3047477","3047602","25","9458890"
"chr19","12533638","12533766","KN294457v1","130203","130331","25","12403435"
"chr19","12578546","12578668","KN295236v1","4992571","4992693","9","7585975"
"chr19","12586044","12586236","KN294416v1","645591","645790","59","11940453"
"chr19","12749701","12749859","KN295236v1","4814950","4815092","26","7934751"
"chr19","12776418","12776548","KN295294v1","3806061","3806194","24","8970357"
"chr19","12816228","12816359","KN295236v1","4746128","4746259","7","8070100"
"chr19","12883449","12883702","KN296871v1","10096","10361","67","12873353"
"chr19","13077366","13077674","KN297058v1","194613","194917","61","12882753"
"chr19","13116447","13116753","KN295236v1","4448907","4449215","19","8667540"
"chr19","13213836","13213981","KN296142v1","213909","214054","27","12999927"
"chr19","13466416","13466571","KN296864v1","3353170","3353334","39","10113246"
"chr19","13547663","13547785","KN296682v1","4980731","4980854","21","8566932"
"chr19","13615188","13615317","KN296643v1","191078","191208","18","13424110"
"chr19","13630924","13631162","KN294407v1","977837","978059","62","12653087"
"chr19","13696794","13697034","KN295236v1","3848950","3849176","35","9847844"
"chr19","13717005","13717064","KN295236v1","3830180","3830244","8","9886825"
"chr19","13717371","13717464","KN295236v1","3829766","3829860","9","9887605"
"chr19","13717757","13717924","KN295236v1","3829296","3829464","14","9888461"
"chr19","13724764","13725068","KN295236v1","3818362","3818666","34","9906402"
"chr19","13739778","13739903","KN295236v1","3803354","3803479","13","9936424"
"chr19","13777076","13777322","KN297445v1","1222732","1222973","63","12554344"
"chr19","13816265","13816391","KN296311v1","4657589","4657718","25","9158676"
"chr19","14077980","14078272","KN295735v1","662767","663052","65","13415213"
"chr19","14757913","14758160","KN295236v1","2894073","2894319","12","11863840"
"chr19","15019196","15019372","KN296865v1","889302","889471","36","14129894"
"chr19","15019674","15019796","KN296079v1","635275","635386","32","14384399"
"chr19","15289263","15289345","KN295236v1","2370219","2370291","17","12919044"
"chr19","15289894","15290028","KN295236v1","2369540","2369674","4","12920354"
"chr19","16208304","16208374","KN295236v1","1582339","1582409","4","14625965"
"chr19","16208691","16208850","KN295236v1","1581889","1582044","15","14626802"
"chr19","16330440","16330585","KN296138v1","11819","11953","25","16318621"
"chr19","16505537","16505818","KN296948v1","762193","762479","73","15743344"
"chr19","16645678","16645784","KN295236v1","1140799","1140905","9","15504879"
"chr19","16985589","16985859","KN295236v1","820968","821253","32","16164621"
"chr19","16994574","16994938","KN295573v1","1390691","1391001","116","15603883"
"chr19","17035679","17035804","KN295236v1","768161","768289","9","16267518"
"chr19","17094790","17094929","KN294218v1","2756614","2756751","25","14338176"
"chr19","17130217","17130354","KN295236v1","677208","677340","12","16453009"
"chr19","17133523","17133660","KN295236v1","677208","677340","12","16456315"
"chr19","17187027","17187298","KN295236v1","627239","627515","25","16559788"
"chr19","17295226","17295360","KN296311v1","6471968","6472102","30","10823258"
"chr19","17300174","17300481","KN294486v1","867184","867500","65","16432990"
"chr19","17557649","17557779","KN295706v1","131306","131439","25","17426343"
"chr19","17671759","17671918","KN294613v1","471626","471777","45","17200133"
"chr19","17672223","17672352","KN294193v1","128685","128814","30","17543538"
"chr19","17838178","17838312","KN295706v1","131306","131439","24","17706872"
"chr19","17900673","17900771","KN294172v1","5569913","5570012","23","12330760"
"chr19","18045626","18045760","KN294964v1","965459","965591","21","17080167"
"chr19","18190366","18190501","KN295605v1","687968","688102","24","17502398"
"chr19","18239457","18239600","KN295744v1","212176","212317","28","18027281"
"chr19","18357136","18357260","KN294410v1","486228","486353","22","17870908"
"chr19","18626828","18627093","KN297048v1","134544","134818","70","18492284"
"chr19","18728528","18728666","KN295236v1","1698335","1698473","22","17030193"
"chr19","18941037","18941173","KN295605v1","687968","688102","19","18253069"
"chr19","18941478","18941678","KN295430v1","1780623","1780800","64","17160855"
"chr19","18943203","18943356","KN297452v1","2973117","2973259","41","15970086"
"chr19","18943662","18943798","KN296865v1","965713","965857","32","17977949"
"chr19","18993628","18993711","KN294161v1","775838","775928","24","18217790"
"chr19","19019078","19019286","KN296153v1","3265742","3265961","68","15753336"
"chr19","19063564","19063771","KN296803v1","139111","139313","55","18924453"
"chr19","19193320","19193572","KN296406v1","530559","530801","66","18662761"
"chr19","19193897","19193927","KN296290v1","587719","587750","7","18606178"
"chr19","19233693","19233823","KN294506v1","236315","236445","29","18997378"
"chr19","19235829","19236019","KN295352v1","256766","256946","54","18979063"
"chr19","19236311","19236450","KN294583v1","189119","189254","24","19047192"
"chr19","19288264","19288399","KN295294v1","3806061","3806194","17","15482203"
"chr19","19347844","19347916","KN294921v1","207860","207929","23","19139984"
"chr19","19402462","19402589","KN296311v1","4815038","4815168","22","14587424"
"chr19","19442025","19442320","KN297227v1","1049335","1049619","67","18392690"
"chr19","19918011","19918306","KN297058v1","392670","392966","62","19525341"
"chr19","20232051","20232340","KN294325v1","988042","988334","80","19244009"
"chr19","20295570","20295705","KN294218v1","2756614","2756751","27","17538956"
"chr19","20301411","20301653","KN295523v1","3469042","3469297","79","16832369"
"chr19","20439718","20439979","KN297390v1","84191","84473","78","20355527"
"chr19","22244586","22244853","KN297046v1","1666770","1667044","72","20577816"
"chr19","22548702","22548984","KN297452v1","1744682","1744969","82","20804020"
"chr19","27330096","27330174","KN296153v1","38672","38740","23","27291424"
"chr19","27408590","27408722","KN295294v1","3806061","3806194","26","23602529"
"chr19","27885313","27885595","KN296094v1","149320","149595","29","27735993"
"chr19","28306347","28306657","KN295633v1","778185","778486","73","27528162"
"chr19","28630805","28631077","KN295371v1","698855","699131","78","27931950"
"chr19","28777365","28777491","KN296322v1","997745","997870","24","27779620"
"chr19","29204287","29204381","KN295406v1","576347","576444","17","28627940"
"chr19","29304127","29304428","KN296864v1","1939832","1940132","66","27364295"
"chr19","29444736","29444870","KN294218v1","2756614","2756751","25","26688122"
"chr19","29864351","29864482","KN294446v1","520797","520926","24","29343554"
"chr19","30022201","30022336","KN294874v1","49729","49865","24","29972472"
"chr19","31033318","31033436","KN296682v1","4980731","4980854","22","26052587"
"chr19","31033481","31033638","KN296738v1","200423","200579","27","30833058"
"chr19","31144417","31144541","KN295573v1","623556","623685","21","30520861"
"chr19","31179072","31179366","KN296244v1","327623","327911","68","30851449"
"chr19","31198855","31199141","KN296404v1","1387049","1387339","65","29811806"
"chr19","31479508","31479631","KN294172v1","6039824","6039947","27","25439684"
"chr19","31519424","31519718","KN294552v1","1295874","1296134","79","30223550"
"chr19","31556654","31556791","KN294193v1","128685","128814","34","31427969"
"chr19","31556796","31557082","KN294279v1","171583","171867","54","31385213"
"chr19","31983510","31983674","KN295925v1","435140","435310","42","31548370"
"chr19","32017697","32017826","KN296138v1","532851","532979","10","31484846"
"chr19","32076491","32076601","KN296577v1","77768","77873","28","31998723"
"chr19","32260854","32260987","KN296138v1","299724","299858","10","31961130"
"chr19","32318746","32318872","KN295586v1","442465","442585","29","31876281"
"chr19","32353712","32354050","KN296138v1","229201","229554","35","32124511"
"chr19","32573750","32573882","KN295090v1","903125","903258","23","31670625"
"chr19","32750135","32750265","KN294848v1","168864","169003","16","32581271"
"chr19","32750558","32750727","KN294848v1","169333","169513","23","32581225"
"chr19","32799989","32800135","KN294346v1","402058","402202","32","32397931"
"chr19","32807542","32807651","KN294848v1","228711","228819","14","32578831"
"chr19","33275122","33275285","KN294416v1","934596","934758","37","32340526"
"chr19","33275605","33275737","KN295984v1","1554518","1554647","25","31721087"
"chr19","33500856","33501149","KN294848v1","932997","933294","31","32567859"
"chr19","33546139","33546153","KN294634v1","146917","146929","6","33399222"
"chr19","33546465","33546502","KN294470v1","3033953","3033992","18","30512512"
"chr19","33570581","33570667","KN294848v1","1002927","1003014","10","32567654"
"chr19","33600848","33600999","KN296732v1","2938146","2938298","23","30662702"
"chr19","33664366","33664547","KN294848v1","1101310","1101490","18","32563056"
"chr19","33700723","33700963","KN296608v1","381289","381528","65","33319434"
"chr19","33726218","33726384","KN294548v1","490123","490280","42","33236095"
"chr19","33809652","33809933","KN294848v1","1246098","1246379","23","32563554"
"chr19","33888975","33889247","KN294848v1","1317648","1317919","39","32571327"
"chr19","33925181","33925325","KN296926v1","1068223","1068372","50","32856958"
"chr19","34017036","34017327","KN296484v1","1119387","1119674","52","32897649"
"chr19","34231289","34231581","KN296484v1","1119387","1119674","28","33111902"
"chr19","34689238","34689463","KN296225v1","209480","209693","54","34479758"
"chr19","34775147","34775284","KN296484v1","556891","557018","15","34218256"
"chr19","34895829","34895979","KN296484v1","436447","436597","8","34459382"
"chr19","34915934","34916234","KN297259v1","1570980","1571280","79","33344954"
"chr19","34918275","34918572","KN296484v1","414259","414576","36","34504016"
"chr19","34985313","34985442","KN296484v1","347315","347438","14","34637998"
"chr19","35183540","35183672","KN296138v1","11819","11953","19","35171721"
"chr19","35313578","35313780","KN295544v1","57887","58089","54","35255691"
"chr19","35650245","35650375","KN295096v1","3635797","3635926","31","32014448"
"chr19","35659905","35660040","KN294199v1","281436","281574","24","35378469"
"chr19","35722547","35722682","KN296381v1","395883","396018","13","35326664"
"chr19","36084085","36084348","KN294613v1","331392","331636","62","35752693"
"chr19","36184726","36185007","KN295930v1","707632","707929","75","35477094"
"chr19","36206991","36207207","KN295941v1","2267763","2267979","69","33939228"
"chr19","36243096","36243249","KN296311v1","4815038","4815168","43","31428058"
"chr19","36569314","36569613","KN297184v1","1114866","1115167","60","35454448"
"chr19","36690061","36690223","KN294470v1","2691196","2691354","38","33998865"
"chr19","36690534","36690685","KN296210v1","326465","326608","39","36364069"
"chr19","36954155","36954456","KN297058v1","194613","194917","60","36759542"
"chr19","37186439","37186564","KN296378v1","112481","112614","36","37073958"
"chr19","37200168","37200448","KN297190v1","3826601","3826872","71","33373567"
"chr19","37239361","37239493","KN295090v1","903125","903258","17","36336236"
"chr19","37359486","37359779","KN296495v1","1076274","1076557","60","36283212"
"chr19","37508163","37508471","KN295433v1","523472","523773","74","36984691"
"chr19","37585771","37586084","KN295667v1","1567361","1567664","57","36018410"
"chr19","37670036","37670304","KN296864v1","2452974","2453250","64","35217062"
"chr19","37725206","37725338","KN296311v1","4815038","4815168","22","32910168"
"chr19","38088708","38088843","KN294172v1","3246195","3246333","26","34842513"
"chr19","38096408","38096540","KN294172v1","740064","740194","26","37356344"
"chr19","38138567","38138811","KN296731v1","241352","241584","69","37897215"
"chr19","38279822","38280128","KN295725v1","293304","293604","67","37986518"
"chr19","38290633","38290766","KN294235v1","972159","972293","32","37318474"
"chr19","38297886","38298019","KN294235v1","972159","972293","32","37325727"
"chr19","38419041","38419165","KN294470v1","1056764","1056890","19","37362277"
"chr19","38570702","38570840","KN294199v1","281436","281574","26","38289266"
"chr19","38617507","38617713","KN296505v1","1257835","1258044","55","37359672"
"chr19","38620282","38620372","KN297154v1","127070","127169","26","38493212"
"chr19","38642714","38643011","KN296322v1","1648835","1649139","62","36993879"
"chr19","39026820","39026944","KN295459v1","402035","402159","22","38624785"
"chr19","39445715","39445840","KN295362v1","1160773","1160900","17","38284942"
"chr19","39665824","39666102","KN295428v1","224334","224605","68","39441490"
"chr19","39774012","39774147","KN296311v1","6471968","6472102","27","33302044"
"chr19","39962197","39962317","KN296153v1","3603162","3603273","30","36359035"
"chr19","39991145","39991225","KN294520v1","1666488","1666565","16","38324657"
"chr19","39991481","39991550","KN294790v1","6379182","6379236","32","33612299"
"chr19","39991862","39992041","KN296096v1","680679","680846","61","39311183"
"chr19","40009947","40010146","KN297190v1","98686","98881","64","39911261"
"chr19","40042871","40042996","KN295441v1","789788","789916","24","39253083"
"chr19","40118679","40118811","KN296877v1","62421","62554","20","40056258"
"chr19","40180189","40180502","KN296303v1","855580","855883","73","39324609"
"chr19","40418970","40419128","KN294571v1","417305","417453","40","40001665"
"chr19","40689265","40689557","KN296011v1","67440","67709","99","40621825"
"chr19","40750267","40750398","KN294613v1","370922","371052","24","40379345"
"chr19","40781062","40781357","KN297023v1","640512","640805","68","40140550"
"chr19","40786236","40786365","KN296643v1","191078","191208","19","40595158"
"chr19","40786370","40786532","KN297165v1","2667658","2667810","47","38118712"
"chr19","40787140","40787315","KN296508v1","1437177","1437349","42","39349963"
"chr19","40973575","40973884","KN294172v1","3656261","3656556","96","37317314"
"chr19","41257970","41258267","KN297190v1","6401851","6402158","68","34856119"
"chr19","41372188","41372323","KN296138v1","11819","11953","27","41360369"
"chr19","41438589","41438717","KN294831v1","614035","614165","12","40824554"
"chr19","41647953","41648084","KN296178v1","863394","863530","24","40784559"
"chr19","41821908","41822196","KN294831v1","228505","228793","14","41593403"
"chr19","42244559","42244650","KN295099v1","121818","121917","36","42122741"
"chr19","42650437","42650744","KN297046v1","3065440","3065749","69","39584997"
"chr19","42690118","42690433","KN296955v1","136917","137220","32","42553201"
"chr19","42782961","42783097","KN295236v1","677208","677340","35","42105753"
"chr19","42856117","42856217","KN296210v1","424680","424784","32","42431437"
"chr19","42937291","42937592","KN296955v1","407710","408015","28","42529581"
"chr19","43540354","43540651","KN296955v1","1000239","1000534","19","42540115"
"chr19","43555289","43555586","KN296955v1","1000239","1000534","19","42555050"
"chr19","43778387","43778537","KN295304v1","718096","718248","37","43060291"
"chr19","44077446","44077700","KN297159v1","1425976","1426241","60","42651470"
"chr19","44078488","44078666","KN295236v1","809760","809919","59","43268728"
"chr19","44096098","44096240","KN295605v1","687968","688102","28","43408130"
"chr19","44096537","44096698","KN294470v1","78054","78217","43","44018483"
"chr19","44134889","44135018","KN296580v1","375183","375306","33","43759706"
"chr19","44328733","44328859","KN296877v1","62421","62554","27","44266312"
"chr19","44338359","44338440","KN294535v1","80806","80875","20","44257553"
"chr19","44382404","44382452","KN296484v1","840284","840335","11","43542120"
"chr19","44718518","44718659","KN295441v1","1229847","1229983","36","43488671"
"chr19","44718957","44719119","KN295326v1","444837","444999","35","44274120"
"chr19","44747496","44747631","KN295102v1","72427","72567","24","44675069"
"chr19","44749170","44749298","KN296225v1","229061","229185","23","44520109"
"chr19","44781891","44782014","KN294172v1","3568097","3568221","27","41213794"
"chr19","45376701","45376809","KN296153v1","3603162","3603273","29","41773539"
"chr19","45377408","45377540","KN296311v1","4657589","4657718","25","40719819"
"chr19","45533644","45533792","KN296311v1","2361921","2362066","31","43171723"
"chr19","45562938","45563061","KN297229v1","352299","352425","23","45210639"
"chr19","45595438","45595571","KN297023v1","686879","687015","21","44908559"
"chr19","45706541","45706685","KN295294v1","3806061","3806194","28","41900480"
"chr19","45944351","45944480","KN294218v1","2756614","2756751","25","43187737"
"chr19","46056604","46056672","KN294506v1","84591","84650","19","45972013"
"chr19","46149886","46150036","KN295962v1","2106431","2106583","33","44043455"
"chr19","46150357","46150367","KN295459v1","830690","830700","4","45319667"
"chr19","46150656","46150769","KN294372v1","1354040","1354163","28","44796616"
"chr19","46203801","46204125","KN296883v1","3371466","3371781","79","42832335"
"chr19","46357855","46357926","KN296682v1","314021","314103","24","46043834"
"chr19","46394594","46394717","KN294172v1","6039824","6039947","25","40354770"
"chr19","46413139","46413216","KN295708v1","1062775","1062852","31","45350364"
"chr19","46570234","46570452","KN294217v1","1837374","1837571","59","44732860"
"chr19","46841776","46841975","KN294457v1","946089","946274","46","45895687"
