"chr1","917504","917784","chr20","130179369","130179636","37","129261865"
"chr1","9961333","9961611","chr20","121527811","121528103","42","111566478"
"chr1","15073263","15073568","chr8","69679000","69679301","57","54605737"
"chr1","24510394","24510695","chr20","108213281","108213583","14","83702887"
"chr1","36831217","36831509","chr20","96362803","96363119","45","59531586"
"chr1","37879799","37880095","chr20","95313995","95314295","23","57434196"
"chr1","39976893","39977057","chr2","20106509","20106673","36","19870384"
"chr1","86376381","86376703","chr20","47948545","47948832","57","38427836"
"chr1","100925378","100925678","chr20","33797899","33798199","25","67127479"
"chr1","115474388","115474709","chr9","22663692","22664000","77","92810696"
"chr1","135397308","135397550","chr5","35562404","35562638","62","99834904"
"chr1","149159653","149159960","chr25","58921699","58922041","55","90237954"
"chr1","181272350","181272646","chr12","40601683","40601983","55","140670667"
"chr1","185466644","185466944","chrX_KE148108v1_random","1020209","1020503","60","184446435"
"chr1","186122233","186122334","chr25","23356315","23356419","6","162765918"
"chr1","214826980","214827268","chr25","72272753","72273034","25","142554227"
"chr1","220856305","220856599","chr17","35075168","35075459","66","185781137"
"chr1","94390","94579","chr2","47711104","47711292","42","47616714"
"chr1","98819","99118","chr21","3079252","3079549","13","2980433"
"chr1","101114","101355","chr28","2084631","2084889","38","1983517"
"chr1","102265","102476","chr25","84648925","84649133","53","84546660"
"chr1","103457","103617","chr9","87121262","87121426","52","87017805"
"chr1","104783","104991","chr9","8440930","8441141","51","8336147"
"chr1","105972","106129","chr4","73820922","73821074","51","73714950"
"chr1","107224","107588","chr21","86047068","86047413","104","85939844"
"chr1","108166","108322","chr19","10893957","10894132","52","10785791"
"chr1","112247","112381","chr18","39284018","39284152","41","39171771"
"chr1","120401","120535","chr18","39284018","39284152","43","39163617"
"chr1","124716","124850","chr18","39284018","39284152","40","39159302"
"chr1","129377","129511","chr18","39284018","39284152","41","39154641"
"chr1","149711","149845","chr18","39284018","39284152","41","39134307"
"chr1","151952","152108","chr19","10893957","10894132","50","10742005"
"chr1","153207","153499","chr21","3080136","3080429","18","2926929"
"chr1","154382","154516","chr18","39284018","39284152","41","39129636"
"chr1","156965","157099","chr18","39284018","39284152","40","39127053"
"chr1","163306","163440","chr18","39284018","39284152","41","39120712"
"chr1","172813","172947","chr18","39284018","39284152","40","39111205"
"chr1","176272","176428","chr28","7569943","7570104","50","7393671"
"chr1","177525","177807","chr21","3080136","3080429","29","2902611"
"chr1","178403","178697","chr21","3079252","3079549","14","2900849"
"chr1","187167","187301","chr18","39284018","39284152","41","39096851"
"chr1","188398","188690","chr21","3080136","3080429","16","2891738"
"chr1","194621","194755","chr18","39284018","39284152","43","39089397"
"chr1","199861","199995","chr18","39284018","39284152","40","39084157"
"chr1","201641","201775","chr18","39284018","39284152","41","39082377"
"chr1","206998","207132","chr18","39284018","39284152","41","39077020"
"chr1","217993","218129","chr18","39284018","39284152","44","39066025"
"chr1","222057","222191","chr18","39284018","39284152","41","39061961"
"chr1","224847","224981","chr18","39284018","39284152","43","39059171"
"chr1","227785","227919","chr18","39284018","39284152","41","39056233"
"chr1","230222","230356","chr18","39284018","39284152","41","39053796"
"chr1","233901","234057","chr4","73820922","73821074","51","73587021"
"chr1","237282","237416","chr18","39284018","39284152","40","39046736"
"chr1","240117","240240","chr1","122581085","122581199","37","122340968"
"chr1","243013","243147","chr18","39284018","39284152","41","39041005"
"chr1","247460","247594","chr18","39284018","39284152","43","39036558"
"chr1","251710","251844","chr18","39284018","39284152","43","39032308"
"chr1","259814","259948","chr18","39284018","39284152","41","39024204"
"chr1","262936","263070","chr18","39284018","39284152","43","39021082"
"chr1","264164","264457","chr21","3080136","3080429","19","2815972"
"chr1","265044","265343","chr21","3079252","3079549","13","2814208"
"chr1","266387","266521","chr18","39284018","39284152","41","39017631"
"chr1","269253","269387","chr18","39284018","39284152","41","39014765"
"chr1","272601","272735","chr18","39284018","39284152","40","39011417"
"chr1","276253","276387","chr18","39284018","39284152","41","39007765"
"chr1","281463","281597","chr18","39284018","39284152","41","39002555"
"chr1","283745","283879","chr18","39284018","39284152","40","39000273"
"chr1","290786","290920","chr18","39284018","39284152","42","38993232"
"chr1","308078","308212","chr18","39284018","39284152","42","38975940"
"chr1","312527","312661","chr18","39284018","39284152","43","38971491"
"chr1","313874","314008","chr18","39284018","39284152","41","38970144"
"chr1","315077","315211","chr18","39284018","39284152","42","38968941"
"chr1","317937","318093","chr28","7569943","7570104","50","7252006"
"chr1","319190","319394","chr2","47711104","47711292","51","47391914"
"chr1","319676","319810","chr18","39284018","39284152","41","38964342"
"chr1","320837","320971","chr18","39284018","39284152","41","38963181"
"chr1","322284","322418","chr18","39284018","39284152","41","38961734"
"chr1","323052","323186","chr18","39284018","39284152","41","38960966"
"chr1","324282","324353","chr1","44561730","44561803","15","44237448"
"chr1","324447","324581","chr18","39284018","39284152","43","38959571"
"chr1","325678","325933","chr21","3080136","3080429","55","2754458"
"chr1","325947","326035","chr9","56581531","56581624","28","56255584"
"chr1","332117","332409","chr21","3080136","3080429","18","2748019"
"chr1","332617","332757","chr6","34746963","34747098","43","34414346"
"chr1","332996","333295","chr21","3079252","3079549","12","2746256"
"chr1","334281","334437","chr28","7569943","7570104","50","7235662"
"chr1","335533","335825","chr21","3080136","3080429","16","2744603"
"chr1","336411","336710","chr21","3079252","3079549","10","2742841"
"chr1","337689","337845","chr21","93756942","93757099","51","93419253"
"chr1","343673","343965","chr21","3080136","3080429","21","2736463"
"chr1","344551","344850","chr21","3079252","3079549","13","2734701"
"chr1","345859","345993","chr18","39284018","39284152","40","38938159"
"chr1","360203","360495","chr21","3080136","3080429","19","2719933"
"chr1","361082","361379","chr21","3079252","3079549","13","2718170"
"chr1","362361","362517","chr28","7569943","7570104","51","7207582"
"chr1","366276","366568","chr21","3080136","3080429","17","2713860"
"chr1","367154","367453","chr21","3079252","3079549","13","2712098"
"chr1","368459","368593","chr18","39284018","39284152","40","38915559"
"chr1","374090","374387","chr21","3079252","3079549","14","2705162"
"chr1","375147","375386","chr28","2084631","2084889","44","1709484"
"chr1","376296","376491","chr20","97126383","97126577","57","96750087"
"chr1","377456","377612","chr28","7569943","7570104","50","7192487"
"chr1","378885","379019","chr18","39284018","39284152","42","38905133"
"chr1","381154","381288","chr18","39284018","39284152","40","38902864"
"chr1","382863","382997","chr18","39284018","39284152","42","38901155"
"chr1","383501","383635","chr18","39284018","39284152","43","38900517"
"chr1","385251","385373","chr13","64405768","64405884","30","64020517"
"chr1","385612","385911","chr21","3079252","3079549","15","2693640"
"chr1","387276","387576","chr21","3079252","3079549","16","2691976"
"chr1","388583","388717","chr18","39284018","39284152","41","38895435"
"chr1","388871","389170","chr21","3079252","3079549","12","2690381"
"chr1","389995","390235","chr28","2084631","2084889","41","1694636"
"chr1","391211","391423","chr7","29906301","29906503","49","29515090"
"chr1","392268","392444","chr14","50867155","50867330","53","50474887"
"chr1","394494","394628","chr18","39284018","39284152","42","38889524"
"chr1","395763","395897","chr18","39284018","39284152","41","38888255"
"chr1","397037","397171","chr18","39284018","39284152","40","38886981"
"chr1","398378","398512","chr18","39284018","39284152","40","38885640"
"chr1","399334","399468","chr18","39284018","39284152","42","38884684"
"chr1","400363","400497","chr18","39284018","39284152","40","38883655"
"chr1","524461","524770","chr4","74686620","74686927","56","74162159"
"chr1","693883","694168","chr20","130382412","130382702","28","129688529"
"chr1","733339","733591","chr6","5107910","5108178","72","4374571"
"chr1","736740","737003","chr6","48480921","48481189","60","47744181"
"chr1","737275","737567","chr24","12259501","12259777","63","11522226"
"chr1","737952","738255","chr7","19307339","19307631","61","18569387"
"chr1","744789","745037","chr20","130335968","130336193","39","129591179"
"chr1","746304","746595","chr14","59828291","59828600","68","59081987"
"chr1","840817","841101","chr20","2256298","2256587","62","1415481"
"chr1","842551","842841","chr9","122684276","122684559","54","121841725"
"chr1","856638","856867","chr20","130236140","130236361","43","129379502"
"chr1","879359","879680","chr20","130215756","130216058","49","129336397"
"chr1","950108","950408","chr20","130149455","130149767","59","129199347"
"chr1","965947","966090","chr19","5483390","5483538","42","4517443"
"chr1","1017880","1018151","chr16","25633601","25633872","57","24615721"
"chr1","1018309","1018589","chr11","118871620","118871903","58","117853311"
"chr1","1019318","1019602","chr20","130080685","130080966","22","129061367"
"chr1","1029282","1029410","chr2","38070721","38070845","24","37041439"
"chr1","1029727","1029839","chr11","107424218","107424343","33","106394491"
"chr1","1035929","1036106","chr28","10203342","10203501","57","9167413"
"chr1","1040183","1040360","chr28","10203342","10203501","57","9163159"
"chr1","1041204","1041351","chr2","33270639","33270782","30","32229435"
"chr1","1041649","1041808","chr20","130058840","130058997","15","129017191"
"chr1","1059402","1059640","chr3","79264476","79264732","74","78205074"
"chr1","1059684","1059971","chr28","14327675","14327956","62","13267991"
"chr1","1134568","1134772","chr6","48150339","48150546","46","47015771"
"chr1","1143611","1143900","chr20","129969057","129969357","41","128825446"
"chr1","1148621","1148854","chr17","47779457","47779676","67","46630836"
"chr1","1202673","1202961","chr20","129969057","129969357","40","128766384"
"chr1","1229794","1230081","chr19","14862035","14862316","63","13632241"
"chr1","1234761","1234891","chr23","75515535","75515664","26","74280774"
"chr1","1253313","1253378","chr26","55087480","55087546","15","53834167"
"chr1","1253665","1253737","chr20","84357428","84357499","19","83103763"
"chr1","1255343","1255609","chr28","7973492","7973759","58","6718149"
"chr1","1282624","1282923","chr24","54654168","54654463","59","53371544"
"chr1","1329253","1329404","chr28","1372787","1372932","44","43534"
"chr1","1334974","1335184","chr13","68655178","68655397","44","67320204"
"chr1","1344204","1344349","chr19","19399024","19399169","28","18054820"
"chr1","1378591","1378837","chr13","30389663","30389900","63","29011072"
"chr1","1433985","1434130","chr12","13330715","13330866","32","11896730"
"chr1","1440193","1440328","chr3","18801623","18801754","19","17361430"
"chr1","1440480","1440748","chr25","72764632","72764895","65","71324152"
"chr1","1443402","1443676","chr20","129773594","129773867","13","128330192"
"chr1","1470353","1470616","chr20","129743537","129743803","22","128273184"
"chr1","1481516","1481810","chr20","129731879","129732172","30","128250363"
"chr1","1500359","1500628","chr21","2648116","2648385","73","1147757"
"chr1","1506605","1506786","chr6","11897292","11897479","45","10390687"
"chr1","1525498","1525770","chr20","129689952","129690216","22","128164454"
"chr1","1546294","1546427","chr2","7145498","7145630","18","5599204"
"chr1","1548704","1549014","chr8","76026514","76026825","62","74477810"
"chr1","1567223","1567514","chr20","129647727","129648014","33","128080504"
"chr1","1609336","1609637","chr16","46883446","46883746","51","45274110"
"chr1","1672789","1672922","chr21","77808756","77808889","20","76135967"
"chr1","1673234","1673413","chr9","32575410","32575585","34","30902176"
"chr1","1695786","1696085","chr20","129541519","129541788","48","127845733"
"chr1","1715582","1715851","chr16","60861548","60861827","58","59145966"
"chr1","1723332","1723644","chr20","129515789","129516104","26","127792457"
"chr1","1736524","1736651","chr14","65061149","65061271","20","63324625"
"chr1","1737241","1737419","chr22","30690394","30690578","46","28953153"
"chr1","1763902","1764203","chr20","129475081","129475348","51","127711179"
"chr1","1781481","1781717","chr20","129456805","129457069","51","127675324"
"chr1","1829412","1829569","chr10","56792221","56792389","42","54962809"
"chr1","1870670","1870944","chr12","8032666","8032946","66","6161996"
"chr1","1877161","1877268","chr20","129349054","129349164","11","127471893"
"chr1","1896742","1896903","chr1","11937321","11937474","35","10040579"
"chr1","1901464","1901742","chr14","73712919","73713200","62","71811455"
"chr1","1945914","1946223","chr2","75015931","75016235","69","73070017"
"chr1","2001669","2001975","chr6","8576273","8576538","95","6574604"
"chr1","2041392","2041712","chr1","112237991","112238302","62","110196599"
"chr1","2090866","2090909","chr20","129140172","129140216","5","127049306"
"chr1","2091491","2091535","chr20","129139546","129139590","4","127048055"
"chr1","2275202","2275487","chr20","128941874","128942162","26","126666672"
"chr1","2285941","2286239","chr12","40601683","40601983","44","38315742"
"chr1","2312710","2312996","chr20","128906554","128906840","26","126593844"
"chr1","2514059","2514179","chr20","128867072","128867203","20","126353013"
"chr1","2554409","2554658","chr20","122183408","122183655","57","119628999"
"chr1","2561899","2562030","chr24","72622785","72622908","30","70060886"
"chr1","2644806","2645075","chr15","51635083","51635359","64","48990277"
"chr1","2949834","2950117","chr20","128441286","128441569","10","125491452"
"chr1","3010217","3010529","chr20","128384685","128384995","35","125374468"
"chr1","3053564","3053831","chr21","25828221","25828494","65","22774657"
"chr1","3115855","3116166","chr20","128279020","128279340","44","125163165"
"chr1","3159514","3159771","chr5","10593486","10593744","58","7433972"
"chr1","3261960","3262253","chr20","128131425","128131711","36","124869465"
"chr1","3372979","3373141","chr13","65603250","65603407","28","62230271"
"chr1","3388452","3388771","chr5","12204008","12204319","70","8815556"
"chr1","3478277","3478585","chr15","1989051","1989355","55","1489226"
"chr1","3482957","3483068","chr16","918831","918952","18","2564126"
"chr1","3521626","3521846","chr9","61341096","61341321","47","57819470"
"chr1","3575718","3576020","chr5","17238458","17238768","74","13662740"
"chr1","3609166","3609465","chr19","19076907","19077211","57","15467741"
"chr1","3696387","3696502","chr9","28340840","28340954","25","24644453"
"chr1","3709095","3709391","chr9","44229456","44229748","67","40520361"
"chr1","3845471","3845654","chr24","35402503","35402685","45","31557032"
"chr1","3845959","3846098","chr2","35996587","35996728","26","32150628"
"chr1","3898090","3898394","chr20","127497359","127497658","30","123599269"
"chr1","4092643","4092946","chr20","127316411","127316713","36","123223768"
"chr1","4253172","4253464","chr20","127149011","127149300","29","122895839"
"chr1","4300743","4301033","chr20","127102592","127102890","27","122801849"
"chr1","4485392","4485681","chr20","126919516","126919804","30","122434124"
"chr1","4507376","4507672","chr25","5073448","5073744","66","566072"
"chr1","4638418","4638734","chr20","126778620","126778948","36","122140202"
"chr1","4652725","4653026","chr28","15268662","15268962","59","10615937"
"chr1","4697330","4697640","chr20","126717193","126717498","17","122019863"
"chr1","4777031","4777305","chr20","126645912","126646188","12","121868881"
"chr1","4782303","4782577","chr11","66004623","66004896","67","61222320"
"chr1","4950897","4951186","chr20","126490445","126490733","31","121539548"
"chr1","5491190","5491499","chr17","35306470","35306782","56","29815280"
"chr1","5501364","5501667","chr20","125960658","125960963","51","120459294"
"chr1","5560385","5560627","chr1","6547966","6548216","60","987581"
"chr1","5643639","5643832","chr20","125822007","125822187","31","120178368"
"chr1","5644142","5644271","chr20","125821547","125821670","19","120177405"
"chr1","5655626","5655919","chr21","119446877","119447172","56","113791251"
"chr1","5713566","5713856","chr20","125772260","125772536","36","120058694"
"chr1","5722040","5722227","chr20","125763162","125763356","22","120041122"
"chr1","5767393","5767679","chr6","34346832","34347125","69","28579439"
"chr1","5768452","5768762","chr20","125718521","125718817","31","119950069"
"chr1","5772358","5772534","chr11","467238","467402","35","5305120"
"chr1","5772838","5772980","chr20","13287214","13287356","14","7514376"
"chr1","5780081","5780385","chr20","107351468","107351766","55","101571387"
"chr1","5850341","5850464","chr20","125599139","125599269","18","119748798"
"chr1","5903720","5904014","chr20","125546871","125547134","45","119643151"
"chr1","5906263","5906551","chr20","125544298","125544589","23","119638035"
"chr1","5913757","5914062","chr20","125536376","125536684","23","119622619"
"chr1","5939707","5939893","chr1","10457878","10458068","48","4518171"
"chr1","5940202","5940260","chr6","30799659","30799716","15","24859457"
"chr1","5967041","5967198","chr20","125484927","125485083","18","119517886"
"chr1","5967488","5967631","chr20","125484499","125484637","21","119517011"
"chr1","6005276","6005476","chr20","125443941","125444110","51","119438665"
"chr1","6043672","6043975","chr9","22225646","22225943","54","16181974"
"chr1","6051939","6052232","chr20","36480514","36480806","50","30428575"
"chr1","6054736","6055018","chr21","60739547","60739825","56","54684811"
"chr1","6124513","6124727","chr20","125258631","125258837","31","119134118"
"chr1","6140515","6140798","chr20","125240806","125241088","20","119100291"
"chr1","6183624","6183910","chr20","125199071","125199357","16","119015447"
"chr1","6184415","6184559","chr10","45086908","45087052","29","38902493"
"chr1","6184850","6185027","chr3","73297007","73297184","44","67112157"
"chr1","6185031","6185245","chr20","125198563","125198791","41","119013532"
"chr1","6199463","6199774","chr20","80351981","80352279","65","74152518"
"chr1","6236938","6237257","chr20","125151668","125152000","37","118914730"
"chr1","6240340","6240474","chr17","36090906","36091036","28","29850566"
"chr1","6247316","6247527","chr7","31763032","31763221","70","25515716"
"chr1","6273412","6273714","chr4","63032435","63032729","65","56759023"
"chr1","6284950","6285078","chr20","125103873","125104005","15","118818923"
"chr1","6292735","6293030","chrX","33272462","33272752","70","26979727"
"chr1","6308948","6309069","chr20","125076541","125076663","8","118767593"
"chr1","6316466","6316734","chr1","9167420","9167696","51","2850954"
"chr1","6317355","6317654","chr20","125068436","125068737","23","118751081"
"chr1","6318733","6319008","chr20","125067086","125067360","18","118748353"
"chr1","6325030","6325209","chr9","33758550","33758723","42","27433520"
"chr1","6344790","6345100","chrX","90804654","90804964","61","84459864"
"chr1","6364631","6364740","chr8","122252706","122252803","34","115888075"
"chr1","6365050","6365192","chr5","26824233","26824373","30","20459183"
"chr1","6376433","6376600","chr20","125012785","125012948","29","118636352"
"chr1","6376835","6376936","chr20","125012162","125012277","26","118635327"
"chr1","6378783","6379085","chr6","2173195","2173490","72","4205588"
"chr1","6388608","6388918","chr5","14757791","14758102","64","8369183"
"chr1","6392580","6392874","chr9","22231606","22231897","59","15839026"
"chr1","6393551","6393863","chr25","50394187","50394499","62","44000636"
"chr1","6399903","6400242","chr8","30459597","30459928","79","24059694"
"chr1","6404378","6404589","chr20","24477419","24477638","47","18073041"
"chr1","6412894","6413203","chr25","50394187","50394499","64","43981293"
"chr1","6418551","6418858","chr20","124970949","124971257","23","118552398"
"chr1","6419100","6419398","chr20","124970405","124970691","32","118551305"
"chr1","6427429","6427713","chr7","130354222","130354505","56","123926793"
"chr1","6440527","6440839","chr8","71372984","71373294","65","64932457"
"chr1","6447882","6448205","chr20","124939332","124939643","29","118491450"
"chr1","6479207","6479499","chr20","124906885","124907187","39","118427678"
"chr1","6483352","6483634","chr22","51293260","51293540","54","44809908"
"chr1","6491005","6491290","chr20","124892271","124892547","29","118401266"
"chr1","6522935","6523220","chr20","65581891","65582189","77","59058956"
"chr1","6533410","6533714","chr20","124848616","124848911","27","118315206"
"chr1","6547406","6547744","chr11","31624318","31624641","74","25076912"
"chr1","6569988","6570248","chr19","12460520","12460773","63","5890532"
"chr1","6594366","6594665","chr20","124797959","124798259","25","118203593"
"chr1","6598145","6598445","chr25","45605802","45606094","69","39007657"
"chr1","6636197","6636503","chr20","124757135","124757449","20","118120938"
"chr1","6771390","6771609","chr20","124620514","124620727","29","117849124"
"chr1","6782842","6783038","chr20","124606443","124606639","17","117823601"
"chr1","6788757","6788953","chr20","124606443","124606639","17","117817686"
"chr1","6800185","6800404","chr20","124620514","124620727","29","117820329"
"chr1","6821264","6821455","chr20","124582335","124582526","23","117761071"
"chr1","6825266","6825579","chr6","39322200","39322511","60","32496934"
"chr1","6833510","6833782","chr20","124557533","124557806","18","117724023"
"chr1","7057597","7057713","chr20","124353369","124353485","4","117295772"
"chr1","7058011","7058049","chr20","124353028","124353071","7","117295017"
"chr1","7058367","7058541","chr22","33899685","33899854","30","26841318"
"chr1","7206110","7206382","chr20","124217098","124217360","22","117010988"
"chr1","7318626","7318932","chr11","65033931","65034241","55","57715305"
"chr1","7380031","7380192","chr20","124047321","124047484","11","116667290"
"chr1","7382009","7382297","chr20","124044446","124044742","39","116662437"
"chr1","7387679","7387985","chr5","43910172","43910481","57","36522493"
"chr1","7394485","7394612","chr16","15335705","15335827","19","7941220"
"chr1","7405051","7405363","chr20","124022425","124022733","35","116617374"
"chr1","7451956","7452220","chr20","123976576","123976846","21","116524620"
"chr1","7473565","7473872","chr11","113245005","113245304","62","105771440"
"chr1","7480351","7480627","chr28","14627970","14628242","52","7147619"
"chr1","7492009","7492309","chr6","49183773","49184058","73","41691764"
"chr1","7503659","7503959","chr20","123923985","123924285","12","116420326"
"chr1","7509541","7509837","chr20","123917438","123917739","31","116407897"
"chr1","7525105","7525386","chr20","123899954","123900246","24","116374849"
"chr1","7534466","7534755","chr21","75119248","75119536","53","67584782"
"chr1","7548721","7548994","chr8","9922028","9922301","56","2373307"
"chr1","7550880","7551175","chr20","123875204","123875505","24","116324324"
"chr1","7556127","7556403","chr14","80297889","80298176","60","72741762"
"chr1","7559387","7559466","chr6","4863005","4863084","15","2696382"
"chr1","7571259","7571379","chr20","123853800","123853920","14","116282541"
"chr1","7594348","7594638","chr20","123836291","123836580","24","116241943"
"chr1","7604884","7605162","chr20","120145779","120146056","54","112540895"
"chr1","7606342","7606560","chrX","45203839","45204056","47","37597497"
"chr1","7626730","7626990","chr6","11668104","11668371","60","4041374"
"chr1","7634947","7635251","chr20","123794482","123794784","24","116159535"
"chr1","7636169","7636458","chr11","104479228","104479515","53","96843059"
"chr1","7638604","7638904","chr20","123790663","123790964","30","116152059"
"chr1","7640881","7641165","chr20","123788409","123788689","22","116147528"
"chr1","7642725","7643040","chr20","123786469","123786779","24","116143744"
"chr1","7648198","7648482","chr9","32982579","32982865","58","25334381"
"chr1","7654423","7654722","chr20","123775608","123775921","34","116121185"
"chr1","7668526","7668832","chr26","47693023","47693334","67","40024497"
"chr1","7723794","7724103","chr18","21490626","21490936","53","13766832"
"chr1","7727821","7727943","chr20","123703107","123703221","16","115975286"
"chr1","7750064","7750365","chr20","113596595","113596897","61","105846531"
"chr1","7761224","7761536","chr6","28026264","28026576","68","20265040"
"chr1","7780893","7781182","chr14","80508963","80509250","52","72728070"
"chr1","7783224","7783501","chr25","50351993","50352286","68","42568769"
"chr1","7795844","7796162","chr20","123631888","123632197","29","115836044"
"chr1","7798365","7798662","chr3","73610448","73610736","69","65812083"
"chr1","7801459","7801595","chr20","123626613","123626749","12","115825154"
"chr1","7809815","7810096","chr20","123617757","123618015","36","115807942"
"chr1","7841983","7842144","chr13","85516283","85516442","27","77674300"
"chr1","7842458","7842474","chr6","9285363","9285377","5","1442905"
"chr1","7854617","7854816","chr24","69922656","69922848","46","62068039"
"chr1","7866005","7866281","chr25","1708455","1708741","66","6157550"
"chr1","7876771","7877064","chr20","123554110","123554403","22","115677339"
"chr1","7887359","7887650","chr19","22510222","22510516","54","14622863"
"chr1","7888979","7889095","chr20","123542130","123542246","9","115653151"
"chr1","7915531","7915827","chr20","123524600","123524893","31","115609069"
"chr1","7958409","7958622","chr21","9066574","9066788","50","1108165"
"chr1","7974106","7974419","chr6","34395634","34395934","61","26421528"
"chr1","7985084","7985272","chr20","123456625","123456799","23","115471541"
"chr1","8015052","8015315","chr20","123425401","123425659","34","115410349"
"chr1","8023285","8023514","chr20","123418161","123418388","20","115394876"
"chr1","8050056","8050360","chr20","123391669","123391985","52","115341613"
"chr1","8080959","8081236","chr20","123359280","123359556","15","115278321"
"chr1","8085119","8085220","chr20","123356476","123356577","15","115271357"
"chr1","8169414","8169555","chr15","18909593","18909729","28","10740179"
"chr1","8169854","8170027","chr21","25966505","25966671","34","17796651"
"chr1","8172824","8173099","chr20","123268196","123268479","47","115095372"
"chr1","8173209","8173448","chr20","123267850","123268083","34","115094641"
"chr1","8216823","8216939","chr20","123222171","123222281","15","115005348"
"chr1","8242984","8243280","chr20","123197907","123198202","23","114954923"
"chr1","8248772","8249040","chr2","56337676","56337934","73","48088904"
"chr1","8255594","8255906","chr20","123182867","123183182","40","114927273"
"chr1","8268319","8268618","chr20","123170057","123170380","46","114901738"
"chr1","8280871","8281052","chrX","15125571","15125736","45","6844700"
"chr1","8281357","8281519","chr8","138906361","138906510","42","130625004"
"chr1","8307744","8308027","chr20","123131892","123132176","37","114824148"
"chr1","8329048","8329324","chr17","66696344","66696627","66","58367296"
"chr1","8331332","8331460","chr20","123108855","123108985","15","114777523"
"chr1","8336894","8337219","chr12","40601683","40601983","77","32264789"
"chr1","8349146","8349280","chr20","123094041","123094170","14","114744895"
"chr1","8349331","8349630","chr22","18532485","18532779","64","10183154"
"chr1","8365312","8365435","chr20","123077302","123077429","7","114711990"
"chr1","8365729","8365829","chr20","123076932","123077035","6","114711203"
"chr1","8452909","8453224","chr20","122989464","122989769","34","114536555"
"chr1","8472369","8472443","chr11","102107354","102107419","23","93634985"
"chr1","8475579","8475703","chr5","63167141","63167264","16","54691562"
"chr1","8477163","8477266","chr1","79424181","79424278","25","70947018"
"chr1","8477806","8477881","chr26","33060453","33060526","15","24582647"
"chr1","8484655","8484950","chr20","122958047","122958332","36","114473392"
"chr1","8503538","8503660","chr14","82354648","82354772","20","73851110"
"chr1","8514300","8514481","chr18","21828989","21829170","40","13314689"
"chr1","8529983","8530299","chr5","67422032","67422336","62","58892049"
"chr1","8530754","8530983","chr17","15015385","15015609","59","6484631"
"chr1","8534513","8534655","chr20","122909082","122909223","10","114374569"
"chr1","8534968","8535103","chr20","122908642","122908776","11","114373674"
"chr1","8537193","8537347","chr20","122906428","122906561","35","114369235"
"chr1","8544038","8544310","chr3","52786034","52786309","61","44241996"
"chr1","8560767","8561063","chr20","127149011","127149300","72","118588244"
"chr1","8567084","8567374","chr9","17702872","17703159","57","9135788"
"chr1","8576340","8576592","chr5","56053280","56053547","62","47476940"
"chr1","8581988","8582235","chr16","45284481","45284722","57","36702493"
"chr1","8595401","8595722","chr20","122836765","122837086","24","114241364"
"chr1","8606438","8606665","chr16","17378432","17378661","43","8771994"
"chr1","8634425","8634703","chr25","59173874","59174144","62","50539449"
"chr1","8643782","8643906","chr11","47829581","47829703","18","39185799"
"chr1","8662510","8662801","chr8","92596187","92596478","48","83933677"
"chr1","8666943","8667208","chr13","15641827","15642095","52","6974884"
"chr1","8668259","8668556","chr20","122760948","122761247","31","114092689"
"chr1","8680126","8680400","chr7","56234970","56235241","66","47554844"
"chr1","8691765","8692070","chr20","122735303","122735606","37","114043538"
"chr1","8709639","8709945","chr20","122718094","122718392","26","114008455"
"chr1","8726246","8726379","chr14","79045629","79045764","23","70319383"
"chr1","8726701","8726882","chr12","7890517","7890695","35","836184"
"chr1","8729117","8729353","chr13","21750551","21750783","57","13021434"
"chr1","8736381","8736682","chr20","122691192","122691493","37","113954811"
"chr1","8739584","8739893","chr20","122686188","122686500","30","113946604"
"chr1","8799558","8799846","chr8","124610123","124610410","62","115810565"
"chr1","8814050","8814198","chr20","122630284","122630433","15","113816234"
"chr1","8814500","8814618","chr20","122629868","122629985","9","113815368"
"chr1","8816144","8816269","chr20","122627916","122628045","9","113811772"
"chr1","8822130","8822415","chr9","28917693","28917985","60","20095563"
"chr1","8824078","8824214","chr6","3174027","3174164","25","5650051"
"chr1","8824514","8824590","chr1","63163869","63163944","17","54339355"
"chr1","8828495","8828801","chr20","122618007","122618320","28","113789512"
"chr1","8834683","8834927","chr28","19196628","19196884","50","10361945"
"chr1","8834932","8835072","chr20","122611822","122611961","9","113776890"
"chr1","8853876","8854170","chr20","122596519","122596813","15","113742643"
"chr1","8872392","8872604","chr20","122578327","122578557","27","113705935"
"chr1","8876642","8876939","chr22","4437297","4437575","74","4439345"
"chr1","8880823","8880948","chr20","122569594","122569721","11","113688771"
"chr1","8881021","8881150","chr20","122569392","122569524","9","113688371"
"chr1","8896264","8896405","chr20","122554264","122554406","12","113658000"
"chr1","8896722","8896893","chr20","122553783","122553963","21","113657061"
"chr1","8907877","8908080","chr12","26878004","26878201","44","17970127"
"chr1","8915894","8916035","chr20","122554264","122554406","12","113638370"
"chr1","8916352","8916523","chr20","122553783","122553963","21","113637431"
"chr1","8953355","8953663","chr3","30948566","30948860","68","21995211"
"chr1","8964560","8964851","chr20","12412678","12412975","60","3448118"
"chr1","8980490","8980652","chr1","9223768","9223922","52","243278"
"chr1","8998422","8998726","chr20","122465741","122466049","26","113467319"
"chr1","9002001","9002187","chr20","122462322","122462502","19","113460321"
"chr1","9006546","9006728","chr20","122457841","122458033","24","113451295"
"chr1","9009216","9009522","chr6","13328041","13328327","88","4318825"
"chr1","9132935","9133115","chr20","122330323","122330504","9","113197388"
"chr1","9189239","9189355","chr20","122275498","122275614","7","113086259"
"chr1","9193816","9193927","chr15","90957888","90957999","19","81764072"
"chr1","9195822","9196121","chr20","122268567","122268865","32","113072745"
"chr1","9271571","9271700","chr20","122191680","122191809","7","112920109"
"chr1","9277966","9278247","chr4","73630797","73631068","70","64352831"
"chr1","9279415","9279664","chr20","122183408","122183655","13","112903993"
"chr1","9301448","9301737","chr20","122162177","122162462","20","112860729"
"chr1","9318108","9318376","chr7","58479107","58479375","61","49160999"
"chr1","9326464","9326475","chr13","81954628","81954639","2","72628164"
"chr1","9326785","9326963","chr20","122132963","122133138","12","112806178"
"chr1","9340194","9340473","chr25","84301548","84301826","66","74961354"
"chr1","9341916","9342220","chr10","76220349","76220648","55","66878433"
"chr1","9351014","9351316","chr12","40601683","40601983","53","31250669"
"chr1","9360081","9360216","chr20","122096412","122096546","14","112736331"
"chr1","9362061","9362276","chr12","7687835","7688041","48","1674226"
"chr1","9377504","9377802","chr14","64724578","64724872","70","55347074"
"chr1","9379154","9379404","chr25","6589099","6589347","62","2790055"
"chr1","9381478","9381744","chr11","118848800","118849060","56","109467322"
"chr1","9390408","9390744","chr13","65526859","65527182","83","56136451"
"chr1","9399802","9400109","chr20","122060553","122060857","24","112660751"
"chr1","9402403","9402691","chr16","42445815","42446111","57","33043412"
"chr1","9406859","9407172","chr28","15141829","15142140","55","5734970"
"chr1","9497953","9498258","chr1","32857246","32857542","59","23359293"
"chr1","9499640","9499944","chr20","121972332","121972632","35","112472692"
"chr1","9501144","9501435","chr16","47763056","47763352","62","38261912"
"chr1","9505066","9505370","chr24","1072705","1073013","52","8432361"
"chr1","9517203","9517492","chr22","44892045","44892347","58","35374842"
"chr1","9536480","9536773","chr20","121934768","121935068","22","112398288"
"chr1","9559294","9559483","chr6","38934640","38934825","44","29375346"
"chr1","9559753","9559884","chr18","58582820","58582946","27","49023067"
"chr1","9577323","9577580","chr20","121896353","121896616","34","112319030"
"chr1","9577867","9578131","chr20","121895804","121896067","17","112317937"
"chr1","9584602","9584891","chr20","121888755","121889046","20","112304153"
"chr1","9595238","9595355","chr20","121877020","121877139","12","112281782"
"chr1","9595666","9595703","chr20","121876674","121876708","4","112281008"
"chr1","9596013","9596184","chr20","121876203","121876380","21","112280190"
"chr1","9627915","9628227","chr20","121844850","121845159","34","112216935"
"chr1","9641560","9641694","chr14","21806073","21806204","23","12164513"
"chr1","9642456","9642763","chr21","107450772","107451077","56","97808316"
"chr1","9649520","9649644","chr4","74032797","74032921","29","64383277"
"chr1","9659467","9659751","chr7","49787215","49787509","59","40127748"
"chr1","9665796","9665965","chr20","121811097","121811265","11","112145301"
"chr1","9666032","9666156","chr20","121810907","121811031","3","112144875"
"chr1","9677318","9677619","chr25","44770913","44771213","64","35093595"
"chr1","9678320","9678599","chr13","13891541","13891816","55","4213221"
"chr1","9684842","9685141","chr25","49311769","49312069","55","39626927"
"chr1","9706976","9707222","chr20","121770467","121770712","17","112063491"
"chr1","9719058","9719183","chr20","121757677","121757803","13","112038619"
"chr1","9719484","9719643","chr20","121757215","121757379","19","112037731"
"chr1","9729337","9729420","chr24","48443397","48443483","13","38714060"
"chr1","9730175","9730455","chrUn_AQIB01158730v1","603","889","20","9729572"
"chr1","9733389","9733558","chr4","82397816","82397978","39","72664427"
"chr1","9733846","9734001","chr1","17693518","17693669","45","7959672"
"chr1","9752212","9752491","chr20","121730396","121730680","21","111978184"
"chr1","9753955","9754250","chr20","121728626","121728950","62","111974671"
"chr1","9774109","9774401","chr20","121706498","121706791","23","111932389"
"chr1","9781669","9781934","chr20","121698678","121698919","39","111917009"
"chr1","9794289","9794452","chr28","11068977","11069128","40","1274688"
"chr1","9794748","9794882","chr6","44226130","44226260","29","34431382"
"chr1","9855843","9856127","chr20","121611865","121612157","36","111756022"
"chr1","9859551","9859681","chr24","77151356","77151491","27","67291805"
"chr1","9859974","9860149","chr28","12676391","12676568","36","2816417"
"chr1","9867049","9867202","chr20","121617388","121617538","9","111750339"
"chr1","9879784","9879943","chrX","7838045","7838179","40","2041739"
"chr1","9880179","9880343","chr18","57433456","57433616","32","47553277"
"chr1","9935147","9935439","chr20","121554631","121554931","25","111619484"
"chr1","9940626","9940869","chr20","121548878","121549120","13","111608252"
"chr1","9960396","9960695","chr21","85082439","85082728","53","75122043"
"chr1","9964159","9964453","chr5","69933160","69933446","50","59969001"
"chr1","9966106","9966298","chr2","16476114","16476311","39","6510008"
"chr1","9990044","9990341","chr20","37955040","37955348","72","27964996"
"chr1","9992401","9992708","chr20","121497955","121498260","30","111505554"
"chr1","10040473","10040763","chr6","24575259","24575558","67","14534786"
"chr1","10064310","10064623","chr20","121424762","121425049","50","111360452"
"chr1","10069312","10069561","chr17","41476531","41476780","52","31407219"
"chr1","10069848","10070109","chr6","33269644","33269910","70","23199796"
"chr1","10075488","10075779","chr20","121412972","121413249","29","111337484"
"chr1","10083006","10083275","chr5","10725937","10726200","64","642931"
"chr1","10085013","10085295","chr20","121402730","121403014","20","111317717"
"chr1","10085589","10085862","chr11","30737106","30737380","54","20651517"
"chr1","10102071","10102371","chr20","121387376","121387665","32","111285305"
"chr1","10104639","10104765","chr20","121384434","121384562","10","111279795"
"chr1","10106793","10107101","chr7","58652446","58652760","70","48545653"
"chr1","10107537","10107801","chr9","57231645","57231909","65","47124108"
"chr1","10122057","10122346","chr20","121377681","121377966","33","111255624"
"chr1","10136692","10136994","chr20","121358236","121358532","28","111221544"
"chr1","10137630","10137925","chr2","58980970","58981271","54","48843340"
"chr1","10147262","10147571","chr20","121354445","121354735","33","111207183"
"chr1","10163686","10163841","chr16","69063896","69064041","39","58900210"
"chr1","10175093","10175309","chr28","8609344","8609555","41","1565749"
"chr1","10175866","10175970","chr20","121326951","121327052","7","111151085"
"chr1","10177699","10177880","chr24","42445096","42445286","49","32267397"
"chr1","10196731","10197011","chr20","121305272","121305565","31","111108541"
"chr1","10201070","10201341","chr20","121303013","121303279","32","111101943"
"chr1","10211279","10211569","chr21","97677401","97677694","56","87466122"
"chr1","10217890","10218188","chr20","121285042","121285352","32","111067152"
"chr1","10222666","10222982","chr20","121280252","121280537","53","111057586"
"chr1","10240034","10240350","chr18","65049615","65049927","60","54809581"
"chr1","10244596","10244879","chr11","104479228","104479515","68","94234632"
"chr1","10263553","10263810","chr20","121238739","121239015","42","110975186"
"chr1","10265672","10265963","chr19","11031694","11031988","59","766022"
"chr1","10285852","10286055","chr20","121216702","121216904","11","110930850"
"chr1","10295704","10295964","chr27","43272895","43273142","62","32977191"
"chr1","10339137","10339416","chr20","121177318","121177600","20","110838181"
"chr1","10475283","10475589","chr20","121042047","121042364","39","110566764"
"chr1","10484520","10484823","chr20","121033148","121033453","36","110548628"
"chr1","10559574","10559873","chr22","33821698","33822000","52","23262124"
"chr1","10581358","10581677","chr20","120941151","120941433","62","110359793"
"chr1","10583148","10583349","chr20","120939495","120939691","23","110356347"
"chr1","10614924","10614968","chr1","106090900","106090935","13","95475976"
"chr1","10625475","10625766","chr20","120897222","120897516","24","110271747"
"chr1","10662137","10662426","chr20","120859707","120859976","36","110197570"
"chr1","10669011","10669119","chr10","77019371","77019477","21","66350360"
"chr1","10682201","10682488","chr20","120839876","120840175","36","110157675"
"chr1","10693512","10693765","chr6","43249150","43249393","55","32555638"
"chr1","10701696","10701925","chr20","120820028","120820259","13","110118332"
"chr1","10709735","10710014","chr24","53737862","53738137","66","43028127"
"chr1","10713049","10713188","chr16","70522336","70522472","19","59809287"
"chr1","10718441","10718739","chr20","120802170","120802473","38","110083729"
"chr1","10721194","10721485","chr23","59682937","59683224","56","48961743"
"chr1","10722490","10722791","chr28","15141829","15142140","54","4419339"
"chr1","10742806","10742914","chr20","120760109","120760213","13","110017303"
"chr1","10746622","10746952","chr20","120756034","120756353","35","110009412"
"chr1","10757031","10757189","chr20","120747004","120747161","13","109989973"
"chr1","10773785","10774074","chr20","120729569","120729865","27","109955784"
"chr1","10782409","10782692","chr20","120721099","120721387","41","109938690"
"chr1","10791552","10791800","chr20","8283405","8283661","55","2508147"
"chr1","10795606","10795880","chr2","49331735","49332014","59","38536129"
"chr1","10803781","10804072","chr2","5751815","5752114","62","5051966"
"chr1","10814528","10814835","chr9","88587171","88587471","68","77772643"
"chr1","10819361","10819676","chr20","120686649","120686962","18","109867288"
"chr1","10822035","10822365","chr20","120684374","120684687","35","109862339"
"chr1","10844889","10845205","chr20","120660443","120660750","30","109815554"
"chr1","10849782","10850073","chr20","120655921","120656222","32","109806139"
"chr1","10850536","10850720","chr5","2172764","2172934","45","8677772"
"chr1","10862848","10863153","chr6","31481306","31481604","65","20618458"
"chr1","10880937","10881155","chr20","120624879","120625117","35","109743942"
"chr1","10904368","10904665","chr20","120609008","120609316","23","109704640"
"chr1","10907015","10907304","chr20","120606386","120606675","24","109699371"
"chr1","10928994","10929282","chr20","120583626","120583917","30","109654632"
"chr1","10929819","10930083","chr20","120582791","120583072","36","109652972"
"chr1","10934607","10934990","chr20","38163505","38163871","103","27228898"
"chr1","10938574","10938856","chr20","120573983","120574264","14","109635409"
"chr1","10943610","10943882","chr20","120569021","120569272","37","109625411"
"chr1","10958958","10959237","chr28","10055556","10055859","67","903402"
"chr1","10970227","10970529","chr20","120540591","120540892","31","109570364"
"chr1","10972433","10972728","chr6","1886620","1886910","59","9085813"
"chr1","10990888","10991169","chr10","87801139","87801426","54","76810251"
"chr1","11013898","11014204","chr20","120495536","120495837","25","109481638"
"chr1","11020903","11021015","chr1","120798422","120798537","14","109777519"
"chr1","11026675","11026724","chr20","120483867","120483913","7","109457192"
"chr1","11037530","11037829","chr20","120474586","120474888","25","109437056"
"chr1","11039400","11039714","chr20","120472730","120473034","30","109433330"
"chr1","11043594","11043904","chr20","120468716","120469025","18","109425122"
"chr1","11047420","11047747","chr5","26112911","26113207","80","15065491"
"chr1","11058598","11058907","chr20","120457817","120458126","22","109399219"
"chr1","11062782","11063065","chr20","120453715","120454032","69","109390933"
"chr1","11067701","11067970","chr20","120448850","120449130","26","109381149"
"chr1","11102131","11102257","chr20","120408866","120408990","13","109306735"
"chr1","11103920","11104222","chr9","7795052","7795343","68","3308868"
"chr1","11106967","11107250","chr10","19216167","19216462","58","8109200"
"chr1","11118428","11118731","chr20","120392853","120393156","24","109274425"
"chr1","11230596","11230876","chr20","120279872","120280153","14","109049276"
"chr1","11231943","11232238","chr20","120278537","120278812","35","109046594"
"chr1","11234515","11234622","chr6","47674924","47675034","14","36440409"
"chr1","11237280","11237475","chr20","120273706","120273893","16","109036426"
"chr1","11249508","11249748","chr20","120258768","120259009","21","109009260"
"chr1","11272743","11273038","chr20","120237644","120237945","23","108964901"
"chr1","11313450","11313724","chr20","120196634","120196925","42","108883184"
"chr1","11320095","11320350","chr20","120192178","120192417","35","108872083"
"chr1","11383012","11383296","chr20","120145779","120146056","24","108762767"
"chr1","11397115","11397380","chr6","17664504","17664790","65","6267389"
"chr1","11423831","11424144","chr21","13742756","13743060","57","2318925"
"chr1","11425956","11426132","chr20","120103303","120103494","24","108677347"
"chr1","11426438","11426575","chr3","9564943","9565083","22","1861495"
"chr1","11437535","11437833","chr5","26112911","26113207","61","14675376"
"chr1","11459398","11459699","chr21","96477472","96477767","61","85018074"
"chr1","11466029","11466251","chr16","72101347","72101567","39","60635318"
"chr1","11468679","11469014","chrX","939638","939940","91","10529041"
"chr1","11472186","11472357","chr20","120061929","120062094","17","108589743"
"chr1","11483554","11483864","chr12","2637643","2637951","63","8845911"
"chr1","11510429","11510699","chr20","120024935","120025208","21","108514506"
"chr1","11515111","11515391","chr20","120019661","120019946","25","108504550"
"chr1","11527636","11527950","chr20","120006875","120007168","49","108479239"
"chr1","11538463","11538786","chr20","119995993","119996314","16","108457530"
"chr1","11549410","11549532","chr13","62821202","62821322","24","51271792"
"chr1","11572620","11572899","chr20","119959433","119959710","32","108386813"
"chr1","11576173","11576487","chr28","15141829","15142140","60","3565656"
"chr1","11594276","11594578","chr4","70676019","70676325","70","59081743"
"chr1","11594608","11594920","chr20","96470259","96470566","58","84875651"
"chr1","11606662","11606807","chr11","11720868","11721006","42","114206"
"chr1","11614432","11614729","chr20","12300531","12300819","71","686099"
"chr1","11620273","11620576","chr20","119918436","119918740","25","108298163"
"chr1","11634672","11634975","chr20","119905204","119905505","29","108270532"
"chr1","11659893","11660170","chr21","60739547","60739825","53","49079654"
"chr1","11662319","11662636","chr20","119881414","119881729","23","108219095"
"chr1","11669832","11670126","chr20","119874004","119874295","24","108204172"
"chr1","11678224","11678540","chr6","28194245","28194544","67","16516021"
"chr1","11688353","11688594","chr17","41476531","41476780","47","29788178"
"chr1","11693307","11693627","chr20","119852312","119852634","47","108159005"
"chr1","11716459","11716768","chr20","119831015","119831326","25","108114556"
"chr1","11716965","11717143","chr20","119830624","119830786","26","108113659"
"chr1","11717436","11717576","chr20","119830191","119830330","4","108112755"
"chr1","11734239","11734515","chr20","119819393","119819668","23","108085154"
"chr1","11742965","11743293","chr2","13285753","13286068","74","1542788"
"chr1","11747899","11748061","chr18","53891690","53891843","42","42143791"
"chr1","11773163","11773369","chr22","56126729","56126948","53","44353566"
"chr1","11806722","11807016","chr20","119698523","119698818","58","107891801"
"chr1","11831152","11831344","chr25","26487255","26487437","35","14656103"
"chr1","11831624","11831755","chr9","118720087","118720221","16","106888463"
"chr1","11848622","11848902","chr20","119706385","119706669","20","107857763"
"chr1","11857637","11857938","chr20","119698523","119698818","30","107840886"
"chr1","11881899","11882080","chr20","119680011","119680189","12","107798112"
"chr1","11928134","11928426","chr20","119633941","119634233","20","107705807"
"chr1","11955124","11955429","chr20","119606971","119607265","32","107651847"
"chr1","11975405","11975695","chr9","95951467","95951766","56","83976062"
"chr1","11980197","11980322","chr14","65061149","65061271","19","53080952"
"chr1","11981849","11981987","chr28","1881598","1881731","32","10100251"
"chr1","11982276","11982416","chr23","59607593","59607741","26","47625317"
"chr1","11989450","11989733","chr22","47663535","47663816","67","35674085"
"chr1","11999408","11999710","chr14","83641710","83642008","60","71642302"
"chr1","12005276","12005405","chr12","107069926","107070058","21","95064650"
"chr1","12051012","12051291","chr20","119512437","119512737","41","107461425"
"chr1","12052688","12052960","chr20","119511065","119511339","33","107458377"
"chr1","12073974","12074240","chr20","119488539","119488813","30","107414565"
"chr1","12084363","12084498","chr9","117221247","117221380","23","105136884"
"chr1","12090477","12090837","chr20","119473444","119473754","83","107382967"
"chr1","12098914","12099216","chr20","119464881","119465166","40","107365967"
"chr1","12148700","12149000","chr24","32408817","32409124","67","20260117"
"chr1","12177184","12177264","chrX_KE148109v1_random","2250919","2250993","20","9926265"
"chr1","12206705","12207003","chr29","17638060","17638363","59","5431355"
"chr1","12257880","12258124","chr3","20950954","20951198","70","8693074"
"chr1","12269210","12269302","chr23","59348134","59348229","15","47078924"
"chr1","12283899","12284217","chr20","119286385","119286684","45","107002486"
"chr1","12284960","12285239","chr20","119285926","119286221","33","107000966"
"chr1","12303190","12303300","chr20","119269195","119269305","10","106966005"
"chr1","12306971","12307272","chr20","119265193","119265465","43","106958222"
"chr1","12310552","12310860","chr2","12874088","12874394","70","563536"
"chr1","12311532","12311806","chr20","119260394","119260663","34","106948862"
"chr1","12331928","12332205","chr20","119238934","119239211","20","106907006"
"chr1","12344483","12344781","chr7","122607868","122608161","58","110263385"
"chr1","12353030","12353124","chr18","72099014","72099110","24","59745984"
"chr1","12356691","12356818","chr20","119210476","119210603","6","106853785"
"chr1","12402947","12403248","chr5","20560019","20560317","57","8157072"
"chr1","12411557","12411860","chr20","119149956","119150272","26","106738399"
"chr1","12453256","12453567","chr6","33158895","33159205","64","20705639"
"chr1","12509473","12509788","chr20","119049793","119050109","28","106540320"
"chr1","12520771","12520887","chr20","119039524","119039640","8","106518753"
"chr1","12566574","12566698","chr5","26364315","26364422","47","13797741"
"chr1","12672020","12672310","chr12","40601683","40601983","69","27929663"
"chr1","12677051","12677339","chr22","47951245","47951544","69","35274194"
"chr1","12682588","12682874","chr9","55818627","55818905","65","43136039"
"chr1","12694772","12694918","chr20","118936820","118936972","20","106242048"
"chr1","12731527","12731605","chr19","25121929","25122001","22","12390402"
"chr1","12731640","12731671","chr11","118686001","118686032","2","105954361"
"chr1","12746209","12746495","chr9","55818627","55818905","65","43072418"
"chr1","12781256","12781468","chr23","40979320","40979511","65","28198064"
"chr1","12781779","12781913","chr6","41822181","41822315","30","29040402"
"chr1","12802306","12802592","chr9","55818627","55818905","65","43016321"
"chr1","12803109","12803375","chr17","36345919","36346178","66","23542810"
"chr1","12810397","12810669","chr8","36960950","36961219","71","24150553"
"chr1","12838142","12838354","chr23","40979320","40979511","65","28141178"
"chr1","12838663","12838797","chr6","41822181","41822315","30","28983518"
"chr1","12839591","12839771","chr8","24569942","24570115","49","11730351"
"chr1","12840102","12840223","chr14","51251172","51251290","29","38411070"
"chr1","12840256","12840402","chr10","93068093","93068222","49","80227837"
"chr1","12840713","12840843","chr6","41822181","41822315","28","28981468"
"chr1","12860909","12861025","chr20","64741905","64742021","20","51880996"
"chr1","12952785","12953075","chr22","47951245","47951544","66","34998460"
"chr1","12958334","12958615","chr21","120596145","120596431","70","107637811"
"chr1","12969465","12969599","chr6","41822181","41822315","30","28852716"
"chr1","12969910","12970122","chr23","40979320","40979511","65","28009410"
"chr1","13004228","13004514","chr9","55818627","55818905","65","42814399"
"chr1","13024485","13024601","chr3","77269546","77269660","24","64245061"
"chr1","13068770","13068907","chr20","106404979","106405113","33","93336209"
"chr1","13069189","13069375","chr6","12210937","12211121","53","858252"
"chr1","13075667","13075798","chr16","4984574","4984702","23","8091093"
"chr1","13083749","13084015","chr18","24539951","24540211","64","11456202"
"chr1","13144488","13144622","chr6","41822181","41822315","29","28677693"
"chr1","13145244","13145422","chr4","33094297","33094465","52","19949053"
"chr1","13242776","13242913","chr20","106404979","106405113","33","93162203"
"chr1","13243195","13243381","chr6","12210937","12211121","53","1032258"
"chr1","13249673","13249804","chr16","4984574","4984702","23","8265099"
"chr1","13256530","13256796","chr18","24539951","24540211","64","11283421"
"chr1","13325661","13325864","chr10","104136449","104136649","48","90810788"
"chr1","13338978","13339119","chr20","118936820","118936972","23","105597842"
"chr1","13344467","13344716","chr20","118984773","118985055","53","105640306"
"chr1","13415110","13415378","chr1","34974011","34974292","61","21558901"
"chr1","13438705","13438797","chr20","118781939","118782032","4","105343234"
"chr1","13497947","13498057","chr20","118722992","118723101","5","105225045"
"chr1","13498905","13499220","chr1","112237991","112238302","62","98739086"
"chr1","13500228","13500356","chr20","118720412","118720540","13","105220184"
"chr1","13536774","13536900","chr20","8652273","8652397","19","4884501"
"chr1","13538010","13538282","chr20","118682511","118682783","16","105144501"
"chr1","13555086","13555343","chr19","20428872","20429125","50","6873786"
"chr1","13669102","13669317","chr10","2731445","2731661","46","10937657"
"chr1","13724243","13724548","chr5","41237991","41238294","67","27513748"
"chr1","13730394","13730713","chr20","118488181","118488472","45","104757787"
"chr1","13753481","13753776","chr20","112495489","112495789","54","98742008"
"chr1","13820850","13821145","chr9","112297756","112298061","54","98476906"
"chr1","13834346","13834525","chr8","138924401","138924581","31","125090055"
"chr1","13854532","13854791","chr20","118369036","118369295","12","104514504"
"chr1","13912257","13912382","chr23","1069432","1069555","17","12842825"
"chr1","14112366","14112658","chr20","118125131","118125424","27","104012765"
"chr1","14367986","14368275","chr9","23992125","23992400","62","9624139"
"chr1","14417014","14417314","chr20","117823256","117823558","24","103406242"
"chr1","14592581","14592877","chr20","117646473","117646764","23","103053892"
"chr1","14636477","14636751","chr6","16838693","16838955","64","2202216"
"chr1","14642981","14643290","chr21","109023421","109023728","59","94380440"
"chr1","14648317","14648550","chr20","117591391","117591621","28","102943074"
"chr1","14674546","14674851","chr20","117565019","117565320","22","102890473"
"chr1","14677031","14677314","chr20","117562522","117562800","21","102885491"
"chr1","14684301","14684591","chr22","51293260","51293540","53","36608959"
"chr1","14712210","14712514","chr20","117527545","117527850","27","102815335"
"chr1","14730073","14730342","chr9","26190083","26190343","63","11460010"
"chr1","14744037","14744316","chr20","117494111","117494390","19","102750074"
"chr1","14746306","14746619","chr5","14593017","14593320","63","153289"
"chr1","14783637","14783932","chr11","46343863","46344160","59","31560226"
"chr1","14800532","14800692","chr5","75195304","75195463","25","60394772"
"chr1","14818707","14819007","chr20","117418689","117418993","27","102599982"
"chr1","14837433","14837726","chr10","76220349","76220648","56","61382916"
"chr1","14879011","14879148","chr20","117361349","117361485","10","102482338"
"chr1","14879462","14879620","chr20","117360878","117361035","8","102481416"
"chr1","14883371","14883564","chr12","26878004","26878201","38","11994633"
"chr1","14887506","14887795","chr20","117353472","117353764","28","102465966"
"chr1","14905628","14905926","chr20","117330523","117330814","21","102424895"
"chr1","14965556","14965719","chr6","2105468","2105636","35","12860088"
"chr1","14998135","14998438","chr5","36085977","36086277","67","21087842"
"chr1","15089692","15089777","chr10","67057846","67057933","13","51968154"
"chr1","15094606","15094723","chr5","65898292","65898414","21","50803686"
"chr1","15109565","15109784","chrX","45203839","45204056","44","30094274"
"chr1","15110876","15111171","chr20","117131937","117132227","29","102021061"
"chr1","15136319","15136615","chr1","8922729","8923019","63","6213590"
"chr1","15158694","15158970","chr20","117082231","117082501","27","101923537"
"chr1","15170632","15170880","chr20","117069882","117070156","50","101899250"
"chr1","15171368","15171680","chr9","112297756","112298061","59","97126388"
"chr1","15253503","15253781","chr9","85156227","85156506","54","69902724"
"chr1","15257074","15257409","chr17","36566860","36567180","66","21309786"
"chr1","15278527","15278652","chr20","116950407","116950533","13","101671880"
"chr1","15301706","15302000","chr20","116927086","116927373","26","101625380"
"chr1","15302001","15302135","chr20","116926954","116927085","9","101624953"
"chr1","15302372","15302666","chr20","116927086","116927373","26","101624714"
"chr1","15302993","15303122","chr20","116926954","116927085","18","101623961"
"chr1","15325368","15325644","chr10","86535698","86535958","70","71210330"
"chr1","15333682","15333950","chr7","85960048","85960313","66","70626366"
"chr1","15336827","15337096","chr20","116892904","116893174","24","101556077"
"chr1","15345538","15345825","chr10","121263209","121263496","64","105917671"
"chr1","15347485","15347622","chr20","116883077","116883212","12","101535592"
"chr1","15349122","15349413","chr12","42817502","42817783","65","27468380"
"chr1","15359303","15359597","chr20","116874634","116874901","46","101515331"
"chr1","15364312","15364609","chr20","116868353","116868648","25","101504041"
"chr1","15376927","15377222","chr20","116855885","116856176","31","101478958"
"chr1","15380463","15380641","chr6","15370523","15370692","34","9940"
"chr1","15380953","15381076","chr5","36087757","36087881","23","20706804"
"chr1","15391687","15391807","chr20","116842045","116842163","7","101450358"
"chr1","15392060","15392348","chr20","116841509","116841793","31","101449449"
"chr1","15394193","15394504","chr20_KE148052v1_random","8865","9178","27","15385328"
"chr1","15402124","15402471","chr20_KE148052v1_random","16412","16763","38","15385712"
"chr1","15404403","15404720","chr20","116831032","116831341","34","101426629"
"chr1","15419484","15419769","chr2","43351738","43352020","58","27932254"
"chr1","15434085","15434362","chr20_KE148055v1_random","2338","2627","39","15431747"
"chr1","15452682","15452973","chr20","116801721","116802009","38","101349039"
"chr1","15467687","15467900","chr19","9223363","9223572","42","6244324"
"chr1","15487053","15487336","chr20","116774383","116774658","27","101287330"
"chr1","15500359","15500621","chr20","116760873","116761131","27","101260514"
"chr1","15516894","15517203","chr8","95038558","95038871","60","79521664"
"chr1","15520474","15520571","chr20","116733982","116734081","13","101213508"
"chr1","15525339","15525636","chr20","116728654","116728956","27","101203315"
"chr1","15547890","15548191","chr5","60337083","60337383","61","44789193"
"chr1","15548688","15548995","chr20","116708467","116708775","19","101159779"
"chr1","15560916","15561244","chr20","116697412","116697735","35","101136496"
"chr1","15574317","15574689","chr10","11047122","11047472","103","4527195"
"chr1","15580747","15581032","chr14","68391943","68392237","55","52811196"
"chr1","15581429","15581685","chr20","116675822","116676076","21","101094393"
"chr1","15582741","15582938","chr2","58338474","58338663","44","42755733"
"chr1","15582966","15583083","chr9","89998878","89998995","23","74415912"
"chr1","15592316","15592625","chr20","116664025","116664325","36","101071709"
"chr1","15594429","15594701","chr20","116661936","116662208","33","101067507"
"chr1","15598916","15599134","chr20","116657481","116657698","15","101058565"
"chr1","15605030","15605326","chr20","116651103","116651401","34","101046073"
"chr1","15608396","15608519","chr20","116647569","116647690","9","101039173"
"chr1","15609909","15610183","chr9","122684276","122684559","67","107074367"
"chr1","15611528","15611811","chr9","61093538","61093819","69","45482010"
"chr1","15633168","15633321","chr23","79050917","79051070","25","63417749"
"chr1","15633612","15633739","chr8","121812","121937","32","15511800"
"chr1","15641858","15642137","chr25","1230609","1230895","67","14411249"
"chr1","15649559","15649846","chr20","116602998","116603282","25","100953439"
"chr1","15655632","15655938","chr20","116610716","116611000","46","100955084"
"chr1","15664263","15664550","chr20","116602998","116603282","25","100938735"
"chr1","15667256","15667572","chr26","14914882","14915201","63","752374"
"chr1","15670329","15670615","chr12","103939005","103939299","55","88268676"
"chr1","15673118","15673244","chr20","116596663","116596789","4","100923545"
"chr1","15675306","15675371","chr20","116593441","116593506","3","100918135"
"chr1","15677160","15677358","chr20","116591828","116591993","49","100914668"
"chr1","15677621","15677766","chr20","116591416","116591565","22","100913795"
"chr1","15681500","15681784","chr20","116587754","116588038","19","100906254"
"chr1","15709709","15709913","chrX","1982235","1982442","45","13727474"
"chr1","15710219","15710242","chr9","124634318","124634339","10","108924099"
"chr1","15710547","15710657","chr1","114070483","114070594","15","98359936"
"chr1","15733941","15734215","chr8","18352777","18353061","55","2618836"
"chr1","15739682","15739798","chrX","8085467","8085584","15","7654215"
"chr1","15746895","15747207","chr19","7567577","7567878","74","8179318"
"chr1","15763115","15763388","chr16","11502559","11502834","53","4260556"
"chr1","15773142","15773240","chr20","116500863","116500955","14","100727721"
"chr1","15774538","15774789","chr20","71196819","71197070","71","55422281"
"chr1","15777961","15778249","chr20","116496473","116496766","33","100718512"
"chr1","15781006","15781218","chr20","86854233","86854457","48","71073227"
"chr1","15781359","15781560","chr13","10258917","10259119","53","5522442"
"chr1","15789026","15789239","chr3","1088740","1088953","52","14700286"
"chr1","15800279","15800428","chr1","101590594","101590733","33","85790315"
"chr1","15800617","15800829","chr20","86854233","86854457","48","71053616"
"chr1","15807011","15807123","chr20","116470123","116470237","16","100663112"
"chr1","15808192","15808468","chr20","116468774","116469038","28","100660582"
"chr1","15828977","15829076","chr21","34046100","34046203","24","18217123"
"chr1","15831913","15832265","chr20","116441444","116441796","33","100609531"
"chr1","15835500","15835620","chr20","116438377","116438499","7","100602877"
"chr1","15848323","15848601","chr16","60184485","60184763","61","44336162"
"chr1","15858529","15858682","chrX","42017444","42017599","32","26158915"
"chr1","15858981","15859111","chr6","35496988","35497119","23","19638007"
"chr1","15864427","15864639","chr3","26344249","26344458","41","10479822"
"chr1","15879585","15879884","chr20","109082362","109082657","62","93202777"
"chr1","15941208","15941520","chr20","116326658","116326958","32","100385450"
"chr1","15941558","15941622","chr21","44745327","44745389","14","28803769"
"chr1","15941657","15941774","chrX","23627354","23627471","18","7685697"
"chr1","15947145","15947439","chr20","116318684","116318976","18","100371539"
"chr1","15965261","15965358","chr16","4586386","4586483","17","11378875"
"chr1","15966298","15966410","chr20","116299619","116299736","10","100333321"
"chr1","15967895","15968176","chr20","116297832","116298117","26","100329937"
"chr1","15971978","15972261","chr24","77513451","77513730","64","61541473"
"chr1","15973825","15974125","chr6","28194245","28194544","54","12220420"
"chr1","16014037","16014174","chr8","35870612","35870746","20","19856575"
"chr1","16026436","16026676","chr20","116215777","116216016","21","100189341"
"chr1","16038369","16038590","chr20","116203181","116203407","15","100164812"
"chr1","16042219","16042342","chr20","116199301","116199426","11","100157082"
"chr1","16056511","16056765","chr20","116191877","116192143","59","100135366"
"chr1","16081277","16081570","chr22","33245244","33245526","58","17163967"
"chr1","16116273","16116452","chr11","66103778","66103945","52","49987505"
"chr1","16116727","16116867","chr9","112579527","112579672","26","96462800"
"chr1","16118945","16119249","chr20","116133410","116133713","30","100014465"
"chr1","16142247","16142345","chrX","43002976","43003070","17","26860729"
"chr1","16142363","16142611","chrX","22207597","22207845","78","6065234"
"chr1","16177944","16178143","chr20","116076034","116076247","44","99898090"
"chr1","16194869","16195149","chr1","12028862","12029147","55","4166007"
"chr1","16206974","16207282","chr5","2621052","2621357","60","13585922"
"chr1","16207361","16207665","chr20","116046705","116047003","27","99839344"
"chr1","16209305","16209616","chr6","41118210","41118517","68","24908905"
"chr1","16217987","16218198","chr28","8648202","8648410","47","7569785"
"chr1","16226914","16227188","chr24","14249739","14250002","65","1977175"
"chr1","16228191","16228507","chr20","116029702","116030018","28","99801511"
"chr1","16237338","16237453","chr22","19629207","19629320","18","3391869"
"chr1","16242440","16242579","chr5","15307492","15307623","24","934948"
"chr1","16243909","16244210","chr20","116025644","116025951","33","99781735"
"chr1","16246484","16246765","chr20","116023133","116023419","14","99776649"
"chr1","16247108","16247390","chr20","116022492","116022775","38","99775384"
"chr1","16262255","16262582","chr20","116007602","116007912","34","99745347"
"chr1","16267279","16267568","chr20","116004023","116004323","57","99736744"
"chr1","16272876","16273180","chr20","115997085","115997381","29","99724209"
"chr1","16286424","16286688","chr20","115985539","115985812","34","99699115"
"chr1","16289527","16289784","chr20","115982657","115982920","32","99693130"
"chr1","16324874","16325033","chr8","138372252","138372389","44","122047378"
"chr1","16325426","16325608","chr20","115958609","115958802","52","99633183"
"chr1","16333880","16333993","chr19","15304154","15304268","22","1029726"
"chr1","16334595","16334799","chr11","111635430","111635632","53","95300835"
"chr1","16336905","16337215","chr20","115946797","115947092","47","99609892"
"chr1","16343801","16344089","chr20","115922781","115923069","26","99578980"
"chr1","16344701","16344910","chr11","60220611","60220813","55","43875910"
"chr1","16345719","16346025","chr18","21490626","21490936","66","5144907"
"chr1","16364272","16364553","chr9","22697379","22697669","62","6333107"
"chr1","16379927","16380222","chr10","116125292","116125590","79","99745365"
"chr1","16382442","16382762","chr20","115888352","115888671","24","99505910"
"chr1","16383018","16383323","chr20","115887797","115888096","25","99504779"
"chr1","16384957","16385284","chr1","108169339","108169651","69","91784382"
"chr1","16393135","16393410","chr20","115876249","115876528","21","99483114"
"chr1","16425827","16425944","chr20","115799456","115799573","5","99373629"
"chr1","16458975","16459213","chr5","20298100","20298346","78","3839125"
"chr1","16470302","16470540","chr5","20298100","20298346","78","3827798"
"chr1","16475347","16475616","chr20_KE148049v1_random","87349","87669","87","16387998"
"chr1","16719988","16720257","chr20_KE148049v1_random","87349","87669","70","16632639"
"chr1","16733561","16733677","chr20","12672189","12672305","8","4061372"
"chr1","16767798","16767921","chr12","42710438","42710562","15","25942640"
"chr1","16784402","16784689","chr20","115636362","115636641","24","98851960"
"chr1","16788619","16788825","chr4","74505980","74506198","42","57717361"
"chr1","16808428","16808564","chr20","128635303","128635424","34","111826875"
"chr1","16840072","16840363","chr20","115580477","115580785","40","98740405"
"chr1","16850405","16850604","chr25","36636643","36636840","46","19786238"
"chr1","16851947","16852100","chr28","3079249","3079405","28","13772698"
"chr1","16856056","16856275","chr20","115563986","115564193","25","98707930"
"chr1","16860320","16860513","chr20","115559728","115559919","16","98699408"
"chr1","16860802","16860928","chr20","115559318","115559440","12","98698516"
"chr1","16867350","16867480","chr1","12378147","12378270","22","4489203"
"chr1","16869835","16870203","chr11","112161490","112161832","111","95291655"
"chr1","16871045","16871331","chr20","115551193","115551472","26","98680148"
"chr1","16878253","16878557","chr20","115544021","115544299","48","98665768"
"chr1","16885233","16885396","chr1","64080714","64080887","34","47195481"
"chr1","16885699","16885846","chr2","57549702","57549852","26","40664003"
"chr1","16901581","16901712","chr20","115516497","115516628","10","98614916"
"chr1","16913454","16913751","chr6","28194245","28194544","50","11280791"
"chr1","16923214","16923522","chr20","115495649","115495954","24","98572435"
"chr1","16963016","16963320","chr20","115459421","115459722","23","98496405"
"chr1","16967112","16967408","chr20","79998619","79998921","54","63031507"
"chr1","16986259","16986494","chr20","115436670","115436911","24","98450411"
"chr1","16992247","16992510","chr20","115431111","115431392","38","98438864"
"chr1","17008671","17008958","chr14","87883206","87883491","50","70874535"
"chr1","17009703","17009809","chr28_KE148105v1_random","197694","197799","21","16812009"
"chr1","17010110","17010412","chr20","115410738","115411037","38","98400628"
"chr1","17011860","17012131","chr20","115409006","115409277","17","98397146"
"chr1","17066845","17067125","chr11","115348246","115348533","52","98281401"
"chr1","17085051","17085363","chr9","108017712","108018026","58","90932661"
"chr1","17114940","17115225","chr20","115314995","115315279","25","98200055"
"chr1","17134629","17134929","chr20","115288351","115288651","21","98153722"
"chr1","17137005","17137295","chr20","115286042","115286328","27","98149037"
"chr1","17160272","17160565","chr20","115268148","115268440","22","98107876"
"chr1","17166499","17166627","chr20","115252543","115252677","17","98086044"
"chr1","17170569","17170869","chr20","115248178","115248491","37","98077609"
"chr1","17177063","17177349","chr13","82755125","82755414","48","65578062"
"chr1","17189452","17189567","chr22","19629207","19629320","24","2439755"
"chr1","17194886","17195189","chr20","88110045","88110342","59","70915159"
"chr1","17197122","17197352","chr14","15565137","15565367","49","1631985"
"chr1","17217075","17217302","chr20","115208273","115208492","26","97991198"
"chr1","17223283","17223480","chr7","24169950","24170154","46","6946667"
"chr1","17256418","17256728","chr11","60974938","60975245","59","43718520"
"chr1","17292481","17292791","chr10","62807052","62807344","78","45514571"
"chr1","17293214","17293520","chr20","115135682","115135981","28","97842468"
"chr1","17305597","17305760","chr20","115125801","115125969","11","97820204"
"chr1","17306054","17306112","chr20","115125451","115125510","4","97819397"
"chr1","17334825","17335128","chr12","40601683","40601983","57","23266858"
"chr1","17354003","17354291","chr22","57292668","57292955","55","39938665"
"chr1","17358799","17358917","chr23","37261224","37261346","17","19902425"
"chr1","17368221","17368352","chr17","35087422","35087549","21","17719201"
"chr1","17370961","17371262","chr11","65033931","65034241","65","47662970"
"chr1","17379621","17379927","chr20","115042613","115042916","21","97662992"
"chr1","17384920","17385200","chr20","115036812","115037097","22","97651892"
"chr1","17387596","17387912","chrX_KE148108v1_random","5492838","5493148","59","11894758"
"chr1","17427941","17428102","chr5","27890865","27891026","30","10462924"
"chr1","17428118","17428424","chr20","114992628","114992938","24","97564510"
"chr1","17435324","17435491","chr22","41153421","41153581","32","23718097"
"chr1","17435795","17435930","chr20","10302401","10302535","20","7133394"
"chr1","17451445","17451734","chr20","114968804","114969096","25","97517359"
"chr1","17494226","17494540","chr17","35306470","35306782","52","17812244"
"chr1","17561604","17561934","chr6","11367646","11367955","70","6193958"
"chr1","17573258","17573312","chr20","114847938","114847987","13","97274680"
"chr1","17573668","17573915","chr20","114847342","114847583","26","97273674"
"chr1","17583170","17583302","chr20","114837948","114838080","10","97254778"
"chr1","17625302","17625609","chr20","114793875","114794174","32","97168573"
"chr1","17632058","17632353","chr20","114786676","114786982","27","97154618"
"chr1","17659686","17659816","chr8","23496466","23496595","28","5836780"
"chr1","17722354","17722649","chr20","114696805","114697090","28","96974451"
"chr1","17765860","17766173","chr20","114652859","114653180","19","96886999"
"chr1","17798378","17798465","chr20","114627288","114627375","1","96828910"
"chr1","17800103","17800402","chr20","114625353","114625664","34","96825250"
"chr1","17852396","17852609","chr20","114573426","114573619","31","96721030"
"chr1","17928928","17929072","chr3","16872120","16872262","24","1056808"
"chr1","17996860","17997147","chr20","114425861","114426148","17","96429001"
"chr1","18004962","18005234","chr7","58479107","58479375","56","40474145"
"chr1","18061341","18061643","chr12","40601683","40601983","56","22540342"
"chr1","18095084","18095390","chr2","5751815","5752114","67","12343269"
"chr1","18135792","18136099","chr15","52020450","52020751","50","33884658"
"chr1","18222608","18222932","chr17","36566860","36567180","66","18344252"
"chr1","18265102","18265403","chr1","11084327","11084627","64","7180775"
"chr1","18273101","18273399","chr20","114153844","114154138","36","95880743"
"chr1","18280079","18280202","chr22","57223227","57223351","19","38943148"
"chr1","18292375","18292663","chr10","87801139","87801426","55","69508764"
"chr1","18307370","18307640","chr20","114119195","114119501","51","95811825"
"chr1","18329963","18330274","chr9","70808637","70808950","77","52478674"
"chr1","18340093","18340394","chr20","114085632","114085935","30","95745539"
"chr1","18363129","18363417","chr20","114062015","114062311","25","95698886"
"chr1","18395374","18395667","chr24","13364427","13364721","58","5030947"
"chr1","18411200","18411437","chr20","114013915","114014147","16","95602715"
"chr1","18442253","18442549","chr20","113982856","113983159","25","95540603"
"chr1","18443712","18444010","chr6","17664504","17664790","54","779208"
"chr1","18459548","18459841","chr2","34104498","34104788","58","15644950"
"chr1","18466701","18466995","chr20","113960598","113960895","22","95493897"
"chr1","18472571","18472829","chr20","113954843","113955135","57","95482272"
"chr1","18478826","18478955","chr20","113949027","113949158","7","95470201"
"chr1","18479229","18479444","chr7","78583676","78583876","51","60104447"
"chr1","18536715","18537003","chr20","113890984","113891283","30","95354269"
"chr1","18540004","18540286","chr20","113887698","113887974","43","95347694"
"chr1","18559441","18559725","chr6","30581291","30581567","58","12021850"
"chr1","18576698","18576979","chr20","113851078","113851350","36","95274380"
"chr1","18617479","18617659","chr25","79375354","79375526","47","60757875"
"chr1","18659827","18660123","chr5","26112911","26113207","58","7453084"
"chr1","18703440","18703712","chr20","113728972","113729243","22","95025532"
"chr1","18728748","18729045","chr20","113701721","113702011","23","94972973"
"chr1","18732671","18732990","chr11","96472172","96472477","72","77739501"
"chr1","18782848","18783158","chr12","40601683","40601983","49","21818835"
"chr1","18796903","18797201","chr9","22697379","22697669","53","3900476"
"chr1","18825678","18825984","chr2","13476596","13476894","59","5349082"
"chr1","18833843","18834140","chr20","113596595","113596897","22","94762752"
"chr1","18836440","18836716","chr18","62320264","62320542","58","43483824"
"chr1","18855151","18855361","chr19","14210407","14210618","41","4644744"
"chr1","18869598","18869838","chr6","28466492","28466729","47","9596894"
"chr1","18904814","18905040","chr20","113526605","113526829","14","94621791"
"chr1","18907986","18908317","chr17","20110794","20111101","80","1202808"
"chr1","18948142","18948416","chr16","72980868","72981151","73","54032726"
"chr1","18983041","18983257","chr2","36954137","36954350","40","17971096"
"chr1","18994670","18994827","chr20","113436628","113436766","27","94441958"
"chr1","19041482","19041679","chr20","113396750","113396947","20","94355268"
"chr1","19048276","19048473","chr20","113396750","113396947","20","94348474"
"chr1","19067604","19067615","chr1","100064370","100064380","2","80996766"
"chr1","19068184","19068366","chr18","67737643","67737826","50","48669459"
"chr1","19112418","19112547","chr20","113330965","113331088","13","94218547"
"chr1","19148645","19148941","chr21","85082439","85082728","74","65933794"
"chr1","19152434","19152726","chr20","113269037","113269321","28","94116603"
"chr1","19168533","19168616","chr27","46887862","46887944","14","27719329"
"chr1","19195827","19196139","chr17","35306470","35306782","66","16110643"
"chr1","19197548","19197842","chr7","127296985","127297278","51","108099437"
"chr1","19204659","19204783","chr1","34741074","34741198","24","15536415"
"chr1","19216386","19216519","chr20","11835652","11835783","21","7380734"
"chr1","19220608","19220728","chr16","53678571","53678689","13","34457963"
"chr1","19245025","19245324","chr20","113181082","113181379","30","93936057"
"chr1","19272780","19273019","chr2","7982573","7982813","59","11290207"
"chr1","19293573","19293852","chr20","113130884","113131165","18","93837311"
"chr1","19296843","19297102","chr20","113127418","113127675","31","93830575"
"chr1","19312002","19312271","chr20","113112961","113113233","37","93800959"
"chr1","19347078","19347236","chr21","73885273","73885428","40","54538195"
"chr1","19347264","19347356","chrX_KE148109v1_random","2250919","2250993","24","17096345"
"chr1","19368733","19369048","chr5","25360110","25360407","68","5991377"
"chr1","19371742","19372025","chr20","113056657","113056952","38","93684915"
"chr1","19377983","19378282","chr20","113049091","113049383","45","93671108"
"chr1","19388673","19388746","chr20","113040937","113041010","6","93652264"
"chr1","19389381","19389608","chr20","113040075","113040301","11","93650694"
"chr1","19397331","19397581","chr20","113032017","113032267","15","93634686"
"chr1","19404306","19404619","chr20","113024972","113025273","44","93620666"
"chr1","19405019","19405323","chr19","5106918","5107206","64","14298101"
"chr1","19414913","19415231","chr20","113014038","113014338","42","93599125"
"chr1","19415695","19416013","chr11","124002024","124002341","59","104586329"
"chr1","19419260","19419586","chr8","39292803","39293121","71","19873543"
"chr1","19435047","19435335","chr20","112998545","112998836","30","93563498"
"chr1","19468958","19469260","chr20","112965859","112966170","36","93496901"
"chr1","19476074","19476376","chr20","112958399","112958712","29","93482325"
"chr1","19484337","19484651","chr20","112958399","112958712","31","93474062"
"chr1","19491962","19492072","chr20","112944084","112944194","5","93452122"
"chr1","19501623","19501959","chr20","112934541","112934885","40","93432918"
"chr1","19521477","19521791","chr20","112914043","112914356","29","93392566"
"chr1","19530617","19530882","chr20","112904774","112905033","31","93374157"
"chr1","19533125","19533372","chr1","6547966","6548216","47","12985159"
"chr1","19535070","19535272","chr9","90590868","90591072","60","71055798"
"chr1","19535299","19535414","chr23","37150802","37150918","19","17615503"
"chr1","19544285","19544479","chr20","112890525","112890723","25","93346240"
"chr1","19554947","19555237","chr20","112879857","112880118","45","93324910"
"chr1","19566686","19566955","chr20","112869665","112869928","20","93302979"
"chr1","19592498","19592784","chr20","128906554","128906840","54","109314056"
"chr1","19600461","19600739","chr20","112839624","112839904","19","93239163"
"chr1","19600740","19600946","chr20","112839420","112839623","13","93238680"
"chr1","19603881","19604162","chr20","112836185","112836458","36","93232304"
"chr1","19605658","19605788","chr11","116322563","116322690","23","96716905"
"chr1","19646006","19646255","chr21","3756439","3756678","62","15889567"
"chr1","19664853","19665144","chr20","112770182","112770476","30","93105329"
"chr1","19668231","19668539","chr20","112766703","112767005","21","93098472"
"chr1","19673023","19673335","chr20","112756833","112757145","25","93083810"
"chr1","19718098","19718378","chr20","112719009","112719291","23","93000911"
"chr1","19725933","19726041","chr20","112717391","112717500","15","92991458"
"chr1","19726348","19726512","chr20","112716939","112717084","29","92990591"
"chr1","19733518","19733644","chr20","112709607","112709732","13","92976089"
"chr1","19759875","19760185","chr16","61087137","61087448","61","41327262"
"chr1","19765157","19765456","chr6","15642788","15643084","58","4122369"
"chr1","19770039","19770322","chr13","64347447","64347728","51","44577408"
"chr1","19774064","19774187","chr20","112671528","112671650","5","92897464"
"chr1","19806127","19806405","chr20","112639926","112640217","34","92833799"
"chr1","19842367","19842669","chr6","2173195","2173490","68","17669172"
"chr1","19865226","19865360","chr20","112570536","112570670","8","92705310"
"chr1","19950493","19950788","chr12","40601683","40601983","66","20651190"
"chr1","19958057","19958337","chr20","112490059","112490343","44","92532002"
"chr1","19985100","19985346","chr20","112462611","112462873","40","92477511"
"chr1","19992694","19992978","chr20","112454892","112455178","25","92462198"
"chr1","19993703","19994014","chr20","112453866","112454159","44","92460163"
"chr1","20016543","20016814","chr20","112427649","112427915","22","92411106"
"chr1","20024792","20025035","chr20","112419502","112419738","20","92394710"
"chr1","20036819","20037099","chr21","109120735","109121013","53","89083916"
"chr1","20065033","20065349","chr28","18723682","18723992","66","1341351"
"chr1","20076893","20077027","chr8","68545076","68545209","26","48468183"
"chr1","20101449","20101583","chr8","68545076","68545209","26","48443627"
"chr1","20105877","20106095","chr20","112344425","112344645","28","92238548"
"chr1","20106707","20106821","chr20","112343698","112343812","6","92236991"
"chr1","20114855","20115188","chr20","112334764","112335079","41","92219909"
"chr1","20115284","20115567","chr20","112334374","112334642","28","92219090"
"chr1","20196724","20197025","chr20","112255256","112255531","49","92058532"
"chr1","20233750","20234058","chr20","112212382","112212692","39","91978632"
"chr1","20246139","20246464","chr6","16107114","16107436","70","4139025"
"chr1","20249918","20250050","chr20","112201361","112201493","11","91951443"
"chr1","20250353","20250500","chr20","112200894","112201052","24","91950541"
"chr1","20277581","20277882","chr20","112174492","112174791","19","91896911"
"chr1","20374369","20374685","chr20","112076591","112076885","36","91702222"
"chr1","20389577","20389869","chr20","112061786","112062082","30","91672209"
"chr1","20396149","20396459","chr20","112055215","112055529","22","91659066"
"chr1","20402684","20402964","chr20","112048816","112049086","21","91646132"
"chr1","20405755","20406064","chr20","112045595","112045904","22","91639840"
"chr1","20409489","20409777","chr20","112041613","112041901","23","91632124"
"chr1","20435172","20435474","chr1","50286237","50286535","60","29851065"
"chr1","20440806","20441082","chr12","7746413","7746698","67","12694393"
"chr1","20489273","20489552","chr20","111963344","111963614","32","91474071"
"chr1","20489928","20490239","chr11","113450525","113450836","69","92960597"
"chr1","20496555","20496865","chr24","1072705","1073013","57","19423850"
"chr1","20497310","20497617","chr20","111955651","111955957","16","91458341"
"chr1","20500523","20500830","chr8","20518208","20518513","55","17685"
"chr1","20525767","20526101","chr20","111929012","111929362","44","91403245"
"chr1","20534213","20534483","chr21","99879006","99879284","63","79344793"
"chr1","20536110","20536388","chr20","111921208","111921493","24","91385098"
"chr1","20540590","20540852","chr20","111916682","111916944","16","91376092"
"chr1","20550689","20551021","chr20","111906141","111906493","60","91355452"
"chr1","20559942","20560054","chr1","8128376","8128492","18","12431566"
"chr1","20563627","20563929","chr20","111894680","111894990","27","91331053"
"chr1","20595230","20595401","chr1","64080714","64080887","35","43485484"
"chr1","20595698","20595729","chr5","59538366","59538398","7","38942668"
"chr1","20596029","20596157","chr1","267716","267842","21","20328313"
"chr1","20597951","20598266","chr14","18423632","18423933","71","2174319"
"chr1","20600985","20601288","chr20","111860983","111861294","33","91259998"
"chr1","20602613","20602915","chr20","111859358","111859663","28","91256745"
"chr1","20609618","20609924","chr28","2149662","2149969","57","18459956"
"chr1","20611212","20611498","chr20","111850733","111851025","18","91239521"
"chr1","20612800","20613087","chr1","69210315","69210608","59","48597515"
"chr1","20622426","20622670","chr14","64090796","64091053","64","43468370"
"chr1","20641160","20641440","chr20","111822394","111822713","59","91181234"
"chr1","20645135","20645433","chr2","52431319","52431611","24","31786184"
"chr1","20651302","20651583","chr21","74077244","74077523","58","53425942"
"chr1","20655931","20656237","chr5","56259145","56259446","70","35603214"
"chr1","20671600","20671897","chr20","111795056","111795355","30","91123456"
"chr1","20680439","20680621","chr20","111785915","111786086","20","91105476"
"chr1","20680931","20681047","chr2","52440945","52441062","8","31760014"
"chr1","20685573","20685690","chr20","111780866","111780983","8","91095293"
"chr1","20699914","20700195","chr20","111764724","111764998","28","91064810"
"chr1","20713636","20713911","chr20","111750667","111750940","20","91037031"
"chr1","20724813","20725109","chr8","28150032","28150325","58","7425219"
"chr1","20732875","20733173","chr22","45615109","45615406","57","24882234"
"chr1","20733468","20733765","chr20","111721867","111722171","30","90988399"
"chr1","20760450","20760584","chr20","11835652","11835783","22","8924798"
"chr1","20772138","20772443","chr14","43134355","43134646","66","22362217"
"chr1","20772792","20773062","chr20","111684358","111684628","19","90911566"
"chr1","20779393","20779489","chr20","111677581","111677686","19","90898188"
"chr1","20779787","20779949","chr20","111677111","111677276","16","90897324"
"chr1","20779952","20780240","chr3","77381637","77381933","58","56601685"
"chr1","20790103","20790399","chr20","111666695","111666994","26","90876592"
"chr1","20793359","20793648","chr20","111663125","111663415","27","90869766"
"chr1","20803649","20803937","chr6","43582574","43582871","61","22778925"
"chr1","20810987","20811263","chrX","92598740","92599020","60","71787753"
"chr1","20811835","20812137","chr20","111633651","111633921","45","90821816"
"chr1","20813305","20813540","chr20","111632153","111632366","48","90818848"
"chr1","20840934","20841248","chr16","21614696","21614999","62","773762"
"chr1","20846166","20846462","chr1","103001101","103001391","68","82154935"
"chr1","20888482","20888768","chr20","111556123","111556404","31","90667641"
"chr1","20894683","20894984","chr12","40601683","40601983","52","19707000"
"chr1","20900986","20901092","chr20","111543502","111543598","19","90642516"
"chr1","20903425","20903723","chr6","36986089","36986383","63","16082664"
"chr1","20905683","20905982","chr20","111538584","111538884","30","90632901"
"chr1","20913241","20913363","chr20","111530762","111530884","7","90617521"
"chr1","20913602","20913921","chr20","111530227","111530528","37","90616625"
"chr1","20917556","20917859","chr7","14282607","14282923","82","6634949"
"chr1","20928611","20928903","chr20","111515186","111515473","26","90586575"
"chr1","20964378","20964687","chr20","111480409","111480715","27","90516031"
"chr1","20967646","20967814","chr11","8489395","8489562","35","12478251"
"chr1","20970977","20971174","chr20","70659496","70659697","60","49688519"
"chr1","20976804","20977054","chr20","111466606","111466859","31","90489802"
"chr1","20980138","20980406","chr9","109850359","109850641","67","88870221"
"chr1","20985309","20985477","chr11","8489395","8489562","35","12495914"
"chr1","21001852","21002020","chr11","8489395","8489562","35","12512457"
"chr1","21006923","21007191","chr9","109850359","109850641","67","88843436"
"chr1","21011892","21011967","chr26","6763636","6763709","18","14248256"
"chr1","21023266","21023528","chr29","3753951","3754232","72","17269315"
"chr1","21023840","21024131","chr24","55401975","55402268","76","34378135"
"chr1","21029321","21029611","chr7","14330008","14330305","67","6699313"
"chr1","21033699","21034003","chr3","19554105","19554413","67","1479594"
"chr1","21034091","21034398","chr29","3259285","3259589","59","17774806"
"chr1","21040798","21041093","chr7","105140269","105140564","76","84099471"
"chr1","21042348","21042658","chr20","111416241","111416551","25","90373893"
"chr1","21046796","21047086","chr20","111411512","111411814","37","90364716"
"chr1","21057942","21058245","chr20","111397834","111398138","22","90339892"
"chr1","21058477","21058695","chr1","50447177","50447396","42","29388700"
"chr1","21077931","21078234","chr20","111397834","111398138","22","90319903"
"chr1","21115863","21116174","chr20","111359896","111360194","30","90244033"
"chr1","21126295","21126440","chr20","111349467","111349593","26","90223172"
"chr1","21145813","21145962","chr9","26328361","26328513","42","5182548"
"chr1","21146264","21146386","chr9","96934815","96934930","25","75788551"
"chr1","21149543","21149662","chr9","96934815","96934930","23","75785272"
"chr1","21150081","21150379","chr20","111329154","111329451","32","90179073"
"chr1","21153314","21153612","chr20","111325899","111326193","37","90172585"
"chr1","21155515","21155812","chrX","48528467","48528761","59","27372952"
"chr1","21175514","21175775","chr20","111299218","111299481","23","90123704"
"chr1","21191831","21192092","chr20","111299218","111299481","23","90107387"
"chr1","21215958","21216257","chr11","60149148","60149448","46","38933190"
"chr1","21229982","21230272","chr24","54921299","54921588","59","33691317"
"chr1","21245852","21246138","chr5","69933160","69933446","59","48687308"
"chr1","21280534","21280828","chr2","5751815","5752114","60","15528719"
"chr1","21295442","21295582","chr20","111207326","111207447","31","89911884"
"chr1","21295893","21295924","chrX","41782961","41782994","7","20487068"
"chr1","21296242","21296372","chr22","10163974","10164117","35","11132268"
"chr1","21301496","21301630","chr4","22905624","22905758","25","1604128"
"chr1","21301969","21302110","chr5","26551828","26551970","27","5249859"
"chr1","21302681","21302872","chr11","49733032","49733224","45","28430351"
"chr1","21310252","21310371","chr13","34495153","34495270","16","13184901"
"chr1","21310661","21310849","chr20","85657911","85658097","48","64347250"
"chr1","21318578","21318875","chr20","111184875","111185156","28","89866297"
"chr1","21415497","21415787","chr20_KE148050v1_random","249739","250029","28","21165758"
"chr1","21447351","21447502","chr5","27629731","27629877","28","6182380"
"chr1","21479112","21479413","chr11","118281378","118281671","57","96802266"
"chr1","21492616","21492792","chr12","7890517","7890695","31","13602099"
"chr1","21493108","21493218","chr1","8321621","8321731","25","13171487"
"chr1","21520678","21520819","chr20","111078206","111078348","6","89557528"
"chr1","21524477","21524729","chr20","111074256","111074517","38","89549779"
"chr1","21529691","21529994","chr10","76220349","76220648","59","54690658"
"chr1","21534787","21535092","chr11","104120287","104120586","54","82585500"
"chr1","21535094","21535239","chr4","53202280","53202419","29","31667186"
"chr1","21543387","21543686","chr25","44770913","44771213","54","23227526"
"chr1","21552673","21552928","chr12","87334913","87335173","68","65782240"
"chr1","21593975","21594274","chr20","111006310","111006602","24","89412335"
"chr1","21596039","21596317","chr5","25926996","25927273","57","4330957"
"chr1","21618024","21618331","chr2","59342373","59342674","55","37724349"
"chr1","21646953","21647213","chr20","110953388","110953640","18","89306435"
"chr1","21654095","21654411","chr20","110946194","110946514","29","89292099"
"chr1","21667387","21667669","chr20","110932862","110933144","14","89265475"
"chr1","21672573","21672822","chr20","110927818","110928070","23","89255245"
"chr1","21676764","21677071","chr11","75012171","75012475","64","53335407"
"chr1","21685942","21686239","chr20","110915191","110915482","26","89229249"
"chr1","21697810","21698124","chr20","110903402","110903724","33","89205592"
"chr1","21701601","21701750","chr12","47181564","47181718","34","25479963"
"chr1","21702369","21702414","chr11","121284468","121284515","9","99582099"
"chr1","21705354","21705636","chr20","110899164","110899449","16","89193810"
"chr1","21713222","21713529","chr20","110891382","110891691","26","89178160"
"chr1","21719374","21719497","chr20","110885406","110885528","15","89166032"
"chr1","21725631","21725839","chr20","110879583","110879754","49","89153952"
"chr1","21733789","21733976","chr20","110869033","110869223","24","89135244"
"chr1","21741463","21741741","chr14","69387761","69388040","70","47646298"
"chr1","21754702","21754899","chr20","100346341","100346533","47","78591639"
"chr1","21773168","21773473","chr20","110823035","110823341","11","89049867"
"chr1","21830060","21830336","chr16","74861032","74861310","87","53030972"
"chr1","21833584","21833851","chr16","74861032","74861310","63","53027448"
"chr1","21849866","21850168","chr11","90757791","90758089","55","68907925"
"chr1","21858155","21858421","chr6","11668104","11668371","51","10190051"
"chr1","21872293","21872542","chr20","110723854","110724104","16","88851561"
"chr1","21874068","21874336","chr5","42985700","42985971","56","21111632"
"chr1","21940539","21940737","chr24","69922656","69922848","74","47982117"
"chr1","21948678","21948958","chr6","5153463","5153730","66","16795215"
"chr1","21951078","21951358","chr6","5153463","5153730","66","16797615"
"chr1","21959804","21960085","chr5","58972372","58972646","61","37012568"
"chr1","21971391","21971696","chr24","50849735","50850034","20","28878344"
"chr1","21976899","21977184","chr16","70199526","70199803","68","48222627"
"chr1","21982484","21982758","chr3","20411563","20411841","60","1570921"
"chr1","21983051","21983089","chr7","87712762","87712802","11","65729711"
"chr1","21991850","21992164","chr11","90757791","90758089","70","68765941"
"chr1","21992180","21992482","chr2","34193701","34194002","70","12201521"
"chr1","21996940","21997240","chr20","110624881","110625205","38","88627941"
"chr1","22009531","22009828","chr12","40601683","40601983","55","18592152"
"chr1","22012432","22012699","chr20","110623116","110623392","23","88610684"
"chr1","22016373","22016665","chr12","103939005","103939299","53","81922632"
"chr1","22019693","22019901","chr20","110616443","110616657","14","88596750"
"chr1","22036898","22037205","chr20","110602165","110602464","30","88565267"
"chr1","22053796","22054067","chr13","13838030","13838313","62","8215766"
"chr1","22149832","22150129","chr20","110491839","110492137","19","88342007"
"chr1","22193504","22193793","chr24","54921299","54921588","65","32727795"
"chr1","22222175","22222478","chr20","110419211","110419493","54","88197036"
"chr1","22237090","22237205","chr20","110404421","110404536","10","88167331"
"chr1","22239695","22239995","chr20","110401604","110401906","43","88161909"
"chr1","22274329","22274647","chr20","110367825","110368132","31","88093496"
"chr1","22292154","22292272","chr20","110349082","110349201","14","88056928"
"chr1","22298981","22299131","chr20","110342107","110342265","16","88043126"
"chr1","22318582","22318862","chr20","110321886","110322149","33","88003304"
"chr1","22334958","22335081","chr15","4227960","4228086","17","18106998"
"chr1","22335581","22335881","chr20","110304104","110304411","25","87968523"
"chr1","22410218","22410443","chr20","110234756","110234981","19","87824538"
"chr1","22438703","22438844","chr20","110206087","110206228","8","87767384"
"chr1","22452729","22453037","chrX","8312649","8312951","59","14140080"
"chr1","22458308","22458399","chr29","18343429","18343519","12","4114879"
"chr1","22554854","22555135","chr20","110092763","110093040","23","87537909"
"chr1","22602271","22602582","chr20","110054624","110054905","56","87452353"
"chr1","22629899","22630197","chr20","79976042","79976337","55","57346143"
"chr1","22634560","22634870","chr5","36390138","36390448","54","13755578"
"chr1","22664464","22664762","chr21","79857628","79857926","53","57193164"
"chr1","22686347","22686694","chr11","108647278","108647610","100","85960931"
"chr1","22695565","22695881","chr2","34850903","34851216","56","12155338"
"chr1","22729244","22729559","chrX","108377008","108377318","53","85647764"
"chr1","22733138","22733296","chr25","78885663","78885819","28","56152525"
"chr1","22736814","22737082","chr20","109923195","109923483","38","87186381"
"chr1","22737212","22737511","chr20","109922765","109923065","26","87185553"
"chr1","22752684","22752980","chr11","90757791","90758089","61","68005107"
"chr1","22763127","22763444","chr9","8573382","8573689","62","14189745"
"chr1","22785325","22785439","chrX_KE148108v1_random","793966","794079","16","21991359"
"chr1","22797485","22797657","chr20","109861763","109861937","21","87064278"
"chr1","22805472","22805770","chr19","21326162","21326460","52","1479310"
"chr1","22816031","22816147","chr28","9527603","9527719","13","13288428"
"chr1","22894355","22894655","chr11","46228408","46228704","49","23334053"
"chr1","22926598","22926914","chr1","18859380","18859693","69","4067218"
"chr1","22928606","22928866","chr7","42691860","42692120","60","19763254"
"chr1","22929925","22930229","chr3","6642626","6642930","62","16287299"
"chr1","22932160","22932449","chr6","15020524","15020806","78","7911636"
"chr1","22932502","22932782","chr9","63154724","63155002","65","40222222"
"chr1","22935125","22935310","chr16","30710266","30710459","53","7775141"
"chr1","22944257","22944554","chr11","46228408","46228704","53","23284151"
"chr1","22951606","22951901","chr26","18145011","18145300","58","4806595"
"chr1","22953608","22953882","chr20","109701244","109701507","37","86747636"
"chr1","22966072","22966323","chr20","109701818","109702074","38","86735746"
"chr1","22968973","22968999","chr1","66944994","66945022","5","43976021"
"chr1","22969300","22969573","chr20","109694700","109694962","26","86725400"
"chr1","22974181","22974325","chr19","12117506","12117643","31","10856675"
"chr1","22974646","22974847","chr7","78583676","78583876","49","55609030"
"chr1","23037520","23037611","chr11","38638598","38638690","21","15601078"
"chr1","23039858","23039949","chr11","38638598","38638690","21","15598740"
"chr1","23062766","23063053","chr5","57601970","57602257","72","34539204"
"chr1","23066182","23066439","chr8","27025159","27025411","63","3958977"
"chr1","23066651","23066798","chr3","3665325","3665479","40","19401326"
"chr1","23072065","23072364","chr20","109612507","109612802","17","86540442"
"chr1","23105600","23105879","chrX","108352539","108352812","73","85246939"
"chr1","23110691","23110808","chr20","109573405","109573522","6","86462714"
"chr1","23110981","23111278","chr20","109572993","109573310","45","86462012"
"chr1","23116428","23116714","chr22","10475385","10475677","60","12641043"
"chr1","23118895","23118983","chr20","109565235","109565323","8","86446340"
"chr1","23124187","23124459","chr20","109559782","109560060","28","86435595"
"chr1","23128470","23128745","chr20","109555472","109555741","53","86427002"
"chr1","23129535","23129825","chr20","109554398","109554687","19","86424863"
"chr1","23148065","23148359","chr20","109533570","109533862","25","86385505"
"chr1","23152124","23152293","chr1","18448206","18448375","35","4703918"
"chr1","23152578","23152726","chr20","109531239","109531386","8","86378661"
"chr1","23164654","23164913","chr20","109519142","109519401","17","86354488"
"chr1","23168183","23168384","chr5","67293650","67293854","48","44125467"
"chr1","23182890","23183018","chr20","109501735","109501871","17","86318845"
"chr1","23183624","23183790","chr20","109500969","109501131","10","86317345"
"chr1","23187413","23187722","chr21","120577440","120577745","58","97390027"
"chr1","23192337","23192609","chr1","7373371","7373646","61","15818966"
"chr1","23206355","23206643","chr20","109475656","109475944","20","86269301"
"chr1","23208757","23209065","chr5","43910172","43910481","57","20701415"
"chr1","23212910","23213198","chr20","109475656","109475944","20","86262746"
"chr1","23215314","23215622","chr5","43910172","43910481","57","20694858"
"chr1","23236866","23237122","chr12","98520324","98520587","65","75283458"
"chr1","23240659","23240966","chr20","109445557","109445866","50","86204898"
"chr1","23249428","23249587","chr20","109436862","109437037","28","86187434"
"chr1","23249875","23250004","chr20","109436454","109436588","15","86186579"
"chr1","23252138","23252329","chr6","44065286","44065473","36","20813148"
"chr1","23255192","23255477","chr10","108237329","108237614","59","84982137"
"chr1","23260988","23261304","chr20","109425024","109425340","42","86164036"
"chr1","23275464","23275566","chr20","109414281","109414384","10","86138817"
"chr1","23275830","23275999","chr3","67798097","67798262","38","44522267"
"chr1","23280708","23281012","chr20","109410627","109410934","23","86129919"
"chr1","23287778","23288049","chr20","125772260","125772536","52","102484482"
"chr1","23298610","23298915","chr5","26112911","26113207","56","2814301"
"chr1","23336753","23336932","chr10","58843729","58843899","45","35506976"
"chr1","23353313","23353533","chr1","10373027","10373229","67","12980286"
"chr1","23366674","23366778","chr21","73873101","73873192","26","50506427"
"chr1","23384109","23384398","chr20","109309032","109309329","35","85924923"
"chr1","23395909","23396048","chr20","109298237","109298351","28","85902328"
"chr1","23396326","23396528","chr20","109297762","109297951","18","85901436"
"chr1","23399030","23399339","chr7","56796740","56797045","56","33397710"
"chr1","23419213","23419525","chr8","49725682","49725984","58","26306469"
"chr1","23421698","23421962","chr20","109274425","109274683","21","85852727"
"chr1","23468181","23468498","chr16","60470810","60471118","56","37002629"
"chr1","23480685","23480816","chr14","21806073","21806204","17","1674612"
"chr1","23483876","23484186","chr5","34721151","34721459","68","11237275"
"chr1","23486540","23486688","chr29","19744910","19745056","32","3741630"
"chr1","23486981","23487173","chr2","32097068","32097258","41","8610087"
"chr1","23514934","23515119","chr7","100013953","100014134","38","76499019"
"chr1","23515426","23515565","chr9","86775458","86775590","31","63260032"
"chr1","23516680","23516844","chr1","63066121","63066270","46","39549441"
"chr1","23527580","23527850","chr20","109176413","109176679","26","85648833"
"chr1","23535725","23536026","chr11","106283448","106283746","58","82747723"
"chr1","23540202","23540503","chr20","109161944","109162246","27","85621742"
"chr1","23544972","23545280","chr20","109157229","109157546","35","85612257"
"chr1","23571111","23571402","chr20","109134219","109134513","25","85563108"
"chr1","23594497","23594788","chr20","109110164","109110472","33","85515667"
"chr1","23603495","23603788","chr3","10514269","10514565","57","13089226"
"chr1","23617036","23617173","chr20","109087926","109088057","12","85470890"
"chr1","23622718","23623020","chr20","109082362","109082657","22","85459644"
"chr1","23629816","23630091","chr20","111184875","111185156","62","87555059"
"chr1","23633038","23633277","chr8","20258651","20258884","59","3374387"
"chr1","23658590","23658877","chr20","109047137","109047421","18","85388547"
"chr1","23658911","23658925","chr6","34977710","34977724","2","11318799"
"chr1","23686309","23686425","chr1","8128376","8128492","15","15557933"
"chr1","23704656","23704946","chr20","108997926","108998219","21","85293270"
"chr1","23713425","23713701","chr20","108989591","108989866","12","85276166"
"chr1","23714171","23714482","chr16","61608871","61609181","53","37894700"
"chr1","23727757","23727901","chr20","108975983","108976127","7","85248226"
"chr1","23730023","23730113","chr20","108973554","108973645","9","85243531"
"chr1","23730717","23730881","chr20","108972473","108972653","30","85241756"
"chr1","23732987","23733279","chr17","1868384","1868664","63","21864603"
"chr1","23745534","23745807","chr8","24470415","24470696","56","724881"
"chr1","23776244","23776331","chr20","108931444","108931525","13","85155200"
"chr1","23776622","23776829","chr20","108930944","108931145","33","85154322"
"chr1","23786085","23786355","chr22","60300921","60301194","56","36514836"
"chr1","23835333","23835443","chr21","77482708","77482820","27","53647375"
"chr1","23837395","23837690","chr20","108870152","108870469","37","85032757"
"chr1","23848143","23848277","chr20","108858681","108858818","14","85010538"
"chr1","23849688","23849991","chr20","108855283","108855586","21","85005595"
"chr1","23865910","23866207","chr8","28798213","28798504","60","4932303"
"chr1","23883728","23884038","chr20","108834285","108834596","21","84950557"
"chr1","23909376","23909493","chr1","8128376","8128492","18","15781000"
"chr1","23915921","23916051","chr20","108796938","108797065","11","84881017"
"chr1","23929269","23929424","chr1","6882374","6882537","42","17046895"
"chr1","23929451","23929569","chr18","30186654","30186770","20","6257203"
"chr1","23933719","23934038","chr20","108777172","108777473","39","84843453"
"chr1","23941064","23941196","chrX","64400842","64400971","22","40459778"
"chr1","23960495","23960800","chr6","2173195","2173490","66","21787300"
"chr1","23965982","23966284","chr20","108749444","108749744","30","84783462"
"chr1","24015036","24015275","chr20","108706290","108706518","33","84691254"
"chr1","24018829","24019119","chr2","66755488","66755777","59","42736659"
"chr1","24026509","24026706","chr20","108697299","108697509","33","84670790"
"chr1","24027010","24027140","chr20","108696846","108696960","22","84669836"
"chr1","24037166","24037505","chr20","108677698","108678006","77","84640532"
"chr1","24054054","24054339","chr25","1851212","1851496","60","22202842"
"chr1","24060490","24060783","chr20","108657657","108657956","35","84597167"
"chr1","24065770","24066063","chrX","45141713","45142009","54","21075943"
"chr1","24071705","24071976","chr24","71341398","71341665","81","47269693"
"chr1","24073023","24073323","chr20","108648442","108648745","22","84575419"
"chr1","24133040","24133336","chr21","31332828","31333118","55","7199788"
"chr1","24134563","24134853","chr20","108584001","108584297","21","84449438"
"chr1","24147705","24147995","chrX","8312649","8312951","54","15835056"
"chr1","24167961","24168077","chr1","114028015","114028132","15","89860054"
"chr1","24171201","24171495","chr16","21614696","21614999","50","2556505"
"chr1","24174788","24174998","chr20","108549155","108549368","25","84374367"
"chr1","24194939","24195209","chr20","108528980","108529236","29","84334041"
"chr1","24206616","24206773","chr20","108517625","108517775","14","84311009"
"chr1","24207087","24207229","chr20","108517175","108517316","6","84310088"
"chr1","24209443","24209656","chr20","108515389","108515626","38","84305946"
"chr1","24219121","24219405","chr20","108505602","108505890","22","84286481"
"chr1","24234443","24234692","chr17","39241178","39241426","63","15006735"
"chr1","24240324","24240494","chr20","108485346","108485523","19","84245022"
"chr1","24240778","24240919","chr20","108484915","108485061","12","84244137"
"chr1","24245257","24245401","chr20","108480454","108480596","16","84235197"
"chr1","24245703","24245864","chr20","108479975","108480137","11","84234272"
"chr1","24255876","24256182","chr4","72236676","72236987","58","47980800"
"chr1","24270162","24270465","chr28","10055556","10055859","56","14214606"
"chr1","24289508","24289815","chr18","21490626","21490936","58","2798882"
"chr1","24312055","24312353","chr2","10254529","10254833","55","14057526"
"chr1","24314985","24315143","chr6","14643002","14643160","29","9671983"
"chr1","24317063","24317344","chr20","108403752","108404035","24","84086689"
"chr1","24327255","24327549","chrX_KE148108v1_random","1020209","1020503","56","23307046"
"chr1","24419417","24419732","chr20","108312402","108312722","36","83892985"
"chr1","24439030","24439314","chr20","108292989","108293270","47","83853959"
"chr1","24447995","24448275","chr20","108283646","108283945","43","83835651"
"chr1","24449114","24449236","chr20","108282708","108282831","9","83833594"
"chr1","24456765","24457058","chr20","108274736","108275039","31","83817971"
"chr1","24479760","24480071","chr11","105317852","105318151","66","80838092"
"chr1","24488542","24488853","chr6","12258379","12258691","66","12230163"
"chr1","24495269","24495416","chr2","26303906","26304059","36","1808637"
"chr1","24506091","24506450","chr10","122126878","122127223","93","97620787"
"chr1","24507571","24507834","chr1","68448925","68449197","77","43941354"
"chr1","24516950","24517249","chr15","56868652","56868959","73","32351702"
"chr1","24519719","24520019","chr5","20771844","20772137","54","3747875"
"chr1","24526530","24526837","chr26","3365408","3365707","24","21161122"
"chr1","24552243","24552491","chr20","108170014","108170272","25","83617771"
"chr1","24602758","24602890","chr20","108118211","108118343","12","83515453"
"chr1","24603933","24604238","chr5","25653868","25654181","55","1049935"
"chr1","24632196","24632513","chr20","108090867","108091184","19","83458671"
"chr1","24643351","24643661","chr22","28054271","28054580","69","3410920"
"chr1","24648923","24649232","chr24","54921299","54921588","74","30272376"
"chr1","24653097","24653399","chr11","66347869","66348164","63","41694772"
"chr1","24661645","24661757","chr20","108058519","108058631","3","83396874"
"chr1","24679540","24679626","chr11","76185847","76185932","18","51506307"
"chr1","24694462","24694721","chr20","108026342","108026598","16","83331880"
"chr1","24699737","24699994","chr7","97631701","97631962","62","72931964"
"chr1","24706111","24706231","chr25","73577668","73577792","23","48871557"
"chr1","24714709","24715017","chr5","36390138","36390448","49","11675429"
"chr1","24745392","24745684","chr20","107981668","107981961","20","83236276"
"chr1","24761665","24761815","chr10","38424117","38424267","32","13662452"
"chr1","24762132","24762267","chr20","10302401","10302535","30","14459731"
"chr1","24775956","24776093","chr20","107948918","107949055","12","83172962"
"chr1","24776371","24776540","chr20","107948469","107948642","17","83172098"
"chr1","24786967","24787259","chr20","9280911","9281202","66","15506056"
"chr1","24798641","24798944","chr20","107920551","107920846","26","83121910"
"chr1","24799558","24799837","chr8","24719512","24719799","58","80046"
"chr1","24807780","24808084","chr20","107909593","107909901","19","83101813"
"chr1","24815947","24816071","chr20","107904051","107904174","8","83088104"
"chr1","24817274","24817554","chr20","107902572","107902852","23","83085298"
"chr1","24836026","24836344","chr20","122268567","122268865","59","97432541"
"chr1","24868149","24868435","chr21","97182555","97182840","52","72314406"
"chr1","24870888","24871006","chr20","107851485","107851602","9","82980597"
"chr1","24881229","24881527","chr20","107840905","107841215","42","82959676"
"chr1","24881898","24882076","chr3","24365986","24366156","33","515912"
"chr1","24882116","24882147","chr24","50830239","50830270","1","25948123"
"chr1","24901701","24902008","chr5","43761345","43761656","54","18859644"
"chr1","24940421","24940721","chr20","107776707","107777004","19","82836286"
"chr1","24954584","24954858","chr20","107805868","107806139","23","82851284"
"chr1","24983153","24983453","chr20","107776707","107777004","19","82793554"
"chr1","25139486","25139810","chr20","107632465","107632778","29","82492979"
"chr1","25179495","25179578","chr10","23683650","23683733","15","1495845"
"chr1","25188732","25188960","chr20","107582297","107582522","12","82393565"
"chr1","25206314","25206644","chr20","107564716","107565030","32","82358402"
"chr1","25228019","25228207","chrX","69664324","69664517","47","44436305"
"chr1","25238815","25239116","chr20","107532325","107532617","43","82293510"
"chr1","25268850","25269160","chr20","107500558","107500853","35","82231708"
"chr1","25279276","25279555","chr8","39841233","39841514","49","14561957"
"chr1","25281118","25281287","chr9","35114731","35114863","72","9833613"
"chr1","25282373","25282662","chr6","2365278","2365557","69","22917095"
"chr1","25306908","25307221","chr6","30290927","30291235","75","4984019"
"chr1","25308740","25309015","chr28","9434908","9435184","79","15873832"
"chr1","25320027","25320273","chr6","11192729","11192967","65","14127298"
"chr1","25326479","25326775","chr20","107445440","107445735","20","82118961"
"chr1","25346362","25346635","chr6","6122482","6122737","78","19223880"
"chr1","25357047","25357228","chr20","107366075","107366248","18","82009028"
"chr1","25359641","25359851","chr20","107368659","107368870","14","82009018"
"chr1","25368268","25368568","chr20","107376961","107377251","35","82008693"
"chr1","25422602","25422886","chr20","107422793","107423084","24","82000191"
"chr1","25427446","25427715","chr20","107419289","107419557","23","81991843"
"chr1","25429480","25429711","chr20","107417283","107417511","23","81987803"
"chr1","25430547","25430834","chr20","107415861","107416130","38","81985314"
"chr1","25449025","25449308","chr20","107396571","107396855","28","81947546"
"chr1","25465891","25466187","chr20","107376961","107377251","28","81911070"
"chr1","25488853","25489124","chr27","24498388","24498657","60","990465"
"chr1","25509495","25509783","chr20","107333930","107334206","22","81824435"
"chr1","25528964","25529280","chr20","107313494","107313810","21","81784530"
"chr1","25591519","25591820","chr11","46228408","46228704","72","20636889"
"chr1","25622134","25622412","chr20","107227532","107227809","22","81605398"
"chr1","25653913","25654207","chr20","107194203","107194489","33","81540290"
"chr1","25660520","25660833","chr28","15141829","15142140","58","10518691"
"chr1","25697329","25697626","chr8","93067883","93068179","63","67370554"
"chr1","25745028","25745329","chr20","107107391","107107660","62","81362363"
"chr1","25771668","25771982","chr20","107080018","107080329","21","81308350"
"chr1","25780698","25781001","chr20","107071014","107071303","30","81290316"
"chr1","25803182","25803498","chr20","107055811","107056103","38","81252629"
"chr1","25805711","25805816","chr8","117911849","117911954","25","92106138"
"chr1","25823440","25823728","chr7","129859920","129860203","55","104036480"
"chr1","25874112","25874390","chr7","46434118","46434407","68","20560006"
"chr1","25904057","25904372","chr16","33314948","33315243","65","7410891"
"chr1","25925125","25925414","chr20","106936773","106937067","25","81011648"
"chr1","25925506","25925792","chr20","106936398","106936679","22","81010892"
"chr1","25934923","25935212","chr22","18532485","18532779","45","7402438"
"chr1","25945509","25945797","chr22","18532485","18532779","44","7413024"
"chr1","25953576","25953697","chr12","32600739","32600859","25","6647163"
"chr1","25962817","25963111","chr20","120606386","120606675","68","94643569"
"chr1","25965273","25965572","chr20","106905220","106905518","17","80939947"
"chr1","25971811","25972095","chrX_KE148109v1_random","2554777","2555056","59","23417034"
"chr1","25982692","25982934","chr20","106888354","106888615","42","80905662"
"chr1","26010214","26010481","chr20","106862268","106862533","22","80852054"
"chr1","26024732","26024847","chr20","106848117","106848227","8","80823385"
"chr1","26028254","26028438","chr20","106844735","106844892","45","80816481"
"chr1","26037768","26038074","chr20","106835106","106835412","8","80797338"
"chr1","26061207","26061509","chr20","106809588","106809883","33","80748381"
"chr1","26069275","26069582","chr20","106801837","106802135","19","80732562"
"chr1","26070774","26071086","chr20","106800339","106800655","38","80729565"
"chr1","26088471","26088587","chr20","106781955","106782071","3","80693484"
"chr1","26101896","26102197","chr20","106765847","106766142","25","80663951"
"chr1","26111208","26111379","chr20","106753236","106753411","21","80642028"
"chr1","26148052","26148348","chrX","26089054","26089355","30","58998"
"chr1","26158220","26158401","chr4","10029847","10030029","47","16128373"
"chr1","26160495","26160769","chr12","103939005","103939299","63","77778510"
"chr1","26168712","26168985","chr6","27652457","27652739","61","1483745"
"chr1","26177917","26178219","chr2","59695968","59696279","57","33518051"
"chr1","26183668","26183693","chr20","106688233","106688261","4","80504565"
"chr1","26183728","26183951","chr20","106687971","106688197","20","80504243"
"chr1","26199556","26199857","chr20","106670562","106670860","25","80471006"
"chr1","26208615","26208718","chr14","63581769","63581870","25","37373154"
"chr1","26218971","26219141","chr14","21806528","21806693","33","4412443"
"chr1","26254329","26254625","chr20","106614270","106614566","19","80359941"
"chr1","26267696","26267835","chr11","117131552","117131684","25","90863856"
"chr1","26306582","26306715","chr20","106561642","106561775","10","80255060"
"chr1","26307080","26307228","chr6","16126892","16127047","33","10180188"
"chr1","26310097","26310230","chr20","106559310","106559443","6","80249213"
"chr1","26312020","26312136","chr20","106557316","106557432","9","80245296"
"chr1","26313397","26313701","chr1","37772325","37772625","54","11458928"
"chr1","26313868","26314160","chr20","106555303","106555584","40","80241435"
"chr1","26329893","26330209","chr16","44432881","44433188","63","18102988"
"chr1","26346610","26346909","chr15","33673402","33673684","75","7326792"
"chr1","26397296","26397520","chr20","106486125","106486347","28","80088829"
"chr1","26401640","26401946","chr20","106481810","106482119","20","80080170"
"chr1","26432608","26432921","chr28","15141829","15142140","57","11290779"
"chr1","26433146","26433413","chr20","106448785","106449045","23","80015639"
"chr1","26458435","26458716","chr20","106424316","106424598","16","79965881"
"chr1","26473656","26473924","chr17","36796582","36796853","71","10322926"
"chr1","26478986","26479115","chr7","13923171","13923302","18","12555815"
"chr1","26491035","26491105","chr7","34581434","34581503","16","8090399"
"chr1","26496707","26497013","chr9","235849","236148","51","26260858"
"chr1","26497508","26497786","chr18","71211373","71211644","68","44713865"
"chr1","26498124","26498371","chr20","92172244","92172496","53","65674120"
"chr1","26507272","26507389","chr20","106374472","106374592","14","79867200"
"chr1","26524743","26524886","chr28","20029472","20029622","36","6495271"
"chr1","26525202","26525336","chr17","29621114","29621249","21","3095912"
"chr1","26550033","26550362","chr2","42585574","42585893","79","16035541"
"chr1","26554471","26554682","chr16","65691453","65691648","61","39136982"
"chr1","26555137","26555430","chrX_KE148108v1_random","1020209","1020503","53","25534928"
"chr1","26561161","26561467","chr12","40601683","40601983","70","14040522"
"chr1","26562132","26562431","chr9","87484990","87485287","54","60922858"
"chr1","26566899","26567157","chr20","106315010","106315282","47","79748111"
"chr1","26602690","26602981","chrX","17354908","17355199","66","9247782"
"chr1","26607065","26607365","chr10","42929000","42929301","49","16321935"
"chr1","26609332","26609611","chrX","108338292","108338582","62","81728960"
"chr1","26609838","26610019","chr20","106271004","106271185","12","79661166"
"chr1","26616570","26616813","chr10","86481661","86481888","73","59865091"
"chr1","26621969","26622256","chr16","15208206","15208457","121","11413763"
"chr1","26622281","26622540","chr20","106256277","106256531","45","79633996"
"chr1","26629187","26629368","chr28","9180380","9180559","46","17448807"
"chr1","26629676","26629807","chr11","47267038","47267171","23","20637362"
"chr1","26634024","26634094","chr14","45196808","45196876","12","18562784"
"chr1","26634394","26634554","chr20","106243467","106243627","13","79609073"
"chr1","26646523","26646657","chr20","106228980","106229100","20","79582457"
"chr1","26646956","26647118","chr20","106228517","106228683","17","79581561"
"chr1","26659980","26660038","chr20","106215579","106215632","7","79555599"
"chr1","26660331","26660519","chr20","106215112","106215281","26","79554781"
"chr1","26686465","26686766","chr20","106186035","106186316","39","79499570"
"chr1","26696244","26696429","chr20","106173472","106173652","19","79477228"
"chr1","26721493","26721756","chr20","106152115","106152379","18","79430622"
"chr1","26722502","26722692","chr20","106507161","106507338","49","79784659"
"chr1","26722982","26723148","chr19","24288720","24288852","59","2434262"
"chr1","26727645","26727757","chr16","64205305","64205416","21","37477660"
"chr1","26756645","26756861","chr20","106110494","106110711","26","79353849"
"chr1","26778910","26779195","chr20","106099432","106099714","32","79320522"
"chr1","26787705","26787992","chr20","106085064","106085322","41","79297359"
"chr1","26789959","26790223","chr22","60539874","60540146","71","33749915"
"chr1","26791047","26791121","chr11","27478502","27478575","17","687455"
"chr1","26795997","26796143","chr20","106090724","106090864","22","79294727"
"chr1","26796441","26796584","chr20","106090273","106090423","13","79293832"
"chr1","26798018","26798325","chr17","35306470","35306782","58","8508452"
"chr1","26798987","26799264","chr20","12608322","12608583","66","14190665"
"chr1","26864084","26864382","chr8","114890605","114890905","57","88026521"
"chr1","26909996","26910286","chr5","69933160","69933446","50","43023164"
"chr1","26949052","26949189","chr20","105930294","105930429","10","78981242"
"chr1","26952904","26953015","chr20","105925907","105926016","7","78973003"
"chr1","26977266","26977426","chr20","105900315","105900464","30","78923049"
"chr1","26977730","26978012","chr9","6011871","6012161","61","20965859"
"chr1","26982259","26982376","chr20","105894940","105895061","9","78912681"
"chr1","26992879","26992996","chr20","105882311","105882430","9","78889432"
"chr1","27000104","27000234","chr25","84004369","84004499","9","57004265"
"chr1","27021748","27021929","chr14","79359643","79359819","35","52337895"
"chr1","27022478","27022610","chr29","21263365","21263492","26","5759113"
"chr1","27029271","27029573","chr7","132024400","132024697","67","104995129"
"chr1","27033826","27034132","chr20","105842941","105843255","26","78809115"
"chr1","27040415","27040490","chr5","60284062","60284146","23","33243647"
"chr1","27043600","27043856","chr7","86226402","86226662","59","59182802"
"chr1","27055754","27056051","chr20","105821128","105821417","30","78765374"
"chr1","27069447","27069764","chr9","24285753","24286064","65","2783694"
"chr1","27101277","27101554","chr1","18610357","18610639","58","8490920"
"chr1","27114308","27114597","chr10","117384997","117385289","54","90270689"
"chr1","27129853","27130154","chr23","76233061","76233362","67","49103208"
"chr1","27132969","27133248","chr20","105748764","105749043","20","78615795"
"chr1","27137126","27137413","chr20","105744633","105744934","39","78607507"
"chr1","27175686","27175978","chr18","17455347","17455636","55","9720339"
"chr1","27178299","27178593","chr24","54921299","54921588","60","27743000"
"chr1","27185805","27186093","chr25","78833748","78834046","55","51647943"
"chr1","27196959","27197266","chr11","104926282","104926592","65","77729323"
"chr1","27226929","27227221","chr28","14323503","14323791","62","12903426"
"chr1","27229282","27229481","chr20","105653318","105653523","22","78424036"
"chr1","27234480","27234735","chr2","16676946","16677205","73","10557534"
"chr1","27236263","27236518","chr2","16676946","16677205","73","10559317"
"chr1","27276232","27276533","chr20","105610264","105610572","22","78334032"
"chr1","27280418","27280725","chr20","105606718","105606997","53","78326300"
"chr1","27283142","27283430","chr20","105604240","105604527","17","78321098"
"chr1","27315038","27315323","chr20","105592441","105592722","25","78277403"
"chr1","27316054","27316176","chr16","42642802","42642920","24","15326748"
"chr1","27341382","27341674","chr5","36409125","36409410","47","9067743"
"chr1","27348770","27348955","chr8","111180838","111181016","44","83832068"
"chr1","27349272","27349406","chr10","12387701","12387833","26","14961571"
"chr1","27368965","27369242","chr6","28980622","28980903","65","1611657"
"chr1","27391291","27391423","chr13","78774281","78774411","25","51382990"
"chr1","27392084","27392299","chr20","105525673","105525890","13","78133589"
"chr1","27399509","27399737","chr20","105516383","105516582","43","78116874"
"chr1","27401155","27401266","chrX","20103770","20103890","19","7297385"
"chr1","27406360","27406661","chr20","105509694","105510000","25","78103334"
"chr1","27429340","27429617","chr20","105482976","105483255","18","78053636"
"chr1","27463055","27463278","chr7","32959419","32959625","63","5496364"
"chr1","27463574","27463613","chr21","96903450","96903489","4","69439876"
"chr1","27471506","27471790","chr14","80508963","80509250","53","53037457"
"chr1","27479149","27479319","chr6","2105468","2105636","37","25373681"
"chr1","27479932","27479943","chr6","27742052","27742063","1","262120"
"chr1","27536245","27536549","chr20","105379247","105379534","33","77843002"
"chr1","27556866","27557137","chr6","7347535","7347812","55","20209331"
"chr1","27559389","27559657","chr20","105357273","105357531","22","77797884"
"chr1","27567888","27568181","chr20","105350460","105350747","29","77782572"
"chr1","27581348","27581651","chr12","40601683","40601983","52","13020335"
"chr1","27590548","27590829","chr26","31796938","31797225","62","4206390"
"chr1","27596362","27596674","chr24","44654567","44654861","65","17058205"
"chr1","27598673","27598954","chr20","105318296","105318576","38","77719623"
"chr1","27618659","27618962","chr12","26204400","26204703","56","1414259"
"chr1","27631977","27632275","chrX","110174383","110174674","59","82542406"
"chr1","27635799","27636012","chr20","121792002","121792218","33","94156203"
"chr1","27665779","27666088","chr16","47341907","47342220","53","19676128"
"chr1","27680420","27680724","chr20","105237789","105238078","32","77557369"
"chr1","27685708","27685993","chr20","105232503","105232820","52","77546795"
"chr1","27705963","27706178","chr20","105212725","105212938","13","77506762"
"chr1","27747278","27747570","chr20","105170556","105170861","31","77423278"
"chr1","27753988","27754298","chr9","56098595","56098902","58","28344607"
"chr1","27760688","27760902","chr20","105156641","105156849","16","77395953"
"chr1","27762903","27763217","chr20","105154402","105154693","48","77391499"
"chr1","27775737","27776015","chr19","9582454","9582737","59","18193283"
"chr1","27784260","27784458","chr20","105133732","105133924","22","77349472"
"chr1","27784752","27784872","chr20","105133312","105133430","11","77348560"
"chr1","27800739","27801027","chr20","105116737","105117054","46","77315998"
"chr1","27808249","27808381","chr20","105111366","105111498","8","77303117"
"chr1","27833043","27833267","chr16","30333461","30333679","43","2500418"
"chr1","27833590","27833887","chr20","105088804","105089101","17","77255214"
"chr1","27845517","27845804","chr20","105081601","105081899","38","77236084"
"chr1","27868490","27868625","chr20","105058398","105058536","10","77189908"
"chr1","27868938","27869110","chr20","105057929","105058091","23","77188991"
"chr1","27877851","27878142","chr20","105048458","105048739","32","77170607"
"chr1","27882391","27882663","chr20","105043761","105044034","22","77161370"
"chr1","27886131","27886443","chr9","112253117","112253426","63","84366986"
"chr1","27890609","27890916","chr20","105034662","105034971","20","77144053"
"chr1","27902601","27902855","chr23","57434344","57434609","61","29531743"
"chr1","27907224","27907536","chr20","105016756","105017068","32","77109532"
"chr1","27912870","27913168","chr4","74686620","74686927","68","46773750"
"chr1","27914979","27915285","chr20","79279520","79279819","58","51364541"
"chr1","27924780","27925083","chrX","67050072","67050374","63","39125292"
"chr1","27925488","27925782","chr20","104999123","104999434","32","77073635"
"chr1","27927138","27927450","chr12","40601683","40601983","65","12674545"
"chr1","27945947","27946072","chr2","57416722","57416843","16","29470775"
"chr1","27953308","27953607","chr20","104974948","104975256","29","77021640"
"chr1","27973712","27974011","chr20","67787117","67787413","64","39813405"
"chr1","28009665","28009774","chr20","104922087","104922188","13","76912422"
"chr1","28013491","28013819","chr6","40668451","40668771","76","12654960"
"chr1","28014499","28014721","chr6","27982774","27982993","47","31725"
"chr1","28038000","28038117","chr21","117523523","117523639","25","89485523"
"chr1","28044541","28044825","chr6","17664504","17664790","62","10380037"
"chr1","28048664","28048951","chr12","43241254","43241526","68","15192590"
"chr1","28051760","28052067","chr20","104881821","104882112","40","76830061"
"chr1","28071122","28071321","chr26","55094135","55094321","61","27023013"
"chr1","28071578","28071694","chr11","116587762","116587880","28","88516184"
"chr1","28074934","28075058","chr8","31744702","31744832","20","3669768"
"chr1","28076461","28076771","chr20","104866546","104866854","20","76790085"
"chr1","28082668","28082825","chr3","19578988","19579153","33","8503680"
"chr1","28083135","28083263","chr25","19119987","19120110","21","8963148"
"chr1","28096606","28096698","chr23","59348134","59348229","24","31251528"
"chr1","28105141","28105258","chr20","104838219","104838337","9","76733078"
"chr1","28107383","28107679","chr6","5729141","5729435","53","22378242"
"chr1","28114035","28114188","chr20","104829215","104829369","7","76715180"
"chr1","28114488","28114635","chr20","104828784","104828926","14","76714296"
"chr1","28116229","28116511","chr20","104826569","104826856","28","76710340"
"chr1","28117281","28117569","chr19","15269258","15269548","59","12848023"
"chr1","28120071","28120365","chr20","104823709","104824005","15","76703638"
"chr1","28127069","28127377","chr6","25283925","25284223","68","2843144"
"chr1","28133051","28133182","chr20","104811133","104811248","24","76678082"
"chr1","28142928","28143199","chr20","104801141","104801429","32","76658213"
"chr1","28158854","28159151","chr8","7173532","7173829","52","20985322"
"chr1","28161338","28161526","chr20","104781919","104782111","17","76620581"
"chr1","28174172","28174291","chr20","104769049","104769177","10","76594877"
"chr1","28184149","28184405","chr1","105159771","105160012","64","76975622"
"chr1","28218719","28218985","chr20_KE148049v1_random","186964","187241","62","28031755"
"chr1","28254794","28255088","chr20","104686987","104687282","30","76432193"
"chr1","28268650","28268965","chr9","15046359","15046670","48","13222291"
"chr1","28269140","28269320","chr20","104669925","104670106","31","76400785"
"chr1","28291165","28291277","chr20","104644428","104644540","3","76353263"
"chr1","28297430","28297727","chr20","104637922","104638224","23","76340492"
"chr1","28303726","28304027","chr13","62212501","62212800","59","33908775"
"chr1","28313248","28313460","chr21","117640466","117640642","66","89327218"
"chr1","28327830","28328131","chr3","9039788","9040087","65","19288042"
"chr1","28338245","28338533","chr20","104598737","104599026","54","76260492"
"chr1","28338594","28338747","chr8","39829140","39829301","32","11490546"
"chr1","28343228","28343523","chr20","104593114","104593404","20","76249886"
"chr1","28348316","28348517","chr20","104586712","104586907","19","76238396"
"chr1","28349587","28349787","chr20","104586712","104586907","17","76237125"
"chr1","28354917","28355020","chr1","8321621","8321731","22","20033296"
"chr1","28402218","28402327","chr5","72765556","72765660","28","44363338"
"chr1","28436403","28436551","chr20","104502841","104502989","8","76066438"
"chr1","28436567","28436854","chr20","104502535","104502819","28","76065968"
"chr1","28438435","28438721","chr11","47065980","47066269","56","18627545"
"chr1","28441020","28441274","chr4","59871116","59871372","59","31430096"
"chr1","28453831","28453982","chr9","111932275","111932421","33","83478444"
"chr1","28455569","28455865","chr20","104485518","104485802","31","76029949"
"chr1","28460793","28460917","chr3","5605653","5605773","19","22855140"
"chr1","28464069","28464227","chr1","7190420","7190579","32","21273649"
"chr1","28466603","28466891","chr20","104471979","104472235","63","76005376"
"chr1","28468431","28468542","chr20","104470314","104470427","6","76001883"
"chr1","28475167","28475273","chr20","104451929","104452034","5","75976762"
"chr1","28478455","28478528","chr12","29947172","29947243","17","1468717"
"chr1","28478768","28479038","chr20","104449205","104449489","62","75970437"
"chr1","28483966","28484199","chr20","104457347","104457570","28","75973381"
"chr1","28506756","28507053","chr20","104428730","104429044","35","75921974"
"chr1","28509196","28509495","chr6","48711076","48711363","60","20201880"
"chr1","28522881","28523004","chr15","12058936","12059059","20","16463945"
"chr1","28533396","28533622","chr14","2884587","2884813","51","25648809"
"chr1","28542136","28542413","chr9","33584725","33585003","62","5042589"
"chr1","28551654","28551897","chr6","11192729","11192967","57","17358925"
"chr1","28556471","28556791","chr17","35306470","35306782","71","6749999"
"chr1","28571560","28571847","chr20","104350800","104351083","24","75779240"
"chr1","28583109","28583384","chr4","58561259","58561533","57","29978150"
"chr1","28583783","28583866","chr18","45564589","45564672","19","16980806"
"chr1","28589433","28589730","chr7","87954546","87954841","57","59365113"
"chr1","28594271","28594579","chr1","70877569","70877874","64","42283298"
"chr1","28595863","28596102","chr20","104324505","104324732","33","75728642"
"chr1","28596713","28596808","chr20","104323783","104323878","3","75727070"
"chr1","28600338","28600627","chr6","41056695","41056986","66","12456357"
"chr1","28622963","28623257","chr20","104297756","104298046","28","75674793"
"chr1","28668626","28668925","chr20","104249698","104250003","22","75581072"
"chr1","28692006","28692167","chr20","104224487","104224653","11","75532481"
"chr1","28699492","28699787","chr7","12398674","12398973","35","16300818"
"chr1","28721132","28721427","chr20","104202995","104203295","24","75481863"
"chr1","28730799","28730969","chr21","25966505","25966671","36","2764294"
"chr1","28731606","28731727","chr13","90220090","90220206","33","61488484"
"chr1","28742507","28742614","chr15","19404135","19404233","33","9338372"
"chr1","28742923","28743052","chr5","71198320","71198448","36","42455397"
"chr1","28743544","28743814","chr5","35392545","35392839","66","6649001"
"chr1","28754899","28755189","chr20","104176108","104176419","41","75421209"
"chr1","28763956","28764072","chr20","104169668","104169787","9","75405712"
"chr1","28766891","28767193","chr21","21257772","21258080","60","7509119"
"chr1","28802546","28802678","chr27","46834673","46834805","7","18032127"
"chr1","28809497","28809775","chr2","17218820","17219102","52","11590677"
"chr1","28824673","28824958","chr10","76220349","76220648","56","47395676"
"chr1","28842164","28842457","chr20","104094068","104094358","18","75251904"
"chr1","28853598","28853876","chr20","104084844","104085122","22","75231246"
"chr1","28854913","28855243","chr28","18962086","18962395","69","9892827"
"chr1","28856130","28856253","chr20","104082450","104082573","4","75226320"
"chr1","28877322","28877596","chr20","120024935","120025208","55","91147613"
"chr1","28882674","28882920","chr8","11264619","11264862","70","17618055"
"chr1","28890291","28890607","chr9","68352427","68352711","81","39462136"
"chr1","28892498","28892711","chr16","74415499","74415705","51","45523001"
"chr1","28898969","28899218","chr20","65558748","65558996","67","36659779"
"chr1","28912623","28912786","chr20","104024221","104024379","20","75111598"
"chr1","28917331","28917589","chr20","104016520","104016774","22","75099189"
"chr1","28917872","28918147","chr9","59232429","59232705","59","30314557"
"chr1","28924000","28924291","chr20","104020259","104020550","17","75096259"
"chr1","28926797","28927043","chr20","104017495","104017730","28","75090698"
"chr1","28952953","28953264","chr20","103986075","103986396","47","75033122"
"chr1","28959578","28959883","chr11","31533995","31534302","55","2574417"
"chr1","28994137","28994322","chr6","6742301","6742479","36","22251836"
"chr1","28994637","28994774","chr11","88156525","88156661","22","59161888"
"chr1","29035884","29036134","chr6","9150758","9151006","61","19885126"
"chr1","29043676","29043964","chr20","103896639","103896946","37","74852963"
"chr1","29048529","29048696","chrX","8234418","8234582","43","20814111"
"chr1","29048996","29049098","chr10","100810392","100810498","25","71761396"
"chr1","29050884","29051047","chr20","103890517","103890665","22","74839633"
"chr1","29051343","29051490","chr20","103890074","103890221","8","74838731"
"chr1","29059547","29059740","chr4","31157635","31157834","50","2098088"
"chr1","29077359","29077644","chr12","103939005","103939299","55","74861646"
"chr1","29100803","29101093","chr24","54921299","54921588","54","25820496"
"chr1","29101584","29101893","chr20","103848270","103848579","19","74746686"
"chr1","29118123","29118426","chr20","103829889","103830192","18","74711766"
"chr1","29124548","29124876","chr20","103822877","103823186","32","74698329"
"chr1","29127480","29127778","chr9","124189309","124189600","50","95061829"
"chr1","29146832","29147060","chr19","9223363","9223572","66","19923469"
"chr1","29148390","29148641","chr20","103796889","103797169","52","74648499"
"chr1","29174731","29175050","chr9","33277084","33277401","71","4102353"
"chr1","29189221","29189528","chr28","2149662","2149969","61","27039559"
"chr1","29215412","29215680","chr20","103723285","103723561","22","74507873"
"chr1","29220445","29220535","chr24","28894792","28894883","14","325653"
"chr1","29221673","29221842","chr28","14315005","14315177","34","14906668"
"chr1","29224358","29224506","chr20","103716075","103716208","23","74491717"
"chr1","29224815","29224948","chr20","103715648","103715781","11","74490833"
"chr1","29252216","29252503","chr20","103690322","103690605","54","74438106"
"chr1","29257599","29257714","chr5","11523618","11523733","15","17733981"
"chr1","29269139","29269432","chr20","103671760","103672058","24","74402621"
"chr1","29274543","29274840","chr12","40601683","40601983","55","11327140"
"chr1","29316134","29316438","chr2","86369334","86369629","56","57053200"
"chr1","29319353","29319482","chr20","103623002","103623124","13","74303649"
"chr1","29320201","29320517","chr20","103621984","103622293","27","74301783"
"chr1","29326868","29327176","chr25","3907078","3907380","69","25419790"
"chr1","29386368","29386681","chr28","10732928","10733237","66","18653440"
"chr1","29388454","29388637","chr20","103553830","103554010","16","74165376"
"chr1","29388683","29388813","chr20","103553608","103553737","7","74164925"
"chr1","29389729","29390026","chr20","103552415","103552718","39","74162686"
"chr1","29432932","29433220","chr20","103510694","103510982","13","74077762"
"chr1","29440380","29440690","chr20","103503244","103503561","37","74062864"
"chr1","29519160","29519451","chr20","103439178","103439460","28","73920018"
"chr1","29573482","29573789","chr20","103394724","103395029","27","73821242"
"chr1","29869862","29870156","chr20","103101212","103101514","28","73231350"
"chr1","29910861","29911170","chrX","38566822","38567123","58","8655961"
"chr1","29940257","29940531","chr20","103025530","103025802","17","73085273"
"chr1","30078177","30078483","chr20","102881413","102881711","31","72803236"
"chr1","30098926","30099211","chr20","102862195","102862480","23","72763269"
"chr1","30248658","30248973","chr20","102714077","102714396","41","72465419"
"chr1","30337051","30337357","chr20","102626525","102626836","26","72289474"
"chr1","30344941","30345250","chr11","65033931","65034241","62","34688990"
"chr1","30414550","30414738","chr14","70241793","70241981","46","39827243"
"chr1","30504186","30504480","chr20","102460754","102461045","30","71956568"
"chr1","30669330","30669622","chr20","102320419","102320711","24","71651089"
"chr1","30682557","30682872","chr11","104926282","104926592","63","74243725"
"chr1","30716726","30716837","chr20","102273934","102274045","6","71557208"
"chr1","30733176","30733464","chr28","8590755","8591044","50","22142421"
"chr1","30755973","30756259","chr20","5955961","5956244","64","24800012"
"chr1","30798396","30798656","chr18","22474747","22475004","54","8323649"
"chr1","30826742","30827035","chr20","102163737","102164031","18","71336995"
"chr1","30834927","30835151","chr20","102155577","102155804","14","71320650"
"chr1","30889048","30889359","chr20","102102330","102102637","29","71213282"
"chr1","30906969","30907281","chr20","102083770","102084086","30","71176801"
"chr1","30922593","30922869","chr5","22609377","22609656","59","8313216"
"chr1","30924447","30924538","chr17","69212913","69212998","19","38288466"
"chr1","30924840","30924975","chr6","38567781","38567913","17","7642941"
"chr1","30926227","30926510","chr20","102064646","102064934","20","71138419"
"chr1","30955157","30955271","chr20","102036587","102036698","8","71081430"
"chr1","30955585","30955602","chr20","102036256","102036273","2","71080671"
"chr1","30955908","30956082","chr20","102035779","102035959","17","71079871"
"chr1","31017724","31018041","chr20","101976137","101976440","35","70958413"
"chr1","31059287","31059557","chr8","9922028","9922301","51","21137259"
"chr1","31059759","31059919","chr21","109543222","109543384","31","78483463"
"chr1","31063938","31064061","chr20","101917296","101917417","10","70853358"
"chr1","31077735","31077861","chr20","101903456","101903581","6","70825721"
"chr1","31082386","31082686","chr20","101898701","101899002","15","70816315"
"chr1","31084579","31084871","chr12","103939005","103939299","52","72854426"
"chr1","31098645","31098949","chr20","101880043","101880338","22","70781398"
"chr1","31135615","31135855","chr14","87385191","87385422","59","56249576"
"chr1","31136291","31136573","chr8","68397116","68397399","61","37260825"
"chr1","31148107","31148377","chr20","101830629","101830899","21","70682522"
"chr1","31151231","31151525","chr19","25381523","25381820","56","5769708"
"chr1","31152055","31152176","chr20","101826227","101826345","9","70674172"
"chr1","31166945","31167156","chr20","101811304","101811511","16","70644359"
"chr1","31170712","31170983","chr20","101806501","101806770","22","70635789"
"chr1","31173489","31173610","chrUn_KE147546v1","194451","194563","27","30979038"
"chr1","31182798","31182912","chr20","92852598","92852714","18","61669800"
"chr1","31189839","31190104","chr20","101787785","101788069","26","70597946"
"chr1","31199146","31199413","chr21","25828221","25828494","60","5370925"
"chr1","31205380","31205677","chrX","38566822","38567123","57","7361442"
"chr1","31206242","31206455","chr19","7999787","8000000","57","23206455"
"chr1","31216902","31217188","chr25","25775251","25775549","66","5441651"
"chr1","31218412","31218530","chr6","37139379","37139499","28","5920967"
"chr1","31230353","31230572","chr2","46990932","46991142","48","15760579"
"chr1","31232784","31232892","chr20","101748109","101748228","16","70515325"
"chr1","31235321","31235503","chr21","126593252","126593416","45","95357931"
"chr1","31235818","31235965","chr12","63523241","63523390","32","32287423"
"chr1","31237084","31237380","chr20","101742666","101742958","34","70505582"
"chr1","31237450","31237567","chr20","101742168","101742285","9","70504718"
"chr1","31240818","31240867","chr8","69602220","69602268","14","38361402"
"chr1","31260480","31260567","chrX","7856721","7856811","19","23403759"
"chr1","31260877","31260937","chr16","68339876","68339934","13","37078999"
"chr1","31261239","31261397","chr19","23018562","23018720","30","8242677"
"chr1","31265108","31265425","chr20","101709460","101709780","29","70444352"
"chr1","31279143","31279286","chr20","101694858","101695000","11","70415715"
"chr1","31280172","31280188","chr20","101693974","101693990","2","70413802"
"chr1","31285725","31285841","chr7","88350232","88350349","22","57064507"
"chr1","31291523","31291792","chr24","48741787","48742059","74","17450264"
"chr1","31300130","31300399","chr20","12608322","12608583","62","18691808"
"chr1","31337569","31337878","chr28","15141829","15142140","52","16195740"
"chr1","31346911","31347208","chr3","10514269","10514565","59","20832642"
"chr1","31354570","31354863","chr20","101622319","101622604","41","70267749"
"chr1","31366289","31366547","chr1","47072437","47072695","51","15706148"
"chr1","31381850","31382164","chr25","25766863","25767176","55","5614987"
"chr1","31387084","31387371","chr20","101588089","101588383","29","70201005"
"chr1","31389357","31389648","chr20","101586127","101586438","48","70196770"
"chr1","31393416","31393703","chr1","50378567","50378860","54","18985151"
"chr1","31404865","31405144","chr20","101571049","101571340","29","70166184"
"chr1","31413202","31413348","chr20","101562856","101563002","7","70149654"
"chr1","31413645","31413806","chr20","101562386","101562549","13","70148741"
"chr1","31426486","31426777","chr20","101547107","101547404","22","70120621"
"chr1","31428032","31428272","chr1","6547966","6548216","66","24880066"
"chr1","31436701","31436998","chr20","101537331","101537629","20","70100630"
"chr1","31439641","31439940","chr11","6321273","6321564","60","25118368"
"chr1","31460668","31460779","chr9","95963246","95963355","23","64502578"
"chr1","31462343","31462496","chr6","24701792","24701936","37","6760551"
"chr1","31473019","31473136","chr20","101501632","101501749","10","70028613"
"chr1","31487945","31488233","chr20","101486216","101486503","23","69998271"
"chr1","31488966","31489220","chr20","101485227","101485481","14","69996261"
"chr1","31512378","31512671","chr27","42742031","42742323","59","11229653"
"chr1","31530752","31530928","chr26","18242159","18242337","36","13288593"
"chr1","31530967","31531076","chr11","47460872","47460989","29","15929905"
"chr1","31533022","31533363","chr20","101443683","101444023","15","69910661"
"chr1","31550984","31551288","chr20","101424787","101425095","24","69873803"
"chr1","31571224","31571482","chr20","101404809","101405093","52","69833585"
"chr1","31582057","31582359","chr20","101393831","101394136","16","69811774"
"chr1","31618632","31618749","chr23","31842258","31842373","16","223626"
"chr1","31665476","31665775","chr18","71910938","71911233","63","40245462"
"chr1","31723042","31723332","chr20","101279004","101279263","55","69555962"
"chr1","31727560","31727870","chr14","59828291","59828600","62","28100731"
"chr1","31733401","31733709","chr9","59862290","59862592","50","28128889"
"chr1","31791047","31791328","chr20","101246089","101246384","34","69455042"
"chr1","31804282","31804499","chr20","101232984","101233215","28","69428702"
"chr1","31874984","31875290","chr20","101162451","101162740","31","69287467"
"chr1","31970486","31970773","chr20","101067439","101067720","33","69096953"
"chr1","31972444","31972746","chr9","56098595","56098902","64","24126151"
"chr1","31984979","31985275","chr20","101050778","101051058","38","69065799"
"chr1","31987328","31987606","chr9","88941244","88941519","72","56953916"
"chr1","31988693","31988984","chr20","101047031","101047314","21","69058338"
"chr1","32007259","32007575","chr20","101033366","101033686","19","69026107"
"chr1","32010933","32011088","chr20","101029980","101030129","15","69019047"
"chr1","32011398","32011564","chr20","101029507","101029671","12","69018109"
"chr1","32029205","32029475","chr6","10205768","10206041","67","21823437"
"chr1","32032994","32033130","chr25","7759367","7759500","22","24273627"
"chr1","32052059","32052341","chr20","100988223","100988501","21","68936164"
"chr1","32057675","32057919","chr20","100981727","100981972","15","68924052"
"chr1","32059623","32059895","chr9","31600737","31601014","67","458886"
"chr1","32062408","32062709","chr20","100977261","100977564","19","68914853"
"chr1","32070459","32070562","chr9","124634650","124634758","20","92564191"
"chr1","32122749","32122841","chr20","100920003","100920095","5","68797254"
"chr1","32128734","32129001","chr9","87353527","87353802","50","55224793"
"chr1","32136077","32136223","chr22","1684126","1684272","31","30451951"
"chr1","32136513","32136670","chr22","41153421","41153581","33","9016908"
"chr1","32141760","32141899","chr5","35708787","35708922","22","3567027"
"chr1","32142190","32142359","chr20","100900251","100900418","33","68758061"
"chr1","32153623","32153814","chr20","100890343","100890528","20","68736720"
"chr1","32155691","32155991","chr20","100888137","100888441","36","68732446"
"chr1","32157866","32158124","chr25","59173874","59174144","54","27016008"
"chr1","32164357","32164479","chr12","28539618","28539740","20","3624739"
"chr1","32181380","32181499","chr18","56725161","56725277","20","24543781"
"chr1","32186814","32186938","chr2","45119822","45119944","18","12933008"
"chr1","32189167","32189478","chr20","100854316","100854628","31","68665149"
"chr1","32194836","32195125","chr20","100848889","100849179","26","68654053"
"chr1","32221942","32222213","chr6","4684100","4684373","65","27537842"
"chr1","32222468","32222720","chr20","100821478","100821750","30","68599010"
"chr1","32228090","32228342","chr20","100817115","100817363","55","68589025"
"chr1","32229229","32229511","chr20","100815958","100816223","39","68586729"
"chr1","32243540","32243668","chr20","100802461","100802589","12","68558921"
"chr1","32247774","32248073","chr13","62303319","62303616","57","30055545"
"chr1","32258766","32259064","chr22","46154497","46154801","66","13895731"
"chr1","32261795","32262095","chr19","14040351","14040648","56","18221444"
"chr1","32268401","32268702","chr20","100722810","100723107","33","68454409"
"chr1","32280835","32281137","chr20","100770921","100771234","37","68490086"
"chr1","32287297","32287583","chr2","34104498","34104788","54","1817201"
"chr1","32289635","32289926","chr5","27575111","27575401","63","4714524"
"chr1","32292830","32293133","chr20","100758332","100758627","32","68465502"
"chr1","32297765","32298068","chr25","1500154","1500466","54","30797611"
"chr1","32298703","32298816","chr20","100753079","100753192","7","68454376"
"chr1","32303807","32304042","chr1","103594354","103594580","45","71290547"
"chr1","32309783","32309801","chr5","71088530","71088546","3","38778747"
"chr1","32310405","32310536","chr1","55163586","55163715","24","22853181"
"chr1","32310562","32310678","chr1","106256701","106256817","23","73946139"
"chr1","32324316","32324432","chr20","100727216","100727332","8","68402900"
"chr1","32326965","32327263","chr20","100722810","100723107","36","68395845"
"chr1","32343502","32343710","chr20","105212725","105212938","46","72869223"
"chr1","32344927","32345203","chr7","15569101","15569385","55","16775826"
"chr1","32353338","32353628","chr1","121090436","121090732","60","88737098"
"chr1","32431684","32431756","chr20","100612263","100612335","6","68180579"
"chr1","32433073","32433383","chr13","84953676","84953983","54","52520603"
"chr1","32445024","32445316","chr20","100601806","100602079","38","68156782"
"chr1","32445935","32446228","chr1","99805063","99805359","69","67359128"
"chr1","32451497","32451790","chr20","100593873","100594175","25","68142376"
"chr1","32460185","32460410","chr5","62538350","62538562","68","30078165"
"chr1","32471126","32471442","chr20","100564418","100564745","31","68093292"
"chr1","32478284","32478418","chr6","36041819","36041949","29","3563535"
"chr1","32478720","32478864","chr3","9564943","9565083","36","22913777"
"chr1","32492113","32492407","chr12","103939005","103939299","49","71446892"
"chr1","32493460","32493769","chr9","91977796","91978097","80","59484336"
"chr1","32497853","32498137","chr12","107679232","107679491","76","75181379"
"chr1","32498533","32498823","chr20","100538489","100538779","28","68039956"
"chr1","32517521","32517829","chr15","62391333","62391640","62","29873812"
"chr1","32543811","32544006","chr20","100493815","100493995","18","67950004"
"chr1","32623979","32624223","chr1","105159771","105160012","46","72535792"
"chr1","32624532","32624625","chr12","11136946","11137039","21","21487586"
"chr1","32629243","32629539","chr20","100427096","100427393","22","67797853"
"chr1","32643097","32643387","chr6","17664504","17664790","66","14978593"
"chr1","32647567","32647865","chr1","21068901","21069197","86","11578666"
"chr1","32657955","32658245","chr20","100391347","100391638","20","67733392"
"chr1","32669759","32669916","chr6","3912511","3912671","28","28757248"
"chr1","32689726","32689907","chr25","82410019","82410180","48","49720293"
"chr1","32690171","32690334","chr10","102488983","102489142","29","69798812"
"chr1","32700730","32700997","chr5","60889840","60890104","57","28189110"
"chr1","32705753","32705874","chr2","18930341","18930463","20","13775412"
"chr1","32707562","32707744","chr20","100346341","100346533","17","67638779"
"chr1","32710001","32710307","chr20","100342166","100342471","18","67632165"
"chr1","32726892","32727015","chr20","100326616","100326739","7","67599724"
"chr1","32730027","32730168","chr1","101590594","101590733","28","68860567"
"chr1","32730475","32730638","chr8","9957615","9957776","31","22772860"
"chr1","32731589","32731860","chr7","58479107","58479375","57","25747518"
"chr1","32739439","32739716","chr20","100311096","100311383","32","67571657"
"chr1","32749693","32749993","chr20","100303791","100304078","36","67554098"
"chr1","32750512","32750807","chr24","54921299","54921588","67","22170787"
"chr1","32753615","32753821","chr22","49113511","49113695","58","16359896"
"chr1","32782105","32782422","chr5","12204008","12204319","61","20578097"
"chr1","32784036","32784348","chr20","100263545","100263858","18","67479509"
"chr1","32786016","32786115","chr20","100261778","100261875","6","67475762"
"chr1","32786800","32786970","chr20","100260922","100261092","11","67474122"
"chr1","32793598","32793885","chr11","104639648","104639942","52","71846050"
"chr1","32806514","32806643","chr20","100240500","100240629","9","67433986"
"chr1","32813789","32814083","chr20","100234102","100234399","24","67420313"
"chr1","32819521","32819805","chr20","100227377","100227642","44","67407856"
"chr1","32826766","32826877","chr20","100219304","100219419","8","67392538"
"chr1","32848817","32849077","chr9","26190083","26190343","66","6658734"
"chr1","32879615","32879732","chr7","99710905","99711021","15","66831290"
"chr1","32882612","32882771","chrX","7779399","7779553","39","25103213"
"chr1","32906926","32907068","chr20","100142710","100142851","14","67235784"
"chr1","32907366","32907504","chr20","100142272","100142411","9","67234906"
"chr1","32913281","32913304","chr16","70334215","70334238","4","37420934"
"chr1","32913641","32913924","chr16","9035863","9036145","62","23877778"
"chr1","32938167","32938432","chrX_KE148108v1_random","1580542","1580807","52","31357625"
"chr1","32958379","32958683","chr10","116125292","116125590","57","83166913"
"chr1","32972000","32972306","chr20","100073815","100074096","50","67101815"
"chr1","32974775","32974881","chr20","100071195","100071311","17","67096420"
"chr1","32982559","32982846","chr19","12711318","12711611","58","20271241"
"chr1","32986668","32986957","chr11","120100262","120100557","66","87113594"
"chr1","33004096","33004399","chr5","24855932","24856228","61","8148164"
"chr1","33041163","33041387","chr7","58129728","58129948","44","25088565"
"chr1","33057216","33057378","chr20","99986565","99986735","15","66929349"
"chr1","33057709","33057844","chr20","99986122","99986256","15","66928413"
"chr1","33073800","33074101","chr20","99969875","99970176","15","66896075"
"chr1","33074637","33074871","chr20","99968764","99969015","37","66894127"
"chr1","33080474","33080764","chr24","54921299","54921588","53","21840825"
"chr1","33083040","33083301","chr28","17860487","17860746","71","15222553"
"chr1","33083875","33084190","chr8","124546087","124546397","69","91462212"
"chr1","33084931","33085156","chr29","8448041","8448266","43","24636890"
"chr1","33093427","33093738","chr10","55517672","55517980","66","22424245"
"chr1","33105863","33106157","chr20","99938001","99938299","19","66832138"
"chr1","33112892","33113194","chr20","99931264","99931565","21","66818372"
"chr1","33116397","33116675","chr20","99927602","99927888","23","66811205"
"chr1","33127782","33127915","chr6","35496988","35497119","22","2369206"
"chr1","33128216","33128385","chr11","106874009","106874178","33","73745793"
"chr1","33128414","33128718","chr20","99920222","99920519","31","66791808"
"chr1","33135896","33136076","chr24","54109231","54109410","39","20973335"
"chr1","33147374","33147548","chr27","38042116","38042281","46","4894742"
"chr1","33155209","33155492","chr20","99893421","99893721","37","66738212"
"chr1","33174303","33174601","chr12","40601683","40601983","50","7427380"
"chr1","33195297","33195602","chr20","99853968","99854275","29","66658671"
"chr1","33201454","33201574","chr18","30186654","30186770","24","3014800"
"chr1","33201600","33201755","chr5","11090164","11090323","38","22111436"
"chr1","33204346","33204527","chr20","99844667","99844846","13","66640321"
"chr1","33208458","33208740","chr20","99840697","99840965","23","66632239"
"chr1","33211442","33211711","chr20","130179369","130179636","78","96967927"
"chr1","33212953","33213233","chr20","99836149","99836440","27","66623196"
"chr1","33219121","33219345","chr24","78422476","78422693","64","45203355"
"chr1","33221527","33221624","chr21","18713359","18713457","18","14508168"
"chr1","33235524","33235662","chr9","117971851","117971973","27","84736327"
"chr1","33337418","33337728","chr3","19554105","19554413","57","13783313"
"chr1","33344910","33345034","chr5","3854392","3854510","23","29490518"
"chr1","33393463","33393743","chr20","99728778","99729081","34","66335315"
"chr1","33450404","33450700","chr28","15635761","15636057","48","17814643"
"chr1","33486990","33487096","chr20","99635046","99635152","4","66148056"
"chr1","33490889","33491174","chr11","62240397","62240683","52","28749508"
"chr1","33532444","33532681","chr20","99590489","99590693","45","66058045"
"chr1","33558914","33559153","chr28","19196628","19196884","60","14362286"
"chr1","33568248","33568524","chr20","99559583","99559858","28","65991335"
"chr1","33667134","33667387","chr20","112869665","112869928","59","79202531"
"chr1","33734091","33734392","chr16","23415190","23415484","60","10318901"
"chr1","33749621","33749751","chr20","99373883","99374014","12","65624262"
"chr1","33845243","33845464","chr20","99277694","99277910","23","65432451"
"chr1","33883628","33883686","chr1","34557927","34557977","13","674299"
"chr1","33912570","33912873","chr20","99210996","99211299","24","65298426"
"chr1","34008514","34008776","chr20","99120004","99120265","22","65111490"
"chr1","34260239","34260514","chr20","98885819","98886106","26","64625580"
"chr1","34266687","34266976","chr20","98878981","98879267","18","64612294"
"chr1","34298507","34298797","chr28","8590755","8591044","58","25707752"
"chr1","34316501","34316795","chr20","98828414","98828708","17","64511913"
"chr1","34441162","34441476","chr20","98723564","98723872","17","64282402"
"chr1","34442955","34443247","chr20","98721804","98722104","20","64278849"
"chr1","34678634","34678938","chr11","1651082","1651392","65","33027552"
"chr1","34680547","34680805","chr20","98493599","98493861","18","63813052"
"chr1","34868509","34868815","chrX","109786073","109786386","61","74917564"
"chr1","34971598","34971811","chr6","2456045","2456259","51","32515553"
"chr1","34977953","34978245","chr24","67385039","67385326","53","32407086"
"chr1","34992225","34992498","chr20","98190768","98191054","33","63198543"
"chr1","35115169","35115463","chrX","20401849","20402144","65","14713320"
"chr1","35129851","35130136","chr20","98052753","98053033","23","62922902"
"chr1","35200288","35200580","chr8","124610123","124610410","60","89409835"
"chr1","35240358","35240665","chr5","25644337","25644643","55","9596021"
"chr1","35256914","35257210","chr20","97930394","97930688","22","62673480"
"chr1","35258833","35259128","chr20","80146741","80147036","67","44887908"
"chr1","35260637","35260768","chrX","125341762","125341893","25","90081125"
"chr1","35260896","35261086","chr1","31237705","31237901","39","4023191"
"chr1","35263213","35263467","chr23","77552168","77552430","61","42288955"
"chr1","35293123","35293375","chr20","97891111","97891363","10","62597988"
"chr1","35297186","35297489","chrX","128259915","128260214","62","92962729"
"chr1","35310984","35311311","chr20","97876818","97877140","34","62565834"
"chr1","35321746","35322018","chr20","97865236","97865510","17","62543490"
"chr1","35340695","35340918","chr16","68136548","68136758","44","32795853"
"chr1","35346122","35346450","chr25","81944153","81944487","77","46598031"
"chr1","35357059","35357365","chr20","104866546","104866854","63","69509487"
"chr1","35363075","35363238","chr5","19952369","19952531","36","15410706"
"chr1","35363723","35363851","chr2","37104518","37104640","22","1740795"
"chr1","35378527","35378828","chr24","67755450","67755758","69","32376923"
"chr1","35403759","35404053","chr16","25865107","25865404","66","9538652"
"chr1","35414241","35414553","chr20","97755790","97756098","26","62341549"
"chr1","35418522","35418723","chr20","97751599","97751796","24","62333077"
"chr1","35422006","35422282","chr12","97296182","97296467","61","61874176"
"chr1","35451891","35452019","chr6","31090629","31090753","23","4361262"
"chr1","35455235","35455543","chr21","107450772","107451077","58","71995537"
"chr1","35471802","35472087","chr20","97719038","97719348","46","62247236"
"chr1","35476214","35476428","chr20","97714840","97715059","24","62238626"
"chr1","35487898","35488155","chr26","52476768","52477034","77","16988870"
"chr1","35497701","35497787","chr10","41919217","41919308","13","6421516"
"chr1","35499522","35499824","chr20","97692885","97693186","23","62193363"
"chr1","35506434","35506734","chr20","97681110","97681416","24","62174676"
"chr1","35513570","35513854","chr28","14627970","14628242","66","20885600"
"chr1","35521204","35521522","chr20","97662065","97662369","30","62140861"
"chr1","35537639","35537758","chr29","23336202","23336314","28","12201437"
"chr1","35538651","35538956","chr9","12397809","12398107","57","23140842"
"chr1","35571458","35571752","chr20","97613656","97613942","50","62042198"
"chr1","35587074","35587364","chr20","97597779","97598070","26","62010705"
"chr1","35591063","35591360","chr3","28499359","28499659","56","7091704"
"chr1","35615232","35615517","chr20","97567763","97568046","26","61952531"
"chr1","35624168","35624486","chr20","97558896","97559209","22","61934728"
"chr1","35653948","35654240","chr10","87149364","87149646","56","51495416"
"chr1","35672830","35673126","chr16","53759124","53759420","59","18086294"
"chr1","35699372","35699671","chr20","97479927","97480220","23","61780555"
"chr1","35705442","35705730","chr20","97473556","97473843","10","61768114"
"chr1","35710055","35710314","chr5","28212010","28212273","54","7498045"
"chr1","35725287","35725592","chr20","97451755","97452051","28","61726468"
"chr1","35744365","35744584","chr20","97433149","97433375","18","61688784"
"chr1","35766622","35766917","chr20","97410972","97411267","20","61644350"
"chr1","35783125","35783430","chr20","97395487","97395783","21","61612362"
"chr1","35789469","35789592","chr20","97381714","97381836","12","61592245"
"chr1","35816957","35817215","chr20","97357404","97357637","48","61540447"
"chr1","35823324","35823525","chr20","97349395","97349596","9","61526071"
"chr1","35823654","35823883","chr20","97349032","97349269","20","61525378"
"chr1","35824950","35825210","chr1","69306798","69307062","56","33481848"
"chr1","35837793","35838099","chr20","97334085","97334376","35","61496292"
"chr1","35845942","35846228","chr20","97325924","97326192","43","61479982"
"chr1","35849531","35849674","chr20","97322127","97322272","10","61472596"
"chr1","35849985","35850111","chr20","97321674","97321815","25","61471689"
"chr1","35879490","35879701","chr20","97292052","97292263","15","61412562"
"chr1","35896636","35896940","chr20","97273574","97273877","23","61376938"
"chr1","35908599","35908858","chr8","49983222","49983484","59","14074623"
"chr1","35909804","35909965","chr20","97262177","97262353","22","61352373"
"chr1","35910288","35910398","chr20","97261746","97261862","12","61351458"
"chr1","35914813","35915000","chr16","69697117","69697302","43","33782304"
"chr1","35930621","35930925","chr20","97241673","97241980","33","61311052"
"chr1","35933269","35933571","chr20","97239047","97239332","36","61305778"
"chr1","35933668","35933865","chr5","73605989","73606186","50","37672321"
"chr1","35934166","35934295","chr8","28165632","28165764","23","7768534"
"chr1","35943120","35943194","chr26","23884553","23884627","16","12058567"
"chr1","35951200","35951492","chr11","104479228","104479515","52","68528028"
"chr1","35956564","35956705","chr20","97215608","97215749","8","61259044"
"chr1","35956972","35957127","chr20","97215179","97215332","19","61258207"
"chr1","35959474","35959780","chr20","97212549","97212861","22","61253075"
"chr1","35978769","35979089","chr9","91977796","91978097","70","55999027"
"chr1","35984753","35985039","chr5","32748113","32748405","59","3236640"
"chr1","35989967","35990118","chr14","37239296","37239445","30","1249329"
"chr1","35990433","35990582","chr21","109543222","109543384","29","73552789"
"chr1","35998285","35998597","chr20","97168135","97168430","41","61169850"
"chr1","35998697","35998944","chr20","97167785","97168045","31","61169088"
"chr1","36002876","36002996","chr2","27287859","27287975","16","8715017"
"chr1","36003032","36003179","chr15","48170623","48170766","31","12167591"
"chr1","36009840","36010155","chr20","97156042","97156336","42","61146202"
"chr1","36031856","36032143","chr20","97134424","97134710","11","61102568"
"chr1","36042325","36042518","chr20","97126383","97126577","7","61084058"
"chr1","36050532","36050682","chr20","97118098","97118221","31","61067566"
"chr1","36056101","36056377","chr9","26182084","26182362","61","9874017"
"chr1","36064174","36064493","chr16","1685598","1685907","60","34378576"
"chr1","36077446","36077724","chr15","60081956","60082243","61","24004510"
"chr1","36097323","36097523","chr9","107242508","107242705","48","71145185"
"chr1","36124305","36124434","chr20","97044101","97044238","16","60919796"
"chr1","36129491","36129785","chr20","97032738","97033038","21","60903247"
"chr1","36140782","36141064","chr12","4146664","4146945","56","31994118"
"chr1","36153559","36153866","chr15","1989051","1989355","58","34164508"
"chr1","36162891","36163059","chr12","11544639","11544811","34","24618252"
"chr1","36163920","36164088","chr12","11544639","11544811","34","24619281"
"chr1","36173113","36173420","chr15","1989051","1989355","58","34184062"
"chr1","36183773","36184070","chr20","96987767","96988076","35","60803994"
"chr1","36189469","36189778","chr9","96956253","96956558","60","60766784"
"chr1","36195924","36196185","chr20","96973724","96973989","14","60777800"
"chr1","36213130","36213186","chr18","67784475","67784534","13","31571345"
"chr1","36222111","36222400","chr10","76220349","76220648","58","39998238"
"chr1","36243820","36244117","chr20","96925691","96925995","27","60681871"
"chr1","36264925","36265215","chr20","96906205","96906472","38","60641280"
"chr1","36273101","36273404","chr20","96897669","96897969","25","60624568"
"chr1","36294654","36294867","chr23","57137572","57137781","52","20842918"
"chr1","36305159","36305475","chr20","96871586","96871878","44","60566427"
"chr1","36320328","36320612","chr20","96858298","96858579","31","60537970"
"chr1","36336331","36336617","chr20","113181082","113181379","61","76844751"
"chr1","36337201","36337499","chr3","10514269","10514565","54","25822932"
"chr1","36354985","36355078","chr20","96826889","96826982","9","60471904"
"chr1","36368336","36368637","chr22","18532485","18532779","58","17835851"
"chr1","36375080","36375353","chr22","33598741","33599005","66","2776339"
"chr1","36375678","36375940","chr15","51789381","51789634","60","15413703"
"chr1","36378512","36378793","chr20","96803103","96803364","35","60424591"
"chr1","36388030","36388270","chr8","65276343","65276583","53","28888313"
"chr1","36426414","36426560","chr16","70928845","70928988","32","34502431"
"chr1","36427027","36427329","chr24","55401975","55402268","50","18974948"
"chr1","36427336","36427596","chr1","77923972","77924229","53","41496636"
"chr1","36439497","36439786","chr20","96739143","96739432","29","60299646"
"chr1","36490141","36490447","chr20","96688163","96688465","24","60198022"
"chr1","36515168","36515417","chr20","96664181","96664430","18","60149013"
"chr1","36519964","36520268","chr20","96659897","96660199","27","60139933"
"chr1","36530256","36530373","chr12","10249472","10249589","17","26280784"
"chr1","36536060","36536368","chr20","96645900","96646198","46","60109840"
"chr1","36538013","36538170","chr23","79051324","79051472","33","42513311"
"chr1","36538475","36538647","chr20","96638305","96638477","14","60099830"
"chr1","36565062","36565187","chr8","136850309","136850433","25","100285247"
"chr1","36576417","36576614","chr20","96610875","96611061","26","60034458"
"chr1","36581577","36581892","chr20","96605633","96605923","44","60024056"
"chr1","36638959","36639244","chr20","96543795","96544082","16","59904836"
"chr1","36684535","36684833","chr5","10145436","10145732","54","26539099"
"chr1","36693680","36693943","chr20","96491135","96491406","27","59797455"
"chr1","36709512","36709809","chr14","68391943","68392237","67","31682431"
"chr1","36717069","36717373","chr20","96470259","96470566","28","59753190"
"chr1","36718651","36718949","chr20","96468692","96468969","39","59750041"
"chr1","36742433","36742699","chr20","96447876","96448141","18","59705443"
"chr1","36764920","36765022","chr2","26426060","26426159","25","10338860"
"chr1","36767605","36767892","chr20","96423934","96424215","22","59656329"
"chr1","36791192","36791299","chr20","96400850","96400947","13","59609658"
"chr1","36823504","36823800","chr20","96370197","96370494","19","59546693"
"chr1","36830266","36830353","chr20","96363967","96364054","3","59533701"
"chr1","36830648","36830859","chr20","96363465","96363674","16","59532817"
"chr1","36841219","36841506","chr9","51826199","51826486","59","14984980"
"chr1","36876375","36876663","chr10","87801139","87801426","59","50924764"
"chr1","36893142","36893440","chr20","96300303","96300601","15","59407161"
"chr1","36928600","36928897","chr20","96263724","96264028","26","59335124"
"chr1","36962386","36962669","chr5","69933160","69933446","56","32970774"
"chr1","36970130","36970410","chr20","96221729","96222009","26","59251599"
"chr1","37194245","37194550","chr5","26112911","26113207","62","11081334"
"chr1","37204468","37204758","chr20","95989595","95989869","40","58785127"
"chr1","37207591","37207856","chr2","15905169","15905436","50","21302422"
"chr1","37220747","37220878","chr20","95973213","95973344","15","58752466"
"chr1","37383430","37383719","chr20","95811784","95812076","25","58428354"
"chr1","37524798","37525094","chr20","95662980","95663282","41","58138182"
"chr1","37532051","37532330","chr6","32425994","32426271","53","5106057"
"chr1","37603402","37603671","chr20","95598896","95599170","22","57995494"
"chr1","37670262","37670572","chr16","24932691","24933003","80","12737571"
"chr1","37676994","37677215","chr16","43029587","43029804","48","5352593"
"chr1","37716061","37716361","chr6","33127096","33127403","49","4588965"
"chr1","37730617","37730863","chr8","36159783","36160016","56","1570834"
"chr1","37765579","37765864","chr10","124057599","124057886","68","86292020"
"chr1","37767967","37768281","chr20","95427649","95427957","34","57659682"
"chr1","37768867","37769074","chr11","112106819","112107029","44","74337952"
"chr1","37775342","37775628","chr5","69933160","69933446","52","32157818"
"chr1","37815786","37816049","chr20","95381171","95381437","19","57565385"
"chr1","37826523","37826644","chr24","35636261","35636383","23","2190262"
"chr1","37827189","37827487","chr16","18697403","18697696","66","19129786"
"chr1","37827641","37827949","chr20","95370522","95370817","42","57542881"
"chr1","37832590","37832893","chr14","97965936","97966235","61","60133346"
"chr1","37833132","37833400","chr24","12259501","12259777","60","25573631"
"chr1","37836919","37837216","chr20","95361371","95361667","19","57524452"
"chr1","37848422","37848537","chr20","92852598","92852714","19","55004176"
"chr1","37849355","37849520","chr21","99273376","99273542","38","61424021"
"chr1","37851348","37851421","chr1","56639578","56639644","23","18788230"
"chr1","37853089","37853228","chr25","16271289","16271430","26","21581800"
"chr1","37855603","37855915","chr20","95343241","95343542","28","57487638"
"chr1","37857618","37857741","chr1","7789522","7789653","29","30068096"
"chr1","37858042","37858197","chr20","95342385","95342539","11","57484343"
"chr1","37910718","37910950","chr5","43066745","43066978","46","5156027"
"chr1","37936932","37937055","chr20","95260577","95260701","7","57323645"
"chr1","37970376","37970647","chr20","95225624","95225887","29","57255248"
"chr1","37977376","37977637","chr20","95218083","95218348","31","57240707"
"chr1","37984538","37984850","chr20","95208904","95209217","23","57224366"
"chr1","37999287","37999583","chr20","95191086","95191384","19","57191799"
"chr1","38001876","38002160","chr9","95302898","95303186","48","57301022"
"chr1","38009408","38009578","chr20","95181968","95182140","13","57172560"
"chr1","38016677","38016952","chr20","95174974","95175251","29","57158297"
"chr1","38018278","38018469","chr2","38157049","38157226","103","138771"
"chr1","38027030","38027228","chr1","51876816","51877010","48","13849786"
"chr1","38064844","38065129","chr20","95127404","95127689","17","57062560"
"chr1","38068772","38068896","chr20","95123280","95123404","5","57054508"
"chr1","38083415","38083640","chr17","47779457","47779676","64","9696042"
"chr1","38089811","38090115","chr20","95106833","95107138","23","57017022"
"chr1","38103082","38103359","chr20","95092979","95093256","12","56989897"
"chr1","38104220","38104504","chr20","95090184","95090456","28","56985964"
"chr1","38105919","38106210","chr20","95087853","95088144","13","56981934"
"chr1","38113789","38114006","chr6","2295430","2295649","41","35818359"
"chr1","38114740","38114995","chr22","98078401","98078658","71","59963661"
"chr1","38120488","38120747","chr5","25965001","25965255","66","12155487"
"chr1","38128474","38128597","chr5","58746123","58746241","28","20617649"
"chr1","38129261","38129573","chr20","95063257","95063566","31","56933996"
"chr1","38156098","38156380","chr24","54921299","54921588","51","16765201"
"chr1","38157138","38157421","chr25","84301548","84301826","69","46144410"
"chr1","38172821","38173133","chr20","95020884","95021193","22","56848063"
"chr1","38176601","38176877","chrX","58362244","58362525","59","20185643"
"chr1","38178784","38179035","chr20","95012521","95012796","37","56833737"
"chr1","38191947","38192243","chr20","95002090","95002380","21","56810143"
"chr1","38201243","38201509","chr20","94991564","94991832","22","56790321"
"chr1","38214621","38214904","chr20","94981020","94981305","19","56766399"
"chr1","38222853","38223167","chr15","1989051","1989355","67","36233802"
"chr1","38271066","38271230","chr20","94928461","94928626","25","56657395"
"chr1","38272683","38272978","chr20","94924970","94925246","38","56652287"
"chr1","38276263","38276600","chr20","94922039","94922375","56","56645776"
"chr1","38279510","38279729","chr20","94918655","94918876","17","56639145"
"chr1","38284767","38285045","chr20","94913715","94913995","17","56628948"
"chr1","38291058","38291366","chr6","17537154","17537463","86","20753904"
"chr1","38300640","38300935","chr20","94901441","94901726","27","56600801"
"chr1","38314233","38314530","chr8","26877211","26877505","60","11437022"
"chr1","38324215","38324505","chr6","43691457","43691748","56","5367242"
"chr1","38354491","38354782","chr20","109082362","109082657","57","70727871"
"chr1","38363389","38363689","chr20","94837079","94837386","26","56473690"
"chr1","38366016","38366297","chr15","91515724","91515996","58","53149708"
"chr1","38388207","38388491","chr20","94812396","94812680","23","56424189"
"chr1","38422256","38422575","chr20","94777568","94777895","44","56355312"
"chr1","38457300","38457617","chr20","94747012","94747311","48","56289712"
"chr1","38463296","38463596","chr20","40853258","40853556","54","2389962"
"chr1","38518947","38519207","chr20","94685623","94685860","31","56166676"
"chr1","38574141","38574416","chr27","24498388","24498657","54","14075753"
"chr1","38725612","38725922","chr3","20329206","20329522","61","18396406"
"chr1","38937065","38937185","chr6","2382314","2382450","32","36554751"
"chr1","38944387","38944639","chr20","94304006","94304268","21","55359619"
"chr1","39191785","39192072","chr20","94047395","94047678","33","54855610"
"chr1","39197444","39197590","chr20","94043630","94043775","14","54846186"
"chr1","39197865","39197963","chr20","94043258","94043361","14","54845393"
"chr1","39197970","39198106","chr5","58746123","58746241","37","19548153"
"chr1","39214241","39214534","chr19","14040351","14040648","51","25173890"
"chr1","39219830","39220108","chr25","1708455","1708741","58","37511375"
"chr1","39225603","39225809","chr2","16476114","16476311","43","22749489"
"chr1","39231983","39232269","chr10","76220349","76220648","55","36988366"
"chr1","39274389","39274715","chr5","25653868","25654181","70","13620521"
"chr1","39284897","39285044","chr6","1490491","1490633","34","37794406"
"chr1","39285327","39285499","chr12","43919134","43919310","36","4633807"
"chr1","39288834","39289090","chr20","93948644","93948916","38","54659810"
"chr1","39289174","39289476","chr12","40601683","40601983","60","1312509"
"chr1","39295570","39295745","chr20","93936382","93936559","19","54640812"
"chr1","39296298","39296429","chr20","93935709","93935841","11","54639411"
"chr1","39298734","39298825","chr1","120424434","120424521","20","81125700"
"chr1","39299509","39299554","chr11","67486788","67486834","9","28187279"
"chr1","39313014","39313220","chr20","93923216","93923423","17","54610202"
"chr1","39313469","39313738","chr7","74730764","74731029","51","35417295"
"chr1","39323331","39323445","chr1","8321621","8321731","21","31001710"
"chr1","39325820","39325928","chr20","93915021","93915129","6","54589201"
"chr1","39329589","39329719","chr20","93907056","93907191","8","54577467"
"chr1","39330009","39330192","chr20","93906571","93906765","22","54576562"
"chr1","39333855","39334149","chr20","93908833","93909136","28","54574978"
"chr1","39341255","39341355","chr8","36514114","36514197","32","2827141"
"chr1","39341659","39341785","chr27","33399173","33399296","31","5942486"
"chr1","39348780","39348894","chr15","23989289","23989408","23","15359491"
"chr1","39400964","39401254","chr23","45071211","45071503","55","5670247"
"chr1","39407860","39408026","chr6","9270816","9270984","31","30137044"
"chr1","39408330","39408477","chr10","127811540","127811685","30","88403210"
"chr1","39412437","39412695","chr21","79858340","79858598","56","40445903"
"chr1","39428180","39428307","chr28","16834192","16834320","28","22593988"
"chr1","39429739","39430044","chr12","29049250","29049550","64","10380489"
"chr1","39444528","39444802","chr25","18114740","18115019","69","21329788"
"chr1","39446922","39447159","chr11","104570052","104570273","67","65123130"
"chr1","39447246","39447563","chr14","41992699","41993002","64","2545453"
"chr1","39463912","39464219","chr11","104926282","104926592","52","65462370"
"chr1","39464896","39465048","chrX","50459205","50459349","39","10994309"
"chr1","39465366","39465482","chr10","3014166","3014286","32","36451200"
"chr1","39491133","39491424","chr20","80351981","80352279","55","40860848"
"chr1","39493707","39494013","chr20","93754714","93755013","20","54261007"
"chr1","39510699","39511001","chr20","93737919","93738194","47","54227220"
"chr1","39513767","39513973","chr1","98814859","98815060","44","59301092"
"chr1","39515157","39515319","chr28","20617127","20617271","37","18898030"
"chr1","39515639","39515792","chr18","188262","188409","33","39327377"
"chr1","39523659","39523964","chr20","93725270","93725591","32","54201611"
"chr1","39541263","39541556","chr2","35462255","35462551","57","4079008"
"chr1","39542375","39542440","chr2","20062371","20062436","11","19480004"
"chr1","39549432","39549707","chr20","63025276","63025551","57","23475844"
"chr1","39552320","39552608","chr20","93698757","93699038","22","54146437"
"chr1","39557931","39558218","chr20","93693971","93694258","15","54136040"
"chr1","39587686","39587932","chr20","93663958","93664171","41","54076272"
"chr1","39589028","39589308","chr20","93662609","93662889","16","54073581"
"chr1","39595747","39596033","chr20","93656518","93656810","21","54060771"
"chr1","39596043","39596156","chr20","93656387","93656501","8","54060344"
"chr1","39596689","39596984","chr20","93655570","93655851","26","54058881"
"chr1","39657210","39657516","chr2","10254529","10254833","39","29402681"
"chr1","39672751","39672882","chr20","93581832","93581957","16","53909081"
"chr1","39674109","39674406","chr20","93580349","93580636","27","53906240"
"chr1","39703068","39703353","chr20","93550930","93551216","20","53847862"
"chr1","39714111","39714243","chr20","93541633","93541757","10","53827522"
"chr1","39734374","39734682","chr20","93520525","93520818","30","53786151"
"chr1","39735369","39735594","chr20","93519606","93519831","11","53784237"
"chr1","39740056","39740201","chr12","12750305","12750445","22","26989751"
"chr1","39740505","39740640","chr14","81751213","81751349","21","42010708"
"chr1","39785377","39785648","chr20","93469426","93469697","17","53684049"
"chr1","39799344","39799640","chr12","40601683","40601983","57","802339"
"chr1","39803752","39803892","chr20","93452075","93452238","30","53648323"
"chr1","39804192","39804324","chr20","93451635","93451767","5","53647443"
"chr1","39824433","39824704","chr27","24498388","24498657","61","15326045"
"chr1","39834341","39834660","chr20","93419286","93419606","23","53584945"
"chr1","39859880","39860179","chr20","93397582","93397888","30","53537702"
"chr1","39867302","39867482","chr12","10234642","10234822","41","29632660"
"chr1","39867509","39867525","chr11","118655079","118655090","6","78787570"
"chr1","39867799","39867954","chr22","45492466","45492621","38","5624667"
"chr1","39886429","39886555","chr20","93152558","93152680","8","53266129"
"chr1","39888625","39888927","chr1","19260204","19260506","59","20628421"
"chr1","39906501","39906766","chr20","93172648","93172926","37","53266147"
"chr1","39921039","39921121","chr8","40268805","40268887","19","347766"
"chr1","39921423","39921603","chr6","10978394","10978565","37","28943029"
"chr1","39923973","39924146","chr10","122153519","122153697","37","82229546"
"chr1","39924445","39924578","chr19","28133264","28133388","24","11791181"
"chr1","39929121","39929394","chr20","93199198","93199471","23","53270077"
"chr1","39930496","39930748","chr28","19196628","19196884","55","20733868"
"chr1","39947413","39947719","chr20","120237644","120237945","58","80290231"
"chr1","39948617","39948751","chr20","93219976","93220110","8","53271359"
"chr1","39977363","39977496","chr19","25213638","25213768","22","14763725"
"chr1","39988809","39989122","chr5","26050866","26051163","68","13937943"
"chr1","40003798","40004110","chr20","93313647","93313924","57","53309849"
"chr1","40008573","40008718","chr21","106379730","106379874","32","66371157"
"chr1","40008774","40008817","chr11","113467240","113467281","10","73458466"
"chr1","40020849","40020966","chr5","58746123","58746241","28","18725274"
"chr1","40021024","40021129","chr28","20073355","20073462","21","19947669"
"chr1","40023129","40023331","chr14","64139398","64139594","47","24116269"
"chr1","40024521","40024624","chr4","90498997","90499103","17","50474476"
"chr1","40050165","40050467","chr11","104479228","104479515","68","64429063"
"chr1","40092256","40092550","chr6","30603678","30603971","59","9488578"
"chr1","40162813","40163088","chr20","93094170","93094447","38","52931357"
"chr1","40168442","40168708","chr6","43242490","43242762","63","3074048"
"chr1","40183621","40183888","chr7","130833460","130833738","57","90649839"
"chr1","40198025","40198289","chr20","93074401","93074662","26","52876376"
"chr1","40199886","40200126","chr16","18315008","18315270","75","21884878"
"chr1","40200247","40200542","chr5","73047116","73047412","59","32846869"
"chr1","40229347","40229633","chr20","93043232","93043515","21","52813885"
"chr1","40251570","40251879","chr20","93015077","93015367","59","52763507"
"chr1","40256365","40256497","chr11","48048179","48048309","19","7791814"
"chr1","40257306","40257625","chr20","93009228","93009554","31","52751922"
"chr1","40288257","40288419","chr16","60036519","60036682","32","19748262"
"chr1","40288719","40288859","chr20","92987358","92987498","5","52698639"
"chr1","40292404","40292716","chr5","27594562","27594865","63","12697842"
"chr1","40296659","40296899","chr5","72761734","72761978","62","32465075"
"chr1","40302435","40302643","chr11","118932769","118932978","46","78630334"
"chr1","40311842","40312051","chr13","14336018","14336233","48","25975824"
"chr1","40314970","40315074","chr20","92961055","92961161","11","52646085"
"chr1","40318269","40318366","chr12","99593370","99593465","25","59275101"
"chr1","40320490","40320797","chr20","92955232","92955535","37","52634742"
"chr1","40323439","40323520","chr20","92945051","92945140","11","52621612"
"chr1","40324226","40324341","chr20","92943933","92944048","7","52619707"
"chr1","40331183","40331203","chr6","30027638","30027656","4","10303545"
"chr1","40331351","40331633","chr20","92936793","92937101","42","52605442"
"chr1","40333767","40333884","chr20","92934583","92934700","4","52600816"
"chr1","40342204","40342439","chr7","57353225","57353455","60","17011021"
"chr1","40344454","40344746","chr20","92923601","92923890","19","52579147"
"chr1","40380187","40380310","chr20","123833061","123833181","20","83452874"
"chr1","40386788","40387000","chr22","26923021","26923232","47","13463767"
"chr1","40401482","40401782","chrX","14525066","14525367","52","25876416"
"chr1","40402187","40402488","chr12","40601683","40601983","54","199496"
"chr1","40413251","40413360","chr20","92860131","92860233","15","52446880"
"chr1","40413669","40413802","chr20","92859688","92859821","10","52446019"
"chr1","40420585","40420701","chr20","92852598","92852714","2","52432013"
"chr1","40423526","40423816","chr20","92849897","92850190","16","52426371"
"chr1","40430488","40430784","chr6","14844017","14844311","56","25586471"
"chr1","40431028","40431188","chr20","92842264","92842446","29","52411236"
"chr1","40431518","40431652","chr20","92841830","92841965","14","52410312"
"chr1","40451174","40451466","chr20","92822602","92822894","14","52371428"
"chr1","40466668","40466906","chr22","14510484","14510696","60","25956184"
"chr1","40472006","40472301","chr5","32156720","32157005","97","8315286"
"chr1","40477858","40478072","chr20","92798474","92798693","35","52320616"
"chr1","40496139","40496434","chr20","92674010","92674299","38","52177871"
"chr1","40499069","40499364","chr20","92674010","92674299","38","52174941"
"chr1","40505798","40506099","chr20","92778031","92778312","43","52272233"
"chr1","40528472","40528774","chr20","21913960","21914257","72","18614512"
"chr1","40573452","40573727","chr16","50886549","50886820","63","10313097"
"chr1","40586214","40586500","chr20","92689463","92689729","35","52103249"
"chr1","40589879","40590199","chr10","120410502","120410811","72","79820623"
"chr1","40597844","40598130","chr20","92678035","92678314","25","52080191"
"chr1","40601747","40602043","chr20","92674010","92674299","39","52072263"
"chr1","40619028","40619320","chr20","92656054","92656335","26","52037026"
"chr1","40628666","40628943","chr11","111142328","111142606","76","70513662"
"chr1","40633622","40633932","chr8","97635106","97635417","53","57001484"
"chr1","40634466","40634741","chr25","19099202","19099477","70","21535264"
"chr1","40636409","40636702","chr20","92638399","92638699","61","52001990"
"chr1","40640129","40640297","chr9","11380587","11380752","40","29259542"
"chr1","40651318","40651443","chr20","92622883","92623008","10","51971565"
"chr1","40657052","40657349","chr20","92611379","92611679","13","51954327"
"chr1","40689305","40689478","chr9","50968103","50968279","40","10278798"
"chr1","40689787","40689931","chr11","116739369","116739513","28","76049582"
"chr1","40690669","40690967","chr24","9789887","9790178","63","30900782"
"chr1","40710138","40710307","chr24","42350641","42350809","34","1640503"
"chr1","40710337","40710444","chr17","2157128","2157233","25","38553209"
"chr1","40713404","40713690","chr20","92569387","92569680","23","51855983"
"chr1","40714651","40714939","chr20","92568158","92568448","17","51853507"
"chr1","40720643","40720863","chr22","9307985","9308203","41","31412658"
"chr1","40721459","40721753","chr26","8060005","8060291","64","32661454"
"chr1","40733380","40733500","chr20","92549715","92549836","9","51816335"
"chr1","40734262","40734366","chr20","92548836","92548940","11","51814574"
"chr1","40874371","40874536","chr20","92527752","92527910","14","51653381"
"chr1","40880234","40880350","chr14","51594632","51594749","14","10714398"
"chr1","40880757","40880954","chr12","41311126","41311328","42","430369"
"chr1","40885027","40885331","chr8","36507700","36508002","58","4377327"
"chr1","40886410","40886715","chr20","92515575","92515872","26","51629165"
"chr1","40888413","40888721","chr20","92513591","92513881","38","51625178"
"chr1","40939779","40939915","chr6","457732","457880","36","40482047"
"chr1","40939948","40940073","chr18","62708061","62708184","18","21768113"
"chr1","40942007","40942166","chr5","27890865","27891026","35","13051142"
"chr1","40942199","40942314","chr16","46699547","46699662","20","5757348"
"chr1","40947299","40947600","chr20","92455024","92455317","22","51507725"
"chr1","40953317","40953439","chr20","92450217","92450341","10","51496900"
"chr1","40953936","40954232","chr7","115142774","115143080","57","74188838"
"chr1","40982078","40982387","chr20","92419872","92420166","35","51437794"
"chr1","40982881","40982929","chr22","4286447","4286497","10","36696434"
"chr1","40983222","40983407","chrX","89263722","89263914","37","48280500"
"chr1","41002998","41003289","chr12","41361189","41361484","62","358191"
"chr1","41011349","41011646","chrX","97644480","97644772","64","56633131"
"chr1","41015488","41015773","chr20","92386666","92386962","31","51371178"
"chr1","41017428","41017717","chr16","47718178","47718470","62","6700750"
"chr1","41020756","41020980","chr20","24477419","24477638","44","16543337"
"chr1","41023691","41023968","chr5","70418391","70418674","92","29394700"
"chr1","41034494","41034670","chr6","42438846","42439014","33","1404352"
"chr1","41034696","41034815","chr28","9527603","9527719","20","31507093"
"chr1","41046990","41047239","chr20","92356336","92356585","14","51309346"
"chr1","41074675","41074976","chr20","92331858","92332138","38","51257183"
"chr1","41079925","41080071","chrX","64552491","64552643","33","23472566"
"chr1","41081710","41082015","chr20","92326129","92326431","21","51244419"
"chr1","41088296","41088560","chr28","3005833","3006111","56","38082463"
"chr1","41198140","41198465","chr22","27582810","27583137","80","13615330"
"chr1","41200104","41200289","chr20","92209213","92209404","17","51009109"
"chr1","41200597","41200611","chr24","78476299","78476312","3","37275702"
"chr1","41200899","41201034","chr20","92208488","92208623","13","51007589"
"chr1","41215550","41215700","chr1","9223768","9223922","34","31991782"
"chr1","41237559","41237826","chr20","92172244","92172496","22","50934685"
"chr1","41246125","41246413","chr20","92163655","92163931","33","50917530"
"chr1","41273195","41273498","chr28","10055556","10055859","62","31217639"
"chr1","41279120","41279384","chr20","92130318","92130569","32","50851198"
"chr1","41298575","41298873","chr24","54921299","54921588","55","13622724"
"chr1","41319808","41320124","chr20","92089698","92090008","31","50769890"
"chr1","41323175","41323491","chr2","13285753","13286068","60","28037422"
"chr1","41351254","41351347","chr20","92059530","92059623","7","50708276"
"chr1","41351727","41351977","chr11","118848800","118849060","59","77497073"
"chr1","41354233","41354530","chrX","2168537","2168832","57","39185696"
"chr1","41359049","41359344","chr12","26242642","26242933","59","15116407"
"chr1","41362920","41363046","chr20","92046802","92046928","4","50683882"
"chr1","41365435","41365759","chr20","92044098","92044429","35","50678663"
"chr1","41375733","41376034","chr24","55401975","55402268","59","14026242"
"chr1","41388696","41388822","chr20","92020742","92020867","8","50632046"
"chr1","41392268","41392580","chr2","86787887","86788191","64","45395619"
"chr1","41393095","41393264","chr15","51613043","51613207","47","10219948"
"chr1","41393294","41393410","chr28","11216760","11216879","25","30176534"
"chr1","41400715","41400982","chr20","92009500","92009762","18","50608785"
"chr1","41409287","41409589","chr20","91989185","91989479","30","50579898"
"chr1","41416907","41417227","chr9","28038394","28038703","73","13378513"
"chr1","41417237","41417531","chr1","8922729","8923019","61","32494508"
"chr1","41437416","41437555","chr20","91970463","91970613","13","50533047"
"chr1","41437805","41438095","chr12","32256251","32256541","61","9181554"
"chr1","41445703","41445820","chr20","91965075","91965192","9","50519372"
"chr1","41447067","41447359","chr20","91963501","91963789","32","50516434"
"chr1","41449910","41450039","chr16","61371876","61372007","22","19921966"
"chr1","41457569","41457832","chr8","96327720","96327982","64","54870151"
"chr1","41470545","41470833","chr20","128441286","128441569","66","86970741"
"chr1","41486821","41486957","chr20","91917588","91917723","13","50430767"
"chr1","41500001","41500277","chr20","91904670","91904954","31","50404669"
"chr1","41517961","41518265","chr20","91886055","91886336","41","50368094"
"chr1","41536798","41537085","chr20","91867390","91867663","31","50330592"
"chr1","41541821","41542103","chr20","91862778","91863080","28","50320957"
"chr1","41552198","41552296","chr9","34875249","34875348","18","6676949"
"chr1","41552586","41552748","chr6","4642957","4643120","38","36909629"
"chr1","41557922","41558153","chr6","9150758","9151006","57","32407164"
"chr1","41558425","41558680","chr8","20140014","20140279","60","21418411"
"chr1","41564903","41565194","chr20","91846127","91846423","26","50281224"
"chr1","41565815","41566124","chr20","91845199","91845507","18","50279384"
"chr1","41574729","41575020","chr20","91836702","91836998","27","50261973"
"chr1","41579805","41580067","chr20","91808121","91808337","67","50228316"
"chr1","41590742","41590907","chr2","57136325","57136493","28","15545583"
"chr1","41607136","41607374","chr19","14956215","14956450","52","26650921"
"chr1","41616602","41616883","chr20","91773922","91774220","41","50157320"
"chr1","41649970","41650175","chr20","91747591","91747810","30","50097621"
"chr1","41683505","41683793","chr20","91718324","91718611","20","50034819"
"chr1","41732985","41733278","chr20","91669841","91670126","34","49936856"
"chr1","41743133","41743432","chr3","7033473","7033766","58","34709660"
"chr1","41775122","41775245","chr20","91630989","91631112","3","49855867"
"chr1","41791612","41791917","chr11","107789554","107789849","62","65997942"
"chr1","41869298","41869599","chr20","91535637","91535938","21","49666339"
"chr1","41957860","41958162","chr28","10216362","10216655","57","31741498"
"chr1","42100502","42100789","chr1","34974011","34974292","55","7126491"
"chr1","42252891","42253057","chr28","5917911","5918073","45","36334980"
"chr1","42310981","42311287","chr20","91099443","91099751","26","48788462"
"chr1","42327988","42328270","chr20","91082423","91082708","19","48754435"
"chr1","42481361","42481642","chr10","87149364","87149646","62","44668003"
"chr1","42493448","42493743","chr22","8668649","8668946","65","33824799"
"chr1","42507228","42507472","chr20","90908583","90908828","12","48401355"
"chr1","42652651","42652937","chr26","6150165","6150453","61","36502486"
"chr1","42696883","42697105","chr20","90726164","90726384","13","48029281"
"chr1","42735003","42735288","chr20","57391874","57392151","70","14656871"
"chr1","42743127","42743345","chr20","90684604","90684830","18","47941477"
"chr1","42770236","42770531","chr20","90660418","90660714","28","47890182"
"chr1","42774002","42774272","chr20","90658111","90658402","35","47884109"
"chr1","42789796","42790032","chr20","90641855","90642097","26","47852059"
"chr1","42802099","42802386","chr15","64690877","64691162","70","21888778"
"chr1","42816520","42816820","chr20","90615603","90615893","45","47799083"
"chr1","42828694","42828988","chr20","90604075","90604365","31","47775381"
"chr1","42832630","42832795","chr9","26095932","26096095","33","16736698"
"chr1","42842211","42842484","chr9","87353527","87353802","62","44511316"
"chr1","42846737","42846862","chr20","90589017","90589140","6","47742280"
"chr1","42860570","42860875","chr10","85317607","85317918","59","42457037"
"chr1","42865682","42865971","chr20","90569986","90570272","22","47704304"
"chr1","42878893","42879178","chrX","92598740","92599020","54","49719847"
"chr1","42881132","42881427","chr20","90552123","90552420","22","47670991"
"chr1","42902022","42902314","chr20","90530810","90531106","18","47628788"
"chr1","42915611","42915927","chr20","90516982","90517269","47","47601371"
"chr1","42918286","42918598","chr19","5484104","5484394","72","37434182"
"chr1","42936619","42936921","chr20","90496944","90497253","25","47560325"
"chr1","42948354","42948583","chr8","36088146","36088372","49","6860208"
"chr1","42966019","42966213","chr23","44955629","44955832","50","1989610"
"chr1","42985512","42985800","chr20","90447603","90447897","24","47462091"
"chr1","43004940","43005246","chr22","53484509","53484816","66","10479569"
"chr1","43049306","43049421","chr20","90388255","90388371","5","47338949"
"chr1","43058775","43058926","chr23","50134035","50134176","30","7075260"
"chr1","43097493","43097794","chr9","39243437","39243738","72","3854056"
"chr1","43101662","43101951","chr20","90342406","90342670","46","47240744"
"chr1","43105428","43105726","chr20","90339768","90340066","16","47234340"
"chr1","43109070","43109335","chr20","90336164","90336434","19","47227094"
"chr1","43115145","43115426","chr20","90330034","90330313","20","47214889"
"chr1","43123177","43123440","chr20","90322431","90322727","45","47199254"
"chr1","43132989","43133179","chr6","38934640","38934825","37","4198349"
"chr1","43133490","43133625","chr3","52425789","52425923","22","9292299"
"chr1","43136164","43136456","chr23","44959476","44959771","57","1823312"
"chr1","43145837","43145956","chr14","21228996","21229116","36","21916841"
"chr1","43147842","43148118","chr6","27989411","27989687","52","15158431"
"chr1","43152853","43152970","chr20","90291955","90292072","6","47139102"
"chr1","43162606","43162873","chr20","90282156","90282422","13","47119550"
"chr1","43163528","43163832","chr20","90281215","90281501","37","47117687"
"chr1","43177501","43177744","chr20","90267205","90267448","20","47089704"
"chr1","43180881","43181182","chr6","4408429","4408728","53","38772452"
"chr1","43212402","43212660","chr3","9748002","9748265","66","33464400"
"chr1","43219433","43219741","chr20","90224042","90224351","22","47004609"
"chr1","43226926","43227223","chr5","20560019","20560317","58","22666907"
"chr1","43233681","43233962","chr20","90208678","90208982","47","46974997"
"chr1","43241189","43241297","chr20","90201374","90201471","15","46960185"
"chr1","43255344","43255616","chr4","4723234","4723504","63","38532110"
"chr1","43292210","43292456","chr14","81758323","81758564","56","38466113"
"chr1","43315809","43316072","chr20","111074256","111074517","55","67758447"
"chr1","43317725","43318017","chr11","104479228","104479515","58","61161503"
"chr1","43330939","43331212","chr21","2648116","2648385","54","40682823"
"chr1","43334172","43334483","chr28","13869656","13869964","54","29464516"
"chr1","43344044","43344338","chr20","90093551","90093843","23","46749507"
"chr1","43371454","43371755","chrX","94472947","94473241","71","51101493"
"chr1","43387692","43387780","chr26","39904561","39904649","16","3483131"
"chr1","43481788","43481912","chr9","41256471","41256595","15","2225317"
"chr1","43510584","43510892","chr5","36085977","36086277","62","7424607"
"chr1","43538252","43538528","chr1","8114968","8115253","67","35423284"
"chr1","43553106","43553397","chr21","85082439","85082728","59","41529333"
"chr1","43554572","43554759","chr20","89891396","89891552","40","46336824"
"chr1","43577667","43577940","chr2","75223554","75223817","60","31645887"
"chr1","43624160","43624442","chr20","89825903","89826186","13","46201743"
"chr1","43662903","43663066","chr11","467238","467402","28","43195665"
"chr1","43677594","43677869","chr20","89622404","89622707","52","45944810"
"chr1","43702165","43702469","chr5","20560019","20560317","58","23142146"
"chr1","43722776","43723093","chr20","89587122","89587415","49","45864346"
"chr1","43785787","43786063","chr15","81132104","81132384","67","37346317"
"chr1","43796199","43796483","chr23","12083502","12083789","67","31712697"
"chr1","43805914","43806031","chr14","83222266","83222383","13","39416352"
"chr1","43820406","43820546","chr20","50147155","50147283","37","6326749"
"chr1","43824056","43824189","chr9","32320004","32320135","22","11504052"
"chr1","43824521","43824667","chr19","12975869","12976030","38","30848652"
"chr1","43882813","43883113","chr6","27683915","27684216","63","16198898"
"chr1","43885281","43885602","chr12","40601683","40601983","60","3283598"
"chr1","43933727","43933985","chr11","117715747","117716004","64","73782020"
"chr1","43969111","43969393","chr20","89346603","89346883","20","45377492"
"chr1","43985298","43985569","chr28","8981242","8981519","56","35004056"
"chr1","43989270","43989573","chr5","20560019","20560317","55","23429251"
"chr1","43989880","43990187","chr20","89330220","89330507","44","45340340"
"chr1","43997572","43997802","chr6","17622664","17622891","45","26374908"
"chr1","44026903","44027037","chr20","89290348","89290474","15","45263445"
"chr1","44173036","44173311","chr8","8338249","8338530","61","35834787"
"chr1","44201660","44201848","chr20","89125738","89125923","18","44924078"
"chr1","44212719","44213023","chr21","70868955","70869257","66","26656236"
"chr1","44234758","44235054","chr20","89092106","89092407","27","44857348"
"chr1","44240066","44240365","chr20","89083459","89083737","34","44843393"
"chr1","44242241","44242509","chr20","89081291","89081574","33","44839050"
"chr1","44246782","44247062","chr19","7989180","7989444","69","36257602"
"chr1","44254852","44255143","chr5","69933160","69933446","59","25678308"
"chr1","44263326","44263413","chr20","89060596","89060683","5","44797270"
"chr1","44269297","44269534","chrX","23562832","23563065","71","20706465"
"chr1","44270433","44270718","chr20","89053049","89053312","37","44782616"
"chr1","44272854","44273138","chr22","52461316","52461601","53","8188462"
"chr1","44284233","44284535","chr2","59822724","59823026","58","15538491"
"chr1","44305587","44305885","chr20","89018269","89018574","27","44712682"
"chr1","44309785","44310092","chr20","89013799","89014098","27","44704014"
"chr1","44312886","44313190","chr20","89010710","89011014","18","44697824"
"chr1","44325399","44325689","chr15","68259713","68260011","62","23934314"
"chr1","44378752","44378957","chr20","88915583","88915788","14","44536831"
"chr1","44379425","44379704","chr18","39751578","39751855","57","4627847"
"chr1","44410176","44410381","chr20","88915583","88915788","14","44505407"
"chr1","44410849","44411125","chrX_KE148108v1_random","1580542","1580807","55","42830307"
"chr1","44435517","44435803","chr10","118229487","118229777","63","73793970"
"chr1","44443104","44443394","chr20","88882500","88882796","20","44439396"
"chr1","44460615","44460938","chr22","18389861","18390184","65","26070754"
"chr1","44512931","44513237","chr20","88812404","88812700","25","44299473"
"chr1","44513238","44513440","chr10","100620585","100620785","45","56107347"
"chr1","44521489","44521796","chr10","91937440","91937742","63","47415951"
"chr1","44537907","44538197","chr20","88786783","88787077","24","44248876"
"chr1","44558391","44558688","chr2","39021480","39021781","65","5536911"
"chr1","44580198","44580512","chr20","119995993","119996314","73","75415795"
"chr1","44590147","44590450","chr20","88731387","88731670","31","44141240"
"chr1","44594478","44594785","chr20","88726276","88726570","40","44131798"
"chr1","44597054","44597365","chr28","15141829","15142140","62","29455225"
"chr1","44603261","44603568","chr20","88717421","88717733","29","44114160"
"chr1","44604980","44605292","chr20","88715712","88716022","16","44110732"
"chr1","44618045","44618198","chrX","50689847","50690004","29","6071802"
"chr1","44619174","44619447","chr1","3432429","3432700","54","41186745"
"chr1","44624835","44625003","chr20","88680613","88680761","41","44055778"
"chr1","44632313","44632627","chr2","44855038","44855345","66","222725"
"chr1","44643027","44643184","chr20","88661948","88662103","16","44018921"
"chr1","44654830","44654886","chr11","105616217","105616270","17","60961387"
"chr1","44664369","44664676","chr8","38733496","38733803","69","5930873"
"chr1","44669113","44669248","chr20","23113976","23114109","25","21555137"
"chr1","44672520","44672825","chr20","88633707","88634014","28","43961187"
"chr1","44677175","44677297","chr20","88628922","88629040","10","43951747"
"chr1","44684721","44685005","chr13","64347447","64347728","58","19662726"
"chr1","44703638","44703938","chr20","88602699","88602988","28","43899061"
"chr1","44705419","44705746","chr20","88601190","88601507","24","43895771"
"chr1","44706672","44706875","chr20","88600084","88600286","14","43893412"
"chr1","44706920","44707221","chr20","88599729","88600024","22","43892809"
"chr1","44708921","44709214","chr20","88596362","88596667","36","43887441"
"chr1","44719299","44719416","chrX","8085467","8085584","13","36633832"
"chr1","44721048","44721338","chr1","20834918","20835205","61","23886130"
"chr1","44723498","44723815","chr19","12011999","12012306","67","32711499"
"chr1","44726168","44726465","chr5","17592085","17592389","61","27134083"
"chr1","44728879","44729117","chr6","30032668","30032920","58","14696211"
"chr1","44729751","44730066","chr25","17265133","17265449","59","27464618"
"chr1","44801547","44801840","chr5","26112911","26113207","51","18688636"
"chr1","44821507","44821803","chr20","88490670","88490964","31","43669163"
"chr1","44863931","44864237","chr12","40601683","40601983","53","4262248"
"chr1","44864963","44865126","chr11","106509370","106509532","28","61644407"
"chr1","44865159","44865285","chr21","124312053","124312176","18","79446894"
"chr1","44878995","44879230","chr20","88433447","88433683","17","43554452"
"chr1","44892994","44893123","chr15","4227960","4228086","17","40665034"
"chr1","44971750","44971910","chr15","304585","304743","40","44667165"
"chr1","44986541","44986821","chr5","59826729","59827017","68","14840188"
"chr1","44995118","44995407","chr20","101452560","101452850","55","56457442"
"chr1","45011586","45011895","chr20","88317905","88318211","18","43306319"
"chr1","45032090","45032394","chr6","34395634","34395934","45","10636456"
"chr1","45039904","45040112","chr8","26511797","26512002","50","18528107"
"chr1","45055287","45055577","chr20","88272204","88272502","30","43216917"
"chr1","45058024","45058319","chr22","59004969","59005263","51","13946945"
"chr1","45085654","45085963","chr20","88240929","88241239","23","43155275"
"chr1","45092242","45092528","chr20","88233986","88234270","22","43141744"
"chr1","45115114","45115306","chr5","21482649","21482863","56","23632465"
"chr1","45136653","45136936","chr6","28194245","28194544","60","16942408"
"chr1","45145246","45145545","chr12","40601683","40601983","45","4543563"
"chr1","45150496","45150639","chr23","41033865","41034002","28","4116631"
"chr1","45214539","45214837","chr20","88110045","88110342","11","42895506"
"chr1","45221228","45221346","chr8","93097329","93097447","20","47876101"
"chr1","45221652","45221840","chr24","7508510","7508695","46","37713142"
"chr1","45223007","45223325","chr20","88100516","88100832","19","42877509"
"chr1","45224231","45224355","chr20","88099475","88099599","5","42875244"
"chr1","45233090","45233408","chr9","103606114","103606420","64","58373024"
"chr1","45233810","45234118","chr1","11958576","11958869","69","33275234"
"chr1","45242316","45242482","chr5","2314933","2315099","33","42927383"
"chr1","45253934","45254058","chr20","88099475","88099599","5","42845541"
"chr1","45264825","45264985","chr12","30172274","30172422","53","15092551"
"chr1","45273792","45273898","chr22","44301390","44301497","22","972402"
"chr1","45275948","45276253","chr20","98723564","98723872","57","53447616"
"chr1","45292686","45292743","chr7","126535344","126535399","11","81242658"
"chr1","45304822","45305057","chr20","88009617","88009854","16","42704795"
"chr1","45305263","45305391","chr20","88009285","88009413","3","42704022"
"chr1","45314424","45314698","chr24","42998163","42998442","49","2316261"
"chr1","45344249","45344415","chr19","25091879","25092045","31","20252370"
"chr1","45353187","45353522","chr1","58322424","58322732","81","12969237"
"chr1","45356101","45356195","chr4","61269674","61269766","17","15913573"
"chr1","45356507","45356747","chr17","35976118","35976347","57","9380389"
"chr1","45365360","45365646","chr20","87950409","87950710","26","42585049"
"chr1","45376642","45376922","chr17","44063351","44063626","61","1313291"
"chr1","45379957","45380058","chr9","56581531","56581624","24","11201574"
"chr1","45383982","45384104","chr9","41256471","41256595","17","4127511"
"chr1","45390997","45391251","chr20","87928335","87928571","40","42537338"
"chr1","45424335","45424491","chr20","87889068","87889224","11","42464733"
"chr1","45424787","45424921","chr20","87888642","87888775","9","42463855"
"chr1","45425907","45426214","chr20","87887104","87887386","45","42461197"
"chr1","45436852","45437126","chr20","87876528","87876810","28","42439676"
"chr1","45447167","45447441","chr20","87876528","87876810","28","42429361"
"chr1","45473217","45473515","chr12","103939005","103939299","47","58465788"
"chr1","45474304","45474632","chr17","32732728","32733041","80","12741576"
"chr1","45476232","45476555","chr9","24285753","24286064","66","21190479"
"chr1","45482465","45482772","chr12","40601683","40601983","57","4880782"
"chr1","45484051","45484346","chrX","18834147","18834440","69","26649904"
"chr1","45493522","45493796","chr20","87830264","87830528","21","42336742"
"chr1","45493853","45494055","chr20","87830004","87830206","15","42336151"
"chr1","45494870","45495165","chr9","117895122","117895416","70","72400252"
"chr1","45507276","45507441","chr12","7621655","7621813","32","37885621"
"chr1","45507707","45508002","chr10","76220349","76220648","58","30712642"
"chr1","45519830","45520107","chr20","87801847","87802113","26","42282017"
"chr1","45534459","45534702","chr20","87786081","87786357","55","42251622"
"chr1","45602264","45602394","chr20","87759429","87759559","4","42157165"
"chr1","45604732","45605029","chr20","87757990","87758282","21","42153258"
"chr1","45609406","45609716","chr7","15499115","15499420","54","30110291"
"chr1","45612630","45612758","chr20","87749351","87749480","12","42136721"
"chr1","45616536","45616828","chr20","87745242","87745545","23","42128706"
"chr1","45626649","45626944","chr20","109082362","109082657","65","63455713"
"chr1","45628504","45628621","chr1","109948378","109948499","19","64319874"
"chr1","45635158","45635459","chr10","76220349","76220648","52","30585191"
"chr1","45661248","45661416","chr20","87694092","87694259","9","42032844"
"chr1","45662021","45662382","chr1","31523751","31524072","97","14138270"
"chr1","45662921","45663213","chr1","12105092","12105388","49","33557829"
"chr1","45666650","45666951","chr20","87688670","87688973","28","42022020"
"chr1","45674496","45674782","chr20","87683671","87683940","30","42009175"
"chr1","45678988","45679299","chr20","87679376","87679689","31","42000388"
"chr1","45698670","45698946","chr20","87661093","87661388","35","41962423"
"chr1","45699471","45699711","chr20","87660335","87660575","12","41960864"
"chr1","45708369","45708630","chr20","87653530","87653806","27","41945161"
"chr1","45715533","45715819","chr8","18317115","18317399","60","27398418"
"chr1","45720261","45720561","chr20","87641587","87641893","25","41921326"
"chr1","45721166","45721476","chr20","87640698","87640996","29","41919532"
"chr1","45746719","45746999","chr20","87613222","87613506","16","41866503"
"chr1","45749168","45749441","chr8","9922028","9922301","59","35827140"
"chr1","45766486","45766780","chr16","24259175","24259457","62","21507311"
"chr1","45784295","45784491","chr23","44896743","44896936","47","887552"
"chr1","45786949","45787234","chr7","94640119","94640410","60","48853170"
"chr1","45813554","45813860","chr9","24669457","24669757","55","21144097"
"chr1","45821052","45821176","chr20","87554638","87554763","8","41733586"
"chr1","45825944","45826093","chr19","21029387","21029548","33","24796557"
"chr1","45853460","45853774","chr20","87519314","87519634","18","41665854"
"chr1","45857719","45857968","chr12","30000001","30000243","55","15857718"
"chr1","45872669","45872920","chr20","87502863","87503113","12","41630194"
"chr1","45905395","45905525","chr20","87462343","87462473","6","41556948"
"chr1","45933832","45933967","chr3","73297477","73297603","41","27363645"
"chr1","45934565","45934725","chr5","11090164","11090323","32","34844401"
"chr1","45938099","45938222","chr20","87428295","87428417","7","41490196"
"chr1","45953253","45953553","chr20","87413184","87413493","19","41459931"
"chr1","45955484","45955777","chr18","66745503","66745802","61","20790019"
"chr1","45958169","45958479","chr17","69561469","69561769","65","23603300"
"chr1","45965652","45965947","chr17","53406733","53407022","65","7441081"
"chr1","45967100","45967270","chr28","12067631","12067801","30","33899469"
"chr1","45967310","45967429","chr13","34495153","34495270","19","11472157"
"chr1","45967740","45967995","chr20","87399473","87399727","23","41431733"
"chr1","45974422","45974718","chr20","87392778","87393067","29","41418356"
"chr1","45981162","45981460","chrX","67050072","67050374","53","21068910"
"chr1","45984532","45984856","chr15","60233776","60234096","70","14249244"
"chr1","45988781","45989085","chr5","17983640","17983937","59","28005141"
"chr1","45995615","45995872","chr20","87380011","87380269","25","41384396"
"chr1","46015102","46015171","chr11","45150686","45150745","29","864416"
"chr1","46015174","46015259","chr16","30009353","30009438","15","16005821"
"chr1","46017209","46017399","chr20","87356749","87356940","20","41339540"
"chr1","46017866","46018044","chr12","7890517","7890695","30","38127349"
"chr1","46018343","46018471","chr2","87742533","87742662","26","41724190"
"chr1","46025000","46025240","chr10","44282569","44282794","58","1742431"
"chr1","46026245","46026369","chr20","87349517","87349641","4","41323272"
"chr1","46030251","46030552","chr20","87344432","87344740","22","41314181"
"chr1","46030968","46031235","chr20","87343735","87344011","37","41312767"
"chr1","46037480","46037766","chr20","87337042","87337343","28","41299562"
"chr1","46045281","46045427","chr3","16872120","16872262","36","29173161"
"chr1","46059103","46059218","chr8","66360992","66361107","13","20301889"
"chr1","46067324","46067620","chr3","23184350","23184653","56","22882974"
"chr1","46077743","46078051","chr11","104926282","104926592","64","58848539"
"chr1","46086481","46086759","chr20","87287180","87287443","34","41200699"
"chr1","46089742","46089855","chr16","64205305","64205416","12","18115563"
"chr1","46096962","46097068","chr20","87278137","87278243","10","41181175"
"chr1","46128131","46128441","chr12","103939005","103939299","67","57810874"
"chr1","46130276","46130392","chr20","87240507","87240622","9","41110231"
"chr1","46139294","46139624","chr20","87243776","87244105","21","41104482"
"chr1","46141139","46141264","chr16","53398912","53399041","24","7257773"
"chr1","46141567","46141706","chr9","59699054","59699192","27","13557487"
"chr1","46147495","46147770","chr20","87242404","87242680","11","41094909"
"chr1","46176542","46176839","chr1","77688347","77688648","60","31511805"
"chr1","46179298","46179606","chr13","79292575","79292871","67","33113277"
"chr1","46189200","46189478","chr21","104080210","104080480","80","57891010"
"chr1","46233623","46233768","chr20","87159394","87159547","16","40925771"
"chr1","46234080","46234238","chr20","87158922","87159083","29","40924842"
"chr1","46247704","46247851","chr20","87146109","87146259","10","40898405"
"chr1","46247854","46248108","chr20","87145852","87146106","12","40897998"
"chr1","46250260","46250537","chr6","13312618","13312896","64","32937642"
"chr1","46251140","46251454","chr20","87142200","87142491","56","40891060"
"chr1","46252043","46252341","chr20","87141318","87141611","19","40889275"
"chr1","46253843","46253972","chr20","87139687","87139810","11","40885844"
"chr1","46256627","46256920","chr3","18641369","18641650","71","27615258"
"chr1","46263271","46263472","chr20","87130309","87130523","23","40867038"
"chr1","46263663","46263944","chr20","87129846","87130123","23","40866183"
"chr1","46270860","46270999","chr13","85099602","85099740","28","38828742"
"chr1","46271276","46271424","chr16","17624199","17624349","25","28647077"
"chr1","46274311","46274664","chr20","87119205","87119519","63","40844894"
"chr1","46289830","46290126","chr20","87103893","87104194","27","40814063"
"chr1","46319094","46319267","chr12","11136755","11136918","30","35182339"
"chr1","46322914","46323128","chr10","117559962","117560174","36","71237048"
"chr1","46328376","46328673","chr22","18532485","18532779","45","27795891"
"chr1","46332481","46332778","chr12","103939005","103939299","56","57606524"
"chr1","46335751","46336098","chr8","36187127","36187456","82","10148624"
"chr1","46343568","46343786","chr1","63465945","63466160","51","17122377"
"chr1","46347059","46347159","chr3","23817691","23817787","18","22529368"
"chr1","46347211","46347384","chr9","95940391","95940566","35","49593180"
"chr1","46347878","46348163","chr24","36028130","36028410","64","10319748"
"chr1","46360585","46360906","chr20","123775608","123775921","59","77415023"
"chr1","46362656","46362947","chr9","22697379","22697669","48","23665277"
"chr1","46429301","46429422","chr20","86924018","86924134","7","40494717"
"chr1","46502072","46502289","chr20","86854233","86854457","22","40352161"
"chr1","46555243","46555550","chr11","104120287","104120586","65","57565044"
"chr1","46559373","46559669","chr20","86806410","86806705","16","40247037"
"chr1","46563354","46563608","chr10","95742655","95742918","59","49179301"
"chr1","46564163","46564463","chr23","11866082","11866377","57","34698081"
"chr1","46567174","46567464","chr20","86798426","86798735","31","40231252"
"chr1","46567865","46568146","chr20","86797792","86798097","36","40229927"
"chr1","46570336","46570626","chr20","86795351","86795641","11","40225015"
"chr1","46584645","46584914","chr20","39751494","39751760","63","6833151"
"chr1","46605351","46605452","chr16","41863457","41863554","19","4741894"
"chr1","46621560","46621862","chr12","40601683","40601983","55","6019877"
"chr1","46652121","46652394","chr27","9349689","9349961","61","37302432"
"chr1","46666342","46666480","chr6","7710048","7710172","41","38956294"
"chr1","46677280","46677411","chr20","86688343","86688464","16","40011063"
"chr1","46678727","46679016","chr20","86686736","86687022","24","40008009"
"chr1","46693584","46693882","chr5","25360110","25360407","63","21333474"
"chr1","46696489","46696778","chr20","86636728","86637013","59","39940239"
"chr1","46698063","46698366","chr20","86666564","86666875","31","39968501"
"chr1","46702226","46702356","chr19","22224088","22224203","38","24478138"
"chr1","46702391","46702405","chr1","92083515","92083527","2","45381124"
"chr1","46710219","46710342","chr22","58996088","58996196","29","12285869"
"chr1","46722412","46722711","chr20","86636728","86637013","38","39914316"
"chr1","46725834","46726179","chr9","56098595","56098902","88","9372761"
"chr1","46735064","46735188","chr20","86633484","86633608","7","39898420"
"chr1","46737891","46738177","chr20","86631017","86631305","23","39893126"
"chr1","46744720","46745014","chr20","86625165","86625453","39","39880445"
"chr1","46748460","46748694","chr3","53637264","53637513","60","6888804"
"chr1","46755945","46756291","chr6","28232696","28233016","105","18523249"
"chr1","46798064","46798193","chr20","86578232","86578361","10","39780168"
"chr1","46808024","46808321","chr18","21490626","21490936","65","25317398"
"chr1","46822866","46823169","chr4","16782281","16782588","63","30040585"
"chr1","46824322","46824629","chr20","86553259","86553566","15","39728937"
"chr1","46825028","46825336","chr20","88100516","88100832","55","41275488"
"chr1","46825493","46825631","chr20","86551858","86551996","5","39726365"
"chr1","46825929","46826085","chr20","86551401","86551559","6","39725472"
"chr1","46826383","46826415","chr20","86551064","86551097","1","39724681"
"chr1","46838758","46839051","chr11","6321273","6321564","53","40517485"
"chr1","46864209","46864496","chr20","86519931","86520216","15","39655722"
"chr1","46871610","46871875","chr20","86512638","86512906","13","39641028"
"chr1","46886778","46886978","chr8","92619713","92619911","46","45732935"
"chr1","46887295","46887442","chr23","44997703","44997864","38","1889592"
"chr1","46887690","46887813","chr6","3174169","3174293","24","43713521"
"chr1","46889927","46890127","chr8","92619713","92619911","46","45729786"
"chr1","46890444","46890591","chr23","44997703","44997864","38","1892741"
"chr1","46890839","46890962","chr6","3174169","3174293","24","43716670"
"chr1","46905093","46905251","chr29","23560646","23560798","27","23344447"
"chr1","46905561","46905614","chr24","31569883","31569938","8","15335678"
"chr1","46918052","46918201","chr12","14192767","14192922","31","32725285"
"chr1","46946638","46946753","chr20","86442942","86443056","8","39496304"
"chr1","46968829","46968952","chr20","86425103","86425227","7","39456274"
"chr1","47046285","47046591","chr1","8248167","8248473","59","38798118"
"chr1","47052589","47052706","chr20","86360576","86360684","10","39307987"
"chr1","47056402","47056686","chr20","86356645","86356909","31","39300243"
"chr1","47109822","47110126","chr12","94738814","94739121","61","47628992"
"chr1","47160931","47161206","chr26","53380248","53380526","63","6219317"
"chr1","47174156","47174367","chrX","45203839","45204056","41","1970317"
"chr1","47188069","47188189","chr25","26360222","26360339","17","20827847"
"chr1","47237708","47238003","chr20","86177511","86177805","20","38939803"
"chr1","47243845","47244016","chrX","99496744","99496923","34","52252899"
"chr1","47275032","47275145","chr20","86130935","86131048","4","38855903"
"chr1","47453239","47453541","chr19","26232545","26232847","65","21220694"
"chr1","47477873","47477982","chr11","113241135","113241247","21","65763262"
"chr1","47487896","47488207","chr20","85846980","85847266","46","38359084"
"chr1","47585544","47585785","chr28","12548157","12548380","61","35037387"
"chr1","47683303","47683591","chr10","36803432","36803731","71","10879871"
"chr1","47690337","47690620","chr19","9582454","9582737","46","38107883"
"chr1","47702792","47702902","chr11","113241135","113241247","22","65538343"
"chr1","47805687","47805978","chr20","85697124","85697439","42","37891437"
"chr1","47843988","47844174","chr20","85657911","85658097","13","37813923"
"chr1","47847221","47847533","chr20","85654607","85654905","36","37807386"
"chr1","47853503","47853799","chr3","29902124","29902422","73","17951379"
"chr1","47863197","47863458","chr28","19196628","19196884","52","28666569"
"chr1","47877908","47878044","chr12","107069926","107070058","28","59192018"
"chr1","47883962","47884263","chr20","85621768","85622059","21","37737806"
"chr1","47896259","47896389","chr20","85609332","85609462","6","37713073"
"chr1","47928183","47928452","chr20","85571412","85571677","20","37643229"
"chr1","47952256","47952560","chr20","104637922","104638224","66","56685666"
"chr1","47960664","47960911","chr6","16931438","16931689","63","31029226"
"chr1","47964525","47964791","chr17","36796582","36796853","67","11167943"
"chr1","47980906","47981188","chr12","8032666","8032946","84","39948240"
"chr1","47996587","47996848","chr20","85520945","85521208","19","37524358"
"chr1","48014513","48014645","chr20","85502672","85502800","11","37488159"
"chr1","48047843","48048100","chr22","10241031","10241283","59","37806812"
"chr1","48057272","48057541","chr8","28514553","28514833","62","19542719"
"chr1","48064552","48064681","chr20","85451140","85451270","12","37386588"
"chr1","48082102","48082401","chr16","33314948","33315243","58","14767154"
"chr1","48093804","48094109","chr22","35833038","35833336","66","12260766"
"chr1","48120689","48120990","chr10","20314310","20314616","67","27806379"
"chr1","48262817","48263013","chr20","85260954","85261146","22","36998137"
"chr1","48383574","48383881","chr20","85136010","85136318","43","36752436"
"chr1","48409385","48409689","chr20","85110243","85110554","20","36700858"
"chr1","48423515","48423821","chr20","85096432","85096738","28","36672917"
"chr1","48455302","48455587","chr20","85064517","85064827","47","36609215"
"chr1","48471313","48471632","chr20","85048109","85048389","62","36576796"
"chr1","48472166","48472463","chr20","85047263","85047560","18","36575097"
"chr1","48475572","48475878","chr20","85043853","85044153","31","36568281"
"chr1","48488315","48488600","chr13","21892794","21893078","59","26595521"
"chr1","48488636","48488662","chrX","38176791","38176813","5","10311845"
"chr1","48499293","48499576","chr20","85020217","85020502","24","36520924"
"chr1","48514122","48514439","chr6","12258379","12258691","58","36255743"
"chr1","48604414","48604706","chr11","118281378","118281671","49","69676964"
"chr1","48607150","48607489","chr8","9206053","9206380","78","39401097"
"chr1","48628589","48628889","chr20","84897294","84897594","49","36268705"
"chr1","48653873","48654173","chr20","84872809","84873097","37","36218936"
"chr1","48678196","48678468","chr1","77248060","77248339","63","28569864"
"chr1","48718552","48718833","chr14","69387761","69388040","68","20669209"
"chr1","48762949","48763250","chr14","45828437","45828729","68","2934512"
"chr1","48902817","48902948","chr20","84510527","84510664","18","35607710"
"chr1","48999034","48999311","chr20","84414265","84414542","8","35415231"
"chr1","49021536","49021827","chr20","84391120","84391396","42","35369584"
"chr1","49050023","49050101","chr20","84357428","84357499","9","35307405"
"chr1","49052979","49053266","chr19","10747011","10747299","59","38305968"
"chr1","49167489","49167612","chr9","87755857","87755981","20","38588368"
"chr1","49210088","49210380","chr20","84224394","84224688","20","35014306"
"chr1","49222288","49222571","chr14","61132260","61132528","65","11909972"
"chr1","49485714","49485797","chr11","22650150","22650232","11","26835564"
"chr1","49539771","49540023","chr26","39973676","39973923","61","9566095"
"chr1","49642090","49642325","chr20","83793764","83794023","36","34151674"
"chr1","49802429","49802740","chr18","32854753","32855059","67","16947676"
"chr1","49811973","49812276","chr8","406859","407171","68","49405114"
"chr1","49815235","49815488","chr20","83621144","83621424","41","33805909"
"chr1","49904298","49904561","chr20","83554488","83554750","24","33650190"
"chr1","50167374","50167648","chr20","83308934","83309208","21","33141560"
"chr1","50395660","50395955","chr8","98215824","98216113","62","47820164"
"chr1","50476947","50477232","chr20","83040982","83041269","30","32564035"
"chr1","50523675","50523685","chr5","23057711","23057724","4","27465964"
"chr1","50524109","50524232","chrX","49581538","49581664","27","942571"
"chr1","50568786","50569062","chr20","82963725","82964023","48","32394939"
"chr1","50576097","50576391","chr20","82955989","82956269","29","32379892"
"chr1","50592989","50593286","chr20","82938597","82938895","28","32345608"
"chr1","50665809","50666100","chr20","82862595","82862889","23","32196786"
"chr1","50695525","50695781","chr20","82832168","82832427","16","32136643"
"chr1","50697820","50697896","chr20","82830063","82830133","9","32132243"
"chr1","50783453","50783743","chr20","88882500","88882796","69","38099047"
"chr1","50861065","50861306","chr24","77755719","77755966","58","26894654"
"chr1","50875695","50875998","chr20","82652715","82653024","40","31777020"
"chr1","50989500","50989580","chr23","49305220","49305293","16","1684280"
"chr1","51011795","51012104","chr20","82503732","82504030","30","31491937"
"chr1","51038981","51039269","chr20","82477215","82477480","46","31438234"
"chr1","51104749","51105062","chr20","82408582","82408898","20","31303833"
"chr1","51105268","51105586","chr20","82408063","82408377","27","31302795"
"chr1","51109383","51109654","chr6","48480921","48481189","72","2628462"
"chr1","51111255","51111527","chr20","82404686","82404959","21","31293431"
"chr1","51127328","51127453","chr20","82394156","82394280","8","31266828"
"chr1","51133736","51134048","chr20","82386981","82387293","18","31253245"
"chr1","51164426","51164591","chr16","60036519","60036682","38","8872093"
"chr1","51189994","51190043","chr20","82331138","82331187","3","31141144"
"chr1","51211186","51211468","chr20","82309789","82310071","21","31098603"
"chr1","51250674","51250961","chr20","82253066","82253357","14","31002392"
"chr1","51266608","51266846","chr7","87697071","87697303","56","36430463"
"chr1","51303701","51303823","chr20","82202699","82202823","9","30898998"
"chr1","51317963","51318276","chr28","14917123","14917442","65","36400840"
"chr1","51353723","51354018","chrX_KE148108v1_random","751066","751349","65","50602657"
"chr1","51365367","51365669","chr20","82141036","82141335","24","30775669"
"chr1","51446288","51446584","chr1","121090436","121090732","71","69644148"
"chr1","51497086","51497385","chr20","82010652","82010960","39","30513566"
"chr1","51511458","51511577","chr20","81996836","81996956","8","30485378"
"chr1","51512043","51512212","chr20","81996205","81996362","19","30484162"
"chr1","51512249","51512263","chr14","80387587","80387599","4","28875338"
"chr1","51512538","51512677","chr20","81995752","81995887","15","30483214"
"chr1","51526629","51526774","chr20","81984214","81984352","28","30457585"
"chr1","51527075","51527246","chr20","81983753","81983923","7","30456678"
"chr1","51599457","51599759","chr20","81914800","81915103","18","30315343"
"chr1","51601778","51602084","chr20","81912478","81912784","38","30310700"
"chr1","51618124","51618430","chr20","81903779","81904079","45","30285655"
"chr1","51620234","51620503","chr20","81901486","81901791","49","30281252"
"chr1","51624230","51624543","chr20","81897436","81897749","22","30273206"
"chr1","51654324","51654503","chr10","123590689","123590868","41","71936365"
"chr1","51662321","51662603","chr20","81858958","81859249","38","30196637"
"chr1","51666585","51666665","chr11","22650150","22650232","19","29016435"
"chr1","51677362","51677652","chr24","28247876","28248163","53","23429486"
"chr1","51680669","51680879","chr20","81839209","81839422","12","30158540"
"chr1","51685602","51685781","chr6","48068708","48068885","34","3616894"
"chr1","51686061","51686198","chr28","1881598","1881731","30","49804463"
"chr1","51729349","51729633","chr6","28194245","28194544","60","23535104"
"chr1","51731967","51732088","chr20","81798887","81799008","7","30066920"
"chr1","51752741","51753029","chr20","81776742","81777032","26","30024001"
"chr1","51754097","51754268","chr6","2105468","2105636","32","49648629"
"chr1","51766899","51767200","chr20","81763458","81763758","28","29996559"
"chr1","51776396","51776659","chr5","60889840","60890104","52","9113444"
"chr1","51781133","51781399","chr28","9200666","9200928","51","42580467"
"chr1","51788554","51788675","chr20","81744235","81744356","7","29955681"
"chr1","51788685","51788972","chr28","14582246","14582532","52","37206439"
"chr1","51792623","51792914","chr20","81740006","81740313","38","29947383"
"chr1","51809301","51809549","chr20","81723707","81723971","26","29914406"
"chr1","51823505","51823703","chr4","90553117","90553315","36","38729612"
"chr1","51825479","51825860","chrX","44275189","44275538","110","7550290"
"chr1","51831500","51831801","chr8","89913927","89914225","64","38082427"
"chr1","51845049","51845271","chr20","81688016","81688240","17","29842967"
"chr1","51854363","51854659","chrX","60230350","60230643","64","8375987"
"chr1","51871752","51872050","chr20","81663220","81663523","32","29791468"
"chr1","51916540","51916691","chr20","81618377","81618527","11","29701837"
"chr1","51927607","51927906","chr20","81606877","81607175","17","29679270"
"chr1","51974624","51974917","chr15","33329298","33329582","67","18645326"
"chr1","51976649","51976953","chr20","81570428","81570736","25","29593779"
"chr1","51982877","51982960","chr19","1549697","1549778","18","50433180"
"chr1","52008751","52009025","chr9","86130350","86130632","60","34121599"
"chr1","52012206","52012309","chr20","81532346","81532461","16","29520140"
"chr1","52023461","52023771","chr5","19647348","19647653","67","32376113"
"chr1","52048412","52048699","chr20","81490675","81490976","30","29442263"
"chr1","52068100","52068396","chr20","81476545","81476839","26","29408445"
"chr1","52100970","52101191","chr16","43750646","43750862","48","8350324"
"chr1","52112523","52112809","chr20","127149011","127149300","55","75036488"
"chr1","52115582","52115816","chr20","81428243","81428489","45","29312661"
"chr1","52122665","52122929","chr20","32794218","32794478","63","19328447"
"chr1","52130583","52130832","chr20","81414069","81414314","26","29283486"
"chr1","52138720","52138778","chr20","81406190","81406249","3","29267470"
"chr1","52139072","52139241","chr20","81405721","81405897","16","29266649"
"chr1","52156581","52156881","chr20","81386208","81386506","19","29229627"
"chr1","52161713","52162021","chr11","75012171","75012475","58","22850458"
"chr1","52173557","52173828","chr20","81368536","81368831","48","29194979"
"chr1","52176081","52176352","chr20","81368536","81368831","48","29192455"
"chr1","52196965","52197279","chr3","28499359","28499659","64","23697606"
"chr1","52201916","52202227","chr20","81345058","81345368","21","29143142"
"chr1","52221304","52221588","chr11","104479228","104479515","65","52257924"
"chr1","52224367","52224502","chr20","81321542","81321676","6","29097175"
"chr1","52226162","52226260","chr23","59403705","59403804","18","7177543"
"chr1","52244686","52244983","chr20","81300691","81300983","27","29056005"
"chr1","52245822","52246132","chr5","51942897","51943207","58","302925"
"chr1","52260747","52261044","chr20","81300691","81300983","27","29039944"
"chr1","52261883","52262215","chr20","88100516","88100832","74","35838633"
"chr1","52282107","52282411","chr12","13149213","13149510","66","39132894"
"chr1","52287211","52287503","chr24","51893398","51893685","58","393813"
"chr1","52291489","52291783","chr5","25360110","25360407","72","26931379"
"chr1","52295157","52295450","chr20","81268890","81269155","48","28973733"
"chr1","52300056","52300364","chr13","30139267","30139563","71","22160789"
"chr1","52323812","52323926","chr20","81242925","81243037","8","28919113"
"chr1","52325310","52325464","chr20","70495085","70495235","29","18169775"
"chr1","52332934","52333257","chr20","81233574","81233889","26","28900640"
"chr1","52344213","52344536","chr24","31728884","31729191","70","20615329"
"chr1","52351594","52351890","chr20","81215221","81215519","40","28863627"
"chr1","52357094","52357371","chr16","58389600","58389874","60","6032506"
"chr1","52366911","52367218","chr20","81199793","81200096","20","28832882"
"chr1","52380435","52380732","chr20","81186504","81186808","32","28806069"
"chr1","52385717","52386029","chr20","81181201","81181510","22","28795484"
"chr1","52398402","52398679","chr5","22013995","22014273","60","30384407"
"chr1","52400281","52400582","chr20","81166757","81167054","22","28766476"
"chr1","52402482","52402785","chr20","81164556","81164855","19","28762074"
"chr1","52403365","52403610","chr20","81163724","81163967","16","28760359"
"chr1","52409674","52409956","chr20","81157810","81158092","11","28748136"
"chr1","52427091","52427205","chr8","2075118","2075235","19","50351973"
"chr1","52430962","52431180","chr16","30333461","30333679","51","22097501"
"chr1","52435427","52435701","chr20","81128891","81129148","39","28693464"
"chr1","52435857","52436158","chr20","81128441","81128710","46","28692584"
"chr1","52445057","52445356","chr15","52020450","52020751","63","424607"
"chr1","52461415","52461714","chr16","35556750","35557045","66","16904665"
"chr1","52465578","52465870","chr20","81092652","81092953","31","28627074"
"chr1","52470118","52470281","chr28","4481182","4481343","38","47988936"
"chr1","52472075","52472376","chr20","81086360","81086667","25","28614285"
"chr1","52487778","52488070","chr20","81069632","81069919","19","28581854"
"chr1","52515536","52515644","chr9","124634650","124634758","25","72119114"
"chr1","52520693","52520963","chr8","8338249","8338530","52","44182444"
"chr1","52526557","52526645","chr20","81031735","81031823","6","28505178"
"chr1","52541684","52541872","chr22","28339193","28339374","47","24202491"
"chr1","52543287","52543561","chr20","81015975","81016264","35","28472688"
"chr1","52555250","52555531","chrX","110087481","110087763","60","57532231"
"chr1","52562953","52563254","chr8","62420423","62420735","63","9857470"
"chr1","52579898","52580097","chr10","104507995","104508194","37","51928097"
"chr1","52583861","52584165","chr20","80974964","80975263","23","28391103"
"chr1","52587723","52587847","chr20","80969302","80969420","13","28381579"
"chr1","52604673","52604954","chr15","49785928","49786208","54","2818745"
"chr1","52613640","52613833","chr20","80937315","80937509","18","28323675"
"chr1","52616540","52616804","chr20","80935064","80935346","30","28318524"
"chr1","52651232","52651536","chr20","80901812","80902113","30","28250580"
"chr1","52673967","52674247","chr20","80873135","80873417","13","28199168"
"chr1","52675143","52675306","chr6","42438846","42439014","36","10236297"
"chr1","52675332","52675443","chr19","18767093","18767203","22","33908239"
"chr1","52681583","52681883","chr11","7771853","7772147","55","44909730"
"chr1","52693737","52694055","chr11","118263315","118263643","82","65569578"
"chr1","52712997","52713287","chr20","80825785","80826058","28","28112788"
"chr1","52713508","52713818","chr20","80825256","80825558","28","28111748"
"chr1","52720253","52720332","chr26","41796121","41796199","12","10924132"
"chr1","52759761","52760063","chr9","28897910","28898213","60","23861851"
"chr1","52776706","52776901","chr20","97126383","97126577","46","44349677"
"chr1","52820596","52820866","chr2","14693364","14693634","58","38127232"
"chr1","52821405","52821691","chr20","80260254","80260536","69","27438849"
"chr1","52843155","52843456","chr12","40601683","40601983","59","12241472"
"chr1","52847234","52847519","chr20","80695923","80696217","28","27848689"
"chr1","52880269","52880523","chr20","80660468","80660723","18","27780199"
"chr1","52903501","52903789","chr20","80635722","80636017","29","27732221"
"chr1","52907797","52908087","chr16","70082802","70083092","61","17175005"
"chr1","53083282","53083583","chr20","80451815","80452111","26","27368533"
"chr1","53118367","53118593","chr20","80418619","80418848","16","27300252"
"chr1","53134380","53134685","chr20","80403778","80404083","17","27269398"
"chr1","53140093","53140390","chr20","80397811","80398091","38","27257718"
"chr1","53146948","53147074","chr20","80391142","80391270","7","27244194"
"chr1","53147367","53147558","chr20","80390671","80390857","19","27243304"
"chr1","53148991","53149060","chr1","91229262","91229328","16","38080271"
"chr1","53149931","53150226","chr20","80387846","80388151","31","27237915"
"chr1","53150650","53150887","chr7","36379250","36379492","59","16771400"
"chr1","53163587","53163894","chr20","80373416","80373714","27","27209829"
"chr1","53165020","53165335","chr6","32219588","32219888","69","20945432"
"chr1","53165750","53166038","chr5","36537741","36538038","61","16628009"
"chr1","53177899","53178199","chr12","103939005","103939299","59","50761106"
"chr1","53187433","53187717","chr20","80346519","80346805","18","27159086"
"chr1","53190096","53190253","chr9","117220775","117220934","28","64030679"
"chr1","53190554","53190684","chrX_KE148109v1_random","39614","39742","18","53150940"
"chr1","53195579","53195790","chr9","6282430","6282633","48","46913149"
"chr1","53208906","53209035","chr10","121357380","121357502","22","68148474"
"chr1","53209325","53209475","chr2","43575632","43575768","43","9633693"
"chr1","53231292","53231408","chr25","72459719","72459836","16","19228427"
"chr1","53235028","53235307","chr20","80297906","80298202","44","27062878"
"chr1","53260142","53260402","chr20","80284967","80285226","14","27024825"
"chr1","53274959","53275240","chr20","80275918","80276191","38","27000959"
"chr1","53283061","53283346","chr24","81318473","81318756","50","28035412"
"chr1","53289720","53290025","chr20","80255248","80255548","22","26965528"
"chr1","53292607","53292896","chr8","85175020","85175313","55","31882413"
"chr1","53321460","53321758","chr20","80220514","80220812","20","26899054"
"chr1","53325908","53326194","chr26","15544418","15544708","62","37781490"
"chr1","53326229","53326242","chr1","92083515","92083527","2","38757286"
"chr1","53329988","53330276","chr20","80212409","80212682","28","26882421"
"chr1","53332118","53332430","chr20","80210189","80210475","50","26878071"
"chr1","53335182","53335464","chr8","113263843","113264101","71","59928661"
"chr1","53345881","53346107","chr20","80198812","80199011","38","26852931"
"chr1","53359418","53359690","chr20","80186227","80186494","34","26826809"
"chr1","53372472","53372683","chr15","1354000","1354214","47","52018472"
"chr1","53384802","53384981","chr12","47027809","47027974","46","6356993"
"chr1","53400163","53400449","chr20","80138100","80138404","32","26737937"
"chr1","53408785","53408909","chr20","80140858","80140982","10","26732073"
"chr1","53412118","53412232","chr20","80132295","80132412","10","26720177"
"chr1","53415201","53415320","chr20","80129524","80129663","28","26714323"
"chr1","53426511","53426627","chr20","80118257","80118373","7","26691746"
"chr1","53450150","53450224","chr20","80098154","80098226","6","26648004"
"chr1","53473967","53474248","chr6","15596144","15596421","64","37877823"
"chr1","53489667","53489914","chr20","80051846","80052072","64","26562179"
"chr1","53490758","53490924","chr20","109435730","109435894","39","55944972"
"chr1","53492673","53492942","chr20","80048852","80049111","34","26556179"
"chr1","53503478","53503601","chr5","26794954","26795068","20","26708524"
"chr1","53525456","53525742","chr20","79998619","79998921","36","26473163"
"chr1","53540789","53541084","chr20","79976042","79976337","18","26435253"
"chr1","53553959","53554049","chr20","79961718","79961808","7","26407759"
"chr1","53583428","53583737","chr6","48120601","48120907","61","5462827"
"chr1","53601962","53602183","chr20","107582297","107582522","45","53980335"
"chr1","53607172","53607480","chr28","15268662","15268962","60","38338510"
"chr1","53616755","53616947","chr5","58644293","58644474","45","5027538"
"chr1","53617266","53617310","chr19","8604958","8604999","8","45012308"
"chr1","53640093","53640390","chr18","32854753","32855059","50","20785340"
"chr1","53681468","53681759","chr16","18697403","18697696","69","34984065"
"chr1","53733488","53733703","chr20","79794985","79795216","24","26061497"
"chr1","53753569","53753859","chr20","79775093","79775380","30","26021524"
"chr1","53759185","53759481","chr20","79768171","79768467","18","26008986"
"chr1","53760591","53760759","chr2","15929638","15929807","31","37830953"
"chr1","53760785","53760904","chr14","82354648","82354772","19","28593863"
"chr1","53764875","53765058","chr2","17147587","17147762","38","36617288"
"chr1","53778591","53778840","chr14","62860270","62860515","67","9081679"
"chr1","53815840","53816130","chr20","79715432","79715722","17","25899592"
"chr1","53867789","53868091","chr12","40601683","40601983","57","13266106"
"chr1","53875869","53876169","chr20","79656528","79656819","28","25780659"
"chr1","53920244","53920521","chr20","79611853","79612135","23","25691609"
"chr1","53962382","53962640","chr10","58580545","58580799","64","4618163"
"chr1","53978369","53978582","chr18","71605520","71605735","41","17627151"
"chr1","53988003","53988216","chr18","71605520","71605735","41","17617517"
"chr1","54054489","54054593","chr16","38140962","38141072","16","15913527"
"chr1","54063461","54063751","chr6","3125565","3125851","56","50937896"
"chr1","54097545","54097670","chr20","79451129","79451235","25","25353584"
"chr1","54139964","54140254","chr16","61873389","61873683","64","7733425"
"chr1","54188015","54188324","chr20","79361780","79362089","28","25173765"
"chr1","54206456","54206614","chr7","25495027","25495184","27","28711429"
"chr1","54212565","54212820","chr1","6547966","6548216","50","47664599"
"chr1","54245915","54246222","chr11","65033931","65034241","62","10788016"
"chr1","54287878","54288168","chr20","79279520","79279819","27","24991642"
"chr1","54326673","54326799","chr19","24476001","24476128","18","29850672"
"chr1","54338924","54339236","chr20","85096432","85096738","56","30757508"
"chr1","54359794","54360072","chr20","79205907","79206185","14","24846113"
"chr1","54377649","54377964","chr20","79188133","79188444","17","24810484"
"chr1","54379196","54379508","chr16","35556750","35557045","82","18822446"
"chr1","54384456","54384755","chr25","44770913","44771213","64","9613543"
"chr1","54412869","54413161","chr6","28194245","28194544","62","26218624"
"chr1","54416690","54416992","chr20","79148553","79148847","33","24731863"
"chr1","54422877","54423162","chr20","79143607","79143892","18","24720730"
"chr1","54424251","54424469","chr5","21180605","21180819","43","33243646"
"chr1","54429744","54430034","chr20","79136711","79136995","24","24706967"
"chr1","54430754","54431049","chr20","79135718","79136015","14","24704964"
"chr1","54445250","54445412","chr6","3912511","3912671","28","50532739"
"chr1","54446497","54446621","chr20","79120197","79120320","5","24673700"
"chr1","54502945","54503253","chr18","32854753","32855059","48","21648192"
"chr1","54508003","54508299","chr20","79062102","79062398","19","24554099"
"chr1","54510600","54510865","chr20","79059228","79059492","17","24548628"
"chr1","54511887","54512177","chrX","18834147","18834440","56","35677740"
"chr1","54525449","54525742","chr20","79042710","79042997","33","24517261"
"chr1","54530385","54530692","chr21","107450772","107451077","60","52920387"
"chr1","54532521","54532729","chr20","79035560","79035765","15","24503039"
"chr1","54552625","54552935","chr28","11856078","11856376","63","42696547"
"chr1","54554829","54554937","chr20","79012283","79012389","10","24457454"
"chr1","54559575","54559877","chr20","79007698","79007989","27","24448123"
"chr1","54580981","54581179","chr21","16416165","16416362","41","38164816"
"chr1","54581230","54581277","chr19","8604958","8604999","9","45976272"
"chr1","54581566","54581664","chr26","38780852","38780951","16","15800714"
"chr1","54616828","54617121","chr20","78960531","78960837","26","24343703"
"chr1","54617134","54617421","chr4","9157133","9157412","64","45460001"
"chr1","54619940","54620226","chr20","78957299","78957585","19","24337359"
"chr1","54626312","54626600","chr20","78951181","78951487","31","24324869"
"chr1","54660974","54661273","chr20","78929843","78930120","38","24268869"
"chr1","54685111","54685170","chr11","48047805","48047862","13","6637306"
"chr1","54685417","54685547","chr20","78908869","78908999","7","24223452"
"chr1","54687881","54688203","chr29","17884395","17884716","61","36803486"
"chr1","54702611","54702920","chr6","28194245","28194544","69","26508366"
"chr1","54720418","54720702","chr8","137395739","137396022","52","82675321"
"chr1","54736266","54736571","chr20","78855932","78856237","18","24119666"
"chr1","54741058","54741358","chr6","12267055","12267360","57","42474003"
"chr1","54750201","54750480","chr20","78841987","78842286","30","24091786"
"chr1","54804667","54804793","chr20","78788465","78788591","5","23983798"
"chr1","54827978","54828110","chr20","78743460","78743592","7","23915482"
"chr1","54829634","54829943","chr20","78741616","78741925","15","23911982"
"chr1","54832082","54832371","chr10","113422499","113422792","61","58590417"
"chr1","54866194","54866532","chr21","98081233","98081578","88","43215039"
"chr1","54868208","54868294","chrX","45901889","45901968","25","8966319"
"chr1","54870096","54870316","chr28","19279497","19279697","62","35590599"
"chr1","54877620","54877799","chr20","78691587","78691749","27","23813967"
"chr1","54878096","54878240","chr20","78691140","78691284","10","23813044"
"chr1","54904692","54904987","chr20","78664465","78664752","29","23759773"
"chr1","54918113","54918373","chr2","38929767","38930030","55","15988346"
"chr1","54949397","54949688","chr22","58366192","58366480","61","3416795"
"chr1","54967194","54967479","chr20","78601659","78601932","38","23634465"
"chr1","54980436","54980700","chr20","78588782","78589075","55","23608346"
"chr1","54980823","54980939","chr20","119039524","119039640","16","64058701"
"chr1","54994232","54994533","chr20","78573950","78574247","17","23579718"
"chr1","55014213","55014477","chr29","7862858","7863114","73","47151355"
"chr1","55027250","55027381","chr20","78541033","78541163","7","23513783"
"chr1","55053663","55053780","chrX","18536750","18536866","15","36516913"
"chr1","55072146","55072276","chr20","78479160","78479291","7","23407014"
"chr1","55074787","55075077","chr20","78476304","78476597","28","23401517"
"chr1","55086275","55086405","chr11","112506928","112507060","25","57420653"
"chr1","55116548","55116694","chr20","78447426","78447572","15","23330878"
"chr1","55116778","55117046","chr20","78447036","78447319","27","23330258"
"chr1","55126661","55126792","chr18","30347134","30347266","21","24779527"
"chr1","55155471","55155762","chr5","34644718","34645004","63","20510753"
"chr1","55156857","55157154","chr14","64724578","64724872","60","9567721"
"chr1","55162567","55162838","chr20","78397929","78398202","18","23235362"
"chr1","55187902","55188199","chr20","78375811","78376114","41","23187909"
"chr1","55194096","55194288","chr20","29053379","29053537","58","26140717"
"chr1","55194587","55194732","chr27","9711745","9711890","22","45482842"
"chr1","55198445","55198637","chr6","38934640","38934825","40","16263805"
"chr1","55198667","55198780","chr20","40713660","40713770","23","14485007"
"chr1","55238337","55238631","chr12","40601683","40601983","63","14636654"
"chr1","55247395","55247512","chr20","78301243","78301359","9","23053848"
"chr1","55248618","55248844","chr20","7830000","7830214","56","47418618"
"chr1","55260112","55260412","chr12","40601683","40601983","48","14658429"
"chr1","55264738","55265053","chr20","78284007","78284314","28","23019269"
"chr1","55266642","55266773","chr11","1344046","1344181","24","53922596"
"chr1","55267124","55267418","chr16","53759124","53759420","61","1508000"
"chr1","55271878","55272185","chr12","40601683","40601983","53","14670195"
"chr1","55293838","55293954","chr20","78253881","78253996","9","22960043"
"chr1","55319228","55319499","chr20","78229701","78229972","16","22910473"
"chr1","55323203","55323336","chr6","35496988","35497119","16","19826215"
"chr1","55330937","55331230","chr14","80297889","80298176","63","24966952"
"chr1","55337815","55337977","chr9","26095932","26096095","34","29241883"
"chr1","55357654","55357769","chr20","78189484","78189597","5","22831830"
"chr1","55364631","55364850","chr4","74505980","74506198","41","19141349"
"chr1","55394717","55395030","chr20","78153560","78153877","25","22758843"
"chr1","55401114","55401412","chr6","49415209","49415504","72","5985905"
"chr1","55431883","55432165","chr16","57847381","57847661","66","2415498"
"chr1","55445118","55445407","chr11","52485137","52485444","54","2959981"
"chr1","55452071","55452368","chr20","78098435","78098733","25","22646364"
"chr1","55456966","55457209","chr14","82833805","82834040","57","27376839"
"chr1","55461052","55461281","chr20","78089537","78089762","25","22628485"
"chr1","55481889","55482038","chr28","20256648","20256783","27","35225241"
"chr1","55482349","55482525","chr1","7328156","7328331","37","48154193"
"chr1","55491128","55491205","chr20","78062290","78062376","15","22571162"
"chr1","55502887","55503197","chr9","107538597","107538913","72","52035710"
"chr1","55517724","55518020","chr20","78040503","78040803","30","22522779"
"chr1","55606116","55606378","chr20","77960933","77961190","26","22354817"
"chr1","55617441","55617679","chr17","35976118","35976347","57","19641323"
"chr1","55683420","55683686","chr2","81187981","81188238","62","25504561"
"chr1","55693732","55694026","chr20","77882550","77882875","46","22188818"
"chr1","55745951","55746273","chr9","15046359","15046670","69","40699592"
"chr1","55752421","55752537","chr20","77824204","77824316","12","22071783"
"chr1","55838471","55838752","chr26","3160851","3161136","63","52677620"
"chr1","55856183","55856404","chr17","30219012","30219229","62","25637171"
"chr1","55864438","55864722","chr20","77712651","77712924","33","21848213"
"chr1","55889357","55889629","chr20","77685236","77685528","45","21795879"
"chr1","55903625","55903918","chr20","77671426","77671703","41","21767801"
"chr1","55911924","55912214","chr21","58341605","58341901","57","2429681"
"chr1","55971006","55971292","chr20","77606564","77606851","17","21635558"
"chr1","56152951","56153160","chr20","77429413","77429622","23","21276462"
"chr1","56243373","56243699","chr9","72461303","72461617","86","16217930"
"chr1","56285839","56286125","chr20","77304127","77304410","30","21018288"
"chr1","56381799","56381969","chr6","5100205","5100370","52","51281594"
"chr1","56429731","56430033","chr11","52554986","52555287","62","3874745"
"chr1","56517045","56517167","chr20","77077273","77077396","4","20560228"
"chr1","56569243","56569539","chr20","77024344","77024646","24","20455101"
"chr1","56663125","56663414","chr20","76932240","76932523","19","20269115"
"chr1","56791011","56791323","chr3","19554105","19554413","65","37236906"
"chr1","56904366","56904498","chr20","76725777","76725909","8","19821411"
"chr1","56923363","56923646","chr20","76709011","76709282","25","19785648"
"chr1","56948553","56948836","chr20","76709011","76709282","25","19760458"
"chr1","57002295","57002402","chr21","99709639","99709748","22","42707344"
"chr1","57006214","57006514","chr9","16266982","16267290","60","40739232"
"chr1","57012168","57012471","chr9","95951467","95951766","56","38939299"
"chr1","57086106","57086412","chr20","76556561","76556854","30","19470455"
"chr1","57089501","57089782","chr9","95978837","95979118","56","38889336"
"chr1","57099461","57099715","chr20","76543064","76543352","55","19443603"
"chr1","57288769","57289067","chr20","76344882","76345178","25","19056113"
"chr1","57304722","57304978","chr20","76323642","76323869","45","19018920"
"chr1","57615204","57615506","chr20","76022720","76023022","24","18407516"
"chr1","57649846","57650131","chr20","75987052","75987318","48","18337206"
"chr1","57691433","57691743","chr20","75946499","75946814","33","18255066"
"chr1","57730696","57730976","chr28","19080197","19080477","49","38650499"
"chr1","57856008","57856299","chr20","75795917","75796227","41","17939909"
"chr1","58152522","58152808","chr12","14577157","14577444","75","43575365"
"chr1","58173016","58173307","chr20","75517637","75517936","27","17344621"
"chr1","58267965","58268277","chr22","53484509","53484816","66","4783456"
"chr1","58297077","58297386","chr28","18723682","18723992","56","39573395"
"chr1","58337726","58338013","chr20","75357118","75357381","35","17019392"
"chr1","58364463","58364767","chr5","8157384","8157678","58","50207079"
"chr1","58419463","58419780","chr20","75276109","75276407","34","16856646"
"chr1","58420331","58420622","chr9","32982579","32982865","60","25437752"
"chr1","58484769","58485060","chr20","75213244","75213543","25","16728475"
"chr1","58491658","58491920","chr20","75206041","75206318","32","16714383"
"chr1","58560182","58560510","chr4","72390177","72390495","69","13829995"
"chr1","58612331","58612621","chr10","85020005","85020295","75","26407674"
"chr1","58667268","58667559","chr20","75031595","75031885","17","16364327"
"chr1","58684740","58685051","chr11","65033931","65034241","71","6349191"
"chr1","58694426","58694745","chr28","14917123","14917442","65","43777303"
"chr1","58749475","58749587","chr8","49908807","49908922","15","8840668"
"chr1","58807363","58807658","chr7","99043913","99044209","57","40236550"
"chr1","58894976","58895289","chr14","91998738","91999051","58","33103762"
"chr1","58901861","58902176","chr20","74798161","74798479","29","15896300"
"chr1","58943729","58943978","chr4","39486692","39486944","59","19457037"
"chr1","59086264","59086572","chr20","74614357","74614654","42","15528093"
"chr1","59176265","59176367","chr20","74549386","74549487","4","15373121"
"chr1","59264615","59264805","chr20","74487872","74488066","15","15223257"
"chr1","59375978","59376305","chr3","19554105","19554413","76","39821873"
"chr1","59419838","59420121","chr20","74335151","74335437","24","14915313"
"chr1","59451652","59451928","chr8","9922028","9922301","65","49529624"
"chr1","59458096","59458300","chrX","92696414","92696619","37","33238318"
"chr1","59474673","59474964","chr8","119915617","119915891","77","60440944"
"chr1","59521947","59522063","chr26","16066172","16066283","23","43455775"
"chr1","59522432","59522509","chr11","26804102","26804181","15","32718330"
"chr1","59591634","59591944","chr20","74171710","74172021","25","14580076"
"chr1","59611478","59611800","chr20","74152833","74153151","21","14541355"
"chr1","59694366","59694689","chr28","15141829","15142140","68","44552537"
"chr1","59695954","59696240","chrX","17390484","17390767","31","42305470"
"chr1","59780903","59781030","chr7","109886640","109886769","10","50105737"
"chr1","59815098","59815408","chr20","73960961","73961265","30","14145863"
"chr1","59819252","59819543","chr2","35878899","35879181","59","23940353"
"chr1","59838653","59838967","chr6","28231134","28231432","71","31607519"
"chr1","60025393","60025707","chr20","73744766","73745089","47","13719373"
"chr1","60034453","60034701","chr20","73735839","73736087","11","13701386"
"chr1","60249612","60249888","chr20","73542650","73542944","56","13293038"
"chr1","60290477","60290759","chr20","73506512","73506793","41","13216035"
"chr1","60382106","60382350","chr3","20950954","20951198","47","39431152"
"chr1","60421387","60421701","chrX","67050072","67050374","70","6628685"
"chr1","60504747","60505024","chr20","124970405","124970691","60","64465658"
"chr1","60552956","60553120","chr6","3912511","3912671","35","56640445"
"chr1","60578351","60578644","chrX_KE148108v1_random","1020209","1020503","59","59558142"
"chr1","60629235","60629407","chr20","73152784","73152969","29","12523549"
"chr1","60688125","60688406","chr3","52070397","52070682","54","8617728"
"chr1","60764507","60764815","chr20","73012230","73012524","31","12247723"
"chr1","60817585","60817853","chr4","60393633","60393889","71","423952"
"chr1","60832754","60833053","chr20","72943331","72943625","24","12110577"
"chr1","60901454","60901712","chr20","72857534","72857788","19","11956080"
"chr1","61076997","61077285","chr20","72687624","72687912","16","11610627"
"chr1","61298520","61298821","chr5","19842056","19842359","60","41456464"
"chr1","61407007","61407203","chr19","10849697","10849884","46","50557310"
"chr1","61407572","61407685","chr22","52421952","52422071","24","8985620"
"chr1","61531998","61532130","chr16","70522336","70522472","23","8990338"
"chr1","61562470","61562792","chr20","72255457","72255743","65","10692987"
"chr1","61633237","61633408","chr13","33912684","33912848","48","27720553"
"chr1","61687469","61687749","chr20","72122755","72123036","19","10435286"
"chr1","61806192","61806490","chr20","72002095","72002399","34","10195903"
"chr1","61837689","61837890","chr7","43603636","43603861","58","18234053"
"chr1","61874514","61874801","chr20","71934844","71935131","23","10060330"
"chr1","61888236","61888451","chr12","75056415","75056629","45","13168179"
"chr1","61909366","61909638","chr20","71899195","71899467","20","9989829"
"chr1","61922785","61923120","chr20","71885695","71886015","36","9962910"
"chr1","62033164","62033324","chr5","32854674","32854830","38","29178490"
"chr1","62033361","62033443","chr8","75927974","75928064","26","13894613"
"chr1","62034188","62034491","chr19","12688143","12688444","59","49346045"
"chr1","62133361","62133705","chr20","71690111","71690434","39","9556750"
"chr1","62134156","62134466","chr12","103939005","103939299","70","41804849"
"chr1","62163096","62163246","chr23","35280357","35280514","34","26882739"
"chr1","62163557","62163702","chr3","9564943","9565083","28","52598614"
"chr1","62172693","62172987","chr20","71649463","71649756","21","9476770"
"chr1","62174894","62175177","chr15","81132104","81132384","55","18957210"
"chr1","62181900","62182210","chr18","21490626","21490936","61","40691274"
"chr1","62238436","62238723","chr20","71617372","71617689","43","9378936"
"chr1","62249253","62249540","chr20","71617372","71617689","43","9368119"
"chr1","62305808","62306117","chr22","19578687","19578987","60","42727121"
"chr1","62323651","62323961","chr7","103116086","103116396","58","40792435"
"chr1","62368989","62369172","chr10","58582404","58582578","50","3786585"
"chr1","62385028","62385161","chr9","111890984","111891112","20","49505956"
"chr1","62399725","62400014","chr18","71966149","71966446","54","9566424"
"chr1","62463469","62463535","chr2","20062371","20062436","15","42401098"
"chr1","62534325","62534594","chr20","71348632","71348901","19","8814307"
"chr1","62552279","62552409","chr20","71330288","71330418","7","8778009"
"chr1","62555591","62555862","chr20","71326930","71327197","14","8771339"
"chr1","62584835","62585106","chr18","65305123","65305401","26","2720288"
"chr1","62585896","62586197","chr25","1851212","1851496","64","60734684"
"chr1","62587771","62588058","chrX","49431329","49431591","71","13156442"
"chr1","62594113","62594235","chr20","71297057","71297180","13","8702944"
"chr1","62597544","62597818","chr16","25633601","25633872","47","36963943"
"chr1","62602281","62602531","chr6","16634482","16634719","58","45967799"
"chr1","62604934","62605229","chr10","117605159","117605457","61","55000225"
"chr1","62612440","62612729","chr20","71280437","71280730","18","8667997"
"chr1","62613852","62614115","chr20","71278677","71278971","49","8664825"
"chr1","62616009","62616300","chr20","71276461","71276756","37","8660452"
"chr1","62622261","62622375","chr20","71270787","71270901","10","8648526"
"chr1","62622682","62622705","chr2","59264884","59264908","6","3357798"
"chr1","62623007","62623176","chr6","15370523","15370692","31","47252484"
"chr1","62626502","62626642","chr15","81020354","81020498","29","18393852"
"chr1","62626945","62627083","chr20","71266307","71266445","9","8639362"
"chr1","62647296","62647585","chr20","71240206","71240494","38","8592910"
"chr1","62656371","62656652","chr20","71232163","71232449","25","8575792"
"chr1","62664698","62664808","chr20","71223673","71223793","16","8558975"
"chr1","62673556","62673862","chr20","71215381","71215685","27","8541825"
"chr1","62677552","62677839","chr22","18532485","18532779","61","44145067"
"chr1","62692578","62692858","chr20","71196819","71197070","40","8504241"
"chr1","62739590","62739895","chr20","71151955","71152269","23","8412365"
"chr1","62758098","62758409","chr17","35306470","35306782","65","27451628"
"chr1","62758930","62759241","chr17","35306470","35306782","65","27452460"
"chr1","62818109","62818381","chr6","11668104","11668371","59","51150005"
"chr1","62829201","62829460","chr10","3032791","3033047","60","59796410"
"chr1","62833653","62833919","chrX","7630430","7630699","57","55203223"
"chr1","62844097","62844347","chr20","71072996","71073247","19","8228899"
"chr1","62865664","62865959","chr25","25248543","25248833","64","37617121"
"chr1","62874334","62874606","chr20","71042731","71043003","12","8168397"
"chr1","62879853","62880148","chr24","55401975","55402268","49","7477878"
"chr1","62883837","62884140","chr21","31958012","31958309","62","30925825"
"chr1","62898029","62898304","chr20","71014105","71014397","35","8116076"
"chr1","62915976","62916284","chr20","70991798","70992094","98","8075822"
"chr1","62929444","62929701","chr2","14814558","14814804","59","48114886"
"chr1","62944353","62944649","chr13","62303319","62303616","49","641034"
"chr1","62952641","62952900","chr20","70970528","70970776","23","8017887"
"chr1","62959218","62959520","chr22","17914390","17914690","61","45044828"
"chr1","62961241","62961520","chr5","35794634","35794914","62","27166607"
"chr1","62968982","62969286","chr20","70955163","70955467","26","7986181"
"chr1","62982415","62982535","chr20","70942132","70942253","10","7959717"
"chr1","63018151","63018449","chr20","112495489","112495789","48","49477338"
"chr1","63027689","63027905","chr20","70894269","70894467","31","7866580"
"chr1","63029870","63030025","chr5","52837125","52837280","33","10192745"
"chr1","63037873","63038173","chr20","70885927","70886208","47","7848054"
"chr1","63050770","63051010","chr8","111975780","111976009","62","48925010"
"chr1","63060219","63060331","chr2","49866375","49866493","21","13193844"
"chr1","63060890","63061045","chr20","70867901","70868073","33","7807011"
"chr1","63061535","63061689","chr29","19836256","19836416","33","43225279"
"chr1","63062268","63062325","chr6","15949212","15949270","14","47113056"
"chr1","63062326","63062378","chr5","44786227","44786272","13","18276099"
"chr1","63109262","63109417","chr9","22719920","22720073","25","40389342"
"chr1","63109712","63109832","chr2","87742533","87742662","23","24632821"
"chr1","63131242","63131329","chr10","9736954","9737041","18","53394288"
"chr1","63171982","63172270","chr20","70746680","70746971","21","7574698"
"chr1","63196949","63197126","chr14","82170493","82170666","34","18973544"
"chr1","63197423","63197569","chr26","38323071","38323215","29","24874352"
"chr1","63197822","63197998","chr25","79375354","79375526","43","16177532"
"chr1","63205930","63206243","chr9","124625139","124625450","58","61419209"
"chr1","63220406","63220521","chr11","102259472","102259587","18","39039066"
"chr1","63230141","63230427","chr20","70687656","70687940","17","7457515"
"chr1","63256491","63256809","chr20","70662949","70663231","55","7406458"
"chr1","63269485","63269752","chr12","44629039","44629318","66","18640446"
"chr1","63280206","63280422","chr20","121792002","121792218","42","58511796"
"chr1","63288611","63288930","chr20","70631382","70631667","46","7342771"
"chr1","63295046","63295321","chr20","70625218","70625502","23","7330172"
"chr1","63337743","63338022","chr11","61377874","61378158","73","1959869"
"chr1","63339915","63340223","chr20","70579319","70579623","21","7239404"
"chr1","63350811","63351008","chr22","98265089","98265292","44","34914278"
"chr1","63351170","63351458","chr2","66145037","66145327","49","2793867"
"chr1","63356391","63356728","chr20","70563271","70563535","84","7206880"
"chr1","63358258","63358494","chr20","70561534","70561764","28","7203276"
"chr1","63358617","63358915","chr20","70561074","70561375","17","7202457"
"chr1","63364295","63364557","chr20","7571681","7571939","67","55792614"
"chr1","63365910","63366220","chr15","90047308","90047605","60","26681398"
"chr1","63369773","63370068","chr20","70552580","70552867","29","7182807"
"chr1","63399295","63399579","chr20","101162451","101162740","52","37763156"
"chr1","63408818","63409102","chr20","70508281","70508566","20","7099463"
"chr1","63421176","63421397","chr9","86724130","86724353","60","23302954"
"chr1","63441447","63441610","chr8","137521153","137521305","44","74079706"
"chr1","63446782","63447064","chr20","70478106","70478378","27","7031324"
"chr1","63462688","63462990","chr20","112495489","112495789","63","49032801"
"chr1","63502850","63502961","chr6","47674924","47675034","16","15827926"
"chr1","63516985","63517090","chr14","44661635","44661739","25","18855350"
"chr1","63542510","63542780","chr12","97333332","97333617","57","33790822"
"chr1","63605665","63605955","chr20","70334384","70334677","19","6728719"
"chr1","63650863","63651169","chr20","70298788","70299093","21","6647925"
"chr1","63669115","63669352","chr2","74129233","74129489","61","10460118"
"chr1","63674730","63675012","chr2","1314642","1314929","71","62360088"
"chr1","63715172","63715449","chr20","70236180","70236459","26","6521008"
"chr1","63729498","63729789","chr20","70221604","70221895","22","6492106"
"chr1","63752999","63753145","chr25","56497147","56497294","25","7255852"
"chr1","63817889","63818160","chr20","70153872","70154154","29","6335983"
"chr1","63818590","63818887","chr20","70153147","70153441","18","6334557"
"chr1","63920430","63920726","chr20","70050205","70050500","22","6129775"
"chr1","63934317","63934627","chr20","70036633","70036944","21","6102316"
"chr1","63991468","63991779","chr20","69980560","69980866","34","5989092"
"chr1","64114784","64115074","chr20","69860729","69861016","19","5745945"
"chr1","64165189","64165491","chr20","69808377","69808680","29","5643188"
"chr1","64172963","64173182","chr20","69799247","69799461","18","5626284"
"chr1","64212031","64212321","chr20","69755056","69755347","25","5543025"
"chr1","64214459","64214763","chr20","69752898","69753203","22","5538439"
"chr1","64239535","64239735","chr5","44349250","44349446","47","19890285"
"chr1","64240505","64240800","chr6","16593824","16594116","65","47646681"
"chr1","64305469","64305764","chr16","56975745","56976043","60","7329724"
"chr1","64321472","64321760","chr20","69652027","69652317","19","5330555"
"chr1","64333691","64333727","chr15","58153679","58153719","10","6180012"
"chr1","64340480","64340778","chr28","15141829","15142140","62","49198651"
"chr1","64360342","64360608","chr20","69613166","69613433","21","5252824"
"chr1","64361883","64362082","chr20","69611684","69611887","11","5249801"
"chr1","64367375","64367659","chr11","104479228","104479515","58","40111853"
"chr1","64367700","64367954","chr28","19196628","19196884","54","45171072"
"chr1","64387627","64387906","chr20","69591435","69591728","30","5203808"
"chr1","64406822","64407115","chr20","69575932","69576245","41","5169110"
"chr1","64450080","64450380","chr20","69533277","69533561","44","5083197"
"chr1","64456824","64457053","chrX","41990279","41990498","42","22466545"
"chr1","64469897","64470188","chr2","66145037","66145327","64","1675140"
"chr1","64478713","64479004","chr20","69505693","69505984","20","5026980"
"chr1","64570173","64570481","chr8","97407606","97407912","67","32837433"
"chr1","64603421","64603670","chr11","111858870","111859100","60","47255449"
"chr1","64637364","64637674","chr8","92858008","92858317","60","28220644"
"chr1","64668108","64668416","chr20","69340551","69340860","31","4672443"
"chr1","64678390","64678680","chr20","69330699","69330989","12","4652309"
"chr1","64722110","64722411","chr20","69288977","69289278","22","4566867"
"chr1","64739923","64740228","chr12","40601683","40601983","60","24138240"
"chr1","64828378","64828673","chr14","96434935","96435232","68","31606557"
"chr1","64948806","64949080","chr9","13293479","13293754","56","51655327"
"chr1","64987976","64988262","chr20","69019653","69019927","40","4031677"
"chr1","64999212","64999496","chr12","103939005","103939299","55","38939793"
"chr1","65018113","65018419","chr5","17983640","17983937","58","47034473"
"chr1","65033130","65033403","chr25","4479654","4479922","63","60553476"
"chr1","65049408","65049696","chr20","68959750","68960063","41","3910342"
"chr1","65124413","65124719","chr16","68335130","68335434","59","3210717"
"chr1","65127502","65127811","chr11","112166615","112166919","54","47039113"
"chr1","65148948","65149107","chr15","4391015","4391168","33","60757933"
"chr1","65149414","65149509","chr4","27531471","27531566","17","37617943"
"chr1","65154858","65155143","chr22","56171547","56171831","53","8983311"
"chr1","65163982","65164300","chr20","68818348","68818645","33","3654366"
"chr1","65241906","65242197","chr5","60333586","60333882","61","4908320"
"chr1","65260249","65260541","chr20","68735748","68736043","17","3475499"
"chr1","65262586","65262895","chr7","42257512","42257812","72","23005074"
"chr1","65287351","65287638","chr20","68716009","68716308","27","3428658"
"chr1","65289204","65289398","chr20","68714253","68714448","19","3425049"
"chr1","65301706","65301991","chr20","68702161","68702443","27","3400455"
"chr1","65303389","65303681","chr20","68700403","68700723","57","3397014"
"chr1","65309558","65309759","chr20","68694250","68694458","31","3384692"
"chr1","65376457","65376772","chr20","68532332","68532659","31","3155875"
"chr1","65378021","65378196","chr1","64080714","64080887","32","1297307"
"chr1","65385584","65385883","chr20","68523338","68523631","30","3137754"
"chr1","65451183","65451488","chr17","35306470","35306782","57","30144713"
"chr1","65458410","65458735","chr9","103618990","103619298","81","38160580"
"chr1","65520650","65520801","chr20","68386245","68386389","24","2865595"
"chr1","65524703","65525023","chr20","68381915","68382214","43","2857212"
"chr1","65527838","65528144","chr20","68378792","68379098","11","2850954"
"chr1","65541411","65541661","chr20","68365400","68365650","12","2823989"
"chr1","65548986","65549304","chr20","68357217","68357520","36","2808231"
"chr1","65574071","65574305","chr20","68333059","68333293","18","2758988"
"chr1","65585574","65585791","chr4","74505980","74506198","43","8920406"
"chr1","65607921","65608225","chr15","54125899","54126195","61","11482022"
"chr1","65662355","65662629","chr20","68246123","68246399","19","2583768"
"chr1","65781564","65781859","chr20","68128475","68128770","21","2346911"
"chr1","65800665","65800980","chr20","68106091","68106401","33","2305426"
"chr1","65817259","65817565","chr10","76220349","76220648","61","10403090"
"chr1","65820975","65821287","chr20","120237644","120237945","54","54416669"
"chr1","65833160","65833461","chr20","68071342","68071639","38","2238182"
"chr1","65835175","65835468","chr20","68069302","68069606","28","2234127"
"chr1","65837124","65837297","chr19","25091879","25092045","33","40745245"
"chr1","65847122","65847422","chr20","68058041","68058333","45","2210919"
"chr1","65853095","65853405","chr12","40601683","40601983","57","25251412"
"chr1","65860154","65860384","chr23","55046680","55046916","59","10813474"
"chr1","65860865","65861165","chr13","7261099","7261395","58","58599766"
"chr1","65862925","65863041","chr1","120798422","120798537","15","54935497"
"chr1","65873180","65873481","chr20","68033107","68033417","27","2159927"
"chr1","65903046","65903310","chr20","68003865","68004131","18","2100819"
"chr1","65903325","65903606","chr20","68003428","68003709","17","2100103"
"chr1","65903646","65903950","chr20","68003078","68003367","46","2099432"
"chr1","65915802","65916099","chr20","67990332","67990630","16","2074530"
"chr1","65920309","65920564","chr9","8271967","8272222","64","57648342"
"chr1","65924618","65924906","chr13","68673983","68674264","63","2749365"
"chr1","65926733","65926910","chr20","67979069","67979263","25","2052336"
"chr1","65927203","65927354","chr20","67978626","67978775","7","2051423"
"chr1","65933072","65933420","chr18","26804925","26805264","99","39128147"
"chr1","65939921","65940066","chr5","34322291","34322435","30","31617630"
"chr1","65940364","65940558","chr19","5314948","5315138","37","60625416"
"chr1","65941421","65941716","chr24","54921299","54921588","67","11020122"
"chr1","65957095","65957371","chr28","7257332","7257599","51","58699763"
"chr1","65957467","65957754","chr1","37943582","37943876","60","28013885"
"chr1","65978553","65978666","chr9","51729351","51729469","23","14249202"
"chr1","65984821","65985125","chr20","67912707","67913013","29","1927886"
"chr1","65986703","65987013","chrX","17354908","17355199","64","48631795"
"chr1","65987916","65988220","chr20","67911248","67911532","35","1923332"
"chr1","65989296","65989582","chr20","67909894","67910175","18","1920598"
"chr1","65993818","65994106","chr27","34624414","34624700","62","31369404"
"chr1","65995757","65995882","chr1","19303925","19304049","19","46691832"
"chr1","65996184","65996494","chr20","67902885","67903197","20","1906701"
"chr1","66009453","66009754","chr20","67890017","67890318","21","1880564"
"chr1","66030107","66030406","chr3","895687","895991","70","65134420"
"chr1","66038338","66038434","chr20","67861859","67861953","8","1823521"
"chr1","66043901","66044215","chr20","67855965","67856271","48","1812064"
"chr1","66056484","66056757","chr20","67843178","67843458","23","1786694"
"chr1","66064198","66064356","chr20","78423963","78424119","41","12359765"
"chr1","66064391","66064507","chr1","8128376","8128492","20","57936015"
"chr1","66089693","66089995","chr20","67811032","67811331","27","1721339"
"chr1","66100016","66100147","chr20","78908869","78908999","17","12808853"
"chr1","66113596","66113893","chr20","67787117","67787413","23","1673521"
"chr1","66147721","66148023","chr20","67751826","67752127","30","1604105"
"chr1","66151954","66152256","chr20","67751826","67752127","30","1599872"
"chr1","66154350","66154637","chr21","102787135","102787428","60","36632785"
"chr1","66244794","66245086","chr22","35833038","35833336","56","30411756"
"chr1","66255801","66256089","chr20","67648494","67648804","40","1392693"
"chr1","66266336","66266611","chr20","67637936","67638212","25","1371600"
"chr1","66363086","66363252","chr6","2501573","2501739","44","63861513"
"chr1","66363559","66363688","chr6","12496178","12496300","23","53867381"
"chr1","66378726","66378999","chrX","4142137","4142414","68","62236589"
"chr1","66557774","66558094","chr20","67394245","67394563","31","836471"
"chr1","66568560","66568852","chr20","67383456","67383753","26","814896"
"chr1","66569272","66569416","chr19","5483390","5483538","26","61085882"
"chr1","66863121","66863225","chr21","103239391","103239497","22","36376270"
"chr1","66863600","66863633","chr28","2481644","2481676","7","64381956"
"chr1","66995914","66996176","chr20","66942327","66942608","29","53587"
"chr1","67020067","67020371","chr9","11782404","11782713","61","55237663"
"chr1","67139862","67140159","chr13","30139267","30139563","60","37000595"
"chr1","67141237","67141462","chr17","35976118","35976347","56","31165119"
"chr1","67253877","67254186","chr20","66712361","66712676","27","541516"
"chr1","67313159","67313276","chr20","66646212","66646329","6","666947"
"chr1","67520422","67520713","chr20","66442196","66442522","50","1078226"
"chr1","67523161","67523473","chr11","65033931","65034241","64","2489230"
"chr1","67537298","67537602","chr20","66425328","66425632","26","1111970"
"chr1","67585222","67585512","chr20","66378845","66379136","25","1206377"
"chr1","67618815","67619087","chr2","43351738","43352020","55","24267077"
"chr1","67628734","67629046","chr16","61417887","61418193","59","6210847"
"chr1","67662635","67662934","chr20","66307341","66307632","21","1355294"
"chr1","67679328","67679459","chr20","66292351","66292477","14","1386977"
"chr1","67680587","67680891","chr11","52673188","52673488","62","15007399"
"chr1","67693335","67693471","chr20","120774982","120775114","33","53081647"
"chr1","67693788","67693968","chr19","27599556","27599725","39","40094232"
"chr1","67701980","67702106","chr20","66272045","66272168","11","1429935"
"chr1","67736067","67736391","chr24","26786160","26786465","71","40949907"
"chr1","67766603","67766677","chr20","66211267","66211341","2","1555336"
"chr1","67790180","67790453","chr20","66165479","66165752","24","1624701"
"chr1","67831836","67832133","chr20","112495489","112495789","62","44663653"
"chr1","67841574","67841874","chr8","114471147","114471442","70","46629573"
"chr1","67866290","67866580","chr20","66086590","66086881","29","1779700"
"chr1","67899000","67899286","chr15","51635083","51635359","56","16263917"
"chr1","67922482","67922662","chr6","5100205","5100370","43","62822277"
"chr1","67922692","67922814","chr6","15119474","15119591","25","52803218"
"chr1","67969886","67969964","chr20","65971243","65971321","12","1998643"
"chr1","67973821","67974098","chr25","50483411","50483686","57","17490410"
"chr1","67979217","67979485","chr8","36960950","36961219","57","31018267"
"chr1","68033936","68034238","chr20","65915268","65915571","10","2118668"
"chr1","68048124","68048427","chr20","65900517","65900848","49","2147607"
"chr1","68057384","68057676","chr20","65891794","65892088","24","2165590"
"chr1","68066026","68066321","chrX","108677018","108677311","66","40610992"
"chr1","68075892","68076191","chr1","5760025","5760336","63","62315867"
"chr1","68093289","68093580","chr20","65857789","65858079","14","2235500"
"chr1","68098611","68098759","chr14","87214471","87214609","39","19115860"
"chr1","68107576","68107876","chr9","87484990","87485287","62","19377414"
"chr1","68134202","68134506","chr6","28194245","28194544","63","39939957"
"chr1","68144823","68144937","chrX","7946546","7946657","18","60198277"
"chr1","68226014","68226177","chr1","7060823","7060985","30","61165191"
"chr1","68246533","68246741","chr9","23954749","23954958","55","44291784"
"chr1","68268989","68269258","chr21","74668601","74668867","77","6399612"
"chr1","68317039","68317319","chr20","65636253","65636534","22","2680786"
"chr1","68332855","68333128","chr20","65620973","65621266","32","2711882"
"chr1","68350841","68350951","chr6","47674924","47675034","13","20675917"
"chr1","68380540","68380886","chr20","65573566","65573877","61","2806974"
"chr1","68397874","68398129","chr20","65558748","65558996","25","2839126"
"chr1","68404572","68404849","chr6","24794471","24794750","58","43610101"
"chr1","68412831","68413148","chr8","28909962","28910278","64","39502869"
"chr1","68420596","68420864","chr5","21408692","21408960","61","47011904"
"chr1","68431503","68431786","chr20","65524599","65524895","28","2906904"
"chr1","68433105","68433366","chr20","115674574","115674831","68","47241469"
"chr1","68452367","68452535","chr20","65503740","65503908","15","2948627"
"chr1","68485386","68485506","chr2","45119822","45119944","20","23365564"
"chr1","68493337","68493444","chr18","54538997","54539098","39","13954340"
"chr1","68512177","68512292","chr20","65441814","65441928","8","3070363"
"chr1","68524472","68524769","chr12","40601683","40601983","54","27922789"
"chr1","68631316","68631632","chr8","20518208","20518513","79","48113108"
"chr1","68660811","68661082","chr26","20106155","20106426","52","48554656"
"chr1","68698063","68698285","chr20","65259037","65259258","13","3439026"
"chr1","68708950","68709107","chr20","65247912","65248069","13","3461038"
"chr1","68709407","68709549","chr20","65247461","65247594","16","3461946"
"chr1","68731691","68731978","chr20","65230043","65230337","28","3501648"
"chr1","68773397","68773471","chr17","54374066","54374142","18","14399331"
"chr1","68776949","68777078","chr20","65181035","65181161","14","3595914"
"chr1","68777427","68777598","chr20","65180500","65180669","14","3596927"
"chr1","68900992","68901228","chr20","65058928","65059151","22","3842064"
"chr1","68903227","68903515","chrX","48528467","48528761","62","20374760"
"chr1","68977986","68978288","chr20","64985639","64985940","18","3992347"
"chr1","69117097","69117411","chr10","82964639","82964940","72","13847542"
"chr1","69130535","69130848","chr3","27794714","27795014","76","41335821"
"chr1","69150369","69150530","chr20","64827324","64827475","18","4323045"
"chr1","69151485","69151797","chr20","64826390","64826701","24","4325095"
"chr1","69180331","69180461","chr20","64796536","64796666","17","4383795"
"chr1","69180790","69180952","chr20","64796038","64796215","29","4384752"
"chr1","69221315","69221407","chr20","64755153","64755247","7","4466162"
"chr1","69234253","69234370","chr20","64741905","64742021","3","4492348"
"chr1","69244184","69244294","chr6","8996494","8996601","20","60247690"
"chr1","69244655","69244693","chr2","7468555","7468593","14","61776100"
"chr1","69245004","69245178","chr1","7519882","7520052","35","61725122"
"chr1","69318187","69318470","chr20","64653206","64653501","31","4664981"
"chr1","69324559","69324841","chr14","41801596","41801868","72","27522963"
"chr1","69337795","69338105","chr20","64633446","64633707","64","4704349"
"chr1","69350992","69351203","chr20","64620664","64620875","23","4730328"
"chr1","69498192","69498416","chr12","2235360","2235573","46","67262832"
"chr1","69518715","69518894","chr13","33912684","33912848","44","35606031"
"chr1","69701268","69701552","chr20","64264326","64264643","61","5436942"
"chr1","69747369","69747690","chr11","44298586","44298901","71","25448783"
"chr1","69752854","69753154","chr20","64220659","64220960","26","5532195"
"chr1","69762145","69762468","chr1","8248167","8248473","61","61513978"
"chr1","69765072","69765292","chr19","5202955","5203164","51","64562117"
"chr1","69864971","69865176","chr22","82523954","82524159","51","12658983"
"chr1","69886446","69886730","chr20","64091958","64092241","16","5794488"
"chr1","70086798","70087082","chr22","51293260","51293540","61","18793538"
"chr1","70097118","70097396","chr24","54921299","54921588","67","15175819"
"chr1","70325921","70326228","chr20","63670467","63670769","33","6655454"
"chr1","70362403","70362564","chr20","63635093","63635255","10","6727310"
"chr1","70434522","70434788","chr20","63558574","63558852","36","6875948"
"chr1","70627659","70627975","chr20","63366388","63366705","31","7261271"
"chr1","70634087","70634221","chr1","108974268","108974407","34","38340181"
"chr1","70708942","70709220","chr6","11668104","11668371","57","59040838"
"chr1","70718176","70718462","chr4","47012259","47012551","60","23705917"
"chr1","70745707","70746010","chr20","63248801","63249113","29","7496906"
"chr1","70929053","70929269","chr11","118833175","118833398","49","47904122"
"chr1","70948903","70949159","chr20","71196819","71197070","71","247916"
"chr1","70950684","70950988","chr1","18109494","18109799","72","52841190"
"chr1","70972583","70972888","chr20","63029509","63029815","18","7943074"
"chr1","70976861","70977140","chr20","63025276","63025551","21","7951585"
"chr1","70998898","70999219","chr18","32854753","32855059","63","38144145"
"chr1","71028552","71028865","chr19","10682609","10682915","76","60345943"
"chr1","71049679","71049971","chrX","10977387","10977663","55","60072292"
"chr1","71050546","71050792","chr20","62951204","62951442","18","8099342"
"chr1","71059745","71060040","chr20","62942304","62942604","28","8117441"
"chr1","71061333","71061618","chr7","11601234","11601508","60","59460099"
"chr1","71063358","71063648","chr20","62936563","62936874","45","8126795"
"chr1","71065375","71065654","chr11","8770358","8770630","53","62295017"
"chr1","71070189","71070474","chr20","62930061","62930338","22","8140128"
"chr1","71072065","71072348","chr2","57337492","57337774","73","13734573"
"chr1","71075252","71075538","chr6","24793332","24793610","81","46281920"
"chr1","71143330","71143630","chr20","112495489","112495789","53","41352159"
"chr1","71152622","71152946","chr22","11261140","11261453","72","59891482"
"chr1","71156709","71156925","chr20","62848649","62848858","21","8308060"
"chr1","71170358","71170483","chr6","47731239","47731364","18","23439119"
"chr1","71202327","71202610","chr20","62807342","62807630","15","8394985"
"chr1","71220185","71220452","chr20","62787911","62788194","38","8432274"
"chr1","71256302","71256596","chr14","12035231","12035525","63","59221071"
"chr1","71258344","71258633","chr3","79296773","79297065","64","8038429"
"chr1","71262087","71262382","chr20","62730569","62730873","34","8531518"
"chr1","71278335","71278625","chr20","62714388","62714675","24","8563947"
"chr1","71307859","71308061","chr2","82963115","82963319","50","11655256"
"chr1","71388918","71389192","chr20","62591099","62591390","36","8797819"
"chr1","71407225","71407531","chr20","62571185","62571470","52","8836040"
"chr1","71561234","71561351","chr13","86430213","86430328","18","14868979"
"chr1","71564139","71564452","chr20","62440323","62440637","20","9123816"
"chr1","71578560","71578735","chr20","62419970","62420153","22","9158590"
"chr1","71578785","71578914","chr20","62419802","62419938","19","9158983"
"chr1","71625379","71625657","chr20","62377276","62377545","34","9248103"
"chr1","71841531","71841825","chr10","76220349","76220648","59","4378818"
"chr1","71844585","71844865","chr20","62161556","62161832","16","9683029"
"chr1","71862097","71862394","chr20","62141775","62142082","42","9720322"
"chr1","71876085","71876320","chr20","62127379","62127618","24","9748706"
"chr1","71927916","71928202","chr26","7287274","7287560","65","64640642"
"chr1","72019029","72019323","chr5","3945114","3945413","69","68073915"
"chr1","72025802","72026088","chr20","61967172","61967456","26","10058630"
"chr1","72096280","72096572","chr20","61906154","61906451","28","10190126"
"chr1","72284696","72284971","chr23","60099232","60099496","65","12185464"
"chr1","72317848","72317971","chr20","61678336","61678453","11","10639512"
"chr1","72760005","72760285","chr10","37770138","37770431","70","34989867"
"chr1","72764347","72764663","chr20","61278787","61279096","40","11485560"
"chr1","72836305","72836556","chr20","61211815","61212074","37","11624490"
"chr1","72840102","72840396","chr10","76220349","76220648","63","3380247"
"chr1","72856762","72857011","chr10","37080778","37081010","67","35775984"
"chr1","72895017","72895135","chr16","64309775","64309895","17","8585242"
"chr1","72962145","72962401","chr20","61084650","61084907","15","11877495"
"chr1","73000684","73000817","chr2","20106969","20107096","37","52893715"
"chr1","73000850","73000969","chr22","10456446","10456567","19","62544404"
"chr1","73069884","73070176","chr20","60976747","60977048","27","12093137"
"chr1","73187223","73187520","chr20","60856279","60856569","36","12330944"
"chr1","73257179","73257484","chr20","60766892","60767202","25","12490287"
"chr1","73305551","73305749","chr20","71280844","71281020","60","2024707"
"chr1","73305778","73305899","chr2","45119822","45119944","20","28185956"
"chr1","73396866","73397065","chr20","60622611","60622809","16","12774255"
"chr1","73430156","73430443","chr20","60590265","60590546","23","12839891"
"chr1","73507963","73508277","chr11","52469054","52469356","70","21038909"
"chr1","73532281","73532594","chr20","60504042","60504330","55","13028239"
"chr1","73534427","73534740","chr20","60504042","60504330","55","13030385"
"chr1","73558744","73559058","chr11","52469054","52469356","70","21089690"
"chr1","73598081","73598367","chr20","60450500","60450804","43","13147581"
"chr1","73634502","73634796","chr20","60413500","60413789","28","13221002"
"chr1","73701137","73701446","chr20","60346773","60347060","62","13354364"
"chr1","74076275","74076453","chr20","60012219","60012411","39","14064056"
"chr1","74128849","74129162","chr20","59961836","59962157","40","14167013"
"chr1","74372444","74372723","chr22","79482945","79483219","62","5110501"
"chr1","74448312","74448428","chr12","6606114","6606228","23","67842198"
"chr1","74448457","74448538","chr27","46887862","46887944","15","27560595"
"chr1","74641742","74641898","chr10","2612061","2612216","41","72029681"
"chr1","74650686","74650821","chr1","18296836","18296974","31","56353850"
"chr1","74651062","74651184","chr16","69299237","69299353","33","5351825"
"chr1","74651504","74651639","chrX","61014684","61014810","25","13636820"
"chr1","74702800","74703082","chr2","35878899","35879181","69","38823901"
"chr1","74779938","74780220","chr20","59332525","59332816","26","15447413"
"chr1","74809149","74809290","chr3","16872120","16872262","34","57937029"
"chr1","74816059","74816252","chr20","59297673","59297859","22","15518386"
"chr1","74829747","74830031","chr20","59284279","59284561","29","15545468"
"chr1","74833607","74833899","chr20","59280361","59280634","34","15553246"
"chr1","74836270","74836568","chr20","59277604","59277908","22","15558666"
"chr1","74908677","74908963","chr20","59206795","59207110","58","15701882"
"chr1","75028944","75029238","chr3","10514269","10514565","69","64514675"
"chr1","75053018","75053317","chr6","30380701","30380984","69","44672317"
"chr1","75126400","75126669","chr20","58981451","58981722","27","16144949"
"chr1","75321106","75321388","chr20","58796803","58797076","30","16524303"
"chr1","75579523","75579790","chr11","91509007","91509276","68","15929484"
"chr1","75586395","75586644","chr20","58532891","58533143","17","17053504"
"chr1","75800101","75800317","chr16","43029587","43029804","49","32770514"
"chr1","75816232","75816460","chr8","36318227","36318459","46","39498005"
"chr1","75895925","75896199","chr20","58229575","58229856","27","17666350"
"chr1","75896519","75896798","chr5","35679443","35679726","61","40217076"
"chr1","76057352","76057643","chr20","58065482","58065773","18","17991870"
"chr1","76102734","76103013","chr20","58028157","58028436","12","18074577"
"chr1","76167331","76167640","chr20","57970127","57970436","56","18197204"
"chr1","76198738","76199040","chr20","57938823","57939118","26","18259915"
"chr1","76268516","76268785","chr20","57875715","57875985","24","18392801"
"chr1","76277454","76277716","chr7","47184642","47184903","63","29092812"
"chr1","76318977","76319108","chr20","57818493","57818623","10","18500484"
"chr1","76327621","76327928","chr7","92821062","92821358","69","16493441"
"chr1","76351982","76352268","chr20","57798400","57798684","23","18553582"
"chr1","76476885","76477165","chr20","57683447","57683705","56","18793438"
"chr1","76543062","76543208","chr27","12641532","12641675","30","63901530"
"chr1","76591220","76591512","chr20","57572055","57572368","47","19019165"
"chr1","76614645","76614873","chr11","102130177","102130418","62","25515532"
"chr1","76661211","76661333","chr20","57504139","57504261","9","19157072"
"chr1","76700430","76700546","chr20","57449993","57450108","12","19250437"
"chr1","76701326","76701618","chr20","57448929","57449221","31","19252397"
"chr1","76709299","76709551","chr10","93730241","93730507","63","17020942"
"chr1","76711998","76712277","chr3","52786034","52786309","59","23925964"
"chr1","76722343","76722472","chr20","57431306","57431435","10","19291037"
"chr1","76726531","76726685","chr20","57426778","57426935","12","19299753"
"chr1","76731615","76731933","chr20","112495489","112495789","70","35763874"
"chr1","76734251","76734550","chr20","57418896","57419191","23","19315355"
"chr1","76734878","76735160","chr5","20805792","20806075","56","55929086"
"chr1","76737958","76738218","chr20","57415251","57415511","17","19322707"
"chr1","76738219","76738368","chr20","57415101","57415250","9","19323118"
"chr1","76757751","76758037","chr15","51635083","51635359","78","25122668"
"chr1","76760615","76760914","chr20","57394903","57395214","27","19365712"
"chr1","76763649","76763917","chr20","57391874","57392151","16","19371775"
"chr1","76768905","76769197","chr20","57386617","57386900","32","19382288"
"chr1","76770754","76771052","chr20","57384741","57385040","24","19386013"
"chr1","76773977","76774265","chr20","57381504","57381793","17","19392473"
"chr1","76786754","76787043","chr20","57369912","57370198","24","19416842"
"chr1","76825947","76826229","chr5","32574011","32574301","64","44251936"
"chr1","76842064","76842380","chr11","102149011","102149305","79","25306947"
"chr1","76919880","76920066","chr13","33912684","33912848","57","43007196"
"chr1","77023323","77023615","chr20","57106210","57106494","31","19917113"
"chr1","77026005","77026131","chr16","1565914","1566036","25","75460091"
"chr1","77108121","77108417","chr20","57019513","57019806","49","20088608"
"chr1","77166794","77167088","chr20","56961132","56961442","31","20205662"
"chr1","77366304","77366603","chr20","56762236","56762519","37","20604068"
"chr1","77761842","77762138","chr20","56372589","56372888","15","21389253"
"chr1","77943098","77943387","chr6","29547718","29548017","75","48395380"
"chr1","77964005","77964286","chr20","56176171","56176437","42","21787834"
"chr1","78049038","78049320","chr3","9341313","9341592","67","68707725"
"chr1","78122280","78122414","chr6","28827619","28827753","27","49294661"
"chr1","78122719","78122850","chr4","53594066","53594206","40","24528653"
"chr1","78143331","78143634","chr20","56008416","56008717","16","22134915"
"chr1","78187475","78187765","chr20","55974410","55974699","22","22213065"
"chr1","78223388","78223658","chr20","55945168","55945465","43","22278220"
"chr1","78237270","78237548","chr20","55931297","55931572","20","22305973"
"chr1","78245942","78246059","chr24","12249703","12249820","14","65996239"
"chr1","78274306","78274550","chr20","55888811","55889056","12","22385495"
"chr1","78281472","78281712","chr20","55881272","55881509","25","22400200"
"chr1","78306599","78306892","chr20","55852901","55853201","38","22453698"
"chr1","78330569","78330867","chr20","55829923","55830204","29","22500646"
"chr1","78360994","78361290","chr20","55797703","55797988","29","22563291"
"chr1","78371463","78371707","chr20","55787229","55787468","19","22584234"
"chr1","78386058","78386173","chr20","55774253","55774368","8","22611805"
"chr1","78404785","78404995","chr19","21252365","21252577","47","57152420"
"chr1","78455823","78456124","chr20","112495489","112495789","62","34039666"
"chr1","78496514","78496835","chr20","55660972","55661290","28","22835542"
"chr1","78516896","78517190","chr12","8357025","8357315","53","70159871"
"chr1","78534017","78534313","chrX","7640512","7640805","57","70893505"
"chr1","78570093","78570386","chr20","55589618","55589916","28","22980475"
"chr1","78570626","78570945","chr20","55589049","55589383","41","22981577"
"chr1","78572539","78572820","chr20","55587196","55587477","13","22985343"
"chr1","78585620","78585930","chr20","55574324","55574631","27","23011296"
"chr1","78603175","78603417","chr4","61813029","61813274","65","16790146"
"chr1","78624450","78624745","chr11","114855636","114855938","63","36231186"
"chr1","78630072","78630359","chr22","35197658","35197945","55","43432414"
"chr1","78633088","78633380","chr24","13364427","13364721","58","65268661"
"chr1","78640545","78640855","chr22","11261140","11261453","61","67379405"
"chr1","78644010","78644184","chr5","2172764","2172934","36","76471246"
"chr1","78661533","78661814","chr20","106743553","106743828","63","28082020"
"chr1","78670835","78671135","chr20","55483963","55484248","37","23186872"
"chr1","78677351","78677574","chr20","55488296","55488525","23","23189055"
"chr1","78682571","78682830","chr2","75223554","75223817","77","3459017"
"chr1","78695574","78695882","chr20","55465092","55465387","30","23230482"
"chr1","78698243","78698538","chr6","24014799","24015086","61","54683444"
"chr1","78699951","78700075","chr1","10195053","10195171","23","68504898"
"chr1","78708618","78708918","chr20","55451834","55452142","23","23256784"
"chr1","78711162","78711461","chr20","55448993","55449290","29","23262169"
"chr1","78726831","78727128","chr20","55432449","55432747","23","23294382"
"chr1","78729508","78729820","chr10","19592191","19592492","69","59137317"
"chr1","78735604","78735743","chr2","55879687","55879830","25","22855917"
"chr1","78745755","78746058","chr28","15141829","15142140","64","63603926"
"chr1","78760316","78760447","chr20","55401660","55401791","7","23358656"
"chr1","78766479","78766756","chr20","55394747","55395046","39","23371732"
"chr1","78773189","78773495","chr20","55387962","55388236","50","23385227"
"chr1","78785075","78785375","chr6","41113419","41113720","66","37671656"
"chr1","78794449","78794709","chr20","55358455","55358724","34","23435994"
"chr1","78794924","78795104","chr3","19741978","19742158","45","59052946"
"chr1","78804757","78805042","chr1","12028862","12029147","66","66775895"
"chr1","78806967","78807249","chr9","109850359","109850641","57","31043392"
"chr1","78809612","78809932","chr20","55343386","55343692","35","23466226"
"chr1","78812290","78812331","chr7","60597686","60597723","12","18214604"
"chr1","78819844","78820146","chr12","26204400","26204703","60","52615444"
"chr1","78824319","78824613","chr20","55328233","55328535","21","23496086"
"chr1","78829629","78829914","chr11","11593557","11593848","62","67236072"
"chr1","78838038","78838185","chr13","14068235","14068386","28","64769803"
"chr1","78848041","78848340","chr20","55304730","55305034","23","23543311"
"chr1","78854137","78854263","chr21","46814201","46814332","26","32039936"
"chr1","78861183","78861476","chr20","55291226","55291518","23","23569957"
"chr1","78869810","78870106","chr1","50286237","50286535","46","28583573"
"chr1","78883593","78883892","chr20","55270512","55270816","19","23613081"
"chr1","78884921","78885036","chr20","55269380","55269496","8","23615541"
"chr1","78898209","78898380","chr9","59464462","59464633","32","19433747"
"chr1","78899362","78899660","chr22","12770833","12771126","60","66128529"
"chr1","78906549","78906768","chr26","21030439","21030657","56","57876110"
"chr1","78911580","78911699","chr16","67020058","67020168","33","11891522"
"chr1","78911999","78912132","chr24","80839937","80840069","26","1927938"
"chr1","78939222","78939491","chr24","48741787","48742059","77","30197435"
"chr1","78966022","78966292","chr9","15351532","15351792","52","63614490"
"chr1","78972498","78972798","chr28","10055556","10055859","58","68916942"
"chr1","78997023","78997319","chrX","48528467","48528761","55","30468556"
"chr1","79007004","79007295","chr11","105752990","105753271","55","26745986"
"chr1","79007387","79007517","chr20","55146866","55146980","22","23860521"
"chr1","79010819","79010936","chr1","120798422","120798537","14","41787603"
"chr1","79014902","79015122","chr20","55139571","55139791","18","23875331"
"chr1","79026872","79027143","chr20","55127581","55127883","55","23899291"
"chr1","79032138","79032423","chr20","55124772","55125052","34","23907366"
"chr1","79052719","79052963","chr20","55104197","55104442","15","23948522"
"chr1","79067009","79067200","chr20","55090294","55090498","25","23976715"
"chr1","79085499","79085757","chr12","44314541","44314793","65","34770958"
"chr1","79091593","79091704","chr11","38511318","38511421","31","40580275"
"chr1","79092012","79092141","chr6","17649559","17649684","25","61442453"
"chr1","79105944","79106232","chr23","58479154","58479427","74","20626790"
"chr1","79143898","79144097","chr20","55007092","55007280","28","24136806"
"chr1","79147904","79148202","chr3","77381637","77381933","52","1766267"
"chr1","79195340","79195628","chr28","11429316","11429610","68","67766024"
"chr1","79252875","79252992","chr21","58578694","58578810","18","20674181"
"chr1","79404832","79405141","chr1","4278292","4278602","59","75126540"
"chr1","79540931","79541221","chrX","44026918","44027198","65","35514013"
"chr1","79917110","79917385","chr5","14550798","14551073","59","65366312"
"chr1","79961568","79961854","chr20","54228112","54228405","44","25733456"
"chr1","80017198","80017469","chr20","54176113","54176384","16","25841085"
"chr1","80071847","80072018","chr15","62777694","62777862","40","17294153"
"chr1","80074345","80074647","chr5","12200305","12200605","67","67874040"
"chr1","80112139","80112257","chr20","54083677","54083801","16","26028462"
"chr1","80176699","80176971","chr20","54020381","54020648","30","26156318"
"chr1","80177276","80177307","chr6","2977671","2977707","7","77199605"
"chr1","80297428","80297714","chr20","53905158","53905440","22","26392270"
"chr1","80415891","80416132","chr1","69091828","69092071","74","11324063"
"chr1","80462606","80462909","chr20","53750024","53750302","49","26712582"
"chr1","80463862","80464112","chr20","53748792","53749039","18","26715070"
"chr1","80547141","80547438","chr20","53669730","53670029","25","26877411"
"chr1","80682432","80682703","chr20","53532671","53532942","17","27149761"
"chr1","80747786","80748045","chr20","53464800","53465060","17","27282986"
"chr1","80895021","80895193","chr13","88442031","88442198","33","7547010"
"chr1","80915315","80915445","chrX","12045393","12045522","29","68869922"
"chr1","80935578","80935794","chr20","53259433","53259644","24","27676145"
"chr1","80973629","80973922","chr20","53221986","53222280","21","27751643"
"chr1","81042517","81042805","chr25","5591964","5592241","78","75450553"
"chr1","81091487","81091768","chr25","12822285","12822572","64","68269202"
"chr1","81137919","81138200","chrX","18306748","18307033","54","62831171"
"chr1","81181288","81181366","chr21","80585989","80586066","17","595299"
"chr1","81181434","81181620","chr8","36225287","36225459","41","44956147"
"chr1","81217598","81217841","chr20","52990367","52990645","50","28227231"
"chr1","81293918","81294210","chr10","104442200","104442487","52","23148282"
"chr1","81351404","81351662","chr20","52864063","52864337","32","28487341"
"chr1","81369598","81369895","chr1","63961451","63961732","69","17408147"
"chr1","81403052","81403371","chr20","52804220","52804549","36","28598832"
"chr1","81423070","81423307","chr4","71153046","71153289","60","10270024"
"chr1","81555721","81555837","chr20","52651598","52651714","13","28904123"
"chr1","81684178","81684488","chrX","38566822","38567123","65","43117356"
"chr1","81925179","81925400","chr20","52286464","52286695","28","29638715"
"chr1","82003573","82003841","chr20","52207487","52207762","48","29796086"
"chr1","82019870","82019987","chr20","52184928","52185045","12","29834942"
"chr1","82039384","82039501","chr20","52184928","52185045","12","29854456"
"chr1","82213902","82214216","chr20","52016018","52016330","42","30197884"
"chr1","82263686","82264004","chr28","14670484","14670800","71","67593202"
"chr1","82318637","82318962","chr20","51911897","51912213","30","30406740"
"chr1","82321810","82321970","chr20","51908916","51909074","14","30412894"
"chr1","82326907","82327067","chr20","51908916","51909074","14","30417991"
"chr1","82389849","82390107","chr20","51848212","51848471","15","30541637"
"chr1","82404040","82404361","chr20","51834760","51835079","29","30569280"
"chr1","82434800","82435107","chr8","97635106","97635417","65","15200306"
"chr1","82475649","82475950","chr17","1647761","1648065","63","80827888"
"chr1","82513023","82513316","chr20","51725499","51725800","23","30787524"
"chr1","82573570","82573687","chr6","33498498","33498615","16","49075072"
"chr1","82582581","82582793","chr20","51655278","51655492","17","30927303"
"chr1","82657023","82657310","chr9","90684179","90684460","63","8027156"
"chr1","82750940","82751213","chr15","91477829","91478096","70","8726889"
"chr1","82773727","82774015","chr20","51478614","51478906","33","31295113"
"chr1","82780106","82780409","chr20","51472195","51472476","49","31307911"
"chr1","82811125","82811428","chr20","51439991","51440293","23","31371134"
"chr1","82816303","82816426","chr20","51435113","51435234","8","31381190"
"chr1","82878886","82879012","chr20","51370751","51370877","4","31508135"
"chr1","82928891","82929190","chr20","51319842","51320127","44","31609049"
"chr1","82963570","82963696","chr20","51370751","51370877","4","31592819"
"chr1","83013437","83013737","chr20","51319842","51320127","43","31693595"
"chr1","83035031","83035128","chr20","100261778","100261875","18","17226747"
"chr1","83191949","83192246","chr20","51153336","51153628","27","32038613"
"chr1","83223507","83223789","chr20","51106655","51106928","36","32116852"
"chr1","83252040","83252359","chr10","29987701","29988011","73","53264339"
"chr1","83286024","83286153","chr21","13935603","13935737","29","69350421"
"chr1","83314826","83314947","chr20","51020951","51021071","12","32293875"
"chr1","83352050","83352355","chr20","50982577","50982877","30","32369473"
"chr1","83383451","83383746","chr5","21484223","21484526","62","61899228"
"chr1","83436590","83436878","chr20","50902124","50902399","34","32534466"
"chr1","83447965","83448090","chr2","45119822","45119944","21","38328143"
"chr1","83477162","83477435","chr20","50860908","50861182","27","32616254"
"chr1","83555694","83555813","chr8","20428654","20428774","20","63127040"
"chr1","83633327","83633429","chr27","44366521","44366622","26","39266806"
"chr1","83774708","83774832","chr10","121357380","121357502","16","37582672"
"chr1","83824493","83824680","chr20","50515053","50515229","30","33309440"
"chr1","83850695","83850819","chr20","50488178","50488302","6","33362517"
"chr1","84024699","84024916","chr20","2875802","2876005","52","81148897"
"chr1","84036065","84036370","chr20","50306469","50306776","26","33729596"
"chr1","84074795","84075094","chr14","21036495","21036787","51","63038300"
"chr1","84543109","84543397","chr20","49705640","49705946","42","34837469"
"chr1","84556318","84556627","chr6","32543554","32543861","64","52012764"
"chr1","84705463","84705760","chr20","49552544","49552846","29","35152919"
"chr1","84706721","84707001","chr20","49551297","49551567","28","35155424"
"chr1","84796164","84796343","chr20","49461011","49461185","14","35335153"
"chr1","84821985","84822294","chr11","52723837","52724135","65","32098148"
"chr1","84861329","84861582","chr16","56974060","56974302","58","27887269"
"chr1","84885477","84885651","chr20","49368405","49368584","23","35517072"
"chr1","84896245","84896526","chr25","50351993","50352286","58","34544252"
"chr1","84908725","84908994","chr26","11274748","11275016","64","73633977"
"chr1","84910458","84910711","chr20","49343979","49344232","24","35566479"
"chr1","84912631","84912752","chr20","49341927","49342043","13","35570704"
"chr1","84953594","84953868","chr11","30737106","30737380","63","54216488"
"chr1","85068530","85068816","chr5","19764397","19764689","62","65304133"
"chr1","85319596","85319881","chr14","82166578","82166861","55","3153018"
"chr1","85340747","85340918","chr9","112282387","112282555","30","26941640"
"chr1","85364842","85365137","chr20","48913368","48913660","25","36451474"
"chr1","85396205","85396502","chr9","32982579","32982865","79","52413626"
"chr1","85514015","85514311","chrX_KE148108v1_random","1020209","1020503","51","84493806"
"chr1","85531560","85531867","chr20","48780731","48781031","13","36750829"
"chr1","85533406","85533701","chr15","68384447","68384734","63","17148959"
"chr1","85536694","85536822","chr20","48775853","48775983","15","36760841"
"chr1","85558523","85558802","chr15","1328500","1328775","64","84230023"
"chr1","85609004","85609289","chr13","14250826","14251120","61","71358178"
"chr1","85693062","85693339","chr5","15071172","15071451","61","70621890"
"chr1","85705235","85705525","chr20","48605342","48605634","35","37099893"
"chr1","85723035","85723339","chr20","48587831","48588140","28","37135204"
"chr1","85758139","85758220","chr10","111156810","111156890","22","25398671"
"chr1","85800675","85800970","chr20","48512373","48512676","48","37288302"
"chr1","85801236","85801520","chr11","104479228","104479515","54","18677992"
"chr1","85847490","85847778","chr5","17482937","17483229","62","68364553"
"chr1","85866594","85866898","chr14","63170964","63171261","60","22695630"
"chr1","85927933","85928233","chr12","40601683","40601983","63","45326250"
"chr1","85937451","85937750","chr20","48382178","48382477","20","37555273"
"chr1","85946599","85946719","chr20","48368839","48368957","9","37577760"
"chr1","85986959","85987265","chr10","119614319","119614626","56","33627360"
"chr1","85990760","85990945","chr20","79996404","79996591","34","5994356"
"chr1","86003582","86003849","chr20","48312446","48312718","30","37691136"
"chr1","86016483","86016775","chr3","15351156","15351448","54","70665327"
"chr1","86046350","86046651","chr20","48265789","48266089","24","37780561"
"chr1","86102156","86102316","chr5","8821164","8821321","30","77280992"
"chr1","86137581","86137856","chr8","119915617","119915891","73","33778036"
"chr1","86156984","86157282","chr20","48160526","48160818","29","37996458"
"chr1","86159635","86159843","chr20","48157310","48157531","17","38002325"
"chr1","86175505","86175632","chr20","48142007","48142136","7","38033498"
"chr1","86176580","86176866","chr6","24793332","24793610","61","61383248"
"chr1","86180144","86180458","chrX","14358170","14358478","75","71821974"
"chr1","86183652","86183792","chr17","50530184","50530323","25","35653468"
"chr1","86195938","86196239","chr20","48121351","48121652","33","38074587"
"chr1","86196890","86197188","chrX","37573251","37573550","61","48623639"
"chr1","86201354","86201620","chr20","48115680","48115946","18","38085674"
"chr1","86206450","86206589","chr9","86644787","86644905","37","438337"
"chr1","86206618","86206792","chr2","42603297","42603459","41","43603321"
"chr1","86208584","86208605","chr20","48108660","48108681","1","38099924"
"chr1","86209339","86209472","chr20","48108102","48108236","8","38101237"
"chr1","86215191","86215384","chr24","30355494","30355691","40","55859697"
"chr1","86216375","86216494","chr20","48108102","48108236","27","38108273"
"chr1","86244904","86245180","chr20","48079870","48080139","19","38165034"
"chr1","86246919","86247211","chr20","48077845","48078124","27","38169074"
"chr1","86262467","86262717","chr20","48062379","48062629","10","38200088"
"chr1","86274418","86274722","chr20","48050313","48050618","22","38224105"
"chr1","86387156","86387447","chr11","104479228","104479515","56","18092072"
"chr1","86516470","86516538","chr20","47773051","47773119","3","38743419"
"chr1","86581859","86582131","chr14","34549561","34549838","79","52032298"
"chr1","86600962","86601247","chr11","124166160","124166446","81","37565198"
"chr1","86618230","86618511","chr20","72122755","72123036","61","14495475"
"chr1","86619005","86619286","chr20","47693013","47693334","60","38925992"
"chr1","86625391","86625507","chr1","120798422","120798537","15","34173031"
"chr1","86720567","86720881","chr20","47621807","47622125","36","39098760"
"chr1","86726894","86727049","chr26","38424053","38424210","31","48302841"
"chr1","86734607","86734864","chr7","97631701","97631962","56","10897094"
"chr1","86735457","86735678","chr20","47608792","47609004","18","39126665"
"chr1","86741193","86741500","chr20","47603203","47603499","28","39137990"
"chr1","86748882","86749209","chr4","65107357","65107682","68","21641525"
"chr1","86883496","86883702","chr20","47485808","47486014","16","39397688"
"chr1","86886409","86886723","chr20","47482897","47483194","33","39403512"
"chr1","86932805","86933081","chr9","13101219","13101497","53","73831586"
"chr1","86958265","86958432","chr19","30976844","30977014","45","55981421"
"chr1","86968967","86969269","chr20","47402357","47402679","40","39566610"
"chr1","86977931","86978196","chr20","47393095","47393372","26","39584836"
"chr1","86981308","86981595","chr20","47389673","47389966","25","39591635"
"chr1","86998197","86998318","chr20","47373778","47373900","8","39624419"
"chr1","87075601","87075914","chrX","90804654","90804964","60","3729053"
"chr1","87248951","87249257","chrX","43650321","43650626","65","43598630"
"chr1","87276466","87276769","chr20","47115776","47116080","26","40160690"
"chr1","87322927","87323206","chr6","33043281","33043565","73","54279646"
"chr1","87343920","87344047","chr9","103501849","103501973","33","16157929"
"chr1","87350322","87350449","chr9","103501849","103501973","33","16151527"
"chr1","87750737","87751026","chr5","21459855","21460146","54","66290882"
"chr1","87771936","87772219","chr16","25158686","25158970","56","62613250"
"chr1","87790592","87790904","chr9","95285182","95285496","69","7494590"
"chr1","87824270","87824450","chr9","53390935","53391113","40","34433335"
"chr1","87865882","87866157","chr3","51925389","51925663","51","35940493"
"chr1","87877125","87877436","chr16","24930480","24930787","62","62946645"
"chr1","87905673","87905965","chr20","46564262","46564568","31","41341411"
"chr1","87945350","87945472","chr20","46528808","46528926","8","41416542"
"chr1","87953521","87953828","chr20","46520494","46520801","16","41433027"
"chr1","87954148","87954439","chr12","78683643","78683930","62","9270505"
"chr1","87969129","87969440","chr25","57468148","57468452","62","30500981"
"chr1","87981462","87981739","chr20","46493601","46493917","58","41487861"
"chr1","87991591","87991863","chr22","4437297","4437575","68","83554294"
"chr1","87993663","87993948","chr26","18145011","18145300","57","69848652"
"chr1","88037084","88037373","chr20","46440862","46441155","24","41596222"
"chr1","88046504","88046789","chr20","46431164","46431451","23","41615340"
"chr1","88056734","88056953","chr15","30917110","30917317","60","57139624"
"chr1","88087897","88088189","chr20","46394087","46394375","12","41693810"
"chr1","88102990","88103298","chr20_KE148049v1_random","1307267","1307566","82","86795723"
"chr1","88170189","88170502","chr20","46309842","46310155","22","41860347"
"chr1","88189441","88189749","chr20","46289973","46290279","30","41899468"
"chr1","88329231","88329443","chr5","36953044","36953254","45","51376187"
"chr1","88346633","88346929","chr9","124625139","124625450","76","36278506"
"chr1","88381449","88381580","chr20","46095746","46095873","12","42285703"
"chr1","88436395","88436700","chr12","40601683","40601983","60","47834712"
"chr1","88461017","88461335","chr20","46016174","46016485","31","42444843"
"chr1","88480601","88480876","chr7","86159938","86160217","55","2320663"
"chr1","88597734","88597909","chr25","16738709","16738885","34","71859025"
"chr1","88668872","88668989","chr16","57033268","57033385","16","31635604"
"chr1","88699028","88699316","chr20","45784087","45784376","19","42914941"
"chr1","88702694","88702970","chr20","45780429","45780724","44","42922265"
"chr1","88791217","88791521","chr20","45694052","45694364","30","43097165"
"chr1","89213438","89213737","chr20","45293695","45293998","18","43919743"
"chr1","89239602","89239901","chr20","45293695","45293998","18","43945907"
"chr1","89252999","89253305","chr20","45273952","45274255","23","43979047"
"chr1","89412643","89412795","chr20","45116419","45116572","12","44296224"
"chr1","89507472","89507769","chr1","121090436","121090732","60","31582964"
"chr1","89520004","89520291","chr28","10216362","10216655","57","79303642"
"chr1","89612807","89613100","chr20","44915500","44915790","27","44697307"
"chr1","89737521","89737815","chr21","15065108","15065406","65","74672413"
"chr1","89751735","89751910","chr8","133520969","133521142","35","43769234"
"chr1","89785257","89785561","chr20","44732683","44732975","36","45052574"
"chr1","89787754","89787928","chr20","44730344","44730508","18","45057410"
"chr1","89817930","89818212","chr15","1328500","1328775","65","88489430"
"chr1","89829228","89829516","chr20","44678904","44679191","20","45150324"
"chr1","89830496","89830802","chr20","44677607","44677918","20","45152889"
"chr1","89843996","89844290","chr20","44664005","44664302","17","45179991"
"chr1","89852686","89852776","chr25","10582552","10582641","21","79270134"
"chr1","89870475","89870670","chr6","3708095","3708286","42","86162380"
"chr1","89902096","89902349","chr9","97010416","97010664","70","7108320"
"chr1","89904897","89905183","chr28","6044822","6045106","61","83860075"
"chr1","89929707","89930041","chr20","44580452","44580765","53","45349255"
"chr1","89965818","89966112","chr20","44545365","44545660","33","45420453"
"chr1","89974977","89975215","chr14","5868826","5869065","51","84106151"
"chr1","89981566","89981849","chr20","33197014","33197277","73","56784552"
"chr1","90022722","90023004","chr20","44475059","44475351","25","45547663"
"chr1","90031838","90032048","chr26","46116833","46117041","55","43915005"
"chr1","90050036","90050137","chr20","44455790","44455891","7","45594246"
"chr1","90050146","90050357","chr20","64620664","64620875","43","25429482"
"chr1","90068525","90068686","chr20","44430747","44430907","14","45637778"
"chr1","90068983","90069124","chr20","40915129","40915267","32","49153854"
"chr1","90156516","90156637","chr9","119512066","119512187","26","29355550"
"chr1","90228926","90229213","chr20","44239345","44239619","33","45989581"
"chr1","90394104","90394393","chr11","108242278","108242567","78","17848174"
"chr1","90447345","90447435","chr20","44162676","44162757","15","46284669"
"chr1","90494344","90494640","chr1","55184043","55184338","82","35310301"
"chr1","90567935","90568240","chr16","35556750","35557045","64","55011185"
"chr1","90641487","90641736","chr8","119133961","119134213","65","28492474"
"chr1","90709085","90709255","chr20","43847648","43847814","9","46861437"
"chr1","90782422","90782731","chr21","15020179","15020476","66","75762243"
"chr1","90824306","90824543","chr23","81882580","81882818","51","8941726"
"chr1","90864069","90864355","chr20","43697709","43697973","48","47166360"
"chr1","90872276","90872582","chr20","43689455","43689768","24","47182821"
"chr1","90872778","90873068","chr20","43688984","43689264","23","47183794"
"chr1","90885478","90885777","chr28","14728088","14728386","62","76157390"
"chr1","90889816","90890104","chr8","40180796","40181091","54","50709020"
"chr1","90898071","90898207","chr8","68545076","68545209","18","22352995"
"chr1","90898525","90898750","chr20","43664289","43664527","45","47234236"
"chr1","91019845","91020139","chr20","43540741","43541034","10","47479104"
"chr1","91031244","91031444","chr7","61780678","61780882","48","29250566"
"chr1","91032979","91033270","chr20","43527300","43527598","27","47505679"
"chr1","91035879","91036199","chr1","107859667","107859979","64","16823788"
"chr1","91050005","91050277","chr20","43511442","43511712","40","47538563"
"chr1","91059171","91059456","chr20","43501147","43501438","28","47558024"
"chr1","91082712","91082987","chr21_KE148062v1_random","35157","35438","55","91047555"
"chr1","91112762","91113059","chr7","101958933","101959231","63","10846171"
"chr1","91154155","91154453","chr12","103939005","103939299","60","12784850"
"chr1","91432244","91432414","chr20","43109018","43109188","12","48323226"
"chr1","91527692","91527800","chr22","5819436","5819547","18","85708256"
"chr1","91527866","91528037","chr1","7519882","7520052","30","84007984"
"chr1","91658394","91658672","chr20","42862512","42862797","25","48795882"
"chr1","91712101","91712353","chr20","42802263","42802512","20","48909838"
"chr1","91735863","91736131","chrX","111583721","111583994","80","19847858"
"chr1","91794736","91794963","chr20","42718548","42718766","23","49076188"
"chr1","91797771","91798062","chr11","46228408","46228704","49","45569363"
"chr1","91811041","91811247","chr20","42701977","42702180","18","49109064"
"chr1","91918658","91918958","chr20","42597771","42598071","24","49320887"
"chr1","91956065","91956192","chr20","42571704","42571832","10","49384361"
"chr1","91961640","91961945","chr20","42565989","42566296","25","49395651"
"chr1","91975024","91975318","chr9","22231606","22231897","61","69743418"
"chr1","92176872","92177186","chr20","42356452","42356738","43","49820420"
"chr1","92188085","92188213","chr20","42344635","42344764","9","49843450"
"chr1","92194308","92194611","chr20","42338498","42338793","21","49855810"
"chr1","92226639","92226884","chr1","3764854","3765093","76","88461785"
"chr1","92247594","92247877","chr20","42284204","42284486","17","49963390"
"chr1","92250241","92250471","chr20","42281620","42281848","21","49968621"
"chr1","92289498","92289795","chr20","42237831","42238105","45","50051667"
"chr1","92325500","92325762","chr20","41954333","41954606","28","50371167"
"chr1","92367912","92368220","chr20","42168475","42168785","28","50199437"
"chr1","92376610","92376899","chr8","124610123","124610410","62","32233513"
"chr1","92413021","92413301","chr12","63144054","63144327","66","29268967"
"chr1","92470861","92471085","chr20","7830000","7830214","48","84640861"
"chr1","92471624","92471933","chr10","115315090","115315373","79","22843466"
"chr1","92567184","92567481","chr20","41735294","41735591","32","50831890"
"chr1","92569067","92569343","chrX","64816811","64817098","77","27752256"
"chr1","92573319","92573603","chr8","40648548","40648832","64","51924771"
"chr1","92607449","92607742","chr20","41696353","41696647","17","50911096"
"chr1","92625382","92625689","chr20","41678571","41678867","31","50946811"
"chr1","92680418","92680658","chr20","41624817","41625060","35","51055601"
"chr1","92681466","92681789","chr20","41623686","41623993","46","51057780"
"chr1","92681795","92682097","chr12","40601683","40601983","51","52080112"
"chr1","92684948","92685243","chr10","121263209","121263496","59","28578261"
"chr1","92700081","92700256","chr14","87135531","87135709","32","5564550"
"chr1","92756124","92756330","chr20","41558059","41558269","23","51198065"
"chr1","92778754","92779043","chr20","41535214","41535494","33","51243540"
"chr1","92792098","92792391","chr20","41522432","41522714","27","51269666"
"chr1","92802629","92802905","chr20","41511960","41512235","20","51290669"
"chr1","92877623","92877729","chr20","41438129","41438230","17","51439494"
"chr1","92880499","92880788","chr20","41435078","41435359","28","51445421"
"chr1","92893253","92893554","chr12","40601683","40601983","57","52291570"
"chr1","92908375","92908687","chr27","1685823","1686134","59","91222552"
"chr1","92926997","92927128","chr20","41380438","41380569","11","51546559"
"chr1","92932550","92932833","chr13","64347447","64347728","56","28585103"
"chr1","92942502","92942847","chr12","46261326","46261637","89","46681176"
"chr1","92944773","92945061","chr1","63961451","63961732","68","28983322"
"chr1","92969661","92969791","chr13","413782","413908","21","92555879"
"chr1","92973406","92973678","chr19","13348929","13349218","66","79624477"
"chr1","92975815","92976071","chr20","41337829","41338097","23","51637986"
"chr1","92976429","92976744","chr8","76026514","76026825","55","16949915"
"chr1","92977616","92977837","chr14","15565137","15565367","56","77412479"
"chr1","92985186","92985478","chr20","41327916","41328191","38","51657270"
"chr1","92996647","92996858","chr6","34394023","34394229","42","58602624"
"chr1","93000171","93000474","chr17","69561469","69561769","59","23438702"
"chr1","93001359","93001641","chr20","41312108","41312391","23","51689251"
"chr1","93004977","93005155","chr20","41308222","41308393","23","51696755"
"chr1","93005483","93005612","chr25","7759367","7759500","20","85246116"
"chr1","93008268","93008482","chr20","41304700","41304925","24","51703568"
"chr1","93018360","93018647","chr20","41296406","41296683","48","51721954"
"chr1","93018654","93018737","chr20","41296324","41296388","22","51722330"
"chr1","93022792","93023074","chr20","41312108","41312391","23","51710684"
"chr1","93025868","93025983","chrX","44531053","44531163","26","48494815"
"chr1","93030875","93031159","chr22","57292668","57292955","69","35738207"
"chr1","93035112","93035374","chr20","80275918","80276191","63","12759194"
"chr1","93046545","93046843","chr20","41273211","41273510","16","51773334"
"chr1","93046907","93047217","chr20","41272851","41273147","42","51774056"
"chr1","93057722","93057836","chr1","8128376","8128492","16","84929346"
"chr1","93100097","93100411","chr12","25513401","25513708","65","67586696"
"chr1","93104035","93104182","chr20","111078206","111078348","34","17974171"
"chr1","93107903","93108025","chr20","41219177","41219292","12","51888726"
"chr1","93113409","93113691","chr2","32734589","32734875","55","60378820"
"chr1","93125459","93125782","chr20","41201168","41201491","32","51924291"
"chr1","93129248","93129510","chr10","88238863","88239112","58","4890385"
"chr1","93131332","93131627","chr24","8095725","8096021","57","85035607"
"chr1","93140636","93140961","chr20","41187960","41188257","48","51952676"
"chr1","93145168","93145283","chr20","41183043","41183158","6","51962125"
"chr1","93147095","93147381","chr20","41180969","41181255","20","51966126"
"chr1","93162899","93163089","chr20","41167571","41167734","36","51995328"
"chr1","93187488","93187798","chr24","8224803","8225110","58","84962685"
"chr1","93192662","93192882","chr20","41138598","41138823","19","52054064"
"chr1","93197924","93198203","chr20","43540741","43541034","60","49657183"
"chr1","93214906","93215180","chr6","23948330","23948600","67","69266576"
"chr1","93231546","93231817","chrX","7630430","7630699","46","85601116"
"chr1","93278087","93278381","chr20","41060106","41060367","61","52217981"
"chr1","93295072","93295372","chr25","44770913","44771213","62","48524159"
"chr1","93333705","93334006","chr20","41005859","41006152","19","52327846"
"chr1","93385962","93386263","chr20","41005859","41006152","19","52380103"
"chr1","93400863","93401151","chr20","40967534","40967824","13","52433329"
"chr1","93419001","93419206","chr20","40942854","40943053","21","52476147"
"chr1","93424491","93424799","chr11","104120287","104120586","69","10695796"
"chr1","93447074","93447212","chr20","40915129","40915267","10","52531945"
"chr1","93447519","93447611","chr20","40914723","40914815","11","52532796"
"chr1","93462223","93462505","chr2","32734589","32734875","53","60727634"
"chr1","93471165","93471464","chr24","26786160","26786465","59","66685005"
"chr1","93478705","93478862","chr6","14643002","14643160","29","78835703"
"chr1","93481838","93482156","chr20","40879164","40879478","20","52602674"
"chr1","93483563","93483753","chr19","5291847","5292038","35","88191716"
"chr1","93484493","93484799","chr20","40875644","40875927","40","52608849"
"chr1","93508907","93509208","chr20","40853258","40853556","22","52655649"
"chr1","93512141","93512441","chr20","40850064","40850340","40","52662077"
"chr1","93518040","93518191","chr20","122826097","122826248","32","29308057"
"chr1","93518499","93518655","chr5","14058777","14058931","33","79459722"
"chr1","93524211","93524490","chr11","122239068","122239347","54","28714857"
"chr1","93526967","93527118","chr2","85438273","85438419","30","8088694"
"chr1","93527427","93527477","chr10","57635394","57635433","19","35892033"
"chr1","93527759","93527908","chr9","90590506","90590651","46","2937253"
"chr1","93549802","93550086","chr20","40817921","40818185","36","52731881"
"chr1","93560424","93560585","chr13","85516283","85516442","28","8044141"
"chr1","93560611","93560724","chr1","120798422","120798537","20","27237811"
"chr1","93577290","93577592","chr20","40795196","40795497","21","52782094"
"chr1","93601829","93601945","chr20","40771109","40771223","4","52830720"
"chr1","93605436","93605556","chr20","40767188","40767320","16","52838248"
"chr1","93612121","93612417","chr16","19277822","19278110","55","74334299"
"chr1","93619773","93619888","chr14","83222266","83222383","20","10397507"
"chr1","93624297","93624423","chr20","40748600","40748725","10","52875697"
"chr1","93636454","93636741","chr8","118065542","118065828","60","24429088"
"chr1","93636753","93636873","chr15","51633765","51633893","22","42002988"
"chr1","93658915","93659025","chr20","40713660","40713770","6","52945255"
"chr1","93698835","93699081","chr13","13840169","13840415","65","79858666"
"chr1","93713469","93713746","chr20","125772260","125772536","53","32058791"
"chr1","93725487","93725759","chr20","40661925","40662238","59","53063562"
"chr1","93729147","93729444","chr20","40659505","40659817","31","53069642"
"chr1","93765246","93765524","chr20","40628142","40628416","18","53137104"
"chr1","93771467","93771756","chr20","79656528","79656819","57","14114939"
"chr1","93811940","93812228","chr17","67129678","67129966","63","26682262"
"chr1","93815122","93815455","chr18","64705908","64706237","39","29109214"
"chr1","93836611","93836900","chr2","81203304","81203595","64","12633307"
"chr1","93849681","93849961","chr22","52164880","52165154","65","41684801"
"chr1","93852333","93852635","chr20","40535396","40535692","28","53316937"
"chr1","93867545","93867834","chr20","40520634","40520919","32","53346911"
"chr1","93868457","93868760","chr6","12412258","12412557","60","81456199"
"chr1","93885462","93885618","chr28","20029472","20029622","28","73855990"
"chr1","93895516","93895831","chr28","15141829","15142140","57","78753687"
"chr1","93911858","93912148","chr20","40472752","40473041","14","53439106"
"chr1","93926222","93926337","chr20","40456642","40456756","11","53469580"
"chr1","93941219","93941511","chr20","40434886","40435183","27","53506333"
"chr1","93948756","93949046","chr20","40439731","40440026","29","53509025"
"chr1","93949054","93949167","chr5","26794954","26795068","23","67154100"
"chr1","93949467","93949647","chr28","10283641","10283825","43","83665826"
"chr1","93955972","93956207","chr14","64291806","64292062","69","29664166"
"chr1","93971777","93972069","chr20","40410884","40411179","26","53560893"
"chr1","93973386","93973572","chr1","10355307","10355491","29","83618079"
"chr1","93973861","93974001","chr22","33545063","33545206","28","60428798"
"chr1","93974010","93974315","chr17","35306470","35306782","54","58667540"
"chr1","93979575","93979849","chr20","40402969","40403267","46","53576606"
"chr1","93986365","93986654","chr20","40398671","40398976","29","53587694"
"chr1","93991559","93991857","chr20","40385055","40385353","23","53606504"
"chr1","93995687","93995967","chr23","37189901","37190187","50","56805786"
"chr1","94046462","94046726","chr20","40364836","40365098","23","53681626"
"chr1","94046734","94047023","chr3","1773314","1773592","60","92273420"
"chr1","94055409","94055699","chr1","50357126","50357408","60","43698283"
"chr1","94075083","94075396","chr10","85317607","85317918","68","8757476"
"chr1","94083691","94083994","chr3","28499359","28499659","74","65584332"
"chr1","94087392","94087679","chr2","11958384","11958685","58","82129008"
"chr1","94090909","94091208","chr20","40318929","40319214","34","53771980"
"chr1","94127624","94127946","chr20","40294555","40294859","56","53833069"
"chr1","94148853","94149147","chr20","40271441","40271727","31","53877412"
"chr1","94153033","94153311","chr21","31012869","31013161","72","63140164"
"chr1","94154170","94154418","chr20","95436903","95437156","72","1282733"
"chr1","94162264","94162540","chr20","40257821","40258135","53","53904443"
"chr1","94169124","94169424","chr20","40253818","40254107","30","53915306"
"chr1","94173868","94174167","chr20","40245248","40245541","22","53928620"
"chr1","94181593","94181883","chr20","40237842","40238132","20","53943751"
"chr1","94182758","94182881","chr20","40236832","40236955","2","53945926"
"chr1","94192505","94192809","chr2","10254529","10254833","60","83937976"
"chr1","94223151","94223306","chr20","40192678","40192836","9","54030473"
"chr1","94223607","94223754","chr18","31409027","31409164","36","62814580"
"chr1","94236567","94236856","chr20","40178490","40178780","18","54058077"
"chr1","94238858","94239047","chr1","88853099","88853297","58","5385759"
"chr1","94244014","94244329","chr20","40170807","40171109","33","54073207"
"chr1","94251365","94251609","chr20","40163887","40164136","33","54087478"
"chr1","94253168","94253281","chr20","40162570","40162682","7","54090598"
"chr1","94256818","94257097","chr20","40158454","40158739","30","54098364"
"chr1","94264909","94265078","chr20","40152359","40152552","47","54112550"
"chr1","94265079","94265374","chr20","40152057","40152357","23","54113022"
"chr1","94267470","94267597","chrX","4307132","4307258","25","89960338"
"chr1","94267623","94267739","chr5","11523618","11523733","15","82744005"
"chr1","94271275","94271579","chr20","40146075","40146379","15","54125200"
"chr1","94279639","94279900","chr14","33398797","33399060","66","60880842"
"chr1","94280082","94280375","chr20","40137309","40137598","25","54142773"
"chr1","94299004","94299307","chr20","40119599","40119884","41","54179405"
"chr1","94300035","94300310","chr20","40118610","40118885","21","54181425"
"chr1","94306080","94306386","chr20","40112560","40112865","24","54193520"
"chr1","94320117","94320281","chr16","14815460","14815624","50","79504657"
"chr1","94321929","94322194","chr20","40096587","40096855","23","54225342"
"chr1","94327501","94327703","chr22","79151568","79151765","53","15175933"
"chr1","94334371","94334487","chr13","64833357","64833475","15","29501014"
"chr1","94334529","94334691","chr25","57471078","57471248","38","36863451"
"chr1","94341202","94341490","chr21","120693812","120694103","52","26352610"
"chr1","94357528","94357828","chr20","40063139","40063437","23","54294389"
"chr1","94363742","94364033","chr8","124647657","124647945","65","30283915"
"chr1","94365069","94365359","chr20","40055690","40055978","23","54309379"
"chr1","94374875","94375161","chr3","28109517","28109811","58","66265358"
"chr1","94380530","94380840","chr24","81326511","81326828","67","13054019"
"chr1","94415288","94415510","chr22","56126729","56126948","37","38288559"
"chr1","94417170","94417427","chr5","26818419","26818668","66","67598751"
"chr1","94439675","94439915","chr26","55198419","55198652","52","39241256"
"chr1","94450175","94450459","chr20","39961960","39962234","30","54488215"
"chr1","94463809","94464075","chr8","20351655","20351913","49","74112154"
"chr1","94467761","94468044","chr20","39932790","39933074","15","54534971"
"chr1","94493434","94493616","chrX","1967312","1967495","33","92526122"
"chr1","94497570","94497878","chr20","39901800","39902110","36","54595770"
"chr1","94501372","94501609","chr20","39897968","39898227","35","54603404"
"chr1","94516552","94516843","chr20","39882824","39883122","36","54633728"
"chr1","94545114","94545326","chr1","66024882","66025086","45","28520232"
"chr1","94545356","94545569","chr7","36323488","36323700","42","58221868"
"chr1","94556376","94556477","chr20","39844824","39844925","8","54711552"
"chr1","94562766","94563070","chr20","39838756","39839063","25","54724010"
"chr1","94584499","94584605","chr4","90498997","90499103","17","4085502"
"chr1","94588192","94588483","chr20","39811615","39811907","19","54776577"
"chr1","94599473","94599768","chr20","39800824","39801131","36","54798649"
"chr1","94603145","94603451","chr20","39796844","39797143","25","54806301"
"chr1","94604935","94605198","chr20","39795085","39795349","19","54809850"
"chr1","94607934","94608050","chr20","39792245","39792361","5","54815689"
"chr1","94618535","94618785","chr5","4770928","4771172","46","89847607"
"chr1","94631747","94632049","chr14","79950465","79950764","50","14681282"
"chr1","94633052","94633310","chr20","39766644","39766913","24","54866408"
"chr1","94648091","94648390","chr20","39751494","39751760","49","54896597"
"chr1","94654128","94654439","chr20","39745452","39745746","29","54908676"
"chr1","94655765","94656008","chr8","39501463","39501689","64","55154302"
"chr1","94659475","94659632","chr5","60048306","60048462","48","34611169"
"chr1","94659912","94660048","chr20","39739540","39739671","13","54920372"
"chr1","94682687","94682935","chr20","39721944","39722190","15","54960743"
"chr1","94799884","94800172","chr20","39607095","39607370","38","55192789"
"chr1","94801746","94802049","chr20","39605210","39605516","26","55196536"
"chr1","94804550","94804754","chr5","36953044","36953254","44","57851506"
"chr1","94869484","94869776","chr20","39539352","39539638","20","55330132"
"chr1","94892219","94892548","chr20","39515849","39516196","43","55376370"
"chr1","94903981","94904270","chr28","7580649","7580940","59","87323332"
"chr1","94911885","94912018","chr4","35973857","35973992","17","58938028"
"chr1","94973782","94973886","chr10","8274677","8274784","20","86699105"
"chr1","94975970","94976087","chr20","39439510","39439627","7","55536460"
"chr1","95021004","95021289","chr20","39394295","39394581","17","55626709"
"chr1","95045674","95045960","chr1","18610357","18610639","57","76435317"
"chr1","95046007","95046137","chr20","39377001","39377131","9","55669006"
"chr1","95048319","95048543","chr20","39374602","39374824","8","55673717"
"chr1","95050607","95050912","chr9","68525091","68525390","63","26525516"
"chr1","95058437","95058732","chr20","39364597","39364898","12","55693840"
"chr1","95065830","95066012","chr16","58714294","58714474","32","36351536"
"chr1","95066040","95066156","chr8","20304325","20304441","13","74761715"
"chr1","95073679","95073796","chr20","39349445","39349562","6","55724234"
"chr1","95073799","95074066","chr20","39349188","39349442","37","55724611"
"chr1","95109348","95109476","chr2","45119822","45119944","21","49989526"
"chr1","95225754","95226062","chr9","41360361","41360668","47","53865393"
"chr1","95305461","95305743","chrX","60815706","60815990","66","34489755"
"chr1","95333738","95333987","chr13","21750551","21750783","71","73583187"
"chr1","95403904","95404199","chr20","39061114","39061409","11","56342790"
"chr1","95404202","95404328","chr6","32572959","32573083","23","62831243"
"chr1","95413604","95413918","chr6","28194245","28194544","69","67219359"
"chr1","95448224","95448509","chr20","39020223","39020530","51","56428001"
"chr1","95487870","95488158","chr20","38986138","38986446","37","56501732"
"chr1","95521151","95521440","chr16","46883446","46883746","62","48637705"
"chr1","95524203","95524500","chr20","38949682","38949974","25","56574521"
"chr1","95536294","95536581","chr20","38937666","38937926","47","56598628"
"chr1","95640386","95640502","chr20","38836267","38836383","11","56804119"
"chr1","95684434","95684642","chr26","7049078","7049282","48","88635356"
"chr1","95711011","95711283","chr14","45240341","45240619","63","50470670"
"chr1","95713153","95713378","chr20","38762655","38762876","22","56950498"
"chr1","95718233","95718531","chr9","122684276","122684559","62","26966043"
"chr1","95774692","95774774","chr5","72575556","72575639","14","23199136"
"chr1","95802091","95802344","chr17","33859890","33860137","62","61942201"
"chr1","95820942","95821226","chr6","2393384","2393670","68","93427558"
"chr1","95860324","95860477","chr5","39454371","39454526","28","56405953"
"chr1","95860517","95860546","chr5","53439207","53439241","7","42421310"
"chr1","95869211","95869496","chr20","38605332","38605608","26","57263879"
"chr1","95913347","95913638","chr20","38555720","38556028","32","57357627"
"chr1","95963863","95964181","chr5","14554524","14554828","80","81409339"
"chr1","96000001","96000197","chr21","104485149","104485350","49","8485148"
"chr1","96025024","96025139","chr20","38444328","38444446","7","57580696"
"chr1","96048343","96048619","chr3","52070397","52070682","55","43977946"
"chr1","96120570","96120845","chr1","69283353","69283633","62","26837217"
"chr1","96121866","96121964","chrX","63425240","63425339","16","32696626"
"chr1","96144523","96144645","chr20","38324484","38324606","11","57820039"
"chr1","96183802","96184095","chr9","22697379","22697669","56","73486423"
"chr1","96195788","96195905","chr10","57675680","57675798","18","38520108"
"chr1","96222049","96222355","chr20","38248512","38248818","34","57973537"
"chr1","96259142","96259452","chr20","38212002","38212314","26","58047140"
"chr1","96290275","96290385","chr20","38179200","38179309","10","58111075"
"chr1","96296500","96296785","chr20","38173550","38173861","41","58122950"
"chr1","96306179","96306450","chr9","94121117","94121394","53","2185062"
"chr1","96308137","96308446","chr1","55999152","55999453","51","40308985"
"chr1","96321750","96321908","chr20","38149664","38149820","18","58172086"
"chr1","96321952","96322063","chr20","38149517","38149628","10","58172435"
"chr1","96328881","96329123","chr7","36379250","36379492","61","59949631"
"chr1","96331475","96331782","chr17","67129678","67129966","69","29201797"
"chr1","96333333","96333456","chr1","31272280","31272397","19","65061053"
"chr1","96358232","96358525","chr20","38112732","38113025","27","58245500"
"chr1","96359325","96359623","chr24","41317218","41317519","62","55042107"
"chr1","96394774","96395065","chr16","52172688","52172981","71","44222086"
"chr1","96443654","96443961","chr16","62840356","62840657","64","33603298"
"chr1","96447703","96447827","chr20","38029624","38029754","15","58418079"
"chr1","96525703","96525982","chr20","37955040","37955348","40","58570663"
"chr1","96661737","96662005","chr20","37819804","37820109","58","58841933"
"chr1","96695287","96695411","chr24","54971428","54971552","19","41723859"
"chr1","96853587","96853708","chr20","37634588","37634711","8","59218999"
"chr1","97181295","97181579","chr20","37326008","37326294","22","59855287"
"chr1","97413039","97413322","chr20","37115880","37116133","50","60297159"
"chr1","97478244","97478446","chr20","37055173","37055366","22","60423071"
"chr1","97599874","97600052","chrX_KE148108v1_random","1216319","1216495","41","96383555"
"chr1","97600091","97600208","chr22","45283096","45283212","14","52316995"
"chr1","97613409","97613533","chr20","36920351","36920475","11","60693058"
"chr1","97669840","97670129","chr20","36867676","36867960","39","60802164"
"chr1","97726209","97726514","chr16","61074963","61075258","69","36651246"
"chr1","97808286","97808594","chr7","83107013","83107326","61","14701273"
"chr1","97813736","97813842","chr21","99709639","99709748","18","1895903"
"chr1","97814130","97814339","chr8","68779714","68779925","53","29034416"
"chr1","97932016","97932288","chr20","36622416","36622720","54","61309600"
"chr1","97969974","97970304","chr20","36584171","36584493","32","61385803"
"chr1","98069783","98070075","chr20","36480514","36480806","15","61589269"
"chr1","98148406","98148690","chr20","36408554","36408832","19","61739852"
"chr1","98467926","98468107","chr14","20845121","20845300","38","77622805"
"chr1","98468140","98468250","chr3","24011820","24011936","27","74456320"
"chr1","98624635","98624930","chr20","35962799","35963059","48","62661836"
"chr1","98668567","98668868","chr9","20429537","20429837","62","78239030"
"chr1","98673889","98674074","chr7","100013953","100014134","35","1340064"
"chr1","98733445","98733705","chr20","35858536","35858796","13","62874909"
"chr1","98759230","98759542","chr28","15141829","15142140","53","83617401"
"chr1","98834286","98834586","chr20","120237644","120237945","58","21403358"
"chr1","98888432","98888718","chr20","35687757","35688039","21","63200675"
"chr1","98934397","98934689","chr20","35645914","35646196","31","63288483"
"chr1","99022632","99022910","chr20","35562885","35563166","38","63459747"
"chr1","99131009","99131219","chr20","12970067","12970277","40","86160942"
"chr1","99604750","99605019","chr15","39516337","39516617","60","60088413"
"chr1","99710649","99710963","chr20","34907901","34908196","68","64802748"
"chr1","99724217","99724528","chr20","34894124","34894434","22","64830093"
"chr1","99809128","99809434","chr12","25513401","25513708","64","74295727"
"chr1","99852260","99852539","chr20","34774604","34774876","22","65077656"
"chr1","99869527","99869831","chr20","34756847","34757155","26","65112680"
"chr1","99890292","99890618","chr11","107228813","107229133","87","7338521"
"chr1","99909920","99910237","chr20","34718832","34719138","40","65191088"
"chr1","99952165","99952244","chr20","34675104","34675183","4","65277061"
"chr1","99977394","99977567","chr7","70640536","70640715","46","29336858"
"chr1","99977596","99977723","chr14","18270866","18270984","27","81706730"
"chr1","99984339","99984425","chr20","34637460","34637555","15","65346879"
"chr1","100155803","100156076","chr20","34507801","34508069","30","65648002"
"chr1","100193192","100193466","chr20","34474401","34474653","41","65718791"
"chr1","100278998","100279286","chr20","34397023","34397304","33","65881975"
"chr1","100294942","100295262","chr20","34355811","34356130","36","65939131"
"chr1","100312370","100312492","chr4","31694520","31694648","34","68617850"
"chr1","100321300","100321422","chr4","31694520","31694648","34","68626780"
"chr1","100338530","100338850","chr20","34355811","34356130","36","65982719"
"chr1","100350485","100350788","chr20","34344280","34344580","23","66006205"
"chr1","100409420","100409586","chr20","34284971","34285136","14","66124449"
"chr1","100475717","100475823","chr15","57437024","57437132","20","43038693"
"chr1","100588391","100588678","chr24","56400082","56400380","76","44188309"
"chr1","100639377","100639674","chr20","34051489","34051798","48","66587888"
"chr1","100709323","100709604","chr20","33988020","33988308","33","66721303"
"chr1","100743478","100743754","chr20","33961334","33961644","49","66782144"
"chr1","100985935","100986050","chr20","33733610","33733726","4","67252325"
"chr1","101068234","101068533","chr7","126794442","126794745","61","25726208"
"chr1","101089798","101090108","chr11","64650181","64650481","61","36439617"
"chr1","101111326","101111627","chr20","16579300","16579588","67","84532026"
"chr1","101115053","101115247","chr6","41258352","41258536","48","59856701"
"chr1","101122519","101122820","chr5","10145436","10145732","56","90977083"
"chr1","101137172","101137475","chr20","33580043","33580360","29","67557129"
"chr1","101138125","101138402","chr20","33579161","33579426","31","67558964"
"chr1","101169439","101169719","chr20","97649905","97650188","97","3519534"
"chr1","101170066","101170368","chr20","33550198","33550492","28","67619868"
"chr1","101229312","101229637","chr12","42105008","42105324","69","59124304"
"chr1","101243243","101243530","chr20","33487096","33487388","28","67756147"
"chr1","101258449","101258738","chr20","33473952","33474254","33","67784497"
"chr1","101275798","101276100","chr1","68190209","68190507","59","33085589"
"chr1","101295846","101296144","chr9","124700919","124701211","65","23405073"
"chr1","101314349","101314475","chr20","33422654","33422785","11","67891695"
"chr1","101317540","101317826","chr10","87801139","87801426","55","13516401"
"chr1","101329403","101329696","chr22","53415228","53415526","60","47914175"
"chr1","101332733","101332945","chr17","39693214","39693427","46","61639519"
"chr1","101333548","101333773","chr20","33396558","33396783","18","67936990"
"chr1","101340420","101340716","chrX","38566822","38567123","61","62773598"
"chr1","101346538","101346864","chr20","33382655","33382951","51","67963883"
"chr1","101351925","101352218","chr28","16856842","16857125","60","84495083"
"chr1","101358204","101358522","chr28","15141829","15142140","64","86216375"
"chr1","101364913","101365022","chr20","33364285","33364391","8","68000628"
"chr1","101366188","101366489","chr22","45615109","45615406","62","55751079"
"chr1","101368652","101368959","chr9","103349909","103350210","60","1981257"
"chr1","101379192","101379451","chr6","7530667","7530939","57","93848525"
"chr1","101403173","101403458","chr10","85539029","85539311","63","15864144"
"chr1","101425710","101425982","chr20","33304277","33304558","25","68121433"
"chr1","101456655","101456772","chr20","33277707","33277824","5","68178948"
"chr1","101526449","101526749","chr20","33201120","33201427","32","68325329"
"chr1","101530628","101530888","chr20","33197014","33197277","25","68333614"
"chr1","101534860","101535130","chr20","33192757","33193037","22","68342103"
"chr1","101545969","101546256","chr20","33181277","33181564","24","68364692"
"chr1","101571834","101572138","chr20","33152532","33152839","20","68419302"
"chr1","101572390","101572673","chr20","33151996","33152283","19","68420394"
"chr1","101582951","101583128","chr28","11752072","11752251","37","89830879"
"chr1","101583438","101583579","chr3","9564943","9565083","31","92018495"
"chr1","101598790","101599066","chr24","77908838","77909119","56","23689952"
"chr1","101605243","101605367","chr20","33121200","33121322","6","68484043"
"chr1","101607864","101608154","chr20","33118435","33118722","35","68489429"
"chr1","101608656","101608958","chr20","33117625","33117933","26","68491031"
"chr1","101612253","101612567","chr20","33114030","33114343","17","68498223"
"chr1","101615090","101615392","chr3","19554105","19554413","51","82060985"
"chr1","101621131","101621248","chr20","33105347","33105464","5","68515784"
"chr1","101627475","101627654","chr16","61136668","61136840","37","40490807"
"chr1","101639995","101640112","chr20","33087146","33087270","15","68552849"
"chr1","101644077","101644366","chr17","58425584","58425868","65","43218493"
"chr1","101645855","101645972","chr20","33081290","33081411","10","68564565"
"chr1","101646553","101646783","chr19","12069308","12069522","54","89577245"
"chr1","101646952","101647076","chr20","33080183","33080309","10","68566769"
"chr1","101669075","101669203","chr20","33059562","33059690","7","68609513"
"chr1","101670082","101670372","chr20","33058388","33058685","22","68611694"
"chr1","101678973","101679254","chr6","3017083","3017366","63","98661890"
"chr1","101679688","101679987","chr5","26047190","26047497","61","75632498"
"chr1","101694857","101695148","chr20","33034686","33034977","21","68660171"
"chr1","101697995","101698254","chr20","33031582","33031839","23","68666413"
"chr1","101702737","101703010","chr20","33026867","33027140","18","68675870"
"chr1","101705883","101706128","chr20","33023514","33023764","16","68682369"
"chr1","101712804","101712895","chr17","11402513","11402598","24","90310291"
"chr1","101716632","101716931","chr7","127296985","127297278","57","25580353"
"chr1","101723569","101723865","chr20","33005827","33006128","31","68717742"
"chr1","101725508","101725749","chr20","33003844","33004085","14","68721664"
"chr1","101729962","101730284","chr20","88100516","88100832","77","13629446"
"chr1","101736986","101737285","chr12","40601683","40601983","63","61135303"
"chr1","101773213","101773522","chr9","81284224","81284526","76","20488989"
"chr1","101779719","101779842","chr18","38864388","38864511","21","62915331"
"chr1","101785139","101785452","chr20","32948118","32948423","30","68837021"
"chr1","101823109","101823403","chr11","91822897","91823182","73","10000212"
"chr1","101899193","101899314","chr1","108290111","108290233","19","6390918"
"chr1","101899772","101899895","chr24","8286653","8286776","16","93613119"
"chr1","101925781","101926064","chr20","32807690","32807962","47","69118091"
"chr1","101939197","101939477","chr20","32794218","32794478","34","69144979"
"chr1","102104656","102104898","chr7","113426554","113426793","68","11321898"
"chr1","102117840","102117957","chr20","32628370","32628486","8","69489470"
"chr1","102242951","102243205","chr2","990357","990612","70","101252594"
"chr1","102246304","102246513","chr7","61780678","61780882","46","40465626"
"chr1","102311823","102312120","chrX","36852136","36852429","61","65459687"
"chr1","102332468","102332742","chr11","104479228","104479515","55","2146760"
"chr1","102358890","102359139","chr20","32385342","32385593","18","69973548"
"chr1","102437463","102437734","chr20","32310784","32311081","46","70126679"
"chr1","102448744","102448850","chr20","32300107","32300213","11","70148637"
"chr1","102449519","102449675","chr20","32299266","32299437","30","70150253"
"chr1","102537009","102537290","chr20","90342406","90342670","70","12194603"
"chr1","102581668","102581960","chr20","32166396","32166675","34","70415272"
"chr1","102583071","102583329","chr7","97462094","97462349","57","5120977"
"chr1","102587945","102588238","chr20","32159825","32160120","29","70428120"
"chr1","102592232","102592350","chr20","32155605","32155722","9","70436627"
"chr1","102603801","102604091","chr20","32143889","32144186","24","70459912"
"chr1","102640656","102640944","chr20","32104832","32105104","36","70535824"
"chr1","102643539","102643823","chr20","32101936","32102220","24","70541603"
"chr1","102647859","102648025","chr6","6742301","6742479","41","95905558"
"chr1","102657928","102658229","chr5","10145436","10145732","59","92512492"
"chr1","102658311","102658623","chr22","55639319","55639619","76","47018992"
"chr1","102663411","102663605","chr11","125446906","125447096","44","22783495"
"chr1","102663902","102664033","chr2","32478101","32478233","22","70185801"
"chr1","102664060","102664355","chr20","32081568","32081860","15","70582492"
"chr1","102674182","102674466","chr20","32074757","32075048","23","70599425"
"chr1","102681622","102681877","chr11","90976263","90976510","57","11705359"
"chr1","102683489","102683620","chr8","43594969","43595101","21","59088520"
"chr1","102686738","102686868","chr1","67522650","67522785","34","35164088"
"chr1","102687214","102687369","chr12","39373363","39373504","38","63313851"
"chr1","102693829","102694131","chr20","32054163","32054465","35","70639666"
"chr1","102696500","102696785","chr20","32051289","32051566","39","70645211"
"chr1","102743742","102744048","chr21","25321160","25321468","78","77422582"
"chr1","102909266","102909519","chr20","31849545","31849790","28","71059721"
"chr1","102911347","102911653","chr20","2649211","2649512","67","100262136"
"chr1","103328324","103328417","chr24","24159848","24159939","17","79168476"
"chr1","103404748","103405048","chr1","121090436","121090732","63","17685688"
"chr1","103455628","103455743","chr20","31295988","31296107","6","72159640"
"chr1","103488406","103488682","chr20","31266718","31267002","28","72221688"
"chr1","103490030","103490268","chr5","25414798","25415035","64","78075232"
"chr1","103550782","103551057","chrX_KE148108v1_random","751066","751349","75","102799716"
"chr1","103623136","103623197","chr12","12083485","12083550","17","91539651"
"chr1","103623235","103623395","chr16","57582931","57583087","46","46040304"
"chr1","103641644","103641944","chr20","31119407","31119711","35","72522237"
"chr1","103665599","103665889","chr12","15045654","15045932","60","88619945"
"chr1","103766071","103766338","chr20","30988434","30988715","27","72777637"
"chr1","103970849","103971143","chr20","30792377","30792666","27","73178472"
"chr1","104065783","104066043","chr20","30693559","30693813","22","73372224"
"chr1","104108361","104108651","chr8","54567663","54567951","56","49540698"
"chr1","104151135","104151340","chr20","30613448","30613651","19","73537687"
"chr1","104289042","104289328","chr22","18532485","18532779","64","85756557"
"chr1","104319345","104319646","chr20","30453222","30453531","48","73866123"
"chr1","104373749","104374036","chr12","103939005","103939299","59","434744"
"chr1","104405022","104405241","chr6","7203850","7204061","51","97201172"
"chr1","104504689","104504950","chr20","30269607","30269871","29","74235082"
"chr1","104798801","104799116","chr8","89470220","89470533","75","15328581"
"chr1","104802111","104802395","chr2","14144920","14145206","65","90657191"
"chr1","104876012","104876325","chr20","29964150","29964463","23","74911862"
"chr1","104989925","104990197","chr18","44616862","44617139","64","60373063"
"chr1","105035757","105036029","chr18","44616862","44617139","62","60418895"
"chr1","105121164","105121446","chr6","17448009","17448289","67","87673155"
"chr1","105219568","105219715","chr5","9075092","9075237","35","96144476"
"chr1","105505975","105506277","chr20","29393000","29393299","33","76112975"
"chr1","105512383","105512667","chr23","60570500","60570787","64","44941883"
"chr1","105579479","105579820","chr20","29321194","29321541","53","76258285"
"chr1","105600492","105600832","chr28","1531549","1531849","91","104068943"
"chr1","105602976","105603094","chr22","68988191","68988312","16","36614785"
"chr1","105750887","105751147","chr20","29180592","29180845","29","76570295"
"chr1","105841088","105841369","chr20","29103463","29103736","26","76737625"
"chr1","105892794","105893095","chr6","1516196","1516504","66","104376598"
"chr1","105912345","105912658","chr20","29041459","29041771","26","76870886"
"chr1","105942173","105942443","chr20","29005831","29006109","31","76936342"
"chr1","106084884","106085135","chr20","28828369","28828618","19","77256515"
"chr1","106117131","106117415","chr22","56171547","56171831","58","49945584"
"chr1","106125836","106126069","chr20","28785134","28785371","26","77340702"
"chr1","106238396","106238694","chr16","23415190","23415484","60","82823206"
"chr1","106313827","106314116","chr20","28603068","28603356","35","77710759"
"chr1","106424364","106424647","chr11","116734716","116734996","65","10310352"
"chr1","106436986","106437257","chr20","28475161","28475434","25","77961825"
"chr1","106445199","106445511","chr20","28466530","28466831","39","77978669"
"chr1","106743317","106743646","chr12","6385908","6386228","77","100357409"
"chr1","106833544","106833673","chr22","10681348","10681457","46","96152196"
"chr1","106840179","106840326","chr6","15218877","15219022","47","91621302"
"chr1","106840352","106840474","chr15","35189783","35189897","32","71650569"
"chr1","106917762","106917909","chr19","5483390","5483538","43","101434372"
"chr1","107046783","107046995","chr6","10120108","10120320","63","96926675"
"chr1","107690174","107690482","chr20","27342422","27342731","26","80347752"
"chr1","107922521","107922848","chr20","27102683","27102995","40","80819838"
"chr1","108059264","108059540","chr20","26966835","26967116","34","81092429"
"chr1","108400139","108400411","chr20","26618322","26618616","44","81781817"
"chr1","108482491","108482784","chr16","3345811","3346091","64","105136680"
"chr1","108489325","108489542","chr20","26540360","26540575","21","81948965"
"chr1","108497603","108497893","chrX_KE148108v1_random","1020209","1020503","54","107477394"
"chr1","108760527","108760645","chr20","26255732","26255850","4","82504795"
"chr1","108766750","108767061","chr22","4139174","4139483","70","104627576"
"chr1","108793187","108793503","chr20","26222335","26222640","35","82570852"
"chr1","109062036","109062306","chr20","25958632","25958888","48","83103404"
"chr1","109183684","109183977","chr28","11856078","11856376","65","97327606"
"chr1","109189958","109190126","chr1","15830007","15830171","34","93359951"
"chr1","109305853","109306148","chr17","66696344","66696627","62","42609509"
"chr1","109355216","109355485","chr20","42015674","42015933","27","67339542"
"chr1","109370935","109371234","chr20","42003325","42003621","27","67367610"
"chr1","109409966","109410257","chr20","25607422","25607705","33","83802544"
"chr1","109453499","109453793","chr24","38101245","38101532","58","71352254"
"chr1","109454505","109454799","chr20","25560523","25560824","30","83893982"
"chr1","109457602","109457810","chr20","25557476","25557680","45","83900126"
"chr1","109549182","109549488","chr12","26242642","26242933","58","83306540"
"chr1","109724106","109724395","chr20","25277538","25277829","24","84446568"
"chr1","109738651","109738950","chr20","25262490","25262768","35","84476161"
"chr1","109822488","109822803","chr4","90402023","90402338","69","19420465"
"chr1","109875209","109875508","chr7","129657773","129658075","57","19782564"
"chr1","109894222","109894340","chr20","25028643","25028761","7","84865579"
"chr1","109912453","109912747","chr8","92930613","92930912","64","16981840"
"chr1","109914048","109914344","chr20","25009410","25009708","14","84904638"
"chr1","109921127","109921380","chr7","31801725","31801984","65","78119402"
"chr1","109938071","109938367","chr20","24986773","24987081","29","84951298"
"chr1","109946043","109946348","chr20","24978542","24978849","46","84967501"
"chr1","109948107","109948236","chr20","24976656","24976785","7","84971451"
"chr1","109956773","109957083","chr20","24967760","24968069","25","84989013"
"chr1","109974117","109974399","chr20","24950522","24950795","36","85023595"
"chr1","109974604","109974819","chr8","75910945","75911155","50","34063659"
"chr1","109988709","109988999","chr6","24390077","24390375","67","85598632"
"chr1","109995931","109996200","chr20","24924732","24925001","19","85071199"
"chr1","110002785","110003070","chr20","24917861","24918158","32","85084924"
"chr1","110004368","110004488","chr25","59527807","59527928","22","50476561"
"chr1","110006264","110006362","chr12","747887","747979","17","109258377"
"chr1","110007882","110008047","chr22","9442796","9442953","45","100565086"
"chr1","110029178","110029467","chr12","78640587","78640877","62","31388591"
"chr1","110036896","110037161","chr20","24888804","24889079","37","85148092"
"chr1","110045311","110045628","chr20","24880136","24880442","27","85165175"
"chr1","110046941","110047170","chr7","57353225","57353455","48","52693716"
"chr1","110050336","110050638","chr20","24875117","24875427","36","85175219"
"chr1","110078965","110079243","chr7","31131455","31131726","58","78947510"
"chr1","110084865","110085190","chr1","15786031","15786333","72","94298834"
"chr1","110167873","110168190","chr2","35462255","35462551","82","74705618"
"chr1","110187060","110187345","chr20","24751212","24751491","33","85435848"
"chr1","110196519","110196822","chr20","24741516","24741824","23","85455003"
"chr1","110203762","110204056","chr20","24734520","24734810","31","85469242"
"chr1","110204103","110204127","chr25","81552850","81552874","3","28651253"
"chr1","110212394","110212502","chr6","38700623","38700728","19","71511771"
"chr1","110212550","110212709","chrX","44613838","44613990","35","65598712"
"chr1","110218663","110218938","chr20","24721269","24721542","21","85497394"
"chr1","110222703","110222998","chr20","24716495","24716773","31","85506208"
"chr1","110237162","110237448","chr9","56580476","56580762","57","53656686"
"chr1","110271625","110271916","chr20","24667570","24667865","26","85604055"
"chr1","110277294","110277582","chr5","52194881","52195171","62","58082413"
"chr1","110280062","110280197","chr20","24659275","24659410","9","85620787"
"chr1","110280511","110280665","chr20","24658819","24658972","6","85621692"
"chr1","110284690","110284980","chr20","24650264","24650554","12","85634426"
"chr1","110293361","110293651","chr3","78390010","78390301","64","31903351"
"chr1","110299959","110300236","chr20","24624118","24624395","52","85675841"
"chr1","110319441","110319561","chr20","105894940","105895061","24","4424501"
"chr1","110323158","110323416","chr28","19196628","19196884","55","91126530"
"chr1","110331782","110332089","chr16","44863173","44863485","60","65468609"
"chr1","110344994","110345274","chr6","15020524","15020806","61","95324470"
"chr1","110356159","110356277","chr20","24568285","24568402","10","85787874"
"chr1","110363379","110363687","chrX","8486738","8487040","59","101876641"
"chr1","110368931","110369062","chr20","78908869","78908999","23","31460062"
"chr1","110373231","110373534","chr10","76220349","76220648","64","34152882"
"chr1","110386334","110386532","chr20","24542260","24542461","22","85844074"
"chr1","110388387","110388667","chr4","30609076","30609358","69","79779311"
"chr1","110398016","110398195","chr13","66964664","66964828","45","43433352"
"chr1","110406341","110406570","chr11","48078952","48079167","51","62327389"
"chr1","110408201","110408498","chr20","24531669","24531939","38","85876532"
"chr1","110409529","110409829","chr9","22697379","22697669","58","87712150"
"chr1","110417813","110417871","chr20","24470866","24470924","5","85946947"
"chr1","110444357","110444639","chr9","62304974","62305266","52","48139383"
"chr1","110449203","110449351","chr20","24445278","24445429","20","86003925"
"chr1","110449660","110449808","chr20","24444821","24444967","12","86004839"
"chr1","110457031","110457318","chr20","24432127","24432426","28","86024904"
"chr1","110460682","110460960","chr4","6337556","6337843","70","104123126"
"chr1","110463653","110463931","chr4","6337556","6337843","70","104126097"
"chr1","110467296","110467589","chr20","24432127","24432426","22","86035169"
"chr1","110478437","110478733","chr12","103939005","103939299","66","6539432"
"chr1","110480286","110480469","chr11","26766923","26767108","42","83713363"
"chr1","110483590","110483893","chr21","107450772","107451077","62","3032818"
"chr1","110502220","110502520","chr11","46343863","46344160","62","64158357"
"chr1","110519132","110519423","chr23","42273665","42273955","56","68245467"
"chr1","110540289","110540565","chr20","24340654","24340924","26","86199635"
"chr1","110556096","110556390","chr20","24317512","24317803","19","86238584"
"chr1","110561228","110561360","chr5","24863230","24863360","21","85697998"
"chr1","110561686","110561849","chr2","85940930","85941095","29","24620756"
"chr1","110565169","110565474","chr28","11856078","11856376","82","98709091"
"chr1","110588469","110588759","chr20_KE148051v1_random","21989","22241","64","110566480"
"chr1","110600007","110600305","chr20","24289350","24289651","25","86310657"
"chr1","110671160","110671276","chr23","16458800","16458917","15","94212360"
"chr1","110676833","110677106","chr20","24216256","24216537","18","86460577"
"chr1","110696795","110697098","chr20","24201124","24201413","41","86495671"
"chr1","110706633","110706706","chr20","24190744","24190816","8","86515889"
"chr1","110708666","110708942","chr20","24187965","24188238","20","86520701"
"chr1","110729659","110729944","chr10","34917168","34917448","56","75812491"
"chr1","110731665","110731969","chr25","5211180","5211479","62","105520485"
"chr1","110740860","110741037","chr2","57136325","57136493","49","53604535"
"chr1","110741041","110741342","chr11","46343863","46344160","64","64397178"
"chr1","110759284","110759484","chr20","24141272","24141468","11","86618012"
"chr1","110762485","110762758","chr20","24138040","24138316","25","86624445"
"chr1","110771217","110771484","chr3","51400335","51400605","61","59370882"
"chr1","110773781","110774072","chr28","11425193","11425484","52","99348588"
"chr1","110809153","110809457","chr20","24096547","24096832","34","86712606"
"chr1","110810491","110810768","chr11","104479228","104479515","53","6331263"
"chr1","110813587","110813887","chr6","36986089","36986383","72","73827498"
"chr1","110836568","110836870","chr6","36986089","36986383","72","73850479"
"chr1","110838303","110838583","chr20","24074995","24075288","26","86763308"
"chr1","110927291","110927405","chr20","23995277","23995391","6","86932014"
"chr1","110946269","110946564","chr20","23978046","23978370","42","86968223"
"chr1","110959823","110960130","chr26","30785411","30785714","72","80174412"
"chr1","110996490","110996778","chr20","23936720","23936976","54","87059770"
"chr1","111027746","111028033","chr20","23905214","23905501","17","87122532"
"chr1","111049186","111049473","chr20","23885096","23885387","25","87164090"
"chr1","111055114","111055210","chr20","23874640","23874751","23","87180474"
"chr1","111072043","111072338","chr10","76220349","76220648","50","34851694"
"chr1","111126823","111127119","chr20","23804394","23804688","24","87322429"
"chr1","111184339","111184643","chr19","21326162","21326460","59","89858177"
"chr1","111188216","111188524","chr20","23766693","23766994","37","87421523"
"chr1","111208323","111208620","chr20","23746552","23746859","51","87461771"
"chr1","111210698","111210974","chr12","7746413","7746698","62","103464285"
"chr1","111279823","111280030","chr3","56682972","56683172","42","54596851"
"chr1","111375480","111375775","chr20","23595670","23595970","25","87779810"
"chr1","111398975","111399265","chr28","15635761","15636057","49","95763214"
"chr1","111401465","111401760","chr1","121090436","121090732","50","9688971"
"chr1","111425101","111425388","chr20","23545587","23545868","36","87879514"
"chr1","111452890","111453182","chr5","25360110","25360407","66","86092780"
"chr1","111457337","111457624","chr20","23512945","23513244","32","87944392"
"chr1","111520809","111521100","chr29","19308153","19308454","62","92212656"
"chr1","111544563","111544871","chr20","23424757","23425050","34","88119806"
"chr1","111668107","111668390","chr27","9349689","9349961","56","102318418"
"chr1","111746820","111747135","chr5","69933160","69933446","64","41813660"
"chr1","111790888","111791197","chr1","8248167","8248473","52","103542721"
"chr1","111797538","111797654","chr26","19326598","19326712","24","92470940"
"chr1","111798936","111799275","chr8","21896043","21896384","84","89902893"
"chr1","111805269","111805562","chr12","103939005","103939299","53","7866264"
"chr1","111841476","111841753","chr20","23134021","23134309","33","88707455"
"chr1","111841941","111842174","chr10","107550377","107550623","68","4291564"
"chr1","111861160","111861287","chr20","23113976","23114109","11","88747184"
"chr1","111897354","111897634","chr28","11675494","11675771","56","100221860"
"chr1","111899996","111900096","chr20","87315578","87315677","15","24584418"
"chr1","111979863","111980126","chr4","69723085","69723347","74","42256778"
"chr1","112051221","112051517","chr20","22933150","22933453","23","89118071"
"chr1","112058158","112058439","chr11","30737106","30737380","60","81321052"
"chr1","112063652","112063778","chr20","22920898","22921024","10","89142754"
"chr1","112253368","112253642","chr8","8338249","8338530","54","103915119"
"chr1","112348500","112348780","chr20","22656245","22656529","41","89692255"
"chr1","112386869","112387146","chr20","22616762","22617049","39","89770107"
"chr1","112556370","112556638","chr20","22459444","22459711","16","90096926"
"chr1","112610054","112610337","chr20","22411090","22411371","20","90198964"
"chr1","112660994","112661295","chr20","22359799","22360078","37","90301195"
"chr1","112665433","112665606","chr8","61759014","61759184","45","50906419"
"chr1","112678206","112678501","chr20","22359799","22360078","53","90318407"
"chr1","112685950","112686123","chr8","61759014","61759184","45","50926936"
"chr1","112876086","112876277","chr1","66334733","66334926","42","46541353"
"chr1","112896155","112896443","chr20","22177891","22178186","22","90718264"
"chr1","112914570","112914894","chr1","64856583","64856899","83","48057987"
"chr1","112922618","112922913","chr20","22152037","22152339","31","90770581"
"chr1","112935820","112935977","chr14","14735148","14735308","38","98200672"
"chr1","112944843","112945124","chr28","19905089","19905366","56","93039754"
"chr1","112948923","112949062","chr20","22125069","22125218","20","90823854"
"chr1","112970799","112970915","chr20","22102784","22102900","7","90868015"
"chr1","112995255","112995372","chr20","22078033","22078150","4","90917222"
"chr1","113012331","113012606","chr20","22061037","22061333","32","90951294"
"chr1","113023332","113023612","chr20","22047252","22047532","26","90976080"
"chr1","113149404","113149721","chr18","32854753","32855059","64","80294651"
"chr1","113155393","113155644","chr1","6547966","6548216","52","106607427"
"chr1","113159741","113160032","chr6","13703052","13703351","70","99456689"
"chr1","113206656","113206937","chr10","59606891","59607170","60","53599765"
"chr1","113215838","113215963","chr2","87742533","87742662","30","25473305"
"chr1","113254258","113254462","chr20","21815203","21815416","22","91439055"
"chr1","113330103","113330318","chr20","21740793","21741011","22","91589310"
"chr1","113493358","113493648","chr24","54921299","54921588","62","58572059"
"chr1","113654211","113654394","chr11","115104754","115104935","53","1450543"
"chr1","113819883","113820159","chr4","87553436","87553705","82","26266447"
"chr1","113830142","113830451","chr20","21221938","21222245","31","92608204"
"chr1","113832194","113832497","chr24","41202645","41202942","57","72629549"
"chr1","113836868","113837054","chr22","30511948","30512131","39","83324920"
"chr1","113839333","113839427","chr20","21212701","21212785","13","92626632"
"chr1","113860121","113860298","chr19","15719687","15719860","49","98140434"
"chr1","113861198","113861216","chr20","80050567","80050585","4","33810631"
"chr1","113866641","113866771","chr20","21183599","21183723","8","92683042"
"chr1","113888582","113888864","chr20","21160668","21160952","26","92727914"
"chr1","113892325","113892567","chr26","42249099","42249336","56","71643226"
"chr1","113899600","113899889","chr28","15635761","15636057","56","98263839"
"chr1","113906751","113907044","chr20","21137536","21137841","39","92769215"
"chr1","113926137","113926442","chr12","40601683","40601983","60","73324454"
"chr1","113928287","113928596","chr20","21115617","21115922","28","92812670"
"chr1","113941632","113941920","chr20","21102200","21102491","28","92839432"
"chr1","113948655","113948944","chrX","33272462","33272752","72","80676193"
"chr1","113958996","113959121","chr20","21084607","21084725","13","92874389"
"chr1","113976725","113976855","chr20","21065228","21065336","23","92911497"
"chr1","113999804","114000000","chr25","81372780","81372982","48","32627024"
"chr1","114002688","114002918","chr6","28610962","28611182","52","85391726"
"chr1","114004774","114004958","chr28","8725117","8725301","37","105279657"
"chr1","114013856","114014132","chr11","118859415","118859685","52","4845559"
"chr1","114017484","114017813","chr21","79857628","79857926","76","34159856"
"chr1","114017909","114018209","chr4","72236676","72236987","64","41781233"
"chr1","114018641","114018953","chr20","21024184","21024484","32","92994457"
"chr1","114019546","114019853","chr20","21023305","21023605","25","92996241"
"chr1","114020094","114020208","chr20","21022945","21023059","6","92997149"
"chr1","114023261","114023534","chr20","21019270","21019573","50","93003991"
"chr1","114035832","114036052","chr20","21006803","21007030","23","93029029"
"chr1","114066305","114066516","chr20","20976212","20976421","17","93090093"
"chr1","114071729","114072015","chr20","20972118","20972409","17","93099611"
"chr1","114086005","114086311","chr25","70650406","70650702","53","43435599"
"chr1","114094096","114094378","chr11","115870363","115870644","59","1776267"
"chr1","114110877","114111087","chr20","20930960","20931173","23","93179917"
"chr1","114123479","114123769","chr20","20918193","20918490","28","93205286"
"chr1","114157063","114157292","chr6","30810436","30810662","42","83346627"
"chr1","114160614","114160938","chr11","47180535","47180846","67","66980079"
"chr1","114162721","114163024","chr20","20883706","20883998","33","93279015"
"chr1","114215175","114215449","chr20","20836434","20836712","36","93378741"
"chr1","114241257","114241595","chr20","20816758","20817094","15","93424499"
"chr1","114298819","114299109","chr12","103939005","103939299","57","10359814"
"chr1","114349209","114349479","chr20","20703103","20703373","12","93646106"
"chr1","114371769","114372058","chr21","15020179","15020476","63","99351590"
"chr1","114398977","114399265","chr7","99974708","99974998","22","14424269"
"chr1","114401484","114401497","chr1","80669726","80669739","3","33731758"
"chr1","114401526","114401633","chr20","20657345","20657455","6","93744181"
"chr1","114424698","114424983","chr21","109197569","109197854","62","5227129"
"chr1","114462297","114462646","chr20","20587000","20587339","27","93875297"
"chr1","114490316","114490345","chr19","23301942","23301973","7","91188374"
"chr1","114490643","114490897","chr1","6547966","6548216","60","107942677"
"chr1","114537467","114537760","chr20","20523266","20523566","25","94014201"
"chr1","114540965","114541099","chr15","53974294","53974423","28","60566671"
"chr1","114541144","114541275","chr11","12478409","12478541","37","102062735"
"chr1","114576431","114576639","chr20","20489573","20489786","18","94086858"
"chr1","114661478","114661766","chr20","20416412","20416688","24","94245066"
"chr1","114703124","114703446","chr8","10501552","10501868","64","104201572"
"chr1","114710676","114710919","chr20","20369789","20370010","41","94340887"
"chr1","114781082","114781389","chr20","20306345","20306654","22","94474737"
"chr1","114788748","114789106","chr20","20298766","20299091","64","94489982"
"chr1","114791884","114792041","chr24","38300860","38301015","30","76491024"
"chr1","114808776","114809078","chr20","20284181","20284452","51","94524595"
"chr1","114817238","114817547","chr1","68129387","68129693","51","46687851"
"chr1","114886338","114886458","chr5","25559772","25559894","17","89326566"
"chr1","114899495","114899785","chr20","20206957","20207262","22","94692538"
"chr1","114913176","114913526","chr5","14989570","14989901","90","99923606"
"chr1","114922239","114922534","chr20","20183589","20183886","18","94738650"
"chr1","114937510","114937784","chr9","120280670","120280946","67","5343160"
"chr1","115024338","115024462","chr20","20093282","20093402","13","94931056"
"chr1","115038170","115038395","chr8","10940735","10940947","53","104097435"
"chr1","115080501","115080735","chr20","20043781","20044014","20","95036720"
"chr1","115165554","115165724","chr20","19964046","19964215","15","95201508"
"chr1","115172046","115172323","chr15","77561235","77561516","59","37610811"
"chr1","115173714","115174054","chr1","31523751","31524072","86","83649963"
"chr1","115179138","115179446","chr20","19951511","19951803","35","95227627"
"chr1","115194085","115194395","chr3","77353149","77353455","76","37840936"
"chr1","115203376","115203700","chr28","14670484","14670800","79","100532892"
"chr1","115204453","115204717","chr6","32425994","32426271","49","82778459"
"chr1","115213959","115214229","chr20","19925831","19926096","26","95288128"
"chr1","115221097","115221396","chr20","19919504","19919789","37","95301593"
"chr1","115224883","115225094","chr20","19915731","19915945","22","95309152"
"chr1","115225254","115225552","chr20","19915278","19915580","24","95309976"
"chr1","115247924","115248206","chr20","19892909","19893186","22","95355015"
"chr1","115260255","115260311","chr24","35580852","35580904","16","79679403"
"chr1","115276651","115276960","chr5","23419897","23420189","80","91856754"
"chr1","115286321","115286578","chr20","19856053","19856293","38","95430268"
"chr1","115289211","115289442","chr20","24477419","24477638","48","90811792"
"chr1","115289525","115289606","chr20","19853036","19853117","10","95436489"
"chr1","115290469","115290754","chr20","19851874","19852150","20","95438595"
"chr1","115307278","115307585","chr20","19833694","19834010","26","95473584"
"chr1","115309373","115309655","chr20","19831636","19831915","22","95477737"
"chr1","115314632","115314925","chr20","19826344","19826637","19","95488288"
"chr1","115317232","115317518","chr20","19823780","19824066","10","95493452"
"chr1","115339139","115339465","chr20","19793776","19794083","39","95545363"
"chr1","115351011","115351296","chr20","19781634","19781919","14","95569377"
"chr1","115361639","115361919","chr20","19768921","19769203","17","95592718"
"chr1","115370433","115370711","chr8","1933911","1934186","68","113436522"
"chr1","115378864","115379160","chr18","30039694","30039991","66","85339170"
"chr1","115388983","115389107","chr17","54206234","54206358","16","61182749"
"chr1","115390959","115391075","chr11","63474723","63474836","26","51916236"
"chr1","115391139","115391430","chr20","19736406","19736679","41","95654733"
"chr1","115412234","115412566","chr20","19715111","19715448","29","95697123"
"chr1","115416691","115416977","chr20","19710717","19711002","13","95705974"
"chr1","115422384","115422701","chr20","88100516","88100832","64","27321868"
"chr1","115437907","115438195","chr9","93044507","93044799","56","22393400"
"chr1","115464185","115464524","chr20","19656756","19657098","26","95807429"
"chr1","115466014","115466135","chr6","3174169","3174293","22","112291845"
"chr1","115479862","115480150","chr20","19641246","19641549","69","95838616"
"chr1","115525700","115525756","chr1","34557927","34557977","15","80967773"
"chr1","115532209","115532539","chr20","20910554","20910876","47","94621655"
"chr1","115552979","115553271","chr20","19573835","19574156","45","95979144"
"chr1","115604898","115605196","chr20","19522348","19522661","43","96082550"
"chr1","115682347","115682664","chr6","34634511","34634823","58","81047836"
"chr1","115787959","115788157","chr28","17790039","17790239","51","97997920"
"chr1","115868072","115868396","chr5","27594562","27594865","92","88273510"
"chr1","115878127","115878405","chr11","118848800","118849060","70","2970673"
"chr1","115902503","115902773","chr11","117715747","117716004","69","1813244"
"chr1","115922840","115922960","chr20","19233029","19233153","17","96689811"
"chr1","115924393","115924682","chr20","19231397","19231669","39","96692996"
"chr1","115929679","115929963","chr20","19226085","19226369","26","96703594"
"chr1","115933892","115934191","chr22","52461316","52461601","54","63472576"
"chr1","115941277","115941589","chr9","31734901","31735212","68","84206376"
"chr1","115943077","115943364","chr26","14952808","14953094","61","100990269"
"chr1","115948190","115948456","chr20","19209695","19209971","37","96738495"
"chr1","115961027","115961318","chr26","38466771","38467062","63","77494256"
"chr1","115965250","115965531","chr21","108627305","108627590","63","7337945"
"chr1","115965625","115965919","chr20","19190124","19190426","40","96775501"
"chr1","115967150","115967364","chr20","19188698","19188911","14","96778452"
"chr1","115974442","115974713","chr11","118848800","118849060","56","2874358"
"chr1","115979554","115979857","chr20","19177324","19177602","40","96802230"
"chr1","115979901","115980124","chr20","19177044","19177273","32","96802857"
"chr1","115980547","115980857","chr14","61592470","61592768","55","54388077"
"chr1","115984529","115984652","chr9","33084712","33084835","20","82899817"
"chr1","115993278","115993571","chr12","8919101","8919392","56","107074177"
"chr1","116005674","116005794","chr20","19150782","19150903","3","96854892"
"chr1","116006449","116006754","chr9","120631352","120631656","64","4624903"
"chr1","116012293","116012615","chr20","19142945","19143265","28","96869348"
"chr1","116043786","116044068","chr20","19111791","19112080","33","96931995"
"chr1","116070442","116070738","chr20","19086322","19086609","26","96984120"
"chr1","116072556","116072831","chr11","103621446","103621721","64","12451110"
"chr1","116075301","116075420","chr20","19081378","19081497","7","96993923"
"chr1","116081481","116081773","chr20","19075317","19075634","43","97006164"
"chr1","116084007","116084291","chr9","114359079","114359389","64","1724928"
"chr1","116093017","116093314","chr23","11866082","11866377","56","104226935"
"chr1","116093994","116094284","chr1","114755002","114755305","58","1338992"
"chr1","116111661","116111781","chr20","19047642","19047763","10","97064019"
"chr1","116112644","116112934","chr20","105592441","105592722","52","10520203"
"chr1","116114809","116115109","chrX","29263062","29263339","85","86851747"
"chr1","116118538","116118656","chr16","53678571","53678689","17","62439967"
"chr1","116118697","116118866","chr17","58752363","58752527","35","57366334"
"chr1","116144031","116144149","chr20","19017666","19017781","12","97126365"
"chr1","116144180","116144212","chr9","45324224","45324258","10","70819956"
"chr1","116144246","116144413","chr20","19017459","19017628","14","97126787"
"chr1","116145596","116145765","chr20","7063818","7063980","44","109081778"
"chr1","116149002","116149309","chr20","19012587","19012894","18","97136415"
"chr1","116155635","116155920","chr20","19006284","19006558","55","97149351"
"chr1","116164159","116164458","chr26","52255936","52256234","62","63908223"
"chr1","116184233","116184516","chr20","18977672","18977954","16","97206561"
"chr1","116194334","116194608","chr20","18968567","18968854","29","97225767"
"chr1","116207616","116207905","chr11","112487115","112487402","73","3720501"
"chr1","116213480","116213715","chrX","48309463","48309689","61","67904017"
"chr1","116248128","116248410","chrX","125427003","125427273","66","9178875"
"chr1","116286998","116287286","chrX_KE148108v1_random","1020209","1020503","56","115266789"
"chr1","116294178","116294397","chr20","18872993","18873212","15","97421185"
"chr1","116299479","116299786","chr20","18869726","18870025","32","97429753"
"chr1","116300591","116300875","chr28","18959947","18960233","67","97340644"
"chr1","116305314","116305602","chr20","18864176","18864488","41","97441138"
"chr1","116349419","116349781","chr20","18821608","18821956","41","97527811"
"chr1","116360706","116361032","chr2","22450092","22450412","77","93910614"
"chr1","116364626","116364741","chr22","45283096","45283212","17","71081530"
"chr1","116375549","116375802","chr20","18797054","18797339","48","97578495"
"chr1","116474146","116474263","chr20","18718953","18719070","10","97755193"
"chr1","116476402","116476677","chr20","18716501","18716799","47","97759901"
"chr1","116481375","116481679","chrX","49375885","49376187","72","67105490"
"chr1","116687558","116687821","chr20","18522284","18522552","30","98165274"
"chr1","116745456","116745654","chr13","67639198","67639399","50","49106258"
"chr1","116851553","116851869","chr20","18369707","18370008","49","98481846"
"chr1","116922424","116922714","chr6","15341429","15341717","55","101580995"
"chr1","116990682","116990979","chr20","18233871","18234175","29","98756811"
"chr1","117030815","117031011","chr20","18197640","18197837","31","98833175"
"chr1","117031430","117031532","chr21","18713359","18713457","20","98318071"
"chr1","117053804","117054094","chr20","18172575","18172863","29","98881229"
"chr1","117073002","117073284","chr20","18153922","18154206","27","98919080"
"chr1","117087905","117088195","chrX_KE148108v1_random","1020209","1020503","50","116067696"
"chr1","117143666","117143966","chr13","82755125","82755414","63","34388541"
"chr1","117204708","117204995","chr11","8139723","8140016","62","109064985"
"chr1","117225342","117225512","chr20","17982932","17983097","13","99242410"
"chr1","117246262","117246521","chr20","17963928","17964193","27","99282334"
"chr1","117355689","117355967","chr20","17853047","17853354","55","99502642"
"chr1","117451914","117452042","chrUn_AQIB01157893v1","886","1010","14","117451028"
"chr1","117453519","117453798","chr20","17758606","17758898","30","99694913"
"chr1","117463992","117464263","chrX","7630430","7630699","56","109833562"
"chr1","117476627","117476932","chr8","97635106","97635417","62","19841521"
"chr1","117544082","117544372","chr20","17669444","17669739","21","99874638"
"chr1","117589381","117589645","chr20","17631113","17631381","17","99958268"
"chr1","117600780","117601076","chr13","62303319","62303616","55","55297461"
"chr1","117643601","117643887","chr20","17580116","17580411","32","100063485"
"chr1","117674574","117674871","chr11","9448951","9449229","75","108225623"
"chr1","117701140","117701395","chr18","22474747","22475004","62","95226393"
"chr1","117768455","117768745","chrX","44564317","44564608","51","73204138"
"chr1","117769745","117769993","chr20","17456163","17456412","30","100313582"
"chr1","117797630","117797757","chr2","77804104","77804228","26","39993526"
"chr1","117818446","117818731","chr24","29220453","29220742","73","88597993"
"chr1","117819225","117819335","chr20","17409055","17409162","6","100410170"
"chr1","117825066","117825370","chr20","17403333","17403638","22","100421733"
"chr1","117847836","117848134","chr21","70833011","70833310","62","47014825"
"chr1","117853933","117854117","chr17","69733367","69733556","50","48120566"
"chr1","117857957","117858172","chr20","17371006","17371222","17","100486951"
"chr1","117962431","117962748","chr20","17266786","17267096","26","100695645"
"chr1","118034211","118034415","chr4","90553117","90553315","45","27481094"
"chr1","118042998","118043236","chr1","6547966","6548216","59","111495032"
"chr1","118046837","118047120","chr22","51293260","51293540","53","66753577"
"chr1","118130204","118130335","chr5","22185103","22185234","34","95945101"
"chr1","118130752","118130853","chr4","63831870","63831972","17","54298882"
"chr1","118168949","118169265","chr9","61988050","61988343","75","56180899"
"chr1","118184480","118184652","chr20","105025293","105025465","39","13159187"
"chr1","118187282","118187596","chr20","17044533","17044852","24","101142749"
"chr1","118194312","118194618","chr11","114855636","114855938","60","3338676"
"chr1","118245408","118245538","chr23","56722668","56722799","17","61522740"
"chr1","118269487","118269767","chr20","16962072","16962357","29","101307415"
"chr1","118274224","118274540","chr11","41867408","41867726","62","76406816"
"chr1","118289587","118289878","chr20","16941952","16942232","46","101347635"
"chr1","118308926","118309226","chr11","111828558","111828860","59","6480368"
"chr1","118313532","118313663","chr6","44226130","44226260","31","74087402"
"chr1","118313971","118314134","chr26","48698825","48698988","34","69615146"
"chr1","118374251","118374471","chr20","24477419","24477638","46","93896832"
"chr1","118391435","118391632","chr25","57623703","57623900","42","60767732"
"chr1","118435269","118435536","chr20","16807507","16807773","18","101627762"
"chr1","118451718","118452030","chr5","43761345","43761656","58","74690373"
"chr1","118481411","118481712","chr20","16757556","16757858","46","101723855"
"chr1","118482933","118483209","chr20","16756073","16756327","40","101726860"
"chr1","118536633","118536924","chr12","13149213","13149510","60","105387420"
"chr1","118576837","118577164","chr5","58100990","58101325","71","60475847"
"chr1","118602336","118602628","chr5","36085977","36086277","47","82516359"
"chr1","118609443","118609749","chr20","16637090","16637401","15","101972353"
"chr1","118621902","118622200","chr6","28194245","28194544","49","90427657"
"chr1","118660831","118661126","chr20","16584386","16584670","29","102076445"
"chr1","118665932","118666221","chr20","16579300","16579588","20","102086632"
"chr1","118689584","118689717","chr20","16555424","16555556","7","102134160"
"chr1","118698833","118699098","chr23","80609955","80610223","76","38088878"
"chr1","118699457","118699757","chr20","16545011","16545312","30","102154446"
"chr1","118707623","118707739","chr1","10195053","10195171","22","108512570"
"chr1","118712250","118712400","chr20","16531871","16532018","16","102180379"
"chr1","118712686","118712838","chr20","16531432","16531594","24","102181254"
"chr1","118716951","118717228","chr1","34974011","34974292","63","83742940"
"chr1","118733462","118733521","chr14","18534306","18534368","15","100199156"
"chr1","118733817","118734097","chr10","109283169","109283440","85","9450648"
"chr1","118809797","118809922","chr20","16446475","16446600","9","102363322"
"chr1","118865983","118866292","chrX","11331031","11331332","61","107534952"
"chr1","118874267","118874413","chr1","44499313","44499459","25","74374954"
"chr1","118874725","118874838","chr20","16389458","16389573","8","102485267"
"chr1","118881679","118881984","chr9","56098595","56098902","65","62783084"
"chr1","118911602","118911852","chr20","16355643","16355901","34","102555959"
"chr1","118924302","118924498","chr20","92890111","92890312","46","26034191"
"chr1","119077784","119078066","chr20","16185404","16185676","28","102892380"
"chr1","119131762","119131895","chr5","56137348","56137479","30","62994414"
"chr1","119132194","119132368","chr1","64080714","64080887","32","55051480"
"chr1","119150011","119150306","chr14","2648702","2648991","58","116501309"
"chr1","119233178","119233483","chr6","36986089","36986383","61","82247089"
"chr1","119279016","119279232","chr2","16953710","16953927","55","102325306"
"chr1","119304786","119305087","chr11","106013509","106013812","61","13291277"
"chr1","119397539","119397846","chr17","35306470","35306782","51","84091069"
"chr1","119397922","119398049","chr20","15876774","15876893","15","103521148"
"chr1","119421906","119422199","chr7","122607868","122608161","60","3185962"
"chr1","119428938","119429240","chr5","36085977","36086277","57","83342961"
"chr1","119465646","119465931","chr20","15791779","15792080","41","103673867"
"chr1","119481412","119481493","chr20","15777403","15777485","5","103704009"
"chr1","119550364","119550663","chr20","15706045","15706346","16","103844319"
"chr1","119553855","119554138","chr20","15702638","15702901","44","103851217"
"chr1","119560764","119561044","chrX","11202650","11202932","54","108358114"
"chr1","119571005","119571302","chr28","10055556","10055859","51","109515449"
"chr1","119582875","119583167","chr20","15672530","15672825","27","103910345"
"chr1","119604336","119604462","chr20","15652919","15653037","13","103951417"
"chr1","119625358","119625652","chr20","15631469","15631761","17","103993889"
"chr1","119730865","119731042","chr22","28339193","28339374","39","91391672"
"chr1","119739729","119739969","chr20","15515921","15516156","53","104223808"
"chr1","119744680","119744857","chr22","28339193","28339374","39","91405487"
"chr1","119778504","119778805","chr20","15478866","15479173","25","104299638"
"chr1","120174853","120175136","chr20","15139787","15140063","41","105035066"
"chr1","120228032","120228314","chr20","15089997","15090283","23","105138035"
"chr1","120247715","120248028","chr8","28450458","28450774","73","91797257"
"chr1","120311318","120311548","chr20","15027216","15027418","36","105284102"
"chr1","120357331","120357627","chr20","14975506","14975796","24","105381825"
"chr1","120622645","120622823","chr6","7959554","7959745","41","112663091"
"chr1","120629207","120629522","chr2","36314709","36315009","67","84314498"
"chr1","120697394","120697668","chr20","14603079","14603369","42","106094315"
"chr1","120705082","120705381","chr11","108668035","108668324","57","12037047"
"chr1","120722286","120722575","chr20","14580290","14580581","24","106141996"
"chr1","120806861","120807178","chr28","14917123","14917442","64","105889738"
"chr1","120815862","120815970","chr20","14483625","14483737","11","106332237"
"chr1","120852227","120852467","chr18","63378340","63378586","54","57473887"
"chr1","120884115","120884429","chr6","43203830","43204138","71","77680285"
"chr1","121178654","121178937","chr4","48140457","48140741","75","73038197"
"chr1","121202614","121202910","chr20","14128248","14128557","28","107074366"
"chr1","121216470","121216782","chr2","13285753","13286068","70","107930717"
"chr1","121223189","121223479","chr20","14099607","14099891","30","107123582"
"chr1","121392197","121392501","chr20","13334410","13334718","22","108057787"
"chr1","121393501","121393718","chr26","21030439","21030657","54","100363062"
"chr1","121512179","121512472","chr20","13822834","13823140","51","107689345"
"chr1","121557174","121557489","chr20","13777685","13778008","25","107779489"
"chr1","121599130","121599436","chr12","40601683","40601983","55","80997447"
"chr1","121630583","121630876","chr25","49970331","49970622","56","71660252"
"chr1","121702735","121703046","chr25","23072783","23073095","35","98629952"
"chr1","121703807","121704133","chr25","23073875","23074200","24","98629932"
"chr1","121755473","121755690","chr25","23138251","23138473","19","98617222"
"chr1","121811505","121811781","chr5","15071172","15071451","56","106740333"
"chr1","121844886","121845152","chr20_KE148049v1_random","350914","351194","27","121493972"
"chr1","121865378","121865647","chr16","21252327","21252594","37","100613051"
"chr1","121894368","121894683","chr4","46823599","46823887","54","75070769"
"chr1","121988048","121988341","chr11","29069580","29069865","72","92918468"
"chr1","122014978","122015261","chr1","34974011","34974292","67","87040967"
"chr1","122033672","122033951","chr4","46677883","46678158","28","75355789"
"chr1","124302868","124302989","chr20_KE148050v1_random","6539","6655","9","124296329"
"chr1","124303020","124303337","chr20_KE148050v1_random","6185","6503","17","124296835"
"chr1","124313801","124313913","chr20","115680419","115680532","13","8633382"
"chr1","124322202","124322494","chr20_KE148049v1_random","87349","87669","45","124234853"
"chr1","124422875","124423085","chr4","46920336","46920554","24","77502539"
"chr1","124506384","124506704","chr25","23073875","23074200","27","101432509"
"chr1","124536012","124536310","chr25","23048028","23048335","28","101487984"
"chr1","124540128","124540426","chr25","23045784","23046077","28","101494344"
"chr1","124593519","124593794","chr25","23015389","23015665","18","101578130"
"chr1","124594973","124595289","chr18","32854753","32855059","65","91740220"
"chr1","124601827","124602104","chr13","24245996","24246262","75","100355831"
"chr1","124619824","124620107","chr11","119365384","119365664","51","5254440"
"chr1","124996915","124997201","chr7","114848441","114848726","59","10148474"
"chr1","125003807","125003924","chr20","13504567","13504681","13","111499240"
"chr1","125004225","125004404","chr20","13504991","13505174","14","111499234"
"chr1","125015083","125015205","chr11","111477894","111478014","25","13537189"
"chr1","125015474","125015665","chr20","13517104","13517286","28","111498370"
"chr1","125031027","125031296","chr20","13533387","13533663","20","111497640"
"chr1","125065087","125065380","chr20","13560565","13560858","21","111504522"
"chr1","125081941","125082256","chr20","13577311","13577626","14","111504630"
"chr1","125155376","125155679","chr20","13649923","13650228","20","111505453"
"chr1","125277549","125277854","chr20","13777685","13778008","34","111499864"
"chr1","125278211","125278509","chr20","13777685","13778008","41","111500526"
"chr1","125448337","125448452","chr14","59480678","59480794","20","65967659"
"chr1","125461529","125461832","chr12","40601683","40601983","45","84859846"
"chr1","125464479","125464693","chr17","41644625","41644833","53","83819854"
"chr1","125471575","125471632","chr14","51519471","51519530","18","73952104"
"chr1","125491488","125491587","chr1","284019","284120","20","125207469"
"chr1","125492787","125493080","chr20","12772540","12772848","29","112720247"
"chr1","125519153","125519452","chr20","12794622","12794905","34","112724531"
"chr1","125520014","125520307","chr20","12795469","12795756","36","112724545"
"chr1","125528862","125529159","chr20","12804227","12804517","26","112724635"
"chr1","125542649","125542950","chr24","55401975","55402268","61","70140674"
"chr1","125547592","125547811","chr5","11085343","11085561","47","114462249"
"chr1","125567369","125567657","chr9","17702872","17703159","52","107864497"
"chr1","125570783","125571085","chr20","12839995","12840293","22","112730788"
"chr1","125572037","125572276","chr20","12840956","12841214","40","112731081"
"chr1","125587031","125587154","chr20","12856171","12856295","3","112730860"
"chr1","125589899","125590212","chr20","12858738","12859055","30","112731161"
"chr1","125594084","125594410","chr6","16107114","16107436","64","109486970"
"chr1","125624389","125624672","chr20","12891397","12891693","31","112732992"
"chr1","125634279","125634499","chr20","12901181","12901402","27","112733098"
"chr1","125642192","125642493","chr20","12908571","12908872","17","112733621"
"chr1","125649021","125649198","chr8","111180838","111181016","31","14468183"
"chr1","125655523","125655645","chr20","12921215","12921340","8","112734308"
"chr1","125661120","125661408","chr19","18296469","18296754","59","107364651"
"chr1","125661553","125661746","chr3","4911001","4911198","42","120750552"
"chr1","125664243","125664525","chr16","23729238","23729521","53","101935005"
"chr1","125678106","125678369","chr20","12945293","12945557","17","112732813"
"chr1","125703013","125703302","chr9","31048339","31048635","70","94654674"
"chr1","125703513","125703723","chr20","12970067","12970277","10","112733446"
"chr1","125709665","125709916","chr6","9150758","9151006","57","116558907"
"chr1","125713764","125713954","chr4","43663728","43663911","54","82050036"
"chr1","125745428","125745679","chr6","9150758","9151006","56","116594670"
"chr1","125756267","125756553","chr20","13018483","13018767","17","112737784"
"chr1","125767672","125767894","chr16","66512935","66513129","55","59254737"
"chr1","125768197","125768336","chr20","13030230","13030369","13","112737967"
"chr1","125780525","125780815","chr20","13042736","13043020","28","112737789"
"chr1","125800823","125801086","chr5","34166903","34167166","57","91633920"
"chr1","125826897","125827182","chr20","13085139","13085431","23","112741758"
"chr1","125953118","125953239","chr1","31272280","31272397","21","94680838"
"chr1","125986618","125986734","chr20","12672189","12672305","22","113314429"
"chr1","126116301","126116598","chr20","45972401","45972701","26","80143900"
"chr1","126138543","126138853","chr20","46016174","46016485","38","80122369"
"chr1","126161699","126162006","chr3","27891004","27891304","62","98270695"
"chr1","126308883","126309154","chr13","433360","433631","54","125875523"
"chr1","126357243","126357526","chr20","25117109","25117392","61","101240134"
"chr1","126392071","126392273","chr20_KE148050v1_random","398656","398858","18","125993415"
"chr1","126514064","126514360","chr20_KE148050v1_random","506460","506749","18","126007604"
"chr1","126516660","126516954","chr20_KE148050v1_random","509045","509344","19","126007615"
"chr1","126563674","126563930","chr5","13798386","13798633","60","112765288"
"chr1","126594101","126594255","chr25","2344240","2344397","31","124249861"
"chr1","126595138","126595445","chr20_KE148050v1_random","554727","555025","56","126040411"
"chr1","126603545","126603850","chr5","13456673","13456962","59","113146872"
"chr1","126654389","126654696","chr17","67462275","67462586","64","59192114"
"chr1","126775319","126775448","chr8","68545076","68545209","19","58230243"
"chr1","126788090","126788121","chr8","27538080","27538113","4","99250010"
"chr1","126837934","126838047","chr25","11516014","11516130","20","115321920"
"chr1","126955321","126955528","chr16","32323159","32323368","42","94632162"
"chr1","127170357","127170645","chr20_KE148050v1_random","1141157","1141448","33","126029200"
"chr1","127189598","127189876","chr21","99917780","99918060","60","27271818"
"chr1","127229578","127229863","chr20","13085139","13085431","23","114144439"
"chr1","127264335","127264442","chr20","13222919","13223031","22","114041416"
"chr1","127269058","127269179","chr1","31272280","31272397","21","95996778"
"chr1","127300377","127300689","chr20","108777172","108777473","62","18523205"
"chr1","127300830","127301111","chr1","21088300","21088589","60","106212530"
"chr1","127305955","127306045","chr10","117598806","117598893","23","9707149"
"chr1","127352797","127352911","chr1","122581085","122581199","30","4771712"
"chr1","127357864","127358174","chr20","46016174","46016485","39","81341690"
"chr1","127364881","127365218","chr23","34779641","34779966","64","92585240"
"chr1","127381969","127382276","chr3","27891004","27891304","63","99490965"
"chr1","127397534","127397813","chr6","49410511","49410796","60","77987023"
"chr1","127400178","127400298","chrX","7738596","7738715","24","119661582"
"chr1","127405867","127406104","chr28","7536947","7537179","52","119868920"
"chr1","127455131","127455247","chr20_KE148050v1_random","1187009","1187120","12","126268122"
"chr1","127506012","127506097","chr16","18771517","18771600","26","108734495"
"chr1","127548101","127548371","chr6","30581291","30581567","58","96966810"
"chr1","127551221","127551473","chr6","3578596","3578840","60","123972625"
"chr1","127557611","127557858","chr24","77755719","77755966","64","49801892"
"chr1","127562988","127563109","chr20_KE148050v1_random","6539","6655","12","127556449"
"chr1","127563139","127563456","chr20_KE148050v1_random","6185","6503","20","127556954"
"chr1","127578945","127579247","chr20_KE148049v1_random","87349","87669","36","127491596"
"chr1","127639142","127639378","chr24","83044101","83044343","55","44595041"
"chr1","127641618","127641669","chr26","31387851","31387903","10","96253767"
"chr1","127697123","127697290","chr16","56953776","56953953","49","70743347"
"chr1","127705913","127706082","chr12","113471","113660","52","127592442"
"chr1","127873052","127873228","chr7","61841152","61841332","46","66031900"
"chr1","127877165","127877341","chr28","14512993","14513172","44","113364172"
"chr1","127957982","127958146","chrX","10629773","10629945","39","117328209"
"chr1","128058107","128058396","chr21","120402196","120402480","40","7655911"
"chr1","128089372","128089661","chr5","20213302","20213593","55","107876070"
"chr1","128108071","128108242","chr6","15370523","15370692","29","112737548"
"chr1","128108279","128108398","chr24","12069664","12069781","19","116038615"
"chr1","128137924","128138095","chr6","15370523","15370692","30","112767401"
"chr1","128138132","128138251","chr24","12069664","12069781","19","116068468"
"chr1","128307466","128307576","chr20_KE148050v1_random","1187009","1187120","9","127120457"
"chr1","128346454","128346574","chr20_KE148050v1_random","6539","6655","11","128339915"
"chr1","128353243","128353359","chr20","12672189","12672305","15","115681054"
"chr1","128361816","128362118","chr20_KE148049v1_random","87349","87669","36","128274467"
"chr1","128515373","128515560","chr6","38934640","38934825","37","89580733"
"chr1","128541751","128542014","chr20_KE148049v1_random","350914","351194","38","128190837"
"chr1","128603236","128603466","chr9","58953294","58953525","45","69649942"
"chr1","128604661","128604960","chr25","23169972","23170279","30","105434689"
"chr1","128648233","128648522","chr20","128906554","128906840","61","258321"
"chr1","128754121","128754404","chr20","105379247","105379534","58","23374874"
"chr1","128776432","128776647","chr5","24978868","24979087","50","103797564"
"chr1","128778747","128779013","chr20_KE148049v1_random","350914","351194","27","128427833"
"chr1","128817091","128817366","chr9","58060010","58060289","58","70757081"
"chr1","128817903","128818217","chrUn_AQIB01158164v1","11341","11657","33","128806562"
"chr1","128834284","128834598","chrUn_AQIB01158164v1","11341","11657","33","128822943"
"chr1","128835135","128835410","chr9","58060010","58060289","58","70775125"
"chr1","128855067","128855266","chr11","26801143","26801350","46","102053924"
"chr1","128939783","128939977","chr3","54556985","54557176","38","74382798"
"chr1","128940287","128940408","chr1","120798422","120798537","23","8141865"
"chr1","128966523","128966816","chr20_KE148049v1_random","485438","485731","21","128481085"
"chr1","129000986","129001228","chr18","22474747","22475004","59","106526239"
"chr1","129013410","129013719","chr22","27650517","27650822","66","101362893"
"chr1","129029480","129029738","chr20_KE148049v1_random","550603","550856","20","128478877"
"chr1","129042144","129042393","chr20_KE148049v1_random","563366","563616","61","128478778"
"chr1","129045570","129045873","chr2","13287757","13288072","65","115757813"
"chr1","129108534","129108798","chr20_KE148049v1_random","632947","633227","31","128475587"
"chr1","129112375","129112632","chr20_KE148049v1_random","632947","633227","42","128479428"
"chr1","129120361","129120657","chr14","59126156","59126437","71","69994205"
"chr1","129122617","129122926","chr1","63154801","63155098","68","65967816"
"chr1","129124311","129124623","chr25","44770913","44771213","66","84353398"
"chr1","129132523","129132819","chr14","59126156","59126437","71","70006367"
"chr1","129146150","129146448","chr20_KE148049v1_random","659007","659305","31","128487143"
"chr1","129160266","129160400","chr20","101029980","101030129","37","28130286"
"chr1","129160703","129160856","chrX","44613838","44613990","33","84546865"
"chr1","129229734","129229887","chr3","23453206","23453350","29","105776528"
"chr1","129240497","129240737","chr20_KE148049v1_random","759525","759748","26","128480972"
"chr1","129272814","129273178","chr20_KE148049v1_random","787938","788309","42","128484876"
"chr1","129288834","129288953","chr20_KE148049v1_random","804251","804372","6","128484583"
"chr1","129330293","129330636","chr23","34665957","34666293","94","94664336"
"chr1","129342729","129343021","chr20_KE148049v1_random","855818","856098","40","128486911"
"chr1","129355055","129355182","chr6","27814380","27814505","22","101540675"
"chr1","129355217","129355367","chr28","20029472","20029622","34","109325745"
"chr1","129373804","129374091","chr25","46341450","46341738","60","83032354"
"chr1","129375663","129375966","chr20_KE148049v1_random","886864","887166","25","128488799"
"chr1","129385234","129385515","chr20_KE148049v1_random","896538","896836","28","128488696"
"chr1","129416547","129416837","chr8","8338249","8338530","62","121078298"
"chr1","129439777","129440040","chr28","13886384","13886652","63","115553393"
"chr1","129449213","129449344","chr8","68545076","68545209","22","60904137"
"chr1","129459652","129459700","chr2","34735519","34735574","17","94724133"
"chr1","129459979","129460144","chr4","82397816","82397978","34","47062163"
"chr1","129462012","129462130","chr14","83222266","83222383","14","46239746"
"chr1","129474505","129474798","chr11","90757791","90758089","59","38716714"
"chr1","129476296","129476574","chr26","17952490","17952775","60","111523806"
"chr1","129492416","129492557","chr16","62424756","62424880","32","67067660"
"chr1","129492876","129493077","chr20_KE148049v1_random","1002345","1002550","11","128490531"
"chr1","129515804","129516070","chr20","121391087","121391343","65","8124717"
"chr1","129516682","129517017","chr23","34752199","34752502","100","94764483"
"chr1","129554253","129554541","chr20_KE148049v1_random","1053889","1054185","23","128500364"
"chr1","129573891","129574102","chr20_KE148049v1_random","1073232","1073438","17","128500659"
"chr1","129584229","129584504","chr5","52970816","52971093","58","76613413"
"chr1","129585948","129586219","chr20_KE148049v1_random","1090758","1091034","26","128495190"
"chr1","129587594","129587864","chr12","87334913","87335173","68","42252681"
"chr1","129601329","129601611","chr13","63030359","63030646","32","66570970"
"chr1","129602795","129603088","chr8","20518208","20518513","60","109084587"
"chr1","129606495","129606668","chrX_KE148108v1_random","1973273","1973446","33","127633222"
"chr1","129607282","129607415","chr2","59694984","59695117","24","69912298"
"chr1","129615064","129615352","chr20_KE148049v1_random","1119593","1119880","24","128495471"
"chr1","129616483","129616777","chr6","12731511","12731794","71","116884972"
"chr1","129622554","129622675","chr29","21585109","21585228","21","108037445"
"chr1","129643342","129643458","chr18","30186654","30186770","15","99456688"
"chr1","129646866","129646990","chr20_KE148049v1_random","1152839","1152963","8","128494027"
"chr1","129647493","129647671","chr20_KE148049v1_random","1153469","1153655","18","128494024"
"chr1","129667961","129668256","chr20_KE148049v1_random","1174428","1174733","23","128493533"
"chr1","129678703","129679022","chrX","16728551","16728852","72","112950152"
"chr1","129679023","129679289","chr20_KE148049v1_random","1185269","1185531","21","128493754"
"chr1","129681718","129682022","chr20_KE148049v1_random","1187889","1188189","25","128493829"
"chr1","129683605","129683880","chr20_KE148049v1_random","1191625","1191930","58","128491980"
"chr1","129690393","129690691","chr20_KE148049v1_random","1195964","1196264","25","128494429"
"chr1","129694176","129694463","chr20_KE148049v1_random","1198135","1198423","18","128496041"
"chr1","129708656","129708948","chr20_KE148049v1_random","1212898","1213201","25","128495758"
"chr1","129719798","129719915","chr20_KE148049v1_random","1222914","1223031","2","128496884"
"chr1","129720457","129720522","chr22","59356818","59356891","19","70363639"
"chr1","129729468","129729755","chr20_KE148049v1_random","1233076","1233366","21","128496392"
"chr1","129742121","129742337","chr20_KE148049v1_random","1244048","1244266","16","128498073"
"chr1","129750978","129751265","chr20_KE148049v1_random","1250659","1250946","22","128500319"
"chr1","129764193","129764350","chr5","4270133","4270275","46","125494060"
"chr1","129764392","129764509","chr9","116194832","116194954","25","13569560"
"chr1","129764511","129764820","chr11","96472172","96472477","62","33292339"
"chr1","129771631","129771924","chr20_KE148049v1_random","1273327","1273618","23","128498304"
"chr1","129790175","129790447","chr25","18114740","18115019","63","111675435"
"chr1","129793789","129794087","chr20_KE148049v1_random","1300710","1301007","9","128493079"
"chr1","129801098","129801391","chr12","40601683","40601983","58","89199415"
"chr1","129807104","129807402","chr20_KE148049v1_random","1300710","1301007","9","128506394"
"chr1","129813968","129814281","chr20_KE148049v1_random","1307267","1307566","40","128506701"
"chr1","129824399","129824530","chr20_KE148049v1_random","1317616","1317730","21","128506783"
"chr1","129862452","129862644","chr11","84878046","84878233","45","44984406"
"chr1","129867147","129867339","chr20_KE148049v1_random","1358543","1358736","15","128508604"
"chr1","129871692","129872000","chr20_KE148049v1_random","1362819","1363126","38","128508873"
"chr1","129874285","129874380","chr14","46301151","46301249","26","83573134"
"chr1","129876143","129876430","chr20_KE148049v1_random","1376697","1376997","34","128499446"
"chr1","129889522","129889604","chr9","29721033","29721109","19","100168489"
"chr1","129895514","129895812","chr20_KE148049v1_random","1396311","1396606","16","128499203"
"chr1","129901225","129901502","chr11","119365384","119365664","62","10535841"
"chr1","129931375","129931657","chr20_KE148049v1_random","1429158","1429444","22","128502217"
"chr1","129936248","129936548","chr2","58980970","58981271","51","70955278"
"chr1","129938193","129938472","chr16","57847381","57847661","54","72090812"
"chr1","129946804","129946929","chr9","34351800","34351923","20","95595004"
"chr1","129952849","129953029","chr20_KE148049v1_random","1455629","1455814","25","128497220"
"chr1","129960892","129960982","chr20_KE148049v1_random","1454616","1454708","7","128506276"
"chr1","129961896","129962090","chr20_KE148049v1_random","1455629","1455814","19","128506267"
"chr1","129997072","129997373","chr18","32854753","32855059","56","97142319"
"chr1","130007933","130008225","chr20_KE148049v1_random","1502204","1502497","12","128505729"
"chr1","130017226","130017517","chr25","18114740","18115019","67","111902486"
"chr1","130027301","130027610","chr20_KE148049v1_random","1521520","1521822","25","128505781"
"chr1","130029076","130029248","chr25","26784003","26784181","59","103245073"
"chr1","130035716","130036036","chr24","31728884","31729191","77","98306832"
"chr1","130048013","130048302","chr20_KE148049v1_random","1543604","1543892","18","128504409"
"chr1","130049902","130050221","chr9","112297756","112298061","73","17752146"
"chr1","130057398","130057666","chr21","86073400","86073667","64","43983998"
"chr1","130080135","130080346","chr9","41923493","41923702","50","88156642"
"chr1","130096915","130097219","chr5","17514062","17514363","73","112582853"
"chr1","130097564","130097682","chr20","12601806","12601924","4","117495758"
"chr1","130103384","130103675","chr20","12591201","12591483","24","117512183"
"chr1","130110685","130110941","chr7","58479107","58479375","57","71631578"
"chr1","130113661","130113970","chr7","46554830","46555124","72","83558831"
"chr1","130114431","130114601","chr20","12578745","12578924","21","117535686"
"chr1","130114907","130114955","chr20","12578376","12578424","5","117536531"
"chr1","130115265","130115505","chr6","16634482","16634719","54","113480783"
"chr1","130123805","130124098","chr22","18532485","18532779","62","111591320"
"chr1","130157850","130158006","chr8","128284430","128284582","39","1873420"
"chr1","130209799","130210088","chr20","12479435","12479718","26","117730364"
"chr1","130224707","130224971","chr20","12464608","12464874","19","117760099"
"chr1","130228870","130229022","chr5","39454371","39454526","31","90774499"
"chr1","130229489","130229624","chr22","53046007","53046143","19","77183482"
"chr1","130229924","130230021","chr17","47346309","47346405","25","82883615"
"chr1","130233229","130233326","chr17","47346309","47346405","25","82886920"
"chr1","130233624","130233759","chr22","53046007","53046143","18","77187617"
"chr1","130253478","130253600","chr20","12436231","12436354","6","117817247"
"chr1","130261707","130262009","chr16","46883446","46883746","52","83378261"
"chr1","130270952","130271269","chr5","21242950","21243253","71","109028002"
"chr1","130278990","130279230","chr20","12408448","12408687","14","117870542"
"chr1","130297384","130297555","chr11","185220","185399","36","130112164"
"chr1","130313045","130313338","chr20","12374375","12374667","18","117938670"
"chr1","130317599","130317908","chr5","43761345","43761656","63","86556254"
"chr1","130323203","130323271","chr8","137283676","137283748","13","6960473"
"chr1","130328773","130328897","chr20","12357869","12358002","17","117970904"
"chr1","130349691","130349809","chr22","22496653","22496769","16","107853038"
"chr1","130349870","130350047","chr15","33684015","33684184","33","96665855"
"chr1","130393233","130393478","chr20","95436903","95437156","69","34956330"
"chr1","130395348","130395637","chr3","78421228","78421511","74","51974120"
"chr1","130410541","130410858","chr20","12300531","12300819","45","118110010"
"chr1","130420174","130420333","chr7","134407285","134407443","35","3987111"
"chr1","130430915","130431238","chr20","12280347","12280656","40","118150568"
"chr1","130434260","130434561","chr20","12276793","12277084","43","118157467"
"chr1","130437770","130437981","chr20","12273737","12273948","14","118164033"
"chr1","130472329","130472408","chr29","8985236","8985319","21","121487093"
"chr1","130481144","130481264","chr8","89578710","89578831","26","40902434"
"chr1","130481545","130481710","chr4","68027124","68027291","45","62454421"
"chr1","130488339","130488647","chr20","12226282","12226590","20","118262057"
"chr1","130492648","130492952","chr24","68411659","68411966","59","62080989"
"chr1","130508234","130508532","chr12","103939005","103939299","53","26569229"
"chr1","130511644","130511949","chr20","112495489","112495789","60","18016155"
"chr1","130563571","130563869","chr20","12150152","12150449","27","118413419"
"chr1","130569331","130569619","chr9","122684276","122684559","55","7885055"
"chr1","130576015","130576271","chr6","3076932","3077191","64","127499083"
"chr1","130602165","130602471","chr20","12113324","12113628","17","118488841"
"chr1","130616986","130617281","chr10","76220349","76220648","51","54396637"
"chr1","130621764","130622059","chr16","63667976","63668270","52","66953788"
"chr1","130623877","130624157","chr20","12091346","12091625","14","118532531"
"chr1","130636016","130636281","chr21","74479947","74480229","69","56156069"
"chr1","130640956","130641096","chr20","12072045","12072185","9","118568911"
"chr1","130641747","130641884","chr20","12071269","12071407","9","118570478"
"chr1","130666569","130666850","chr20","12047490","12047759","29","118619079"
"chr1","130666978","130667134","chr20","12047198","12047353","9","118619780"
"chr1","130667487","130667625","chr20","12046756","12046893","8","118620731"
"chr1","130682610","130682892","chr12","97310370","97310653","58","33372240"
"chr1","130692331","130692617","chr20","12021949","12022236","45","118670382"
"chr1","130695386","130695681","chr20","12018718","12019016","17","118676668"
"chr1","130697142","130697256","chr20","12017186","12017299","11","118679956"
"chr1","130762207","130762474","chr6","5579741","5580022","65","125182466"
"chr1","130792445","130792778","chr15","5053788","5054107","86","125738657"
"chr1","130831732","130832038","chr20","11898843","11899168","47","118932889"
"chr1","130867676","130867927","chr20","11862914","11863202","57","119004762"
"chr1","130887258","130887562","chr20","11837516","11837822","20","119049742"
"chr1","130889305","130889428","chr9","63104185","63104309","16","67785120"
"chr1","130907422","130907682","chr26","5761317","5761577","47","125146105"
"chr1","131001241","131001524","chr2","39264368","39264644","73","91736873"
"chr1","131025547","131025825","chr20","11713173","11713464","23","119312374"
"chr1","131095607","131095904","chr19","13096889","13097191","60","117998718"
"chr1","131106768","131107055","chr24","73400195","73400482","61","57706573"
"chr1","131111791","131111926","chr20","11592957","11593092","7","119518834"
"chr1","131283251","131283450","chr20_KE148054v1_random","10846","11034","23","131272405"
"chr1","131390685","131390935","chr20","11347680","11347927","49","120043005"
"chr1","131421827","131422128","chr19","12011999","12012306","59","119409828"
"chr1","131509773","131509887","chr20","11245327","11245436","13","120264446"
"chr1","131529299","131529603","chr4","5889078","5889378","69","125640221"
"chr1","131808631","131808935","chr11","38771507","38771808","69","93037124"
"chr1","131841903","131842190","chr20","10934276","10934534","57","120907627"
"chr1","131922955","131923079","chr24","8286653","8286776","17","123636302"
"chr1","132026274","132026575","chr21","107450772","107451077","62","24575502"
"chr1","132180887","132181181","chr16","69100114","69100408","54","63080773"
"chr1","132363937","132364242","chr20","10456481","10456799","34","121907456"
"chr1","132437509","132437670","chr20","10379956","10380117","10","122057553"
"chr1","132452819","132453125","chr20","10365460","10365766","17","122087359"
"chr1","132469945","132470251","chr20","10365460","10365766","17","122104485"
"chr1","132549851","132550159","chr24","77163596","77163899","63","55386255"
"chr1","132560360","132560618","chr23","15782961","15783214","56","116777399"
"chr1","132570842","132571055","chr2","24928650","24928871","40","107642192"
"chr1","132571532","132571820","chr20","10304417","10304711","23","122267115"
"chr1","132573702","132573836","chr20","10302401","10302535","7","122271301"
"chr1","132589682","132590008","chr1","112237991","112238302","68","20351691"
"chr1","132604760","132605043","chr20","10271856","10272139","8","122332904"
"chr1","132619170","132619445","chr20","123425401","123425659","73","9193769"
"chr1","132634931","132635144","chr20","10242223","10242435","14","122392708"
"chr1","132652412","132652754","chr20","10228737","10229080","32","122423675"
"chr1","132655913","132655991","chr20","10223725","10223799","14","122432188"
"chr1","132661288","132661419","chr20","10218127","10218258","5","122443161"
"chr1","132661743","132661910","chr20","10217650","10217813","18","122444093"
"chr1","132699320","132699455","chr9","32305189","32305322","23","100394131"
"chr1","132699752","132699901","chr5","27629731","27629877","37","105070021"
"chr1","132710559","132710747","chr16","62607487","62607666","49","70103072"
"chr1","132710973","132711125","chr16","49062237","49062390","38","83648736"
"chr1","132730429","132730720","chr20","10152702","10152993","24","122577727"
"chr1","132779455","132779765","chr20","10101000","10101307","24","122678455"
"chr1","132790377","132790676","chr20","10078375","10078668","23","122712002"
"chr1","132791139","132791444","chr20","10079134","10079434","25","122712005"
"chr1","132798276","132798555","chr6","32425994","32426271","57","100372282"
"chr1","132806710","132807015","chr20","10079134","10079434","25","122727576"
"chr1","132807478","132807777","chr20","10078375","10078668","23","122729103"
"chr1","132810920","132811182","chr25","3118822","3119096","47","129692098"
"chr1","132818600","132818871","chr20","10067368","10067639","18","122751232"
"chr1","132824423","132824552","chr20","10061386","10061515","11","122763037"
"chr1","132826671","132826953","chr10","36762586","36762881","55","96064085"
"chr1","132868025","132868325","chr20","10018367","10018662","21","122849658"
"chr1","132897431","132897675","chr5","21926919","21927171","54","110970512"
"chr1","132902168","132902443","chr20","9986793","9987068","24","122915375"
"chr1","132902888","132903012","chr25","6290860","6290983","23","126612028"
"chr1","132909778","132910054","chr29","3753951","3754232","59","129155827"
"chr1","132915264","132915357","chr16","17257073","17257167","33","115658191"
"chr1","132915646","132915789","chr20","9972096","9972261","33","122943550"
"chr1","132921075","132921271","chr24","77407207","77407394","40","55513868"
"chr1","132921389","132921510","chr10","121357380","121357502","21","11564009"
"chr1","132922987","132923039","chr20","9963780","9963833","5","122959207"
"chr1","132923366","132923511","chr11","100581952","100582101","35","32341414"
"chr1","132938270","132938512","chr3","20950954","20951198","56","111987316"
"chr1","132938881","132938975","chr20","9945440","9945544","14","122993441"
"chr1","132952944","132953238","chr20","88447642","88447934","62","44505302"
"chr1","132956226","132956490","chr16","1510704","1510970","67","131445522"
"chr1","132973247","132973559","chr3","27876459","27876773","63","105096788"
"chr1","132979829","132980116","chrX","18321002","18321286","57","114658827"
"chr1","132983853","132984119","chr27","24498388","24498657","64","108485465"
"chr1","133082769","133083070","chr22","47302382","47302689","59","85780387"
"chr1","133087226","133087405","chr20","9812891","9813067","11","123274335"
"chr1","133092028","133092147","chr20","9808603","9808722","5","123283425"
"chr1","133096280","133096454","chr20","9804391","9804569","10","123291889"
"chr1","133096768","133096938","chr24","11599895","11600052","53","121496873"
"chr1","133108608","133108895","chr20","9793800","9794089","25","123314808"
"chr1","133123206","133123372","chr2","14476013","14476167","38","118647193"
"chr1","133141020","133141314","chrX","107915390","107915686","59","25225630"
"chr1","133142938","133143083","chr2","85438273","85438419","24","47704665"
"chr1","133143383","133143557","chr16","31017649","31017819","32","102125734"
"chr1","133146665","133146934","chr24","83098481","83098745","57","50048184"
"chr1","133157384","133157575","chr20","9742542","9742729","20","123414842"
"chr1","133163225","133163508","chr6","2365278","2365557","60","130797947"
"chr1","133165909","133166202","chr5","36085977","36086277","56","97079932"
"chr1","133168756","133168802","chr1","3230455","3230499","9","129938301"
"chr1","133170779","133171083","chr20","9733073","9733376","19","123437706"
"chr1","133195597","133195880","chr20","9709205","9709485","26","123486392"
"chr1","133199550","133199857","chr20","9704855","9705159","13","123494695"
"chr1","133205949","133206115","chr20","9694080","9694236","15","123511869"
"chr1","133207186","133207479","chr20","9692730","9693029","24","123514456"
"chr1","133209701","133209920","chr28","11319788","11320009","37","121889913"
"chr1","133210355","133210666","chr8","39861865","39862174","57","93348490"
"chr1","133213050","133213335","chr20","9699194","9699466","27","123513856"
"chr1","133213339","133213635","chr20","9698895","9699187","24","123514444"
"chr1","133217328","133217469","chr24","77151356","77151491","29","56065972"
"chr1","133217767","133217943","chr8","111180838","111181016","39","22036929"
"chr1","133226152","133226255","chr20","9680539","9680642","3","123545613"
"chr1","133227037","133227253","chr20","9679524","9679736","15","123547513"
"chr1","133231895","133231935","chr5","58223472","58223509","7","75008423"
"chr1","133233823","133233957","chr20","9672713","9672847","12","123561110"
"chr1","133244402","133244686","chr20","9658236","9658519","28","123586166"
"chr1","133264352","133264524","chr13","36978301","36978477","34","96286051"
"chr1","133268916","133269201","chr9","31289510","31289793","60","101979406"
"chr1","133305811","133306039","chr5","73910013","73910230","59","59395798"
"chr1","133313020","133313338","chr20","9593046","9593364","21","123719974"
"chr1","133315701","133315864","chr16","34822795","34822956","30","98492906"
"chr1","133316108","133316243","chr20","9583848","9583983","9","123732260"
"chr1","133332217","133332341","chr20","9567739","9567860","9","123764478"
"chr1","133336730","133337021","chr11","89712914","89713196","58","43623816"
"chr1","133338350","133338651","chr20","9561079","9561380","19","123777271"
"chr1","133357926","133358010","chr20","9551028","9551112","4","123806898"
"chr1","133358313","133358470","chr20","9550567","9550727","10","123807746"
"chr1","133358506","133358779","chr20","9549959","9550235","22","123808547"
"chr1","133361498","133361792","chr12","103939005","103939299","53","29422493"
"chr1","133380442","133380573","chr6","11027667","11027797","22","122352775"
"chr1","133411824","133412136","chr5","21418222","21418526","65","111993602"
"chr1","133413364","133413540","chr20","9485038","9485210","23","123928326"
"chr1","133421156","133421455","chr20","9477777","9478057","37","123943379"
"chr1","133422453","133422741","chr20","24718513","24718793","57","108703940"
"chr1","133445133","133445270","chr15","49053326","49053458","25","84391807"
"chr1","133445561","133445735","chr5","26881640","26881814","43","106563921"
"chr1","133450943","133451141","chr21","39686650","39686845","51","93764293"
"chr1","133456094","133456351","chr2","14325727","14325983","68","119130367"
"chr1","133463585","133463842","chr2","14325727","14325983","68","119137858"
"chr1","133472823","133472941","chr4","7625466","7625585","24","125847357"
"chr1","133475777","133475935","chr16","60036519","60036682","39","73439258"
"chr1","133481537","133481772","chr20","9423382","9423591","39","124058155"
"chr1","133485544","133485863","chr20","9419378","9419686","87","124066166"
"chr1","133490150","133490422","chr12","44629039","44629318","62","88861111"
"chr1","133494644","133494967","chr23","51930111","51930429","66","81564533"
"chr1","133503994","133504300","chr20","9399844","9400154","35","124104150"
"chr1","133504304","133504582","chr3","22597416","22597697","56","110906888"
"chr1","133521292","133521568","chr20","9382362","9382629","16","124138930"
"chr1","133523124","133523421","chr11","959088","959382","62","132564036"
"chr1","133550450","133550801","chr1","31523751","31524072","92","102026699"
"chr1","133552089","133552213","chr20","9354628","9354752","7","124197461"
"chr1","133552505","133552677","chr20","9354165","9354337","7","124198340"
"chr1","133601941","133602071","chr5","24863230","24863360","24","108738711"
"chr1","133613034","133613273","chr20","9289466","9289705","16","124323568"
"chr1","133614800","133615077","chr20","9287553","9287840","25","124327247"
"chr1","133621718","133622014","chr20","9280911","9281202","21","124340807"
"chr1","133639488","133639768","chr5","27165709","27165998","60","106473779"
"chr1","133670080","133670412","chr20","9232173","9232481","49","124437907"
"chr1","133714054","133714271","chr11","112106819","112107029","49","21607235"
"chr1","133719043","133719322","chr24","54921299","54921588","57","78797744"
"chr1","133724099","133724415","chr5","17880468","17880781","73","115843631"
"chr1","133729720","133730008","chr20","9172636","9172911","23","124557084"
"chr1","133741277","133741402","chr2","31047383","31047499","32","102693894"
"chr1","133750895","133751124","chr14","15565137","15565367","54","118185758"
"chr1","133828733","133828936","chr8","44059424","44059634","43","89769309"
"chr1","133835210","133835509","chr20","9075919","9076205","38","124759291"
"chr1","133923244","133923350","chr19","8405547","8405658","22","125517697"
"chr1","133931998","133932307","chr1","103106292","103106575","74","30825706"
"chr1","133932778","133933084","chr20","8979499","8979808","29","124953279"
"chr1","133951838","133952130","chr20","8960221","8960528","39","124991617"
"chr1","134000561","134000860","chr20","8911096","8911388","20","125089465"
"chr1","134001273","134001569","chr5","26904847","26905142","60","107096426"
"chr1","134010473","134010775","chr1","114755002","114755305","58","19255471"
"chr1","134012485","134012807","chr20","8898202","8898526","15","125114283"
"chr1","134013997","134014224","chr20","8896924","8897140","19","125117073"
"chr1","134015372","134015667","chr20","8895483","8895774","20","125119889"
"chr1","134045617","134045910","chr20","8861577","8861871","14","125184040"
"chr1","134056251","134056340","chr10","19245030","19245110","22","114811221"
"chr1","134066817","134067102","chr20","8842524","8842807","16","125224293"
"chr1","134102486","134102814","chr20","8808540","8808866","23","125293946"
"chr1","134105733","134106040","chr20","8805606","8805907","40","125300127"
"chr1","134112416","134112731","chr20","8798737","8799042","35","125313679"
"chr1","134139524","134139823","chr20","8770943","8771237","18","125368581"
"chr1","134145722","134145864","chr11","42185100","42185245","32","91960622"
"chr1","134146195","134146326","chr15","49053326","49053458","17","85092869"
"chr1","134148088","134148400","chr20","8762753","8763043","38","125385335"
"chr1","134175938","134176228","chr20","8732416","8732703","18","125443522"
"chr1","134179124","134179417","chr5","69933160","69933446","55","64245964"
"chr1","134183248","134183480","chr12","13132938","13133173","55","121050310"
"chr1","134220217","134220400","chr24","35402503","35402685","38","98817714"
"chr1","134220451","134220558","chr6","9626877","9626989","26","124593574"
"chr1","134224162","134224296","chr11","105038608","105038741","21","29185554"
"chr1","134237205","134237324","chr20","8672810","8672929","7","125564395"
"chr1","134242923","134243019","chr9","27523410","27523506","15","106719513"
"chr1","134257453","134257577","chr20","8652273","8652397","7","125605180"
"chr1","134298448","134298569","chr20","8613667","8613786","8","125684781"
"chr1","134336366","134336678","chr2","81308329","81308637","78","53028037"
"chr1","134389567","134389859","chrX","1215879","1216173","54","133173688"
"chr1","134407624","134407927","chr5","27594562","27594865","54","106813062"
"chr1","134426513","134426810","chr20","8475593","8475895","30","125950920"
"chr1","134428562","134428634","chr11","125369821","125369891","14","9058741"
"chr1","134435679","134435982","chr20","8466367","8466666","18","125969312"
"chr1","134440965","134441275","chr20_KE148049v1_random","1174428","1174733","69","133266537"
"chr1","134443556","134443791","chr20","8459497","8459729","22","125984059"
"chr1","134458677","134458969","chr11","38771507","38771808","65","95687170"
"chr1","134465546","134465834","chr9","17702872","17703159","57","116762674"
"chr1","134474205","134474493","chr9","17702872","17703159","57","116771333"
"chr1","134475137","134475425","chr9","17702872","17703159","57","116772265"
"chr1","134481614","134481914","chr9","930415","930716","66","133551199"
"chr1","134483469","134483620","chr11","6630159","6630302","33","127853310"
"chr1","134485494","134485795","chrX","38566822","38567123","60","95918672"
"chr1","134489200","134489375","chr20","8434403","8434578","17","126054797"
"chr1","134489652","134489722","chr6","50488414","50488484","15","84001238"
"chr1","134509217","134509393","chr5","23073510","23073676","40","111435707"
"chr1","134509696","134509830","chr1","267716","267842","28","134241980"
"chr1","134517317","134517591","chr2","5801450","5801733","69","128715867"
"chr1","134517925","134518237","chr20","8407265","8407578","19","126110660"
"chr1","134523119","134523182","chr20","47773051","47773119","16","86750068"
"chr1","134541898","134542172","chr20","8384270","8384549","27","126157628"
"chr1","134566474","134566770","chr20","8359327","8359637","53","126207147"
"chr1","134576667","134576983","chr18","21490626","21490936","64","113086041"
"chr1","134587660","134587919","chr15","31159465","31159726","67","103428195"
"chr1","134596584","134596845","chr15","47497417","47497696","73","87099167"
"chr1","134605560","134605858","chr28","15635761","15636057","62","118969799"
"chr1","134608552","134608862","chr20","8315886","8316192","27","126292666"
"chr1","134620886","134621087","chr4","14000006","14000202","37","120620880"
"chr1","134621497","134621778","chr13","13838030","13838313","57","120783467"
"chr1","134624671","134624979","chr5","22050685","22050992","67","112573986"
"chr1","134625109","134625219","chr5","57742351","57742459","15","76882758"
"chr1","134629906","134630119","chr14_AQIB01158263v1_random","3107","3325","59","134626799"
"chr1","134634545","134634711","chr11","467238","467402","31","134167307"
"chr1","134635031","134635144","chr10","2691454","2691561","26","131943577"
"chr1","134637230","134637503","chr20","8288927","8289202","25","126348303"
"chr1","134646407","134646665","chr20","8283405","8283661","16","126363002"
"chr1","134651904","134651935","chr11","118783608","118783640","8","15868296"
"chr1","134652174","134652315","chr20","8169823","8169976","22","126482351"
"chr1","134680272","134680538","chr20","8243377","8243646","36","126436895"
"chr1","134682726","134683025","chr20","8240370","8240668","22","126442356"
"chr1","134691952","134692075","chr20","8124685","8124815","17","126567267"
"chr1","134746744","134746838","chr10","16241665","16241759","26","118505079"
"chr1","134747150","134747327","chrX","109381970","109382143","40","25365180"
"chr1","134747338","134747642","chr20","8196613","8196935","60","126550725"
"chr1","134749138","134749437","chr20","8194000","8194299","16","126555138"
"chr1","134749846","134750132","chr20","8193327","8193603","32","126556519"
"chr1","134756034","134756185","chr1","101590594","101590733","39","33165440"
"chr1","134756500","134756633","chr20","10302401","10302535","16","124454099"
"chr1","134771574","134771739","chr6","35304081","35304241","37","99467493"
"chr1","134773296","134773602","chr20","8158994","8159302","19","126614302"
"chr1","134785668","134785961","chr20","8150052","8150345","18","126635616"
"chr1","134786501","134786793","chr20","8148916","8149206","55","126637585"
"chr1","134787797","134788087","chr20","8148916","8149206","9","126638881"
"chr1","134799444","134799732","chr20","8145820","8146114","25","126653624"
"chr1","134815497","134815789","chr20","8131887","8132180","12","126683610"
"chr1","134816321","134816641","chr14","20921240","20921546","67","113895081"
"chr1","134820248","134820507","chr2","75331743","75331994","70","59488505"
"chr1","134826863","134827122","chr21","108082958","108083213","69","26743905"
"chr1","134830592","134830908","chr20","8117003","8117298","36","126713589"
"chr1","134837329","134837452","chr20","8124685","8124815","17","126712644"
"chr1","134843626","134843893","chr18","21808400","21808664","69","113035226"
"chr1","134845796","134846112","chr20","8103953","8104245","46","126741843"
"chr1","134854557","134854841","chr2","8606470","8606749","84","126248087"
"chr1","134854872","134855164","chr20","8093409","8093702","23","126761463"
"chr1","134856102","134856404","chr20","8094914","8095213","26","126761188"
"chr1","134857102","134857394","chr20","8092383","8092656","41","126764719"
"chr1","134861192","134861495","chr16","46883446","46883746","54","87977746"
"chr1","134878172","134878462","chr20","8072905","8073200","28","126805267"
"chr1","134883331","134883536","chr21","41476338","41476548","42","93406993"
"chr1","134887023","134887048","chr7","90495581","90495605","7","44391442"
"chr1","134887346","134887453","chr20","100753079","100753192","20","34134267"
"chr1","134889532","134889834","chr18","32854753","32855059","72","102034779"
"chr1","134889936","134890224","chr10","19216167","19216462","57","115673769"
"chr1","134892253","134892369","chr28","11216760","11216879","20","123675493"
"chr1","134892399","134892557","chr12","47027809","47027974","38","87864590"
"chr1","134892561","134892846","chrX","49625121","49625400","72","85267440"
"chr1","134894353","134894629","chr6","7530667","7530939","72","127363686"
"chr1","134906143","134906411","chr1","8532523","8532777","70","126373620"
"chr1","134910416","134910734","chr20","8040662","8040956","41","126869754"
"chr1","134913424","134913735","chr7","12628268","12628572","79","122285156"
"chr1","134916139","134916434","chr20","8047055","8047349","20","126869084"
"chr1","134917043","134917431","chr21","98081233","98081578","137","36835810"
"chr1","134941768","134942089","chr20","8022344","8022655","30","126919424"
"chr1","134948755","134949053","chr20","8015273","8015558","40","126933482"
"chr1","134965449","134965741","chr9","22697379","22697669","50","112268070"
"chr1","134972745","134972894","chr8","25495970","25496127","38","109476775"
"chr1","134973199","134973264","chr16","1240695","1240762","17","133732504"
"chr1","134975292","134975404","chr20","7986943","7987055","3","126988349"
"chr1","134978031","134978336","chr20","7983987","7984295","28","126994044"
"chr1","134978403","134978683","chr20","7983659","7983937","20","126994744"
"chr1","135007111","135007359","chr17","64285223","64285482","65","70721888"
"chr1","135013715","135013819","chr14","52638906","52639012","30","82374809"
"chr1","135014437","135014628","chr20","7943645","7943836","9","127070792"
"chr1","135024266","135024513","chr9","13865510","13865766","57","121158756"
"chr1","135053092","135053288","chr28","8725117","8725301","43","126327975"
"chr1","135053643","135053771","chr17","38509547","38509677","21","96544096"
"chr1","135062115","135062422","chr20","7902190","7902506","25","127159925"
"chr1","135119421","135119701","chr24","79121179","79121471","68","55998242"
"chr1","135124208","135124325","chr9","86644787","86644905","15","48479421"
"chr1","135124732","135124849","chr9","86644787","86644905","15","48479945"
"chr1","135152329","135152453","chr21","118291661","118291785","21","16860668"
"chr1","135182683","135182990","chr20","7776061","7776371","23","127406622"
"chr1","135207339","135207594","chr20","7751032","7751287","13","127456307"
"chr1","135213069","135213389","chr20","7745468","7745786","19","127467601"
"chr1","135215714","135215992","chr20","7742546","7742826","19","127473168"
"chr1","135259143","135259452","chr20","7698449","7698762","26","127560694"
"chr1","135262584","135262905","chr11","44130086","44130414","73","91132498"
"chr1","135265441","135265579","chr20","7692099","7692233","8","127573342"
"chr1","135266736","135266847","chr20","7690429","7690542","3","127576307"
"chr1","135271752","135272075","chr5","25360110","25360407","83","109911642"
"chr1","135275204","135275493","chr20","7682124","7682400","37","127593080"
"chr1","135275512","135275719","chr6","13170745","13170942","53","122104767"
"chr1","135302028","135302149","chr16","63593024","63593147","16","71709004"
"chr1","135302457","135302642","chrX","46209122","46209303","38","89093335"
"chr1","135313731","135313899","chr2","42603297","42603459","30","92710434"
"chr1","135314513","135314662","chr6","35701056","35701202","34","99613457"
"chr1","135351176","135351488","chr14","52808491","52808792","66","82542685"
"chr1","135371461","135371770","chr20","7587232","7587529","31","127784229"
"chr1","135374438","135374727","chr4","6337556","6337843","70","129036882"
"chr1","135383507","135383622","chr11","87002558","87002674","20","48380949"
"chr1","135408913","135409217","chr16","44432881","44433188","61","90976032"
"chr1","135417032","135417310","chr20","7534051","7534342","28","127882981"
"chr1","135447151","135447263","chr15","69585455","69585570","14","65861696"
"chr1","135468282","135468582","chr20","7488511","7488806","25","127979771"
"chr1","135472336","135472631","chrX","2746819","2747116","71","132725517"
"chr1","135473266","135473411","chr20","7483845","7483990","7","127989421"
"chr1","135544417","135544546","chr5","11527276","11527406","20","124017141"
"chr1","135550669","135550951","chr20","7406015","7406310","35","128144654"
"chr1","135570977","135571246","chr20","7384778","7385056","20","128186199"
"chr1","135603644","135603789","chr29","19744910","19745056","26","115858734"
"chr1","135604082","135604238","chr6","31090629","31090753","55","104513453"
"chr1","135614601","135614893","chr11","46734515","46734805","75","88880086"
"chr1","135651531","135651807","chr20","7307057","7307330","24","128344474"
"chr1","135673275","135673581","chr3","11027237","11027540","52","124646038"
"chr1","135684240","135684533","chr20","7274349","7274638","30","128409891"
"chr1","135698514","135698821","chr10","76220349","76220648","61","59478165"
"chr1","135731979","135732264","chr20","7230176","7230473","41","128501803"
"chr1","135763125","135763442","chr5","36390138","36390448","57","99372987"
"chr1","135823092","135823373","chr20","7129525","7129793","35","128693567"
"chr1","135886106","135886323","chr6","42661492","42661711","42","93224614"
"chr1","135893707","135893859","chr16","26538450","26538603","44","109355257"
"chr1","135910524","135910759","chr20","7047108","7047342","16","128863416"
"chr1","135916257","135916430","chr20","124019023","124019197","36","11897234"
"chr1","135916726","135916859","chr6","38050503","38050636","21","97866223"
"chr1","135960300","135960426","chr12","45532132","45532259","21","90428168"
"chr1","135984875","135985171","chr20","6972892","6973204","40","129011983"
"chr1","136041543","136041865","chr20","6918417","6918716","36","129123126"
"chr1","136044360","136044658","chrX","1717121","1717419","66","134327239"
"chr1","136064282","136064408","chr20","6896396","6896527","16","129167886"
"chr1","136065242","136065548","chr18","21490626","21490936","56","114574616"
"chr1","136072672","136072978","chr24","66303414","66303719","59","69769258"
"chr1","136074350","136074654","chr18","18216107","18216394","65","117858243"
"chr1","136103399","136103674","chr20","6859111","6859394","29","129244288"
"chr1","136144612","136144880","chr20","6819186","6819453","21","129325426"
"chr1","136150063","136150356","chr1","50456669","50456964","56","85693394"
"chr1","136178441","136178570","chr20","6789943","6790061","19","129388498"
"chr1","136186642","136186840","chr20","6780646","6780839","22","129405996"
"chr1","136304676","136304794","chr16","42642802","42642920","21","93661874"
"chr1","136304829","136304899","chr19","25121929","25122001","13","111182900"
"chr1","136326595","136326856","chr24","25606467","25606758","49","110720128"
"chr1","136335051","136335133","chr12","60349933","60350014","19","75985118"
"chr1","136442981","136443255","chr20","6541188","6541462","22","129901793"
"chr1","136495912","136496045","chr20","6447318","6447448","11","130048594"
"chr1","136561213","136561496","chr25","50483411","50483686","58","86077802"
"chr1","136583683","136583980","chr24","54921299","54921588","60","81662384"
"chr1","136747555","136747865","chr5","21177912","21178215","70","115569643"
"chr1","136808496","136808814","chr20","101424787","101425095","72","35383709"
"chr1","136856966","136857024","chr16","10873023","10873079","11","125983943"
"chr1","136857026","136857233","chr20","6109227","6109467","42","130747799"
"chr1","136874439","136874628","chr11","88707674","88707834","70","48166765"
"chr1","136874922","136875093","chr6","38625323","38625494","38","98249599"
"chr1","136877533","136877826","chr20","6090711","6091007","37","130786822"
"chr1","136979143","136979444","chr20","5989570","5989879","29","130989573"
"chr1","137022458","137022740","chr20","5955961","5956244","13","131066497"
"chr1","137153393","137153601","chr5","36953044","36953254","43","100200349"
"chr1","137182054","137182359","chr20","5799462","5799742","66","131382592"
"chr1","137242209","137242300","chr8","97326335","97326426","15","39915874"
"chr1","137242478","137242707","chr15","62057125","62057359","61","75185353"
"chr1","137342664","137342962","chr17","50360092","50360386","67","86982572"
"chr1","137501107","137501370","chr1","47072437","47072695","48","90428670"
"chr1","137626529","137626866","chr11","103982054","103982366","93","33644475"
"chr1","137735206","137735520","chr20","5273390","5273705","23","132461816"
"chr1","137912027","137912331","chr21","108101742","108102051","62","29810285"
"chr1","137959444","137959716","chr5","4808146","4808428","59","133151298"
"chr1","138142651","138142927","chr10","9578911","9579185","59","128563740"
"chr1","138173197","138173491","chr20","4877738","4878035","22","133295459"
"chr1","138188750","138189037","chr20","4862239","4862526","21","133326511"
"chr1","138482632","138482918","chr20","95087853","95088144","63","43394779"
"chr1","138638149","138638434","chr20","4421956","4422257","44","134216193"
"chr1","138892428","138892553","chr21","14120673","14120795","9","124771755"
"chr1","138965778","138966012","chr12","28443667","28443902","49","110522111"
"chr1","138968329","138968481","chr20","3940382","3940543","17","135027947"
"chr1","138976328","138976601","chr25","73613577","73613858","59","65362751"
"chr1","138988138","138988424","chr20","3918699","3918992","27","135069439"
"chr1","138988434","138988695","chr20","3918424","3918689","14","135070010"
"chr1","138991054","138991129","chr16","55787876","55787952","17","83203178"
"chr1","139015008","139015300","chr20","3900038","3900322","28","135114970"
"chr1","139104886","139104988","chr6","4946064","4946174","26","134158822"
"chr1","139105060","139105233","chr6","42438846","42439014","36","96666214"
"chr1","139141596","139141827","chr20","3789095","3789340","29","135352501"
"chr1","139141872","139142134","chr20","3788802","3789067","26","135353070"
"chr1","139169298","139169578","chr20","3761560","3761837","24","135407738"
"chr1","139212604","139212942","chr20","3718767","3719113","33","135493837"
"chr1","139216956","139217076","chr20","3714336","3714455","10","135502620"
"chr1","139217371","139217552","chr20","3713859","3714040","10","135503512"
"chr1","139222236","139222544","chr20","3709903","3710195","34","135512333"
"chr1","139231420","139231699","chr20","3700694","3700969","23","135530726"
"chr1","139239251","139239386","chr6","28827619","28827753","19","110411632"
"chr1","139239701","139239865","chr8","68927650","68927813","29","70312051"
"chr1","139334153","139334453","chr20","3624747","3625040","29","135709406"
"chr1","139451772","139452026","chr26","7962898","7963146","58","131488874"
"chr1","139457676","139457849","chr20","3505445","3505618","12","135952231"
"chr1","139458147","139458202","chr15","2384558","2384611","13","137073589"
"chr1","139476524","139476830","chr20","3486761","3487068","14","135989763"
"chr1","139666741","139667049","chr17","1647761","1648065","63","138018980"
"chr1","139694335","139694449","chr5","27051161","27051277","20","112643174"
"chr1","139694475","139694648","chr8","88736228","88736404","41","50958247"
"chr1","139768169","139768436","chr1","64406036","64406305","50","75362133"
"chr1","139825125","139825362","chr6","28466492","28466729","62","111358633"
"chr1","139885345","139885641","chr9","14777685","14777980","53","125107660"
"chr1","139918421","139918718","chr1","103001101","103001391","59","36917320"
"chr1","139924460","139924755","chr24","82012727","82013019","56","57911733"
"chr1","139985249","139985364","chr20","3016677","3016796","14","136968572"
"chr1","139990403","139990700","chr26","14952808","14953094","61","125037595"
"chr1","140002027","140002303","chr20","3000759","3001029","24","137001268"
"chr1","140005167","140005220","chr9","74659057","74659110","11","65346110"
"chr1","140007460","140007744","chr18","5658934","5659218","68","134348526"
"chr1","140034307","140034432","chrX","110735499","110735619","37","29298808"
"chr1","140034653","140034795","chr9","90578890","90579032","24","49455763"
"chr1","140043414","140043648","chr20","2970985","2971237","29","137072429"
"chr1","140044636","140044720","chr20","2970599","2970688","9","137074037"
"chr1","140057079","140057266","chr6","45818890","45819075","47","94238189"
"chr1","140066641","140066941","chr5","25360110","25360407","55","114706531"
"chr1","140088508","140088802","chr20","86177511","86177805","53","53910997"
"chr1","140097628","140097922","chr20","2926957","2927216","56","137170671"
"chr1","140130342","140130418","chr8","115112209","115112284","21","25018133"
"chr1","140174884","140175195","chr20","123775608","123775921","67","16399276"
"chr1","140175603","140175833","chr25","3753903","3754124","49","136421700"
"chr1","140180216","140180509","chr20","2798376","2798663","31","137381840"
"chr1","140181716","140182021","chr9","8187707","8188036","75","131994009"
"chr1","140197036","140197339","chr24","77163596","77163899","67","63033440"
"chr1","140205400","140205624","chr20","2770102","2770359","50","137435298"
"chr1","140214840","140214944","chr20","2761203","2761313","12","137453637"
"chr1","140227622","140227745","chr10","13716039","13716163","19","126511583"
"chr1","140230021","140230233","chr10","82725609","82725818","64","57504412"
"chr1","140230786","140230886","chr6","15936840","15936929","27","124293946"
"chr1","140235452","140235738","chrX","41518133","41518421","62","98717319"
"chr1","140268331","140268635","chrX","38566822","38567123","62","101701509"
"chr1","140269280","140269580","chr12","1445677","1445977","53","138823603"
"chr1","140282158","140282435","chr20","2635368","2635628","45","137646790"
"chr1","140310370","140310680","chr20","123775608","123775921","63","16534762"
"chr1","140314454","140314728","chr20","2605952","2606233","32","137708502"
"chr1","140325532","140325641","chr20","2599260","2599370","10","137726272"
"chr1","140334830","140334965","chr16","61878323","61878467","36","78456507"
"chr1","140432889","140432950","chr20","88718264","88718327","16","51714625"
"chr1","140435853","140436033","chr20","2510429","2510610","17","137925424"
"chr1","140478666","140478969","chr20","2465183","2465485","22","138013483"
"chr1","140567515","140567835","chr6","12258379","12258691","77","128309136"
"chr1","140610707","140610878","chr20","2396618","2396795","11","138214089"
"chr1","140611491","140611613","chr20","2395832","2395953","9","138215659"
"chr1","140616451","140616717","chr20","40319998","40320259","59","100296453"
"chr1","140618538","140618670","chr20","2388402","2388536","8","138230136"
"chr1","140741206","140741515","chr1","114011119","114011429","75","26730087"
"chr1","140747812","140748120","chr20","2256298","2256587","37","138491514"
"chr1","140778421","140778732","chr17","36566860","36567180","51","104211561"
"chr1","140848277","140848574","chr20","2163903","2164190","30","138684374"
"chr1","140910844","140911150","chr5","38262732","38263029","63","102648112"
"chr1","140936293","140936602","chr20","2071515","2071844","32","138864778"
"chr1","141073890","141074144","chr20","1934307","1934557","20","139139583"
"chr1","141180370","141180485","chr20","1829059","1829175","12","139351311"
"chr1","141185524","141185679","chr20","23301658","23301809","28","117883866"
"chr1","141185714","141185826","chr10","10681947","10682059","25","130503767"
"chr1","141200526","141200826","chr20","1809868","1810178","41","139390658"
"chr1","141204885","141205154","chr20","35645914","35646196","63","105558971"
"chr1","141236213","141236508","chr1","50378567","50378860","50","90857646"
"chr1","141406303","141406358","chr2","12993993","12994046","6","128412310"
"chr1","141414945","141415274","chr20","1599136","1599460","26","139815809"
"chr1","141431251","141431532","chr20","1583478","1583760","29","139847773"
"chr1","141466765","141466882","chr20","1553819","1553935","9","139912946"
"chr1","141479198","141479394","chr20","1540668","1540864","8","139938530"
"chr1","141521387","141521502","chr20","1499761","1499876","12","140021626"
"chr1","141538425","141538592","chr12","11136755","11136918","35","130401670"
"chr1","141538867","141539009","chr5","26504182","26504315","31","115034685"
"chr1","141542479","141542597","chr1","94269478","94269595","18","47273001"
"chr1","141555602","141555890","chr20","1460837","1461150","42","140094765"
"chr1","141749329","141749615","chr3","52070397","52070682","52","89678932"
"chr1","141752373","141752497","chr20","1268523","1268645","10","140483850"
"chr1","142046526","142046609","chr25","65703333","65703416","5","76343193"
"chr1","142076587","142076858","chr25","65675959","65676243","27","76400628"
"chr1","142100002","142100245","chr13","21750551","21750783","67","120349451"
"chr1","142143001","142143281","chr25","65612253","65612573","70","76530748"
"chr1","142146726","142147054","chr25","65612253","65612573","22","76534473"
"chr1","142152459","142152715","chr25","65606710","65606966","17","76545749"
"chr1","142163838","142163955","chr25","65595155","65595272","4","76568683"
"chr1","142188603","142188874","chr25","65570387","65570668","21","76618216"
"chr1","142217130","142217446","chr17","36566860","36567180","68","105650270"
"chr1","142229331","142229645","chr25","65533345","65533658","16","76695986"
"chr1","142262511","142262633","chr25","65499821","65499943","8","76762690"
"chr1","142281700","142281976","chr25","65482952","65483265","61","76798748"
"chr1","142293943","142294220","chr25","65470847","65471132","26","76823096"
"chr1","142333177","142333342","chr12","43803463","43803624","33","98529714"
"chr1","142333663","142333806","chr1","11936870","11937006","32","130396793"
"chr1","142338506","142338821","chr4","75512429","75512736","61","66826077"
"chr1","142417432","142417718","chr25","65348001","65348283","23","77069431"
"chr1","142536757","142537046","chr25","65238017","65238306","33","77298740"
"chr1","142540221","142540311","chr6","7458670","7458762","17","135081551"
"chr1","142610517","142610742","chr15","91592781","91593011","70","51017736"
"chr1","142691766","142692067","chr5","16911170","16911472","64","125780596"
"chr1","142895020","142895286","chr25","64909915","64910179","20","77985105"
"chr1","142944208","142944503","chr25","64858534","64858828","25","78085674"
"chr1","143108789","143109050","chr8","75700659","75700926","63","67408130"
"chr1","143142713","143143002","chr1","108289811","108290100","65","34852902"
"chr1","143405264","143405471","chr25","64424894","64425109","19","78980370"
"chr1","143435748","143436047","chr25","64399631","64399933","27","79036117"
"chr1","143468339","143468488","chr25","64369002","64369162","29","79099337"
"chr1","143474654","143474968","chr25","64362519","64362835","21","79112135"
"chr1","143482250","143482372","chr25","64357429","64357550","14","79124821"
"chr1","143485675","143485981","chrX","45585560","45585866","61","97900115"
"chr1","143496408","143496695","chr6","35128093","35128369","88","108368315"
"chr1","143501170","143501440","chr25","64338218","64338498","31","79162952"
"chr1","143577929","143578220","chr11","45323387","45323664","71","98254542"
"chr1","143597898","143598192","chr14","58960336","58960633","55","84637562"
"chr1","143639056","143639262","chr1","17776190","17776402","52","125862866"
"chr1","143641891","143642196","chr25","64192754","64193030","47","79449137"
"chr1","143685996","143686287","chr2","34193701","34194002","59","109492295"
"chr1","143696267","143696535","chr13","24399012","24399278","74","119297255"
"chr1","143794229","143794427","chr19","25429317","25429518","36","118364912"
"chr1","143917488","143917767","chr21","97305676","97305957","62","46611812"
"chr1","143921175","143921289","chr25","63922105","63922222","11","79999070"
"chr1","143992645","143992955","chr25","63851514","63851834","29","80141131"
"chr1","143993200","143993508","chr2","5751815","5752114","67","138241385"
"chr1","144194086","144194366","chr25","63658717","63659015","38","80535369"
"chr1","144308375","144308506","chr25","63544334","63544465","6","80764041"
"chr1","144462240","144462498","chr25","63390551","63390822","32","81071689"
"chr1","144471492","144471614","chr18","58516183","58516305","21","85955309"
"chr1","144483860","144484136","chr25","63368586","63368837","40","81115274"
"chr1","144485850","144486130","chr10","79086793","79087073","66","65399057"
"chr1","144543026","144543319","chr25","63315317","63315607","38","81227709"
"chr1","144566809","144567114","chr25","63299547","63299852","20","81267262"
"chr1","144584043","144584292","chr25","63282350","63282608","25","81301693"
"chr1","144622696","144622929","chr25","63235495","63235734","27","81387201"
"chr1","144634386","144634661","chr6","30581291","30581567","53","114053095"
"chr1","144675418","144675508","chrX","49544827","49544921","31","95130591"
"chr1","144675798","144675958","chr2","87845233","87845392","29","56830565"
"chr1","144676737","144677030","chr2","35878899","35879181","60","108797838"
"chr1","144679761","144679915","chr25","63177172","63177325","8","81502589"
"chr1","144679916","144680223","chr18","32854753","32855059","58","111825163"
"chr1","144680224","144680403","chr25","63176666","63176856","20","81503558"
"chr1","144718126","144718421","chr6","34395634","34395934","62","110322492"
"chr1","144730583","144730839","chr25","63124107","63124380","35","81606476"
"chr1","144749027","144749355","chr9","91977796","91978097","92","52771231"
"chr1","144769263","144769570","chr25","63091654","63091961","23","81677609"
"chr1","144772488","144772611","chr25","63090204","63090335","15","81682284"
"chr1","144775698","144775982","chr25","63086819","63087091","41","81688879"
"chr1","144783298","144783427","chr20","78908869","78908999","19","65874429"
"chr1","144786284","144786564","chrX","23075277","23075553","61","121711007"
"chr1","144804215","144804490","chr21","14578644","14578917","58","130225571"
"chr1","144809926","144810191","chr24","48741787","48742059","65","96068139"
"chr1","144814260","144814375","chr25","63052168","63052290","15","81762092"
"chr1","144822327","144822549","chr1","110953895","110954113","51","33868432"
"chr1","144824840","144825135","chr3","52070397","52070682","65","92754443"
"chr1","144826429","144826825","chr20","38163505","38163871","121","106662924"
"chr1","144827782","144827905","chr25","63039217","63039336","12","81788565"
"chr1","144843425","144843741","chr25","63023640","63023941","30","81819785"
"chr1","144848457","144848664","chr5","74279324","74279547","65","70569133"
"chr1","144881089","144881215","chr11","52010954","52011085","29","92870135"
"chr1","144881504","144881689","chr9","118477602","118477779","40","26403902"
"chr1","144885606","144885897","chr11","42052701","42052978","75","102832905"
"chr1","144897212","144897413","chr25","62971493","62971683","23","81925719"
"chr1","144899709","144899978","chr25","62969336","62969607","21","81930373"
"chr1","145032115","145032405","chr25","62837519","62837804","28","82194596"
"chr1","145043049","145043101","chr9","103370257","103370303","13","41672792"
"chr1","145059553","145059853","chr25","62811430","62811727","14","82248123"
"chr1","145160285","145160585","chr1","17348161","17348455","65","127812124"
"chr1","145188022","145188230","chr1","66024882","66025086","41","79163140"
"chr1","145245375","145245647","chr29","8647690","8647961","67","136597685"
"chr1","145281098","145281372","chr5","69933160","69933446","66","75347938"
"chr1","145363801","145364114","chr25","62541267","62541576","27","82822534"
"chr1","145418458","145418758","chrX","54770607","54770900","68","90647851"
"chr1","145493045","145493343","chr12","103939005","103939299","58","41554040"
"chr1","145493423","145493714","chr28","7354661","7354940","73","138138762"
"chr1","145510190","145510511","chr28","18723682","18723992","73","126786508"
"chr1","145575092","145575402","chr7","15499115","15499420","64","130075977"
"chr1","145668933","145669244","chr28","11548952","11549255","67","134119981"
"chr1","145748067","145748331","chr9","8271967","8272222","71","137476100"
"chr1","145848980","145849267","chr25","62157544","62157837","34","83691436"
"chr1","145860364","145860658","chr22","50052992","50053282","60","95807372"
"chr1","145873318","145873610","chr25","62134071","62134353","33","83739247"
"chr1","145888473","145888782","chr25","62119092","62119394","31","83769381"
"chr1","145899390","145899681","chr20","105592441","105592722","50","40306949"
"chr1","145972035","145972218","chr20","100890343","100890528","40","45081692"
"chr1","145977609","145977742","chr25","62030615","62030748","8","83946994"
"chr1","145984953","145985264","chr25","62022789","62023097","21","83962164"
"chr1","145997657","145997937","chr11","124075044","124075324","57","21922613"
"chr1","146007598","146007647","chr7","30617255","30617303","10","115390343"
"chr1","146015441","146015678","chr2","60890417","60890654","53","85125024"
"chr1","146036383","146036669","chr7","86159938","86160217","52","59876445"
"chr1","146073109","146073221","chr25","61936317","61936429","11","84136792"
"chr1","146073515","146073692","chr25","61935832","61936023","27","84137683"
"chr1","146099015","146099300","chr25","61906466","61906751","23","84192549"
"chr1","146118969","146119169","chr1","66024882","66025086","42","80094087"
"chr1","146195987","146196281","chr1","68583509","68583795","55","77612478"
"chr1","146199738","146199993","chr25","61804769","61805026","22","84394969"
"chr1","146200705","146201001","chr25","61803753","61804049","15","84396952"
"chr1","146218684","146218956","chr24","9474722","9474995","60","136743962"
"chr1","146243625","146243847","chr25","61761889","61762110","23","84481736"
"chr1","146263382","146263474","chr6","9332540","9332634","22","136930842"
"chr1","146276644","146276946","chr8","21037895","21038193","68","125238749"
"chr1","146294663","146294930","chr25","61711390","61711663","31","84583273"
"chr1","146300591","146300874","chr2","5801450","5801733","56","140499141"
"chr1","146301582","146301708","chr1","76501919","76502041","29","69799663"
"chr1","146301735","146301886","chr28","15488267","15488414","31","130813468"
"chr1","146348993","146349103","chr25","28468291","28468400","30","117880702"
"chr1","146365044","146365333","chr25","61646951","61647246","48","84718093"
"chr1","146377235","146377358","chr25","61636190","61636314","7","84741045"
"chr1","146377680","146377985","chr24","53237949","53238254","61","93139731"
"chr1","146379621","146379831","chr25","61633718","61633936","23","84745903"
"chr1","146391517","146391824","chr9","59862290","59862592","59","86529227"
"chr1","146437392","146437680","chr10","118229487","118229777","49","28207905"
"chr1","146463578","146463836","chr27","40613573","40613835","56","105850005"
"chr1","146464550","146464862","chr25","61549637","61549950","23","84914913"
"chr1","146474765","146475068","chr5","36085977","36086277","66","110388788"
"chr1","146494531","146494829","chr9","28917693","28917985","65","117576838"
"chr1","146518682","146518986","chr25","61494355","61494650","25","85024327"
"chr1","146543719","146544027","chr25","61469429","61469752","30","85074290"
"chr1","146630067","146630391","chr20","88100516","88100832","59","58529551"
"chr1","146638389","146638645","chr25","61407411","61407671","19","85230978"
"chr1","146676243","146676540","chr25","61370056","61370367","28","85306187"
"chr1","146706149","146706440","chr14","80508963","80509250","56","66197186"
"chr1","146712211","146712511","chr20","112495489","112495789","55","34216722"
"chr1","146817687","146818009","chr4","74686620","74686927","80","72131067"
"chr1","146857972","146858279","chr11","78005760","78006069","59","68852212"
"chr1","146859762","146860032","chr25","61195137","61195397","24","85664625"
"chr1","146860449","146860722","chr25","61194433","61194692","26","85666016"
"chr1","146975122","146975406","chr16","41777608","41777891","60","105197514"
"chr1","146989704","146989913","chr7","14232651","14232863","44","132757053"
"chr1","147054383","147054658","chr25","61008508","61008785","21","86045875"
"chr1","147117992","147118300","chr25","60944496","60944801","23","86173496"
"chr1","147144721","147145027","chr12","40601683","40601983","54","106543038"
"chr1","147159985","147160083","chr25","60903657","60903756","13","86256328"
"chr1","147162040","147162159","chr14","3740794","3740919","18","143421246"
"chr1","147182496","147182673","chr13","36978301","36978477","32","110204195"
"chr1","147189951","147190260","chr25","60875291","60875595","25","86314660"
"chr1","147192686","147193003","chr13","8226091","8226408","63","138966595"
"chr1","147195909","147196193","chr25","60870217","60870506","30","86325692"
"chr1","147245947","147246231","chr9","109850359","109850641","60","37395588"
"chr1","147257434","147257597","chr16","60036519","60036682","32","87220915"
"chr1","147270422","147270752","chr16","21555135","21555432","88","125715287"
"chr1","147287074","147287245","chr25","60791018","60791195","19","86496056"
"chr1","147294873","147295185","chr25","60783104","60783393","47","86511769"
"chr1","147319537","147319661","chr25","60758016","60758134","16","86561521"
"chr1","147322624","147322822","chr25","60754812","60755010","6","86567812"
"chr1","147332832","147333114","chr25","60746063","60746365","37","86586769"
"chr1","147347952","147348259","chr7","46877915","46878219","73","100470037"
"chr1","147410967","147411264","chr25","60684264","60684566","38","86726703"
"chr1","147423956","147424259","chr25","60657675","60657974","32","86766281"
"chr1","147443854","147443947","chr2","39275892","39275988","21","108167962"
"chr1","147453878","147454002","chr25","60627154","60627278","10","86826724"
"chr1","147521065","147521351","chr25","60560171","60560459","19","86960894"
"chr1","147754865","147755181","chr17","35306470","35306782","60","112448395"
"chr1","147766840","147766985","chr3","9564943","9565083","29","138201897"
"chr1","147767285","147767465","chr22","67075083","67075256","42","80692202"
"chr1","147835480","147835774","chr25","60219624","60219907","41","87615856"
"chr1","147846185","147846497","chr25","60208580","60208865","50","87637605"
"chr1","147857155","147857402","chr2","15035040","15035294","57","132822115"
"chr1","147995081","147995205","chr17","54206234","54206358","21","93788847"
"chr1","148004616","148004741","chr14","98006814","98006938","15","49997802"
"chr1","148004942","148005243","chr25","60065053","60065328","44","87939889"
"chr1","148058756","148059060","chr25","60017334","60017645","50","88041422"
"chr1","148093728","148093959","chr25","59976046","59976252","47","88117682"
"chr1","148103057","148103362","chr25","59966583","59966875","34","88136474"
"chr1","148164632","148164833","chr25","59904435","59904628","25","88260197"
"chr1","148173002","148173302","chr26","38466771","38467062","75","109706231"
"chr1","148188107","148188255","chr6","30146491","30146639","25","118041616"
"chr1","148206766","148207009","chr25","59840746","59841003","23","88366020"
"chr1","148217392","148217517","chr25","59830169","59830290","15","88387223"
"chr1","148219593","148219735","chr12","17501194","17501337","25","130718399"
"chr1","148219778","148219872","chr2","581553","581647","16","147638225"
"chr1","148228195","148228485","chr25","59819232","59819534","31","88408963"
"chr1","148236929","148237254","chr25","59810479","59810806","20","88426450"
"chr1","148246595","148246762","chr17","53900325","53900504","50","94346270"
"chr1","148246804","148246925","chr25","59800868","59800984","15","88445936"
"chr1","148252992","148253114","chr25","59794695","59794817","6","88458297"
"chr1","148276615","148276933","chr25","59770247","59770540","37","88506368"
"chr1","148288546","148288670","chr5","1580960","1581084","21","146707586"
"chr1","148480572","148480828","chr25","59587877","59588133","16","88892695"
"chr1","148489434","148489548","chr25","22248142","22248257","21","126241292"
"chr1","148489593","148489766","chr13","88442031","88442198","31","60047562"
"chr1","148542690","148542813","chr25","59527807","59527928","4","89014883"
"chr1","148595721","148596049","chr25","59474941","59475257","37","89120780"
"chr1","148645642","148645900","chr6","16838693","16838955","63","131806949"
"chr1","148651038","148651334","chr9","68525091","68525390","58","80125947"
"chr1","148702247","148702529","chr14","10941325","10941609","25","137760922"
"chr1","148794127","148794386","chr25","59282100","59282364","28","89512027"
"chr1","148819958","148820273","chr1","64693061","64693376","69","84126897"
"chr1","148830987","148831248","chr2","62950479","62950743","55","85880508"
"chr1","148852147","148852437","chr25","59219300","59219602","31","89632847"
"chr1","148896609","148896878","chr25","59173874","59174144","38","89722735"
"chr1","148918885","148919167","chr6","17897970","17898250","75","131020915"
"chr1","148929434","148929730","chr6","28194245","28194544","61","120735189"
"chr1","148934672","148934936","chr25","59134876","59135143","34","89799796"
"chr1","148974277","148974408","chr25","59093019","59093143","13","89881258"
"chr1","149006615","149006908","chr25","59060667","59060975","35","89945948"
"chr1","149271136","149271426","chr25","58819998","58820261","45","90451138"
"chr1","149372361","149372663","chr24","46960246","46960552","62","102412115"
"chr1","149560081","149560386","chr20","87950409","87950710","80","61609672"
"chr1","149608319","149608605","chr27","9349689","9349961","84","140258630"
"chr1","149634510","149634812","chr25","58450528","58450829","19","91183982"
"chr1","149707788","149708094","chr6","39322200","39322511","66","110385588"
"chr1","149779681","149779992","chr25","58307355","58307662","28","91472326"
"chr1","149803989","149804300","chr5","25653868","25654181","54","124150121"
"chr1","149821772","149822055","chr16","36490651","36490942","73","113331121"
"chr1","149826213","149826503","chr9","57593540","57593810","70","92232673"
"chr1","149842813","149843092","chr25","58241567","58241846","15","91601246"
"chr1","149875432","149875594","chr16","14815460","14815624","41","135059972"
"chr1","149961558","149961868","chr21","30269145","30269452","64","119692413"
"chr1","149985404","149985715","chr25","58103342","58103654","17","91882062"
"chr1","149989664","149989950","chr25","58099008","58099296","19","91890656"
"chr1","150183415","150183717","chr2","36482850","36483144","62","113700565"
"chr1","150188053","150188353","chr21","25351246","25351547","58","124836807"
"chr1","150196211","150196501","chr8","7285889","7286184","59","142910322"
"chr1","150204242","150204477","chr25","57878963","57879194","26","92325279"
"chr1","150207524","150207781","chr25","57875684","57875941","29","92331840"
"chr1","150233740","150234049","chr14","20921240","20921546","66","129312500"
"chr1","150236184","150236305","chr7","19407517","19407637","22","130828667"
"chr1","150274243","150274545","chr12","40601683","40601983","52","109672560"
"chr1","150310708","150311003","chr25","57764466","57764746","34","92546242"
"chr1","150342043","150342331","chr25","57732579","57732865","21","92609464"
"chr1","150360192","150360473","chr11","13152605","13152877","74","137207587"
"chr1","150362921","150363219","chr25","57715203","57715499","26","92647718"
"chr1","150373633","150373956","chr3","56037381","56037697","70","94336252"
"chr1","150380874","150381006","chr28","12279503","12279634","21","138101371"
"chr1","150384215","150384426","chrX","45203839","45204056","48","105180376"
"chr1","150418226","150418502","chr25","57670172","57670450","16","92748054"
"chr1","150432557","150432820","chr25","57655296","57655556","24","92777261"
"chr1","150443737","150444045","chr18","21490626","21490936","64","128953111"
"chr1","150444559","150444864","chr25","57642765","57643069","22","92801794"
"chr1","150453402","150453648","chr2","85808101","85808348","56","64645301"
"chr1","150458769","150458879","chr25","57634419","57634529","3","92824350"
"chr1","150459223","150459469","chr12","26822893","26823128","59","123636330"
"chr1","150460392","150460695","chr9","21142627","21142926","63","129317765"
"chr1","150464436","150464746","chr5","27594562","27594865","57","122869874"
"chr1","150469602","150469756","chr16","4801979","4802133","29","145667623"
"chr1","150470063","150470113","chr5","10301449","10301497","10","140168614"
"chr1","150478989","150479152","chr25","57614683","57614823","35","92864306"
"chr1","150487765","150487993","chr3","66998439","66998645","54","83489326"
"chr1","150490838","150491001","chr25","57614683","57614823","35","92876155"
"chr1","150493270","150493433","chr25","57614683","57614823","35","92878587"
"chr1","150496282","150496510","chr3","66998439","66998645","54","83497843"
"chr1","150509691","150509979","chr25","57597343","57597649","37","92912348"
"chr1","150510652","150510953","chr6","3017083","3017366","76","147493569"
"chr1","150512232","150512459","chr25","57594833","57595062","32","92917399"
"chr1","150589069","150589304","chr25","57526514","57526739","25","93062555"
"chr1","150590662","150590920","chr25","57524917","57525177","22","93065745"
"chr1","150599520","150599724","chr28","14623595","14623797","46","135975925"
"chr1","150621233","150621357","chr6","7904235","7904357","19","142716998"
"chr1","150625115","150625410","chr6","6958199","6958491","61","143666916"
"chr1","150637655","150637965","chr25","57483286","57483602","30","93154369"
"chr1","150641865","150642143","chr25","57479124","57479404","19","93162741"
"chr1","150653898","150654207","chr25","57468148","57468452","19","93185750"
"chr1","150679536","150679846","chr25","57445147","57445464","37","93234389"
"chr1","150680526","150680811","chr25","57444184","57444480","40","93236342"
"chr1","150711255","150711551","chr25","57422300","57422598","27","93288955"
"chr1","150725304","150725593","chr25","57407648","57407953","45","93317656"
"chr1","150727475","150727769","chr5","73109745","73110040","64","77617730"
"chr1","150736787","150736905","chr1","54045395","54045510","28","96691392"
"chr1","150738422","150738737","chr25","57397524","57397829","36","93340898"
"chr1","150743963","150744290","chr28","18962086","18962395","74","131781877"
"chr1","150788068","150788394","chr25","57350964","57351280","26","93437104"
"chr1","150789850","150790166","chr25","57349189","57349481","46","93440661"
"chr1","150808926","150809223","chr25","57330925","57331230","19","93478001"
"chr1","150809234","150809531","chr25","57330925","57331230","19","93478309"
"chr1","150838576","150838726","chr5","14058777","14058931","28","136779799"
"chr1","150843194","150843505","chr25","57315989","57316310","38","93527205"
"chr1","150894653","150894965","chr5","26050866","26051163","57","124843787"
"chr1","150933486","150933779","chrX_KE148108v1_random","1020209","1020503","57","149913277"
"chr1","150935395","150935475","chr25","57236634","57236717","5","93698761"
"chr1","150937967","150938267","chr6","15239102","15239396","57","135698865"
"chr1","150947833","150948130","chrX","44931626","44931920","63","106016207"
"chr1","150951070","150951362","chr25","57221180","57221464","37","93729890"
"chr1","150975815","150975915","chr6","4520043","4520143","21","146455772"
"chr1","151010085","151010398","chr7","15499115","15499420","68","135510970"
"chr1","151019720","151020018","chr25","57156495","57156808","39","93863225"
"chr1","151028018","151028322","chr25","57148452","57148759","25","93879566"
"chr1","151066194","151066450","chr24","41011809","41012063","63","110054385"
"chr1","151117450","151117730","chr25","57068955","57069238","36","94048495"
"chr1","151219874","151219958","chrX","4670270","4670349","20","146549604"
"chr1","151267852","151268179","chr9","12001348","12001653","74","139266504"
"chr1","151291824","151292112","chr11","1946462","1946756","59","149345362"
"chr1","151350794","151351099","chr25","56844046","56844349","16","94506748"
"chr1","151423962","151424204","chr25","56777851","56778081","28","94646111"
"chr1","151516767","151516904","chr25","56686080","56686222","15","94830687"
"chr1","151538261","151538485","chr5","26115339","26115568","55","125422922"
"chr1","151540060","151540303","chr25","56672531","56672793","39","94867529"
"chr1","151544970","151545253","chr24","41217188","41217458","66","110327782"
"chr1","151545332","151545615","chr24","41217188","41217458","66","110328144"
"chr1","151561711","151561826","chr25","56654539","56654654","6","94907172"
"chr1","151591834","151592132","chr5","36085977","36086277","57","115505857"
"chr1","151683973","151684120","chr16","59975876","59976018","29","91708097"
"chr1","151684419","151684630","chr28","9336878","9337084","49","142347541"
"chr1","151727752","151728041","chr9","32521258","32521547","60","119206494"
"chr1","151863707","151863870","chr27","43817629","43817790","43","108046078"
"chr1","152010042","152010333","chr10","10826519","10826824","59","141183523"
"chr1","152080275","152080590","chr28","15141829","15142140","56","136938446"
"chr1","152248935","152249215","chr11","115066927","115067195","67","37182008"
"chr1","152249218","152249441","chr12","42190493","42190712","46","110058725"
"chr1","152278182","152278462","chr25","55963445","55963724","13","96314737"
"chr1","152346037","152346357","chr25","55898407","55898711","36","96447630"
"chr1","152533745","152534041","chr6","4408429","4408728","58","148125316"
"chr1","152594530","152594857","chr25","55663227","55663557","19","96931303"
"chr1","152652909","152653205","chr25","55610842","55611140","23","97042067"
"chr1","152653384","152653681","chr25","55610360","55610654","21","97043024"
"chr1","152685183","152685481","chr25","55572878","55573184","37","97112305"
"chr1","152708791","152708940","chr25","55548316","55548467","10","97160475"
"chr1","152709230","152709365","chr25","55547890","55548025","7","97161340"
"chr1","152728298","152728580","chr25","55527975","55528277","39","97200323"
"chr1","152766667","152766965","chr22","51094636","51094927","64","101672031"
"chr1","152773591","152773882","chr25","55478541","55478797","54","97295050"
"chr1","152786006","152786299","chr25","55465696","55465970","47","97320310"
"chr1","152834500","152834790","chr12","103939005","103939299","53","48895495"
"chr1","152837948","152838233","chrX","112497563","112497853","68","40340385"
"chr1","152856971","152857104","chr14","45279529","45279662","34","107577442"
"chr1","152885383","152885548","chr25","50804256","50804427","30","102081127"
"chr1","152899232","152899528","chr12","40601683","40601983","59","112297549"
"chr1","152918490","152918785","chr9","28078646","28078951","58","124839844"
"chr1","152925969","152926256","chr25","55338667","55338955","13","97587302"
"chr1","152932938","152933228","chr22","18288813","18289094","65","134644125"
"chr1","152989925","152990203","chr25","55270858","55271134","21","97719067"
"chr1","152992207","152992362","chr6","3191596","3191752","32","149800611"
"chr1","152992662","152992807","chr2","35996587","35996728","31","116996075"
"chr1","152994244","152994417","chr25","55266612","55266786","12","97727632"
"chr1","152995108","152995273","chr20","109109780","109109947","46","43885328"
"chr1","152995578","152995689","chr15","47641176","47641281","24","105354402"
"chr1","152998289","152998491","chr25","55262551","55262756","33","97735738"
"chr1","153000828","153000975","chr25","55259800","55259943","14","97741028"
"chr1","153017938","153018225","chr14","82806583","82806861","53","70211355"
"chr1","153020469","153020770","chr10","120410502","120410811","83","32609967"
"chr1","153027684","153027973","chr18","62320264","62320542","65","90707420"
"chr1","153049701","153049968","chr25","55211897","55212125","57","97837804"
"chr1","153068247","153068542","chr25","55190710","55191008","16","97877537"
"chr1","153077223","153077518","chr25","55182304","55182582","34","97894919"
"chr1","153085508","153085627","chr4","62078666","62078791","19","91006842"
"chr1","153087745","153087982","chr10","74668487","74668715","66","78419258"
"chr1","153100364","153100693","chr8","36187127","36187456","85","116913237"
"chr1","153109345","153109644","chr1","50286237","50286535","53","102823108"
"chr1","153111530","153111845","chr8","97635106","97635417","86","55476424"
"chr1","153113274","153113408","chr25","55146657","55146791","5","97966617"
"chr1","153121071","153121344","chr8","31656126","31656397","73","121464945"
"chr1","153131297","153131570","chr2","17218820","17219102","72","135912477"
"chr1","153132694","153132978","chr11","3237916","3238202","69","149894778"
"chr1","153172294","153172516","chr5","66445100","66445323","66","86727194"
"chr1","153172517","153172825","chr25","55091304","55091612","18","98081213"
"chr1","153172826","153172891","chr11","46484973","46485038","12","106687853"
"chr1","153178116","153178429","chr12","40601683","40601983","64","112576433"
"chr1","153185571","153185862","chr25","55078036","55078325","32","98107535"
"chr1","153214803","153215006","chr8","28330290","28330495","41","124884513"
"chr1","153225526","153225803","chr16","60184485","60184763","58","93041041"
"chr1","153233204","153233499","chr25","55031469","55031778","37","98201735"
"chr1","153263172","153263301","chr8","68545076","68545209","25","84718096"
"chr1","153341510","153341826","chr25","54931594","54931884","39","98409916"
"chr1","153365858","153366170","chr25","54904924","54905237","26","98460934"
"chr1","153371783","153372064","chr24","66161938","66162211","63","87209845"
"chr1","153373479","153373788","chr12","1205204","1205510","55","152168275"
"chr1","153374783","153375046","chr6","38097093","38097365","59","115277690"
"chr1","153412928","153413234","chr25","54865811","54866124","27","98547117"
"chr1","153524646","153524955","chr11","96472172","96472477","66","57052474"
"chr1","153645261","153645547","chr25","54696699","54697011","59","98948562"
"chr1","153648096","153648445","chr25","54693768","54694133","36","98954328"
"chr1","153682123","153682422","chr24","82012727","82013019","66","71669396"
"chr1","153844789","153845083","chr25","54529160","54529453","18","99315629"
"chr1","153876824","153877123","chr25","54507285","54507578","33","99369539"
"chr1","153882729","153883051","chr25","54501639","54501952","24","99381090"
"chr1","153894400","153894598","chr25","54490999","54491203","22","99403401"
"chr1","153903351","153903586","chr26","14196893","14197144","61","139706458"
"chr1","153925189","153925496","chr12","103939005","103939299","67","49986184"
"chr1","153935887","153936181","chr24","8193457","8193745","67","145742430"
"chr1","153937384","153937504","chr26","4543171","4543291","17","149394213"
"chr1","153937850","153938040","chr25","54446953","54447150","23","99490897"
"chr1","153948144","153948266","chr9","27638368","27638488","16","126309776"
"chr1","153973934","153974235","chr16","638228","638530","70","153335706"
"chr1","154003003","154003287","chr11","12839451","12839735","57","141163552"
"chr1","154012103","154012412","chr21","56594655","56594953","63","97417448"
"chr1","154014175","154014505","chr25","54367389","54367700","47","99646786"
"chr1","154035258","154035571","chr25","54349311","54349628","22","99685947"
"chr1","154054228","154054514","chr26","48913070","48913354","59","105141158"
"chr1","154079885","154080130","chr25","54278806","54279046","28","99801079"
"chr1","154157350","154157713","chr22","56145181","56145511","87","98012169"
"chr1","154246096","154246324","chr19","12069308","12069522","57","142176788"
"chr1","154246537","154246656","chr25","54105222","54105332","20","100141315"
"chr1","154246700","154246819","chr25","54105050","54105182","23","100141650"
"chr1","154278435","154278713","chr14","82806583","82806861","56","71471852"
"chr1","154419669","154419959","chr25","53942873","53943152","28","100476796"
"chr1","154458007","154458171","chr16","60036519","60036682","31","94421488"
"chr1","154548093","154548406","chr5","58946437","58946736","70","95601656"
"chr1","154566550","154566716","chr1","15830007","15830171","26","138736543"
"chr1","154611383","154611675","chr10","76220349","76220648","55","78391034"
"chr1","154712741","154713034","chr25","53661586","53661861","39","101051155"
"chr1","154743896","154744180","chr25","53630506","53630790","21","101113390"
"chr1","154768141","154768425","chr25","53606795","53607077","15","101161346"
"chr1","154840207","154840511","chr25","53533745","53534066","48","101306462"
"chr1","154871218","154871516","chr25","53502624","53502919","20","101368594"
"chr1","154873012","154873328","chr11","88861630","88861938","74","66011382"
"chr1","154897543","154897830","chr27","9735132","9735419","55","145162411"
"chr1","154922045","154922358","chr25","53447166","53447479","21","101474879"
"chr1","154949931","154950191","chr25","53409612","53409872","15","101540319"
"chr1","154953718","154953996","chr18","21204763","21205045","47","133748955"
"chr1","155024123","155024384","chr15","40972111","40972375","58","114052012"
"chr1","155119667","155119853","chr25","53233098","53233282","27","101886569"
"chr1","155138264","155138548","chr22","56171547","56171831","57","98966717"
"chr1","155158661","155158702","chr25","53196418","53196459","0","101962243"
"chr1","155159009","155159274","chr25","53195799","53196068","29","101963210"
"chr1","155194027","155194332","chr25","70650406","70650702","74","84543621"
"chr1","155207123","155207429","chr25","53125395","53125710","53","102081728"
"chr1","155235393","155235699","chr25","53125395","53125710","53","102109998"
"chr1","155254977","155255281","chr25","53102309","53102632","41","102152668"
"chr1","155260297","155260591","chr25","53096963","53097254","36","102163334"
"chr1","155265705","155265985","chr20","110355373","110355651","62","44910332"
"chr1","155270216","155270511","chr25","53087644","53087939","16","102182572"
"chr1","155290946","155291166","chr25","53067259","53067480","16","102223687"
"chr1","155306126","155306416","chr25","53052380","53052672","36","102253746"
"chr1","155316743","155317045","chr28","15141829","15142140","50","140174914"
"chr1","155322149","155322466","chr26","54104957","54105264","69","101217192"
"chr1","155332140","155332439","chr9","24065995","24066295","58","131266145"
"chr1","155333181","155333312","chr19","6700602","6700733","18","148632579"
"chr1","155371985","155372284","chr25","53001316","53001613","25","102370669"
"chr1","155377398","155377698","chr12","40601683","40601983","56","114775715"
"chr1","155461371","155461622","chr25","52899362","52899617","21","102562009"
"chr1","155461652","155461681","chrX","44668344","44668368","6","110793308"
"chr1","155474993","155475291","chr2","60703863","60704158","69","94771130"
"chr1","155533523","155533775","chr6","14677222","14677466","67","140856301"
"chr1","155559598","155559900","chr25","52821898","52822192","20","102737700"
"chr1","155680369","155680644","chr22","14834905","14835179","58","140845464"
"chr1","155722830","155723134","chr25","52650891","52651195","14","103071939"
"chr1","155810590","155810793","chr5","58665119","58665327","44","97145471"
"chr1","155898240","155898551","chr25","52478761","52479091","51","103419479"
"chr1","155906603","155906919","chr25","52469733","52470052","25","103436870"
"chr1","156057908","156058179","chr25","52319800","52320095","37","103738108"
"chr1","156163119","156163430","chr25","52213193","52213507","31","103949926"
"chr1","156176468","156176760","chr25","52199816","52200102","39","103976652"
"chr1","156491048","156491167","chr8","75819094","75819210","26","80671954"
"chr1","156595768","156596079","chr7","83107013","83107326","64","73488755"
"chr1","156715704","156715995","chr11","120022898","120023182","65","36692806"
"chr1","156872321","156872625","chr25","51573093","51573370","51","105299228"
"chr1","157018516","157018789","chr25","51433736","51434009","12","105584780"
"chr1","157106321","157106631","chr25","51340018","51340352","37","105766303"
"chr1","157122356","157122632","chr25","51323758","51324049","35","105798598"
"chr1","157153341","157153659","chr25","51293232","51293550","27","105860109"
"chr1","157183386","157183480","chr25","51263885","51263985","14","105919501"
"chr1","157190827","157191131","chr9","96956253","96956558","56","60234574"
"chr1","157206949","157207236","chr16","57847381","57847661","63","99359568"
"chr1","157208104","157208394","chr6","16487283","16487574","63","140720821"
"chr1","157208588","157208879","chr25","51238884","51239190","33","105969704"
"chr1","157223645","157223951","chr25","51223869","51224167","27","105999776"
"chr1","157255557","157255698","chr23","40545233","40545380","33","116710324"
"chr1","157255819","157255933","chr28","8122741","8122856","18","149133078"
"chr1","157273509","157273795","chr25","51174912","51175200","33","106098597"
"chr1","157296546","157296829","chr25","51151605","51151918","51","106144941"
"chr1","157303438","157303720","chr23","75432973","75433256","16","81870465"
"chr1","157320006","157320279","chr25","51129106","51129390","34","106190900"
"chr1","157330433","157330752","chr11","104926282","104926592","68","52404151"
"chr1","157357703","157358015","chr11","47302095","47302371","89","110055608"
"chr1","157455741","157455909","chr19","25091879","25092045","28","132363862"
"chr1","157461315","157461627","chr25","50986331","50986644","21","106474984"
"chr1","157481687","157481985","chr25","50966387","50966674","27","106515300"
"chr1","157483828","157484147","chr9","103606114","103606420","64","53877714"
"chr1","157490481","157490674","chr25","50959953","50960146","10","106530528"
"chr1","157535310","157535637","chr22","86794113","86794427","75","70741197"
"chr1","157542841","157543140","chr9","90765726","90766033","33","66777115"
"chr1","157558816","157559139","chr25","50892906","50893195","48","106665910"
"chr1","157624547","157624852","chr1","108506247","108506556","63","49118300"
"chr1","157655866","157655976","chr9","28743682","28743789","17","128912184"
"chr1","157673404","157673582","chr25","50780274","50780451","7","106893130"
"chr1","157701081","157701198","chr9","15035323","15035438","21","142665758"
"chr1","157737408","157737505","chr12","747887","747979","12","156989521"
"chr1","157788751","157789069","chr25","50683916","50684234","19","107104835"
"chr1","157790556","157790811","chr25","50682150","50682420","34","107108406"
"chr1","157867858","157868145","chr25","50614705","50614986","22","107253153"
"chr1","157946229","157946471","chr6","38210094","38210335","55","119736135"
"chr1","157976363","157976623","chr25","50510850","50511104","22","107465513"
"chr1","157989995","157990306","chr25","50496987","50497288","43","107493008"
"chr1","157998735","157998998","chr3","71573358","71573621","31","86425377"
"chr1","158006144","158006455","chr25","50491582","50491883","27","107514562"
"chr1","158014352","158014506","chr9","26370972","26371120","34","131643380"
"chr1","158014533","158014662","chr1","63425864","63425978","30","94588669"
"chr1","158085533","158085648","chr6","7876625","7876741","24","150208908"
"chr1","158104199","158104517","chr25","50394187","50394499","32","107710012"
"chr1","158106672","158106795","chr10","56793659","56793775","25","101313013"
"chr1","158107109","158107321","chr21","18712031","18712238","43","139395078"
"chr1","158138122","158138403","chr25","50360488","50360767","14","107777634"
"chr1","158144235","158144350","chr25","50354826","50354941","7","107789409"
"chr1","158151167","158151464","chr25","50353735","50354032","28","107797432"
"chr1","158153064","158153358","chr25","50351993","50352286","18","107801071"
"chr1","158196760","158197059","chr6","36970323","36970626","71","121226437"
"chr1","158232736","158233043","chr25","50269762","50270057","30","107962974"
"chr1","158272562","158272679","chrX","37754037","37754153","13","120518525"
"chr1","158276632","158276741","chr1","120798422","120798537","22","37478210"
"chr1","158296245","158296441","chr8","84910387","84910593","46","73385858"
"chr1","158313419","158313716","chr25","50200999","50201316","37","108112420"
"chr1","158333832","158334110","chr25","50181019","50181307","30","108152813"
"chr1","158335614","158335862","chr7","97631701","97631962","60","60703913"
"chr1","158339124","158339240","chr25","50175906","50176023","6","108163218"
"chr1","158365862","158366158","chr25","50151704","50152007","29","108214158"
"chr1","158377375","158377678","chr25","50141203","50141499","26","108236172"
"chr1","158414703","158414999","chr2","1314642","1314929","62","157100061"
"chr1","158415024","158415198","chr6","42438846","42439014","30","115976178"
"chr1","158415814","158415937","chr6","2355207","2355340","24","156060607"
"chr1","158422804","158423089","chr25","50104231","50104515","19","108318573"
"chr1","158425034","158425330","chr2","1314642","1314929","62","157110392"
"chr1","158433110","158433301","chr8","29289817","29290014","54","129143293"
"chr1","158444920","158445090","chr21","25966505","25966671","37","132478415"
"chr1","158446832","158447135","chr17","20110794","20111101","60","138336038"
"chr1","158466742","158466927","chr5","53130810","53130978","53","105335932"
"chr1","158466954","158467073","chr14","61430787","61430901","17","97036167"
"chr1","158485903","158486188","chr25","50044249","50044524","25","108441654"
"chr1","158489374","158489520","chr2","14602831","14602968","36","143886543"
"chr1","158492721","158493017","chr25","50037350","50037658","26","108455371"
"chr1","158496697","158497012","chr25","50033133","50033449","31","108463564"
"chr1","158559758","158560057","chr25","49970331","49970622","18","108589427"
"chr1","158586313","158586562","chr26","55558170","55558412","70","103028143"
"chr1","158635794","158636042","chr25","49904385","49904636","25","108731409"
"chr1","158676803","158677109","chr6","27683915","27684216","63","130992888"
"chr1","158697295","158697558","chr2","36485382","36485664","63","122211913"
"chr1","158710197","158710480","chr25","49846311","49846596","25","108863886"
"chr1","158721814","158722109","chr25","49831069","49831363","18","108890745"
"chr1","158753799","158754106","chr9","28726998","28727309","56","130026801"
"chr1","158761719","158762024","chr25","49789297","49789601","22","108972422"
"chr1","158773078","158773377","chr9","85224672","85224962","75","73548406"
"chr1","158808583","158808862","chr25","49741888","49742175","25","109066695"
"chr1","158812582","158812887","chr11","7771853","7772147","60","151040729"
"chr1","158813941","158814022","chr2","30163563","30163646","16","128650378"
"chr1","158817251","158817533","chr13","67381433","67381713","62","91435818"
"chr1","158896818","158897116","chr25","49664386","49664686","21","109232432"
"chr1","158935888","158936148","chr25","49626709","49626950","38","109309179"
"chr1","158964884","158965182","chr25","49599025","49599311","33","109365859"
"chr1","159019390","159019648","chr14","33848638","33848901","55","125170752"
"chr1","159040284","159040590","chr25","49532981","49533271","27","109507303"
"chr1","159054681","159054950","chr24","71471559","71471833","66","87583122"
"chr1","159056609","159056916","chr25","49514894","49515204","22","109541715"
"chr1","159056994","159057282","chr25","49514522","49514817","31","109542472"
"chr1","159074338","159074645","chr25","49496754","49497055","23","109577584"
"chr1","159097946","159098088","chr25","49476397","49476534","15","109621549"
"chr1","159143549","159143830","chr25","49428479","49428762","19","109715070"
"chr1","159168987","159169279","chr25","49406331","49406625","28","109762656"
"chr1","159172351","159172661","chr18","32854753","32855059","63","126317598"
"chr1","159179358","159179640","chr10","36604934","36605214","56","122574424"
"chr1","159208200","159208512","chr25","49365834","49366149","34","109842366"
"chr1","159215627","159215942","chr25","49358488","49358796","18","109857139"
"chr1","159224997","159225302","chrX","15190037","15190336","65","144034960"
"chr1","159238201","159238311","chr6","47674924","47675034","15","111563277"
"chr1","159246453","159246742","chr25","49328217","49328498","29","109918236"
"chr1","159258017","159258314","chr25","49316892","49317198","36","109941125"
"chr1","159263129","159263402","chr25","49311769","49312069","40","109951360"
"chr1","159280101","159280291","chr16","373833","374019","43","158906268"
"chr1","159282385","159282564","chr25","49291644","49291825","13","109990741"
"chr1","159288330","159288677","chrX","107245544","107245862","87","52042786"
"chr1","159295680","159295989","chr11","38771507","38771808","62","120524173"
"chr1","159311162","159311466","chr25","18114740","18115019","74","141196422"
"chr1","159321978","159322283","chr12","1445677","1445977","58","157876301"
"chr1","159328902","159329200","chr10","18707572","18707857","65","140621330"
"chr1","159332642","159332938","chr18","71966149","71966446","48","87366493"
"chr1","159336088","159336391","chr5","3945114","3945413","57","155390974"
"chr1","159351444","159351757","chr17","35306470","35306782","61","124044974"
"chr1","159398974","159399216","chr12","70779201","70779453","55","88619773"
"chr1","159399856","159400160","chr12","42477830","42478132","50","116922026"
"chr1","159401661","159401973","chr25","49165336","49165649","25","110236325"
"chr1","159450522","159450778","chr25","49116112","49116399","58","110334410"
"chr1","159473991","159474282","chr25","49092849","49093153","38","110381142"
"chr1","159476255","159476553","chr25","49090350","49090652","32","110385905"
"chr1","159479328","159479600","chr25","49087309","49087576","24","110392019"
"chr1","159483837","159484137","chr11","46343863","46344160","61","113139974"
"chr1","159500959","159501218","chr25","49069355","49069606","26","110431604"
"chr1","159520652","159520969","chr25","49049631","49049943","27","110471021"
"chr1","159582897","159583029","chr2","66410135","66410266","21","93172762"
"chr1","159609691","159609967","chr14","82806583","82806861","59","76803108"
"chr1","159672248","159672539","chrX","20401849","20402144","56","139270399"
"chr1","159675700","159676001","chr28","18962086","18962395","55","140713614"
"chr1","159685436","159685738","chr13","25945404","25945710","65","133740032"
"chr1","159711180","159711445","chr23","41912058","41912325","49","117799122"
"chr1","159721369","159721668","chrX_KE148108v1_random","1020209","1020503","46","158701160"
"chr1","159732410","159732655","chr25","48856153","48856377","36","110876257"
"chr1","159734609","159734800","chr21","71650592","71650783","44","88084017"
"chr1","159748715","159749025","chr25","48842425","48842711","44","110906290"
"chr1","159761477","159761778","chr11","108876845","108877144","62","50884632"
"chr1","159781094","159781400","chr25","48809176","48809484","23","110971918"
"chr1","159783989","159784291","chr25","48806280","48806583","29","110977709"
"chr1","159795102","159795412","chr19","22059884","22060190","59","137735218"
"chr1","159807678","159807940","chr25","48785177","48785434","19","111022501"
"chr1","159822912","159823213","chr25","44770913","44771213","60","115051999"
"chr1","159834189","159834485","chr20","119698523","119698818","65","40135666"
"chr1","159919791","159920064","chr7","58479107","58479375","57","101440684"
"chr1","159921508","159921756","chr6","16510699","16510951","73","143410809"
"chr1","159954266","159954571","chr25","48646304","48646608","25","111307962"
"chr1","159962855","159963160","chr25","48637474","48637782","33","111325381"
"chr1","159979331","159979637","chr25","48618609","48618918","30","111360722"
"chr1","160020376","160020672","chr5","26112911","26113207","61","133907465"
"chr1","160028610","160028719","chr25","48567899","48568012","9","111460711"
"chr1","160046642","160046891","chr12","88799353","88799596","63","71247289"
"chr1","160053657","160053933","chr25","48541378","48541654","14","111512279"
"chr1","160090793","160091099","chr25","48518950","48519256","22","111571843"
"chr1","160113916","160114047","chr3","88350526","88350659","19","71763390"
"chr1","160204015","160204145","chr25","48407421","48407551","5","111796594"
"chr1","160252350","160252609","chr25","48359408","48359668","14","111892942"
"chr1","160259631","160259915","chr25","48353427","48353711","19","111906204"
"chr1","160301284","160301387","chr25","48313175","48313278","6","111988109"
"chr1","160307311","160307579","chr25","48307072","48307340","12","112000239"
"chr1","160307583","160307752","chrX","18634973","18635140","35","141672610"
"chr1","160324706","160324899","chr11","125446906","125447096","43","34877800"
"chr1","160325204","160325326","chr3","7747914","7748037","18","152577290"
"chr1","160332533","160332842","chr25","48279545","48279845","37","112052988"
"chr1","160337443","160337639","chr25","48275487","48275677","30","112061956"
"chr1","160349665","160349892","chr25","48264793","48265019","17","112084872"
"chr1","160375640","160375930","chr25","48235927","48236226","23","112139713"
"chr1","160409661","160409954","chr12","43965982","43966279","57","116443679"
"chr1","160423261","160423550","chrX","36923137","36923438","54","123500124"
"chr1","160423700","160423811","chr25","48188678","48188788","8","112235022"
"chr1","160581483","160581791","chr25","48042493","48042797","31","112538990"
"chr1","160634359","160634467","chr25","47989810","47989917","7","112644549"
"chr1","160663980","160664283","chr18","32854753","32855059","55","127809227"
"chr1","160686950","160687263","chr25","47936222","47936492","57","112750728"
"chr1","160785350","160785648","chr25","47835071","47835367","36","112950279"
"chr1","160896059","160896333","chr6","32425994","32426271","56","128470065"
"chr1","160972579","160972661","chr25","47653228","47653308","9","113319351"
"chr1","161260918","161261057","chr25","47362410","47362552","11","113898508"
"chr1","161275155","161275414","chr9","8271967","8272222","59","153003188"
"chr1","161275474","161275516","chr25","47349172","47349214","0","113926302"
"chr1","161369506","161369620","chr25","47251189","47251301","4","114118317"
"chr1","161400518","161400834","chr25","47220806","47221127","33","114179712"
"chr1","161424671","161424966","chr25","47196522","47196817","14","114228149"
"chr1","161455853","161455903","chr28","7265075","7265126","11","154190778"
"chr1","161470046","161470172","chr22","57223227","57223351","22","104246819"
"chr1","161478274","161478577","chr25","47130903","47131214","21","114347371"
"chr1","161486389","161486685","chr9","227543","227844","59","161258846"
"chr1","161495636","161495778","chr25","47113520","47113666","10","114382116"
"chr1","161496069","161496242","chr25","47113065","47113233","19","114383004"
"chr1","161512800","161513120","chr25","47095803","47096114","32","114416997"
"chr1","161517067","161517157","chr25","47090519","47090615","12","114426548"
"chr1","161526944","161527218","chr25","47080486","47080776","36","114446458"
"chr1","161537652","161537945","chr1","50286237","50286535","53","111251415"
"chr1","161539433","161539518","chr25","47071533","47071618","5","114467900"
"chr1","161541613","161541887","chr5","26070411","26070686","55","135471202"
"chr1","161552896","161553018","chr25","47058207","47058331","11","114494689"
"chr1","161556904","161557129","chr25","47052582","47052808","18","114504322"
"chr1","161587780","161588030","chr4","76123794","76124046","55","85463986"
"chr1","161593032","161593340","chr25","47016193","47016511","29","114576839"
"chr1","161595391","161595704","chr25","47013848","47014140","41","114581543"
"chr1","161597894","161598180","chr21","102787135","102787428","65","58810759"
"chr1","161601597","161601860","chr25","47007681","47007952","35","114593916"
"chr1","161608834","161609125","chr17","52166611","52166903","70","109442223"
"chr1","161663588","161663830","chr5","22101993","22102229","64","139561595"
"chr1","161666732","161667012","chr25","46930951","46931252","36","114735781"
"chr1","161669205","161669377","chr16","45886415","45886593","41","115782790"
"chr1","161697265","161697530","chr25","46901122","46901419","55","114796143"
"chr1","161730281","161730381","chr25","46875428","46875530","6","114854853"
"chr1","161737058","161737374","chr25","1755268","1755573","45","159981790"
"chr1","161871382","161871664","chr25","46729889","46730179","33","115141493"
"chr1","161897140","161897259","chr25","46704534","46704652","10","115192606"
"chr1","161979011","161979277","chr18","58563958","58564242","76","103415053"
"chr1","162057776","162057891","chr25","46538097","46538212","1","115519679"
"chr1","162087975","162088259","chr25","46507736","46508020","21","115580239"
"chr1","162131516","162131799","chr25","1708455","1708741","56","160423061"
"chr1","162173472","162173762","chr25","46440603","46440897","20","115732869"
"chr1","162178116","162178275","chr21","13694179","13694340","31","148483937"
"chr1","162178307","162178426","chr12","10249472","10249589","15","151928835"
"chr1","162182742","162182957","chrX","45203839","45204056","52","116978903"
"chr1","162240644","162240849","chr4","85249638","85249844","54","76991006"
"chr1","162274353","162274636","chr25","46341450","46341738","22","115932903"
"chr1","162353671","162353793","chr9","17562482","17562603","26","144791189"
"chr1","162376009","162376306","chr25","46243039","46243344","30","116132970"
"chr1","162435147","162435391","chr2","65475682","65475929","54","96959465"
"chr1","162453872","162454174","chr25","46173448","46173750","23","116280424"
"chr1","162506934","162507238","chr8","92905847","92906151","70","69601087"
"chr1","162514519","162514799","chr5","52970816","52971093","53","109543703"
"chr1","162521377","162521707","chr14","46168489","46168788","78","116352888"
"chr1","162561876","162562152","chr28","9470543","9470817","54","153091333"
"chr1","162595581","162595737","chr19","27564141","27564298","26","135031440"
"chr1","162595768","162595870","chr8","24488687","24488794","17","138107081"
"chr1","162600015","162600296","chrX","128422198","128422476","51","34177817"
"chr1","162637667","162637976","chr25","45994406","45994697","45","116643261"
"chr1","162662066","162662370","chr1","58302532","58302829","54","104359534"
"chr1","162663508","162663787","chr16","70199526","70199803","59","92463982"
"chr1","162677549","162677857","chr25","45953026","45953336","27","116724523"
"chr1","162693993","162694145","chr6","16126892","16127047","33","146567101"
"chr1","162694413","162694534","chr9","26189430","26189554","22","136504983"
"chr1","162711942","162712163","chr20","24517895","24518114","44","138194047"
"chr1","162716672","162716841","chr21","25966505","25966671","28","136750167"
"chr1","162717148","162717279","chr14","21806073","21806204","23","140911075"
"chr1","162721802","162722094","chrX","48528467","48528761","62","114193335"
"chr1","162739419","162739548","chr11","48048179","48048309","24","114691240"
"chr1","162750534","162750851","chr25","45875715","45876010","38","116874819"
"chr1","162765733","162766033","chr25","45860701","45860986","33","116905032"
"chr1","162780902","162781116","chr25","45846344","45846561","30","116934558"
"chr1","162782208","162782555","chr25","45844594","45844966","48","116937614"
"chr1","162845265","162845572","chr5","25644337","25644643","57","137200928"
"chr1","162852098","162852386","chr25","45766385","45766683","35","117085713"
"chr1","162857137","162857412","chr25","45761189","45761481","34","117095948"
"chr1","162927733","162927862","chr25","45703219","45703335","20","117224514"
"chr1","162935131","162935438","chr9","114359079","114359389","64","48576052"
"chr1","163003482","163003784","chr19","13096889","13097191","61","149906593"
"chr1","163020852","163021169","chr25","45615232","45615545","27","117405620"
"chr1","163027342","163027660","chr25","45607294","45607621","54","117420048"
"chr1","163028868","163029167","chr25","45605802","45606094","22","117423066"
"chr1","163045589","163045861","chr25","45587550","45587822","21","117458039"
"chr1","163045911","163046210","chrX","20401849","20402144","67","142644062"
"chr1","163069916","163070220","chr25","45563743","45564046","24","117506173"
"chr1","163080019","163080321","chr25","45553498","45553810","37","117526521"
"chr1","163094911","163095213","chr25","45538360","45538662","21","117556551"
"chr1","163100847","163100962","chr1","8128376","8128492","17","154972471"
"chr1","163101011","163101175","chr11","106874009","106874178","36","56227002"
"chr1","163109329","163109508","chr21","123761266","123761447","46","39348063"
"chr1","163129056","163129369","chr20","112495489","112495789","64","50633567"
"chr1","163168157","163168407","chr6","11192729","11192967","52","151975428"
"chr1","163268896","163269182","chr25","45364248","45364532","22","117904648"
"chr1","163384269","163384551","chr25","45250030","45250314","20","118134239"
"chr1","163398653","163398953","chr25","45239071","45239371","32","118159582"
"chr1","163399217","163399484","chr11","7103054","7103302","56","156296163"
"chr1","163399681","163399991","chr25","45237927","45238251","38","118161754"
"chr1","163439772","163440063","chr11","58114921","58115213","54","105324851"
"chr1","163444746","163445055","chr25","45194405","45194719","31","118250341"
"chr1","163452177","163452485","chr5","36390138","36390448","50","127062039"
"chr1","163458386","163458646","chr25","45180971","45181209","34","118277415"
"chr1","163471667","163471927","chr18","22474747","22475004","51","140996920"
"chr1","163501467","163501752","chr8","98215824","98216113","65","65285643"
"chr1","163632639","163632827","chr11","46216743","46216928","35","117415896"
"chr1","163633135","163633250","chr18","53873532","53873639","28","109759603"
"chr1","163636046","163636291","chr9","61341096","61341321","55","102294950"
"chr1","163661008","163661290","chr1","77923972","77924229","74","85737036"
"chr1","163665621","163665929","chr25","44973732","44974023","36","118691889"
"chr1","163710003","163710317","chr25","44929675","44929987","26","118780328"
"chr1","163723566","163723682","chr25","44914801","44914917","5","118808765"
"chr1","163738249","163738552","chr12","40601683","40601983","60","123136566"
"chr1","163772747","163773049","chr25","44865009","44865308","16","118907738"
"chr1","163789162","163789455","chr9","26075752","26076042","60","137713410"
"chr1","163799791","163800069","chr14","80297889","80298176","61","83501902"
"chr1","163808410","163808638","chr22","5967700","5967945","60","157840710"
"chr1","163867986","163868280","chr25","44770913","44771213","19","119097073"
"chr1","163913788","163913875","chr18","45564589","45564672","22","118349199"
"chr1","163949885","163950067","chrX","17022862","17023039","45","146927023"
"chr1","163992410","163992719","chrX","55535880","55536182","62","108456530"
"chr1","164032971","164033268","chr25","44602786","44603072","33","119430185"
"chr1","164090495","164090791","chr28","13869656","13869964","67","150220839"
"chr1","164105184","164105480","chr28","13869656","13869964","67","150235528"
"chr1","164167587","164167918","chr15","88056393","88056703","70","76111194"
"chr1","164213940","164214115","chr19","20852759","20852912","44","143361181"
"chr1","164214402","164214563","chr12","6714736","6714897","30","157499666"
"chr1","164214732","164214992","chr25","44446220","44446479","37","119768512"
"chr1","164231575","164231879","chr25","44429592","44429887","30","119801983"
"chr1","164235474","164235755","chr5","72570017","72570299","66","91665457"
"chr1","164292209","164292293","chr4","31944528","31944601","18","132347681"
"chr1","164304973","164305072","chr25","44365237","44365336","2","119939736"
"chr1","164310527","164310821","chr9","41178783","41179060","72","123131744"
"chr1","164332513","164332843","chr25","44336874","44337192","40","119995639"
"chr1","164335582","164335905","chr25","44333876","44334201","26","120001706"
"chr1","164336267","164336532","chr25","44333248","44333517","18","120003019"
"chr1","164379326","164379608","chr25","44294047","44294334","24","120085279"
"chr1","164392742","164392940","chr15","15513543","15513742","57","148879199"
"chr1","164393197","164393426","chr10","37080778","37081010","50","127312419"
"chr1","164394930","164395236","chr25","44277157","44277461","17","120117773"
"chr1","164415072","164415196","chr25","44256868","44256991","11","120158204"
"chr1","164431217","164431519","chr25","44239947","44240241","27","120191270"
"chr1","164451563","164451679","chr25","44219721","44219839","5","120231842"
"chr1","164470188","164470481","chr25","44200048","44200343","32","120270140"
"chr1","164496761","164497036","chr21","35203565","35203849","69","129293196"
"chr1","164504380","164504644","chr25","44169985","44170239","34","120334395"
"chr1","164507980","164508101","chr3","37584026","37584149","19","126923954"
"chr1","164509782","164510070","chr14","51214759","51215056","58","113295023"
"chr1","164512285","164512580","chr25","44159915","44160198","24","120352370"
"chr1","164526421","164526535","chr18","30186654","30186770","20","134339767"
"chr1","164527098","164527386","chr5","25623557","25623845","64","138903541"
"chr1","164560323","164560433","chr16","30425753","30425867","31","134134570"
"chr1","164614156","164614483","chr10","10306247","10306581","29","154307909"
"chr1","164630783","164631074","chr25","44057726","44058029","31","120573057"
"chr1","164635464","164635771","chr25","44052822","44053128","33","120582642"
"chr1","164681425","164681546","chr9","60369863","60369986","20","104311562"
"chr1","164715772","164716084","chr25","43976887","43977199","24","120738885"
"chr1","164846002","164846118","chr14","35693524","35693639","16","129152478"
"chr1","164846815","164847072","chr1","121081264","121081542","64","43765551"
"chr1","164904409","164904633","chr1","105393235","105393461","57","59511174"
"chr1","164917234","164917441","chr26","7049078","7049282","54","157868156"
"chr1","164931982","164932184","chr25","43771224","43771428","23","121160758"
"chr1","164933179","164933428","chr25","43769973","43770222","11","121163206"
"chr1","164991650","164991954","chr9","112297756","112298061","65","52693894"
"chr1","164992046","164992332","chr25","43707949","43708239","26","121284097"
"chr1","165106149","165106211","chr25","43610203","43610264","6","121495946"
"chr1","165106506","165106660","chr25","43609767","43609920","12","121496739"
"chr1","165109495","165109739","chr25","43606716","43606937","37","121502779"
"chr1","165141492","165141538","chr5","75028234","75028278","8","90113258"
"chr1","165146802","165147106","chr25","43570209","43570508","37","121576593"
"chr1","165175477","165175770","chr8","137395739","137396022","56","27779738"
"chr1","165518406","165518696","chr6","8941998","8942292","62","156576408"
"chr1","165527501","165527816","chr3","28499359","28499659","79","137028142"
"chr1","165605712","165606014","chr25","43115077","43115373","17","122490635"
"chr1","165626786","165627083","chr12","40601683","40601983","50","125025103"
"chr1","165668120","165668433","chr25","43050425","43050736","33","122617695"
"chr1","165668479","165668490","chr6","40064315","40064327","1","125604164"
"chr1","165688051","165688293","chr6","4320974","4321203","60","161367077"
"chr1","165704976","165705289","chr25","43013669","43013999","34","122691307"
"chr1","165749242","165749541","chr25","42982879","42983167","33","122766363"
"chr1","165871253","165871531","chr25","42852934","42853212","16","123018319"
"chr1","165911323","165911410","chrX","7856721","7856811","15","158054602"
"chr1","165951507","165951798","chr10","104632732","104633033","68","61318775"
"chr1","165959300","165959421","chr24","14032129","14032252","19","151927171"
"chr1","166116470","166116726","chr8","48924283","48924539","69","117192187"
"chr1","166254471","166254745","chr16","50886549","50886820","65","115367922"
"chr1","166396235","166396477","chr22","7000066","7000313","54","159396169"
"chr1","166500431","166500723","chr2","85090224","85090516","69","81410207"
"chr1","166525059","166525332","chr18","21204763","21205045","64","145320296"
"chr1","166572216","166572529","chr25","42201518","42201857","56","124370698"
"chr1","166578307","166578433","chr25","42195861","42195987","8","124382446"
"chr1","166602524","166602650","chr25","42195861","42195987","8","124406663"
"chr1","166674845","166675136","chr1","6926108","6926403","60","159748737"
"chr1","166810485","166810797","chr25","41996798","41997110","21","124813687"
"chr1","166846678","166846951","chr25","41959584","41959857","17","124887094"
"chr1","166898985","166899266","chr25","41910449","41910732","29","124988536"
"chr1","166937135","166937427","chr20","20972118","20972409","58","145965017"
"chr1","167015537","167015770","chr25","41850511","41850746","15","125165026"
"chr1","167058570","167058584","chr6","7410178","7410192","3","159648392"
"chr1","167058621","167058826","chr12","88226566","88226768","53","78832055"
"chr1","167198834","167199075","chr2","87826935","87827179","64","79371899"
"chr1","167267169","167267345","chr6","39411898","39412075","41","127855271"
"chr1","167267641","167267780","chr5","35708787","35708922","27","131558854"
"chr1","167322101","167322389","chr7","122607868","122608161","62","44714233"
"chr1","167801992","167802307","chr25","41050962","41051263","35","126751030"
"chr1","167835262","167835543","chr15","48158403","48158695","76","119676859"
"chr1","168015104","168015392","chr25","40822437","40822715","37","127192667"
"chr1","168169969","168170240","chr25","40685733","40685993","33","127484236"
"chr1","168174023","168174139","chr25","40681641","40681757","8","127492382"
"chr1","168203840","168204146","chr25","40652311","40652614","24","127551529"
"chr1","168210494","168210776","chr25","40645239","40645521","22","127565255"
"chr1","168221433","168221510","chr16","8957064","8957145","23","159264369"
"chr1","168315553","168315780","chr2","46990932","46991142","59","121324621"
"chr1","168512526","168512562","chr20","19743803","19743837","8","148768723"
"chr1","168512592","168512766","chr21","52321423","52321596","43","116191169"
"chr1","168626935","168627247","chr9","94213482","94213792","83","74413453"
"chr1","168795587","168795891","chr20","40661925","40662238","31","128133662"
"chr1","168833623","168833954","chr9","24796632","24796946","86","144036991"
"chr1","168847901","168848168","chr25","40042526","40042771","43","128805375"
"chr1","168850165","168850474","chr25","40040448","40040760","43","128809717"
"chr1","168877236","168877509","chr8","8338249","8338530","65","160538987"
"chr1","169003058","169003350","chr9","32521258","32521547","65","136481800"
"chr1","169019717","169019889","chr6","46606056","46606223","41","122413661"
"chr1","169089813","169089947","chr6","47860248","47860381","33","121229565"
"chr1","169089994","169090115","chr1","18048268","18048387","30","151041726"
"chr1","169241251","169241546","chr5","20771844","20772137","68","148469407"
"chr1","169261930","169262216","chr5","34644718","34645004","66","134617212"
"chr1","169432740","169432898","chr12","81756667","81756825","38","87676073"
"chr1","169432967","169433084","chr6","8061796","8061917","25","161371171"
"chr1","169499489","169499757","chr25","39364136","39364411","27","130135353"
"chr1","169596983","169597266","chr1","56774374","56774663","72","112822609"
"chr1","169634292","169634573","chr25","39221497","39221774","26","130412795"
"chr1","169677247","169677363","chr1","10195053","10195171","28","159482194"
"chr1","169694983","169695102","chrX","20103770","20103890","16","149591213"
"chr1","169839250","169839533","chr25","74328453","74328742","74","95510797"
"chr1","169910930","169911237","chr6","2173195","2173490","71","167737735"
"chr1","169953990","169954287","chr25","38895209","38895503","28","131058781"
"chr1","169994192","169994468","chr20","9172636","9172911","65","160821556"
"chr1","170037761","170038065","chr25","38812944","38813235","44","131224817"
"chr1","170142779","170143073","chr9","95951467","95951766","70","74191312"
"chr1","170183552","170183714","chr20","55700367","55700529","36","114483185"
"chr1","170337433","170337546","chr9","75441422","75441536","22","94896011"
"chr1","170343402","170343652","chr25","38508407","38508641","68","131834995"
"chr1","170555477","170555786","chr25","38293862","38294185","34","132261615"
"chr1","170626564","170626855","chr25","38212888","38213178","28","132413676"
"chr1","170689784","170690087","chr25","38153762","38154064","26","132536022"
"chr1","170694400","170694703","chr20","108198380","108198678","69","62496020"
"chr1","170789586","170789833","chr22","40452084","40452329","70","130337502"
"chr1","170853278","170853550","chr25","37989328","37989593","36","132863950"
"chr1","170906803","170906974","chr8","93199410","93199579","37","77707393"
"chr1","171014861","171015163","chr1","32857246","32857542","67","138157615"
"chr1","171045600","171045898","chr21","117095870","117096167","72","53949730"
"chr1","171056019","171056349","chr10","56292774","56293085","85","114763245"
"chr1","171097796","171098040","chr25","37738022","37738266","20","133359774"
"chr1","171199211","171199501","chr6","40260439","40260743","70","130938772"
"chr1","171361394","171361693","chr8","93067883","93068179","62","78293511"
"chr1","171493349","171493663","chr12","107972338","107972650","71","63521011"
"chr1","171500318","171500546","chr24","7910065","7910274","64","163590253"
"chr1","171549900","171550243","chr11","121084397","121084739","73","50465503"
"chr1","171565050","171565375","chr22","8285152","8285468","67","163279898"
"chr1","171702126","171702210","chr25","37142431","37142515","0","134559695"
"chr1","171707066","171707354","chr25","37137223","37137528","34","134569843"
"chr1","171728130","171728397","chr25","37119763","37120011","36","134608367"
"chr1","171742428","171742740","chr12","103939005","103939299","76","67803423"
"chr1","171756178","171756336","chr5","35708363","35708512","40","136047815"
"chr1","171920429","171920514","chr23","43753974","43754060","11","128166455"
"chr1","171972122","171972244","chr25","36883526","36883653","13","135088596"
"chr1","171985399","171985698","chr10","93299844","93300140","66","78685555"
"chr1","172027559","172027689","chr25","36827287","36827417","6","135200272"
"chr1","172035758","172035906","chrX","23341072","23341214","35","148694686"
"chr1","172036202","172036336","chr5","20053982","20054113","35","151982220"
"chr1","172064727","172065035","chr22","46902345","46902650","64","125162382"
"chr1","172098611","172098874","chrX_KE148108v1_random","1580542","1580807","56","170518069"
"chr1","172141061","172141322","chr25","36693193","36693469","31","135447868"
"chr1","172169162","172169456","chr25","36661359","36661652","22","135507803"
"chr1","172195634","172195832","chr25","36636643","36636840","12","135558991"
"chr1","172198772","172199069","chr15","21109422","21109716","65","151089350"
"chr1","172205826","172206155","chr25","36626667","36626982","32","135579159"
"chr1","172270888","172271205","chr16","54384287","54384608","73","117886601"
"chr1","172366812","172366935","chr11","31770778","31770903","22","140596034"
"chr1","172373906","172374029","chr11","31770778","31770903","22","140603128"
"chr1","172451415","172451698","chr16","68699325","68699604","61","103752090"
"chr1","172455594","172455890","chr16","58426539","58426835","56","114029055"
"chr1","172529877","172530168","chr25","36314335","36314626","25","136215542"
"chr1","172567785","172568062","chr23","12083502","12083789","71","160484283"
"chr1","172726291","172726581","chr10","104442200","104442487","61","68284091"
"chr1","172876966","172876979","chr1","92083515","92083527","1","80793451"
"chr1","172877172","172877399","chr25","36001873","36002092","38","136875299"
"chr1","173041851","173042047","chr25","35834592","35834777","23","137207259"
"chr1","173174139","173174249","chr16","64205305","64205416","18","108968834"
"chr1","173174290","173174492","chr21","13768338","13768525","51","159405952"
"chr1","173232076","173232381","chr25","35645924","35646228","22","137586152"
"chr1","173287027","173287200","chr7","86183552","86183712","46","87103475"
"chr1","173437445","173437720","chr25","35452441","35452745","44","137985004"
"chr1","173731013","173731315","chr3","28499359","28499659","67","145231654"
"chr1","173957439","173957752","chr25","34919642","34919954","40","139037797"
"chr1","173959917","173960224","chr25","34917176","34917485","47","139042741"
"chr1","173965546","173965662","chr25","34903995","34904103","17","139061551"
"chr1","174015493","174015783","chr6","33577415","33577700","64","140438078"
"chr1","174047245","174047421","chr6","28299814","28299987","42","145747431"
"chr1","174047740","174047793","chr16","1033962","1034009","13","173013778"
"chr1","174117176","174117459","chr7","129888540","129888820","74","44228636"
"chr1","174173090","174173210","chr25","34715410","34715530","6","139457680"
"chr1","174194020","174194319","chr25","34693755","34694060","29","139500265"
"chr1","174248631","174248955","chr25","34641880","34642228","50","139606751"
"chr1","174476765","174476995","chr7","133942541","133942760","68","40534224"
"chr1","174481138","174481431","chr25","34401960","34402239","41","140079178"
"chr1","174589189","174589476","chr25","34305360","34305652","22","140283829"
"chr1","174637694","174638003","chr6","39322200","39322511","62","135315494"
"chr1","174686473","174686602","chr25","34209193","34209324","11","140477280"
"chr1","174706346","174706638","chr25","34186254","34186576","60","140520092"
"chr1","174785584","174785864","chr20","109176413","109176679","65","65609171"
"chr1","174941335","174941642","chr8","97635106","97635417","74","77306229"
"chr1","175020869","175021136","chr25","33884958","33885226","18","141135911"
"chr1","175134882","175135140","chr25","33766141","33766399","22","141368741"
"chr1","175235633","175235915","chr25","33662460","33662745","23","141573173"
"chr1","175295342","175295646","chr25","33603164","33603469","23","141692178"
"chr1","175631610","175631916","chr25","33298222","33298526","57","142333388"
"chr1","175819165","175819436","chr20_KE148049v1_random","186964","187241","67","175632201"
"chr1","176219611","176219899","chr25","32589957","32590239","27","143629654"
"chr1","176288436","176288697","chr25","32484049","32484311","20","143804387"
"chr1","176384356","176384508","chr16","4801979","4802133","36","171582377"
"chr1","176388743","176389017","chr25","32517057","32517297","58","143871686"
"chr1","176512180","176512290","chr25","32407653","32407773","18","144104527"
"chr1","176527897","176528195","chr25","32398443","32398724","55","144129454"
"chr1","176608402","176608700","chr22","45615109","45615406","47","130993293"
"chr1","176614302","176614466","chr25","32301824","32302003","25","144312478"
"chr1","176614778","176614900","chr25","32301394","32301521","8","144313384"
"chr1","176655787","176655909","chr25","32301394","32301521","8","144354393"
"chr1","176656221","176656385","chr25","32301824","32302003","24","144354397"
"chr1","176801550","176801855","chrX","37012104","37012411","69","139789446"
"chr1","177203438","177203692","chr25","31756128","31756381","18","145447310"
"chr1","177279450","177279720","chr25","31680017","31680292","18","145599433"
"chr1","177294829","177295139","chr25","31666343","31666624","46","145628486"
"chr1","177308056","177308289","chr25","31652799","31653030","14","145655257"
"chr1","177311123","177311254","chrX","60317374","60317503","24","116993749"
"chr1","177359533","177359650","chr22","22496653","22496769","19","154862880"
"chr1","177360835","177360953","chr25","31600721","31600839","7","145760114"
"chr1","177384281","177384584","chr25","31580971","31581255","41","145803310"
"chr1","177390695","177390755","chr25","31574549","31574609","1","145816146"
"chr1","177390884","177391183","chr25","31574133","31574441","36","145816751"
"chr1","177426450","177426749","chr25","31574133","31574441","36","145852317"
"chr1","177426878","177426938","chr25","31574549","31574609","1","145852329"
"chr1","177433027","177433330","chr25","31580971","31581255","41","145852056"
"chr1","177534288","177534600","chr8","114471147","114471442","63","63063141"
"chr1","177560590","177560853","chr28_KE148105v1_random","328212","328482","61","177232378"
"chr1","177566860","177567156","chr25","31408199","31408496","29","146158661"
"chr1","177642358","177642618","chrX","128422198","128422476","60","49220160"
"chr1","177733313","177733631","chr25","31250849","31251171","31","146482464"
"chr1","177743255","177743552","chr9","227543","227844","61","177515712"
"chr1","177744852","177745168","chr25","31238972","31239278","40","146505880"
"chr1","177754758","177754934","chr25","31229218","31229382","25","146525540"
"chr1","177754980","177755056","chrX","5793868","5793940","20","171961112"
"chr1","177774003","177774315","chr25","31210813","31211126","24","146563190"
"chr1","177924723","177925020","chr12","97296182","97296467","65","80628541"
"chr1","178066753","178067045","chr25","30928590","30928856","55","147138163"
"chr1","178130560","178130853","chr25","30845127","30845421","24","147285433"
"chr1","178156481","178156783","chr24","41733501","41733797","72","136422980"
"chr1","178163745","178164042","chr19","9321868","9322163","67","168841877"
"chr1","178405882","178406178","chr10","93724941","93725240","59","84680941"
"chr1","178480852","178481134","chr8","96124162","96124444","66","82356690"
"chr1","178635857","178636153","chr25","30357346","30357630","36","148278511"
"chr1","178670480","178670690","chr6","48150339","48150546","50","130520141"
"chr1","178774246","178774547","chr12","103939005","103939299","54","74835241"
"chr1","178821034","178821309","chr25","30163273","30163557","39","148657761"
"chr1","178836498","178836713","chr25","30147824","30148026","28","148688674"
"chr1","178888015","178888218","chr13","21750551","21750783","64","157137464"
"chr1","178918172","178918470","chr25","30062442","30062713","40","148855730"
"chr1","178984762","178985127","chr25","29998086","29998365","101","148986676"
"chr1","179070392","179070670","chr25","29917234","29917526","27","149153158"
"chr1","179098934","179099212","chr25","29917234","29917526","27","149181700"
"chr1","179193694","179193957","chr1","77923972","77924229","69","101269722"
"chr1","179389748","179389831","chr25","29627642","29627725","6","149762106"
"chr1","179456553","179456671","chr1","8128376","8128492","18","171328177"
"chr1","179459544","179459674","chr21","13935603","13935737","30","165523941"
"chr1","179463355","179463499","chr25","29566808","29566955","11","149896547"
"chr1","179463526","179463552","chr19","27637678","27637705","7","151825848"
"chr1","179470737","179470855","chr1","8128376","8128492","18","171342361"
"chr1","179471401","179471696","chr25","18114740","18115019","64","161356661"
"chr1","179475598","179475866","chr18","62940144","62940412","58","116535454"
"chr1","179480064","179480350","chr28","2129818","2130116","61","177350246"
"chr1","179488013","179488307","chr25","29541172","29541463","25","149946841"
"chr1","179510943","179511228","chr9","24058582","24058854","78","155452361"
"chr1","179515639","179515924","chr9","24058582","24058854","77","155457057"
"chr1","179518705","179519000","chr25","29513023","29513323","25","150005682"
"chr1","179522549","179522850","chr25","29509339","29509639","26","150013210"
"chr1","179528417","179528671","chr14","42078434","42078678","61","137449983"
"chr1","179535363","179535435","chr28","10151137","10151209","10","169384226"
"chr1","179548952","179549078","chr2","77804104","77804228","16","101744848"
"chr1","179549377","179549573","chr6","38910331","38910528","42","140639046"
"chr1","179561945","179562269","chr25","29462128","29462447","33","150099817"
"chr1","179567719","179567978","chr25","29456309","29456563","60","150111410"
"chr1","179569962","179570090","chrX","60317374","60317503","22","119252588"
"chr1","179578948","179579210","chr25","29446579","29446878","53","150132369"
"chr1","179579435","179579740","chr2","58980970","58981271","54","120598465"
"chr1","179584209","179584280","chr9","29457514","29457583","17","150126695"
"chr1","179586326","179586492","chr10","101551040","101551200","39","78035286"
"chr1","179592969","179593269","chr11","104926282","104926592","59","74666687"
"chr1","179598326","179598598","chr25","29428322","29428579","39","150170004"
"chr1","179599193","179599485","chr25","29427360","29427651","27","150171833"
"chr1","179600353","179600573","chr11","71454190","71454404","48","108146163"
"chr1","179605893","179606190","chr25","29420207","29420500","35","150185686"
"chr1","179608163","179608321","chr16","4534758","4534919","31","175073405"
"chr1","179608614","179608740","chr6","42175079","42175207","28","137433535"
"chr1","179614543","179614736","chr25","29412554","29412742","13","150201989"
"chr1","179615021","179615097","chr25","29412171","29412254","12","150202850"
"chr1","179622972","179623095","chr25","29403448","29403572","7","150219524"
"chr1","179626136","179626443","chr17","66907259","66907557","56","112718877"
"chr1","179629753","179630063","chr25","29396414","29396713","28","150233339"
"chr1","179634333","179634630","chr25","29391210","29391514","44","150243123"
"chr1","179641312","179641438","chr25","29384027","29384153","9","150257285"
"chr1","179677275","179677564","chr9","14828939","14829229","59","164848336"
"chr1","179710445","179710561","chr25","29320532","29320647","9","150389913"
"chr1","179728063","179728281","chr25","29302764","29302983","20","150425299"
"chr1","179730513","179730773","chr25","29300249","29300500","23","150430264"
"chr1","179747041","179747313","chr16","1510704","1510970","65","178236337"
"chr1","179748217","179748528","chr25","29282403","29282704","21","150465814"
"chr1","179780909","179781191","chr25","29248554","29248834","17","150532355"
"chr1","179793785","179793997","chr16","1180867","1181072","59","178612918"
"chr1","179861818","179862087","chr6","11668104","11668371","57","168193714"
"chr1","179862094","179862227","chr25","29182640","29182769","15","150679454"
"chr1","179866751","179867051","chr25","29177803","29178101","22","150688948"
"chr1","179890328","179890608","chr25","29154212","29154499","24","150736116"
"chr1","179900392","179900690","chr12","40601683","40601983","56","139298709"
"chr1","179915080","179915196","chr16","15335705","15335827","22","164579375"
"chr1","179915494","179915674","chr5","58644293","58644474","43","121271201"
"chr1","179916048","179916066","chr1","29059561","29059577","3","150856487"
"chr1","179916860","179916954","chr25","29129271","29129365","5","150787589"
"chr1","179929830","179930000","chr25","29116685","29116836","30","150813145"
"chr1","179930648","179930753","chr2","50066537","50066641","27","129864111"
"chr1","179941346","179941456","chr9","97436654","97436762","19","82504692"
"chr1","179951398","179951704","chr25","29094548","29094841","44","150856850"
"chr1","179964934","179965222","chr25","29082473","29082767","24","150882461"
"chr1","179966080","179966388","chr25","29081318","29081634","27","150884762"
"chr1","179979680","179979810","chr12","98498322","98498453","27","81481358"
"chr1","179980104","179980260","chr22","41153421","41153581","31","138826683"
"chr1","179988232","179988491","chr25","29064790","29065048","40","150923442"
"chr1","179992478","179992780","chr25","29059839","29060140","16","150932639"
"chr1","180001715","180002001","chr25","29050454","29050738","19","150951261"
"chr1","180010897","180011059","chr25","29041431","29041568","32","150969466"
"chr1","180017359","180017657","chr25","29034618","29034920","25","150982741"
"chr1","180024708","180024877","chr25","29027146","29027306","14","150997562"
"chr1","180045535","180045841","chr25","29006191","29006498","21","151039344"
"chr1","180054060","180054371","chr25","65612253","65612573","72","114441807"
"chr1","180059098","180059404","chr11","104479228","104479515","62","75579870"
"chr1","180063335","180063645","chr5","36390138","36390448","48","143673197"
"chr1","180098980","180099107","chr21","2695583","2695715","23","177403397"
"chr1","180121865","180122193","chr25","28923569","28923884","32","151198296"
"chr1","180131242","180131533","chr25","28914006","28914297","20","151217236"
"chr1","180134644","180134939","chr25","28910619","28910911","21","151224025"
"chr1","180139930","180140131","chr6","7205470","7205644","61","172934460"
"chr1","180146685","180146987","chr25","28897571","28897857","49","151249114"
"chr1","180156533","180156713","chr8","138924401","138924581","33","41232132"
"chr1","180156755","180156867","chr20","93915021","93915129","17","86241734"
"chr1","180188740","180189076","chr25","28844990","28845307","42","151343750"
"chr1","180202202","180202321","chr15","68361160","68361271","38","111841042"
"chr1","180205106","180205400","chr25","44770913","44771213","59","135434193"
"chr1","180227106","180227401","chr26","52255936","52256234","53","127971170"
"chr1","180254063","180254352","chr2","12071899","12072184","59","168182164"
"chr1","180259900","180260118","chr25","28763735","28763958","19","151496165"
"chr1","180266179","180266258","chr16","67653786","67653867","15","112612393"
"chr1","180269143","180269455","chr25","28753569","28753868","33","151515574"
"chr1","180304918","180305038","chrX","17783460","17783576","15","162521458"
"chr1","180308573","180308897","chr25","28716346","28716673","17","151592227"
"chr1","180330404","180330711","chr3","77381637","77381933","63","102948767"
"chr1","180341190","180341407","chr25","28684939","28685155","22","151656251"
"chr1","180343523","180343833","chr6","41118210","41118517","59","139225313"
"chr1","180349547","180349672","chr25","28676230","28676355","6","151673317"
"chr1","180408713","180408988","chr20","89587122","89587415","68","90821591"
"chr1","180457953","180458240","chr2","17967607","17967896","57","162490346"
"chr1","180502027","180502334","chr25","28536241","28536557","37","151965786"
"chr1","180518362","180518669","chr25","28536241","28536557","37","151982121"
"chr1","180531330","180531639","chr25","28523411","28523730","38","152007919"
"chr1","180555305","180555610","chr25","28499531","28499806","48","152055774"
"chr1","180585633","180585938","chr5","25644337","25644643","61","154941296"
"chr1","180587025","180587137","chr25","28468291","28468400","9","152118734"
"chr1","180590137","180590430","chr17","14392585","14392888","69","166197552"
"chr1","180601252","180601572","chr25","28453212","28453522","31","152148040"
"chr1","180606142","180606266","chr1","12378147","12378270","23","168227995"
"chr1","180608861","180608963","chrX","100678979","100679083","18","79929882"
"chr1","180608999","180609165","chr21","25966505","25966671","30","154642494"
"chr1","180631145","180631456","chr25","28424558","28424867","25","152206587"
"chr1","180632736","180633031","chr12","103939005","103939299","62","76693731"
"chr1","180688149","180688334","chr11","115104754","115104935","46","65583395"
"chr1","180797806","180798110","chr25","28255722","28256029","22","152542084"
"chr1","180821286","180821546","chr25","28232342","28232604","19","152588944"
"chr1","180889136","180889431","chr6","27989411","27989687","66","152899725"
"chr1","180973683","180973977","chr28","10055556","10055859","59","170918127"
"chr1","181058394","181058694","chr25","28023053","28023355","26","153035341"
"chr1","181142960","181143248","chr25","27940689","27940978","18","153202271"
"chr1","181163423","181163698","chr22","9349158","9349444","68","171814265"
"chr1","181216569","181216858","chr1","104837211","104837478","72","76379358"
"chr1","181218415","181218704","chr10","126454330","126454619","64","54764085"
"chr1","181219533","181219830","chr25","27860172","27860469","24","153359361"
"chr1","181230297","181230626","chr17","36566860","36567180","71","144663437"
"chr1","181232072","181232384","chr5","35866221","35866528","61","145365851"
"chr1","181242142","181242365","chr25","27836810","27837036","13","153405332"
"chr1","181256651","181256946","chr24","54921299","54921588","47","126335352"
"chr1","181280481","181280789","chr25","27798082","27798371","46","153482399"
"chr1","181285724","181286021","chr20","19710717","19711002","65","161575007"
"chr1","181319952","181320247","chr24","54921299","54921588","47","126398653"
"chr1","181335651","181335947","chr12","40601683","40601983","55","140733968"
"chr1","181343782","181344089","chr25","27798082","27798371","47","153545700"
"chr1","181349027","181349328","chr20","19710717","19711002","68","161638310"
"chr1","181390184","181390499","chr5","12204008","12204319","59","169186176"
"chr1","181450047","181450342","chr25","27701959","27702262","34","153748088"
"chr1","181465434","181465748","chr14","21957527","21957834","60","159507907"
"chr1","181467874","181468072","chr25","27684087","27684274","21","153783787"
"chr1","181468384","181468529","chrX","108291701","108291832","31","73176683"
"chr1","181473890","181474195","chr25","27678629","27678916","41","153795261"
"chr1","181495096","181495298","chr22","17905220","17905406","51","163589876"
"chr1","181501756","181502077","chr25","27650747","27651066","27","153851009"
"chr1","181512988","181513104","chr25","27640127","27640243","9","153872861"
"chr1","181515533","181515815","chr25","27637428","27637709","18","153878105"
"chr1","181517216","181517285","chr25","27635973","27636042","3","153881243"
"chr1","181538403","181538669","chr11","66004623","66004896","66","115533780"
"chr1","181540014","181540324","chr20","112985177","112985482","59","68554837"
"chr1","181557985","181558267","chr22","51293260","51293540","55","130264725"
"chr1","181559496","181559802","chrX","102975663","102975957","78","78583833"
"chr1","181573593","181573886","chr1","32779547","32779835","69","148794046"
"chr1","181576180","181576383","chr4","14000006","14000202","43","167576174"
"chr1","181591156","181591470","chr23","45181040","45181354","67","136410116"
"chr1","181615673","181615971","chr12","40601683","40601983","50","141013990"
"chr1","181642109","181642242","chr7","61396550","61396679","23","120245559"
"chr1","181664207","181664521","chr12","40601683","40601983","73","141062524"
"chr1","181666142","181666466","chr25","27480957","27481274","29","154185185"
"chr1","181687800","181688090","chr25","27458507","27458791","21","154229293"
"chr1","181688118","181688129","chr24","83407675","83407686","1","98280443"
"chr1","181711989","181712262","chr25","27434453","27434726","31","154277536"
"chr1","181726088","181726220","chr25","27422636","27422761","17","154303452"
"chr1","181731862","181732150","chrX","110174383","110174674","65","71557479"
"chr1","181763903","181764219","chr5","35392545","35392839","66","146371358"
"chr1","181774135","181774275","chr3","9564943","9565083","27","172209192"
"chr1","181774577","181774723","chr12","46962725","46962869","31","134811852"
"chr1","181780585","181780865","chr3","22979029","22979307","67","158801556"
"chr1","181837653","181837951","chr25","27310387","27310695","35","154527266"
"chr1","181861132","181861458","chr16","44863173","44863485","64","136997959"
"chr1","181896443","181896765","chr8","67345375","67345690","69","114551068"
"chr1","181899040","181899345","chr9","96956253","96956558","59","84942787"
"chr1","181967702","181967954","chr25","27204415","27204677","26","154763287"
"chr1","181979441","181979663","chr25","27192741","27192963","14","154786700"
"chr1","182097756","182098038","chr25","27086754","27087052","41","155011002"
"chr1","182110823","182110949","chr25","27072003","27072129","6","155038820"
"chr1","182116234","182116520","chr11","7771853","7772147","64","174344381"
"chr1","182124315","182124601","chrX","23075277","23075553","57","159049038"
"chr1","182125973","182126263","chr8","24532185","24532463","64","157593788"
"chr1","182139083","182139358","chr21","86073400","86073667","63","96065683"
"chr1","182142264","182142575","chr10","123576692","123576991","62","58565572"
"chr1","182162127","182162369","chr25","27018535","27018783","25","155143592"
"chr1","182164561","182164689","chrX_KE148109v1_random","39614","39742","17","182124947"
"chr1","182171977","182172263","chr25","27009078","27009351","44","155162899"
"chr1","182199258","182199563","chr25","26972274","26972568","34","155226984"
"chr1","182203559","182203683","chr19","23352511","23352636","21","158851048"
"chr1","182216796","182217101","chr25","26972274","26972568","34","155244522"
"chr1","182221097","182221221","chr19","23352511","23352636","21","158868586"
"chr1","182232913","182233193","chr25","26956477","26956762","23","155276436"
"chr1","182247039","182247262","chr11","116147535","116147754","46","66099504"
"chr1","182327747","182328011","chr14","44471898","44472158","59","137855849"
"chr1","182342689","182342970","chr25","26850570","26850891","57","155492119"
"chr1","182353817","182354110","chr12","10876628","10876929","62","171477189"
"chr1","182395611","182395897","chr25","26804854","26805150","34","155590757"
"chr1","182408614","182408946","chr25","26793990","26794297","39","155614624"
"chr1","182416713","182416891","chr25","26784003","26784181","10","155632710"
"chr1","182470610","182470906","chr25","26730158","26730454","25","155740452"
"chr1","182529029","182529330","chr25","26669512","26669817","38","155859517"
"chr1","182546920","182547178","chr25","26648288","26648546","17","155898632"
"chr1","182551767","182551961","chrX","115739795","115739981","48","66811972"
"chr1","182560012","182560290","chr25","26636244","26636516","28","155923768"
"chr1","182566257","182566523","chr25","26633960","26634236","24","155932297"
"chr1","182572557","182572617","chr11","118925074","118925134","16","63647483"
"chr1","182572954","182573188","chr9","21753948","21754190","55","160819006"
"chr1","182575659","182575967","chr24","82916820","82917135","72","99658839"
"chr1","182576616","182576916","chr28","18723682","18723992","67","163852934"
"chr1","182579865","182580097","chr25","26619722","26619964","36","155960143"
"chr1","182588725","182588919","chr25","26611057","26611251","10","155977668"
"chr1","182588944","182589225","chr25","26610762","26611032","20","155978182"
"chr1","182590551","182590849","chr25","26609150","26609449","25","155981401"
"chr1","182604967","182605279","chr6","28232696","28233016","70","154372271"
"chr1","182609953","182610076","chr25","26590195","26590318","5","156019758"
"chr1","182611751","182612042","chr25","26587799","26588104","49","156023952"
"chr1","182618245","182618550","chr9","227543","227844","54","182390702"
"chr1","182642077","182642234","chr16","25026010","25026162","45","157616067"
"chr1","182644653","182644930","chr7","122607868","122608161","58","60036785"
"chr1","182673521","182673821","chr10","105608067","105608353","65","77065454"
"chr1","182674903","182675103","chr25","26530178","26530366","25","156144725"
"chr1","182676796","182677037","chr25","26528215","26528428","37","156148581"
"chr1","182679667","182679729","chr25","26525207","26525269","6","156154460"
"chr1","182680039","182680204","chr25","26524739","26524902","14","156155300"
"chr1","182694157","182694451","chr25","26510915","26511216","17","156183242"
"chr1","182695677","182695810","chr21","46814201","46814332","18","135881476"
"chr1","182698197","182698510","chrX","46477119","46477421","69","136221078"
"chr1","182705858","182706138","chr7","69205871","69206154","59","113499987"
"chr1","182714966","182715200","chr25","26489900","26490131","15","156225066"
"chr1","182715444","182715722","chr20","79672243","79672524","50","103043201"
"chr1","182717176","182717480","chr11","46343863","46344160","63","136373313"
"chr1","182729882","182730202","chr20","109110164","109110472","73","73619718"
"chr1","182759199","182759414","chr25","26444015","26444244","31","156315184"
"chr1","182794147","182794442","chr12","40601683","40601983","51","142192464"
"chr1","182798095","182798212","chr25","26360222","26360339","4","156437873"
"chr1","182799317","182799435","chr6","32557717","32557835","29","150241600"
"chr1","182827858","182828098","chr14","60155816","60156049","57","122672042"
"chr1","182838089","182838369","chr12","7976930","7977210","51","174861159"
"chr1","182861796","182862101","chr25","26282209","26282531","32","156579587"
"chr1","182905507","182905815","chr25","26236712","26236988","47","156668795"
"chr1","182953932","182954226","chr12","40601683","40601983","57","142352249"
"chr1","183015423","183015721","chr25","26128141","26128424","37","156887282"
"chr1","183113198","183113487","chr25","26028780","26029062","41","157084418"
"chr1","183134268","183134566","chr9","61988050","61988343","59","121146218"
"chr1","183206609","183206818","chr25","25934642","25934846","31","157271967"
"chr1","183223511","183223687","chr25","25917295","25917462","20","157306216"
"chr1","183272494","183272786","chr12","103939005","103939299","56","79333489"
"chr1","183331457","183331738","chr5","35646769","35647059","66","147684688"
"chr1","183347565","183347734","chr25","25793682","25793851","17","157553883"
"chr1","183349786","183350088","chrX","38566822","38567123","62","144782964"
"chr1","183378064","183378219","chr6","12875703","12875852","28","170502361"
"chr1","183394418","183394685","chr25","25745427","25745709","28","157648991"
"chr1","183409549","183409832","chr25","25731058","25731355","30","157678491"
"chr1","183409867","183410163","chr25","25730731","25731023","19","157679136"
"chr1","183434223","183434390","chr25","25707604","25707790","28","157726619"
"chr1","183434423","183434605","chr10","92001944","92002132","51","91432479"
"chr1","183441040","183441352","chr25","25701007","25701316","23","157740033"
"chr1","183446128","183446434","chr25","25695918","25696225","30","157750210"
"chr1","183446447","183446732","chr25","25695630","25695911","23","157750817"
"chr1","183450561","183450720","chr25","25691631","25691791","9","157758930"
"chr1","183463734","183464027","chr25","25678523","25678805","29","157785211"
"chr1","183497795","183498101","chr5","19924556","19924857","65","163573239"
"chr1","183523249","183523555","chr5","19924556","19924857","65","163598693"
"chr1","183537884","183538182","chr25","25627060","25627362","38","157910824"
"chr1","183538823","183539019","chr25","25626269","25626461","17","157912554"
"chr1","183567582","183567864","chr25","25598426","25598707","25","157969156"
"chr1","183569511","183569639","chr25","25596693","25596820","9","157972818"
"chr1","183569926","183570103","chr25","25596222","25596403","13","157973704"
"chr1","183576781","183576976","chr17","40306867","40307049","43","143269914"
"chr1","183577284","183577320","chr3","37935871","37935908","8","145641413"
"chr1","183628812","183629032","chr25","25536407","25536622","21","158092405"
"chr1","183637644","183637950","chr1","68074581","68074882","63","115563063"
"chr1","183657939","183658239","chr25","25506254","25506565","24","158151685"
"chr1","183684755","183684865","chr25","25481373","25481485","12","158203382"
"chr1","183686034","183686144","chr11","94289692","94289801","27","89396342"
"chr1","183732129","183732439","chr28","18723682","18723992","72","165008447"
"chr1","183738798","183739109","chr25","25429589","25429867","45","158309209"
"chr1","183754075","183754192","chrX","38871434","38871550","18","144882641"
"chr1","183759641","183759940","chr25","25408503","25408810","22","158351138"
"chr1","183771670","183771962","chr13","36472606","36472902","63","147299064"
"chr1","183779853","183780117","chr18","21462265","21462530","72","162317588"
"chr1","183791729","183791842","chr25","25371540","25371660","16","158420189"
"chr1","183796776","183797069","chr5","25360110","25360407","60","158436666"
"chr1","183808606","183808899","chr25","25355777","25356060","37","158452829"
"chr1","183809138","183809317","chr6","1761058","1761239","31","182048080"
"chr1","183809612","183809729","chr5","17656398","17656512","25","166153214"
"chr1","183811752","183811829","chr7","36775687","36775765","18","147036065"
"chr1","183812132","183812339","chr2","57261903","57262108","50","126550229"
"chr1","183862221","183862507","chr5","13456673","13456962","63","170405548"
"chr1","183879100","183879405","chr1","12105092","12105388","53","171774008"
"chr1","183903149","183903413","chr25","25256719","25256986","27","158646430"
"chr1","183908979","183909293","chrX","15533838","15534136","66","168375141"
"chr1","183910989","183911279","chr25","25248543","25248833","14","158662446"
"chr1","183921282","183921599","chr25","25237916","25238232","31","158683366"
"chr1","183926151","183926450","chr25","25233025","25233351","47","158693126"
"chr1","183930853","183931127","chr25","25228183","25228460","27","158702670"
"chr1","183932432","183932542","chr25","25226763","25226865","17","158705669"
"chr1","183947223","183947512","chr11","47065980","47066269","52","136881243"
"chr1","183979050","183979335","chr8","39702860","39703157","64","144276190"
"chr1","183990898","183991198","chr25","25169317","25169614","28","158821581"
"chr1","183996222","183996528","chr25","25164037","25164330","44","158832185"
"chr1","184021106","184021436","chr25","25138918","25139220","42","158882188"
"chr1","184040305","184040609","chr25","25119573","25119877","24","158920732"
"chr1","184042447","184042760","chr25","25117421","25117740","32","158925026"
"chr1","184068551","184068871","chr10","85317607","85317918","65","98750944"
"chr1","184088935","184089222","chr25","25075764","25076055","44","159013171"
"chr1","184127955","184128015","chrY","1075975","1076033","14","183051980"
"chr1","184128138","184128235","chr25","25037137","25037237","8","159091001"
"chr1","184177631","184177862","chr5","19762108","19762327","49","164415523"
"chr1","184193813","184194034","chr24","13573578","13573781","52","170620235"
"chr1","184203693","184203969","chr25","24962223","24962503","29","159241470"
"chr1","184213204","184213509","chr25","24951597","24951894","43","159261607"
"chr1","184214169","184214281","chr7","36756095","36756212","17","147458074"
"chr1","184214988","184215288","chr9","109830774","109831070","61","74384214"
"chr1","184217448","184217759","chr25","24945876","24946163","43","159271572"
"chr1","184232832","184233043","chr8","84910387","84910593","51","99322445"
"chr1","184234680","184234987","chr11","46228408","46228704","67","138006272"
"chr1","184308341","184308663","chr18","32854753","32855059","70","151453588"
"chr1","184310598","184310866","chr25","24858855","24859110","33","159451743"
"chr1","184320605","184320855","chr25","24848883","24849134","17","159471722"
"chr1","184326758","184326852","chr25","24840699","24840780","19","159486059"
"chr1","184335479","184335761","chr25","24831185","24831482","39","159504294"
"chr1","184338180","184338482","chr25","24825986","24826255","53","159512194"
"chr1","184339618","184339904","chr7","86159938","86160217","53","98179680"
"chr1","184343229","184343520","chr25","24822563","24822873","33","159520666"
"chr1","184350957","184351248","chr16","31138078","31138369","53","153212879"
"chr1","184351360","184351678","chr25","24813152","24813491","48","159538208"
"chr1","184360634","184360948","chr8","52051424","52051714","72","132309210"
"chr1","184369647","184369926","chr20","111633651","111633921","66","72735996"
"chr1","184399261","184399557","chr25","24767477","24767778","50","159631784"
"chr1","184401961","184402272","chr11","65033931","65034241","64","119368030"
"chr1","184415611","184415933","chr25","24750776","24751089","31","159664835"
"chr1","184416736","184416886","chr5","9075092","9075237","32","175341644"
"chr1","184453510","184453816","chr5","53373896","53374200","67","131079614"
"chr1","184460913","184461216","chr24","46056888","46057187","57","138404025"
"chr1","184475437","184475740","chr25","24691737","24692017","42","159783700"
"chr1","184475745","184475906","chr25","24691567","24691732","17","159784178"
"chr1","184490553","184490851","chr25","24676408","24676707","15","159814145"
"chr1","184541390","184541693","chr25","24626104","24626403","30","159915286"
"chr1","184543966","184544259","chr25","24623516","24623820","25","159920450"
"chr1","184626840","184627095","chr25","24540539","24540821","47","160086301"
"chr1","184637600","184637801","chr11","116298755","116298957","38","68338845"
"chr1","184644289","184644488","chr4","10029847","10030029","54","174614442"
"chr1","184707563","184707693","chr12","30680815","30680925","37","154026748"
"chr1","184710171","184710473","chr25","24457413","24457712","19","160252758"
"chr1","184720130","184720300","chr8","93199410","93199579","26","91520720"
"chr1","184720601","184720744","chr14","33109315","33109458","28","151611286"
"chr1","184723431","184723559","chr25","24444101","24444238","25","160279330"
"chr1","184724618","184724885","chr1","33110729","33111006","65","151613889"
"chr1","184727664","184727839","chr5","2172764","2172934","43","182554900"
"chr1","184733004","184733365","chr25","24434090","24434451","25","160298914"
"chr1","184734979","184735271","chr25","24432185","24432499","48","160302794"
"chr1","184735313","184735596","chr9","20229852","20230137","63","164505461"
"chr1","184742039","184742325","chr9","62522602","62522881","58","122219437"
"chr1","184832066","184832296","chr2","79657060","79657287","51","105175006"
"chr1","184850399","184850703","chr25","24313590","24313891","24","160536809"
"chr1","184941529","184941813","chr10","121263209","121263496","68","63678320"
"chr1","184962598","184962850","chr26","39973676","39973923","61","144988922"
"chr1","184986886","184987105","chr19","23427303","23427522","53","161559583"
"chr1","184994687","184994988","chr12","40601683","40601983","58","144393004"
"chr1","185016568","185016748","chrX","66860403","66860594","55","118156165"
"chr1","185070896","185071170","chr6","11668104","11668371","63","173402792"
"chr1","185071479","185071779","chr1","121090436","121090732","56","63981043"
"chr1","185093105","185093423","chr25","24085511","24085831","27","161007594"
"chr1","185120315","185120607","chr25","24058579","24058900","60","161061736"
"chr1","185125001","185125239","chr21","107638010","107638236","72","77486991"
"chr1","185189707","185189995","chr5","10402453","10402746","65","174787254"
"chr1","185204078","185204391","chr25","23977908","23978225","35","161226170"
"chr1","185209185","185209474","chr24","51893398","51893685","59","133315787"
"chr1","185212037","185212333","chr25","23971571","23971863","21","161240466"
"chr1","185212986","185213275","chr25","23970614","23970890","27","161242372"
"chr1","185220663","185220940","chr27","40769819","40770100","67","144450844"
"chr1","185226182","185226429","chr16","6555167","6555423","69","178671015"
"chr1","185227093","185227388","chr25","23955400","23955674","40","161271693"
"chr1","185236281","185236493","chr23","44955629","44955832","47","140280652"
"chr1","185243992","185244284","chr20","112495489","112495789","61","72748503"
"chr1","185278453","185278750","chr25","23910145","23910421","36","161368308"
"chr1","185325001","185325279","chr25","23864629","23864916","36","161460372"
"chr1","185326253","185326515","chr15","17122416","17122678","61","168203837"
"chr1","185329634","185329914","chr3","9384421","9384700","46","175945213"
"chr1","185341856","185342171","chr24","50290365","50290638","91","135051491"
"chr1","185387982","185388268","chr25","23801660","23801948","43","161586322"
"chr1","185394252","185394565","chr8","23292052","23292363","64","162102200"
"chr1","185421275","185421569","chr10","76220349","76220648","55","109200926"
"chr1","185444515","185444805","chr25","23746153","23746441","23","161698362"
"chr1","185500201","185500262","chr16","68339876","68339934","13","117160325"
"chr1","185500513","185500666","chr16","17125323","17125478","34","168375190"
"chr1","185515899","185516035","chr25","23679882","23680012","12","161836017"
"chr1","185516369","185516543","chr8","93199410","93199579","29","92316959"
"chr1","185535191","185535480","chr2","480858","481156","70","185054333"
"chr1","185539250","185539490","chr25","23654322","23654562","29","161884928"
"chr1","185556238","185556543","chr25","23637649","23637926","44","161918589"
"chr1","185580367","185580652","chr25","23613205","23613473","32","161967162"
"chr1","185582428","185582731","chr25","23611090","23611402","24","161971338"
"chr1","185586811","185587108","chr11","60320737","60321046","66","125266074"
"chr1","185608878","185609174","chr21","56594655","56594953","60","129014223"
"chr1","185655487","185655785","chr11","62197091","62197394","55","123458396"
"chr1","185699026","185699311","chr28","15635761","15636057","53","170063265"
"chr1","185702421","185702728","chr11","62197091","62197394","64","123505330"
"chr1","185714423","185714556","chr23","53560917","53561045","24","132153506"
"chr1","185715651","185715932","chr7","87092656","87092935","57","98622995"
"chr1","185716354","185716426","chr22","55695811","55695879","13","130020543"
"chr1","185764817","185765114","chrX","38778177","38778481","65","146986640"
"chr1","185783828","185784125","chrX","38778177","38778481","65","147005651"
"chr1","185802707","185803002","chr25","23418889","23419179","23","162383818"
"chr1","185899497","185899714","chr25","23138251","23138473","19","162761246"
"chr1","185923860","185924034","chr19","15719687","15719860","31","170204173"
"chr1","185925262","185925561","chr25","23169972","23170279","30","162755290"
"chr1","185926758","185927043","chr25","23171490","23171776","21","162755268"
"chr1","185929604","185929917","chr11","117216720","117217018","66","68712884"
"chr1","186013006","186013297","chr20","88882500","88882796","56","97130506"
"chr1","186015166","186015282","chr1","114028015","114028132","20","71987151"
"chr1","186037254","186037569","chr25","23278416","23278719","37","162758838"
"chr1","186110165","186110476","chrX","55581562","55581870","61","130528603"
"chr1","186129297","186129614","chr18","32854753","32855059","65","153274544"
"chr1","186154154","186154437","chr11","119365384","119365664","51","66788770"
"chr1","186210189","186210447","chr25","22925831","22926093","24","163284358"
"chr1","186224813","186225123","chr9","24696760","24697063","66","161528053"
"chr1","186261344","186261483","chr25","22878164","22878310","19","163383180"
"chr1","186261541","186261668","chr25","22878009","22878128","14","163383532"
"chr1","186266813","186267123","chr20","122268567","122268865","66","63998246"
"chr1","186301516","186301703","chr18","21828989","21829170","49","164472527"
"chr1","186301749","186301846","chr24","48443397","48443483","19","137858352"
"chr1","186319076","186319387","chr14","80425373","80425687","61","105893703"
"chr1","186325600","186325715","chr25","22814635","22814750","6","163510965"
"chr1","186354802","186355093","chr25","22787070","22787361","23","163567732"
"chr1","186375550","186375839","chr6","1886620","1886910","59","184488930"
"chr1","186384985","186385102","chr25","22757724","22757841","5","163627261"
"chr1","186439045","186439203","chr25","22704445","22704612","19","163734600"
"chr1","186446146","186446449","chr25","22697152","22697455","22","163748994"
"chr1","186454425","186454665","chr25","22688873","22689133","34","163765552"
"chr1","186473395","186473684","chr21","107463387","107463680","52","79010008"
"chr1","186492500","186492845","chr25","22650064","22650394","43","163842436"
"chr1","186603837","186604146","chr28","8590755","8591044","74","178013082"
"chr1","186612550","186612846","chr6","36986089","36986383","63","149626461"
"chr1","186632082","186632287","chrX_KE148112v1_random","33667","33876","45","186598415"
"chr1","186649566","186649850","chrX","125330506","125330790","65","61319060"
"chr1","186696603","186696870","chr25","22435705","22435972","16","164260898"
"chr1","186727060","186727363","chr25","22405545","22405871","40","164321515"
"chr1","186730412","186730537","chr25","22402360","22402485","9","164328052"
"chr1","186838149","186838313","chr6","13126098","13126251","37","173712051"
"chr1","186838414","186838534","chr25","22297416","22297543","13","164540998"
"chr1","186860613","186860894","chr25","22275203","22275472","28","164585410"
"chr1","186884878","186885162","chr25","22251208","22251516","34","164633670"
"chr1","186910315","186910592","chr1","3432429","3432700","54","183477886"
"chr1","186911056","186911334","chr25","22224675","22224954","17","164686381"
"chr1","187118009","187118320","chr25","22073607","22073919","17","165044402"
"chr1","187157371","187157648","chr25","22037182","22037465","20","165120189"
"chr1","187233235","187233507","chr25","21958671","21958950","20","165274564"
"chr1","187262357","187262651","chr11","58069430","58069719","63","129192927"
"chr1","187262691","187262714","chr28","8809377","8809399","4","178453314"
"chr1","187307107","187307389","chr25","21888536","21888820","18","165418571"
"chr1","187374132","187374257","chr25","21840788","21840914","7","165533344"
"chr1","187399983","187400281","chr25","21815889","21816189","15","165584094"
"chr1","187437526","187437740","chr18","68586265","68586467","53","118851261"
"chr1","187437780","187437791","chr2","29338645","29338656","1","158099135"
"chr1","187455398","187455682","chr25","21734485","21734768","21","165720913"
"chr1","187507047","187507330","chr25","72692943","72693236","57","114814104"
"chr1","187552451","187552666","chr17","56999680","56999895","57","130552771"
"chr1","187597391","187597688","chr24","47455799","47456090","61","140141592"
"chr1","187647406","187647732","chr24","82916820","82917135","70","104730586"
"chr1","187657656","187657952","chr20","112495489","112495789","62","75162167"
"chr1","187675189","187675492","chr25","21570285","21570569","32","166104904"
"chr1","187677369","187677670","chr25","21568115","21568406","25","166109254"
"chr1","187678546","187678839","chr25","21567335","21567633","27","166111211"
"chr1","187726107","187726234","chr25","21520123","21520250","9","166205984"
"chr1","187726877","187726991","chr22","13129837","13129954","20","174597040"
"chr1","187785767","187786020","chr2","60882454","60882711","58","126903313"
"chr1","187800660","187800998","chr11","121084397","121084739","75","66716263"
"chr1","187877621","187877906","chr25","21369563","21369847","21","166508058"
"chr1","187902098","187902375","chr6","5579741","5580022","59","182322357"
"chr1","187915562","187915871","chr25","21332265","21332572","18","166583297"
"chr1","188116222","188116530","chr11","38771507","38771808","57","149344715"
"chr1","188329463","188329709","chr25","20835057","20835313","28","167494406"
"chr1","188333207","188333379","chr8","133520969","133521142","48","54812238"
"chr1","188333423","188333585","chr6","4851057","4851194","45","183482366"
"chr1","188461914","188462241","chr1","85708329","85708657","72","102753585"
"chr1","188575482","188575799","chr3","76734092","76734399","68","111841390"
"chr1","188691811","188692100","chr25","20492721","20493021","26","168199090"
"chr1","188702153","188702477","chr5","21516255","21516573","77","167185898"
"chr1","188756974","188757281","chrX","10584662","10584958","61","178172312"
"chr1","188774012","188774300","chr25","20413463","20413741","41","168360549"
"chr1","188813673","188813974","chr25","20373488","20373779","42","168440185"
"chr1","188836044","188836348","chr25","20351694","20351998","30","168484350"
"chr1","188844858","188845104","chr10","18354182","18354434","67","170490676"
"chr1","188845439","188845734","chr20","114085632","114085935","60","74759807"
"chr1","188852432","188852726","chr25","20334974","20335262","30","168517458"
"chr1","188895747","188896028","chrX","58362244","58362525","53","130533503"
"chr1","188925878","188926179","chr25","20262804","20263084","34","168663074"
"chr1","188967838","188967994","chr25","20221587","20221747","18","168746251"
"chr1","188968030","188968146","chr25","20221421","20221537","6","168746609"
"chr1","188981304","188981488","chr20_KE148049v1_random","1153469","1153655","43","187827835"
"chr1","189003621","189003926","chr15","36692491","36692780","75","152311130"
"chr1","189035473","189035784","chr25","20153343","20153654","32","168882130"
"chr1","189102329","189102637","chr20","85047263","85047560","73","104055066"
"chr1","189185110","189185313","chr1","4122106","4122309","48","185063004"
"chr1","189232436","189232704","chrX","91692399","91692685","60","97540037"
"chr1","189255034","189255349","chr16","31701685","31701997","65","157553349"
"chr1","189321188","189321478","chr16","47763056","47763352","65","141558132"
"chr1","189455987","189456272","chr25","19728128","19728424","24","169727859"
"chr1","189518547","189518859","chr25","19693429","19693740","20","169825118"
"chr1","189549049","189549350","chr25","19662067","19662347","50","169886982"
"chr1","189564168","189564369","chr25","19647111","19647325","22","169917057"
"chr1","189667033","189667317","chrX","45790032","45790310","68","143877001"
"chr1","189667471","189667771","chr20","115787392","115787689","54","73880079"
"chr1","189683912","189684186","chr15","18430088","18430372","56","171253824"
"chr1","189712782","189712986","chr20","64620664","64620875","36","125092118"
"chr1","189749749","189750041","chr25","19480762","19481067","43","170268987"
"chr1","189824051","189824287","chr20","122913535","122913768","51","66910516"
"chr1","189863754","189864027","chr6","5579741","5580022","60","184284013"
"chr1","189871223","189871515","chr28","9409612","9409895","64","180461611"
"chr1","189896243","189896544","chr25","19340154","19340451","34","170556089"
"chr1","189902282","189902563","chr29","7530579","7530857","47","182371703"
"chr1","189942841","189943149","chr25","19291890","19292188","40","170650951"
"chr1","189980063","189980269","chr16","47475700","47475909","48","142504363"
"chr1","189981919","189982193","chr1","3432429","3432700","63","186549490"
"chr1","189989203","189989494","chr25","19245480","19245770","26","170743723"
"chr1","190029791","190030040","chr2","26147418","26147662","52","163882373"
"chr1","190049322","190049608","chr25","19194173","19194458","19","170855149"
"chr1","190052435","190052600","chr16","17188601","17188760","30","172863834"
"chr1","190052906","190052956","chr22","4286447","4286497","9","185766459"
"chr1","190061065","190061316","chr25","19185818","19186067","23","170875247"
"chr1","190065982","190066274","chr25","19178789","19179086","30","170887193"
"chr1","190080137","190080426","chr16","8941623","8941905","66","181138514"
"chr1","190094144","190094331","chr25","19150380","19150568","18","170943764"
"chr1","190104811","190104885","chr5","60645018","60645094","14","129459793"
"chr1","190113216","190113516","chr10","76220349","76220648","58","113892867"
"chr1","190113591","190113896","chr23","45181040","45181354","54","144932551"
"chr1","190127598","190127851","chr25","19092321","19092577","21","171035277"
"chr1","190170459","190170745","chr25","19055449","19055737","11","171115010"
"chr1","190213581","190213851","chr16","68326241","68326514","63","121887340"
"chr1","190231516","190231674","chr25","18998435","18998592","8","171233081"
"chr1","190231841","190231985","chr25","18998125","18998266","15","171233716"
"chr1","190250447","190250739","chr12","41361189","41361484","57","148889258"
"chr1","190274196","190274491","chr16","46883446","46883746","58","143390750"
"chr1","190302019","190302206","chr17","18930435","18930622","43","171371584"
"chr1","190303880","190304181","chr25","18923934","18924236","14","171379946"
"chr1","190333942","190334220","chr25","18893380","18893655","15","171440562"
"chr1","190350465","190350744","chr25","18879720","18880005","36","171470745"
"chr1","190368995","190369258","chr25","18861594","18861899","61","171507401"
"chr1","190387599","190387894","chr25","18842773","18843067","18","171544826"
"chr1","190470482","190470615","chr25","18764755","18764887","8","171705727"
"chr1","190507398","190507527","chrX","29073092","29073220","22","161434306"
"chr1","190555925","190556152","chr25","18688180","18688397","26","171867745"
"chr1","190605075","190605194","chr13","64445292","64445413","15","126159783"
"chr1","190646306","190646553","chr9","117452409","117452657","51","73193897"
"chr1","190657897","190658217","chr25","18598168","18598491","55","172059729"
"chr1","190848028","190848325","chr25","18452415","18452713","33","172395613"
"chr1","190849754","190850058","chr25","18450732","18451031","38","172399022"
"chr1","190935381","190935670","chr25","18370963","18371258","23","172564418"
"chr1","190957855","190958158","chr6","28194245","28194544","57","162763610"
"chr1","191033805","191034098","chr25","18273382","18273682","16","172760423"
"chr1","191046417","191046727","chr28","15141829","15142140","54","175904588"
"chr1","191049192","191049483","chr25","18266106","18266397","18","172783086"
"chr1","191061042","191061309","chr25","18255373","18255642","25","172805669"
"chr1","191065956","191066019","chr1","2836957","2837017","13","188228999"
"chr1","191112057","191112329","chr3","19378417","19378686","73","171733640"
"chr1","191121605","191121859","chr25","18196573","18196811","36","172925032"
"chr1","191167106","191167408","chr6","28194245","28194544","52","162972861"
"chr1","191177185","191177460","chr25","18141066","18141344","49","173036119"
"chr1","191202899","191203180","chr25","18114740","18115019","22","173088159"
"chr1","191223507","191223725","chrX","92696414","92696619","54","98527093"
"chr1","191292985","191293263","chr24","77908838","77909119","53","113384147"
"chr1","191294315","191294590","chr25","17971863","17972173","46","173322452"
"chr1","191295441","191295558","chr25","17970598","17970717","11","173324843"
"chr1","191303147","191303443","chr6","30603678","30603971","54","160699469"
"chr1","191311857","191311976","chr25","17954145","17954264","8","173357712"
"chr1","191312381","191312682","chr1","9167420","9167696","71","182144961"
"chr1","191312823","191313119","chr9","14777685","14777980","62","176535138"
"chr1","191373775","191373990","chr4","67613686","67613908","42","123760089"
"chr1","191377103","191377214","chr25","17888988","17889103","17","173488115"
"chr1","191378726","191379035","chr19","28681778","28682081","66","162696948"
"chr1","191383857","191383919","chr20","87962999","87963065","15","103420858"
"chr1","191384223","191384273","chr13","94882320","94882362","15","96501903"
"chr1","191395915","191396138","chr24","49153406","49153614","60","142242509"
"chr1","191400273","191400369","chr6","35247566","35247671","22","156152707"
"chr1","191406055","191406242","chr25","17859199","17859370","32","173546856"
"chr1","191419760","191419990","chr6","651494","651732","58","190768266"
"chr1","191441269","191441553","chr7","86698565","86698850","60","104742704"
"chr1","191457399","191457716","chr25","17816317","17816617","36","173641082"
"chr1","191477116","191477279","chr23","70584469","70584624","36","120892647"
"chr1","191480276","191480457","chr25","17797294","17797459","30","173682982"
"chr1","191562488","191562797","chr25","17727818","17728139","24","173834670"
"chr1","191578490","191578801","chr25","17711486","17711787","43","173867004"
"chr1","191600018","191600326","chr18","32854753","32855059","65","158745265"
"chr1","191605472","191605772","chr25","17681190","17681486","25","173924282"
"chr1","191619801","191620036","chr21","18712031","18712238","69","172907770"
"chr1","191620062","191620173","chr14","12924417","12924526","18","178695645"
"chr1","191620404","191620668","chr25","17666498","17666791","46","173953906"
"chr1","191632826","191633127","chr11","117693532","117693832","59","73939294"
"chr1","191650731","191650999","chr25","17640200","17640476","33","174010531"
"chr1","191674870","191675170","chr25","17619939","17620222","45","174054931"
"chr1","191755470","191755646","chr25","17549891","17550068","16","174205579"
"chr1","191755952","191756021","chr25","17549523","17549590","5","174206429"
"chr1","191766360","191766637","chr20","78397929","78398202","60","113368431"
"chr1","191769734","191770046","chr25","17533055","17533379","39","174236679"
"chr1","191778359","191778560","chr25","17524180","17524403","39","174254179"
"chr1","191783119","191783406","chr11","39293515","39293824","74","152489604"
"chr1","191783893","191784036","chr1","108724532","108724672","36","83059361"
"chr1","191807240","191807519","chr16","31822330","31822608","67","159984910"
"chr1","191835570","191835843","chr25","17470478","17470750","16","174365092"
"chr1","191911913","191912213","chr14","59534405","59534699","65","132377508"
"chr1","191934965","191935241","chr25","17367015","17367297","22","174567950"
"chr1","191940052","191940365","chr25","17361973","17362263","45","174578079"
"chr1","191946453","191946748","chr4","74748551","74748849","50","117197902"
"chr1","192006030","192006319","chr23","59682937","59683224","60","132323093"
"chr1","192033034","192033266","chr25","17272458","17272704","41","174760576"
"chr1","192036071","192036182","chr16","64205305","64205416","19","127830766"
"chr1","192036490","192036687","chr13","50047548","50047740","38","141988942"
"chr1","192040273","192040582","chr25","17265133","17265449","29","174775140"
"chr1","192075389","192075682","chr25","17230101","17230391","23","174845288"
"chr1","192095898","192096125","chr14","60677136","60677354","67","131418762"
"chr1","192097238","192097418","chr18","45844325","45844490","49","146252913"
"chr1","192097723","192097867","chr25","17209733","17209877","12","174887990"
"chr1","192114539","192114683","chr25","17209733","17209877","12","174904806"
"chr1","192114988","192115168","chr18","45844325","45844490","49","146270663"
"chr1","192121625","192121890","chr25","17195462","17195748","35","174926163"
"chr1","192144804","192145126","chrX","61264796","61265099","80","130880008"
"chr1","192199231","192199339","chr1","8321621","8321731","23","183877610"
"chr1","192217875","192218186","chr6","28679777","28680087","62","163538098"
"chr1","192227719","192228026","chr17","20110794","20111101","60","172116925"
"chr1","192240967","192241177","chr29","9140701","9140922","42","183100266"
"chr1","192266071","192266198","chr25","17053072","17053195","10","175212999"
"chr1","192283724","192283841","chr25","17033724","17033839","4","175250000"
"chr1","192285580","192285892","chr25","17031711","17032023","26","175253869"
"chr1","192306434","192306699","chr25","17010920","17011191","22","175295514"
"chr1","192309670","192309967","chr25","17007702","17008005","31","175301968"
"chr1","192341713","192341890","chr13","36978301","36978477","40","155363412"
"chr1","192342180","192342310","chr11","90315815","90315947","20","102026365"
"chr1","192436653","192436712","chr1","13783893","13783953","19","178652760"
"chr1","192436939","192437211","chr23","75213329","75213594","57","117223610"
"chr1","192451644","192451953","chr25","16880726","16881034","24","175570918"
"chr1","192471099","192471395","chr25","16867992","16868290","18","175603107"
"chr1","192491727","192492035","chr25","16847050","16847326","58","175644677"
"chr1","192506060","192506283","chr12","2235360","2235573","43","190270700"
"chr1","192518872","192519178","chr29","3387152","3387460","71","189131720"
"chr1","192527188","192527328","chr6","17450963","17451091","43","175076225"
"chr1","192527354","192527472","chr1","114028015","114028132","20","78499339"
"chr1","192605115","192605403","chr25","16745925","16746229","33","175859190"
"chr1","192629578","192629699","chr16","15335705","15335827","17","177293873"
"chr1","192632009","192632296","chr25","16716021","16716308","13","175915988"
"chr1","192635813","192636123","chr25","16712568","16712868","30","175923245"
"chr1","192656925","192657020","chrX","63889166","63889250","29","128767759"
"chr1","192664798","192664872","chr6","4863005","4863084","22","187801793"
"chr1","192722444","192722752","chr22","33821698","33822000","57","158900746"
"chr1","192759045","192759348","chr25","16612411","16612710","29","176146634"
"chr1","192765626","192765820","chr20","79996404","79996591","49","112769222"
"chr1","192859168","192859370","chr10","116874428","116874627","46","75984740"
"chr1","192884901","192885029","chr22","3432218","3432345","28","189452683"
"chr1","192885063","192885237","chr19","27599556","27599725","37","165285507"
"chr1","192924866","192925170","chr16","1685598","1685907","66","191239268"
"chr1","192960481","192960753","chr25","16420375","16420640","28","176540106"
"chr1","192995910","192996189","chr25","16405653","16405932","15","176590257"
"chr1","193020437","193020701","chr14","12955890","12956159","63","180064547"
"chr1","193067538","193067829","chr16","28445621","28445922","65","164621917"
"chr1","193076774","193076951","chr6","5779595","5779775","50","187297179"
"chr1","193134715","193134856","chr25","16271289","16271430","6","176863426"
"chr1","193234735","193235019","chr25","16176250","16176539","25","177058485"
"chr1","193242832","193243116","chr25","16168446","16168737","24","177074386"
"chr1","193276600","193276880","chr25","16134460","16134739","25","177142140"
"chr1","193280043","193280354","chr25","16130924","16131230","17","177149119"
"chr1","193280921","193281229","chr25","16130059","16130357","38","177150862"
"chr1","193304643","193304962","chr25","16106265","16106574","38","177198378"
"chr1","193450293","193450425","chr25","15970883","15971015","11","177479410"
"chr1","193473164","193473468","chr25","15953409","15953699","41","177519755"
"chr1","193559748","193559873","chr4","89973224","89973344","23","103586524"
"chr1","193561209","193561504","chr25","15857354","15857650","20","177703855"
"chr1","193591497","193591777","chr25","15826656","15826933","23","177764841"
"chr1","193894168","193894470","chr25","15519936","15520241","35","178374232"
"chr1","193924680","193924863","chr25","15492494","15492680","20","178432186"
"chr1","193947003","193947274","chr25","15469692","15469976","29","178477311"
"chr1","194049374","194049690","chr25","15368423","15368722","37","178680951"
"chr1","194061246","194061378","chr25","15356561","15356693","13","178704685"
"chr1","194129030","194129305","chr25","15287828","15288110","30","178841202"
"chr1","194141686","194141994","chr25","15274813","15275121","21","178866873"
"chr1","194159049","194159368","chr28","18723682","18723992","67","175435367"
"chr1","194202704","194202989","chr25","15217595","15217883","20","178985109"
"chr1","194225512","194225815","chr25","15195431","15195705","52","179030081"
"chr1","194241988","194242268","chr25","15179336","15179628","26","179062652"
"chr1","194256401","194256716","chr25","15163129","15163432","37","179093272"
"chr1","194266719","194266910","chr16","58714294","58714474","48","135552425"
"chr1","194293232","194293514","chr25","15125460","15125758","52","179167772"
"chr1","194294471","194294770","chr25","15124154","15124472","38","179170317"
"chr1","194304644","194304942","chr25","15114006","15114309","30","179190638"
"chr1","194321839","194322117","chr25","15096118","15096391","19","179225721"
"chr1","194341554","194341830","chr25","15078202","15078476","23","179263352"
"chr1","194348342","194348630","chr11","118054324","118054615","62","76294018"
"chr1","194348950","194349255","chr25","15070506","15070813","26","179278444"
"chr1","194353595","194353895","chr25","15065896","15066192","21","179287699"
"chr1","194362482","194362777","chr11","120569816","120570104","56","73792666"
"chr1","194367140","194367438","chr23","11866082","11866377","51","182501058"
"chr1","194371806","194372117","chr25","15047205","15047508","40","179324601"
"chr1","194378927","194379233","chr25","15039891","15040190","26","179339036"
"chr1","194379327","194379522","chr9","102674401","102674596","38","91704926"
"chr1","194386952","194387276","chr9","32612589","32612899","73","161774363"
"chr1","194430246","194430548","chr25","14987847","14988129","43","179442399"
"chr1","194488929","194489211","chr25","14924136","14924424","39","179564793"
"chr1","194516717","194517007","chr25","14899809","14900102","20","179616908"
"chr1","194525241","194525496","chr25","14872838","14873093","23","179652403"
"chr1","194557671","194557926","chr25","14872838","14873093","23","179684833"
"chr1","194564644","194564920","chr25","14869223","14869533","61","179695421"
"chr1","194698448","194698741","chr25","14744357","14744675","43","179954091"
"chr1","194712387","194712668","chr25","14730327","14730608","12","179982060"
"chr1","194870286","194870580","chr25","14564967","14565265","28","180305319"
"chr1","194891464","194891768","chrX","125457573","125457877","57","69433891"
"chr1","194910389","194910587","chr25","14518856","14519059","8","180391533"
"chr1","195047826","195048074","chr25","14390367","14390627","41","180657459"
"chr1","195138671","195138797","chr20","16542392","16542518","27","178596279"
"chr1","195434739","195435032","chr25","13930602","13930904","46","181504137"
"chr1","195444629","195444927","chr25","13930602","13930904","32","181514027"
"chr1","195494000","195494183","chr24","54109231","54109410","47","141384769"
"chr1","195494227","195494390","chr6","29190547","29190698","38","166303680"
"chr1","195522900","195523192","chr25","13857155","13857452","39","181665745"
"chr1","195530761","195531063","chr16","33314948","33315243","58","162215813"
"chr1","195646832","195647136","chr25","13734271","13734554","47","181912561"
"chr1","195718148","195718463","chr9","59862290","59862592","70","135855858"
"chr1","195737547","195737741","chr23","25855106","25855297","46","169882441"
"chr1","195883300","195883604","chr25","13508426","13508724","35","182374874"
"chr1","195917604","195917895","chr25","13474126","13474447","56","182443478"
"chr1","196143777","196144031","chr25","13254548","13254797","60","182889229"
"chr1","196184045","196184210","chr2","42603297","42603459","34","153580748"
"chr1","196184267","196184385","chrX","91191431","91191547","22","104992836"
"chr1","196224653","196224952","chr25","13171264","13171556","31","183053389"
"chr1","196283794","196284100","chr8","23292052","23292363","60","172991742"
"chr1","196393940","196394196","chr19","5955904","5956159","70","190438036"
"chr1","196438538","196438840","chr25","12943680","12943977","24","183494858"
"chr1","196450549","196450851","chr25","12943680","12943977","23","183506869"
"chr1","196488135","196488410","chr25","12916861","12917147","28","183571274"
"chr1","196508846","196508961","chr25","12896510","12896626","10","183612336"
"chr1","196564799","196565129","chr25","12845401","12845730","41","183719398"
"chr1","196594756","196595065","chr9","59862290","59862592","70","136732466"
"chr1","196620939","196621056","chr25","12789522","12789643","9","183831417"
"chr1","196641095","196641382","chr25","12768688","12768970","31","183872407"
"chr1","196725789","196726070","chr25","12688227","12688505","26","184037562"
"chr1","196755734","196756026","chr25","12658006","12658303","36","184097728"
"chr1","196784282","196784567","chrX","60778388","60778668","57","136005894"
"chr1","196875429","196875723","chr5","69933160","69933446","59","126942269"
"chr1","196931437","196931740","chr12","106988725","106989029","57","89942712"
"chr1","196941776","196942088","chr25","12473408","12473720","17","184468368"
"chr1","196945366","196945678","chr25","12469841","12470125","47","184475525"
"chr1","196946773","196947061","chr25","12468420","12468703","25","184478353"
"chr1","196958326","196958604","chr6","37186904","37187181","64","159771422"
"chr1","197148984","197149231","chr25","12269427","12269665","29","184879557"
"chr1","197250194","197250472","chr7","1374771","1375048","62","195875423"
"chr1","197292411","197292627","chr11","104335988","104336205","47","92956423"
"chr1","197310793","197311109","chr11","108798946","108799256","67","88511847"
"chr1","197387151","197387270","chr9","119512066","119512187","15","77875085"
"chr1","197406698","197407007","chr25","12006936","12007244","28","185399762"
"chr1","197427152","197427463","chr25","11989979","11990276","35","185437173"
"chr1","197585220","197585504","chr25","44770913","44771213","59","152814307"
"chr1","197648144","197648445","chr25","11781293","11781594","21","185866851"
"chr1","197693000","197693265","chr25","11736839","11737104","14","185956161"
"chr1","197700052","197700279","chr19","23308979","23309200","48","174391073"
"chr1","197737896","197738187","chr3","52070397","52070682","63","145667499"
"chr1","197863868","197863983","chr21","77482708","77482820","29","120381160"
"chr1","197876573","197876886","chr12","43965982","43966279","71","153910591"
"chr1","197959051","197959314","chr25","11543019","11543254","55","186416032"
"chr1","197971934","197972242","chr25","11530240","11530548","21","186441694"
"chr1","197987006","197987122","chr25","11516014","11516130","5","186470992"
"chr1","197988348","197988541","chr16","69697117","69697302","48","128291231"
"chr1","198035236","198035526","chr26","10408974","10409262","55","187626262"
"chr1","198042958","198043259","chr10","59521846","59522144","83","138521112"
"chr1","198120572","198120831","chr22","49851398","49851655","62","148269174"
"chr1","198177195","198177326","chr23","75515535","75515664","17","122661660"
"chr1","198182344","198182636","chr21","85082439","85082728","48","113099905"
"chr1","198206445","198206734","chr8","65632119","65632411","59","132574326"
"chr1","198287857","198288150","chr12","8357025","8357315","65","189930832"
"chr1","198290465","198290758","chr25","11249383","11249678","29","187041082"
"chr1","198313937","198314220","chr25","11228786","11229071","13","187085151"
"chr1","198315635","198315814","chrX","49197144","49197325","46","149118491"
"chr1","198335852","198336146","chr25","11207585","11207879","14","187128267"
"chr1","198342290","198342601","chr9","26688823","26689125","73","171653467"
"chr1","198801594","198801917","chr25","10747892","10748215","27","188053702"
"chr1","199011015","199011104","chr25","10582552","10582641","4","188428463"
"chr1","199137430","199137727","chr25","10454539","10454837","23","188682891"
"chr1","199215955","199216252","chr27","24152987","24153283","65","175062968"
"chr1","199246110","199246404","chrX_KE148108v1_random","1020209","1020503","56","198225901"
"chr1","199426357","199426639","chr25","10168332","10168622","25","189258025"
"chr1","199443679","199443958","chr25","10151637","10151938","46","189292042"
"chr1","199445143","199445271","chr11","47184256","47184384","23","152260887"
"chr1","199542219","199542530","chr25","10053559","10053843","44","189488660"
"chr1","199640813","199641024","chr25","9975478","9975721","42","189665335"
"chr1","199660269","199660610","chr6","33158895","33159205","92","166501374"
"chr1","199712285","199712590","chr11","108876845","108877144","51","90835440"
"chr1","199715256","199715549","chr5","10402453","10402746","69","189312803"
"chr1","199719541","199719837","chr25","9890866","9891172","34","189828675"
"chr1","199724353","199724477","chr25","9886178","9886302","14","189838175"
"chr1","199768398","199768689","chr23","48480469","48480758","64","151287929"
"chr1","199812465","199812781","chr8","28700625","28700932","67","171111840"
"chr1","199828097","199828410","chr25","9775682","9775991","31","190052415"
"chr1","199853330","199853652","chr25","9749133","9749444","33","190104197"
"chr1","199856143","199856439","chr10","44916173","44916454","66","154939970"
"chr1","199862299","199862579","chr7","28668894","28669169","55","171193405"
"chr1","199892075","199892369","chr1","12105092","12105388","58","187786983"
"chr1","199913321","199913580","chr7","115075928","115076189","54","84837393"
"chr1","199925118","199925427","chr25","9666461","9666762","31","190258657"
"chr1","199930106","199930281","chr6","6845271","6845433","46","193084835"
"chr1","199930317","199930401","chr12","27050650","27050733","16","172879667"
"chr1","199956140","199956430","chr5","36409125","36409410","58","163547015"
"chr1","199959908","199960151","chr8","36088146","36088372","55","163871762"
"chr1","199970656","199970941","chr28","2945357","2945633","68","197025299"
"chr1","199995160","199995463","chr25","9600532","9600833","18","190394628"
"chr1","200019416","200019669","chr25","9575996","9576257","33","190443420"
"chr1","200027230","200027525","chrX","44931626","44931920","66","155095604"
"chr1","200063814","200064086","chr25","9525159","9525447","60","190538655"
"chr1","200070420","200070552","chrX","18401939","18402068","19","181668481"
"chr1","200090977","200091183","chr25","9500313","9500509","25","190590664"
"chr1","200091502","200091793","chr25","9498481","9498767","22","190593021"
"chr1","200106523","200106812","chr25","9486978","9487281","46","190619545"
"chr1","200118571","200118881","chr25","9457936","9458247","18","190660635"
"chr1","200135682","200135969","chr25","9440223","9440521","34","190695459"
"chr1","200148660","200148973","chr25","9432123","9432434","25","190716537"
"chr1","200153386","200153680","chr25","9422094","9422388","18","190731292"
"chr1","200177501","200177692","chr25","9399860","9400049","22","190777641"
"chr1","200196265","200196562","chr25","9381428","9381742","45","190814837"
"chr1","200252656","200252860","chr25","9324667","9324895","35","190927989"
"chr1","200279242","200279541","chrX","44931626","44931920","60","155347616"
"chr1","200312247","200312541","chr16","33991811","33992110","51","166320436"
"chr1","200346016","200346263","chr25","9224163","9224397","30","191121853"
"chr1","200367472","200367769","chrX","38778177","38778481","60","161589295"
"chr1","200389038","200389346","chr25","9167169","9167502","56","191221869"
"chr1","200428304","200428614","chr25","9132343","9132640","37","191295961"
"chr1","200429277","200429592","chr25","9131364","9131657","39","191297913"
"chr1","200435476","200435775","chr9","68525091","68525390","59","131910385"
"chr1","200616271","200616573","chr25","8927924","8928219","26","191688347"
"chr1","200641270","200641581","chr25","8901887","8902192","25","191739383"
"chr1","200711181","200711342","chr5","60465396","60465559","33","140245785"
"chr1","200711986","200712265","chr25","8831751","8832029","20","191880235"
"chr1","200765749","200766048","chr16","19277822","19278110","66","181487927"
"chr1","200766824","200767131","chr23","53067888","53068186","62","147698936"
"chr1","200815736","200816057","chr6","10417564","10417870","72","190398172"
"chr1","200830878","200831165","chr25","8703160","8703447","53","192127718"
"chr1","200854240","200854547","chr25","8680347","8680651","28","192173893"
"chr1","201008551","201008822","chr19","25604350","25604620","61","175404201"
"chr1","201114848","201114973","chr5","53749497","53749617","22","147365351"
"chr1","201172851","201173136","chr26","39933120","39933404","57","161239731"
"chr1","201190235","201190473","chr15","39598822","39599067","59","161591413"
"chr1","201284013","201284310","chr25","8241425","8241726","35","193042588"
"chr1","201353673","201353959","chr11","46228408","46228704","65","155125265"
"chr1","201410253","201410544","chr25","8103594","8103908","48","193306659"
"chr1","201485669","201485864","chr25","8033731","8033930","15","193451938"
"chr1","201597254","201597374","chr6","5143425","5143546","23","196453829"
"chr1","201610037","201610291","chr25","7914379","7914632","16","193695658"
"chr1","201801763","201801881","chr18","30186654","30186770","14","171615109"
"chr1","201857654","201857917","chr25","7702074","7702336","26","194155580"
"chr1","201933176","201933488","chr20","124022425","124022733","63","77910751"
"chr1","201952383","201952679","chrX","23636327","23636629","63","178316056"
"chr1","201982316","201982577","chr5","13873228","13873491","54","188109088"
"chr1","202000888","202001158","chr25","7562891","7563158","30","194437997"
"chr1","202016345","202016475","chr25","7547094","7547224","11","194469251"
"chr1","202022749","202023039","chr25","7540516","7540811","35","194482233"
"chr1","202135102","202135404","chr25","7422990","7423314","46","194712112"
"chr1","202172942","202173227","chr18","44616862","44617139","65","157556080"
"chr1","202182806","202183110","chr25","7368783","7369085","18","194814023"
"chr1","202268672","202268976","chr25","7281972","7282277","15","194986700"
"chr1","202296382","202296516","chr3","18801623","18801754","32","183494759"
"chr1","202315364","202315667","chr25","7234881","7235183","34","195080483"
"chr1","202322417","202322711","chr25","7221995","7222297","29","195100422"
"chr1","202324480","202324783","chr25","7219936","7220230","33","195104544"
"chr1","202457268","202457556","chr8","124610123","124610410","62","77847145"
"chr1","202457567","202457879","chr25","7085228","7085545","55","195372339"
"chr1","202462030","202462333","chr17","59309690","59309996","31","143152340"
"chr1","202462366","202462490","chr12","45361117","45361242","18","157101249"
"chr1","202540199","202540274","chr16","55787876","55787952","16","146752323"
"chr1","202546551","202546843","chr21","3080136","3080429","17","199466415"
"chr1","202547430","202547729","chr21","3079252","3079549","12","199468178"
"chr1","202551300","202551599","chr21","3079252","3079549","15","199472048"
"chr1","202553656","202553955","chr21","3079252","3079549","10","199474404"
"chr1","202554874","202555170","chr21","3079252","3079549","14","199475622"
"chr1","202556093","202556392","chr21","3079252","3079549","10","199476841"
"chr1","202556916","202557156","chr28","2084631","2084889","41","200472285"
"chr1","202559160","202559456","chr21","3076994","3077296","26","199482166"
"chr1","202559482","202559597","chr21","3088821","3088936","8","199470661"
"chr1","202561017","202561311","chr21","3076994","3077296","27","199484023"
"chr1","202561337","202561448","chr21","3088821","3088936","11","199472516"
"chr1","202562342","202562638","chr21","3076994","3077296","25","199485348"
"chr1","202562664","202562779","chr21","3088821","3088936","7","199473843"
"chr1","202563593","202563889","chr21","3076994","3077296","25","199486599"
"chr1","202563915","202564030","chr21","3088821","3088936","6","199475094"
"chr1","202564724","202564948","chr7","113171466","113171675","64","89393258"
"chr1","202565692","202565806","chr21","3088821","3088936","9","199476871"
"chr1","202567190","202567268","chr19","1549697","1549778","15","201017493"
"chr1","202567576","202567708","chr21","3075504","3075636","8","199492072"
"chr1","202568070","202568202","chr28","2089641","2089773","21","200478429"
"chr1","202569401","202569532","chr28","2089641","2089773","22","200479760"
"chr1","202570843","202571096","chr5","32780043","32780289","62","169790800"
"chr1","202571986","202572284","chr28","11856078","11856376","56","190715908"
"chr1","202573742","202574023","chr14","82806583","82806861","60","119767159"
"chr1","202582246","202582547","chr21","3067515","3067787","48","199514731"
"chr1","202585733","202586029","chr21","3064029","3064324","24","199521704"
"chr1","202590295","202590604","chr21","3060495","3060793","34","199529800"
"chr1","202592673","202592956","chr28","2096566","2096852","35","200496107"
"chr1","202603211","202603247","chr1","106090900","106090935","6","96512311"
"chr1","202603574","202603627","chr1","34557927","34557977","17","168045647"
"chr1","202646077","202646374","chr20","70561074","70561375","61","132085003"
"chr1","202654022","202654311","chr25","7036084","7036364","27","195617938"
"chr1","202658191","202658318","chr25","7032101","7032217","14","195626090"
"chr1","202667894","202668169","chr25","7022252","7022535","24","195645642"
"chr1","202668671","202668955","chr24","54921299","54921588","55","147747372"
"chr1","202692508","202692802","chrX","110829294","110829593","65","91863214"
"chr1","202748754","202749061","chr25","6939490","6939780","39","195809264"
"chr1","202840845","202840963","chr25","6847173","6847294","8","195993672"
"chr1","202971295","202971601","chrX","38778177","38778481","62","164193118"
"chr1","202987724","202988021","chr25","6687045","6687326","29","196300679"
"chr1","203014873","203014973","chrX","129316823","129316921","26","73698050"
"chr1","203018114","203018455","chr9","29133296","29133622","84","173884818"
"chr1","203044069","203044368","chr25","6625718","6626008","42","196418351"
"chr1","203076225","203076410","chr25","6598419","6598613","22","196477806"
"chr1","203089563","203089852","chr25","6586785","6587075","20","196502778"
"chr1","203141043","203141367","chr1","40197988","40198332","46","162943055"
"chr1","203146575","203146705","chr5","53287659","53287789","24","149858916"
"chr1","203146707","203146809","chr6","46321719","46321819","22","156824988"
"chr1","203147520","203147598","chr16","67216196","67216270","16","135931324"
"chr1","203165474","203165758","chr8","39826955","39827240","59","163338519"
"chr1","203176264","203176559","chr22","18532485","18532779","54","184643779"
"chr1","203179349","203179641","chr2","46654244","46654533","58","156525105"
"chr1","203205847","203206131","chr6","5449427","5449714","47","197756420"
"chr1","203208237","203208449","chr20","24517895","24518114","46","178690342"
"chr1","203260293","203260592","chr6","12554463","12554757","62","190705830"
"chr1","203261413","203261708","chr25","6413282","6413580","40","196848131"
"chr1","203272490","203272697","chr25","6400171","6400376","23","196872319"
"chr1","203280413","203280640","chr25","6390426","6390671","35","196889987"
"chr1","203287794","203288086","chr25","6383226","6383523","21","196904568"
"chr1","203309150","203309462","chr11","104926282","104926592","62","98382868"
"chr1","203380645","203380768","chr25","6290860","6290983","10","197089785"
"chr1","203428646","203428884","chr25","6247621","6247859","13","197181025"
"chr1","203533171","203533458","chr25","6162889","6163169","26","197370282"
"chr1","203578781","203578898","chr25","6125091","6125208","8","197453690"
"chr1","203579288","203579446","chr11","2882639","2882793","29","200696649"
"chr1","203606612","203606982","chr7","129322227","129322568","107","74284385"
"chr1","203619057","203619353","chr28","19905089","19905366","59","183713968"
"chr1","203651448","203651779","chr8","25710893","25711212","74","177940555"
"chr1","203668323","203668606","chr21","30157364","30157651","61","173510959"
"chr1","203670901","203671023","chr25","6040466","6040588","7","197630435"
"chr1","203683925","203684225","chr25","6026899","6027196","23","197657026"
"chr1","203737377","203737676","chr25","5982518","5982815","34","197754859"
"chr1","203739453","203739727","chr2","45405068","45405343","57","158334385"
"chr1","203770522","203770816","chr21","75119248","75119536","57","128651274"
"chr1","203793902","203794196","chr2","34193701","34194002","53","169600201"
"chr1","203801399","203801715","chr10","76220349","76220648","63","127581050"
"chr1","203804882","203805164","chr25","5918690","5918954","36","197886192"
"chr1","203843499","203843805","chr17","35306470","35306782","57","168537029"
"chr1","203856395","203856678","chr5","69933160","69933446","46","133923235"
"chr1","203865396","203865695","chr25","5860793","5861078","31","198004603"
"chr1","203869441","203869622","chr26","3374800","3374970","46","200494641"
"chr1","203880383","203880410","chrX","7915452","7915480","3","195964931"
"chr1","203881012","203881181","chr5","22361221","22361387","33","181519791"
"chr1","203894619","203894748","chr25","5834134","5834262","5","198060485"
"chr1","203895048","203895227","chr25","5833657","5833821","35","198061391"
"chr1","203898296","203898426","chr11","95562165","95562295","20","108336131"
"chr1","203906318","203906440","chr3","79414190","79414314","16","124492128"
"chr1","203916295","203916375","chr8","85322926","85323007","18","118593369"
"chr1","203925388","203925468","chr8","85322926","85323007","18","118602462"
"chr1","203938529","203938831","chr20","85064517","85064827","64","118874012"
"chr1","203947255","203947572","chr19","15538880","15539187","70","188408375"
"chr1","203966864","203967149","chr19","5484104","5484394","54","198482760"
"chr1","203968773","203968974","chr25","5767158","5767358","25","198201615"
"chr1","203969270","203969408","chr25","5766726","5766863","13","198202544"
"chr1","203989852","203990151","chr13","55476223","55476524","61","148513629"
"chr1","204011323","204011500","chr12","7890517","7890695","35","196120806"
"chr1","204080735","204081045","chrX","8214520","8214828","77","195866215"
"chr1","204090747","204090871","chr25","5692744","5692877","19","198398003"
"chr1","204096851","204097114","chr25","5686728","5686980","32","198410123"
"chr1","204101092","204101175","chr25","5684214","5684299","11","198416878"
"chr1","204108132","204108414","chr20","101047031","101047314","77","103061101"
"chr1","204118115","204118396","chr19","10747011","10747299","53","193371104"
"chr1","204147973","204148267","chr25","5639551","5639848","15","198508422"
"chr1","204152348","204152638","chr25","5635208","5635500","28","198517140"
"chr1","204157593","204157751","chr25","5630290","5630454","20","198527303"
"chr1","204178269","204178477","chr4","31261339","31261555","48","172916930"
"chr1","204188304","204188499","chr8","50963339","50963527","47","153224965"
"chr1","204188529","204188557","chr5","17563399","17563425","17","186625130"
"chr1","204188814","204188950","chrX","7838045","7838179","27","196350769"
"chr1","204189493","204189769","chr2","31186050","31186331","70","173003443"
"chr1","204195361","204195642","chr25","5595249","5595523","37","198600112"
"chr1","204198712","204198994","chr25","5591964","5592241","22","198606748"
"chr1","204205716","204205863","chr6","32989363","32989511","27","171216353"
"chr1","204206182","204206308","chr8","121812","121937","28","204084370"
"chr1","204214242","204214373","chrX","60212761","60212890","40","144001481"
"chr1","204215870","204216008","chr2","75120731","75120848","56","129095139"
"chr1","204225032","204225240","chr7","25137095","25137297","63","179087937"
"chr1","204225534","204225678","chr6","12298041","12298190","27","191927493"
"chr1","204230643","204230785","chr6","3174027","3174164","28","201056616"
"chr1","204231079","204231286","chr7","25137095","25137297","64","179093984"
"chr1","204247352","204247486","chr20","10302401","10302535","18","193944951"
"chr1","204273605","204273782","chr25","5523715","5523888","14","198749890"
"chr1","204274088","204274219","chr25","5523308","5523445","14","198750780"
"chr1","204274584","204274907","chr25","5522617","5522940","46","198751967"
"chr1","204281436","204281567","chr25","5513901","5514033","11","198767535"
"chr1","204282012","204282311","chr25","5513175","5513463","32","198768837"
"chr1","204284180","204284441","chr25","5511106","5511367","16","198773074"
"chr1","204291328","204291613","chr4","75188204","75188502","31","129103124"
"chr1","204291883","204291988","chr4","75188776","75188881","8","129103107"
"chr1","204292451","204292571","chr4","31401678","31401793","23","172890773"
"chr1","204304706","204304776","chr20","84357428","84357499","11","119947278"
"chr1","204306357","204306641","chr18","69293191","69293485","63","135013166"
"chr1","204315457","204315751","chr25","5482680","5482981","19","198832777"
"chr1","204324046","204324352","chr5","36390138","36390448","63","167933908"
"chr1","204328362","204328579","chr2","16239528","16239738","45","188088834"
"chr1","204329219","204329499","chr11","101766154","101766428","66","102563065"
"chr1","204331933","204332136","chr25","5465336","5465556","30","198866597"
"chr1","204333337","204333636","chr25","5463856","5464161","27","198869481"
"chr1","204335679","204335979","chr28","3073926","3074219","66","201261753"
"chr1","204336543","204336673","chr14","21806073","21806204","23","182530470"
"chr1","204338135","204338400","chr3","23263638","23263917","67","181074497"
"chr1","204338414","204338705","chr24","78137649","78137938","53","126200765"
"chr1","204354323","204354595","chr13","85712708","85712984","60","118641615"
"chr1","204358159","204358274","chr25","5441701","5441810","11","198916458"
"chr1","204364721","204365012","chr24","78137649","78137938","53","126227072"
"chr1","204365026","204365291","chr3","23263638","23263917","67","181101388"
"chr1","204366755","204366885","chr14","21806073","21806204","23","182560682"
"chr1","204382978","204383058","chr19","1549697","1549778","19","202833281"
"chr1","204383360","204383496","chr1","21453302","21453441","31","182930058"
"chr1","204385407","204385586","chr25","5416582","5416747","29","198968825"
"chr1","204400016","204400315","chr25","5399679","5399985","21","199000337"
"chr1","204418808","204418939","chr25","5373707","5373838","9","199045101"
"chr1","204436596","204436913","chr25","5358293","5358586","53","199078303"
"chr1","204439325","204439618","chr23","18800735","18801033","67","185638590"
"chr1","204463890","204464195","chr5","20560019","20560317","75","183903871"
"chr1","204486088","204486396","chr25","5313480","5313779","28","199172608"
"chr1","204490393","204490705","chr25","5301009","5301317","19","199189384"
"chr1","204505510","204505775","chr25","5288671","5288936","18","199216839"
"chr1","204511950","204512081","chr2","5942437","5942567","24","198569513"
"chr1","204515841","204515958","chr25","5278196","5278313","4","199237645"
"chr1","204520014","204520336","chr25","5272709","5273044","36","199247305"
"chr1","204531593","204531882","chr25","5260933","5261218","24","199270660"
"chr1","204534551","204534854","chr26","31796938","31797225","56","172737613"
"chr1","204538321","204538619","chr18","68658199","68658500","70","135880122"
"chr1","204547991","204548292","chr25","5239650","5239961","26","199308341"
"chr1","204548344","204548634","chr25","5239321","5239633","42","199309023"
"chr1","204553209","204553407","chr9","52491124","52491330","59","152062085"
"chr1","204558660","204558964","chr25","5228973","5229281","35","199329687"
"chr1","204577487","204577786","chr25","5211180","5211479","21","199366307"
"chr1","204588919","204589213","chr25","5200152","5200445","15","199388767"
"chr1","204615516","204615784","chr25","5167700","5167971","24","199447816"
"chr1","204633372","204633667","chr25","5149237","5149521","29","199484135"
"chr1","204634764","204635028","chr25","5147887","5148153","11","199486877"
"chr1","204656080","204656359","chr28","14627970","14628242","64","190028110"
"chr1","204662595","204662888","chr20","2256298","2256587","58","202406297"
"chr1","204700975","204701271","chr25","5073448","5073744","20","199627527"
"chr1","204705739","204706032","chr2","31186050","31186331","64","173519689"
"chr1","204749429","204749716","chr6","50691089","50691372","68","154058340"
"chr1","204791772","204791889","chr25","4976236","4976353","5","199815536"
"chr1","204802472","204802608","chr6","40720759","40720893","36","164081713"
"chr1","204913823","204914078","chr15","68542116","68542369","54","136371707"
"chr1","204917512","204917597","chr25","3405737","3405814","22","201511775"
"chr1","204927369","204927655","chrX","7640512","7640805","55","197286857"
"chr1","204993078","204993383","chr25","4788519","4788825","15","200204559"
"chr1","205003107","205003381","chr21","72955685","72955973","62","132047422"
"chr1","205040659","205040909","chr8","36754913","36755149","53","168285746"
"chr1","205070324","205070425","chrX","99851","99968","32","204970473"
"chr1","205127911","205128217","chr25","4354321","4354623","28","200773590"
"chr1","205183384","205183667","chr7","118609785","118610067","57","86573599"
"chr1","205202024","205202292","chr11","116362356","116362619","59","88839668"
"chr1","205220331","205220583","chr16","60152104","60152356","52","145068227"
"chr1","205232212","205232504","chr25","4254483","4254796","39","200977729"
"chr1","205269959","205270262","chr25","4217168","4217469","25","201052791"
"chr1","205296362","205296479","chr25","4192730","4192847","8","201103632"
"chr1","205303862","205304096","chr16","14267499","14267728","46","191036363"
"chr1","205328491","205328745","chr25","4158450","4158705","13","201170041"
"chr1","205363977","205364094","chr3","37584026","37584149","18","167779951"
"chr1","205365313","205365436","chr25","4124684","4124813","14","201240629"
"chr1","205372394","205372695","chr25","4117158","4117458","20","201255236"
"chr1","205376204","205376267","chr25","4113619","4113682","7","201262585"
"chr1","205400890","205401196","chr25","4089366","4089666","30","201311524"
"chr1","205408388","205408535","chr20","8560143","8560296","44","196848245"
"chr1","205408925","205409042","chr1","114028015","114028132","20","91380910"
"chr1","205414460","205414739","chr25","4076011","4076291","16","201338449"
"chr1","205416541","205416632","chr10","41919217","41919308","18","163497324"
"chr1","205416944","205417171","chr28","14064194","14064406","42","191352750"
"chr1","205417483","205417801","chr16","54776855","54777153","74","150640628"
"chr1","205452603","205452895","chrX","107915390","107915686","60","97537213"
"chr1","205458434","205458554","chr25","4029751","4029871","5","201428683"
"chr1","205458692","205458979","chr25","4029318","4029613","27","201429374"
"chr1","205461432","205461736","chr25","4019966","4020271","28","201441466"
"chr1","205464135","205464333","chr25","4025277","4025477","11","201438858"
"chr1","205475804","205476099","chr26","23755459","23755759","72","181720345"
"chr1","205481656","205481846","chr25","4002097","4002287","16","201479559"
"chr1","205482501","205482795","chr25","4001161","4001457","36","201481340"
"chr1","205487934","205488105","chr6","8962326","8962490","39","196525608"
"chr1","205488416","205488546","chr26","1142286","1142414","21","204346130"
"chr1","205488554","205488842","chr24","29553978","29554266","52","175934576"
"chr1","205502759","205503019","chr25","3972247","3972531","46","201530512"
"chr1","205507637","205507757","chr25","3976486","3976606","8","201531151"
"chr1","205509546","205509830","chr25","3984576","3984864","43","201524970"
"chr1","205522808","205523080","chr14","81706040","81706314","55","123816768"
"chr1","205546235","205546411","chr5","27890865","27891026","40","177655370"
"chr1","205548459","205548612","chr28","2640075","2640224","22","202908384"
"chr1","205548915","205549081","chr11","115474601","115474761","37","90074314"
"chr1","205575244","205575541","chr25","3907078","3907380","26","201668166"
"chr1","205607660","205607930","chr25","3875219","3875514","42","201732441"
"chr1","205608119","205608418","chr25","3874775","3875071","25","201733344"
"chr1","205620327","205620585","chr25","3862709","3862964","19","201757618"
"chr1","205636720","205636832","chr25","3843321","3843437","9","201793399"
"chr1","205640311","205640427","chr25","3843321","3843437","7","201796990"
"chr1","205643477","205643710","chr14","81276285","81276519","60","124367192"
"chr1","205655956","205656097","chr25","3827333","3827456","27","201828623"
"chr1","205660537","205660849","chr9","11782404","11782713","57","193878133"
"chr1","205664485","205664684","chr6","13170745","13170942","43","192493740"
"chr1","205683889","205684193","chr25","3804772","3805082","23","201879117"
"chr1","205691004","205691099","chr25","3798842","3798932","9","201892162"
"chr1","205691406","205691517","chr25","3798423","3798533","8","201892983"
"chr1","205718203","205718520","chr25","3772839","3773148","33","201945364"
"chr1","205727068","205727350","chr25","3766143","3766421","20","201960925"
"chr1","205748858","205749202","chr9","80997105","80997447","85","124751753"
"chr1","205760885","205761177","chr25","3734386","3734673","33","202026499"
"chr1","205765363","205765491","chr6","27791195","27791324","16","177974168"
"chr1","205792529","205792803","chr25","3712534","3712799","25","202079995"
"chr1","205808433","205808556","chr25","3686323","3686446","7","202122110"
"chr1","205809852","205809971","chr25","3674094","3674207","17","202135758"
"chr1","205812273","205812575","chr11","114855636","114855938","53","90956637"
"chr1","205814734","205815027","chr25","3670831","3671126","29","202143903"
"chr1","205823853","205824019","chr25","3667786","3667936","26","202156067"
"chr1","205824613","205824780","chr20","8327757","8327910","49","197496856"
"chr1","205828794","205829055","chr28","9470543","9470817","62","196358251"
"chr1","205872389","205872688","chr25","3617311","3617614","19","202255078"
"chr1","205885450","205885738","chr17","53406733","53407022","57","152478717"
"chr1","205905239","205905533","chr9","28897910","28898213","54","177007329"
"chr1","205928774","205929060","chr25","3559600","3559898","52","202369174"
"chr1","205935748","205935914","chr25","3552737","3552903","8","202383011"
"chr1","205945358","205945499","chr12","10357428","10357563","30","195587930"
"chr1","205945800","205945944","chr21","113887315","113887460","28","92058485"
"chr1","205957994","205958155","chr27","5299296","5299460","28","200658698"
"chr1","205963274","205963415","chr25","3512374","3512538","31","202450900"
"chr1","205970699","205971011","chr8","97635106","97635417","53","108335593"
"chr1","206000460","206000605","chr25","3479186","3479343","26","202521274"
"chr1","206003598","206003789","chr17","36507430","36507620","50","169496168"
"chr1","206010541","206010790","chr16","45284481","45284722","60","160726060"
"chr1","206019772","206020068","chr25","3458690","3458989","25","202561082"
"chr1","206023197","206023506","chr25","3455027","3455336","19","202568170"
"chr1","206038396","206038625","chr2","37104063","37104291","59","168934333"
"chr1","206044029","206044259","chr17","35958223","35958462","59","170085806"
"chr1","206044825","206044872","chr1","34557927","34557977","7","171486898"
"chr1","206045987","206046306","chr12","103939005","103939299","74","102106982"
"chr1","206051373","206051662","chr21","75119248","75119536","57","130932125"
"chr1","206053065","206053307","chr25","3429673","3429915","13","202623392"
"chr1","206055459","206055730","chr1","12926758","12927031","58","193128701"
"chr1","206058168","206058419","chr20","87660335","87660575","52","118397833"
"chr1","206067871","206068021","chr25","3412369","3412519","16","202655502"
"chr1","206068317","206068463","chr25","3411922","3412074","18","202656395"
"chr1","206073599","206073878","chr25","3406532","3406821","49","202667067"
"chr1","206078640","206078718","chr25","3405737","3405814","7","202672903"
"chr1","206100912","206101199","chr25","3376463","3376758","32","202724449"
"chr1","206109352","206109569","chr25","3368073","3368290","18","202741279"
"chr1","206115357","206115674","chr25","3361945","3362221","63","202753412"
"chr1","206126732","206127012","chr25","3350265","3350553","29","202776467"
"chr1","206127418","206127536","chr25","3349716","3349834","8","202777702"
"chr1","206135411","206135702","chr25","3331809","3332099","22","202803602"
"chr1","206135818","206136074","chr1","77248060","77248339","67","128887758"
"chr1","206142081","206142207","chr25","3325277","3325403","7","202816804"
"chr1","206142501","206142679","chr25","3324821","3324991","36","202817680"
"chr1","206153269","206153554","chr25","3316130","3316385","47","202837139"
"chr1","206158824","206159124","chr25","3311876","3312171","26","202846948"
"chr1","206166387","206166652","chr25","3307672","3307925","36","202858715"
"chr1","206170388","206170695","chr25","3303393","3303695","37","202866995"
"chr1","206194230","206194540","chr5","22347787","22348098","62","183846443"
"chr1","206229640","206229924","chr25","3244898","3245179","23","202984742"
"chr1","206231590","206231886","chr25","3243017","3243316","43","202988573"
"chr1","206239162","206239448","chr25","3235520","3235814","33","203003642"
"chr1","206300643","206300936","chr25","3174686","3174973","21","203125957"
"chr1","206301901","206302200","chr18","22182615","22182907","78","184119286"
"chr1","206340168","206340483","chr25","3133312","3133644","30","203206856"
"chr1","206353106","206353414","chr10","76220349","76220648","55","130132757"
"chr1","206396036","206396334","chr21","103865484","103865789","54","102530552"
"chr1","206406346","206406644","chr21","103865484","103865789","53","102540862"
"chr1","206459388","206459689","chr3","5756203","5756487","67","200703185"
"chr1","206480269","206480516","chr25","3001581","3001847","38","203478688"
"chr1","206484326","206484603","chr25","2997577","2997853","13","203486749"
"chr1","206504099","206504390","chr25","2983631","2983924","12","203520468"
"chr1","206509442","206509749","chr2","58980970","58981271","64","147528472"
"chr1","206516490","206516805","chr9","23132084","23132391","60","183384406"
"chr1","206555214","206555379","chr16","67347656","67347815","35","139207558"
"chr1","206567990","206568281","chr25","2925362","2925655","24","203642628"
"chr1","206580776","206581060","chr25","2920576","2920860","18","203660200"
"chr1","206622623","206622923","chr24","79833083","79833383","53","126789540"
"chr1","206646340","206646616","chr25","2854324","2854606","24","203792016"
"chr1","206652040","206652339","chr2","35462255","35462551","57","171189785"
"chr1","206657297","206657565","chr3","53637264","53637513","61","153020033"
"chr1","206674258","206674558","chr2","36314709","36315009","70","170359549"
"chr1","206693803","206694108","chr25","2813986","2814294","26","203879817"
"chr1","206754614","206754801","chr25","2751726","2751903","23","204002888"
"chr1","206755090","206755201","chr25","2751311","2751423","10","204003779"
"chr1","206766469","206766730","chr25","2739794","2740055","23","204026675"
"chr1","206767451","206767753","chr25","2738752","2739058","28","204028699"
"chr1","206796009","206796322","chr20","81897436","81897749","56","124898573"
"chr1","206845090","206845371","chr6","50474654","50474950","53","156370436"
"chr1","206869138","206869419","chr2","17967607","17967896","62","188901531"
"chr1","206879471","206879800","chr20","113982856","113983159","92","92896615"
"chr1","206893954","206894232","chr25","2612975","2613256","56","204280979"
"chr1","206902724","206902926","chr25","2605677","2605881","27","204297047"
"chr1","206936908","206937193","chr25","2576740","2577069","60","204360168"
"chr1","206939899","206940183","chr7","86698565","86698850","56","120241334"
"chr1","206941375","206941703","chr20","88100516","88100832","80","118840859"
"chr1","206961910","206962196","chr25","2555280","2555556","31","204406630"
"chr1","206978064","206978357","chr25","2538759","2539057","34","204439305"
"chr1","206995508","206995662","chr5","39454371","39454526","31","167541137"
"chr1","206998167","206998469","chr26","19593698","19594003","62","187404469"
"chr1","207030037","207030289","chr25","2487653","2487893","24","204542384"
"chr1","207081473","207081627","chr25","48413432","48413588","28","158668041"
"chr1","207090830","207090990","chr25","2440637","2440792","13","204650193"
"chr1","207094368","207094646","chr25","2436957","2437241","27","204657411"
"chr1","207123303","207123589","chr25","2408721","2409012","21","204714582"
"chr1","207139486","207139779","chr20","100593873","100594175","65","106545613"
"chr1","207142611","207142931","chr25","2389647","2389954","30","204752964"
"chr1","207148543","207148836","chrX_KE148108v1_random","1020209","1020503","53","206128334"
"chr1","207173010","207173313","chr12","103939005","103939299","53","103234005"
"chr1","207183322","207183566","chr25","2347754","2348011","28","204835568"
"chr1","207187010","207187159","chr25","2344240","2344397","26","204842770"
"chr1","207202224","207202510","chr25","2325055","2325346","22","204877169"
"chr1","207205785","207205965","chr25","2321599","2321782","17","204884186"
"chr1","207209129","207209444","chr28","18723682","18723992","70","188485447"
"chr1","207210597","207210884","chr25","2316650","2316938","24","204893947"
"chr1","207274121","207274357","chr9","27491","27729","30","207246630"
"chr1","207322595","207322699","chr25","2170194","2170298","8","205152401"
"chr1","207334411","207334566","chr22","54394726","54394874","44","152939685"
"chr1","207334593","207334707","chr11","25156723","25156840","22","182177870"
"chr1","207338100","207338295","chrX","69664324","69664517","58","137673776"
"chr1","207392583","207392707","chr25","2093545","2093669","6","205299038"
"chr1","207407878","207408157","chr6","2328411","2328694","64","205079467"
"chr1","207411899","207412118","chr17","35426525","35426740","51","171985374"
"chr1","207435503","207435814","chr11","104926282","104926592","66","102509221"
"chr1","207439418","207439699","chr25","2012899","2013181","23","205426519"
"chr1","207467670","207467839","chr16","42530206","42530379","53","164937464"
"chr1","207497477","207497649","chr25","1949743","1949916","12","205547734"
"chr1","207497959","207498010","chr25","1949382","1949433","2","205548577"
"chr1","207580388","207580554","chr27","43817629","43817790","31","163762759"
"chr1","207590597","207590880","chr12","8357025","8357315","54","199233572"
"chr1","207597026","207597312","chr25","1851212","1851496","14","205745814"
"chr1","207607505","207607814","chr25","1840842","1841151","12","205766663"
"chr1","207622466","207622722","chr25","1828576","1828837","25","205793890"
"chr1","207655801","207656039","chr25","1794941","1795179","24","205860860"
"chr1","207673143","207673378","chr5","43066745","43066978","41","164606398"
"chr1","207694682","207694814","chr25","1755911","1756041","10","205938771"
"chr1","207695168","207695485","chr25","1755268","1755573","46","205939900"
"chr1","207748077","207748380","chr25","1740756","1741061","19","206007321"
"chr1","207761836","207762130","chr25","50151704","50152007","64","157610132"
"chr1","207780432","207780714","chr25","1708455","1708741","17","206071977"
"chr1","207784207","207784465","chr25","1704355","1704623","23","206079852"
"chr1","207791885","207792134","chr28_KE148105v1_random","328212","328482","65","207463673"
"chr1","207811964","207812242","chr25","1675456","1675732","26","206136508"
"chr1","207812265","207812494","chr25","1675208","1675435","12","206137057"
"chr1","207836451","207836740","chr25","1652177","1652464","21","206184274"
"chr1","207842341","207842548","chr20","92890111","92890312","42","114952230"
"chr1","207853965","207854251","chr25","1635000","1635273","29","206218965"
"chr1","207868957","207869273","chr5","25653868","25654181","63","182215089"
"chr1","207892143","207892394","chr25","1598200","1598452","25","206293943"
"chr1","207901532","207901795","chr25","1587940","1588203","20","206313592"
"chr1","207915898","207915997","chr25","1574808","1574907","11","206341090"
"chr1","207932321","207932583","chr12","87334913","87335173","60","120597408"
"chr1","207939864","207940172","chr5","18182261","18182569","53","189757603"
"chr1","207949331","207949645","chr17","36566860","36567180","59","171382471"
"chr1","207951228","207951363","chr25","1537786","1537915","19","206413442"
"chr1","207955766","207955888","chr25","1533067","1533189","7","206422699"
"chr1","207978008","207978267","chr21","36699426","36699692","68","171278582"
"chr1","207980835","207981136","chr25","1507799","1508099","22","206473036"
"chr1","207989043","207989345","chr25","1500154","1500466","28","206488889"
"chr1","208007395","208007737","chr28","18466990","18467318","92","189540405"
"chr1","208021939","208022251","chr25","1466906","1467212","26","206555033"
"chr1","208025587","208025885","chr25","1463295","1463590","25","206562292"
"chr1","208048979","208049267","chr25","1440067","1440362","31","206608912"
"chr1","208054832","208055100","chr25","1434834","1435100","18","206619998"
"chr1","208071173","208071419","chr14","58626992","58627232","63","149444181"
"chr1","208087052","208087328","chr9","27438807","27439079","75","180648245"
"chr1","208122115","208122407","chr5","9695577","9695863","61","198426538"
"chr1","208140428","208140731","chr25","1353448","1353744","26","206786980"
"chr1","208148133","208148470","chr25","1340147","1340417","74","206807986"
"chr1","208149207","208149325","chr25","1339296","1339406","19","206809911"
"chr1","208153886","208154194","chr2","18885280","18885593","58","189268606"
"chr1","208156731","208157010","chr25","1331674","1331937","57","206825057"
"chr1","208168527","208168728","chr25","1319803","1320006","18","206848724"
"chr1","208180287","208180570","chr22","6113613","6113885","60","202066674"
"chr1","208203478","208203802","chr1","105111309","105111632","106","103092169"
"chr1","208205882","208206161","chr6","28568963","28569248","66","179636919"
"chr1","208226695","208226914","chr8","28330290","28330495","41","179896405"
"chr1","208229986","208230247","chr25","1264833","1265103","25","206965153"
"chr1","208231469","208231757","chr25","1263924","1264213","19","206967545"
"chr1","208232036","208232125","chr18","22032261","22032345","12","186199775"
"chr1","208243399","208243702","chr5","69933160","69933446","60","138310239"
"chr1","208248544","208248805","chr25","1232433","1232682","30","207016111"
"chr1","208250346","208250645","chr25","1230609","1230895","27","207019737"
"chr1","208257953","208258269","chr25","1189866","1190180","29","207068087"
"chr1","208288339","208288616","chr25","1189866","1190180","48","207098473"
"chr1","208384054","208384340","chr1","65426777","65427063","68","142957277"
"chr1","208429601","208429922","chr25","66007035","66007360","34","142422566"
"chr1","208443294","208443460","chr25","66015533","66015699","12","142427761"
"chr1","208460774","208461069","chr25","66040967","66041275","25","142419807"
"chr1","208475291","208475477","chr25","66055508","66055698","18","142419783"
"chr1","208487033","208487339","chr17","54545670","54545974","63","153941363"
"chr1","208502574","208502841","chr5","55041877","55042151","66","153460697"
"chr1","208521254","208521441","chr25","66099814","66100009","16","142421440"
"chr1","208538830","208538947","chr25","66117606","66117723","10","142421224"
"chr1","208557735","208557925","chr25","66136406","66136596","15","142421329"
"chr1","208569713","208569977","chr27","40190981","40191239","56","168378732"
"chr1","208592646","208592961","chr16","24932691","24933003","76","183659955"
"chr1","208607167","208607228","chr25","66178481","66178542","1","142428686"
"chr1","208611041","208611360","chr1","17307782","17308092","75","191303259"
"chr1","208644639","208644952","chr25","66216206","66216507","33","142428433"
"chr1","208690431","208690736","chr25","66256829","66257134","21","142433602"
"chr1","208702556","208702856","chr25","66268806","66269116","29","142433750"
"chr1","208738408","208738697","chr2","81203304","81203595","64","127535104"
"chr1","208742171","208742474","chr2","7700020","7700322","69","201042151"
"chr1","208752465","208752757","chr25","66322454","66322748","25","142430011"
"chr1","208791434","208791707","chr25","66353877","66354156","32","142437557"
"chr1","208797989","208798118","chr16","58541408","58541539","18","150256581"
"chr1","208801937","208802226","chr20","97930394","97930688","59","110871543"
"chr1","208803543","208803858","chr25","66366771","66367079","35","142436772"
"chr1","208810115","208810240","chr3","79414190","79414314","16","129395925"
"chr1","208819168","208819466","chr10","76220349","76220648","56","132598819"
"chr1","208827944","208828236","chr25","66391245","66391572","56","142436699"
"chr1","208830907","208831170","chr25","66394167","66394430","10","142436740"
"chr1","208869049","208869342","chr25","66435979","66436291","41","142433070"
"chr1","208873253","208873546","chr25","66435979","66436291","41","142437274"
"chr1","208877943","208878070","chr25","66440661","66440789","8","142437282"
"chr1","208881155","208881381","chr9","94382616","94382844","52","114498539"
"chr1","208894761","208895015","chr29","23621184","23621430","62","185273577"
"chr1","208901559","208901640","chr8","107833353","107833424","28","101068206"
"chr1","208907982","208908055","chr10","113405992","113406060","15","95501990"
"chr1","208915962","208916035","chr10","113405992","113406060","15","95509970"
"chr1","208936743","208937067","chr27","46553604","46553924","75","162383139"
"chr1","208964336","208964632","chr28","15635761","15636057","57","193328575"
"chr1","208971923","208972240","chr25","66527919","66528221","51","142444004"
"chr1","208985220","208985423","chr25","66539572","66539769","21","142445648"
"chr1","208989114","208989435","chr19","8926228","8926540","67","200062886"
"chr1","209000442","209000724","chr25","66554727","66555008","33","142445715"
"chr1","209023025","209023155","chr4","53301781","53301907","16","155721244"
"chr1","209024297","209024583","chr25","66576773","66577055","34","142447524"
"chr1","209026756","209026919","chr6","42438846","42439014","30","166587910"
"chr1","209027218","209027350","chr5","17047325","17047455","23","191979893"
"chr1","209060381","209060669","chr25","66623437","66623711","33","142436944"
"chr1","209077940","209078225","chr25","66640936","66641224","29","142437004"
"chr1","209078329","209078487","chr6","16126892","16127047","32","192951437"
"chr1","209083585","209083886","chr23","11866082","11866377","61","197217503"
"chr1","209089059","209089361","chr25","66667931","66668223","54","142421128"
"chr1","209096781","209097080","chr25","66676311","66676614","26","142420470"
"chr1","209098595","209098889","chr21","109844319","109844602","56","99254276"
"chr1","209100455","209100738","chr25","66680007","66680281","37","142420448"
"chr1","209102134","209102255","chr25","66681367","66681489","16","142420767"
"chr1","209113688","209113836","chr23","62467748","62467885","33","146645940"
"chr1","209116548","209116696","chr23","62467748","62467885","33","146648800"
"chr1","209122817","209123134","chr25","66699697","66700006","30","142423120"
"chr1","209135328","209135633","chr8","26877211","26877505","56","182258117"
"chr1","209137661","209137895","chr5","43066745","43066978","49","166070916"
"chr1","209149140","209149433","chr5","10145436","10145732","49","199003704"
"chr1","209154889","209155178","chr25","66731291","66731587","32","142423598"
"chr1","209155444","209155703","chr10","89197063","89197335","73","119958381"
"chr1","209157961","209158250","chr25","66734378","66734674","27","142423583"
"chr1","209165321","209165553","chr22","4014163","4014396","48","205151158"
"chr1","209166256","209166561","chr3","74311439","74311751","64","134854817"
"chr1","209180045","209180225","chr11","121344625","121344798","51","87835420"
"chr1","209184535","209184845","chr25","66762285","66762567","46","142422250"
"chr1","209190250","209190559","chr25","66767988","66768304","37","142422262"
"chr1","209194038","209194302","chr22","14469801","14470081","76","194724237"
"chr1","209201947","209202148","chr25","66779948","66780158","36","142421999"
"chr1","209202150","209202260","chr25","66780159","66780278","16","142421991"
"chr1","209213544","209213830","chr28","9236183","9236470","64","199977361"
"chr1","209233175","209233496","chr4","74686620","74686927","70","134546555"
"chr1","209238005","209238322","chr25","66816753","66817070","32","142421252"
"chr1","209239404","209239711","chr20","88100516","88100832","62","121138888"
"chr1","209252646","209252948","chr25","66831731","66832042","24","142420915"
"chr1","209266787","209266985","chr25","66841564","66841769","29","142425223"
"chr1","209267285","209267596","chr25","66842071","66842379","19","142425214"
"chr1","209271728","209272017","chr25","66846336","66846644","43","142425392"
"chr1","209299863","209300164","chr25","66874887","66875199","27","142424976"
"chr1","209319053","209319365","chr25","66894781","66895079","32","142424272"
"chr1","209332689","209332975","chr25","66908155","66908437","18","142424534"
"chr1","209345508","209345751","chr26","19680520","19680768","50","189664988"
"chr1","209353508","209353823","chr25","66929412","66929731","18","142424096"
"chr1","209354480","209354729","chr5","13798386","13798633","53","195556094"
"chr1","209362222","209362495","chrX","41723729","41724009","61","167638493"
"chr1","209383769","209383855","chr20","49696165","49696248","19","159687604"
"chr1","209409858","209410075","chr25","66978521","66978741","16","142431337"
"chr1","209418679","209418949","chr25","66987517","66987803","37","142431162"
"chr1","209429053","209429308","chr25","66996774","66997037","25","142432279"
"chr1","209457609","209457940","chr22","79378024","79378333","80","130079585"
"chr1","209479057","209479165","chr6","14826004","14826112","23","194653053"
"chr1","209479370","209479604","chr25","67041191","67041431","24","142438179"
"chr1","209508667","209508967","chr25","67068854","67069151","32","142439813"
"chr1","209509660","209509719","chr25","67069825","67069884","5","142439835"
"chr1","209546465","209546739","chr25","67106408","67106697","37","142440057"
"chr1","209546747","209546899","chr2","57549702","57549852","27","151997045"
"chr1","209555244","209555525","chr11","959088","959382","59","208596156"
"chr1","209563784","209563941","chr16","67347656","67347815","32","142216128"
"chr1","209595968","209596252","chr25","67155030","67155312","19","142440938"
"chr1","209635012","209635203","chr25","67192439","67192621","24","142442573"
"chr1","209637851","209637976","chr2","80720199","80720321","20","128917652"
"chr1","209649734","209650028","chr12","30708191","30708487","63","178941543"
"chr1","209688331","209688618","chr25","67248571","67248868","33","142439760"
"chr1","209688627","209688913","chr25","67248872","67249162","29","142439755"
"chr1","209698608","209698901","chr25","67258846","67259143","32","142439762"
"chr1","209737370","209737641","chr25","67297097","67297376","26","142440273"
"chr1","209773116","209773387","chrX","44887676","44887950","67","164885440"
"chr1","209792900","209793189","chr9","56054168","56054465","59","153738732"
"chr1","209828888","209829180","chr25","67387979","67388282","33","142440909"
"chr1","209835276","209835557","chr28","11934229","11934496","60","197901047"
"chr1","209841317","209841627","chr25","67401519","67401827","28","142439798"
"chr1","209903495","209903803","chr5","19764397","19764689","70","190139098"
"chr1","209907263","209907550","chr12","40601683","40601983","73","169305580"
"chr1","209911211","209911490","chr25","67470921","67471206","24","142440290"
"chr1","209934588","209934888","chr25","67496125","67496428","20","142438463"
"chr1","209946628","209946895","chr14","45240341","45240619","62","164706287"
"chr1","209969330","209969631","chr29","15292632","15292933","60","194676698"
"chr1","209972533","209972819","chr4","17114497","17114785","61","192858036"
"chr1","209977584","209977895","chr25","67539036","67539324","44","142438548"
"chr1","209986788","209987049","chr5","25974584","25974855","68","184012204"
"chr1","209989345","209989625","chr25","67550898","67551176","22","142438447"
"chr1","209990842","209991139","chr22","61074484","61074781","54","148916358"
"chr1","209993773","209993893","chr25","67555541","67555664","15","142438232"
"chr1","210012313","210012439","chr11","7784958","7785084","26","202227355"
"chr1","210012743","210012882","chr25","67574090","67574228","12","142438653"
"chr1","210013612","210013734","chr11","47829581","47829703","15","162184031"
"chr1","210021256","210021511","chr29","2865754","2866013","55","207155502"
"chr1","210026358","210026666","chr25","67585873","67586161","37","142440485"
"chr1","210031013","210031322","chr25","67590868","67591177","26","142440145"
"chr1","210074164","210074446","chr25","67635706","67635987","18","142438458"
"chr1","210086503","210086783","chr24","82012727","82013019","58","128073776"
"chr1","210111270","210111566","chr5","21636995","21637286","58","188474275"
"chr1","210115250","210115551","chr25","67675284","67675596","30","142439966"
"chr1","210118762","210119053","chr25","67678832","67679126","20","142439930"
"chr1","210182240","210182552","chr25","67737202","67737517","30","142445038"
"chr1","210204820","210204903","chr25","67761311","67761392","10","142443509"
"chr1","210206239","210206541","chr29","3411800","3412102","55","206794439"
"chr1","210237215","210237299","chr5","36031917","36032002","17","174205298"
"chr1","210244041","210244335","chr25","67799808","67800088","24","142444233"
"chr1","210252900","210252990","chr22","8474415","8474504","17","201778485"
"chr1","210298122","210298247","chr25","67856606","67856739","18","142441516"
"chr1","210328874","210329164","chr21","60739547","60739825","65","149589327"
"chr1","210379662","210379938","chr11","21471303","21471580","65","188908359"
"chr1","210424987","210425267","chr26","55401348","55401626","62","155023639"
"chr1","210439683","210439807","chr25","68004437","68004552","19","142435246"
"chr1","210446605","210446854","chr17","41476531","41476780","58","168970074"
"chr1","210449448","210449598","chr5","13757070","13757217","27","196692378"
"chr1","210461944","210462231","chr25","68026264","68026554","40","142435680"
"chr1","210495235","210495538","chr25","68058951","68059248","32","142436284"
"chr1","210537095","210537302","chr17","36507430","36507620","55","174029665"
"chr1","210579404","210579679","chr10","117272479","117272749","61","93306925"
"chr1","210598627","210598811","chr28","14915781","14915952","39","195682846"
"chr1","210604342","210604616","chr19","12762566","12762843","66","197841776"
"chr1","210605350","210605654","chr25","68166177","68166475","28","142439173"
"chr1","210616081","210616372","chr25","68176994","68177280","31","142439087"
"chr1","210621263","210621530","chr28","19080197","19080477","66","191541066"
"chr1","210656787","210657086","chr28","9990176","9990479","61","200666611"
"chr1","210718659","210718864","chr4","14000006","14000202","48","196718653"
"chr1","210738129","210738412","chr25","68298052","68298331","23","142440077"
"chr1","210791879","210792186","chr25","68349497","68349799","30","142442382"
"chr1","210796679","210796997","chr25","68354295","68354591","40","142442384"
"chr1","210800405","210800710","chr25","68358052","68358370","37","142442353"
"chr1","210817389","210817511","chr16","25697736","25697858","17","185119653"
"chr1","210820969","210821090","chr16","65731346","65731464","24","145089623"
"chr1","210825373","210825543","chr25","68382959","68383112","35","142442414"
"chr1","210839162","210839441","chr25","68397570","68397849","13","142441592"
"chr1","210844952","210845214","chr25","68400167","68400431","26","142444785"
"chr1","210857718","210858003","chr10","83156449","83156742","58","127701269"
"chr1","210863692","210863995","chr25","68428433","68428744","29","142435259"
"chr1","210867840","210867970","chr6","28236385","28236503","29","182631455"
"chr1","210874930","210875248","chr25","68439238","68439559","34","142435692"
"chr1","210878819","210879110","chr25","68442592","68442886","26","142436227"
"chr1","210880257","210880374","chr25","68444030","68444147","4","142436227"
"chr1","210881140","210881453","chr22","27686674","27686987","64","183194466"
"chr1","210890298","210890588","chr25","68454004","68454322","51","142436294"
"chr1","210903286","210903544","chr11","484190","484441","60","210419096"
"chr1","210930924","210931235","chr25","68495535","68495848","26","142435389"
"chr1","210947641","210947926","chr17","50360092","50360386","64","160587549"
"chr1","210962086","210962219","chr25","68526831","68526970","10","142435255"
"chr1","210962225","210962364","chr18","38864388","38864511","31","172097837"
"chr1","210962365","210962562","chr25","68527100","68527311","20","142435265"
"chr1","210994804","210995110","chr25","68559115","68559401","32","142435689"
"chr1","211020935","211021106","chr15","30762246","30762403","28","180258689"
"chr1","211021343","211021484","chr15","30761805","30761947","19","180259538"
"chr1","211057730","211058016","chr25","68607056","68607337","23","142450674"
"chr1","211087302","211087512","chr9","52092104","52092311","46","158995198"
"chr1","211113698","211114007","chr14","59828291","59828600","59","151285407"
"chr1","211128041","211128310","chr25","68675952","68676210","29","142452089"
"chr1","211129502","211129681","chr24","78458616","78458783","50","132670886"
"chr1","211131610","211131908","chr25","68679505","68679804","35","142452105"
"chr1","211153272","211153528","chr4","14542995","14543260","71","196610277"
"chr1","211207430","211207703","chr25","68752163","68752435","11","142455267"
"chr1","211245261","211245563","chr25","68790958","68791252","36","142454303"
"chr1","211294644","211294942","chr25","68839234","68839529","36","142455410"
"chr1","211302695","211303002","chr11","65033931","65034241","57","146268764"
"chr1","211314828","211315121","chr2","57851514","57851800","66","153463314"
"chr1","211320604","211320864","chr25","68870331","68870593","22","142450273"
"chr1","211345730","211346020","chr25","68889421","68889716","28","142456309"
"chr1","211357512","211357826","chr20","39357052","39357366","64","172000460"
"chr1","211414491","211414792","chr24","45011527","45011832","59","166402964"
"chr1","211437773","211438045","chr25","68975636","68975904","18","142462137"
"chr1","211439223","211439538","chr25","68977099","68977408","33","142462124"
"chr1","211477898","211478193","chr25","69016978","69017278","28","142460920"
"chr1","211480768","211480908","chr1","85143042","85143185","30","126337726"
"chr1","211480942","211481061","chr16","53678571","53678689","19","157802371"
"chr1","211485710","211485999","chr4","62476996","62477290","55","149008714"
"chr1","211495877","211496152","chr22","19286656","19286925","66","192209221"
"chr1","211529713","211530003","chr14","83396226","83396514","57","128133487"
"chr1","211559652","211559974","chr25","69089039","69089363","21","142470613"
"chr1","211586217","211586526","chr25","69115344","69115646","33","142470873"
"chr1","211622950","211623260","chr12","103939005","103939299","63","107683945"
"chr1","211656799","211657092","chr25","69172028","69172314","32","142484771"
"chr1","211676924","211677257","chr20","123775608","123775921","72","87901316"
"chr1","211777948","211778063","chr1","111773995","111774112","23","100003953"
"chr1","211778099","211778286","chr28","8725117","8725301","38","203052982"
"chr1","211790559","211790856","chr25","69299431","69299719","29","142491128"
"chr1","211815705","211815991","chr25","69326085","69326368","24","142489620"
"chr1","211901353","211901673","chr25","69406219","69406512","49","142495134"
"chr1","211984628","211984825","chr12","41311126","41311328","46","170673502"
"chr1","211985708","211985802","chr25","69487040","69487134","10","142498668"
"chr1","212068635","212068761","chr25","69568308","69568434","6","142500327"
"chr1","212084822","212085134","chr25","69584730","69585037","42","142500092"
"chr1","212238201","212238495","chr23","74514675","74514966","65","137723526"
"chr1","212318567","212318878","chr9","112297756","112298061","72","100020811"
"chr1","212407332","212407593","chr2","655680","655951","72","211751652"
"chr1","212408190","212408321","chr25","69903793","69903924","6","142504397"
"chr1","212411624","212411930","chr25","69907163","69907475","32","142504461"
"chr1","212441622","212441930","chr25","69938083","69938394","23","142503539"
"chr1","212459293","212459590","chr25","69955764","69956085","43","142503529"
"chr1","212552010","212552306","chr5","5581910","5582201","62","206970100"
"chr1","212553677","212553982","chr25","70059717","70059991","52","142493960"
"chr1","212572329","212572488","chr8","6399883","6400045","35","206172446"
"chr1","212595440","212595738","chr8","39861865","39862174","61","172733575"
"chr1","212660899","212661189","chr25","70164172","70164471","44","142496727"
"chr1","212746096","212746390","chr8","36958644","36958931","77","175787452"
"chr1","212782687","212783008","chr9","103037147","103037458","78","109745540"
"chr1","212841023","212841344","chr6","32543554","32543861","69","180297469"
"chr1","212961623","212961936","chr25","70466127","70466439","36","142495496"
"chr1","212970598","212970754","chr16","56962463","56962617","35","156008135"
"chr1","212993394","212993699","chr25","70499245","70499534","37","142494149"
"chr1","213137721","213138010","chr25","70673099","70673398","28","142464622"
"chr1","213161243","213161547","chr25","70645296","70645631","50","142515947"
"chr1","213168492","213168781","chr25","70673099","70673398","28","142495393"
"chr1","213172739","213173027","chr25","70650406","70650702","36","142522333"
"chr1","213177453","213177765","chrX","90804654","90804964","55","122372799"
"chr1","213188901","213189190","chr25","70673099","70673398","28","142515802"
"chr1","213214709","213214990","chr20","19851874","19852150","63","193362835"
"chr1","213228905","213229199","chr2","55840816","55841098","70","157388089"
"chr1","213256200","213256506","chr25","70734514","70734820","20","142521686"
"chr1","213256707","213257020","chr25","70734938","70735248","23","142521769"
"chr1","213262489","213262802","chr28","18723682","18723992","58","194538807"
"chr1","213289418","213289671","chr20","97193567","97193826","50","116095851"
"chr1","213314221","213314510","chr16","53875277","53875578","70","159438944"
"chr1","213354392","213354697","chr25","70825416","70825709","35","142528976"
"chr1","213391958","213392270","chr25","70857822","70858146","32","142534136"
"chr1","213413983","213414164","chr9","51637273","51637461","54","161776710"
"chr1","213476953","213477250","chr25","70938355","70938648","19","142538598"
"chr1","213487539","213487718","chr25","2440637","2440792","49","211046902"
"chr1","213559723","213559853","chr25","71016945","71017076","8","142542778"
"chr1","213581590","213581879","chr25","71040628","71040915","24","142540962"
"chr1","213593139","213593440","chr5","20560019","20560317","56","193033120"
"chr1","213662537","213662699","chr22","7041650","7041807","34","206620887"
"chr1","213663402","213663672","chr25","71113684","71113951","24","142549718"
"chr1","213686509","213686807","chr25","71136940","71137243","24","142549569"
"chr1","213805581","213805880","chr10","76220349","76220648","56","137585232"
"chr1","213820036","213820340","chr25","71260760","71261063","23","142559276"
"chr1","213869685","213869919","chr25","71308610","71308847","14","142561075"
"chr1","213871798","213872111","chr25","71311035","71311345","36","142560763"
"chr1","213883707","213883996","chr28","15635761","15636057","56","198247946"
"chr1","213898466","213898589","chr5","18160163","18160281","21","195738303"
"chr1","213939125","213939437","chr25","71381548","71381865","28","142557577"
"chr1","213950348","213950664","chr25","71392312","71392620","31","142558036"
"chr1","213980612","213980735","chr22","9793133","9793257","18","204187479"
"chr1","214006150","214006467","chr5","14757791","14758102","72","199248359"
"chr1","214059985","214060272","chr17","66696344","66696627","53","147363641"
"chr1","214066219","214066506","chr28","6217000","6217296","65","207849219"
"chr1","214085466","214085759","chr24","80264203","80264505","56","133821263"
"chr1","214086210","214086291","chr5","67759580","67759661","12","146326630"
"chr1","214112617","214112768","chr25","71549979","71550135","10","142562638"
"chr1","214115166","214115471","chrX","16847186","16847485","60","197267980"
"chr1","214140344","214140662","chr22","11261140","11261453","59","202879204"
"chr1","214150207","214150408","chr25","71587736","71587945","29","142562471"
"chr1","214163153","214163277","chr1","108290111","108290233","15","105873042"
"chr1","214185129","214185349","chr13","14336018","14336233","46","199849111"
"chr1","214211487","214211783","chr25","71643399","71643704","27","142568088"
"chr1","214223584","214223875","chr25","71656137","71656440","21","142567447"
"chr1","214267473","214267743","chr14","33398797","33399060","64","180868676"
"chr1","214283675","214283960","chr25","71716207","71716493","18","142567468"
"chr1","214289016","214289307","chr25","71721613","71721904","23","142567403"
"chr1","214358957","214359343","chr10","55276591","55276945","111","159082366"
"chr1","214370510","214370817","chr25","71802614","71802900","48","142567896"
"chr1","214421612","214421917","chr25","71859857","71860145","34","142561755"
"chr1","214441454","214441766","chr25","71880428","71880713","47","142561026"
"chr1","214450236","214450536","chr25","71888917","71889218","13","142561319"
"chr1","214470826","214471118","chr25","71909871","71910156","35","142560955"
"chr1","214477771","214478052","chr25","71916808","71917099","25","142560963"
"chr1","214489052","214489372","chr25","71928388","71928695","38","142560664"
"chr1","214516767","214517071","chr25","71955451","71955753","25","142561316"
"chr1","214569928","214570188","chr25","72009392","72009685","50","142560536"
"chr1","214595782","214596071","chr25","72035632","72035912","29","142560150"
"chr1","214602902","214603186","chr25","72042730","72043004","28","142560172"
"chr1","214619410","214619703","chr12","103939005","103939299","57","110680405"
"chr1","214626343","214626626","chr25","72066512","72066801","32","142559831"
"chr1","214649168","214649473","chr25","72089108","72089389","43","142560060"
"chr1","214674143","214674298","chr5","17435468","17435615","34","197238675"
"chr1","214674604","214674743","chr5","21085130","21085261","24","193589474"
"chr1","214675039","214675183","chr6","9736985","9737129","31","204938054"
"chr1","214676097","214676390","chrX_KE148108v1_random","1020209","1020503","54","213655888"
"chr1","214677535","214677846","chr17","32732728","32733041","66","181944807"
"chr1","214695239","214695358","chr25","72130619","72130741","13","142564620"
"chr1","214747306","214747619","chr16","47341907","47342220","67","167405399"
"chr1","214764395","214764710","chr25","72196155","72196476","38","142568240"
"chr1","214791196","214791315","chr25","72221280","72221399","4","142569916"
"chr1","214795835","214795974","chr25","68886390","68886529","26","145909445"
"chr1","214797858","214798152","chr25","72227633","72227938","31","142570225"
"chr1","214800376","214800461","chr25","72230176","72230261","9","142570200"
"chr1","214800549","214800787","chr25","72230346","72230585","15","142570203"
"chr1","214817125","214817421","chr20","24917861","24918158","53","189899264"
"chr1","214820009","214820307","chr25","72265594","72265891","21","142554415"
"chr1","214836388","214836584","chr25","72284294","72284456","42","142552094"
"chr1","214836798","214836919","chr25","72284721","72284826","27","142552077"
"chr1","214843616","214843919","chr6","13655201","13655497","59","201188415"
"chr1","214847278","214847564","chr25","72294548","72294834","23","142552730"
"chr1","214858819","214859112","chr25","72305293","72305587","30","142553526"
"chr1","214862626","214862781","chr25","72309057","72309212","8","142553569"
"chr1","214863078","214863216","chr25","72309511","72309644","17","142553567"
"chr1","214866133","214866433","chr14","31620367","31620667","58","183245766"
"chr1","214874347","214874509","chr25","72318767","72318925","13","142555580"
"chr1","214875513","214875821","chr5","56259145","56259446","69","158616368"
"chr1","214890655","214890952","chr16","29012132","29012432","73","185878523"
"chr1","214937426","214937703","chr6","32425994","32426271","58","182511432"
"chr1","214943096","214943380","chr1","54224907","54225195","57","160718189"
"chr1","214967041","214967341","chr16","42445815","42446111","65","172521226"
"chr1","214992853","214993144","chr5","3945114","3945413","72","211047739"
"chr1","215028646","215028960","chr25","72478929","72479243","19","142549717"
"chr1","215030885","215031183","chr10","109935285","109935576","63","105095600"
"chr1","215033784","215034101","chr25","72482542","72482858","29","142551242"
"chr1","215035999","215036208","chr25","72484890","72485099","16","142551109"
"chr1","215062054","215062166","chr25","72510661","72510774","8","142551393"
"chr1","215085642","215085946","chr18","21490626","21490936","60","193595016"
"chr1","215092763","215093062","chr10","126454330","126454619","62","88638433"
"chr1","215102458","215102575","chr25","72535473","72535590","13","142566985"
"chr1","215108714","215109029","chr11","104926282","104926592","60","110182432"
"chr1","215130061","215130183","chr4","232029","232146","20","214898032"
"chr1","215130231","215130390","chr1","22709998","22710158","31","192420233"
"chr1","215132745","215133025","chr5","69933160","69933446","57","145199585"
"chr1","215150994","215151244","chr2","87826935","87827179","52","127324059"
"chr1","215155105","215155319","chr2","65048336","65048541","53","150106769"
"chr1","215165838","215165954","chr25","72600554","72600670","11","142565284"
"chr1","215180954","215181263","chr20","97168135","97168430","64","118012819"
"chr1","215191766","215192038","chr25","72623191","72623466","13","142568575"
"chr1","215193663","215193734","chr25","72625085","72625156","2","142568578"
"chr1","215203078","215203349","chr25","72634798","72635070","22","142568280"
"chr1","215213097","215213226","chr20","10302401","10302535","25","204910696"
"chr1","215213535","215213705","chr25","72648547","72648720","13","142564988"
"chr1","215218000","215218293","chr6","1886620","1886910","54","213331380"
"chr1","215219362","215219657","chr25","72654761","72655039","34","142564601"
"chr1","215224909","215225170","chr1","69306798","69307062","69","145918111"
"chr1","215247941","215248058","chr1","8128376","8128492","17","207119565"
"chr1","215256925","215257211","chr25","72691992","72692278","28","142564933"
"chr1","215266172","215266343","chr25","72704446","72704616","13","142561726"
"chr1","215266640","215266785","chr25","72704913","72705058","12","142561727"
"chr1","215271336","215271467","chrX","5774221","5774355","22","209497115"
"chr1","215273528","215273832","chr4","74686620","74686927","52","140586908"
"chr1","215303655","215303929","chr25","72740434","72740710","17","142563221"
"chr1","215322249","215322452","chr8","28330290","28330495","47","186991959"
"chr1","215333657","215333968","chr25","72771841","72772141","39","142561816"
"chr1","215337394","215337657","chr25","72764632","72764895","10","142572762"
"chr1","215345902","215346020","chr1","114028015","114028132","20","101317887"
"chr1","215348079","215348388","chr25","72778945","72779254","37","142569134"
"chr1","215366262","215366564","chr25","72794535","72794850","42","142571727"
"chr1","215374689","215374982","chr25","72800327","72800612","29","142574362"
"chr1","215382459","215382764","chr25","72808047","72808336","39","142574412"
"chr1","215388816","215389118","chr25","72794535","72794850","44","142594281"
"chr1","215424802","215425117","chr25","72847009","72847311","43","142577793"
"chr1","215429222","215429506","chr4","52309229","52309501","64","163119993"
"chr1","215450314","215450597","chr7","87092656","87092935","51","128357658"
"chr1","215499639","215499714","chr2","83250894","83250966","12","132248745"
"chr1","215499715","215500000","chr25","72915663","72915973","49","142584052"
"chr1","215530549","215530858","chr25","72938563","72938834","49","142591986"
"chr1","215532720","215533024","chr25","72940745","72941053","29","142591975"
"chr1","215552549","215552869","chr25","72961884","72962166","50","142590665"
"chr1","215627491","215627704","chr7","58129728","58129948","51","157497763"
"chr1","215635861","215636123","chr25","73048917","73049181","12","142586944"
"chr1","215648878","215649005","chr24","11601486","11601605","28","204047392"
"chr1","215649298","215649435","chr25","73062755","73062890","6","142586543"
"chr1","215686570","215686868","chr25","73099044","73099332","29","142587526"
"chr1","215690162","215690454","chr25","73102359","73102660","19","142587803"
"chr1","215691797","215692088","chr25","73104003","73104293","25","142587794"
"chr1","215699771","215700067","chr25","73112359","73112650","37","142587412"
"chr1","215706333","215706547","chr25","73118908","73119115","20","142587425"
"chr1","215707458","215707734","chr29","1783635","1783896","72","213923823"
"chr1","215727637","215727952","chr25","73130455","73130776","28","142597182"
"chr1","215738080","215738359","chr25","73140563","73140842","17","142597517"
"chr1","215759534","215759783","chr18","70843756","70844002","60","144915778"
"chr1","215762829","215763118","chr12","26242642","26242933","60","189520187"
"chr1","215822653","215822849","chr9","88738620","88738805","60","127084033"
"chr1","215825285","215825568","chr25","73235140","73235433","33","142590145"
"chr1","215831234","215831363","chr5","60811558","60811687","23","155019676"
"chr1","215833095","215833208","chr25","73241858","73241971","8","142591237"
"chr1","215837035","215837343","chr25","73245549","73245860","24","142591486"
"chr1","215847688","215848017","chr22","18389861","18390184","66","197457827"
"chr1","215848580","215848897","chr11","65055630","65055945","65","150792950"
"chr1","215859399","215859685","chr25","73282624","73282889","41","142576775"
"chr1","215908272","215908565","chrX","36852136","36852429","61","179056136"
"chr1","215917747","215918023","chr25","73344796","73345054","44","142572951"
"chr1","215955346","215955654","chr25","73382345","73382651","22","142573001"
"chr1","215981443","215981744","chr25","73409151","73409454","28","142572292"
"chr1","216032938","216033234","chr25","73459619","73459907","36","142573319"
"chr1","216039601","216039723","chr16","49149269","49149393","16","166890332"
"chr1","216043507","216043642","chr25","73470510","73470645","7","142572997"
"chr1","216048523","216048812","chr3","5756203","5756487","60","210292320"
"chr1","216059224","216059519","chrX","43525337","43525624","52","172533887"
"chr1","216071850","216071969","chr25","73484618","73484743","15","142587232"
"chr1","216078381","216078694","chr7","103116086","103116396","67","112962295"
"chr1","216085919","216086237","chr25","73498267","73498590","29","142587652"
"chr1","216092361","216092503","chr24","52437776","52437910","28","163654585"
"chr1","216092799","216092969","chr9","8036420","8036581","33","208056379"
"chr1","216099859","216100166","chr9","24696760","24697063","63","191403099"
"chr1","216102838","216102968","chr25","73508937","73509059","18","142593901"
"chr1","216103240","216103352","chr25","73509318","73509429","9","142593922"
"chr1","216105278","216105409","chr25","73511361","73511496","14","142593917"
"chr1","216114115","216114313","chr17","53988581","53988802","56","162125534"
"chr1","216115501","216115718","chr20","86854233","86854457","48","129261268"
"chr1","216123665","216123967","chr13","78666775","78667072","62","137456890"
"chr1","216124349","216124589","chr25","73530537","73530816","54","142593812"
"chr1","216133179","216133341","chr21","25966505","25966671","42","190166674"
"chr1","216137979","216138277","chr25","73540673","73540970","37","142597306"
"chr1","216157438","216157738","chr25","73562566","73562862","30","142594872"
"chr1","216162520","216162803","chr25","73567812","73568096","30","142594708"
"chr1","216164276","216164584","chr25","73569586","73569892","32","142594690"
"chr1","216164933","216165189","chr25","73570241","73570500","22","142594692"
"chr1","216199968","216200281","chr6","11963698","11964006","66","204236270"
"chr1","216215586","216215878","chr25","73613577","73613858","55","142602009"
"chr1","216231479","216231787","chr25","73629639","73629970","48","142601840"
"chr1","216234847","216235143","chr8","27195348","27195644","67","189039499"
"chr1","216238610","216238919","chr9","112297756","112298061","58","103940854"
"chr1","216238979","216239279","chr25","73638055","73638326","50","142600924"
"chr1","216242381","216242653","chr25","73640966","73641226","27","142601415"
"chr1","216244181","216244481","chr6","39036641","39036936","57","177207540"
"chr1","216254975","216255253","chr2","57851514","57851800","61","158403461"
"chr1","216264034","216264312","chr2","57851514","57851800","61","158412520"
"chr1","216269319","216269611","chr23","11866082","11866377","49","204403237"
"chr1","216272530","216272735","chr25","73660335","73660540","10","142612195"
"chr1","216314159","216314458","chr25","73700448","73700748","27","142613711"
"chr1","216317315","216317604","chr8","49725682","49725984","68","166591633"
"chr1","216319506","216319760","chr7","15811002","15811256","64","200508504"
"chr1","216330853","216331024","chr25","81762154","81762329","35","134568699"
"chr1","216343133","216343243","chr25","73732296","73732411","15","142610837"
"chr1","216345155","216345403","chr25","73734321","73734568","13","142610834"
"chr1","216351845","216352160","chr25","73740552","73740860","40","142611293"
"chr1","216367084","216367370","chr8","95123636","95123919","52","121243448"
"chr1","216375960","216376245","chr5","14809478","14809767","63","201566482"
"chr1","216380582","216380804","chr11","61724904","61725155","70","154655678"
"chr1","216387956","216388242","chr25","73780006","73780297","22","142607950"
"chr1","216395840","216396124","chr6","49183773","49184058","58","167212067"
"chr1","216405437","216405660","chr25","73796807","73797030","14","142608630"
"chr1","216406386","216406515","chr11","48048179","48048309","19","168358207"
"chr1","216415356","216415654","chr1","6926108","6926403","63","209489248"
"chr1","216419449","216419597","chr11","117827422","117827570","8","98592027"
"chr1","216419895","216420062","chr11","117826973","117827127","22","98592922"
"chr1","216428140","216428450","chr25","73813890","73814192","30","142614250"
"chr1","216432476","216432773","chr11","112377596","112377890","79","104054880"
"chr1","216445389","216445656","chr25","73830851","73831117","16","142614538"
"chr1","216450747","216451021","chr25","73836601","73836871","27","142614146"
"chr1","216495924","216496221","chr1","37772325","37772625","62","178723599"
"chr1","216500040","216500159","chr5","17873576","17873699","17","198626464"
"chr1","216500172","216500455","chr11","100781878","100782166","82","115718294"
"chr1","216504542","216504847","chr18","32854753","32855059","49","183649789"
"chr1","216534567","216534679","chr25","73921373","73921489","13","142613194"
"chr1","216540933","216541233","chr25","73928257","73928559","29","142612676"
"chr1","216558154","216558480","chr1","50927034","50927335","75","165631120"
"chr1","216579420","216579728","chr25","73967121","73967418","25","142612299"
"chr1","216589392","216589665","chr9","95362877","95363170","77","121226515"
"chr1","216622635","216622760","chr25","74010529","74010654","8","142612106"
"chr1","216645403","216645712","chr22","55639319","55639619","60","161006084"
"chr1","216674652","216674935","chr25","45605802","45606094","62","171068850"
"chr1","216675896","216676195","chr5","20097391","20097692","57","196578505"
"chr1","216695904","216696145","chr25","74074573","74074788","43","142621331"
"chr1","216702737","216703054","chr25","74081059","74081371","37","142621678"
"chr1","216724529","216724606","chr25","74101822","74101899","6","142622707"
"chr1","216731191","216731452","chr23","75213329","75213594","48","141517862"
"chr1","216736636","216736914","chr25","74116485","74116760","33","142620151"
"chr1","216748471","216748779","chr28","15141829","15142140","58","201606642"
"chr1","216750150","216750355","chr25","74130199","74130403","17","142619951"
"chr1","216753356","216753480","chr25","74133522","74133637","15","142619834"
"chr1","216753508","216753621","chr25","74133727","74133842","14","142619781"
"chr1","216766911","216767203","chr25","74146798","74147086","22","142620113"
"chr1","216775284","216775587","chr1","114673067","114673364","71","102102217"
"chr1","216786227","216786513","chr25","74166153","74166447","42","142620074"
"chr1","216807431","216807692","chr3","89300419","89300681","64","127507012"
"chr1","216816506","216816561","chr2","36635082","36635136","13","180181424"
"chr1","216818348","216818381","chr1","108081501","108081534","7","108736847"
"chr1","216841687","216841971","chr5","53477553","53477841","50","163364134"
"chr1","216866110","216866418","chr12","40601683","40601983","60","176264427"
"chr1","216872587","216872882","chr25","74251797","74252107","43","142620790"
"chr1","216908147","216908429","chrX","60758352","60758640","66","156149795"
"chr1","216920990","216921265","chr25","74297281","74297570","45","142623709"
"chr1","216952075","216952372","chr25","74328453","74328742","21","142623622"
"chr1","216967649","216967944","chr25","74343475","74343775","25","142624174"
"chr1","216988093","216988331","chr26","11093750","11094001","55","205894343"
"chr1","217040709","217041028","chr25","74420487","74420805","33","142620222"
"chr1","217044519","217044805","chr25","74424254","74424531","26","142620265"
"chr1","217084105","217084453","chr28","20803619","20803967","106","196280486"
"chr1","217088333","217088621","chr25","74471520","74471801","35","142616813"
"chr1","217102109","217102356","chr5","43066745","43066978","56","174035364"
"chr1","217144904","217145185","chr9","62430286","62430565","66","154714618"
"chr1","217201101","217201227","chr13","48329884","48330010","15","168871217"
"chr1","217203559","217203693","chr20","50147155","50147283","43","167056404"
"chr1","217207856","217207986","chr9","60358699","60358829","23","156849157"
"chr1","217237913","217238173","chr25","74611118","74611375","31","142626795"
"chr1","217241554","217241845","chr3","8422379","8422669","63","208819175"
"chr1","217247273","217247395","chr13","63219885","63220009","19","154027388"
"chr1","217247425","217247590","chr20","80620794","80620957","44","136626631"
"chr1","217257761","217258044","chr25","74631040","74631324","21","142626721"
"chr1","217294594","217294821","chr14","15565137","15565367","36","201729457"
"chr1","217312733","217313031","chr5","12200305","12200605","61","205112428"
"chr1","217316497","217316780","chr11","112993338","112993624","49","104323159"
"chr1","217330235","217330615","chr25","74702477","74702857","49","142627758"
"chr1","217359539","217359842","chr25","74729701","74729988","47","142629838"
"chr1","217402703","217403005","chr25","74772738","74773018","39","142629965"
"chr1","217432712","217433004","chr25","74805817","74806124","54","142626895"
"chr1","217541234","217541525","chr25","74879521","74879818","32","142661713"
"chr1","217639024","217639332","chr25","74973586","74973902","36","142665438"
"chr1","217706889","217707180","chr25","75038792","75039078","17","142668097"
"chr1","217717355","217717418","chr25","75049845","75049908","2","142667510"
"chr1","217797624","217797847","chr6","27982774","27982993","52","189814850"
"chr1","217845648","217845775","chr1","114558647","114558771","22","103287001"
"chr1","217850354","217850651","chr25","75189839","75190131","27","142660515"
"chr1","217886694","217886980","chr6","5976621","5976904","60","211910073"
"chr1","217916281","217916573","chr25","75256481","75256773","14","142659800"
"chr1","217919406","217919669","chr25","75259346","75259608","8","142660060"
"chr1","217923065","217923369","chr25","75263089","75263394","30","142659976"
"chr1","217929155","217929253","chrX","111139797","111139890","40","106789358"
"chr1","217995507","217995613","chr25","75332540","75332646","12","142662967"
"chr1","218072988","218073273","chr25","75395204","75395487","30","142677784"
"chr1","218095197","218095424","chr25","75431524","75431752","17","142663673"
"chr1","218125779","218126082","chr21","31321887","31322184","63","186803892"
"chr1","218258344","218258468","chr1","65838633","65838757","20","152419711"
"chr1","218258896","218259006","chr25","75581056","75581166","9","142677840"
"chr1","218283916","218284195","chr25","75605776","75606056","15","142678140"
"chr1","218344075","218344366","chr25","75680528","75680835","36","142663547"
"chr1","218377842","218378137","chr25","75720245","75720537","41","142657597"
"chr1","218439825","218440124","chr6","38258968","38259266","64","180180857"
"chr1","218546924","218547058","chr12","27474833","27474971","37","191072091"
"chr1","218551906","218552196","chr25","75903620","75903904","29","142648286"
"chr1","218609566","218609784","chr25","75955440","75955659","24","142654126"
"chr1","218641322","218641628","chr25","75984950","75985230","41","142656372"
"chr1","218927429","218927734","chr11","75012171","75012475","60","143915258"
"chr1","218933173","218933478","chr25","76252650","76252944","32","142680523"
"chr1","219025631","219025846","chr25","76353827","76354042","39","142671804"
"chr1","219094094","219094416","chr25","76417849","76418167","26","142676245"
"chr1","219118920","219119157","chr25","76443208","76443435","22","142675712"
"chr1","219140634","219140918","chr9","23758079","23758364","61","195382555"
"chr1","219174580","219174864","chr25","76497510","76497794","18","142677070"
"chr1","219176725","219176917","chr11","47606949","47607146","46","171569776"
"chr1","219180113","219180371","chr25","76503266","76503524","22","142676847"
"chr1","219235406","219235697","chr13","91409977","91410247","81","127825429"
"chr1","219251145","219251267","chr25","76576723","76576845","11","142674422"
"chr1","219269779","219270043","chr25","76594575","76594837","26","142675204"
"chr1","219311330","219311620","chr20","65581891","65582189","70","153729439"
"chr1","219360818","219360932","chr21","76283444","76283561","18","143077374"
"chr1","219360984","219361174","chr3","45452529","45452714","45","173908455"
"chr1","219406379","219406672","chr25","76720297","76720594","22","142686082"
"chr1","219457189","219457503","chr17","1647761","1648065","61","217809428"
"chr1","219468538","219468828","chrX","17354908","17355199","69","202113630"
"chr1","219501876","219502170","chr18","23159839","23160128","59","196342037"
"chr1","219508657","219508888","chr18","23181608","23181847","62","196327049"
"chr1","219540452","219540751","chr18","44010599","44010897","58","175529853"
"chr1","219563213","219563498","chrX","11116293","11116587","58","208446920"
"chr1","219587356","219587630","chr25","76882153","76882468","60","142705203"
"chr1","219597173","219597458","chr15","76852761","76853044","63","142744412"
"chr1","219609006","219609318","chr25","76903468","76903781","22","142705538"
"chr1","219694299","219694591","chr25","76974846","76975138","26","142719453"
"chr1","219780677","219780968","chr21","30235936","30236226","62","189544741"
"chr1","219781420","219781706","chr25","77143336","77143614","30","142638084"
"chr1","219793883","219794159","chr25","77176286","77176563","12","142617597"
"chr1","219798576","219798827","chr25","77151192","77151451","26","142647384"
"chr1","219799608","219799721","chr25","77152233","77152347","11","142647375"
"chr1","219799756","219799887","chr25","77152384","77152517","14","142647372"
"chr1","219820738","219821014","chr25","77176286","77176563","12","142644452"
"chr1","219823699","219823975","chr25","77176286","77176563","14","142647413"
"chr1","219845900","219846116","chr25","77197491","77197714","17","142648409"
"chr1","219870727","219870979","chr20","106152115","106152379","75","113718612"
"chr1","219893719","219893983","chr25","77243067","77243329","24","142650652"
"chr1","219900448","219900757","chr28","11856078","11856376","58","208044370"
"chr1","219902103","219902351","chr11","115900535","115900777","58","104001568"
"chr1","219903999","219904288","chr25","77253004","77253293","27","142650995"
"chr1","219906559","219906755","chr20","79996404","79996591","42","139910155"
"chr1","219912527","219912846","chr24","68504325","68504636","73","151408202"
"chr1","219913815","219914113","chr25","77262727","77263005","40","142651088"
"chr1","219926684","219926995","chr5","64475911","64476216","65","155450773"
"chr1","219927830","219928035","chr24","49153406","49153614","33","170774424"
"chr1","219930766","219931048","chr22","35197658","35197945","64","184733108"
"chr1","219970815","219971128","chr20","123775608","123775921","61","96195207"
"chr1","220042871","220043162","chr25","77386419","77386709","23","142656452"
"chr1","220065295","220065444","chr11","127812912","127813056","32","92252383"
"chr1","220189063","220189352","chr25","77536919","77537213","48","142652144"
"chr1","220254282","220254562","chr25","77603367","77603664","33","142650915"
"chr1","220275516","220275767","chr1","47072437","47072695","60","173203079"
"chr1","220285060","220285349","chr25","77632691","77632983","29","142652369"
"chr1","220315380","220315671","chr14","15013003","15013308","72","205302377"
"chr1","220351616","220351939","chr21","75855835","75856154","79","144495781"
"chr1","220390479","220390790","chr24","28247876","28248163","70","192142603"
"chr1","220394271","220394559","chr17","35075168","35075459","53","185319103"
"chr1","220403082","220403375","chr16","62924094","62924377","65","157478988"
"chr1","220407585","220407882","chr13","79292575","79292871","65","141115010"
"chr1","220459098","220459213","chr23","70721313","70721428","21","149737785"
"chr1","220487038","220487353","chr5","36390138","36390448","67","184096900"
"chr1","220497858","220498156","chr24","68062207","68062506","66","152435651"
"chr1","220501010","220501310","chr20","24906819","24907111","51","195594191"
"chr1","220503950","220504266","chr25","77833738","77834054","21","142670212"
"chr1","220514868","220515004","chr25","77844078","77844220","20","142670790"
"chr1","220515306","220515483","chr25","77844503","77844713","45","142670803"
"chr1","220574821","220574952","chr25","77890502","77890633","12","142684319"
"chr1","220580442","220580576","chr25","77896142","77896264","21","142684300"
"chr1","220618535","220618818","chr25","77933729","77934016","22","142684806"
"chr1","220656293","220656584","chr24","54921299","54921588","65","165734994"
"chr1","220689667","220689715","chr26","37689050","37689096","11","183000617"
"chr1","220732998","220733277","chr25","78037323","78037614","50","142695675"
"chr1","220775846","220776150","chr16","35556750","35557045","71","185219096"
"chr1","220785443","220785778","chr25","78089676","78089989","45","142695767"
"chr1","220815725","220815964","chr16","68280230","68280464","56","152535495"
"chr1","220827435","220827705","chr25","26636244","26636516","68","194191191"
"chr1","220863636","220863844","chr25","78164925","78165120","29","142698711"
"chr1","220880662","220880963","chr15","77136545","77136833","63","143744117"
"chr1","220909372","220909670","chr6","28194245","28194544","57","192715127"
"chr1","220913125","220913437","chr25","78217002","78217326","32","142696123"
"chr1","220981114","220981424","chr6","12831157","12831453","67","208149957"
"chr1","220984819","220985109","chr25","78272245","78272528","40","142712574"
"chr1","220992097","220992312","chr16","32323159","32323368","44","188668938"
"chr1","221030408","221030720","chr14","80508963","80509250","91","140521445"
"chr1","221035217","221035347","chr5","53439026","53439155","36","167596191"
"chr1","221035398","221035515","chr25","26360222","26360339","18","194675176"
"chr1","221074349","221074614","chr1","17855066","17855331","10","203219283"
"chr1","221083302","221083570","chr15","6307105","6307388","60","214776197"
"chr1","221115242","221115535","chr25","78386270","78386579","55","142728972"
"chr1","221166858","221167164","chr20","112495489","112495789","59","108671369"
"chr1","221325213","221325495","chr25","78589354","78589621","34","142735859"
"chr1","221369222","221369535","chr14","21957527","21957834","56","199411695"
"chr1","221372009","221372281","chr25","78634710","78634979","25","142737299"
"chr1","221381393","221381684","chr10","88957271","88957561","65","132424122"
"chr1","221412863","221413155","chrX","18321002","18321286","61","203091861"
"chr1","221460374","221460661","chr25","78723152","78723446","17","142737222"
"chr1","221474426","221474683","chr25","78737691","78737973","46","142736735"
"chr1","221475303","221475607","chr25","78737691","78737973","42","142737612"
"chr1","221522787","221523055","chr25","78785490","78785777","39","142737297"
"chr1","221530176","221530482","chr28","11745999","11746298","61","209784177"
"chr1","221543010","221543359","chr1","13022811","13023150","123","208520199"
"chr1","221544927","221545050","chr9","67323826","67323950","14","154221101"
"chr1","221562753","221562878","chr6","32572959","32573083","19","188989794"
"chr1","221569715","221570002","chr25","78833748","78834046","28","142735967"
"chr1","221581343","221581640","chr25","78848760","78849059","25","142732583"
"chr1","221581877","221582186","chr11","45189663","45189973","64","176392214"
"chr1","221593999","221594151","chr2","17949208","17949356","42","203644791"
"chr1","221629293","221629570","chr25","78897362","78897637","30","142731931"
"chr1","221655034","221655151","chrX","37754037","37754153","16","183900997"
"chr1","221681493","221681795","chr28","12473264","12473550","79","209208229"
"chr1","221685157","221685326","chr13","88442031","88442198","35","133243126"
"chr1","221710443","221710750","chr25","44770913","44771213","65","176939530"
"chr1","221716982","221717279","chr25","78987920","78988227","24","142729062"
"chr1","221718095","221718402","chr25","78989040","78989345","43","142729055"
"chr1","221737259","221737452","chr9","112841686","112841875","48","108895573"
"chr1","221737799","221737929","chr6","28027989","28028122","26","193709810"
"chr1","221750474","221750555","chr17","36862814","36862892","23","184887660"
"chr1","221757184","221757334","chr16","20751749","20751894","29","201005435"
"chr1","221770121","221770392","chr25","79042776","79043047","14","142727345"
"chr1","221775107","221775410","chr22","18532485","18532779","70","203242622"
"chr1","221777767","221778022","chr1","47072437","47072695","58","174705330"
"chr1","221780646","221780815","chr17","41289039","41289199","41","180491607"
"chr1","221789640","221789853","chr9","111765259","111765465","51","110024381"
"chr1","221790148","221790254","chr20","23073153","23073258","17","198716995"
"chr1","221816235","221816542","chr6","41118210","41118517","56","180698025"
"chr1","221816570","221816688","chr12","30241409","30241526","19","191575161"
"chr1","221817590","221817902","chr11","65033931","65034241","57","156783659"
"chr1","221836708","221837012","chr6","28231134","28231432","63","193605574"
"chr1","221840896","221841011","chr15","9952736","9952851","15","211888160"
"chr1","221846628","221846752","chr2","6586897","6587020","20","215259731"
"chr1","221849230","221849329","chr17","67125143","67125243","22","154724087"
"chr1","221950059","221950334","chr11","62160659","62160936","53","159789400"
"chr1","221975953","221976263","chr25","79182728","79183037","23","142793225"
"chr1","221976530","221976654","chr25","79183305","79183417","18","142793225"
"chr1","221999852","222000000","chr11","47228943","47229089","50","174770909"
"chr1","222118164","222118435","chr1","19064526","19064806","61","203053638"
"chr1","222197402","222197695","chr25","79404665","79404960","21","142792737"
"chr1","222199333","222199624","chr19","23751811","23752092","71","198447522"
"chr1","222201440","222201724","chr19","23751811","23752092","69","198449629"
"chr1","222234165","222234280","chr25","79437235","79437350","9","142796930"
"chr1","222297031","222297329","chrX_KE148108v1_random","1020209","1020503","52","221276822"
"chr1","222303578","222303712","chr6","34794493","34794627","21","187509085"
"chr1","222398544","222398866","chr28","2149662","2149969","58","220248882"
"chr1","222439405","222439726","chr25","79612278","79612591","34","142827127"
"chr1","222452203","222452337","chr28","9005760","9005895","20","213446443"
"chr1","222570290","222570592","chr25","79726754","79727051","22","142843536"
"chr1","222586427","222586702","chrX","1051693","1051959","57","221534734"
"chr1","222620915","222621219","chr8","36507700","36508002","61","186113215"
"chr1","222725547","222725854","chr20","85064517","85064827","66","137661030"
"chr1","222825067","222825191","chr25","79964194","79964318","12","142860873"
"chr1","222857639","222857944","chr6","10204242","10204551","82","212653397"
"chr1","222885603","222885907","chr25","80018227","80018537","37","142867376"
"chr1","222892303","222892529","chr6","28466492","28466729","50","194425811"
"chr1","222904613","222904732","chr25","80036385","80036510","14","142868228"
"chr1","222906642","222906924","chr13","64347447","64347728","59","158559195"
"chr1","222911180","222911448","chr28","19196628","19196884","61","203714552"
"chr1","222985903","222986195","chr21","3080136","3080429","19","219905767"
"chr1","222986421","222986543","chr13","64405768","64405884","29","158580653"
"chr1","222989305","222989521","chr7","113171466","113171675","56","109817839"
"chr1","222996672","222996761","chr19","1549697","1549778","19","221446975"
"chr1","222997079","222997211","chr21","3075504","3075636","7","219921575"
"chr1","222999006","222999308","chr28","11856078","11856376","63","211142928"
"chr1","223002300","223002607","chr28","1486071","1486376","67","221516229"
"chr1","223003462","223003707","chr22","14051063","14051302","65","208952399"
"chr1","223004606","223004880","chr28","2439593","2439847","48","220565013"
"chr1","223017315","223017576","chr28","2096566","2096852","55","220920749"
"chr1","223147597","223147883","chr25","80226542","80226832","24","142921055"
"chr1","223214637","223214929","chr25","80287046","80287343","27","142927591"
"chr1","223242192","223242468","chr25","80314727","80315010","34","142927465"
"chr1","223324352","223324645","chr25","80387594","80387901","31","142936758"
"chr1","223402522","223402772","chr25","80469309","80469566","29","142933213"
"chr1","223440729","223440957","chr21","50409466","50409686","40","173031263"
"chr1","223465305","223465596","chr25","80542398","80542692","16","142922907"
"chr1","223487578","223487870","chr25","80567747","80568046","29","142919831"
"chr1","223492326","223492596","chr25","80572550","80572825","31","142919776"
"chr1","223507834","223508119","chrX_KE148108v1_random","1020209","1020503","64","222487625"
"chr1","223537854","223538116","chr25","80616881","80617138","34","142920973"
"chr1","223602886","223603175","chr25","80688375","80688660","29","142914511"
"chr1","223667678","223667962","chr25","80752624","80752863","57","142915054"
"chr1","223668955","223669257","chr25","80753884","80754178","37","142915071"
"chr1","223671340","223671610","chr25","80756227","80756492","24","142915113"
"chr1","223688771","223689075","chr24","28247876","28248163","61","195440895"
"chr1","223732985","223733282","chr25","80818301","80818600","23","142914684"
"chr1","223737381","223737681","chr25","80822604","80822895","35","142914777"
"chr1","223741771","223742087","chr23","18561635","18561945","62","205180136"
"chr1","223746412","223746703","chr21","25351246","25351547","61","198395166"
"chr1","223788855","223789059","chr25","80868956","80869159","13","142919899"
"chr1","223789711","223789987","chr25","80869810","80870114","54","142919901"
"chr1","223800286","223800562","chr25","80869810","80870114","54","142930476"
"chr1","223801214","223801418","chr25","80868956","80869159","13","142932258"
"chr1","223809113","223809417","chr25","80885192","80885505","28","142923921"
"chr1","223824023","223824146","chr17","38422510","38422630","18","185401513"
"chr1","223835323","223835604","chr26","15272506","15272766","73","208562817"
"chr1","223884665","223884881","chr25","80959468","80959689","30","142925197"
"chr1","223894247","223894395","chr5","35708363","35708512","21","188185884"
"chr1","223898491","223898770","chr6","37186904","37187181","59","186711587"
"chr1","223931248","223931523","chr25","81006028","81006297","40","142925220"
"chr1","223946755","223947039","chr25","81021465","81021767","39","142925290"
"chr1","223953733","223954039","chr5","36085977","36086277","57","187867756"
"chr1","223978295","223978457","chr25","81053630","81053792","22","142924665"
"chr1","223984452","223984717","chr25","81059750","81060014","23","142924702"
"chr1","224020601","224020907","chr11","30739745","30740047","71","193280856"
"chr1","224030486","224030744","chr25","81105388","81105662","31","142925098"
"chr1","224036754","224037052","chr6","7181307","7181605","62","216855447"
"chr1","224039125","224039427","chr25","81113469","81113776","52","142925656"
"chr1","224088598","224088886","chr25","81162858","81163129","36","142925740"
"chr1","224098872","224099160","chrX","63616293","63616569","63","160482579"
"chr1","224101878","224102172","chr16","57063576","57063875","59","167038302"
"chr1","224121078","224121302","chr25","81193948","81194155","33","142927130"
"chr1","224163558","224163868","chr25","81254567","81254871","30","142908991"
"chr1","224166964","224167238","chr25","81257960","81258232","21","142909004"
"chr1","224176171","224176515","chr25","81268229","81268576","39","142907942"
"chr1","224203087","224203388","chr11","119796473","119796767","63","104406614"
"chr1","224214230","224214296","chr20","100243922","100243990","16","123970308"
"chr1","224214592","224214747","chr23","34109161","34109325","44","190105431"
"chr1","224219009","224219297","chr25","81311162","81311447","21","142907847"
"chr1","224222320","224222621","chr25","81314476","81314777","15","142907844"
"chr1","224229565","224229858","chr20","24317512","24317803","60","199912053"
"chr1","224230147","224230269","chr25","81322216","81322338","9","142907931"
"chr1","224248642","224248947","chr5","25547886","25548192","54","198700756"
"chr1","224251645","224251935","chr25","81341763","81342052","29","142909882"
"chr1","224255650","224255731","chr14","78764896","78764975","9","145490754"
"chr1","224257529","224257665","chr25","81347217","81347353","4","142910312"
"chr1","224257972","224258126","chr25","81347656","81347824","22","142910316"
"chr1","224263608","224263734","chr25","81353086","81353206","13","142910522"
"chr1","224269858","224270159","chr25","81359291","81359554","64","142910567"
"chr1","224277023","224277308","chr25","81366620","81366908","20","142910403"
"chr1","224282292","224282570","chr9","122740305","122740580","63","101541987"
"chr1","224283143","224283338","chr3","4911001","4911198","36","219372142"
"chr1","224311540","224311758","chr25","81402371","81402587","34","142909169"
"chr1","224317451","224317724","chr25","81409213","81409486","24","142908238"
"chr1","224321480","224321766","chr25","81415171","81415456","10","142906309"
"chr1","224332127","224332432","chr10","76220349","76220648","56","148111778"
"chr1","224334343","224334640","chrX","43525337","43525624","58","180809006"
"chr1","224375979","224376275","chr25","81467704","81467997","28","142908275"
"chr1","224403372","224403653","chr25","81496066","81496362","41","142907306"
"chr1","224416550","224416806","chr25","81508897","81509153","14","142907653"
"chr1","224424120","224424426","chr9","28038394","28038703","67","196385726"
"chr1","224427494","224427788","chr6","4408429","4408728","71","220019065"
"chr1","224475401","224475502","chr14","96113356","96113451","14","128362045"
"chr1","224476596","224476711","chrX","22474710","22474826","39","202001886"
"chr1","224504615","224504909","chr25","81578803","81579068","37","142925812"
"chr1","224508655","224508957","chr25","81583232","81583541","26","142925423"
"chr1","224557298","224557576","chr25","81631876","81632154","20","142925422"
"chr1","224574051","224574314","chr25_KE148089v1_random","5652","5921","27","224568399"
"chr1","224576235","224576346","chr9","58910085","58910199","21","165666150"
"chr1","224611573","224611820","chr6","15315106","15315362","68","209296467"
"chr1","224624958","224625240","chr25","81694635","81694897","35","142930323"
"chr1","224631042","224631316","chr25","81707099","81707409","60","142923943"
"chr1","224672602","224672891","chr11","104479228","104479515","64","120193374"
"chr1","224675871","224675985","chr25","81749341","81749456","6","142926530"
"chr1","224678379","224678641","chr25","81751903","81752162","26","142926476"
"chr1","224688853","224689152","chr1","50816678","50816972","52","173872175"
"chr1","224708965","224709285","chr25","81773441","81773756","36","142935524"
"chr1","224719946","224720220","chr25","18114740","18115019","60","206605206"
"chr1","224726442","224726587","chr25","81796939","81797084","11","142929503"
"chr1","224726887","224727050","chr25","81797388","81797554","18","142929499"
"chr1","224728196","224728499","chr11","105317852","105318151","61","119410344"
"chr1","224731755","224732026","chr25","81802915","81803186","25","142928840"
"chr1","224738341","224738635","chr1","62687902","62688192","52","162050439"
"chr1","224746058","224746348","chr25","81821039","81821326","35","142925019"
"chr1","224760590","224760722","chr3","7747914","7748037","30","217012676"
"chr1","224762465","224762716","chr25","81836570","81836829","23","142925895"
"chr1","224763169","224763287","chr9","119512066","119512187","25","105251103"
"chr1","224763580","224763752","chr15","48832029","48832204","47","175931551"
"chr1","224782523","224782699","chr19","21029387","21029548","45","203753136"
"chr1","224818564","224818855","chr12","103939005","103939299","55","120879559"
"chr1","224822258","224822514","chr6","28466492","28466729","68","196355766"
"chr1","224822809","224822879","chr6","4273922","4273993","13","220548887"
"chr1","224823018","224823322","chr16","60115443","60115749","59","164707575"
"chr1","224829841","224830129","chr20","43688984","43689264","63","181140857"
"chr1","224838846","224838980","chr16","67409341","67409470","19","157429505"
"chr1","224851780","224852090","chr28","14917123","14917442","75","209934657"
"chr1","224868170","224868476","chr25","81944153","81944487","40","142924017"
"chr1","224872267","224872489","chr1","6746890","6747117","51","218125377"
"chr1","224876086","224876375","chr5","69272345","69272634","53","155603741"
"chr1","224900275","224900568","chr25","44770913","44771213","48","180129362"
"chr1","224907423","224907542","chr7","26109610","26109729","39","198797813"
"chr1","224913497","224913799","chr24","51210022","51210312","62","173703475"
"chr1","224926297","224926431","chr3","18801623","18801754","22","206124674"
"chr1","224927404","224927685","chr25","82004664","82004943","24","142922740"
"chr1","224949851","224950162","chr28","15141829","15142140","58","209808022"
"chr1","224955482","224955777","chr25","82035193","82035481","23","142920289"
"chr1","224959710","224960025","chr25","82039041","82039342","26","142920669"
"chr1","224960500","224960807","chr7","46554830","46555124","79","178405670"
"chr1","224990763","224990977","chr19","21252365","21252577","50","203738398"
"chr1","224996535","224996825","chr25","82075596","82075887","22","142920939"
"chr1","225007085","225007378","chr25","82086140","82086432","13","142920945"
"chr1","225020203","225020489","chr25","82099238","82099552","43","142920965"
"chr1","225021522","225021815","chr25","82100876","82101134","52","142920646"
"chr1","225024053","225024303","chr25","82103360","82103608","26","142920693"
"chr1","225047988","225048129","chr25","82125877","82126018","7","142922111"
"chr1","225057433","225057717","chr25","82135216","82135463","48","142922217"
"chr1","225067456","225067521","chrX","44084062","44084128","12","180983394"
"chr1","225067821","225068020","chr25","82147195","82147433","54","142920626"
"chr1","225071048","225071303","chr7","88980324","88980593","62","136090724"
"chr1","225079515","225079827","chr25","82153748","82154049","42","142925767"
"chr1","225093017","225093134","chr25","82164589","82164703","15","142928428"
"chr1","225100078","225100406","chr25","82170778","82171088","31","142929300"
"chr1","225129345","225129627","chr25","82200251","82200535","28","142929094"
"chr1","225162042","225162344","chr25","82229014","82229299","33","142933028"
"chr1","225168652","225168930","chr25","82236402","82236684","18","142932250"
"chr1","225171396","225171612","chr25","82239123","82239347","22","142932273"
"chr1","225192539","225192834","chr25","82259443","82259739","26","142933096"
"chr1","225194962","225195261","chr7","129657773","129658075","54","95537189"
"chr1","225199355","225199447","chr25","82268072","82268163","5","142931283"
"chr1","225201375","225201701","chr8","28450458","28450774","68","196750917"
"chr1","225250247","225250622","chr25","82303522","82303867","59","142946725"
"chr1","225272789","225273028","chr25","82326172","82326399","34","142946617"
"chr1","225275741","225275914","chr13","36978301","36978477","27","188297440"
"chr1","225279648","225279721","chr25","82333130","82333212","16","142946518"
"chr1","225280023","225280158","chr25","82333514","82333658","23","142946509"
"chr1","225338533","225338824","chr25","82391170","82391494","49","142947363"
"chr1","225349046","225349197","chr25","82401440","82401581","22","142947606"
"chr1","225352823","225353021","chr24","13573578","13573781","47","211779245"
"chr1","225381622","225381741","chr5","69062984","69063104","21","156318638"
"chr1","225390536","225390850","chr2","10254529","10254833","61","215136007"
"chr1","225402800","225403094","chr26","18145011","18145300","60","207257789"
"chr1","225411493","225411811","chr4","75512429","75512736","74","149899064"
"chr1","225433290","225433612","chr6","7645333","7645643","76","217787957"
"chr1","225476757","225477072","chrX","15533838","15534136","74","209942919"
"chr1","225514790","225515059","chr25","82564397","82564663","24","142950393"
"chr1","225535353","225535646","chr22","47745877","47746161","58","177789476"
"chr1","225558634","225558949","chr24","78027484","78027787","77","147531150"
"chr1","225572922","225573150","chr12","34989379","34989600","48","190583543"
"chr1","225605849","225606146","chr25","82662074","82662377","22","142943775"
"chr1","225606752","225607039","chr25","82662971","82663257","23","142943781"
"chr1","225620453","225620725","chr13","93901926","93902199","57","131718527"
"chr1","225626082","225626366","chr25","82684233","82684522","26","142941849"
"chr1","225636386","225636668","chr3","5756203","5756487","50","219880183"
"chr1","225674402","225674696","chr25","82729664","82729965","37","142944738"
"chr1","225696303","225696590","chr25","82757457","82757755","32","142938846"
"chr1","225726427","225726560","chr17","54407809","54407943","21","171318618"
"chr1","225726625","225726930","chr25","82788020","82788326","25","142938605"
"chr1","225758012","225758312","chr25","82825259","82825554","21","142932753"
"chr1","225835201","225835503","chr18","71966149","71966446","62","153869052"
"chr1","225884629","225884926","chr25","82937201","82937495","28","142947428"
"chr1","225925432","225925726","chr25","82979505","82979824","49","142945927"
"chr1","226043840","226044066","chr25","83098876","83099100","15","142944964"
"chr1","226052097","226052397","chr6","17711811","17712104","62","208340286"
"chr1","226053532","226053826","chr5","17514062","17514363","60","208539470"
"chr1","226095108","226095406","chr25","83148448","83148690","71","142946660"
"chr1","226111445","226111731","chr12","12548862","12549155","69","213562583"
"chr1","226114550","226114826","chr25","83166248","83166527","25","142948302"
"chr1","226133460","226133745","chr25","83186005","83186296","22","142947455"
"chr1","226146353","226146633","chr9","15846483","15846771","68","210299870"
"chr1","226165460","226165757","chr25","83218563","83218878","48","142946897"
"chr1","226171684","226171973","chr1","15721491","15721784","60","210450193"
"chr1","226184284","226184467","chrX","105324113","105324294","37","120860171"
"chr1","226258749","226259025","chr16","31822330","31822608","67","194436419"
"chr1","226263218","226263528","chr20","112495489","112495789","65","113767729"
"chr1","226274521","226274825","chr18","3430466","3430765","66","222844055"
"chr1","226368103","226368288","chr16","61071861","61072039","41","165296242"
"chr1","226376577","226376887","chr25","83406739","83407038","43","142969838"
"chr1","226397550","226397851","chrX","48319272","48319571","74","178078278"
"chr1","226398904","226399184","chr25","83430592","83430869","28","142968312"
"chr1","226435363","226435624","chr2","36618171","36618444","77","189817192"
"chr1","226478791","226478935","chr13","64464015","64464152","30","162014776"
"chr1","226479927","226480090","chr25","83493605","83493765","10","142986322"
"chr1","226484529","226484832","chr20","43501147","43501438","59","182983382"
"chr1","226494704","226494810","chr10","100810392","100810498","25","125684312"
"chr1","226498744","226499058","chr25","83510805","83511112","34","142987939"
"chr1","226511083","226511273","chr20","81555360","81555534","44","144955723"
"chr1","226556196","226556544","chr25","83567309","83567626","49","142988887"
"chr1","226557787","226558055","chr25","83569041","83569320","33","142988746"
"chr1","226558573","226558871","chr26","37984130","37984425","62","188574443"
"chr1","226563429","226563704","chr25","83574684","83574957","21","142988745"
"chr1","226564937","226565223","chr5","10402453","10402746","60","216162484"
"chr1","226567821","226568115","chr25","83579545","83579836","22","142988276"
"chr1","226582072","226582199","chr16","67409341","67409470","18","159172731"
"chr1","226587591","226587885","chr25","83600718","83601007","35","142986873"
"chr1","226597287","226597558","chr6","24793332","24793610","74","201803955"
"chr1","226599133","226599412","chr25","83619016","83619297","23","142980117"
"chr1","226603175","226603445","chr5","42985700","42985971","66","183617475"
"chr1","226608204","226608518","chr11","46343863","46344160","69","180264341"
"chr1","226612617","226612903","chr25","83632046","83632325","27","142980571"
"chr1","226614980","226615271","chr14","45647774","45648066","60","180967206"
"chr1","226628484","226628518","chr2","15436250","15436285","7","211192234"
"chr1","226628568","226628712","chr2","87442321","87442473","42","139186247"
"chr1","226636825","226637108","chr25","83654525","83654806","20","142982300"
"chr1","226643936","226644236","chr5","27172459","27172763","55","199471477"
"chr1","226677488","226677782","chr10","62807052","62807344","63","163870436"
"chr1","226684084","226684370","chr20","20416412","20416688","71","206267672"
"chr1","226686118","226686414","chr1","50456669","50456964","59","176229449"
"chr1","226710048","226710333","chr25","83726500","83726784","21","142983548"
"chr1","226712597","226712893","chr5","67488891","67489184","53","159223706"
"chr1","226715099","226715380","chr8","137395739","137396022","56","89319360"
"chr1","226717543","226717848","chr25","83735573","83735883","36","142981970"
"chr1","226732229","226732514","chr25","83756817","83757098","23","142975412"
"chr1","226747719","226748045","chr12","44970666","44970987","72","181777053"
"chr1","226752357","226752429","chr25","72625085","72625156","13","154127272"
"chr1","226771008","226771080","chr25","72625085","72625156","13","154145923"
"chr1","226775392","226775718","chr12","44970666","44970987","72","181804726"
"chr1","226787859","226788167","chr16","61080618","61080919","67","165707241"
"chr1","226821956","226822073","chr25","83822408","83822525","3","142999548"
"chr1","226837192","226837494","chr25","83835547","83835816","48","143001645"
"chr1","226846279","226846457","chr12","19109035","19109207","44","207737244"
"chr1","226868687","226868816","chr25","83868831","83868953","12","142999856"
"chr1","226874011","226874096","chr20","8297832","8297923","20","218576179"
"chr1","226896787","226897061","chr10","87149364","87149646","55","139747423"
"chr1","226899069","226899265","chr21","71650592","71650783","47","155248477"
"chr1","226927970","226928239","chr25","83917323","83917608","43","143010647"
"chr1","226946794","226947072","chr25","25678523","25678805","64","201268271"
"chr1","226950801","226951100","chr25","83940022","83940301","41","143010779"
"chr1","226952084","226952381","chr18","58528325","58528623","57","168423759"
"chr1","226955869","226956129","chr25","83945142","83945383","54","143010727"
"chr1","227002495","227002618","chr6","31090629","31090753","18","195911866"
"chr1","227015844","227015973","chr25","84004369","84004499","8","143011475"
"chr1","227018119","227018409","chr25","84006335","84006619","32","143011784"
"chr1","227022422","227022555","chr25","84010428","84010562","10","143011994"
"chr1","227042652","227042882","chr26","42249099","42249336","62","184793553"
"chr1","227073939","227074240","chr25","84069507","84069814","19","143004432"
"chr1","227077608","227077891","chr25","84073152","84073439","22","143004456"
"chr1","227092748","227093045","chr25","84081466","84081760","26","143011282"
"chr1","227134630","227134685","chr25","84116628","84116683","4","143018002"
"chr1","227151145","227151422","chr9","15351532","15351792","70","211799613"
"chr1","227164506","227164605","chr15","1853","1966","23","227162653"
"chr1","227221499","227221813","chr8","62420423","62420735","70","164801076"
"chr1","227232847","227232920","chr25","84212626","84212694","10","143020221"
"chr1","227250142","227250358","chr7","32959419","32959625","50","194290723"
"chr1","227254188","227254480","chr25","84234522","84234817","20","143019666"
"chr1","227267320","227267612","chr25","84246331","84246622","16","143020989"
"chr1","227298428","227298715","chr25","84281361","84281651","17","143017067"
"chr1","227299151","227299436","chr26","17247230","17247519","52","210051921"
"chr1","227307775","227308071","chr10","91937440","91937742","60","135370335"
"chr1","227311853","227311950","chr9","15204946","15205044","20","212106907"
"chr1","227312164","227312424","chr27","40190981","40191239","56","187121183"
"chr1","227345041","227345341","chr25","84296628","84296931","30","143048413"
"chr1","227350322","227350587","chr25","84301548","84301826","27","143048774"
"chr1","227362421","227362736","chr25","84313980","84314258","59","143048441"
"chr1","227388363","227388665","chr25","84336454","84336757","21","143051909"
"chr1","227405368","227405657","chr2","36570594","36570881","59","190834774"
"chr1","227407528","227407828","chr25","84355807","84356108","17","143051721"
"chr1","227412510","227412616","chr4","16631306","16631411","13","210781204"
"chr1","227415933","227416230","chr1","121090436","121090732","42","106325497"
"chr1","227416678","227416968","chr25","84366938","84367228","33","143049740"
"chr1","227446837","227447119","chr9","109760941","109761212","77","117685896"
"chr1","227455812","227456111","chr25","84403248","84403545","22","143052564"
"chr1","227457268","227457554","chr25","84404693","84404982","22","143052575"
"chr1","227459174","227459308","chr25","84406572","84406698","15","143052602"
"chr1","227471764","227472092","chr25","84418056","84418379","27","143053708"
"chr1","227480114","227480393","chr25","84427729","84428017","24","143052385"
"chr1","227482659","227482973","chr10","106057711","106058027","63","121424948"
"chr1","227496057","227496183","chr6","9317929","9318056","29","218178128"
"chr1","227579082","227579323","chr9","27491","27729","28","227551591"
"chr1","227592716","227593009","chr25","84528410","84528703","27","143064306"
"chr1","227660396","227660659","chr25","84588306","84588573","27","143072090"
"chr1","227710476","227710688","chr25","84648925","84649133","13","143061551"
"chr1","227801226","227801362","chr25","84740330","84740456","18","143060896"
"chr1","227891919","227892247","chr20","88100516","88100832","78","139791403"
"chr1","227929922","227930195","chr25","84844883","84845145","31","143085039"
"chr1","227933891","227934145","chr25","84849195","84849413","51","143084696"
"chr1","227949901","227950205","chr25","84865514","84865800","39","143084387"
"chr1","227971395","227971677","chr25","84875532","84875793","42","143095863"
"chr1","228024388","228024685","chr25","85016803","85017099","54","143007585"
"chr1","228136477","228136765","chr25","85016803","85017099","25","143119674"
"chr1","228419427","228419703","chr16","19582908","19583177","67","208836519"
"chr1","228432678","228432979","chr25","85295203","85295507","19","143137475"
"chr1","228442950","228443259","chr5","19647348","19647653","64","208795602"
"chr1","228540255","228540546","chr25","85506202","85506489","36","143034053"
"chr1","228587259","228587539","chrUn_KE147592v1","11897","12164","48","228575362"
"chr1","228686395","228686700","chr25","85573259","85573574","26","143113136"
"chr1","228708459","228708728","chr25","85592510","85592782","27","143115949"
"chr1","228719694","228719979","chr2","17967607","17967896","72","210752087"
"chr1","228724879","228725165","chr25","85634282","85634557","23","143090597"
"chr1","228736552","228736837","chr2","17967607","17967896","72","210768945"
"chr1","228744113","228744398","chr2","17967607","17967896","72","210776506"
"chr1","228755166","228755452","chr25","85634282","85634557","23","143120884"
"chr1","228771965","228772262","chr25","85650538","85650820","34","143121427"
"chr1","228773362","228773658","chr8","31466556","31466841","78","197306806"
"chr1","228798121","228798424","chr8","118079953","118080255","70","110718168"
"chr1","228830336","228830622","chr25","85706439","85706725","16","143123897"
"chr1","228850471","228850786","chr17","36553442","36553750","74","192297029"
"chr1","228857048","228857345","chr6","28020250","28020557","64","200836798"
"chr1","228860260","228860587","chr28","14917123","14917442","77","213943137"
"chr1","228868646","228868945","chr25","85743096","85743395","20","143125550"
"chr3","2228085","2228369","chr9","112508159","112508452","57","110280074"
"chr3","14810964","14811203","chr22","50484468","50484707","20","35673504"
"chr3","34078615","34078930","chr20","88100516","88100832","56","54021901"
"chr3","39190273","39190573","chr15","920301","920600","18","38269972"
"chr3","49151728","49152004","chr22","9555488","9555767","20","39596240"
"chr3","63307661","63307944","chr26","18145011","18145300","64","45162650"
"chr3","81002359","81002667","chrX","12456083","12456392","68","68546276"
"chr3","115212108","115212387","chr22","67154445","67154724","13","48057663"
"chr3","135921588","135921870","chr15","56509197","56509479","19","79412391"
"chr3","177471197","177471495","chr15","14812953","14813266","38","162658244"
"chr3","4165","4432","chr22","36127413","36127686","16","36123248"
"chr3","136057","136352","chr10","87801139","87801426","61","87665082"
"chr3","187374","187724","chr6","43246220","43246552","85","43058846"
"chr3","188812","189015","chr22","36309959","36310158","14","36121147"
"chr3","267312","267456","chr12","26772505","26772649","21","26505193"
"chr3","305715","305732","chrX","7430202","7430218","3","7124487"
"chr3","305768","306043","chr22","36412295","36412574","23","36106527"
"chr3","306408","306604","chr22","36412937","36413154","37","36106529"
"chr3","316694","316897","chr23","27577241","27577424","57","27260547"
"chr3","318656","318761","chr11","120401937","120402041","26","120083281"
"chr3","318788","318919","chr14","98271768","98271901","31","97952980"
"chr3","325936","326119","chr6","30615563","30615728","43","30289627"
"chr3","326145","326259","chr18","30186654","30186770","18","29860509"
"chr3","465709","465990","chr22","36573842","36574133","35","36108133"
"chr3","477022","477144","chr22","36585133","36585255","11","36108111"
"chr3","820089","820387","chr22","36937062","36937366","28","36116973"
"chr3","983366","983675","chr22","37089837","37090118","52","36106471"
"chr3","1010517","1010754","chr22","37116565","37116809","20","36106048"
"chr3","1020254","1020560","chr22","37134655","37134967","31","36114401"
"chr3","1035922","1036227","chr22","37134655","37134967","30","36098733"
"chr3","1161435","1161547","chr3","26980781","26980892","22","25819346"
"chr3","1185765","1186073","chr11","106013509","106013812","65","104827744"
"chr3","1187608","1187773","chr14","18366463","18366631","39","17178855"
"chr3","1252128","1252405","chr22","37338985","37339264","24","36086857"
"chr3","1257438","1257725","chr22","37344303","37344590","24","36086865"
"chr3","1293646","1293823","chr5","60465396","60465559","46","59171750"
"chr3","1374396","1374728","chr4","65107357","65107682","74","63732961"
"chr3","1397335","1397612","chr22","37479723","37480032","57","36082388"
"chr3","1465899","1466188","chr22","37541718","37542004","26","36075819"
"chr3","1505626","1505803","chr21","123761266","123761447","51","122255640"
"chr3","1525144","1525272","chr10","18893831","18893973","35","17368687"
"chr3","1559141","1559423","chr22","37621704","37621977","25","36062563"
"chr3","1619105","1619388","chr14","61394370","61394663","65","59775265"
"chr3","1713940","1714132","chr22","37768756","37768950","29","36054816"
"chr3","1842570","1842647","chr22","37883728","37883811","14","36041158"
"chr3","1915534","1915803","chr22","37949936","37950212","26","36034402"
"chr3","1924745","1925055","chrX","107731316","107731622","74","105806571"
"chr3","1992086","1992389","chr22","38030381","38030677","34","36038295"
"chr3","2080756","2081073","chr20","123775608","123775921","60","121694852"
"chr3","2089656","2089942","chr22","38157492","38157777","28","36067836"
"chr3","2101492","2101795","chr22","38145665","38145965","21","36044173"
"chr3","2102118","2102420","chr28","2149662","2149969","64","47544"
"chr3","2109142","2109451","chrX","38566822","38567123","62","36457680"
"chr3","2122660","2122969","chrX","38566822","38567123","62","36444162"
"chr3","2129695","2129997","chr28","2149662","2149969","64","19967"
"chr3","2130321","2130624","chr22","38145665","38145965","21","36015344"
"chr3","2142175","2142461","chr22","38157492","38157777","28","36015317"
"chr3","2154846","2155146","chr24","54921299","54921588","56","52766453"
"chr3","2277190","2277501","chr22","38297871","38298184","31","36020681"
"chr3","2353093","2353387","chr11","120569816","120570104","62","118216723"
"chr3","2631044","2631356","chr22","38648824","38649132","26","36017780"
"chr3","2638485","2638787","chr22","38654745","38655050","23","36016260"
"chr3","2673004","2673268","chr22","38688643","38688907","20","36015639"
"chr3","2699743","2700055","chr10","77496433","77496741","70","74796690"
"chr3","2801667","2801979","chr9","95951467","95951766","65","93149800"
"chr3","2807718","2808023","chr22","38817485","38817789","22","36009767"
"chr3","2850952","2851257","chr22","38859140","38859447","14","36008188"
"chr3","2893324","2893446","chr1","55098050","55098176","25","52204726"
"chr3","2893747","2893936","chr20","109297762","109297951","35","106404015"
"chr3","2896961","2897256","chr22","38906524","38906811","23","36009563"
"chr3","2924753","2924979","chr5","3731309","3731525","46","806556"
"chr3","2949069","2949185","chr1","114028015","114028132","22","111078946"
"chr3","3002507","3002793","chr22","39003392","39003689","33","36000885"
"chr3","3013127","3013446","chr22","39014126","39014411","55","36000999"
"chr3","3120379","3120664","chr22","39121976","39122283","40","36001597"
"chr3","3126484","3126779","chr10","76220349","76220648","55","73093865"
"chr3","3160236","3160328","chr11","49241588","49241681","15","46081352"
"chr3","3165523","3165820","chr22","39168145","39168442","20","36002622"
"chr3","3203116","3203425","chr8","23021027","23021327","72","19817911"
"chr3","3209777","3210061","chr22","39210939","39211231","35","36001162"
"chr3","3227184","3227480","chr22","39234536","39234838","20","36007352"
"chr3","3230258","3230552","chr22","39234536","39234838","42","36004278"
"chr3","3297888","3298145","chr6","15671712","15671967","56","12373824"
"chr3","3346861","3346994","chr15","32132477","32132590","43","28785616"
"chr3","3347336","3347542","chr12","26878004","26878201","49","23530668"
"chr3","3353706","3354003","chr7","46554830","46555124","54","43201124"
"chr3","3385924","3386225","chr22","39406019","39406321","20","36020095"
"chr3","3396370","3396537","chr22","39416595","39416762","8","36020225"
"chr3","3411507","3411666","chr22","39431348","39431516","21","36019841"
"chr3","3411941","3412091","chr22","39431806","39431945","26","36019865"
"chr3","3432427","3432718","chr22","39452028","39452318","20","36019601"
"chr3","3437791","3438096","chr22","39457748","39458038","35","36019957"
"chr3","3451266","3451545","chr22","39471208","39471488","28","36019942"
"chr3","3551053","3551357","chr14","59828291","59828600","49","56277238"
"chr3","3717483","3717786","chr28","15635761","15636057","61","11918278"
"chr3","3771443","3771674","chr22","39766047","39766268","19","35994604"
"chr3","3806627","3806782","chr1","119931819","119931974","33","116125192"
"chr3","3808644","3808953","chr22","39803103","39803384","61","35994459"
"chr3","3841581","3841855","chr22","39836595","39836874","24","35995014"
"chr3","3963619","3963913","chr22","39957871","39958146","39","35994252"
"chr3","4036014","4036308","chr22","40022137","40022429","31","35986123"
"chr3","4082955","4083128","chr14","51268460","51268635","17","47185505"
"chr3","4152596","4152884","chr22","40124454","40124743","30","35971858"
"chr3","4169222","4169501","chr9","33346765","33347047","70","29177543"
"chr3","4232023","4232297","chr22","40192499","40192803","52","35960476"
"chr3","4269429","4269727","chr22","40234233","40234538","35","35964804"
"chr3","4312292","4312587","chr22","40268136","40268433","26","35955844"
"chr3","4355795","4356107","chr5","36390138","36390448","61","32034343"
"chr3","4392583","4392832","chr22","40357460","40357710","12","35964877"
"chr3","4420865","4421166","chr24","28247876","28248163","70","23827011"
"chr3","4429931","4430217","chr22","40394151","40394431","26","35964220"
"chr3","4450210","4450509","chr1","8248167","8248473","74","3797957"
"chr3","4456103","4456380","chr22","40416520","40416805","33","35960417"
"chr3","4476022","4476323","chr22","40436078","40436379","18","35960056"
"chr3","4481427","4481626","chr22","40441281","40441494","25","35959854"
"chr3","4481981","4482077","chr22","40441844","40441937","13","35959863"
"chr3","4484762","4485059","chr22","40444635","40444922","47","35959873"
"chr3","4498071","4498171","chr6","347529","347623","29","4150542"
"chr3","4499500","4499775","chr22","40452084","40452329","43","35952584"
"chr3","4501420","4501714","chr22","40453962","40454286","42","35952542"
"chr3","4518011","4518309","chr22","40470564","40470860","22","35952553"
"chr3","4538421","4538547","chr22","40490935","40491060","11","35952514"
"chr3","4538842","4539019","chr22","40491353","40491530","13","35952511"
"chr3","4560101","4560214","chr6","35247566","35247671","18","30687465"
"chr3","4567269","4567571","chr9","109665912","109666214","56","105098643"
"chr3","4569118","4569432","chr22","40525402","40525709","28","35956284"
"chr3","4583942","4584225","chr2","46777418","46777698","60","42193476"
"chr3","4592002","4592298","chr10","76220349","76220648","54","71628347"
"chr3","4594353","4594630","chr22","40551863","40552140","34","35957510"
"chr3","4633845","4634141","chr1","121090436","121090732","58","116456591"
"chr3","4636334","4636607","chr1","64636050","64636309","78","59999716"
"chr3","4651445","4651750","chr12","42477830","42478132","64","37826385"
"chr3","4669084","4669368","chr22","40625909","40626200","37","35956825"
"chr3","4669965","4670254","chr5","20560019","20560317","57","15890054"
"chr3","4674911","4675180","chr8","72814395","72814656","66","68139484"
"chr3","4695611","4695904","chr22","40650291","40650591","29","35954680"
"chr3","4700001","4700295","chr7","53731549","53731846","52","49031548"
"chr3","4765425","4765728","chr22","40719763","40720065","18","35954338"
"chr3","4800107","4800411","chr15","83171593","83171892","65","78371486"
"chr3","4891565","4891792","chr22","40846106","40846336","13","35954541"
"chr3","4957968","4958251","chr9","90684179","90684460","67","85726211"
"chr3","4982612","4982655","chr19","8604958","8604999","4","3622346"
"chr3","4993433","4993736","chr22","40948146","40948458","32","35954713"
"chr3","5006831","5007145","chr17","20110794","20111101","65","15103963"
"chr3","5011794","5012071","chr22","40966070","40966353","53","35954276"
"chr3","5026433","5026640","chr22","40980998","40981188","24","35954565"
"chr3","5030536","5030841","chr22","40985102","40985410","20","35954566"
"chr3","5058251","5058380","chr22","40997545","40997673","10","35939294"
"chr3","5064859","5064988","chr22","41004900","41005028","9","35940041"
"chr3","5079071","5079344","chr22","41019313","41019579","28","35940242"
"chr3","5080759","5081053","chr8","28150032","28150325","56","23069273"
"chr3","5094246","5094370","chr22","41034054","41034177","10","35939808"
"chr3","5095488","5095811","chr22","41035588","41035907","22","35940100"
"chr3","5124390","5124678","chr10","76220349","76220648","59","71095959"
"chr3","5125249","5125366","chr22","41062367","41062484","5","35937118"
"chr3","5126656","5126881","chr22","41064648","41064840","41","35937992"
"chr3","5131659","5131929","chr22","56171547","56171831","54","51039888"
"chr3","5141312","5141520","chrX_KE148108v1_random","4959704","4959914","48","181608"
"chr3","5164664","5164975","chr5","20560019","20560317","68","15395355"
"chr3","5166383","5166671","chr9","96565379","96565661","62","91398996"
"chr3","5173059","5173373","chr14","18423632","18423933","76","13250573"
"chr3","5200072","5200339","chr5","36231330","36231593","64","31031258"
"chr3","5201396","5201513","chr22","41139026","41139142","8","35937630"
"chr3","5208061","5208356","chr22","41145982","41146269","32","35937921"
"chr3","5209207","5209433","chr20","121565340","121565555","56","116356133"
"chr3","5218367","5218687","chr22","41156082","41156400","22","35937715"
"chr3","5225916","5226047","chr16","70522336","70522472","19","65296420"
"chr3","5226381","5226539","chr7","25221116","25221268","31","19994735"
"chr3","5238720","5238830","chr6","47674924","47675034","12","42436204"
"chr3","5248353","5248581","chr22","41186202","41186427","26","35937849"
"chr3","5255040","5255331","chr2","7112164","7112455","55","1857124"
"chr3","5260108","5260401","chr22","41196085","41196403","55","35935977"
"chr3","5265392","5265511","chr22","41194846","41194959","13","35929454"
"chr3","5273431","5273555","chr22","41207329","41207458","15","35933898"
"chr3","5287248","5287518","chr11","88390358","88390627","58","83103110"
"chr3","5295635","5295923","chr22","41225689","41225982","55","35930054"
"chr3","5326217","5326535","chr22","41257374","41257681","34","35931157"
"chr3","5336163","5336447","chr22","41267151","41267441","30","35930988"
"chr3","5360814","5361111","chr6","24857028","24857311","72","19496214"
"chr3","5395133","5395428","chr11","108879637","108879941","66","103484504"
"chr3","5399254","5399559","chr22","41333982","41334278","29","35934728"
"chr3","5417762","5418000","chr6","29836995","29837229","61","24419233"
"chr3","5427757","5428042","chr22","41360263","41360547","14","35932506"
"chr3","5536307","5536593","chr22","41468376","41468667","27","35932069"
"chr3","5560897","5561225","chr22","41492142","41492471","34","35931245"
"chr3","5623084","5623354","chr10","102382782","102383054","62","96759698"
"chr3","5697101","5697185","chr22","41613529","41613613","2","35916428"
"chr3","6037151","6037407","chr22","41932377","41932614","39","35895226"
"chr3","6063937","6064261","chr22","41960353","41960663","43","35896416"
"chr3","6129167","6129393","chr22","42017030","42017248","37","35887863"
"chr3","6248951","6249077","chr22","42119857","42119979","13","35870906"
"chr3","6252195","6252317","chr9","117971851","117971973","17","111719656"
"chr3","6308136","6308445","chr22","42177232","42177543","22","35869096"
"chr3","6379793","6380111","chr6","32543554","32543861","75","26163761"
"chr3","6516125","6516347","chr10","29015838","29016057","73","22499713"
"chr3","6806179","6806482","chr22","42668798","42669092","49","35862619"
"chr3","6822744","6822938","chr22","42684758","42684966","30","35862014"
"chr3","6823769","6824113","chr26","10398239","10398546","85","3574470"
"chr3","6943177","6943458","chr22","42774959","42775269","56","35831782"
"chr3","6994045","6994080","chr8","27538080","27538113","5","20544035"
"chr3","7029470","7029805","chr9","61988050","61988343","89","54958580"
"chr3","7059846","7059970","chr22","42888545","42888675","18","35828699"
"chr3","7061566","7061653","chr22","42890216","42890303","8","35828650"
"chr3","7117018","7117311","chr22","42939162","42939462","43","35822144"
"chr3","7185976","7186013","chr1","51092281","51092324","11","43906305"
"chr3","7231774","7232054","chr22","43041477","43041757","26","35809703"
"chr3","7327686","7327948","chrX_KE148108v1_random","1580542","1580807","60","5747144"
"chr3","7408141","7408410","chr13","57421670","57421925","67","50013529"
"chr3","7591690","7591980","chr22","43394599","43394881","27","35802909"
"chr3","7603066","7603256","chr22","43406753","43406929","26","35803687"
"chr3","7650760","7650968","chr22","43456606","43456813","27","35805846"
"chr3","7737410","7737726","chr22","43548988","43549303","21","35811578"
"chr3","7769693","7769966","chr15","81132104","81132384","70","73362411"
"chr3","7860969","7861263","chr22","43672061","43672354","17","35811092"
"chr3","7940618","7940917","chr22","43753381","43753689","30","35812763"
"chr3","7948988","7949263","chr22","43761832","43762106","34","35812844"
"chr3","7950167","7950430","chr21","27681525","27681764","69","19731358"
"chr3","8174910","8175206","chr22","43987569","43987856","31","35812659"
"chr3","8198726","8199042","chr22","44013003","44013322","19","35814277"
"chr3","8265019","8265320","chr22","44073169","44073495","41","35808150"
"chr3","8463466","8463589","chr7","19383591","19383715","23","10920125"
"chr3","8641441","8641728","chr1","68583509","68583795","61","59942068"
"chr3","8647826","8648004","chr22","44446925","44447093","22","35799099"
"chr3","8648320","8648424","chr22","44447382","44447490","7","35799062"
"chr3","8763858","8764114","chr22","44558854","44559114","18","35794996"
"chr3","8800017","8800300","chr22","44594760","44595047","39","35794743"
"chr3","8959185","8959478","chr11","7116582","7116882","71","1842603"
"chr3","9033049","9033334","chr22","44787790","44788075","22","35754741"
"chr3","9073843","9074116","chr22","44827878","44828157","36","35754035"
"chr3","9081570","9081868","chr5","51420073","51420383","60","42338503"
"chr3","9092520","9092739","chr22","44846561","44846770","29","35754041"
"chr3","9092860","9093120","chr2","60882454","60882711","55","51789594"
"chr3","9136352","9136662","chr22","44892045","44892347","28","35755693"
"chr3","9164060","9164357","chr22","44922871","44923171","30","35758811"
"chr3","9208617","9208914","chr22","44956368","44956697","47","35747751"
"chr3","9220822","9220989","chr20","97405822","97405983","35","88185000"
"chr3","9221020","9221135","chr1","120798422","120798537","20","111577402"
"chr3","9222529","9222816","chr22","44973058","44973350","22","35750529"
"chr3","9246440","9246740","chr22","44996945","44997246","24","35750505"
"chr3","9289110","9289290","chr14","103898379","103898554","38","94609269"
"chr3","9297045","9297355","chr22","45043349","45043639","34","35746304"
"chr3","9308868","9309189","chr22","45055248","45055562","34","35746380"
"chr3","9343044","9343335","chr22","45090088","45090379","26","35747044"
"chr3","9344082","9344384","chr22","45091064","45091375","28","35746982"
"chr3","9345265","9345546","chr22","45092286","45092584","39","35747021"
"chr3","9356577","9356871","chr22","45103370","45103664","12","35746793"
"chr3","9366060","9366352","chr25","84006335","84006619","66","74640275"
"chr3","9376769","9377060","chr22","45122378","45122672","34","35745609"
"chr3","9377124","9377160","chr24","7917804","7917840","8","1459320"
"chr3","9377464","9377595","chr24","68494938","68495071","33","59117474"
"chr3","9432550","9432868","chr28","18723682","18723992","56","9291132"
"chr3","9461586","9461903","chr22","45208623","45208937","21","35747037"
"chr3","9468896","9469029","chr22","45216016","45216148","13","35747120"
"chr3","9471145","9471417","chr22","45218275","45218559","31","35747130"
"chr3","9517709","9518008","chr14","64724578","64724872","67","55206869"
"chr3","9546467","9546754","chr11","101564061","101564340","63","92017594"
"chr3","9547020","9547137","chr22","45283096","45283212","8","35736076"
"chr3","9597556","9597791","chr16","45284481","45284722","57","35686925"
"chr3","9606509","9606812","chr11","108668371","108668662","69","99061862"
"chr3","9607552","9607735","chr22","45339415","45339582","22","35731863"
"chr3","9620578","9620869","chr22","45352685","45352972","22","35732107"
"chr3","9624630","9624882","chr22","45356551","45356794","27","35731921"
"chr3","9633960","9634252","chr22","45365930","45366226","30","35731970"
"chr3","9643489","9643789","chr22","45375927","45376227","23","35732438"
"chr3","9650323","9650625","chr20","45972401","45972701","78","36322078"
"chr3","9673516","9673630","chr22","45407537","45407651","8","35734021"
"chr3","9676192","9676473","chr22","45410539","45410821","28","35734347"
"chr3","9687679","9687956","chr13","38480662","38480936","58","28792983"
"chr3","9701673","9701956","chr22","45438064","45438363","46","35736391"
"chr3","9712217","9712492","chr21","99532706","99532977","64","89820489"
"chr3","9719048","9719340","chr29","23964780","23965067","64","14245732"
"chr3","9727443","9727732","chr22","50052992","50053282","55","40325549"
"chr3","9755867","9755947","chr23","46096993","46097075","13","36341126"
"chr3","9770891","9771165","chr10","9578911","9579185","49","191980"
"chr3","9780596","9780870","chr11","30737106","30737380","51","20956510"
"chr3","9784736","9784928","chr22","45517958","45518157","19","35733222"
"chr3","9786773","9787023","chr1","32526727","32526973","56","22739954"
"chr3","9799456","9799732","chr22","45534245","45534521","17","35734789"
"chr3","9807708","9808015","chr1","18109494","18109799","67","8301786"
"chr3","9809626","9809934","chr28","15141829","15142140","59","5332203"
"chr3","9813170","9813295","chr22","45547207","45547331","11","35734037"
"chr3","9814778","9815074","chr22","45549080","45549391","38","35734302"
"chr3","9817678","9817802","chr22","45552887","45553011","8","35735209"
"chr3","9830791","9831140","chr22","45565943","45566266","68","35735152"
"chr3","9832740","9832889","chr7","46963649","46963799","31","37130909"
"chr3","9841555","9841866","chr22","45575752","45576049","31","35734197"
"chr3","9847592","9847741","chr17","28772703","28772849","34","18925111"
"chr3","9877788","9878075","chr22","45611660","45611957","28","35733872"
"chr3","9881757","9882055","chr22","45615109","45615406","20","35733352"
"chr3","9892062","9892092","chr29","3382266","3382298","10","6509796"
"chr3","9892579","9892770","chr3","73512431","73512620","43","63619852"
"chr3","9895412","9895695","chr10","87801139","87801426","50","77905727"
"chr3","9910361","9910647","chr5","69933160","69933446","53","60022799"
"chr3","9916691","9917001","chr22","45652078","45652389","41","35735387"
"chr3","9922514","9922798","chrX","28799505","28799788","77","18876991"
"chr3","9936854","9936974","chr22","45672264","45672387","17","35735410"
"chr3","9978440","9978755","chr22","45710816","45711131","28","35732376"
"chr3","9990421","9990724","chr1","121090436","121090732","62","111100015"
"chr3","9991440","9991733","chr22","45732291","45732584","12","35740851"
"chr3","9996122","9996255","chr9","43899540","43899673","23","33903418"
"chr3","10023454","10023578","chr22","45761694","45761818","6","35738240"
"chr3","10057169","10057465","chr20","120495536","120495837","56","110438367"
"chr3","10089160","10089459","chr22","45820988","45821286","16","35731828"
"chr3","10100733","10101016","chr22","45832234","45832522","19","35731501"
"chr3","10112651","10112735","chr8","85322926","85323007","18","75210275"
"chr3","10112752","10112876","chr8","66360992","66361107","25","56248240"
"chr3","10116981","10117296","chr2","86787887","86788191","81","76670906"
"chr3","10141085","10141379","chr22","45894164","45894440","40","35753079"
"chr3","10144767","10145077","chr6","33854129","33854410","85","23709362"
"chr3","10146641","10146891","chr22","45899430","45899679","15","35752789"
"chr3","10150179","10150463","chr22","45900822","45901104","25","35750643"
"chr3","10159737","10160019","chr22","45905037","45905319","19","35745300"
"chr3","10160020","10160330","chr22","45905320","45905632","12","35745300"
"chr3","10160457","10160740","chr22","45913176","45913474","31","35752719"
"chr3","10162338","10162610","chr22","45915097","45915356","21","35752759"
"chr3","10173499","10173759","chr22","45927161","45927421","15","35753662"
"chr3","10180643","10180768","chr22","45934675","45934789","14","35754032"
"chr3","10212084","10212367","chr22","45965356","45965643","29","35753272"
"chr3","10246929","10247268","chr1","121090436","121090732","82","110843507"
"chr3","10256708","10256894","chr22","47875777","47875957","31","37619069"
"chr3","10257538","10257671","chr22","47876264","47876398","11","37618726"
"chr3","10283011","10283107","chrUn_KE147547v1","103166","103263","25","10179845"
"chr3","10285198","10285469","chr22","46065019","46065290","20","35779821"
"chr3","10288060","10288252","chr23","37403359","37403519","59","27115299"
"chr3","10288310","10288431","chr10","60030","60152","24","10228280"
"chr3","10290545","10290883","chr6","40631542","40631846","79","30340997"
"chr3","10294819","10295109","chr22","46081710","46082000","21","35786891"
"chr3","10297896","10298212","chrX","62197848","62198138","81","51899952"
"chr3","10343131","10343375","chr22","46126915","46127155","40","35783784"
"chr3","10343869","10344120","chr4","39486692","39486944","55","29142823"
"chr3","10363108","10363384","chr22","46141671","46141942","17","35778563"
"chr3","10376563","10376853","chr22","46154497","46154801","31","35777934"
"chr3","10385100","10385405","chr22","46165644","46165953","22","35780544"
"chr3","10392871","10393158","chr11","104479228","104479515","55","94086357"
"chr3","10394898","10395198","chr17","35306470","35306782","66","24911572"
"chr3","10407688","10407931","chrX_KE148108v1_random","4959704","4959914","64","5447984"
"chr3","10411034","10411319","chr22","46192778","46193072","36","35781744"
"chr3","10414984","10415209","chr23","81307959","81308183","58","70892975"
"chr3","10428418","10428508","chr7","112512652","112512741","14","102084234"
"chr3","10431090","10431217","chr27","12641093","12641225","22","2210003"
"chr3","10431899","10432070","chr8","111180838","111181016","31","100748939"
"chr3","10432380","10432410","chr9","29735666","29735696","7","19303286"
"chr3","10432704","10432836","chr19","25213638","25213768","21","14780934"
"chr3","10434413","10434682","chr22","46214272","46214536","26","35779859"
"chr3","10467711","10468009","chr2","19472650","19472949","59","9004939"
"chr3","10479240","10479539","chr11","104120287","104120586","60","93641047"
"chr3","10491618","10491863","chr12","13180957","13181206","51","2689339"
"chr3","10553115","10553386","chr24","83240910","83241174","47","72687795"
"chr3","10566384","10566703","chr6","45259581","45259898","80","34693197"
"chr3","10608436","10608744","chr1","55999152","55999453","58","45390716"
"chr3","10641616","10641885","chr22","46419816","46420086","22","35778200"
"chr3","10699791","10699878","chr10","67057846","67057933","13","56358055"
"chr3","10834231","10834539","chr22","46619453","46619757","28","35785222"
"chr3","10863378","10863466","chr22","46647056","46647144","10","35783678"
"chr3","10863772","10863968","chr5","14834122","14834309","47","3970350"
"chr3","10866047","10866211","chr22","46649724","46649886","8","35783677"
"chr3","10880924","10881222","chr10","59521846","59522144","66","48640922"
"chr3","10906872","10906992","chr22","46690454","46690579","10","35783582"
"chr3","10931616","10931934","chr6","34634511","34634823","55","23702895"
"chr3","10995793","10996093","chr22","46775031","46775337","27","35779238"
"chr3","11119927","11120237","chr22","46902345","46902650","20","35782418"
"chr3","11214240","11214544","chr22","47001530","47001821","34","35787290"
"chr3","11232552","11232858","chr22","47020137","47020446","35","35787585"
"chr3","11238553","11238684","chr5","26372023","26372153","24","15133470"
"chr3","11294975","11295273","chr22","47081161","47081459","24","35786186"
"chr3","11304897","11305221","chr8","30459597","30459928","58","19154700"
"chr3","11356189","11356396","chr24","69691251","69691431","54","58335062"
"chr3","11358593","11358893","chr9","47587494","47587794","58","36228901"
"chr3","11373600","11373889","chr22","47156632","47156904","34","35783032"
"chr3","11429770","11430064","chr20","70561074","70561375","53","59131304"
"chr3","11459084","11459378","chr22","47244168","47244439","41","35785084"
"chr3","11521971","11522281","chr22","47302382","47302689","15","35780411"
"chr3","11538404","11538526","chr22","47310087","47310209","8","35771683"
"chr3","11541085","11541330","chr6","41236538","41236773","52","29695453"
"chr3","11561115","11561396","chr1","68583509","68583795","54","57022394"
"chr3","11573986","11574274","chr22","47350026","47350313","20","35776040"
"chr3","11608885","11609194","chr3","19554105","19554413","60","7945220"
"chr3","11650677","11650962","chr22","47421239","47421530","41","35770562"
"chr3","11656225","11656275","chr9","103370257","103370303","13","91714032"
"chr3","11659940","11660194","chr22","47431614","47431859","33","35771674"
"chr3","11678781","11679069","chr22","47450630","47450919","26","35771849"
"chr3","11686835","11687126","chr26","32807262","32807564","65","21120427"
"chr3","11695463","11695595","chr22","47467998","47468132","9","35772535"
"chr3","11696114","11696430","chr22","47468652","47468951","40","35772538"
"chr3","11718682","11718981","chr22","47491459","47491763","33","35772777"
"chr3","11727546","11727851","chr15","64611902","64612212","67","52884356"
"chr3","11733548","11733877","chr22","47508168","47508490","46","35774620"
"chr3","11752386","11752679","chr10","76220349","76220648","51","64467963"
"chr3","11791549","11791763","chr22","47556871","47557089","20","35765322"
"chr3","11802689","11802818","chr14","21806073","21806204","19","10003384"
"chr3","11850406","11850693","chr22","47618067","47618361","17","35767661"
"chr3","11902036","11902317","chr22","47663535","47663816","20","35761499"
"chr3","11923672","11923953","chr22","47682214","47682501","17","35758542"
"chr3","11938358","11938657","chr18","19788596","19788891","57","7850238"
"chr3","11950682","11950979","chr22","47710289","47710592","36","35759607"
"chr3","11971417","11971531","chr12","35481211","35481325","19","23509794"
"chr3","11996456","11996768","chr5","39806417","39806735","63","27809961"
"chr3","12008460","12008768","chr12","30317426","30317723","71","18308966"
"chr3","12020233","12020542","chr11","65033931","65034241","60","53013698"
"chr3","12021155","12021453","chr12","40601683","40601983","55","28580528"
"chr3","12026417","12026534","chr22","47781040","47781156","12","35754623"
"chr3","12031235","12031490","chr22","47786146","47786405","18","35754911"
"chr3","12038799","12039091","chr11","104479228","104479515","59","92440429"
"chr3","12039813","12040052","chr22","47794634","47794873","12","35754821"
"chr3","12047317","12047601","chr22","47802019","47802318","34","35754702"
"chr3","12052100","12052361","chr28","15480950","15481214","71","3428850"
"chr3","12054057","12054290","chr22","47806792","47807026","20","35752735"
"chr3","12061895","12062184","chr22","47817113","47817397","26","35755218"
"chr3","12079759","12080057","chr5","27528076","27528378","60","15448317"
"chr3","12107552","12107853","chr22","47860987","47861291","33","35753435"
"chr3","12122607","12122792","chr22","47875777","47875957","23","35753170"
"chr3","12123083","12123216","chr22","47876264","47876398","10","35753181"
"chr3","12179584","12179879","chr22","47912586","47912865","57","35733002"
"chr3","12183149","12183355","chr11","105598597","105598812","57","93415448"
"chr3","12194372","12194679","chr5","27183088","27183389","64","14988716"
"chr3","12217617","12217917","chr22","47951245","47951544","20","35733628"
"chr3","12221831","12222139","chr22","47955454","47955759","35","35733623"
"chr3","12241162","12241462","chr22","47974992","47975279","26","35733830"
"chr3","12241714","12242016","chr22","47975485","47975786","19","35733771"
"chr3","12292622","12292968","chr22","48028300","48028602","66","35735678"
"chr3","12319097","12319398","chr22","48051191","48051463","48","35732094"
"chr3","12373818","12373941","chr11","20527490","20527615","29","8153672"
"chr3","12373994","12374108","chr8","122252706","122252803","36","109878712"
"chr3","12449877","12450011","chr8","68545076","68545209","22","56095199"
"chr3","12482096","12482402","chr5","3619651","3619940","68","8862445"
"chr3","12489605","12489752","chr21","29899656","29899800","31","17410051"
"chr3","12489789","12489910","chr22","48216015","48216135","11","35726226"
"chr3","12536963","12537185","chr22","48259282","48259497","20","35722319"
"chr3","12569207","12569474","chr5","27825926","27826194","59","15256719"
"chr3","12571839","12572146","chr11","104926282","104926592","59","92354443"
"chr3","12611472","12611599","chr22","48332398","48332532","21","35720926"
"chr3","12614209","12614480","chrX","45904899","45905169","54","33290690"
"chr3","12618824","12619120","chr20","62807342","62807630","59","50188518"
"chr3","12633920","12634221","chr19","14040351","14040648","54","1406431"
"chr3","12651254","12651535","chr22","48372229","48372498","29","35720975"
"chr3","12654887","12655050","chr5","17658120","17658285","27","5003233"
"chr3","12655078","12655196","chr1","120798422","120798537","18","108143344"
"chr3","12660074","12660250","chr20","122975539","122975709","44","110315465"
"chr3","12683317","12683600","chr22","48404722","48405015","21","35721405"
"chr3","12700490","12700774","chr3","77381637","77381933","53","64681147"
"chr3","12729629","12729844","chr22","48451907","48452121","16","35722278"
"chr3","12729954","12730128","chr6","30615563","30615728","31","17885609"
"chr3","12755512","12755739","chr8","36088146","36088372","48","23332634"
"chr3","12755944","12756210","chr22","48486232","48486490","24","35730288"
"chr3","12760068","12760245","chr22","48490662","48490839","17","35730594"
"chr3","12788132","12788399","chr2","14939447","14939725","62","2151315"
"chr3","12802071","12802352","chr22","48524645","48524921","21","35722574"
"chr3","12819126","12819331","chr4","4816975","4817174","51","8002151"
"chr3","12839810","12840073","chr12","8032666","8032946","68","4807144"
"chr3","12847068","12847343","chr22","48572077","48572326","39","35725009"
"chr3","12854395","12854588","chr10","56503703","56503889","52","43649308"
"chr3","12861628","12861752","chr22","48586195","48586319","5","35724567"
"chr3","12863016","12863233","chr14","78866493","78866708","57","66003477"
"chr3","12888804","12889097","chr23","61754880","61755172","70","48866076"
"chr3","12901311","12901450","chr6","4851057","4851194","28","8050254"
"chr3","12903013","12903152","chr6","4851057","4851194","28","8051956"
"chr3","12906402","12906662","chr23","60099232","60099496","51","47192830"
"chr3","12911060","12911363","chr14","62976319","62976624","56","50065259"
"chr3","12927179","12927427","chr28","8540334","8540582","59","4386845"
"chr3","12937434","12937566","chr22","48655844","48655976","9","35718410"
"chr3","12964878","12965186","chr22","48679382","48679686","21","35714504"
"chr3","12972732","12973038","chr6","6344388","6344697","51","6628344"
"chr3","12973760","12974042","chr22","48688763","48689047","19","35715003"
"chr3","12974906","12975206","chr22","48689741","48690044","22","35714835"
"chr3","12981212","12981412","chr21","41476338","41476548","43","28495126"
"chr3","12982849","12983055","chr21","117411351","117411557","38","104428502"
"chr3","12993211","12993529","chr22","48704487","48704824","36","35711276"
"chr3","12996215","12996497","chr25","1851212","1851496","53","11145003"
"chr3","12999140","12999312","chr2","17147587","17147762","35","4148447"
"chr3","13011419","13011574","chr28","15707895","15708052","27","2696476"
"chr3","13019951","13020241","chr22","48738324","48738615","20","35718373"
"chr3","13048933","13049197","chr22","48781235","48781507","23","35732302"
"chr3","13080626","13080802","chr22","48813243","48813397","34","35732617"
"chr3","13085114","13085407","chr21","35203565","35203849","60","22118451"
"chr3","13086362","13086617","chr22","48823778","48824035","17","35737416"
"chr3","13120051","13120334","chr22","48857584","48857862","24","35737533"
"chr3","13125313","13125458","chr3","5432656","5432801","30","7692657"
"chr3","13170895","13171205","chr18","58528325","58528623","57","45357430"
"chr3","13202672","13202793","chr24","51529475","51529596","22","38326803"
"chr3","13202812","13202932","chr19","19130182","19130302","23","5927370"
"chr3","13203234","13203405","chr6","39714464","39714639","40","26511230"
"chr3","13230759","13231067","chr22","48954096","48954394","30","35723337"
"chr3","13256658","13256780","chr7","15739307","15739431","23","2482649"
"chr3","13274249","13274428","chr22","48998047","48998225","6","35723798"
"chr3","13313087","13313388","chr19","14816656","14816961","68","1503569"
"chr3","13330530","13330721","chr18","32063287","32063493","57","18732757"
"chr3","13334783","13335079","chr19","10747011","10747299","60","2587772"
"chr3","13342813","13343102","chr25","23171490","23171776","52","9828677"
"chr3","13390359","13390648","chr22","49112701","49112988","22","35722342"
"chr3","13391169","13391358","chr22","49113511","49113695","16","35722342"
"chr3","13399534","13399844","chr22","49122094","49122405","22","35722560"
"chr3","13414004","13414140","chr11","105038608","105038741","23","91624604"
"chr3","13457389","13457698","chr22","49180680","49180968","40","35723291"
"chr3","13496156","13496454","chr22","49221013","49221285","41","35724857"
"chr3","13514479","13514813","chr22","4139174","4139483","77","9375305"
"chr3","13527615","13527925","chr5","14757791","14758102","60","1230176"
"chr3","13547565","13547862","chr6","41056695","41056986","53","27509130"
"chr3","13667381","13667683","chr14","68726169","68726461","67","55058788"
"chr3","13683167","13683477","chr22","49416523","49416817","35","35733356"
"chr3","13695681","13695793","chr9","63076316","63076427","16","49380635"
"chr3","13709117","13709206","chrX","109518767","109518852","16","95809650"
"chr3","13717031","13717321","chr22","49450027","49450320","24","35732996"
"chr3","13720452","13720753","chr22","49453436","49453737","23","35732984"
"chr3","13740798","13741082","chr1","18610357","18610639","48","4869559"
"chr3","13810051","13810291","chr12","70779201","70779453","49","56969150"
"chr3","13823762","13823877","chr28","9527603","9527719","19","4296159"
"chr3","13825975","13826262","chr22","49562202","49562481","30","35736227"
"chr3","13994416","13994645","chr22","49746026","49746255","14","35751610"
"chr3","14103768","14104059","chr22","49851398","49851655","49","35747630"
"chr3","14267985","14268147","chr21","120621537","120621693","30","106353552"
"chr3","14293095","14293399","chr22","50018076","50018400","38","35724981"
"chr3","14295784","14296089","chr9","93044507","93044799","62","78748723"
"chr3","14313370","14313645","chr6","32425994","32426271","55","18112624"
"chr3","14341390","14341678","chr22","50052992","50053282","21","35711602"
"chr3","14361804","14361927","chr22","50073356","50073479","9","35711552"
"chr3","14418051","14418182","chr11","31770778","31770903","19","17352727"
"chr3","14444551","14444861","chr17","35306470","35306782","58","20861919"
"chr3","14452084","14452248","chr9","26095932","26096095","38","11643848"
"chr3","14452288","14452416","chr23","52535920","52536045","20","38083632"
"chr3","14478671","14478963","chr1","121090436","121090732","65","106611765"
"chr3","14493992","14494302","chr24","31728884","31729191","60","17234892"
"chr3","14502853","14503142","chr22","50208705","50208989","24","35705852"
"chr3","14507483","14507776","chr22","45615109","45615406","55","31107626"
"chr3","14537059","14537352","chr11","107789554","107789849","58","93252495"
"chr3","14541854","14542178","chr2","36056069","36056377","69","21514215"
"chr3","14552591","14552863","chr22","50258832","50259107","36","35706241"
"chr3","14562525","14562772","chr22","50268733","50268982","22","35706208"
"chr3","14564805","14565114","chr23","53067888","53068186","54","38503083"
"chr3","14566637","14566952","chr22","50272146","50272486","52","35705509"
"chr3","14576550","14576708","chr23","73466085","73466234","40","58889535"
"chr3","14580117","14580408","chr22","50285376","50285645","44","35705259"
"chr3","14592495","14592514","chr9","96829368","96829383","4","82236873"
"chr3","14592542","14592832","chr4","75342460","75342750","55","60749918"
"chr3","14630632","14630929","chr22","50356806","50357101","15","35726174"
"chr3","14685985","14686281","chr22","50379289","50379598","30","35693304"
"chr3","14733458","14733702","chr22","50426128","50426362","20","35692670"
"chr3","14747954","14748241","chr2","66755488","66755777","59","52007534"
"chr3","14766643","14766930","chr2","66755488","66755777","59","51988845"
"chr3","14828794","14829106","chr22","50502222","50502536","22","35673428"
"chr3","14863729","14863857","chr2","87742533","87742662","25","72878804"
"chr3","14865317","14865574","chr18","56578918","56579173","51","41713601"
"chr3","14920640","14920759","chr22","50584570","50584697","16","35663930"
"chr3","14994072","14994387","chr22","50654926","50655241","15","35660854"
"chr3","15034189","15034503","chr5","43761345","43761656","56","28727156"
"chr3","15070031","15070270","chr22","50725612","50725842","17","35655581"
"chr3","15105397","15105762","chr10","19579272","19579596","99","4473875"
"chr3","15138445","15138740","chr5","22263737","22264029","74","7125292"
"chr3","15141986","15142285","chr11","106283448","106283746","70","91141462"
"chr3","15155559","15155829","chr22","50808546","50808814","18","35652987"
"chr3","15161391","15161713","chr2","28027429","28027733","66","12866038"
"chr3","15169222","15169523","chr22","50822480","50822762","43","35653258"
"chr3","15172080","15172197","chr9","51729351","51729469","23","36557271"
"chr3","15194714","15194833","chr4","62078666","62078791","23","46883952"
"chr3","15195136","15195312","chr22","50861897","50862076","37","35666761"
"chr3","15195397","15195660","chr22","50827995","50828300","57","35632598"
"chr3","15214511","15214798","chr22","4437297","4437575","59","10777214"
"chr3","15245491","15245675","chr22","50901333","50901511","25","35655842"
"chr3","15252286","15252576","chr8","31466556","31466841","64","16214270"
"chr3","15263863","15264071","chr3","1269969","1270174","60","13993894"
"chr3","15268857","15269163","chr2","10254529","10254833","59","5014328"
"chr3","15273501","15273817","chr22","50928853","50929162","37","35655352"
"chr3","15276527","15276701","chr3","10719374","10719551","30","4557153"
"chr3","15283393","15283675","chrX_KE148109v1_random","2554777","2555056","69","12728616"
"chr3","15286672","15286801","chr14","21806073","21806204","14","6519401"
"chr3","15287667","15287961","chr11","6321273","6321564","51","8966394"
"chr3","15315585","15315806","chr22","50970739","50970960","20","35655154"
"chr3","15366005","15366229","chr22","51018612","51018839","14","35652607"
"chr3","15371953","15372159","chr8","40623646","40623852","43","25251693"
"chr3","15373336","15373608","chr22","51025622","51025896","14","35652286"
"chr3","15376790","15377066","chr22","51029121","51029400","20","35652331"
"chr3","15384437","15384597","chr22","51036441","51036605","12","35652004"
"chr3","15384897","15384995","chr5","25917135","25917219","24","10532238"
"chr3","15385291","15385393","chr11","103367772","103367876","24","87982481"
"chr3","15397854","15398159","chr10","10866627","10866936","69","4531227"
"chr3","15399430","15399724","chr22","51051228","51051528","40","35651798"
"chr3","15421444","15421594","chr5","4930867","4931012","17","10490577"
"chr3","15438884","15439191","chr15","59969287","59969585","52","44530403"
"chr3","15483493","15483747","chr15","60054322","60054577","25","44570829"
"chr3","15572352","15572608","chr1","5707348","5707608","59","9865004"
"chr3","15602849","15603105","chr15","60171259","60171515","12","44568410"
"chr3","15609395","15609516","chrX","95959570","95959687","19","80350175"
"chr3","15609800","15609987","chr26","56550181","56550373","39","40940381"
"chr3","15612046","15612341","chrX","18306748","18307033","66","2694702"
"chr3","15612468","15612757","chr15","60180912","60181216","35","44568444"
"chr3","15628272","15628415","chr16","70522336","70522472","28","54894064"
"chr3","15628717","15628877","chr12","43803463","43803624","30","28174746"
"chr3","15628957","15629258","chr15","60196673","60196969","31","44567716"
"chr3","15634128","15634456","chr9","107041766","107042105","88","91407638"
"chr3","15637819","15638126","chr3","77381637","77381933","62","61743818"
"chr3","15654399","15654475","chr8","36983245","36983320","12","21328846"
"chr3","15654770","15654976","chr15","60220917","60221137","30","44566147"
"chr3","15659115","15659371","chr15","60225275","60225532","18","44566160"
"chr3","15664501","15664800","chr15","60233776","60234096","35","44569275"
"chr3","15684364","15684591","chr15","60242448","60242673","25","44558084"
"chr3","15690522","15690743","chr15","60248603","60248819","23","44558081"
"chr3","15692054","15692355","chr15","60250119","60250418","26","44558065"
"chr3","15694773","15694979","chr15","60252855","60253055","26","44558082"
"chr3","15697275","15697431","chr28","15980518","15980677","41","283243"
"chr3","15697732","15697779","chr6","2996935","2996984","10","12700797"
"chr3","15699392","15699703","chr6","12258379","12258691","55","3441013"
"chr3","15713030","15713362","chr9","34607464","34607784","97","18894434"
"chr3","15730383","15730693","chr22","11261140","11261453","54","4469243"
"chr3","15748486","15748708","chr23","57137791","57138007","43","41389305"
"chr3","15832705","15832956","chr15","60389791","60390052","37","44557086"
"chr3","15834304","15834604","chr2","14636818","14637117","62","1197486"
"chr3","15846385","15846659","chr15","60403848","60404123","30","44557463"
"chr3","15849401","15849688","chr15","60406826","60407108","27","44557425"
"chr3","15886502","15886803","chr15_AQIB01158217v1_random","1538","1832","27","15884964"
"chr3","15890326","15890634","chr17","19474078","19474378","69","3583752"
"chr3","15898944","15899238","chr15","60449724","60450006","37","44550780"
"chr3","15900544","15900847","chr15","60450993","60451289","23","44550449"
"chr3","15946274","15946563","chr15","60497035","60497328","30","44550761"
"chr3","15953121","15953397","chr15","60504372","60504643","13","44551251"
"chr3","15964689","15964993","chr15","60516665","60516966","14","44551976"
"chr3","15966311","15966579","chr15","60518264","60518567","47","44551953"
"chr3","15997609","15997873","chr15","60548937","60549205","33","44551328"
"chr3","16041416","16041633","chr11","90365744","90365951","59","74324328"
"chr3","16043315","16043565","chr15","60590687","60590937","13","44547372"
"chr3","16094303","16094589","chr15","60637141","60637414","52","44542838"
"chr3","16097996","16098298","chrX","38566822","38567123","57","22468826"
"chr3","16107179","16107457","chr15","60648759","60649044","31","44541580"
"chr3","16133172","16133483","chr15","60686219","60686529","14","44553047"
"chr3","16143232","16143279","chrX","25574236","25574283","8","9431004"
"chr3","16163846","16164144","chr15","60712844","60713141","31","44548998"
"chr3","16168588","16168910","chr15","60712844","60713141","55","44544256"
"chr3","16171136","16171444","chr9","124625139","124625450","54","108454003"
"chr3","16259445","16259735","chr20","18797054","18797339","66","2537609"
"chr3","16278922","16279083","chr15","60859476","60859637","17","44580554"
"chr3","16317542","16317826","chr14","43943736","43944019","59","27626194"
"chr3","16388804","16389104","chr6","28231134","28231432","52","11842330"
"chr3","16421147","16421268","chr15","61011049","61011169","6","44589902"
"chr3","16523473","16523734","chr15","61103755","61104014","22","44580282"
"chr3","16538369","16538684","chr15","61117417","61117716","34","44579048"
"chr3","16578167","16578326","chr15","61163966","61164117","17","44585799"
"chr3","16578352","16578470","chr15","61164167","61164288","15","44585815"
"chr3","16608057","16608349","chr2","5751815","5752114","59","10856242"
"chr3","16659124","16659443","chr28","9113165","9113480","62","7545959"
"chr3","16660487","16660738","chr15","61248248","61248510","26","44587761"
"chr3","16671667","16671978","chr26","19586546","19586846","61","2914879"
"chr3","16681526","16681823","chr15","61268465","61268732","44","44586939"
"chr3","16694641","16694951","chr15","61285798","61286108","26","44591157"
"chr3","16697098","16697228","chr3","7808273","7808402","23","8888825"
"chr3","16698774","16698893","chr1","8128376","8128492","20","8570398"
"chr3","16698929","16699094","chr21","52686518","52686676","40","35987589"
"chr3","16702392","16702667","chr15","61296811","61297056","47","44594419"
"chr3","16726705","16726870","chr5","52534517","52534689","43","35807812"
"chr3","16768120","16768287","chr2","16502619","16502778","41","265501"
"chr3","16799936","16800243","chrY","5741073","5741371","41","11058863"
"chr3","16812414","16812727","chr20","90496944","90497253","64","73684530"
"chr3","16885467","16885643","chr15","61423720","61423928","40","44538253"
"chr3","16887989","16888099","chr15","61426282","61426393","10","44538293"
"chr3","16996594","16996892","chr9","34900669","34900961","69","17904075"
"chr3","17013158","17013360","chr15","61544381","61544613","49","44531223"
"chr3","17142744","17143053","chr15","61671071","61671379","48","44528327"
"chr3","17187465","17187757","chr15","61775396","61775682","21","44587931"
"chr3","17219591","17219886","chr15","61807443","61807735","42","44587852"
"chr3","17280996","17281168","chr15","61858414","61858586","9","44577418"
"chr3","17281466","17281601","chr15","61858885","61859026","14","44577419"
"chr3","17302178","17302302","chr5","63226304","63226430","16","45924126"
"chr3","17366040","17366303","chr15","61926500","61926762","24","44560460"
"chr3","17404888","17405004","chr6","37139379","37139499","30","19734491"
"chr3","17412987","17413261","chr4","9157133","9157412","65","8255854"
"chr3","17438033","17438313","chr10","100800711","100800997","52","83362678"
"chr3","17472357","17472581","chr15","62057125","62057359","25","44584768"
"chr3","17479637","17479922","chr15","62028665","62028953","19","44549028"
"chr3","17485520","17485839","chr15","62034519","62034849","36","44548999"
"chr3","17498872","17499171","chr15","62047507","62047786","62","44548635"
"chr3","17508458","17508682","chr15","62057125","62057359","25","44548667"
"chr3","17527912","17528250","chr15","62079008","62079333","29","44551096"
"chr3","17574846","17575102","chr15","62117020","62117276","13","44542174"
"chr3","17587179","17587456","chr15","62129631","62129906","16","44542452"
"chr3","17605891","17606110","chr15","62148521","62148731","23","44542630"
"chr3","17632723","17632993","chr15","62174433","62174698","9","44541710"
"chr3","17639621","17639917","chr12","103939005","103939299","57","86299384"
"chr3","17660468","17660730","chr20","86356645","86356909","65","68696177"
"chr3","17676320","17676445","chr12","47671198","47671315","27","29994878"
"chr3","17720929","17721217","chr15","62266158","62266444","21","44545229"
"chr3","17732147","17732470","chr20","88100516","88100832","78","70368369"
"chr3","17760478","17760567","chr26","31453468","31453551","28","13692990"
"chr3","17777511","17777806","chr20","109082362","109082657","48","91304851"
"chr3","17842089","17842339","chr19","24144166","24144400","62","6302077"
"chr3","17858149","17858262","chr18","21690598","21690717","27","3832449"
"chr3","17859101","17859389","chr9","51826199","51826486","51","33967098"
"chr3","17859416","17859431","chr9","27487668","27487682","2","9628252"
"chr3","17876127","17876418","chrX","5148638","5148922","57","12727489"
"chr3","17890824","17891116","chr11","117216720","117217018","69","99325896"
"chr3","17904951","17905020","chr15","62436933","62437002","2","44531982"
"chr3","17921837","17922135","chr4","68165779","68166071","68","50243942"
"chr3","17977578","17977871","chr15","62493418","62493709","20","44515840"
"chr3","18031751","18032038","chr15","62539666","62539957","21","44507915"
"chr3","18036735","18037015","chr15","62546075","62546355","24","44509340"
"chr3","18051008","18051321","chr20","88100516","88100832","64","70049508"
"chr3","18150648","18150878","chr15","62659562","62659790","20","44508914"
"chr3","18151667","18151966","chr5","26112911","26113207","62","7961244"
"chr3","18197063","18197352","chr15","62705595","62705878","26","44508532"
"chr3","18269184","18269398","chr22","22615473","22615680","49","4346289"
"chr3","18274481","18274800","chr15","62783515","62783827","36","44509034"
"chr3","18649656","18649975","chr26","24048958","24049246","76","5399302"
"chr3","18870507","18870736","chr15","63303422","63303649","11","44432915"
"chr3","18945647","18945731","chr15","63359332","63359416","5","44413685"
"chr3","19116842","19117035","chr15","63530735","63530932","20","44413893"
"chr3","19172832","19172965","chr2","25664954","25665086","25","6492122"
"chr3","19194107","19194152","chr11","113467240","113467281","12","94273133"
"chr3","19194194","19194363","chr5","26881640","26881814","44","7687446"
"chr3","19225061","19225369","chr15","63630354","63630657","23","44405293"
"chr3","19249127","19249426","chr15","63650003","63650297","29","44400876"
"chr3","19464704","19464847","chr6","42717788","42717932","30","23253084"
"chr3","19465138","19465331","chr2","50526325","50526513","40","31061187"
"chr3","19563856","19564118","chr16","29528049","29528303","65","9964193"
"chr3","19700178","19700458","chr13","62946043","62946324","67","43245865"
"chr3","19706563","19706870","chr15","64096415","64096721","32","44389852"
"chr3","19719767","19720056","chr22","18532485","18532779","67","1187282"
"chr3","19809277","19809576","chr28","10055556","10055859","60","9753721"
"chr3","19884934","19885246","chr17","35306470","35306782","63","15421536"
"chr3","20135711","20135979","chr15","64482597","64482826","60","44346886"
"chr3","20166238","20166544","chr15","64504596","64504878","43","44338358"
"chr3","20174733","20175010","chr1","7095900","7096182","71","13078833"
"chr3","20219825","20220121","chr15","64554158","64554453","24","44334333"
"chr3","20224185","20224446","chr15","64557472","64557709","42","44333287"
"chr3","20235088","20235363","chr8","9922028","9922301","58","10313060"
"chr3","20255647","20255962","chr8","76026514","76026825","64","55770867"
"chr3","20309256","20309564","chr15","64611902","64612212","17","44302646"
"chr3","20312727","20312956","chr6","651494","651732","54","19661233"
"chr3","20340555","20340799","chr20","121548878","121549120","64","101208323"
"chr3","20341383","20341684","chr12","81692009","81692308","56","61350626"
"chr3","20357208","20357451","chr28","19196628","19196884","59","1160580"
"chr3","20362770","20362996","chr15","64662879","64663095","27","44300109"
"chr3","20362997","20363230","chr15","64663130","64663359","17","44300133"
"chr3","20381206","20381497","chr15","18430088","18430372","78","1951118"
"chr3","20389326","20389639","chr15","64690877","64691162","58","44301551"
"chr3","20392532","20392833","chr15","64694002","64694297","28","44301470"
"chr3","20393368","20393660","chr15","64694843","64695136","19","44301475"
"chr3","20397786","20398058","chr15","64698006","64698289","37","44300220"
"chr3","20413037","20413336","chr15","64711989","64712284","26","44298952"
"chr3","20439528","20439828","chr12","103939005","103939299","54","83499477"
"chr3","20441224","20441476","chr15","64735144","64735372","52","44293920"
"chr3","20443891","20444189","chr15","64737700","64737995","21","44293809"
"chr3","20447656","20447982","chr15","64741575","64741891","21","44293919"
"chr3","20454328","20454456","chr19","24099607","24099728","27","3645279"
"chr3","20454766","20454953","chr1","31237705","31237901","41","10782939"
"chr3","20464340","20464603","chr15","64765703","64765998","57","44301363"
"chr3","20488741","20489026","chr15","64790010","64790303","29","44301269"
"chr3","20493157","20493431","chr15","64793484","64793749","34","44300327"
"chr3","20520926","20521221","chr15","64821767","64822062","24","44300841"
"chr3","20533587","20533896","chr15","64834370","64834680","22","44300783"
"chr3","20535686","20536020","chr15","64836444","64836756","42","44300758"
"chr3","20539492","20539758","chr15","64840376","64840640","21","44300884"
"chr3","20561650","20561941","chr15","64862696","64863003","36","44301046"
"chr3","20579401","20579613","chrX","11134329","11134543","40","9445072"
"chr3","20603567","20603859","chr17","37496875","37497164","52","16893308"
"chr3","20604973","20605280","chr6","7901805","7902090","85","12703168"
"chr3","20613664","20613947","chr15","64920598","64920895","30","44306934"
"chr3","20729419","20729544","chr14","82354648","82354772","19","61625229"
"chr3","20763306","20763439","chr15","65067365","65067489","15","44304059"
"chr3","20787319","20787612","chr15","65079181","65079484","29","44291862"
"chr3","20919500","20919777","chr20","9172636","9172911","64","11746864"
"chr3","21130987","21131244","chr11","112184008","112184256","63","91053021"
"chr3","21238026","21238229","chr15","65499657","65499870","16","44261631"
"chr3","21281912","21282214","chr6","38905221","38905514","68","17623309"
"chr3","21365546","21365820","chr6","43072881","43073168","62","21707335"
"chr3","21618340","21618516","chr15","65860101","65860278","13","44241761"
"chr3","21700312","21700424","chr9","28244641","28244757","32","6544329"
"chr3","21877309","21877610","chr15","66096339","66096620","35","44219030"
"chr3","21909530","21909833","chr15","66130431","66130749","32","44220901"
"chr3","21995246","21995531","chr15","66213980","66214270","23","44218734"
"chr3","22060154","22060276","chr9","122103529","122103653","25","100043375"
"chr3","22065165","22065461","chr2","58980970","58981271","76","36915805"
"chr3","22194820","22195101","chr15","66420596","66420874","30","44225776"
"chr3","22468728","22469052","chr18","32854753","32855059","82","10386025"
"chr3","23072935","23073246","chr28","15141829","15142140","53","7931106"
"chr3","23246387","23246666","chr15","67426279","67426522","49","44179892"
"chr3","23406538","23406846","chr15","67599454","67599755","34","44192916"
"chr3","23437843","23438038","chr14","64139398","64139594","47","40701555"
"chr3","23471821","23472117","chr18","56150087","56150378","58","32678266"
"chr3","23483992","23484304","chr5","14757791","14758102","72","8726201"
"chr3","23601152","23601365","chr4","74505980","74506198","40","50904828"
"chr3","23601459","23601740","chr20","89825903","89826186","53","66224444"
"chr3","23651496","23651687","chr15","67823639","67823832","21","44172143"
"chr3","23683249","23683518","chr22","56048374","56048647","63","32365125"
"chr3","23683641","23683931","chr15","67848248","67848550","44","44164607"
"chr3","23706134","23706253","chr15","67871142","67871259","12","44165008"
"chr3","23729698","23729976","chr15","67895689","67895989","34","44165991"
"chr3","23732536","23732830","chr11","106323543","106323840","72","82591007"
"chr3","23760158","23760461","chr15","67926147","67926471","51","44165989"
"chr3","23764298","23764449","chr1","108974268","108974407","37","85209970"
"chr3","23764760","23764901","chr2","57549702","57549852","31","33784942"
"chr3","23780504","23780787","chr15","67946515","67946798","26","44166011"
"chr3","23799493","23799779","chr15","67960536","67960817","17","44161043"
"chr3","23801589","23801906","chrX","11331031","11331332","76","12470558"
"chr3","23851884","23852176","chr15","68008711","68009003","21","44156827"
"chr3","23858517","23858724","chr9","81275963","81276168","45","57417446"
"chr3","23860968","23861143","chr28","13946509","13946659","62","9914459"
"chr3","23887406","23887675","chr15","68037170","68037464","42","44149764"
"chr3","23896548","23896842","chr8","124610123","124610410","67","100713575"
"chr3","23970420","23970693","chr15","68132789","68133041","42","44162369"
"chr3","23987720","23988019","chr10","76220349","76220648","55","52232629"
"chr3","23991779","23992069","chr15","68153669","68153956","32","44161890"
"chr3","24028593","24028932","chr5","27528076","27528378","80","3499483"
"chr3","24032048","24032358","chr15","68194231","68194538","50","44162183"
"chr3","24037033","24037308","chr15","68199197","68199463","24","44162164"
"chr3","24056997","24057163","chr12","11302701","11302853","43","12754296"
"chr3","24059298","24059420","chr15","68221329","68221441","12","44162031"
"chr3","24097674","24097901","chr15","68254195","68254426","15","44156521"
"chr3","24101705","24101991","chr6","28231134","28231432","62","4129429"
"chr3","24102904","24103203","chr15","68259713","68260011","15","44156809"
"chr3","24154124","24154392","chr15","68311220","68311489","21","44157096"
"chr3","24160571","24160901","chr15","68317352","68317660","46","44156781"
"chr3","24163857","24164151","chr15","68320950","68321244","10","44157093"
"chr3","24178743","24178897","chr15","68334376","68334530","9","44155633"
"chr3","24202388","24202651","chr24","54209588","54209853","63","30007200"
"chr3","24214337","24214606","chr20","72122755","72123036","60","47908418"
"chr3","24217153","24217361","chr16","30333461","30333679","47","6116308"
"chr3","24234422","24234733","chr11","65033931","65034241","64","40799509"
"chr3","24235483","24235773","chr15","68384447","68384734","24","44148964"
"chr3","24236073","24236202","chr15","68385107","68385236","9","44149034"
"chr3","24236501","24236584","chr19","20692635","20692719","12","3543866"
"chr3","24248479","24248781","chr6","12751129","12751431","60","11497350"
"chr3","24259376","24259676","chr21","117792377","117792682","52","93533001"
"chr3","24267111","24267414","chr15","68412214","68412520","24","44145103"
"chr3","24271060","24271357","chr15","68416183","68416474","21","44145123"
"chr3","24275150","24275463","chr15","68420366","68420681","21","44145216"
"chr3","24276653","24276816","chr15","68421874","68422038","13","44145221"
"chr3","24279288","24279542","chr15","68424821","68425075","26","44145533"
"chr3","24283812","24284138","chr20","78723846","78724146","86","54440034"
"chr3","24310297","24310517","chr15","68458675","68458895","8","44148378"
"chr3","24322696","24322968","chr15","68471570","68471851","28","44148874"
"chr3","24357731","24358005","chr15","68507624","68507900","25","44149893"
"chr3","24358023","24358150","chr5","15125281","15125405","25","9232742"
"chr3","24362267","24362552","chr15","68512488","68512744","53","44150221"
"chr3","24363741","24364041","chr1","19260204","19260506","59","5103537"
"chr3","24370786","24370980","chr20","122457841","122458033","46","98087055"
"chr3","24378715","24378829","chr28","2072064","2072178","12","22306651"
"chr3","24380668","24380957","chr15","68530826","68531110","25","44150158"
"chr3","24391873","24392136","chr15","68542116","68542369","21","44150243"
"chr3","24406502","24406714","chr17","53988581","53988802","58","29582079"
"chr3","24415598","24415893","chr14","80508963","80509250","58","56093365"
"chr3","24424774","24425045","chr15","68570680","68570983","61","44145906"
"chr3","24426623","24426927","chr15","68572631","68572933","37","44146008"
"chr3","24451219","24451346","chr6","42583504","42583630","18","18132285"
"chr3","24456594","24456712","chr15","68606928","68607046","12","44150334"
"chr3","24464805","24465120","chr16","60470810","60471118","67","36006005"
"chr3","24465189","24465501","chr15","68622626","68622929","30","44157437"
"chr3","24469647","24469828","chr6","2773344","2773530","46","21696303"
"chr3","24483494","24483798","chr11","3114932","3115225","70","21368562"
"chr3","24487258","24487556","chr15","68645194","68645482","28","44157936"
"chr3","24504051","24504351","chrX_KE148108v1_random","1020209","1020503","65","23483842"
"chr3","24522076","24522355","chr15","68683684","68684014","67","44161608"
"chr3","24563943","24564133","chr5","22199790","22199975","31","2364153"
"chr3","24564435","24564584","chr1","33284286","33284431","32","8719851"
"chr3","24652874","24653180","chr7","85947477","85947782","77","61294603"
"chr3","24695810","24696114","chr15","68836636","68836939","19","44140826"
"chr3","24777677","24777748","chr1","120500001","120500079","15","95722324"
"chr3","24788601","24788904","chr15","68923066","68923369","15","44134465"
"chr3","24807573","24807852","chr11","62160659","62160936","59","37353086"
"chr3","24810172","24810456","chr11","107586446","107586728","60","82776274"
"chr3","24810493","24810508","chr11","117619037","117619051","1","92808544"
"chr3","24816942","24817231","chr15","68953065","68953369","32","44136123"
"chr3","24868350","24868652","chr15","68995838","68996135","19","44127488"
"chr3","24969012","24969139","chr15","69095746","69095874","5","44126734"
"chr3","24998177","24998482","chr15","69122361","69122660","23","44124184"
"chr3","25005617","25005904","chr5","36605910","36606211","66","11600293"
"chr3","25093136","25093426","chr9","88941244","88941519","63","63848108"
"chr3","25122788","25123089","chr15","69248838","69249133","33","44126050"
"chr3","25172409","25172556","chr1","18875132","18875278","34","6297277"
"chr3","25274237","25274446","chr15","69394703","69394919","15","44120466"
"chr3","25314775","25315064","chr15","69436050","69436354","37","44121275"
"chr3","25320245","25320394","chr5","18404183","18404333","29","6916062"
"chr3","25364611","25364901","chr15","69491594","69491866","44","44126983"
"chr3","25422176","25422302","chr15","69552847","69552973","9","44130671"
"chr3","25436180","25436473","chr24","74649369","74649671","63","49213189"
"chr3","25454295","25454418","chr14","59901975","59902099","15","34447680"
"chr3","25472950","25473254","chr3","28109517","28109811","74","2636567"
"chr3","25488794","25489069","chr20","121280252","121280537","61","95791458"
"chr3","25659113","25659355","chr15","69791605","69791849","17","44132492"
"chr3","25705456","25705748","chr9","63093546","63093843","48","37388090"
"chr3","25706890","25707198","chr15","69839306","69839607","30","44132416"
"chr3","25714460","25714773","chr9","124625139","124625450","64","98910679"
"chr3","25729411","25729593","chr28","6241980","6242160","49","19487431"
"chr3","25843071","25843300","chr24","66564287","66564519","46","40721216"
"chr3","25953481","25953598","chr20","66646212","66646329","14","40692731"
"chr3","26159019","26159313","chr15","70276140","70276434","21","44117121"
"chr3","26275455","26275697","chr23","9196717","9196964","68","17078738"
"chr3","26306898","26307134","chr20","106687971","106688197","65","80381073"
"chr3","26312618","26312917","chr15","70421112","70421411","13","44108494"
"chr3","26335339","26335611","chr17","60886955","60887217","64","34551616"
"chr3","26346907","26347110","chr15","70458689","70458888","19","44111782"
"chr3","26360991","26361282","chr18","44010599","44010897","67","17649608"
"chr3","26416617","26416836","chr15","70527959","70528160","30","44111342"
"chr3","26701514","26701800","chr14","82166578","82166861","52","55465064"
"chr3","26733357","26733534","chr6","3619499","3619678","40","23113858"
"chr3","26817506","26817795","chr20","91867390","91867663","60","65049884"
"chr3","26849106","26849413","chr22","72296593","72296902","58","45447487"
"chr3","26851548","26851635","chr15","70929716","70929797","12","44078168"
"chr3","26939713","26940020","chr23","76233061","76233362","67","49293348"
"chr3","27072201","27072294","chr18","6682566","6682659","20","20389635"
"chr3","27109784","27110066","chr12","40601683","40601983","64","13491899"
"chr3","27338226","27338484","chr15","71399899","71400150","40","44061673"
"chr3","27388378","27388497","chr15","71445201","71445321","6","44056823"
"chr3","27436203","27436504","chr12","40601683","40601983","54","13165480"
"chr3","27539050","27539374","chr15","71565276","71565615","23","44026226"
"chr3","27560418","27560655","chr8","29587761","29587982","74","2027343"
"chr3","27599697","27599909","chr15","71610588","71610790","32","44010891"
"chr3","27868127","27868417","chr15","71923958","71924260","33","44055831"
"chr3","27902741","27903033","chr17","35584718","35585010","58","7681977"
"chr3","27905945","27906240","chr12","103939005","103939299","46","76033060"
"chr3","27911374","27911667","chrX","38566822","38567123","66","10655448"
"chr3","27934231","27934519","chr15","71992030","71992317","24","44057799"
"chr3","27941883","27942181","chr15","71998970","71999242","33","44057087"
"chr3","27953395","27953694","chr15","72010056","72010353","22","44056661"
"chr3","28030204","28030454","chr15","72067466","72067715","26","44037262"
"chr3","28043176","28043464","chr15","72085000","72085288","11","44041824"
"chr3","28043488","28043691","chr21","39686650","39686845","69","11643162"
"chr3","28058481","28058820","chr9","33009638","33009947","92","4951157"
"chr3","28063973","28064267","chr15","72101318","72101615","40","44037345"
"chr3","28072246","28072540","chr15","72109614","72109897","33","44037368"
"chr3","28075352","28075452","chr11","18670324","18670429","30","9405028"
"chr3","28089041","28089334","chr15","72123321","72123604","29","44034280"
"chr3","28095832","28096137","chr1","50653537","50653836","66","22557705"
"chr3","28118364","28118464","chr15","72154008","72154107","9","44035644"
"chr3","28137164","28137448","chr12","88671748","88672038","67","60534584"
"chr3","28168819","28169148","chr9","22265652","22265981","75","5903167"
"chr3","28172959","28173245","chr15","72194644","72194916","29","44021685"
"chr3","28174985","28175297","chr15","72196637","72196950","29","44021652"
"chr3","28196397","28196689","chr15","72218032","72218289","49","44021635"
"chr3","28202013","28202302","chr6","15213155","15213435","66","12988858"
"chr3","28211407","28211688","chr11","46343863","46344160","65","18132456"
"chr3","28232984","28233256","chr18","71211373","71211644","69","42978389"
"chr3","28240597","28240888","chr18","58513132","58513424","73","30272535"
"chr3","28286427","28286550","chr15","72296540","72296663","14","44010113"
"chr3","28322186","28322489","chr20","75795917","75796227","69","47473731"
"chr3","28335777","28336061","chr15","72345346","72345642","28","44009569"
"chr3","28354981","28355272","chr22","19536958","19537247","65","8818023"
"chr3","28369639","28369924","chr15","72379902","72380171","36","44010263"
"chr3","28379159","28379436","chr5","59826729","59827017","62","31447570"
"chr3","28406616","28406847","chr26","55198419","55198652","56","26791803"
"chr3","28480508","28480803","chr15","72507468","72507736","58","44026960"
"chr3","28653947","28654251","chr15","72671775","72672083","29","44017828"
"chr3","28691281","28691394","chr15","72709757","72709872","11","44018476"
"chr3","28826301","28826587","chr28","13929450","13929735","54","14896851"
"chr3","28832351","28832545","chr15","72844347","72844570","43","44011996"
"chr3","29026603","29026871","chr23","41912058","41912325","53","12885455"
"chr3","29167932","29168233","chr9","91977796","91978097","61","62809864"
"chr3","29362017","29362325","chr15","73367386","73367702","31","44005369"
"chr3","29539589","29539888","chr10","76220349","76220648","62","46680760"
"chr3","29671276","29671572","chr15","73673071","73673370","37","44001795"
"chr3","29819228","29819531","chr12","42477830","42478132","63","12658602"
"chr3","29885251","29885539","chr15","73883200","73883490","48","43997949"
"chr3","30017453","30017710","chr15","74027898","74028150","33","44010445"
"chr3","30024694","30025009","chr20","120237644","120237945","62","90212950"
"chr3","30034159","30034453","chr6","3964209","3964506","59","26069950"
"chr3","30047927","30048180","chr11","108404671","108404926","56","78356744"
"chr3","30049069","30049372","chr18","32854753","32855059","71","2805684"
"chr3","30064646","30064930","chr15","74076506","74076781","26","44011860"
"chr3","30308433","30308504","chr7","69243102","69243173","14","38934669"
"chr3","30379565","30379838","chr18","44616862","44617139","61","14237297"
"chr3","30381177","30381467","chr5","63579710","63580008","34","33198533"
"chr3","30401528","30401796","chr15","74402936","74403209","23","44001408"
"chr3","30501999","30502304","chr15","74504595","74504909","29","44002596"
"chr3","30602196","30602460","chr10","57119233","57119508","80","26517037"
"chr3","30605458","30605760","chr12","40601683","40601983","60","9996225"
"chr3","30729390","30729696","chr7","53731549","53731846","70","23002159"
"chr3","30732267","30732562","chr26","19586546","19586846","78","11145721"
"chr3","30770887","30771158","chr15","74776295","74776565","16","44005408"
"chr3","30781931","30782227","chr15","74787359","74787656","27","44005428"
"chr3","30952141","30952416","chr15","74942578","74942849","24","43990437"
"chr3","31031518","31031824","chr2","5751815","5752114","65","25279703"
"chr3","31089698","31090003","chr15","75069743","75070056","34","43980045"
"chr3","31132101","31132276","chr20","87024122","87024293","35","55892021"
"chr3","31132309","31132428","chr2","80356258","80356375","21","49223949"
"chr3","31265370","31265651","chr15","75255877","75256158","23","43990507"
"chr3","31322752","31323046","chr15","75315136","75315402","48","43992384"
"chr3","31401466","31401592","chr2","39267031","39267156","22","7865565"
"chr3","31430247","31430533","chr5","44001779","44002066","65","12571532"
"chr3","31436902","31437248","chr8","122338255","122338554","102","90901353"
"chr3","31443093","31443265","chr14","87135531","87135709","36","55692438"
"chr3","31450869","31451169","chr14","20624488","20624786","64","10826381"
"chr3","31488407","31488698","chr11","107693470","107693759","60","76205063"
"chr3","31539371","31539677","chr15","75540366","75540671","24","44000995"
"chr3","31575696","31575866","chr6","42923445","42923609","41","11347749"
"chr3","31625146","31625264","chr7","97712830","97712946","24","66087684"
"chr3","31651850","31652143","chr15","75652930","75653220","31","44001080"
"chr3","31656998","31657274","chr15","75658334","75658619","51","44001336"
"chr3","31691463","31691651","chr14","44840493","44840684","57","13149030"
"chr3","31718585","31718907","chr15","75719243","75719557","35","44000658"
"chr3","31826157","31826285","chr6","2185483","2185616","25","29640674"
"chr3","31869811","31869929","chr9","81115686","81115808","21","49245875"
"chr3","31900199","31900496","chr9","59862290","59862592","64","27962091"
"chr3","31950032","31950337","chr8","21034926","21035231","58","10915106"
"chr3","32007989","32008291","chr14","80108746","80109047","60","48100757"
"chr3","32029949","32030252","chr6","46676602","46676910","59","14646653"
"chr3","32041353","32041670","chr19","14054085","14054386","66","17987268"
"chr3","32126534","32126683","chr15","76129143","76129291","10","44002609"
"chr3","32169861","32169991","chr15","76173048","76173180","21","44003187"
"chr3","32182707","32182887","chr15","76184376","76184556","11","44001669"
"chr3","32220225","32220506","chr15","76218793","76219072","27","43998568"
"chr3","32253264","32253557","chr15","76251827","76252109","42","43998563"
"chr3","32263156","32263357","chr15","76261413","76261614","15","43998257"
"chr3","32265513","32265696","chr15","76265673","76265859","18","44000160"
"chr3","32277463","32277804","chr25","76857877","76858210","74","44580414"
"chr3","32292768","32293070","chr15","76292494","76292785","29","43999726"
"chr3","32336937","32337197","chr15","76335218","76335483","22","43998281"
"chr3","32354613","32354895","chr15","76352868","76353157","25","43998255"
"chr3","32374092","32374388","chr26","7185712","7186005","57","25188380"
"chr3","32379062","32379179","chr6","7793376","7793490","20","24585686"
"chr3","32379482","32379653","chr17","58752363","58752527","34","26372881"
"chr3","32384365","32384637","chr9","33584725","33585003","65","1200360"
"chr3","32387530","32387822","chr24","55401975","55402268","56","23014445"
"chr3","32429400","32429571","chr12","43919134","43919310","40","11489734"
"chr3","32433017","32433330","chr15","76426998","76427303","29","43993981"
"chr3","32458086","32458387","chr15","76459454","76459761","34","44001368"
"chr3","32464610","32464816","chr15","76465845","76466051","15","44001235"
"chr3","32490927","32491044","chr1","8128376","8128492","11","24362551"
"chr3","32492163","32492247","chr15","78361267","78361341","22","45869104"
"chr3","32511633","32511932","chr15","76514501","76514808","28","44002868"
"chr3","32517457","32517762","chr15","76521680","76521986","14","44004223"
"chr3","32522477","32522789","chr2","5751815","5752114","73","26770662"
"chr3","32558926","32559033","chr4","90498997","90499103","13","57940071"
"chr3","32559405","32559612","chr14","34004413","34004615","42","1445008"
"chr3","32563770","32564057","chr21","108265283","108265572","57","75701513"
"chr3","32568263","32568553","chr15","76562212","76562514","34","43993949"
"chr3","32587458","32587748","chr9","93044507","93044799","50","60457049"
"chr3","32625306","32625594","chr15","76608070","76608364","20","43982764"
"chr3","32662886","32663182","chr24","13364427","13364721","58","19298459"
"chr3","32671337","32671610","chr15","76653135","76653446","59","43981798"
"chr3","32671709","32671790","chr15","76653525","76653608","5","43981816"
"chr3","32677471","32677766","chr24","67894276","67894572","58","35216805"
"chr3","32687793","32687884","chr29","18343429","18343519","14","14344364"
"chr3","32696700","32696956","chr15","76681305","76681573","30","43984605"
"chr3","32699699","32699995","chr3","28109517","28109811","63","4590182"
"chr3","32732010","32732337","chr1","15786031","15786333","85","16945979"
"chr3","32745724","32746022","chr7","14614599","14614914","62","18131125"
"chr3","32759536","32759826","chr4","73324662","73324961","71","40565126"
"chr3","32760770","32761078","chr15","76737412","76737720","26","43976642"
"chr3","32772834","32773136","chr15","76750354","76750649","34","43977520"
"chr3","32776260","32776544","chr6","1886620","1886910","65","30889640"
"chr3","32785771","32785957","chr22","79295177","79295362","44","46509406"
"chr3","32802222","32802346","chr15","76772782","76772909","13","43970560"
"chr3","32811247","32811433","chr22","79295177","79295362","44","46483930"
"chr3","32823958","32824167","chr15","76789624","76789836","15","43965666"
"chr3","32837726","32837983","chr15","76803550","76803816","26","43965824"
"chr3","32864173","32864334","chr20","42562513","42562655","43","9698340"
"chr3","32881043","32881327","chr15","76852761","76853044","17","43971718"
"chr3","32905634","32905950","chr9","124625139","124625450","66","91719505"
"chr3","32911670","32911976","chr1","68129387","68129693","72","35217717"
"chr3","32968395","32968644","chr15","76939754","76940033","48","43971359"
"chr3","32973686","32973968","chr15","76939754","76940033","16","43966068"
"chr3","32978842","32979123","chr15","76945148","76945434","25","43966306"
"chr3","33012733","33012947","chr15","76972322","76972519","30","43959589"
"chr3","33015735","33015910","chr15","76976063","76976236","10","43960328"
"chr3","33073008","33073300","chr6","4599850","4600145","58","28473158"
"chr3","33096105","33096382","chr15","77057895","77058171","33","43961790"
"chr3","33101890","33102186","chr20","125718521","125718817","80","92616631"
"chr3","33116968","33117173","chr15","77080341","77080553","15","43963373"
"chr3","33117205","33117324","chr15","77080581","77080700","8","43963376"
"chr3","33126841","33127138","chr5","58074066","58074366","63","24947225"
"chr3","33140075","33140176","chr5","9967278","9967373","20","23172797"
"chr3","33160485","33160782","chr25","1799696","1799999","62","31360789"
"chr3","33177541","33177829","chr15","77136545","77136833","18","43959004"
"chr3","33180517","33180804","chr9","32982579","32982865","55","197938"
"chr3","33199815","33200049","chr4","5746658","5746899","52","27453157"
"chr3","33206295","33206521","chr11","107611246","107611468","34","74404951"
"chr3","33207706","33207914","chr5","3286278","3286478","46","29921428"
"chr3","33215111","33215406","chr10","76220349","76220648","65","43005238"
"chr3","33229832","33230108","chr15","77196929","77197203","23","43967097"
"chr3","33230893","33231156","chr15","77198148","77198421","24","43967255"
"chr3","33238820","33239118","chr15","77201810","77202100","42","43962990"
"chr3","33274003","33274124","chr14","18270866","18270984","20","15003137"
"chr3","33277879","33278173","chr15","77238266","77238560","16","43960387"
"chr3","33280987","33281035","chr3","70176211","70176259","7","36895224"
"chr3","33281347","33281508","chr6","5100205","5100370","39","28181142"
"chr3","33287279","33287556","chr14","87281794","87282070","60","53994515"
"chr3","33291512","33291775","chr15","77253517","77253787","31","43962005"
"chr3","33292667","33292964","chr28","15635761","15636057","57","17656906"
"chr3","33311844","33312127","chr9","95978837","95979118","56","62666993"
"chr3","33316099","33316379","chr6","14658376","14658659","59","18657723"
"chr3","33350213","33350504","chr1","121090436","121090732","57","87740223"
"chr3","33372900","33373030","chr13","13398777","13398898","28","19974123"
"chr3","33405497","33405625","chr15","77360462","77360584","19","43954965"
"chr3","33407245","33407450","chr15","77362205","77362397","43","43954960"
"chr3","33414580","33414652","chr15","77369866","77369937","6","43955286"
"chr3","33421084","33421309","chr1","110953895","110954113","56","77532811"
"chr3","33455132","33455247","chr15","77408005","77408120","9","43952873"
"chr3","33455255","33455601","chr15","77408179","77408538","42","43952924"
"chr3","33456088","33456375","chr1","50232045","50232336","61","16775957"
"chr3","33467486","33467789","chr9","91977796","91978097","55","58510310"
"chr3","33472736","33473037","chr16","69100114","69100408","56","35627378"
"chr3","33473122","33473242","chr10","2691454","2691561","28","30781668"
"chr3","33484418","33484723","chr15","77425438","77425752","32","43941020"
"chr3","33528633","33528941","chr15","77464053","77464361","23","43935420"
"chr3","33532747","33533048","chr15","77468236","77468526","23","43935489"
"chr3","33551491","33551814","chr15","77486994","77487323","30","43935503"
"chr3","33554662","33554902","chr15","77490128","77490365","26","43935466"
"chr3","33587132","33587422","chr5","19804200","19804492","54","13782932"
"chr3","33619267","33619549","chr15","77561235","77561516","29","43941968"
"chr3","33622528","33622816","chr15","77564537","77564826","16","43942009"
"chr3","33631751","33632025","chr15","77574025","77574324","47","43942274"
"chr3","33637698","33637996","chr15","77580098","77580396","40","43942400"
"chr3","33652234","33652525","chr15","77594699","77594991","32","43942465"
"chr3","33654712","33655015","chr11","7116582","7116882","67","26538130"
"chr3","33657118","33657401","chr15","77599726","77599993","47","43942608"
"chr3","33691327","33691462","chr21","46814201","46814332","18","13122874"
"chr3","33691757","33691924","chr8","21664692","21664865","36","12027065"
"chr3","33713081","33713215","chr15","77653577","77653707","13","43940496"
"chr3","33713264","33713475","chr15","77653761","77653970","17","43940497"
"chr3","33734239","33734412","chr16","56712943","56713116","37","22978704"
"chr3","33734717","33734850","chr8","68545076","68545209","22","34810359"
"chr3","33745544","33745826","chr15","77685275","77685565","29","43939731"
"chr3","33764706","33765002","chr15","77706211","77706512","31","43941505"
"chr3","33778132","33778415","chr7","118609785","118610067","52","84831653"
"chr3","33805041","33805259","chr5","21482649","21482863","63","12322392"
"chr3","33809074","33809384","chr6","10417564","10417870","65","23391510"
"chr3","33846222","33846530","chr19","6669632","6669930","62","27176590"
"chr3","33856740","33857032","chr15","77783855","77784142","29","43927115"
"chr3","33859899","33860192","chr15","77788983","77789277","32","43929084"
"chr3","33875654","33875786","chr15","77769091","77769223","20","43893437"
"chr3","33879216","33879517","chr15","77807249","77807539","33","43928033"
"chr3","33882650","33882955","chr11","108879637","108879941","66","74996987"
"chr3","33895447","33895708","chr15","77823079","77823340","12","43927632"
"chr3","33919260","33919552","chr15","77846462","77846756","19","43927202"
"chr3","33929183","33929353","chr12","6714736","6714897","45","27214447"
"chr3","33930983","33931114","chr7","13923171","13923302","26","20007812"
"chr3","33931763","33932045","chr15","77858813","77859094","14","43927050"
"chr3","34000921","34001127","chr15","77928915","77929126","15","43927994"
"chr3","34007773","34008099","chr8","68652740","68653048","78","34644967"
"chr3","34008144","34008273","chr15","77936115","77936239","11","43927971"
"chr3","34008563","34008731","chr6","39714464","39714639","38","5705901"
"chr3","34043942","34044003","chr6","17091933","17091991","12","16952009"
"chr3","34044314","34044482","chr6","42438846","42439014","31","8394532"
"chr3","34058423","34058725","chr22","6003230","6003517","79","28055193"
"chr3","34073303","34073598","chr1","121090436","121090732","52","87017133"
"chr3","34073820","34074132","chr15","77980907","77981207","25","43907087"
"chr3","34100696","34100982","chr15","78012436","78012722","16","43911740"
"chr3","34106667","34106963","chr15","78017929","78018222","23","43911262"
"chr3","34123507","34123790","chr15","78041993","78042274","34","43918486"
"chr3","34127968","34128195","chr6","38731519","38731751","53","4603551"
"chr3","34141670","34141970","chr2","36690137","36690430","72","2548467"
"chr3","34150625","34150906","chr15","78069716","78069986","22","43919091"
"chr3","34153139","34153442","chrX","107915390","107915686","55","73762251"
"chr3","34175442","34175519","chr28","9992035","9992112","21","24183407"
"chr3","34242328","34242615","chr15","78153533","78153821","18","43911205"
"chr3","34266340","34266622","chr15","78174520","78174802","15","43908180"
"chr3","34271698","34272017","chr13","84953676","84953983","57","50681978"
"chr3","34285776","34285902","chr15","78189353","78189479","4","43903577"
"chr3","34288741","34289031","chr14","18423632","18423933","61","15865109"
"chr3","34295357","34295492","chr15","78198714","78198846","10","43903357"
"chr3","34312304","34312588","chrX","58362244","58362525","61","24049940"
"chr3","34320595","34320904","chr6","15433376","15433680","67","18887219"
"chr3","34329169","34329465","chr15","78223148","78223451","25","43893979"
"chr3","34336277","34336558","chr27","24498388","24498657","54","9837889"
"chr3","34374611","34374898","chrUn_KE147935v1","292133","292414","65","34082478"
"chr3","34390446","34390745","chr15","78287613","78287911","20","43897167"
"chr3","34447027","34447322","chr15","78348779","78349072","20","43901752"
"chr3","34459067","34459141","chr15","78361267","78361341","3","43902200"
"chr3","34465261","34465539","chr15","78367572","78367860","22","43902311"
"chr3","34587246","34587376","chr11","7784958","7785084","26","26802288"
"chr3","34608914","34609222","chr15","78511874","78512156","50","43902960"
"chr3","34618142","34618301","chr15","78520951","78521113","18","43902809"
"chr3","34618622","34618764","chr15","78521434","78521571","14","43902812"
"chr3","34681262","34681551","chr5","38989800","38990092","59","4308538"
"chr3","34732382","34732512","chr8","31744702","31744832","21","2987680"
"chr3","34734900","34735217","chrX","12022212","12022520","73","22712688"
"chr3","34845427","34845722","chr15","78723757","78724059","26","43878330"
"chr3","35038849","35039134","chr2","58980970","58981271","62","23942121"
"chr3","35088953","35089242","chr6","5976621","5976904","59","29112332"
"chr3","35225643","35225939","chr5","17983640","17983937","65","17242003"
"chr3","35383226","35383543","chr15","79241689","79241970","55","43858463"
"chr3","35846925","35847158","chr9","30556258","30556494","56","5290667"
"chr3","35976472","35976636","chr8","7221100","7221265","45","28755372"
"chr3","36030913","36031173","chr15","79854978","79855230","30","43824065"
"chr3","36133446","36133731","chr15","79913386","79913694","59","43779940"
"chr3","36265710","36265943","chr15","80038184","80038417","15","43772474"
"chr3","36393412","36393705","chr5","48383157","48383451","78","11989745"
"chr3","36452169","36452282","chr15","80227106","80227219","9","43774937"
"chr3","36620178","36620516","chr15","80383519","80383837","44","43763341"
"chr3","36729475","36729681","chr15","80471203","80471409","17","43741728"
"chr3","37058506","37058794","chr15","80766223","80766519","34","43707717"
"chr3","37068987","37069239","chr15","80775680","80775933","19","43706693"
"chr3","37101590","37101925","chr15","80807105","80807440","34","43705515"
"chr3","37141899","37142182","chr2","17218820","17219102","58","19923079"
"chr3","37158712","37159015","chr15","80859030","80859344","34","43700318"
"chr3","37179721","37180012","chr15","83171593","83171892","64","45991872"
"chr3","37324180","37324488","chr15","2738217","2738530","33","34585963"
"chr3","37375904","37376188","chr15","2688093","2688373","23","34687811"
"chr3","37510296","37510416","chr15","2559179","2559299","7","34951117"
"chr3","37558698","37558984","chr14","82166578","82166861","53","44607880"
"chr3","37559200","37559458","chr20","109701818","109702074","57","72142618"
"chr3","37574574","37574810","chr19_AQIB01158124v1_random","10715","10957","65","37563859"
"chr3","37596021","37596327","chr15","2473601","2473893","35","35122420"
"chr3","37635422","37635556","chr15","2439763","2439893","13","35195659"
"chr3","37636157","37636360","chr15","2439268","2439449","47","35196889"
"chr3","37644950","37645241","chrX","42134717","42134991","83","4489767"
"chr3","37650446","37650743","chr6","28194245","28194544","66","9456201"
"chr3","37663837","37664130","chr5","27594562","27594865","66","10069275"
"chr3","37669136","37669352","chr12","7846459","7846684","49","29822677"
"chr3","37735213","37735500","chr15","2343683","2343974","19","35391530"
"chr3","37765352","37765663","chr15","2314327","2314655","34","35451025"
"chr3","37770501","37770718","chr7","26666138","26666356","55","11104363"
"chr3","37777271","37777567","chr28","3675858","3676162","70","34101413"
"chr3","37778467","37778773","chr15","2299995","2300306","19","35478472"
"chr3","37780431","37780731","chr7","118609785","118610067","62","80829354"
"chr3","37782409","37782657","chr15","2296470","2296729","28","35485939"
"chr3","37830975","37831136","chr15","18909593","18909729","45","18921382"
"chr3","37831441","37831630","chr18","62280191","62280372","39","24448750"
"chr3","37837634","37837867","chr28","18810138","18810371","57","19027496"
"chr3","37846263","37846583","chr8","97635106","97635417","71","59788843"
"chr3","37863884","37864019","chr9","880210","880344","33","36983674"
"chr3","37864112","37864225","chr3","18801216","18801332","16","19062896"
"chr3","37877627","37877791","chr8","91017330","91017493","41","53139703"
"chr3","37878102","37878245","chr27","9711745","9711890","22","28166357"
"chr3","37891095","37891369","chr15","2178004","2178279","19","35713091"
"chr3","37912166","37912288","chrUn_AQIB01159040v1","7433","7555","16","37904733"
"chr3","37915715","37915945","chr5","74279324","74279547","58","36363609"
"chr3","37932001","37932332","chr11","47571568","47571903","76","9639567"
"chr3","37965690","37965995","chr18","32854753","32855059","57","5110937"
"chr3","38018552","38018887","chr15","2058791","2059127","41","35959761"
"chr3","38027240","38027446","chr9","91826711","91826919","58","53799471"
"chr3","38044248","38044508","chr15","2035093","2035374","38","36009155"
"chr3","38079589","38079730","chr14","3182803","3182946","30","34896786"
"chr3","38079774","38079892","chr20","86303362","86303480","15","48223588"
"chr3","38090025","38090324","chr15","1989051","1989355","25","36100974"
"chr3","38105418","38105547","chr15","1973995","1974126","7","36131423"
"chr3","38112560","38112849","chr15","1966734","1967033","28","36145826"
"chr3","38187950","38188245","chr15","1885168","1885459","31","36302782"
"chr3","38293064","38293366","chr15","1783400","1783712","20","36509664"
"chr3","38378932","38379167","chr9","58953294","58953525","49","20574362"
"chr3","38388580","38388896","chr15","1684724","1685011","47","36703856"
"chr3","38424855","38425148","chr14","21957527","21957834","69","16467328"
"chr3","38428197","38428280","chr19","5640810","5640893","9","32787387"
"chr3","38442872","38443175","chr7","87669693","87669996","29","49226821"
"chr3","38452634","38452916","chr22","58366192","58366480","68","19913558"
"chr3","38454772","38455037","chr27","15107424","15107694","65","23347348"
"chr3","38474302","38474582","chr15","1600630","1600899","46","36873672"
"chr3","38496509","38496806","chr15","1576718","1577011","18","36919791"
"chr3","38563656","38563971","chr15","1505385","1505693","37","37058271"
"chr3","38566099","38566405","chr27","1527000","1527303","59","37039099"
"chr3","38586290","38586396","chr6","34643561","34643663","20","3942729"
"chr3","38601024","38601360","chr15","1470331","1470638","47","37130693"
"chr3","38603945","38604260","chr8","92858008","92858317","66","54254063"
"chr3","38649743","38649883","chr12","10357428","10357563","27","28292315"
"chr3","38650177","38650318","chr5","69257800","69257943","24","30607623"
"chr3","38706923","38707230","chr12","40601683","40601983","57","1894760"
"chr3","38711445","38711601","chr12","9314536","9314691","29","29396909"
"chr3","38711904","38712044","chr2","25502795","25502933","28","13209109"
"chr3","38731061","38731374","chr9","39243437","39243738","65","512376"
"chr3","38759046","38759370","chr9","31734901","31735212","83","7024145"
"chr3","38760344","38760638","chr15","1328500","1328775","38","37431844"
"chr3","38788682","38788965","chr11","104479228","104479515","64","65690546"
"chr3","38802489","38802605","chr9","15035323","15035438","17","23767166"
"chr3","38863815","38864123","chr15","1243587","1243886","32","37620228"
"chr3","38865091","38865261","chr15","1242455","1242627","12","37622636"
"chr3","38865560","38865685","chr15","1242033","1242172","26","37623527"
"chr3","38871875","38872175","chr11","118281378","118281671","56","79409503"
"chr3","38877264","38877573","chr15","1230158","1230461","22","37647106"
"chr3","38885464","38885724","chr15","1221882","1222145","15","37663582"
"chr3","38906697","38906981","chr15","1200268","1200553","21","37706429"
"chr3","38910000","38910298","chr15","1196953","1197252","23","37713047"
"chr3","38957915","38958197","chr16","35556750","35557045","65","3401165"
"chr3","38975565","38975869","chr15","1128805","1129103","21","37846760"
"chr3","38987527","38987763","chr9","112005639","112005870","57","73018112"
"chr3","38989070","38989321","chr28","19196628","19196884","55","19792442"
"chr3","38996764","38997052","chr15","1106197","1106494","30","37890567"
"chr3","39009203","39009325","chr6","35497422","35497532","29","3511781"
"chr3","39009634","39009742","chr11","1664962","1665070","26","37344672"
"chr3","39079568","39079864","chr15","1019393","1019694","32","38060175"
"chr3","39132279","39132405","chr15","978322","978448","4","38153957"
"chr3","39132695","39132842","chr15","977877","978024","11","38154818"
"chr3","39141892","39142212","chr15","968864","969183","41","38173028"
"chr3","39162086","39162384","chr20","88447642","88447934","57","49285556"
"chr3","39198620","39198910","chr15","911891","912182","25","38286729"
"chr3","39234468","39234753","chr13","76586596","76586883","61","37352128"
"chr3","39266897","39267198","chr15","845329","845627","14","38421568"
"chr3","39448601","39448947","chr15","731824","732170","18","38716777"
"chr3","39499383","39499487","chr15","685536","685651","23","38813847"
"chr3","39500001","39500113","chr1","120798422","120798537","17","81298421"
"chr3","39560853","39561083","chr15","624220","624438","34","38936633"
"chr3","39583943","39584217","chr15","602225","602517","46","38981718"
"chr3","39766329","39766452","chr15","421180","421302","8","39345149"
"chr3","39779613","39779925","chr6","41031071","41031373","59","1251458"
"chr3","39857365","39857595","chr15","328559","328784","21","39528806"
"chr3","39861859","39862151","chr15","324054","324346","41","39537805"
"chr3","39881249","39881395","chr15","304585","304743","22","39576664"
"chr3","39930105","39930412","chr16","47341907","47342220","65","7411802"
"chr3","39946754","39947054","chr28","15635761","15636057","54","24310993"
"chr3","40045246","40045525","chr15","143325","143613","28","39901921"
"chr3","40056682","40056970","chr15","131555","131847","31","39925127"
"chr3","40074625","40074745","chr15","113373","113501","16","39961252"
"chr3","40102221","40102353","chr15","88415","88547","3","40013806"
"chr3","40174795","40175078","chr15","35178","35476","37","40139617"
"chr3","40183438","40183607","chr15","26930","27099","18","40156508"
"chr3","40189304","40189599","chr2","55579238","55579543","56","15389934"
"chr3","40214215","40214487","chr16","61714583","61714860","55","21500368"
"chr3","40223299","40223434","chr6","38567781","38567913","19","1655518"
"chr3","40224417","40224710","chr6","27652457","27652739","67","12571960"
"chr3","40228930","40229160","chr22","1029555","1029784","20","39199375"
"chr3","40230315","40230614","chr22","1030940","1031235","18","39199375"
"chr3","40260897","40261209","chr22","1061875","1062183","22","39199022"
"chr3","40310929","40311214","chr19","5237389","5237677","70","35073540"
"chr3","40331481","40331781","chr21","107450772","107451077","64","67119291"
"chr3","40364644","40364896","chr1","8532523","8532777","70","31832121"
"chr3","40370720","40370845","chr20","50147155","50147283","32","9776435"
"chr3","40445540","40445854","chr5","36390138","36390448","61","4055402"
"chr3","40488070","40488370","chr22","1277208","1277504","37","39210862"
"chr3","40548395","40548692","chrX_KE148108v1_random","1020209","1020503","66","39528186"
"chr3","40610141","40610449","chr22","1384797","1385095","24","39225344"
"chr3","40612531","40612840","chr22","1387202","1387499","32","39225329"
"chr3","40740189","40740311","chr22","1490832","1490955","11","39249357"
"chr3","40787499","40787655","chr22","1546188","1546343","11","39241311"
"chr3","40810374","40810673","chr22","1568480","1568783","35","39241894"
"chr3","40932864","40932983","chr9","23999313","23999432","18","16933551"
"chr3","40933011","40933169","chr9","26095932","26096095","24","14837079"
"chr3","40956544","40956697","chr22","1684126","1684272","13","39272418"
"chr3","40991921","40992210","chr26","38466771","38467062","62","2525150"
"chr3","41029633","41029932","chr22","1761853","1762139","32","39267780"
"chr3","41053613","41053925","chr1","55999152","55999453","63","14945539"
"chr3","41096788","41097075","chr22","1817319","1817607","17","39279469"
"chr3","41157935","41158239","chr22","1876305","1876610","24","39281630"
"chr3","41167251","41167531","chr22","1886022","1886292","30","39281229"
"chr3","41247604","41247791","chrX","58743793","58743981","39","17496189"
"chr3","41248124","41248255","chr20","128867072","128867203","28","87618948"
"chr3","41260565","41260855","chr22","1973132","1973439","28","39287433"
"chr3","41271238","41271361","chr9","34897938","34898061","18","6373300"
"chr3","41315631","41315924","chr22","2050746","2051040","18","39264885"
"chr3","41317554","41317898","chr24","67273546","67273875","74","25955992"
"chr3","41456542","41456844","chr22","2184012","2184309","21","39272530"
"chr3","41604674","41604985","chr12","40601683","40601983","58","1002991"
"chr3","41773082","41773392","chrX","90804654","90804964","57","49031572"
"chr3","41777499","41777821","chr22","2509993","2510325","30","39267506"
"chr3","41843545","41843854","chr22","2570929","2571237","22","39272616"
"chr3","41870380","41870696","chr22","2597418","2597727","26","39272962"
"chr3","41927729","41927844","chr22","2653735","2653850","4","39273994"
"chr3","41976885","41977113","chr4","52376990","52377214","55","10400105"
"chr3","42071869","42072143","chr24","52331669","52331928","66","10259800"
"chr3","42072388","42072698","chr22","2794419","2794704","44","39277969"
"chr3","42157358","42157718","chr22","2878321","2878621","83","39279037"
"chr3","42196335","42196591","chr22","2915113","2915376","27","39281222"
"chr3","42204816","42204937","chr18","38864388","38864511","17","3340428"
"chr3","42254446","42254621","chr22","2970741","2970915","12","39283705"
"chr3","42313931","42314226","chr22","3029240","3029553","39","39284691"
"chr3","42352029","42352335","chr22","3066064","3066344","43","39285965"
"chr3","42359673","42359961","chr22","3074829","3075109","26","39284844"
"chr3","42367402","42367702","chr22","3084383","3084688","28","39283019"
"chr3","42424354","42424662","chr22","3134391","3134714","37","39289963"
"chr3","42430324","42430620","chr22","3140729","3141021","24","39289595"
"chr3","42465145","42465443","chr22","3172773","3173080","32","39292372"
"chr3","42519395","42519699","chr22","3225147","3225459","34","39294248"
"chr3","42538289","42538580","chr3","10514269","10514565","56","32024020"
"chr3","42553534","42553841","chr22","3261685","3261988","39","39291849"
"chr3","42554265","42554558","chr22","3262409","3262702","22","39291856"
"chr3","42565022","42565330","chr28","15141829","15142140","56","27423193"
"chr3","42634597","42634890","chr22","3313945","3314244","26","39320652"
"chr3","42634975","42635320","chr2","14636818","14637117","123","27998157"
"chr3","42644643","42644838","chr12","18141191","18141388","50","24503452"
"chr3","42648651","42648831","chr22","3326178","3326356","15","39322473"
"chr3","42669462","42669747","chr22","3344641","3344922","21","39324821"
"chr3","42679437","42679610","chr24","46548109","46548284","47","3868672"
"chr3","42702627","42702847","chr12","2235360","2235573","56","40467267"
"chr3","42706854","42706976","chr22","3382073","3382195","7","39324781"
"chr3","42721912","42722075","chr29","8562421","8562589","38","34159491"
"chr3","42731120","42731399","chr8","17512697","17512980","66","25218423"
"chr3","42751781","42751947","chr17","58752363","58752527","41","16000582"
"chr3","42751996","42752119","chrX","84126341","84126464","14","41374345"
"chr3","42755596","42755871","chr28","5883399","5883671","52","36872197"
"chr3","42761723","42762039","chr22","3439743","3440056","21","39321980"
"chr3","42762632","42762919","chr22","3440640","3440920","29","39321992"
"chr3","42768089","42768390","chr5","26112911","26113207","70","16655178"
"chr3","42770521","42770735","chr1","11713702","11713912","41","31056819"
"chr3","42779832","42780107","chr28","19196628","19196884","60","23583204"
"chr3","42792003","42792220","chr25","21648509","21648737","57","21143494"
"chr3","42796615","42796807","chr22","3465938","3466134","17","39330677"
"chr3","42799984","42800158","chr6","42438846","42439014","31","361138"
"chr3","42801570","42801738","chr6","1459254","1459425","45","41342316"
"chr3","42802041","42802165","chrX","112737997","112738116","30","69935956"
"chr3","42809003","42809308","chr22","3479873","3480175","25","39329130"
"chr3","42817372","42817661","chr22","3486112","3486407","25","39331260"
"chr3","42830097","42830374","chr22","3499539","3499815","20","39330558"
"chr3","42832384","42832669","chr11","104479228","104479515","52","61646844"
"chr3","42856296","42856591","chr22","3539263","3539563","29","39317033"
"chr3","42881766","42881868","chr2","36042983","36043088","27","6838783"
"chr3","42885683","42885964","chr6","27989411","27989687","56","14896272"
"chr3","42889155","42889467","chr22","3570041","3570358","35","39319114"
"chr3","42896263","42896473","chr5","36953044","36953254","43","5943219"
"chr3","42898240","42898520","chr22","3579072","3579341","31","39319168"
"chr3","42908403","42908708","chr22","3589453","3589762","33","39318950"
"chr3","42914970","42915262","chr22","3596016","3596305","30","39318954"
"chr3","42923195","42923424","chr22","3604287","3604523","24","39318908"
"chr3","42941669","42941800","chr22","3624229","3624368","17","39317440"
"chr3","42942114","42942459","chr22","3624680","3625016","35","39317434"
"chr3","42961040","42961339","chr22","3644156","3644456","23","39316884"
"chr3","43014113","43014376","chr23","41701631","41701900","60","1312482"
"chr3","43040990","43041303","chr25","45953026","45953336","64","2912036"
"chr3","43043941","43044240","chr22","3740237","3740527","34","39303704"
"chr3","43064229","43064353","chr7","31633136","31633260","17","11431093"
"chr3","43223757","43224033","chr19","11878536","11878816","67","31345221"
"chr3","43303489","43303771","chr22","3998556","3998846","22","39304933"
"chr3","43307538","43307651","chr22","4002606","4002722","12","39304932"
"chr3","43319121","43319367","chr22","4014163","4014396","42","39304958"
"chr3","43325095","43325347","chr20","65558748","65558996","63","22233653"
"chr3","43325748","43325848","chr9","15204946","15205044","18","28120802"
"chr3","43327043","43327359","chr22","4022093","4022409","20","39304950"
"chr3","43328052","43328133","chr22","4023097","4023183","11","39304955"
"chr3","43331528","43331837","chr1","112237991","112238302","54","68906463"
"chr3","43355109","43355404","chr22","4058353","4058645","30","39296756"
"chr3","43368764","43369054","chr22","4073041","4073332","25","39295723"
"chr3","43402384","43402655","chr22","4106557","4106832","27","39295827"
"chr3","43434416","43434722","chr22","4139174","4139483","20","39295242"
"chr3","43520272","43520542","chr22","4213989","4214261","17","39306283"
"chr3","43521843","43522121","chr22","4215864","4216155","38","39305979"
"chr3","43534115","43534400","chr22","4226284","4226566","22","39307831"
"chr3","43539926","43540049","chr22","4232494","4232623","14","39307432"
"chr3","43550794","43550917","chr6","33666635","33666756","16","9884159"
"chr3","43594842","43594998","chr22","4285987","4286143","10","39308855"
"chr3","43595300","43595352","chr22","4286447","4286497","6","39308853"
"chr3","43657540","43657665","chr22","4345524","4345648","10","39312016"
"chr3","43693958","43694270","chr22","4382040","4382353","24","39311918"
"chr3","43708122","43708397","chr8","8338249","8338530","64","35369873"
"chr3","43709869","43710157","chr9","32982579","32982865","50","10727290"
"chr3","43725970","43726258","chr22","4413221","4413513","39","39312749"
"chr3","43752782","43753097","chr22","4437297","4437575","55","39315485"
"chr3","43856295","43856601","chr28","14600804","14601105","62","29255491"
"chr3","43888123","43888342","chr4","67613686","67613908","40","23725563"
"chr3","43928793","43929023","chr22","4606907","4607138","15","39321886"
"chr3","44045914","44046201","chr22","4722782","4723073","23","39323132"
"chr3","44065099","44065225","chr7","97247708","97247834","16","53182609"
"chr3","44073226","44073448","chr22","4751399","4751623","15","39321827"
"chr3","44100032","44100327","chr5","10402453","10402746","56","33697579"
"chr3","44173680","44173849","chr6","37285951","37286118","34","6887729"
"chr3","44201646","44201949","chr22","4877329","4877637","35","39324317"
"chr3","44322411","44322544","chr22","4993475","4993601","13","39328936"
"chr3","44359806","44360116","chr22","5017193","5017499","30","39342613"
"chr3","44388913","44389220","chrX","8486738","8487040","59","35902175"
"chr3","44447518","44447748","chr26","6477776","6477998","47","37969742"
"chr3","44451601","44451883","chr22","5099881","5100175","31","39351720"
"chr3","44463729","44464023","chr5","69933160","69933446","55","25469431"
"chr3","44484523","44484799","chr22","5125066","5125346","25","39359457"
"chr3","44629684","44629972","chr22","5263941","5264181","64","39365743"
"chr3","44647066","44647235","chr22","5281413","5281570","20","39365653"
"chr3","44707443","44707747","chr22","5342076","5342390","26","39365367"
"chr3","44755499","44755757","chr20","97193567","97193826","57","52438068"
"chr3","44831355","44831665","chr28","12448856","12449169","66","32382499"
"chr3","44874701","44874994","chr22","5499009","5499304","25","39375692"
"chr3","44885012","44885322","chr28","12448856","12449169","66","32436156"
"chr3","44917958","44918152","chr16","57755261","57755443","54","12837303"
"chr3","45016373","45016691","chr9","31734901","31735212","67","13281472"
"chr3","45031589","45031881","chr7","122607868","122608161","55","77576279"
"chr3","45041531","45041811","chr22","5663758","5664053","30","39377773"
"chr3","45053056","45053370","chr28","15141829","15142140","62","29911227"
"chr3","45058978","45059275","chr20","41187960","41188257","56","3871018"
"chr3","45130814","45131097","chr22","5757017","5757299","21","39373797"
"chr3","45164128","45164410","chr22","5757017","5757299","21","39407111"
"chr3","45171736","45171976","chr22","5779948","5780188","22","39391788"
"chr3","45183331","45183635","chrX","38566822","38567123","59","6616509"
"chr3","45185357","45185533","chr12","7890517","7890695","28","37294840"
"chr3","45185843","45185987","chr9","15604994","15605134","26","29580849"
"chr3","45189076","45189388","chr22","5800396","5800711","21","39388680"
"chr3","45215966","45216083","chr22","5819436","5819547","13","39396530"
"chr3","45233841","45234045","chr3","56682972","56683172","29","11449131"
"chr3","45252699","45252994","chr15","17305943","17306244","65","27946756"
"chr3","45281106","45281372","chr22","5930152","5930430","50","39350954"
"chr3","45293683","45293950","chr22","5943176","5943434","19","39350507"
"chr3","45307430","45307725","chrX","45141713","45142009","57","165717"
"chr3","45318422","45318728","chr22","5969274","5969587","32","39349148"
"chr3","45330590","45330879","chr17","1647761","1648065","62","43682829"
"chr3","45377276","45377570","chr22","6039209","6039495","48","39338067"
"chr3","45385117","45385317","chr20","41303376","41303572","52","4081741"
"chr3","45385786","45385843","chr22","6047560","6047627","11","39338226"
"chr3","45395474","45395773","chr1","58302532","58302829","57","12907058"
"chr3","45409698","45409991","chr22","6067022","6067319","31","39342676"
"chr3","45419505","45419642","chr15","6385183","6385315","22","39034322"
"chr3","45422551","45422846","chr22","6079599","6079912","40","39342952"
"chr3","45448422","45448717","chr22","6106690","6106970","46","39341732"
"chr3","45455705","45455977","chr22","6113613","6113885","8","39342092"
"chr3","45457245","45457549","chr26","6150165","6150453","74","39307080"
"chr3","45507306","45507606","chr22","6161765","6162067","22","39345541"
"chr3","45531428","45531675","chr22","6179428","6179675","20","39352000"
"chr3","45554620","45554919","chr22","6199315","6199623","26","39355305"
"chr3","45555209","45555391","chr22","6199917","6200100","14","39355292"
"chr3","45555680","45555807","chr22","6200389","6200517","9","39355291"
"chr3","45561284","45561575","chr22","6207284","6207574","13","39354000"
"chr3","45574950","45575243","chr22","6222603","6222896","19","39352347"
"chr3","45583463","45583769","chr22","6226866","6227160","22","39356597"
"chr3","45614056","45614358","chr12","26204400","26204703","87","19409656"
"chr3","45631176","45631481","chr22","6270121","6270417","41","39361055"
"chr3","45638325","45638630","chr22","6270121","6270417","41","39368204"
"chr3","45646274","45646358","chr25","5684214","5684299","17","39962060"
"chr3","45647577","45647762","chr6","16856112","16856291","37","28791465"
"chr3","45649910","45650226","chr22","6286933","6287246","34","39362977"
"chr3","45671056","45671358","chr28","11856078","11856376","53","33814978"
"chr3","45686770","45687062","chr21","83755387","83755674","66","38068617"
"chr3","45720140","45720373","chr14","12672281","12672523","50","33047859"
"chr3","45723162","45723447","chr12","43994783","43995068","56","1728379"
"chr3","45731372","45731530","chr20","91970463","91970613","43","46239091"
"chr3","45737162","45737469","chr12","8032666","8032946","77","37704496"
"chr3","45768236","45768528","chr22","6400337","6400628","10","39367899"
"chr3","45794520","45794817","chr25","45605802","45606094","60","188718"
"chr3","45813068","45813372","chr28","11548952","11549255","64","34264116"
"chr3","45828868","45829172","chr22","6459533","6459839","37","39369335"
"chr3","45854626","45854917","chr21","85082439","85082728","50","39227813"
"chr3","45857621","45857899","chr22","6487184","6487476","45","39370437"
"chr3","45863601","45863916","chr22","6494704","6494987","57","39368897"
"chr3","45977942","45978233","chrX_KE148108v1_random","1020209","1020503","59","44957733"
"chr3","46024834","46025115","chrX","10977387","10977663","51","35047447"
"chr3","46031141","46031432","chr22","6665074","6665380","27","39366067"
"chr3","46031924","46031942","chr19","6201943","6201960","3","39829981"
"chr3","46031994","46032272","chr22","79194722","79195007","60","33162728"
"chr3","46040104","46040395","chr22","6665074","6665380","27","39375030"
"chr3","46046317","46046436","chr22","6677752","6677877","14","39368565"
"chr3","46097760","46097908","chr22","6724488","6724652","32","39373272"
"chr3","46097936","46098060","chr22","6724696","6724833","20","39373240"
"chr3","46219441","46219715","chr3","77893960","77894229","54","31674519"
"chr3","46251093","46251406","chrX","23636327","23636629","67","22614766"
"chr3","46313817","46313973","chr22","6918141","6918294","14","39395676"
"chr3","46315863","46316044","chr22","6920163","6920351","20","39395700"
"chr3","46351841","46352049","chr23","57137572","57137781","49","10785731"
"chr3","46366954","46367097","chr22","6970182","6970326","17","39396772"
"chr3","46367408","46367572","chr22","6970637","6970805","17","39396771"
"chr3","46373320","46373616","chr22","6976720","6977026","36","39396600"
"chr3","46388846","46388959","chrX","38871434","38871550","20","7517412"
"chr3","46389269","46389345","chr16","55787876","55787952","20","9398607"
"chr3","46391489","46391789","chr9","33448530","33448818","70","12942959"
"chr3","46396027","46396330","chr10","12496142","12496442","49","33899885"
"chr3","46408861","46409117","chr11","7208197","7208450","49","39200664"
"chr3","46423650","46423852","chr21","41476338","41476548","35","4947312"
"chr3","46437495","46437660","chr22","7041650","7041807","15","39395845"
"chr3","46438262","46438413","chr20","87159394","87159547","38","40721132"
"chr3","46450701","46450984","chr28","8397766","8398052","62","38052935"
"chr3","46456524","46456767","chr9","90756985","90757205","66","44300461"
"chr3","46470481","46470595","chr11","75086133","75086248","19","28615652"
"chr3","46478892","46479189","chr22","65477423","65477718","60","18998531"
"chr3","46480500","46480624","chr1","16079789","16079918","22","30400711"
"chr3","46488037","46488353","chr22","7089764","7090079","25","39398273"
"chr3","46494320","46494437","chrX","37754037","37754153","13","8740283"
"chr3","46502105","46502156","chr19","5795967","5796008","12","40706138"
"chr3","46505751","46506038","chr22","7107715","7108010","23","39398036"
"chr3","46509040","46509342","chr13","29599790","29600087","51","16909250"
"chr3","46513553","46513824","chr6","33499264","33499528","67","13014289"
"chr3","46540507","46540781","chr22","7143753","7144021","30","39396754"
"chr3","46554444","46554662","chr14","52186572","52186783","47","5632128"
"chr3","46563965","46564040","chr26","21343900","21343975","12","25220065"
"chr3","46577988","46578266","chr22","7180822","7181100","32","39397166"
"chr3","46582824","46583102","chr22","7185526","7185806","13","39397298"
"chr3","46584391","46584542","chr22","7187083","7187234","12","39397308"
"chr3","46594964","46595250","chr14","80508963","80509250","58","33913999"
"chr3","46672715","46673027","chr22","7275684","7275995","27","39397031"
"chr3","46678633","46678923","chr10","76220349","76220648","53","29541716"
"chr3","46695440","46695732","chr22","7297686","7298004","41","39397754"
"chr3","46744444","46744716","chr22","7385226","7385508","29","39359218"
"chr3","46771555","46771851","chr22","7360057","7360355","17","39411498"
"chr3","46805521","46805805","chr22","7385226","7385508","17","39420295"
"chr3","46917547","46917840","chr3","22979029","22979307","84","23938518"
"chr3","46956526","46956766","chr5","17118110","17118350","54","29838416"
"chr3","46975077","46975391","chr24","82916820","82917135","66","35941743"
"chr3","46980938","46981079","chr19","5483390","5483538","27","41497548"
"chr3","47082086","47082398","chr16","41158777","41159080","64","5923309"
"chr3","47091620","47091910","chr26","7185712","7186005","57","39905908"
"chr3","47154096","47154426","chr14","9179217","9179538","75","37974879"
"chr3","47297049","47297060","chr10","54472176","54472190","3","7175127"
"chr3","47297061","47297315","chr28","19196628","19196884","60","28100433"
"chr3","47297316","47297381","chr16","21982839","21982898","23","25314477"
"chr3","47315319","47315514","chr6","3708095","3708286","41","43607224"
"chr3","47331720","47332016","chr22","18532485","18532779","56","28799235"
"chr3","47334191","47334314","chr22","7871176","7871298","7","39463015"
"chr3","47342466","47342765","chr22","7879368","7879673","32","39463098"
"chr3","47378100","47378217","chr22","7914716","7914834","13","39463384"
"chr3","47414347","47414640","chr3","18731987","18732278","66","28682360"
"chr3","47420679","47420977","chr22","7945473","7945790","34","39475206"
"chr3","47433956","47434237","chr22","7959577","7959886","48","39474379"
"chr3","47439135","47439224","chr8","36892333","36892421","18","10546802"
"chr3","47445161","47445499","chr6","35527159","35527461","91","11918002"
"chr3","47463797","47464117","chr22","7945473","7945790","54","39518324"
"chr3","47477096","47477359","chr22","7959577","7959886","65","39517519"
"chr3","47482267","47482530","chr22","7969037","7969290","30","39513230"
"chr3","47488271","47488609","chr6","35527159","35527461","91","11961112"
"chr3","47542236","47542555","chr22","8019040","8019337","40","39523196"
"chr3","47547567","47547836","chr7","128879195","128879469","64","81331628"
"chr3","47584992","47585280","chr22","8072880","8073171","20","39512112"
"chr3","47592374","47592669","chr22","8074257","8074552","11","39518117"
"chr3","47611835","47612115","chr5","3840338","3840606","65","43771497"
"chr3","47641748","47641878","chr22","8122026","8122150","7","39519722"
"chr3","47659110","47659458","chr5","51942897","51943207","91","4283787"
"chr3","47665371","47665670","chr28","15141829","15142140","58","32523542"
"chr3","47678726","47678994","chr22","8158963","8159231","10","39519763"
"chr3","47687367","47687628","chr22","8168623","8168874","26","39518744"
"chr3","47693408","47693679","chr22","8174732","8175000","17","39518676"
"chr3","47709500","47709809","chr5","27594562","27594865","64","20114938"
"chr3","47721174","47721289","chr22","8196699","8196815","6","39524475"
"chr3","47773295","47773596","chr9","20429537","20429837","57","27343758"
"chr3","47797843","47798091","chr22","8265810","8266043","27","39532033"
"chr3","47817191","47817491","chr22","8285152","8285468","37","39532039"
"chr3","47832537","47832759","chr22","8300796","8301007","27","39531741"
"chr3","47887381","47887684","chr12","45051194","45051487","68","2836187"
"chr3","47904979","47905178","chr3","73512431","73512620","39","25607452"
"chr3","47907831","47907955","chr22","8377530","8377652","14","39530301"
"chr3","47977184","47977318","chr22","8443472","8443606","4","39533712"
"chr3","47984574","47984846","chr22","8451582","8451853","16","39532992"
"chr3","47990958","47991253","chr22","8458255","8458552","17","39532703"
"chr3","48001061","48001176","chr27","10189345","10189464","22","37811716"
"chr3","48001218","48001375","chr11","87815790","87815942","33","39814572"
"chr3","48006470","48006559","chr22","8474415","8474504","6","39532055"
"chr3","48014309","48014562","chr28","19196628","19196884","50","28817681"
"chr3","48022663","48022950","chr22","8490033","8490320","18","39532630"
"chr3","48032319","48032649","chr6","28232696","28233016","84","19799623"
"chr3","48040165","48040455","chr22","8507868","8508164","20","39532297"
"chr3","48040756","48040923","chr22","52468913","52469062","58","4428157"
"chr3","48052743","48053046","chr28","11745999","11746298","68","36306744"
"chr3","48080068","48080343","chr22","8546138","8546413","15","39533930"
"chr3","48083870","48084169","chr22","8549650","8549942","30","39534220"
"chr3","48084780","48085080","chr22","8550560","8550855","31","39534220"
"chr3","48091575","48091881","chr12","40601683","40601983","51","7489892"
"chr3","48099777","48100069","chr22","8564909","8565187","30","39534868"
"chr3","48108664","48108864","chr20","97126383","97126577","39","49017719"
"chr3","48110282","48110536","chr4","52376990","52377214","72","4266708"
"chr3","48111138","48111431","chr25","50351993","50352286","54","2240855"
"chr3","48112362","48112526","chr2","57136325","57136493","40","9023963"
"chr3","48120478","48120636","chr22","8580085","8580240","17","39540393"
"chr3","48120952","48121082","chr22","8580575","8580705","7","39540377"
"chr3","48124990","48125116","chr1","68147630","68147759","23","20022640"
"chr3","48137972","48138185","chr2","16476114","16476311","45","31661858"
"chr3","48138237","48138535","chr22","8595514","8595787","38","39542723"
"chr3","48159426","48159543","chr21","118116795","118116924","31","69957369"
"chr3","48161147","48161453","chr22","8631168","8631477","19","39529979"
"chr3","48164323","48164494","chr22","8634343","8634510","13","39529980"
"chr3","48172431","48172711","chrX","91667237","91667513","57","43494806"
"chr3","48185059","48185342","chr11","120022898","120023182","59","71837839"
"chr3","48200446","48200746","chr22","8668649","8668946","24","39531797"
"chr3","48202371","48202671","chr14","79950465","79950764","56","31748094"
"chr3","48213946","48214228","chr22","8680998","8681279","21","39532948"
"chr3","48216237","48216517","chr25","18114740","18115019","64","30101497"
"chr3","48222279","48222580","chr9","56316383","56316685","56","8094104"
"chr3","48227902","48228204","chrX","12456083","12456392","55","35771819"
"chr3","48233000","48233301","chr22","8698436","8698739","17","39534564"
"chr3","48258266","48258521","chr28","9837030","9837297","67","38421236"
"chr3","48260565","48260685","chr22","8715837","8715958","8","39544728"
"chr3","48264709","48265005","chr22","8719785","8720075","24","39544924"
"chr3","48268604","48268907","chr22","8724338","8724621","41","39544266"
"chr3","48274420","48274698","chr28","19153686","19153964","58","29120734"
"chr3","48283401","48283704","chr4","30878933","30879236","59","17404468"
"chr3","48283965","48284237","chr22","8738087","8738368","25","39545878"
"chr3","48292385","48292614","chr22","8746796","8747024","20","39545589"
"chr3","48307871","48308095","chr9","94382616","94382844","55","46074745"
"chr3","48311272","48311573","chr1","112237991","112238302","52","63926719"
"chr3","48319059","48319356","chr22","8775059","8775352","27","39544000"
"chr3","48331647","48331955","chr28","18962086","18962395","66","29369561"
"chr3","48333703","48333846","chr3","9564943","9565083","24","38768760"
"chr3","48334464","48334621","chr22","8797962","8798118","16","39536502"
"chr3","48335337","48335639","chr22","8798840","8799144","24","39536497"
"chr3","48336558","48336856","chr22","8800413","8800706","23","39536145"
"chr3","48338882","48339004","chr22","8803011","8803142","13","39535871"
"chr3","48344189","48344482","chr1","6926108","6926403","57","41418081"
"chr3","48347900","48348203","chr22","8811657","8811956","26","39536243"
"chr3","48383313","48383604","chr20","16579300","16579588","54","31804013"
"chr3","48394200","48394497","chr3","28499359","28499659","58","19894841"
"chr3","48398371","48398671","chr22","8860990","8861292","24","39537381"
"chr3","48400345","48400636","chr6","27989411","27989687","63","20410934"
"chr3","48411396","48411566","chr24","42350641","42350809","39","6060755"
"chr3","48411878","48411928","chr22","8882400","8882449","4","39529478"
"chr3","48413052","48413360","chr8","91769637","91769938","60","43356585"
"chr3","48414379","48414685","chr24","67894276","67894572","57","19479897"
"chr3","48427806","48428086","chr22","8892151","8892431","16","39535655"
"chr3","48439267","48439547","chr22","8906515","8906808","53","39532752"
"chr3","48440975","48441213","chr22","8908252","8908502","27","39532723"
"chr3","48457726","48457994","chr22","8920934","8921191","26","39536792"
"chr3","48470397","48470682","chr16","4046788","4047082","58","44423609"
"chr3","48474121","48474239","chr22","11242315","11242440","30","37231806"
"chr3","48474856","48474985","chr28","11470655","11470786","24","37004201"
"chr3","48476530","48476840","chr5","36390138","36390448","60","12086392"
"chr3","48477946","48478087","chr11","108347641","108347782","24","59869695"
"chr3","48478327","48478620","chr2","10145152","10145440","63","38333175"
"chr3","48478840","48479140","chr13","62303319","62303616","51","13824479"
"chr3","48501950","48502238","chr11","118054324","118054615","58","69552374"
"chr3","48511906","48512200","chr22","8962943","8963238","22","39548963"
"chr3","48555553","48555860","chr21","103865484","103865789","57","55309931"
"chr3","48568338","48568650","chr22","9020968","9021282","26","39547370"
"chr3","48575941","48576219","chr22","9028692","9028959","28","39547249"
"chr3","48580832","48581110","chr22","9033533","9033811","22","39547299"
"chr3","48591825","48592090","chr22","9045305","9045591","38","39546520"
"chr3","48594234","48594542","chr3","1980493","1980785","72","46613741"
"chr3","48598421","48598724","chr25","44770913","44771213","61","3827508"
"chr3","48600562","48600874","chr10","118642101","118642410","61","70041539"
"chr3","48602012","48602301","chr22","9055773","9056061","23","39546239"
"chr3","48617686","48617817","chr22","9070357","9070481","14","39547329"
"chr3","48624750","48624811","chr22","9077377","9077438","3","39547373"
"chr3","48627943","48628067","chr2","39267031","39267156","24","9360912"
"chr3","48637195","48637314","chr2","47711633","47711753","31","925562"
"chr3","48638362","48638592","chr10","10628323","10628547","54","38010039"
"chr3","48643061","48643202","chr25","47362410","47362552","35","1280651"
"chr3","48647121","48647351","chr2","57975944","57976192","71","9328823"
"chr3","48647657","48647691","chr17","36064679","36064710","6","12582978"
"chr3","48652549","48652680","chr6","11027667","11027797","24","37624882"
"chr3","48654701","48654991","chr21","120693812","120694103","58","72039111"
"chr3","48668387","48668451","chr22","9077377","9077438","6","39591010"
"chr3","48675973","48676248","chr16","8812174","8812449","79","39863799"
"chr3","48681390","48681680","chr5","19667445","19667740","64","29013945"
"chr3","48684486","48684646","chr22","9119474","9119630","18","39565012"
"chr3","48686551","48686669","chr22","9122537","9122655","7","39564014"
"chr3","48686949","48687086","chr22","9122952","9123098","26","39563997"
"chr3","48688301","48688616","chr20","119149956","119150272","64","70461655"
"chr3","48690519","48690825","chr2","2194836","2195126","74","46495683"
"chr3","48698216","48698334","chr19","10406747","10406862","28","38291469"
"chr3","48698665","48698819","chr6","10234470","10234630","36","38464195"
"chr3","48698862","48698983","chr22","9136155","9136278","15","39562707"
"chr3","48709343","48709583","chr16","45284481","45284722","58","3424862"
"chr3","48711251","48711491","chr16","45284481","45284722","58","3426770"
"chr3","48726333","48726470","chr3","9564943","9565083","25","39161390"
"chr3","48727101","48727264","chr22","41153421","41153581","31","7573680"
"chr3","48749279","48749470","chr4","48496200","48496385","56","253079"
"chr3","48755378","48755683","chr6","41118210","41118517","60","7637168"
"chr3","48789627","48789922","chr12","8357025","8357315","53","40432602"
"chr3","48798709","48799002","chr22","9232657","9232948","25","39566052"
"chr3","48817503","48817791","chr20","125718521","125718817","77","76901018"
"chr3","48834191","48834480","chr20","125718521","125718817","76","76884330"
"chr3","48834902","48835146","chr7","31349132","31349363","53","17485770"
"chr3","48838954","48839067","chr22","9274450","9274563","10","39564504"
"chr3","48839996","48840294","chr2","60703863","60704158","61","11863867"
"chr3","48853292","48853596","chr6","43691457","43691748","75","5161835"
"chr3","48874769","48874987","chr22","9307985","9308203","11","39566784"
"chr3","48874992","48875286","chr22","9308208","9308505","29","39566784"
"chr3","48880972","48881254","chr22","9317741","9318010","32","39563231"
"chr3","48897136","48897271","chr11","12596102","12596231","40","36301034"
"chr3","48897513","48897814","chr22","9332616","9332922","23","39564897"
"chr3","48901052","48901353","chr22","9332616","9332922","23","39568436"
"chr3","48901595","48901765","chr7","94261816","94261982","49","45360221"
"chr3","48920222","48920361","chr5","24376028","24376160","33","24544194"
"chr3","48920668","48920799","chr6","28027989","28028122","28","20892679"
"chr3","48933916","48934235","chr22","9361163","9361481","26","39572753"
"chr3","48943234","48943351","chr22","9368225","9368333","12","39575009"
"chr3","48945486","48945762","chr22","9370415","9370689","22","39575071"
"chr3","48957143","48957463","chr22","9382274","9382593","27","39574869"
"chr3","48974488","48974788","chr22","9399928","9400229","20","39574560"
"chr3","48987079","48987368","chr11","6321273","6321564","50","42665806"
"chr3","48987703","48988003","chr22","9414206","9414516","29","39573497"
"chr3","49001163","49001390","chr18","34090519","34090739","47","14910644"
"chr3","49026778","49026937","chr22","9442796","9442953","14","39583982"
"chr3","49029891","49030024","chr22","9445919","9446053","8","39583972"
"chr3","49033918","49034087","chr11","44555981","44556145","43","4477937"
"chr3","49034166","49034278","chr20","93915021","93915129","19","44880855"
"chr3","49036334","49036625","chr22","9451639","9451951","42","39584695"
"chr3","49037605","49037897","chr6","28194245","28194544","60","20843360"
"chr3","49040009","49040134","chr15","4227960","4228086","15","44812049"
"chr3","49044025","49044390","chr22","9456920","9457243","63","39587105"
"chr3","49050640","49050915","chr14","82806583","82806861","49","33755943"
"chr3","49075819","49076117","chr22","9474380","9474641","53","39601439"
"chr3","49090792","49091064","chr22","9494900","9495163","19","39595892"
"chr3","49102222","49102519","chr1","28840958","28841273","66","20261264"
"chr3","49114502","49114618","chr22","9518041","9518157","11","39596461"
"chr3","49125413","49125584","chr22","9527910","9528092","25","39597503"
"chr3","49127558","49127687","chr14","21806073","21806204","16","27321485"
"chr3","49146389","49146511","chr10","87542853","87542979","18","38396464"
"chr3","49157479","49157784","chr22","9561539","9561853","34","39595940"
"chr3","49164629","49164821","chr22","9568481","9568665","29","39596148"
"chr3","49193130","49193352","chr1","65144374","65144598","46","15951244"
"chr3","49249231","49249531","chrX","16728551","16728852","54","32520680"
"chr3","49250304","49250591","chr4","56526075","56526372","62","7275771"
"chr3","49263315","49263399","chr11","45683568","45683653","25","3579747"
"chr3","49269250","49269528","chr22","9704997","9705247","40","39564253"
"chr3","49303745","49304033","chr22","9739332","9739619","16","39564413"
"chr3","49352808","49352818","chr1","100064370","100064380","3","50711562"
"chr3","49355053","49355334","chr21","120596145","120596431","60","71241092"
"chr3","49367448","49367662","chr22","9803190","9803411","23","39564258"
"chr3","49408602","49408927","chrUn_AQIB01158015v1","74","390","32","49408528"
"chr3","49411661","49411824","chr22","9847829","9847988","13","39563832"
"chr3","49419035","49419336","chr26","16642920","16643217","49","32776115"
"chr3","49419538","49419814","chr1","9167420","9167696","56","40252118"
"chr3","49422800","49422941","chr22","9860388","9860527","13","39562412"
"chr3","49423257","49423423","chr22","9860849","9861007","14","39562408"
"chr3","49437674","49437943","chr22","9874928","9875196","12","39562746"
"chr3","49440775","49440995","chr22","9878311","9878528","17","39562464"
"chr3","49458676","49458931","chr20","97193567","97193826","53","47734891"
"chr3","49472857","49473065","chr22","9906765","9906975","17","39566092"
"chr3","49479017","49479141","chr22","9914515","9914640","5","39564502"
"chr3","49499579","49499892","chr22","9931979","9932266","51","39567600"
"chr3","49501505","49501733","chr10","44282569","44282794","44","5218936"
"chr3","49507625","49507805","chr22","9940499","9940679","13","39567126"
"chr3","49508108","49508119","chr20","108972942","108972952","2","59464834"
"chr3","49508467","49508603","chr22","9941316","9941452","20","39567151"
"chr3","49508722","49509021","chrX","16728551","16728852","62","32780171"
"chr3","49521549","49521844","chr22","9956327","9956625","27","39565222"
"chr3","49578957","49579159","chr1","98814859","98815060","41","49235902"
"chr3","49581903","49582214","chr22","10023537","10023838","28","39558366"
"chr3","49585047","49585242","chr22","10027369","10027568","41","39557678"
"chr3","49643528","49643842","chr12","1445677","1445977","67","48197851"
"chr3","49664807","49664966","chr21","117599845","117599999","35","67935038"
"chr3","49665473","49665578","chr8","134892480","134892594","25","85227007"
"chr3","49665880","49666045","chr6","2501573","2501739","34","47164307"
"chr3","49669891","49670052","chr5","74170443","74170604","28","24500552"
"chr3","49672835","49673110","chr22","10108929","10109179","33","39563906"
"chr3","49673792","49674046","chr28","19196628","19196884","54","30477164"
"chr3","49675975","49676085","chr6","35247566","35247671","19","14428409"
"chr3","49676361","49676646","chr1","15363451","15363744","67","34312910"
"chr3","49679686","49679814","chr28","9357250","9357379","22","40322436"
"chr3","49680124","49680283","chr6","6728939","6729096","40","42951185"
"chr3","49716186","49716488","chr11","108668371","108668662","68","58952185"
"chr3","49717940","49718137","chr22","10156729","10156920","31","39561211"
"chr3","49718438","49718552","chr22","10157225","10157343","10","39561213"
"chr3","49728311","49728454","chr22","10163974","10164117","9","39564337"
"chr3","49728776","49728919","chr22","10164474","10164620","17","39564302"
"chr3","49735473","49735605","chr22","10171507","10171632","13","39563966"
"chr3","49738899","49739127","chr1","22078924","22079152","41","27659975"
"chr3","49741493","49741779","chr22","10175163","10175431","33","39566330"
"chr3","49745995","49746194","chr22","10179281","10179477","22","39566714"
"chr3","49746803","49746934","chr10","58229884","58230008","29","8483081"
"chr3","49761396","49761592","chr20","97126383","97126577","39","47364987"
"chr3","49767291","49767480","chr22","10198734","10198928","15","39568557"
"chr3","49772056","49772324","chrX","108857921","108858191","63","59085865"
"chr3","49779759","49780042","chr11","112993338","112993624","58","63213579"
"chr3","49787906","49788193","chr22","10228577","10228858","20","39559329"
"chr3","49797895","49798191","chr6","2173195","2173490","75","47624700"
"chr3","49806648","49806806","chr16","64091877","64092021","33","14285229"
"chr3","49807108","49807280","chr22","10244100","10244267","20","39563008"
"chr3","49816464","49816756","chr6","1886620","1886910","52","47929844"
"chr3","49825611","49825890","chr15","51635083","51635359","55","1809472"
"chr3","49839897","49840175","chr9","17702872","17703159","70","32137025"
"chr3","49847795","49847967","chr28","11976983","11977153","34","37870812"
"chr3","49848268","49848312","chr24","21575660","21575704","8","28272608"
"chr3","49848619","49848712","chr9","24467928","24468022","16","25380691"
"chr3","49854514","49854755","chr22","10286148","10286374","30","39568366"
"chr3","49862778","49862985","chr22","10294623","10294817","31","39568155"
"chr3","49874742","49874876","chr19","25213638","25213768","20","24661104"
"chr3","49875181","49875358","chr12","7890517","7890695","39","41984664"
"chr3","49892214","49892504","chr10","76220349","76220648","69","26328135"
"chr3","49898060","49898338","chr22","10324766","10325043","17","39573294"
"chr3","49898380","49898485","chr16","42562086","42562183","34","7336294"
"chr3","49898584","49898717","chr22","10325272","10325428","38","39573312"
"chr3","49899312","49899346","chr7","105905212","105905242","11","56005900"
"chr3","49899627","49899760","chr22","10326016","10326153","24","39573611"
"chr3","49904702","49904823","chr22","10331094","10331210","7","39573608"
"chr3","49905303","49905468","chr22","10331691","10331847","21","39573612"
"chr3","49905775","49905895","chr22","10332453","10332585","15","39573322"
"chr3","49907293","49907458","chr8","7221100","7221265","35","42686193"
"chr3","49907484","49907511","chr24","47464174","47464199","10","2443310"
"chr3","49907548","49907671","chr5","17873576","17873699","21","32033972"
"chr3","49945671","49945782","chr22","10373020","10373129","9","39572651"
"chr3","49946090","49946157","chr22","10373425","10373490","13","39572665"
"chr3","50008588","50008795","chr20","41113409","41113615","48","8895179"
"chr3","50014760","50015024","chrUn_KE147541v1","679908","680171","65","49334852"
"chr3","50016915","50016933","chr13","22690258","22690277","5","27326657"
"chr3","50017248","50017333","chr3","19852335","19852421","18","30164913"
"chr3","50018817","50018993","chr22","10447724","10447909","22","39571093"
"chr3","50027760","50028047","chr23","12927715","12927999","61","37100045"
"chr3","50032411","50032582","chr25","72209594","72209767","46","22177183"
"chr3","50041920","50042163","chr9","34253644","34253899","61","15788276"
"chr3","50042255","50042478","chr16","716935","717157","54","49325320"
"chr3","50043092","50043292","chr22","10471561","10471761","13","39571531"
"chr3","50046274","50046573","chr22","10475385","10475677","27","39570889"
"chr3","50072064","50072351","chr13","47821401","47821693","65","2250663"
"chr3","50077997","50078300","chr22","10505513","10505815","21","39572484"
"chr3","50093036","50093309","chr22","10520475","10520751","23","39572561"
"chr3","50155821","50156069","chr3","78575651","78575896","64","28419830"
"chr3","50158457","50158742","chr12","26637238","26637526","51","23521219"
"chr3","50194672","50194694","chr24","73851231","73851250","9","23656559"
"chr3","50195612","50195795","chr16","42530206","42530379","51","7665406"
"chr3","50222807","50222996","chr10","75300229","75300420","43","25077422"
"chr3","50228138","50228440","chr22","10642481","10642741","63","39585657"
"chr3","50233020","50233334","chr22","10647496","10647801","27","39585524"
"chr3","50239937","50240261","chr20","97649905","97650188","124","47409968"
"chr3","50254177","50254297","chr6","17649559","17649684","21","32604618"
"chr3","50255071","50255350","chr19","1920022","1920297","75","48335049"
"chr3","50258984","50259093","chr22","10681348","10681457","4","39577636"
"chr3","50276245","50276352","chr3","22839269","22839377","19","27436976"
"chr3","50286545","50286678","chr1","77700545","77700678","23","27414000"
"chr3","50286714","50286893","chr10","44240414","44240591","35","6046300"
"chr3","50295177","50295404","chr22","10710436","10710663","19","39584741"
"chr3","50299935","50300240","chr22","10713986","10714297","20","39585949"
"chr3","50315016","50315149","chr26","57022057","57022192","38","6707041"
"chr3","50316229","50316435","chr6","27982774","27982993","54","22333455"
"chr3","50319218","50319482","chr8","115324939","115325203","43","65005721"
"chr3","50326757","50326947","chr22","10744163","10744348","9","39582594"
"chr3","50355588","50355887","chr22","10769818","10770113","36","39585770"
"chr3","50358024","50358309","chr22","10787651","10787931","32","39570373"
"chr3","50358975","50359136","chr22","51036441","51036605","47","677466"
"chr3","50359450","50359600","chr8","115183342","115183491","29","64823892"
"chr3","50366923","50366978","chr11","47886306","47886360","12","2480617"
"chr3","50366991","50367126","chr22","10780595","10780723","18","39586396"
"chr3","50375860","50376145","chr22","10787651","10787931","32","39588209"
"chr3","50382943","50383190","chr11","90462373","90462623","18","40079430"
"chr3","50389291","50389595","chr22","10799012","10799305","37","39590279"
"chr3","50447242","50447527","chr22","10837282","10837565","16","39609960"
"chr3","50458777","50459054","chr23","41912058","41912325","65","8546719"
"chr3","50488243","50488521","chr22","10877065","10877342","23","39611178"
"chr3","50490221","50490534","chr22","10880497","10880808","28","39609724"
"chr3","50513250","50513559","chr16","28445621","28445922","67","22067629"
"chr3","50520811","50520861","chr1","19064822","19064877","13","31455989"
"chr3","50531111","50531231","chr20","123833061","123833181","12","73301950"
"chr3","50532248","50532542","chr22","10923100","10923398","21","39609148"
"chr3","50575009","50575313","chr26","31525267","31525565","55","19049742"
"chr3","50587242","50587553","chr4","51741356","51741649","66","1154114"
"chr3","50588496","50588777","chr11","104479228","104479515","58","53890732"
"chr3","50604610","50604743","chr14","97164879","97165010","20","46560269"
"chr3","50702331","50702599","chr8","29165103","29165385","64","21537228"
"chr3","50717876","50718028","chr22","11105953","11106108","20","39611923"
"chr3","50736645","50736796","chr22","11124864","11125019","10","39611781"
"chr3","50737105","50737249","chr22","11125336","11125480","11","39611769"
"chr3","50738964","50739265","chr7","129859920","129860203","67","79120956"
"chr3","50742104","50742399","chr22","11131081","11131373","17","39611023"
"chr3","50747320","50747435","chr5","11523618","11523733","21","39223702"
"chr3","50750481","50750663","chr21","10745959","10746137","44","40004522"
"chr3","50750974","50751020","chr22","11141275","11141321","4","39609699"
"chr3","50759667","50759866","chr9","95924064","95924267","55","45164397"
"chr3","50762642","50762757","chr22","11153477","11153592","8","39609165"
"chr3","50768139","50768434","chr22","11162821","11163124","29","39605318"
"chr3","50770515","50770788","chr22","11164568","11164841","17","39605947"
"chr3","50773077","50773367","chr28","8590755","8591044","58","42182322"
"chr3","50774729","50774861","chr3","18801623","18801754","21","31973106"
"chr3","50775172","50775346","chr22","11169078","11169244","31","39606094"
"chr3","50780926","50781235","chr14","98231172","98231467","105","47450246"
"chr3","50787676","50787954","chr7","86159938","86160217","58","35372262"
"chr3","50788715","50789021","chr22","11189290","11189607","35","39599425"
"chr3","50792182","50792444","chr19","25604350","25604620","67","25187832"
"chr3","50799453","50799677","chr18","32063287","32063493","68","18736166"
"chr3","50824229","50824398","chr5","26513877","26514045","34","24310352"
"chr3","50824399","50824571","chr22","11219211","11219383","8","39605188"
"chr3","50824841","50824979","chr22","11219651","11219790","6","39605190"
"chr3","50824980","50825137","chrX","50162062","50162211","33","662918"
"chr3","50826945","50827236","chr12","40601683","40601983","60","10225262"
"chr3","50834509","50834794","chr3","78421228","78421511","68","27586719"
"chr3","50836842","50837153","chr11","65033931","65034241","48","14197089"
"chr3","50843775","50844070","chr22","11241385","11241694","27","39602390"
"chr3","50845391","50845604","chr22","11241928","11242140","9","39603463"
"chr3","50855564","50855705","chr5","26316268","26316411","26","24539296"
"chr3","50856017","50856205","chr16","58714294","58714474","39","7858277"
"chr3","50861258","50861390","chr25","79169149","79169281","18","28307891"
"chr3","50862740","50862872","chr25","79169149","79169281","18","28306409"
"chr3","50864192","50864505","chr22","11261140","11261453","22","39603052"
"chr3","50889608","50889773","chr3","15104527","15104699","32","35785081"
"chr3","50889801","50889911","chr28","11289169","11289279","23","39600632"
"chr3","50921315","50921469","chr1","101590594","101590733","38","50669279"
"chr3","50922648","50922953","chr1","108506247","108506556","77","57583599"
"chr3","50933267","50933464","chr22","11329369","11329565","10","39603898"
"chr3","50939440","50939577","chr29","11214124","11214251","25","39725316"
"chr3","50941435","50941727","chr11","104479228","104479515","67","53537793"
"chr3","50951556","50951678","chr22","11346782","11346911","16","39604774"
"chr3","50953332","50953454","chr22","11346782","11346911","16","39606550"
"chr3","50962639","50962758","chr22","11354567","11354687","10","39608072"
"chr3","50966895","50967195","chr22","11358148","11358436","56","39608747"
"chr3","50980451","50980549","chr22","11371918","11372016","7","39608533"
"chr3","51009117","51009403","chr22","11393596","11393898","30","39615521"
"chr3","51012373","51012652","chr22","11397117","11397427","52","39615256"
"chr3","51012663","51012969","chr22","11397438","11397739","18","39615225"
"chr3","51015997","51016148","chr20","24507416","24507569","28","26508581"
"chr3","51017611","51017920","chr1","77688347","77688648","62","26670736"
"chr3","51019876","51020186","chr9","33009638","33009947","57","18010238"
"chr3","51038473","51038725","chr15","47375881","47376127","63","3662592"
"chr3","51038726","51039012","chr24","54107796","54108064","71","3069070"
"chr3","51045558","51045857","chr5","10402453","10402746","62","40643105"
"chr3","51060067","51060380","chr6","5183055","5183334","96","45877012"
"chr3","51073689","51073988","chr22","11447935","11448228","28","39625754"
"chr3","51098710","51098991","chr22","11473013","11473294","19","39625697"
"chr3","51105321","51105519","chr3","61008568","61008767","56","9903247"
"chr3","51107422","51107716","chr22","11480971","11481253","28","39626451"
"chr3","51115183","51115486","chr22","11489905","11490208","19","39625278"
"chr3","51125464","51125700","chr20","86854233","86854457","62","35728769"
"chr3","51130162","51130304","chr16","61878323","61878467","36","10748161"
"chr3","51233751","51234048","chrX_KE148108v1_random","1020209","1020503","62","50213542"
"chr3","51282213","51282496","chr22","11659748","11660040","22","39622465"
"chr3","51291714","51291887","chr28","12067631","12067801","30","39224083"
"chr3","51292185","51292322","chr22","11670876","11671009","12","39621309"
"chr3","51303448","51303606","chr22","11681222","11681385","10","39622226"
"chr3","51303890","51304018","chr22","11681669","11681801","15","39622221"
"chr3","51336754","51336851","chr23","59403705","59403804","18","8066951"
"chr3","51339598","51339901","chr6","2187023","2187329","56","49152575"
"chr3","51407740","51407879","chr15","91056506","91056640","22","39648766"
"chr3","51557451","51557736","chr14","82166578","82166861","62","30609127"
"chr3","51610512","51610820","chr22","11983138","11983441","26","39627374"
"chr3","51693319","51693485","chr22","12082138","12082311","28","39611181"
"chr3","51693790","51693950","chr22","12082615","12082773","16","39611175"
"chr3","51706512","51706815","chr22","12097067","12097370","24","39609445"
"chr3","51715707","51715985","chr3","18731987","18732278","63","32983720"
"chr3","51729090","51729342","chr6","33499264","33499528","69","18229826"
"chr3","51746390","51746680","chr12","97296182","97296467","55","45549792"
"chr3","51750071","51750368","chr9","103349909","103350210","57","51599838"
"chr3","51764409","51764706","chr9","103349909","103350210","57","51585500"
"chr3","51774051","51774363","chr5","21516255","21516573","73","30257796"
"chr3","51780217","51780526","chr22","12130994","12131307","43","39649223"
"chr3","51829850","51830119","chr24","48741787","48742059","58","3088063"
"chr3","51831969","51832230","chr22","12176847","12177126","29","39655122"
"chr3","51833206","51833494","chr22","19639210","19639486","62","32193996"
"chr3","51835356","51835643","chr22","12180145","12180465","52","39655211"
"chr3","51844594","51844887","chrX","48528467","48528761","55","3316127"
"chr3","51870369","51870667","chrX","11331031","11331332","64","40539338"
"chr3","51875751","51875914","chr14","63732606","63732767","34","11856855"
"chr3","51875953","51876056","chr28","16291896","16292000","21","35584057"
"chr3","51976779","51976932","chr24","32935706","32935867","33","19041073"
"chr3","51976990","51977135","chr6","3192047","3192183","36","48784943"
"chr3","51999033","51999387","chr22","66663515","66663859","96","14664482"
"chr3","52027508","52027837","chr28","10729160","10729471","78","41298348"
"chr3","52030245","52030574","chr28","10729160","10729471","78","41301085"
"chr3","52062248","52062548","chr22","12373092","12373397","30","39689156"
"chr3","52079633","52079890","chr22","12389797","12390054","18","39689836"
"chr3","52081749","52082030","chr7","86698565","86698850","61","34616816"
"chr3","52092603","52092866","chr16","23538198","23538458","58","28554405"
"chr3","52102522","52102817","chr26","7185712","7186005","62","44916810"
"chr3","52130125","52130429","chr6","28679777","28680087","59","23450348"
"chr3","52142905","52143178","chr22","12454210","12454500","31","39688695"
"chr3","52165315","52165619","chr28","2149662","2149969","75","50015653"
"chr3","52184572","52184879","chr1","112237991","112238302","67","60053419"
"chr3","52188194","52188496","chr16","63667976","63668270","57","11479782"
"chr3","52209561","52209833","chr10","55281662","55281927","59","3072101"
"chr3","52254305","52254614","chr22","12567457","12567778","25","39686848"
"chr3","52316442","52316712","chr21_AQIB01159035v1_random","12672","12933","60","52303770"
"chr3","52324922","52325129","chr22","12638062","12638271","13","39686860"
"chr3","52326723","52327067","chr6","8551228","8551544","102","43775495"
"chr3","52335293","52335627","chr16","47341907","47342220","81","4993386"
"chr3","52336600","52336882","chr8","137395739","137396022","58","85059139"
"chr3","52442283","52442582","chr28","3073926","3074219","66","49368357"
"chr3","52454982","52455199","chr22","12773640","12773876","32","39681342"
"chr3","52455365","52455665","chr10","76220349","76220648","57","23764984"
"chr3","52472071","52472395","chr24","77163596","77163899","69","24691525"
"chr3","52476032","52476164","chr22","12795249","12795380","14","39680783"
"chr3","52477033","52477250","chr8","134816496","134816719","49","82339463"
"chr3","52481336","52481629","chr24","29553978","29554266","53","22927358"
"chr3","52496286","52496585","chr22","12809181","12809481","17","39687105"
"chr3","52501412","52501669","chr22","12814228","12814487","19","39687184"
"chr3","52506028","52506248","chr12","41358435","41358672","73","11147593"
"chr3","52508288","52508564","chr16","62924094","62924377","56","10415806"
"chr3","52512290","52512588","chr20","112495489","112495789","62","59983199"
"chr3","52522937","52523153","chr8","88865005","88865212","64","36342068"
"chr3","52526164","52526471","chr12","40601683","40601983","53","11924481"
"chr3","52539389","52539590","chr22","12850195","12850397","11","39689194"
"chr3","52547636","52547935","chr5","25644337","25644643","56","26903299"
"chr3","52548295","52548506","chr22","12858324","12858533","38","39689971"
"chr3","52549543","52549703","chr19","27564141","27564298","34","24985402"
"chr3","52550018","52550092","chr9","12443783","12443846","22","40106235"
"chr3","52553532","52553791","chr22","12863267","12863543","39","39690265"
"chr3","52554781","52555092","chr22","12864725","12865038","18","39690056"
"chr3","52559045","52559331","chr2","18055087","18055359","56","34503958"
"chr3","52580538","52580818","chr6","15596144","15596421","67","36984394"
"chr3","52581514","52581814","chr22","12888935","12889227","23","39692579"
"chr3","52597908","52598206","chr22","12906411","12906709","18","39691497"
"chr3","52618755","52618936","chr17","58752363","58752527","41","6133608"
"chr3","52625976","52626170","chr22","12936849","12937042","16","39689127"
"chr3","52626465","52626602","chr22","12937324","12937462","10","39689141"
"chr3","52640525","52640815","chr22","12944967","12945220","55","39695558"
"chr3","52648508","52648805","chr25","44770913","44771213","54","7877595"
"chr3","52654600","52654881","chr5","36409125","36409410","51","16245475"
"chr3","52745430","52745611","chr22","13060265","13060433","25","39685165"
"chr3","52752495","52752717","chr22","13067220","13067444","15","39685275"
"chr3","52791428","52791693","chr19","1920022","1920297","68","50871406"
"chr3","52802373","52802490","chr22","13129837","13129954","8","39672536"
"chr3","52811694","52811992","chr5","26050866","26051163","63","26760828"
"chr3","52823067","52823199","chr22","13150601","13150725","15","39672466"
"chr3","52866777","52867084","chr2","81308329","81308637","61","28441552"
"chr3","52899241","52899514","chr22","13243056","13243326","16","39656185"
"chr3","52938294","52938588","chr5","69431447","69431739","55","16493153"
"chr3","52960227","52960525","chr22","13308577","13308860","40","39651650"
"chr3","53050680","53050973","chr22","13399145","13399442","14","39651535"
"chr3","53052894","53053052","chr22","13401385","13401536","22","39651509"
"chr3","53053369","53053514","chr22","13401841","13401986","11","39651528"
"chr3","53055759","53056045","chrX","38693780","38694067","73","14361979"
"chr3","53169039","53169202","chr20","69611338","69611500","27","16442299"
"chr3","53169231","53169351","chr9","33538035","33538152","22","19631196"
"chr3","53173593","53173882","chr22","13520765","13521054","14","39652828"
"chr3","53186908","53187177","chr1","63896776","63897051","47","10709868"
"chr3","53212100","53212378","chr22","13547925","13548188","29","39664175"
"chr3","53225436","53225745","chr18","18482971","18483273","68","34742465"
"chr3","53228070","53228372","chr25","71955451","71955753","57","18727381"
"chr3","53239919","53240186","chr28","3216477","3216739","51","50023442"
"chr3","53243998","53244302","chr17","35306470","35306782","63","17937528"
"chr3","53297736","53298041","chr22","13634590","13634886","27","39663146"
"chr3","53325293","53325587","chr22","13662897","13663191","24","39662396"
"chr3","53333062","53333405","chr22","13670640","13670983","12","39662422"
"chr3","53356296","53356612","chr1","50816678","50816972","68","2539618"
"chr3","53487424","53487721","chr12","26204400","26204703","59","27283024"
"chr3","53496508","53496653","chr22","13836998","13837142","9","39659510"
"chr3","53496963","53497131","chr22","13837440","13837603","15","39659523"
"chr3","53502596","53502891","chr22","13842771","13843067","18","39659825"
"chr3","53553258","53553555","chr22","68842253","68842540","55","15288995"
"chr3","53598931","53599248","chr22","13941162","13941474","28","39657769"
"chr3","53611595","53611907","chr5","20560019","20560317","69","33051576"
"chr3","53612241","53612546","chr21","103865484","103865789","63","50253243"
"chr3","53615971","53616093","chr2","32366792","32366914","23","21249179"
"chr3","53625897","53626183","chr6","6730788","6731078","62","46895109"
"chr3","53637436","53637722","chr17","55524764","55525056","58","1887328"
"chr3","53639016","53639321","chr22","13983245","13983550","14","39655771"
"chr3","53646344","53646649","chr22","18532485","18532779","56","35113859"
"chr3","53665343","53665618","chr10","20105279","20105570","72","33560064"
"chr3","53686860","53687054","chr22","14028823","14029032","32","39658037"
"chr3","53691483","53691753","chr21","117955482","117955752","58","64263999"
"chr3","53697934","53698225","chr22","14038156","14038451","25","39659778"
"chr3","53715298","53715442","chr10","45086908","45087052","35","8628390"
"chr3","53715443","53715682","chr22","14051063","14051302","20","39664380"
"chr3","53715683","53715787","chr6","1353840","1353937","25","52361843"
"chr3","53715823","53715927","chr6","1353840","1353937","25","52361983"
"chr3","53715928","53716167","chr22","14051063","14051302","20","39664865"
"chr3","53716168","53716312","chr10","45086908","45087052","35","8629260"
"chr3","53723886","53724174","chr22","14057172","14057467","30","39666714"
"chr3","53749538","53749827","chr22","14081402","14081692","29","39668136"
"chr3","53756611","53756901","chr22","14057172","14057467","26","39699439"
"chr3","53769211","53769496","chr22","14096609","14096895","18","39672602"
"chr3","53769512","53769800","chr22","14096910","14097197","10","39672602"
"chr3","53790700","53790995","chr12","40601683","40601983","61","13189017"
"chr3","53793911","53794193","chr16","62924094","62924377","62","9130183"
"chr3","53795838","53796127","chr22","14132057","14132353","28","39663781"
"chr3","53807185","53807485","chr9","57575822","57576121","65","3768637"
"chr3","53822594","53822892","chr5","67422032","67422336","80","13599438"
"chr3","53823818","53824092","chr20","9549959","9550235","55","44273859"
"chr3","53907441","53907754","chr22","14239811","14240112","37","39667630"
"chr3","53909379","53909664","chr20","111850733","111851025","71","57941354"
"chr3","53910402","53910698","chr22","14242840","14243143","43","39667562"
"chr3","53984391","53984699","chr6","28194245","28194544","58","25790146"
"chr3","53997329","53997616","chr2","31186050","31186331","64","22811279"
"chr3","54000508","54000787","chr22","14327435","14327713","13","39673073"
"chr3","54004331","54004631","chr12","103939005","103939299","61","49934674"
"chr3","54006495","54006797","chr22","14334009","14334318","39","39672486"
"chr3","54008087","54008383","chr21","107450772","107451077","52","53442685"
"chr3","54024525","54024820","chr22","14352669","14352964","24","39671856"
"chr3","54036399","54036522","chr14","82354648","82354772","13","28318249"
"chr3","54055623","54055931","chr6","39036641","39036936","64","15018982"
"chr3","54062272","54062485","chr24","67846395","67846606","54","13784123"
"chr3","54066371","54066670","chr22","14395973","14396274","24","39670398"
"chr3","54079952","54080240","chr22","14410325","14410617","26","39669627"
"chr3","54086269","54086577","chr22","14416480","14416793","30","39669789"
"chr3","54093001","54093304","chr14","70273405","70273708","56","16180404"
"chr3","54093938","54094060","chr22","14424537","14424661","10","39669401"
"chr3","54103141","54103433","chr22","14435108","14435404","22","39668033"
"chr3","54114706","54115016","chr9","11782404","11782713","51","42332302"
"chr3","54115500","54115763","chr2","38929767","38930030","74","15185733"
"chr3","54127275","54127604","chr8","128250283","128250610","68","74123008"
"chr3","54130369","54130577","chr22","14461534","14461742","11","39668835"
"chr3","54136913","54137215","chr22","14468037","14468324","32","39668876"
"chr3","54138716","54138996","chr22","14469801","14470081","19","39668915"
"chr3","54143489","54143778","chr22","14474545","14474844","34","39668944"
"chr3","54147793","54148088","chr6","2923046","2923336","66","51224747"
"chr3","54148819","54149089","chr22","14479853","14480127","18","39668966"
"chr3","54153898","54154021","chr22","14485158","14485275","18","39668740"
"chr3","54169795","54170080","chr22","14501205","14501523","43","39668590"
"chr3","54173282","54173586","chr22","14505285","14505583","25","39667997"
"chr3","54178144","54178364","chr22","14510484","14510696","27","39667660"
"chr3","54187641","54187680","chr22","14522205","14522243","3","39665436"
"chr3","54187936","54188036","chr22","14522542","14522642","5","39665394"
"chr3","54237399","54237561","chr22","14577277","14577438","15","39660122"
"chr3","54285932","54286018","chr23","43753974","43754060","12","10531958"
"chr3","54332700","54332954","chr22","14633839","14634088","25","39698861"
"chr3","54344161","54344460","chr5","25360110","25360407","53","28984051"
"chr3","54346544","54346671","chr22","14647715","14647841","6","39698829"
"chr3","54357176","54357319","chr22","14658316","14658459","9","39698860"
"chr3","54357621","54357786","chr22","14658752","14658922","14","39698869"
"chr3","54368761","54369054","chr22","14671266","14671561","32","39697495"
"chr3","54396982","54396994","chr1","92083515","92083527","2","37686533"
"chr3","54397022","54397308","chr22","56171547","56171831","56","1774525"
"chr3","54400504","54400618","chrX","17406065","17406173","23","36994439"
"chr3","54402275","54402564","chr16","33314948","33315243","67","21087327"
"chr3","54402572","54402885","chr23","39850978","39851289","65","14551594"
"chr3","54407928","54408163","chr22","14702875","14703104","15","39705053"
"chr3","54410381","54410684","chr22","14704882","14705187","26","39705499"
"chr3","54411979","54412290","chr9","124625139","124625450","58","70213160"
"chr3","54427247","54427554","chr9","18319990","18320296","59","36107257"
"chr3","54435234","54435544","chr21","107450772","107451077","61","53015538"
"chr3","54458538","54458813","chr14","69053889","69054172","50","14595351"
"chr3","54460357","54460517","chr20","111354851","111355014","32","56894494"
"chr3","54476675","54476987","chr22","14763570","14763880","35","39713105"
"chr3","54495484","54495770","chr14","68391943","68392237","52","13896459"
"chr3","54500118","54500401","chr22","14781126","14781410","14","39718992"
"chr3","54500457","54500481","chr6","33060891","33060914","6","21439566"
"chr3","54504707","54505023","chr20","88100516","88100832","56","33595809"
"chr3","54505908","54506202","chr22","14787019","14787307","34","39718889"
"chr3","54507258","54507547","chr9","62240604","62240885","68","7733346"
"chr3","54508977","54509283","chr9","96956253","96956558","60","42447276"
"chr3","54509887","54510180","chr12","103939005","103939299","61","49429118"
"chr3","54533981","54534156","chr25","5324725","5324895","35","49209256"
"chr3","54556767","54557039","chr22","14834905","14835179","17","39721862"
"chr3","54571321","54571564","chr22","14849600","14849851","20","39721721"
"chr3","54573795","54574116","chr11","65033931","65034241","61","10460136"
"chr3","54578713","54579010","chr20","97451755","97452051","53","42873042"
"chr3","54580328","54580634","chr22","14858224","14858541","41","39722104"
"chr3","54603343","54603658","chr22","14881863","14882172","34","39721480"
"chr3","54617880","54618172","chr22","14897407","14897722","42","39720473"
"chr3","54626895","54627192","chr22","14906480","14906787","32","39720415"
"chr3","54638309","54638587","chr6","32425994","32426271","56","22212315"
"chr3","54706745","54707049","chr16","57134919","57135213","63","2428174"
"chr3","54778385","54778710","chr22","15059612","15059911","42","39718773"
"chr3","54788502","54788822","chr22","15070090","15070409","17","39718412"
"chr3","54794795","54795112","chr22","15076019","15076333","30","39718776"
"chr3","54809818","54810138","chr22","15091330","15091628","48","39718488"
"chr3","54834830","54835130","chr11","120474575","120474879","62","65639745"
"chr3","54835383","54835686","chr11","38771507","38771808","62","16063876"
"chr3","54877767","54877897","chr2","34805124","34805252","20","20072643"
"chr3","54925754","54925863","chr22","15208381","15208490","12","39717373"
"chr3","54926226","54926406","chr3","91351175","91351360","64","36424949"
"chr3","54935659","54935937","chr11","118848800","118849060","69","63913141"
"chr3","54940632","54940919","chr22","15223988","15224306","52","39716644"
"chr3","54948165","54948289","chr22","15231883","15232006","10","39716282"
"chr3","54964867","54965150","chr22","15249209","15249500","22","39715658"
"chr3","54982776","54982979","chr22","15266584","15266755","58","39716192"
"chr3","55009308","55009595","chr22","15302162","15302453","24","39707146"
"chr3","55047883","55048146","chr22","15336187","15336453","17","39711696"
"chr3","55092196","55092316","chr22","15376720","15376840","5","39715476"
"chr3","55111225","55111533","chr22","15394501","15394814","24","39716724"
"chr3","55113050","55113372","chr22","15396333","15396652","56","39716717"
"chr3","55130611","55130698","chr10","105889433","105889521","12","50758822"
"chr3","55136828","55137119","chr22","15421031","15421322","24","39715797"
"chr3","55141530","55141815","chr22","15426251","15426535","14","39715279"
"chr3","55168518","55168829","chr22","15453470","15453776","37","39715048"
"chr3","55182979","55183247","chr16","57847381","57847661","52","2664402"
"chr3","55198893","55198906","chr1","80669726","80669739","2","25470833"
"chr3","55199651","55199835","chr22","48998047","48998225","47","6201604"
"chr3","55326013","55326303","chr22","15612184","15612467","28","39713829"
"chr3","55329210","55329342","chr27","25264729","25264858","19","30064481"
"chr3","55350127","55350369","chr22","14051063","14051302","55","41299064"
"chr3","55400440","55400796","chr22","15680807","15681124","63","39719633"
"chr3","55418396","55418627","chr22","15699070","15699291","32","39719326"
"chr3","55434421","55434652","chr22","15699070","15699291","32","39735351"
"chr3","55662100","55662411","chr17","35306470","35306782","55","20355630"
"chr3","55675122","55675439","chr28","18723682","18723992","66","36951440"
"chr3","55831403","55831654","chr28","19196628","19196884","53","36634775"
"chr3","55831683","55831984","chr22","16075737","16076038","27","39755946"
"chr3","55898006","55898306","chrX","1215879","1216173","63","54682127"
"chr3","55935229","55935548","chr10","85741780","85742090","57","29806551"
"chr3","56063375","56063508","chr21","46814201","46814332","23","9249174"
"chr3","56063812","56063995","chr13","36978301","36978477","39","19085511"
"chr3","56078096","56078380","chr22","16323889","16324179","29","39754207"
"chr3","56239253","56239556","chr22","16492268","16492572","37","39746985"
"chr3","56355324","56355629","chr22","16603943","16604243","23","39751381"
"chr3","56357240","56357527","chr17","64963541","64963831","54","8606301"
"chr3","56561866","56562155","chr22","16803716","16804020","44","39758150"
"chr3","56605765","56606075","chr5","44010176","44010485","61","12595589"
"chr3","56638183","56638459","chr22","16879843","16880111","26","39758340"
"chr3","56709283","56709573","chr22","16951732","16952025","17","39757551"
"chr3","56760245","56760553","chrX","108387087","108387391","60","51626842"
"chr3","56833642","56833955","chr22","17080805","17081105","34","39752837"
"chr3","56879372","56879685","chr22","17125733","17126030","41","39753639"
"chr3","56938268","56938542","chr22","17180408","17180712","53","39757860"
"chr3","57019808","57020030","chr22","17254972","17255194","13","39764836"
"chr3","57025933","57026215","chr22","17261089","17261363","24","39764844"
"chr3","57086160","57086374","chr22","17321383","17321597","13","39764777"
"chr3","57097343","57097563","chr12","7846459","7846684","54","49250884"
"chr3","57170748","57171009","chr4","176206","176454","54","56994542"
"chr3","57200805","57201074","chr22","17438880","17439149","26","39761925"
"chr3","57211117","57211428","chr22","17449338","17449628","41","39761779"
"chr3","57234227","57234498","chr22","17471121","17471404","30","39763106"
"chr3","57299643","57299930","chr22","17541420","17541709","21","39758223"
"chr3","57308716","57309010","chr22","17550647","17550941","17","39758069"
"chr3","57385177","57385472","chr22","17617624","17617919","17","39767553"
"chr3","57456920","57457161","chr7","129982110","129982346","65","72525190"
"chr3","57468819","57469119","chr25","64399631","64399933","62","6930812"
"chr3","57511606","57511882","chr12","34619149","34619433","71","22892457"
"chr3","57514306","57514596","chr6","28194245","28194544","66","29320061"
"chr3","57533664","57533969","chr20","109082362","109082657","58","51548698"
"chr3","57548650","57548898","chr22","17781687","17781923","24","39766963"
"chr3","57554874","57555174","chr12","13149213","13149510","62","44405661"
"chr3","57556280","57556366","chr5","36031917","36032002","20","21524363"
"chr3","57566246","57566547","chr21","16912288","16912586","61","40653958"
"chr3","57591850","57592139","chr22","17825690","17826005","53","39766160"
"chr3","57611099","57611418","chr8","28450458","28450774","63","29160641"
"chr3","57616018","57616220","chr22","17848637","17848845","19","39767381"
"chr3","57649330","57649634","chr22","17882025","17882313","30","39767305"
"chr3","57653698","57653814","chr22","17886639","17886753","13","39767059"
"chr3","57654103","57654296","chr22","17887040","17887232","20","39767063"
"chr3","57680693","57680735","chr4","53304482","53304524","7","4376211"
"chr3","57684767","57684892","chr22","17912297","17912428","16","39772470"
"chr3","57687434","57687735","chr22","17914390","17914690","16","39773044"
"chr3","57709612","57709882","chr13","85712708","85712984","70","28003096"
"chr3","57728554","57728844","chr22","17969697","17969977","20","39758857"
"chr3","57731596","57731682","chr25","5684214","5684299","20","52047382"
"chr3","57743808","57744097","chr22","17985127","17985435","49","39758681"
"chr3","57751389","57751693","chr22","17992691","17992995","20","39758698"
"chr3","57760812","57761102","chr22","18002144","18002437","33","39758668"
"chr3","57765732","57765892","chr1","6882374","6882537","38","50883358"
"chr3","57807251","57807559","chr22","18045324","18045637","29","39761927"
"chr3","57822005","57822297","chr17","30022192","30022473","58","27799813"
"chr3","57834419","57834729","chr6","34634511","34634823","56","23199908"
"chr3","57847114","57847393","chr1","63896776","63897051","52","6049662"
"chr3","57854582","57854897","chr11","108876845","108877144","68","51022263"
"chr3","57856044","57856166","chr22","18093944","18094065","8","39762100"
"chr3","57858832","57858962","chr6","14131406","14131535","20","43727426"
"chr3","57874112","57874401","chr26","12612055","12612337","55","45262057"
"chr3","57890401","57890681","chr8","26188129","26188402","62","31702272"
"chr3","57899046","57899344","chr22","18137105","18137403","21","39761941"
"chr3","57903808","57904100","chrX","101869161","101869451","57","43965353"
"chr3","57915037","57915356","chr22","18153400","18153696","37","39761637"
"chr3","57934683","57934983","chr12","103939005","103939299","52","46004322"
"chr3","57956032","57956308","chr22","18195338","18195616","20","39760694"
"chr3","57968830","57969021","chr4","10029847","10030029","42","47938983"
"chr3","57997401","57997617","chr26","56407229","56407452","41","1590172"
"chr3","58008762","58009074","chr22","18248918","18249228","43","39759844"
"chr3","58057336","58057661","chr6","6836950","6837259","66","51220386"
"chr3","58063949","58064247","chr22","18288813","18289094","35","39775136"
"chr3","58067196","58067434","chr22","18295178","18295453","50","39772018"
"chr3","58073193","58073392","chr22","18297691","18297892","22","39775502"
"chr3","58078181","58078473","chr22","18302751","18303043","18","39775430"
"chr3","58086405","58086704","chr9","62304974","62305266","55","4218569"
"chr3","58092842","58093150","chr12","40601683","40601983","52","17491159"
"chr3","58100377","58100649","chr22","18323463","18323734","14","39776914"
"chr3","58101770","58102075","chr22","18325159","18325462","25","39776611"
"chr3","58106113","58106395","chr22","18328471","18328767","37","39777642"
"chr3","58127268","58127560","chr17","64963541","64963831","52","6836273"
"chr3","58138831","58139122","chr22","18357826","18358115","17","39781005"
"chr3","58149562","58149865","chr22","18368264","18368569","26","39781298"
"chr3","58168638","58168780","chr16","659589","659726","27","57509049"
"chr3","58169104","58169179","chr22","51036913","51036986","16","7132191"
"chr3","58170736","58171030","chr22","18388837","18389131","19","39781899"
"chr3","58171763","58172087","chr22","18389861","18390184","17","39781902"
"chr3","58182895","58183194","chr1","58302532","58302829","56","119637"
"chr3","58188789","58189114","chr22","18407224","18407549","17","39781565"
"chr3","58189135","58189198","chr10","93975536","93975589","24","35786401"
"chr3","58203092","58203388","chr7","122607868","122608161","55","64404776"
"chr3","58237680","58237942","chr13","69199586","69199860","62","10961906"
"chr3","58255241","58255535","chr22","18473279","18473583","31","39781962"
"chr3","58257567","58257847","chr22","18475653","18475928","19","39781914"
"chr3","58279718","58280014","chr22","18496562","18496858","16","39783156"
"chr3","58294944","58295227","chr12","103939005","103939299","58","45644061"
"chr3","58296999","58297170","chr22","18510669","18510832","20","39786330"
"chr3","58297467","58297601","chr22","18511132","18511266","10","39786335"
"chr3","58309368","58309663","chrX","48319272","48319571","60","9990096"
"chr3","58315502","58315810","chr9","20222738","20223045","62","38092764"
"chr3","58325431","58325732","chr22","18531384","18531688","15","39794047"
"chr3","58326549","58326835","chr22","18532485","18532779","24","39794064"
"chr3","58333815","58333985","chr2","31961070","31961227","47","26372745"
"chr3","58334290","58334306","chr5","23057711","23057724","5","35276579"
"chr3","58335866","58336104","chr22","18550539","18550773","19","39785327"
"chr3","58338387","58338677","chr25","1851212","1851496","53","56487175"
"chr3","58351364","58351648","chr21","61066086","61066371","64","2714722"
"chr3","58419028","58419121","chr8","40268805","40268887","29","18150223"
"chr3","58419408","58419565","chr12","11302701","11302853","32","47116707"
"chr3","58483879","58484180","chr22","18722501","18722789","42","39761378"
"chr3","58490628","58490750","chr14","56861657","56861778","14","1628971"
"chr3","58493380","58493699","chr11","90757791","90758089","82","32264411"
"chr3","58522320","58522446","chr22","18758933","18759054","12","39763387"
"chr3","58534481","58534758","chr10","55281662","55281927","64","3252819"
"chr3","58536066","58536336","chr20","110355373","110355651","54","51819307"
"chr3","58562161","58562479","chr11","104926282","104926592","60","46364121"
"chr3","58573842","58574144","chrX_KE148108v1_random","1020209","1020503","54","57553633"
"chr3","58591433","58591734","chr11","46343863","46344160","58","12247570"
"chr3","58615362","58615437","chr22","18853380","18853452","13","39761982"
"chr3","58616256","58616490","chr14","15565137","15565367","50","43051119"
"chr3","58617178","58617302","chrX","11881128","11881254","17","46736050"
"chr3","58634491","58634773","chr22","18872725","18873023","34","39761766"
"chr3","58643966","58644251","chr22","18881802","18882091","33","39762164"
"chr3","58649372","58649649","chr22","18887560","18887837","22","39761812"
"chr3","58649931","58650251","chrX","44931626","44931920","76","13718305"
"chr3","58659960","58660170","chr22","18897479","18897687","15","39762481"
"chr3","58663542","58663663","chr5","17656398","17656512","25","41007144"
"chr3","58702376","58702742","chr12","88464124","88464440","124","29761748"
"chr3","58732166","58732286","chr22","18950813","18950936","15","39781353"
"chr3","58738486","58738766","chr22","18956182","18956463","23","39782304"
"chr3","58740735","58740953","chr22","18958425","18958641","12","39782310"
"chr3","58757696","58757968","chr22","18976034","18976316","56","39781662"
"chr3","58764755","58765053","chr10","58875854","58876137","72","111099"
"chr3","58767932","58768229","chr22","18987068","18987373","23","39780864"
"chr3","58785411","58785618","chr9","60933227","60933426","61","2147816"
"chr3","58786193","58786480","chr22","18995585","18995887","34","39790608"
"chr3","58790179","58790478","chr24","68062207","68062506","59","9272028"
"chr3","58792260","58792548","chr16","35556750","35557045","60","23235510"
"chr3","58795401","58795708","chr3","53823523","53823831","25","4971878"
"chr3","58801272","58801411","chr5","4270133","4270275","28","54531139"
"chr3","58804653","58804934","chr26","12612055","12612337","56","46192598"
"chr3","58807036","58807335","chr20","124600392","124600704","68","65793356"
"chr3","58810259","58810390","chr16","58541408","58541539","22","268851"
"chr3","58810685","58810865","chr21","101870489","101870667","31","43059804"
"chr3","58832603","58832892","chr22","19040400","19040688","17","39792203"
"chr3","58838518","58838809","chr16","69370753","69371039","56","10532235"
"chr3","58857961","58858058","chr22","19065191","19065288","4","39792770"
"chr3","58868093","58868321","chr20","123418161","123418388","49","64550068"
"chr3","58870180","58870474","chr28","9793696","9793994","60","49076484"
"chr3","58924729","58925003","chr22","19134595","19134870","15","39790134"
"chr3","58928502","58928782","chr22","19138670","19138957","22","39789832"
"chr3","58939392","58939685","chr22","19149100","19149393","24","39790292"
"chr3","58957473","58957766","chr11","404925","405223","52","58552548"
"chr3","58962463","58962607","chr22","19173730","19173875","13","39788733"
"chr3","58962912","58963077","chr22","19174182","19174346","9","39788730"
"chr3","58964011","58964308","chr5","25360110","25360407","63","33603901"
"chr3","58969323","58969615","chr22","19180752","19181056","33","39788571"
"chr3","58977335","58977567","chr22","19193075","19193305","15","39784260"
"chr3","59022306","59022580","chr14","82806583","82806861","56","23784277"
"chr3","59023311","59023574","chr22","19241034","19241295","12","39782277"
"chr3","59052461","59052802","chr22","19266250","19266563","56","39786211"
"chr3","59062490","59062624","chr20","11835652","11835783","21","47226838"
"chr3","59062937","59063096","chr5","60465396","60465559","36","1402459"
"chr3","59064533","59064765","chr22","19276752","19277010","38","39787781"
"chr3","59064924","59065204","chr22","19277144","19277425","24","39787780"
"chr3","59073803","59074098","chr2","57199288","57199584","58","1874515"
"chr3","59108221","59108549","chr22","19316001","19316292","60","39792220"
"chr3","59117856","59117982","chr16","43162493","43162620","16","15955363"
"chr3","59118298","59118473","chr6","38625323","38625494","34","20492975"
"chr3","59127797","59128087","chr22","19335038","19335354","41","39792759"
"chr3","59198809","59198969","chr22","19397661","19397836","23","39801148"
"chr3","59199300","59199419","chr22","19398149","19398267","12","39801151"
"chr3","59268164","59268289","chr28","11470655","11470786","21","47797509"
"chr3","59283658","59283961","chr22","19477410","19477716","22","39806248"
"chr3","59339623","59339913","chr22","19536958","19537247","29","39802665"
"chr3","59350069","59350186","chr22","19547318","19547435","8","39802751"
"chr3","59350634","59350793","chr18","60094544","60094704","25","743910"
"chr3","59368433","59368554","chr22","19566570","19566696","14","39801863"
"chr3","59377495","59377612","chr11","53209838","53209955","14","6167657"
"chr3","59384699","59384995","chr22","19578687","19578987","20","39806012"
"chr3","59420874","59421092","chr6","7959554","7959745","58","51461320"
"chr3","59421403","59421529","chr22","19617549","19617675","8","39803854"
"chr3","59428949","59429076","chr15","53974294","53974423","20","5454655"
"chr3","59441770","59442035","chr22","19639210","19639486","39","39802560"
"chr3","59453091","59453368","chr22","19650737","19651022","24","39802354"
"chr3","59499182","59499469","chr22","19697094","19697376","22","39802088"
"chr3","59535512","59535636","chr22","19738329","19738453","5","39797183"
"chr3","59537241","59537529","chr22","19739420","19739690","35","39797821"
"chr3","59545924","59546078","chr22","19749774","19749923","13","39796150"
"chr3","59557370","59557668","chr28","11745999","11746298","64","47811371"
"chr3","59608412","59608534","chr22","19816287","19816407","7","39792125"
"chr3","59620809","59621125","chr11","60149148","60149448","60","528339"
"chr3","59632002","59632304","chr22","19840014","19840314","22","39791988"
"chr3","59671114","59671399","chr22","19875785","19876072","16","39795329"
"chr3","59674356","59674605","chr22","19879046","19879291","19","39795310"
"chr3","59677140","59677406","chr22","19881833","19882090","28","39795307"
"chr3","59773901","59774184","chr22","19979939","19980221","40","39793962"
"chr3","59789866","59790163","chr1","50286237","50286535","49","9503629"
"chr3","59864473","59864592","chr22","20060646","20060767","9","39803827"
"chr3","59870214","59870509","chr6","27596489","27596782","68","32273725"
"chr3","59891973","59892267","chr22","4215864","4216155","69","55676109"
"chr3","60156395","60156547","chr8","81490267","81490419","32","21333872"
"chr3","60157024","60157302","chr1","10528786","10529063","61","49628238"
"chr3","60230730","60231049","chr22","20426890","20427206","24","39803840"
"chr3","60263338","60263651","chr22","20457949","20458294","68","39805389"
"chr3","60348328","60348604","chr1","63961451","63961732","58","3613123"
"chr3","60355576","60355707","chr22","20557987","20558117","12","39797589"
"chr3","60390775","60390986","chrX","38773861","38774065","48","21616914"
"chr3","60498119","60498415","chr22","20682855","20683149","25","39815264"
"chr3","60736786","60736966","chr22","20910579","20910757","17","39826207"
"chr3","60737018","60737131","chr22","20910799","20910913","15","39826219"
"chr3","60763698","60763961","chr13","11822984","11823252","52","48940714"
"chr3","60905549","60905762","chr22","21051761","21051988","35","39853788"
"chr3","60909287","60909500","chr22","21051761","21051988","35","39857526"
"chr3","61028174","61028467","chr8","118065542","118065828","59","57037368"
"chr3","61037632","61037947","chr22","21183204","21183531","27","39854428"
"chr3","61055091","61055390","chr7","129657773","129658075","54","68602682"
"chr3","61144408","61144661","chr9","15251764","15252021","64","45892644"
"chr3","61230336","61230627","chr6","30380701","30380984","63","30849635"
"chr3","61254434","61254768","chr22","21401740","21402087","34","39852694"
"chr3","61294383","61294664","chr16","61714583","61714860","60","420200"
"chr3","61295861","61296089","chr22","56126729","56126948","62","5169132"
"chr3","61341333","61341623","chr22","21490088","21490386","38","39851245"
"chr3","61363957","61364247","chr22","21512791","21513056","50","39851166"
"chr3","61466075","61466391","chr1","87502646","87502951","79","26036571"
"chr3","61560969","61561242","chr22","21704328","21704630","48","39856641"
"chr3","61573044","61573339","chr22","21714763","21715053","38","39858281"
"chr3","61714013","61714247","chr3","78575651","78575896","62","16861638"
"chr3","61968884","61969139","chr23","60099232","60099496","58","1869652"
"chr3","61973775","61974015","chr6","40229701","40229946","59","21744074"
"chr3","61978334","61978641","chr22","4215864","4216155","77","57762470"
"chr3","61990146","61990323","chr19","27599556","27599725","37","34390590"
"chr3","61990368","61990488","chr5","11523618","11523733","24","50466750"
"chr3","62003171","62003478","chr22","4215864","4216155","77","57787307"
"chr3","62100080","62100361","chr6","30581291","30581567","61","31518789"
"chr3","62107648","62107877","chr22","22222000","22222215","23","39885648"
"chr3","62120717","62121014","chr1","8922729","8923019","52","53197988"
"chr3","62210397","62210682","chr14","96434935","96435232","59","34224538"
"chr3","62276923","62277226","chr14","59828291","59828600","56","2448632"
"chr3","62328874","62329169","chr12","40601683","40601983","69","21727191"
"chr3","62373240","62373503","chr1","46320121","46320386","65","16053119"
"chr3","62379489","62379783","chr20","112495489","112495789","60","50116000"
"chr3","62410581","62410705","chr14","65061149","65061271","18","2650568"
"chr3","62435883","62436039","chr2","16502619","16502778","37","45933264"
"chr3","62452581","62452756","chr22_KE148067v1_random","1422","1598","22","62451159"
"chr3","62453044","62453182","chr22_KE148067v1_random","1884","2009","20","62451160"
"chr3","62455244","62455528","chr22_KE148067v1_random","4073","4337","42","62451171"
"chr3","62471187","62471348","chr22_KE148067v1_random","20032","20187","18","62451155"
"chr3","62490321","62490445","chr22_AQIB01159066v1_random","4968","5092","8","62485353"
"chr3","62510655","62510954","chr16","13596613","13596912","65","48914042"
"chr3","62563696","62564008","chr22","22549422","22549722","38","40014274"
"chr3","62568263","62568375","chr19","15304154","15304268","18","47264109"
"chr3","62577882","62578154","chr22","22563530","22563828","46","40014352"
"chr3","62579619","62579917","chr22","22565725","22566023","15","40013894"
"chr3","62584533","62584840","chr6","10417564","10417870","68","52166969"
"chr3","62587929","62588236","chr22","22574355","22574665","19","40013574"
"chr3","62615879","62616008","chr15","77769091","77769223","21","15153212"
"chr3","62616300","62616458","chr9","119502530","119502699","40","56886230"
"chr3","62622377","62622680","chr12","103939005","103939299","56","41316628"
"chr3","62627121","62627356","chr22","5263941","5264181","55","57363180"
"chr3","62637967","62638237","chr22","22629872","22630179","52","40008095"
"chr3","62641640","62641767","chr22","22633633","22633761","13","40008007"
"chr3","62646551","62646856","chr22","22639107","22639401","35","40007444"
"chr3","62665647","62665936","chr3","77824771","77825057","64","15159124"
"chr3","62667735","62667876","chr22","22659906","22660031","21","40007829"
"chr3","62685886","62686189","chr22","22678440","22678748","39","40007446"
"chr3","62703997","62704311","chr22","22698549","22698847","46","40005448"
"chr3","62752820","62753103","chr23","42424768","42425033","79","20328052"
"chr3","62753166","62753502","chr22","22729840","22730154","45","40023326"
"chr3","62754654","62754807","chr22","22731309","22731463","8","40023345"
"chr3","62762794","62763077","chr22","22739507","22739790","19","40023287"
"chr3","62817583","62817886","chr2","55579238","55579543","63","7238345"
"chr3","62848632","62848912","chr22","22831149","22831431","47","40017483"
"chr3","62858573","62858870","chr22","22841486","22841773","32","40017087"
"chr3","62874230","62874556","chr22","22854641","22854947","45","40019589"
"chr3","62874606","62874801","chr22","22854997","22855189","15","40019609"
"chr3","62880553","62880865","chr22","22861249","22861564","33","40019304"
"chr3","62883676","62883943","chr16","45284481","45284722","71","17599195"
"chr3","62909814","62909992","chr12","7890517","7890695","40","55019297"
"chr3","62935854","62936154","chr22","22914089","22914379","33","40021765"
"chr3","62971965","62972226","chr2","7303085","7303349","58","55668880"
"chr3","62987228","62987436","chr22","22967630","22967846","31","40019598"
"chr3","62996131","62996427","chr22","22976516","22976817","35","40019615"
"chr3","62997621","62997899","chr22","22978015","22978320","53","40019606"
"chr3","63066543","63066856","chr22","23044663","23044992","32","40021880"
"chr3","63103820","63104099","chrX","23075277","23075553","57","40028543"
"chr3","63118877","63118993","chr7","59527966","59528084","25","3590911"
"chr3","63124226","63124355","chr22","23136784","23136916","10","39987442"
"chr3","63124979","63125032","chr22","23137541","23137594","2","39987438"
"chr3","63134726","63135024","chr22","23148841","23149137","28","39985885"
"chr3","63136393","63136680","chr22","23150475","23150766","29","39985918"
"chr3","63137356","63137628","chr3","20403229","20403501","57","42734127"
"chr3","63171808","63172096","chr22","23186373","23186674","26","39985435"
"chr3","63175005","63175294","chr22","23189542","23189825","24","39985463"
"chr3","63208115","63208406","chr22","23225487","23225782","44","39982628"
"chr3","63244026","63244317","chr11","6287669","6287956","54","56956357"
"chr3","63307399","63307655","chr22","23323501","23323713","58","39983898"
"chr3","63313954","63314253","chr9","23763881","23764180","64","39550073"
"chr3","63338520","63338798","chr22","23355368","23355604","50","39983152"
"chr3","63404843","63405120","chr26","33061113","33061384","64","30343730"
"chr3","63444273","63444555","chr22","23461325","23461605","20","39982948"
"chr3","63474397","63474540","chr4","22905624","22905758","39","40568773"
"chr3","63514399","63514520","chr25","72029141","72029262","21","8514742"
"chr3","63514548","63514721","chr6","33937289","33937455","30","29577259"
"chr3","63556321","63556598","chr7","86159938","86160217","47","22603617"
"chr3","63557401","63557678","chr7","86159938","86160217","47","22602537"
"chr3","63626382","63626673","chr22","23631702","23631978","50","39994680"
"chr3","63633173","63633299","chr22","23638483","23638609","7","39994690"
"chr3","63652599","63652829","chr13","67327645","67327870","47","3675046"
"chr3","63720214","63720517","chr19","13622845","13623151","58","50097369"
"chr3","63743297","63743570","chr22","23746382","23746651","17","39996915"
"chr3","63791575","63791892","chr2","13285753","13286068","64","50505822"
"chr3","63817622","63817911","chr22","23820760","23821043","26","39996862"
"chr3","63825581","63825794","chr8","28330290","28330495","51","35495291"
"chr3","63851273","63851482","chr22","23855393","23855593","28","39995880"
"chr3","63879124","63879401","chr22","23910608","23910881","22","39968516"
"chr3","63944352","63944596","chr9","94563813","94564073","69","30619461"
"chr3","63949579","63949844","chr23","72733884","72734153","72","8784305"
"chr3","63971785","63972055","chr22","23992832","23993102","13","39978953"
"chr3","64033726","64033995","chr22","24056160","24056442","46","39977566"
"chr3","64071685","64071924","chr22","24087231","24087467","22","39984454"
"chr3","64075034","64075348","chr22","24090530","24090834","37","39984504"
"chr3","64081637","64081766","chr22","24097196","24097313","19","39984441"
"chr3","64136931","64137126","chr22","24158707","24158900","17","39978224"
"chr3","64137161","64137276","chr22","24158935","24159050","5","39978226"
"chr3","64158651","64158958","chr13","30784945","30785236","62","33373706"
"chr3","64252262","64252573","chr22","24261400","24261699","56","39990862"
"chr3","64387164","64387459","chr22","24390233","24390525","22","39996931"
"chr3","64449264","64449574","chr5","40769333","40769634","71","23679931"
"chr3","64494131","64494181","chr2","35995465","35995516","11","28498666"
"chr3","64594946","64595083","chr22","24594244","24594367","21","40000702"
"chr3","64662938","64663232","chr12","42817502","42817783","70","21845436"
"chr3","64715021","64715139","chr1","114028015","114028132","16","49312994"
"chr3","64823382","64823618","chr22","24806188","24806423","19","40017194"
"chr3","64826565","64826853","chr22","24809595","24809850","56","40016970"
"chr3","64842727","64843010","chr20","92203131","92203411","57","27360404"
"chr3","64941051","64941349","chr22","24924291","24924589","25","40016760"
"chr3","64951301","64951427","chr5","15000859","15000971","33","49950442"
"chr3","64972267","64972556","chr20","112495489","112495789","54","47523222"
"chr3","65139759","65140043","chr15","32667115","32667392","77","32472644"
"chr3","65193379","65193500","chr20","86303362","86303480","8","21109983"
"chr3","65213508","65213781","chr7","86159938","86160217","55","20946430"
"chr3","65232423","65232724","chr10","87827979","87828263","78","22595556"
"chr3","65242706","65243005","chr6","6958199","6958491","68","58284507"
"chr3","65317880","65318187","chr22","25304913","25305216","31","40012967"
"chr3","65323506","65323803","chr22","25311512","25311809","21","40011994"
"chr3","65326613","65326910","chr22","25311512","25311809","21","40015101"
"chr3","65329753","65330077","chr22","25314320","25314626","36","40015433"
"chr3","65363295","65363550","chr22","25347928","25348178","34","40015367"
"chr3","65370953","65371247","chr22","25355155","25355451","27","40015798"
"chr3","65513302","65513600","chr22","25499318","25499614","18","40013984"
"chr3","65516817","65517073","chr15","72067466","72067715","60","6550649"
"chr3","65538344","65538639","chr22","18532485","18532779","59","47005859"
"chr3","65561449","65561705","chr11","102166007","102166261","61","36604558"
"chr3","65567349","65567655","chr12","26204400","26204703","64","39362949"
"chr3","65586178","65586484","chr12","26204400","26204703","64","39381778"
"chr3","65617467","65617770","chr9","96956253","96956558","55","31338786"
"chr3","65657629","65657928","chr22","25629189","25629515","52","40028440"
"chr3","65689612","65689915","chr22","25661951","25662244","26","40027661"
"chr3","65702786","65703096","chr7","98090755","98091065","59","32387969"
"chr3","65716674","65716977","chr22","25689063","25689372","44","40027611"
"chr3","65726167","65726285","chr22","25698566","25698684","12","40027601"
"chr3","65734718","65734874","chr22","25707596","25707769","34","40027122"
"chr3","65740858","65741033","chr22","25713777","25713934","25","40027081"
"chr3","65750016","65750145","chr22","25722829","25722958","10","40027187"
"chr3","65776452","65776753","chr22","25747649","25747957","42","40028803"
"chr3","65778113","65778219","chr12","98758120","98758228","17","32980007"
"chr3","65796865","65796976","chr12","98758120","98758228","19","32961255"
"chr3","65802325","65802629","chr9","16445598","16445901","67","49356727"
"chr3","65814442","65814758","chr22","25785599","25785878","48","40028843"
"chr3","65841636","65841952","chr22","25802988","25803304","14","40038648"
"chr3","65886881","65887157","chr22","25848180","25848456","14","40038701"
"chr3","65894177","65894478","chr22","25855481","25855767","49","40038696"
"chr3","65900489","65900803","chr22","25861812","25862123","17","40038677"
"chr3","65910188","65910488","chr11","90757791","90758089","59","24847603"
"chr3","65913119","65913245","chr22","25874911","25875033","11","40038208"
"chr3","65954092","65954263","chr16","1619032","1619210","33","64335060"
"chr3","65954300","65954426","chr9","105687619","105687742","24","39733319"
"chr3","66003295","66003605","chr22","25971963","25972281","32","40031332"
"chr3","66011710","66011993","chr22","25983903","25984191","20","40027807"
"chr3","66012911","66013204","chr22","25984868","25985161","16","40028043"
"chr3","66039660","66039943","chr22","26013077","26013369","27","40026583"
"chr3","66177877","66178177","chr22","26149191","26149487","26","40028686"
"chr3","66189014","66189313","chr22","18388837","18389131","57","47800177"
"chr3","66195929","66196241","chr22","26161141","26161440","29","40034788"
"chr3","66241416","66241706","chr22","26202841","26203153","47","40038575"
"chr3","66272526","66272765","chr29","8448041","8448266","54","57824485"
"chr3","66360172","66360454","chr11","104465047","104465328","65","38104875"
"chr3","66364110","66364409","chr22","26328368","26328641","45","40035742"
"chr3","66394712","66394987","chr2","10473496","10473784","76","55921216"
"chr3","66459660","66459934","chr22","26426344","26426620","20","40033316"
"chr3","66535182","66535474","chr22","26502756","26503047","24","40032426"
"chr3","66557331","66557633","chr22","26525430","26525720","40","40031901"
"chr3","66583813","66584096","chr5","20706146","20706432","60","45877667"
"chr3","66617566","66617737","chr22","26585779","26585933","26","40031787"
"chr3","66641068","66641360","chr10","116626577","116626862","58","49985509"
"chr3","66693381","66693441","chr2","32592536","32592595","15","34100845"
"chr3","66693734","66693867","chr6","36426367","36426500","28","30267367"
"chr3","66703937","66704238","chr6","33018802","33019097","71","33685135"
"chr3","66752986","66753265","chr5","10308776","10309050","65","56444210"
"chr3","66804751","66805069","chr22","26778628","26778939","36","40026123"
"chr3","66833274","66833590","chr22","26805905","26806194","46","40027369"
"chr3","66920756","66921053","chr22","26873018","26873330","56","40047738"
"chr3","66932950","66933255","chr22","26885068","26885376","23","40047882"
"chr3","66936470","66936758","chr6","4449351","4449645","66","62487119"
"chr3","66940474","66940597","chr22","26892286","26892407","7","40048188"
"chr3","66946915","66947207","chr11","103109356","103109649","62","36162441"
"chr3","66956507","66956803","chr11","41392105","41392398","60","25564402"
"chr3","66962036","66962221","chr6","6742301","6742479","51","60219735"
"chr3","66984833","66985134","chr22","26937118","26937417","28","40047715"
"chr3","66998521","66998632","chr28_AQIB01159072v1_random","625","733","23","66997896"
"chr3","66999568","66999813","chr8","138293681","138293928","64","71294113"
"chr3","67011750","67012053","chr16","46883446","46883746","59","20128304"
"chr3","67023561","67023735","chr22","26969353","26969532","15","40054208"
"chr3","67023786","67023897","chr9","18341264","18341379","17","48682522"
"chr3","67055965","67056226","chr10","119429395","119429654","57","52373430"
"chr3","67069942","67070100","chr20","90443096","90443251","31","23373154"
"chr3","67070139","67070257","chr1","120798422","120798537","16","53728283"
"chr3","67088224","67088505","chr16","62924094","62924377","67","4164130"
"chr3","67089918","67089956","chr5","16557345","16557381","9","50532573"
"chr3","67090262","67090406","chr25","16271289","16271430","27","50818973"
"chr3","67103171","67103182","chr5","17034578","17034588","2","50068593"
"chr3","67103209","67103510","chr14","23228510","23228806","73","43874699"
"chr3","67109161","67109454","chr22","27064613","27064902","26","40044548"
"chr3","67112668","67112957","chr22","27068116","27068413","23","40044552"
"chr3","67123836","67124046","chr14","70241793","70241981","59","3117957"
"chr3","67138679","67138983","chr16","31568445","31568739","67","35570234"
"chr3","67155478","67155608","chr22","27107131","27107260","11","40048347"
"chr3","67155617","67155930","chr8","28114128","28114434","66","39041489"
"chr3","67173705","67173955","chr22","27126298","27126545","23","40047407"
"chr3","67184586","67184877","chr22","27133398","27133692","24","40051188"
"chr3","67197338","67197641","chr22","45615109","45615406","58","21582229"
"chr3","67204605","67204904","chr22","27154688","27155001","37","40049917"
"chr3","67227351","67227481","chr22","27258441","27258571","11","39968910"
"chr3","67229599","67229879","chr16","9035863","9036145","66","58193736"
"chr3","67238926","67239204","chr22","27270164","27270442","27","39968762"
"chr3","67266059","67266331","chr13","35007760","35008031","59","32258299"
"chr3","67343857","67344116","chr9","94563813","94564073","62","27219956"
"chr3","67349030","67349288","chr22","27379747","27380006","22","39969283"
"chr3","67360597","67360915","chr22","27391357","27391649","46","39969240"
"chr3","67363674","67363969","chr22","27394386","27394671","38","39969288"
"chr3","67457461","67457761","chr22","27493338","27493631","25","39964123"
"chr3","67461209","67461339","chr2","79989373","79989503","23","12528164"
"chr3","67480651","67480926","chr17","47543560","47543829","53","19937091"
"chr3","67558658","67558968","chr22","27582810","27583137","40","39975848"
"chr3","67568426","67568737","chr22","27591434","27591747","41","39976992"
"chr3","67572644","67572764","chrX","17783460","17783576","16","49789184"
"chr3","67604551","67604818","chr9","89257613","89257872","55","21653062"
"chr3","67605870","67606144","chr22","27627976","27628257","28","39977894"
"chr3","67629440","67629763","chr22","27650517","27650822","33","39978923"
"chr3","67635363","67635640","chr22","27656667","27656973","47","39978696"
"chr3","67649812","67649881","chr22","27671033","27671099","9","39978779"
"chr3","67660974","67661097","chr22","27682011","27682134","8","39978963"
"chr3","67665941","67666255","chr22","27686674","27686987","28","39979267"
"chr3","67729405","67729693","chr22","27756426","27756715","20","39972979"
"chr3","67807042","67807338","chr22","27831375","27831676","32","39975667"
"chr3","67819256","67819526","chr22","27843101","27843378","25","39976155"
"chr3","67827056","67827222","chr25","54246002","54246169","33","13581054"
"chr3","67866856","67867144","chr28","6412470","6412769","66","61454386"
"chr3","67874269","67874587","chr13","64895664","64895973","85","2978605"
"chr3","67980811","67981117","chr22","27996474","27996761","40","39984337"
"chr3","67991700","67991996","chr28","10055556","10055859","52","57936144"
"chr3","68032501","68032792","chr6","49183773","49184058","60","18848728"
"chr3","68038681","68038974","chr22","28054271","28054580","31","39984410"
"chr3","68050679","68050781","chr22","28072840","28072945","10","39977839"
"chr3","68051999","68052299","chr22","28074166","28074464","10","39977833"
"chr3","68232216","68232513","chr9","59862290","59862592","61","8369926"
"chr3","68294490","68294776","chr22","28305347","28305633","16","39989143"
"chr3","68301312","68301605","chr22","28311888","28312173","33","39989424"
"chr3","68304716","68305020","chr9","56098595","56098902","62","12206121"
"chr3","68397674","68397787","chr1","54045395","54045510","16","14352279"
"chr3","68452067","68452350","chr22","28444990","28445270","22","40007077"
"chr3","68503671","68503975","chr22","28493701","28493991","47","40009970"
"chr3","68517776","68517899","chr22","28508066","28508192","8","40009710"
"chr3","68521206","68521446","chr22","28521268","28521510","13","39999938"
"chr3","68577360","68577593","chr15","90911625","90911867","62","22334265"
"chr3","68616320","68616608","chr22","28618798","28619101","41","39997522"
"chr3","68648186","68648476","chr5","10209222","10209524","29","58438964"
"chr3","68664093","68664414","chr22","28665749","28666027","59","39998344"
"chr3","68683350","68683665","chr22","28683754","28684070","26","39999596"
"chr3","68712688","68712977","chr24","67894276","67894572","59","818412"
"chr3","68722052","68722366","chr22","28723192","28723454","69","39998860"
"chr3","68905857","68906160","chrX","18429238","18429541","59","50476619"
"chr3","68940521","68940788","chr22","28940853","28941142","38","39999668"
"chr3","68952977","68953251","chr1","64336626","64336903","59","4616351"
"chr3","68962459","68962762","chr20","39364597","39364898","57","29597862"
"chr3","69016285","69016565","chr16","25633601","25633872","63","43382684"
"chr3","69087972","69088274","chr22","29081806","29082113","24","40006166"
"chr3","69266728","69267016","chr22","29252415","29252719","35","40014313"
"chr3","69278655","69278781","chr22","29264445","29264569","9","40014210"
"chr3","69303297","69303605","chr3","79296773","79297065","70","9993476"
"chr3","69303765","69303879","chr20","41183043","41183158","19","28120722"
"chr3","69318760","69318884","chr14","1237613","1237735","22","68081147"
"chr3","69318923","69319216","chr23","41878233","41878526","84","27440690"
"chr3","69326633","69326952","chr8","124546087","124546397","64","55219454"
"chr3","69329743","69330035","chr22","29315938","29316233","36","40013805"
"chr3","69481263","69481387","chr22","29464144","29464268","9","40017119"
"chr3","69482526","69482811","chr22","29465358","29465677","60","40017168"
"chr3","69558916","69559221","chr8","31777134","31777448","79","37781782"
"chr3","69637874","69638161","chrX_KE148108v1_random","1020209","1020503","62","68617665"
"chr3","69738229","69738452","chr22","29726756","29726961","37","40011473"
"chr3","69836678","69836987","chr7","92821062","92821358","68","22984384"
"chr3","69908231","69908550","chr22","29888160","29888475","31","40020071"
"chr3","69983854","69984143","chr22","29962966","29963254","14","40020888"
"chr3","69988917","69989215","chr22","29967930","29968226","28","40020987"
"chr3","70045616","70045917","chr26","32700628","32700913","54","37344988"
"chr3","70049144","70049455","chr22","30028648","30028950","43","40020496"
"chr3","70061919","70062042","chr22","30041648","30041773","13","40020271"
"chr3","70092015","70092285","chr16","21729451","21729730","59","48362564"
"chr3","70095339","70095626","chr7","41693759","41694038","62","28401580"
"chr3","70184105","70184395","chr11","104479228","104479515","58","34295123"
"chr3","70201538","70201826","chr22","30181507","30181806","28","40020031"
"chr3","70214300","70214600","chr22","30190257","30190555","27","40024043"
"chr3","70215081","70215388","chr22","30191038","30191325","43","40024043"
"chr3","70228688","70228981","chr22","30204315","30204613","31","40024373"
"chr3","70257178","70257493","chr22","30232460","30232771","23","40024718"
"chr3","70263803","70264115","chr22","57138796","57139089","64","13125007"
"chr3","70264716","70265005","chr22","30239931","30240219","20","40024785"
"chr3","70278666","70278964","chr1","121090436","121090732","64","50811770"
"chr3","70279135","70279442","chr22","30253973","30254282","21","40025162"
"chr3","70305767","70305945","chr6","40911535","40911700","38","29394232"
"chr3","70314213","70314517","chr22","30287714","30288020","35","40026499"
"chr3","70327034","70327296","chr11","118848800","118849060","45","48521766"
"chr3","70357565","70357872","chr10","126454330","126454619","62","56096765"
"chr3","70357898","70358182","chr6","32425994","32426271","57","37931904"
"chr3","70370654","70370945","chr22","30346317","30346622","43","40024337"
"chr3","70374166","70374452","chr17","61911343","61911624","59","8462823"
"chr3","70382542","70382674","chr5","2859940","2860071","23","67522602"
"chr3","70391152","70391441","chr22","30365880","30366174","28","40025272"
"chr3","70421891","70422174","chr22","30389885","30390164","27","40032006"
"chr3","70435438","70435712","chr22","30403428","30403731","50","40032010"
"chr3","70448388","70448681","chr22","30417308","30417605","33","40031080"
"chr3","70455007","70455322","chr28","14917123","14917442","68","55537884"
"chr3","70483763","70484045","chr22","30457795","30458071","33","40025968"
"chr3","70487741","70488034","chr22","30461681","30461979","24","40026060"
"chr3","70495902","70496128","chr7","15731083","15731289","70","54764819"
"chr3","70506577","70506800","chr7","58129728","58129948","47","12376849"
"chr3","70539055","70539316","chr22","30506909","30507170","9","40032146"
"chr3","70551115","70551433","chr28","14917123","14917442","58","55633992"
"chr3","70561988","70562259","chr22","30527925","30528201","22","40034063"
"chr3","70582448","70582747","chr12","40601683","40601983","55","29980765"
"chr3","70610985","70611262","chr22","30577367","30577644","25","40033618"
"chr3","70644624","70644820","chr4","14000006","14000202","44","56644618"
"chr3","70645116","70645208","chr22","30610179","30610265","14","40034937"
"chr3","70719002","70719111","chr8","18325535","18325647","24","52393467"
"chr3","70726932","70727060","chr5","53287659","53287789","29","17439273"
"chr3","70741951","70742034","chr22","30705643","30705727","8","40036308"
"chr3","70745631","70745755","chr14","98006814","98006938","20","27261183"
"chr3","70802968","70803268","chr22","30767342","30767645","28","40035626"
"chr3","70988973","70989263","chr22","30946332","30946642","35","40042641"
"chr3","71096427","71096730","chr22","31045765","31046070","13","40050662"
"chr3","71140834","71141113","chr22","31090488","31090756","26","40050346"
"chr3","71151073","71151376","chr28","15141829","15142140","55","56009244"
"chr3","71231853","71232171","chr25","73245549","73245860","75","2013696"
"chr3","71238566","71238772","chr8","26511797","26512002","43","44726769"
"chr3","71281382","71281674","chr22","31234957","31235248","33","40046425"
"chr3","71319936","71320213","chr3","9440243","9440512","57","61879693"
"chr3","71340118","71340406","chr22","31287250","31287513","40","40052868"
"chr3","71357898","71358223","chr22","31305059","31305385","31","40052839"
"chr3","71515469","71515748","chr22","31444102","31444385","18","40071367"
"chr3","71677280","71677525","chr6","14677222","14677466","59","57000058"
"chr3","71716719","71716995","chr22","31640850","31641136","28","40075869"
"chr3","71769209","71769506","chr5","9665687","9665983","56","62103522"
"chr3","71903043","71903246","chrX","92195593","92195798","47","20292550"
"chr3","71968785","71969094","chr22","31869115","31869417","27","40099670"
"chr3","71981923","71982213","chr22","31882139","31882439","42","40099784"
"chr3","71984517","71984765","chr22","31885028","31885286","26","40099489"
"chr3","71987016","71987324","chr22","31887538","31887818","48","40099478"
"chr3","72065301","72065632","chr22","31962325","31962634","45","40102976"
"chr3","72095134","72095443","chr17","36553442","36553750","59","35541692"
"chr3","72124032","72124148","chr17","40271239","40271362","23","31852793"
"chr3","72124181","72124360","chr19","15719687","15719860","32","56404494"
"chr3","72141576","72141883","chr22","32039270","32039575","19","40102306"
"chr3","72173505","72173804","chr10","19216167","19216462","59","52957338"
"chr3","72219827","72220129","chr22","32118503","32118807","23","40101324"
"chr3","72220264","72220567","chr22","32118975","32119266","33","40101289"
"chr3","72232271","72232421","chr22","32130609","32130777","40","40101662"
"chr3","72293801","72294115","chr22","32193041","32193354","29","40100760"
"chr3","72338204","72338445","chr22","32238352","32238581","37","40099852"
"chr3","72346817","72347091","chr22","18195338","18195616","64","54151479"
"chr3","72368553","72368868","chr22","98935401","98935706","61","26566848"
"chr3","72392788","72393087","chrX_KE148108v1_random","751066","751349","65","71641722"
"chr3","72420188","72420475","chrX","43525337","43525624","53","28894851"
"chr3","72429194","72429478","chr22","32326149","32326419","33","40103045"
"chr3","72473578","72473871","chr22","32370487","32370800","46","40103091"
"chr3","72473902","72473913","chr2","29338645","29338656","2","43135257"
"chr3","72478025","72478244","chr13","14336018","14336233","42","58142007"
"chr3","72505752","72505971","chr13","14336018","14336233","42","58169734"
"chr3","72510081","72510092","chr2","29338645","29338656","2","43171436"
"chr3","72510123","72510416","chr22","32370487","32370800","46","40139636"
"chr3","72516300","72516412","chr13","86687715","86687827","20","14171415"
"chr3","72516731","72516908","chr9","38253676","38253852","34","34263055"
"chr3","72540614","72540896","chr22","32418032","32418315","31","40122582"
"chr3","72559427","72559729","chr28","15635761","15636057","60","56923666"
"chr3","72563849","72563946","chr22","32441930","32442029","7","40121919"
"chr3","72630869","72631164","chr10","89177798","89178091","64","16546929"
"chr3","72681401","72681700","chr5","20560019","20560317","57","52121382"
"chr3","72683853","72684036","chr22","32562027","32562196","24","40121826"
"chr3","72686588","72686686","chr9","15204946","15205044","12","57481642"
"chr3","72694638","72694871","chr22","32572979","32573212","10","40121659"
"chr3","72710374","72710675","chr6","36986089","36986383","64","35724285"
"chr3","72715938","72716244","chr22","32594627","32594919","42","40121311"
"chr3","72763878","72764189","chr14","52843813","52844121","30","19920065"
"chr3","72765648","72765936","chr14","52842053","52842328","28","19923595"
"chr3","72777364","72777659","chr22","32648616","32648905","21","40128748"
"chr3","72781784","72782080","chr22","32652718","32653020","23","40129066"
"chr3","72792369","72792662","chr22","32662248","32662520","38","40130121"
"chr3","72795230","72795525","chr28","15635761","15636057","58","57159469"
"chr3","72799282","72799576","chr6","41129163","41129459","55","31670119"
"chr3","72806021","72806316","chr22","32674884","32675178","42","40131137"
"chr3","72823092","72823216","chr17","53908576","53908699","18","18914516"
"chr3","72842769","72843052","chr22","32711845","32712129","19","40130924"
"chr3","72846870","72847169","chr22","32715922","32716217","36","40130948"
"chr3","72870927","72871224","chr22","32733835","32734118","41","40137092"
"chr3","73007174","73007470","chr22","32879076","32879369","29","40128098"
"chr3","73019408","73019537","chr22","32890800","32890929","7","40128608"
"chr3","73029547","73029848","chr22","32900751","32901050","29","40128796"
"chr3","73102676","73102807","chr22","32973759","32973892","11","40128917"
"chr3","73137147","73137441","chr22","33001275","33001569","14","40135872"
"chr3","73198007","73198300","chr14","82902795","82903088","54","9704788"
"chr3","73209268","73209553","chr22","33069148","33069434","15","40140120"
"chr3","73215865","73216179","chr20","88100516","88100832","67","14884651"
"chr3","73274837","73275122","chr22","33069148","33069434","15","40205689"
"chr3","73281434","73281748","chr20","88100516","88100832","67","14819082"
"chr3","73431076","73431364","chr7","118609785","118610067","68","45178709"
"chr3","73440274","73440605","chr22","33245244","33245526","58","40195030"
"chr3","73505934","73506159","chr22","33310590","33310800","32","40195344"
"chr3","73508437","73508739","chr22","33313104","33313408","20","40195333"
"chr3","73509089","73509304","chr3","79411579","79411795","45","5902490"
"chr3","73512719","73513016","chr22","33316837","33317133","23","40195882"
"chr3","73543279","73543582","chrX","108159314","108159626","72","34616035"
"chr3","73545664","73545829","chr3","1499789","1499955","35","72045875"
"chr3","73545865","73545972","chr10","114002658","114002764","24","40456793"
"chr3","73573561","73573857","chr22","33373210","33373500","27","40200351"
"chr3","73579525","73579818","chr22","33379464","33379756","20","40200061"
"chr3","73581296","73581615","chr22","33381140","33381459","23","40200156"
"chr3","73585712","73586007","chr22","33385189","33385484","26","40200523"
"chr3","73590028","73590329","chr11","96472172","96472477","74","22882144"
"chr3","73707191","73707396","chr5","3991630","3991822","48","69715561"
"chr3","73717525","73717831","chr22","33501841","33502122","41","40215684"
"chr3","73720695","73721005","chr22","33504982","33505295","27","40215713"
"chr3","73752201","73752490","chr26","38466771","38467062","60","35285430"
"chr3","73763188","73763422","chr6","16634482","16634719","51","57128706"
"chr3","73771204","73771315","chr22","33553293","33553404","6","40217911"
"chr3","73781456","73781757","chr22","33563518","33563817","31","40217938"
"chr3","73794790","73794876","chr4","19838642","19838726","16","53956148"
"chr3","73794886","73795199","chr22","33577225","33577538","29","40217661"
"chr3","73800681","73800984","chr12","40601683","40601983","57","33198998"
"chr3","73807103","73807326","chr22","33589759","33589974","21","40217344"
"chr3","73808448","73808772","chr1","112237991","112238302","68","38429543"
"chr3","73816170","73816440","chr22","33598741","33599005","31","40217429"
"chr3","73818308","73818422","chr21","64558337","64558452","22","9259971"
"chr3","73855312","73855609","chr9","59862290","59862592","51","13993022"
"chr3","73859634","73859757","chr20","16985385","16985507","18","56874249"
"chr3","73874111","73874422","chr20","124600392","124600704","57","50726281"
"chr3","73891529","73891651","chr5","14987567","14987688","28","58903962"
"chr3","73891942","73892121","chr6","27705764","27705951","47","46186178"
"chr3","73894182","73894465","chr6","32425994","32426271","59","41468188"
"chr3","73899347","73899635","chr22","33673834","33674131","30","40225513"
"chr3","73928760","73929068","chr22","33703354","33703660","21","40225406"
"chr3","73945635","73945943","chr22","47302382","47302689","73","26643253"
"chr3","73947422","73947540","chr22","33727858","33727976","3","40219564"
"chr3","73950829","73951072","chr22","33731275","33731540","49","40219554"
"chr3","73992269","73992580","chr22","33771313","33771590","51","40220956"
"chr3","74023886","74024193","chr22","33802826","33803131","31","40221060"
"chr3","74033646","74033790","chr12","76898586","76898721","28","2864940"
"chr3","74034091","74034239","chr6","12875703","12875852","25","61158388"
"chr3","74039930","74040214","chr3","52070397","52070682","58","21969533"
"chr3","74044649","74044963","chr22","33819456","33819765","26","40225193"
"chr3","74046897","74047199","chr22","33821698","33822000","19","40225199"
"chr3","74050519","74050785","chr22","33825391","33825656","18","40225128"
"chr3","74090322","74090439","chr22","33863884","33864000","10","40226438"
"chr3","74098154","74098471","chr5","12204008","12204319","67","61894146"
"chr3","74111978","74112098","chr13","64445292","64445413","17","9666686"
"chr3","74114681","74114981","chr22","33881979","33882287","31","40232702"
"chr3","74120027","74120326","chr12","40601683","40601983","54","33518344"
"chr3","74120845","74121163","chr22","33887334","33887652","27","40233511"
"chr3","74127851","74128120","chr22","33894218","33894491","28","40233633"
"chr3","74130100","74130269","chr22","33896512","33896671","27","40233588"
"chr3","74133060","74133234","chr17","34930342","34930498","64","39202718"
"chr3","74133524","74133665","chr22","33900166","33900306","14","40233358"
"chr3","74137154","74137285","chr22","33903762","33903895","11","40233392"
"chr3","74143622","74143744","chr20","88090613","88090736","22","13946991"
"chr3","74144469","74144610","chr22","33911052","33911187","19","40233417"
"chr3","74155089","74155393","chr22","33921495","33921793","51","40233594"
"chr3","74176262","74176535","chr8","10972765","10973034","70","63203497"
"chr3","74188260","74188568","chr22","33954383","33954685","22","40233877"
"chr3","74202789","74203081","chr12","42477830","42478132","57","31724959"
"chr3","74259577","74259861","chr22","34016730","34017003","44","40242847"
"chr3","74276167","74276443","chr22","34030254","34030529","13","40245913"
"chr3","74404080","74404410","chr17","37002351","37002665","76","37401729"
"chr3","74435291","74435581","chr22","34201359","34201642","30","40233932"
"chr3","74442056","74442366","chr16","34437181","34437500","65","40004875"
"chr3","74616855","74617173","chr8","3327537","3327835","73","71289318"
"chr3","74631515","74631831","chr22","34385640","34385926","56","40245875"
"chr3","74679727","74680005","chr22","34434264","34434554","39","40245463"
"chr3","74839566","74839780","chr22","34577415","34577637","41","40262151"
"chr3","74846728","74847010","chr22","34584633","34584929","43","40262095"
"chr3","74852928","74853238","chr11","99396951","99397262","60","24544023"
"chr3","74884427","74884713","chr22","34622751","34623052","37","40261676"
"chr3","74966229","74966505","chr14","87281794","87282070","53","12315565"
"chr3","74993469","74993746","chr25","4076011","4076291","59","70917458"
"chr3","75048168","75048282","chr22","34791357","34791471","4","40256811"
"chr3","75054498","75054785","chr8","23185491","23185780","70","51869007"
"chr3","75061547","75061839","chr19","2675995","2676277","59","72385552"
"chr3","75070680","75070747","chr14","98475371","98475437","9","23404691"
"chr3","75170300","75170506","chr22","34908246","34908458","23","40262054"
"chr3","75335516","75335790","chr22","35056113","35056396","30","40279403"
"chr3","75370065","75370377","chr12","88464124","88464440","81","13094059"
"chr3","75380089","75380388","chr22","35100421","35100718","20","40279668"
"chr3","75428903","75429202","chrX","14525066","14525367","61","60903837"
"chr3","75480495","75480793","chr22","35197658","35197945","27","40282837"
"chr3","75489656","75489783","chr22","35206752","35206882","14","40282904"
"chr3","75509858","75510186","chr22","35227243","35227565","28","40282615"
"chr3","75576668","75576928","chr22","35289475","35289746","28","40287193"
"chr3","75578201","75578502","chr25","44770913","44771213","61","30807288"
"chr3","75612800","75613098","chr9","227543","227844","57","75385257"
"chr3","75647548","75647660","chr22","35359504","35359616","2","40288044"
"chr3","75737494","75737791","chr22","35444731","35445050","37","40292763"
"chr3","75772480","75772742","chr11","50002400","50002655","56","25770080"
"chr3","75773384","75773673","chr22","35480216","35480505","17","40293168"
"chr3","75811726","75811978","chr22","35517637","35517889","15","40294089"
"chr3","75830888","75831184","chr9","34537508","34537813","72","41293380"
"chr3","75858526","75858653","chr22","35561403","35561522","21","40297123"
"chr3","75870252","75870419","chr26","38487043","38487202","39","37383209"
"chr3","75880698","75880986","chr22","35583482","35583774","26","40297216"
"chr3","75889839","75890126","chr8","9138003","9138283","67","66751836"
"chr3","75904411","75904719","chr22","35605653","35605958","28","40298758"
"chr3","76085649","76085774","chr15","53974294","53974423","25","22111355"
"chr3","76135563","76135854","chr22","35833038","35833336","22","40302525"
"chr3","76186983","76187090","chr22","35881080","35881193","17","40305903"
"chr3","76194346","76194468","chr22","35888502","35888624","8","40305844"
"chr3","76279507","76279799","chr12","103939005","103939299","65","27659498"
"chr3","76343469","76343761","chr25","18114740","18115019","70","58228729"
"chr3","76432452","76432744","chr25","18114740","18115019","68","58317712"
"chr3","76469167","76469461","chr24","71471559","71471833","67","4997608"
"chr3","76500003","76500259","chr16","1981409","1981658","66","74518594"
"chr3","76516599","76516899","chrX_KE148108v1_random","1020209","1020503","58","75496390"
"chr3","76527279","76527579","chrX_KE148108v1_random","1020209","1020503","58","75507070"
"chr3","76601871","76601940","chr9","95819759","95819826","22","19217888"
"chr3","76713491","76713617","chr24","37903683","37903793","41","38809808"
"chr3","76764964","76765266","chr5","4766545","4766831","39","71998419"
"chr3","76766249","76766544","chr5","4772669","4772968","43","71993580"
"chr3","76772029","76772295","chr16","53374945","53375210","67","23397084"
"chr3","76774124","76774404","chr16","30009467","30009740","65","46764657"
"chr3","76785263","76785472","chr28","7998577","7998787","48","68786686"
"chr3","76786762","76787070","chr5","20560019","20560317","63","56226743"
"chr3","76788331","76788636","chr16","21614696","21614999","61","55173635"
"chr3","76789998","76790282","chr6","14107211","14107493","68","62682787"
"chr3","76793725","76794028","chr12","102865892","102866196","55","26072167"
"chr3","76824319","76824600","chr5","4812068","4812316","56","72012251"
"chr3","76826182","76826459","chr5","4814152","4814448","50","72012030"
"chr3","76839375","76839692","chrX","17910486","17910794","74","58928889"
"chr3","76967498","76967746","chr20","100981727","100981972","66","24014229"
"chr3","77172924","77173056","chr8","119723142","119723273","22","42550218"
"chr3","77192597","77192847","chr8","26370731","26370986","61","50821866"
"chr3","77245475","77245767","chr16","57333834","57334137","68","19911641"
"chr3","77257064","77257337","chr11","3284019","3284292","55","73973045"
"chr3","77409582","77409715","chr12","12912189","12912319","34","64497393"
"chr3","77409754","77409871","chr9","86644787","86644905","22","9235033"
"chr3","77432431","77432737","chr22","101037614","101037915","38","23605183"
"chr3","77522762","77523060","chr22","100939485","100939777","30","23416723"
"chr3","77532650","77532959","chr22","100939485","100939777","47","23406835"
"chr3","77589274","77589564","chr12","97333332","97333617","71","19744058"
"chr3","77621155","77621453","chr22","100834515","100834826","41","23213360"
"chr3","77646030","77646336","chr12","103939005","103939299","69","26292975"
"chr3","77687729","77687909","chr22","100774511","100774689","27","23086782"
"chr3","77701401","77701712","chr11","6321273","6321564","70","71380128"
"chr3","77711321","77711625","chr22","100750939","100751237","37","23039618"
"chr3","77714061","77714352","chr22","100748121","100748412","17","23034060"
"chr3","77721409","77721692","chr22","100740131","100740405","32","23018722"
"chr3","77726255","77726450","chr22","100735372","100735567","25","23009117"
"chr3","77937843","77938095","chr22","100534023","100534300","46","22596180"
"chr3","77946105","77946416","chr22","100525094","100525390","31","22578989"
"chr3","78029517","78029823","chr22","100439279","100439583","50","22409762"
"chr3","78041058","78041260","chr22","100424090","100424291","14","22383032"
"chr3","78067218","78067300","chr6","16803247","16803324","20","61263971"
"chr3","78087884","78088180","chr22","100376382","100376676","62","22288498"
"chr3","78101326","78101596","chr6","6714092","6714349","65","71387234"
"chr3","78127592","78127847","chr18","44791679","44791935","70","33335913"
"chr3","78156976","78157270","chr10","76220349","76220648","64","1936627"
"chr3","78204112","78204424","chr22","100251941","100252243","38","22047829"
"chr3","78290765","78291065","chr22","100158798","100159089","36","21868033"
"chr3","78368955","78369213","chr22","100078386","100078647","23","21709431"
"chr3","78422339","78422474","chr16","4867463","4867598","28","73554876"
"chr3","78423082","78423233","chr2","14476013","14476167","27","63947069"
"chr3","78427918","78428242","chr22","100022921","100023190","78","21595003"
"chr3","78484612","78484916","chr9","22663692","22664000","71","55820920"
"chr3","78571913","78572017","chr28","16291896","16292000","24","62280017"
"chr3","78599168","78599465","chr28","15635761","15636057","61","62963407"
"chr3","78600867","78600991","chr1","31272280","31272397","20","47328587"
"chr3","78658785","78659030","chr22","99787211","99787444","25","21128426"
"chr3","78694081","78694266","chr22","99760733","99760920","14","21066652"
"chr3","78702914","78703205","chrX","23075277","23075553","68","55627637"
"chr3","78733017","78733101","chr19","20692635","20692719","20","58040382"
"chr3","78738574","78738782","chr22","99735738","99735919","48","20997164"
"chr3","78761454","78761793","chr22","99694168","99694495","65","20932714"
"chr3","78819360","78819661","chr5","36085977","36086277","74","42733383"
"chr3","78851429","78851575","chr6","3174027","3174164","30","75677402"
"chr3","78868453","78868761","chr22","99582085","99582390","40","20713632"
"chr3","78872451","78872574","chr22","99578088","99578210","7","20705637"
"chr3","79205530","79205806","chr22","99243223","99243496","21","20037693"
"chr3","79335198","79335432","chr8","97289490","97289719","62","17954292"
"chr3","79403114","79403450","chr24","67273546","67273875","71","12129568"
"chr3","79470858","79471166","chr22","99000188","99000494","28","19529330"
"chr3","79545646","79545936","chr22","98935401","98935706","37","19389755"
"chr3","79575344","79575618","chr22","98913189","98913484","34","19337845"
"chr3","79787104","79787236","chr3","18801623","18801754","21","60985481"
"chr3","79820653","79820924","chr22","98645189","98645461","15","18824536"
"chr3","79851053","79851354","chr22","98616706","98617019","30","18765653"
"chr3","79877791","79877978","chr5","22199790","22199975","45","57678001"
"chr3","79878285","79878465","chr6","47104155","47104324","54","32774130"
"chr3","79961146","79961389","chr22","98522278","98522520","20","18561132"
"chr3","79978656","79978880","chr22","98502289","98502525","32","18523633"
"chr3","80060558","80060688","chr22","98428469","98428599","8","18367911"
"chr3","80063054","80063393","chr28","16247073","16247396","79","63815981"
"chr3","80166621","80166840","chr22","98332112","98332305","43","18165491"
"chr3","80176641","80176948","chr22","98322600","98322911","27","18145959"
"chr3","80210372","80210697","chr20","88100516","88100832","70","7890144"
"chr3","80248769","80249015","chr22","98259214","98259461","30","18010445"
"chr3","80272883","80273131","chr24","80084511","80084758","70","188372"
"chr3","80296774","80297083","chr22","98211109","98211395","40","17914335"
"chr3","80299202","80299448","chr22","98208840","98209086","19","17909638"
"chr3","80308709","80308999","chr20","24317512","24317803","66","55991197"
"chr3","80325573","80325843","chr22","98178681","98178945","29","17853108"
"chr3","80344358","80344670","chr22","35833038","35833336","68","44511320"
"chr3","80419615","80419872","chr22","98078401","98078658","16","17658786"
"chr3","80420544","80420747","chr12","26878004","26878201","46","53542540"
"chr3","80454978","80455258","chr22","10228577","10228858","67","70226401"
"chr3","80459924","80460275","chr22","98040487","98040829","37","17580563"
"chr3","80470927","80471229","chr25","16867992","16868290","65","63602935"
"chr3","80545882","80546167","chr11","6321273","6321564","67","74224609"
"chr3","80572727","80573021","chr5","10547055","10547347","61","70025672"
"chr3","80617266","80617563","chr22","97892725","97893031","30","17275459"
"chr3","80653505","80653799","chr22","97860015","97860300","24","17206510"
"chr3","80772803","80773116","chr6","11367646","11367955","63","69405157"
"chr3","80775739","80775993","chr14","33217897","33218145","77","47557842"
"chr3","80802710","80802936","chr1","103594354","103594580","48","22791644"
"chr3","80812258","80812550","chr6","5139906","5140188","63","75672352"
"chr3","80863673","80863803","chr22","97651330","97651460","7","16787657"
"chr3","80965916","80966225","chr22","97537901","97538204","57","16571985"
"chr3","80983027","80983200","chr12","47027809","47027974","40","33955218"
"chr3","80995134","80995360","chr14","60677136","60677354","49","20317998"
"chr3","81079665","81079951","chr9","120280670","120280946","71","39201005"
"chr3","81146015","81146264","chr6","28466492","28466729","73","52679523"
"chr3","81206255","81206553","chr12","40601683","40601983","54","40604572"
"chr3","81260370","81260680","chr22","97234802","97235102","42","15974432"
"chr3","81523240","81523515","chr22","96972403","96972677","23","15449163"
"chr3","81574715","81574963","chr4","76123794","76124046","67","5450921"
"chr3","81600608","81600877","chr27","40190981","40191239","63","41409627"
"chr3","81621356","81621662","chr22","96875877","96876171","37","15254521"
"chr3","81629468","81629773","chr22","96867888","96868192","23","15238420"
"chr3","82303121","82303445","chr22","18389861","18390184","71","63913260"
"chr3","82505259","82505489","chr9","58953294","58953525","51","23551965"
"chr3","82873122","82873235","chr22","95643034","95643152","12","12769912"
"chr3","82880422","82880540","chr12","47671198","47671315","25","35209224"
"chr3","82880542","82880628","chr15","56791303","56791398","19","26089239"
"chr3","82906849","82907164","chr22","95605997","95606272","57","12699148"
"chr3","82989281","82989541","chr22","95524820","95525088","20","12535539"
"chr3","83098926","83099203","chr1","65079811","65080086","76","18019115"
"chr3","83136449","83136577","chr20","101794800","101794934","39","18658351"
"chr3","83136874","83137030","chr28","1649472","1649617","40","81487402"
"chr3","83145677","83145988","chr22","95365860","95366171","21","12220183"
"chr3","83147455","83147748","chr11","90757791","90758089","62","7610336"
"chr3","83203752","83204059","chr22","95305533","95305854","40","12101781"
"chr3","83223356","83223483","chr23","1069432","1069555","30","82153924"
"chr3","83339292","83339564","chr10","60303465","60303725","63","23035827"
"chr3","83625759","83626064","chr5","21484223","21484526","63","62141536"
"chr3","83642921","83643150","chr22","94883044","94883270","32","11240123"
"chr3","83673686","83673802","chr26","38309497","38309614","16","45364189"
"chr3","83674279","83674568","chr22","94855738","94856035","26","11181459"
"chr3","83686209","83686341","chr22","94843694","94843829","11","11157485"
"chr3","83727278","83727406","chr22","94804913","94805042","17","11077635"
"chr3","83944166","83944444","chr22","94593213","94593491","18","10649047"
"chr3","84027721","84028011","chr16","41777608","41777891","69","42250113"
"chr3","84064049","84064326","chr22","94467386","94467660","21","10403337"
"chr3","84137263","84137526","chr6","13737059","13737313","57","70400204"
"chr3","84283184","84283495","chr8","36932710","36933019","60","47350474"
"chr3","84353942","84354246","chr22","35833038","35833336","74","48520904"
"chr3","84373940","84374227","chr3","23392354","23392639","76","60981586"
"chr3","84480098","84480305","chr22","94048861","94049084","36","9568763"
"chr3","84558807","84559102","chr22","93973311","93973610","24","9414504"
"chr3","84614413","84614536","chr10","55399191","55399313","19","29215222"
"chr3","84688494","84688778","chr22","93837994","93838306","41","9149500"
"chr3","84710041","84710243","chr22","93815874","93816066","46","9105833"
"chr3","84710543","84710659","chr22","93815438","93815562","16","9104895"
"chr3","84719314","84719627","chr20","39357052","39357366","66","45362262"
"chr3","84762413","84762494","chr22","93762018","93762105","12","8999605"
"chr3","84784521","84784873","chr22","93743246","93743608","42","8958725"
"chr3","84871777","84872059","chr22","93650209","93650491","19","8778432"
"chr3","84887836","84888074","chr22","93636393","93636607","39","8748557"
"chr3","85007568","85007854","chr12","4900131","4900414","77","80107437"
"chr3","85050254","85050544","chr12","78396868","78397161","70","6653386"
"chr3","85077546","85077837","chr22","93440617","93440890","46","8363071"
"chr3","85078808","85079056","chr22","93439413","93439654","29","8360605"
"chr3","85106455","85106741","chr17","28972546","28972805","75","56133909"
"chr3","85142555","85142849","chr12","45051194","45051487","73","40091361"
"chr3","85206572","85206778","chr24","41084939","41085137","45","44121633"
"chr3","85254908","85255169","chr22","93262576","93262831","41","8007668"
"chr3","85404117","85404295","chr12","7890517","7890695","42","77513600"
"chr3","85550622","85550733","chr22","11153477","11153592","20","74397145"
"chr3","85604567","85604845","chr22","92910240","92910499","41","7305673"
"chr3","85749855","85750167","chr2","36288924","36289237","64","49460931"
"chr3","85925317","85925606","chr10","92436208","92436498","63","6510891"
"chr3","86199803","86200091","chr22","92304835","92305117","33","6105032"
"chr3","86461432","86461566","chr15","64747217","64747352","39","21714215"
"chr3","86475078","86475185","chr25","24838223","24838324","22","61636855"
"chr3","86518302","86518584","chr22","92037568","92037843","27","5519266"
"chr3","86532458","86532718","chr1","6547966","6548216","58","79984492"
"chr3","86535356","86535646","chr22","92017031","92017310","39","5481675"
"chr3","86602067","86602387","chr22","91948732","91949056","32","5346665"
"chr3","86610948","86611188","chr26","39601173","39601415","80","47009775"
"chr3","86615396","86615699","chr22","91932533","91932809","49","5317137"
"chr3","86639682","86639983","chr22","91908012","91908342","56","5268330"
"chr3","86719413","86719711","chr22","91827044","91827339","25","5107631"
"chr3","86738290","86738574","chrX","60230350","60230643","72","26507940"
"chr3","86926022","86926317","chr10","81265023","81265308","70","5660999"
"chr3","87004996","87005317","chr22","91560357","91560618","74","4555361"
"chr3","87075054","87075296","chr18","63378340","63378586","66","23696714"
"chr3","87083832","87084053","chr22","91481719","91481952","28","4397887"
"chr3","87086779","87086948","chr1","19193249","19193414","38","67893530"
"chr3","87123479","87123788","chr22","91438341","91438649","26","4314862"
"chr3","87255925","87256206","chr22","91294284","91294599","56","4038359"
"chr3","87343883","87344083","chr22","91203406","91203607","23","3859523"
"chr3","87367653","87367925","chr24","42590362","42590620","64","44777291"
"chr3","87441338","87441650","chr9","96572283","96572592","68","9130945"
"chr3","87443060","87443349","chr14","68391943","68392237","64","19051117"
"chr3","87526939","87527318","chr9","14472944","14473302","104","73053995"
"chr3","87590382","87590506","chr22","90951135","90951258","11","3360753"
"chr3","87710524","87710804","chr22","90844563","90844839","22","3134039"
"chr3","87719560","87719859","chr22","90835802","90836102","34","3116242"
"chr3","87765667","87765783","chr22","90789204","90789320","9","3023537"
"chr3","87833654","87833823","chr19","1970616","1970781","37","85863038"
"chr3","87851596","87851902","chr22","90702743","90703050","13","2851147"
"chr3","87986717","87987013","chr22","90566505","90566804","51","2579788"
"chr3","87993879","87994067","chr22","90558481","90558671","16","2564602"
"chr3","88002713","88002963","chr22","90548808","90549044","42","2546095"
"chr3","88003885","88003963","chr5","4419162","4419234","20","83584723"
"chr3","88021422","88021715","chr8","94878820","94879109","69","6857398"
"chr3","88034350","88034639","chr7","86698565","86698850","55","1335785"
"chr3","88037522","88037746","chr2","39474002","39474245","57","48563520"
"chr3","88053271","88053565","chr3","29936424","29936708","71","58116847"
"chr3","88072019","88072306","chr22","90466679","90466970","25","2394660"
"chr3","88141312","88141616","chr22","90395473","90395781","26","2254161"
"chr3","88292799","88293095","chr22","90222157","90222455","37","1929358"
"chr3","88398634","88398946","chr19","13428609","13428914","63","74970025"
"chr3","88596931","88597239","chr16","36490651","36490942","80","52106280"
"chr3","88605485","88605785","chr5","4010789","4011088","68","84594696"
"chr3","88642873","88643072","chr22","89896967","89897173","25","1254094"
"chr3","88689888","88690185","chrX","16780254","16780537","69","71909634"
"chr3","88695618","88695920","chr8","49725682","49725984","60","38969936"
"chr3","88771993","88772280","chr22","89774289","89774579","49","1002296"
"chr3","88784173","88784279","chr22","89760900","89761013","12","976727"
"chr3","88798254","88798515","chr15","68542116","68542369","69","20256138"
"chr3","88871875","88872146","chr22","89669274","89669544","19","797399"
"chr3","88881738","88882035","chr22","89658955","89659250","27","777217"
"chr3","88926831","88926880","chr28","7265075","7265126","11","81661756"
"chr3","89000090","89000401","chr13","62303319","62303616","67","26696771"
"chr3","89023495","89023788","chr9","68525091","68525390","58","20498404"
"chr3","89085187","89085482","chr22","89456961","89457261","25","371774"
"chr3","89108836","89109083","chr22","89432733","89432991","24","323897"
"chr3","89194503","89194813","chr12","40601683","40601983","60","48592820"
"chr3","89318456","89318745","chr22","89216093","89216380","21","102363"
"chr3","89429863","89430174","chr22","89121912","89122222","24","307951"
"chr3","89460653","89460938","chr22","89085196","89085490","32","375457"
"chr3","89534413","89534733","chr22","89016947","89017239","45","517466"
"chr3","89565562","89565853","chr21","109844319","109844602","61","20278757"
"chr3","89592209","89592324","chr22","88968231","88968345","10","623978"
"chr3","89625546","89625852","chr22","88930606","88930909","18","694940"
"chr3","89663691","89663801","chrX","44725109","44725226","26","44938582"
"chr3","89664180","89664199","chr11","72652914","72652932","4","17011266"
"chr3","89677044","89677365","chr22","88876905","88877223","26","800139"
"chr3","89783918","89784208","chr22","88770964","88771253","25","1012954"
"chr3","89806332","89806407","chr19","1549697","1549778","18","88256635"
"chr3","89806739","89806809","chr8","51895509","51895586","22","37911230"
"chr3","89811527","89811811","chr6","4008523","4008803","84","85803004"
"chr3","89832439","89832749","chr17","35306470","35306782","56","54525969"
"chr3","89865080","89865400","chr1","17307782","17308092","73","72557298"
"chr3","89928422","89928658","chr14","1068370","1068624","61","88860052"
"chr3","89933095","89933403","chr22","88623927","88624273","54","1309168"
"chr3","89960568","89960816","chr22","88597378","88597650","54","1363190"
"chr3","90018747","90019000","chr14","62860270","62860515","57","27158477"
"chr3","90147285","90147451","chr18","58862277","58862426","44","31285008"
"chr3","90147799","90147939","chr16","59975876","59976018","30","30171923"
"chr3","90367727","90368010","chr22","88210126","88210408","32","2157601"
"chr3","90499175","90499465","chr9","22231606","22231897","58","68267569"
"chr3","90616197","90616509","chr22","87976759","87977072","33","2639438"
"chr3","90632447","90632724","chr15","6738255","6738532","64","83894192"
"chr3","90740085","90740356","chr4","62606358","62606638","60","28133727"
"chr3","90771721","90771830","chr12","98758120","98758228","23","7986399"
"chr3","90771867","90772030","chr27","29493244","29493401","33","61278623"
"chr3","90890371","90890682","chr22","87705028","87705332","32","3185343"
"chr3","90922139","90922282","chr12","19132523","19132655","36","71789616"
"chr3","90988769","90989076","chr22","87610048","87610333","63","3378721"
"chr3","91088739","91088950","chr6","7959554","7959745","51","83129185"
"chr3","91092334","91092498","chr22","87521300","87521463","15","3571034"
"chr3","91206142","91206435","chr16","45572107","45572397","57","45634035"
"chr3","91518294","91518601","chr22","87142053","87142338","55","4376241"
"chr3","91618170","91618288","chr5","58746123","58746241","28","32872047"
"chr3","91618339","91618473","chr15","91078836","91078969","26","539503"
"chr3","91802474","91802760","chr14","45647774","45648066","65","46154700"
"chr3","91904858","91905150","chr22","86794113","86794427","36","5110745"
"chr3","91919165","91919471","chr1","54466309","54466602","69","37452856"
"chr3","95059461","95059771","chr22","86845276","86845575","49","8214185"
"chr3","95123369","95123671","chr9","96956253","96956558","63","1832884"
"chr3","95168687","95168991","chr22","86731541","86731848","27","8437146"
"chr3","95169190","95169340","chr23","18441065","18441222","44","76728125"
"chr3","95173115","95173429","chr6","6924468","6924767","60","88248647"
"chr3","95190051","95190321","chr22","49239502","49239774","64","45950549"
"chr3","95195219","95195343","chr22","86705879","86706003","6","8489340"
"chr3","95197820","95197929","chrX_KE148109v1_random","2418612","2418716","15","92779208"
"chr3","95222876","95222948","chr22","86678200","86678272","4","8544676"
"chr3","95269123","95269432","chr22","86635851","86636160","22","8633272"
"chr3","95299989","95300277","chr22","86602254","86602540","37","8697735"
"chr3","95329872","95330004","chr19","19333049","19333173","33","75996823"
"chr3","95330045","95330154","chr9","28347948","28348062","22","66982097"
"chr3","95498001","95498309","chrX","58911289","58911590","65","36586712"
"chr3","95738256","95738325","chr26","22552370","22552437","14","73185886"
"chr3","95873619","95873751","chr11","113788722","113788851","22","17915103"
"chr3","95877754","95877886","chr11","113788722","113788851","22","17910968"
"chr3","95949665","95949964","chr22","85962625","85962924","27","9987040"
"chr3","95967096","95967324","chr20","86854233","86854457","50","9112863"
"chr3","95984073","95984241","chr6","2105468","2105636","41","93878605"
"chr3","96126551","96126850","chr1","12105092","12105388","64","84021459"
"chr3","96306063","96306336","chr22","85597042","85597298","45","10709021"
"chr3","96654294","96654490","chr1","117215705","117215907","58","20561411"
"chr3","96654901","96654963","chr28","14262503","14262567","15","82392398"
"chr3","96878141","96878440","chr9","27099062","27099347","85","69779079"
"chr3","96881612","96881921","chr12","40601683","40601983","71","56279929"
"chr3","96913204","96913454","chr22","84969449","84969696","21","11943755"
"chr3","97009955","97010185","chr22","84862657","84862896","28","12147298"
"chr3","97086430","97086563","chr22","84795403","84795518","26","12291027"
"chr3","97118508","97118714","chr11","116881270","116881474","44","19762762"
"chr3","97119060","97119122","chr6","7509294","7509363","21","89609766"
"chr3","97155870","97156127","chr4","26473268","26473521","67","70682602"
"chr3","97160715","97161011","chr22","51127103","51127404","67","46033612"
"chr3","97298833","97299152","chr6","23136358","23136676","72","74162475"
"chr3","97317968","97318274","chr10","104632732","104633033","73","7314764"
"chr3","97385091","97385381","chr22","84496147","84496435","25","12888944"
"chr3","97466887","97467172","chr22","84425911","84426197","20","13040976"
"chr3","97470440","97470736","chr25","72692943","72693236","70","24777497"
"chr3","97551840","97552138","chr1","86736914","86737218","75","10814926"
"chr3","97610428","97610710","chr22","84268385","84268665","27","13342043"
"chr3","97630016","97630298","chr17","35731536","35731821","70","61898480"
"chr3","97671115","97671411","chr22","84206885","84207189","33","13464230"
"chr3","97993086","97993379","chr22","83956903","83957186","37","14036183"
"chr3","98014916","98015208","chr27","40606615","40606901","69","57408301"
"chr3","98078286","98078512","chr22","83866508","83866739","17","14211778"
"chr3","98084305","98084617","chr22","83860196","83860507","38","14224109"
"chr3","98131595","98131709","chr22","83808312","83808427","3","14323283"
"chr3","98131745","98131901","chr23","42414390","42414542","32","55717355"
"chr3","98172560","98172846","chr3","88806645","88806938","60","9365915"
"chr3","98355706","98355952","chr14","15565137","15565367","54","82790569"
"chr3","98367476","98367752","chr22","83578210","83578486","22","14789266"
"chr3","98558186","98558502","chr22","83395641","83395950","34","15162545"
"chr3","98644047","98644341","chr22","83299190","83299486","26","15344857"
"chr3","98667891","98668014","chr22","83273814","83273937","6","15394077"
"chr3","98735705","98735962","chr22","83183967","83184230","28","15551738"
"chr3","98842191","98842453","chr22","83079684","83079945","30","15762507"
"chr3","98955868","98956178","chr22","82969552","82969848","30","15986316"
"chr3","98977200","98977288","chr22","82948386","82948470","8","16028814"
"chr3","99019690","99019999","chr20","88100516","88100832","57","10919174"
"chr3","99044631","99044731","chr12","56473064","56473157","27","42571567"
"chr3","99044757","99044869","chr13","65462824","65462934","27","33581933"
"chr3","99047114","99047402","chr8","89913927","89914225","57","9133187"
"chr3","99108430","99108729","chr9","59862290","59862592","68","39246140"
"chr3","99173581","99173885","chr13","84953676","84953983","75","14219905"
"chr3","99246008","99246318","chr8","24727953","24728258","64","74518055"
"chr3","99324307","99324591","chr11","112993338","112993624","61","13669031"
"chr3","99539790","99540001","chr22","82523954","82524159","12","17015836"
"chr3","99596086","99596395","chr22","82453528","82453822","39","17142558"
"chr3","99661579","99661861","chr11","104479228","104479515","56","4817649"
"chr3","99684461","99684742","chr6","27989411","27989687","64","71695050"
"chr3","99737123","99737390","chr8","124610123","124610410","53","24873000"
"chr3","99737926","99738037","chr22","82341129","82341239","10","17396797"
"chr3","99836763","99837044","chr22","82235186","82235471","24","17601577"
"chr3","99890909","99891193","chr26","18145011","18145300","56","81745898"
"chr3","99899132","99899401","chr14","33398797","33399060","53","66500335"
"chr3","99944622","99944848","chr7","42312037","42312260","54","57632585"
"chr3","99970155","99970381","chr7","42312037","42312260","54","57658118"
"chr3","99972571","99972697","chr3","73629984","73630110","25","26342587"
"chr3","99974786","99975092","chrX","129781706","129782008","69","29806920"
"chr3","99989292","99989602","chr22","82119722","82120022","33","17869570"
"chr3","100064707","100064869","chr22","82049996","82050152","18","18014711"
"chr3","100065135","100065268","chr22","82049588","82049722","8","18015547"
"chr3","100086970","100087234","chr22","82026196","82026457","23","18060774"
"chr3","100201792","100202079","chr2","11915762","11916034","69","88286030"
"chr3","100341310","100341442","chr22","81791928","81792060","13","18549382"
"chr3","100390710","100391013","chr22","81746370","81746675","28","18644340"
"chr3","100491153","100491272","chr22","81636987","81637115","21","18854166"
"chr3","100597156","100597398","chr8","88888814","88889067","51","11708342"
"chr3","100698690","100698980","chr22","81412580","81412853","35","19286110"
"chr3","100747887","100748179","chr8","40042361","40042649","76","60705526"
"chr3","100784095","100784377","chr22","81325449","81325733","23","19458646"
"chr3","100854874","100855168","chr22","81262978","81263279","30","19591896"
"chr3","101099262","101099554","chr28","15635761","15636057","65","85463501"
"chr3","101105211","101105483","chr6","11668104","11668371","59","89437107"
"chr3","101163134","101163245","chr26","16066172","16066283","19","85096962"
"chr3","101163616","101163920","chr3","73771348","73771644","57","27392268"
"chr3","101166392","101166646","chr16","44091861","44092122","66","57074531"
"chr3","101313623","101313906","chrX","62197848","62198138","59","39115775"
"chr3","101340482","101340638","chr6","14643002","14643160","28","86697480"
"chr3","101341254","101341395","chr27","47457430","47457564","31","53883824"
"chr3","101361956","101362077","chr22","80704734","80704855","7","20657222"
"chr3","101378054","101378363","chr22","80688253","80688560","22","20689801"
"chr3","101385847","101386017","chr22","80680968","80681138","17","20704879"
"chr3","101386317","101386410","chr11","110068437","110068526","23","8682120"
"chr3","101386870","101386999","chr22","80679983","80680112","9","20706887"
"chr3","101393938","101394138","chr22","80673116","80673331","25","20720822"
"chr3","101404485","101404608","chr22","80662047","80662169","9","20742438"
"chr3","101404907","101405060","chr10","29547682","29547823","30","71857225"
"chr3","101413308","101413606","chr10","117605159","117605457","59","16191851"
"chr3","101529162","101529367","chr22","80531382","80531591","12","20997780"
"chr3","101530832","101531133","chr22","80529625","80529920","36","21001207"
"chr3","101639340","101639654","chr22","80429345","80429651","25","21209995"
"chr3","101640466","101640748","chr22","80428245","80428510","42","21212221"
"chr3","101672962","101673255","chr22","80394841","80395132","23","21278121"
"chr3","101675364","101675643","chr2","45405068","45405343","61","56270296"
"chr3","101690086","101690381","chr22","49112701","49112988","59","52577385"
"chr3","101712671","101712979","chr28","18723682","18723992","55","82988989"
"chr3","101806516","101806823","chr24","46099313","46099620","67","55707203"
"chr3","101878222","101878534","chr20","112914043","112914356","52","11035821"
"chr3","101911478","101911791","chr28","15141829","15142140","63","86769649"
"chr3","101947208","101947470","chr11","1595826","1596101","62","100351382"
"chr3","102042147","102042399","chr22","80044592","80044840","26","21997555"
"chr3","102104622","102104737","chr22","55791754","55791870","18","46312868"
"chr3","102277981","102278104","chr22","79801499","79801610","22","22476482"
"chr3","102278459","102278634","chr22","79800971","79801143","15","22477488"
"chr3","102287372","102287655","chr25","1230609","1230895","59","101056763"
"chr3","102377583","102377908","chr2","35383879","35384201","78","66993704"
"chr3","102437763","102438075","chr28","15141829","15142140","58","87295934"
"chr3","102447061","102447373","chr28","15141829","15142140","58","87305232"
"chr3","102456807","102457023","chr22","79636791","79637005","13","22820016"
"chr3","102551383","102551655","chr22","79546803","79547076","18","23004580"
"chr3","102562985","102563109","chr5","17467237","17467360","22","85095748"
"chr3","102582017","102582330","chr22","79515897","79516203","30","23066120"
"chr3","102615240","102615514","chr22","79482945","79483219","13","23132295"
"chr3","102618898","102619206","chr22","79479181","79479478","24","23139717"
"chr3","102655720","102655891","chr22","79440202","79440372","8","23215518"
"chr3","102663548","102663839","chr2","66755488","66755777","71","35908060"
"chr3","102679709","102679985","chr22","79419554","79419814","32","23260155"
"chr3","102694497","102694794","chr22","79410730","79411017","33","23283767"
"chr3","102695595","102695884","chr22","79409477","79409765","21","23286118"
"chr3","102702194","102702471","chrX","22146480","22146767","67","80555714"
"chr3","102702830","102703098","chr16","54187323","54187597","63","48515507"
"chr3","102703814","102704087","chr6","11668104","11668371","61","91035710"
"chr3","102709147","102709280","chrX","125341762","125341893","18","22632615"
"chr3","102719625","102719937","chr22","79396204","79396498","35","23323421"
"chr3","102729922","102730195","chr6","11668104","11668371","61","91061818"
"chr3","102730911","102731179","chr16","54187323","54187597","63","48543588"
"chr3","102731538","102731815","chrX","22146480","22146767","67","80585058"
"chr3","102741099","102741386","chr11","118281378","118281671","57","15540279"
"chr3","102743562","102743847","chr22","79384415","79384705","17","23359147"
"chr3","102748042","102748261","chr20","104457347","104457570","55","1709305"
"chr3","102750056","102750362","chr22","79378024","79378333","39","23372032"
"chr3","102766753","102766887","chr22","79362333","79362454","20","23404420"
"chr3","102771770","102772077","chr22","79357034","79357343","13","23414736"
"chr3","102798088","102798395","chr22","79357034","79357343","13","23441054"
"chr3","102803278","102803412","chr22","79362333","79362454","20","23440945"
"chr3","102806221","102806521","chr10","76220349","76220648","55","26585872"
"chr3","102844824","102844952","chr3","22971094","22971223","21","79873730"
"chr3","102845245","102845407","chr22","41153421","41153581","26","61691824"
"chr3","102852724","102852835","chr22","79276143","79276257","10","23576581"
"chr3","102853527","102853751","chr22","79275217","79275439","17","23578310"
"chr3","102873123","102873240","chrX","125648141","125648258","16","22775018"
"chr3","102881381","102881627","chr22","79254080","79254326","27","23627301"
"chr3","102884831","102885124","chr22","79250724","79251017","10","23634107"
"chr3","102888134","102888354","chr22","9307985","9308203","41","93580149"
"chr3","102888969","102889245","chr13","38480662","38480936","57","64408307"
"chr3","102893068","102893403","chr21","56594655","56594953","95","46298413"
"chr3","102912463","102912590","chr21","99080632","99080756","27","3831831"
"chr3","102934510","102934622","chr24","50120918","50121035","23","52813592"
"chr3","102943860","102944148","chr1","15363451","15363744","71","87580409"
"chr3","102966081","102966385","chr22","79194722","79195007","32","23771359"
"chr3","102968546","102968832","chr22","79191362","79191651","27","23777184"
"chr3","102971252","102971555","chrX_KE148113v1_random","27642","27952","62","102943610"
"chr3","102975163","102975340","chr12","83338085","83338257","47","19637078"
"chr3","102978268","102978398","chr22","79185703","79185831","12","23792565"
"chr3","102979647","102979930","chr3","52070397","52070682","62","50909250"
"chr3","102983847","102984130","chr3","52070397","52070682","62","50913450"
"chr3","103000234","103000536","chr19","12011999","12012306","53","90988235"
"chr3","103014920","103015226","chr22","79153719","79154025","20","23861201"
"chr3","103022836","103023032","chr22","79151568","79151765","12","23871268"
"chr3","103023764","103023997","chr12","41358435","41358672","70","61665329"
"chr3","103034081","103034221","chr22","79142013","79142157","16","23892068"
"chr3","103034519","103034693","chr22","79141545","79141713","14","23892974"
"chr3","103040649","103040823","chr22","79141545","79141713","14","23899104"
"chr3","103041121","103041261","chr22","79142013","79142157","16","23899108"
"chr3","103050448","103050573","chr22","79137687","79137812","9","23912761"
"chr3","103064577","103064888","chr24","31728884","31729191","62","71335693"
"chr3","103071707","103071996","chr1","58360104","58360394","55","44711603"
"chr3","103080122","103080423","chr28","15756713","15757014","60","87323409"
"chr3","103104608","103104887","chr22","79081256","79081535","20","24023352"
"chr3","103107456","103107757","chr7","92821062","92821358","57","10286394"
"chr3","103120839","103121168","chr22","79072515","79072816","46","24048324"
"chr3","103132102","103132403","chr7","92821062","92821358","57","10311040"
"chr3","103134972","103135251","chr22","79081256","79081535","22","24053716"
"chr3","103161922","103162038","chr22","79038469","79038584","13","24123453"
"chr3","103163248","103163506","chr22","79036938","79037194","19","24126310"
"chr3","103169269","103169485","chr22","79031246","79031462","9","24138023"
"chr3","103175890","103176180","chr5","21459855","21460146","61","81716035"
"chr3","103182221","103182499","chr5","10050946","10051223","52","93131275"
"chr3","103184187","103184463","chr16","35975231","35975513","78","67208956"
"chr3","103225278","103225566","chr22","78977588","78977880","19","24247690"
"chr3","103226995","103227301","chr22","78975854","78976160","28","24251141"
"chr3","103243675","103243891","chr7","14232651","14232863","48","89011024"
"chr3","103350368","103350665","chr22","78859920","78860228","48","24490448"
"chr3","103507925","103508210","chr22","78700920","78701210","26","24807005"
"chr3","103520941","103521227","chr19","5484104","5484394","60","98036837"
"chr3","103541059","103541368","chr22","78665013","78665322","37","24876046"
"chr3","103572704","103572892","chr23","34669084","34669229","65","68903620"
"chr3","103676819","103676894","chr22","78523381","78523452","10","25153438"
"chr3","103853442","103853748","chr22","78342384","78342679","39","25511058"
"chr3","103895484","103895754","chr25","50483411","50483686","70","53412073"
"chr3","103946049","103946332","chr6","37186904","37187181","68","66759145"
"chr3","104001080","104001365","chr3","52070397","52070682","57","51930683"
"chr3","104046041","104046356","chr22","78146124","78146434","42","25899917"
"chr3","104081307","104081593","chr22","78099471","78099757","17","25981836"
"chr3","104306547","104306837","chr19","15269258","15269548","62","89037289"
"chr3","104310881","104311089","chr6","40574028","40574209","54","63736853"
"chr3","104311393","104311538","chr20","99962613","99962754","34","4348780"
"chr3","104614988","104615286","chr22","77551964","77552248","38","27063024"
"chr3","104629709","104629989","chr22","77536443","77536718","38","27093266"
"chr3","104631292","104631574","chr22","77536443","77536718","49","27094849"
"chr3","105012905","105013184","chr8","9922028","9922301","63","95090877"
"chr3","105029838","105030136","chr22","77147119","77147391","46","27882719"
"chr3","105058675","105058801","chr9","29387265","29387395","26","75671410"
"chr3","105263458","105263770","chr22","76910080","76910391","30","28353378"
"chr3","105477486","105477824","chr22","76708488","76708846","63","28768998"
"chr3","105725962","105726249","chr22","76442445","76442733","20","29283517"
"chr3","105756754","105757025","chr10","123563546","123563824","62","17806792"
"chr3","105777325","105777633","chr5","20560019","20560317","65","85217306"
"chr3","105826432","105826571","chr6","9771061","9771192","34","96055371"
"chr3","105915830","105916128","chr22","76251492","76251775","37","29664338"
"chr3","105988008","105988125","chr22","76182423","76182540","10","29805585"
"chr3","106010765","106011024","chr22","76160047","76160333","62","29850718"
"chr3","106059803","106060055","chr22","76117465","76117698","37","29942338"
"chr3","106100063","106100367","chr22","45615109","45615406","68","60484954"
"chr3","106149867","106150184","chr22","76020352","76020650","41","30129515"
"chr3","106155980","106156280","chr22","76014058","76014353","38","30141922"
"chr3","106165563","106165838","chr22","76003272","76003561","39","30162291"
"chr3","106382293","106382593","chr6","15642788","15643084","60","90739505"
"chr3","106393891","106394131","chr22","5967700","5967945","67","100426191"
"chr3","106413550","106413790","chr22","5967700","5967945","67","100445850"
"chr3","106425090","106425390","chr6","15642788","15643084","60","90782302"
"chr3","106467756","106467975","chr9","72297312","72297517","59","34170444"
"chr3","106505445","106505685","chr7","47654599","47654831","63","58850846"
"chr3","106648362","106648662","chr7","37165795","37166094","63","69482567"
"chr3","106686601","106686885","chr22","75497664","75497948","19","31188937"
"chr3","106785948","106786225","chr22","75399719","75399998","36","31386229"
"chr3","106830032","106830325","chr22","75346580","75346874","25","31483452"
"chr3","106917805","106918097","chr12","102022661","102022956","67","4895144"
"chr3","106957422","106957723","chr12","40601683","40601983","61","66355739"
"chr3","106988920","106989200","chr22","75187620","75187901","22","31801300"
"chr3","107044413","107044724","chr28","15756713","15757014","63","91287700"
"chr3","107051545","107051661","chr22","75123360","75123478","15","31928185"
"chr3","107060569","107060802","chr8","24731309","24731543","52","82329260"
"chr3","107176879","107177027","chr8","19803163","19803308","30","87373716"
"chr3","107177053","107177085","chr10","54532189","54532221","5","52644864"
"chr3","107215156","107215442","chr22","74954062","74954349","17","32261094"
"chr3","107226968","107227091","chr22","74941811","74941933","8","32285157"
"chr3","107275679","107275967","chr22","74906003","74906297","27","32369676"
"chr3","107315099","107315276","chr5","38878103","38878276","37","68436996"
"chr3","107320983","107321093","chr22","45594206","45594315","25","61726777"
"chr3","107368832","107368925","chr26","38780852","38780951","24","68587980"
"chr3","107455448","107455743","chr11","120633327","120633626","78","13177879"
"chr3","107597367","107597652","chr22","74575444","74575727","30","33021923"
"chr3","107657608","107657865","chr22","74505899","74506158","13","33151709"
"chr3","107776841","107777073","chr22","74382652","74382872","27","33394189"
"chr3","107784497","107784616","chr21","15047027","15047147","24","92737470"
"chr3","107784912","107785072","chr5","19952369","19952531","45","87832543"
"chr3","107804133","107804424","chr6","12575828","12576126","55","95228305"
"chr3","107848504","107848791","chr22","74309532","74309812","29","33538972"
"chr3","107859613","107859916","chr2","66145037","66145327","70","41714576"
"chr3","107862039","107862375","chr8","25805760","25806064","91","82056279"
"chr3","107951364","107951579","chr2","47031672","47031881","68","60919692"
"chr3","108288559","108288762","chr25","36636643","36636840","72","71651916"
"chr3","108368780","108369077","chr22","73780949","73781252","26","34587831"
"chr3","108441432","108441727","chr8","49725682","49725984","69","58715750"
"chr3","108452265","108452476","chr2","36954137","36954350","50","71498128"
"chr3","108665983","108666284","chr5","25547886","25548192","70","83118097"
"chr3","108699151","108699445","chr1","55184043","55184338","62","53515108"
"chr3","108730623","108730926","chr22","73424754","73425054","26","35305869"
"chr3","108732556","108732852","chr22","73422814","73423106","36","35309742"
"chr3","108802858","108803141","chr22","73349848","73350140","34","35453010"
"chr3","108850047","108850345","chr7","132024400","132024697","65","23174353"
"chr3","108852137","108852440","chr22","73314277","73314582","26","35537860"
"chr3","108864970","108865271","chr9","112297756","112298061","61","3432786"
"chr3","108874379","108874678","chr22","73292038","73292349","47","35582341"
"chr3","108922878","108923189","chr28","6082263","6082576","60","102840615"
"chr3","109022031","109022344","chr15","87366232","87366538","72","21655799"
"chr3","109039624","109039801","chr24","48083577","48083754","37","60956047"
"chr3","109062556","109062863","chr12","40601683","40601983","67","68460873"
"chr3","109074998","109075309","chr22","73096535","73096826","46","35978463"
"chr3","109097615","109097914","chr22","73081981","73082282","22","36015634"
"chr3","109116351","109116528","chr22","73065875","73066052","11","36050476"
"chr3","109151926","109152051","chr2","6586897","6587020","20","102565029"
"chr3","109155319","109155626","chr22","73025519","73025793","60","36129800"
"chr3","109203108","109203408","chr22","18532485","18532779","60","90670623"
"chr3","109359310","109359416","chr10","123940129","123940235","20","14580819"
"chr3","109412620","109412905","chr22","72765013","72765315","52","36647607"
"chr3","109423256","109423526","chr22","72753320","72753556","52","36669936"
"chr3","109525011","109525281","chr22","72647816","72648110","43","36877195"
"chr3","109593632","109593874","chr6","3159435","3159673","52","106434197"
"chr3","109596935","109597203","chr22","72567285","72567547","20","37029650"
"chr3","109634636","109634922","chr22","72528770","72529080","50","37105866"
"chr3","109878100","109878400","chr12","40601683","40601983","50","69276417"
"chr3","109882464","109882765","chr22","72296593","72296902","23","37585871"
"chr3","109924718","109925027","chr22","72249662","72249965","31","37675056"
"chr3","109937281","109937425","chr22","72235522","72235671","22","37701759"
"chr3","109981790","109982072","chr1","70559125","70559426","61","39422665"
"chr3","109985415","109985689","chr16","61714583","61714860","55","48270832"
"chr3","110149091","110149167","chr7","128839224","128839299","13","18690133"
"chr3","110170531","110170607","chr7","128839224","128839299","13","18668693"
"chr3","110212683","110212945","chr3","75102115","75102369","55","35110568"
"chr3","110218437","110218748","chr22","72001631","72001927","47","38216806"
"chr3","110244028","110244156","chr10","117779587","117779715","26","7535559"
"chr3","110262285","110262587","chr3","9039788","9040087","57","101222497"
"chr3","110337702","110338005","chrX","16728551","16728852","54","93609151"
"chr3","110496162","110496289","chr22","71725982","71726109","7","38770180"
"chr3","110539348","110539546","chr28","1685678","1685881","46","108853670"
"chr3","110608807","110608951","chr22","71620457","71620601","11","38988350"
"chr3","110640628","110640751","chr22","71581042","71581163","11","39059586"
"chr3","110713505","110713813","chr22","71506718","71507034","38","39206787"
"chr3","110733784","110734073","chr22","71486203","71486490","19","39247581"
"chr3","110735497","110735771","chr22","71483232","71483499","25","39252265"
"chr3","110741667","110741944","chr22","71476744","71477032","31","39264923"
"chr3","110759851","110760234","chr22","71456858","71457244","31","39302993"
"chr3","110761378","110761629","chr11","111858870","111859100","64","1097492"
"chr3","110762433","110762692","chr23","60099232","60099496","61","50663201"
"chr3","110777949","110778218","chr11","64430126","64430399","73","46347823"
"chr3","110787399","110787701","chr22","71427657","71427955","21","39359742"
"chr3","110842643","110842848","chr22","11329369","11329565","47","99513274"
"chr3","110859600","110859650","chr20","82331138","82331187","9","28528462"
"chr3","110859803","110860082","chr22","71347202","71347493","26","39512601"
"chr3","110882996","110883298","chr22","71325273","71325572","17","39557723"
"chr3","110966166","110966384","chr20","79996404","79996591","63","30969762"
"chr3","110987856","110988086","chr10","36179661","36179892","60","74808195"
"chr3","111021153","111021235","chr22","71225013","71225095","9","39796140"
"chr3","111090240","111090550","chrX","14238985","14239291","69","96851255"
"chr3","111126822","111127120","chr22","71123373","71123671","24","40003449"
"chr3","111241099","111241414","chr22","71023847","71024161","15","40217252"
"chr3","111574631","111574890","chr18","56578918","56579173","62","54995713"
"chr3","111780093","111780376","chr21","15020179","15020476","68","96759914"
"chr3","111936602","111936727","chr9","59416464","59416588","24","52520138"
"chr3","111981365","111981684","chr22","70285272","70285586","44","41696093"
"chr3","111995638","111995925","chr12","26746818","26747101","70","85248820"
"chr3","112092505","112092797","chr3","11800346","11800634","59","100292159"
"chr3","112213005","112213292","chr8","119915617","119915891","74","7702612"
"chr3","112239226","112239507","chrX","23075277","23075553","66","89163949"
"chr3","112259875","112260179","chr22","70000033","70000321","25","42259842"
"chr3","112459392","112459682","chr12","28506236","28506525","61","83953156"
"chr3","112518275","112518575","chr22","69748097","69748400","30","42770178"
"chr3","112538367","112538653","chr28","8085874","8086171","65","104452493"
"chr3","112539171","112539375","chr5","3286278","3286478","44","109252893"
"chr3","112565505","112565811","chr28","2149662","2149969","70","110415843"
"chr3","112671722","112671979","chr14","45196877","45197140","62","67474845"
"chr3","112715369","112715648","chr22","69557805","69558085","18","43157564"
"chr3","113215459","113215581","chr22","69057292","69057414","4","44158167"
"chr3","113226628","113226934","chr22","69046209","69046510","31","44180419"
"chr3","113246800","113247118","chrX","12278216","12278532","24","100968584"
"chr3","113290799","113291109","chr22","69005587","69005870","44","44285212"
"chr3","113296223","113296512","chr25","1230609","1230895","61","112065614"
"chr3","113338346","113338584","chr9","94382616","94382844","54","18955730"
"chr3","113357167","113357460","chr10","76220349","76220648","62","37136818"
"chr3","113400339","113400435","chr22","68902239","68902335","4","44498100"
"chr3","113409903","113410167","chr9","8271967","8272222","60","105137936"
"chr3","113413370","113413521","chr1","77479350","77479510","39","35934020"
"chr3","113429579","113429869","chr18","53980845","53981131","57","59448734"
"chr3","113456579","113456853","chr22","68842253","68842540","28","44614326"
"chr3","113534201","113534424","chr22","68761954","68762200","42","44772247"
"chr3","113541530","113541833","chr13","78666775","78667072","52","34874755"
"chr3","113567342","113567653","chr22","68728380","68728693","32","44838962"
"chr3","113568015","113568311","chr22","68727710","68728002","28","44840305"
"chr3","113593318","113593515","chr21","16416165","16416362","43","97177153"
"chr3","113683529","113683825","chr22","68616505","68616794","26","45067024"
"chr3","113744251","113744470","chr22","68561142","68561346","35","45183109"
"chr3","113767523","113767793","chr22","68537221","68537495","21","45230302"
"chr3","113769719","113769927","chr20","12970067","12970277","43","100799652"
"chr3","113783752","113784057","chr22","68519986","68520272","44","45263766"
"chr3","113789023","113789305","chr22","68514691","68514964","39","45274332"
"chr3","113796329","113796615","chr22","68506865","68507155","18","45289464"
"chr3","113799344","113799602","chr2","57975944","57976192","67","55823400"
"chr3","113823989","113824304","chr22","68468154","68468445","39","45355835"
"chr3","113830904","113831138","chr22","68461483","68461716","14","45369421"
"chr3","113832287","113832575","chr22","68460374","68460663","19","45371913"
"chr3","113843699","113843992","chr22","68448821","68449113","21","45394878"
"chr3","113865199","113865441","chr6","3159435","3159673","51","110705764"
"chr3","113935142","113935436","chr6","43691457","43691748","67","70243685"
"chr3","113987545","113987833","chr8","124610123","124610410","59","10622578"
"chr3","114296563","114296866","chr21","72955685","72955973","70","41340878"
"chr3","114301547","114301670","chr22","68034305","68034437","20","46267242"
"chr3","114363560","114363721","chr22","67966547","67966700","20","46397013"
"chr3","114410117","114410412","chr12","29049250","29049550","68","85360867"
"chr3","114490604","114490891","chr22","67863410","67863697","18","46627194"
"chr3","114502298","114502616","chr12","44970666","44970987","75","69531632"
"chr3","114630693","114630993","chr22","67718360","67718660","24","46912333"
"chr3","114636557","114636795","chr8","63048173","63048413","49","51588384"
"chr3","114648128","114648295","chr25","69744759","69744921","41","44903369"
"chr3","114648335","114648447","chr22","36257403","36257521","21","78390932"
"chr3","114674808","114675109","chr24","66303414","66303719","56","48371394"
"chr3","114691477","114691793","chr11","60286620","60286935","73","54404857"
"chr3","114773504","114773698","chr22","67592967","67593170","21","47180537"
"chr3","114815475","114815616","chr18","21060043","21060184","27","93755432"
"chr3","114956358","114956471","chr22","67422976","67423089","10","47533382"
"chr3","114987100","114987404","chr26","30785411","30785714","51","84201689"
"chr3","115009059","115009352","chr22","67356409","67356701","16","47652650"
"chr3","115016553","115016858","chr22","67349492","67349797","30","47667061"
"chr3","115041641","115041919","chr22","67321907","67322197","30","47719734"
"chr3","115077944","115078220","chr10","92760553","92760824","63","22317391"
"chr3","115085395","115085692","chr15","37649001","37649288","62","77436394"
"chr3","115102132","115102437","chr9","59862290","59862592","59","55239842"
"chr3","115129846","115130146","chr22","67237258","67237559","19","47892588"
"chr3","115142523","115142646","chr5","14979391","14979516","18","100163132"
"chr3","115144727","115144987","chr16","31903819","31904087","58","83240908"
"chr3","115185104","115185307","chr11","105482228","105482437","51","9702876"
"chr3","115185366","115185431","chr7","94062682","94062747","18","21122684"
"chr3","115197152","115197282","chr22","67174509","67174639","10","48022643"
"chr3","115220277","115220560","chr8","114471147","114471442","60","749130"
"chr3","115265538","115265861","chr20","88100516","88100832","59","27165022"
"chr3","115288755","115289044","chr5","10402453","10402746","70","104886302"
"chr3","115304069","115304363","chrX","111999373","111999669","55","3304696"
"chr3","115312600","115312879","chr22","67060720","67060988","31","48251880"
"chr3","115315740","115315885","chr23","59607593","59607741","31","55708147"
"chr3","115315919","115316036","chr2","66013521","66013637","18","49302398"
"chr3","115329360","115329608","chr9","117452409","117452657","53","2123049"
"chr3","115333392","115333525","chr22","67038342","67038472","13","48295050"
"chr3","115333900","115334198","chr22","67037675","67037972","27","48296225"
"chr3","115338216","115338324","chr22","67033610","67033722","11","48304606"
"chr3","115340986","115341291","chr16","61986595","61986899","79","53354391"
"chr3","115352315","115352601","chr22","67019313","67019586","25","48333002"
"chr3","115360395","115360703","chr18","32854753","32855059","62","82505642"
"chr3","115374944","115375126","chr9","112282387","112282555","42","3092557"
"chr3","115378462","115378644","chr9","112282387","112282555","42","3096075"
"chr3","115387186","115387472","chrX","95006249","95006527","63","20380937"
"chr3","115387942","115388069","chr9","34897938","34898061","17","80490004"
"chr3","115388469","115388585","chr13","34341278","34341395","16","81047191"
"chr3","115388837","115389025","chr22","45497507","45497694","42","69891330"
"chr3","115408675","115408974","chr5","36085977","36086277","54","79322698"
"chr3","115424940","115425235","chr22","66952735","66953018","28","48472205"
"chr3","115444069","115444364","chr22","66952735","66953018","28","48491334"
"chr3","115450334","115450627","chr20","112495489","112495789","56","2954845"
"chr3","115464317","115464475","chr22","66931751","66931907","34","48532566"
"chr3","115464792","115464817","chr11","114528646","114528669","7","936146"
"chr3","115465127","115465256","chr22","66931294","66931439","23","48533833"
"chr3","115502311","115502434","chr8","137478647","137478774","22","21976336"
"chr3","115521794","115522100","chr18","32854753","32855059","56","82667041"
"chr3","115526673","115526961","chr10","113422499","113422792","56","2104174"
"chr3","115536083","115536200","chr28","2227933","2228050","18","113308150"
"chr3","115616217","115616478","chr21","25351954","25352213","61","90264263"
"chr3","115626669","115626952","chr25","73163328","73163615","64","42463341"
"chr3","115630414","115630701","chr22","66766182","66766469","22","48864232"
"chr3","115631353","115631664","chr22","66764907","66765199","50","48866446"
"chr3","115662253","115662566","chr22","66734934","66735242","19","48927319"
"chr3","115708900","115709196","chr22","66686847","66687135","29","49022053"
"chr3","115730700","115731001","chr22","66663515","66663859","60","49067185"
"chr3","115789782","115790050","chr1","104837211","104837478","59","10952571"
"chr3","115995991","115996286","chr9","32982579","32982865","56","83013412"
"chr3","116085961","116086255","chr22","66305247","66305532","32","49780714"
"chr3","116156991","116157312","chr22","66239013","66239323","28","49917978"
"chr3","116301098","116301401","chr16","47341907","47342220","63","68959191"
"chr3","116358387","116358690","chr5","36085977","36086277","61","80272410"
"chr3","116414950","116415070","chr9","91155460","91155582","20","25259490"
"chr3","116447283","116447464","chr2","81192385","81192568","44","35254898"
"chr3","116447673","116447800","chr11","95818582","95818713","30","20629091"
"chr3","116459127","116459401","chr23","44804540","44804822","55","71654587"
"chr3","116696678","116696984","chr22","65739457","65739765","25","50957221"
"chr3","116781111","116781402","chr24","51893398","51893685","63","64887713"
"chr3","116806055","116806175","chr22","65633106","65633230","13","51172949"
"chr3","116842661","116842982","chr5","21242950","21243253","74","95599711"
"chr3","116865552","116865824","chr2","11915762","11916034","70","104949790"
"chr3","116873165","116873443","chr6","2365278","2365557","66","114507887"
"chr3","116877394","116877649","chr22","65566772","65567026","20","51310622"
"chr3","116879541","116879802","chr22","65564737","65564993","61","51314804"
"chr3","116902634","116902906","chr2","11915762","11916034","70","104986872"
"chr3","116910247","116910531","chr6","2365278","2365557","62","114544969"
"chr3","117011191","117011483","chr22","65477423","65477718","22","51533768"
"chr3","117061986","117062278","chr22","65477423","65477718","22","51584563"
"chr3","117069266","117069384","chr17","58425403","58425520","21","58643863"
"chr3","117069435","117069626","chr11","6941639","6941827","47","110127796"
"chr3","117117369","117117678","chr19","12011999","12012306","63","105105370"
"chr3","117214499","117214787","chr6","32425994","32426271","67","84788505"
"chr3","117215846","117216052","chr22","65286038","65286243","17","51929808"
"chr3","117255587","117255867","chr22","65245280","65245553","43","52010307"
"chr3","117287402","117287688","chr11","108668371","108668662","66","8619031"
"chr3","117289119","117289445","chr22","65211827","65212110","59","52077292"
"chr3","117582891","117583135","chr9","86724130","86724353","71","30858761"
"chr3","117627101","117627391","chr22","64883861","64884152","17","52743240"
"chr3","117676768","117677075","chr22","64832256","64832519","62","52844512"
"chr3","117685012","117685177","chr11","6430144","6430309","48","111254868"
"chr3","117685180","117685495","chr22","64823217","64823530","30","52861963"
"chr3","117732195","117732478","chr22","64775377","64775666","25","52956818"
"chr3","117778535","117778842","chr22","64730999","64731302","32","53047536"
"chr3","117789493","117789779","chr22","64718490","64718776","30","53071003"
"chr3","117881116","117881345","chr26","11078267","11078492","54","106802849"
"chr3","117910587","117910862","chr22","64602382","64602638","41","53308205"
"chr3","117977788","117978096","chr17","36553442","36553750","69","81424346"
"chr3","118030479","118030760","chr8","8338249","8338530","59","109692230"
"chr3","118047716","118048007","chr22","64465712","64465971","54","53582004"
"chr3","118113506","118113809","chr21","118504897","118505197","67","391391"
"chr3","118127000","118127119","chr22","64386344","64386463","4","53740656"
"chr3","118128227","118128528","chr22","64384769","64385077","30","53743458"
"chr3","118185785","118185996","chr6","7203850","7204061","50","110981935"
"chr3","118513304","118513424","chr1","114028015","114028132","23","4485289"
"chr3","118564911","118565219","chr22","63963170","63963484","32","54601741"
"chr3","118646572","118646859","chr22","63870477","63870765","29","54776095"
"chr3","118707779","118708097","chrX","128360678","128360989","66","9652899"
"chr3","118728858","118729149","chr20","105950121","105950412","56","12778737"
"chr3","118741189","118741479","chr22","63775362","63775653","29","54965827"
"chr3","118765148","118765429","chr22","63750397","63750689","39","55014751"
"chr3","118849142","118849436","chr22","63671105","63671409","29","55178037"
"chr3","118942550","118942663","chr1","8128376","8128492","18","110814174"
"chr3","119028533","119028825","chrX_KE148108v1_random","1020209","1020503","53","118008324"
"chr3","119101609","119101916","chr7","12701774","12702086","61","106399835"
"chr3","119173899","119174215","chr22","63339488","63339804","24","55834411"
"chr3","119250018","119250341","chr22","63261228","63261576","49","55988790"
"chr3","119255985","119256295","chr22","63255183","63255466","43","56000802"
"chr3","119265444","119265748","chr21","102787135","102787428","71","16478309"
"chr3","119299820","119300085","chr10","88975959","88976228","59","30323861"
"chr3","119315336","119315643","chr28","14302855","14303156","74","105012481"
"chr3","119316065","119316367","chr5","27528076","27528378","54","91787989"
"chr3","119676118","119676394","chr11","47302095","47302371","63","72374023"
"chr3","119699603","119699889","chr22","62806795","62807080","20","56892808"
"chr3","119759937","119760225","chr9","62304974","62305266","73","57454963"
"chr3","119995382","119995625","chr12","52242596","52242831","60","67752786"
"chr3","120012830","120012987","chr6","17289735","17289893","38","102723095"
"chr3","120013035","120013072","chr9","20810802","20810841","7","99202233"
"chr3","120066109","120066233","chr4","62078666","62078791","20","57987443"
"chr3","120221601","120221915","chr16","47341907","47342220","68","72879694"
"chr3","120296883","120297176","chr22","62199848","62200135","28","58097035"
"chr3","120300864","120301119","chr22","62196562","62196841","35","58104302"
"chr3","120337876","120338171","chr22","62158371","62158658","28","58179505"
"chr3","120435036","120435313","chr18","16699358","16699623","66","103735678"
"chr3","120656330","120656597","chr22","61831915","61832183","11","58824415"
"chr3","120740304","120740556","chr10","15459892","15460159","75","105280412"
"chr3","120754931","120755219","chr5","69933160","69933446","54","50821771"
"chr3","120792949","120793235","chr14","80508963","80509250","57","40283986"
"chr3","120860154","120860365","chr22","61645179","61645401","21","59214975"
"chr3","120863494","120863669","chrUn_KE147935v1","1","177","40","120863493"
"chr3","120932114","120932234","chr2","45119822","45119944","20","75812292"
"chr3","120998384","120998591","chr22","61519363","61519565","15","59479021"
"chr3","121080397","121080663","chr3","74413856","74414116","61","46666541"
"chr3","121127191","121127459","chr13","82170083","82170353","60","38957108"
"chr3","121220572","121220864","chr18","69293191","69293485","57","51927381"
"chr3","121235869","121236034","chr22","61310303","61310477","19","59925566"
"chr3","121250679","121250987","chr22","61282466","61282766","39","59968213"
"chr3","121309374","121309679","chrX","45753431","45753736","59","75555943"
"chr3","121386522","121386826","chr22","61155304","61155607","21","60231218"
"chr3","121410983","121411262","chr22","61127619","61127902","22","60283364"
"chr3","121415306","121415539","chr22","61123351","61123585","18","60291955"
"chr3","121441660","121441956","chr22","61099456","61099702","67","60342204"
"chr3","121450112","121450405","chr24","46056888","46057187","59","75393224"
"chr3","121468353","121468650","chr22","61074484","61074781","20","60393869"
"chr3","121492689","121492998","chr22","61048856","61049135","50","60443833"
"chr3","121498598","121498900","chr20","127102592","127102890","52","5603994"
"chr3","121507829","121508114","chr22","61034494","61034778","16","60473335"
"chr3","121508128","121508434","chr9","96956253","96956558","59","24551875"
"chr3","121513710","121513864","chr6","29247462","29247616","25","92266248"
"chr3","121514177","121514307","chr18","31219944","31220076","26","90294233"
"chr3","121536251","121536559","chr22","61007042","61007336","38","60529209"
"chr3","121622016","121622294","chr16","69608108","69608387","60","52013908"
"chr3","121648725","121648858","chr12","19132523","19132655","23","102516202"
"chr3","121649152","121649312","chr2","10386734","10386897","44","111262418"
"chr3","121714928","121715216","chr24","54921299","54921588","75","66793629"
"chr3","121743946","121744245","chr10","93387371","93387649","68","28356575"
"chr3","121821023","121821263","chr7","98106079","98106316","59","23714944"
"chr3","121821425","121821755","chr22","60719053","60719360","36","61102372"
"chr3","121842920","121843179","chr22","60698456","60698753","47","61144464"
"chr3","121847264","121847358","chr7","80843289","80843387","20","41003975"
"chr3","121862367","121862579","chr22","60677351","60677562","9","61185016"
"chr3","121862869","121862963","chr22","60676963","60677058","9","61185906"
"chr3","121863734","121863894","chr22","60675826","60675986","5","61187908"
"chr3","121865468","121865791","chr6","41853785","41854095","64","80011683"
"chr3","121867455","121867734","chr8","94756912","94757202","68","27110543"
"chr3","121920293","121920576","chr22","60616528","60616812","30","61303765"
"chr3","121950486","121950787","chr22","60576858","60577160","27","61373628"
"chr3","121987255","121987538","chr22","60539874","60540146","31","61447381"
"chr3","122054078","122054326","chr1","32526727","32526973","56","89527351"
"chr3","122071338","122071584","chr1","32526727","32526973","56","89544611"
"chr3","122127376","122127674","chr10","76220349","76220648","50","45907027"
"chr3","122207575","122207707","chr22","60313612","60313744","9","61893963"
"chr3","122218012","122218286","chr3","76991903","76992165","60","45226109"
"chr3","122219307","122219584","chr22","60300921","60301194","17","61918386"
"chr3","122254174","122254438","chr18","56578918","56579173","57","65675256"
"chr3","122318430","122318587","chr22","60216784","60216934","18","62101646"
"chr3","122357128","122357455","chr6","12494017","12494342","86","109863111"
"chr3","122386397","122386709","chr23","39850978","39851289","60","82535419"
"chr3","122406432","122406720","chr11","58114921","58115213","53","64291511"
"chr3","122469337","122469610","chr22","60092371","60092641","24","62376966"
"chr3","122519223","122519342","chr22","60044051","60044169","6","62475172"
"chr3","122554719","122554842","chr20","16985385","16985507","18","105569334"
"chr3","122598667","122598812","chr22","59964476","59964614","15","62634191"
"chr3","122661476","122661782","chr5","25547886","25548192","59","97113590"
"chr3","122739162","122739444","chr22","59840205","59840491","26","62898957"
"chr3","122757082","122757358","chr22","59829161","59829452","30","62927921"
"chr3","122775858","122776145","chr7","118609785","118610067","65","4166073"
"chr3","122916707","122916877","chr22","59684169","59684348","25","63232538"
"chr3","122916907","122917019","chr22","59684010","59684123","10","63232897"
"chr3","122949915","122950224","chr22","59642474","59642772","38","63307441"
"chr3","122994762","122995071","chr22","59642474","59642772","38","63352288"
"chr3","122999742","123000000","chr22","59615099","59615382","43","63384643"
"chr3","123022886","123023001","chr22","59595626","59595747","13","63427260"
"chr3","123061433","123061549","chr1","114028015","114028132","10","9033418"
"chr3","123096262","123096494","chr22","59502207","59502438","14","63594055"
"chr3","123099427","123099553","chr22","59499156","59499273","15","63600271"
"chr3","123138391","123138518","chr22","59458377","59458494","18","63680014"
"chr3","123151017","123151320","chr1","50286237","50286535","59","72864780"
"chr3","123176698","123177007","chr22","59411879","59412180","30","63764819"
"chr3","123212809","123212928","chr19","19333049","19333173","27","103879760"
"chr3","123212941","123213174","chr25","66779948","66780158","65","56432993"
"chr3","123213323","123213613","chr22","59375764","59376052","17","63837559"
"chr3","123260503","123260814","chr2","25098470","25098778","65","98162033"
"chr3","123315774","123316057","chr22","59264209","59264502","24","64051565"
"chr3","123325938","123326247","chrX","23636327","23636629","60","99689611"
"chr3","123401868","123402187","chr4","74686620","74686927","68","48715248"
"chr3","123415879","123416156","chr20","24340654","24340924","57","99075225"
"chr3","123423873","123424159","chr22","59144424","59144717","26","64279449"
"chr3","123433436","123433733","chr13","67118246","67118543","56","56315190"
"chr3","123465080","123465352","chr2","46672875","46673157","59","76792205"
"chr3","123479061","123479344","chrX","125330506","125330790","53","1851445"
"chr3","123480258","123480565","chr25","63299547","63299852","58","60180711"
"chr3","123554311","123554442","chr22","59005265","59005403","14","64549046"
"chr3","123554451","123554748","chr22","59004969","59005263","28","64549482"
"chr3","123564457","123564564","chr22","58996088","58996196","12","64568369"
"chr3","123568508","123568819","chr22","58991763","58992076","38","64576745"
"chr3","123579076","123579369","chr22","58980986","58981313","64","64598090"
"chr3","123616394","123616676","chr22","58942787","58943051","38","64673607"
"chr3","123644534","123644827","chr22","58913474","58913768","19","64731060"
"chr3","123645805","123646095","chr5","38262732","38263029","55","85383073"
"chr3","123648630","123648922","chr22","58909389","58909702","39","64739241"
"chr3","123670870","123671038","chr2","42603297","42603459","32","81067573"
"chr3","123671065","123671183","chr2","46408070","46408188","22","77262995"
"chr3","123680650","123680957","chr9","59862290","59862592","57","63818360"
"chr3","123688010","123688326","chr19","27467865","27468177","70","96220145"
"chr3","123702097","123702317","chr22","58857033","58857239","24","64845064"
"chr3","123709104","123709391","chr22","58847874","58848184","41","64861230"
"chr3","123743507","123743623","chr14","94742719","94742832","19","29000788"
"chr3","123847301","123847604","chr1","101633596","101633910","68","22213705"
"chr3","123937637","123937835","chr11","106249148","106249359","49","17688489"
"chr3","124018189","124018474","chrX_KE148109v1_random","2612430","2612715","53","121405759"
"chr3","124039518","124039827","chr22","58517897","58518205","37","65521621"
"chr3","124045764","124046015","chr5","32780043","32780289","54","91265721"
"chr3","124048778","124049087","chr22","58517897","58518205","37","65530881"
"chr3","124080996","124081293","chr7","12790553","12790849","55","111290443"
"chr3","124094520","124094840","chr22","58474582","58474897","30","65619938"
"chr3","124174537","124174816","chr3","52070397","52070682","57","72104140"
"chr3","124185195","124185469","chr22","58385234","58385506","17","65799961"
"chr3","124188470","124188759","chr22","58381551","58381840","18","65806919"
"chr3","124196004","124196305","chr22","58374364","58374675","35","65821640"
"chr3","124197071","124197351","chr6","2365278","2365557","70","121831793"
"chr3","124204216","124204504","chr22","58366192","58366480","20","65838024"
"chr3","124206985","124207296","chr22","58363478","58363775","53","65843507"
"chr3","124225172","124225451","chr6","5579741","5580022","59","118645431"
"chr3","124229011","124229147","chr3","18801623","18801754","17","105427388"
"chr3","124234116","124234236","chr22","58337562","58337681","11","65896554"
"chr3","124234294","124234409","chr22","58337381","58337497","9","65896913"
"chr3","124238404","124238534","chr22","58333577","58333706","8","65904827"
"chr3","124255082","124255389","chr22","58315781","58316087","24","65939301"
"chr3","124257011","124257324","chr22","58313849","58314144","28","65943162"
"chr3","124266340","124266675","chr22","58303407","58303718","43","65962933"
"chr3","124275970","124276267","chr10","76220349","76220648","62","48055621"
"chr3","124291705","124292009","chr22","58280083","58280398","32","66011622"
"chr3","124297008","124297310","chr22","58274789","58275092","17","66022219"
"chr3","124307379","124307684","chr12","40601683","40601983","52","83705696"
"chr3","124311018","124311323","chr5","36390138","36390448","64","87920880"
"chr3","124347054","124347364","chr22","58231931","58232226","27","66115123"
"chr3","124351079","124351285","chr11","2061299","2061499","40","122289780"
"chr3","124353886","124354201","chr28","10729160","10729471","76","113624726"
"chr3","124387376","124387637","chr22","58201639","58201902","22","66185737"
"chr3","124389732","124389928","chr19","19100775","19100978","47","105288957"
"chr3","124406961","124407265","chr5","26112911","26113207","54","98294050"
"chr3","124409815","124410106","chr26","14952808","14953094","58","109457007"
"chr3","124427889","124428178","chr16","15126695","15126974","64","109301194"
"chr3","124476319","124476623","chr22","58117002","58117320","33","66359317"
"chr3","124507533","124507661","chr22","58085152","58085280","12","66422381"
"chr3","124521473","124521603","chr22","58070816","58070948","11","66450657"
"chr3","124535831","124536121","chr22","58057098","58057384","38","66478733"
"chr3","124560761","124560955","chr6","41258352","41258536","43","83302409"
"chr3","124567443","124567706","chr27","40190981","40191239","55","84376462"
"chr3","124581684","124581979","chr16","35556750","35557045","61","89024934"
"chr3","124610537","124610665","chr22","57984366","57984490","9","66626171"
"chr3","124619288","124619584","chr12","26204400","26204703","56","98414888"
"chr3","124647645","124647948","chr22","57950776","57951079","12","66696869"
"chr3","124652697","124652800","chrX","112995917","112996014","18","11656780"
"chr3","124653262","124653471","chr19","9223363","9223572","45","115429899"
"chr3","124682825","124683084","chr22","57914866","57915132","26","66767959"
"chr3","124707302","124707618","chr22","2597418","2597727","66","122109884"
"chr3","124727496","124727715","chr22","57870947","57871144","37","66856549"
"chr3","124738712","124739008","chr23","74514675","74514966","63","50224037"
"chr3","124788130","124788429","chr9","124189309","124189600","66","598821"
"chr3","124841143","124841437","chr6","28194245","28194544","60","96646898"
"chr3","124850708","124850911","chr3","4911001","4911198","44","119939707"
"chr3","124853187","124853457","chr28","11602390","11602665","49","113250797"
"chr3","124856093","124856335","chr9","102875817","102876054","48","21980276"
"chr3","124858036","124858320","chr28","19901253","19901542","59","104956783"
"chr3","124884259","124884527","chr22","57710538","57710807","19","67173721"
"chr3","124912164","124912478","chr12","136481","136777","69","124775683"
"chr3","124922768","124923062","chr12","103939005","103939299","62","20983763"
"chr3","124950360","124950647","chr5","26112911","26113207","52","98837449"
"chr3","124958693","124958983","chr22","57637089","57637376","20","67321604"
"chr3","124991091","124991382","chr22","57605027","57605313","29","67386064"
"chr3","125067234","125067540","chr9","103037147","103037458","57","22030087"
"chr3","125090835","125091133","chr26","31525267","31525565","47","93565568"
"chr3","125122831","125123149","chr19","13574446","13574759","65","111548385"
"chr3","125137338","125137632","chr22","57465253","57465563","40","67672085"
"chr3","125159254","125159559","chr17","35306470","35306782","59","89852784"
"chr3","125161736","125162033","chr22","57440904","57441191","27","67720832"
"chr3","125165485","125165799","chr22","57437202","57437516","27","67728283"
"chr3","125181288","125181575","chr22","57421273","57421567","23","67760015"
"chr3","125188510","125188811","chr22","57414072","57414353","33","67774438"
"chr3","125195399","125195672","chr24","69974815","69975095","57","55220584"
"chr3","125195674","125195807","chr6","2355207","2355340","21","122840467"
"chr3","125214591","125214887","chr24","55401975","55402268","52","69812616"
"chr3","125236842","125237124","chr22","57366535","57366815","14","67870307"
"chr3","125252914","125253236","chr1","62759353","62759661","77","62493561"
"chr3","125268155","125268422","chr22","57335565","57335834","23","67932590"
"chr3","125270642","125270943","chr22","57333066","57333346","45","67937576"
"chr3","125286763","125286844","chr14","78764896","78764975","15","46521867"
"chr3","125288096","125288354","chr22","57313840","57314113","31","67974256"
"chr3","125296992","125297287","chr22","57304720","57305023","25","67992272"
"chr3","125302887","125303186","chr26","32700628","32700913","54","92602259"
"chr3","125305796","125306103","chr9","22267314","22267615","65","103038482"
"chr3","125308982","125309274","chr22","57292668","57292955","21","68016314"
"chr3","125310002","125310315","chr22","57291611","57291937","32","68018391"
"chr3","125311317","125311453","chr12","11283291","11283434","36","114028026"
"chr3","125355006","125355282","chr22","57247074","57247349","28","68107932"
"chr3","125372561","125372655","chr22","57229740","57229833","7","68142821"
"chr3","125378751","125378875","chr22","57223227","57223351","10","68155524"
"chr3","125401426","125401714","chr22","57199821","57200107","19","68201605"
"chr3","125463572","125463886","chr22","57140132","57140444","27","68323440"
"chr3","125464935","125465229","chr22","57138796","57139089","23","68326139"
"chr3","125481458","125481558","chr6","15173130","15173230","25","110308328"
"chr3","125494090","125494400","chr14","59828291","59828600","59","65665799"
"chr3","125510302","125510604","chr22","57090520","57090822","23","68419782"
"chr3","125593913","125594076","chr22","57009364","57009542","24","68584549"
"chr3","125603056","125603280","chr22","56998229","56998455","20","68604827"
"chr3","125791666","125791835","chr6","48596477","48596640","42","77195189"
"chr3","125913529","125913823","chr22","56672258","56672556","38","69241271"
"chr3","125943398","125943681","chr14","82166578","82166861","58","43776820"
"chr3","125995297","125995489","chr6","38368948","38369136","22","87626349"
"chr3","125997901","125998016","chr1","8128376","8128492","17","117869525"
"chr3","126055860","126056136","chr8","18317115","18317399","53","107738745"
"chr3","126151925","126152229","chr18","29873993","29874291","61","96277932"
"chr3","126164062","126164361","chr22","56418950","56419239","25","69745112"
"chr3","126173759","126174075","chr22","56405782","56406104","28","69767977"
"chr3","126182432","126182708","chr22","56394288","56394571","35","69788144"
"chr3","126229807","126230045","chr2","65475682","65475929","53","60754125"
"chr3","126270240","126270478","chr14","75127867","75128114","55","51142373"
"chr3","126272916","126273046","chr14","21806073","21806204","20","104466843"
"chr3","126286848","126286980","chr22","56289525","56289657","5","69997323"
"chr3","126286988","126287292","chr22","56289232","56289517","37","69997756"
"chr3","126312209","126312477","chr11","117356057","117356321","61","8956152"
"chr3","126317056","126317340","chr22","56258615","56258883","55","70058441"
"chr3","126327155","126327444","chr9","59232429","59232705","60","67094726"
"chr3","126328788","126329066","chr2","57154180","57154459","56","69174608"
"chr3","126344147","126344319","chr22","56226556","56226726","10","70117591"
"chr3","126344320","126344579","chr10","86929804","86930058","60","39414516"
"chr3","126344580","126344691","chr22","56226119","56226230","8","70118461"
"chr3","126350182","126350497","chrX","109786073","109786386","64","16564109"
"chr3","126353876","126354190","chr8","28114128","28114434","60","98239748"
"chr3","126361035","126361352","chr12","2427177","2427491","58","123933858"
"chr3","126383641","126383763","chr1","108290111","108290233","17","18093530"
"chr3","126383944","126384204","chr27","40190981","40191239","61","86192963"
"chr3","126392082","126392393","chr20","123775608","123775921","51","2616474"
"chr3","126400409","126400694","chr22","56171547","56171831","16","70228862"
"chr3","126427053","126427357","chr5","27528076","27528378","53","98898977"
"chr3","126428262","126428561","chr5","36085977","36086277","63","90342285"
"chr3","126441844","126442070","chr22","56126729","56126948","20","70315115"
"chr3","126446441","126446747","chr9","227543","227844","60","126218898"
"chr3","126477455","126477572","chr22","56096050","56096164","10","70381405"
"chr3","126477856","126478065","chr22","56095586","56095769","43","70382270"
"chr3","126486643","126486932","chr22","56085194","56085488","36","70401449"
"chr3","126492946","126493145","chr23","81461522","81461707","55","45031424"
"chr3","126508945","126509251","chr12","40601683","40601983","59","85907262"
"chr3","126518855","126519148","chr22","18532485","18532779","48","107986370"
"chr3","126531626","126531915","chr22","56048374","56048647","44","70483252"
"chr3","126552067","126552186","chr6","27733614","27733730","20","98818453"
"chr3","126552215","126552405","chr6","7959554","7959745","44","118592661"
"chr3","126553240","126553537","chr22","56027314","56027604","20","70525926"
"chr3","126562210","126562471","chr22","56018160","56018448","43","70544050"
"chr3","126570701","126571008","chr5","14757791","14758102","59","111812910"
"chr3","126603759","126603876","chr22","55976395","55976512","5","70627364"
"chr3","126619231","126619540","chr22","55960659","55960968","27","70658572"
"chr3","126620467","126620587","chr22","55959622","55959740","8","70660845"
"chr3","126624645","126624825","chr5","22349470","22349648","32","104275175"
"chr3","126624855","126624976","chr20","86303362","86303480","17","40321493"
"chr3","126635603","126635903","chr15","52020450","52020751","61","74615153"
"chr3","126639639","126639868","chr22","55930408","55930604","46","70709231"
"chr3","126648484","126648776","chr9","95951467","95951766","64","30697017"
"chr3","126654073","126654202","chr6","39552772","39552898","19","87101301"
"chr3","126657339","126657617","chr22","55912110","55912426","52","70745229"
"chr3","126663325","126663617","chr22","55905974","55906264","16","70757351"
"chr3","126676560","126676669","chr6","12878789","12878898","24","113797771"
"chr3","126678649","126678959","chr3","28499359","28499659","66","98179290"
"chr3","126678991","126679321","chr1","18443686","18444004","72","108235305"
"chr3","126696207","126696524","chr22","55880475","55880772","48","70815732"
"chr3","126698122","126698367","chr22","55878556","55878797","21","70819566"
"chr3","126715781","126716057","chr6","48480921","48481189","58","78234860"
"chr3","126718238","126718408","chr21","25966505","25966671","30","100751733"
"chr3","126718436","126718550","chr1","120798422","120798537","17","5920014"
"chr3","126755699","126755994","chr22","55820997","55821292","25","70934702"
"chr3","126771543","126771831","chr22","55802856","55803158","36","70968687"
"chr3","126782032","126782148","chr22","55791754","55791870","5","70990278"
"chr3","126840926","126841214","chr22","55730585","55730875","18","71110341"
"chr3","126841388","126841690","chr22","55730114","55730416","14","71111274"
"chr3","126845638","126845937","chr5","37350065","37350362","58","89495573"
"chr3","126860282","126860349","chr8","97548003","97548064","12","29312279"
"chr3","126860656","126860732","chr7","116123575","116123650","24","10737081"
"chr3","126872406","126872470","chr22","55695811","55695879","6","71176595"
"chr3","126875679","126875798","chrX","99609682","99609799","19","27265997"
"chr3","126875831","126875948","chr20","104923624","104923736","26","21952207"
"chr3","126882745","126883053","chr24","66303414","66303719","54","60579331"
"chr3","126932033","126932323","chr21","106246537","106246827","56","20685496"
"chr3","126953243","126953547","chr22","55635354","55635664","28","71317889"
"chr3","126974566","126974769","chr22","55614303","55614507","17","71360263"
"chr3","126976086","126976322","chr22","55612397","55612634","17","71363689"
"chr3","126995943","126996225","chr21","53822180","53822464","58","73173763"
"chr3","127021132","127021256","chr22","55574512","55574636","10","71446620"
"chr3","127052123","127052245","chr22","55543188","55543310","4","71508935"
"chr3","127053966","127054064","chr22","55541466","55541563","11","71512500"
"chr3","127054835","127055135","chr22","55540366","55540676","21","71514469"
"chr3","127058252","127058549","chr22","55536980","55537292","35","71521272"
"chr3","127091414","127091713","chr13","36472606","36472902","59","90618808"
"chr3","127092647","127092766","chr22","55503498","55503612","12","71589149"
"chr3","127104339","127104680","chr22","55491735","55492064","40","71612604"
"chr3","127122514","127122822","chr22","55453260","55453565","30","71669254"
"chr3","127124162","127124463","chr22","55451654","55451931","41","71672508"
"chr3","127131145","127131235","chr22","55444461","55444551","7","71686684"
"chr3","127141957","127142252","chr22","55433381","55433680","31","71708576"
"chr3","127154038","127154311","chr22","55419922","55420213","40","71734116"
"chr3","127173549","127173839","chr22","55400506","55400800","30","71773043"
"chr3","127178209","127178494","chr11","104479228","104479515","52","22698981"
"chr3","127181544","127181675","chr22","55391033","55391172","17","71790511"
"chr3","127182267","127182386","chr6","28236233","28236353","22","98946034"
"chr3","127182430","127182587","chr10","38424117","38424267","30","88758313"
"chr3","127184820","127185121","chr14","81346179","81346483","64","45838641"
"chr3","127187671","127187781","chr11","104558668","104558777","17","22629003"
"chr3","127191652","127191953","chr22","55380219","55380519","21","71811433"
"chr3","127206892","127207200","chr22","55365928","55366222","35","71840964"
"chr3","127236342","127236597","chr22","55333510","55333775","32","71902832"
"chr3","127293896","127294182","chrX","14292827","14293116","58","113001069"
"chr3","127313849","127314145","chr22","55263624","55263933","35","72050225"
"chr3","127316395","127316666","chr22","55261149","55261394","42","72055246"
"chr3","127321983","127322289","chr22","55253272","55253581","22","72068711"
"chr3","127331278","127331476","chr1","98814859","98815060","52","28516419"
"chr3","127334100","127334354","chr22","55240630","55240887","16","72093470"
"chr3","127338228","127338435","chr22","55236247","55236458","19","72101981"
"chr3","127338498","127338762","chr22","55235942","55236183","60","72102556"
"chr3","127356553","127356832","chr21","113303745","113304015","57","14052808"
"chr3","127360367","127360691","chr22","55212832","55213160","30","72147535"
"chr3","127371133","127371445","chr21","85082439","85082728","72","42288694"
"chr3","127377309","127377438","chr11","105038608","105038741","27","22338701"
"chr3","127377754","127377930","chr28","8725117","8725301","35","118652637"
"chr3","127391765","127392024","chr22","55179725","55179983","26","72212040"
"chr3","127393393","127393685","chr22","55177979","55178276","27","72215414"
"chr3","127395558","127395854","chr22","55175757","55176061","29","72219801"
"chr3","127396543","127396668","chr14","82354648","82354772","20","45041895"
"chr3","127535773","127535861","chr5","57591885","57591981","24","69943888"
"chr3","127587029","127587329","chr11","105041793","105042090","61","22545236"
"chr3","127595598","127595893","chr5","54711230","54711520","64","72884368"
"chr3","127612070","127612364","chr5","4814152","4814448","32","122797918"
"chr3","127613954","127614233","chr5","4812068","4812316","50","122801886"
"chr3","127620268","127620562","chr5","4814152","4814448","32","122806116"
"chr3","127622158","127622437","chr5","4812068","4812316","51","122810090"
"chr3","127623508","127623783","chr5","4812068","4812316","45","122811440"
"chr3","127661540","127661580","chr6","11983724","11983763","5","115677816"
"chr3","127662857","127663144","chr6","14107211","14107493","66","113555646"
"chr3","127664183","127664499","chr8","68652740","68653048","64","59011443"
"chr3","127683943","127684195","chr5","4766545","4766831","55","122917398"
"chr3","127684225","127684355","chr28","10202126","10202257","22","117482099"
"chr3","127685424","127685708","chr5","4766545","4766831","27","122918879"
"chr3","127686441","127686512","chr5","60645018","60645094","13","67041423"
"chr3","127703713","127704018","chr20","98723564","98723872","55","28980149"
"chr3","127712167","127712361","chr2","16476114","16476311","38","111236053"
"chr3","127731314","127731502","chr25","35834592","35834777","50","91896722"
"chr3","127761612","127761770","chr22","56873716","56873874","13","70887896"
"chr3","127862704","127863009","chr22","54960254","54960552","38","72902450"
"chr3","127863015","127863278","chr6","5153463","5153730","48","122709552"
"chr3","128007351","128007646","chr12","103939005","103939299","67","24068346"
"chr3","128024224","128024429","chr22","54779688","54779893","9","73244536"
"chr3","128029064","128029188","chr22","54774815","54774940","7","73254249"
"chr3","128060214","128060512","chr22","54737407","54737694","31","73322807"
"chr3","128080657","128080950","chr12","103939005","103939299","57","24141652"
"chr3","128173443","128173743","chr22","54636994","54637315","41","73536449"
"chr3","128220359","128220648","chr22","54591878","54592170","17","73628481"
"chr3","128246948","128247226","chr22","54565585","54565872","25","73681363"
"chr3","128259888","128260178","chr10","76220349","76220648","54","52039539"
"chr3","128277484","128277603","chr22","54532894","54533018","15","73744590"
"chr3","128306045","128306326","chrX","43525337","43525624","53","84780708"
"chr3","128348595","128348803","chr22","54460886","54461095","20","73887709"
"chr3","128421542","128421821","chr22","51293260","51293540","57","77128282"
"chr3","128430687","128430937","chr15","60590687","60590937","66","67840000"
"chr3","128438256","128438506","chr15","60590687","60590937","66","67847569"
"chr3","128447372","128447651","chr22","51293260","51293540","57","77154112"
"chr3","128457408","128457590","chr20","97262177","97262353","41","31195231"
"chr3","128469454","128469693","chr22","54333544","54333782","12","74135910"
"chr3","128479359","128479662","chr22","54323481","54323793","36","74155878"
"chr3","128487531","128487836","chr17","69561469","69561769","65","58926062"
"chr3","128504094","128504233","chr11","11720868","11721006","40","116783226"
"chr3","128507270","128507590","chr19","13622845","13623151","57","114884425"
"chr3","128540582","128540841","chr22","54245674","54245943","23","74294908"
"chr3","128541508","128541818","chr6","28194245","28194544","66","100347263"
"chr3","128607348","128607634","chr25","27458507","27458791","54","101148841"
"chr3","128650447","128650720","chr24","81124906","81125183","59","47525541"
"chr3","128654788","128655096","chr22","54143211","54143511","37","74511577"
"chr3","128655133","128655415","chrX","1158000","1158284","64","127497133"
"chr3","128661178","128661432","chr20","12608322","12608583","68","116052856"
"chr3","128685164","128685341","chrX_KE148108v1_random","1973273","1973446","36","126711891"
"chr3","128733003","128733304","chr22","54068794","54069097","21","74664209"
"chr3","128877443","128877749","chr22","53924198","53924515","30","74953245"
"chr3","128988672","128988969","chr22","53841697","53841994","30","75146975"
"chr3","128996420","128996598","chr18","21828989","21829170","42","107167431"
"chr3","129101586","129101701","chr11","108446732","108446848","25","20654854"
"chr3","129101728","129101964","chrX","128016424","128016673","54","1085304"
"chr3","129168871","129169174","chr22","53675053","53675335","37","75493818"
"chr3","129264933","129265223","chr22","53588551","53588844","21","75676382"
"chr3","129317927","129318054","chr22","53533451","53533577","23","75784476"
"chr3","129331046","129331341","chr12","40601683","40601983","53","88729363"
"chr3","129341950","129342151","chr28","1861781","1861983","51","127480169"
"chr3","129357605","129357901","chr22","53496255","53496551","21","75861350"
"chr3","129370271","129370574","chr22","53484509","53484816","26","75885762"
"chr3","129400909","129401223","chrX","23636327","23636629","64","105764582"
"chr3","129419871","129420045","chr6","30615563","30615728","32","98804308"
"chr3","129420357","129420485","chr9","60358699","60358829","21","69061658"
"chr3","129435734","129436022","chr12","13149213","13149510","54","116286521"
"chr3","129442875","129443172","chr22","53415228","53415526","20","76027647"
"chr3","129457323","129457562","chr2","65475682","65475929","52","63981641"
"chr3","129472811","129473103","chr28","16856842","16857125","59","112615969"
"chr3","129506194","129506492","chr28","18723682","18723992","54","110782512"
"chr3","129549412","129549710","chr9","13422943","13423224","82","116126469"
"chr3","129593726","129593960","chr22","53273380","53273592","39","76320346"
"chr3","129602409","129602720","chr22","53264492","53264802","22","76337917"
"chr3","129613137","129613439","chr22","53253888","53254180","27","76359249"
"chr3","129632421","129632726","chr22","53231974","53232276","28","76400447"
"chr3","129666737","129667014","chrX","23075277","23075553","59","106591460"
"chr3","129669467","129669677","chr1","66024882","66025086","42","63644585"
"chr3","129685422","129685638","chr22","53183860","53184075","16","76501562"
"chr3","129697855","129698071","chr22","53183860","53184075","16","76513995"
"chr3","129747415","129747679","chr22","53138577","53138848","33","76608838"
"chr3","129827777","129828060","chr6","49183773","49184058","61","80644004"
"chr3","129834983","129835119","chr22","53046007","53046143","3","76788976"
"chr3","129835407","129835571","chr22","53045547","53045700","17","76789860"
"chr3","129862204","129862418","chr22","53020263","53020491","24","76841941"
"chr3","129891761","129892066","chr25","82757457","82757755","73","47134304"
"chr3","129897538","129897847","chr22","52984081","52984395","28","76913457"
"chr3","129986804","129987005","chr22","52920827","52921026","9","77065977"
"chr3","129989196","129989346","chr5","22663681","22663827","37","107325515"
"chr3","129989655","129989815","chr11","116757958","116758114","43","13231697"
"chr3","130109162","130109473","chr22","52799256","52799568","22","77309906"
"chr3","130189042","130189328","chr26","31796938","31797225","57","98392104"
"chr3","130198381","130198667","chr26","31796938","31797225","57","98401443"
"chr3","130267044","130267167","chr14","82354648","82354772","17","47912396"
"chr3","130326425","130326593","chr1","67214580","67214737","39","63111845"
"chr3","130327505","130327816","chr22","52618099","52618396","31","77709406"
"chr3","130337235","130337543","chr22","52611360","52611677","35","77725875"
"chr3","130340525","130340756","chr24","78376655","78376882","51","51963870"
"chr3","130401537","130401823","chr4","17114497","17114785","54","113287040"
"chr3","130408665","130408856","chrX","15099178","15099351","50","115309487"
"chr3","130436123","130436414","chr9","35056956","35057251","66","95379167"
"chr3","130483972","130484115","chr22","52474465","52474608","7","78009507"
"chr3","130491797","130491921","chr22","52467058","52467180","7","78024739"
"chr3","130492495","130492788","chr22","52466188","52466481","24","78026307"
"chr3","130497346","130497643","chr22","52461316","52461601","37","78036030"
"chr3","130500001","130500122","chr27","34664172","34664296","15","95835829"
"chr3","130501734","130501802","chrX","59889069","59889135","18","70612665"
"chr3","130502096","130502185","chr11","118826047","118826133","20","11676049"
"chr3","130528074","130528358","chr9","33547519","33547801","66","96980555"
"chr3","130545820","130545951","chr22","52413771","52413901","8","78132049"
"chr3","130546249","130546365","chr22","52413359","52413467","14","78132890"
"chr3","130551141","130551366","chr1","17391894","17392116","66","113159247"
"chr3","130559531","130559824","chr11","119611770","119612059","54","10947761"
"chr3","130569742","130570038","chr19","9345667","9345963","70","121224075"
"chr3","130577290","130577596","chr22","52389347","52389653","13","78187943"
"chr3","130599093","130599275","chr9","84650982","84651167","37","45948111"
"chr3","130601613","130601727","chr22","52358215","52358327","10","78243398"
"chr3","130618775","130619071","chr11","117216720","117217018","56","13402055"
"chr3","130637612","130637782","chr22","52324875","52325037","14","78312737"
"chr3","130654134","130654403","chr12","12774949","12775218","56","117879185"
"chr3","130668266","130668475","chr23","63235923","63236134","48","67432343"
"chr3","130690616","130690921","chr9","59862290","59862592","69","70828326"
"chr3","130700490","130700782","chr10","88036335","88036616","64","42664155"
"chr3","130702909","130703159","chr22","24185642","24185892","60","106517267"
"chr3","130704695","130704983","chr11","104403952","104404240","67","26300743"
"chr3","130710984","130711292","chr22","52259223","52259508","35","78451761"
"chr3","130734862","130735161","chr22","52234425","52234716","31","78500437"
"chr3","130791311","130791606","chr28","6784264","6784562","58","124007047"
"chr3","130817601","130817900","chr22","52164880","52165154","51","78652721"
"chr3","130828237","130828344","chr22","10681348","10681457","25","120146889"
"chr3","130855259","130855550","chr11","104120287","104120586","62","26734972"
"chr3","130875383","130875636","chr22","52102154","52102408","16","78773229"
"chr3","130892343","130892633","chr13","74933215","74933501","70","55959128"
"chr3","130907554","130907840","chr22","52080393","52080681","18","78827161"
"chr3","130978597","130978905","chr15","8016188","8016489","45","122962409"
"chr3","130995372","130995683","chr28","15141829","15142140","55","115853543"
"chr3","130996904","130997027","chr22","51989179","51989302","10","79007725"
"chr3","131000271","131000563","chr9","56205687","56205981","53","74794584"
"chr3","131030044","131030263","chr22","51954779","51954985","25","79075265"
"chr3","131035984","131036124","chr22","51948878","51949010","19","79087106"
"chr3","131042981","131043272","chr22","51942157","51942449","16","79100824"
"chr3","131049175","131049432","chr6","15671712","15671967","55","115377463"
"chr3","131059993","131060137","chr9","22017550","22017693","26","109042443"
"chr3","131060432","131060584","chrX","58342935","58343092","29","72717497"
"chr3","131064153","131064447","chr16","70082802","70083092","54","60981351"
"chr3","131065372","131065510","chrX","123391118","123391251","24","7674254"
"chr3","131066406","131066534","chr20","104470314","104470427","35","26596092"
"chr3","131066842","131066935","chrX","109518767","109518852","18","21548075"
"chr3","131084306","131084417","chr16","19379155","19379265","24","111705151"
"chr3","131084703","131084912","chr9","27897844","27898053","45","103186859"
"chr3","131117277","131117446","chr22","51865467","51865633","9","79251810"
"chr3","131123336","131123635","chr5","25360110","25360407","59","105763226"
"chr3","131133396","131133705","chr22","51848297","51848597","28","79285099"
"chr3","131140307","131140461","chr7","25221116","25221268","31","105919191"
"chr3","131140762","131140892","chr15","29222796","29222929","22","101917966"
"chr3","131145094","131145363","chrX","1158000","1158284","71","129987094"
"chr3","131156465","131156763","chr28","14302855","14303156","65","116853610"
"chr3","131158094","131158388","chr9","97642309","97642603","62","33515785"
"chr3","131160344","131160640","chr22","51817956","51818260","32","79342388"
"chr3","131161661","131161957","chr7","70951768","70952052","61","60209893"
"chr3","131168261","131168524","chr1","63961451","63961732","64","67206810"
"chr3","131181539","131181661","chr2","45119822","45119944","18","86061717"
"chr3","131181946","131182128","chr10","88366053","88366237","29","42815893"
"chr3","131184041","131184172","chr22","51798577","51798702","14","79385464"
"chr3","131223615","131223927","chr22","51761973","51762273","30","79461642"
"chr3","131227515","131227806","chr22","51758042","51758320","33","79469473"
"chr3","131303192","131303447","chr11","7213681","7213937","53","124089511"
"chr3","131306391","131306636","chr2","65475682","65475929","50","65830709"
"chr3","131307326","131307611","chr21","99917780","99918060","67","31389546"
"chr3","131324555","131324841","chr10","19374368","19374661","31","111950187"
"chr3","131344259","131344558","chr12","40601683","40601983","61","90742576"
"chr3","131349485","131349781","chr22","51647788","51648074","28","79701697"
"chr3","131349791","131350086","chr22","51647483","51647778","31","79702308"
"chr3","131356157","131356438","chr22","51641086","51641377","23","79715071"
"chr3","131362838","131363134","chrX","46486317","46486615","53","84876521"
"chr3","131366154","131366327","chr22","51630942","51631115","6","79735212"
"chr3","131366624","131366766","chr22","51630501","51630643","10","79736123"
"chr3","131369946","131370239","chr22","51626747","51627039","25","79743199"
"chr3","131390552","131390874","chr11","114855636","114855938","73","16534916"
"chr3","131393688","131393808","chr22","51594645","51594764","7","79799043"
"chr3","131400523","131400608","chr9","40676401","40676492","23","90724122"
"chr3","131411403","131411711","chr9","12173933","12174243","63","119237470"
"chr3","131412254","131412544","chr22","51575666","51575961","25","79836588"
"chr3","131414109","131414386","chr22","51573840","51574119","24","79840269"
"chr3","131418353","131418656","chr22","51569256","51569544","34","79849097"
"chr3","131465557","131465827","chr22","51522545","51522818","19","79943012"
"chr3","131477065","131477346","chr22","51510856","51511164","52","79966209"
"chr3","131479919","131480277","chr16","48342589","48342940","82","83137330"
"chr3","131501763","131502066","chr12","40601683","40601983","52","90900080"
"chr3","131563674","131563926","chr13","96605424","96605667","58","34958250"
"chr3","131570561","131570854","chr5","43480968","43481264","86","88089593"
"chr3","131586708","131586999","chr22","51402244","51402533","18","80184464"
"chr3","131599526","131599840","chr14","97399919","97400224","58","34199607"
"chr3","131601214","131601414","chr14","61420357","61420546","47","70180857"
"chr3","131623857","131624168","chr22","51360079","51360402","29","80263778"
"chr3","131630293","131630578","chrX","1334199","1334479","58","130296094"
"chr3","131653558","131653858","chr11","118281378","118281671","53","13372180"
"chr3","131654086","131654346","chr1","6547966","6548216","49","125106120"
"chr3","131661766","131662060","chr22","51324709","51325007","19","80337057"
"chr3","131666640","131666767","chrX","125341762","125341893","20","6324878"
"chr3","131673351","131673478","chrX","125341762","125341893","20","6331589"
"chr3","131679180","131679492","chr22","51310124","51310437","36","80369056"
"chr3","131688380","131688645","chr24","81891573","81891839","72","49796807"
"chr3","131690026","131690140","chr22","51299058","51299172","6","80390968"
"chr3","131695355","131695636","chr22","51293260","51293540","10","80402095"
"chr3","131706486","131706768","chr12","4146664","4146945","65","127559822"
"chr3","131708745","131709030","chr22","51280973","51281258","25","80427772"
"chr3","131711336","131711550","chr18","62704938","62705149","44","69006398"
"chr3","131714172","131714304","chr20","10302401","10302535","17","121411771"
"chr3","131714356","131714520","chr9","24588168","24588333","40","107126188"
"chr3","131716246","131716529","chrX","49183984","49184283","72","82532262"
"chr3","131717836","131718136","chr22","51272112","51272413","18","80445724"
"chr3","131720810","131721108","chr22","51269155","51269450","15","80451655"
"chr3","131728868","131729177","chr22","51261107","51261382","57","80467761"
"chr3","131739173","131739476","chr22","51249560","51249873","27","80489613"
"chr3","131748237","131748547","chr22","51240827","51241136","23","80507410"
"chr3","131764703","131765001","chr11","52673188","52673488","67","79091515"
"chr3","131771347","131771458","chr10","10768566","10768668","27","121002781"
"chr3","131779513","131779800","chr22","51182308","51182597","20","80597205"
"chr3","131795224","131795519","chr22","51172172","51172478","39","80623052"
"chr3","131796417","131796723","chr22","51170974","51171293","34","80625443"
"chr3","131798349","131798477","chr28","16608520","16608649","21","115189829"
"chr3","131850884","131851194","chr22","51127103","51127404","31","80723781"
"chr3","131853996","131854162","chr22","51122611","51122779","12","80731385"
"chr3","131879825","131880130","chr22","51094636","51094927","29","80785189"
"chr3","131894139","131894250","chrX","7946546","7946657","21","123947593"
"chr3","131894279","131894461","chr26","41473930","41474100","35","90420349"
"chr3","131896146","131896440","chr20","114968804","114969096","61","16927342"
"chr3","131993983","131994267","chr2","59616440","59616734","51","72377543"
"chr3","132048272","132048578","chr2","59695968","59696279","30","72352304"
"chr3","132074816","132075039","chr5","4753381","4753565","63","127321435"
"chr3","132094246","132094546","chr5","4766545","4766831","37","127327701"
"chr3","132105880","132106107","chr22","72186297","72186519","43","59919583"
"chr3","132107340","132107650","chr10","127783856","127784153","63","4323484"
"chr3","132110272","132110482","chr5","36953044","36953254","43","95157228"
"chr3","132135144","132135364","chr5","24978868","24979087","52","107156276"
"chr3","132169341","132169661","chr10","10866627","10866936","74","121302714"
"chr3","132173779","132174102","chr22","27686674","27686987","71","104487105"
"chr3","132293905","132294229","chr28","11571545","11571852","67","120722360"
"chr3","132430722","132431034","chr22","47302382","47302689","67","85128340"
"chr3","132439980","132440286","chr15","59722016","59722320","29","72717964"
"chr3","132678926","132679231","chr17","36553442","36553750","68","96125484"
"chr3","132877084","132877368","chr5","18975539","18975807","63","113901545"
"chr3","132921351","132921652","chr15","59272008","59272296","37","73649343"
"chr3","133010687","133010943","chr15","59183195","59183454","23","73827492"
"chr3","133050917","133051173","chr15","59183195","59183454","23","73867722"
"chr3","133068181","133068479","chr15","59154458","59154755","25","73913723"
"chr3","133072862","133073143","chr9","17764619","17764904","52","115308243"
"chr3","133108514","133108825","chr15","59116207","59116515","31","73992307"
"chr3","133164291","133164594","chr6","28194245","28194544","61","104970046"
"chr3","133262534","133262822","chr12","97333332","97333617","66","35929202"
"chr3","133308805","133308979","chr6","10978394","10978565","31","122330411"
"chr3","133344414","133344725","chr15","58901166","58901471","31","74443248"
"chr3","133376219","133376328","chr15","58876972","58877078","22","74499247"
"chr3","133438042","133438342","chr12","34200534","34200831","58","99237508"
"chr3","133446273","133446521","chr15","58793076","58793324","13","74653197"
"chr3","133450683","133451001","chr11","104879443","104879759","59","28571240"
"chr3","133478511","133478821","chr15","58760057","58760372","19","74718454"
"chr3","133512399","133512702","chr23","39850978","39851289","56","93661421"
"chr3","133625823","133626121","chr15","58608537","58608828","25","75017286"
"chr3","133834056","133834329","chr16","31903819","31904087","62","101930237"
"chr3","133863623","133863703","chr15","58366487","58366567","5","75497136"
"chr3","133904597","133904891","chr15","77561235","77561516","59","56343362"
"chr3","134098683","134098908","chr17","35976118","35976347","56","98122565"
"chr3","134098913","134098953","chr15","58153679","58153719","3","75945234"
"chr3","134184849","134185134","chr3","20411563","20411841","70","113773286"
"chr3","134205620","134205744","chr15","58058159","58058283","3","76147461"
"chr3","134225932","134226124","chr18","31581279","31581452","44","102644653"
"chr3","134345214","134345346","chr15","57932163","57932287","11","76413051"
"chr3","134383167","134383293","chr15","57898766","57898892","4","76484401"
"chr3","134393799","134394106","chr6","28194245","28194544","56","106199554"
"chr3","134438330","134438615","chr1","18610357","18610639","58","115827973"
"chr3","134446156","134446465","chr6","12258379","12258691","63","122187777"
"chr3","134504421","134504713","chr15","57783741","57784031","27","76720680"
"chr3","134506620","134506738","chrX","37754037","37754153","20","96752583"
"chr3","134506775","134506940","chr8","28467002","28467167","29","106039773"
"chr3","134543936","134544251","chr15","57744873","57745178","29","76799063"
"chr3","134583253","134583552","chr15","57703872","57704176","37","76879381"
"chr3","134648700","134648996","chr15","57645426","57645757","51","77003274"
"chr3","134709848","134710073","chr15","57587620","57587841","11","77122228"
"chr3","134731929","134732145","chr21","41476338","41476548","48","93255591"
"chr3","134739211","134739453","chr15","57558634","57558851","55","77180577"
"chr3","134832407","134832530","chr15","57473425","57473547","2","77358982"
"chr3","134847778","134848084","chr5","51942897","51943207","67","82904881"
"chr3","134875107","134875421","chr28","14917123","14917442","67","119957984"
"chr3","134881457","134881748","chr6","2328411","2328694","54","132553046"
"chr3","134947120","134947424","chrX","23636327","23636629","59","111310793"
"chr3","134967986","134968110","chr12","45361117","45361242","17","89606869"
"chr3","135004473","135004784","chrX","97644480","97644772","76","37359993"
"chr3","135057276","135057566","chr15","57263629","57263925","29","77793647"
"chr3","135079534","135079772","chr15","57240923","57241205","55","77838611"
"chr3","135129980","135130275","chr15","57189951","57190247","17","77940029"
"chr3","135262921","135263104","chr27","2062821","2063012","49","133200100"
"chr3","135294823","135294954","chr15","57046833","57046964","4","78247990"
"chr3","135304805","135305097","chr15","57036618","57036904","42","78268187"
"chr3","135417240","135417523","chr6","2365278","2365557","58","133051962"
"chr3","135448393","135448534","chr15","56914644","56914785","9","78533749"
"chr3","135505111","135505234","chr15","56867455","56867578","8","78637656"
"chr3","135542153","135542430","chrX","38693780","38694067","53","96848373"
"chr3","135551395","135551701","chr9","59862290","59862592","61","75689105"
"chr3","135595373","135595651","chr15","56795709","56795988","17","78799664"
"chr3","135601790","135601888","chr15","56791303","56791398","6","78810487"
"chr3","135621575","135621834","chr17","53609546","53609797","72","82012029"
"chr3","135637881","135638161","chr11","119365384","119365664","54","16272497"
"chr3","135640051","135640327","chr15","56766889","56767169","29","78873162"
"chr3","135642765","135642889","chr16","46401544","46401661","20","89241221"
"chr3","135643150","135643437","chr23","74826378","74826663","51","60816772"
"chr3","135647098","135647382","chr15","56750798","56751065","35","78896300"
"chr3","135653291","135653542","chr15","56756984","56757235","46","78896307"
"chr3","135655026","135655299","chr15","56755193","56755493","43","78899833"
"chr3","135673926","135674141","chr8","25853379","25853597","46","109820547"
"chr3","135692387","135692679","chr15","56711206","56711498","22","78981181"
"chr3","135695591","135695895","chr12","40601683","40601983","66","95093908"
"chr3","135697341","135697632","chr15","56706216","56706505","24","78991125"
"chr3","135727045","135727163","chr15","56676128","56676245","13","79050917"
"chr3","135804625","135804914","chr23","44959476","44959771","57","90845149"
"chr3","135866142","135866338","chr16","53886375","53886557","43","81979767"
"chr3","135866607","135866744","chr20","10302401","10302535","27","125564206"
"chr3","135869736","135869962","chr15","56558272","56558488","26","79311464"
"chr3","135967906","135968198","chr15","56464390","56464682","38","79503516"
"chr3","136014046","136014365","chr15","56411309","56411629","17","79602737"
"chr3","136033443","136033686","chr15","56391545","56391790","16","79641898"
"chr3","136070052","136070327","chr12","42697793","42698080","71","93372259"
"chr3","136111044","136111341","chr11","7771853","7772147","58","128339191"
"chr3","136165740","136166037","chr15","56277395","56277691","20","79888345"
"chr3","136189592","136189687","chr15","56253053","56253148","7","79936539"
"chr3","136248705","136248989","chr15","56191506","56191794","23","80057199"
"chr3","136295166","136295467","chr15","56149713","56149990","44","80145453"
"chr3","136456916","136457190","chr15","55985454","55985728","23","80471462"
"chr3","136500302","136500597","chr16","29551599","29551894","64","106948703"
"chr3","136528892","136529203","chr11","41392105","41392398","77","95136787"
"chr3","136563395","136563690","chr15","55880191","55880514","49","80683204"
"chr3","136970704","136971001","chr8","93067883","93068179","62","43902821"
"chr3","137064711","137065002","chr10","76220349","76220648","56","60844362"
"chr3","137076356","137076645","chr15","55344906","55345195","13","81731450"
"chr3","137316189","137316495","chr18","64668169","64668477","63","72648020"
"chr3","137346082","137346387","chr12","4918472","4918781","63","132427610"
"chr3","137609374","137609676","chr15","54836589","54836888","28","82772785"
"chr3","137674585","137674879","chr15","54787119","54787398","36","82887466"
"chr3","137737536","137737817","chr15","54739408","54739693","58","82998128"
"chr3","137750031","137750329","chrX","48528467","48528761","52","89221564"
"chr3","137811679","137811813","chr2","43575632","43575768","32","94236047"
"chr3","137811845","137811961","chr1","8128376","8128492","17","129683469"
"chr3","137908999","137909295","chr4","68526200","68526479","75","69382799"
"chr3","137918872","137919157","chr1","50357126","50357408","56","87561746"
"chr3","137958570","137958665","chr17","47346309","47346405","21","90612261"
"chr3","137988503","137988820","chr15","54485166","54485487","25","83503337"
"chr3","138068701","138068999","chr15","54401831","54402127","30","83666870"
"chr3","138093185","138093457","chr25","23970614","23970890","57","114122571"
"chr3","138118741","138119035","chr5","27956654","27956946","64","110162087"
"chr3","138125518","138125737","chr16","30333461","30333679","44","107792057"
"chr3","138127619","138127782","chr15","54345708","54345857","24","83781911"
"chr3","138128088","138128239","chr15","54345253","54345407","15","83782835"
"chr3","138197372","138197499","chr15","54273605","54273738","17","83923767"
"chr3","138205873","138206180","chr19","13096889","13097191","57","125108984"
"chr3","138208819","138209108","chr3","77381637","77381933","68","60827182"
"chr3","138212925","138213049","chr15","54258207","54258332","10","83954718"
"chr3","138218129","138218393","chr15","54252847","54253121","32","83965282"
"chr3","138219937","138220207","chr15","54251341","54251621","47","83968596"
"chr3","138221135","138221421","chr21","97664841","97665127","67","40556294"
"chr3","138273487","138273790","chr15","54203943","54204246","18","84069544"
"chr3","138284596","138284862","chr2","28318202","28318479","58","109966394"
"chr3","138285728","138286012","chr19","23751811","23752092","60","114533917"
"chr3","138299974","138300266","chr14","80508963","80509250","68","57791011"
"chr3","138307515","138307810","chr15","54174451","54174742","34","84133064"
"chr3","138313051","138313342","chr14","104198208","104198503","77","34114843"
"chr3","138321191","138321546","chr21","86047068","86047413","93","52274123"
"chr3","138325386","138325666","chr15","54147421","54147704","28","84177965"
"chr3","138334898","138335156","chr15","54139757","54140042","49","84195141"
"chr3","138336252","138336477","chrX","107447751","107447975","43","30888501"
"chr3","138342244","138342528","chr6","17664504","17664790","56","120677740"
"chr3","138342630","138342936","chr15","54125899","54126195","30","84216731"
"chr3","138344646","138344940","chr15","54133015","54133293","29","84211631"
"chr3","138346486","138346769","chr8","21020212","21020486","69","117326274"
"chr3","138350746","138351030","chr6","17664504","17664790","56","120686242"
"chr3","138351132","138351438","chr15","54125899","54126195","30","84225233"
"chr3","138383632","138383904","chr15","54091021","54091294","21","84292611"
"chr3","138391602","138391855","chr15","54083009","54083283","47","84308593"
"chr3","138398924","138399221","chr15","54075778","54076086","34","84323146"
"chr3","138420647","138420928","chr15","54056875","54057140","33","84363772"
"chr3","138424456","138424539","chr15","54053277","54053356","6","84371179"
"chr3","138483923","138484204","chr15","53996949","53997217","31","84486974"
"chr3","138553037","138553310","chr14","64407438","64407709","60","74145599"
"chr3","138561275","138561582","chr15","53941164","53941469","56","84620111"
"chr3","138562311","138562604","chr15","53940113","53940422","49","84622198"
"chr3","138604884","138605158","chr28","16856842","16857125","53","121748042"
"chr3","138607875","138608177","chr15","53895041","53895344","23","84712834"
"chr3","138624865","138625162","chr9","32982579","32982865","60","105642286"
"chr3","138625644","138625957","chr12","40601683","40601983","68","98023961"
"chr3","138626230","138626543","chr15","53875476","53875776","34","84750754"
"chr3","138670218","138670594","chr23","34665957","34666293","120","104004261"
"chr3","138677752","138678040","chr11","49282789","49283076","65","89394963"
"chr3","138691662","138691759","chr15","53814733","53814821","19","84876929"
"chr3","138692077","138692293","chr15","53814242","53814428","56","84877835"
"chr3","138695821","138696046","chr15","53808693","53808925","60","84887128"
"chr3","138707522","138707659","chr21","46814201","46814332","27","91893321"
"chr3","138707956","138708135","chr6","1761058","1761239","40","136946898"
"chr3","138708978","138709293","chr15","53795598","53795877","63","84913380"
"chr3","138717880","138718002","chr15","53787190","53787312","5","84930690"
"chr3","138727508","138727814","chr15","53777354","53777660","22","84950154"
"chr3","138754006","138754301","chr15","53755859","53756166","32","84998147"
"chr3","138769220","138769497","chr15","53742818","53743101","22","85026402"
"chr3","138771118","138771328","chrX_KE148108v1_random","4959704","4959914","48","133811414"
"chr3","138773371","138773499","chr14","13090315","13090448","26","125683056"
"chr3","138773810","138773924","chr8","137555713","137555817","42","1218097"
"chr3","138814800","138815090","chr15","53701931","53702218","14","85112869"
"chr3","138816735","138816994","chr15","53700030","53700303","32","85116705"
"chr3","138823634","138823944","chr12","40601683","40601983","56","98221951"
"chr3","138834817","138835066","chr28","3463550","3463801","71","135371267"
"chr3","138835926","138836195","chr2","57432575","57432855","59","81403351"
"chr3","138840840","138841130","chr15","53674447","53674751","31","85166393"
"chr3","138861892","138862104","chr1","99352366","99352582","54","39509526"
"chr3","138865464","138865765","chr15","53648337","53648634","20","85217127"
"chr3","138912295","138912570","chr2","5801450","5801733","59","133110845"
"chr3","138919902","138920068","chr15","53598522","53598682","11","85321380"
"chr3","138926153","138926288","chr9","118720087","118720221","25","20206066"
"chr3","138932593","138932892","chr15","53586241","53586541","26","85346352"
"chr3","138953446","138953745","chrX","45898635","45898931","62","93054811"
"chr3","138976374","138976686","chr28","15090774","15091082","74","123885600"
"chr3","139003622","139003944","chr25","44333876","44334201","63","94669746"
"chr3","139056809","139057112","chr15","53458831","53459136","19","85597978"
"chr3","139090342","139090542","chr15","53429769","53429967","15","85660573"
"chr3","139118681","139118968","chr5","17983640","17983937","63","121135041"
"chr3","139168044","139168335","chr15","53350849","53351148","22","85817195"
"chr3","139194729","139195055","chr22","6079599","6079912","77","133115130"
"chr3","139210208","139210469","chr15","53323400","53323673","47","85886808"
"chr3","139287390","139287688","chr15","53245957","53246258","23","86041433"
"chr3","139403148","139403455","chr15","53139944","53140232","43","86263204"
"chr3","139421691","139421905","chr17","71135354","71135570","56","68286337"
"chr3","139520898","139521014","chr15","53050678","53050785","17","86470220"
"chr3","139527468","139527769","chr15","53044233","53044531","48","86483235"
"chr3","139561186","139561444","chr15","52985947","52986204","14","86575239"
"chr3","139661693","139661946","chr15","52894681","52894978","55","86767012"
"chr3","140046570","140046869","chr12","8919101","8919392","68","131127469"
"chr3","140187135","140187438","chr5","9762779","9763076","62","130424356"
"chr3","140192606","140192895","chr3","64778764","64779053","64","75413842"
"chr3","140221821","140222128","chr15","52362047","52362355","39","87859774"
"chr3","140248498","140248625","chr15","52337545","52337680","13","87910953"
"chr3","140267778","140267889","chr2","88580317","88580433","21","51687461"
"chr3","140268195","140268392","chr26","56550181","56550373","52","83718014"
"chr3","140403246","140403518","chr15","52206426","52206685","24","88196820"
"chr3","140421947","140422222","chr15","52187825","52188101","18","88234122"
"chr3","140442018","140442309","chr5","38849377","38849663","69","101592641"
"chr3","140461081","140461202","chr15","52149316","52149433","11","88311765"
"chr3","140483033","140483330","chr15","52128187","52128485","18","88354846"
"chr3","140573776","140574055","chr15","52034191","52034503","54","88539585"
"chr3","140583382","140583663","chr1","63961451","63961732","42","76621931"
"chr3","140594522","140594792","chr12","6561564","6561799","84","134032958"
"chr3","140595094","140595233","chr2","37681231","37681368","27","102913863"
"chr3","140595422","140595727","chr15","52020450","52020751","26","88574972"
"chr3","140595963","140596094","chr19","18119416","18119542","29","122476547"
"chr3","140596387","140596565","chr6","42438846","42439014","37","98157541"
"chr3","140609122","140609315","chr14","87476222","87476411","40","53132900"
"chr3","140611386","140611499","chr15","52004314","52004427","11","88607072"
"chr3","140611868","140611981","chr15","52004314","52004427","10","88607554"
"chr3","140655749","140656033","chr15","51951105","51951376","31","88704644"
"chr3","140667389","140667513","chr15","51940090","51940214","8","88727299"
"chr3","140674493","140674795","chr12","40601683","40601983","55","100072810"
"chr3","140679148","140679431","chr15","51924054","51924349","34","88755094"
"chr3","140680766","140680922","chr15","51922702","51922845","15","88758064"
"chr3","140687652","140687935","chr15","51915051","51915334","22","88772601"
"chr3","140693937","140694183","chr15","51908792","51909041","21","88785145"
"chr3","140720961","140721270","chr20","123775608","123775921","57","16945353"
"chr3","140728959","140729253","chr15","51874109","51874392","45","88854850"
"chr3","140740795","140741052","chr6","1474303","1474549","68","139266492"
"chr3","140750234","140750515","chr15","51853354","51853640","14","88896880"
"chr3","140758988","140759294","chr15","51844490","51844792","23","88914498"
"chr3","140767099","140767398","chr10","77596911","77597207","66","63170188"
"chr3","140769323","140769544","chr5","24978868","24979087","45","115790455"
"chr3","140772977","140773268","chr15","51829803","51830080","37","88943174"
"chr3","140779389","140779688","chr10","77596911","77597207","66","63182478"
"chr3","140781489","140781710","chr5","24978868","24979087","45","115802621"
"chr3","140785143","140785434","chr15","51829803","51830080","37","88955340"
"chr3","140789821","140789937","chr15","51824524","51824630","17","88965297"
"chr3","140821100","140821380","chr9","95978837","95979118","59","44842263"
"chr3","140823475","140823736","chr15","51789381","51789634","19","89034094"
"chr3","140830478","140830689","chr2","46990932","46991142","47","93839546"
"chr3","140841555","140841658","chr26","19932457","19932562","22","120909098"
"chr3","140848802","140849024","chr6","5885376","5885588","47","134963426"
"chr3","140858118","140858416","chr5","20560019","20560317","65","120298099"
"chr3","140871063","140871187","chr15","51741477","51741601","14","89129586"
"chr3","140877873","140878154","chrX","6069656","6069948","60","134808217"
"chr3","140881791","140882091","chr9","96956253","96956558","62","43925538"
"chr3","140885486","140885779","chr15","51729356","51729654","26","89156130"
"chr3","140906024","140906183","chr6","40123530","40123681","46","100782494"
"chr3","140920003","140920289","chrX","43525337","43525624","53","97394666"
"chr3","140932420","140932711","chr2","60703863","60704158","71","80228557"
"chr3","140937793","140938124","chr15","51678094","51678423","47","89259699"
"chr3","140939479","140939571","chr6","15173130","15173230","29","125766349"
"chr3","140944636","140944732","chr7","133133994","133134089","19","7810642"
"chr3","140952011","140952215","chr6","10210844","10211042","49","130741167"
"chr3","140956595","140956905","chr8","122445678","122446003","89","18510917"
"chr3","140962134","140962149","chr1","92083515","92083527","3","48878619"
"chr3","140962464","140962679","chr15","51660893","51661101","16","89301571"
"chr3","140966449","140966732","chr15","51652440","51652723","28","89314009"
"chr3","141008703","141009000","chr15","51615502","51615771","45","89393201"
"chr3","141011382","141011699","chr5","12204008","12204319","84","128807374"
"chr3","141050865","141051150","chr15","51572997","51573278","34","89477868"
"chr3","141075541","141075708","chr15","51548129","51548296","4","89527412"
"chr3","141085083","141085395","chr15","51537924","51538235","25","89547159"
"chr3","141085405","141085710","chr15","51537605","51537914","28","89547800"
"chr3","141127392","141127664","chr12","52704361","52704626","60","88423031"
"chr3","141136436","141136727","chr15","51482981","51483272","18","89653455"
"chr3","141144911","141145212","chr9","91977796","91978097","64","49167115"
"chr3","141171020","141171103","chr8","85322926","85323007","17","55848094"
"chr3","141232236","141232530","chr9","53293816","53294105","63","87938420"
"chr3","141258951","141259244","chr15","51360352","51360643","21","89898599"
"chr3","141369784","141370091","chr15","51264182","51264484","25","90105602"
"chr3","141560211","141560424","chr15","51083673","51083886","11","90476538"
"chr3","141712558","141712785","chr12","106553113","106553348","73","35159445"
"chr3","141748433","141748708","chr15","50901401","50901660","31","90847032"
"chr3","141791249","141791513","chr15","50864673","50864920","36","90926576"
"chr3","141923480","141923612","chr15","50738415","50738559","21","91185065"
"chr3","141986723","141986849","chr15","41145256","41145381","29","100841467"
"chr3","141986879","141987041","chr29","19836256","19836416","39","122150623"
"chr3","142279377","142279655","chr15","50383238","50383512","17","91896139"
"chr3","142379342","142379636","chr15","50282098","50282403","51","92097244"
"chr3","142382787","142383081","chr20","112495489","112495789","60","29887298"
"chr3","142430315","142430451","chr12","47294566","47294696","25","95135749"
"chr3","142478213","142478475","chr8","9922028","9922301","72","132556185"
"chr3","142505935","142506227","chr15","50154254","50154553","35","92351681"
"chr3","142720685","142720944","chr14","81706040","81706314","75","61014645"
"chr3","142896315","142896568","chr17","60886955","60887217","62","82009360"
"chr3","142943978","142944108","chr14","21806073","21806204","19","121137905"
"chr3","143011557","143011810","chr20","94304006","94304268","49","48707551"
"chr3","143017217","143017440","chr15","49645369","49645587","30","93371848"
"chr3","143038101","143038414","chr20","109082362","109082657","58","33955739"
"chr3","143040124","143040416","chr12","103939005","103939299","67","39101119"
"chr3","143059674","143059928","chr15","49605304","49605523","59","93454370"
"chr3","143083850","143084139","chrX","48528467","48528761","49","94555383"
"chr3","143095253","143095546","chr15","49572783","49573075","19","93522470"
"chr3","143101416","143101722","chr12","4918472","4918781","67","138182944"
"chr3","143118130","143118420","chr15","49548024","49548334","40","93570106"
"chr3","143247678","143247965","chr15","49422804","49423060","45","93824874"
"chr3","143251982","143252286","chr15","49417992","49418312","36","93833990"
"chr3","143369567","143369871","chr15","64611902","64612212","60","78757665"
"chr3","143390956","143391262","chr12","40601683","40601983","59","102789273"
"chr3","143401123","143401387","chr15","49289826","49290087","41","94111297"
"chr3","143426012","143426146","chr21","99053631","99053763","14","44372381"
"chr3","143449072","143449369","chr24","28247876","28248163","47","115201196"
"chr3","143467278","143467584","chr15","49229478","49229752","58","94237800"
"chr3","143513523","143513821","chr5","27594562","27594865","59","115918961"
"chr3","143525022","143525355","chr15","49171538","49171871","18","94353484"
"chr3","143576313","143576598","chr15","49128066","49128350","16","94448247"
"chr3","143580898","143581202","chr15","49122645","49122950","27","94458253"
"chr3","143697796","143698084","chrX","108338292","108338582","60","35359504"
"chr3","143742301","143742612","chr15","48956285","48956598","9","94786016"
"chr3","143752347","143752619","chr15","48938338","48938610","23","94814009"
"chr3","143828608","143828852","chr2","37232621","37232844","57","106595987"
"chr3","143837811","143838095","chr25","1851212","1851496","48","141986599"
"chr3","143883317","143883428","chr15","48832504","48832618","11","95050813"
"chr3","143883727","143883895","chr15","48832029","48832204","22","95051698"
"chr3","143885667","143885973","chr15","48829949","48830256","29","95055718"
"chr3","143939762","143940068","chr8","36029166","36029471","15","107910596"
"chr3","143952608","143952902","chr15","48767875","48768166","40","95184733"
"chr3","143964586","143964864","chr15","48756115","48756400","33","95208471"
"chr3","143974302","143974454","chr11","115595901","115596046","34","28378401"
"chr3","143974755","143974928","chr2","9375249","9375422","31","134599506"
"chr3","144003939","144004095","chr13","65603250","65603407","27","78400689"
"chr3","144015205","144015504","chr11","109931188","109931477","63","34084017"
"chr3","144030916","144031167","chr15","48691981","48692236","22","95338935"
"chr3","144045779","144046033","chr15","48679391","48679657","27","95366388"
"chr3","144062725","144062982","chr5","59911105","59911346","66","84151620"
"chr3","144067859","144068002","chr10","62110393","62110528","40","81957466"
"chr3","144070432","144070732","chr8","121116891","121117188","55","22953541"
"chr3","144085538","144085838","chr15","48641298","48641588","38","95444240"
"chr3","144112205","144112502","chr15","48613024","48613322","12","95499181"
"chr3","144122889","144123170","chr12","7746413","7746698","54","136376476"
"chr3","144146551","144146629","chr9","44589806","44589888","18","99556745"
"chr3","144156381","144156672","chr15","48569772","48570067","34","95586609"
"chr3","144168275","144168578","chr9","235849","236148","63","143932426"
"chr3","144175009","144175125","chrX","41743025","41743142","19","102431984"
"chr3","144197917","144198192","chr7","133941033","133941306","59","10256884"
"chr3","144199218","144199342","chr14","82354648","82354772","18","61844570"
"chr3","144216682","144216980","chr2","55579238","55579543","50","88637444"
"chr3","144220831","144221021","chr15","48512853","48513041","19","95707978"
"chr3","144226168","144226475","chr15","48509723","48510024","29","95716445"
"chr3","144228489","144228549","chr2","56444163","56444219","19","87784326"
"chr3","144228880","144228987","chr6","49576112","49576215","29","94652768"
"chr3","144241549","144241736","chr15","48499264","48499457","19","95742285"
"chr3","144243453","144243640","chr15","48499264","48499457","19","95744189"
"chr3","144272172","144272468","chr15","48471091","48471386","18","95801081"
"chr3","144275153","144275288","chr15","48468291","48468421","23","95806862"
"chr3","144284374","144284667","chr15","48458833","48459120","25","95825541"
"chr3","144294779","144294953","chr1","11851799","11851954","41","132442980"
"chr3","144295244","144295382","chr19","27564578","27564714","25","116730666"
"chr3","144306410","144306702","chr9","32521258","32521547","54","111785152"
"chr3","144315112","144315392","chr15","48422949","48423229","9","95892163"
"chr3","144322585","144322886","chr15","48416545","48416852","22","95906040"
"chr3","144355599","144355777","chr12","46678281","46678457","46","97677318"
"chr3","144379008","144379282","chr15","48333719","48333995","26","96045289"
"chr3","144429401","144429577","chrX","16828596","16828777","48","127600805"
"chr3","144429873","144429899","chr16","69347849","69347877","5","75082024"
"chr3","144430189","144430295","chr4","34237737","34237846","27","110192452"
"chr3","144436025","144436305","chr15","48288517","48288808","35","96147508"
"chr3","144439381","144439507","chr9","21257439","21257562","19","123181942"
"chr3","144464669","144464965","chr1","121090436","121090732","63","23374233"
"chr3","144470046","144470356","chr9","24723526","24723830","60","119746520"
"chr3","144474754","144475020","chr23","74826378","74826663","63","69648376"
"chr3","144478158","144478330","chr11","115104754","115104935","48","29373404"
"chr3","144498645","144498958","chr15","48225260","48225542","53","96273385"
"chr3","144505977","144506254","chr15","48217949","48218222","21","96288028"
"chr3","144506386","144506689","chr15","48217196","48217505","22","96289190"
"chr3","144514543","144514818","chr6","28568963","28569248","63","115945580"
"chr3","144542028","144542199","chr15","48181901","48182073","13","96360127"
"chr3","144565076","144565219","chr15","48170623","48170766","5","96394453"
"chr3","144577302","144577608","chr15","48158403","48158695","31","96418899"
"chr3","144602224","144602528","chr15","48139547","48139850","20","96462677"
"chr3","144612053","144612347","chr15","48129678","48129979","30","96482375"
"chr3","144647124","144647369","chr15","48096111","48096355","13","96551013"
"chr3","144651260","144651491","chr5","25414798","25415035","63","119236462"
"chr3","144665341","144665676","chr9","25357050","25357356","85","119308291"
"chr3","144668843","144669158","chr28","15141829","15142140","57","129527014"
"chr3","144680604","144680914","chr9","56098595","56098902","69","88582009"
"chr3","144694063","144694380","chr15","48047544","48047867","28","96646519"
"chr3","144728199","144728480","chr15","48015901","48016179","29","96712298"
"chr3","144742459","144742740","chr15","48015901","48016179","29","96726558"
"chr3","144753497","144753805","chr20","8805606","8805907","72","135947891"
"chr3","144760985","144761298","chr15","47990936","47991238","32","96770049"
"chr3","144766020","144766217","chr15","47985972","47986174","19","96780048"
"chr3","144785359","144785571","chr15","47968872","47969050","42","96816487"
"chr3","144797380","144797676","chr6","27255441","27255739","53","117541939"
"chr3","144806547","144806759","chr15","47968872","47969050","42","96837675"
"chr3","144824618","144824835","chr15","91038391","91038597","61","53786227"
"chr3","144866863","144866979","chrX","44128206","44128328","18","100738657"
"chr3","144867281","144867463","chr10","88366053","88366237","40","56501228"
"chr3","144868465","144868745","chr15","47917079","47917358","29","96951386"
"chr3","144886878","144887008","chr15","47899090","47899220","5","96987788"
"chr3","144921779","144921905","chr15","47866112","47866238","6","97055667"
"chr3","144929462","144929728","chr15","47857945","47858232","36","97071517"
"chr3","144951950","144952225","chr15","47835129","47835405","24","97116821"
"chr3","145007949","145008239","chr15","47779343","47779617","37","97228606"
"chr3","145048793","145048960","chr2","42603297","42603459","29","102445496"
"chr3","145049307","145049429","chr5","22358587","22358709","17","122690720"
"chr3","145065277","145065409","chr15","47722486","47722618","7","97342791"
"chr3","145078171","145078451","chr9","29195676","29195958","62","115882495"
"chr3","145101786","145101910","chr19","4298059","4298183","16","140803727"
"chr3","145126921","145127226","chr11","90880013","90880293","88","54246908"
"chr3","145138664","145138959","chr15","47647518","47647813","13","97491146"
"chr3","145201632","145201852","chr10","2731445","2731661","48","142470187"
"chr3","145246806","145247099","chr15","47548148","47548446","21","97698658"
"chr3","145251038","145251344","chr15","47543875","47544185","16","97707163"
"chr3","145274018","145274340","chr16","61986595","61986899","81","83287423"
"chr3","145295870","145296179","chr15","47497417","47497696","47","97798453"
"chr3","145304520","145304852","chr15","47487777","47488091","48","97816743"
"chr3","145307275","145307543","chr15","47485102","47485375","19","97822173"
"chr3","145343540","145343813","chr8","75700659","75700926","55","69642881"
"chr3","145408206","145408458","chr15","47375881","47376127","16","98032325"
"chr3","145633524","145633787","chr15","47159072","47159342","16","98474452"
"chr3","145645410","145645720","chr15","47146798","47147115","29","98498612"
"chr3","145856437","145856552","chr12","53009503","53009620","19","92846934"
"chr3","145902240","145902551","chr15","46894851","46895162","20","99007389"
"chr3","145932500","145932649","chr24","8602796","8602953","41","137329704"
"chr3","145932723","145932844","chrX","84126341","84126464","20","61806382"
"chr3","146130383","146130608","chr15","46676799","46677025","19","99453584"
"chr3","146150326","146150619","chr15","46654869","46655148","39","99495457"
"chr3","146202154","146202301","chr15","46588547","46588694","10","99613607"
"chr3","146369279","146369379","chr29","18343429","18343519","28","128025850"
"chr3","146505008","146505225","chr15","46279337","46279550","17","100225671"
"chr3","146505862","146505938","chr17","50940114","50940191","18","95565748"
"chr3","146537685","146537941","chr15","46243517","46243772","11","100294168"
"chr3","146797025","146797279","chr15","45993216","45993504","51","100803809"
"chr3","147114601","147114898","chr16","35556750","35557045","68","111557851"
"chr3","147309328","147309651","chr4","65575424","65575742","77","81733904"
"chr3","147329486","147329722","chr7","35528069","35528319","75","111801417"
"chr3","147406130","147406261","chr15","45418534","45418665","10","101987596"
"chr3","147505884","147506132","chr26","2547235","2547489","69","144958649"
"chr3","147513530","147513831","chrX","48319272","48319571","65","99194258"
"chr3","147710900","147711200","chr15","45108388","45108670","40","102602512"
"chr3","147881265","147881538","chr22","79194722","79195007","68","68686543"
"chr3","148318989","148319188","chr16","24192433","24192632","42","124126556"
"chr3","148421876","148422170","chr15","44407987","44408283","32","104013889"
"chr3","148435156","148435438","chr15","44395549","44395829","19","104039607"
"chr3","148459993","148460116","chr15","44372628","44372755","8","104087365"
"chr3","148460776","148461105","chr6","15218533","15218847","81","133242243"
"chr3","148751789","148752092","chr15","44136901","44137220","38","104614888"
"chr3","148782922","148783180","chr24","83098481","83098745","63","65684441"
"chr3","148857761","148858048","chr8","113030599","113030884","56","35827162"
"chr3","148888786","148889066","chr15","44002723","44003002","23","104886063"
"chr3","148960838","148961106","chr9","88941244","88941519","80","60019594"
"chr3","149053205","149053483","chr15","43848248","43848519","28","105204957"
"chr3","149100206","149100525","chr15","43796281","43796599","19","105303925"
"chr3","149224558","149224820","chr12","107797217","107797487","60","41427341"
"chr3","149281952","149282071","chrX","41420593","41420708","29","107861359"
"chr3","149360300","149360603","chr9","33009638","33009947","63","116350662"
"chr3","149366317","149366619","chr14","21957527","21957834","63","127408790"
"chr3","149419047","149419272","chr25","83402465","83402684","57","66016582"
"chr3","149423668","149423970","chr8","49725682","49725984","56","99697986"
"chr3","149504883","149505188","chr20","85043853","85044153","67","64461030"
"chr3","149559233","149559425","chr15","43345509","43345722","36","106213724"
"chr3","149646594","149646900","chr10","16400492","16400801","59","133246102"
"chr3","149651495","149651811","chr15","43252445","43252736","44","106399050"
"chr3","149653590","149653890","chr19","19011445","19011745","70","130642145"
"chr3","149683833","149684127","chr15","43209237","43209536","31","106474596"
"chr3","149782133","149782313","chr2","32003637","32003821","48","117778496"
"chr3","149890689","149890966","chr15","42992670","42992943","21","106898019"
"chr3","149913449","149913728","chr23","44031482","44031760","63","105881967"
"chr3","149951610","149951889","chr23","44031482","44031760","63","105920128"
"chr3","150056951","150057059","chr15","42850104","42850206","12","107206847"
"chr3","150097228","150097468","chr15","42816240","42816486","22","107280988"
"chr3","150115333","150115614","chr15","42798094","42798377","18","107317239"
"chr3","150127743","150128060","chr15","42787751","42788037","55","107339992"
"chr3","150134553","150134863","chr15","42781955","42782270","29","107352598"
"chr3","150135105","150135408","chr15","42781417","42781760","63","107353688"
"chr3","150180141","150180335","chr4","77140951","77141140","45","73039190"
"chr3","150203286","150203581","chr15","42715835","42716133","20","107487451"
"chr3","150348851","150349125","chr22","4437297","4437575","60","145911554"
"chr3","150482453","150482614","chr9","119502530","119502699","57","30979923"
"chr3","150608189","150608491","chr15","42331207","42331496","41","108276982"
"chr3","150649046","150649361","chr3","19554105","19554413","59","131094941"
"chr3","150692160","150692472","chr8","97635106","97635417","67","53057054"
"chr3","150843660","150843770","chr15","42128960","42129069","13","108714700"
"chr3","150852171","150852401","chr15","42115960","42116190","12","108736211"
"chr3","150854492","150854732","chr15","42113646","42113886","21","108740846"
"chr3","150856502","150856624","chr15","42111421","42111543","8","108745081"
"chr3","150971145","150971440","chrX","128422198","128422476","60","22548947"
"chr3","150978829","150979120","chr15","41988767","41989058","22","108990062"
"chr3","151010620","151010915","chr15","41956702","41957020","37","109053918"
"chr3","151059783","151060081","chr15","41910343","41910644","19","109149440"
"chr3","151072639","151072901","chr15","41899499","41899766","26","109173140"
"chr3","151182861","151183150","chr25","57425937","57426240","66","93756924"
"chr3","151208160","151208455","chr10","62807052","62807344","81","88401108"
"chr3","151251443","151251671","chr15","41682510","41682746","32","109568933"
"chr3","151311593","151311885","chr15","41629038","41629329","18","109682555"
"chr3","151334540","151334874","chr9","62250844","62251173","73","89083696"
"chr3","151359779","151360087","chr15","41583958","41584249","40","109775821"
"chr3","151388177","151388430","chr12","18660576","18660832","52","132727601"
"chr3","151390903","151391025","chr15","41551789","41551915","10","109839114"
"chr3","151391678","151391980","chr15","41550837","41551138","30","109840841"
"chr3","151464963","151465295","chr15","41479524","41479827","73","109985439"
"chr3","151529764","151530038","chr15","41410721","41410997","26","110119043"
"chr3","151578996","151579274","chr15","41357932","41358203","32","110221064"
"chr3","151617343","151617615","chr15","41320014","41320269","45","110297329"
"chr3","151636612","151636891","chr16","69370753","69371039","65","82265859"
"chr3","151647434","151647561","chr15","41290347","41290474","8","110357087"
"chr3","151703900","151704211","chr29","11846470","11846792","69","139857430"
"chr3","151710426","151710552","chr11","108446732","108446848","21","43263694"
"chr3","151718285","151718597","chr26","24609232","24609529","68","127109053"
"chr3","151738345","151738465","chr15","41199366","41199483","13","110538979"
"chr3","151778776","151779064","chr8","124610123","124610410","55","27168653"
"chr3","151795369","151795490","chr15","41145256","41145381","17","110650113"
"chr3","151840692","151840990","chr15","41097106","41097403","19","110743586"
"chr3","151843369","151843689","chr15","41094430","41094735","55","110748939"
"chr3","151849930","151850145","chr20","24477419","24477638","40","127372511"
"chr3","151859287","151859599","chr15","41079729","41080023","40","110779558"
"chr3","151860395","151860676","chrX","23075277","23075553","53","128785118"
"chr3","151863626","151863918","chr11","90757791","90758089","51","61105835"
"chr3","151869940","151870212","chr15","41069044","41069319","21","110800896"
"chr3","151880638","151880750","chr15","41059457","41059570","9","110821181"
"chr3","151883060","151883347","chr15","41057193","41057488","28","110825867"
"chr3","151904564","151904859","chr4","73387701","73387985","63","78516863"
"chr3","151953610","151953902","chr28","11429316","11429610","50","140524294"
"chr3","151993962","151994264","chr7","129657773","129658075","45","22336189"
"chr3","152001296","152001407","chr28","10567015","10567130","21","141434281"
"chr3","152015479","152015647","chr16","57755261","57755443","54","94260218"
"chr3","152037716","152038025","chr15","40895266","40895566","36","111142450"
"chr3","152054530","152054646","chr15","40878216","40878333","4","111176314"
"chr3","152115688","152115900","chr9","15123027","15123245","43","136992661"
"chr3","152146838","152147103","chr20","12945293","12945557","60","139201545"
"chr3","152148531","152148768","chr17","21634294","21634531","55","130514237"
"chr3","152159368","152159676","chr24","31728884","31729191","60","120430484"
"chr3","152287832","152288158","chr17","70727189","70727498","85","81560643"
"chr3","152331528","152331825","chr13","63354816","63355120","68","88976712"
"chr3","152364414","152364685","chr15","40564338","40564609","18","111800076"
"chr3","152391360","152391536","chr16","58714294","58714474","37","93677066"
"chr3","152425041","152425159","chr9","52236491","52236612","18","100188550"
"chr3","152510264","152510569","chr9","72513299","72513606","63","79996965"
"chr3","152597223","152597526","chr15","40326630","40326933","23","112270593"
"chr3","152673353","152673613","chr15","40249441","40249700","16","112423912"
"chr3","152682522","152682707","chr8","51870936","51871136","58","100811586"
"chr3","152688182","152688302","chr15","40234738","40234851","13","112453444"
"chr3","152701661","152701943","chr15","40220825","40221111","31","112480836"
"chr3","152725982","152726134","chr19","23523583","23523734","22","129202399"
"chr3","152750940","152751092","chr19","23523583","23523734","22","129227357"
"chr3","152754875","152755084","chr15","40173074","40173267","28","112581801"
"chr3","152759569","152759828","chr23","40714079","40714332","62","112045490"
"chr3","152771236","152771528","chrX","16728551","16728852","61","136042685"
"chr3","152805381","152805569","chr15","40125422","40125601","24","112679959"
"chr3","152811149","152811449","chr9","20222738","20223045","65","132588411"
"chr3","152820274","152820574","chr9","20222738","20223045","65","132597536"
"chr3","152829377","152829656","chr18","57258610","57258895","59","95570767"
"chr3","152846133","152846350","chr20","86854233","86854457","53","65991900"
"chr3","152857286","152857480","chr15","40073963","40074157","10","112783323"
"chr3","152878329","152878448","chr15","40052527","40052653","11","112825802"
"chr3","152902825","152903145","chr15","40025681","40026001","31","112877144"
"chr3","152912158","152912446","chr5","53477553","53477841","52","99434605"
"chr3","152916058","152916242","chr15","40013473","40013644","21","112902585"
"chr3","152916535","152916663","chr15","40013043","40013171","7","112903492"
"chr3","152924229","152924433","chr6","9036672","9036870","49","143887557"
"chr3","152927228","152927535","chr2","10254529","10254833","67","142672699"
"chr3","152944236","152944408","chr15","39984743","39984915","14","112959493"
"chr3","152945789","152945955","chr15","39983214","39983389","33","112962575"
"chr3","152949296","152949579","chr6","14658376","14658659","54","138290920"
"chr3","152968963","152969245","chr15","39975423","39975703","23","112993540"
"chr3","153093276","153093556","chr15","39844862","39845172","40","113248414"
"chr3","153117471","153117750","chr13","34633273","34633552","61","118484198"
"chr3","153279978","153280269","chr15","39700825","39701099","33","113579153"
"chr3","153319928","153320236","chr8","35090872","35091179","60","118229056"
"chr3","153373234","153373526","chr4","68165779","68166071","59","85207455"
"chr3","153396376","153396629","chr15","39598822","39599067","27","113797554"
"chr3","153405890","153406121","chr15","39588887","39589109","31","113817003"
"chr3","153485416","153485691","chr15","39516337","39516617","24","113969079"
"chr3","153572729","153573033","chr15","39441049","39441349","31","114131680"
"chr3","153660311","153660431","chr15","39349600","39349719","7","114310711"
"chr3","153666641","153666937","chr12","40601683","40601983","61","113064958"
"chr3","153754362","153754614","chr12","44314541","44314793","64","109439821"
"chr3","153799384","153799511","chr5","1176392","1176508","25","152622992"
"chr3","153836613","153836758","chr15","39180185","39180330","7","114656428"
"chr3","153871836","153872132","chr16","15126695","15126974","82","138745141"
"chr3","153908131","153908437","chr17","69561469","69561769","54","84346662"
"chr3","153938961","153939076","chr15","39087993","39088110","10","114850968"
"chr3","153945061","153945310","chr15","39081238","39081501","34","114863823"
"chr3","153973125","153973429","chr28","13869656","13869964","50","140103469"
"chr3","154006963","154007266","chr15","39021939","39022241","23","114985024"
"chr3","154024931","154025095","chr12","14192767","14192922","35","139832164"
"chr3","154059614","154059914","chr18","54633853","54634141","74","99425761"
"chr3","154084416","154084695","chr15","38934824","38935110","40","115149592"
"chr3","154105653","154105960","chr15","38914264","38914590","49","115191389"
"chr3","154113137","154113266","chr15","38873551","38873668","21","115239586"
"chr3","154148029","154148239","chr15","38844120","38844326","19","115303909"
"chr3","154164244","154164381","chr28","1881598","1881731","25","152282646"
"chr3","154178552","154178838","chr5","69933160","69933446","58","84245392"
"chr3","154239680","154239981","chr15","38750578","38750876","27","115489102"
"chr3","154283754","154283937","chr13","36978301","36978477","46","117305453"
"chr3","154315575","154315736","chr15","38672525","38672686","14","115643050"
"chr3","154383055","154383351","chr8","96033195","96033493","65","58349860"
"chr3","154390213","154390478","chr23","47615757","47616032","61","106774456"
"chr3","154394072","154394358","chr9","87353527","87353802","60","67040545"
"chr3","154501963","154502192","chr8","20604934","20605154","52","133897029"
"chr3","154564695","154564904","chr15","38448241","38448462","34","116116454"
"chr3","154631252","154631477","chr15","38382370","38382598","20","116248882"
"chr3","154632248","154632537","chr16","47718178","47718470","55","106914070"
"chr3","154667682","154667883","chr12","74930519","74930738","63","79737163"
"chr3","154677491","154677783","chr22","6459533","6459839","79","148217958"
"chr3","154718491","154718759","chr15","38293920","38294196","32","116424571"
"chr3","154758853","154759095","chr6","651494","651732","45","154107359"
"chr3","154811474","154811746","chr22","58201639","58201902","64","96609835"
"chr3","154834106","154834400","chr16","45767131","45767417","65","109066975"
"chr3","154884571","154884890","chr20","88100516","88100832","57","66784055"
"chr3","154939169","154939467","chr15","38064914","38065212","19","116874255"
"chr3","154952899","154953195","chr15","38056820","38057118","25","116896079"
"chr3","154978730","154979023","chr6","5579741","5580022","61","149398989"
"chr3","155007290","155007351","chr15","38003021","38003081","5","117004269"
"chr3","155007777","155008006","chr17","58270492","58270720","65","96737285"
"chr3","155072111","155072396","chr15","37938979","37939297","56","117133132"
"chr3","155077212","155077322","chr15","37933548","37933646","15","117143664"
"chr3","155109198","155109443","chr6","15671712","15671967","56","139437486"
"chr3","155138159","155138254","chr15","37867990","37868085","2","117270169"
"chr3","155228128","155228393","chr15","37779629","37779881","37","117448499"
"chr3","155255727","155255992","chr15","37779629","37779881","37","117476098"
"chr3","155287293","155287414","chr15","37748447","37748569","13","117538846"
"chr3","155289544","155289813","chr10","84982540","84982818","61","70307004"
"chr3","155325176","155325468","chr15","37710408","37710695","26","117614768"
"chr3","155344220","155344469","chr15","37690340","37690582","19","117653880"
"chr3","155349021","155349310","chr13","66623260","66623546","63","88725761"
"chr3","155386890","155387061","chr5","26881640","26881814","41","128505250"
"chr3","155396550","155396837","chr15","37649001","37649288","19","117747549"
"chr3","155411123","155411438","chr15","37634521","37634837","21","117776602"
"chr3","155422037","155422184","chr9","27940751","27940899","25","127481286"
"chr3","155422496","155422641","chr6","12627284","12627433","33","142795212"
"chr3","155441482","155441761","chr15","37612650","37612947","39","117828832"
"chr3","155456358","155456482","chr3","4180408","4180531","21","151275950"
"chr3","155459958","155460274","chr15","37588556","37588863","30","117871402"
"chr3","155469982","155470231","chr10","88863190","88863445","63","66606792"
"chr3","155501745","155502039","chr21","56594655","56594953","65","98907090"
"chr3","155555274","155555582","chrX","44931626","44931920","64","110623648"
"chr3","155566270","155566387","chr15","37474376","37474493","6","118091894"
"chr3","155574758","155574899","chr4","22905624","22905758","27","132669134"
"chr3","155594993","155595154","chr24","55347977","55348137","30","100247016"
"chr3","156133452","156133656","chr4","31261339","31261555","59","124872113"
"chr3","156181756","156181936","chr6","2105468","2105636","42","154076288"
"chr3","156182254","156182388","chr7","30723072","30723208","27","125459182"
"chr3","156269838","156270143","chr9","10133092","10133386","69","146136746"
"chr3","156377462","156377578","chr19","14149350","14149467","19","142228112"
"chr3","156401326","156401515","chr20","120273706","120273893","44","36127620"
"chr3","156444682","156444979","chr15","36692491","36692780","36","119752191"
"chr3","156464608","156464912","chr15","36672478","36672783","18","119792130"
"chr3","156516810","156517124","chr11","104926282","104926592","67","51590528"
"chr3","156616557","156616644","chr15","36523927","36524014","5","120092630"
"chr3","156639273","156639580","chr15","845329","845627","71","155793944"
"chr3","156640881","156641005","chr15","36498578","36498702","9","120142303"
"chr3","156719576","156719865","chr25","23171490","23171776","56","133548086"
"chr3","156733543","156733823","chr19","10747011","10747299","60","145986532"
"chr3","156755205","156755502","chr15","36384130","36384398","54","120371075"
"chr3","156758651","156758886","chr15","36380287","36380510","37","120378364"
"chr3","156828572","156828882","chr24","44654567","44654861","70","112174005"
"chr3","156865183","156865352","chr16","60036519","60036682","35","96828664"
"chr3","156865379","156865504","chr4","53301781","53301907","19","103563598"
"chr3","156886666","156886963","chr1","121090436","121090732","55","35796230"
"chr3","156905170","156905468","chr5","55587449","55587750","54","101317721"
"chr3","156986918","156987123","chr6","2425699","2425906","47","154561219"
"chr3","156997080","156997373","chr12","26242642","26242933","58","130754438"
"chr3","157008925","157009229","chr15","36163420","36163715","39","120845505"
"chr3","157139309","157139597","chr15","36033899","36034184","41","121105410"
"chr3","157172073","157172339","chr15","36006971","36007257","44","121165102"
"chr3","157327933","157328131","chr15","35846732","35846931","16","121481201"
"chr3","157459663","157459780","chr16","18141993","18142109","20","139317670"
"chr3","157677692","157677911","chr15","35542532","35542752","22","122135160"
"chr3","157720047","157720349","chr15","35498419","35498689","53","122221628"
"chr3","157785374","157785668","chrX","41744387","41744680","69","116040987"
"chr3","157998718","157999019","chr8","97866093","97866396","53","60132625"
"chr3","158006735","158006852","chr15","35232402","35232519","13","122774333"
"chr3","158038396","158038560","chr7","94261816","94261982","45","63776580"
"chr3","158045807","158046116","chr11","114855636","114855938","69","43190171"
"chr3","158064678","158064907","chr9","94382616","94382844","45","63682062"
"chr3","158130469","158130585","chr15","35109503","35109616","12","123020966"
"chr3","158139437","158139757","chr15","35100047","35100362","37","123039390"
"chr3","158146546","158146811","chr15","35093050","35093316","18","123053496"
"chr3","158192421","158192716","chr15","35046277","35046574","21","123146144"
"chr3","158216245","158216464","chr3","78007196","78007424","52","80209049"
"chr3","158229747","158230055","chr1","5761054","5761364","25","152468693"
"chr3","158251312","158251405","chr16","17031860","17031948","18","141219452"
"chr3","158251504","158251810","chr1","5747836","5748142","20","152503668"
"chr3","158327352","158327650","chr7","129657773","129658075","63","28669579"
"chr3","158332441","158332714","chr15","34958122","34958396","20","123374319"
"chr3","158353285","158353486","chr25","73660335","73660540","54","84692950"
"chr3","158353487","158353784","chr15","34934054","34934353","23","123419433"
"chr3","158353785","158353905","chr5","27530951","27531065","22","130822834"
"chr3","158356933","158357224","chr5","38262732","38263029","60","120094201"
"chr3","158365298","158365572","chr15","34922735","34923012","18","123442563"
"chr3","158376745","158376930","chr6","10399384","10399569","42","147977361"
"chr3","158434082","158434386","chr15","34847474","34847786","33","123586608"
"chr3","158436448","158436740","chr28","11001719","11002016","55","147434729"
"chr3","158448279","158448538","chr15","34832614","34832883","33","123615665"
"chr3","158452727","158453030","chr11","117216720","117217018","64","41236007"
"chr3","158473208","158473501","chr14","8960710","8961010","66","149512498"
"chr3","158493147","158493445","chr15","34786921","34787222","22","123706226"
"chr3","158515118","158515447","chr15","34764604","34764909","43","123750514"
"chr3","158592138","158592425","chr24","51893398","51893685","55","106698740"
"chr3","158594820","158595107","chr15","34686248","34686550","27","123908572"
"chr3","158711856","158712151","chr12","40601683","40601983","47","118110173"
"chr3","158870077","158870333","chr25","56672531","56672793","65","102197546"
"chr3","158880135","158880454","chr15","34400348","34400660","27","124479787"
"chr3","158881343","158881656","chr5","10145436","10145732","68","148735907"
"chr3","158988902","158989027","chr15","34288759","34288881","8","124700143"
"chr3","159135718","159136012","chr1","6926108","6926403","59","152209610"
"chr3","159140264","159140573","chr25","71730235","71730538","61","87410029"
"chr3","159192276","159192440","chr15","34078238","34078403","19","125114038"
"chr3","159192738","159192858","chr15","34077817","34077940","9","125114921"
"chr3","159210916","159211214","chr8","92870394","92870682","72","66340522"
"chr3","159218042","159218335","chr19","10745242","10745522","63","148472800"
"chr3","159222904","159223187","chrX_KE148108v1_random","751066","751349","64","158471838"
"chr3","159263100","159263275","chr1","4191384","4191560","32","155071716"
"chr3","159290234","159290527","chr15","33985074","33985359","26","125305160"
"chr3","159290840","159291139","chr15","33984463","33984761","15","125306377"
"chr3","159346132","159346434","chr15","33930363","33930664","18","125415769"
"chr3","159368988","159369271","chr19","26002751","26003045","56","133366237"
"chr3","159423201","159423330","chr15","33860058","33860187","10","125563143"
"chr3","159426661","159427014","chr25","70645296","70645631","99","88781365"
"chr3","159459061","159459240","chr14","61420357","61420546","44","98038704"
"chr3","159552226","159552540","chr15","33730842","33731168","32","125821384"
"chr3","159554009","159554305","chr28","18192135","18192423","57","141361874"
"chr3","159574112","159574384","chr10","10593816","10594089","68","148980296"
"chr3","159595479","159595783","chr15","33687284","33687588","11","125908195"
"chr3","159605790","159606111","chr15","33673402","33673684","58","125932388"
"chr3","159696352","159696632","chr10","121263209","121263496","61","38433143"
"chr3","159710325","159710402","chr10","47083212","47083288","20","112627113"
"chr3","159742487","159742663","chr6","6742301","6742479","34","153000186"
"chr3","159742695","159742817","chr11","59236835","59236960","17","100505860"
"chr3","159745810","159746061","chr16","49611056","49611301","65","110134754"
"chr3","159748759","159749013","chr9","10818727","10818975","63","148930032"
"chr3","159793530","159793869","chr15","33484581","33484916","23","126308949"
"chr3","159835951","159836130","chr15","33443889","33444064","17","126392062"
"chr3","159847503","159847659","chr15","19107547","19107707","24","140739956"
"chr3","159869383","159869682","chrX_KE148108v1_random","1020209","1020503","61","158849174"
"chr3","159964360","159964637","chr15","33329298","33329582","19","126635062"
"chr3","159980080","159980383","chr11","75012171","75012475","57","84967909"
"chr3","160056592","160056894","chr15","33245367","33245671","20","126811225"
"chr3","160059740","160059997","chr15","33216045","33216329","40","126843695"
"chr3","160119557","160119836","chr10","23863486","23863759","77","136256071"
"chr3","160121342","160121633","chr8","95123636","95123919","57","64997706"
"chr3","160257596","160257903","chr11","120474575","120474879","58","39783021"
"chr3","160268377","160268661","chr15","33028163","33028460","36","127240214"
"chr3","160269725","160270007","chr15","33023746","33024033","26","127245979"
"chr3","160369289","160369539","chr15","32925291","32925543","18","127443998"
"chr3","160470623","160470955","chr15","64611902","64612212","73","95858721"
"chr3","160484423","160484740","chr15","32825972","32826293","19","127658451"
"chr3","160573706","160574008","chr20","12839995","12840293","71","147733711"
"chr3","160587193","160587289","chr24","48925681","48925773","37","111661512"
"chr3","160646086","160646275","chr15","32672904","32673066","42","127973182"
"chr3","160651672","160651951","chr15","32667115","32667392","16","127984557"
"chr3","160653160","160653473","chr15","32665616","32665917","34","127987544"
"chr3","160701832","160702113","chr15","32624572","32624849","22","128077260"
"chr3","160713785","160714071","chr15","32613024","32613291","34","128100761"
"chr3","160724089","160724193","chr12","98758120","98758228","21","61965969"
"chr3","160724231","160724417","chr15","32602403","32602574","26","128121828"
"chr3","160738551","160738845","chr15","32591558","32591870","42","128146993"
"chr3","160820665","160820947","chr15","32509948","32510213","35","128310717"
"chr3","160876454","160876634","chr9","32575410","32575585","43","128301044"
"chr3","160877838","160878141","chr15","32463358","32463660","27","128414480"
"chr3","160882312","160882614","chr15","32458992","32459288","19","128423320"
"chr3","160981754","160982039","chr15","32354568","32354867","33","128627186"
"chr3","161034818","161034915","chr12","59549016","59549107","30","101485802"
"chr3","161036336","161036631","chr15","32316016","32316313","20","128720320"
"chr3","161114699","161114911","chr20","9679524","9679736","44","151435175"
"chr3","161339487","161339704","chr15","32042729","32042943","12","129296758"
"chr3","161359768","161360061","chr15","32020546","32020842","30","129339222"
"chr3","161414484","161414757","chr15","31964228","31964508","33","129450256"
"chr3","161585545","161585811","chr15","31797615","31797896","33","129787930"
"chr3","161661836","161662140","chr15","31724621","31724927","24","129937215"
"chr3","161772002","161772121","chr15","31617309","31617419","17","130154693"
"chr3","161849502","161849765","chr15","31549686","31549935","32","130299816"
"chr3","162129428","162129729","chr5","25644337","25644643","65","136485091"
"chr3","162284586","162284843","chr15","31159465","31159726","21","131125121"
"chr3","162385774","162386093","chr15","31063261","31063581","30","131322513"
"chr3","162388663","162388945","chr15","31060422","31060704","19","131328241"
"chr3","162475116","162475413","chr15","30973647","30973941","30","131501469"
"chr3","162481356","162481642","chr26","38466771","38467062","64","124014585"
"chr3","162484409","162484716","chr22","47302382","47302689","66","115182027"
"chr3","162496220","162496502","chr15","30953443","30953726","27","131542777"
"chr3","162498784","162499084","chr15","30950877","30951167","32","131547907"
"chr3","162502338","162502639","chr5","19647348","19647653","63","142854990"
"chr3","162534140","162534438","chr10","61032167","61032451","68","101501973"
"chr3","162535331","162535532","chr15","30917110","30917317","16","131618221"
"chr3","162541143","162541435","chr16","43555299","43555598","66","118985844"
"chr3","162551820","162552091","chr15","30903533","30903811","21","131648287"
"chr3","162557792","162557906","chr15","30897813","30897909","20","131659979"
"chr3","162558147","162558442","chr15","30897278","30897572","16","131660869"
"chr3","162580640","162580856","chr15","30873678","30873887","29","131706962"
"chr3","162581161","162581272","chrX","44531053","44531163","25","118050108"
"chr3","162588321","162588590","chr15","30869334","30869608","30","131718987"
"chr3","162602242","162602521","chr20","127149011","127149300","54","35453231"
"chr3","162614606","162614892","chr2","22829229","22829516","64","139785377"
"chr3","162640618","162640933","chr10","72479859","72480174","42","90160759"
"chr3","162653179","162653295","chr3","24011820","24011936","25","138641359"
"chr3","162655892","162656052","chr15","30803535","30803699","17","131852357"
"chr3","162656373","162656520","chr15","30803088","30803246","29","131853285"
"chr3","162705967","162706179","chr7","29906301","29906503","49","132799666"
"chr3","162722752","162723055","chr15","30686591","30686873","45","132036161"
"chr3","162725548","162725800","chr15","30684184","30684402","46","132041364"
"chr3","162745183","162745343","chr2","60807555","60807722","34","101937628"
"chr3","162746724","162746900","chr9","112502853","112503017","21","50243871"
"chr3","162760877","162761167","chr19","10747011","10747299","58","152013866"
"chr3","162840495","162840755","chr9","8271967","8272222","57","154568528"
"chr3","162912463","162912752","chr6","1451037","1451336","61","161461426"
"chr3","162934893","162935190","chr15","30488459","30488756","23","132446434"
"chr3","162936155","162936458","chr28","7916708","7917003","65","155019447"
"chr3","162936745","162936950","chr15","30486708","30486913","12","132450037"
"chr3","162960581","162960867","chr15","30462118","30462407","11","132498463"
"chr3","162991924","162992048","chr15","30429197","30429321","8","132562727"
"chr3","163022130","163022430","chr20","76022720","76023022","56","86999410"
"chr3","163025121","163025403","chr15","30393309","30393590","21","132631812"
"chr3","163085015","163085308","chr15","30333488","30333749","47","132751527"
"chr3","163090815","163090921","chr15","30327849","30327955","7","132762966"
"chr3","163132659","163132952","chr15","30287475","30287763","21","132845184"
"chr3","163140083","163140370","chr15","30280148","30280429","32","132859935"
"chr3","163180566","163180843","chr15","30248695","30248960","47","132931871"
"chr3","163208448","163208733","chr15","30221408","30221705","35","132987040"
"chr3","163230259","163230559","chr15","30199529","30199828","26","133030730"
"chr3","163230927","163231050","chr15","30199033","30199156","6","133031894"
"chr3","163359730","163360018","chr15","30074040","30074310","37","133285690"
"chr3","163466470","163466705","chr23","53725434","53725669","56","109741036"
"chr3","163481441","163481746","chr15","29956437","29956749","26","133525004"
"chr3","163562153","163562444","chr15","29879440","29879742","23","133682713"
"chr3","163577011","163577311","chr15","29866390","29866684","17","133710621"
"chr3","163615686","163615980","chr16","41965176","41965466","58","121650510"
"chr3","163621767","163622076","chr15","29842310","29842615","27","133779457"
"chr3","163627990","163628285","chr9","12397809","12398107","51","151230181"
"chr3","163629781","163630057","chr15","29829625","29829908","19","133800156"
"chr3","163654338","163654463","chr2","34805124","34805252","21","128849214"
"chr3","163673144","163673347","chr15","29790193","29790392","29","133882951"
"chr3","163686772","163686944","chr4","50960924","50961105","57","112725848"
"chr3","163748571","163748693","chr24","70460065","70460184","23","93288506"
"chr3","163764998","163765296","chr5","36085977","36086277","61","127679021"
"chr3","163775929","163776215","chr15","29658482","29658748","40","134117447"
"chr3","163778061","163778349","chr15","29656334","29656622","18","134121727"
"chr3","163820278","163820620","chr28","5770916","5771224","85","158049362"
"chr3","163832185","163832503","chr15","29604204","29604495","46","134227981"
"chr3","163836305","163836524","chr15","29600259","29600483","26","134236046"
"chr3","163839465","163839738","chr15","29597059","29597334","23","134242406"
"chr3","163897477","163897583","chr23","78189106","78189214","23","85708371"
"chr3","163897635","163897710","chr23","49305220","49305293","15","114592415"
"chr3","163898048","163898142","chr15","29540796","29540890","11","134357252"
"chr3","163904546","163904852","chr15","29534025","29534331","19","134370521"
"chr3","163944559","163944780","chr15","29466667","29466889","22","134477892"
"chr3","163959107","163959401","chr12","46176958","46177244","59","117782149"
"chr3","163978204","163978425","chr15","29466667","29466889","22","134511537"
"chr3","164026850","164027135","chr13","62763744","62764028","60","101263106"
"chr3","164084016","164084315","chr28","15635761","15636057","68","148448255"
"chr3","164380942","164381236","chr15","29058213","29058525","34","135322729"
"chr3","164634932","164635219","chr8","24532185","24532463","65","140102747"
"chr3","164715725","164716004","chr9","111680563","111680842","60","53035162"
"chr3","164739434","164739745","chrX","48319272","48319571","71","116420162"
"chr3","164953477","164953770","chr10","58942372","58942664","74","106011105"
"chr3","165038952","165039265","chr28","15141829","15142140","59","149897123"
"chr3","165082537","165082693","chr15","28376340","28376496","11","136706197"
"chr3","165113547","165113816","chr15","28366031","28366291","35","136747516"
"chr3","165282909","165283176","chr1","11977315","11977584","71","153305594"
"chr3","165370812","165371018","chr21","9066574","9066788","50","156304238"
"chr3","165523648","165523934","chr4","62476996","62477290","59","103046652"
"chr3","165526987","165527273","chr15","27958137","27958396","40","137568850"
"chr3","165898216","165898518","chr3","9039788","9040087","76","156858428"
"chr3","165955033","165955307","chr16","15353366","15353637","60","150601667"
"chr3","165978493","165978742","chr13","89386738","89386983","69","76591755"
"chr3","166114430","166114596","chr1","77479350","77479510","43","88635080"
"chr3","166127105","166127306","chr3","56682972","56683172","49","109444133"
"chr3","166225991","166226196","chr15","25992776","25992976","19","140233215"
"chr3","166246141","166246301","chr6","27819307","27819466","40","138426834"
"chr3","166315654","166315966","chr5","17514062","17514363","79","148801592"
"chr3","166419197","166419495","chr15","25790953","25791242","25","140628244"
"chr3","166441875","166441968","chr15","25762900","25762994","9","140678975"
"chr3","166567013","166567130","chr15","25644330","25644447","4","140922683"
"chr3","166569008","166569253","chr2","17121092","17121344","68","149447916"
"chr3","166823680","166824000","chr8","89470220","89470533","69","77353460"
"chr3","167107736","167107852","chrX","44095615","44095731","21","123012121"
"chr3","167126751","167127032","chr3","5756203","5756487","61","161370548"
"chr3","167216812","167217149","chr15","24998257","24998585","37","142218555"
"chr3","167254572","167254881","chr15","24949787","24950096","27","142304785"
"chr3","167290714","167290826","chr11","101976241","101976351","22","65314473"
"chr3","167505175","167505442","chrX","108857921","108858191","65","58647254"
"chr3","167578869","167579154","chr15","24591987","24592261","31","142986882"
"chr3","167593086","167593330","chr15","24578354","24578604","21","143014732"
"chr3","167593968","167594263","chr15","24577417","24577710","27","143016551"
"chr3","167962716","167962970","chr15","24218764","24219013","27","143743952"
"chr3","167997212","167997519","chr28","15635761","15636057","75","152361451"
"chr3","168042955","168043196","chr25","48359408","48359668","71","119683547"
"chr3","168118344","168118608","chr15","24066499","24066763","35","144051845"
"chr3","168151249","168151548","chr5","36085977","36086277","69","132065272"
"chr3","168151966","168152238","chr15","24039384","24039657","24","144112582"
"chr3","168153562","168153849","chr9","33457927","33458206","63","134695635"
"chr3","168198818","168198968","chr15","23990226","23990376","31","144208592"
"chr3","168199820","168199939","chr15","23989289","23989408","5","144210531"
"chr3","168224192","168224486","chr15","23972715","23973003","35","144251477"
"chr3","168461132","168461431","chr15","23721972","23722243","65","144739160"
"chr3","168476186","168476465","chr9","13293479","13293754","72","155182707"
"chr3","168574617","168574736","chr12","106922930","106923052","18","61651687"
"chr3","168757528","168757833","chr15","23423472","23423775","30","145334056"
"chr3","168779502","168779580","chr1","50526977","50527056","22","118252525"
"chr3","168865345","168865636","chr15","23313421","23313692","39","145551924"
"chr3","168891376","168891656","chr15","23290447","23290737","37","145600929"
"chr3","169047143","169047424","chr22","27239708","27239993","72","141807435"
"chr3","169276709","169277021","chr9","103606114","103606420","68","65670595"
"chr3","169444492","169444534","chrUn_AQIB01158073v1","1","44","9","169444491"
"chr3","169500458","169500740","chr15","22630530","22630805","28","146869928"
"chr3","169725865","169726015","chr15","22383002","22383170","33","147342863"
"chr3","169747151","169747275","chr10","50254424","50254545","26","119492727"
"chr3","169747331","169747492","chr16","34822795","34822956","35","134924536"
"chr3","169759082","169759325","chr15","22348042","22348280","30","147411040"
"chr3","169763251","169763553","chr15","22343775","22344079","25","147419476"
"chr3","169785551","169785746","chr15","22317822","22318012","28","147467729"
"chr3","170118752","170119043","chr15","21998884","21999175","22","148119868"
"chr3","170205442","170205476","chr16","62849918","62849953","5","107355524"
"chr3","170205579","170205742","chr2","59213994","59214161","30","110991585"
"chr3","170260598","170260721","chr9","26189430","26189554","20","144071168"
"chr3","170345426","170345727","chr15","21773471","21773769","23","148571955"
"chr3","170380097","170380385","chr17","2666579","2666868","68","167713518"
"chr3","170387813","170387927","chr15","21730795","21730909","8","148657018"
"chr3","170479306","170479605","chr15","21641110","21641406","25","148838196"
"chr3","170520901","170521081","chr15","21600942","21601133","28","148919959"
"chr3","170521130","170521248","chr20","81532346","81532461","20","88988784"
"chr3","170526741","170527044","chr28","15141829","15142140","61","155384912"
"chr3","170533432","170533764","chr24","54654168","54654463","84","115879264"
"chr3","170644035","170644319","chr1","11728962","11729241","67","158915073"
"chr3","170749938","170750221","chr15","21387304","21387586","19","149362634"
"chr3","170890712","170890949","chr5","8626705","8626946","60","162264007"
"chr3","170955467","170955763","chr1","8248167","8248473","68","162707300"
"chr3","171026331","171026572","chr15","21121687","21121926","24","149904644"
"chr3","171037923","171038206","chr15","21109422","21109716","33","149928501"
"chr3","171149850","171150155","chr12","1445677","1445977","64","169704173"
"chr3","171192814","171193124","chr15","20972503","20972814","22","150220311"
"chr3","171207710","171207848","chr9","85664539","85664662","44","85543171"
"chr3","171361590","171361875","chr15","20795707","20796005","35","150565883"
"chr3","171509439","171509740","chr15","20657521","20657816","33","150851918"
"chr3","171553423","171553700","chr15","20619673","20619950","18","150933750"
"chr3","171647242","171647548","chr21","25983705","25984018","70","145663537"
"chr3","171661128","171661423","chr15","20487765","20488061","19","151173363"
"chr3","171762930","171763052","chr22","1742635","1742756","24","170020295"
"chr3","171810302","171810605","chr15","64611902","64612212","60","107198400"
"chr3","171850529","171850656","chr15","20300932","20301058","5","151549597"
"chr3","171947214","171947368","chr12","19565803","19565956","34","152381411"
"chr3","172393795","172393940","chr6","15464701","15464846","29","156929094"
"chr3","172393974","172394022","chr16","61959970","61960016","12","110434004"
"chr3","172436368","172436644","chr15","19722807","19723087","17","152713561"
"chr3","172507073","172507359","chr6","3162411","3162697","55","169344662"
"chr3","172511959","172512261","chr15","19672440","19672742","28","152839519"
"chr3","172537789","172538084","chr1","50456669","50456964","69","122081120"
"chr3","172574027","172574304","chr28","9470543","9470817","63","163103484"
"chr3","172620254","172620371","chrX_KE148108v1_random","4942481","4942602","25","167677773"
"chr3","172663121","172663322","chr15","19532442","19532644","16","153130679"
"chr3","172663639","172663750","chr15","19531998","19532104","16","153131641"
"chr3","172762829","172763136","chr15","19425942","19426252","30","153336887"
"chr3","172767874","172768142","chr15","19420966","19421210","33","153346908"
"chr3","172782934","172783101","chr15","19406321","19406499","19","153376613"
"chr3","172802228","172802527","chr15","19387598","19387901","17","153414630"
"chr3","172804231","172804395","chr15","19385738","19385893","19","153418493"
"chr3","172804685","172804834","chr15","19385307","19385447","23","153419378"
"chr3","172805558","172805837","chr5","69933160","69933446","60","102872398"
"chr3","172854019","172854335","chr4","90076815","90077130","69","82777204"
"chr3","172855405","172855522","chr15","19333238","19333355","13","153522167"
"chr3","172901339","172901413","chr18","62851759","62851829","19","110049580"
"chr3","172916152","172916324","chr15","19273406","19273577","14","153642746"
"chr3","172957727","172958035","chr7","103116086","103116396","61","69841641"
"chr3","172961686","172961969","chr5","22013995","22014273","68","150947691"
"chr3","172969184","172969456","chr11","45404639","45404928","71","127564545"
"chr3","172973712","172974017","chr4","72236676","72236987","74","100737036"
"chr3","172975562","172975676","chr15","19214449","19214570","16","153761113"
"chr3","173008426","173008625","chr15","19182437","19182631","26","153825989"
"chr3","173013065","173013366","chr13","29599790","29600087","66","143413275"
"chr3","173031751","173032020","chr11","30354614","30354886","72","142677137"
"chr3","173035776","173036076","chr15","19167354","19167651","21","153868422"
"chr3","173038103","173038216","chr15","19165091","19165214","16","153873012"
"chr3","173042818","173042969","chr15","19162237","19162388","14","153880581"
"chr3","173043241","173043305","chr10","19236416","19236476","11","153806825"
"chr3","173048201","173048485","chr5","36801677","36801956","58","136246524"
"chr3","173064370","173064666","chr6","44171723","44172017","65","128892647"
"chr3","173076934","173077238","chr15","19128685","19128984","21","153948249"
"chr3","173079386","173079674","chr15","19125668","19125956","24","153953718"
"chr3","173114247","173114522","chr2","82966059","82966332","66","90148188"
"chr3","173116258","173116524","chr15","19098418","19098682","23","154017840"
"chr3","173119701","173119814","chr19","14149350","14149467","17","158970351"
"chr3","173179132","173179359","chr17","35976118","35976347","52","137203014"
"chr3","173182074","173182279","chr8","76485359","76485554","51","96696715"
"chr3","173183942","173184247","chr2","19472650","19472949","73","153711292"
"chr3","173189145","173189430","chr1","37443357","37443633","75","135745788"
"chr3","173193697","173194013","chr15","19031523","19031835","37","154162174"
"chr3","173195079","173195388","chr1","2848348","2848652","70","170346731"
"chr3","173208531","173208761","chr14","33337018","33337248","48","139871513"
"chr3","173212423","173212727","chr24","58807593","58807893","61","114404830"
"chr3","173222732","173222979","chr11","105227064","105227282","69","67995668"
"chr3","173225609","173225881","chr28","19196628","19196884","68","154028981"
"chr3","173228379","173228664","chr3","52070397","52070682","59","121157982"
"chr3","173268279","173268548","chr28","9473723","9473998","61","163794556"
"chr3","173327997","173328343","chr2","7911992","7912322","82","165416005"
"chr3","173354041","173354326","chr15","18884414","18884699","31","154469627"
"chr3","173444080","173444194","chr5","44326591","44326705","21","129117489"
"chr3","173519141","173519449","chr9","103606114","103606420","56","69913027"
"chr3","173596080","173596371","chr15","18655671","18655969","33","154940409"
"chr3","173626550","173626812","chr5","56053280","56053547","62","117573270"
"chr3","173648168","173648293","chr15","18602516","18602647","16","155045652"
"chr3","173648588","173648880","chr5","25751882","25752173","66","147896706"
"chr3","173658285","173658407","chr15","18592407","18592527","14","155065878"
"chr3","173662415","173662736","chr24","67273546","67273875","74","106388869"
"chr3","173666866","173667152","chr15","18582569","18582865","31","155084297"
"chr3","173707331","173707609","chr10","121263209","121263496","65","52444122"
"chr3","173720961","173721204","chr15","18553514","18553765","52","155167447"
"chr3","173810882","173811185","chr5","36085977","36086277","64","137724905"
"chr3","173841654","173841785","chr15","18439957","18440076","23","155401697"
"chr3","173851328","173851622","chr15","18430088","18430372","55","155421240"
"chr3","173860642","173860918","chr20","118369036","118369295","60","55491606"
"chr3","173931487","173931771","chr15","18352156","18352457","32","155579331"
"chr3","173985062","173985355","chr15","18301543","18301852","31","155683519"
"chr3","173990823","173991118","chr15","18296282","18296581","25","155694541"
"chr3","174028290","174028571","chr11","118281378","118281671","65","55746912"
"chr3","174057693","174057978","chr15","18229805","18230104","35","155827888"
"chr3","174112956","174113100","chr5","26316268","26316411","30","147796688"
"chr3","174113413","174113579","chr7","134407285","134407443","33","39706128"
"chr3","174137949","174138266","chr15","18150531","18150842","29","155987418"
"chr3","174249775","174250123","chr28","18723682","18723992","98","155526093"
"chr3","174253903","174254216","chrX","38566822","38567123","53","135687081"
"chr3","174263025","174263318","chr9","33448530","33448818","65","140814495"
"chr3","174274742","174275039","chr15","18016038","18016344","20","156258704"
"chr3","174283899","174284074","chr22","79141545","79141713","57","95142354"
"chr3","174284100","174284205","chrX","13468168","13468267","29","160815932"
"chr3","174287083","174287402","chr15","18003655","18003943","44","156283428"
"chr3","174295311","174295430","chr2","15039632","15039753","20","159255679"
"chr3","174303771","174304075","chr9","59862290","59862592","68","114441481"
"chr3","174315326","174315427","chr22","28401369","28401469","17","145913957"
"chr3","174333930","174334189","chr5","3063135","3063392","48","171270795"
"chr3","174351003","174351302","chr2","60703863","60704158","55","113647140"
"chr3","174372095","174372391","chr15","17928707","17929017","49","156443388"
"chr3","174459824","174460061","chr15","17858987","17859227","17","156600837"
"chr3","174460904","174461204","chr15","17857824","17858148","44","156603080"
"chr3","174508396","174508676","chr15","17822933","17823206","30","156685463"
"chr3","174542566","174542843","chr15","17786596","17786890","35","156755970"
"chr3","174555271","174555553","chr24","54921299","54921588","50","119633972"
"chr3","174588354","174588622","chr15","17740002","17740305","59","156848352"
"chr3","174595427","174595584","chr1","17614467","17614625","33","156980960"
"chr3","174617366","174617606","chrX","38670376","38670614","56","135946990"
"chr3","174697599","174697722","chr15","17640971","17641098","11","157056628"
"chr3","174791206","174791524","chr24","32626321","32626625","79","142164885"
"chr3","174848484","174848777","chr20","114062015","114062311","70","60786469"
"chr3","174897482","174897770","chr15","17447825","17448112","19","157449657"
"chr3","174906964","174907257","chr15","17438314","17438608","22","157468650"
"chr3","174923756","174924068","chr15","17421232","17421544","27","157502524"
"chr3","174951110","174951423","chr17","36553442","36553750","62","138397668"
"chr3","174955012","174955305","chr15","17383265","17383558","27","157571747"
"chr3","174956949","174957244","chr15","17381359","17381661","27","157575590"
"chr3","174963666","174963974","chr6","28194245","28194544","57","146769421"
"chr3","174963984","174964118","chr25","67051112","67051246","39","107912872"
"chr3","174964417","174964555","chr6","17544954","17545089","30","157419463"
"chr3","174993399","174993685","chr15","17345570","17345856","13","157647829"
"chr3","175007738","175008025","chr15","17331572","17331876","36","157676166"
"chr3","175034018","175034313","chr15","17305943","17306244","21","157728075"
"chr3","175068360","175068623","chr15","17272045","17272297","33","157796315"
"chr3","175070970","175071271","chr15","17269398","17269673","41","157801572"
"chr3","175082209","175082506","chr15","17258211","17258528","57","157823998"
"chr3","175088255","175088554","chr15","17252282","17252576","26","157835973"
"chr3","175097069","175097300","chr15","17243597","17243827","16","157853472"
"chr3","175134511","175134761","chr27","40190981","40191239","62","134943530"
"chr3","175141111","175141425","chr15","17191350","17191632","53","157949761"
"chr3","175179402","175179547","chr15","17153179","17153323","7","158026223"
"chr3","175235715","175235913","chr15","17098583","17098782","11","158137132"
"chr3","175242011","175242228","chr15","17092308","17092526","12","158149703"
"chr3","175335123","175335412","chr13","42830527","42830817","59","132504596"
"chr3","175357914","175358047","chr15","16980768","16980887","21","158377146"
"chr3","175363089","175363239","chr2","11792022","11792185","47","163571067"
"chr3","175452225","175452414","chr15","16874428","16874613","16","158577797"
"chr3","175500267","175500437","chr19","24783029","24783211","42","150717238"
"chr3","175574654","175574930","chr15","16742490","16742781","38","158832164"
"chr3","175581263","175581502","chr15","16735897","16736148","26","158845366"
"chr3","175585927","175586023","chr15","16731059","16731150","10","158854868"
"chr3","175608194","175608305","chr15","16704427","16704553","19","158903767"
"chr3","175621062","175621376","chr22","24924291","24924589","76","150696771"
"chr3","175624570","175624707","chr18","58419927","58420053","38","117204643"
"chr3","175629733","175630012","chr11","103109356","103109649","54","72520377"
"chr3","175651898","175652174","chr15","16661014","16661321","52","158990884"
"chr3","175657030","175657323","chr5","26050866","26051163","62","149606164"
"chr3","175661531","175661659","chr15","16651184","16651312","3","159010347"
"chr3","175680885","175681194","chr5","25360110","25360407","77","150320775"
"chr3","175743291","175743582","chr15","16566280","16566565","32","159177011"
"chr3","175743800","175744103","chr15","16565741","16566058","38","159178059"
"chr3","175811684","175812002","chr28","10732928","10733237","67","165078756"
"chr3","175815630","175815736","chr5","54658851","54658949","33","121156779"
"chr3","175828879","175829190","chr28","15141829","15142140","58","160687050"
"chr3","175848410","175848476","chr13","4007290","4007356","24","171841120"
"chr3","175892245","175892581","chr19","2940882","2941195","79","172951363"
"chr3","176007599","176007902","chr15","16309396","16309698","33","159698203"
"chr3","176127797","176128092","chr28","15635761","15636057","67","160492036"
"chr3","176188078","176188209","chr15","16120389","16120520","9","160067689"
"chr3","176232001","176232264","chr15","16075649","16075912","15","160156352"
"chr3","176371758","176372058","chr22","35833038","35833336","70","140538720"
"chr3","176449261","176449572","chr22","18389861","18390184","73","158059400"
"chr3","176468649","176468921","chr15","15852855","15853116","30","160615794"
"chr3","176614686","176614996","chr15","15703062","15703367","28","160911624"
"chr3","176629518","176629834","chr9","33009638","33009947","66","143619880"
"chr3","176641914","176642179","chr15","15676994","15677256","18","160964920"
"chr3","176745592","176745895","chr9","107510499","107510795","61","69235093"
"chr3","176800350","176800528","chr15","15513543","15513742","30","161286807"
"chr3","176836516","176836808","chrX","6069656","6069948","61","170766860"
"chr3","176847093","176847416","chr15","15467714","15467992","66","161379379"
"chr3","176889225","176889538","chr12","25513401","25513708","67","151375824"
"chr3","176968033","176968328","chr1","50378567","50378860","59","126589466"
"chr3","177055012","177055093","chr18","58585156","58585236","22","118469856"
"chr3","177244346","177244466","chr3","4853553","4853676","18","172390793"
"chr3","177381996","177382152","chr14","69970915","69971073","31","107411081"
"chr3","177382458","177382602","chr13","65669620","65669764","28","111712838"
"chr3","177383449","177383743","chr14","68391943","68392237","52","108991506"
"chr3","177436033","177436201","chr6","5100205","5100370","30","172335828"
"chr3","177436474","177436741","chr15","14855561","14855824","39","162580913"
"chr3","177438647","177438929","chr15","14853681","14853967","59","162584966"
"chr3","177459306","177459610","chr26","39499170","39499478","64","137960136"
"chr3","177466955","177467255","chr12","40601683","40601983","52","136865272"
"chr3","177619545","177619744","chr15","14649513","14649715","23","162970032"
"chr3","177736194","177736500","chr21","107450772","107451077","69","70285422"
"chr3","177746745","177746954","chr15","14512455","14512668","18","163234290"
"chr3","177843382","177843671","chr15","14415340","14415641","44","163428042"
"chr3","177901017","177901308","chr5","69933160","69933446","54","107967857"
"chr3","177911313","177911399","chr10","41919217","41919308","18","135992096"
"chr3","177923013","177923312","chr15","14332421","14332706","33","163590592"
"chr3","177937640","177937773","chr2","25664954","25665086","31","152272686"
"chr3","177942485","177942784","chr15","14332421","14332706","33","163610064"
"chr3","178114867","178115164","chr15","14169129","14169435","35","163945738"
"chr3","178166609","178166890","chr24","54921299","54921588","72","123245310"
"chr3","178224975","178225278","chr15","14066792","14067077","44","164158183"
"chr3","178271182","178271405","chr15","14024683","14024906","26","164246499"
"chr3","178295321","178295594","chr15","51635083","51635359","61","126660238"
"chr3","178295642","178295657","chr1","92083515","92083527","3","86212127"
"chr3","178363801","178364116","chr24","54921299","54921588","73","123442502"
"chr3","178394784","178395068","chr20","9172636","9172911","61","169222148"
"chr3","178403597","178403882","chr15","13902487","13902761","30","164501110"
"chr3","178461490","178461796","chr8","40444495","40444803","77","138016995"
"chr3","178646337","178646625","chr8","65249136","65249425","71","113397201"
"chr3","178676151","178676214","chr18","67784475","67784534","14","110891676"
"chr3","178707815","178708092","chrX","86076667","86076942","61","92631148"
"chr3","178779291","178779536","chrX","43709429","43709664","70","135069862"
"chr3","178823457","178823565","chr15","13502820","13502928","8","165320637"
"chr3","178960614","178960940","chr14","67949514","67949823","84","111011100"
"chr3","179062717","179062733","chr1","80669726","80669739","5","98392991"
"chr3","179312359","179312600","chr5","14944049","14944301","30","164368310"
"chr3","179324147","179324199","chr29","20995348","20995399","12","158328799"
"chr3","179345088","179345372","chr12","58682335","58682613","65","120662753"
"chr3","179348654","179348952","chr16","23415190","23415484","66","155933464"
"chr3","179586690","179586984","chr28","11815548","11815841","66","167771142"
"chr3","179643899","179644190","chr9","114993494","114993783","62","64650405"
"chr3","179736653","179736945","chr20","70561074","70561375","62","109175579"
"chr3","179931277","179931572","chr15","12530342","12530643","20","167400935"
"chr3","180028543","180028820","chr3","52786034","52786309","61","127242509"
"chr3","180042031","180042332","chr15","12430883","12431183","19","167611148"
"chr3","180065511","180065804","chr15","12401098","12401388","26","167664413"
"chr3","180116887","180117186","chr8","36615254","36615533","73","143501633"
"chr3","180120044","180120334","chr12","8357025","8357315","68","171763019"
"chr3","180129013","180129167","chr11","115474601","115474761","34","64654412"
"chr3","180129463","180129653","chr12","43192940","43193123","41","136936523"
"chr3","180176663","180176954","chrX_KE148108v1_random","916021","916318","58","179260642"
"chr3","180224643","180224961","chr15","12243711","12244028","25","167980932"
"chr3","180241792","180241855","chr25","2613329","2613390","14","177628463"
"chr3","180243495","180243627","chr28","15505649","15505759","44","164737846"
"chr3","180262082","180262333","chr2","85318819","85319065","58","94943263"
"chr3","180266835","180267070","chr15","4548505","4548741","56","175718330"
"chr3","180270550","180270857","chr15","12190670","12190963","50","168079880"
"chr3","180280846","180281117","chr5","43129408","43129678","65","137151438"
"chr3","180292798","180293095","chr17","64707390","64707683","62","115585408"
"chr3","180293241","180293362","chr25","59527807","59527928","26","120765434"
"chr3","180296832","180297144","chr15","12166508","12166816","29","168130324"
"chr3","180301733","180301849","chr8","66360992","66361107","14","113940741"
"chr3","180351357","180351655","chr15","12113806","12114090","31","168237551"
"chr3","180496073","180496168","chr1","79424181","79424278","20","101071892"
"chr3","180500774","180501092","chr15","11967430","11967747","20","168533344"
"chr3","180536588","180536898","chr15","1989051","1989355","55","178547537"
"chr3","180710783","180711036","chr17","33859890","33860137","54","146850893"
"chr3","180863145","180863431","chr6","49183773","49184058","56","131679372"
"chr3","180917673","180917979","chr1","12105092","12105388","60","168812581"
"chr3","180940837","180941133","chr15","11538385","11538650","59","169402452"
"chr3","181037580","181037849","chr15","11442069","11442312","37","169595511"
"chr3","181076063","181076345","chr15","11406249","11406517","45","169669814"
"chr3","181337244","181337455","chr15","11148091","11148295","18","170189153"
"chr3","181676628","181676939","chr15","10777180","10777495","32","170899448"
"chr3","181796923","181797224","chr15","10663591","10663897","35","171133332"
"chr3","181834218","181834530","chr15","10626239","10626539","27","171207979"
"chr3","181843697","181843990","chr22","19578687","19578987","75","162265010"
"chr3","181888080","181888271","chr15","10572610","10572786","22","171315470"
"chr3","181938342","181938648","chr12","40601683","40601983","53","141336659"
"chr3","182005832","182006045","chr21","117303070","117303269","46","64702762"
"chr3","182147331","182147599","chr2","38929767","38930030","54","143217564"
"chr3","182151159","182151370","chr15","10326197","10326404","16","171824962"
"chr3","182213628","182213947","chr15","10274421","10274701","60","171939207"
"chr3","182240454","182240609","chr15","10248420","10248574","22","171992034"
"chr3","182265793","182266084","chr8","52051424","52051714","52","130214369"
"chr3","182284153","182284316","chr2","10386734","10386897","38","171897419"
"chr3","182334308","182334599","chr26","14952808","14953094","68","167381500"
"chr3","182342179","182342546","chr15","10129196","10129521","75","172212983"
"chr3","182364575","182364813","chr15","10116434","10116642","37","172248141"
"chr3","182366667","182366940","chr15","10105232","10105505","20","172261435"
"chr3","182369433","182369719","chr15","10102460","10102741","22","172266973"
"chr3","182376414","182376521","chr6","35684923","35685025","27","146691491"
"chr3","182376840","182377007","chr13","78888581","78888749","33","103488259"
"chr3","182418852","182419113","chr15","10057652","10057913","25","172361200"
"chr3","182429532","182429656","chr15","10038181","10038303","8","172391351"
"chr3","182432770","182432808","chr10","28220991","28221030","5","154211779"
"chr3","182463067","182463361","chr15","10007780","10008066","29","172455287"
"chr3","182468982","182469266","chr15","10001905","10002193","22","172467077"
"chr3","182476325","182476632","chr15","9994058","9994358","31","172482267"
"chr3","182481187","182481488","chr19","22613720","22614003","78","159867467"
"chr3","182502724","182502856","chr3","7808273","7808402","24","174694451"
"chr3","182504421","182504542","chr11","71617983","71618101","21","110886438"
"chr3","182505602","182505885","chr15","9962478","9962762","27","172543124"
"chr3","182516283","182516398","chr15","9952736","9952851","11","172563547"
"chr3","182527831","182528098","chr15","9940371","9940657","38","172587460"
"chr3","182542791","182542907","chr12","1916370","1916486","18","180626421"
"chr3","182544465","182544758","chr22","33245244","33245526","54","149299221"
"chr3","182568526","182568786","chr2","12243583","12243841","58","170324943"
"chr3","182569166","182569469","chr15","9896114","9896423","28","172673052"
"chr3","182578069","182578374","chr15","9886784","9887072","37","172691285"
"chr3","182580435","182580713","chr15","9884011","9884305","34","172696424"
"chr3","182582318","182582611","chr15","9881941","9882243","35","172700377"
"chr3","182583017","182583277","chr28","8251244","8251504","17","174331773"
"chr3","182599973","182600275","chr9","103037147","103037458","63","79562826"
"chr3","182608523","182608732","chr13","54887370","54887592","53","127721153"
"chr3","182618721","182618989","chr15","9845605","9845878","29","172773116"
"chr3","182626415","182626685","chr6","242086","242362","64","182384329"
"chr3","182672218","182672348","chr24","42555029","42555149","27","140117189"
"chr3","182724972","182725255","chr15","9720172","9720465","27","173004800"
"chr3","182738111","182738393","chr9","43478163","43478442","72","139259948"
"chr3","182753567","182753887","chr6","34634511","34634823","60","148119056"
"chr3","182762602","182762905","chr15","9682237","9682536","34","173080365"
"chr3","182765598","182765874","chr16","61923462","61923740","59","120842136"
"chr3","182772810","182773105","chr15","9671465","9671760","16","173101345"
"chr3","182870699","182870962","chr18","56578918","56579173","60","126291781"
"chr3","182884285","182884534","chr15","9558892","9559137","29","173325393"
"chr3","182914434","182914717","chr3","56243298","56243594","53","126671136"
"chr3","182919773","182920041","chr15","9522870","9523128","27","173396903"
"chr3","182925765","182926090","chr15","9516812","9517138","34","173408953"
"chr3","182940178","182940490","chr12","40601683","40601983","60","142338495"
"chr3","183014802","183015105","chr26","2584047","2584347","57","180430755"
"chr3","183030287","183030588","chr15","9413976","9414279","25","173616311"
"chr3","183045284","183045475","chr15","9404661","9404844","21","173640623"
"chr3","183045776","183045895","chr15","9404234","9404359","18","173641542"
"chr3","183049585","183049748","chr19","24703133","24703282","48","158346452"
"chr3","183082048","183082357","chr6","32543554","32543861","65","150538494"
"chr3","183320231","183320442","chr13","86154549","86154752","56","97165682"
"chr3","183338524","183338634","chr15","9106104","9106214","6","174232420"
"chr3","183634142","183634443","chr25","1230609","1230895","65","182403533"
"chr3","183655903","183656171","chr15","8790623","8790906","24","174865280"
"chr3","183751297","183751580","chr15","8712141","8712434","40","175039156"
"chr3","183756527","183756853","chr24","77163596","77163899","83","106592931"
"chr3","183887786","183888038","chr17","61911343","61911624","73","121976443"
"chr3","183916883","183917226","chr15","68404740","68405079","74","115512143"
"chr3","183930839","183931135","chrX","15533838","15534136","63","168397001"
"chr3","183939986","183940159","chr15","8519051","8519214","25","175420935"
"chr3","183940464","183940604","chr2","25502795","25502933","40","158437669"
"chr3","183951454","183951680","chr18","34090519","34090739","50","149860935"
"chr3","183967243","183967392","chr15","8492256","8492405","9","175474987"
"chr3","183978936","183979067","chr15","8480546","8480677","8","175498390"
"chr3","184011629","184011928","chr7","39013789","39014072","63","144997840"
"chr3","184013526","184013845","chr15","8447591","8447902","45","175565935"
"chr3","184021730","184022070","chr15","8436580","8436882","58","175585150"
"chr3","184056683","184056989","chr15","8401568","8401870","28","175655115"
"chr3","184080027","184080307","chr15","8377981","8378261","14","175702046"
"chr3","184089853","184090148","chr15","8359751","8360045","22","175730102"
"chr3","184108263","184108563","chr11","90757791","90758089","57","93350472"
"chr3","184162040","184162360","chr15","8284980","8285300","36","175877060"
"chr3","184171291","184171592","chr15","8276347","8276658","24","175894944"
"chr3","184324445","184324653","chr15","8129003","8129197","42","176195442"
"chr3","184404235","184404557","chr6","48120601","48120907","68","136283634"
"chr3","184408184","184408480","chr15","8042796","8043102","32","176365388"
"chr3","184434082","184434389","chr15","8016188","8016489","20","176417894"
"chr3","184506013","184506321","chrX","23549377","23549682","53","160956636"
"chr3","184513111","184513228","chr15","7935324","7935444","13","176577787"
"chr3","184589736","184589855","chr15","7858641","7858750","14","176731095"
"chr3","184636192","184636488","chr15","7811048","7811356","40","176825144"
"chr3","184685786","184685863","chr19","25121929","25122001","19","159563857"
"chr3","184711924","184712230","chr12","40601683","40601983","48","144110241"
"chr3","184741818","184741981","chr2","16875742","16875901","29","167866076"
"chr3","184742276","184742418","chrX","128554863","128555004","25","56187413"
"chr3","184743483","184743594","chr2","37723596","37723705","17","147019887"
"chr3","184835426","184835747","chr15","7617936","7618247","28","177217490"
"chr3","184855011","184855177","chr15","7598929","7599096","29","177256082"
"chr3","184855442","184855569","chr1","102828410","102828536","19","82027032"
"chr3","184862715","184862806","chrX","109618056","109618156","22","75244659"
"chr3","184871286","184871418","chr15","7583550","7583680","8","177287736"
"chr3","184886049","184886333","chr15","7569932","7570209","30","177316117"
"chr3","184894609","184894805","chrX","115739795","115739981","47","69154814"
"chr3","184896564","184896681","chr1","111773995","111774112","16","73122569"
"chr3","184897069","184897159","chr29","18343429","18343519","12","166553640"
"chr3","184898549","184898756","chr15","7564322","7564542","26","177334227"
"chr3","184908037","184908327","chr15","7556535","7556825","16","177351502"
"chr3","184914616","184914913","chr15","7553925","7554222","16","177360691"
"chr3","184920205","184920403","chr15","7545191","7545381","31","177375014"
"chr3","184923708","184924008","chr15","7541261","7541545","54","177382447"
"chr3","184946646","184946769","chr15","7519416","7519538","12","177427230"
"chr3","184950121","184950409","chr15","7515879","7516167","21","177434242"
"chr3","184952654","184952944","chr15","7512704","7513018","41","177439950"
"chr3","184958991","184959294","chr15","7497741","7498025","41","177461250"
"chr3","184961336","184961471","chr15","7495579","7495714","10","177465757"
"chr3","184961860","184961970","chr5","19367257","19367371","18","165594603"
"chr3","184964862","184965142","chr26","18145011","18145300","53","166819851"
"chr3","185025854","185026182","chr20","112914043","112914356","69","72111811"
"chr3","185261421","185261715","chr15","7208991","7209287","31","178052430"
"chr3","185262812","185262935","chr2","10287061","10287185","21","174975751"
"chr3","185268495","185268852","chr15","7201970","7202336","39","178066525"
"chr3","185437814","185438097","chr15","7030606","7030893","24","178407208"
"chr3","185735646","185735930","chr15","6738957","6739240","29","178996689"
"chr3","185736596","185736878","chr15","6738255","6738532","18","178998341"
"chr3","185763645","185763925","chr15","6710885","6711167","23","179052760"
"chr3","185770778","185771083","chr11","95541936","95542236","61","90228842"
"chr3","185847089","185847397","chr15","6636442","6636754","25","179210647"
"chr3","185850794","185850927","chr15","6632887","6633020","3","179217907"
"chr3","185867882","185868080","chr15","6619771","6619969","18","179248111"
"chr3","185869764","185870073","chr15","6618208","6618514","26","179251556"
"chr3","185932497","185932712","chr6","32859989","32860209","40","153072508"
"chr3","185940866","185941159","chr12","34200534","34200831","52","151740332"
"chr3","185988660","185988959","chr15","6506000","6506299","14","179482660"
"chr3","186003220","186003514","chr15","6491318","6491611","16","179511902"
"chr3","186012962","186013243","chr5","3947005","3947298","68","182065957"
"chr3","186027741","186028048","chr25","16745925","16746229","59","169281816"
"chr3","186035880","186036180","chr19","14040351","14040648","61","171995529"
"chr3","186049567","186049873","chr15","6444325","6444633","35","179605242"
"chr3","186050879","186051194","chr5","21242950","21243253","65","164807929"
"chr3","186054189","186054404","chr16","17905048","17905278","61","168149141"
"chr3","186076888","186077166","chr15","6414623","6414902","18","179662265"
"chr3","186083853","186084168","chr15","6407036","6407349","26","179676817"
"chr3","186084890","186085185","chr15","6406030","6406322","37","179678860"
"chr3","186106980","186107112","chr15","6385183","6385315","5","179721797"
"chr3","186125466","186125695","chr15","6366902","6367130","13","179758564"
"chr3","186131307","186131607","chr15","6361713","6362011","30","179769594"
"chr3","186147407","186147579","chr7","36560043","36560206","38","149587364"
"chr3","186147580","186147881","chr14","97965936","97966235","55","88181644"
"chr3","186147882","186148023","chr3","9564943","9565083","30","176582939"
"chr3","186158406","186158709","chr27","42742031","42742323","66","143416375"
"chr3","186160353","186160625","chr26","15272506","15272766","62","170887847"
"chr3","186173000","186173260","chr27","40190981","40191239","63","145982019"
"chr3","186187771","186187981","chr11","125453263","125453476","41","60734508"
"chr3","186195839","186196137","chrX","38463347","38463645","54","147732492"
"chr3","186198054","186198369","chr20","88100516","88100832","62","98097538"
"chr3","186204727","186204933","chr16","68293197","68293418","54","117911530"
"chr3","186206097","186206377","chr15","6281527","6281806","23","179924570"
"chr3","186215816","186215959","chr19","7725180","7725320","25","178490636"
"chr3","186222075","186222349","chr4","9157133","9157412","62","177064942"
"chr3","186226684","186226969","chr15","6260785","6261063","26","179965899"
"chr3","186229597","186229816","chr15","6258042","6258253","19","179971555"
"chr3","186243317","186243613","chr12","62680796","62681092","64","123562521"
"chr3","186250502","186250622","chr15","6233838","6233959","9","180016664"
"chr3","186269771","186269954","chrX","16828596","16828777","50","169441175"
"chr3","186270238","186270363","chr8","96167067","96167190","20","90103171"
"chr3","186361142","186361465","chr15","6129375","6129697","21","180231767"
"chr3","186396193","186396332","chr3","9564943","9565083","26","176831250"
"chr3","186396625","186396794","chr2","53773375","53773535","33","132623250"
"chr3","186410049","186410364","chr8","89974746","89975061","64","96435303"
"chr3","186416500","186416818","chr28","15141829","15142140","63","171274671"
"chr3","186429576","186429850","chr11","1245349","1245625","64","185184227"
"chr3","186431246","186431526","chr24","12259501","12259777","55","174171745"
"chr3","186434441","186434650","chr28","7998577","7998787","45","178435864"
"chr3","186449117","186449391","chr11","1245349","1245625","64","185203768"
"chr3","186450784","186451074","chr6","5976621","5976904","54","180474163"
"chr3","186453954","186454120","chr12","63948080","63948236","45","122505874"
"chr3","186481067","186481346","chr15","6011667","6011927","41","180469400"
"chr3","186519105","186519218","chr22","4743334","4743443","20","181775771"
"chr3","186563551","186563843","chr11","64800356","64800649","69","121763195"
"chr3","186611004","186611317","chr15","5887432","5887743","24","180723572"
"chr3","186615177","186615282","chr15","5882831","5882941","16","180732346"
"chr3","186615315","186615493","chr15","5882638","5882804","24","180732677"
"chr3","186672057","186672353","chr22","39003392","39003689","59","147668665"
"chr3","186684385","186684694","chr15","5811343","5811633","40","180873042"
"chr3","186691708","186691936","chr19","4522405","4522646","76","182169303"
"chr3","186694067","186694369","chr10","76220349","76220648","66","110473718"
"chr3","186752150","186752418","chr6","2365278","2365557","61","184386872"
"chr3","186754191","186754481","chr8","89913927","89914225","56","96840264"
"chr3","186765630","186765938","chr22","27686674","27686987","69","159078956"
"chr3","186774547","186774861","chr15","5742730","5743049","44","181031817"
"chr3","186789866","186790128","chr15","5726719","5726980","13","181063147"
"chr3","186791763","186792058","chr15","5725124","5725414","21","181066639"
"chr3","186808899","186809195","chrX","101869161","101869451","50","84939738"
"chr3","186816083","186816365","chr15","5705834","5706112","22","181110249"
"chr3","186836413","186836529","chr15","5687362","5687478","18","181149051"
"chr3","186840911","186841179","chr15","5682804","5683072","28","181158107"
"chr3","186855822","186856129","chr15","5667913","5668208","37","181187909"
"chr3","186897107","186897314","chr6","43159754","43159959","46","143737353"
"chr3","186900533","186900603","chr15","90477669","90477730","22","96422864"
"chr3","186900912","186901083","chr6","30615563","30615728","33","156285349"
"chr3","186911000","186911302","chr15","5623603","5623902","21","181287397"
"chr3","186971805","186971889","chr5","36031917","36032002","11","150939888"
"chr3","186984243","186984545","chr15","5556755","5557059","16","181427488"
"chr3","187097290","187097566","chr8","8338249","8338530","53","178759041"
"chr3","187118538","187118845","chr28","17762821","17763125","61","169355717"
"chr3","187121730","187122029","chr18","69293191","69293485","53","117828539"
"chr3","187130629","187130749","chr15","5417914","5418041","16","181712715"
"chr3","187166363","187166602","chr15","5380798","5381040","15","181785565"
"chr3","187172018","187172211","chrX","22351639","22351826","49","164820379"
"chr3","187172507","187172634","chr19","28133264","28133388","15","159039243"
"chr3","187202585","187202890","chr15","5344259","5344542","48","181858326"
"chr3","187210370","187210657","chr15","5333590","5333876","20","181876780"
"chr3","187218469","187218738","chr15","5325862","5326161","48","181892607"
"chr3","187219877","187220175","chr15","5324422","5324725","23","181895455"
"chr3","187222341","187222626","chr8","97390736","97391029","60","89831605"
"chr3","187231463","187231768","chr13","62570708","62571012","62","124660755"
"chr3","187247235","187247348","chr6","4067375","4067488","12","183179860"
"chr3","187249118","187249274","chr4","72362657","72362809","27","114886461"
"chr3","187249587","187249601","chr6","7410178","7410192","2","179839409"
"chr3","187267750","187268056","chr12","40601683","40601983","56","146666067"
"chr3","187276628","187276918","chr19","5788512","5788805","55","181488116"
"chr3","187280749","187281038","chr15","5264078","5264374","27","182016671"
"chr3","187302736","187302838","chr17","47346309","47346405","28","139956427"
"chr3","187315629","187315888","chr16","968052","968313","60","186347577"
"chr3","187327657","187327949","chr5","24784784","24785073","76","162542873"
"chr3","187335231","187335604","chr20","116619651","116620008","115","70715580"
"chr3","187379893","187380184","chr15","5157672","5157962","39","182222221"
"chr3","187389274","187389549","chr15","5150430","5150709","24","182238844"
"chr3","187425335","187425481","chr15","5109448","5109592","9","182315887"
"chr3","187456181","187456492","chr15","5053788","5054107","31","182402393"
"chr3","187504297","187504409","chr27","32577200","32577315","13","154927097"
"chr3","187509994","187510124","chr9","29387265","29387395","24","158122729"
"chr3","187517619","187517924","chrX_KE148108v1_random","1020209","1020503","58","186497410"
"chr3","187544596","187544904","chr15","4989609","4989913","26","182554987"
"chr3","187567571","187567693","chr15","4960840","4960960","8","182606731"
"chr3","187567723","187567864","chr15","4960644","4960792","12","182607079"
"chr3","187636419","187636728","chr15","4890888","4891168","45","182745531"
"chr3","187650422","187650529","chr21","66003971","66004077","19","121646451"
"chr3","187724767","187724981","chr15","4804875","4805089","18","182919892"
"chr3","187749914","187750147","chr8","62502402","62502633","9","125247512"
"chr3","187773819","187774115","chr15","4758482","4758777","21","183015337"
"chr3","187814202","187814498","chr15","4720467","4720779","36","183093735"
"chr3","187890527","187890793","chr4","67345250","67345513","66","120545277"
"chr3","187920625","187920921","chr5","26112911","26113207","59","161807714"
"chr3","187941466","187941722","chr15","4593471","4593741","24","183347995"
"chr3","187947741","187947875","chr15","4587055","4587186","9","183360686"
"chr3","187986008","187986235","chr15","4548505","4548741","38","183437503"
"chr3","188003433","188003743","chr8","91769637","91769938","57","96233796"
"chr3","188019873","188020159","chr1","50378567","50378860","57","137641306"
"chr3","188110845","188111131","chr15","4426520","4426789","27","183684325"
"chr3","188145505","188145671","chr15","4391015","4391168","27","183754490"
"chr3","188288452","188288751","chr15","4253229","4253531","28","184035223"
"chr3","188290164","188290472","chr12","40601683","40601983","54","147688481"
"chr3","188313519","188313645","chr15","4227960","4228086","5","184085559"
"chr3","188319385","188319620","chr6","8304999","8305224","52","180014386"
"chr3","188425955","188426240","chr15","4124862","4125161","28","184301093"
"chr3","188497119","188497412","chr15","4055284","4055576","22","184441835"
"chr3","188544536","188544653","chr15","4013041","4013158","5","184531495"
"chr3","188580143","188580443","chr6","5183055","5183334","76","183397088"
"chr3","188607802","188608106","chr28","13563477","13563776","58","175044325"
"chr3","188629349","188629472","chr15","3927216","3927339","7","184702133"
"chr3","188633926","188634230","chr20","101047031","101047314","85","87586895"
"chr3","188669542","188669652","chr24","80389129","80389237","26","108280413"
"chr3","188680113","188680416","chr15","3869104","3869413","22","184811009"
"chr3","188699130","188699407","chr18","31487233","31487509","37","157211897"
"chr3","188732012","188732231","chr28","14064194","14064406","47","174667818"
"chr3","188755199","188755497","chr24","12480435","12480739","48","176274764"
"chr3","188761396","188761682","chr15","3815683","3816010","61","184945713"
"chr3","188761700","188762020","chr15","3815347","3815663","28","184946353"
"chr3","188800667","188800939","chr15","3777903","3778168","24","185022764"
"chr3","188822568","188822688","chr15","3757273","3757393","11","185065295"
"chr3","188827548","188827837","chr15","3752067","3752357","17","185075481"
"chr3","188863792","188863909","chr5","26794954","26795068","16","162068838"
"chr3","188867381","188867660","chr15","3713478","3713751","25","185153903"
"chr3","188898408","188898705","chr10","64814896","64815195","65","124083512"
"chr3","188910726","188911042","chr15","3666524","3666832","39","185244202"
"chr3","188911224","188911524","chr15","3666047","3666343","34","185245177"
"chr3","188912426","188912730","chr15","3664535","3664834","30","185247891"
"chr3","188927250","188927512","chr7","121970010","121970276","67","66957240"
"chr3","188970770","188970987","chr15","3603810","3604054","40","185366960"
"chr3","188973454","188973756","chr12","13149213","13149510","61","175824241"
"chr3","188976464","188976565","chr26","37646365","37646472","20","151330099"
"chr3","188985861","188986162","chr15","3592893","3593197","31","185392968"
"chr3","188989830","188989931","chr26","37646365","37646472","20","151343465"
"chr3","188997406","188997546","chr2","78498382","78498525","31","110499024"
"chr3","188997857","188998022","chr6","8962326","8962490","37","180035531"
"chr3","189042241","189042548","chr2","36288924","36289237","70","152753317"
"chr3","189043482","189043777","chr15","3533926","3534253","51","185509556"
"chr3","189070222","189070511","chr24","83275070","83275360","59","105795152"
"chr3","189130354","189130669","chr5","36085977","36086277","71","153044377"
"chr3","189139675","189139944","chr15","91515724","91515996","53","97623951"
"chr3","189139960","189140297","chr15","3450984","3451289","77","185688976"
"chr3","189175651","189175995","chr2","34835851","34836151","101","154339800"
"chr3","189187658","189187839","chr15","3393721","3393895","21","185793937"
"chr3","189252596","189252893","chr15","3329710","3330020","45","185922886"
"chr3","189257046","189257140","chr15","3325445","3325535","9","185931601"
"chr3","189323081","189323359","chr9","13101219","13101497","54","176221862"
"chr3","189505451","189505786","chr17","14248760","14249078","77","175256691"
"chr3","189548376","189548620","chr28","14004640","14004861","66","175543736"
"chr3","189568996","189569122","chr15","3036162","3036285","13","186532834"
"chr3","189583331","189583643","chr15","3021581","3021893","14","186561750"
"chr3","189655359","189655662","chr15","2949151","2949448","34","186706208"
"chr3","189724309","189724593","chr5","51266348","51266635","63","138457961"
"chr3","189736985","189737288","chr15","2866465","2866767","23","186870520"
"chr3","189738703","189738828","chr25","72130619","72130741","18","117608084"
"chr3","189754427","189754627","chr15","2848094","2848274","33","186906333"
"chr3","189809184","189809446","chr15","2796362","2796645","39","187012822"
"chr3","189812769","189813061","chr11","46343863","46344160","56","143468906"
"chr3","189912891","189913022","chr15","81019906","81020037","9","108892985"
"chr3","189913340","189913485","chr15","81020354","81020498","8","108892986"
"chr3","189926805","189927134","chr15","81034084","81034400","34","108892721"
"chr3","189933023","189933300","chr15","81047035","81047319","21","108885988"
"chr3","189945426","189945721","chr15","81059578","81059868","27","108885848"
"chr3","189972673","189972963","chr15","81086056","81086346","11","108886617"
"chr3","190013260","190013374","chr24","50120918","50121035","18","139892342"
"chr3","190020408","190020673","chr15","81132104","81132384","31","108888304"
"chr3","190050458","190050610","chr19","7136725","7136883","39","182913733"
"chr3","190051828","190051995","chr15","81157603","81157767","19","108894225"
"chr3","190083637","190083942","chr10","59771258","59771559","68","130312379"
"chr3","190129261","190129548","chr15","81220477","81220765","26","108908784"
"chr3","190181265","190181559","chr12","40601683","40601983","60","149579582"
"chr3","190183647","190183917","chr8","124610123","124610410","73","65573524"
"chr3","190221708","190221878","chr15","81313726","81313875","30","108907982"
"chr3","190284325","190284631","chr18","71966149","71966446","69","118318176"
"chr3","190300222","190300524","chr15","81388154","81388452","27","108912068"
"chr3","190324337","190324637","chr15","81413292","81413593","19","108911045"
"chr3","190371859","190372182","chr13","63336480","63336811","75","127035379"
"chr3","190507169","190507363","chr15","81590085","81590278","11","108917084"
"chr3","190520181","190520479","chr25","81314476","81314777","58","109205705"
"chr3","190591928","190592195","chr15","81672195","81672489","36","108919733"
"chr3","190603437","190603560","chr15","81680738","81680861","9","108922699"
"chr3","190633112","190633302","chr6","16133874","16134061","52","174499238"
"chr3","190647977","190648303","chr15","81695998","81696316","32","108951979"
"chr3","190692707","190692967","chr27","40190981","40191239","60","150501726"
"chr3","190711716","190712014","chr15","81756364","81756668","25","108955352"
"chr3","190713958","190714172","chr15","81758666","81758884","17","108955292"
"chr3","190736891","190737199","chr16","46883446","46883746","66","143853445"
"chr3","190756158","190756467","chr15","81799202","81799500","51","108956956"
"chr3","190893408","190893720","chr15","81959744","81960063","32","108933664"
"chr3","190932875","190933046","chr26","52040629","52040797","17","138892246"
"chr3","190967855","190968161","chrX","55581562","55581870","71","135386293"
"chr3","190993824","190994113","chr15","82054772","82055069","49","108939052"
"chr3","191054013","191054304","chr15","82111368","82111655","27","108942645"
"chr3","191067192","191067472","chr15","82124149","82124419","43","108943043"
"chr3","191147001","191147284","chr11","47302095","47302371","66","143844906"
"chr3","191159796","191160128","chr15","82188445","82188769","30","108971351"
"chr3","191370744","191371025","chr10","79086793","79087073","65","112283951"
"chr3","191403613","191403913","chr15","82428153","82428451","31","108975460"
"chr3","191509975","191510276","chr15","82522827","82523141","29","108987148"
"chr3","191560229","191560505","chr15","82572822","82573080","34","108987407"
"chr3","191630409","191630622","chr16","24192433","24192632","49","167437976"
"chr3","191643719","191644015","chr9","10133092","10133386","72","181510627"
"chr3","191652817","191653110","chr12","103939005","103939299","56","87713812"
"chr3","191747440","191747673","chr6","28466492","28466729","50","163280948"
"chr3","191752618","191752851","chr6","28466492","28466729","50","163286126"
"chr3","191989693","191989987","chrX","37672382","37672663","67","154317311"
"chr3","192107833","192108066","chr15","83097700","83097929","32","109010133"
"chr3","192144889","192145062","chr15","83139728","83139900","9","109005161"
"chr3","192181213","192181518","chr15","83171593","83171892","25","109009620"
"chr3","192190577","192190868","chr15","83180905","83181203","25","109009672"
"chr3","192196395","192196679","chr25","73613577","73613858","65","118582818"
"chr3","192259293","192259581","chr9","20902677","20902967","59","171356616"
"chr3","192324233","192324472","chr1","111705078","111705309","63","80619155"
"chr3","192334524","192334814","chr26","8060005","8060291","71","184274519"
"chr3","192355164","192355339","chr6","4193106","4193273","35","188162058"
"chr3","192402779","192403083","chr15","83384368","83384683","35","109018411"
"chr3","192469373","192469581","chr15","83441552","83441779","40","109027821"
"chr3","192510124","192510413","chr15","83481906","83482197","24","109028218"
"chr3","192591202","192591527","chr15","83560147","83560459","30","109031055"
"chr3","192630736","192631006","chr15","83599324","83599589","20","109031412"
"chr3","192682881","192683187","chr15","83650171","83650474","29","109032710"
"chr3","192797504","192797818","chr2","88689993","88690290","35","104107511"
"chr3","192802061","192802369","chr15","83758292","83758588","36","109043769"
"chr3","192862343","192862449","chr2","36048660","36048761","21","156813683"
"chr3","193051301","193051607","chr9","22663692","22664000","62","170387609"
"chr3","193136689","193136941","chr7","12576078","12576350","65","180560611"
"chr3","193189150","193189403","chr6","26855550","26855797","54","166333600"
"chr3","193221236","193221451","chr15","84162160","84162352","43","109059076"
"chr3","193237409","193237508","chr9","15204946","15205044","15","178032463"
"chr3","193265498","193265801","chr14","83470722","83471005","76","109794776"
"chr3","193472657","193472968","chr9","24723526","24723830","70","168749131"
"chr3","193482332","193482643","chr9","24723526","24723830","70","168758806"
"chr3","193490196","193490426","chr1","3764854","3765093","59","189725342"
"chr3","193555731","193556041","chr3","11118896","11119204","72","182436835"
"chr3","193626388","193626668","chr16","57847381","57847661","62","135779007"
"chr3","193669512","193669813","chr15","84578752","84579051","21","109090760"
"chr3","193687953","193688247","chr15","84596613","84596907","20","109091340"
"chr3","193869557","193869841","chr15","84785712","84786000","27","109083845"
"chr3","193875311","193875587","chr15","84791663","84791976","58","109083648"
"chr3","194163054","194163356","chr20","40979973","40980262","62","153183081"
"chr3","194173626","194173715","chr10","41919217","41919308","16","152254409"
"chr3","194254478","194254730","chr8","49983222","49983484","65","144271256"
"chr3","194260518","194260824","chr24","69288072","69288382","70","124972446"
"chr3","194301838","194302058","chr15","85180619","85180839","39","109121219"
"chr3","194302320","194302429","chr15","85181092","85181197","13","109121228"
"chr3","194334890","194335202","chr15","85207199","85207487","50","109127691"
"chr3","194393796","194394090","chr15","85260833","85261129","30","109132963"
"chr3","194411444","194411684","chr16","45284481","45284722","50","149126963"
"chr3","194580549","194580735","chr16","1241030","1241214","49","193339519"
"chr3","194651817","194652060","chr15","91592781","91593011","57","103059036"
"chr3","194816040","194816213","chr22","40062408","40062597","55","154753632"
"chr3","194891808","194892072","chr15","85734457","85734723","19","109157351"
"chr3","194990273","194990550","chr1","18610357","18610639","64","176379916"
"chr3","195087817","195088125","chr8","98215824","98216113","72","96871993"
"chr3","195109877","195110158","chr16","70839769","70840052","61","124270108"
"chr3","195148944","195149239","chr15","85990035","85990330","15","109158909"
"chr3","195315470","195315594","chr26","28109493","28109616","21","167205977"
"chr3","195430335","195430615","chr28","1491600","1491897","37","193938735"
"chr3","195430646","195430763","chr21","3088821","3088936","11","192341825"
"chr3","195490162","195490509","chr15","64611902","64612212","88","130878260"
"chr3","195531740","195532043","chr15","86346697","86346987","51","109185043"
"chr3","195580638","195580916","chr15","86393994","86394295","43","109186644"
"chr3","195583731","195584055","chr16","34437181","34437500","65","161146550"
"chr3","195598137","195598288","chr22","53438809","53438957","29","142159328"
"chr3","195687891","195688221","chrX_KE148108v1_random","6592939","6593259","81","189094952"
"chr3","195688301","195688591","chr6","28357093","28357377","65","167331208"
"chr3","195931639","195931938","chr11","115672992","115673298","62","80258647"
"chr3","195944984","195945204","chr26","8241802","8242014","49","187703182"
"chr3","195956608","195956899","chr8","13918434","13918710","71","182038174"
"chr3","195994717","195995002","chr15","86789131","86789410","36","109205586"
"chr3","196026688","196026888","chr16","1798188","1798391","39","194228500"
"chr3","196090271","196090404","chr20","23113976","23114109","21","172976295"
"chr3","196142293","196142531","chr15","86915154","86915390","21","109227139"
"chr3","196153062","196153190","chr15","86924067","86924194","13","109228995"
"chr3","196169025","196169303","chr5","26070411","26070686","57","170098614"
"chr3","196187583","196187693","chr15","86957762","86957873","16","109229821"
"chr3","196210416","196210587","chr18","54083530","54083701","49","142126886"
"chr3","196217037","196217319","chr16","31822330","31822608","58","164394707"
"chr3","196236860","196237167","chr15","87004721","87005016","32","109232139"
"chr3","196259485","196259711","chr2","66668295","66668530","65","129591190"
"chr3","196315982","196316254","chr15","87080026","87080298","23","109235956"
"chr3","196385705","196385903","chr5","1633584","1633773","48","194752121"
"chr3","196386101","196386407","chr12","40601683","40601983","49","155784418"
"chr3","196394929","196395223","chr9","10133092","10133386","65","186261837"
"chr3","196409483","196409774","chrX","15044089","15044385","65","181365394"
"chr3","196456847","196457147","chr5","21636995","21637286","71","174819852"
"chr3","196516058","196516321","chr2","14693364","14693634","57","181822694"
"chr3","196706803","196707079","chr15","87456131","87456409","25","109250672"
"chr3","196748293","196748603","chr2","18885280","18885593","66","177863013"
"chr3","196810706","196811019","chr12","40601683","40601983","69","156209023"
"chr3","196871906","196871997","chr15","87623109","87623200","4","109248797"
"chr3","196908485","196908793","chr18","3430466","3430765","61","193478019"
"chr3","196990434","196990732","chr19","14040351","14040648","54","182950083"
"chr3","196996048","196996278","chr15","87740948","87741179","19","109255100"
"chr3","197003010","197003317","chr15","87747630","87747929","46","109255380"
"chr3","197018381","197018666","chr15","87769607","87769892","34","109248774"
"chr3","197030760","197031063","chr15","87782041","87782347","31","109248719"
"chr3","197082595","197082915","chr17","36553442","36553750","65","160529153"
"chr3","197097548","197097760","chr15","87852806","87853032","38","109244742"
"chr3","197113197","197113517","chr17","36553442","36553750","65","160559755"
"chr3","197199855","197200168","chr15","87935362","87935679","27","109264493"
"chr3","197229656","197229950","chr15","87965304","87965591","42","109264352"
"chr3","197254786","197255076","chr25","44770913","44771213","68","152483873"
"chr3","197328688","197328994","chr15","88056393","88056703","36","109272295"
"chr3","197361022","197361208","chr1","99962073","99962258","37","97398949"
"chr3","197367356","197367503","chr14","83635014","83635159","27","113732342"
"chr3","197367504","197367813","chr5","20867301","20867598","70","176500203"
"chr3","197367814","197367838","chr6","16244637","16244664","7","181123177"
"chr3","197368139","197368318","chr5","26881640","26881814","34","170486499"
"chr3","197444189","197444464","chr15","88161479","88161777","38","109282710"
"chr3","197477009","197477141","chr10","62110393","62110528","34","135366616"
"chr3","197477172","197477284","chr1","5833530","5833640","25","191643642"
"chr3","197511478","197511615","chr15","88228151","88228287","16","109283327"
"chr3","197517933","197518257","chr15","88234979","88235283","63","109282954"
"chr3","197529292","197529489","chr15","88246979","88247176","11","109282313"
"chr3","197541381","197541661","chr15","88258925","88259203","22","109282456"
"chr3","197574117","197574404","chr8","21390008","21390291","67","176184109"
"chr3","197613178","197613484","chr11","65055630","65055945","60","132557548"
"chr3","197665931","197666230","chr10","76220349","76220648","54","121445582"
"chr3","197671218","197671530","chr15","88388157","88388470","23","109283061"
"chr3","197687724","197688008","chr24","67813869","67814143","58","129873855"
"chr3","197768121","197768430","chr20","67936342","67936642","29","129831779"
"chr3","197857104","197857238","chr15","88578410","88578543","10","109278694"
"chr3","197857533","197857718","chr15","88578841","88579013","40","109278692"
"chr3","197878744","197878927","chr15","88600109","88600292","16","109278635"
"chr3","197887141","197887443","chr15","88608722","88609028","28","109278419"
"chr3","197888177","197888298","chrX","44725109","44725226","20","153163068"
"chr3","197911429","197911619","chr4","51823061","51823246","54","146088368"
"chr3","197911659","197911776","chr12","35481211","35481325","20","162430448"
"chr3","197981631","197981737","chr6","38700623","38700728","20","159281008"
"chr3","197997358","197997647","chr15","88719027","88719312","28","109278331"
"chr3","198025100","198025222","chr15","88742000","88742122","13","109283100"
"chr3","198041823","198041941","chr15","88756748","88756864","13","109285075"
"chr3","198041969","198042137","chr15","88756907","88757064","29","109285062"
"chr3","198086575","198086703","chr15","88803716","88803839","13","109282859"
"chr3","198143230","198143529","chr1","86736914","86737218","63","111406316"
"chr3","198175219","198175517","chr20","114968804","114969096","63","83206415"
"chr3","198233850","198234139","chr15","88964148","88964442","30","109269702"
"chr3","198240352","198240573","chr28","11486047","11486252","55","186754305"
"chr3","198270483","198270805","chr1","45402414","45402730","67","152868069"
"chr3","198273034","198273337","chr17","1647761","1648065","55","196625273"
"chr3","198283917","198284179","chr5","36231330","36231593","66","162052587"
"chr3","198360587","198360886","chr28","10055556","10055859","60","188305031"
"chr3","198391804","198392076","chr22","51758042","51758320","53","146633762"
"chr3","198409854","198410152","chr14","98809397","98809693","58","99600457"
"chr3","198420548","198420844","chr12","40601683","40601983","64","157818865"
"chr3","198524689","198524824","chr25","16271289","16271430","29","182253400"
"chr3","198524860","198524980","chr11","31951098","31951216","25","166573762"
"chr3","198528005","198528288","chr15","89241319","89241613","33","109286686"
"chr3","198553531","198553653","chr15","89270240","89270361","4","109283291"
"chr3","198637360","198637504","chr15","89346310","89346442","27","109291050"
"chr3","198647405","198647710","chr15","89357092","89357398","19","109290313"
"chr3","198698096","198698415","chr15","89408039","89408358","15","109290057"
"chr3","198703303","198703463","chr15","89412830","89412985","15","109290473"
"chr3","198703763","198704089","chr1","28858178","28858492","71","169845585"
"chr3","198754033","198754293","chr25","55478541","55478797","59","143275492"
"chr3","198755646","198755866","chr15","77139883","77140103","59","121615763"
"chr3","198760318","198760457","chr15","89466069","89466209","9","109294249"
"chr3","198763104","198763221","chr2","14358817","14358933","15","184404287"
"chr3","198777727","198778025","chr13","62433402","62433706","61","136344325"
"chr3","198778450","198778736","chr12","103939005","103939299","52","94839445"
"chr3","198779245","198779513","chr15","89485934","89486195","18","109293311"
"chr3","198782307","198782473","chr21","25966505","25966671","37","172815802"
"chr3","198782766","198782783","chr6","5389085","5389102","4","193393681"
"chr3","198782937","198783235","chrX","33272462","33272752","55","165510475"
"chr3","198784430","198784717","chr8","47988061","47988346","59","150796369"
"chr3","198799952","198800254","chr9","59862290","59862592","67","138937662"
"chr3","198802796","198803086","chr15","48158403","48158695","60","150644393"
"chr3","198805154","198805460","chr15","89512924","89513223","30","109292230"
"chr3","198810321","198810416","chr28","4323106","4323199","15","194487215"
"chr3","198818395","198818548","chr16","4801979","4802133","28","194016416"
"chr3","198818853","198818986","chr15","89526475","89526598","21","109292378"
"chr3","198850579","198850870","chr15","89550551","89550840","24","109300028"
"chr3","198867258","198867556","chr12","40601683","40601983","57","158265575"
"chr3","198869888","198870017","chr15","89571277","89571409","10","109298611"
"chr3","198873216","198873522","chr15","89574638","89574933","35","109298578"
"chr3","198875203","198875507","chr15","89576615","89576911","24","109298588"
"chr3","198896383","198896661","chr15","89600417","89600681","39","109295966"
"chr3","198978249","198978542","chr4","1400342","1400639","27","197577907"
"chr3","198984572","198984629","chr27","43017088","43017134","21","155967484"
"chr3","199016194","199016513","chr11","109933094","109933406","69","89083100"
"chr3","199021910","199022041","chr4","88241894","88242026","25","110780016"
"chr3","199062218","199062517","chr12","1445677","1445977","56","197616541"
"chr3","199118131","199118450","chr15","91295500","91295808","38","107822631"
"chr3","199151324","199151612","chr15","91267422","91267718","32","107883902"
"chr3","199153298","199153595","chr15","91265161","91265454","30","107888137"
"chr3","199186537","199186857","chr15","91236936","91237258","29","107949601"
"chr3","199232685","199232931","chr15","91192763","91193009","31","108039922"
"chr3","199244488","199244795","chr15","91179075","91179386","29","108065413"
"chr3","199249743","199249992","chr15","91177130","91177420","62","108072613"
"chr3","199270190","199270238","chr4","1443085","1443135","3","197827105"
"chr3","199355011","199355320","chr20","108198380","108198678","63","91156631"
"chr3","199361048","199361332","chr21","40049014","40049307","82","159312034"
"chr3","199375920","199376199","chr15","91128662","91128923","48","108247258"
"chr3","199393109","199393295","chr5","69769554","69769755","62","129623555"
"chr3","199406956","199407242","chr15","91093966","91094259","26","108312990"
"chr3","199413117","199413241","chr15","91092230","91092362","18","108320887"
"chr3","199431885","199432023","chr1","64778378","64778515","28","134653507"
"chr3","199451939","199452054","chr15","91057580","91057695","10","108394359"
"chr3","199452565","199452653","chr26","38751560","38751644","15","160701005"
"chr3","199452984","199453118","chr15","91056506","91056640","8","108396478"
"chr3","199463372","199463487","chr15","91045586","91045701","11","108417786"
"chr3","199463674","199463811","chr1","108974268","108974407","29","90489406"
"chr3","199465011","199465308","chr8","93067883","93068179","52","106397128"
"chr3","199470185","199470395","chr15","91038391","91038597","29","108431794"
"chr3","199482082","199482207","chr18","31219944","31220076","22","168262138"
"chr3","199486064","199486373","chr28","11571545","11571852","65","187914519"
"chr3","199487793","199488055","chr28","19804729","19804994","51","179683064"
"chr3","199503826","199504138","chr7","83107013","83107326","57","116396813"
"chr3","199516139","199516430","chrX","43855743","43856043","74","155660396"
"chr3","199516773","199517070","chr15","90986070","90986343","42","108530703"
"chr3","199522513","199522808","chr15","90978695","90978991","27","108543818"
"chr3","199533704","199533988","chr17","66696344","66696627","52","132837360"
"chr3","199536979","199537090","chr15","90957888","90957999","9","108579091"
"chr3","199537399","199537602","chr15","90957376","90957603","50","108580023"
"chr3","199558852","199559157","chr15","90937327","90937631","14","108621525"
"chr3","199562914","199563219","chr15","90937327","90937631","14","108625587"
"chr3","199576829","199577133","chr16","33314948","33315243","58","166261881"
"chr3","199581084","199581377","chr6","39036641","39036936","50","160544443"
"chr3","199581539","199581680","chr19","5483390","5483538","30","194098149"
"chr3","199589918","199590218","chr15","90925061","90925362","22","108664857"
"chr3","199593567","199593846","chr15","90921531","90921816","38","108672036"
"chr3","199603875","199604117","chr15","90911625","90911867","13","108692250"
"chr3","199611678","199611812","chr11","1344046","1344181","24","198267632"
"chr3","199612385","199612563","chr15","90903137","90903306","23","108709248"
"chr3","199634137","199634259","chr15","90885525","90885649","10","108748612"
"chr3","199639626","199639916","chr15","90871274","90871575","36","108768352"
"chr3","199644105","199644416","chr17","57329468","57329781","65","142314637"
"chr3","199657598","199657899","chr15","90863178","90863478","26","108794420"
"chr3","199690192","199690373","chr17","47178290","47178467","55","152511902"
"chr3","199690887","199690936","chr11","107652649","107652698","13","92038238"
"chr3","199691479","199691765","chr15","90831044","90831328","16","108860435"
"chr3","199694976","199695280","chr15","90828068","90828380","45","108866908"
"chr3","199695583","199695859","chr14","82166578","82166861","63","117529005"
"chr3","199698532","199698663","chr6","11027667","11027797","23","188670865"
"chr3","199714920","199715207","chr15","90814918","90815198","23","108900002"
"chr3","199716412","199716700","chr15","90813392","90813682","23","108903020"
"chr3","199724470","199724763","chr15","90804495","90804775","37","108919975"
"chr3","199725491","199725775","chr8","62708622","62708915","81","137016869"
"chr3","199742676","199742992","chr8","35756279","35756592","77","163986397"
"chr3","199747283","199747570","chr6","24793332","24793610","65","174953951"
"chr3","199747623","199747714","chr15","90780835","90780930","17","108966788"
"chr3","199749486","199749779","chr15","90778786","90779073","23","108970700"
"chr3","199750537","199750660","chr15","90777871","90778005","19","108972666"
"chr3","199755572","199755868","chr15","90772927","90773231","31","108982645"
"chr3","199763111","199763408","chr9","95362877","95363170","68","104400234"
"chr3","199768506","199768694","chr3","53683055","53683247","58","146085451"
"chr3","199772298","199772456","chr5","8821164","8821321","37","190951134"
"chr3","199774681","199774850","chr20","19800454","19800627","39","179974227"
"chr3","199781635","199781741","chr15","90749390","90749495","12","109032245"
"chr3","199782044","199782253","chr15","90748883","90749078","28","109033161"
"chr3","199783331","199783628","chr16","61074963","61075258","72","138708368"
"chr3","199784246","199784455","chr15","90748883","90749078","28","109035363"
"chr3","199784759","199784857","chr7","80843289","80843387","16","118941470"
"chr3","199802535","199802823","chr15","90728990","90729273","19","109073545"
"chr3","199806453","199806703","chrX","129022134","129022365","53","70784319"
"chr3","199809382","199809680","chr15","90722745","90723042","21","109086637"
"chr3","199821443","199821668","chr7","26666138","26666356","51","173155305"
"chr3","199829230","199829526","chr15","90673359","90673655","27","109155871"
"chr3","199836169","199836294","chr12","32600739","32600859","22","167235430"
"chr3","199846487","199846610","chr15","90663361","90663479","11","109183126"
"chr3","199850807","199851100","chr12","40601683","40601983","59","159249124"
"chr3","199868108","199868321","chr27","11467011","11467225","37","188401097"
"chr3","199895792","199895920","chr15","90619000","90619128","9","109276792"
"chr3","199901962","199902267","chr15","90612379","90612679","31","109289583"
"chr3","199906151","199906449","chr15","90607903","90608198","20","109298248"
"chr3","199933591","199933896","chr10","18248915","18249203","64","181684676"
"chr3","199962302","199962596","chr15","90552954","90553249","21","109409348"
"chr3","200000818","200001096","chr15","90523031","90523319","47","109477787"
"chr3","200009914","200010222","chr15","90515759","90516057","29","109494155"
"chr3","200013576","200013856","chrUn_AQIB01158619v1","397","677","18","200013179"
"chr3","200015097","200015294","chr15","90511280","90511457","29","109503817"
"chr3","200020863","200021158","chr15","90505242","90505539","21","109515621"
"chr3","200054578","200054753","chr15","90478030","90478190","28","109576548"
"chr3","200055056","200055117","chr15","90477669","90477730","4","109577387"
"chr3","200057064","200057185","chr11","53591893","53592015","37","146465171"
"chr3","200071024","200071194","chr4","52076401","52076569","44","147994623"
"chr3","200071505","200071548","chr20","116439022","116439062","10","83632483"
"chr3","200072524","200072806","chr15","90460539","90460828","26","109611985"
"chr3","200123844","200124156","chr15","90408216","90408513","37","109715628"
"chr3","200156803","200156981","chr1","7328156","7328331","43","192828647"
"chr3","200157276","200157423","chr7","30723072","30723208","34","169434204"
"chr3","200178663","200178971","chr2","14092729","14093034","71","186085934"
"chr3","200179996","200180111","chr15","90372004","90372119","10","109807992"
"chr3","200183910","200184201","chr10","46656626","46656924","64","153527284"
"chr3","200194465","200194777","chr15","90356984","90357296","23","109837481"
"chr3","200201765","200202019","chr15","90350049","90350312","29","109851716"
"chr3","200205431","200205703","chr15","90346733","90347030","59","109858698"
"chr3","200217150","200217415","chr13","78169680","78169958","60","122047470"
"chr3","200229912","200230184","chr28","14748414","14748689","57","185481498"
"chr3","200249342","200249657","chr28","17815206","17815521","67","182434136"
"chr3","200273653","200273798","chr5","53439026","53439155","43","146834627"
"chr3","200273829","200273940","chr8","36312307","36312422","17","163961522"
"chr3","200324533","200324833","chr6","34346832","34347125","68","165977701"
"chr3","200335415","200335715","chr6","34346832","34347125","68","165988583"
"chr3","200345239","200345528","chr15","90200717","90201021","33","110144522"
"chr3","200358266","200358597","chr15","90189243","90189560","27","110169023"
"chr3","200366053","200366354","chr15","90180314","90180626","49","110185739"
"chr3","200368287","200368623","chr17","36566860","36567180","78","163801427"
"chr3","200372288","200372585","chr15","90173739","90174024","39","110198549"
"chr3","200381113","200381415","chr15","90164612","90164914","22","110216501"
"chr3","200401319","200401631","chr10","59771258","59771559","70","140630061"
"chr3","200407576","200407717","chr3","78740098","78740238","34","121667478"
"chr3","200412690","200412954","chr1","12209020","12209295","78","188203670"
"chr3","200425718","200426020","chr19","23795211","23795506","59","176630507"
"chr3","200432753","200432941","chr15","90109728","90109916","21","110323025"
"chr3","200481251","200481547","chr15","90047308","90047605","21","110433943"
"chr3","200545603","200545757","chr15","89973067","89973225","10","110572536"
"chr3","200665872","200666176","chr15","89846853","89847152","36","110819019"
"chr3","200674594","200674656","chr1","2836957","2837017","12","197837637"
"chr3","200749508","200749818","chr17","35306470","35306782","51","165443038"
"chr3","200752022","200752097","chr14","33048304","33048377","15","167703718"
"chr3","200890367","200890570","chr12","26878004","26878201","44","174012363"
"chr3","200924257","200924376","chrX","22474710","22474826","41","178449547"
"chr3","200971430","200971716","chr15","91415695","91415997","42","109555735"
"chr3","200993789","200993911","chr15","91433508","91433629","11","109560281"
"chr3","200996586","200996874","chr15","91436267","91436581","54","109560319"
"chr3","201000702","201000981","chr15","91440560","91440850","39","109560142"
"chr3","201014986","201015306","chr15","91453973","91454276","44","109561013"
"chr3","201016917","201017222","chr1","121090436","121090732","70","79926481"
"chr3","201034605","201034902","chr22","14081402","14081692","65","186953203"
"chr3","201037784","201038046","chr15","91477829","91478096","27","109559955"
"chr3","201047845","201048057","chr8","84910387","84910593","46","116137458"
"chr3","201050857","201051163","chr5","10145436","10145732","63","190905421"
"chr3","201059548","201059837","chr15","91492001","91492294","42","109567547"
"chr3","201070900","201071210","chr15","91503031","91503321","44","109567869"
"chr3","201091226","201091513","chr15","91515724","91515996","24","109575502"
"chr3","201094039","201094241","chr1","5910851","5911044","46","195183188"
"chr3","201096202","201096494","chr12","103939005","103939299","51","97157197"
"chr3","201107724","201108009","chr15","91542688","91542971","28","109565036"
"chr3","201110726","201111012","chr6","34346832","34347125","59","166763894"
"chr3","201119012","201119280","chr15","91553300","91553566","23","109565712"
"chr3","201119284","201119521","chr21","3756439","3756678","63","197362845"
"chr3","201152530","201152797","chr15","91585453","91585716","35","109567077"
"chr3","201161189","201161424","chr15","91592781","91593011","18","109568408"
"chr3","201180376","201180661","chr15","91613222","91613500","26","109567154"
"chr3","201180870","201181168","chr15","91613690","91613988","23","109567180"
"chr3","201204784","201205068","chr15","64690877","64691162","55","136513907"
"chr3","201210245","201210511","chr15","91638779","91639045","19","109571466"
"chr3","201210903","201211088","chr8","23439337","23439520","45","177771566"
"chr3","201211089","201211190","chr4","6458222","6458308","45","194752867"
"chr3","201211193","201211308","chr6","40641341","40641450","36","160569852"
"chr3","201211359","201211611","chr1","67153738","67153981","71","134057621"
"chr3","201221203","201221515","chr27","9664232","9664524","73","191556971"
"chr3","201222016","201222290","chr20","7682124","7682400","57","193539892"
"chr3","201244127","201244400","chr15","91657640","91657898","29","109586487"
"chr3","201252092","201252232","chrX","60317374","60317503","24","140934718"
"chr3","201259774","201260025","chr15","91674228","91674490","28","109585546"
"chr3","201264896","201265192","chr15","91679314","91679609","25","109585582"
"chr3","201266722","201267006","chr26","39779582","39779859","60","161487140"
"chr3","201280735","201280865","chr15","91704453","91704583","7","109576282"
"chr3","201302889","201303051","chr24","66045363","66045505","52","135257526"
"chr3","201316757","201316948","chr15","91724461","91724656","28","109592296"
"chr3","201343215","201343510","chr18","53980845","53981131","58","147362370"
"chr3","201366385","201366684","chr2","66453152","66453456","48","134913233"
"chr3","201367316","201367624","chr23","82653568","82653852","39","118713748"
"chr3","201379661","201379836","chr6","2472130","2472308","46","198907531"
"chr4","97517359","97517665","chr12","40601683","40601983","62","56915676"
"chr4","157286175","157286422","chr7","91598620","91598826","51","65687555"
"chr4","198180595","198180865","chr7","131260477","131260747","22","66920118"
"chr4","17301422","17301701","chr27","32474356","32474645","27","15172934"
"chr4","63700879","63701164","chr26","19310563","19310844","66","44390316"
"chr4","94633806","94634095","chrX","11116293","11116587","63","83517513"
"chr4","129806","129870","chr27","48508931","48508995","3","48379125"
"chr4","266376","266440","chr27","48508931","48508995","1","48242555"
"chr4","332805","333097","chr10","83156449","83156742","66","82823644"
"chr4","453964","454097","chr27","48405571","48405704","12","47951607"
"chr4","481067","481286","chr27","48279797","48280011","31","47798730"
"chr4","482751","482877","chr27","48278200","48278326","9","47795449"
"chr4","517852","518157","chr27","48241109","48241409","22","47723257"
"chr4","611661","611887","chr11","25604437","25604657","43","24992776"
"chr4","612556","612680","chr21","100370264","100370387","20","99757708"
"chr4","636182","636470","chr8","114440147","114440439","65","113803965"
"chr4","748333","748621","chr24","67894276","67894572","57","67145943"
"chr4","753919","754202","chr27","48009841","48010142","51","47255922"
"chr4","776004","776286","chr27","47987537","47987817","13","47211533"
"chr4","788817","789122","chr27","47975561","47975868","24","47186744"
"chr4","789128","789260","chr27","47975423","47975547","13","47186295"
"chr4","838782","838999","chr22","56126729","56126948","45","55287947"
"chr4","868833","869131","chr27","47897623","47897925","41","47028790"
"chr4","890598","890872","chr27","47874515","47874805","35","46983917"
"chr4","904538","904827","chr27","47862100","47862389","16","46957562"
"chr4","938348","938652","chr11","65033931","65034241","60","64095583"
"chr4","970376","970684","chr27","47795443","47795760","35","46825067"
"chr4","978709","978818","chr27","47787161","47787278","16","46808452"
"chr4","979305","979481","chr5","2172764","2172934","40","1193459"
"chr4","1089404","1089696","chr20","65857789","65858079","51","64768385"
"chr4","1109462","1109763","chr18","71966149","71966446","53","70856687"
"chr4","1140141","1140423","chr8","137395739","137396022","64","136255598"
"chr4","1176467","1176650","chr2","11530691","11530877","40","10354224"
"chr4","1200543","1200846","chrX","18472737","18473023","76","17272194"
"chr4","1238745","1239058","chr16","62088660","62088971","88","60849915"
"chr4","1240967","1241279","chr27","47523177","47523489","22","46282210"
"chr4","1245526","1245830","chr27","47512983","47513287","23","46267457"
"chr4","1246352","1246647","chr6","6958199","6958491","60","5711847"
"chr4","1270603","1270733","chr11","105038608","105038741","32","103768005"
"chr4","1284161","1284293","chr27","47457430","47457564","13","46173269"
"chr4","1296574","1296873","chr8","51965529","51965830","61","50668955"
"chr4","1297133","1297395","chr11","48067498","48067761","53","46770365"
"chr4","1311266","1311569","chr16","638228","638530","50","673038"
"chr4","1329844","1330113","chr24","83098481","83098745","69","81768637"
"chr4","1365372","1365673","chr27","47377728","47378026","27","46012356"
"chr4","1368021","1368336","chr7","129657773","129658075","61","128289752"
"chr4","1425358","1425654","chr23","44959476","44959771","66","43534118"
"chr4","1428482","1428776","chr27","47293384","47293669","26","45864902"
"chr4","1542682","1542974","chr12","103939005","103939299","56","102396323"
"chr4","1581977","1582281","chr12","40601683","40601983","59","39019706"
"chr4","1593972","1594269","chr1","121090436","121090732","63","119496464"
"chr4","1622027","1622289","chr27","47095797","47096081","40","45473770"
"chr4","1645157","1645378","chr27","47070770","47070991","15","45425613"
"chr4","1645641","1645719","chr27","47070128","47070201","16","45424487"
"chr4","1646096","1646383","chr9","22697379","22697669","59","21051283"
"chr4","1647877","1648176","chr5","36085977","36086277","69","34438100"
"chr4","1661200","1661494","chr24","55401975","55402268","53","53740775"
"chr4","1680320","1680624","chr27","47033223","47033542","34","45352903"
"chr4","1681462","1681554","chr12","11853989","11854082","20","10172527"
"chr4","1725055","1725124","chr4","31944528","31944601","13","30219473"
"chr4","1726627","1726733","chr27","46991876","46991980","6","45265249"
"chr4","1727025","1727053","chr13","84856140","84856168","4","83129115"
"chr4","1782571","1782873","chr11","104120287","104120586","56","102337716"
"chr4","1792623","1792845","chrX","45203839","45204056","45","43411216"
"chr4","1804849","1805152","chr27","46929579","46929881","33","45124730"
"chr4","1813504","1813812","chr28","15635761","15636057","53","13822257"
"chr4","1816975","1817228","chr20","65558748","65558996","54","63741773"
"chr4","1827531","1827826","chr1","114534865","114535161","54","112707334"
"chr4","1835405","1835678","chr28","9667718","9667986","60","7832313"
"chr4","1843105","1843389","chr19","5788512","5788805","53","3945407"
"chr4","1847850","1847938","chr27","46887862","46887944","11","45040012"
"chr4","1848247","1848370","chr12","32600739","32600859","26","30752492"
"chr4","1856012","1856297","chr22","14834905","14835179","59","12978893"
"chr4","1863163","1863430","chr1","3432429","3432700","66","1569266"
"chr4","1864286","1864398","chr27","46871073","46871197","17","45006787"
"chr4","1869388","1869466","chr27","46865415","46865491","8","44996027"
"chr4","1869667","1869859","chr6","3708095","3708286","37","1838428"
"chr4","1889740","1889828","chr16","57724320","57724412","14","55834580"
"chr4","1891402","1891713","chr27","46843072","46843364","39","44951670"
"chr4","1893483","1893783","chr27","46840970","46841281","24","44947487"
"chr4","1925303","1925600","chr27","46809092","46809382","26","44883789"
"chr4","1929171","1929459","chr18","69293191","69293485","65","67364020"
"chr4","1934881","1935192","chr27","46799987","46800283","36","44865106"
"chr4","1972401","1972697","chr27","46763306","46763616","41","44790905"
"chr4","1972880","1973130","chr20","87502863","87503113","57","85529983"
"chr4","1978199","1978411","chr21","119711005","119711221","50","117732806"
"chr4","2004609","2004862","chr27","46733908","46734160","12","44729299"
"chr4","2016757","2016958","chr8","28330290","28330495","46","26313533"
"chr4","2018573","2018825","chr27","46710788","46711062","43","44692215"
"chr4","2045458","2045754","chr16","47763056","47763352","61","45717598"
"chr4","2064692","2064977","chr27","46663361","46663646","20","44598669"
"chr4","2090886","2091186","chr27","46646169","46646465","23","44555283"
"chr4","2096022","2096313","chr5","27956654","27956946","58","25860632"
"chr4","2116357","2116395","chr19","5795967","5796008","8","3679610"
"chr4","2119178","2119391","chr27","46617610","46617818","17","44498432"
"chr4","2127235","2127528","chr18","71966149","71966446","55","69838914"
"chr4","2134462","2134746","chr27","46604786","46605083","38","44470324"
"chr4","2139960","2140252","chr20","115787392","115787689","58","113647432"
"chr4","2156419","2156704","chr16","57847381","57847661","59","55690962"
"chr4","2164003","2164277","chr27","46571882","46572141","28","44407879"
"chr4","2178855","2179167","chr26","20713312","20713626","61","18534457"
"chr4","2180889","2181203","chr27","46553604","46553924","26","44372715"
"chr4","2194276","2194557","chr26","6342415","6342704","58","4148139"
"chr4","2248781","2249099","chr17","35306470","35306782","59","33057689"
"chr4","2268040","2268351","chr27","46464862","46465167","33","44196822"
"chr4","2275741","2276036","chr27","46457167","46457461","27","44181426"
"chr4","2278273","2278575","chr8","20518208","20518513","57","18239935"
"chr4","2283051","2283335","chr8","96153522","96153808","48","93870471"
"chr4","2293431","2293733","chr20","79768171","79768467","68","77474740"
"chr4","2305380","2305652","chr23","74826378","74826663","63","72520998"
"chr4","2323564","2323851","chr27","46401865","46402153","16","44078301"
"chr4","2336916","2337193","chr27","46388593","46388858","41","44051677"
"chr4","2342028","2342325","chr1","50378567","50378860","55","48036539"
"chr4","2343141","2343453","chr11","116730948","116731254","62","114387807"
"chr4","2389497","2389757","chr6","6122482","6122737","68","3732985"
"chr4","2390518","2390709","chr27","46335107","46335273","38","43944589"
"chr4","2398023","2398312","chr27","46326981","46327273","20","43928958"
"chr4","2402872","2403198","chr21","122836256","122836558","82","120433384"
"chr4","2433300","2433514","chr8","66217694","66217908","45","63784394"
"chr4","2442346","2442506","chr8","68927650","68927813","37","66485304"
"chr4","2442815","2442889","chr27","46284592","46284666","7","43841777"
"chr4","2458945","2459142","chr27","46268097","46268278","34","43809152"
"chr4","2459449","2459540","chr27","46267715","46267803","8","43808266"
"chr4","2469573","2469872","chr27","46257530","46257831","24","43787957"
"chr4","2483775","2483908","chr8","27719914","27720042","22","25236139"
"chr4","2488200","2488266","chr6","411931","411993","12","2076269"
"chr4","2509489","2509637","chr27","46219655","46219802","14","43710166"
"chr4","2511769","2511943","chr11","8185203","8185376","46","5673434"
"chr4","2512234","2512376","chr11","115595901","115596046","29","113083667"
"chr4","2528135","2528243","chr9","29362002","29362109","21","26833867"
"chr4","2529512","2529816","chr27","46199417","46199702","35","43669905"
"chr4","2543805","2543926","chr27","46185231","46185351","9","43641426"
"chr4","2551445","2551738","chr27","46176605","46176892","29","43625160"
"chr4","2569574","2569857","chr8","39841233","39841514","60","37271659"
"chr4","2577939","2578059","chr27","46149330","46149455","13","43571391"
"chr4","2612334","2612633","chr1","70559125","70559426","57","67946791"
"chr4","2618740","2618898","chr27","46107910","46108068","10","43489170"
"chr4","2619187","2619339","chr27","46107474","46107625","8","43488287"
"chr4","2628771","2629102","chr3","27139755","27140068","78","24510984"
"chr4","2631191","2631461","chr27","46095244","46095534","38","43464053"
"chr4","2648235","2648518","chr28","11675494","11675771","52","9027259"
"chr4","2667172","2667458","chr22","18532485","18532779","57","15865313"
"chr4","2667685","2667824","chr27","46041250","46041391","17","43373565"
"chr4","2668123","2668285","chr27","46040772","46040950","30","43372649"
"chr4","2672031","2672249","chr18","58431764","58431981","38","55759733"
"chr4","2674664","2674714","chr21","108973944","108973997","13","106299280"
"chr4","2675039","2675143","chr8","24488687","24488794","27","21813648"
"chr4","2698188","2698273","chr25","74101822","74101899","16","71403634"
"chr4","2700662","2700981","chrX","128360678","128360989","62","125660016"
"chr4","2720797","2721100","chr12","40601683","40601983","58","37880886"
"chr4","2722648","2722957","chr27","45987220","45987527","23","43264572"
"chr4","2725803","2726096","chr26","37984130","37984425","64","35258327"
"chr4","2738910","2739200","chr14","81346179","81346483","69","78607269"
"chr4","2788478","2788769","chr4","63032435","63032729","67","60243957"
"chr4","2797385","2797692","chr9","22697379","22697669","71","19899994"
"chr4","2801516","2801742","chr14","74145442","74145662","47","71343926"
"chr4","2810334","2810404","chr13","68039485","68039566","17","65229151"
"chr4","2812092","2812395","chr11","67117668","67117969","71","64305576"
"chr4","2823870","2824146","chr27","45870136","45870415","27","43046266"
"chr4","2847427","2847736","chr27","45850570","45850879","23","43003143"
"chr4","2865721","2866030","chr27","45850570","45850879","23","42984849"
"chr4","2874634","2874942","chr3","27891004","27891304","55","25016370"
"chr4","2916772","2917054","chr27","45786656","45786941","35","42869884"
"chr4","2939611","2939823","chr9","117241861","117242076","40","114302250"
"chr4","2955773","2956070","chr5","36085977","36086277","58","33130204"
"chr4","2960308","2960386","chr5","60645018","60645094","11","57684710"
"chr4","2985816","2986106","chr17","55524764","55525056","58","52538948"
"chr4","2999020","2999157","chr10","55265732","55265868","22","52266712"
"chr4","2999368","2999546","chr27","45696025","45696203","15","42696657"
"chr4","3047418","3047706","chr27","45648286","45648574","23","42600868"
"chr4","3050567","3050872","chr27","45643900","45644204","26","42593333"
"chr4","3063012","3063304","chr27","45635086","45635379","15","42572074"
"chr4","3075609","3075912","chrX","6069656","6069948","66","2994047"
"chr4","3120501","3120790","chr10","76220349","76220648","60","73099848"
"chr4","3124917","3125214","chr27","45577219","45577510","26","42452302"
"chr4","3160604","3160906","chr26","18466138","18466440","52","15305534"
"chr4","3162584","3162886","chr5","38825052","38825343","74","35662468"
"chr4","3267538","3267855","chr27","45440068","45440372","35","42172530"
"chr4","3290662","3290970","chr27","45418438","45418730","32","42127776"
"chr4","3321690","3321999","chr11","75012171","75012475","53","71690481"
"chr4","3353887","3354170","chr27","45352458","45352741","23","41998571"
"chr4","3380731","3380904","chr27","45324006","45324178","11","41943275"
"chr4","3390124","3390440","chr27","45308133","45308451","35","41918009"
"chr4","3584727","3585031","chr27","45230811","45231116","49","41646084"
"chr4","3782001","3782272","chr27","45116650","45116960","62","41334649"
"chr4","3901029","3901348","chr27","45031947","45032268","49","41130918"
"chr4","4141016","4141313","chr5","4766545","4766831","40","625529"
"chr4","4141486","4141586","chr2","13956305","13956405","17","9814819"
"chr4","4142192","4142499","chr5","4772669","4772968","44","630477"
"chr4","4148302","4148617","chr5","4777061","4777388","47","628759"
"chr4","4151851","4152098","chr29","2865754","2866013","70","1286097"
"chr4","4155024","4155341","chr5","4777061","4777388","47","622037"
"chr4","4158685","4158951","chr5","24575169","24575424","64","20416484"
"chr4","4165087","4165354","chr5","24575169","24575424","65","20410082"
"chr4","4181092","4181215","chr1","113568345","113568463","32","109387253"
"chr4","4184644","4184879","chr5","35562404","35562638","51","31377760"
"chr4","4221989","4222268","chr5","4812068","4812316","51","590079"
"chr4","4223891","4224172","chr5","4814152","4814448","44","590261"
"chr4","4226427","4226706","chr5","4812068","4812316","49","585641"
"chr4","4247393","4247700","chr11","105041793","105042090","66","100794400"
"chr4","4257593","4257915","chr22","6079599","6079912","72","1822006"
"chr4","4304869","4305185","chr27","40293819","40294114","44","35988950"
"chr4","4314984","4315132","chr8","138906361","138906510","28","134591377"
"chr4","4315434","4315532","chr27","46887862","46887944","27","42572428"
"chr4","4316909","4317046","chr15","61858885","61859026","27","57541976"
"chr4","4317340","4317517","chr6","12028979","12029160","36","7711639"
"chr4","4333939","4334013","chr5","60645018","60645094","9","56311079"
"chr4","4340242","4340467","chr1","117215705","117215907","57","112875463"
"chr4","4344287","4344575","chr27","40330994","40331292","29","35986707"
"chr4","4357387","4357599","chr21","41476338","41476548","44","37118951"
"chr4","4417468","4417729","chr27","40441278","40441568","51","36023810"
"chr4","4439238","4439549","chr11","65033931","65034241","63","60594693"
"chr4","4440796","4440974","chr10","56792221","56792389","50","52351425"
"chr4","4448970","4449277","chr15","64834370","64834680","81","60385400"
"chr4","4500578","4500915","chr20","8665406","8665731","91","4164828"
"chr4","4517769","4518079","chr12","40601683","40601983","44","36083914"
"chr4","4539792","4539999","chr27","40578889","40579092","26","36039097"
"chr4","4567074","4567369","chr27","40606615","40606901","28","36039541"
"chr4","4574027","4574309","chr27","40613573","40613835","52","36039546"
"chr4","4613392","4613564","chr3","1499789","1499955","47","3113603"
"chr4","4613608","4613682","chr20","127732404","127732478","13","123118796"
"chr4","4722727","4722993","chr27","40766330","40766579","43","36043603"
"chr4","4726233","4726503","chr27","40769819","40770100","48","36043586"
"chr4","4741525","4741695","chr8","31920333","31920501","50","27178808"
"chr4","4744595","4744734","chr5","4270133","4270275","29","474462"
"chr4","4745037","4745169","chr5","60186276","60186409","31","55441239"
"chr4","4769344","4769550","chr2","13257065","13257243","53","8487721"
"chr4","4792335","4792648","chr27","40851201","40851497","44","36058866"
"chr4","4815777","4816090","chr27","40851201","40851497","44","36035424"
"chr4","4824498","4824762","chr27","40859700","40859966","18","36035202"
"chr4","4840139","4840240","chr23","70863270","70863373","21","66023131"
"chr4","4875228","4875523","chr27","40910128","40910404","24","36034900"
"chr4","4926602","4926897","chr27","40967026","40967319","31","36040424"
"chr4","4963095","4963387","chr27","41005740","41006032","15","36042645"
"chr4","4976542","4976842","chr15","1019393","1019694","57","3957149"
"chr4","5010990","5011278","chr27","41053830","41054121","18","36042840"
"chr4","5042412","5042711","chr27","41082751","41083052","19","36040339"
"chr4","5043764","5043880","chr8","94901862","94901979","19","89858098"
"chr4","5043914","5044066","chr6","29247462","29247616","31","24203548"
"chr4","5089591","5089886","chr27","41137735","41138048","36","36048144"
"chr4","5113258","5113555","chr11","38771507","38771808","60","33658249"
"chr4","5165473","5165785","chr11","104120287","104120586","65","98954814"
"chr4","5170772","5171072","chr12","103939005","103939299","62","98768233"
"chr4","5181316","5181541","chr27","41228945","41229151","37","36047629"
"chr4","5227002","5227279","chr27","41275195","41275451","58","36048193"
"chr4","5230896","5231025","chr27","41279473","41279600","7","36048577"
"chr4","5341398","5341692","chr27","41379843","41380146","25","36038445"
"chr4","5342959","5343252","chr27","41381433","41381728","21","36038474"
"chr4","5441032","5441154","chr20","123833061","123833181","15","118392029"
"chr4","5632180","5632493","chr27","41645552","41645867","15","36013372"
"chr4","5640455","5640768","chr27","41645552","41645867","15","36005097"
"chr4","5838660","5838783","chr27","41834729","41834852","5","35996069"
"chr4","5850870","5851168","chr1","17489338","17489623","67","11638468"
"chr4","5980429","5980720","chr27","41963718","41964016","27","35983289"
"chr4","6003773","6003916","chr12","15052643","15052790","38","9048870"
"chr4","6003942","6004052","chr12","25520400","25520504","19","19516458"
"chr4","6006954","6007097","chr12","15052643","15052790","38","9045689"
"chr4","6007123","6007231","chr20","93915021","93915129","16","87907898"
"chr4","6021653","6021960","chr5","56259145","56259446","65","50237492"
"chr4","6253820","6254107","chr27","42227845","42228134","24","35974025"
"chr4","6283135","6283440","chr27","42252961","42253267","19","35969826"
"chr4","6340978","6341284","chr9","96918160","96918471","59","90577182"
"chr4","6365416","6365723","chr27","42336050","42336342","28","35970634"
"chr4","6372973","6373268","chr27","42342058","42342325","40","35969085"
"chr4","6420125","6420453","chr20","88100516","88100832","68","81680391"
"chr4","6423877","6424188","chr27","42399228","42399538","23","35975351"
"chr4","6703003","6703295","chr27","42672426","42672745","45","35969423"
"chr4","6709292","6709589","chr27","42678785","42679087","35","35969493"
"chr4","6732656","6732950","chr27","42702241","42702530","24","35969585"
"chr4","6743889","6744194","chr9","107510499","107510795","56","100766610"
"chr4","6760546","6760858","chr13","84953676","84953983","52","78193130"
"chr4","6771214","6771464","chr27","42739958","42740241","47","35968744"
"chr4","6773427","6773719","chr27","42742031","42742323","16","35968604"
"chr4","6781287","6781581","chr24","69191086","69191381","56","62409799"
"chr4","6781815","6782132","chr27","42750638","42750954","39","35968823"
"chr4","6809143","6809449","chr27","42773577","42773883","16","35964434"
"chr4","6857797","6858083","chr16","25158686","25158970","52","18300889"
"chr4","6858261","6858383","chr14","82354648","82354772","17","75496387"
"chr4","6871186","6871464","chr27","42832796","42833077","18","35961610"
"chr4","6878592","6878885","chr6","15253641","15253932","55","8375049"
"chr4","6895359","6895637","chr27","42858007","42858280","20","35962648"
"chr4","6902129","6902436","chr1","70011792","70012103","70","63109663"
"chr4","6915580","6915847","chr27","42884008","42884246","43","35968428"
"chr4","6915949","6916249","chr27","42884355","42884664","33","35968406"
"chr4","6936629","6936948","chr27","42899613","42899929","24","35962984"
"chr4","6985038","6985319","chr27","42943670","42943950","22","35958632"
"chr4","6986264","6986468","chr22","48451907","48452121","44","41465643"
"chr4","7054541","7054778","chr27","43012099","43012356","34","35957558"
"chr4","7057521","7057782","chr4","39486692","39486944","55","32429171"
"chr4","7062677","7062977","chr24","13364427","13364721","59","6301750"
"chr4","7078360","7078569","chr14","73010255","73010465","46","65931895"
"chr4","7080490","7080707","chr12","75056415","75056629","47","67975925"
"chr4","7091802","7092093","chr27","43049737","43050006","48","35957935"
"chr4","7093278","7093596","chr20","21024184","21024484","82","13930906"
"chr4","7116649","7116954","chr27","43076382","43076686","32","35959733"
"chr4","7165242","7165367","chr27","43122695","43122825","14","35957453"
"chr4","7173487","7173612","chr27","43122695","43122825","14","35949208"
"chr4","7224655","7224944","chr27","43176720","43177010","24","35952065"
"chr4","7275746","7276057","chr27","43225305","43225608","27","35949559"
"chr4","7276126","7276415","chr27","43225673","43225965","18","35949547"
"chr4","7322219","7322514","chr27","43262118","43262418","41","35939899"
"chr4","7337128","7337424","chrX","128576093","128576378","57","121238965"
"chr4","7352953","7353219","chr27","43294160","43294399","48","35941207"
"chr4","7483170","7483302","chr14","21806073","21806204","14","14322903"
"chr4","7522106","7522297","chr6","38934640","38934825","42","31412534"
"chr4","7522602","7522709","chr18","47143825","47143934","18","39621223"
"chr4","7589545","7589651","chr6","4067375","4067488","20","3522170"
"chr4","7702094","7702366","chr27_AQIB01158160v1_random","1600","1871","13","7700494"
"chr4","7800527","7800836","chrX_KE148108v1_random","1020209","1020503","56","6780318"
"chr4","7947935","7948070","chr6","38567781","38567913","24","30619846"
"chr4","7948537","7948816","chr8","137395739","137396022","60","129447202"
"chr4","7974740","7975038","chr20","37955040","37955348","65","29980300"
"chr4","8041021","8041264","chr13","73485185","73485431","51","65444164"
"chr4","8047706","8047987","chr27","43825477","43825758","17","35777771"
"chr4","8060692","8060967","chr20","99836149","99836440","66","91775457"
"chr4","8085639","8085948","chr9","109665912","109666214","67","101580273"
"chr4","8112849","8113146","chr18","70797373","70797667","28","62684524"
"chr4","8122519","8122648","chr27","43893191","43893320","7","35770672"
"chr4","8125261","8125554","chr11","10833326","10833607","26","2708065"
"chr4","8137270","8137401","chr27","43906304","43906435","6","35769034"
"chr4","8137714","8137781","chr27","43906750","43906806","12","35769036"
"chr4","8140928","8141050","chr24","40974809","40974939","11","32833881"
"chr4","8141057","8141371","chr24","40974517","40974808","42","32833460"
"chr4","8159027","8159316","chr5","69933160","69933446","42","61774133"
"chr4","8171547","8171660","chr27","43938769","43938877","15","35767222"
"chr4","8194416","8194719","chr27","43976483","43976791","31","35782067"
"chr4","8211236","8211535","chr27","43992748","43993032","41","35781512"
"chr4","8243408","8243691","chr6","32425994","32426271","53","24182586"
"chr4","8252453","8252752","chr27","44023930","44024224","26","35771477"
"chr4","8288413","8288721","chr27","44043472","44043784","35","35755059"
"chr4","8288884","8288996","chr27","44043947","44044063","14","35755063"
"chr4","8319968","8320276","chr27","44075709","44076005","34","35755741"
"chr4","8334708","8334825","chr27","44090615","44090732","7","35755907"
"chr4","8371815","8372117","chr2","35544957","35545260","60","27173142"
"chr4","8383675","8383967","chr8","28150032","28150325","52","19766357"
"chr4","8423486","8423618","chr3","18801623","18801754","25","10378137"
"chr4","8448397","8448652","chr18","56578918","56579173","56","48130521"
"chr4","8449812","8450067","chr7","97462094","97462349","56","89012282"
"chr4","8485685","8485984","chr27","44233865","44234171","34","35748180"
"chr4","8514659","8514942","chr27","44262929","44263213","19","35748270"
"chr4","8515621","8515919","chr27","44267237","44267536","31","35751616"
"chr4","8568976","8569269","chr5","21538050","21538344","50","12969074"
"chr4","8587127","8587362","chr27","44337339","44337549","40","35750212"
"chr4","8625041","8625142","chr27","44366521","44366622","11","35741480"
"chr4","8635467","8635602","chr27","44379865","44379998","7","35744398"
"chr4","8651218","8651510","chr1","2669120","2669410","55","5982098"
"chr4","8707316","8707618","chr11","7771853","7772147","59","935463"
"chr4","8722207","8722529","chr20","108090867","108091184","65","99368660"
"chr4","8844727","8845023","chr22","24924291","24924589","60","16079564"
"chr4","8861495","8861779","chr28","16856842","16857125","66","7995347"
"chr4","8949326","8949636","chr11","60974938","60975245","60","52025612"
"chr4","8962252","8962533","chrX","37414339","37414608","65","28452087"
"chr4","8963436","8963578","chr3","9564943","9565083","28","601507"
"chr4","8963875","8963985","chr11","12850624","12850741","27","3886749"
"chr4","8965755","8966071","chr5","4777061","4777388","44","4188694"
"chr4","8972124","8972396","chr5","4772669","4772968","57","4199455"
"chr4","8973883","8974173","chr5","4770928","4771172","82","4202955"
"chr4","8990904","8991191","chr14","2648702","2648991","53","6342202"
"chr4","9077046","9077351","chr5","27528076","27528378","56","18451030"
"chr4","9148223","9148502","chr27","40190981","40191239","39","31042758"
"chr4","9161148","9161410","chr9","62398603","62398868","53","53237455"
"chr4","9343230","9343506","chr27","39994103","39994378","18","30650873"
"chr4","9346048","9346343","chr4","62476996","62477290","56","53130948"
"chr4","9355976","9356116","chr27","39981906","39982044","16","30625930"
"chr4","9752132","9752433","chr23","54549129","54549419","63","44796997"
"chr4","9864623","9864760","chrX","1156595","1156726","29","8708028"
"chr4","10021942","10022251","chr5","56259145","56259446","69","46237203"
"chr4","10054746","10055017","chr12","44629039","44629318","63","34574293"
"chr4","10193046","10193327","chr12","42817502","42817783","61","32624456"
"chr4","10221261","10221576","chr27","39186314","39186630","28","28965053"
"chr4","10238912","10239204","chr5","52194881","52195171","62","41955969"
"chr4","10391330","10391630","chr28","7759426","7759721","67","2631904"
"chr4","10469980","10470253","chr27","38958330","38958605","22","28488350"
"chr4","10603335","10603614","chr9","95978837","95979118","60","85375502"
"chr4","10650172","10650450","chr27","38783713","38783991","22","28133541"
"chr4","10660338","10660624","chr27","38776413","38776699","19","28116075"
"chr4","11017718","11017912","chr13","254211","254416","47","10763507"
"chr4","11159326","11159457","chr27","38305362","38305492","6","27146036"
"chr4","11212488","11212800","chr27","38252973","38253289","25","27040485"
"chr4","11251310","11251591","chr27","38217286","38217567","13","26965976"
"chr4","11265787","11266095","chr27","38204940","38205249","32","26939153"
"chr4","11313591","11313766","chr6","5073515","5073682","45","6240076"
"chr4","11313818","11313938","chr27","38163848","38163964","22","26850030"
"chr4","11418659","11418772","chrX","115541907","115542018","26","104123248"
"chr4","11419129","11419150","chr10","19245587","19245610","4","7826458"
"chr4","11517944","11518233","chr27","37964070","37964359","26","26446126"
"chr4","11549554","11549844","chr22","33245244","33245526","57","21695690"
"chr4","11625971","11626076","chr8","93226554","93226660","21","81600583"
"chr4","11649400","11649678","chr27","37834536","37834792","36","26185136"
"chr4","11684589","11684788","chr5","3286278","3286478","48","8398311"
"chr4","11777910","11778198","chr27","37716326","37716609","28","25938416"
"chr4","11778742","11779039","chr6","6924468","6924767","60","4854274"
"chr4","11973728","11973890","chrX","7779399","7779553","33","4194329"
"chr4","11985007","11985162","chr17","5328743","5328899","35","6656264"
"chr4","11985482","11985570","chr5","35769309","35769386","28","23783827"
"chr4","12065288","12065558","chrX","125427003","125427273","67","113361715"
"chr4","12140689","12140908","chr22","40846106","40846336","58","28705417"
"chr4","12339940","12340064","chr27","37171083","37171207","5","24831143"
"chr4","12499428","12499718","chr27","37009818","37010109","21","24510390"
"chr4","12628291","12628583","chr27","36887180","36887497","40","24258889"
"chr4","12815041","12815159","chr23","16458800","16458917","17","3643759"
"chr4","12824346","12824631","chr27","36713338","36713618","32","23888992"
"chr4","12857600","12857767","chr8","7221100","7221265","31","5636500"
"chr4","12858771","12858982","chr29","3293564","3293769","46","9565207"
"chr4","12860118","12860417","chr27","36681318","36681616","17","23821200"
"chr4","12864410","12864639","chr27","36676865","36677114","40","23812455"
"chr4","12915645","12915942","chr27","36629583","36629860","43","23713938"
"chr4","12915964","12916234","chr27","36629254","36629561","62","23713290"
"chr4","12932886","12933177","chr27","36612160","36612449","22","23679274"
"chr4","12936037","12936203","chr28","1908092","1908251","36","11027945"
"chr4","12986399","12986697","chr28","11856078","11856376","55","1130321"
"chr4","12986918","12987176","chr12","87334913","87335173","78","74347995"
"chr4","13015709","13016009","chr27","44075709","44076005","61","31060000"
"chr4","13154225","13154524","chr27","36410712","36410999","27","23256487"
"chr4","13243154","13243266","chr14","79359063","79359169","29","66115909"
"chr4","13252385","13252504","chr16","42642802","42642920","18","29390417"
"chr4","13364526","13364732","chr8","94307377","94307557","62","80942851"
"chr4","13789673","13789960","chr5","26898777","26899071","63","13109104"
"chr4","13870004","13870288","chr27","35756753","35757036","19","21886749"
"chr4","13884557","13884831","chr17","60886955","60887217","59","47002398"
"chr4","13911101","13911244","chr27","35716548","35716691","10","21805447"
"chr4","13939670","13939793","chr27","35691229","35691358","13","21751559"
"chr4","14080925","14081231","chr17","35306470","35306782","62","21225545"
"chr4","14236953","14237226","chr27","35406096","35406376","34","21169143"
"chr4","14283030","14283315","chr26","19832236","19832515","55","5549206"
"chr4","14426853","14426950","chr9","33580257","33580355","13","19153404"
"chr4","14427669","14427934","chrX","95519937","95520195","73","81092268"
"chr4","14906205","14906458","chr6","48480921","48481189","75","33574716"
"chr4","14996355","14996611","chr3","53637264","53637513","59","38640909"
"chr4","15024855","15025143","chr27","34704585","34704872","20","19679730"
"chr4","15025181","15025204","chr7","99112669","99112691","5","84087488"
"chr4","15029081","15029370","chr1","68583509","68583795","46","53554428"
"chr4","15029692","15029801","chr27","34664172","34664296","19","19634480"
"chr4","15052615","15052895","chr27","34697773","34698048","28","19645158"
"chr4","15060604","15060721","chr27","34688635","34688752","11","19628031"
"chr4","15085962","15086071","chr27","34664172","34664296","19","19578210"
"chr4","15086393","15086682","chr1","68583509","68583795","46","53497116"
"chr4","15116604","15116919","chr27","34632160","34632493","42","19515556"
"chr4","15120696","15120988","chr11","959088","959382","56","14161608"
"chr4","15124407","15124688","chr27","34624414","34624700","18","19500007"
"chr4","15162550","15162853","chr15","83171593","83171892","59","68009043"
"chr4","15170386","15170676","chr27","34587968","34588257","17","19417582"
"chr4","15182872","15183171","chr27","34575388","34575701","33","19392516"
"chr4","15194167","15194288","chr27","34563076","34563201","10","19368909"
"chr4","15232487","15232769","chr27","34515977","34516265","21","19283490"
"chr4","15244641","15244897","chr10","123103810","123104048","70","107859169"
"chr4","15246522","15246827","chr27","34502518","34502826","21","19255996"
"chr4","15250036","15250274","chr25","23138251","23138473","55","7888215"
"chr4","15271656","15271961","chrUn_AQIB01158608v1","344","630","44","15271312"
"chr4","15319434","15319556","chr27","34431413","34431535","6","19111979"
"chr4","15446892","15447188","chr27","34285195","34285493","21","18838303"
"chr4","15470368","15470649","chr27","34262440","34262736","30","18792072"
"chr4","15484542","15484842","chr27","34247111","34247414","40","18762569"
"chr4","15490009","15490221","chr14","70241793","70241981","61","54751784"
"chr4","15523667","15523793","chr27","34209498","34209623","13","18685831"
"chr4","15561748","15561993","chr27","34169836","34170069","31","18608088"
"chr4","15575157","15575229","chr20","87962999","87963065","19","72387842"
"chr4","15630981","15631263","chr27","34097646","34097927","15","18466665"
"chr4","15636608","15636913","chr27","34091998","34092299","26","18455390"
"chr4","15671925","15672098","chr27","34056908","34057082","13","18384983"
"chr4","15685809","15686098","chr10","19216167","19216462","57","3530358"
"chr4","15717164","15717461","chr27","34012550","34012840","34","18295386"
"chr4","15717900","15718198","chr27","34011808","34012111","21","18293908"
"chr4","15763048","15763129","chr16","67653786","67653867","24","51890738"
"chr4","15918791","15919088","chr27","33809470","33809761","22","17890679"
"chr4","16081004","16081309","chr27","33646487","33646777","38","17565483"
"chr4","16128895","16129182","chr29","8566894","8567185","70","7562001"
"chr4","16146239","16146538","chr11","104172959","104173256","62","88026720"
"chr4","16173857","16174139","chr27","33557978","33558268","25","17384121"
"chr4","16367707","16368010","chr27","33358594","33358891","49","16990887"
"chr4","16451557","16451695","chr7","31787944","31788090","33","15336387"
"chr4","16658634","16658940","chr25","57330925","57331230","57","40672291"
"chr4","16759596","16759896","chr27","32988225","32988534","24","16228629"
"chr4","16904328","16904602","chr27","32843526","32843800","16","15939198"
"chr4","16923107","16923421","chr13","67392191","67392491","65","50469084"
"chr4","16930635","16930897","chr27","32812775","32813036","18","15882140"
"chr4","16942665","16942948","chrX","127840760","127841038","64","110898095"
"chr4","16965380","16965675","chr5","19667445","19667740","67","2702065"
"chr4","16986271","16986509","chr27","32769310","32769551","19","15783039"
"chr4","16992027","16992200","chr16","26351066","26351234","43","9359039"
"chr4","16992234","16992351","chr16","46699547","46699662","17","29707313"
"chr4","17018272","17018551","chr27","32734962","32735218","30","15716690"
"chr4","17028803","17029090","chr27","32724289","32724580","22","15695486"
"chr4","17043177","17043451","chr27","32709773","32710054","29","15666596"
"chr4","17052996","17053296","chr27","32700044","32700349","38","15647048"
"chr4","17063373","17063489","chr27","32689870","32689986","8","15626497"
"chr4","17068234","17068465","chr25","73205360","73205578","59","56137126"
"chr4","17101827","17102136","chr27","32656749","32657065","27","15554922"
"chr4","17128886","17129161","chr20","130179369","130179636","70","113050483"
"chr4","17133076","17133194","chr27","32634964","32635079","15","15501888"
"chr4","17147339","17147509","chr1","18448206","18448375","34","1300867"
"chr4","17151702","17152020","chr27","32615534","32615854","24","15463832"
"chr4","17153882","17154010","chr1","110332506","110332634","20","93178624"
"chr4","17175142","17175395","chr9","8527833","8528100","73","8647309"
"chr4","17191341","17191640","chr28","13869656","13869964","60","3321685"
"chr4","17197149","17197440","chr25","70650406","70650702","58","53453257"
"chr4","17209187","17209491","chr10","56455729","56456031","63","39246542"
"chr4","17237337","17237652","chr17","70727189","70727498","62","53489852"
"chr4","17238732","17239004","chr16","58389600","58389874","59","41150868"
"chr4","17253300","17253439","chr15","18909593","18909729","26","1656293"
"chr4","17253747","17253818","chr20","87962999","87963065","16","70709252"
"chr4","17288342","17288578","chr27","32487037","32487268","22","15198695"
"chr4","17295413","17295718","chr27","32480719","32481016","31","15185306"
"chr4","17295890","17296011","chr27","32480422","32480545","7","15184532"
"chr4","17312112","17312409","chr27","32457880","32458181","21","15145768"
"chr4","17321363","17321660","chr5","73109745","73110040","66","55788382"
"chr4","17325858","17326162","chr27","32445078","32445381","22","15119220"
"chr4","17331909","17332039","chr5","35742860","35742986","20","18410951"
"chr4","17337479","17337765","chr9","88941244","88941519","64","71603765"
"chr4","17352936","17353221","chr27","32418437","32418715","23","15065501"
"chr4","17365356","17365602","chr27","32409558","32409775","38","15044202"
"chr4","17386093","17386370","chr27","32388784","32389063","22","15002691"
"chr4","17399203","17399383","chr24","7508510","7508695","37","9890693"
"chr4","17529731","17530032","chr27","32246351","32246654","26","14716620"
"chr4","17532933","17533183","chr27","32243470","32243726","22","14710537"
"chr4","17712866","17712943","chr27","32071090","32071167","1","14358224"
"chr4","17851225","17851492","chr27","31935801","31936097","43","14084576"
"chr4","17869435","17869733","chr27","31917530","31917828","16","14048095"
"chr4","17988573","17988847","chr7","87092656","87092935","56","69104083"
"chr4","18019408","18019652","chr17","35976118","35976347","61","17956710"
"chr4","18026956","18027214","chr27","31762807","31763064","25","13735851"
"chr4","18415206","18415392","chr27","31342781","31342966","13","12927575"
"chr4","18432968","18433278","chr27","31316147","31316441","32","12883179"
"chr4","18673096","18673419","chr4","65107357","65107682","66","46434261"
"chr4","19263313","19263595","chr27","30483350","30483619","40","11220037"
"chr4","19462549","19462731","chr27","30341814","30341980","31","10879265"
"chr4","19464099","19464393","chr27","30340152","30340447","19","10876053"
"chr4","19519935","19520219","chr27","30284244","30284546","36","10764309"
"chr4","19521256","19521557","chr17","69265632","69265923","71","49744376"
"chr4","19582603","19582870","chr27","30221986","30222252","24","10639383"
"chr4","19736752","19737001","chr27","30065907","30066156","22","10329155"
"chr4","19843444","19843714","chr27","29965678","29965967","36","10122234"
"chr4","19879535","19879821","chr17","37436875","37437154","62","17557340"
"chr4","19882066","19882376","chr27","29925439","29925741","34","10043373"
"chr4","19886786","19886908","chr27","29921373","29921493","10","10034587"
"chr4","20179378","20179511","chr3","6799055","6799185","29","13380323"
"chr4","20300395","20300683","chr24","28247876","28248163","55","7947481"
"chr4","20354121","20354439","chrX","57619342","57619652","69","37265221"
"chr4","20765594","20765873","chr11","66004623","66004896","63","45239029"
"chr4","20775943","20776015","chr27","29071706","29071777","10","8295763"
"chr4","20776201","20776273","chr27","29071706","29071777","10","8295505"
"chr4","20813667","20813962","chr27","29037084","29037385","27","8223417"
"chr4","20958947","20959240","chr8","127207099","127207377","71","106248152"
"chr4","20983183","20983317","chr9","62380788","62380921","21","41397605"
"chr4","21041586","21041887","chr27","28813271","28813563","40","7771685"
"chr4","21061999","21062161","chr8","7221100","7221265","30","13840899"
"chr4","21062189","21062306","chrX","17199633","17199749","22","3862556"
"chr4","21200136","21200342","chr21","73194765","73194969","47","51994629"
"chr4","21200369","21200495","chrX","49638642","49638766","19","28438273"
"chr4","21250226","21250555","chr27","28615678","28616009","24","7365452"
"chr4","21367268","21367564","chrX","55581562","55581870","75","34214294"
"chr4","21453513","21453802","chr2","22886969","22887263","72","1433456"
"chr4","21483192","21483333","chr23","79084166","79084309","28","57600974"
"chr4","21548027","21548157","chr27","28320648","28320777","6","6772621"
"chr4","21559208","21559459","chr4","71153046","71153289","60","49593838"
"chr4","21678442","21678730","chr18","59278868","59279150","77","37600426"
"chr4","21905302","21905594","chr27","27974286","27974571","19","6068984"
"chr4","21939297","21939579","chr27","27937462","27937744","20","5998165"
"chr4","21959149","21959457","chr8","76026514","76026825","67","54067365"
"chr4","21977383","21977694","chr27","27898815","27899112","44","5921432"
"chr4","21979185","21979493","chr27","27897001","27897296","40","5917816"
"chr4","22056099","22056405","chr1","46560257","46560557","62","24504158"
"chr4","22066706","22067001","chr27","27808131","27808418","34","5741425"
"chr4","22094732","22094922","chr20","119532056","119532238","46","97437324"
"chr4","22096857","22097139","chr12","44629039","44629318","62","22532182"
"chr4","22100906","22101189","chr21","104134403","104134680","57","82033497"
"chr4","22110386","22110685","chr2","59342373","59342674","61","37231987"
"chr4","22598461","22598753","chr27","27325469","27325761","21","4727008"
"chr4","22977973","22978257","chr27","26946026","26946314","16","3968053"
"chr4","23174335","23174626","chr27","26741499","26741787","34","3567164"
"chr4","23177808","23178086","chr6","17448009","17448289","56","5729799"
"chr4","23247728","23248004","chr27","26667887","26668197","52","3420159"
"chr4","23262084","23262300","chr27","26653190","26653408","40","3391106"
"chr4","23268802","23269091","chr27","26646425","26646689","55","3377623"
"chr4","23313618","23313907","chr27","26608469","26608770","37","3294851"
"chr4","23368334","23368621","chr19","28681778","28682081","54","5313444"
"chr4","23369414","23369615","chr12","26878004","26878201","39","3508590"
"chr4","23371660","23371884","chr4","74505980","74506198","47","51134320"
"chr4","23436113","23436413","chr27","26495693","26495989","18","3059580"
"chr4","23517236","23517527","chr18","53980845","53981131","66","30463609"
"chr4","23663939","23664259","chr27","26262566","26262883","26","2598627"
"chr4","23782924","23783215","chr27","26141971","26142262","15","2359047"
"chr4","23853098","23853388","chr27","26071553","26071846","19","2218455"
"chr4","23894553","23894855","chr27","26030993","26031294","29","2136440"
"chr4","23972153","23972276","chr27","25961129","25961253","5","1988976"
"chr4","24006227","24006537","chr27","25926589","25926899","22","1920362"
"chr4","24033435","24033723","chr27","25899807","25900097","22","1866372"
"chr4","24039179","24039461","chr27","25894018","25894305","42","1854839"
"chr4","24070947","24071233","chr11","104639648","104639942","65","80568701"
"chr4","24106083","24106378","chr7","128879195","128879469","58","104773112"
"chr4","24108467","24108748","chr7","31131455","31131726","66","7022988"
"chr4","24121927","24122209","chr27","25814991","25815273","17","1693064"
"chr4","24143070","24143365","chr17","35731536","35731821","70","11588466"
"chr4","24155680","24155971","chr21","35203565","35203849","60","11047885"
"chr4","24157265","24157549","chr27","25779295","25779595","44","1622030"
"chr4","24188850","24188968","chr8","92767863","92767980","19","68579013"
"chr4","24203218","24203515","chr4","62476996","62477290","55","38273778"
"chr4","24258940","24259106","chr27","25676739","25676919","28","1417799"
"chr4","24287244","24287306","chr8","7281882","7281941","16","17005362"
"chr4","24306767","24307065","chr2","16134213","16134510","51","8172554"
"chr4","24373112","24373403","chr27","25563336","25563626","27","1190224"
"chr4","24396780","24397065","chr27","25538409","25538694","24","1141629"
"chr4","24473574","24473881","chr12","40601683","40601983","49","16128109"
"chr4","24490287","24490594","chr1","32282337","32282646","64","7792050"
"chr4","24495493","24495620","chr27","25443992","25444108","20","948499"
"chr4","24545891","24546159","chr8","28914316","28914586","61","4368425"
"chr4","24559786","24560078","chr27","25387290","25387587","27","827504"
"chr4","24596046","24596343","chr27","25350534","25350836","37","754488"
"chr4","24606717","24607008","chr27","25311700","25312004","35","704983"
"chr4","24635763","24636076","chr3","19554105","19554413","69","5081658"
"chr4","24641859","24642150","chr27","25311700","25312004","35","669841"
"chr4","24653569","24653860","chr27","25311700","25312004","36","658131"
"chr4","24654528","24654826","chr27","25310747","25311044","19","656219"
"chr4","24691467","24691751","chr27","25272099","25272383","19","580632"
"chr4","24698408","24698537","chr27","25264729","25264858","6","566321"
"chr4","24707039","24707337","chr27","25255941","25256229","21","548902"
"chr4","24738984","24739103","chr14","51251172","51251290","16","26512188"
"chr4","24775039","24775330","chr19","9079187","9079479","52","15695852"
"chr4","24794663","24794955","chr27","25160380","25160672","20","365717"
"chr4","24796522","24796816","chr27","25158492","25158788","18","361970"
"chr4","24802775","24802902","chr4","62078666","62078791","19","37275891"
"chr4","24808117","24808398","chr14","82806583","82806861","52","57998466"
"chr4","24825937","24826161","chr27","25131179","25131403","15","305242"
"chr4","24826265","24826554","chr3","10514269","10514565","55","14311996"
"chr4","24836416","24836736","chr27","25119407","25119697","43","282991"
"chr4","24839273","24839369","chr20","88649955","88650050","26","63810682"
"chr4","24851380","24851675","chr27","25114904","25115204","20","263524"
"chr4","24868986","24869327","chr1","31523751","31524072","91","6654765"
"chr4","24879487","24879849","chr5","14989570","14989901","104","9889917"
"chr4","24888544","24888825","chr27","25082508","25082791","35","193964"
"chr4","24903796","24904107","chr27","25067085","25067388","43","163289"
"chr4","24909572","24909876","chr16","17381022","17381302","90","7528550"
"chr4","24923163","24923470","chr24","8106406","8106703","60","16816757"
"chr4","24934481","24934778","chr6","34147292","34147592","56","9212811"
"chr4","24938285","24938581","chr27","25034101","25034397","18","95816"
"chr4","24947998","24948083","chr4","19838642","19838726","18","5109356"
"chr4","25026460","25026760","chr20","109082362","109082657","59","84055902"
"chr4","25035701","25035939","chr16","15876525","15876757","60","9159176"
"chr4","25038554","25038796","chr27","24936675","24936920","38","101879"
"chr4","25051792","25052081","chr9","107862465","107862750","49","82810673"
"chr4","25098605","25098791","chr27","24862640","24862826","16","235965"
"chr4","25118545","25118808","chr2","17086164","17086430","63","8032381"
"chr4","25127477","25127765","chr12","32255952","32256239","58","7128475"
"chr4","25134719","25135019","chr18","58528325","58528623","51","33393606"
"chr4","25140265","25140564","chr12","40601683","40601983","60","15461418"
"chr4","25142483","25142645","chr28","15708353","15708496","50","9434130"
"chr4","25151983","25152199","chr27","24796763","24796969","28","355220"
"chr4","25152829","25152907","chr27","24796060","24796138","2","356769"
"chr4","25179652","25179873","chr14","2884587","2884813","49","22295065"
"chr4","25180558","25180861","chr27","24770271","24770576","27","410287"
"chr4","25184478","25184748","chr27","24771440","24771700","27","413038"
"chr4","25188370","25188578","chr1","11952538","11952739","57","13235832"
"chr4","25207511","25207808","chr16","57333834","57334137","75","32126323"
"chr4","25210847","25211053","chr22","9878311","9878528","51","15332536"
"chr4","25211397","25211662","chr27","24745383","24745667","42","466014"
"chr4","25212488","25212536","chr19","5795967","5796008","15","19416521"
"chr4","25212609","25212912","chr27","24744134","24744437","24","468475"
"chr4","25217682","25217814","chr27","24723066","24723198","8","494616"
"chr4","25220517","25220722","chr16","30333461","30333679","59","5112944"
"chr4","25230933","25231200","chr28","3216477","3216739","67","22014456"
"chr4","25272213","25272451","chr28","18957985","18958207","66","6314228"
"chr4","25275390","25275657","chr28","20400725","20400994","58","4874665"
"chr4","25277379","25277695","chr21","120486641","120486962","64","95209262"
"chr4","25280731","25281041","chr27","24650479","24650788","36","630252"
"chr4","25292806","25292915","chr14","25194409","25194516","39","98397"
"chr4","25294212","25294245","chr1","108081501","108081534","8","82787289"
"chr4","25376976","25377275","chr27","24559446","24559744","20","817530"
"chr4","25397537","25397670","chr15","49053326","49053458","23","23655789"
"chr4","25433355","25433620","chr27","24498388","24498657","22","934967"
"chr4","25463805","25464096","chr6","31434047","31434334","68","5970242"
"chr4","25477341","25477660","chr27","24453813","24454124","32","1023528"
"chr4","25482957","25483234","chr27","24448020","24448290","58","1034937"
"chr4","25490827","25491162","chr9","85612153","85612473","82","60121326"
"chr4","25527811","25528088","chr1","114506267","114506548","56","88978456"
"chr4","25549819","25550106","chr27","24382696","24382987","20","1167123"
"chr4","25562351","25562654","chr27","24370353","24370648","26","1191998"
"chr4","25568507","25568805","chr20","114062015","114062311","72","88493508"
"chr4","25577651","25577939","chr11","12643599","12643890","65","12934052"
"chr4","25615518","25615800","chr8","92530136","92530414","49","66914618"
"chr4","25629391","25629704","chr27","24304971","24305288","30","1324420"
"chr4","25639205","25639503","chr6","33158895","33159205","56","7519690"
"chr4","25648472","25648651","chr27","24286313","24286500","13","1362159"
"chr4","25648957","25649094","chr27","24285870","24286008","12","1363087"
"chr4","25657269","25657556","chr27","24275902","24276190","25","1381367"
"chr4","25696022","25696243","chr27","24236764","24236963","43","1459258"
"chr4","25739237","25739553","chr27","24193488","24193805","24","1545749"
"chr4","25764303","25764441","chr6","15779789","15779927","33","9984514"
"chr4","25771218","25771485","chr27","24166211","24166478","14","1605007"
"chr4","25783837","25784109","chr27","24152987","24153283","41","1630850"
"chr4","25788070","25788295","chr8","36088146","36088372","45","10300076"
"chr4","25819422","25819731","chr13","11597503","11597800","65","14221919"
"chr4","25825679","25825792","chr4","73026146","73026253","31","47200467"
"chr4","25834289","25834505","chr7","111829462","111829682","47","85995173"
"chr4","25867974","25868300","chr27","24071915","24072239","26","1796059"
"chr4","25870038","25870357","chr27","24069866","24070178","28","1800172"
"chr4","25872697","25873011","chr27","24067206","24067509","30","1805491"
"chr4","25875971","25876291","chr27","24069866","24070178","29","1806105"
"chr4","25878025","25878351","chr27","24071915","24072239","27","1806110"
"chr4","25886788","25886974","chr1","63067465","63067652","58","37180677"
"chr4","25888257","25888584","chr27","24056537","24056832","68","1831720"
"chr4","25890972","25891266","chrX","28799505","28799788","66","2908533"
"chr4","25898442","25898757","chr12","40601683","40601983","64","14703241"
"chr4","25936423","25936716","chr26","6150165","6150453","63","19786258"
"chr4","25951304","25951613","chr6","41118210","41118517","68","15166906"
"chr4","25951712","25951976","chr20","97193567","97193826","48","71241855"
"chr4","25961102","25961409","chr5","25505848","25506149","59","455254"
"chr4","25981423","25981601","chr27","23963759","23963920","31","2017664"
"chr4","25981971","25982117","chr27","23963244","23963386","16","2018727"
"chr4","25984773","25985079","chr11","113450525","113450836","62","87465752"
"chr4","25987998","25988176","chr27","23957431","23957610","18","2030567"
"chr4","25990376","25990503","chr27","23953563","23953697","13","2036813"
"chr4","26015770","26015887","chr23","16458800","16458917","15","9556970"
"chr4","26065671","26065786","chr14","94742719","94742832","18","68677048"
"chr4","26079527","26079832","chr27","23870669","23870967","27","2208858"
"chr4","26104246","26104369","chr17","54206234","54206358","18","28101988"
"chr4","26111831","26112123","chr27","23839509","23839821","37","2272322"
"chr4","26114795","26115094","chr20","112495489","112495789","56","86380694"
"chr4","26142235","26142519","chr11","101766154","101766428","66","75623919"
"chr4","26167109","26167386","chr27","23783385","23783666","14","2383724"
"chr4","26169987","26170278","chr27","23780456","23780778","47","2389531"
"chr4","26245391","26245705","chr7","98281251","98281549","61","72035860"
"chr4","26314112","26314307","chr1","116507623","116507805","55","90193511"
"chr4","26384521","26384824","chr13","78666775","78667072","59","52282254"
"chr4","26387210","26387473","chr17","41865453","41865734","70","15478243"
"chr4","26425226","26425533","chr27","23546807","23547112","27","2878419"
"chr4","26480075","26480224","chr14","18277378","18277523","33","8202697"
"chr4","26579885","26580168","chr27","23395197","23395485","39","3184688"
"chr4","26662702","26662813","chr27","23310797","23310905","14","3351905"
"chr4","26702666","26702913","chr23","78663924","78664169","48","51961258"
"chr4","26752436","26752593","chr6","14643002","14643160","31","12109434"
"chr4","26933240","26933533","chr27","23053968","23054261","32","3879272"
"chr4","27037729","27037994","chr27","22980021","22980286","10","4057708"
"chr4","27059431","27059725","chr27","22957918","22958222","33","4101513"
"chr4","27089848","27090121","chr27","22912300","22912572","26","4177548"
"chr4","27110938","27111241","chr27","22889719","22890023","22","4221219"
"chr4","27116246","27116556","chr27","22884602","22884917","28","4231644"
"chr4","27189714","27190021","chr27","22803090","22803377","55","4386624"
"chr4","27291391","27291680","chr27","22703295","22703589","30","4588096"
"chr4","27372472","27372763","chr27","22627560","22627859","43","4744912"
"chr4","27479502","27479631","chr27","22521766","22521895","6","4957736"
"chr4","27744768","27745006","chr1","6098288","6098540","61","21646480"
"chr4","27829742","27830071","chr27","22184849","22185177","28","5644893"
"chr4","27837507","27837529","chr10","82144729","82144749","7","54307222"
"chr4","27839831","27840086","chr14","1068370","1068624","65","26771461"
"chr4","27843815","27844111","chr27","22170840","22171114","47","5672975"
"chr4","27985795","27985925","chr27","22027825","22027948","13","5957970"
"chr4","28250494","28250804","chr16","68804231","68804534","55","40553737"
"chr4","28344860","28345164","chr20","21024184","21024484","52","7320676"
"chr4","28610852","28611130","chr27","21390656","21390939","29","7220196"
"chr4","28645755","28646074","chr9","96956253","96956558","78","68310498"
"chr4","28811742","28812023","chr27","21193447","21193728","17","7618295"
"chr4","28821180","28821462","chr27","21184130","21184418","28","7637050"
"chr4","28860768","28861064","chr21","119732770","119733069","75","90872002"
"chr4","28963703","28963979","chr11","52025258","52025533","66","23061555"
"chr4","28967775","28968073","chr27","21030592","21030916","52","7937183"
"chr4","29009999","29010274","chr27","20986445","20986701","65","8023554"
"chr4","29064982","29065296","chr5","21242950","21243253","79","7822032"
"chr4","29124387","29124685","chr27","20867579","20867837","64","8256808"
"chr4","29198888","29199183","chr22","12454210","12454500","74","16744678"
"chr4","29260839","29261183","chr17","27141501","27141842","79","2119338"
"chr4","29331280","29331588","chr18","32854753","32855059","66","3523473"
"chr4","29391326","29391443","chr5","63238454","63238582","15","33847128"
"chr4","29571906","29572201","chr18","21204763","21205045","71","8367143"
"chr4","29765809","29766051","chr27","20218938","20219176","28","9546871"
"chr4","29822383","29822505","chrX","122026965","122027087","16","92204582"
"chr4","30167123","30167430","chr28","11548952","11549255","70","18618171"
"chr4","30170795","30171105","chr6","13815038","13815347","66","16355757"
"chr4","30389950","30390157","chr27","19610631","19610842","25","10779319"
"chr4","30451869","30452161","chr27","19541463","19541769","59","10910406"
"chr4","30493961","30494256","chr27","19500494","19500778","29","10993467"
"chr4","30495203","30495507","chr27","19497435","19497744","24","10997768"
"chr4","30530040","30530323","chr27","19462989","19463265","33","11067051"
"chr4","30536620","30536849","chr9","94382616","94382844","50","63845996"
"chr4","30578145","30578462","chrX","23549377","23549682","68","7028768"
"chr4","30660283","30660576","chr10","126454330","126454619","68","95794047"
"chr4","30660583","30660750","chr6","50768945","50769102","38","20108362"
"chr4","30725700","30726014","chr16","24932691","24933003","84","5793009"
"chr4","30803763","30804093","chr22","58303407","58303718","85","27499644"
"chr4","30881460","30881716","chr10","97721782","97722063","82","66840322"
"chr4","30897006","30897287","chr13","23572527","23572810","82","7324479"
"chr4","30910674","30910980","chr26","7185712","7186005","71","23724962"
"chr4","30987305","30987592","chr11","104479228","104479515","53","73491923"
"chr4","31151785","31152074","chr11","46343863","46344160","66","15192078"
"chr4","31228018","31228168","chr2","14476013","14476167","38","16752005"
"chr4","31490537","31490688","chr27","18508738","18508912","30","12981799"
"chr4","31545764","31546072","chr8","89913927","89914225","72","58368163"
"chr4","31588913","31589221","chr8","89913927","89914225","72","58325014"
"chr4","31632133","31632443","chr27","18406410","18406691","51","13225723"
"chr4","31767953","31768139","chr23","27577241","27577424","46","4190712"
"chr4","31785995","31786281","chr11","112993338","112993624","61","81207343"
"chr4","31809995","31810296","chr27","18228916","18229215","24","13581079"
"chr4","32258927","32259238","chr27","17747194","17747506","33","14511733"
"chr4","32328313","32328527","chr8","84910387","84910593","51","52582074"
"chr4","32499748","32500000","chr15","47375881","47376127","63","14876133"
"chr4","32543991","32544273","chr9","55818627","55818905","61","23274636"
"chr4","32573882","32574173","chr20","24340654","24340924","67","8233228"
"chr4","32636998","32637104","chr9","99624261","99624369","18","66987263"
"chr4","32638188","32638451","chr27","17346897","17347160","26","15291291"
"chr4","32699226","32699566","chr27","17282980","17283290","66","15416246"
"chr4","32728939","32729198","chr10","54818152","54818418","82","22089213"
"chr4","32982612","32982911","chr27","17011739","17012071","66","15970873"
"chr4","33110656","33110956","chr27","16894304","16894597","25","16216352"
"chr4","33121202","33121483","chr12","94274795","94275074","71","61153593"
"chr4","33147278","33147498","chr27","16857878","16858081","29","16289400"
"chr4","33154249","33154523","chr8","36615254","36615533","69","3461005"
"chr4","33214098","33214375","chr27","16781441","16781745","43","16432657"
"chr4","33236965","33237285","chr27","16755900","16756224","34","16481065"
"chr4","33390413","33390711","chr27","16593744","16594051","40","16796669"
"chr4","33397727","33397844","chr1","8128376","8128492","22","25269351"
"chr4","33456029","33456153","chr17","47681418","47681542","20","14225389"
"chr4","33466820","33467126","chr20","104637922","104638224","63","71171102"
"chr4","33549432","33549601","chr27","16435969","16436130","31","17113463"
"chr4","33756866","33756984","chr5","3854392","3854510","25","29902474"
"chr4","33760810","33761042","chr27","16229094","16229326","12","17531716"
"chr4","33865781","33866057","chr27","16134841","16135124","37","17730940"
"chr4","33945931","33946109","chr1","19360248","19360421","49","14585683"
"chr4","34043639","34043937","chr3","28499359","28499659","77","5544280"
"chr4","34289373","34289664","chr27","15702374","15702662","29","18586999"
"chr4","34488763","34489046","chr27","15491564","15491847","30","18997199"
"chr4","34521070","34521186","chr9","45458874","45458990","11","10937804"
"chr4","34604645","34604937","chr27","15362523","15362818","19","19242122"
"chr4","34621112","34621398","chr2","35878899","35879181","60","1257787"
"chr4","34731032","34731312","chr25","3564835","3565123","63","31166197"
"chr4","34764947","34765165","chr27","15210457","15210675","17","19554490"
"chr4","34817394","34817678","chr13","66831801","66832093","73","32014407"
"chr4","34871663","34871946","chr27","15107424","15107694","32","19764239"
"chr4","34908433","34908545","chr1","120798422","120798537","26","85889989"
"chr4","34908585","34908770","chr14","64802355","64802538","49","29893770"
"chr4","34988134","34988302","chr6","5100205","5100370","35","29887929"
"chr4","35072919","35073180","chr27","14902936","14903199","18","20169983"
"chr4","35085355","35085616","chr27","14902936","14903199","18","20182419"
"chr4","35099140","35099432","chr27","14877644","14877965","66","20221496"
"chr4","35121052","35121359","chr28","13939331","13939632","77","21181721"
"chr4","35332815","35333103","chr27","14651191","14651481","31","20681624"
"chr4","35337480","35337810","chr27","14647436","14647729","66","20690044"
"chr4","35359813","35360086","chr6","2365278","2365557","75","32994535"
"chr4","35407890","35407987","chr20","100261778","100261875","11","64853888"
"chr4","35565823","35566103","chr27","14418398","14418683","22","21147425"
"chr4","35802838","35802982","chr27","14174157","14174305","17","21628681"
"chr4","35821645","35821930","chr27","14156115","14156406","40","21665530"
"chr4","36062792","36062919","chr13","69090197","69090320","27","33027405"
"chr4","36401005","36401283","chr1","18923368","18923647","72","17477637"
"chr4","36403420","36403714","chr27","13597953","13598249","35","22805467"
"chr4","36451551","36451846","chr27","13549138","13549451","41","22902413"
"chr4","36600407","36600705","chr6","27683915","27684216","70","8916492"
"chr4","36668873","36668996","chr27","13337012","13337134","11","23331861"
"chr4","36714522","36714832","chr8","97635106","97635417","75","60920584"
"chr4","36718291","36718597","chr11","88488942","88489253","71","51770651"
"chr4","37344583","37344908","chr9","107390953","107391256","73","70046370"
"chr4","37345961","37346230","chr1","64406036","64406305","14","27060075"
"chr4","37361707","37362003","chr27","12651972","12652256","44","24709735"
"chr4","37373092","37373388","chr22","55802856","55803158","55","18429764"
"chr4","37397678","37397986","chr25","25408503","25408810","58","11989175"
"chr4","37492357","37492654","chr27","12520475","12520750","45","24971882"
"chr4","37556051","37556340","chr6","17664504","17664790","58","19891547"
"chr4","37575955","37576155","chr27","12435125","12435318","21","25140830"
"chr4","37645599","37645865","chrX","14279748","14279998","75","23365851"
"chr4","37671274","37671480","chr27","12347001","12347206","14","25324273"
"chr4","37764421","37764538","chr5","22821507","22821623","12","14942914"
"chr4","37791013","37791316","chrX","17354908","17355199","62","20436105"
"chr4","37828348","37828655","chr27","12194335","12194628","35","25634013"
"chr4","37911714","37912000","chr11","121396045","121396332","50","83484331"
"chr4","37924755","37925036","chr27","12089161","12089438","22","25835594"
"chr4","37931430","37931620","chr27","12082890","12083082","14","25848540"
"chr4","38021986","38022243","chr27","11984252","11984509","25","26037734"
"chr4","38065488","38065785","chr11","118281378","118281671","50","80215890"
"chr4","38086397","38086668","chr20","106152115","106152379","61","68065718"
"chr4","38122908","38123027","chr14","56861657","56861778","18","18738749"
"chr4","38138614","38138757","chr27","11865780","11865935","17","26272834"
"chr4","38220414","38220639","chr27","11796246","11796457","34","26424168"
"chr4","38232662","38232946","chr27","11783731","11783992","39","26448931"
"chr4","38233462","38233750","chr23","63681598","63681883","87","25448136"
"chr4","38248395","38248706","chr27","11767782","11768093","20","26480613"
"chr4","38358812","38359111","chr27","11663209","11663520","35","26695603"
"chr4","38402820","38403127","chr7","14614599","14614914","62","23788221"
"chr4","38435372","38435467","chr12","11853989","11854082","15","26581383"
"chr4","38449951","38450237","chr27","11563653","11563912","46","26886298"
"chr4","38480976","38481281","chr27","11523473","11523763","43","26957503"
"chr4","38498509","38498633","chr27","11506464","11506581","12","26992045"
"chr4","38530536","38530834","chr27","11475096","11475391","17","27055440"
"chr4","38538820","38539019","chr27","11467011","11467225","31","27071809"
"chr4","38547892","38548197","chr11","117216720","117217018","58","78668828"
"chr4","38582067","38582369","chr3","27794714","27795014","56","10787353"
"chr4","38587218","38587514","chr12","40601683","40601983","62","2014465"
"chr4","38607546","38607810","chr28","17155574","17155838","55","21451972"
"chr4","38610487","38610783","chr27","11408510","11408805","17","27201977"
"chr4","38669203","38669283","chr9","67816358","67816439","15","29147155"
"chr4","38699990","38700070","chr9","67816358","67816439","15","29116368"
"chr4","38735855","38736142","chr27","11299839","11300127","18","27436016"
"chr4","38765210","38765514","chr6","2173195","2173490","63","36592015"
"chr4","38777134","38777427","chr27","11265016","11265305","18","27512118"
"chr4","38779522","38779796","chr27","11259258","11259531","23","27520264"
"chr4","38784721","38784983","chr27","11254135","11254382","40","27530586"
"chr4","38839053","38839370","chr27","11202242","11202544","33","27636811"
"chr4","38865290","38865380","chr27","11176974","11177066","10","27688316"
"chr4","38865688","38865851","chr27","11176490","11176665","23","27689198"
"chr4","38877246","38877536","chr13","13809986","13810275","61","25067260"
"chr4","38896093","38896209","chr27","11150394","11150510","6","27745699"
"chr4","38905561","38905816","chr27","11139996","11140250","23","27765565"
"chr4","38961431","38961725","chr27","11086856","11087145","19","27874575"
"chr4","38971953","38972071","chr8","93097329","93097447","20","54125376"
"chr4","38992957","38993245","chr27","11063793","11064077","40","27929164"
"chr4","38995105","38995403","chr17","30846862","30847152","64","8148243"
"chr4","39058056","39058180","chr27","11002418","11002542","3","28055638"
"chr4","39111511","39111805","chr9","58944881","58945169","67","19833370"
"chr4","39144145","39144316","chr2","15929638","15929807","38","23214507"
"chr4","39144610","39144753","chr10","127232901","127233037","27","88088291"
"chr4","39144780","39145054","chr27","10916383","10916668","46","28228397"
"chr4","39147636","39147751","chr27","10913766","10913881","7","28233870"
"chr4","39175494","39175788","chr4","51741356","51741649","61","12565862"
"chr4","39182905","39183015","chr27","10886832","10886934","9","28296073"
"chr4","39217212","39217492","chr27","10845038","10845318","16","28372174"
"chr4","39218682","39218972","chr27","10843550","10843833","40","28375132"
"chr4","39235794","39236093","chr10","76220349","76220648","58","36984555"
"chr4","39250644","39250780","chr27","10810844","10810988","19","28439800"
"chr4","39259938","39260250","chr22","18389861","18390184","66","20870077"
"chr4","39260526","39260809","chr27","10801127","10801407","18","28459399"
"chr4","39299611","39299856","chr27","10760784","10761022","15","28538827"
"chr4","39311581","39311809","chr6","42661492","42661711","55","3349911"
"chr4","39316251","39316325","chr27","10744518","10744592","2","28571733"
"chr4","39319761","39320069","chr27","10738618","10738932","23","28581143"
"chr4","39334039","39334349","chrX","22205032","22205334","61","17129007"
"chr4","39343466","39343656","chr11","126236680","126236859","47","86893214"
"chr4","39347843","39348135","chr27","10720112","10720413","25","28627731"
"chr4","39358060","39358354","chr11","3114932","3115225","50","36243128"
"chr4","39381494","39381783","chr12","47309211","47309502","57","7927717"
"chr4","39381977","39382281","chr22","18532485","18532779","74","20849492"
"chr4","39393128","39393422","chr27","10676075","10676375","30","28717053"
"chr4","39395123","39395369","chr27","10674402","10674635","38","28720721"
"chr4","39399031","39399261","chr9","94382616","94382844","45","54983585"
"chr4","39400040","39400154","chr6","5946562","5946670","25","33453478"
"chr4","39400427","39400626","chr10","81656193","81656390","69","42255766"
"chr4","39402464","39402586","chr3","23474952","23475075","17","15927512"
"chr4","39412170","39412462","chr27","10658146","10658434","19","28754024"
"chr4","39416069","39416346","chr25","26610762","26611032","64","12805307"
"chr4","39420458","39420619","chr2","57549702","57549852","39","18129244"
"chr4","39428947","39429165","chr27","10633202","10633420","12","28795745"
"chr4","39430320","39430603","chr3","78421228","78421511","65","38990908"
"chr4","39435903","39436153","chr27","10626599","10626886","59","28809304"
"chr4","39448055","39448251","chr27","10623010","10623210","17","28825045"
"chr4","39458067","39458356","chr27","10613186","10613477","20","28844881"
"chr4","39462416","39462704","chr27","10608640","10608933","33","28853776"
"chr4","39468778","39469082","chr1","77248060","77248339","79","37779282"
"chr4","39480082","39480341","chr29","23314082","23314352","51","16166000"
"chr4","39487022","39487170","chr27","10588796","10588944","23","28898226"
"chr4","39491289","39491437","chr27","10588796","10588944","18","28902493"
"chr4","39512792","39512909","chr27","10565607","10565730","12","28947185"
"chr4","39526349","39526560","chr12","26878004","26878201","52","12648345"
"chr4","39526698","39526982","chr10","62807052","62807344","73","23280354"
"chr4","39553645","39553754","chr27","10526120","10526225","11","29027525"
"chr4","39554566","39554861","chr27","10525018","10525293","35","29029548"
"chr4","39555108","39555411","chr12","103939005","103939299","62","64383897"
"chr4","39558106","39558417","chr5","14757791","14758102","61","24800315"
"chr4","39567240","39567438","chr27","10508467","10508645","29","29058773"
"chr4","39567752","39567864","chr12","30680815","30680925","16","8886937"
"chr4","39580017","39580130","chrX","73248142","73248250","30","33668125"
"chr4","39580200","39580327","chr2","45119822","45119944","17","5539622"
"chr4","39592137","39592308","chr27","10494156","10494321","17","29097981"
"chr4","39615393","39615568","chr27","10471505","10471694","26","29143888"
"chr4","39618071","39618262","chr10","42766862","42767053","57","3148791"
"chr4","39661354","39661662","chr27","10419230","10419511","55","29242124"
"chr4","39662685","39662732","chrX","38883061","38883108","15","779624"
"chr4","39663034","39663215","chr19","13503869","13504050","45","26159165"
"chr4","39675456","39675541","chr27","10406048","10406132","4","29269408"
"chr4","39680567","39680869","chr27","10401122","10401400","42","29279445"
"chr4","39681478","39681737","chr14","36873467","36873730","69","2808011"
"chr4","39681738","39681791","chr16","1959814","1959870","17","37721924"
"chr4","39702931","39703227","chr27","10381070","10381356","35","29321861"
"chr4","39704748","39705047","chr27","10381070","10381356","63","29323678"
"chr4","39713839","39714099","chr16","70199526","70199803","79","30485687"
"chr4","39719937","39720251","chr11","114855636","114855938","60","75135699"
"chr4","39727041","39727154","chr27","10350013","10350123","8","29377028"
"chr4","39730480","39730768","chr27","10346633","10346915","26","29383847"
"chr4","39789593","39789861","chr11","111087932","111088213","61","71298339"
"chr4","39801330","39801632","chr27","10260780","10261088","25","29540550"
"chr4","39801960","39802251","chr27","10260163","10260452","33","29541797"
"chr4","39806250","39806511","chr6","44541328","44541584","64","4735078"
"chr4","39810486","39810785","chr27","10239579","10239869","35","29570907"
"chr4","39833293","39833578","chr17","40167461","40167738","23","334168"
"chr4","39838675","39838960","chr17","40167461","40167738","23","328786"
"chr4","39852420","39852608","chr27","10213923","10214113","14","29638497"
"chr4","39853731","39854018","chr7","76862326","76862612","58","37008595"
"chr4","39858983","39859288","chr28","15141829","15142140","63","24717154"
"chr4","39873336","39873547","chr27","10197672","10197898","25","29675664"
"chr4","39880797","39880914","chr27","10189345","10189464","4","29691452"
"chr4","39890506","39890810","chr27","10179434","10179750","25","29711072"
"chr4","39897105","39897383","chr25","16134460","16134739","66","23762645"
"chr4","39897570","39897809","chr27","10172014","10172269","24","29725556"
"chr4","39951789","39952097","chr6","39742897","39743184","76","208892"
"chr4","40024168","40024472","chr17","35306470","35306782","49","4717698"
"chr4","40030701","40031017","chr27","10057333","10057643","23","29973368"
"chr4","40063567","40063875","chr25","48235927","48236226","55","8172360"
"chr4","40066144","40066454","chr27","10027041","10027355","33","30039103"
"chr4","40096448","40096655","chr27","9994206","9994413","15","30102242"
"chr4","40109694","40110004","chr27","9980234","9980544","39","30129460"
"chr4","40135562","40135772","chr27","9965594","9965804","10","30169968"
"chr4","40144786","40145035","chr27","9951356","9951608","14","30193430"
"chr4","40148289","40148579","chr10","76220349","76220648","54","36072060"
"chr4","40155438","40155567","chr20","109873990","109874123","19","69718552"
"chr4","40172386","40172574","chr6","41893447","41893630","41","1721061"
"chr4","40213680","40213777","chr3","52297479","52297581","17","12083799"
"chr4","40215037","40215343","chr3","27794714","27795014","56","12420323"
"chr4","40219013","40219214","chr6","40624385","40624581","80","405372"
"chr4","40234789","40235011","chr7","75892182","75892420","40","35657393"
"chr4","40274447","40274746","chr12","26242642","26242933","65","14031805"
"chr4","40307651","40307962","chr27","9792645","9792932","45","30515006"
"chr4","40325999","40326159","chr11","117225514","117225672","25","76899515"
"chr4","40326434","40326491","chr21","25928687","25928739","12","14397747"
"chr4","40329871","40330153","chr20","116841509","116841793","60","76511638"
"chr4","40381032","40381339","chr27","9735132","9735419","37","30645900"
"chr4","40401228","40401536","chr6","28194245","28194544","70","12206983"
"chr4","40405554","40405863","chr19","14040351","14040648","53","26365203"
"chr4","40449235","40449546","chr27","9668909","9669221","24","30780326"
"chr4","40454385","40454671","chr27","9664232","9664524","27","30790153"
"chr4","40457236","40457362","chr27","9662075","9662216","20","30795161"
"chr4","40458160","40458468","chr27","9660995","9661292","41","30797165"
"chr4","40481383","40481595","chr14","70241793","70241981","55","29760410"
"chr4","40481904","40481962","chr6","16293948","16294010","17","24187956"
"chr4","40547286","40547577","chr3","19473374","19473660","61","21073912"
"chr4","40554169","40554447","chr16","69608108","69608387","55","29053939"
"chr4","40586549","40586827","chr27","9564188","9564447","40","31022361"
"chr4","40590109","40590405","chr27","9562032","9562328","14","31028077"
"chr4","40592567","40592704","chr21","108340197","108340338","29","67747630"
"chr4","40592737","40592842","chr10","100810392","100810498","16","60217655"
"chr4","40603006","40603286","chr27","9549908","9550196","28","31053098"
"chr4","40637542","40637859","chr27","9515291","9515592","39","31122251"
"chr4","40642807","40642931","chr12","107143584","107143709","30","66500777"
"chr4","40668678","40668732","chr11","20749208","20749261","10","19919470"
"chr4","40669032","40669203","chr6","2105468","2105636","38","38563564"
"chr4","40679294","40679600","chr11","46343863","46344160","63","5664569"
"chr4","40694555","40694844","chr27","9459835","9460117","21","31234720"
"chr4","40713074","40713383","chr27","9441241","9441549","31","31271833"
"chr4","40751312","40751627","chr20","112914043","112914356","64","72162731"
"chr4","40757943","40758117","chr21","34277912","34278083","50","6480031"
"chr4","40758424","40758547","chr25","78572520","78572641","29","37814096"
"chr4","40768254","40768549","chr27","9385759","9386055","14","31382495"
"chr4","40786259","40786554","chr2","7112164","7112455","57","33674095"
"chr4","40801363","40801665","chr27","9350866","9351163","28","31450497"
"chr4","40802555","40802866","chr14","64717265","64717565","64","23914710"
"chr4","40804574","40804736","chr27","9348139","9348294","20","31456435"
"chr4","40804737","40805021","chrX_KE148108v1_random","1020209","1020503","62","39784528"
"chr4","40805022","40805160","chr27","9347724","9347863","12","31457298"
"chr4","40808382","40808679","chr27","9344217","9344514","20","31464165"
"chr4","40846661","40846935","chrX","5184172","5184456","65","35662489"
"chr4","40872148","40872460","chr17","20110794","20111101","61","20761354"
"chr4","40880946","40881274","chr27","9272860","9273162","49","31608086"
"chr4","40884151","40884439","chr24","54921299","54921588","58","14037148"
"chr4","40901695","40901986","chr6","28194245","28194544","63","12707450"
"chr4","40909057","40909348","chr6","28194245","28194544","63","12714812"
"chr4","40944736","40945047","chr3","28499359","28499659","66","12445377"
"chr4","40956669","40956813","chr16","64091877","64092021","26","23135208"
"chr4","40957106","40957274","chr16","67211795","67211958","32","26254689"
"chr4","40977138","40977306","chr16","67211795","67211958","32","26234657"
"chr4","40977597","40977741","chr16","64091877","64092021","26","23114280"
"chr4","40989377","40989661","chr21","15127074","15127353","59","25862303"
"chr4","40992786","40993134","chr8","36122047","36122367","90","4870739"
"chr4","41058158","41058462","chr27","9113624","9113924","22","31944534"
"chr4","41065087","41065393","chr20","109082362","109082657","67","68017275"
"chr4","41067379","41067578","chr27","9105126","9105345","28","31962253"
"chr4","41073702","41073991","chr27","9098672","9098940","36","31975030"
"chr4","41095057","41095327","chr21","86480956","86481241","66","45385899"
"chr4","41119644","41119914","chr27","9053591","9053871","24","32066053"
"chr4","41141494","41141743","chr9","117452409","117452657","54","76310915"
"chr4","41150346","41150651","chr27","9026613","9026916","27","32123733"
"chr4","41160141","41160366","chr5","19762108","19762327","48","21398033"
"chr4","41161614","41161896","chr5","69933160","69933446","59","28771546"
"chr4","41161938","41162260","chr27","9015181","9015466","57","32146757"
"chr4","41166281","41166533","chr27","9010655","9010887","44","32155626"
"chr4","41173220","41173528","chrX","55581562","55581870","55","14408342"
"chr4","41174967","41175160","chr3","22018783","22018966","51","19156184"
"chr4","41178008","41178328","chr2","15066756","15067071","24","26111252"
"chr4","41210073","41210197","chr27","8975242","8975365","8","32234831"
"chr4","41244247","41244538","chr5","10547055","10547347","49","30697192"
"chr4","41250322","41250604","chr27","8943127","8943403","26","32307195"
"chr4","41295648","41295937","chr11","104479228","104479515","59","63183580"
"chr4","41315472","41315765","chr27","8872746","8873032","33","32442726"
"chr4","41410951","41411257","chr1","118681857","118682167","62","77270906"
"chr4","41419630","41419918","chr5","44001779","44002066","56","2582149"
"chr4","41424732","41425057","chr27","8762626","8762904","61","32662106"
"chr4","41507374","41507685","chr18","71966149","71966446","64","30458775"
"chr4","41511483","41511606","chr14","98006814","98006938","16","56495331"
"chr4","41518736","41518859","chr14","98006814","98006938","16","56488078"
"chr4","41595687","41595887","chr8","40623646","40623852","49","972041"
"chr4","41595936","41596030","chr9","15204946","15205044","18","26390990"
"chr4","41615559","41615829","chr27","8591808","8592055","38","33023751"
"chr4","41690507","41690857","chr27","8514107","8514446","47","33176400"
"chr4","41705996","41706106","chrX","17783460","17783576","19","23922536"
"chr4","41749222","41749507","chr27","8455682","8455967","22","33293540"
"chr4","41781941","41782233","chr27","8431298","8431590","31","33350643"
"chr4","41822858","41823141","chr6","13624415","13624698","63","28198443"
"chr4","41826519","41826815","chr27","8387537","8387829","18","33438982"
"chr4","41868984","41869270","chr27","8343394","8343679","22","33525590"
"chr4","41877707","41878002","chr25","23151558","23151851","55","18726149"
"chr4","41881867","41882162","chr25","23151558","23151851","55","18730309"
"chr4","41921763","41922077","chr10","76747047","76747357","57","34825284"
"chr4","41978078","41978359","chr27","8234955","8235236","21","33743123"
"chr4","41979465","41979779","chr27","8233641","8233963","35","33745824"
"chr4","41998442","41998736","chr27","8215361","8215654","31","33783081"
"chr4","42000575","42000871","chr27","8213410","8213706","24","33787165"
"chr4","42035999","42036258","chr5","19296311","19296571","57","22739688"
"chr4","42042888","42043099","chr27","8168531","8168743","17","33874357"
"chr4","42076516","42076810","chr27","8117635","8117944","40","33958881"
"chr4","42114143","42114456","chr27","8079893","8080206","15","34034250"
"chr4","42132040","42132154","chr22","80644808","80644921","20","38512768"
"chr4","42133905","42134189","chr27","8042152","8042463","40","34091753"
"chr4","42173415","42173707","chr19","13428609","13428914","60","28744806"
"chr4","42177867","42178176","chr5","10941331","10941638","68","31236536"
"chr4","42184384","42184500","chr27","7990479","7990596","9","34193905"
"chr4","42222795","42223099","chr14","21957527","21957834","64","20265268"
"chr4","42309149","42309445","chr26","16642920","16643217","54","25666229"
"chr4","42393064","42393370","chr27","7773253","7773542","38","34619811"
"chr4","42719678","42719977","chr11","38771507","38771808","61","3948171"
"chr4","42806774","42806968","chrX","44703239","44703430","54","1896465"
"chr4","42884990","42885275","chr27","7276477","7276763","21","35608513"
"chr4","42897831","42898027","chr1","20967621","20967812","41","21930210"
"chr4","43141573","43141814","chr27","7021589","7021843","29","36119984"
"chr4","43205780","43205956","chr27","6947930","6948101","11","36257850"
"chr4","43246277","43246561","chr2","85225743","85226027","71","41979466"
"chr4","43463396","43463672","chr27","6620572","6620848","16","36842824"
"chr4","43823862","43824169","chr27","6278034","6278341","29","37545828"
"chr4","43947366","43947610","chr10","20225078","20225327","59","23722288"
"chr4","44122360","44122665","chr5","20560019","20560317","68","23562341"
"chr4","44170857","44171142","chr27","5950441","5950717","26","38220416"
"chr4","44223109","44223412","chr27","5892652","5892929","42","38330457"
"chr4","44312742","44313027","chr10","87149364","87149646","68","42836622"
"chr4","44536641","44536836","chr18","44963176","44963352","57","426535"
"chr4","44589294","44589591","chr27","5532119","5532430","31","39057175"
"chr4","44592557","44592808","chr27","5528328","5528598","45","39064229"
"chr4","44607516","44607823","chrX_KE148108v1_random","1020209","1020503","70","43587307"
"chr4","44613069","44613360","chr27","5499690","5499996","45","39113379"
"chr4","44826407","44826566","chr27","5299296","5299460","13","39527111"
"chr4","44826866","44826985","chr27","5298870","5298988","18","39527996"
"chr4","44838508","44838806","chr5","38825052","38825343","56","6013456"
"chr4","45187703","45188009","chr17","36553442","36553750","73","8634261"
"chr4","45239566","45239868","chr27","4890463","4890763","35","40349103"
"chr4","45373065","45373214","chr4","16336189","16336338","40","29036876"
"chr4","45467412","45467671","chr27","4651592","4651844","23","40815820"
"chr4","45636802","45637075","chr8","20830162","20830437","66","24806640"
"chr4","45639357","45639629","chr8","20830162","20830437","66","24809195"
"chr4","45647892","45648062","chr27","4467438","4467621","28","41180454"
"chr4","45700875","45701163","chr13","36269495","36269780","77","9431380"
"chr4","45805689","45805850","chr5","8460029","8460192","23","37345660"
"chr4","45805878","45805963","chr7","130557296","130557378","22","84751418"
"chr4","45828838","45828950","chr27","4285874","4285991","13","41542964"
"chr4","46098927","46099050","chr16","62476385","62476508","27","16377458"
"chr4","46111008","46111319","chr27","4014815","4015131","35","42096193"
"chr4","46172787","46173070","chr14","21932208","21932502","60","24240579"
"chr4","46202703","46202973","chr27","3921085","3921375","48","42281618"
"chr4","46213618","46213930","chr27","3909907","3910220","23","42303711"
"chr4","46247647","46247933","chr12","103939005","103939299","59","57691358"
"chr4","46621332","46621639","chr22","55637144","55637444","66","9015812"
"chr4","46873222","46873486","chr27","3252597","3252878","44","43620625"
"chr4","46898025","46898153","chrX","60317374","60317503","19","13419349"
"chr4","46986446","46986740","chr27","24152987","24153283","67","22833459"
"chr4","46987607","46987884","chr27","3105521","3105789","33","43882086"
"chr4","47010398","47010705","chr27","3078401","3078720","28","43931997"
"chr4","47012200","47012493","chr24","28247876","28248163","66","18764324"
"chr4","47025447","47025727","chr3","89300419","89300681","75","42274972"
"chr4","47026625","47026748","chr27","3061901","3062024","6","43964724"
"chr4","47115396","47115677","chr12","42817502","42817783","72","4297894"
"chr4","47132103","47132415","chr20","88100516","88100832","67","40968413"
"chr4","47282422","47282716","chr27","2827469","2827754","45","44454953"
"chr4","47432500","47432788","chr27","2676667","2676964","31","44755833"
"chr4","47434587","47434878","chr5","69933160","69933446","64","22498573"
"chr4","47456600","47456894","chr20","68003078","68003367","36","20546478"
"chr4","47541444","47541571","chr27","2583686","2583816","10","44957758"
"chr4","47678844","47679151","chr9","87484990","87485287","67","39806146"
"chr4","47735688","47736000","chr27","2378788","2379098","19","45356900"
"chr4","47753159","47753452","chr11","6321273","6321564","54","41431886"
"chr4","47763831","47764110","chr27","2350283","2350573","35","45413548"
"chr4","47774936","47775224","chr27","2338851","2339141","14","45436085"
"chr4","47823003","47823298","chr27","2288974","2289276","25","45534029"
"chr4","47828617","47828908","chr27","2282677","2282958","27","45545940"
"chr4","47890211","47890518","chr6","33158895","33159205","53","14731316"
"chr4","47906920","47907202","chr6","43691457","43691748","64","4215463"
"chr4","47942766","47943028","chr27","2184756","2185023","32","45758010"
"chr4","47946597","47946883","chr20_KE148049v1_random","1543604","1543892","52","46402993"
"chr4","48065781","48066026","chr28","2854273","2854531","67","45211508"
"chr4","48083262","48083568","chr11","104926282","104926592","54","56843020"
"chr4","48085962","48086256","chr27","2042155","2042453","51","46043807"
"chr4","48137472","48137798","chr27","1991518","1991827","31","46145954"
"chr4","48205189","48205436","chr27","1933581","1933851","39","46271608"
"chr4","48217341","48217642","chr27","1919641","1919927","38","46297700"
"chr4","48242077","48242252","chr21","13694179","13694340","32","34547898"
"chr4","48242557","48242700","chr27","1899925","1900068","7","46342632"
"chr4","48257209","48257333","chr27","1874060","1874188","14","46383149"
"chr4","48308663","48308790","chr6","42583504","42583630","25","5725159"
"chr4","48336526","48336599","chr24","46422528","46422603","16","1913998"
"chr4","48338692","48338992","chr27","1801816","1802115","19","46536876"
"chr4","48352202","48352478","chr2","7112164","7112455","63","41240038"
"chr4","48442309","48442620","chr27","1685823","1686134","12","46756486"
"chr4","48493351","48493645","chr1","108289811","108290100","64","59796460"
"chr4","48538279","48538447","chr27","1580958","1581123","29","46957321"
"chr4","48580978","48581282","chr17","41406500","41406804","53","7174478"
"chr4","48588977","48589239","chr27","1534932","1535225","44","47054045"
"chr4","48597985","48598276","chr9","62304974","62305266","68","13706989"
"chr4","48603524","48603825","chr27","1527000","1527303","14","47076524"
"chr4","48619854","48620139","chr12","15045654","15045932","63","33574200"
"chr4","48631215","48631529","chr27","1504525","1504794","63","47126690"
"chr4","48638071","48638341","chr27","1497444","1497709","20","47140627"
"chr4","48645204","48645510","chr27","1493240","1493547","25","47151964"
"chr4","48650875","48651179","chr27","1487618","1487914","28","47163257"
"chr4","48659928","48660144","chr5","1795323","1795523","60","46864605"
"chr4","48670237","48670547","chr27","1468648","1468957","27","47201589"
"chr4","48679377","48679689","chr27","1459679","1459990","25","47219698"
"chr4","48682945","48683229","chr27","1454811","1455091","27","47228134"
"chr4","48685359","48685642","chr16","54726670","54726948","65","6041311"
"chr4","48689159","48689440","chr27","1448851","1449130","32","47240308"
"chr4","48705882","48706187","chr24","53483226","53483531","58","4777344"
"chr4","48706586","48706755","chr2","58538785","58538945","39","9832199"
"chr4","48706794","48706865","chr16","31598348","31598421","12","17108446"
"chr4","48743373","48743677","chr26","17815870","17816167","62","30927503"
"chr4","48746345","48746618","chr16","56184685","56184965","60","7438340"
"chr4","48757291","48757453","chr19","25091879","25092045","30","23665412"
"chr4","48757772","48757904","chr6","34746963","34747098","26","14010809"
"chr4","48786988","48787313","chr27","1365974","1366295","40","47421014"
"chr4","48789406","48789686","chr27","1363907","1364178","18","47425499"
"chr4","48798211","48798502","chr20","5955961","5956244","62","42842250"
"chr4","48811123","48811296","chr8","138924401","138924581","41","90113278"
"chr4","48823913","48824036","chr7","97247708","97247834","15","48423795"
"chr4","48849050","48849343","chr27","1302526","1302826","31","47546524"
"chr4","48856262","48856394","chr3","6526668","6526809","36","42329594"
"chr4","48856753","48856979","chr13","36598465","36598666","60","12258288"
"chr4","48863572","48863850","chr11","47004569","47004843","70","1859003"
"chr4","48881623","48881801","chr11","120324974","120325149","40","71443351"
"chr4","48888862","48889131","chr6","7061466","7061746","62","41827396"
"chr4","48897512","48897820","chr3","76202806","76203116","72","27305294"
"chr4","48945336","48945628","chr6","34395634","34395934","59","14549702"
"chr4","50346875","50347076","chr25","50959953","50960146","52","613078"
"chr4","52054700","52054792","chr6","9449596","9449687","25","42605104"
"chr4","52602392","52602514","chr8","41183496","41183618","7","11418896"
"chr4","58483757","58484041","chr11","88467034","88467318","8","29983277"
"chr4","59325292","59325587","chr7","310434","310738","32","59014858"
"chr4","59435157","59435424","chr25","9795724","9795998","71","49639433"
"chr4","59487442","59487713","chr11","49366082","49366371","81","10121360"
"chr4","59562465","59562747","chr5","53346958","53347245","82","6215507"
"chr4","59594041","59594268","chr6","41236538","41236773","62","18357503"
"chr4","59736743","59736998","chr26","2547235","2547489","62","57189508"
"chr4","59784222","59784493","chr7","426591","426898","59","59357631"
"chr4","59834604","59834690","chr5","36031917","36032002","13","23802687"
"chr4","59912112","59912342","chr7","621259","621499","26","59290853"
"chr4","59941754","59942011","chr26","2547235","2547489","60","57394519"
"chr4","59988124","59988426","chr7","426591","426898","28","59561533"
"chr4","59989335","59989606","chr7","426591","426898","59","59562744"
"chr4","60030303","60030594","chr8","40093378","40093676","84","19936925"
"chr4","60152428","60152729","chr7","498548","498858","36","59653880"
"chr4","60236775","60237020","chr7","615206","615453","23","59621569"
"chr4","60252272","60252562","chr7","627559","627850","43","59624713"
"chr4","60261622","60261889","chr23","41912058","41912325","52","18349564"
"chr4","60290782","60291064","chr7","60551559","60551851","64","260777"
"chr4","60324363","60324621","chr21","91149519","91149777","72","30825156"
"chr4","60333236","60333341","chr2","36042983","36043088","22","24290253"
"chr4","60333611","60333791","chr11","1679722","1679890","40","58653889"
"chr4","60370708","60371001","chr1","50816678","50816972","62","9554030"
"chr4","60423891","60424173","chr7","781012","781293","16","59642879"
"chr4","60428357","60428476","chr25","22878009","22878128","15","37550348"
"chr4","60798594","60798872","chr26","53380248","53380526","72","7418346"
"chr4","60830748","60831032","chr8","18352777","18353061","66","42477971"
"chr4","60836877","60837189","chr7","1176631","1176936","24","59660246"
"chr4","60843220","60843343","chr7","1182922","1183045","6","59660298"
"chr4","60865702","60865907","chr8","28330290","28330495","52","32535412"
"chr4","60891337","60891618","chr7","1227688","1227975","40","59663649"
"chr4","60909578","60909892","chr26","38466771","38467062","60","22442807"
"chr4","61032780","61033067","chr5","69933160","69933446","54","8900380"
"chr4","61035659","61035951","chr1","32857246","32857542","56","28178413"
"chr4","61055093","61055253","chr7","1367829","1367991","10","59687264"
"chr4","61062068","61062346","chr7","1374771","1375048","10","59687297"
"chr4","61074368","61074636","chr7","1387572","1387836","43","59686796"
"chr4","61091686","61091972","chr24","28247876","28248163","60","32843810"
"chr4","61097925","61098216","chr7","1407508","1407810","36","59690417"
"chr4","61169496","61169628","chr7","1492818","1492942","14","59676678"
"chr4","61265266","61265389","chr7","1570271","1570394","13","59694995"
"chr4","61723432","61723691","chr7","1983885","1984148","19","59739547"
"chr4","61846164","61846285","chr7","2107608","2107727","8","59738556"
"chr4","61908822","61908992","chr7","2170654","2170823","14","59738168"
"chr4","61947297","61947320","chr8","40240872","40240892","8","21706425"
"chr4","61948917","61949005","chr1","10692847","10692934","19","51256070"
"chr4","61971678","61971815","chr25","7759367","7759500","22","54212311"
"chr4","62314576","62314803","chr6","32926040","32926268","60","29388536"
"chr4","62759890","62760062","chr28","10625425","10625597","44","52134465"
"chr4","62785658","62785830","chr28","10625425","10625597","44","52160233"
"chr4","62866514","62866805","chr7","3063731","3064023","30","59802783"
"chr4","62954772","62955068","chr12","26204400","26204703","63","36750372"
"chr4","62967688","62968033","chr7","3156436","3156786","24","59811252"
"chr4","63161623","63161809","chrX","109381970","109382143","45","46220347"
"chr4","63456520","63456832","chr3","27891004","27891304","69","35565516"
"chr4","63499391","63499666","chr7","3637359","3637623","29","59862032"
"chr4","63972913","63973190","chr27","40606615","40606901","70","23366298"
"chr4","64035021","64035308","chr2","35878899","35879181","64","28156122"
"chr4","64240078","64240337","chr7","4333174","4333431","29","59906904"
"chr4","64392722","64392999","chr14","34286753","34287043","68","30105969"
"chr4","64433435","64433728","chr7","4500505","4500801","46","59932930"
"chr4","64466626","64466936","chr7","4533367","4533697","57","59933259"
"chr4","64471779","64471849","chr5","70259628","70259700","10","5787849"
"chr4","64476214","64476529","chr13","66902507","66902822","23","2426293"
"chr4","64519101","64519392","chr28","20983208","20983490","80","43535893"
"chr4","64910396","64910675","chr27","32418437","32418715","73","32491959"
"chr4","65293518","65293779","chr2","43862297","43862549","74","21431221"
"chr4","65625935","65626239","chr7","5651947","5652261","36","59973988"
"chr4","65645821","65645967","chr13","23398854","23399001","38","42246967"
"chr4","65693043","65693331","chr23","40954419","40954707","64","24738624"
"chr4","65712073","65712213","chr28","14481596","14481734","23","51230477"
"chr4","65953711","65953942","chrX","129232995","129233247","66","63279284"
"chr4","66001026","66001186","chr6","38700438","38700596","34","27300588"
"chr4","66001246","66001366","chrX","128796164","128796286","18","62794918"
"chr4","66103727","66104027","chr7","6154571","6154870","32","59949156"
"chr4","66220825","66221128","chr12","41203670","41203972","72","25017155"
"chr4","66247524","66247627","chr27","44366521","44366622","25","21881003"
"chr4","66247682","66247908","chr15","69394703","69394919","56","3147021"
"chr4","66435077","66435340","chr7","6455421","6455687","31","59979656"
"chr4","66449118","66449422","chr12","40601683","40601983","64","25847435"
"chr4","66505784","66506047","chr7","6519784","6520047","27","59986000"
"chr4","66507088","66507280","chr7","6520866","6521070","27","59986222"
"chr4","66538159","66538458","chr7","6549404","6549682","38","59988755"
"chr4","66588625","66588907","chr1","18610357","18610639","57","47978268"
"chr4","66589364","66589487","chr7","6602692","6602816","9","59986672"
"chr4","66592986","66593272","chr3","36892351","36892632","69","29700635"
"chr4","66788597","66788906","chr7","6797323","6797650","34","59991274"
"chr4","66795249","66795549","chr11","60149148","60149448","68","6646101"
"chr4","66851616","66851740","chr7","6854256","6854380","7","59997360"
"chr4","66882301","66882583","chr7","6885846","6886126","37","59996455"
"chr4","66910647","66910919","chr7","6914877","6915165","32","59995770"
"chr4","66947351","66947669","chr22","17825690","17826005","68","49121661"
"chr4","66953039","66953355","chr6","9755691","9755991","85","57197348"
"chr4","66953522","66953834","chr6","12258379","12258691","60","54695143"
"chr4","66960081","66960223","chr3","86610630","86610777","39","19650549"
"chr4","66962978","66963103","chr7","6965582","6965704","12","59997396"
"chr4","66997648","66997892","chr7","7002106","7002379","45","59995542"
"chr4","67189833","67190076","chr6","3578596","3578840","64","63611237"
"chr4","67194589","67194892","chr7","7183925","7184204","41","60010664"
"chr4","67208856","67209162","chr7","7198806","7199120","26","60010050"
"chr4","67215175","67215484","chr7","7205192","7205511","34","60009983"
"chr4","67260205","67260486","chr7","7251499","7251776","30","60008706"
"chr4","67295397","67295529","chr14","79186676","79186808","21","11891279"
"chr4","67377797","67378089","chr7","7366511","7366820","38","60011286"
"chr4","67443551","67443861","chr25","44770913","44771213","70","22672638"
"chr4","67456412","67456728","chr8","15721749","15722054","67","51734663"
"chr4","67515344","67515606","chr6","37275194","37275457","63","30240150"
"chr4","67529117","67529223","chr7","7509616","7509707","21","60019501"
"chr4","67559559","67559693","chr3","18801623","18801754","22","48757936"
"chr4","67562753","67563051","chrX","18034063","18034360","60","49528690"
"chr4","67666274","67666587","chr7","7654831","7655147","28","60011443"
"chr4","67667806","67668004","chr7","7653426","7653611","31","60014380"
"chr4","67672717","67673007","chr14","12417544","12417835","62","55255173"
"chr4","67718678","67718783","chr7","7698886","7698994","11","60019792"
"chr4","67787671","67787976","chr12","81692009","81692308","64","13904338"
"chr4","67831507","67831785","chr17","56607825","56608106","55","11223682"
"chr4","67836855","67837186","chr28","14917123","14917442","82","52919732"
"chr4","67842861","67843167","chr7","7813233","7813542","18","60029628"
"chr4","67859025","67859319","chrX","61264796","61265099","67","6594229"
"chr4","67875891","67876178","chr7","7848041","7848330","28","60027850"
"chr4","67885134","67885440","chr7","7859462","7859777","45","60025672"
"chr4","67968354","67968620","chr16","968052","968313","57","67000302"
"chr4","67980749","67980982","chr7","7950053","7950291","19","60030696"
"chr4","68024890","68025142","chr7","7994778","7995029","31","60030112"
"chr4","68066112","68066419","chr7","56796740","56797045","64","11269372"
"chr4","68079879","68079978","chr7","8042500","8042604","11","60037379"
"chr4","68080058","68080094","chr7","8042685","8042721","3","60037373"
"chr4","68122170","68122481","chr25","26373209","26373512","69","41748961"
"chr4","68237203","68237501","chr20","112495489","112495789","64","44258286"
"chr4","68279535","68279690","chr9","24815461","24815611","35","43464074"
"chr4","68331257","68331571","chr7","8303401","8303728","38","60027856"
"chr4","68375386","68375673","chr7","8355742","8356038","30","60019644"
"chr4","68378022","68378309","chr7","8358816","8359122","46","60019206"
"chr4","68484918","68485221","chr5","53015614","53015913","68","15469304"
"chr4","68526460","68526768","chr8","23292052","23292363","70","45234408"
"chr4","68584840","68585108","chr14","41857047","41857319","75","26727793"
"chr4","68745363","68745652","chr5","13782672","13782963","67","54962691"
"chr4","68769207","68769509","chr7","8757975","8758279","33","60011232"
"chr4","68812856","68813165","chr7","8798806","8799105","27","60014050"
"chr4","69100620","69100908","chr7","9087695","9087979","37","60012925"
"chr4","69104810","69105100","chr7","9087695","9087979","36","60017115"
"chr4","69319673","69319963","chr7","9303575","9303831","52","60016098"
"chr4","69330863","69331155","chr20","112454892","112455178","61","43124029"
"chr4","69334050","69334314","chr7","9316863","9317121","48","60017187"
"chr4","69891130","69891419","chr7","9820096","9820388","21","60071034"
"chr4","69971272","69971578","chr7","9882943","9883236","32","60088329"
"chr4","70022982","70023285","chr4","74686620","74686927","68","4663638"
"chr4","70041769","70042061","chr14","13489628","13489917","63","56552141"
"chr4","70207782","70207839","chr14","2530734","2530784","21","67677048"
"chr4","70244122","70244356","chr7","10195175","10195401","28","60048947"
"chr4","70264947","70265255","chr7","10215479","10215746","63","60049468"
"chr4","70265371","70265671","chr16","33314948","33315243","75","36950423"
"chr4","70539504","70539772","chr7","10495198","10495492","56","60044306"
"chr4","70543142","70543397","chr4","84967861","84968115","70","14424719"
"chr4","70690488","70690796","chr23","39850978","39851289","59","30839510"
"chr4","70703881","70704173","chr7","10670678","10670967","26","60033203"
"chr4","70790413","70790707","chr20","90660418","90660714","68","19870005"
"chr4","70929558","70929817","chr7","10889894","10890151","22","60039664"
"chr4","70946416","70946717","chr9","28078646","28078951","71","42867770"
"chr4","70970191","70970495","chr7","10930116","10930425","39","60040075"
"chr4","71078431","71078725","chr7","11040734","11041035","28","60037697"
"chr4","71144225","71144537","chr7","11100700","11101006","47","60043525"
"chr4","71250216","71250514","chr1","32857246","32857542","64","38392970"
"chr4","71509309","71509591","chr7","11458300","11458591","32","60051009"
"chr4","71550049","71550321","chr7","11498643","11498921","19","60051406"
"chr4","71554529","71554808","chr7","11505649","11505899","54","60048880"
"chr4","71604306","71604426","chr6","35568993","35569116","17","36035313"
"chr4","71620914","71621214","chr7","11578069","11578366","25","60042845"
"chr4","71621571","71621860","chr5","69933160","69933446","54","1688411"
"chr4","71643007","71643264","chr7","11601234","11601508","35","60041773"
"chr4","71665586","71665814","chrX","107447751","107447975","38","35782165"
"chr4","71669081","71669401","chr1","20650828","20651151","72","51018253"
"chr4","71669423","71669722","chr7","11627333","11627632","22","60042090"
"chr4","71681272","71681564","chr9","28296516","28296809","50","43384756"
"chr4","71685634","71685932","chr1","114755002","114755305","61","43069368"
"chr4","71690003","71690188","chr7","11646849","11647009","34","60043154"
"chr4","71701035","71701412","chr8","63158871","63159208","107","8542164"
"chr4","71713421","71713719","chr1","15363451","15363744","53","56349970"
"chr4","71719878","71720177","chr28","8620345","8620633","61","63099533"
"chr4","71728892","71729194","chr7","11683460","11683762","32","60045432"
"chr4","71744367","71744486","chr7","11699247","11699365","10","60045120"
"chr4","71744790","71745020","chr7","11699661","11699892","21","60045129"
"chr4","71754213","71754476","chr14","81270848","81271133","63","9516635"
"chr4","71780260","71780512","chr21","21128565","21128823","60","50651695"
"chr4","71788147","71788397","chr7_AQIB01158186v1_random","731","976","15","71787416"
"chr4","71803736","71803906","chr5","10055072","10055237","34","61748664"
"chr4","71807651","71807768","chr14","18270866","18270984","13","53536785"
"chr4","71809917","71810216","chr1","66452737","66453026","52","5357180"
"chr4","71811783","71812075","chr8","97390736","97391029","48","25578953"
"chr4","71824148","71824453","chr22","46154497","46154801","57","25669651"
"chr4","71831958","71832260","chr11","118242910","118243209","66","46410952"
"chr4","71844238","71844466","chr7","11761021","11761250","18","60083217"
"chr4","71844986","71845271","chr21","97521499","97521787","66","25676513"
"chr4","71845591","71845712","chr21","99969539","99969659","20","28123948"
"chr4","71850779","71851046","chr25","23970614","23970890","55","47880165"
"chr4","71866571","71866870","chr25","44128081","44128377","56","27738490"
"chr4","71885994","71886148","chr7","115266064","115266220","35","43380070"
"chr4","71886469","71886595","chr11","53272326","53272456","30","18614143"
"chr4","71905373","71905671","chr16","47714514","47714814","59","24190859"
"chr4","71914040","71914318","chr24","46207885","46208161","69","25706155"
"chr4","71917450","71917772","chr7","11822452","11822763","37","60094998"
"chr4","71931988","71932119","chr8","68545076","68545209","18","3386912"
"chr4","71940021","71940126","chr7","11842059","11842160","10","60097962"
"chr4","71944476","71944573","chr24","74247583","74247668","28","2303107"
"chr4","71964791","71965128","chr7_AQIB01159043v1_random","19950","20277","58","71944841"
"chr4","71968789","71968915","chr7","11864234","11864361","11","60104555"
"chr4","71983291","71983411","chr7","11877870","11877985","12","60105421"
"chr4","71984148","71984263","chr7","11878760","11878877","11","60105388"
"chr4","71992032","71992340","chr7_AQIB01159043v1_random","19950","20277","42","71972082"
"chr4","72000001","72000076","chr1","64249596","64249674","14","7750405"
"chr4","72007474","72007769","chr7_AQIB01159043v1_random","4414","4709","60","72003060"
"chr4","72008842","72008946","chr7_AQIB01159043v1_random","3167","3276","8","72005675"
"chr4","72010803","72011116","chr7_AQIB01159043v1_random","1024","1338","29","72009779"
"chr4","72019853","72020120","chr7","99293815","99294081","56","27273962"
"chr4","72023958","72024251","chr22","45103370","45103664","54","26920588"
"chr4","72042049","72042342","chr7","11887708","11887973","39","60154341"
"chr4","72042918","72043234","chrX_KE148108v1_random","5492838","5493148","67","66550080"
"chr4","72048749","72049052","chr15","1989051","1989355","65","70059698"
"chr4","72058397","72058734","chr7","11905306","11905620","69","60153091"
"chr4","72108636","72108754","chr9","96934815","96934930","26","24826179"
"chr4","72112035","72112336","chr11","75012171","75012475","58","2900136"
"chr4","72123971","72124294","chr7","11965736","11966070","33","60158235"
"chr4","72124491","72124816","chr8","21034926","21035231","76","51089565"
"chr4","72133732","72133874","chr20","50147155","50147283","43","21986577"
"chr4","72143238","72143541","chr25","50491582","50491883","56","21651656"
"chr4","72175486","72175600","chr16","65731346","65731464","19","6444140"
"chr4","72192753","72193032","chr7","12033254","12033521","24","60159499"
"chr4","72197190","72197466","chrX","2026281","2026559","59","70170909"
"chr4","72202741","72202971","chr14","15565137","15565367","45","56637604"
"chr4","72205817","72206105","chr8","93709245","93709537","59","21503428"
"chr4","72243697","72243865","chr27","5299296","5299460","33","66944401"
"chr4","72243892","72244009","chr11","25156723","25156840","21","47087169"
"chr4","72250506","72250629","chr7","12102347","12102471","9","60148159"
"chr4","72254269","72254575","chr6","11938281","11938590","63","60315988"
"chr4","72301291","72301584","chr7","12152115","12152391","33","60149176"
"chr4","72318691","72318975","chr11","6321273","6321564","60","65997418"
"chr4","72322127","72322415","chr19","17710942","17711236","70","54611185"
"chr4","72396909","72397041","chr7","12252302","12252429","12","60144607"
"chr4","72403547","72403845","chr16","33991811","33992110","59","38411736"
"chr4","72417885","72418179","chr9","108944985","108945278","49","36527100"
"chr4","72427923","72428219","chr3","77824771","77825057","62","5396848"
"chr4","72469780","72469965","chr7","12314044","12314222","27","60155736"
"chr4","72470251","72470387","chr7","12314515","12314651","9","60155736"
"chr4","72475022","72475314","chr7","12319416","12319708","25","60155606"
"chr4","72482248","72482476","chr7","12326593","12326862","51","60155655"
"chr4","72485509","72485802","chr16","35556750","35557045","60","36928759"
"chr4","72490084","72490403","chr12","40601683","40601983","67","31888401"
"chr4","72494107","72494386","chr7","12338022","12338320","30","60156085"
"chr4","72522183","72522434","chr9","117452409","117452657","58","44930226"
"chr4","72537957","72538226","chr7","12381597","12381867","29","60156360"
"chr4","72555208","72555503","chr7","12398674","12398973","34","60156534"
"chr4","72571205","72571505","chr7","12413593","12413888","43","60157612"
"chr4","72574123","72574415","chr1","121090436","121090732","57","48516313"
"chr4","72591755","72592054","chr7","12433655","12433967","30","60158100"
"chr4","72607953","72608240","chr7","12449599","12449873","30","60158354"
"chr4","72626111","72626476","chr7","12468659","12469034","43","60157452"
"chr4","72630235","72630529","chr7","12472799","12473093","14","60157436"
"chr4","72637155","72637447","chr7","12479257","12479556","24","60157898"
"chr4","72653392","72653700","chr11","46343863","46344160","67","26309529"
"chr4","72671781","72672090","chr7","12514050","12514365","35","60157731"
"chr4","72673567","72673836","chr28","6720976","6721258","57","65952591"
"chr4","72674662","72674970","chr5","12204008","12204319","66","60470654"
"chr4","72683822","72684028","chr25","81193948","81194155","46","8510126"
"chr4","72686173","72686495","chr7","12527499","12527791","56","60158674"
"chr4","72687060","72687148","chr7","12528378","12528463","5","60158682"
"chr4","72697956","72698081","chr7","12539468","12539598","13","60158488"
"chr4","72726763","72726880","chr6","11848012","11848124","24","60878751"
"chr4","72736036","72736259","chr1","31799830","31800055","42","40936206"
"chr4","72739055","72739322","chr7","12579088","12579355","15","60159967"
"chr4","72758269","72758558","chr18","71966149","71966446","64","792120"
"chr4","72770293","72770579","chr11","104479228","104479515","57","31708935"
"chr4","72776065","72776354","chr7","12613178","12613484","37","60162887"
"chr4","72777493","72777801","chr8","129365864","129366168","59","56588371"
"chr4","72790695","72791002","chr7","12628268","12628572","33","60162427"
"chr4","72805017","72805280","chr20","106152115","106152379","53","33347098"
"chr4","72811275","72811560","chr7","12647398","12647705","45","60163877"
"chr4","72814690","72814977","chr15","51635083","51635359","50","21179607"
"chr4","72821228","72821315","chr7","12656663","12656750","7","60164565"
"chr4","72822162","72822460","chr5","27172459","27172763","64","45649703"
"chr4","72839466","72839765","chr16","35556750","35557045","60","37282716"
"chr4","72845582","72845891","chr7","12647398","12647705","47","60198184"
"chr4","72848973","72849260","chr15","51635083","51635359","50","21213890"
"chr4","72855785","72855872","chr7","12656663","12656750","8","60199122"
"chr4","72856719","72857017","chr5","27172459","27172763","64","45684260"
"chr4","72895366","72895683","chrX","114768247","114768561","63","41872881"
"chr4","72901420","72901711","chr8","20664761","20665050","53","52236659"
"chr4","72905717","72906009","chr7","12698461","12698753","17","60207256"
"chr4","72909065","72909359","chr7","12701774","12702086","36","60207291"
"chr4","72911121","72911430","chr7","56796740","56797045","62","16114381"
"chr4","72981442","72981684","chr5","8626705","8626946","65","64354737"
"chr4","72992698","72993014","chr7","12786372","12786676","40","60206326"
"chr4","72996903","72997189","chr7","12790553","12790849","34","60206350"
"chr4","73015417","73015534","chr20","86924018","86924134","16","13908601"
"chr4","73021649","73021952","chr12","40601683","40601983","47","32419966"
"chr4","73031199","73031333","chr5","17435468","17435615","42","55595731"
"chr4","73046118","73046423","chr12","40601683","40601983","62","32444435"
"chr4","73059747","73059918","chr7","12847703","12847882","20","60212044"
"chr4","73060222","73060323","chr7","12848191","12848291","7","60212031"
"chr4","73094487","73094766","chr7","12882946","12883230","36","60211541"
"chr4","73138654","73138754","chr2","36048660","36048761","21","37089994"
"chr4","73167237","73167550","chr7_KE147969v1_random","43569","43882","22","73123668"
"chr4","73170137","73170355","chr7_KE147969v1_random","46484","46709","11","73123653"
"chr4","73190105","73190382","chr12","27358259","27358541","58","45831846"
"chr4","73205022","73205304","chr6","37000012","37000308","64","36205010"
"chr4","73208142","73208269","chr7","12945316","12945429","21","60262826"
"chr4","73211764","73211986","chr7","12948955","12949178","22","60262809"
"chr4","73225826","73226102","chr28","9473723","9473998","64","63752103"
"chr4","73244242","73244373","chr7","12980644","12980775","8","60263598"
"chr4","73256521","73256823","chr7","12994115","12994416","19","60262406"
"chr4","73280921","73281104","chr7","13018865","13019047","18","60262056"
"chr4","73288913","73289122","chr7","13027197","13027409","19","60261716"
"chr4","73294587","73294885","chr18","69293191","69293485","56","4001396"
"chr4","73296011","73296306","chr8","21655339","21655627","66","51640672"
"chr4","73304738","73305019","chr7","13042074","13042378","39","60262664"
"chr4","73383239","73383300","chr14","25898605","25898668","15","47484634"
"chr4","73407608","73407886","chr7","13138856","13139136","18","60268752"
"chr4","73408137","73408392","chr7","13139376","13139644","23","60268761"
"chr4","73412042","73412175","chr12","94613757","94613888","35","21201715"
"chr4","73418009","73418273","chr20","86356645","86356909","59","12938636"
"chr4","73426551","73426852","chr11","30653578","30653887","54","42772973"
"chr4","73446486","73446775","chrX","101869161","101869451","50","28422675"
"chr4","73455444","73455566","chr7","13188260","13188377","10","60267184"
"chr4","73463953","73464076","chr14","56861657","56861778","14","16602296"
"chr4","73466984","73467282","chr7","13200216","13200518","26","60266768"
"chr4","73467725","73468001","chr7","13200931","13201214","34","60266794"
"chr4","73508076","73508371","chr7","13237348","13237639","28","60270728"
"chr4","73511095","73511401","chr7","13240422","13240729","28","60270673"
"chr4","73547893","73548206","chr7","13273827","13274115","45","60274066"
"chr4","73570224","73570528","chr7","13294827","13295142","28","60275397"
"chr4","73609302","73609597","chr7","13328647","13328958","33","60280655"
"chr4","73620389","73620685","chr5","9665687","9665983","70","63954702"
"chr4","73679304","73679429","chr7","13403547","13403672","4","60275757"
"chr4","73738461","73738749","chr7","13461415","13461723","39","60277046"
"chr4","73738777","73738795","chr20","122922499","122922516","4","49183722"
"chr4","73781192","73781401","chrX_KE148108v1_random","4959704","4959914","39","68821488"
"chr4","73804561","73804693","chr7","13513469","13513601","13","60291092"
"chr4","73814082","73814378","chr6","28194245","28194544","63","45619837"
"chr4","73964116","73964293","chr12","7890517","7890695","34","66073599"
"chr4","73998630","73998940","chr7","13762017","13762327","17","60236613"
"chr4","74076266","74076540","chr7","128879195","128879469","66","54802929"
"chr4","74146428","74146737","chr7","13908865","13909159","29","60237563"
"chr4","74151820","74152126","chr20","112495489","112495789","58","38343669"
"chr4","74161249","74161380","chr7","13923171","13923302","11","60238078"
"chr4","74232115","74232256","chr14","79045629","79045764","28","4813514"
"chr4","74298343","74298639","chr7","14050960","14051271","56","60247383"
"chr4","74317951","74318208","chr27","40190981","40191239","59","34126970"
"chr4","74379076","74379252","chr14","46006246","46006423","42","28372830"
"chr4","74396198","74396451","chr4","4723234","4723504","68","69672964"
"chr4","74398419","74398728","chr7","14138922","14139215","35","60259497"
"chr4","74409603","74409771","chr1","64872199","64872367","41","9537404"
"chr4","74439096","74439300","chr7","14200022","14200228","15","60239074"
"chr4","74440033","74440356","chr7","14200957","14201280","17","60239076"
"chr4","74444323","74444452","chr28","15312342","15312472","25","59131981"
"chr4","74466295","74466566","chr7","14227027","14227315","28","60239268"
"chr4","74510465","74510774","chr7","14272588","14272898","25","60237877"
"chr4","74516775","74517074","chr8","51203352","51203643","59","23313423"
"chr4","74520429","74520743","chr7","14282607","14282923","18","60237822"
"chr4","74538566","74538879","chr7","14297292","14297598","27","60241274"
"chr4","74553259","74553484","chr7","14312249","14312470","21","60241010"
"chr4","74572451","74572763","chr7","14330008","14330305","30","60242443"
"chr4","74575189","74575461","chr11","116495701","116495963","63","41920512"
"chr4","74581477","74581748","chr24","42998163","42998442","59","31583314"
"chr4","74586360","74586627","chr7","14336842","14337113","32","60249518"
"chr4","74593027","74593319","chr7","14350856","14351143","21","60242171"
"chr4","74609337","74609634","chr7","14365413","14365699","30","60243924"
"chr4","74620903","74621020","chr16","69599044","69599161","18","5021859"
"chr4","74626841","74627000","chr7","14381781","14381944","15","60245060"
"chr4","74659885","74660194","chr11","90757791","90758089","59","16097906"
"chr4","74760676","74760976","chr7","14511966","14512258","21","60248710"
"chr4","74791804","74792098","chr20","79976042","79976337","58","5184238"
"chr4","74795023","74795234","chr14","46224337","46224548","46","28570686"
"chr4","74802004","74802278","chr7","14558498","14558773","21","60243506"
"chr4","74841212","74841437","chr7","14595301","14595524","24","60245911"
"chr4","74859695","74859974","chr19","14862035","14862316","54","59997660"
"chr4","74860963","74861271","chr7","14614599","14614914","24","60246364"
"chr4","74880682","74880856","chr7","14625887","14626057","16","60254795"
"chr4","74896086","74896370","chr7","14641147","14641431","18","60254939"
"chr4","74913879","74914152","chr7","14657998","14658268","22","60255881"
"chr4","74928916","74929232","chr7","14670536","14670832","45","60258380"
"chr4","74936813","74937119","chr7","14678445","14678751","19","60258368"
"chr4","75076070","75076325","chr9","57217182","57217428","67","17858888"
"chr4","75152621","75152923","chr7","14896042","14896349","30","60256579"
"chr4","75153830","75154099","chr7","14897258","14897523","17","60256572"
"chr4","75201791","75202092","chr7","14940975","14941280","23","60260816"
"chr4","75219076","75219198","chr2","10287061","10287185","19","64932015"
"chr4","75224820","75225114","chr6","36986089","36986383","58","38238731"
"chr4","75243444","75243754","chr5","22308352","22308656","73","52935092"
"chr4","75268756","75269046","chr26","12768417","12768704","62","62500339"
"chr4","75287656","75287927","chr7","15014010","15014300","39","60273646"
"chr4","75325532","75325646","chr7","15053144","15053258","10","60272388"
"chr4","75383354","75383653","chr6","50474654","50474950","65","24908700"
"chr4","75386617","75386914","chr7","15107265","15107570","34","60279352"
"chr4","75441148","75441469","chr5","51942897","51943207","74","23498251"
"chr4","75466482","75466749","chr7","15202777","15203058","34","60263705"
"chr4","75466788","75466817","chr24","46550935","46550962","5","28915853"
"chr4","75527705","75528009","chr7","15259433","15259725","41","60268272"
"chr4","75570918","75571033","chr7","15289000","15289117","10","60281918"
"chr4","75652494","75652770","chr7","15358771","15359044","30","60293723"
"chr4","75755054","75755360","chr7","15457164","15457468","27","60297890"
"chr4","75763548","75763852","chr7","15465816","15466123","39","60297732"
"chr4","75875835","75876122","chr7","15569101","15569385","24","60306734"
"chr4","75888770","75889076","chr7","15586374","15586683","21","60302396"
"chr4","75979129","75979421","chr7","56703345","56703636","52","19275784"
"chr4","76013100","76013386","chr7","15700729","15701014","20","60312371"
"chr4","76015769","76016035","chr7","15703402","15703699","55","60312367"
"chr4","76048561","76048794","chr9","58953294","58953525","52","17095267"
"chr4","76050351","76050514","chr1","6882374","6882537","39","69167977"
"chr4","76060038","76060255","chr7","15731083","15731289","27","60328955"
"chr4","76065413","76065727","chrX","16728551","16728852","62","59336862"
"chr4","76095371","76095687","chr7","15761085","15761397","30","60334286"
"chr4","76097633","76097882","chr7","15762978","15763231","19","60334655"
"chr4","76105878","76106037","chr7","15770860","15771017","20","60335018"
"chr4","76106834","76107175","chr7","15771814","15772126","48","60335020"
"chr4","76134785","76135080","chr7","15799950","15800233","50","60334835"
"chr4","76140900","76141219","chr7","15805847","15806165","33","60335053"
"chr4","76146932","76147173","chr7","15811002","15811256","29","60335930"
"chr4","76196962","76197009","chrUn_KE147547v1","372272","372310","17","75824690"
"chr4","76197283","76197408","chr13","64445292","64445413","21","11751991"
"chr4","76253473","76253726","chr12","43227929","43228176","71","33025544"
"chr4","76302265","76302394","chr7","15970226","15970351","14","60332039"
"chr4","76302666","76302830","chr7","15970651","15970820","17","60332015"
"chr4","76605137","76605343","chr9","70088735","70088940","44","6516402"
"chr4","76728010","76728282","chr7","16352266","16352538","12","60375744"
"chr4","76742576","76742873","chr7","127296985","127297278","58","50554409"
"chr4","76803589","76803896","chr25","57330925","57331230","58","19472664"
"chr4","76814496","76814766","chr8","39503170","39503433","62","37311326"
"chr4","76833639","76833893","chr7","16461967","16462220","19","60371672"
"chr4","76850591","76850896","chr6","4408429","4408728","66","72442162"
"chr4","76858025","76858127","chr16","57340115","57340206","28","19517910"
"chr4","80003297","80003590","chr29","3935834","3936133","77","76067463"
"chr4","80092878","80092960","chr1","93451251","93451331","16","13358373"
"chr4","80125011","80125093","chr1","93451251","93451331","16","13326240"
"chr4","80147760","80147835","chr7","116123575","116123650","16","35975815"
"chr4","80230179","80230444","chr15","3942839","3943113","68","76287340"
"chr4","80341497","80341774","chr7","18043892","18044164","31","62297605"
"chr4","80349033","80349318","chr7","18047656","18047919","44","62301377"
"chr4","80483249","80483468","chr14","93583463","93583680","48","13100214"
"chr4","80495847","80496149","chrX","38151618","38151919","62","42344229"
"chr4","80501882","80502012","chr8","36095260","36095384","20","44406622"
"chr4","80567464","80567755","chr7","18270376","18270665","25","62297088"
"chr4","80582463","80582756","chr11","107789554","107789849","67","27207091"
"chr4","80583855","80584160","chr7","18278144","18278441","46","62305711"
"chr4","80591330","80591542","chr7","18286135","18286348","16","62305195"
"chr4","80602578","80602819","chr7","18298364","18298586","39","62304214"
"chr4","80671092","80671268","chr6","28011396","28011565","48","52659696"
"chr4","80671651","80671755","chr17","67125143","67125243","17","13546508"
"chr4","80697727","80698037","chr5","21459855","21460146","66","59237872"
"chr4","80705747","80705864","chr7","18412472","18412589","7","62293275"
"chr4","80773908","80774190","chr5","13456673","13456962","75","67317235"
"chr4","80806337","80806629","chr7","18503432","18503742","45","62302905"
"chr4","80810437","80810707","chr11","52113546","52113800","78","28696891"
"chr4","80827588","80827847","chr7","18525692","18525951","26","62301896"
"chr4","80831769","80832059","chr25","59173874","59174144","75","21657895"
"chr4","80886658","80886947","chr13","42830527","42830817","61","38056131"
"chr4","80938773","80939060","chrX","5148638","5148922","59","75790135"
"chr4","81031994","81032130","chr7","18749607","18749739","11","62282387"
"chr4","81113645","81113740","chr7","18875535","18875629","18","62238110"
"chr4","81138166","81138290","chr19","14149350","14149467","19","66988816"
"chr4","81161259","81161394","chr7","18898400","18898526","20","62262859"
"chr4","81225321","81225603","chr7","18965524","18965806","13","62259797"
"chr4","81230821","81231100","chr7","18970672","18970949","17","62260149"
"chr4","81280041","81280287","chr7","19021953","19022223","40","62258088"
"chr4","81308713","81308953","chr7","19043219","19043455","18","62265494"
"chr4","81319519","81319800","chr5","42985700","42985971","65","38333819"
"chr4","81403360","81403575","chr3","56682972","56683172","52","24720388"
"chr4","81424726","81424993","chr8","137321214","137321491","58","55896488"
"chr4","81523087","81523233","chr2","36564993","36565137","19","44958094"
"chr4","81523529","81523701","chr11","467238","467402","36","81056291"
"chr4","81546410","81546517","chr7","19267880","19267987","5","62278530"
"chr4","81569141","81569268","chr18","10388699","10388822","21","71180442"
"chr4","81569375","81569661","chr7","19290405","19290706","31","62278970"
"chr4","81586294","81586577","chr7","19307339","19307631","24","62278955"
"chr4","81595690","81595965","chr12","7257212","7257483","71","74338478"
"chr4","81612190","81612494","chr7","19333428","19333730","26","62278762"
"chr4","81615294","81615463","chr7","19336868","19337055","37","62278426"
"chr4","81617826","81617891","chr16","8487658","8487719","21","73130168"
"chr4","81618173","81618335","chr2","42603297","42603459","31","39014876"
"chr4","81624302","81624415","chr7","19346773","19346886","10","62277529"
"chr4","81635290","81635575","chr7","19356570","19356858","16","62278720"
"chr4","81636419","81636731","chr2","55579238","55579543","65","26057181"
"chr4","81651146","81651448","chr12","40601683","40601983","54","41049463"
"chr4","81654201","81654485","chr7","19390612","19390926","45","62263589"
"chr4","81658736","81658865","chr7","19383591","19383715","14","62275145"
"chr4","81660718","81660851","chr5","17047325","17047455","21","64613393"
"chr4","81661147","81661300","chr23","35280357","35280514","27","46380790"
"chr4","81668278","81668434","chr1","9223768","9223922","37","72444510"
"chr4","81681476","81681596","chr7","19407517","19407637","7","62273959"
"chr4","81686117","81686381","chr10","90426254","90426535","75","8740137"
"chr4","81688582","81688715","chr9","86775458","86775590","24","5086876"
"chr4","81719007","81719174","chr5","74170443","74170604","40","7548564"
"chr4","81719460","81719597","chr17","36576269","36576402","22","45143191"
"chr4","81724812","81724997","chr28","12411705","12411908","57","69313107"
"chr4","81725956","81726044","chr7","19451942","19452030","2","62274014"
"chr4","81746700","81747024","chr7","19467554","19467872","37","62279146"
"chr4","81748509","81748809","chr7","19469352","19469652","20","62279157"
"chr4","81751246","81751450","chr16","13515011","13515225","50","68236235"
"chr4","81752460","81752664","chr11","93805479","93805684","46","12053019"
"chr4","81755554","81755654","chr7","19475004","19475106","14","62280550"
"chr4","81755960","81756160","chr7","19475406","19475609","19","62280554"
"chr4","81757152","81757469","chr10","76220349","76220648","72","5536803"
"chr4","81757938","81758247","chr7","19477305","19477612","25","62280633"
"chr4","81758470","81758754","chr5","71191692","71191977","66","10566778"
"chr4","81767069","81767354","chr13","497204","497494","58","81269865"
"chr4","81780675","81780892","chr16","67308925","67309144","60","14471750"
"chr4","81795922","81796190","chr27","24498388","24498657","58","57297534"
"chr4","81831909","81832213","chr7","19538177","19538482","26","62293732"
"chr4","81900661","81900879","chr4","67613686","67613908","53","14286975"
"chr4","81908818","81909120","chr17","36553442","36553750","67","45355376"
"chr4","81911226","81911449","chr7","19601791","19602027","33","62309435"
"chr4","81922518","81922810","chr7","19611290","19611590","37","62311228"
"chr4","81992546","81992669","chr7","19670992","19671109","16","62321554"
"chr4","82025945","82026248","chr7","19704373","19704631","57","62321572"
"chr4","82034359","82034672","chr17","57329468","57329781","64","24704891"
"chr4","82085722","82085887","chr24","9752495","9752659","12","72333227"
"chr4","82183334","82183615","chrX","60778388","60778668","68","21404946"
"chr4","82318361","82318431","chrX_KE148108v1_random","2063523","2063594","13","80254838"
"chr4","82318431","82318510","chr28","11275666","11275745","12","71042765"
"chr4","82503716","82504000","chr12","8357025","8357315","60","74146691"
"chr4","82537139","82537414","chr7","20245770","20246044","25","62291369"
"chr4","82747077","82747296","chr7","20464731","20464951","22","62282346"
"chr4","82846206","82846513","chr5","17983640","17983937","68","64862566"
"chr4","82890471","82890769","chrX","5896622","5896919","57","76993849"
"chr4","83173812","83173923","chr6","9626877","9626989","17","73546935"
"chr4","83213257","83213528","chr7","20911962","20912229","21","62301295"
"chr4","83240773","83241079","chr26","16774142","16774448","69","66466631"
"chr4","83266000","83266277","chr9","20839306","20839587","69","62426694"
"chr4","83419236","83419481","chr7","21099093","21099366","68","62320143"
"chr4","83515342","83515598","chr27","24771440","24771700","66","58743902"
"chr4","83627696","83627875","chr1","64080714","64080887","31","19546982"
"chr4","83627987","83628019","chr2","15436250","15436285","8","68191737"
"chr4","83761846","83762095","chr7","21403610","21403876","37","62358236"
"chr4","83795073","83795207","chr7","21434608","21434742","13","62360465"
"chr4","83817192","83817322","chr11","113788722","113788851","20","29971530"
"chr4","83857473","83857775","chr7","21498339","21498640","19","62359134"
"chr4","83857807","83857904","chr7","21498672","21498769","6","62359135"
"chr4","83869079","83869206","chr7","21510178","21510299","15","62358901"
"chr4","83870896","83871104","chr6","6472104","6472313","56","77398792"
"chr4","83876640","83876710","chr7","34581434","34581503","13","49295206"
"chr4","83892895","83893209","chr11","65033931","65034241","72","18858964"
"chr4","83904081","83904380","chr7","21543633","21543930","22","62360448"
"chr4","83907604","83907904","chr6","48149795","48150079","69","35757809"
"chr4","83909055","83909287","chr7","21548678","21548905","18","62360377"
"chr4","83910946","83911251","chr24","8224803","8225110","63","75686143"
"chr4","83917652","83917940","chr7","21556878","21557164","39","62360774"
"chr4","83940749","83941051","chrX","8486738","8487040","54","75454011"
"chr4","83951385","83951655","chr7","21590670","21590951","28","62360715"
"chr4","83983716","83983868","chr7","21622992","21623148","11","62360724"
"chr4","83984171","83984324","chr7","21623447","21623599","9","62360724"
"chr4","83984678","83984984","chr6","50474654","50474950","70","33510024"
"chr4","84032491","84032777","chr7","21657673","21657956","32","62374818"
"chr4","84047006","84047301","chr28","21251430","21251715","38","62795576"
"chr4","84065717","84066009","chr7","21664807","21665090","41","62400910"
"chr4","84101062","84101347","chr7","21700698","21700987","25","62400364"
"chr4","84157097","84157393","chr7","21779040","21779336","14","62378057"
"chr4","84161031","84161344","chr7","21781941","21782256","25","62379090"
"chr4","84173589","84173703","chr7","21794840","21794967","20","62378749"
"chr4","84173798","84174105","chr7","21795055","21795357","22","62378743"
"chr4","84210597","84210900","chr17","69561469","69561769","61","14649128"
"chr4","84254090","84254393","chr11","104120287","104120586","62","19866197"
"chr4","84393261","84393570","chr21","56602848","56603158","64","27790413"
"chr4","84646674","84646961","chr7","22233455","22233752","38","62413219"
"chr4","84857526","84857636","chr7","22468121","22468231","12","62389405"
"chr4","85178652","85178953","chr12","41252644","41252947","71","43926008"
"chr4","85204300","85204557","chr7","22867153","22867417","28","62337147"
"chr4","85274653","85274945","chr18","58626262","58626555","60","26648391"
"chr4","85282233","85282542","chr20","122268567","122268865","69","36986334"
"chr4","85287507","85287816","chr5","35692563","35692866","56","49594944"
"chr4","85529701","85530010","chr7","129737713","129738016","65","44208012"
"chr4","85547016","85547115","chr16","22356743","22356842","18","63190273"
"chr4","85590741","85591030","chr7","23195032","23195326","34","62395709"
"chr4","85629768","85629998","chr13","78150139","78150362","54","7479629"
"chr4","85691961","85692182","chr26","42108679","42108917","54","43583282"
"chr4","85748221","85748331","chr7","23336689","23336798","8","62411532"
"chr4","85874192","85874462","chr3","20403229","20403501","59","65470963"
"chr4","85891160","85891423","chr3","20303793","20304053","70","65587367"
"chr4","86082396","86082489","chr12","11853989","11854082","23","74228407"
"chr4","86084630","86084928","chr7","23656608","23656904","21","62428022"
"chr4","86109601","86109871","chr7","23683589","23683839","39","62426012"
"chr4","86257588","86257880","chr7","23806293","23806582","26","62451295"
"chr4","86261390","86261682","chr7","23810156","23810451","22","62451234"
"chr4","86356310","86356559","chr7","23915155","23915403","15","62441155"
"chr4","86394236","86394296","chr16","22015421","22015477","17","64378815"
"chr4","86395486","86395741","chr16","65423468","65423735","70","20972018"
"chr4","86427161","86427435","chr7","23987922","23988203","35","62439239"
"chr4","86531903","86532205","chr6","39742897","39743184","75","46789006"
"chr4","86536111","86536460","chr9","107041766","107042105","89","20505655"
"chr4","86537588","86537882","chr7","24102129","24102413","36","62435459"
"chr4","86541470","86541788","chr6","35686768","35687077","71","50854702"
"chr4","86572621","86572845","chr20","86854233","86854457","43","281612"
"chr4","86591739","86592020","chr7","86159938","86160217","59","431801"
"chr4","86609102","86609372","chr1","77923972","77924229","78","8685130"
"chr4","86610812","86610938","chr6","42175079","42175207","21","44435733"
"chr4","86624140","86624409","chr25","18114740","18115019","74","68509400"
"chr4","86637317","86637485","chr12","89902351","89902526","39","3265034"
"chr4","86639812","86640043","chr7","24201039","24201271","13","62438773"
"chr4","86644685","86644958","chr14","46120315","46120588","67","40524370"
"chr4","86657648","86657947","chr7","129657773","129658075","61","43000125"
"chr4","86681405","86681687","chr7","24245999","24246279","10","62435406"
"chr4","86686152","86686443","chr16","57134919","57135213","62","29551233"
"chr4","86693324","86693607","chr5","69933160","69933446","67","16760164"
"chr4","86710447","86710750","chr18","21490626","21490936","55","65219821"
"chr4","86727348","86727650","chr8","35985720","35986027","67","50741628"
"chr4","86736459","86736694","chrX","36203446","36203691","63","50533013"
"chr4","86814065","86814376","chr28","18723682","18723992","60","68090383"
"chr4","86829943","86830069","chr9","5552081","5552206","18","81277862"
"chr4","86839599","86839762","chr25","68968014","68968175","37","17871585"
"chr4","86846273","86846446","chr7","24411620","24411812","29","62434653"
"chr4","86850232","86850479","chr23","78663924","78664169","59","8186308"
"chr4","86853263","86853515","chr16","62227630","62227894","75","24625633"
"chr4","86854219","86854392","chr19","25091879","25092045","35","61762340"
"chr4","86854682","86854806","chr5","27335760","27335870","31","59518922"
"chr4","86873798","86873900","chr28","20045604","20045703","23","66828194"
"chr4","86876974","86877259","chr7","24441277","24441586","40","62435697"
"chr4","86891218","86891500","chr7","24455647","24455928","28","62435571"
"chr4","86922702","86922964","chr7","24484492","24484753","16","62438210"
"chr4","86923157","86923458","chr7","24484954","24485231","51","62438203"
"chr4","86929082","86929365","chr1","18610357","18610639","53","68318725"
"chr4","86931655","86931941","chr7","24492727","24493021","28","62438928"
"chr4","86938505","86938662","chr1","9223768","9223922","40","77714737"
"chr4","86938949","86938961","chr2","56844226","56844238","5","30094723"
"chr4","86939015","86939126","chr5","44578784","44578895","21","42360231"
"chr4","87013877","87014102","chr7","24584847","24585066","23","62429030"
"chr4","87024053","87024364","chr7","24595030","24595339","31","62429023"
"chr4","87028127","87028413","chr7","24599093","24599371","33","62429034"
"chr4","87042734","87042860","chr18","53920665","53920801","23","33122069"
"chr4","87044634","87044931","chr7","24615768","24616065","17","62428866"
"chr4","87050204","87050505","chr7","24621306","24621627","40","62428898"
"chr4","87052285","87052465","chr24","69691251","69691431","43","17361034"
"chr4","87056177","87056449","chr12","41204861","41205132","54","45851316"
"chr4","87063484","87063823","chr24","31728884","31729191","94","55334600"
"chr4","87102883","87103159","chr7","24672374","24672633","54","62430509"
"chr4","87103927","87104247","chr1","68408026","68408337","65","18695901"
"chr4","87112172","87112465","chr7","24681587","24681872","25","62430585"
"chr4","87148605","87148907","chrX_KE148108v1_random","1020209","1020503","53","86128396"
"chr4","87151675","87151964","chr7","24721794","24722087","15","62429881"
"chr4","87184897","87185213","chr6","41129163","41129459","70","46055734"
"chr4","87200233","87200372","chrX","7838045","7838179","31","79362188"
"chr4","87200683","87200843","chr11","33011321","33011472","32","54189362"
"chr4","87205339","87205642","chr7","24773980","24774283","28","62431359"
"chr4","87244516","87244638","chr7","24806840","24806962","5","62437676"
"chr4","87273833","87274091","chr7","25200499","25200752","74","62073334"
"chr4","87305554","87305822","chr7","24874368","24874663","44","62431186"
"chr4","87342793","87343094","chr7","24911016","24911319","18","62431777"
"chr4","87344887","87345179","chr7","24913100","24913379","30","62431787"
"chr4","87345601","87345875","chr9","57593540","57593810","68","29752061"
"chr4","87356281","87356398","chr7","24925352","24925469","9","62430929"
"chr4","87382580","87382856","chr20","24551254","24551530","65","62831326"
"chr4","87402636","87402937","chr7","129657773","129658075","54","42255137"
"chr4","87413578","87413862","chr7","24983022","24983323","45","62430556"
"chr4","87429346","87429649","chr21","58341605","58341901","63","29087741"
"chr4","87434181","87434467","chr7","25004937","25005232","21","62429244"
"chr4","87479249","87479526","chr28","11675494","11675771","49","75803755"
"chr4","87494017","87494295","chr7","25063911","25064194","26","62430106"
"chr4","87534357","87534637","chr12","47021639","47021917","71","40512718"
"chr4","87558591","87558884","chr7","25116119","25116412","22","62442472"
"chr4","87578948","87579145","chr7","25137095","25137297","27","62441853"
"chr4","87589913","87590218","chr7","25145724","25146034","15","62444189"
"chr4","87602648","87602933","chr7","25158760","25159048","23","62443888"
"chr4","87609134","87609438","chr28","15141829","15142140","58","72467305"
"chr4","87617402","87617683","chr7","25173377","25173663","22","62444025"
"chr4","87627839","87628116","chr7","25183831","25184116","21","62444008"
"chr4","87638769","87639077","chr7","25194815","25195120","21","62443954"
"chr4","87668539","87668677","chr10","95288251","95288387","37","7619712"
"chr4","87741462","87741760","chr9","6134738","6135037","54","81606724"
"chr4","87751742","87752052","chr8","97635106","97635417","72","9883364"
"chr4","87756413","87756724","chr9","124625139","124625450","64","36868726"
"chr4","87763948","87764249","chr7","25326485","25326803","53","62437463"
"chr4","87766644","87766964","chr7","25329234","25329525","49","62437410"
"chr4","87769317","87769620","chr26","14952808","14953094","53","72816509"
"chr4","87816148","87816363","chr7","25375783","25375990","28","62440365"
"chr4","87832283","87832564","chr7","25392345","25392644","44","62439938"
"chr4","87859184","87859457","chr17","56607825","56608106","60","31251359"
"chr4","87860319","87860606","chr20","16941952","16942232","61","70918367"
"chr4","87867798","87868101","chr11","22072131","22072425","76","65795667"
"chr4","87869140","87869457","chr28","15141829","15142140","62","72727311"
"chr4","87897417","87897542","chr7","25459080","25459205","9","62438337"
"chr4","87969008","87969113","chr20","104451929","104452034","13","16482921"
"chr4","87977641","87977937","chr5","69933160","69933446","63","18044481"
"chr4","87994945","87995233","chr7","25543162","25543435","32","62451783"
"chr4","87995604","87995887","chr7","25543811","25544082","27","62451793"
"chr4","88014712","88014992","chr2","47925979","47926263","66","40088733"
"chr4","88019858","88020122","chr14","41801596","41801868","74","46218262"
"chr4","88024694","88025022","chr7","25572388","25572694","48","62452306"
"chr4","88042317","88042543","chr7","25588685","25588913","12","62453632"
"chr4","88043712","88043993","chr7","25590107","25590411","46","62453605"
"chr4","88049869","88050175","chr7","25596301","25596600","21","62453568"
"chr4","88087606","88087762","chr4","7636816","7636981","36","80450790"
"chr4","88087907","88088013","chr20","62443435","62443535","28","25644472"
"chr4","88093444","88093728","chr7","25634764","25635050","20","62458680"
"chr4","88102140","88102266","chr7","25644329","25644458","9","62457811"
"chr4","88102618","88102901","chr10","56802229","56802512","62","31300389"
"chr4","88107915","88108216","chr7","25650156","25650450","21","62457759"
"chr4","88138801","88139109","chr1","70011792","70012103","70","18127009"
"chr4","88145589","88145897","chr7","25688274","25688585","32","62457315"
"chr4","88394096","88394346","chrX_KE148108v1_random","1372311","1372561","71","87021785"
"chr4","88464730","88465030","chr7","26008027","26008324","20","62456703"
"chr4","88577582","88577855","chr7","26105903","26106206","49","62471679"
"chr4","88581201","88581319","chr7","26109610","26109729","4","62471591"
"chr4","88595231","88595523","chr6","2097551","2097841","61","86497680"
"chr4","88629309","88629594","chr7","26160337","26160635","32","62468972"
"chr4","88661644","88661949","chr7","26190666","26190971","16","62470978"
"chr4","88689533","88689840","chr8","39861865","39862174","80","48827668"
"chr4","88719595","88719826","chr7","26247338","26247569","18","62472257"
"chr4","88727552","88727844","chr7","26255595","26255882","15","62471957"
"chr4","88748789","88749101","chr7","26275399","26275692","34","62473390"
"chr4","88755873","88756114","chr7","26282626","26282869","21","62473247"
"chr4","88765158","88765449","chr1","58302532","58302829","60","30462626"
"chr4","88765602","88765846","chr5","23128784","23129018","63","65636818"
"chr4","88805908","88806272","chr9","95050853","95051155","122","6244945"
"chr4","88811205","88811495","chr26","6150165","6150453","53","82661040"
"chr4","88827290","88827590","chr7","26350609","26350910","24","62476681"
"chr4","88849604","88849781","chr6","6742301","6742479","33","82107303"
"chr4","88853038","88853160","chr9","34238529","34238651","17","54614509"
"chr4","88859041","88859199","chr7","26379926","26380090","12","62479115"
"chr4","88859497","88859642","chr7","26380383","26380531","10","62479114"
"chr4","88860411","88860678","chr7","26381624","26381909","29","62478787"
"chr4","88876799","88877110","chr7","26397150","26397467","38","62479649"
"chr4","88934048","88934344","chr12","44629039","44629318","66","44305009"
"chr4","88934833","88935139","chr7","26453218","26453504","60","62481615"
"chr4","88972628","88972847","chr1","401715","401931","42","88570913"
"chr4","89044829","89044947","chr7","26563648","26563760","13","62481181"
"chr4","89045007","89045166","chr7","26563803","26563973","27","62481204"
"chr4","89308220","89308522","chr7","26783241","26783546","29","62524979"
"chr4","89339563","89339856","chr7","26799264","26799558","15","62540299"
"chr4","89479269","89479503","chr24","51620898","51621128","50","37858371"
"chr4","89533600","89533916","chr28","18962086","18962395","68","70571514"
"chr4","89549088","89549396","chrX","90804654","90804964","58","1255566"
"chr4","89561476","89561741","chr12","7033770","7034025","65","82527706"
"chr4","89577523","89577889","chrX","44275189","44275538","100","45302334"
"chr4","89589881","89590184","chr12","40601683","40601983","60","48988198"
"chr4","89616663","89616980","chr7","47767866","47768174","69","41848797"
"chr4","89620340","89620630","chr7","27081045","27081335","18","62539295"
"chr4","89631607","89631904","chr10","76220349","76220648","57","13411258"
"chr4","89648080","89648203","chr7","27118203","27118320","13","62529877"
"chr4","89655237","89655516","chr7","27125313","27125589","32","62529924"
"chr4","89662659","89662963","chr16","46690649","46690956","60","42972010"
"chr4","89665757","89666071","chrX","128360678","128360989","59","38694921"
"chr4","89675293","89675588","chr7","27146841","27147124","31","62528452"
"chr4","89689012","89689327","chr7","27160701","27161033","35","62528311"
"chr4","89706193","89706471","chr7","27173018","27173296","15","62533175"
"chr4","89707437","89707757","chr7","27174148","27174432","58","62533289"
"chr4","89717686","89717998","chr11","58114921","58115213","70","31602765"
"chr4","89724544","89724853","chr1","121130611","121130918","55","31406067"
"chr4","89725186","89725516","chr7","27192708","27193017","44","62532478"
"chr4","89743966","89744265","chr7","27209784","27210083","17","62534182"
"chr4","89750194","89750314","chr7","27216281","27216403","13","62533913"
"chr4","89754108","89754324","chr7","27220197","27220414","16","62533911"
"chr4","89766869","89766986","chr7","27232938","27233055","5","62533931"
"chr4","89777781","89778073","chr7","27242411","27242701","44","62535370"
"chr4","89792720","89793023","chr14","18423632","18423933","59","71369088"
"chr4","89819401","89819679","chr21","99917780","99918060","70","10098379"
"chr4","89835400","89835708","chr18","32854753","32855059","65","56980647"
"chr4","89866585","89866857","chr7","27330793","27331062","23","62535792"
"chr4","89873750","89873886","chr7","27337596","27337732","12","62536154"
"chr4","89876427","89876702","chr7","27340192","27340468","17","62536235"
"chr4","89878748","89879026","chr7","27342360","27342653","34","62536388"
"chr4","89884000","89884309","chr7","27347622","27347915","31","62536378"
"chr4","89908894","89909008","chr7","27370730","27370839","12","62538164"
"chr4","89909043","89909199","chr22","25713777","25713934","53","64195266"
"chr4","90016409","90016678","chr7","27476139","27476407","50","62540270"
"chr4","90125338","90125502","chr7","27601609","27601774","7","62523729"
"chr4","90149005","90149257","chr2","83650295","83650538","81","6498710"
"chr4","90149531","90149558","chr6","10399355","10399381","4","79750176"
"chr4","90242951","90243042","chr14","63148383","63148475","19","27094568"
"chr4","90244789","90244868","chr14","78764896","78764975","11","11479893"
"chr4","90267094","90267397","chr20","104637922","104638224","62","14370828"
"chr4","90295013","90295311","chr7","27769314","27769612","28","62525699"
"chr4","90303534","90303673","chr20","80129524","80129663","30","10174010"
"chr4","90369282","90369555","chr7","27841082","27841367","30","62528200"
"chr4","90419798","90420093","chr7","27893603","27893918","48","62526195"
"chr4","90516842","90517145","chr12","40601683","40601983","57","49915159"
"chr4","90541988","90542270","chr8","39677244","39677540","66","50864744"
"chr4","90634049","90634171","chr21","69872951","69873063","39","20761098"
"chr4","90756070","90756384","chr7","28240209","28240499","47","62515861"
"chr4","91017489","91017765","chr7","28485913","28486193","24","62531576"
"chr4","91070200","91070472","chr10","55281662","55281927","70","35788538"
"chr4","91071585","91071722","chr4","35973857","35973992","24","55097728"
"chr4","91132666","91132961","chr20","88447642","88447934","66","2685024"
"chr4","91173950","91174247","chr7","46554830","46555124","65","44619120"
"chr4","91202168","91202452","chr7","28668894","28669169","34","62533274"
"chr4","91213912","91214223","chr2","54290751","54291058","70","36923161"
"chr4","91217302","91217614","chr7","28683172","28683491","49","62534130"
"chr4","91270600","91270911","chr7","28737197","28737532","48","62533403"
"chr4","91418148","91418439","chr7","122607868","122608161","63","31189720"
"chr4","91454756","91454873","chr13","69064310","69064429","26","22390446"
"chr4","91513557","91513848","chr24","28247876","28248163","62","63265681"
"chr4","91656989","91657262","chr12","105672548","105672835","68","14015559"
"chr4","91740324","91740618","chr27","40606615","40606901","57","51133709"
"chr4","91923778","91924072","chr12","30708191","30708487","84","61215587"
"chr4","92063681","92063949","chr7","29520997","29521299","53","62542684"
"chr4","92201811","92202101","chr7","29641471","29641767","23","62560340"
"chr4","92220515","92220636","chr16","49149269","49149393","22","43071246"
"chr4","92390844","92391140","chr7","29804773","29805069","11","62586071"
"chr4","92411292","92411594","chr20","123775608","123775921","71","31364316"
"chr4","92437821","92438095","chr7","29847080","29847353","28","62590741"
"chr4","92458554","92458845","chr7","29867606","29867861","55","62590948"
"chr4","92497288","92497489","chr7","29906301","29906503","11","62590987"
"chr4","92513375","92513666","chr7","29921790","29922088","39","62591585"
"chr4","92526934","92527079","chr16","20751749","20751894","31","71775185"
"chr4","92536987","92537273","chr14","21420090","21420390","77","71116897"
"chr4","92554119","92554398","chr7","29959212","29959481","34","62594907"
"chr4","92622114","92622399","chr20","24718513","24718793","57","67903601"
"chr4","92720249","92720514","chr7","30137409","30137694","35","62582840"
"chr4","92740053","92740170","chr7","30157037","30157154","6","62583016"
"chr4","92789098","92789374","chr6","11668104","11668371","62","81120994"
"chr4","92828681","92828984","chr1","13997509","13997797","60","78831172"
"chr4","92844569","92844863","chr3","77381637","77381933","56","15462932"
"chr4","92895916","92896200","chr7","30307855","30308140","27","62588061"
"chr4","93031925","93032234","chr7","30434727","30435011","52","62597198"
"chr4","93104001","93104306","chr7","30508593","30508899","20","62595408"
"chr4","93123539","93123663","chr11","53266821","53266946","17","39856718"
"chr4","93223768","93224009","chr7","30607488","30607740","46","62616280"
"chr4","93238254","93238550","chr7","30620278","30620578","20","62617976"
"chr4","93243828","93243928","chr6","9449596","9449687","28","83794232"
"chr4","93245465","93245820","chr1","44657373","44657697","105","48588092"
"chr4","93261757","93262041","chr7","30644682","30644970","34","62617075"
"chr4","93334701","93334998","chr12","103939005","103939299","57","10604304"
"chr4","93357121","93357258","chr7","30723072","30723208","6","62634049"
"chr4","93357871","93358064","chr7","30723854","30724024","38","62634017"
"chr4","93362130","93362406","chr7","30728088","30728359","39","62634042"
"chr4","93368025","93368153","chr8","120108606","120108729","26","26740581"
"chr4","93376810","93377089","chr7","30742666","30742955","53","62634144"
"chr4","93386183","93386403","chr14","15565137","15565367","53","77821046"
"chr4","93386802","93386893","chr22","60676963","60677058","24","32709839"
"chr4","93387183","93387301","chr6","8472859","8472949","46","84914324"
"chr4","93387598","93387747","chr25","55548316","55548467","32","37839282"
"chr4","93418068","93418363","chr28","11856078","11856376","62","81561990"
"chr4","93423153","93423294","chr7","30794887","30795027","13","62628266"
"chr4","93423587","93423728","chr7","30795311","30795451","11","62628276"
"chr4","93444952","93445081","chrX_KE148109v1_random","39614","39742","19","93405338"
"chr4","93446357","93446627","chr17","68222213","68222477","51","25224144"
"chr4","93452951","93453255","chr7","30825415","30825711","33","62627536"
"chr4","93459450","93459643","chr7","30831957","30832131","28","62627493"
"chr4","93490054","93490268","chr7","30872285","30872495","17","62617769"
"chr4","93529939","93530229","chr9","68525091","68525390","53","25004848"
"chr4","93540803","93541084","chr12","8032666","8032946","62","85508137"
"chr4","93589807","93589970","chr2","42603297","42603459","26","50986510"
"chr4","93590015","93590130","chr8","36312307","36312422","20","57277708"
"chr4","93613176","93613473","chr7","30995902","30996187","39","62617274"
"chr4","93618966","93619273","chr7","31001701","31002006","9","62617265"
"chr4","93669681","93669966","chr7","31050550","31050842","25","62619131"
"chr4","93672465","93672581","chrX","38871434","38871550","18","54801031"
"chr4","93672651","93672862","chr3","59009251","59009452","59","34663400"
"chr4","93728601","93728909","chr7","31108451","31108757","23","62620150"
"chr4","93729318","93729612","chr24","28247876","28248163","61","65481442"
"chr4","93744548","93744830","chr21","60739547","60739825","55","33005001"
"chr4","93745216","93745511","chr2","36570594","36570881","56","57174622"
"chr4","93751774","93752034","chr7","31131137","31131398","19","62620637"
"chr4","93752089","93752382","chr7","31131455","31131726","28","62620634"
"chr4","93766917","93767187","chrX","108857921","108858191","60","15091004"
"chr4","93804248","93804518","chr26","33061113","33061384","62","60743135"
"chr4","93823664","93823946","chr20","9172636","9172911","54","84651028"
"chr4","93854190","93854500","chr9","103606114","103606420","62","9751924"
"chr4","93871505","93871806","chr7","31251035","31251335","23","62620470"
"chr4","93882304","93882550","chr20","106687971","106688197","65","12805667"
"chr4","93902470","93902756","chr7","31290188","31290474","23","62612282"
"chr4","93962902","93963200","chr7","31353255","31353561","38","62609647"
"chr4","93981984","93982206","chr7","31367792","31368008","37","62614192"
"chr4","94005127","94005417","chr1","18610357","18610639","64","75394770"
"chr4","94010013","94010316","chr9","227543","227844","48","93782470"
"chr4","94011414","94011705","chr7","31394664","31394962","21","62616750"
"chr4","94013591","94013880","chr1","68583509","68583795","52","25430082"
"chr4","94014554","94014858","chr4","437696","437999","61","93576858"
"chr4","94024476","94024595","chr7","31407641","31407763","13","62616835"
"chr4","94030343","94030554","chr18","58431764","58431981","44","35598579"
"chr4","94030902","94031202","chr5","38825052","38825343","55","55205850"
"chr4","94039645","94039923","chr1","69322685","69322963","53","24716960"
"chr4","94047750","94047860","chr6","47674924","47675034","9","46372826"
"chr4","94051532","94051832","chr11","46343863","46344160","60","47707669"
"chr4","94071046","94071317","chr1","12209020","12209295","63","81862026"
"chr4","94073209","94073384","chr8","21664692","21664865","34","72408517"
"chr4","94073674","94073815","chr6","27711833","27711975","25","66361841"
"chr4","94117300","94117605","chr7","31492246","31492535","27","62625054"
"chr4","94125749","94126017","chr7","31499688","31499962","23","62626061"
"chr4","94138900","94139197","chr7","31513485","31513793","28","62625415"
"chr4","94146513","94146799","chr7","31521440","31521724","19","62625073"
"chr4","94153832","94154026","chr7","31529484","31529668","24","62624348"
"chr4","94154382","94154482","chr7","31530026","31530145","21","62624356"
"chr4","94156143","94156440","chr11","60149148","60149448","56","34006995"
"chr4","94205324","94205598","chr7","133941033","133941306","61","39735709"
"chr4","94237014","94237305","chr7","31616348","31616632","32","62620666"
"chr4","94252579","94252701","chr7","31633136","31633260","12","62619443"
"chr4","94280810","94281119","chr7","31659562","31659843","45","62621248"
"chr4","94287671","94287968","chr7","31666329","31666620","32","62621342"
"chr4","94293749","94294001","chr2","83650295","83650538","63","10643454"
"chr4","94306714","94306980","chr1","56596432","56596705","57","37710282"
"chr4","94318314","94318473","chr9","3354184","3354332","32","90964130"
"chr4","94319205","94319235","chr6","10399355","10399381","11","83919850"
"chr4","94320345","94320488","chr7","31703936","31704059","25","62616409"
"chr4","94322974","94323266","chr15","90607903","90608198","66","3715071"
"chr4","94332874","94333180","chr7","31715784","31716071","46","62617090"
"chr4","94334795","94334911","chr7","31717733","31717849","6","62617062"
"chr4","94350419","94350732","chr22","33504982","33505295","58","60845437"
"chr4","94370306","94370597","chr9","13716327","13716621","64","80653979"
"chr4","94370678","94370811","chr7","31749475","31749608","10","62621203"
"chr4","94374563","94374864","chr10","67232586","67232874","69","27141977"
"chr4","94385286","94385490","chr7","31763032","31763221","33","62622254"
"chr4","94406450","94406595","chr7","31787944","31788090","10","62618506"
"chr4","94409902","94410204","chr28","11548952","11549255","57","82860950"
"chr4","94420950","94421138","chr7","31796108","31796289","29","62624842"
"chr4","94426623","94426888","chr7","31801725","31801984","20","62624898"
"chr4","94428315","94428591","chr7","31803418","31803695","41","62624897"
"chr4","94429199","94429493","chr7","31804289","31804603","37","62624910"
"chr4","94432958","94433179","chr2","13599827","13600054","48","80833131"
"chr4","94437018","94437166","chr27","44391711","44391854","32","50045307"
"chr4","94437454","94437596","chr5","4270133","4270275","30","90167321"
"chr4","94449428","94449543","chr16","46699547","46699662","18","47749881"
"chr4","94449572","94449737","chr5","11090164","11090323","31","83359408"
"chr4","94451130","94451398","chr7","31825994","31826274","29","62625136"
"chr4","94458957","94459125","chr7","31833702","31833880","22","62625255"
"chr4","94459397","94459537","chr7","31834147","31834288","13","62625250"
"chr4","94460452","94460743","chr7","31835212","31835470","43","62625240"
"chr4","94463758","94464067","chr5","43761345","43761656","58","50702413"
"chr4","94466963","94467050","chr12","70455942","70456029","17","24011021"
"chr4","94476973","94477098","chr15","4227960","4228086","20","90249013"
"chr4","94518393","94518742","chr6","28232696","28233016","104","66285697"
"chr4","94518754","94518792","chr1","47524125","47524164","7","46994629"
"chr4","94532448","94532757","chr7","31907302","31907597","30","62625146"
"chr4","94534991","94535146","chr25","83493605","83493765","44","11041386"
"chr4","94538579","94538866","chr2","35878899","35879181","58","58659680"
"chr4","94554623","94554738","chr7","31922881","31922996","9","62631742"
"chr4","94581266","94581560","chr6","41031071","41031373","63","53550195"
"chr4","94583054","94583263","chr4","51428368","51428572","80","43154686"
"chr4","94583302","94583424","chr5","70290915","70291035","20","24292387"
"chr4","94619320","94619609","chrX","11116293","11116587","63","83503027"
"chr4","94622715","94622981","chr7","31983214","31983507","44","62639501"
"chr4","94677893","94678058","chr7","32035785","32035964","25","62642108"
"chr4","94720499","94720771","chr20","92203131","92203411","60","2517368"
"chr4","94930224","94930503","chr7","32285324","32285604","24","62644900"
"chr4","94950355","94950639","chr5","44001779","44002066","49","50948576"
"chr4","94991250","94991524","chr7","32346918","32347193","60","62644332"
"chr4","95133156","95133445","chr12","103939005","103939299","50","8805849"
"chr4","95255012","95255327","chr7","32600646","32600947","40","62654366"
"chr4","95390320","95390564","chr7","32714850","32715140","55","62675470"
"chr4","95432408","95432711","chrX","38566822","38567123","55","56865586"
"chr4","95480977","95481265","chr2","57851514","57851800","57","37629463"
"chr4","95535576","95535863","chr7","32858653","32858956","39","62676923"
"chr4","95566091","95566399","chr16","61074963","61075258","69","34491128"
"chr4","95606146","95606410","chr20","123425401","123425659","57","27819255"
"chr4","95624847","95625053","chr7","32959419","32959625","12","62665428"
"chr4","95630956","95631274","chr12","40466912","40467223","56","55164044"
"chr4","95658611","95658892","chr7","32991549","32991861","46","62667062"
"chr4","95723835","95723960","chr14","82354648","82354772","18","13369187"
"chr4","95745183","95745463","chr7","33059776","33060064","24","62685407"
"chr4","95764871","95765146","chr10","87801139","87801426","68","7963732"
"chr4","95799496","95799809","chr7","33108859","33109167","26","62690637"
"chr4","95818558","95818866","chr7","33126405","33126703","31","62692153"
"chr4","95849876","95850202","chr25","44770913","44771213","80","51078963"
"chr4","95878246","95878483","chr7","33188059","33188309","22","62690187"
"chr4","95879034","95879272","chr7","33188846","33189085","20","62690188"
"chr4","95927214","95927515","chr11","52673188","52673488","57","43254026"
"chr4","95932964","95933191","chr13","39531809","39532043","59","56401155"
"chr4","95940660","95940944","chr12","103939005","103939299","58","7998345"
"chr4","95957663","95957988","chr7","33261924","33262243","35","62695739"
"chr4","95958148","95958426","chr7","33262407","33262688","28","62695741"
"chr4","96038459","96038756","chr7","33329297","33329598","29","62709162"
"chr4","96087034","96087352","chr16","47341907","47342220","75","48745127"
"chr4","96099756","96100035","chr7","33383298","33383595","46","62716458"
"chr4","96159531","96159825","chr7","33462467","33462761","29","62697064"
"chr4","96214670","96214860","chr12","26878004","26878201","49","69336666"
"chr4","96267095","96267394","chr23","12927715","12927999","76","83339380"
"chr4","96364230","96364548","chr28","11571545","11571852","84","84792685"
"chr4","96454798","96454978","chr23","61800356","61800535","42","34654442"
"chr4","96471238","96471457","chr7","33798799","33799021","17","62672439"
"chr4","96498858","96499161","chr7","33821989","33822283","33","62676869"
"chr4","96750764","96750973","chr9","16792315","16792521","56","79958449"
"chr4","96750994","96751298","chr28","3675858","3676162","62","93075136"
"chr4","96896688","96896984","chrX","62197848","62198138","71","34698840"
"chr4","97079052","97079098","chr7","34385734","34385780","3","62693318"
"chr4","97141078","97141251","chr11","8500872","8501042","35","88640206"
"chr4","97141295","97141412","chr28","16993246","16993366","23","80148049"
"chr4","97161441","97161757","chr1","37772325","37772625","72","59389116"
"chr4","97241842","97242148","chr7","34542609","34542919","36","62699233"
"chr4","97289646","97289915","chr5","19296311","19296571","58","77993335"
"chr4","97380361","97380646","chr28","16407700","16407986","65","80972661"
"chr4","97451571","97451863","chr7","56703345","56703636","60","40748226"
"chr4","97502730","97502942","chr10","113917963","113918174","49","16415233"
"chr4","97528710","97528984","chr7","34815660","34815938","42","62713050"
"chr4","97534737","97534861","chr19","25213638","25213768","24","72321099"
"chr4","97567028","97567152","chr19","1762655","1762779","22","95804373"
"chr4","97597117","97597385","chr7","34884460","34884743","41","62712657"
"chr4","97602053","97602332","chr7","34889268","34889547","18","62712785"
"chr4","97603088","97603409","chr7","34890173","34890494","25","62712915"
"chr4","97604886","97605171","chr7","34891828","34892120","27","62713058"
"chr4","97618861","97619162","chr7","34906346","34906653","33","62712515"
"chr4","97644073","97644362","chr5","15713449","15713734","55","81930624"
"chr4","97644446","97644464","chr5","42656684","42656702","4","54987762"
"chr4","97654293","97654603","chr7","34941541","34941853","23","62712752"
"chr4","97667961","97668103","chr12","59920135","59920281","33","37747826"
"chr4","97672333","97672620","chr7","34958294","34958584","21","62714039"
"chr4","97691225","97691511","chr7","34978873","34979160","23","62712352"
"chr4","97778484","97778780","chr11","44596328","44596626","64","53182156"
"chr4","97796711","97796994","chr7","35075085","35075367","21","62721626"
"chr4","97824815","97825095","chr7","35106555","35106866","51","62718260"
"chr4","97850632","97850926","chr7","35131851","35132146","21","62718781"
"chr4","97856771","97856985","chr19","9223363","9223572","43","88633408"
"chr4","97904162","97904457","chr7","35182678","35182945","45","62721484"
"chr4","97931033","97931318","chr8","20664761","20665050","57","77266272"
"chr4","97943348","97943668","chr7","35223002","35223317","26","62720346"
"chr4","97976620","97976769","chr4","7048885","7049033","33","90927735"
"chr4","97976797","97976960","chrUn_KE147756v1","1853","2008","48","97974944"
"chr4","97981279","97981561","chr23","25760259","25760547","51","72221020"
"chr4","97985697","97986008","chr16","60495935","60496247","56","37489762"
"chr4","97990895","97991168","chr7","35259361","35259632","16","62731534"
"chr4","97991175","97991449","chr22","50808546","50808814","64","47182629"
"chr4","98002790","98003090","chr7","35269819","35270159","59","62732971"
"chr4","98008223","98008352","chr7","35273900","35274036","18","62734323"
"chr4","98008677","98008844","chr7","35274375","35274551","21","62734302"
"chr4","98014919","98015210","chr2","31186050","31186331","75","66828869"
"chr4","98015503","98015733","chr5","52836555","52836774","57","45178948"
"chr4","98020745","98021055","chr6","30801323","30801627","67","67219422"
"chr4","98023423","98023715","chr7","35295791","35296093","31","62727632"
"chr4","98041262","98041451","chr6","39669263","39669451","39","58371999"
"chr4","98041481","98041589","chr9","95963246","95963355","21","2078235"
"chr4","98044922","98045068","chr15","35025880","35026025","31","63019042"
"chr4","98045400","98045548","chr26","18061852","18062002","32","79983548"
"chr4","98048013","98048141","chr1","104979948","104980071","25","6931935"
"chr4","98054202","98054509","chr28","16480803","16481124","68","81573399"
"chr4","98055608","98055924","chr16","59710976","59711275","82","38344632"
"chr4","98072813","98073134","chr17","36566860","36567180","72","61505953"
"chr4","98079193","98079321","chr1","104979948","104980071","25","6900755"
"chr4","98093640","98093934","chr6","29469699","29470000","65","68623941"
"chr4","98095839","98096061","chr7","35360886","35361108","23","62734953"
"chr4","98110532","98110828","chrX","38566822","38567123","68","59543710"
"chr4","98130185","98130486","chr7","35395174","35395460","33","62735011"
"chr4","98140180","98140476","chr7","35405783","35406076","14","62734397"
"chr4","98162384","98162575","chr7","35428721","35428930","32","62733663"
"chr4","98208894","98209184","chr24","51893398","51893685","67","46315496"
"chr4","98220568","98220843","chr5","17723789","17724056","66","80496779"
"chr4","98225822","98226056","chr7","35493901","35494144","49","62731921"
"chr4","98226593","98226884","chr3","10514269","10514565","59","87712324"
"chr4","98259721","98259991","chr7","35528069","35528319","39","62731652"
"chr4","98263286","98263608","chr7","35531599","35531912","42","62731687"
"chr4","98272789","98273103","chr7","35540625","35540935","36","62732164"
"chr4","98276826","98277134","chr7","35544577","35544880","20","62732249"
"chr4","98284874","98285126","chr7","35552507","35552775","28","62732367"
"chr4","98286747","98287053","chr3","14492535","14492831","62","83794212"
"chr4","98311330","98311491","chr20","68386245","68386389","52","29925085"
"chr4","98312388","98312676","chr7","35578892","35579178","17","62733496"
"chr4","98319648","98319901","chr28","19196628","19196884","57","79123020"
"chr4","98335001","98335298","chr7","35601529","35601828","27","62733472"
"chr4","98355301","98355485","chr5","35789740","35789923","40","62565561"
"chr4","98375984","98376299","chr9","33009638","33009947","66","65366346"
"chr4","98381650","98381929","chr7","35646137","35646449","48","62735513"
"chr4","98390154","98390444","chr6","28970533","28970829","66","69419621"
"chr4","98391205","98391486","chr20","9709205","9709485","71","88682000"
"chr4","98391497","98391794","chr4","65152122","65152422","68","33239375"
"chr4","98422633","98422766","chr7","35686610","35686730","19","62736023"
"chr4","98431698","98431814","chr1","120798422","120798537","17","22366724"
"chr4","98465335","98465641","chr7","35717379","35717687","34","62747956"
"chr4","98475068","98475404","chr7","35737167","35737500","30","62737901"
"chr4","98480272","98480570","chr9","68352427","68352711","73","30127845"
"chr4","98490342","98490651","chr7","35750634","35750939","15","62739708"
"chr4","98503100","98503396","chr9","68525091","68525390","73","29978009"
"chr4","98544100","98544411","chr7","35810178","35810504","45","62733922"
"chr4","98544724","98544758","chr12","77410912","77410947","3","21133812"
"chr4","98544862","98545139","chr7","35810953","35811234","22","62733909"
"chr4","98548198","98548492","chr7","35814218","35814514","19","62733980"
"chr4","98624640","98624953","chr20","88100516","88100832","64","10524124"
"chr4","98627302","98627584","chrX","100912166","100912453","75","2284864"
"chr4","98692607","98692739","chr7","35945927","35946056","12","62746680"
"chr4","98772403","98772639","chr7","36013840","36014098","29","62758563"
"chr4","98866744","98867034","chr1","117335737","117336032","64","18468993"
"chr4","99011917","99012227","chr1","17307782","17308092","63","81704135"
"chr4","99016771","99016893","chr7","36252030","36252143","13","62764741"
"chr4","99053889","99054160","chr7","36284349","36284611","37","62769540"
"chr4","99102494","99102703","chr16","2986513","2986720","54","96115981"
"chr4","99160740","99160982","chr7","36379250","36379492","18","62781490"
"chr4","99164390","99164695","chr7","36382851","36383152","24","62781539"
"chr4","99168864","99169152","chr7","36387293","36387593","26","62781571"
"chr4","99180615","99180937","chr3","6642626","6642930","73","92537989"
"chr4","99190966","99191278","chr5","25644337","25644643","62","73546629"
"chr4","99195972","99196262","chr6","3125565","3125851","48","96070407"
"chr4","99211014","99211260","chr7","36435303","36435539","21","62775711"
"chr4","99214657","99214944","chr6","36986089","36986383","54","62228568"
"chr4","99230465","99230654","chr7","36454706","36454924","39","62775759"
"chr4","99242500","99242796","chr12","43965982","43966279","65","55276518"
"chr4","99244189","99244326","chr6","47860248","47860381","31","51383941"
"chr4","99254244","99254353","chr21","99709639","99709748","20","455395"
"chr4","99255504","99255796","chr12","40601683","40601983","50","58653821"
"chr4","99257715","99257838","chr7","36481114","36481237","8","62776601"
"chr4","99279810","99280056","chr3","20950954","20951198","51","78328856"
"chr4","99292351","99292545","chr4","14000006","14000202","45","85292345"
"chr4","99303940","99304174","chr7","36519912","36520186","52","62784028"
"chr4","99314203","99314290","chr27","46887862","46887944","19","52426341"
"chr4","99319291","99319587","chrX_KE148108v1_random","1020209","1020503","73","98299082"
"chr4","99323248","99323579","chr8","97866093","97866396","76","1457155"
"chr4","99341146","99341443","chr8","10384529","10384830","65","88956617"
"chr4","99343145","99343262","chr7","36565032","36565149","8","62778113"
"chr4","99345025","99345137","chr14","13211141","13211248","23","86133884"
"chr4","99348985","99349103","chr16","19542271","19542395","22","79806714"
"chr4","99354356","99354516","chr15","53598522","53598682","50","45755834"
"chr4","99356606","99356895","chr7","36579355","36579645","24","62777251"
"chr4","99361426","99361717","chr7","36584143","36584425","31","62777283"
"chr4","99370576","99370858","chr7","36595216","36595480","44","62775360"
"chr4","99375652","99375779","chr7","36600139","36600255","15","62775513"
"chr4","99384752","99385053","chr6","12258379","12258691","65","87126373"
"chr4","99390436","99390730","chr7","36613372","36613666","28","62777064"
"chr4","99398711","99398995","chr7","36619979","36620257","34","62778732"
"chr4","99407097","99407169","chrX","65952280","65952351","17","33454817"
"chr4","99423137","99423267","chr7","36644846","36644976","7","62778291"
"chr4","99423510","99423730","chr20","24477419","24477638","46","74946091"
"chr4","99431232","99431427","chr4","77140951","77141140","52","22290281"
"chr4","99431787","99432086","chr1","15768727","15769027","59","83663060"
"chr4","99438106","99438400","chr3","77824771","77825057","75","21613335"
"chr4","99448002","99448172","chr20_KE148049v1_random","862039","862198","49","98585963"
"chr4","99452683","99452950","chr7","36675170","36675444","27","62777513"
"chr4","99492866","99493168","chr25","44770913","44771213","63","54721953"
"chr4","99506851","99507156","chr17","35306470","35306782","56","64200381"
"chr4","99524936","99525238","chr7","36747443","36747749","17","62777493"
"chr4","99545137","99545463","chr7","36768150","36768462","38","62776987"
"chr4","99550079","99550323","chr12","9859314","9859552","60","89690765"
"chr4","99599591","99599886","chr12","88671748","88672038","46","10927843"
"chr4","99610538","99610836","chr7","36832218","36832497","37","62778320"
"chr4","99622594","99622892","chr7","36844490","36844782","39","62778104"
"chr4","99667460","99667780","chr7","36888812","36889110","56","62778648"
"chr4","99685685","99685980","chr16","61080618","61080919","73","38605067"
"chr4","99714700","99715007","chr7","36924936","36925236","18","62789764"
"chr4","99744190","99744450","chr8","112667962","112668222","60","12923772"
"chr4","99779864","99780171","chr7","36924936","36925236","18","62854928"
"chr4","99875819","99876103","chr1","12028862","12029147","49","87846957"
"chr4","99947874","99948165","chr5","69933160","69933446","60","30014714"
"chr4","99969723","99970010","chr28","8590755","8591044","70","91378968"
"chr4","99987461","99987737","chr20","121280252","121280537","54","21292791"
"chr4","100000998","100001301","chr13","78666775","78667072","58","21334223"
"chr4","100002108","100002292","chr7","37190438","37190622","15","62811670"
"chr4","100006792","100006919","chr9","67993583","67993714","38","32013209"
"chr4","100006945","100007073","chrX","64166474","64166605","22","35840471"
"chr4","100029884","100030172","chr7","37216690","37216989","31","62813194"
"chr4","100065550","100065829","chr7","37245134","37245414","16","62820416"
"chr4","100118190","100118476","chr7","37291362","37291625","37","62826828"
"chr4","100145682","100145970","chr7","37317355","37317642","19","62828327"
"chr4","100178281","100178407","chr7","37350693","37350817","8","62827588"
"chr4","100201244","100201543","chr7","37372449","37372747","23","62828795"
"chr4","100220183","100220543","chr7","37384968","37385324","27","62835215"
"chr4","100235973","100236272","chr7","37372449","37372747","23","62863524"
"chr4","100288876","100289065","chr7","37447659","37447848","10","62841217"
"chr4","100307083","100307175","chr7","37465868","37465958","9","62841215"
"chr4","100327628","100327916","chr9","112297756","112298061","65","11970128"
"chr4","100347100","100347178","chr6","7577351","7577436","19","92769749"
"chr4","100364406","100364688","chr22","51293260","51293540","65","49071146"
"chr4","100369119","100369414","chr5","26112911","26113207","66","74256208"
"chr4","100372134","100372436","chr18","32854753","32855059","52","67517381"
"chr4","100537947","100538240","chr7","37690318","37690611","19","62847629"
"chr4","100593132","100593403","chr21","25828221","25828494","55","74764911"
"chr4","100601751","100602057","chr7","129657773","129658075","54","29056022"
"chr4","100731860","100732129","chr7","37901583","37901856","29","62830277"
"chr4","100785784","100786078","chr20","119286385","119286684","64","18500601"
"chr4","100861789","100861881","chr9","13319547","13319634","25","87542242"
"chr4","100865058","100865324","chr7","38052060","38052322","24","62812998"
"chr4","101333324","101333613","chr7","38507073","38507359","24","62826251"
"chr4","101392423","101392734","chr17","35306470","35306782","61","66085953"
"chr4","101393377","101393506","chr2","19535660","19535791","23","81857717"
"chr4","101414303","101414557","chr7","38580116","38580397","39","62834187"
"chr4","101417857","101418050","chr5","22199790","22199975","48","79218067"
"chr4","101418338","101418463","chr12","32600739","32600859","27","68817599"
"chr4","101477239","101477524","chr7","38641528","38641840","41","62835711"
"chr4","101477554","101477577","chr25","81552850","81552874","2","19924704"
"chr4","101489276","101489480","chr7","38651705","38651928","29","62837571"
"chr4","101542379","101542665","chr8","30864230","30864518","60","70678149"
"chr4","101563918","101563982","chr1","77609282","77609342","14","23954636"
"chr4","101567891","101568190","chr16","62592457","62592753","61","38975434"
"chr4","101595978","101596231","chr27","40766330","40766579","53","60829648"
"chr4","101613617","101613927","chr20","88100516","88100832","69","13513101"
"chr4","101813204","101813505","chr10","36799339","36799631","73","65013865"
"chr4","101865859","101866026","chr3","9368745","9368921","34","92497114"
"chr4","101899900","101900067","chr3","9368745","9368921","34","92531155"
"chr4","102112549","102112829","chr7","39258075","39258377","46","62854474"
"chr4","102125809","102126113","chr7","39271223","39271517","66","62854586"
"chr4","102206444","102206759","chr21","117395471","117395794","63","15189027"
"chr4","102286457","102286750","chr7","39429829","39430117","20","62856628"
"chr4","102470086","102470404","chr6","34634511","34634823","66","67835575"
"chr4","102630106","102630409","chr12","40601683","40601983","62","62028423"
"chr4","102794370","102794678","chr7","39908941","39909230","50","62885429"
"chr4","102919079","102919265","chr12","46678281","46678457","56","56240798"
"chr4","102931361","102931685","chr7","40047124","40047452","26","62884237"
"chr4","102976997","102977299","chr7","40090446","40090749","22","62886551"
"chr4","102995201","102995491","chr6","15628099","15628384","69","87367102"
"chr4","103234407","103234682","chr7","40332648","40332930","18","62901759"
"chr4","103282949","103283288","chr12","88464124","88464440","82","14818825"
"chr4","103332568","103332857","chr6","3017083","3017366","64","100315485"
"chr4","103428114","103428444","chr9","62250844","62251173","59","41177270"
"chr4","103729784","103730072","chr7","14365413","14365699","60","89364371"
"chr4","103840013","103840129","chr7","40923155","40923272","21","62916858"
"chr4","103851100","103851393","chr8","17193612","17193907","77","86657488"
"chr4","103884462","103884755","chr8","17193612","17193907","77","86690850"
"chr4","103939177","103939462","chr10","19243666","19243954","67","84695511"
"chr4","103954929","103955244","chr7","41020424","41020715","56","62934505"
"chr4","103959329","103959640","chr7","41024663","41024963","34","62934666"
"chr4","104036128","104036440","chr20","88100516","88100832","65","15935612"
"chr4","104065185","104065492","chr28","18723682","18723992","62","85341503"
"chr4","104201574","104201874","chr7","41252467","41252769","25","62949107"
"chr4","104415076","104415382","chr7","41461479","41461753","57","62953597"
"chr4","104603570","104603863","chr26","12612055","12612337","69","91991515"
"chr4","104608583","104608875","chr7","41661702","41661996","18","62946881"
"chr4","104639850","104640133","chr7","41693759","41694038","24","62946091"
"chr4","104651038","104651309","chr7","41704926","41705202","29","62946112"
"chr4","104670557","104670845","chr7","41726945","41727221","46","62943612"
"chr4","105102884","105103080","chr7","42156218","42156441","35","62946666"
"chr4","105169809","105170113","chr2","59342373","59342674","56","45827436"
"chr4","105184469","105184762","chr7","42257512","42257812","30","62926957"
"chr4","105190280","105190543","chr12","39515607","39515874","59","65674673"
"chr4","105206008","105206305","chr7","42281276","42281545","45","62924732"
"chr4","105220147","105220420","chr9","63235540","63235820","61","41984607"
"chr4","105240777","105241066","chr14","82166578","82166861","54","23074199"
"chr4","105352954","105353260","chr11","104120287","104120586","64","1232667"
"chr4","105420062","105420363","chr17","35306470","35306782","67","70113592"
"chr4","105425237","105425353","chr7","42465974","42466090","9","62959263"
"chr4","105447060","105447192","chr22","3432218","3432345","21","102014842"
"chr4","105621721","105622015","chr7","42657997","42658282","31","62963724"
"chr4","105640836","105641122","chr7","42677025","42677325","30","62963811"
"chr4","105643298","105643568","chr7","42679494","42679774","31","62963804"
"chr4","105658340","105658584","chr7","42691860","42692120","33","62966480"
"chr4","105666264","105666553","chr7","42699753","42700027","33","62966511"
"chr4","105682460","105682774","chr14","59828291","59828600","63","45854169"
"chr4","105691202","105691479","chr20","105592441","105592722","70","98761"
"chr4","105699171","105699471","chr7","42732891","42733203","35","62966280"
"chr4","105703278","105703561","chr7","42736810","42737095","55","62966468"
"chr4","105710489","105710793","chr7","42746147","42746456","17","62964342"
"chr4","105836249","105836274","chrX","38176791","38176813","4","67659458"
"chr4","105836559","105836830","chr22","47912586","47912865","76","57923973"
"chr4","105840886","105841180","chr22","50052992","50053282","59","55787894"
"chr4","105847877","105848145","chr25","58241567","58241846","63","47606310"
"chr4","105878118","105878428","chr7","42904835","42905154","30","62973283"
"chr4","105898585","105898854","chr6","48480921","48481189","56","57417664"
"chr4","105903593","105903789","chr1","66334733","66334926","49","39568860"
"chr4","105912429","105912711","chr7","42940004","42940273","41","62972425"
"chr4","105927012","105927320","chr7","42957347","42957650","33","62969665"
"chr4","105929277","105929591","chr7","42959629","42959947","32","62969648"
"chr4","105967782","105968050","chr5","72570017","72570299","67","33397765"
"chr4","106002964","106003126","chr12","11544639","11544811","42","94458325"
"chr4","106003456","106003600","chr10","88447268","88447415","28","17556188"
"chr4","106036120","106036420","chr7","43066607","43066895","40","62969513"
"chr4","106042481","106042792","chr7","43072970","43073289","28","62969511"
"chr4","106046620","106046836","chr11","97173036","97173235","55","8873584"
"chr4","106050227","106050507","chr7","43080956","43081221","39","62969271"
"chr4","106099326","106099638","chr28","11548952","11549255","68","94550374"
"chr4","106117233","106117535","chr5","20560019","20560317","61","85557214"
"chr4","106127340","106127557","chr13","84273001","84273201","61","21854339"
"chr4","106130103","106130387","chr1","62692814","62693101","56","43437289"
"chr4","106141473","106141749","chr1","50357126","50357408","66","55784347"
"chr4","106175459","106175564","chr7","43203548","43203649","10","62971911"
"chr4","106212062","106212354","chr7","43239576","43239863","24","62972486"
"chr4","106234584","106234849","chr7","43263305","43263567","32","62971279"
"chr4","106239865","106240191","chr7","43270045","43270371","21","62969820"
"chr4","106260302","106260552","chr26","47602437","47602684","51","58657865"
"chr4","106267998","106268286","chr7","43295792","43296079","20","62972206"
"chr4","106307842","106308152","chr7","43333467","43333768","38","62974375"
"chr4","106337818","106338109","chr7","43362722","43363011","28","62975096"
"chr4","106380985","106381240","chr6","44541328","44541584","47","61839657"
"chr4","106397981","106398260","chr6","17448009","17448289","60","88949972"
"chr4","106446364","106446672","chr7","43463987","43464282","42","62982377"
"chr4","106467705","106467996","chr25","57732579","57732865","59","48735126"
"chr4","106503742","106504056","chr7","43516089","43516393","39","62987653"
"chr4","106515311","106515620","chr7","43527459","43527749","36","62987852"
"chr4","106554076","106554345","chr28","19196628","19196884","50","87357448"
"chr4","106578451","106578570","chr21","77412371","77412494","14","29166080"
"chr4","106581043","106581339","chr7","43589174","43589461","30","62991869"
"chr4","106582477","106582765","chr7","43590595","43590882","36","62991882"
"chr4","106583656","106583971","chr7","43591792","43592108","24","62991864"
"chr4","106584040","106584349","chr7","43592162","43592472","28","62991878"
"chr4","106593766","106594024","chr8","68103406","68103667","57","38490360"
"chr4","106619486","106619785","chr9","63271373","63271662","65","43348113"
"chr4","106623198","106623497","chr9","63271373","63271662","65","43351825"
"chr4","106627869","106628135","chr9","115786981","115787248","66","9159112"
"chr4","106628523","106628806","chr7","43633019","43633321","45","62995504"
"chr4","106682195","106682478","chr7","43679302","43679610","49","63002893"
"chr4","106690199","106690473","chr7","43688035","43688316","27","63002164"
"chr4","106695353","106695608","chr21","25351954","25352213","62","81343399"
"chr4","106742422","106742702","chr7","43738734","43739029","29","63003688"
"chr4","106826582","106826832","chr7","43816650","43816870","50","63009932"
"chr4","106862287","106862514","chr7","43850803","43851017","31","63011484"
"chr4","106903326","106903636","chr16","2793187","2793494","70","104110139"
"chr4","106938874","106939153","chr16","31822330","31822608","62","75116544"
"chr4","106944926","106945168","chr11","106889057","106889290","58","55869"
"chr4","107066218","107066521","chr7","44039366","44039677","33","63026852"
"chr4","107133811","107134089","chr8","124610123","124610410","65","17476312"
"chr4","107275744","107276044","chr7","44234383","44234680","26","63041361"
"chr4","107281165","107281442","chr7","44239791","44240058","25","63041374"
"chr4","107298354","107298650","chr7","44256852","44257156","62","63041502"
"chr4","107418402","107418691","chr7","44374864","44375170","41","63043538"
"chr4","107419477","107419779","chr7","44376264","44376569","32","63043213"
"chr4","107458843","107459139","chr7","44417344","44417639","28","63041499"
"chr4","107481037","107481170","chr7","44438981","44439103","20","63042056"
"chr4","107535171","107535406","chr7","44504501","44504742","35","63030670"
"chr4","107674060","107674340","chr6","5579741","5580022","67","102094319"
"chr4","107741386","107741630","chr7","44700744","44700987","19","63040642"
"chr4","107752950","107753282","chr1","31523751","31524072","87","76229199"
"chr4","107793146","107793453","chr7","44743808","44744110","37","63049338"
"chr4","107973325","107973400","chr7","44918358","44918439","12","63054967"
"chr4","108092727","108093025","chr5","19804200","19804492","61","88288527"
"chr4","108302770","108302896","chr7","45243379","45243505","8","63059391"
"chr4","108326473","108326596","chr7","45275206","45275326","12","63051267"
"chr4","108470720","108471006","chr6","28357093","28357377","57","80113627"
"chr4","108555652","108555961","chr16","54011004","54011313","72","54544648"
"chr4","108600958","108601048","chr13","41133028","41133113","20","67467930"
"chr4","109118270","109118439","chr8","61759014","61759184","34","47359256"
"chr4","109147464","109147817","chr22","66663515","66663859","88","42483949"
"chr4","109230321","109230601","chr2","39212083","39212369","68","70018238"
"chr4","109243397","109243516","chr7","46127355","46127474","10","63116042"
"chr4","109243812","109243964","chr7","46127783","46127951","33","63116029"
"chr4","109329573","109329745","chr7","46204228","46204400","9","63125345"
"chr4","109435453","109435722","chr7","46321750","46322030","25","63113703"
"chr4","109455577","109455743","chr8","44807301","44807470","41","64648276"
"chr4","109455778","109455901","chr19","19665941","19666065","27","89789837"
"chr4","109457844","109458154","chr7","46342083","46342355","62","63115761"
"chr4","109458542","109458705","chr7","46342431","46342600","32","63116111"
"chr4","109458965","109459088","chr7","46342862","46342986","14","63116103"
"chr4","109474065","109474355","chr20","67787117","67787413","54","41686948"
"chr4","109486461","109486756","chr6","39036641","39036936","52","70449820"
"chr4","109518749","109519044","chr6","39036641","39036936","55","70482108"
"chr4","109540439","109540555","chr7","46406715","46406839","17","63133724"
"chr4","109568478","109568779","chr7","46434118","46434407","30","63134360"
"chr4","109574603","109574917","chr7","46439435","46439755","27","63135168"
"chr4","109590485","109590602","chr25","22248142","22248257","19","87342343"
"chr4","109594264","109594543","chr7","46458502","46458779","23","63135762"
"chr4","109596163","109596455","chr7","46460105","46460404","20","63136058"
"chr4","109632930","109633060","chr7","46487888","46488020","8","63145042"
"chr4","109633350","109633524","chr7","46488322","46488481","25","63145028"
"chr4","109645412","109645702","chr7","46500667","46500949","22","63144745"
"chr4","109646943","109647235","chr7","46502189","46502472","24","63144754"
"chr4","109682153","109682450","chr7","46544806","46545090","30","63137347"
"chr4","109692248","109692374","chrX_KE148109v1_random","39614","39742","27","109652634"
"chr4","109694485","109694780","chr7","46554830","46555124","22","63139655"
"chr4","109701559","109701840","chr5","69933160","69933446","56","39768399"
"chr4","109715813","109716089","chr7","46573301","46573590","34","63142512"
"chr4","109729592","109729738","chr10","17746155","17746309","42","91983437"
"chr4","109729764","109729871","chr22","33553293","33553404","24","76176471"
"chr4","109746737","109746994","chr11","117421829","117422084","59","7675092"
"chr4","109748563","109748845","chr7","46608629","46608926","47","63139934"
"chr4","109753894","109754070","chr9","12805222","12805384","54","96948672"
"chr4","109754795","109755100","chr8","69679000","69679301","56","40075795"
"chr4","109768935","109769058","chr7","46627998","46628121","7","63140937"
"chr4","109773081","109773371","chr16","38097872","38098155","74","71675209"
"chr4","109810846","109811141","chr7","46669799","46670088","33","63141047"
"chr4","109823965","109824248","chr7","46682546","46682821","20","63141419"
"chr4","109856700","109856956","chr7","46713050","46713302","36","63143650"
"chr4","109919285","109919568","chr7","46768565","46768846","19","63150720"
"chr4","109931819","109932111","chr4","90402023","90402338","66","19529796"
"chr4","109959057","109959371","chr19","13096889","13097191","65","96862168"
"chr4","109961732","109962031","chrX","49146555","49146847","71","60815177"
"chr4","110000507","110000814","chr14","79927461","79927763","64","30073046"
"chr4","110008098","110008390","chrX","49625121","49625400","69","60382977"
"chr4","110014670","110014952","chr7","46861397","46861675","24","63153273"
"chr4","110051254","110051557","chr12","29614212","29614507","60","80437042"
"chr4","110065544","110065826","chr14","73712919","73713200","75","36352625"
"chr4","110067076","110067191","chr7","46911131","46911249","11","63155945"
"chr4","110088024","110088359","chr7","46938723","46939049","37","63149301"
"chr4","110112464","110112757","chr5","69933160","69933446","59","40179304"
"chr4","110115094","110115396","chr7","46967496","46967756","58","63147598"
"chr4","110133393","110133510","chr7","46974535","46974652","6","63158858"
"chr4","110143590","110143697","chr7","46985614","46985728","16","63157976"
"chr4","110168433","110168723","chr7","47007745","47008034","18","63160688"
"chr4","110172494","110172624","chr7","47013356","47013486","6","63159138"
"chr4","110177753","110177899","chr7","47018600","47018746","22","63159153"
"chr4","110178218","110178363","chr7","47019039","47019185","16","63159179"
"chr4","110178400","110178663","chr28","19196628","19196884","66","90981772"
"chr4","110207821","110208098","chr7","47048305","47048581","20","63159516"
"chr4","110213417","110213713","chr10","76220349","76220648","56","33993068"
"chr4","110215671","110215969","chr4","68165779","68166071","67","42049892"
"chr4","110234395","110234702","chr7","47077336","47077638","30","63157059"
"chr4","110262183","110262462","chr7","47097683","47097962","24","63164500"
"chr4","110270970","110271273","chr12","40601683","40601983","56","69669287"
"chr4","110273373","110273527","chr7","47108866","47108990","35","63164507"
"chr4","110273813","110273922","chr7","47109299","47109408","9","63164514"
"chr4","110276962","110277083","chr21","108974290","108974409","24","1302672"
"chr4","110279425","110279748","chr28","15268662","15268962","83","95010763"
"chr4","110324935","110325176","chr7","47160496","47160742","19","63164439"
"chr4","110351076","110351331","chr7","47184642","47184903","18","63166434"
"chr4","110361554","110361827","chr5","20133891","20134157","64","90227663"
"chr4","110362394","110362553","chr1","67522650","67522785","60","42839744"
"chr4","110403374","110403684","chr14","58933683","58933978","64","51469691"
"chr4","110418993","110419280","chr12","34619149","34619433","51","75799844"
"chr4","110443449","110443730","chr5","35679443","35679726","58","74764006"
"chr4","110475156","110475268","chr11","61762867","61762982","19","48712289"
"chr4","110476772","110476847","chr15","81050878","81050952","16","29425894"
"chr4","110481242","110481406","chr5","22361221","22361387","37","88120021"
"chr4","110481435","110481475","chr7","24134121","24134161","7","86347314"
"chr4","110494399","110494705","chr7","47304219","47304517","19","63190180"
"chr4","110679114","110679341","chr7","47560515","47560742","11","63118599"
"chr4","110753866","110753969","chr11","19098821","19098923","17","91655045"
"chr4","110785057","110785181","chr7","47643965","47644089","9","63141092"
"chr4","110795697","110795930","chr7","47654599","47654831","29","63141098"
"chr4","110905905","110906209","chr7","47767866","47768174","44","63138039"
"chr4","111084744","111085028","chr7","47933259","47933508","55","63151485"
"chr4","111085698","111086010","chr7","47934163","47934474","19","63151535"
"chr4","111181057","111181276","chr7","48024328","48024554","27","63156729"
"chr4","111195392","111195699","chr7","48038527","48038833","21","63156865"
"chr4","111211759","111211888","chr7","48054852","48054988","13","63156907"
"chr4","111244061","111244336","chr7","48086407","48086684","25","63157654"
"chr4","111291290","111291395","chr7","48134708","48134809","13","63156582"
"chr4","111298946","111299257","chr10","76220349","76220648","68","35078597"
"chr4","111301683","111301962","chr7","48145090","48145367","16","63156593"
"chr4","111303739","111304047","chr7","48147156","48147434","49","63156583"
"chr4","111343717","111344016","chr7","48178417","48178728","36","63165300"
"chr4","111362030","111362321","chr3","91234058","91234353","59","20127972"
"chr4","111387981","111388267","chr7","48223642","48223918","22","63164339"
"chr4","111500294","111500588","chr23","53067888","53068186","58","58432406"
"chr4","111502732","111502978","chr7","48307655","48307897","26","63195077"
"chr4","111623414","111623726","chr7","48425719","48426031","21","63197695"
"chr4","111643192","111643499","chr7","48445633","48445941","30","63197559"
"chr4","111655486","111655797","chr7","48445633","48445941","33","63209853"
"chr4","111760755","111761062","chr28","15268662","15268962","67","96492093"
"chr4","111886758","111887071","chr7","48671615","48671896","57","63215143"
"chr4","111923321","111923582","chr7","48706218","48706475","23","63217103"
"chr4","111958037","111958067","chr2","39109438","39109469","7","72848599"
"chr4","111958376","111958547","chr16","1619032","1619210","33","110339344"
"chr4","112062133","112062253","chr1","66617109","66617215","36","45445024"
"chr4","112115284","112115581","chr7","48901741","48902040","28","63213543"
"chr4","112168008","112168180","chr6","2105468","2105636","40","110062540"
"chr4","112170240","112170280","chr7","48959193","48959228","9","63211047"
"chr4","112345215","112345379","chr15","9961570","9961726","56","102383645"
"chr4","112345480","112345736","chr6","16510699","16510951","68","95834781"
"chr4","112352259","112352540","chr1","18306284","18306565","65","94045975"
"chr4","112404344","112404610","chr5","69933160","69933446","68","42471184"
"chr4","112510831","112510966","chr5","35708787","35708922","24","76802044"
"chr4","112514362","112514666","chr7","49290169","49290464","34","63224193"
"chr4","112524716","112525018","chr7","49298867","49299162","24","63225849"
"chr4","112531682","112532004","chr7","49305773","49306099","34","63225909"
"chr4","112591783","112592061","chr8","119915617","119915891","62","7323834"
"chr4","112593544","112593812","chr7","49370471","49370743","32","63223073"
"chr4","112618556","112618758","chr20","97349395","97349596","44","15269161"
"chr4","112626493","112626822","chr7","49406017","49406315","48","63220476"
"chr4","112658849","112659117","chr7","49438406","49438653","35","63220443"
"chr4","112660810","112661070","chr7","49440425","49440685","21","63220385"
"chr4","112683460","112683629","chr12","95368283","95368444","35","17315177"
"chr4","112683659","112683775","chrX","18536750","18536866","17","94146909"
"chr4","112718815","112719132","chr8","23292052","23292363","69","89426763"
"chr4","112780763","112780884","chr7","49556144","49556265","10","63224619"
"chr4","112859369","112859566","chr3","77716172","77716363","62","35143197"
"chr4","112859931","112860023","chr23","12230560","12230652","16","100629371"
"chr4","113011610","113011904","chr7","49787215","49787509","21","63224395"
"chr4","113044611","113044886","chr7","49819661","49819961","46","63224950"
"chr4","113070074","113070343","chr8","51269192","51269458","72","61800882"
"chr4","113108664","113108850","chr8","111180838","111181016","42","1927826"
"chr4","113108903","113109023","chr8","91149312","91149433","17","21959591"
"chr4","113220574","113220695","chr7","49973834","49973956","11","63246740"
"chr4","113400259","113400524","chr7","50161665","50161944","47","63238594"
"chr4","113455048","113455343","chr25","44770913","44771213","57","68684135"
"chr4","113620161","113620454","chr7","50354435","50354730","22","63265726"
"chr4","113644779","113644898","chr20","82752063","82752186","28","30892716"
"chr4","113645175","113645307","chr16","35574759","35574890","39","78070416"
"chr4","113670382","113670685","chr7","50402130","50402435","15","63268252"
"chr4","113686975","113687270","chr7","50419129","50419425","18","63267846"
"chr4","113730380","113730687","chr7","50463436","50463742","22","63266944"
"chr4","113769922","113770135","chr7","50494686","50494896","19","63275236"
"chr4","113785889","113786170","chr1","12028862","12029147","55","101757027"
"chr4","113791586","113791907","chr7","50510607","50510929","22","63280979"
"chr4","113839284","113839448","chr15","5882638","5882804","30","107956646"
"chr4","113839486","113839606","chr22","10456446","10456567","15","103383040"
"chr4","113845925","113846228","chr9","227543","227844","53","113618382"
"chr4","113847073","113847362","chr7","50566496","50566789","19","63280577"
"chr4","113882917","113883226","chr7","14896042","14896349","61","98986875"
"chr4","113883863","113884157","chr7","50600652","50600954","30","63283211"
"chr4","113930836","113931151","chr9","103037147","103037458","61","10893689"
"chr4","113954189","113954470","chr16","12539440","12539716","65","101414749"
"chr4","113956027","113956369","chr7","50678837","50679159","41","63277190"
"chr4","113980077","113980387","chr7","50703010","50703327","33","63277067"
"chr4","114023691","114023996","chr21","56594655","56594953","49","57429036"
"chr4","114031551","114031814","chr23","75213329","75213594","58","38818222"
"chr4","114052074","114052395","chr7","50782709","50783030","15","63269365"
"chr4","114062517","114062822","chr7","50792827","50793128","36","63269690"
"chr4","114066952","114067247","chr16","25851724","25852019","56","88215228"
"chr4","114079087","114079196","chr7","50807873","50807982","8","63271214"
"chr4","114120119","114120418","chr12","26204400","26204703","52","87915719"
"chr4","114136091","114136210","chr20","109205131","109205253","19","4930960"
"chr4","114145516","114145823","chr25","23072783","23073095","60","91072733"
"chr4","114169509","114169791","chr2","10145152","10145440","69","104024357"
"chr4","114203305","114203600","chr7","50942237","50942543","27","63261068"
"chr4","114205277","114205408","chr21","46814201","46814332","23","67391076"
"chr4","114209797","114210099","chr7","50947313","50947609","29","63262484"
"chr4","114210793","114211103","chr5","38786656","38786969","62","75424137"
"chr4","114214328","114214638","chr5","38786656","38786969","62","75427672"
"chr4","114215332","114215634","chr7","50947313","50947609","29","63268019"
"chr4","114220023","114220154","chr21","46814201","46814332","23","67405822"
"chr4","114221831","114222126","chr7","50942237","50942543","27","63279594"
"chr4","114225415","114225690","chr7","50954334","50954602","26","63271081"
"chr4","114237904","114238100","chr7","50966685","50966900","37","63271219"
"chr4","114262504","114262788","chr7","50992155","50992439","9","63270349"
"chr4","114276566","114276868","chr7","51017199","51017505","24","63259367"
"chr4","114332201","114332275","chr7","51059633","51059707","5","63272568"
"chr4","114332673","114332811","chr7","51060099","51060238","7","63272574"
"chr4","114373105","114373398","chr7","51099657","51099962","30","63273448"
"chr4","114432922","114433221","chr11","7771853","7772147","70","106661069"
"chr4","114483657","114483900","chr7","51209693","51209944","25","63273964"
"chr4","114579009","114579339","chr7","51301125","51301447","35","63277884"
"chr4","114834920","114835239","chr1","29272061","29272364","69","85562859"
"chr4","114869510","114869641","chr7","51565585","51565717","8","63303925"
"chr4","114977094","114977380","chr7","51657491","51657766","55","63319603"
"chr4","115114583","115114919","chr7","51764014","51764346","39","63350569"
"chr4","115134300","115134649","chr1","48116092","48116412","101","67018208"
"chr4","115292905","115293197","chr4","75342460","75342750","58","39950445"
"chr4","115316540","115316837","chr7","122607868","122608161","63","7291328"
"chr4","115414997","115415298","chrX","23636327","23636629","64","91778670"
"chr4","115768509","115768773","chr7","31131455","31131726","57","84637054"
"chr4","115842202","115842502","chr7","52485886","52486186","66","63356316"
"chr4","115943554","115943881","chr7","52588760","52589070","41","63354794"
"chr4","116019595","116019910","chr12","40601683","40601983","63","75417912"
"chr4","116262263","116262549","chr7","52885734","52886017","30","63376529"
"chr4","116281000","116281200","chr7","52905734","52905936","15","63375266"
"chr4","116347771","116348079","chr5","36390138","36390448","68","79957633"
"chr4","116516958","116517155","chr23","44955629","44955832","46","71561329"
"chr4","116550176","116550442","chr25","55963445","55963724","68","60586731"
"chr4","116575862","116575981","chr5","56308530","56308640","30","60267332"
"chr4","116685711","116685997","chr7","53301351","53301641","29","63384360"
"chr4","116818860","116819152","chr7","53422900","53423199","28","63395960"
"chr4","116829357","116829632","chr7","53435739","53436011","25","63393618"
"chr4","116878348","116878502","chr7","53484508","53484648","21","63393840"
"chr4","116886659","116886911","chr1","6547966","6548216","47","110338693"
"chr4","116894853","116895138","chr7","53499424","53499715","28","63395429"
"chr4","116955521","116955704","chr7","53560760","53560940","22","63394761"
"chr4","116956015","116956159","chr7","53561259","53561399","14","63394756"
"chr4","117032683","117032979","chr7","53639132","53639428","29","63393551"
"chr4","117097562","117097796","chr7","53704460","53704694","14","63393102"
"chr4","117108156","117108433","chr19","1920022","1920297","60","115188134"
"chr4","117131638","117131769","chr6","2382314","2382450","26","114749324"
"chr4","117148093","117148374","chr10","121263209","121263496","66","4115116"
"chr4","117184730","117184955","chr7","53779311","53779543","19","63405419"
"chr4","117211739","117212042","chr7","53806076","53806373","21","63405663"
"chr4","117223240","117223558","chr7","53817621","53817931","30","63405619"
"chr4","117232402","117232682","chr7","53826613","53826889","23","63405789"
"chr4","117254397","117254512","chr25","26360222","26360339","18","90894175"
"chr4","117383989","117384294","chr7","53971304","53971610","25","63412685"
"chr4","117414902","117415223","chr7","54001630","54001951","42","63413272"
"chr4","117519571","117519868","chr16","1539966","1540259","62","115979605"
"chr4","117644182","117644473","chr12","40601683","40601983","53","77042499"
"chr4","117654563","117654667","chrX","17406065","17406173","30","100248498"
"chr4","117671978","117672133","chr8","6210999","6211151","31","111460979"
"chr4","117684721","117684845","chr7","54243193","54243309","15","63441528"
"chr4","117724420","117724734","chr12","103939005","103939299","75","13785415"
"chr4","117865611","117865861","chr7","54410223","54410472","20","63455388"
"chr4","117896090","117896373","chr7","54440149","54440434","29","63455941"
"chr4","117900366","117900677","chr7","54444402","54444686","49","63455964"
"chr4","117994626","117994709","chr9","44589806","44589888","13","73404820"
"chr4","118041035","118041163","chr11","48048179","48048309","19","69992856"
"chr4","118041199","118041349","chr5","4270133","4270275","33","113771066"
"chr4","118253239","118253556","chr9","24285753","24286064","67","93967486"
"chr4","118287115","118287260","chr11","46244172","46244314","26","72042943"
"chr4","118394671","118394956","chr7","54896585","54896856","29","63498086"
"chr4","118576624","118576756","chr7","55075266","55075399","13","63501358"
"chr4","118695116","118695394","chr20","119254055","119254307","75","558939"
"chr4","118873428","118873723","chr7","55355185","55355482","21","63518243"
"chr4","118874355","118874656","chr7","55356095","55356398","29","63518260"
"chr4","119118001","119118305","chr7","55605418","55605723","22","63512583"
"chr4","119141527","119141754","chr7","55622491","55622719","11","63519036"
"chr4","119199820","119200081","chr7","55680311","55680609","51","63519509"
"chr4","119212678","119212957","chr2","43351738","43352020","63","75860940"
"chr4","119269399","119269655","chr1","69306798","69307062","60","49962601"
"chr4","119297627","119297906","chr7","55770242","55770527","32","63527385"
"chr4","119400277","119400586","chr1","108556977","108557280","56","10843300"
"chr4","119468067","119468376","chr28","13869656","13869964","62","105598411"
"chr4","119476357","119476667","chrX","10584662","10584958","69","108891695"
"chr4","119515712","119515984","chr7","55986318","55986623","58","63529394"
"chr4","119516067","119516349","chr20_KE148049v1_random","632947","633227","66","118883120"
"chr4","119535594","119535772","chr7","56000110","56000294","24","63535484"
"chr4","119585170","119585476","chrX","50597709","50598008","53","68987461"
"chr4","119586550","119586850","chr7","56051347","56051642","22","63535203"
"chr4","119645389","119645696","chr7","56106889","56107185","30","63538500"
"chr4","119665402","119665705","chr7","56127476","56127777","21","63537926"
"chr4","119670614","119670906","chr7","56132696","56133014","57","63537918"
"chr4","119699535","119699634","chr7","56162645","56162747","8","63536890"
"chr4","119745510","119745735","chrX","59421183","59421443","75","60324327"
"chr4","119762097","119762393","chr7","56234970","56235241","43","63527127"
"chr4","119891200","119891521","chr7","56361203","56361504","41","63529997"
"chr4","119893408","119893717","chr7","56363527","56363827","27","63529881"
"chr4","119907113","119907380","chr7","56370860","56371121","31","63536253"
"chr4","119961852","119961975","chr9","60369863","60369986","16","59591989"
"chr4","120005534","120005833","chr11","106639196","106639505","55","13366338"
"chr4","120017828","120018032","chr1","67109758","67109950","49","52908070"
"chr4","120032257","120032551","chr7","56497690","56497988","21","63534567"
"chr4","120057022","120057227","chr11","38862730","38862933","50","81194292"
"chr4","120057523","120057539","chr23","37477220","37477236","4","82580303"
"chr4","120057722","120057821","chr6","14126525","14126626","22","105931197"
"chr4","120083048","120083334","chr7","56547458","56547751","27","63535590"
"chr4","120091688","120091823","chr20","11592957","11593092","28","108498731"
"chr4","120097790","120098104","chr8","35674064","35674381","80","84423726"
"chr4","120140994","120141294","chr7","56607294","56607616","35","63533700"
"chr4","120147533","120147798","chrX_KE148108v1_random","1580542","1580807","56","118566991"
"chr4","120215073","120215368","chr8","52051424","52051714","58","68163649"
"chr4","120223106","120223238","chr20","8652273","8652397","23","111570833"
"chr4","120243844","120244136","chr7","56703345","56703636","15","63540499"
"chr4","120248543","120248841","chr7","56707558","56707855","27","63540985"
"chr4","120254927","120255146","chr10","81068984","81069207","50","39185943"
"chr4","120284862","120285159","chr7","56743938","56744237","18","63540924"
"chr4","120289967","120290260","chr7","56749016","56749308","13","63540951"
"chr4","120298859","120299103","chr7","56757730","56757972","13","63541129"
"chr4","120336534","120336832","chr7","56796740","56797045","19","63539794"
"chr4","120387251","120387553","chr7","56848739","56849047","25","63538512"
"chr4","120393430","120393722","chr10","121263209","121263496","65","869779"
"chr4","120477044","120477258","chr9","16792315","16792521","50","103684729"
"chr4","120493097","120493363","chr7","56949100","56949370","21","63543997"
"chr4","120521394","120521466","chr23","73574060","73574143","23","46947334"
"chr4","120553179","120553443","chr7","57010967","57011231","15","63542212"
"chr4","120554272","120554587","chr5","4292060","4292364","64","116262212"
"chr4","120573648","120573963","chr5","4292060","4292364","64","116281588"
"chr4","120574792","120575056","chr7","57010967","57011231","16","63563825"
"chr4","120640014","120640124","chr7","57085420","57085545","22","63554594"
"chr4","120652076","120652337","chr15","50901401","50901660","59","69750675"
"chr4","120756945","120757211","chr7","57205335","57205588","34","63551610"
"chr4","120783973","120784274","chr27","1685823","1686134","59","119098150"
"chr4","120786357","120786649","chr18","69293191","69293485","55","51493166"
"chr4","120803593","120803892","chr7","57250308","57250617","25","63553285"
"chr4","120836789","120837088","chr7","31666329","31666620","74","89170460"
"chr4","120847037","120847213","chr25","50804256","50804427","36","70042781"
"chr4","120847527","120847667","chr5","26551828","26551970","25","94295699"
"chr4","120870003","120870304","chr24","53237949","53238254","63","67632054"
"chr4","120871098","120871362","chr7","57330446","57330716","25","63540652"
"chr4","120877244","120877528","chr10","57517890","57518170","53","63359354"
"chr4","120883002","120883348","chr9","85612153","85612473","81","35270849"
"chr4","120884255","120884537","chr23","74826378","74826663","53","46057877"
"chr4","120893531","120893757","chr7","57353225","57353455","17","63540306"
"chr4","120894649","120894923","chr7","57356759","57357032","33","63537890"
"chr4","120905602","120905892","chr7","57367700","57367978","27","63537902"
"chr4","120912866","120913174","chr7","57374944","57375257","25","63537922"
"chr4","120917240","120917525","chr7","57378699","57378997","28","63538541"
"chr4","120918532","120918755","chr7","57379991","57380224","22","63538541"
"chr4","120944006","120944323","chr7","57400970","57401281","41","63543036"
"chr4","120946284","120946435","chr7","57403239","57403390","13","63543045"
"chr4","120959807","120960061","chr7","57416460","57416762","60","63543347"
"chr4","121000257","121000454","chr2","16476114","16476311","46","104524143"
"chr4","121004861","121005044","chr11","657767","657944","41","120347094"
"chr4","121005355","121005499","chr24","81077265","81077410","31","39928090"
"chr4","121010078","121010375","chr7","57466580","57466877","19","63543498"
"chr4","121023228","121023525","chr7","57466580","57466877","19","63556648"
"chr4","121052619","121052893","chr7","57498835","57499109","26","63553784"
"chr4","121109402","121109688","chr7","57544080","57544374","26","63565322"
"chr4","121140967","121141209","chr7","57590475","57590742","46","63550492"
"chr4","121163941","121164214","chr7","57590475","57590742","30","63573466"
"chr4","121175518","121175811","chr7","57601381","57601673","16","63574137"
"chr4","121183955","121184210","chr7","57609723","57609999","30","63574232"
"chr4","121205893","121206077","chr13","36978301","36978477","40","84227592"
"chr4","121216369","121216668","chr7","57638691","57638994","20","63577678"
"chr4","121218269","121218574","chr5","36390138","36390448","57","84828131"
"chr4","121225466","121225751","chr7","57646623","57646902","18","63578843"
"chr4","121273873","121274179","chr8","89913927","89914225","70","31359946"
"chr4","121276870","121277158","chr7","57694890","57695180","23","63581980"
"chr4","121283672","121283773","chr23","22360669","22360773","14","98923003"
"chr4","121297019","121297145","chr5","17873576","17873699","24","103423443"
"chr4","121342867","121343155","chr7","57763220","57763501","52","63579647"
"chr4","121371904","121372003","chr26","38780852","38780951","19","82591052"
"chr4","121373008","121373163","chr7","57792253","57792409","7","63580755"
"chr4","121388143","121388425","chr11","115870363","115870644","71","5517780"
"chr4","121409588","121409818","chr4","5746658","5746899","49","115662930"
"chr4","121466421","121466796","chr28","20803619","20803967","96","100662802"
"chr4","121490475","121490764","chr14","59670882","59671165","65","61819593"
"chr4","121496827","121497085","chr26","11093750","11094001","58","110403077"
"chr4","121512673","121512893","chr7","57926275","57926492","15","63586398"
"chr4","121522453","121522778","chr17","36566860","36567180","56","84955593"
"chr4","121537407","121537678","chr7","57953484","57953748","24","63583923"
"chr4","121595808","121596101","chr7","58003751","58004044","17","63592057"
"chr4","121598726","121599034","chr6","11367646","11367955","63","110231080"
"chr4","121600894","121601018","chr6","34567205","34567329","19","87033689"
"chr4","121624136","121624421","chr7","58028455","58028740","23","63595681"
"chr4","121643545","121643719","chr11","104689354","104689523","37","16954191"
"chr4","121644029","121644075","chr3","4522746","4522792","10","117121283"
"chr4","121645886","121646180","chr11","3114932","3115225","64","118530954"
"chr4","121651872","121652166","chr3","10514269","10514565","57","111137603"
"chr4","121661173","121661459","chr6","24575259","24575558","68","97085914"
"chr4","121666609","121666895","chr7","58071886","58072176","28","63594723"
"chr4","121678812","121679094","chr7","58085749","58086033","23","63593063"
"chr4","121716802","121716889","chr1","49742451","49742535","20","71974351"
"chr4","121717703","121717835","chr14","21806073","21806204","23","99911630"
"chr4","121722435","121722656","chr7","58129728","58129948","11","63592707"
"chr4","121743266","121743528","chr7","58148775","58149034","16","63594491"
"chr4","121747212","121747464","chr7","58153601","58153855","24","63593611"
"chr4","121748378","121748672","chr11","7771853","7772147","63","113976525"
"chr4","121749410","121749696","chr7","58155811","58156085","25","63593599"
"chr4","121765067","121765297","chr7","58163535","58163765","16","63601532"
"chr4","121808559","121808776","chr7","58211796","58212015","21","63596763"
"chr4","121814428","121814725","chr7","58217670","58217941","54","63596758"
"chr4","121873455","121873679","chr7","58249250","58249479","21","63624205"
"chr4","121912213","121912483","chr7","58289409","58289651","44","63622804"
"chr4","121929944","121930244","chr7","58296938","58297237","22","63633006"
"chr4","121963017","121963106","chr13","41133028","41133113","14","80829989"
"chr4","122037177","122037391","chr7","58409391","58409626","39","63627786"
"chr4","122055618","122055731","chr8","66360992","66361107","14","55694626"
"chr4","122081488","122081751","chr7","58451625","58451872","36","63629863"
"chr4","122092788","122093082","chr24","79121179","79121471","57","42971609"
"chr4","122093399","122093698","chr7","58463467","58463754","28","63629932"
"chr4","122110075","122110342","chr7","58479107","58479375","19","63630968"
"chr4","122248658","122248974","chr7","103116086","103116396","66","19132572"
"chr4","122286646","122286960","chr7","58652446","58652760","26","63634200"
"chr4","122404142","122404442","chr16","46883446","46883746","55","75520696"
"chr4","122478867","122479157","chr10","2757929","2758201","79","119720938"
"chr4","122568510","122568695","chr14","60415345","60415531","42","62153165"
"chr4","122667751","122668072","chr19","2940882","2941195","74","119726869"
"chr4","122816669","122816921","chr19","27684981","27685226","58","95131688"
"chr4","123208546","123208664","chr7","59527966","59528084","2","63680580"
"chr4","123322415","123322705","chr7","59641998","59642288","26","63680417"
"chr4","123389062","123389342","chr7","59708836","59709110","27","63680226"
"chr4","123404043","123404165","chr2","36326788","36326910","16","87077255"
"chr4","123452552","123452863","chrX","38778177","38778481","68","84674375"
"chr4","123552387","123552680","chr7","59868700","59868991","28","63683687"
"chr4","123610654","123610952","chr11","60149148","60149448","56","63461506"
"chr4","123621219","123621544","chr12","107972338","107972650","68","15648881"
"chr4","123645023","123645147","chr2","36326788","36326910","18","87318235"
"chr4","123723229","123723506","chr12","63630445","63630725","62","60092784"
"chr4","123757439","123757714","chr7","60060912","60061176","32","63696527"
"chr4","123828184","123828519","chr7","60118194","60118508","49","63709990"
"chr4","123841138","123841426","chr7","60130308","60130626","56","63710830"
"chr4","123878969","123879184","chr22","56126729","56126948","40","67752240"
"chr4","123902438","123902732","chr7","60188668","60188965","42","63713770"
"chr4","123920817","123921122","chr5","25644337","25644643","57","98276480"
"chr4","123992243","123992482","chr7","60272016","60272265","26","63720227"
"chr4","123999208","123999471","chr7","60279312","60279564","32","63719896"
"chr4","124008240","124008563","chr7","60288285","60288591","41","63719955"
"chr4","124009348","124009645","chr7","60289388","60289668","42","63719960"
"chr4","124034380","124034503","chr7","60315027","60315150","10","63719353"
"chr4","124094524","124094638","chr1","108290111","108290233","28","15804413"
"chr4","124096340","124096618","chr8","25835237","25835517","59","98261103"
"chr4","124098552","124098886","chr12","96911243","96911582","86","27187309"
"chr4","124099507","124099786","chr20","9172636","9172911","64","114926871"
"chr4","124118749","124118894","chr7","60390383","60390527","10","63728366"
"chr4","124118895","124119202","chr7","60390528","60390831","22","63728367"
"chr4","124119203","124119362","chr7","60390832","60390991","9","63728371"
"chr4","124123321","124123627","chr11","104639648","104639942","84","19483673"
"chr4","124129514","124129638","chr7","60401110","60401241","13","63728404"
"chr4","124173781","124173881","chr7","60438304","60438410","8","63735477"
"chr4","124205489","124205784","chr11","65046417","65046707","58","59159072"
"chr4","124209359","124209536","chr7","60476493","60476671","20","63732866"
"chr4","124209833","124209976","chr7","60476965","60477108","12","63732868"
"chr4","124230241","124230520","chr2","14244992","14245263","59","109985249"
"chr4","124241316","124241429","chr4","16139951","16140050","37","108101365"
"chr4","124244900","124245194","chrX","67165552","67165863","70","57079348"
"chr4","124245340","124245600","chr7","60516581","60516838","32","63728759"
"chr4","124247157","124247288","chr5","21085130","21085261","22","103162027"
"chr4","124247576","124247733","chr8","39792518","39792674","36","84455058"
"chr4","124249294","124249575","chr7","60519773","60520068","32","63729521"
"chr4","124257250","124257442","chrX","44638926","44639111","42","79618324"
"chr4","124257742","124257752","chr1","100064370","100064380","4","24193372"
"chr4","124258018","124258150","chr21","46814201","46814332","24","77443817"
"chr4","124276726","124277026","chr7","60551559","60551851","34","63725167"
"chr4","124297057","124297118","chr9","74659057","74659110","18","49638000"
"chr4","124297253","124297557","chr25","75263089","75263394","30","49034164"
"chr4","124325464","124325719","chr7","60597784","60598054","27","63727680"
"chr4","124327289","124327593","chr12","40601683","40601983","48","83725606"
"chr4","124345203","124345502","chr25","23637649","23637926","73","100707554"
"chr4","124390038","124390349","chr7","60661583","60661898","23","63728455"
"chr4","124396392","124396549","chrX","61147630","61147793","31","63248762"
"chr4","124396578","124396697","chr9","33216032","33216150","20","91180546"
"chr4","124396795","124396970","chr24","66557881","66558040","36","57838914"
"chr4","124397000","124397110","chr8","18325535","18325647","21","106071465"
"chr4","124440967","124441143","chr11","26766923","26767108","39","97674044"
"chr4","124456299","124456608","chr15","18301543","18301852","56","106154756"
"chr4","124504513","124504794","chr7","60781256","60781542","17","63723257"
"chr4","124534385","124534687","chr16","4512020","4512322","67","120022365"
"chr4","124543387","124543687","chr11","88867386","88867665","69","35676001"
"chr4","124638335","124638460","chr12","38167449","38167572","21","86470886"
"chr4","124666187","124666447","chr7","60945548","60945835","48","63720639"
"chr4","124709967","124710252","chr14","3050399","3050694","66","121659568"
"chr4","124711330","124711421","chr10","9736954","9737041","24","114974376"
"chr4","124721923","124722224","chr7","61000197","61000483","45","63721726"
"chr4","124777949","124778247","chr25","55078036","55078325","64","69699913"
"chr4","124824999","124825280","chr7","61099389","61099684","36","63725610"
"chr4","124931915","124932208","chr1","103001101","103001391","59","21930814"
"chr4","124940911","124941120","chr7","61209300","61209507","26","63731611"
"chr4","124967369","124967674","chr10","76220349","76220648","54","48747020"
"chr4","124972791","124972886","chr12","64413971","64414064","26","60558820"
"chr4","124983725","124984037","chr7","61247393","61247699","28","63736332"
"chr4","124989614","124989913","chr7","61253183","61253502","40","63736431"
"chr4","124992158","124992457","chr7","61253183","61253502","40","63738975"
"chr4","125013233","125013524","chr7","61277839","61278129","26","63735394"
"chr4","125046951","125047224","chr16","57847381","57847661","56","67199570"
"chr4","125095292","125095415","chr7","61355591","61355714","10","63739701"
"chr4","125127223","125127505","chr5","36409125","36409410","63","88718098"
"chr4","125130483","125130606","chr7","61396550","61396679","9","63733933"
"chr4","125165089","125165415","chr7","61432675","61433001","27","63732414"
"chr4","125188757","125189044","chrX","10924150","10924430","64","114264607"
"chr4","125231769","125232051","chr28","15635761","15636057","70","109596008"
"chr4","125282095","125282395","chr7","61521764","61522071","26","63760331"
"chr4","125321620","125321913","chr1","12028862","12029147","65","113292758"
"chr4","125433925","125434132","chr11","116147535","116147754","60","9286390"
"chr4","125435488","125435777","chr10","76220349","76220648","58","49215139"
"chr4","125510855","125510989","chrX","22474710","22474826","39","103036145"
"chr4","125527325","125527528","chr7","61780678","61780882","9","63746647"
"chr4","125590571","125590776","chr7","61841152","61841332","32","63749419"
"chr4","125821233","125821514","chr1","63091690","63091966","70","62729543"
"chr4","125881088","125881210","chr7","62103551","62103672","10","63777537"
"chr4","125932971","125933230","chr9","60783088","60783353","74","65149883"
"chr4","125960812","125961111","chr7","62187288","62187580","22","63773524"
"chr4","126259597","126259869","chr7","62479153","62479459","54","63780444"
"chr4","126313395","126313665","chr7","62542818","62543098","43","63770577"
"chr4","126372231","126372535","chr11","89606893","89607192","67","36765338"
"chr4","126673592","126673907","chr7","62895907","62896211","33","63777685"
"chr4","126681793","126682084","chr7","62904109","62904408","32","63777684"
"chr4","126896304","126896584","chr7","63105868","63106149","19","63790436"
"chr4","126982431","126982741","chr20","92611379","92611679","66","34371052"
"chr4","126983444","126983740","chr7","63193832","63194115","30","63789612"
"chr4","127041205","127041499","chr9","21142627","21142926","64","105898578"
"chr4","127277619","127277829","chrX","7286650","7286856","57","119990969"
"chr4","127547618","127547905","chr3","22597416","22597697","69","104950202"
"chr4","127676532","127676647","chr12","35481211","35481325","15","92195321"
"chr4","127676682","127676858","chr5","11062761","11062937","45","116613921"
"chr4","127772075","127772379","chr7","63948046","63948352","24","63824029"
"chr4","127772825","127773090","chr13","36769886","36770152","70","91002939"
"chr4","127781003","127781307","chr7","63948046","63948352","24","63832957"
"chr4","127781753","127782018","chr13","36769886","36770152","70","91011867"
"chr4","127999350","127999635","chr7","64153019","64153315","39","63846331"
"chr4","128017150","128017274","chr7","64171069","64171194","9","63846081"
"chr4","128031732","128032023","chr26","12612055","12612337","62","115419677"
"chr4","128042284","128042373","chr24","12416969","12417061","17","115625315"
"chr4","128076057","128076345","chr7","64221479","64221771","28","63854578"
"chr4","128117342","128117637","chr10","121263209","121263496","58","6854133"
"chr4","128152387","128152693","chr7","64310804","64311093","42","63841583"
"chr4","128207900","128208074","chr19","13162224","13162385","54","115045676"
"chr4","128322957","128323106","chr7","64484715","64484870","18","63838242"
"chr4","128539168","128539481","chr28","3654696","3655006","70","124884472"
"chr4","128607503","128607806","chr6","4408429","4408728","76","124199074"
"chr4","128626075","128626334","chr12","102562580","102562829","76","26063495"
"chr4","128732975","128733101","chr7","64884692","64884818","8","63848283"
"chr4","128779785","128780072","chr26","24394493","24394778","72","104385292"
"chr4","128865694","128865813","chr7","65003245","65003370","16","63862449"
"chr4","129143488","129143826","chr7","65280191","65280526","29","63863297"
"chr4","129239438","129239776","chr7","65280191","65280526","29","63959247"
"chr4","129281740","129282022","chr7","65315331","65315609","25","63966409"
"chr4","129287490","129287776","chr1","12105092","12105388","63","117182398"
"chr4","129605177","129605474","chr10","93299844","93300140","68","36305333"
"chr4","129844694","129844899","chr28","10279993","10280194","43","119564701"
"chr4","129973913","129974216","chr7","65979556","65979856","22","63994357"
"chr4","130041603","130041914","chr5","22347787","22348098","62","107693816"
"chr4","130060791","130061105","chr7","66066757","66067071","23","63994034"
"chr4","130061440","130061723","chr7","66067372","66067678","37","63994068"
"chr4","130068902","130069189","chr1","15721491","15721784","62","114347411"
"chr4","130070363","130070530","chr7","66076259","66076426","14","63994104"
"chr4","130070832","130070941","chr7","66076733","66076826","21","63994099"
"chr4","130084872","130085190","chr7","60661583","60661898","70","69423289"
"chr4","130108833","130109152","chr7","66116059","66116371","29","63992774"
"chr4","130109401","130109534","chr20","109501735","109501871","26","20607666"
"chr4","130110096","130110412","chr13","62935746","62936058","66","67174350"
"chr4","130122189","130122362","chr7","66129743","66129928","24","63992446"
"chr4","130122394","130122482","chr7","66129956","66130047","9","63992438"
"chr4","130132827","130132999","chrX","16388121","16388290","32","113744706"
"chr4","130133001","130133321","chr2","18885280","18885593","60","111247721"
"chr4","130177500","130177766","chr27","24498388","24498657","60","105679112"
"chr4","130185005","130185280","chr25","80035516","80035760","54","50149489"
"chr4","130280980","130281262","chr20","105592441","105592722","64","24688539"
"chr4","130284284","130284568","chr25","80142825","80143091","51","50141459"
"chr4","130300835","130301142","chr15","1989051","1989355","59","128311784"
"chr4","130307448","130307756","chr25","80119739","80120036","33","50187709"
"chr4","130316043","130316250","chr25","80111952","80112174","35","50204091"
"chr4","130321463","130321670","chr25","80111952","80112174","34","50209511"
"chr4","130334249","130334435","chr28","2124114","2124306","34","128210135"
"chr4","130336403","130336590","chr28","2124114","2124306","36","128212289"
"chr4","130363592","130363893","chr21","3067515","3067787","48","127296077"
"chr4","130365690","130365964","chr28","2439593","2439847","49","127926097"
"chr4","130366220","130366513","chr28","2440101","2440405","47","127926119"
"chr4","130374771","130375044","chr28","2439593","2439847","48","127935178"
"chr4","130375298","130375590","chr28","2440101","2440405","46","127935197"
"chr4","130376526","130376831","chr21","3071179","3071483","33","127305347"
"chr4","130378348","130378472","chr21","3073043","3073165","7","127305305"
"chr4","130379820","130380122","chr28","11856078","11856376","59","118523742"
"chr4","130381005","130381293","chr26","5761317","5761577","83","124619688"
"chr4","130381423","130381553","chr28","2089641","2089773","16","128291782"
"chr4","130381919","130382051","chr21","3075504","3075636","7","127306415"
"chr4","130382399","130382572","chr21","3075945","3076114","20","127306454"
"chr4","130383321","130383435","chr21","3088821","3088936","9","127294500"
"chr4","130383481","130383757","chr28","1491600","1491897","39","128891881"
"chr4","130384497","130384764","chr21","3077988","3078251","21","127306509"
"chr4","130385770","130386068","chr21","3079252","3079549","14","127306518"
"chr4","130386659","130386952","chr21","3080136","3080429","18","127306523"
"chr4","130388049","130388205","chr28","7569943","7570104","52","122818106"
"chr4","130389181","130389480","chr21","3079252","3079549","10","127309929"
"chr4","130390076","130390360","chr21","3080136","3080429","25","127309940"
"chr4","130391457","130391613","chr28","7569943","7570104","51","122821514"
"chr4","130392596","130392897","chr21","3079252","3079549","14","127313344"
"chr4","130393482","130393774","chr21","3080136","3080429","17","127313346"
"chr4","130394551","130394779","chr28","2439593","2439847","52","127954958"
"chr4","130395033","130395302","chrX","38646539","38646804","77","91748494"
"chr4","130395366","130395474","chr15","57437024","57437132","13","72958342"
"chr4","130395728","130396023","chr28","2440101","2440405","75","127955627"
"chr4","130396277","130396570","chr28","2440101","2440405","52","127956176"
"chr4","130398500","130398555","chr5","2259006","2259064","13","128139494"
"chr4","130402397","130402630","chr28","2095147","2095381","34","128307250"
"chr4","130403379","130403593","chr28","2095147","2095381","45","128308232"
"chr4","130404954","130405135","chr14","46006246","46006423","39","84398708"
"chr4","130406654","130406778","chr21","3073043","3073165","6","127333611"
"chr4","130410221","130410353","chr21","3075504","3075636","10","127334717"
"chr4","130410681","130410759","chr19","25121929","25122001","14","105288752"
"chr4","130414026","130414325","chr21","3079252","3079549","9","127334774"
"chr4","130414684","130414972","chr21","3079252","3079549","20","127335432"
"chr4","130470537","130470821","chr25","80075048","80075348","56","50395489"
"chr4","130478520","130478838","chr26","26358316","26358626","59","104120204"
"chr4","130501686","130501984","chr25","70650406","70650702","55","59851280"
"chr4","130537033","130537314","chr7","66220806","66221109","38","64316227"
"chr4","130544883","130545007","chr7","66228641","66228768","12","64316242"
"chr4","130547229","130547523","chr15","68416183","68416474","55","62131046"
"chr4","130588790","130589092","chr20","89587122","89587415","68","41001668"
"chr4","130589103","130589382","chr7","66272091","66272370","31","64317012"
"chr4","130618476","130618780","chr18","32854753","32855059","63","97763723"
"chr4","130625137","130625449","chr17","70727189","70727498","57","59897948"
"chr4","130626720","130627020","chr3","10514269","10514565","57","120112451"
"chr4","130658954","130659205","chr19","7831924","7832173","58","122827030"
"chr4","130723835","130724095","chr7","66395343","66395597","22","64328492"
"chr4","130733625","130733922","chr7","66405190","66405503","44","64328435"
"chr4","130738181","130738501","chr7","66409706","66410025","16","64328475"
"chr4","130747910","130748219","chrX","128360678","128360989","55","2387232"
"chr4","130783129","130783394","chr14","45129948","45130219","62","85653181"
"chr4","130804685","130804935","chr1","6547966","6548216","56","124256719"
"chr4","130849738","130849853","chr7","66524637","66524752","8","64325101"
"chr4","130872953","130873230","chr7","66548284","66548561","13","64324669"
"chr4","131009517","131009801","chr7","66669235","66669521","23","64340282"
"chr4","131054436","131054749","chr7","66720112","66720390","53","64334324"
"chr4","131088677","131088926","chr7","66757378","66757629","14","64331299"
"chr4","131119998","131120091","chr23","73547327","73547422","18","57572671"
"chr4","131122118","131122407","chr7","66784794","66785089","22","64337324"
"chr4","131127606","131127719","chr7","66790334","66790446","8","64337272"
"chr4","131140960","131141267","chr7","66804037","66804341","25","64336923"
"chr4","131184123","131184227","chr4","16631306","16631411","30","114552817"
"chr4","131185289","131185492","chr2","47711104","47711292","50","83474185"
"chr4","131198168","131198285","chr20","86303362","86303480","21","44894806"
"chr4","131199062","131199321","chr21","3080136","3080429","50","128118926"
"chr4","131202047","131202313","chr21","3077988","3078251","22","128124059"
"chr4","131203389","131203699","chr21","3076994","3077296","26","128126395"
"chr4","131203725","131203840","chr21","3088821","3088936","11","128114904"
"chr4","131205069","131205242","chr21","3075945","3076114","22","128129124"
"chr4","131205560","131205692","chr21","3075504","3075636","7","128130056"
"chr4","131206056","131206185","chr28","2089641","2089773","22","129116415"
"chr4","131209112","131209236","chr21","3073043","3073165","6","128136069"
"chr4","131212539","131212811","chr28","2439593","2439847","47","128772946"
"chr4","131216168","131216469","chr21","3067515","3067787","50","128148653"
"chr4","131217853","131217984","chr21","3065998","3066126","9","128151855"
"chr4","131219644","131219940","chr21","3064029","3064324","22","128155615"
"chr4","131237936","131237998","chr21_KE148064v1_random","1243","1305","9","131236693"
"chr4","131350779","131351060","chr2","47925979","47926263","59","83424800"
"chr4","131389253","131389554","chr11","7771853","7772147","63","123617400"
"chr4","131422655","131422957","chr7","66967000","66967295","28","64455655"
"chr4","131435799","131436053","chr7","66979039","66979293","15","64456760"
"chr4","131467906","131468050","chr16","61882253","61882405","34","69585653"
"chr4","131476900","131477131","chr5","20014390","20014609","66","111462510"
"chr4","131522154","131522414","chr7","67064210","67064440","44","64457944"
"chr4","131572951","131573251","chr17","1647761","1648065","68","129925190"
"chr4","131644155","131644440","chr4","36382805","36383094","61","95261350"
"chr4","131689280","131689565","chr4","36382805","36383094","61","95306475"
"chr4","131778342","131778457","chr15","69585455","69585570","18","62192887"
"chr4","131793073","131793163","chr10","41919217","41919308","13","89873856"
"chr4","131802389","131802573","chr7","67281464","67281656","24","64520925"
"chr4","131845612","131845795","chr16","61526787","61526962","52","70318825"
"chr4","132269242","132269370","chr7","67714140","67714267","9","64555102"
"chr4","132343663","132343956","chr7","67782728","67783008","49","64560935"
"chr4","132424161","132424465","chr8","35090872","35091179","69","97333289"
"chr4","132459453","132459679","chr7","67894149","67894353","38","64565304"
"chr4","132475821","132476075","chr7","67911352","67911607","17","64564469"
"chr4","132568769","132569082","chr28","14670484","14670800","55","117898285"
"chr4","132734753","132735054","chr7","68139986","68140301","33","64594767"
"chr4","132748045","132748299","chr7","68154000","68154260","20","64594045"
"chr4","132777833","132778117","chr7","68188230","68188514","14","64589603"
"chr4","132798201","132798369","chr7","68210475","68210643","11","64587726"
"chr4","132798425","132798548","chr7","68210706","68210821","12","64587719"
"chr4","132805404","132805705","chr7","68217726","68218036","23","64587678"
"chr4","132884281","132884566","chr9","22697379","22697669","59","110186902"
"chr4","132885754","132885960","chrX_KE148108v1_random","1406618","1406817","45","131479136"
"chr4","132893553","132893839","chr7","68297688","68297968","22","64595865"
"chr4","132898381","132898697","chr23","39850978","39851289","60","93047403"
"chr4","132919368","132919642","chr7","68322506","68322794","33","64596862"
"chr4","132919677","132919697","chr20","20295457","20295475","3","112624220"
"chr4","132921833","132922131","chr7","68324962","68325261","19","64596871"
"chr4","133018223","133018547","chr7","68430608","68430933","36","64587615"
"chr4","133100561","133100638","chr22","52349948","52350025","18","80750613"
"chr4","133214965","133215263","chr24","58807593","58807893","55","74407372"
"chr4","133498856","133498897","chr15","5102579","5102618","8","128396277"
"chr4","133498922","133499041","chr7","68875021","68875142","12","64623901"
"chr4","133520723","133520995","chr7","68909108","68909417","62","64611615"
"chr4","133546396","133546668","chr7","68934773","68935018","39","64611623"
"chr4","133597655","133597960","chr7","68990267","68990562","38","64607388"
"chr4","133603982","133604272","chr7","68996548","68996828","30","64607434"
"chr4","133663472","133663770","chr7","69056828","69057121","21","64606644"
"chr4","133667762","133668051","chr7","69061132","69061425","24","64606630"
"chr4","133684593","133684877","chr7","69061132","69061425","37","64623461"
"chr4","133693624","133693922","chr1","121090436","121090732","56","12603188"
"chr4","133726072","133726379","chr7","69123079","69123393","27","64602993"
"chr4","133727155","133727474","chr7","69124249","69124569","20","64602906"
"chr4","133735137","133735443","chr7","69132047","69132360","28","64603090"
"chr4","133759359","133759657","chr8","26877211","26877505","56","106882148"
"chr4","133784712","133784797","chr7","69158688","69158773","7","64626024"
"chr4","133798407","133798680","chr8","10972765","10973034","70","122825642"
"chr4","133833387","133833671","chr7","69205871","69206154","15","64627516"
"chr4","133856487","133856793","chr28","10925391","10925688","60","122931096"
"chr4","133893763","133893889","chr26","28109493","28109616","18","105784270"
"chr4","133893937","133894101","chr27","29493244","29493401","39","104400693"
"chr4","133946804","133947084","chr12","29472912","29473206","61","104473892"
"chr4","133955595","133955890","chr7","69330789","69331101","31","64624806"
"chr4","134114563","134114744","chr18","21086965","21087149","60","113027598"
"chr4","134183889","134184138","chr7","69550846","69551096","14","64633043"
"chr4","134190331","134190611","chr7","69557183","69557488","36","64633148"
"chr4","134219244","134219541","chr7","69586150","69586449","12","64633094"
"chr4","134227392","134227687","chr16","861879","862175","56","133365513"
"chr4","134289645","134289902","chr25","56672531","56672793","67","77617114"
"chr4","134315839","134316129","chr7","69687475","69687772","33","64628364"
"chr4","134323494","134323793","chrX","44931626","44931920","68","89391868"
"chr4","134461725","134461917","chr7","69775280","69775499","43","64686445"
"chr4","134495438","134495715","chr7","69801642","69801926","17","64693796"
"chr4","134497545","134497709","chr7","69803750","69803934","34","64693795"
"chr4","134532669","134532953","chr7","130598983","130599268","61","3933686"
"chr4","134670454","134670658","chr6","40438738","40438940","48","94231716"
"chr4","134685710","134686012","chr7","69965639","69965947","24","64720071"
"chr4","134768841","134769150","chr26","30785411","30785714","60","103983430"
"chr4","134811370","134811678","chr7","70108098","70108393","33","64703272"
"chr4","134853129","134853449","chr9","15046359","15046670","65","119806770"
"chr4","134888894","134889192","chr28","9964433","9964749","62","124924461"
"chr4","134934670","134934954","chr7","70226365","70226663","29","64708305"
"chr4","134935210","134935344","chr7","70227220","70227343","22","64707990"
"chr4","134958154","134958454","chr7","70249615","70249896","45","64708539"
"chr4","135025076","135025372","chr8","93067883","93068179","67","41957193"
"chr4","135061955","135062238","chr6","32425994","32426271","58","102635961"
"chr4","135107036","135107344","chr7","70369314","70369620","20","64737722"
"chr4","135132088","135132390","chrX","67165552","67165863","69","67966536"
"chr4","135166437","135166711","chr7","70428457","70428752","37","64737980"
"chr4","135193178","135193480","chr7","70455573","70455877","21","64737605"
"chr4","135197615","135197929","chr10","76220349","76220648","59","58977266"
"chr4","135220304","135220585","chr6","31475266","31475549","70","103745038"
"chr4","135280898","135281197","chrX","16728551","16728852","64","118552347"
"chr4","135293140","135293420","chr7","70548251","70548531","28","64744889"
"chr4","135319700","135320000","chr17","1647761","1648065","56","133671939"
"chr4","135325152","135325453","chr7","70580450","70580718","59","64744702"
"chr4","135335207","135335498","chr7","70591867","70592155","20","64743340"
"chr4","135388417","135388716","chr10","66909277","66909574","76","68479140"
"chr4","135408135","135408484","chr25","28293325","28293656","97","107114810"
"chr4","135433043","135433343","chr7","70678098","70678397","21","64754945"
"chr4","135434291","135434558","chr8","9922028","9922301","58","125512263"
"chr4","135449374","135449675","chr7","70694041","70694354","36","64755333"
"chr4","135452520","135452833","chr7","70697195","70697499","25","64755325"
"chr4","135489002","135489081","chr9","29721033","29721109","24","105767969"
"chr4","135491487","135491720","chr7","70737041","70737245","39","64754446"
"chr4","135526780","135527032","chr7","97462094","97462349","55","38064686"
"chr4","135545114","135545422","chr6","11963698","11964006","58","123581416"
"chr4","135560343","135560632","chr7","70795507","70795796","22","64764836"
"chr4","135632489","135632684","chr8","40676151","40676348","62","94956338"
"chr4","135650681","135650944","chr14","64407438","64407709","73","71243243"
"chr4","135725523","135725825","chr7","70951280","70951564","40","64774243"
"chr4","135726002","135726292","chr7","70951768","70952052","23","64774234"
"chr4","135747667","135747984","chr7","70973376","70973680","27","64774291"
"chr4","135834114","135834399","chr7","71056922","71057175","46","64777192"
"chr4","135839984","135840283","chr7","71062853","71063152","30","64777131"
"chr4","135877890","135878103","chr7","71100809","71101015","16","64777081"
"chr4","136021850","136022074","chr28","15083772","15083995","50","120938078"
"chr4","136064780","136065070","chr29","8566894","8567185","74","127497886"
"chr4","136189226","136189516","chr26","37980274","37980561","60","98208952"
"chr4","136297921","136298214","chr7","71511373","71511666","34","64786548"
"chr4","136351306","136351607","chr10","104632732","104633033","73","31718574"
"chr4","136485465","136485765","chr10","119371992","119372292","60","17113473"
"chr4","136658443","136658562","chr5","65898292","65898414","23","70760151"
"chr4","136662507","136662657","chr14","42345993","42346141","31","94316514"
"chr4","136929040","136929234","chr5","69769554","69769755","58","67159486"
"chr4","137014612","137014921","chr7","115142774","115143080","64","21871838"
"chr4","137062039","137062342","chr7","72221015","72221329","35","64841024"
"chr4","137166591","137166904","chr7","72331056","72331397","43","64835535"
"chr4","137209952","137210242","chr7","72374071","72374361","28","64835881"
"chr4","137273070","137273191","chr3","7747914","7748037","23","129525156"
"chr4","137396610","137396927","chr16","17150778","17151085","70","120245832"
"chr4","137626684","137626778","chr7","72782534","72782628","9","64844150"
"chr4","137675776","137675897","chr7","72831503","72831624","8","64844273"
"chr4","138010225","138010536","chr7","73171488","73171775","50","64838737"
"chr4","138134544","138134852","chr7","73278760","73279065","33","64855784"
"chr4","138504892","138505189","chr2","59695968","59696279","69","78808924"
"chr4","138626086","138626377","chr7","73757153","73757444","22","64868933"
"chr4","138723734","138724006","chr16","4734931","4735207","67","133988803"
"chr4","138746384","138746701","chr5","51942897","51943207","74","86803487"
"chr4","138766177","138766536","chr7","73898382","73898716","50","64867795"
"chr4","138821413","138821713","chr7","73944760","73945063","22","64876653"
"chr4","138886459","138886578","chr12","47671198","47671315","28","91215261"
"chr4","138926675","138926959","chr7","74048917","74049229","45","64877758"
"chr4","138969645","138969760","chr27","10913766","10913881","7","128055879"
"chr4","139033251","139033583","chr9","12587441","12587757","79","126445810"
"chr4","139041892","139042189","chr22","27756426","27756715","75","111285466"
"chr4","139043544","139043832","chr7","74164629","74164919","27","64878915"
"chr4","139061177","139061461","chr9","86691234","86691510","63","52369943"
"chr4","139165208","139165495","chr7","74274568","74274832","42","64890640"
"chr4","139182960","139183136","chr7","74291547","74291706","35","64891413"
"chr4","139348195","139348519","chr7","74455915","74456217","47","64892280"
"chr4","139379614","139379715","chr1","49742451","49742535","24","89637163"
"chr4","139387628","139387737","chr7","74495753","74495863","11","64891875"
"chr4","139388738","139388956","chr7","74496725","74496937","23","64892013"
"chr4","139403861","139404172","chr7","74511867","74512171","26","64891994"
"chr4","139641645","139641906","chr7","74730764","74731029","23","64910881"
"chr4","139676197","139676488","chr5","55309187","55309483","67","84367010"
"chr4","139725609","139725931","chr7","74814815","74815141","22","64910794"
"chr4","139759880","139760176","chr14","68391943","68392237","53","71367937"
"chr4","139763409","139763699","chr7","74854194","74854484","16","64909215"
"chr4","139765448","139765661","chr24","8232433","8232638","51","131533015"
"chr4","139773406","139773709","chr7","74864592","74864885","26","64908814"
"chr4","139778954","139779271","chr28","15141829","15142140","64","124637125"
"chr4","139809764","139810020","chr7","74894708","74894993","62","64915056"
"chr4","139820103","139820394","chr7","74905293","74905582","25","64914810"
"chr4","139833788","139834093","chr7","74918693","74918996","23","64915095"
"chr4","139844033","139844321","chr1","32404290","32404577","51","107439743"
"chr4","139859662","139859947","chr7","74948682","74948951","39","64910980"
"chr4","139909278","139909565","chr7","75012316","75012602","21","64896962"
"chr4","139932240","139932349","chr6","40641341","40641450","32","99290899"
"chr4","139935362","139935594","chr14","74145442","74145662","55","65789920"
"chr4","139944236","139944533","chr9","93686317","93686613","54","46257919"
"chr4","139954148","139954488","chr17","35306470","35306782","80","104647678"
"chr4","139955415","139955723","chr6","28194245","28194544","59","111761170"
"chr4","139979732","139979960","chr6","48195374","48195606","59","91784358"
"chr4","139980559","139980689","chr9","16483765","16483895","18","123496794"
"chr4","139981000","139981171","chr22","41153421","41153581","34","98827579"
"chr4","140017535","140017826","chr11","119796473","119796767","68","20221062"
"chr4","140019548","140019883","chr7","75139283","75139591","46","64880265"
"chr4","140030537","140030758","chr7","75147876","75148076","31","64882661"
"chr4","140035398","140035713","chr18","32854753","32855059","58","107180645"
"chr4","140041212","140041492","chr10","2427860","2428142","58","137613352"
"chr4","140046570","140046763","chr14","68664568","68664760","48","71382002"
"chr4","140131250","140131501","chr7","75239487","75239735","27","64891763"
"chr4","140149981","140150107","chr6","31090629","31090753","16","109059352"
"chr4","140151411","140151632","chr6","5932733","5932949","52","134218678"
"chr4","140153896","140154195","chr17","44188662","44188962","72","95965234"
"chr4","140170087","140170391","chr7","75277808","75278104","25","64892279"
"chr4","140177369","140177676","chr7","75286598","75286881","44","64890771"
"chr4","140189603","140189883","chr7","75299218","75299499","17","64890385"
"chr4","140198632","140198749","chr24","12069664","12069781","17","128128968"
"chr4","140211307","140211622","chr7","75321663","75321965","37","64889644"
"chr4","140245950","140246123","chr8","57375972","57376146","35","82869978"
"chr4","140247771","140247889","chr7","75350521","75350639","5","64897250"
"chr4","140298979","140299278","chr7","75407379","75407690","30","64891600"
"chr4","140416477","140416768","chr7","75520869","75521171","31","64895608"
"chr4","140416781","140416967","chr23","17457536","17457716","44","122959245"
"chr4","140516009","140516286","chr7","75606250","75606519","25","64909759"
"chr4","140522276","140522358","chr10","23683650","23683733","9","116838626"
"chr4","140593385","140593668","chr7","75678962","75679242","21","64914423"
"chr4","140605202","140605481","chr7","75690780","75691043","31","64914422"
"chr4","140671752","140672054","chr9","93470961","93471259","64","47200791"
"chr4","140709761","140710070","chr18","21490626","21490936","61","119219135"
"chr4","140719225","140719529","chr1","112237991","112238302","66","28481234"
"chr4","140725796","140726086","chr5","13782672","13782963","67","126943124"
"chr4","140734377","140734672","chr7","75804171","75804473","24","64930206"
"chr4","140776512","140776800","chr7","75843799","75844071","29","64932713"
"chr4","140787661","140787792","chr7","75852699","75852832","13","64934962"
"chr4","140789278","140789571","chr7","75854338","75854632","25","64934940"
"chr4","140797559","140797801","chr27","11984252","11984509","74","128813307"
"chr4","140802155","140802470","chr7","75867829","75868140","23","64934326"
"chr4","140824282","140824566","chrX","48528467","48528761","62","92295815"
"chr4","140825876","140826177","chr20","89587122","89587415","57","51238754"
"chr4","140826982","140827204","chr7","75892182","75892420","40","64934800"
"chr4","140831117","140831456","chr7","75896054","75896371","46","64935063"
"chr4","140835150","140835435","chr7","75899770","75900055","21","64935380"
"chr4","140907157","140907467","chr6","6958199","6958491","56","133948958"
"chr4","140937114","140937311","chr12","26878004","26878201","45","114059110"
"chr4","140942327","140942631","chr1","12105092","12105388","66","128837235"
"chr4","140957455","140957742","chr9","60700916","60701208","57","80256539"
"chr4","140965170","140965465","chr7","76021618","76021926","27","64943552"
"chr4","140979759","140979971","chr17","56999680","56999895","53","83980079"
"chr4","141002317","141002532","chr7","76060509","76060724","14","64941808"
"chr4","141126864","141127144","chr7","76178329","76178608","17","64948535"
"chr4","141139645","141139930","chr12","14577157","14577444","69","126562488"
"chr4","141249154","141249432","chr20","19710717","19711002","73","121538437"
"chr4","141278640","141278929","chr8","69599405","69599691","57","71679235"
"chr4","141524083","141524337","chr26","24035742","24035996","55","117488341"
"chr4","141539504","141539628","chr5","32867528","32867653","15","108671976"
"chr4","141663885","141664200","chr10","10388744","10389062","91","131275141"
"chr4","141748080","141748384","chr7","76794721","76795014","29","64953359"
"chr4","141817367","141817652","chr7","76862326","76862612","23","64955041"
"chr4","141840406","141840527","chr8","89562675","89562796","9","52277731"
"chr4","141864206","141864487","chr7","76909697","76909988","34","64954509"
"chr4","141910719","141911003","chr7","76955277","76955541","39","64955442"
"chr4","141978307","141978553","chr7","77005949","77006191","31","64972358"
"chr4","142069650","142069933","chr5","60465096","60465383","65","81604554"
"chr4","142212038","142212325","chrX","23075277","23075553","71","119136761"
"chr4","142253968","142254318","chr24","40956382","40956707","93","101297586"
"chr4","142320958","142321168","chr7","96693688","96693896","53","45627270"
"chr4","142418128","142418321","chr20","97126383","97126577","39","45291745"
"chr4","142427945","142428226","chr7","77457725","77458032","49","64970220"
"chr4","142605837","142606110","chr17","60886955","60887217","74","81718882"
"chr4","142619724","142619959","chr16","63526007","63526229","48","79093717"
"chr4","142643990","142644295","chr7","77688163","77688466","34","64955827"
"chr4","142647890","142648178","chr11","7116582","7116882","73","135531308"
"chr4","142726819","142727118","chr7","77758739","77759024","35","64968080"
"chr4","142818295","142818592","chr20","107805868","107806139","73","35012427"
"chr4","142879162","142879248","chrX","7856721","7856811","19","135022441"
"chr4","143043644","143043897","chr4","39486692","39486944","76","103556952"
"chr4","143115766","143115936","chr9","53443490","53443655","45","89672276"
"chr4","143115964","143116078","chr2","27287859","27287975","24","115828105"
"chr4","143185438","143185716","chr9","103067965","103068243","59","40117473"
"chr4","143189027","143189325","chr7","78247945","78248224","48","64941082"
"chr4","143255865","143256149","chr6","6730788","6731078","65","136525077"
"chr4","143270637","143270815","chr7","78336479","78336662","16","64934158"
"chr4","143293958","143294256","chr9","81383685","81383979","67","61910273"
"chr4","143468307","143468621","chr9","124625139","124625450","81","18843168"
"chr4","143491340","143491626","chr20","24718513","24718793","67","118772827"
"chr4","143546181","143546454","chr7","78581629","78581920","42","64964552"
"chr4","143548207","143548378","chr9","32575410","32575585","29","110972797"
"chr4","143612223","143612531","chr7","78651597","78651893","32","64960626"
"chr4","143672306","143672585","chr28","13952670","13952954","59","129719636"
"chr4","143677595","143677879","chr7","78719982","78720279","41","64957613"
"chr4","143979298","143979556","chr26","31336674","31336922","71","112642624"
"chr4","144104996","144105329","chr7","79136018","79136351","24","64968978"
"chr4","144235522","144235697","chr7","79273522","79273697","14","64962000"
"chr4","144293375","144293675","chr7","79316573","79316861","40","64976802"
"chr4","144368391","144368669","chr20_KE148049v1_random","632947","633227","71","143735444"
"chr4","144370742","144371012","chr7","79386338","79386595","26","64984404"
"chr4","144391163","144391493","chr7","79409436","79409764","37","64981727"
"chr4","144507176","144507456","chr17","56607825","56608106","57","87899351"
"chr4","144525988","144526306","chr11","99396951","99397262","71","45129037"
"chr4","144607540","144607818","chr7","79643313","79643613","45","64964227"
"chr4","144634989","144635257","chr20","24340654","24340924","71","120294335"
"chr4","144870120","144870404","chr7","79901144","79901414","32","64968976"
"chr4","145001667","145001961","chr7","80032265","80032559","38","64969402"
"chr4","145037590","145037896","chr7","80075197","80075496","36","64962393"
"chr4","145144402","145144561","chr10","2249636","2249782","36","142894766"
"chr4","145144871","145144988","chr11","94289692","94289801","29","50855179"
"chr4","145274639","145274912","chr4","14793000","14793278","71","130481639"
"chr4","145325135","145325354","chr16","61701263","61701481","43","83623872"
"chr4","145503466","145503546","chr25","84212626","84212694","25","61290840"
"chr4","145624171","145624445","chr11","16285796","16286067","74","129338375"
"chr4","145673763","145674026","chr7","80653356","80653642","46","65020407"
"chr4","145756462","145756799","chr20","80146741","80147036","95","65609721"
"chr4","145783400","145783689","chr7","80769435","80769728","27","65013965"
"chr4","145807355","145807629","chr7","80788814","80789102","31","65018541"
"chr4","145863650","145863748","chr7","80843289","80843387","7","65020361"
"chr4","145954377","145954689","chr20","108172955","108173271","73","37781422"
"chr4","145956704","145956878","chr2","15929638","15929807","39","130027066"
"chr4","146025546","146025660","chr7","80990972","80991094","24","65034574"
"chr4","146036668","146036893","chr20","107582297","107582522","52","38454371"
"chr4","146090133","146090329","chr7","81049436","81049653","36","65040697"
"chr4","146204983","146205070","chr16","57724320","57724412","19","88480663"
"chr4","146236879","146237079","chr7","81199471","81199675","19","65037408"
"chr4","146279574","146279895","chr7","81238717","81239036","23","65040857"
"chr4","146296889","146297166","chr7","81248714","81248990","25","65048175"
"chr4","146343674","146343890","chr7","81294569","81294779","21","65049105"
"chr4","146558994","146559295","chr20","86177511","86177805","58","60381483"
"chr4","146616265","146616545","chr7","81568109","81568405","38","65048156"
"chr4","146703449","146703747","chr7","81645581","81645880","13","65057868"
"chr4","146827714","146828011","chr20","57394903","57395214","73","89432811"
"chr4","147005758","147006069","chr7","81911059","81911365","27","65094699"
"chr4","147121002","147121297","chr7","82025364","82025664","53","65095638"
"chr4","147218965","147219260","chr7","82121896","82122193","26","65097069"
"chr4","147272303","147272424","chr7","82168139","82168260","7","65104164"
"chr4","147286201","147286473","chr2","18055087","18055359","61","129231114"
"chr4","147543413","147543673","chr7","82433518","82433776","23","65109895"
"chr4","147557220","147557526","chr6","41031071","41031373","61","106526149"
"chr4","147659266","147659567","chr10","117605159","117605457","58","30054107"
"chr4","147689480","147689633","chr7","82578586","82578739","13","65110894"
"chr4","147689682","147689808","chr7","82578784","82578910","7","65110898"
"chr4","147795207","147795430","chrX","46319796","46320021","63","101475411"
"chr4","148030506","148030734","chr7","82876804","82877032","21","65153702"
"chr4","148049093","148049378","chr7","82897715","82898004","23","65151378"
"chr4","148084401","148084674","chr7","82933703","82933973","31","65150698"
"chr4","148126835","148126898","chr12","12083485","12083550","11","136043350"
"chr4","148193487","148193764","chr7_KE147970v1_random","21374","21656","29","148172113"
"chr4","148262341","148262608","chr7","83092029","83092313","42","65170312"
"chr4","148384841","148385126","chr7","83229978","83230268","41","65154863"
"chr4","148560222","148560337","chr7","83422521","83422636","9","65137701"
"chr4","148659472","148659710","chr7","83531558","83531809","40","65127914"
"chr4","148735771","148735911","chr19","7725180","7725320","34","141010591"
"chr4","148782148","148782442","chr7","25329234","25329525","76","123452914"
"chr4","148850570","148850881","chr1","112237991","112238302","65","36612579"
"chr4","148915650","148915822","chr22","26638071","26638234","38","122277579"
"chr4","148970687","148970804","chr14","9012916","9013033","18","139957771"
"chr4","148996350","148996641","chr12","40601683","40601983","56","108394667"
"chr4","149024263","149024566","chr7","83887538","83887844","30","65136725"
"chr4","149041321","149041605","chr3","5756203","5756487","57","143285118"
"chr4","149249564","149249777","chr7","84096027","84096229","28","65153537"
"chr4","149308529","149308607","chr26","23884553","23884627","18","125423976"
"chr4","149314232","149314451","chr7","84150781","84151026","47","65163451"
"chr4","149341398","149341685","chrX","49625121","49625400","72","99716277"
"chr4","149349917","149350231","chr6","25437542","25437846","73","123912375"
"chr4","149356239","149356489","chr7","84189789","84190036","54","65166450"
"chr4","149407997","149408271","chr7","84244702","84244977","22","65163295"
"chr4","149559519","149559649","chr6","41822181","41822315","24","107737338"
"chr4","149626380","149626661","chr7","84462068","84462361","28","65164312"
"chr4","149761685","149761997","chr7","84596415","84596730","32","65165270"
"chr4","149819821","149819986","chr7","84658179","84658345","17","65161642"
"chr4","149820014","149820132","chr7","84658385","84658504","12","65161629"
"chr4","150433966","150434270","chr2","55579238","55579543","55","94854728"
"chr4","150495802","150496063","chr7","35172179","35172447","64","115323623"
"chr4","150504002","150504263","chr7","35172179","35172447","64","115331823"
"chr4","150887050","150887175","chr11","53266821","53266946","20","97620229"
"chr4","150951521","150951821","chr7","85752387","85752693","21","65199134"
"chr4","150957655","150957845","chr7","111058967","111059160","35","39898688"
"chr4","151064992","151065302","chr7","85867211","85867526","31","65197781"
"chr4","151084463","151084772","chr6","6924468","6924767","59","144159995"
"chr4","151132593","151132890","chr18","68658199","68658500","63","82474394"
"chr4","151145273","151145581","chr7","85935031","85935329","29","65210242"
"chr4","151151694","151151777","chr7","85942133","85942217","8","65209561"
"chr4","151155706","151155955","chr28","19196628","19196884","58","131959078"
"chr4","151156186","151156473","chr7","85947477","85947782","41","65208709"
"chr4","151162383","151162532","chr20","91970463","91970613","42","59191920"
"chr4","151163399","151163474","chr5","14391971","14392040","15","136771428"
"chr4","151167687","151167902","chr22","22967630","22967846","47","128200057"
"chr4","151168784","151169067","chr7","85960048","85960313","48","65208736"
"chr4","151169761","151169986","chr7","85961297","85961514","29","65208464"
"chr4","151184251","151184565","chr7","85974564","85974871","23","65209687"
"chr4","151185074","151185207","chr17","1762776","1762906","20","149422298"
"chr4","151189182","151189306","chr7","85978761","85978884","9","65210421"
"chr4","151194064","151194368","chr9","227543","227844","60","150966521"
"chr4","151206745","151206810","chr7","85995852","85995920","5","65210893"
"chr4","151208079","151208383","chr7","85997287","85997582","21","65210792"
"chr4","151217117","151217419","chr7","86005714","86006010","26","65211403"
"chr4","151218870","151219176","chr7","86007481","86007794","27","65211389"
"chr4","151244080","151244375","chr12","103939005","103939299","65","47305075"
"chr4","151250851","151251085","chr7","86038867","86039113","28","65211984"
"chr4","151262647","151262934","chr7","86051408","86051690","30","65211239"
"chr4","151270988","151271109","chr6","32572959","32573083","20","118698029"
"chr4","151273617","151273914","chr7","86062358","86062617","53","65211259"
"chr4","151275174","151275459","chr1","58360104","58360394","63","92915070"
"chr4","151281052","151281208","chr7","86067805","86067974","33","65213247"
"chr4","151289479","151289771","chr21","83755387","83755674","49","67534092"
"chr4","151296976","151297266","chr2","66755488","66755777","53","84541488"
"chr4","151318886","151319003","chr21","120187801","120187919","20","31131085"
"chr4","151324081","151324341","chr7","86106544","86106801","16","65217537"
"chr4","151341825","151342121","chr7","86129040","86129316","40","65212785"
"chr4","151368814","151369070","chr7","86154531","86154786","19","65214283"
"chr4","151373973","151374273","chr7","86159938","86160217","31","65214035"
"chr4","151376541","151376783","chr16","716935","717157","60","150659606"
"chr4","151396534","151396690","chr16","69063896","69064041","37","82332638"
"chr4","151396716","151396807","chr12","104259624","104259712","21","47137092"
"chr4","151407594","151407687","chr6","36048922","36049013","19","115358672"
"chr4","151413849","151413984","chr2","38009071","38009204","21","113404778"
"chr4","151414281","151414452","chr13","66964664","66964828","34","84449617"
"chr4","151433900","151434191","chr7","86213393","86213703","38","65220507"
"chr4","151445327","151445626","chr7","86225246","86225554","40","65220081"
"chr4","151446499","151446767","chr7","86226402","86226662","18","65220097"
"chr4","151448397","151448519","chr7","86228255","86228377","9","65220142"
"chr4","151450789","151451075","chr7","86230074","86230359","20","65220715"
"chr4","151455913","151456093","chr10","56792221","56792389","46","94663692"
"chr4","151469809","151470023","chr7","86247467","86247686","22","65222342"
"chr4","151476770","151476895","chr6","15601963","15602086","27","135874807"
"chr4","151477197","151477359","chr6","5073515","5073682","33","146403682"
"chr4","151478725","151478936","chr7","86256534","86256746","16","65222191"
"chr4","151488779","151489091","chr7","86265804","86266099","35","65222975"
"chr4","151495007","151495195","chr20_KE148049v1_random","1153469","1153655","51","150341538"
"chr4","151502335","151502622","chr7","86279655","86279944","27","65222680"
"chr4","151511144","151511267","chr7","86288836","86288959","10","65222308"
"chr4","151515489","151515763","chr7","86293153","86293428","18","65222336"
"chr4","151527563","151527884","chr18","58528325","58528623","79","92999238"
"chr4","151529009","151529125","chr7","86303346","86303462","8","65225663"
"chr4","151533194","151533484","chrX","22146480","22146767","57","129386714"
"chr4","151557444","151557750","chr26","2584047","2584347","67","148973397"
"chr4","151560186","151560496","chr24","46815598","46815910","58","104744588"
"chr4","151585466","151585576","chr13","95756024","95756141","28","55829442"
"chr4","151591008","151591298","chr7","86365786","86366076","20","65225222"
"chr4","151628108","151628398","chr5","20560019","20560317","67","131068089"
"chr4","151630762","151631059","chr7","86406019","86406317","19","65224743"
"chr4","151651556","151651681","chr7","86426704","86426847","27","65224852"
"chr4","151680171","151680275","chr1","66617109","66617215","23","85063062"
"chr4","151680577","151680714","chr3","52425789","52425923","22","99254788"
"chr4","151683453","151683753","chr12","1445677","1445977","55","150237776"
"chr4","151727085","151727399","chr2","17626573","17626883","63","134100512"
"chr4","151772934","151773148","chr7","86544544","86544775","39","65228390"
"chr4","151779163","151779386","chr10","2731445","2731661","57","149047718"
"chr4","151811881","151812186","chr7","86583448","86583756","20","65228433"
"chr4","151849589","151849868","chr7","86612546","86612798","45","65237043"
"chr4","151850563","151850860","chr7","86613491","86613796","30","65237072"
"chr4","151874062","151874183","chr6","6932622","6932742","20","144941440"
"chr4","151882231","151882533","chr7","86645913","86646213","21","65236318"
"chr4","151890631","151890748","chr21","108974290","108974409","23","42916341"
"chr4","151899036","151899305","chr7","86662645","86662929","26","65236391"
"chr4","151900948","151901250","chr7","86664925","86665220","31","65236023"
"chr4","151937049","151937355","chr6","6924468","6924767","58","145012581"
"chr4","151944849","151945132","chr7","86698565","86698850","20","65246284"
"chr4","151969074","151969379","chr7","86722116","86722420","18","65246958"
"chr4","152013404","152013708","chr7","86766304","86766598","19","65247100"
"chr4","152015202","152015479","chr7","86768098","86768371","15","65247104"
"chr4","152093079","152093391","chr7","86842282","86842598","30","65250797"
"chr4","152208849","152209141","chr7","86977539","86977829","32","65231310"
"chr4","152241780","152241970","chr7","87011113","87011303","13","65230667"
"chr4","152260390","152260630","chr7","87028145","87028346","51","65232245"
"chr4","152260914","152261018","chr5","14966601","14966705","15","137294313"
"chr4","152274665","152274747","chr7","87042561","87042643","4","65232104"
"chr4","152309818","152309950","chr7","87078950","87079082","10","65230868"
"chr4","152323211","152323483","chr7","87092656","87092935","20","65230555"
"chr4","152323642","152323765","chr7","87093073","87093196","9","65230569"
"chr4","152343248","152343464","chr7","87126392","87126606","18","65216856"
"chr4","152360077","152360378","chr7","87143090","87143391","21","65216987"
"chr4","152373361","152373662","chr11","114855636","114855938","63","37517725"
"chr4","152393614","152393761","chr4","84795900","84796041","36","67597714"
"chr4","152397003","152397304","chr7","87175371","87175653","52","65221632"
"chr4","152410235","152410445","chr7","87188887","87189105","35","65221348"
"chr4","152430318","152430436","chr7","87209034","87209151","8","65221284"
"chr4","152433553","152433791","chr11","89481363","89481596","67","62952190"
"chr4","152438070","152438365","chr7","87216781","87217075","15","65221289"
"chr4","152446136","152446429","chr9","112297756","112298061","67","40148380"
"chr4","152473436","152473723","chr7","87251243","87251531","15","65222193"
"chr4","152485690","152485859","chr7","87263486","87263652","24","65222204"
"chr4","152507312","152507548","chr16","18785315","18785557","50","133721997"
"chr4","152542265","152542569","chr22","45575752","45576049","72","106966513"
"chr4","152623366","152623416","chr7","87426245","87426293","5","65197121"
"chr4","152623451","152623574","chr7","87426341","87426462","12","65197110"
"chr4","152623716","152623981","chr7","87426604","87426867","14","65197112"
"chr4","152792711","152793026","chr12","40601683","40601983","55","112191028"
"chr4","152793921","152794199","chr16","9035863","9036145","67","143758058"
"chr4","152834866","152835179","chr17","36553442","36553750","61","116281424"
"chr4","152848521","152848801","chr7","87622570","87622844","28","65225951"
"chr4","152849645","152849914","chr7","87623844","87624116","29","65225801"
"chr4","152874718","152875010","chr7","87649977","87650278","21","65224741"
"chr4","152876063","152876367","chr7","87651331","87651637","19","65224732"
"chr4","152883561","152883825","chr7","87658878","87659141","27","65224683"
"chr4","152891205","152891329","chr4","64225589","64225713","23","88665616"
"chr4","152894231","152894475","chr8","65276343","65276583","58","87617888"
"chr4","152909433","152909548","chr7","87685117","87685243","19","65224316"
"chr4","152924077","152924386","chr7","87698417","87698717","35","65225660"
"chr4","152925457","152925631","chr7","87699781","87699956","11","65225676"
"chr4","152927849","152928056","chr11","107036462","107036670","48","45891387"
"chr4","152928291","152928604","chr7","87702902","87703199","29","65225389"
"chr4","152959057","152959353","chr7","87725788","87726072","40","65233269"
"chr4","152961178","152961419","chr28","11426807","11427051","56","141534371"
"chr4","152963197","152963488","chr5","13694670","13694960","56","139268527"
"chr4","153009623","153009744","chr7","87772700","87772812","17","65236923"
"chr4","153011167","153011448","chr7","87774884","87775159","39","65236283"
"chr4","153012343","153012646","chr7","87776061","87776351","37","65236282"
"chr4","153014742","153015047","chr7","87778435","87778751","29","65236307"
"chr4","153017395","153017518","chr7","87781480","87781597","12","65235915"
"chr4","153034048","153034359","chr7","87798006","87798302","42","65236042"
"chr4","153038441","153038705","chr6","11668104","11668371","62","141370337"
"chr4","153052139","153052430","chr7","87815188","87815477","17","65236951"
"chr4","153104060","153104385","chr9","91977796","91978097","86","61126264"
"chr4","153106200","153106312","chr14","94742719","94742832","15","58363481"
"chr4","153205653","153205956","chr7","87965872","87966174","21","65239781"
"chr4","153264649","153264938","chr7","88029606","88029888","26","65235043"
"chr4","153293154","153293458","chr7","88058011","88058315","20","65235143"
"chr4","153305479","153305798","chr7","88070089","88070411","24","65235390"
"chr4","153305910","153305962","chr7","88070528","88070579","3","65235382"
"chr4","153333685","153333989","chr28","6412470","6412769","67","146921215"
"chr4","153505153","153505378","chr9","52491124","52491330","84","101014029"
"chr4","153590945","153591062","chr7","88350232","88350349","6","65240713"
"chr4","153676756","153677023","chr7","88429918","88430219","66","65246838"
"chr4","153679938","153680228","chr7","88433111","88433412","37","65246827"
"chr4","153693990","153694296","chr21","25983705","25984018","64","127710285"
"chr4","153736935","153737059","chr25","61636190","61636314","17","92100745"
"chr4","153959464","153959757","chr7","88709338","88709644","37","65250126"
"chr4","153962935","153963048","chr7","88712811","88712924","8","65250124"
"chr4","154231362","154231479","chr1","114028015","114028132","16","40203347"
"chr4","154231770","154231939","chr28","6500001","6500181","47","147731769"
"chr4","154288520","154288647","chr7","89030318","89030441","16","65258202"
"chr4","154313473","154313617","chr6","28827619","28827753","31","125485854"
"chr4","154323344","154323629","chr7","89064681","89064964","38","65258663"
"chr4","154491521","154491841","chr11","107228813","107229133","64","47262708"
"chr4","154576826","154577145","chr1","66103022","66103334","62","88473804"
"chr4","154664646","154664879","chr7","89399960","89400188","21","65264686"
"chr4","154749915","154750182","chr23","41912058","41912325","49","112837857"
"chr4","154800961","154801269","chr2","17626573","17626883","68","137174388"
"chr4","154936550","154936667","chr8","18325535","18325647","18","136611015"
"chr4","154953060","154953214","chr19","21029387","21029548","37","133923673"
"chr4","154992266","154992572","chr9","112297756","112298061","62","42694510"
"chr4","155050400","155050703","chr6","14844017","14844311","60","140206383"
"chr4","155151672","155151986","chr7","89872431","89872740","24","65279241"
"chr4","155153970","155154128","chr7","89877087","89877249","16","65276883"
"chr4","155167766","155167930","chr26","31737876","31738041","16","123429890"
"chr4","155168241","155168380","chr26","31737371","31737510","10","123430870"
"chr4","155448448","155448581","chr20","78908869","78908999","25","76539579"
"chr4","155500687","155500989","chr7","90189526","90189844","40","65311161"
"chr4","155504177","155504459","chr26","48070284","48070564","62","107433893"
"chr4","155524692","155524758","chr7","90206913","90206981","5","65317779"
"chr4","155562759","155563050","chr19","21326162","21326460","61","134236597"
"chr4","155565355","155565649","chr27","27325469","27325761","57","128239886"
"chr4","155583519","155583720","chr16","32323159","32323368","45","123260360"
"chr4","155677359","155677676","chr17","70727189","70727498","72","84950170"
"chr4","155733814","155734089","chr7","90407947","90408219","25","65325867"
"chr4","155747459","155747759","chr7","90421918","90422211","37","65325541"
"chr4","155752176","155752451","chr13","81792292","81792557","64","73959884"
"chr4","155775296","155775420","chr7","24198637","24198763","34","131576659"
"chr4","155776204","155776490","chr7","90445771","90446020","56","65330433"
"chr4","155798200","155798482","chr7","90467626","90467903","29","65330574"
"chr4","155828237","155828517","chr7","90497936","90498213","26","65330301"
"chr4","155829988","155830256","chr7","58479107","58479375","60","97350881"
"chr4","155848908","155849173","chr7","90515256","90515550","50","65333652"
"chr4","155891372","155891602","chr24","50615813","50616049","44","105275559"
"chr4","155905648","155905947","chr12","102865892","102866196","56","53039756"
"chr4","155920877","155921178","chr7","90575946","90576242","23","65344931"
"chr4","155929396","155929660","chr20","7682124","7682400","66","148247272"
"chr4","155970171","155970435","chr20","7682124","7682400","66","148288047"
"chr4","156019454","156019744","chr21","108265283","108265572","64","47754171"
"chr4","156210277","156210567","chr7","90730595","90730885","15","65479682"
"chr4","156211988","156212273","chr7","90730595","90730885","23","65481393"
"chr4","156361631","156361836","chr14","8889718","8889919","45","147471913"
"chr4","156392872","156393128","chr5","13873228","13873491","55","142519644"
"chr4","156412784","156413058","chr7","90773354","90773646","36","65639430"
"chr4","156782159","156782471","chr7","131295299","131295605","71","25486860"
"chr4","156862617","156862900","chr6","2923046","2923336","54","153939571"
"chr4","156890188","156890486","chr20","124797959","124798259","65","32092229"
"chr4","157239673","157239968","chr21","108335797","108336093","64","48903876"
"chr4","157301288","157301417","chr7","91613793","91613927","18","65687495"
"chr4","157312488","157312758","chr24","78009044","78009312","57","79303444"
"chr4","157335964","157336259","chr7","91648259","91648550","30","65687705"
"chr4","157344060","157344175","chr16","46699547","46699662","19","110644513"
"chr4","157344949","157345080","chr7","91656852","91656980","8","65688097"
"chr4","157532254","157532580","chr24","66303414","66303719","72","91228840"
"chr4","157539721","157540003","chr7","91848814","91849097","24","65690907"
"chr4","157548752","157548989","chr7","91857600","91857841","14","65691152"
"chr4","157600367","157600655","chr7","91909473","91909757","19","65690894"
"chr4","157722966","157723233","chr7","91977154","91977428","28","65745812"
"chr4","157723275","157723295","chr10","24213419","24213440","3","133509856"
"chr4","157773206","157773461","chr7","92032840","92033099","23","65740366"
"chr4","157801629","157801924","chr26","49109851","49110156","71","108691778"
"chr4","157817323","157817588","chr9","94227481","94227757","71","63589842"
"chr4","157839234","157839537","chr3","9039788","9040087","65","148799446"
"chr4","157881301","157881604","chr3","9039788","9040087","65","148841513"
"chr4","157993216","157993508","chr11","96760706","96760997","59","61232510"
"chr4","158009512","158009806","chr7","92228180","92228470","28","65781332"
"chr4","158119804","158120111","chr5","27594562","27594865","58","130525242"
"chr4","158162836","158163143","chr7","92365376","92365680","26","65797460"
"chr4","158210773","158211087","chr7","92409233","92409545","28","65801540"
"chr4","158216705","158217038","chr14","80619320","80619633","75","77597385"
"chr4","158271262","158271562","chr7","92469890","92470194","20","65801372"
"chr4","158326348","158326653","chr7","92522297","92522598","20","65804051"
"chr4","158338391","158338683","chr7","92534306","92534568","44","65804085"
"chr4","158343913","158344213","chr12","40601683","40601983","54","117742230"
"chr4","158350537","158350711","chr2","17147587","17147762","37","141202950"
"chr4","158363458","158363540","chr17","40079354","40079434","16","118284104"
"chr4","158423810","158423898","chr21","78020911","78020997","25","80402899"
"chr4","158424006","158424307","chr7","92617303","92617605","29","65806703"
"chr4","158429288","158429573","chr7","92622557","92622849","21","65806731"
"chr4","158506925","158507045","chr7","92701841","92701963","12","65805084"
"chr4","158564613","158564743","chr7","92759645","92759776","10","65804968"
"chr4","158626903","158627199","chr7","92821062","92821358","27","65805841"
"chr4","158640815","158641086","chr7","92834275","92834577","43","65806540"
"chr4","158715922","158716223","chr16","46883446","46883746","53","111832476"
"chr4","158737809","158738130","chrX","61264796","61265099","84","97473013"
"chr4","158746750","158747038","chr7","92938841","92939125","30","65807909"
"chr4","158747353","158747478","chr7","92939442","92939567","5","65807911"
"chr4","158764491","158764786","chr7","92955802","92956097","17","65808689"
"chr4","158767793","158768088","chr9","54391856","54392138","62","104375937"
"chr4","158771637","158771951","chr21","71396783","71397082","60","87374854"
"chr4","158777334","158777612","chrX","45898635","45898931","61","112878699"
"chr4","158807270","158807555","chr7","92994301","92994596","23","65812969"
"chr4","158807610","158807922","chr17","59521690","59522005","59","99285920"
"chr4","158813447","158813727","chr11","96571367","96571639","54","62242080"
"chr4","158827868","158828156","chr7","93015221","93015510","16","65812647"
"chr4","159027759","159027965","chr7","93196625","93196828","15","65831134"
"chr4","159035437","159035736","chr14","52808491","52808792","62","106226946"
"chr4","159065323","159065558","chr4","74423492","74423729","68","84641831"
"chr4","159073575","159073864","chr7","93254062","93254341","33","65819513"
"chr4","159331719","159332027","chr7","93512313","93512626","38","65819406"
"chr4","159513138","159513414","chr7","93695447","93695723","15","65817691"
"chr4","159550251","159550557","chr7","93733919","93734198","48","65816332"
"chr4","159704251","159704547","chr7","93880049","93880345","20","65824202"
"chr4","159742699","159743021","chr7","93921009","93921342","39","65821690"
"chr4","159749868","159750158","chr7","93928240","93928541","27","65821628"
"chr4","159768245","159768416","chr11","115028970","115029133","36","44739275"
"chr4","159821812","159822147","chr22","50272146","50272486","63","109549666"
"chr4","159837178","159837484","chr24","12480435","12480739","60","147356743"
"chr4","159865831","159866091","chr27","40190981","40191239","65","119674850"
"chr4","159906082","159906143","chr7","94062682","94062747","11","65843400"
"chr4","159906581","159906856","chr7","94063167","94063462","33","65843414"
"chr4","159916281","159916592","chr7","94072820","94073133","25","65843461"
"chr4","159918831","159919089","chr7","94075492","94075759","26","65843339"
"chr4","159943162","159943459","chr25","17816317","17816617","55","142126845"
"chr4","159963152","159963391","chr20","91995085","91995327","57","67968067"
"chr4","159973781","159974009","chr7","94131982","94132212","24","65841799"
"chr4","159981152","159981435","chr25","5635208","5635500","62","154345944"
"chr4","159984152","159984393","chr4","76123794","76124046","54","83860358"
"chr4","159996004","159996280","chr2","36485382","36485664","72","123510622"
"chr4","159996808","159996977","chr7","94150558","94150729","13","65846250"
"chr4","159997286","159997400","chr7","94151029","94151140","6","65846257"
"chr4","160010417","160010698","chr7","94162323","94162596","34","65848094"
"chr4","160029616","160029894","chr7","94185118","94185405","28","65844498"
"chr4","160031504","160031821","chr7","94186663","94186967","37","65844841"
"chr4","160041514","160041819","chr7","94197835","94198159","43","65843679"
"chr4","160090280","160090554","chr7","94250429","94250720","40","65839851"
"chr4","160101091","160101259","chr7","94261816","94261982","11","65839275"
"chr4","160102702","160103003","chr20","98723564","98723872","57","61379138"
"chr4","160107251","160107545","chr7","94267697","94267986","33","65839554"
"chr4","160160395","160160560","chr9","43816951","43817116","36","116343444"
"chr4","160170297","160170578","chr13","38480662","38480936","59","121689635"
"chr4","160250004","160250304","chr2","46654244","46654533","62","113595760"
"chr4","160251891","160252040","chr7","94398550","94398671","31","65853341"
"chr4","160264662","160264976","chr7","94409252","94409563","30","65855410"
"chr4","160289207","160289499","chr7","94433696","94433988","30","65855511"
"chr4","160305948","160306065","chr7","94450267","94450384","11","65855681"
"chr4","160372389","160372684","chr7","94509317","94509625","45","65863072"
"chr4","160493954","160494252","chr7","94629160","94629454","22","65864794"
"chr4","160502359","160502647","chr7","94640119","94640410","57","65862240"
"chr4","160573024","160573310","chr7","94700723","94701045","53","65872301"
"chr4","160586150","160586448","chr7","94714297","94714591","23","65871853"
"chr4","160586585","160586883","chr7","94714729","94715026","23","65871856"
"chr4","160609114","160609418","chr7","94737268","94737576","20","65871846"
"chr4","160645814","160646106","chr7","94775284","94775573","33","65870530"
"chr4","160764425","160764751","chr7","94895590","94895900","46","65868835"
"chr4","160807964","160808183","chr16","30333461","30333679","46","130474503"
"chr4","160821791","160822084","chr7","94953536","94953825","24","65868255"
"chr4","160848818","160849103","chr7","94976809","94977094","19","65872009"
"chr4","160902643","160902722","chr7","95029099","95029178","6","65873544"
"chr4","160903023","160903193","chr7","95029475","95029659","35","65873548"
"chr4","160915741","160916019","chr11","107441963","107442235","68","53473778"
"chr4","160933864","160934004","chr7","95059816","95059956","12","65874048"
"chr4","160934302","160934434","chr7","95060252","95060384","3","65874050"
"chr4","161069419","161069708","chr26","15147439","15147729","68","145921980"
"chr4","161086984","161087303","chr7","95222790","95223084","60","65864194"
"chr4","161142434","161142696","chr24","48741787","48742059","63","112400647"
"chr4","161163504","161163658","chr7","95299022","95299176","9","65864482"
"chr4","161183701","161183908","chr10","104557746","104557936","49","56625955"
"chr4","161198984","161199282","chr18","71966149","71966446","53","89232835"
"chr4","161210119","161210423","chr7","95341573","95341885","33","65868546"
"chr4","161222637","161222758","chr17","65264969","65265091","19","95957668"
"chr4","161340990","161341295","chr6","32543554","32543861","53","128797436"
"chr4","161517051","161517167","chr10","86711785","86711902","13","74805266"
"chr4","161737365","161737645","chr7","95837173","95837456","32","65900192"
"chr4","161759220","161759506","chr7","95860490","95860776","19","65898730"
"chr4","161819913","161820234","chr7","95936795","95937116","37","65883118"
"chr4","162002839","162003142","chr7","96110015","96110301","43","65892824"
"chr4","162187338","162187625","chr8","25835237","25835517","64","136352101"
"chr4","162248506","162248582","chr7","96332669","96332750","9","65915837"
"chr4","162358237","162358564","chr22","45913176","45913474","83","116445061"
"chr4","162375560","162375859","chr7","96444309","96444607","27","65931251"
"chr4","162443881","162444123","chr19","18320527","18320775","55","144123354"
"chr4","162459437","162459731","chr5","2086760","2087052","64","160372677"
"chr4","162486797","162487093","chr7","46554830","46555124","55","115931967"
"chr4","162494707","162494861","chr6","29247462","29247616","29","133247245"
"chr4","162510689","162510944","chr7","97462094","97462349","50","65048595"
"chr4","162532329","162532617","chr9","24221848","24222137","56","138310481"
"chr4","162544091","162544367","chrX","49625121","49625400","62","112918970"
"chr4","162544444","162544759","chr18","43690675","43690994","66","118853769"
"chr4","162549721","162550032","chr7","96610778","96611090","22","65938943"
"chr4","162551654","162551765","chr7","96613090","96613195","16","65938564"
"chr4","162553910","162554213","chr3","23184350","23184653","50","139369560"
"chr4","162578637","162578721","chr19","6185551","6185643","18","156393086"
"chr4","162578762","162578948","chr22","45565349","45565535","39","117013413"
"chr4","162581566","162581784","chr15","10116434","10116642","56","152465132"
"chr4","162587619","162587802","chr10","56937187","56937366","39","105650432"
"chr4","162609844","162610083","chr10","88238863","88239112","57","74370981"
"chr4","162630929","162631119","chr7","96693688","96693896","22","65937241"
"chr4","162631124","162631432","chr11","96807429","96807743","67","65823695"
"chr4","162670841","162671119","chr7","96733849","96734121","20","65936992"
"chr4","162680437","162680737","chr19","23751811","23752092","59","138928626"
"chr4","162705808","162706103","chr9","87484990","87485287","56","75220818"
"chr4","162712436","162712685","chr7","96776355","96776599","16","65936081"
"chr4","162729830","162730106","chr7","96793369","96793635","20","65936461"
"chr4","162731073","162731366","chr7","96794594","96794887","18","65936479"
"chr4","162741400","162741665","chr11","116362356","116362619","60","46379044"
"chr4","162769907","162770196","chr7","96842968","96843249","24","65926939"
"chr4","162777089","162777379","chr7","96849980","96850258","37","65927109"
"chr4","162782215","162782507","chr7","96855060","96855352","14","65927155"
"chr4","162796441","162796729","chr7","96869716","96869999","23","65926725"
"chr4","162814100","162814381","chr12","26637238","26637526","56","136176862"
"chr4","162821548","162821805","chr7","96893422","96893688","35","65928126"
"chr4","162852202","162852527","chr28","14917123","14917442","63","147935079"
"chr4","162855598","162855900","chr6","17595593","17595899","70","145260005"
"chr4","162869694","162869976","chr2","36181784","36182050","76","126687910"
"chr4","162875237","162875504","chr7","97018704","97018971","22","65856533"
"chr4","162884149","162884450","chr9","95951467","95951766","57","66932682"
"chr4","162897449","162897573","chr9","60369863","60369986","19","102527586"
"chr4","162911701","162911993","chr7","97127154","97127456","31","65784547"
"chr4","162918238","162918481","chr26","56044366","56044608","74","106873872"
"chr4","162932332","162932625","chr28","18192135","18192423","71","144740197"
"chr4","162939029","162939318","chr9","22697379","22697669","59","140241650"
"chr4","162968826","162969132","chr1","37943582","37943876","64","125025244"
"chr4","162979692","162979973","chr7","97196956","97197269","76","65782736"
"chr4","162980302","162980590","chr7","97197597","97197891","27","65782705"
"chr4","163027268","163027524","chr6","13368962","13369234","67","149658306"
"chr4","163028449","163028575","chr7","97247708","97247834","6","65780741"
"chr4","163035491","163035755","chr7","97254320","97254581","17","65781171"
"chr4","163067709","163068006","chr5","27528076","27528378","57","135539633"
"chr4","163073148","163073427","chr7","97289185","97289462","21","65783963"
"chr4","163076320","163076612","chr11","104306588","104306879","71","58769732"
"chr4","163085356","163085666","chr12","40601683","40601983","69","122483673"
"chr4","163122647","163122950","chr5","70418391","70418674","77","92704256"
"chr4","163123673","163123916","chr5","25965001","25965255","61","137158672"
"chr4","163176502","163176829","chr7","97405572","97405853","61","65770930"
"chr4","163179411","163179542","chrX","50199476","50199602","36","112979935"
"chr4","163185140","163185441","chr1","121090436","121090732","54","42094704"
"chr4","163186042","163186345","chr7","97414414","97414709","39","65771628"
"chr4","163187465","163187729","chr7","97415839","97416098","21","65771626"
"chr4","163197022","163197308","chr7","97425544","97425830","16","65771478"
"chr4","163199318","163199593","chr7","97429333","97429608","17","65769985"
"chr4","163237617","163237872","chr7","97462094","97462349","20","65775523"
"chr4","163277935","163278171","chr9","94382616","94382844","53","68895319"
"chr4","163306376","163306673","chr7","97536392","97536673","45","65769984"
"chr4","163306835","163306988","chr7","97536836","97536987","11","65769999"
"chr4","163340426","163340543","chr7","97572265","97572382","8","65768161"
"chr4","163357894","163358175","chr7","97588560","97588839","31","65769334"
"chr4","163365851","163366132","chr7","97596486","97596767","23","65769365"
"chr4","163371087","163371326","chr16","30333461","30333679","55","133037626"
"chr4","163377003","163377128","chr3","23474952","23475075","26","139902051"
"chr4","163379359","163379612","chr7","97602272","97602495","54","65777087"
"chr4","163386875","163387148","chr7","97610113","97610384","22","65776762"
"chr4","163410630","163410911","chr7","97631701","97631962","39","65778929"
"chr4","163413002","163413322","chr7","97633914","97634211","72","65779088"
"chr4","163413536","163413812","chr7","97634396","97634661","54","65779140"
"chr4","163427930","163428220","chr21","7775729","7776020","51","155652201"
"chr4","163458088","163458252","chr16","72372400","72372570","32","91085688"
"chr4","163458555","163458607","chr6","2996935","2996984","12","160461620"
"chr4","163482904","163483040","chr6","14775357","14775489","25","148707547"
"chr4","163485140","163485416","chr14","78925248","78925533","52","84559892"
"chr4","163490846","163490980","chr20","10302401","10302535","24","153188445"
"chr4","163491292","163491465","chr10","117421124","117421288","24","46070168"
"chr4","163492468","163492627","chr28_KE148105v1_random","102749","102903","15","163389719"
"chr4","163500066","163500192","chr14","82354648","82354772","17","81145418"
"chr4","163502581","163502887","chr7","97706644","97706939","32","65795937"
"chr4","163508827","163508943","chr7","97712830","97712946","6","65795997"
"chr4","163515377","163515586","chr7","97719060","97719269","36","65796317"
"chr4","163516895","163517194","chr20","120237644","120237945","60","43279251"
"chr4","163521035","163521236","chr7","97725354","97725530","34","65795681"
"chr4","163551818","163552072","chr7","97753763","97754015","28","65798055"
"chr4","163586062","163586346","chr7","97786354","97786601","52","65799708"
"chr4","163587637","163587898","chr20","92356336","92356585","64","71231301"
"chr4","163601515","163601842","chr24","44245600","44245907","67","119355915"
"chr4","163613606","163613730","chr7","97812498","97812619","14","65801108"
"chr4","163613766","163614052","chr25","5591964","5592241","53","158021802"
"chr4","163630505","163630791","chr7","97828438","97828731","28","65802067"
"chr4","163636708","163636986","chr7","97834602","97834871","25","65802106"
"chr4","163647189","163647483","chr12","103939005","103939299","54","59708184"
"chr4","163651796","163652077","chr6","32425994","32426271","65","131225802"
"chr4","163657023","163657213","chr7","97850646","97850826","25","65806377"
"chr4","163659884","163660149","chr7","97853560","97853817","17","65806324"
"chr4","163662024","163662230","chr13","14272178","14272372","46","149389846"
"chr4","163664073","163664337","chr5","2890627","2890885","65","160773446"
"chr4","163666423","163666699","chr21","2648116","2648385","72","161018307"
"chr4","163668483","163668781","chr7","97862772","97863075","26","65805711"
"chr4","163686100","163686390","chr11","104479228","104479515","50","59206872"
"chr4","163686488","163686784","chr7","97878002","97878317","43","65808486"
"chr4","163687822","163688032","chr7","97878999","97879200","18","65808823"
"chr4","163688186","163688481","chr7","97879359","97879656","18","65808827"
"chr4","163688832","163688848","chr5","21604716","21604733","4","142084116"
"chr4","163706735","163706984","chr2","15035040","15035294","57","148671695"
"chr4","163725982","163726288","chr7","97918256","97918571","39","65807726"
"chr4","163727211","163727477","chr7","97919502","97919756","36","65807709"
"chr4","163731724","163732011","chr12","97310370","97310653","63","66421354"
"chr4","163733600","163733735","chr10","8517179","8517309","23","155216421"
"chr4","163741006","163741118","chr7","97933471","97933583","5","65807535"
"chr4","163747130","163747337","chr11","88881577","88881781","41","74865553"
"chr4","163769088","163769386","chr7","97965104","97965434","51","65803984"
"chr4","163782237","163782499","chr26","15272506","15272766","56","148509731"
"chr4","163793343","163793647","chr7","97989499","97989809","33","65803844"
"chr4","163813229","163813464","chr7","98008995","98009237","18","65804234"
"chr4","163817546","163817868","chr27","40606615","40606901","88","123210931"
"chr4","163826334","163826648","chr4","74686620","74686927","68","89139714"
"chr4","163837771","163838070","chr7","98031682","98031983","22","65806089"
"chr4","163840816","163841108","chr7","98034696","98034987","28","65806120"
"chr4","163852039","163852309","chrX","8144782","8145054","52","155707257"
"chr4","163889301","163889577","chr7","98086514","98086791","17","65802787"
"chr4","163890503","163890770","chr7","98087716","98087983","17","65802787"
"chr4","163893490","163893791","chr7","98090755","98091065","25","65802735"
"chr4","163902140","163902402","chr16","30493887","30494141","88","133408253"
"chr4","163914768","163914986","chr7","98106079","98106316","37","65808689"
"chr4","163916508","163916806","chr16","46883446","46883746","50","117033062"
"chr4","163945239","163945521","chr11","49685190","49685475","55","114260049"
"chr4","163951998","163952169","chr7","98146772","98146944","9","65805226"
"chr4","163978101","163978355","chr17","8201186","8201411","44","155776915"
"chr4","164029768","164030073","chr7","98219376","98219681","14","65810392"
"chr4","164081175","164081494","chr7","98270439","98270751","30","65810736"
"chr4","164092787","164093085","chr7","98281251","98281549","20","65811536"
"chr4","164101743","164102013","chr7","98290174","98290462","45","65811569"
"chr4","164112348","164112651","chr26","8503254","8503551","64","155609094"
"chr4","164181630","164181942","chr28","4238182","4238490","77","159943448"
"chr4","164182946","164183231","chr8","7285889","7286184","62","156897057"
"chr4","164249545","164249828","chr7","98431258","98431540","19","65818287"
"chr4","164292600","164292882","chr7","98474647","98474922","28","65817953"
"chr4","164497811","164498100","chr7","98673139","98673440","41","65824672"
"chr4","164504402","164504650","chr1","6547966","6548216","44","157956436"
"chr4","164510691","164510980","chr7","98673139","98673440","41","65837552"
"chr4","164584671","164584958","chr7","98751014","98751297","24","65833657"
"chr4","164645441","164645720","chr2","10961199","10961483","63","153684242"
"chr4","164655123","164655255","chr7","98821352","98821484","11","65833771"
"chr4","164659189","164659349","chr11","104024135","104024296","36","60635054"
"chr4","164676910","164677191","chr7","98843268","98843548","27","65833642"
"chr4","164688310","164688609","chr7","98853780","98854077","30","65834530"
"chr4","164708967","164709273","chr10","76220349","76220648","69","88488618"
"chr4","164743236","164743388","chr12","14192767","14192922","30","150550469"
"chr4","164767302","164767590","chr2","45537928","45538227","65","119229374"
"chr4","164864012","164864303","chr7","99028739","99029034","29","65835273"
"chr4","164879438","164879734","chr7","99043913","99044209","20","65835525"
"chr4","164881325","164881521","chr1","8897615","8897811","45","155983710"
"chr4","164882999","164883270","chr7","99047649","99047931","31","65835350"
"chr4","164904971","164905254","chr3","23179599","23179873","69","141725372"
"chr4","164917478","164917722","chr26","47602437","47602684","48","117315041"
"chr4","164927356","164927640","chr7","99088979","99089262","19","65838377"
"chr4","164936206","164936506","chr7","99097909","99098201","27","65838297"
"chr4","164969094","164969404","chr7","99131427","99131711","42","65837667"
"chr4","165016590","165016723","chr20","10302401","10302535","20","154714189"
"chr4","165017019","165017183","chr11","72515897","72516064","34","92501122"
"chr4","165021255","165021573","chr5","18082185","18082486","77","146939070"
"chr4","165038815","165039113","chr7","99199838","99200135","19","65838977"
"chr4","165040278","165040560","chr11","104479228","104479515","59","60561050"
"chr4","165046788","165047102","chrX","14358170","14358478","69","150688618"
"chr4","165048422","165048576","chr7","99209415","99209560","12","65839007"
"chr4","165057251","165057556","chr7","99217918","99218224","26","65839333"
"chr4","165118395","165118704","chr17","35306470","35306782","52","129811925"
"chr4","165131340","165131612","chr7","99293815","99294081","23","65837525"
"chr4","165144922","165145214","chr15","51635083","51635359","64","113509839"
"chr4","165160505","165160761","chrX","22207597","22207845","76","142952908"
"chr4","165170804","165171056","chr7","99327637","99327902","34","65843167"
"chr4","165173840","165174133","chr11","102387643","102387932","59","62786197"
"chr4","165218905","165219212","chr20","88715712","88716022","71","76503193"
"chr4","165279332","165279630","chr7","99429724","99430009","45","65849608"
"chr4","165301762","165302067","chr10","75093339","75093648","62","90208423"
"chr4","165308400","165308681","chr7","99457640","99457921","18","65850760"
"chr4","165337554","165337864","chr20","82938597","82938895","86","82398957"
"chr4","165354073","165354299","chr16","72101347","72101567","47","93252726"
"chr4","165354309","165354621","chr9","103037147","103037458","56","62317162"
"chr4","165364803","165364913","chr7","99513915","99514028","7","65850888"
"chr4","165372049","165372328","chr20","24718513","24718793","49","140653536"
"chr4","165376314","165376583","chr7","99525471","99525737","19","65850843"
"chr4","165408562","165408851","chr7","99557253","99557551","32","65851309"
"chr4","165413479","165413790","chr7","99561692","99561999","24","65851787"
"chr4","165431461","165431584","chr7","99579724","99579847","10","65851737"
"chr4","165460605","165460894","chr7","99557253","99557551","32","65903352"
"chr4","165465522","165465833","chr7","99561692","99561999","23","65903830"
"chr4","165483513","165483636","chr7","99579724","99579847","7","65903789"
"chr4","165513247","165513443","chr2","57261903","57262108","47","108251344"
"chr4","165519151","165519456","chr29","3411800","3412102","63","162107351"
"chr4","165562253","165562540","chr12","40601683","40601983","58","124960570"
"chr4","165585073","165585205","chr2","57369829","57369959","22","108215244"
"chr4","165585206","165585499","chr5","10402453","10402746","60","155182753"
"chr4","165585500","165585623","chr1","12378147","12378270","35","153207353"
"chr4","165589577","165589868","chr17","53851507","53851796","60","111738070"
"chr4","165601023","165601310","chr20","43540741","43541034","59","122060282"
"chr4","165609569","165609870","chr17","54622252","54622556","61","110987317"
"chr4","165611119","165611436","chr7","56796740","56797045","63","108814379"
"chr4","165611697","165611973","chr7","99698846","99699080","58","65912851"
"chr4","165612252","165612546","chr7","99699402","99699686","27","65912850"
"chr4","165623723","165623844","chr7","99710905","99711021","8","65912818"
"chr4","165626465","165626758","chr7","99713643","99713934","36","65912822"
"chr4","165627449","165627600","chr6","41125463","41125607","34","124501986"
"chr4","165632113","165632220","chr8","38292452","38292555","23","127339661"
"chr4","165632252","165632405","chr6","32664424","32664580","29","132967828"
"chr4","165636852","165636964","chr21","14746156","14746270","21","150890696"
"chr4","165639833","165640126","chr8","40180796","40181091","60","125459037"
"chr4","165642572","165642786","chr7","99728337","99728547","18","65914235"
"chr4","165652302","165652387","chr22","18678729","18678808","14","146973573"
"chr4","165671661","165671944","chr7","99757159","99757444","19","65914502"
"chr4","165681868","165682142","chr2","83412553","83412816","54","82269315"
"chr4","165689630","165689923","chr7","99774882","99775183","29","65914748"
"chr4","165702401","165702699","chr12","103939005","103939299","51","61763396"
"chr4","165709861","165710154","chr7","99774882","99775183","29","65934979"
"chr4","165745251","165745565","chr21","107450772","107451077","58","58294479"
"chr4","165757489","165757784","chr7","99839459","99839755","19","65918030"
"chr4","165767816","165767856","chr7","119466522","119466559","11","46301294"
"chr4","165768152","165768293","chr15","5687362","5687478","50","160080790"
"chr4","165778680","165778803","chr7","99860514","99860644","17","65918166"
"chr4","165784387","165784676","chr1","121090436","121090732","48","44693951"
"chr4","165797736","165798038","chr7","129657773","129658075","60","36139963"
"chr4","165806362","165806646","chr3","18731987","18732278","58","147074375"
"chr4","165808736","165809045","chr18","45472941","45473256","69","120335795"
"chr4","165821624","165821929","chr3","78348027","78348317","75","87473597"
"chr4","165822011","165822304","chr12","103939005","103939299","53","61883006"
"chr4","165831375","165831658","chr1","9714471","9714753","66","156116904"
"chr4","165851325","165851649","chr25","57445147","57445464","67","108406178"
"chr4","165853280","165853557","chr28","5883399","5883671","54","159969881"
"chr4","165854546","165854834","chr6","5579741","5580022","65","160274805"
"chr4","165855274","165855567","chr1","8922729","8923019","55","156932545"
"chr4","165866871","165867179","chr7","99953595","99953911","34","65913276"
"chr4","165867379","165867683","chr7","99954111","99954415","13","65913268"
"chr4","165869845","165870126","chr7","99956877","99957154","24","65912968"
"chr4","165874687","165874994","chr7","99961810","99962130","44","65912877"
"chr4","165887220","165887444","chr6","17622664","17622891","50","148264556"
"chr4","165899295","165899595","chr7","99991101","99991395","39","65908194"
"chr4","165904039","165904304","chr5","17514750","17515009","56","148389289"
"chr4","165906607","165906757","chr15","48617346","48617495","29","117289261"
"chr4","165914040","165914352","chr7","100004451","100004733","46","65909589"
"chr4","165929579","165929775","chr7","100013953","100014134","34","65915626"
"chr4","165930090","165930211","chr13","64445292","64445413","16","101484798"
"chr4","165949526","165949831","chrX","67050072","67050374","78","98899454"
"chr4","165975550","165975768","chr24","32317181","32317398","38","133658369"
"chr4","166012738","166013009","chr7","76955277","76955541","66","89057461"
"chr4","166066049","166066358","chr25","64399631","64399933","59","101666418"
"chr4","166092415","166092714","chr7","100179757","100180043","31","65912658"
"chr4","166109468","166109747","chr20","71048379","71048659","60","95061089"
"chr4","166113444","166113536","chr7","100197077","100197171","7","65916367"
"chr4","166114483","166114781","chr6","28194245","28194544","62","137920238"
"chr4","166139553","166139653","chr11","12849024","12849119","22","153290529"
"chr4","166151915","166152129","chr6","2794038","2794253","46","163357877"
"chr4","166166814","166166919","chr10","2691454","2691561","20","163475360"
"chr4","166317397","166317621","chr8","28330290","28330495","54","137987107"
"chr4","166358577","166358809","chr5","72761734","72761978","58","93596843"
"chr4","166802917","166803258","chr1","55184043","55184338","98","111618874"
"chr4","166813668","166813975","chr7","100852021","100852330","38","65961647"
"chr4","166923024","166923331","chr7","100972406","100972704","31","65950618"
"chr4","166932955","166933234","chr7","100978329","100978608","28","65954626"
"chr4","166934681","166934960","chr7","100978329","100978608","28","65956352"
"chr4","166944583","166944890","chr7","100972406","100972704","31","65972177"
"chr4","166950470","166950749","chr7","100978329","100978608","28","65972141"
"chr4","166961843","166962151","chr17","35306470","35306782","60","131655373"
"chr4","166970571","166970778","chr22","12638062","12638271","44","154332509"
"chr4","166983236","166983549","chr7","101038333","101038641","48","65944903"
"chr4","166985426","166985721","chr7","101040518","101040802","22","65944908"
"chr4","166994699","166994998","chr7","101049779","101050077","16","65944920"
"chr4","167001322","167001625","chr16","17791692","17791997","76","149209630"
"chr4","167089759","167090050","chr8","18352777","18353061","71","148736982"
"chr4","167095103","167095219","chr7","101117932","101118048","9","65977171"
"chr4","167099946","167100113","chr18","62340933","62341089","38","104759013"
"chr4","167100141","167100264","chr6","32572959","32573083","17","134527182"
"chr4","167101550","167101762","chr7","101124078","101124290","14","65977472"
"chr4","167141016","167141228","chr7","101124078","101124290","14","66016938"
"chr4","167142514","167142637","chr6","32572959","32573083","17","134569555"
"chr4","167142665","167142832","chr18","62340933","62341089","38","104801732"
"chr4","167146985","167147308","chr7","101147516","101147822","48","65999469"
"chr4","167168846","167169161","chr7","101170027","101170338","18","65998819"
"chr4","167178245","167178510","chr2","82028752","82029021","67","85149493"
"chr4","167234671","167234965","chr7","101241791","101242096","38","65992880"
"chr4","167247958","167248261","chr7","101255952","101256266","32","65992006"
"chr4","167269607","167269872","chr2","57095821","57096092","63","110173786"
"chr4","167271087","167271348","chr7","101280873","101281162","42","65990214"
"chr4","167312130","167312411","chr7","101314907","101315184","20","65997223"
"chr4","167403519","167403771","chr7","101414221","101414489","25","65989298"
"chr4","167446263","167446581","chr7","101456929","101457224","52","65989334"
"chr4","167460531","167460799","chr7","101471175","101471436","30","65989356"
"chr4","167477244","167477405","chr5","28010290","28010431","46","139466954"
"chr4","167576278","167576573","chr7","101586153","101586450","26","65990125"
"chr4","167917226","167917354","chr16","20843140","20843270","12","147074086"
"chr4","167927069","167927357","chr6","7347535","7347812","67","160579534"
"chr4","167930146","167930262","chr1","8128376","8128492","13","159801770"
"chr4","167932002","167932149","chr10","62110393","62110528","36","105821609"
"chr4","167934179","167934476","chr7","101958933","101959231","23","65975246"
"chr4","167940772","167941058","chr16","21240686","21240979","47","146700086"
"chr4","168054242","168054454","chr22","56126729","56126948","47","111927513"
"chr4","168151995","168152277","chr7","102183808","102184097","22","65968187"
"chr4","168171760","168172029","chr7","102202909","102203184","27","65968851"
"chr4","168178029","168178327","chr7","102208616","102208922","32","65969413"
"chr4","168304598","168304708","chr7","102336953","102337063","7","65967645"
"chr4","168313767","168314054","chr27","47862100","47862389","63","120451667"
"chr4","168475963","168476271","chr7","102502368","102502643","48","65973595"
"chr4","168569822","168570096","chr1","17489338","17489623","70","151080484"
"chr4","168599146","168599449","chrX_KE148108v1_random","1020209","1020503","67","167578937"
"chr4","168680326","168680631","chr7","102716236","102716535","25","65964090"
"chr4","168711450","168711728","chr7","102747782","102748070","30","65963668"
"chr4","168856019","168856144","chr7","102896804","102896927","8","65959215"
"chr4","168995747","168995873","chr12","12912189","12912319","30","156083558"
"chr4","168997820","168998098","chr7","103033318","103033602","46","65964502"
"chr4","169077403","169077661","chr1","47072437","47072695","50","122004966"
"chr4","169109488","169109731","chr7","103147398","103147639","12","65962090"
"chr4","169237933","169238190","chr7","103281011","103281287","41","65956922"
"chr4","169358962","169359023","chr7","103403557","103403618","5","65955405"
"chr4","169426127","169426416","chr7","103478021","103478331","47","65948106"
"chr4","169433740","169434048","chr26","36889749","36890051","72","132543991"
"chr4","169530522","169530785","chr14","33848638","33848901","58","135681884"
"chr4","169584707","169584830","chr7","103636800","103636923","15","65947907"
"chr4","169615408","169615719","chr7","103668499","103668814","32","65946909"
"chr4","169626375","169626527","chr7","103679550","103679699","13","65946825"
"chr4","169769940","169770123","chr22","28339193","28339374","36","141430747"
"chr4","169770437","169770573","chr6","28027989","28028122","32","141742448"
"chr4","169787453","169787736","chr2","32734589","32734875","60","137052864"
"chr4","169797434","169797729","chr7","103847361","103847651","27","65950073"
"chr4","169969276","169969497","chr7","104021042","104021263","17","65948234"
"chr4","170058879","170059194","chr7","104110365","104110668","47","65948514"
"chr4","170197417","170197709","chr7","104237097","104237390","25","65960320"
"chr4","170289295","170289594","chrX","43899003","43899310","76","126390292"
"chr4","170504643","170504896","chr6","16510699","16510951","63","153993944"
"chr4","170518551","170518823","chr10","30532581","30532856","66","139985970"
"chr4","170727380","170727689","chr7","104780541","104780848","21","65946839"
"chr4","170770414","170770713","chr7","104829888","104830193","23","65940526"
"chr4","170787780","170788057","chr7","104846824","104847111","24","65940956"
"chr4","170844562","170844855","chr7","104908991","104909264","36","65935571"
"chr4","170848740","170849035","chr7","104913171","104913476","27","65935569"
"chr4","170849891","170850191","chr7","104914326","104914621","24","65935565"
"chr4","170872996","170873300","chr28","7081733","7082044","79","163791263"
"chr4","170908229","170908537","chr7","104960441","104960754","37","65947788"
"chr4","170913569","170913870","chr5","17983640","17983937","61","152929929"
"chr4","170951435","170951703","chr20","112427649","112427915","59","58523786"
"chr4","171075951","171076233","chr16","62924094","62924377","72","108151857"
"chr4","171098404","171098697","chr7","105104167","105104460","20","65994237"
"chr4","171151206","171151497","chr7","105140269","105140564","22","66010937"
"chr4","171157301","171157560","chrX","95986180","95986423","64","75171121"
"chr4","171168038","171168328","chr7","105157157","105157452","31","66010881"
"chr4","171192483","171192794","chr5","12204008","12204319","69","158988475"
"chr4","171201409","171201716","chr7","105189565","105189868","34","66011844"
"chr4","171210459","171210606","chr6","3176418","3176567","26","168034041"
"chr4","171210900","171211065","chr17","58752363","58752527","29","112458537"
"chr4","171213762","171214040","chr28_KE148105v1_random","328212","328482","68","170885550"
"chr4","171216609","171216885","chr7","105204266","105204544","21","66012343"
"chr4","171238410","171238708","chr11","404925","405223","62","170833485"
"chr4","171241576","171241876","chr28","16712194","16712487","76","154529382"
"chr4","171259242","171259530","chr2","66773666","66773952","64","104485576"
"chr4","171302629","171302925","chr11","116730589","116730886","54","54572040"
"chr4","171319426","171319710","chr7","105295118","105295407","30","66024308"
"chr4","171344566","171344873","chr18","32854753","32855059","67","138489813"
"chr4","171355119","171355421","chr7","105330809","105331094","34","66024310"
"chr4","171362735","171363037","chr7","105338345","105338651","31","66024390"
"chr4","171369103","171369389","chr7","105344712","105345008","32","66024391"
"chr4","171371918","171372226","chr2","18885280","18885593","61","152486638"
"chr4","171387213","171387498","chr7","105362973","105363275","39","66024240"
"chr4","171486223","171486501","chr7","105450657","105450946","34","66035566"
"chr4","171500441","171500495","chr18","22428835","22428884","7","149071606"
"chr4","171502045","171502287","chr5","66431257","66431497","52","105070788"
"chr4","171503469","171503768","chr7","105466149","105466478","63","66037320"
"chr4","171514372","171514625","chr7","105477510","105477767","18","66036862"
"chr4","171538583","171538883","chr28","18723682","18723992","51","152814901"
"chr4","171563822","171564112","chr7","105513061","105513351","10","66050761"
"chr4","171569586","171569875","chr7","105518774","105519058","25","66050812"
"chr4","171574356","171574418","chr7","105523553","105523617","5","66050803"
"chr4","171580683","171580745","chr7","105523553","105523617","5","66057130"
"chr4","171616328","171616608","chrX","23075277","23075553","56","148541051"
"chr4","171617806","171618076","chr12","87334913","87335173","55","84282893"
"chr4","171619315","171619591","chr7","105563324","105563595","14","66055991"
"chr4","171629574","171629882","chr6","26431450","26431754","63","145198124"
"chr4","171632732","171633007","chr7","105576416","105576718","45","66056316"
"chr4","171638150","171638435","chr3","9419338","9419627","59","162218812"
"chr4","171657062","171657350","chr7","105601909","105602208","39","66055153"
"chr4","171676496","171676797","chr10","62864947","62865247","58","108811549"
"chr4","171697779","171698071","chr7","105643697","105643999","29","66054082"
"chr4","171721268","171721395","chr6","32572959","32573083","23","139148309"
"chr4","171736222","171736532","chr25","26510915","26511216","75","145225307"
"chr4","171789521","171789840","chr7","105739658","105739942","58","66049863"
"chr4","171812113","171812421","chr7","105761883","105762184","44","66050230"
"chr4","171880659","171880940","chr7","105826661","105826955","28","66053998"
"chr4","171934705","171934990","chr7","105880472","105880763","20","66054233"
"chr4","171940303","171940595","chr8","28798213","28798504","59","143142090"
"chr4","171950265","171950542","chr7","105896938","105897196","32","66053327"
"chr4","171973692","171973978","chr7","105916274","105916559","20","66057418"
"chr4","171977585","171977684","chr13","19676409","19676513","25","152301176"
"chr4","171981097","171981361","chr7","105924007","105924275","20","66057090"
"chr4","171981996","171982135","chr7","105924875","105925025","26","66057121"
"chr4","171984036","171984297","chr27","40190981","40191239","64","131793055"
"chr4","171997909","171998182","chr13","35007760","35008031","52","136990149"
"chr4","172023957","172024072","chr7","105948785","105948900","4","66075172"
"chr4","172043976","172044160","chr7","105973393","105973577","17","66070583"
"chr4","172065443","172065743","chrX","38566822","38567123","63","133498621"
"chr4","172118549","172118839","chr10","60902734","60903037","69","111215815"
"chr4","172178118","172178418","chr7","106099902","106100197","33","66078216"
"chr4","172242146","172242437","chr7","106161937","106162225","27","66080209"
"chr4","172286639","172286979","chr7","106200162","106200518","51","66086477"
"chr4","172351659","172351941","chr11","66347869","66348164","58","106003790"
"chr4","172389288","172389602","chr7","13328647","13328958","68","159060641"
"chr4","172396574","172396879","chr7","106305802","106306103","27","66090772"
"chr4","172830098","172830261","chr7","106705510","106705658","22","66124588"
"chr4","172836858","172837026","chr7","106712036","106712203","21","66124822"
"chr4","172837064","172837181","chr7","106712238","106712353","19","66124826"
"chr4","173112987","173113285","chr11","8139723","8140016","80","164973264"
"chr4","173139954","173140293","chr2","35878899","35879181","155","137261055"
"chr4","173161734","173162066","chr7","107013720","107014028","68","66148014"
"chr4","173254747","173255030","chr7","107102794","107103054","54","66151953"
"chr4","173316403","173316705","chr7","107152904","107153180","48","66163499"
"chr4","173400988","173401114","chr11","1676982","1677109","30","171724006"
"chr4","173469057","173469224","chr1","121478697","121478864","49","51990360"
"chr4","173649365","173649645","chr7","107465272","107465565","38","66184093"
"chr4","173649950","173649967","chr6","7410178","7410192","3","166239772"
"chr4","173756369","173756506","chr11","105038608","105038741","31","68717761"
"chr4","173816985","173817233","chr14","36104815","36105058","60","137712170"
"chr4","173863245","173863518","chr21","108214844","108215117","62","65648401"
"chr4","173916423","173916703","chr7","107730132","107730413","14","66186291"
"chr4","173946730","173947010","chr7","107730132","107730413","14","66216598"
"chr4","174038755","174038888","chr14","41979094","41979219","38","132059661"
"chr4","174059272","174059402","chr7","107839238","107839360","18","66220034"
"chr4","174169920","174170223","chr5","27183088","27183389","71","146986832"
"chr4","174204508","174204809","chr7","107979879","107980181","26","66224629"
"chr4","174266335","174266524","chr7","108047661","108047864","27","66218674"
"chr4","174347726","174347997","chr20","108864308","108864582","59","65483418"
"chr4","174383882","174384186","chr7","108160971","108161270","27","66222911"
"chr4","174405763","174406059","chr7","108181051","108181351","29","66224712"
"chr4","174435617","174435909","chr7","108226780","108227062","22","66208837"
"chr4","174645908","174646212","chr24","54921299","54921588","67","119724609"
"chr4","174659023","174659318","chr7","108436887","108437178","22","66222136"
"chr4","174720622","174720896","chr7","108505939","108506228","38","66214683"
"chr4","174813522","174813780","chr7","108600830","108601099","34","66212692"
"chr4","174843519","174843784","chr7","108630496","108630761","17","66213023"
"chr4","175002498","175002742","chr9","87195852","87196100","58","87806646"
"chr4","175083146","175083435","chr7","108869567","108869856","25","66213579"
"chr4","175119764","175120025","chr7","108907810","108908079","29","66211954"
"chr4","175168394","175168659","chrX","110184193","110184459","58","64984201"
"chr4","175189886","175190175","chr20","86519931","86520216","60","88669955"
"chr4","175320509","175320772","chr20","97167785","97168045","73","78152724"
"chr4","175328675","175328972","chr5","60762244","60762533","65","114566431"
"chr4","175345255","175345525","chrX","86082554","86082821","60","89262701"
"chr4","175441069","175441369","chr7","109200163","109200453","37","66240906"
"chr4","175510115","175510331","chr18","71605520","71605735","55","103904595"
"chr4","175522053","175522343","chr7","109281433","109281726","21","66240620"
"chr4","175699323","175699561","chr7","109468671","109468903","20","66230652"
"chr4","175759978","175760265","chr11","45404639","45404928","67","130355339"
"chr4","175784148","175784268","chr13","66396263","66396387","26","109387885"
"chr4","175790052","175790342","chr7","109548417","109548717","33","66241635"
"chr4","175912540","175912839","chrX","110254025","110254327","58","65658515"
"chr4","175924450","175924730","chr7","109672507","109672810","48","66251943"
"chr4","175940026","175940328","chr7","109689772","109690058","37","66250254"
"chr4","175961223","175961498","chr7","109710743","109711022","24","66250480"
"chr4","175989048","175989179","chr7","109738494","109738625","10","66250554"
"chr4","176019815","176019947","chr6","14775357","14775489","21","161244458"
"chr4","176055606","176055929","chr9","112297756","112298061","72","63757850"
"chr4","176061660","176061957","chr7","109804359","109804639","31","66257301"
"chr4","176075422","176075626","chr19","14880267","14880473","54","161195155"
"chr4","176143257","176143384","chr7","109886640","109886769","10","66256617"
"chr4","176208606","176208890","chr7","109948352","109948635","29","66260254"
"chr4","176221459","176221759","chr7","109961528","109961836","51","66259931"
"chr4","176410142","176410450","chr20","88240929","88241239","70","88169213"
"chr4","176466874","176467182","chr20","88240929","88241239","70","88225945"
"chr4","176580878","176581143","chr7","110262954","110263229","51","66317924"
"chr4","176670444","176670577","chr1","8858468","8858597","21","167811976"
"chr4","176673433","176673738","chr1","12418968","12419282","30","164254465"
"chr4","176691684","176691926","chr20","121770467","121770712","51","54921217"
"chr4","176737983","176738251","chr7","110407410","110407670","35","66330573"
"chr4","177007486","177007609","chr7","110661148","110661277","16","66346338"
"chr4","177091280","177091483","chr6","8991417","8991619","50","168099863"
"chr4","177238817","177239091","chr7","110887708","110887982","22","66351109"
"chr4","177460403","177460716","chr7","111117014","111117335","24","66343389"
"chr4","177516488","177516798","chr6","32543554","32543861","66","144972934"
"chr4","177528993","177529295","chr28","18723682","18723992","63","158805311"
"chr4","177574736","177575042","chr11","105317852","105318151","76","72256884"
"chr4","177588967","177589272","chr7","111232927","111233230","22","66356040"
"chr4","177595723","177596014","chr11","6287669","6287956","64","171308054"
"chr4","177629900","177630173","chr7","111271851","111272125","28","66358049"
"chr4","177634608","177634895","chr5","15016789","15017086","53","162617819"
"chr4","177640255","177640568","chr13","78666775","78667072","71","98973480"
"chr4","177647070","177647343","chr7","111335847","111336120","24","66311223"
"chr4","177653212","177653550","chr7","111300463","111300764","62","66352749"
"chr4","177682700","177682822","chr11","113592846","113592970","18","64089854"
"chr4","177710841","177710956","chrX","129080057","129080171","20","48630784"
"chr4","177714745","177714872","chr24","50120918","50121035","29","127593827"
"chr4","177721355","177721482","chr2","44533504","44533635","27","133187851"
"chr4","177726532","177726817","chr7","111390617","111390902","22","66335915"
"chr4","177755392","177755588","chr7","111420116","111420287","31","66335276"
"chr4","177755895","177756067","chr10","2612061","2612216","45","175143834"
"chr4","177759826","177759959","chr9","43899540","43899673","17","133860286"
"chr4","177763779","177763853","chr18","8137839","8137907","20","169625940"
"chr4","177782526","177782839","chr7","111449178","111449493","22","66333348"
"chr4","177786545","177786583","chr6","29291416","29291455","12","148495129"
"chr4","177796095","177796401","chr2","58980970","58981271","63","118815125"
"chr4","177796529","177796720","chr2","47711104","47711292","50","130085425"
"chr4","177802030","177802219","chrX","22351639","22351826","37","155450391"
"chr4","177804038","177804350","chr7","111480866","111481177","18","66323172"
"chr4","177811056","177811339","chr26","6150165","6150453","60","171660891"
"chr4","177813217","177813482","chr10","84982540","84982818","67","92830677"
"chr4","177831699","177831964","chr10","84982540","84982818","67","92849159"
"chr4","177907929","177908056","chr21","22550078","22550205","11","155357851"
"chr4","177908349","177908442","chr13","55562793","55562889","28","122345556"
"chr4","177917580","177917697","chr7","111582317","111582434","7","66335263"
"chr4","177926939","177927050","chr7","111582317","111582434","22","66344622"
"chr4","177955537","177955838","chr12","40601683","40601983","47","137353854"
"chr4","178042990","178043300","chr7","111712508","111712829","26","66330482"
"chr4","178077906","178078146","chr7","111752717","111752959","23","66325189"
"chr4","178091301","178091621","chr18","32854753","32855059","58","145236548"
"chr4","178101028","178101173","chr6","18164008","18164144","40","159937020"
"chr4","178101483","178101605","chr23","81696458","81696579","32","96405025"
"chr4","178135678","178135994","chr4","72390177","72390495","52","105745501"
"chr4","178160649","178160950","chr6","28194245","28194544","61","149966404"
"chr4","178212669","178212952","chr7","111886607","111886879","46","66326062"
"chr4","178366782","178366894","chr28","13532213","13532335","27","164834569"
"chr4","178390994","178391312","chr13","52246938","52247246","86","126144056"
"chr4","178485229","178485538","chr7","112135776","112136069","37","66349453"
"chr4","178561664","178561963","chr7","112193744","112194055","36","66367920"
"chr4","178693888","178694188","chr25","1851212","1851496","72","176842676"
"chr4","178694233","178694246","chr19","13501559","13501572","2","165192674"
"chr4","178708606","178708765","chr19","21029387","21029548","40","157679219"
"chr4","178731436","178731745","chr7","112353521","112353836","25","66377915"
"chr4","178874230","178874549","chr11","104926282","104926592","74","73947948"
"chr4","178906775","178907095","chr7","112527209","112527511","38","66379566"
"chr4","179213114","179213400","chr18","21204763","21205045","59","158008351"
"chr4","179407889","179408203","chr7","112971894","112972206","33","66435995"
"chr4","179459682","179459882","chr7","113030830","113031041","34","66428852"
"chr4","179516220","179516527","chr7","113068240","113068558","34","66447980"
"chr4","179557108","179557398","chr5","19965901","19966195","77","159591207"
"chr4","179561362","179561636","chr7","113115640","113115912","31","66445722"
"chr4","179609783","179610108","chr7","113158651","113158964","36","66451132"
"chr4","179620869","179621088","chr7","113171466","113171675","20","66449403"
"chr4","179639559","179639865","chr7","113189917","113190215","38","66449642"
"chr4","179754534","179754817","chr7","113305525","113305804","34","66449009"
"chr4","179768301","179768527","chr9","30556258","30556494","61","149212043"
"chr4","179873307","179873547","chr7","113426554","113426793","16","66446753"
"chr4","179946494","179946800","chr7","113502246","113502561","33","66444248"
"chr4","179962429","179962747","chr7","113517932","113518250","21","66444497"
"chr4","179963140","179963441","chr7","113518660","113518945","48","66444480"
"chr4","179987057","179987418","chr6","40773095","40773406","127","139213962"
"chr4","180056900","180057018","chrX","20103770","20103890","25","159953130"
"chr4","180306647","180306901","chr7","113866169","113866437","34","66440478"
"chr4","180323780","180324096","chr20","88100516","88100832","66","92223264"
"chr4","180408559","180408832","chr3","23179599","23179873","76","157228960"
"chr4","180574804","180575077","chr11","12604518","12604784","71","167970286"
"chr4","180640317","180640587","chr7","114184281","114184551","20","66456036"
"chr4","180732940","180733228","chr6","30589359","30589650","53","150143581"
"chr4","180735768","180735892","chr14","82354648","82354772","19","98381120"
"chr4","181107052","181107255","chr7","114617066","114617268","13","66489986"
"chr4","181107685","181107806","chr7","114617701","114617823","6","66489984"
"chr4","181116066","181116355","chr10","76220349","76220648","54","104895717"
"chr4","181127885","181128142","chr20","123425401","123425659","58","57702484"
"chr4","181160020","181160141","chr1","109948378","109948499","28","71211642"
"chr4","181237835","181238147","chr7","114738357","114738669","22","66499478"
"chr4","181246961","181247264","chr5","17514062","17514363","59","163732899"
"chr4","181247721","181247970","chr6","32650551","32650810","64","148597170"
"chr4","181249213","181249493","chr22","79482945","79483219","66","101766268"
"chr4","181307853","181308177","chr7","114807181","114807501","29","66500672"
"chr4","181349335","181349616","chr7","114848441","114848726","15","66500894"
"chr4","181382810","181383114","chr7","114881774","114882077","21","66501036"
"chr4","181406315","181406624","chr7","114903850","114904159","32","66502465"
"chr4","181423438","181423737","chr10","117605159","117605457","52","63818279"
"chr4","181436817","181437116","chr12","40601683","40601983","57","140835134"
"chr4","181474804","181475078","chr5","19360142","19360408","55","162114662"
"chr4","181479263","181479409","chr3","10071166","10071312","27","171408097"
"chr4","181486363","181486463","chr7","114979330","114979425","12","66507033"
"chr4","181487521","181487654","chrX","5774221","5774355","26","175713300"
"chr4","181494237","181494551","chr7","114987127","114987443","28","66507110"
"chr4","181556187","181556460","chr25","50682150","50682420","60","130874037"
"chr4","181566992","181567266","chr7","115059100","115059375","14","66507892"
"chr4","181583759","181584041","chr7","115075928","115076189","39","66507831"
"chr4","181605962","181606158","chr8","16210545","16210747","43","165395417"
"chr4","181615142","181615439","chr14","64724578","64724872","62","116890564"
"chr4","181651238","181651537","chr7","115142774","115143080","21","66508464"
"chr4","181687850","181687932","chr21","33272076","33272161","24","148415774"
"chr4","181699056","181699397","chr16","47341907","47342220","82","134357149"
"chr4","181752607","181752894","chr8","98215824","98216113","60","83536783"
"chr4","181766932","181767209","chr7","115237245","115237482","49","66529687"
"chr4","181777978","181778288","chrX","61981315","61981615","72","119796663"
"chr4","181786436","181786749","chr25","9749133","9749444","59","172037303"
"chr4","181791946","181792239","chr16","1539966","1540259","58","180251980"
"chr4","181799223","181799499","chr7","115270495","115270769","23","66528728"
"chr4","181809168","181809461","chr28","18192135","18192423","54","163617033"
"chr4","181813579","181813890","chr7","115281293","115281600","28","66532286"
"chr4","181823081","181823371","chr16","62924094","62924377","59","118898987"
"chr4","181832038","181832307","chr7","130579548","130579834","58","51252490"
"chr4","181849875","181850132","chr7","115319404","115319666","23","66530471"
"chr4","181853095","181853207","chr5","11523618","11523733","17","170329477"
"chr4","181877661","181877943","chr7","115347458","115347754","39","66530203"
"chr4","181892950","181893258","chr7","115362411","115362737","47","66530539"
"chr4","181901418","181901541","chr7","115371005","115371128","4","66530413"
"chr4","181933952","181934220","chr7","115403265","115403532","23","66530687"
"chr4","181949629","181949816","chr7","115420176","115420342","27","66529453"
"chr4","181972740","181973035","chr25","48235927","48236226","57","133736813"
"chr4","181992681","181992972","chr5","69933160","69933446","54","112059521"
"chr4","182003166","182003283","chr7","115471138","115471255","5","66532028"
"chr4","182023191","182023485","chr7","115489956","115490250","37","66533235"
"chr4","182052332","182052639","chr7","115516971","115517278","25","66535361"
"chr4","182052814","182053115","chr7","115517431","115517736","33","66535383"
"chr4","182111212","182111491","chr6","24793332","24793610","65","157317880"
"chr4","182127916","182128211","chr12","26204400","26204703","57","155923516"
"chr4","182154112","182154409","chr7","115612932","115613213","31","66541180"
"chr4","182159800","182160084","chr7","115618682","115618972","23","66541118"
"chr4","182161839","182162117","chr7","115620696","115620989","42","66541143"
"chr4","182169598","182169909","chr7","115627917","115628205","44","66541681"
"chr4","182173274","182173557","chr7","115631545","115631855","47","66541729"
"chr4","182175621","182175805","chr10","122153519","122153697","41","60022102"
"chr4","182176096","182176223","chr10","57264984","57265114","20","124911112"
"chr4","182195180","182195438","chr7","115653990","115654250","23","66541190"
"chr4","182195534","182195787","chr7","115654344","115654623","47","66541190"
"chr4","182197806","182198079","chr7","115656633","115656905","21","66541173"
"chr4","182205867","182206150","chr7","115663098","115663391","34","66542769"
"chr4","182212731","182213011","chr6","7182086","7182362","77","175030645"
"chr4","182215146","182215435","chr7","76862326","76862612","70","105352820"
"chr4","182243331","182243617","chr7","100004451","100004733","66","82238880"
"chr4","182243958","182244089","chr16","21975681","21975813","19","160268277"
"chr4","182251087","182251220","chr11","63993004","63993136","26","118258083"
"chr4","182252690","182252972","chr7","115704162","115704471","52","66548528"
"chr4","182310178","182310490","chr7","115735995","115736281","53","66574183"
"chr4","182316623","182316911","chr11","45667226","45667504","72","136649397"
"chr4","182337222","182337534","chr6","30160553","30160860","58","152176669"
"chr4","182346755","182347051","chr7","115792420","115792718","32","66554335"
"chr4","182361677","182361980","chr7","115804639","115804955","44","66557038"
"chr4","182401673","182401796","chr7","115843680","115843803","9","66557993"
"chr4","182405395","182405575","chr14","96512361","96512545","48","85893034"
"chr4","182406408","182406527","chr7","115848751","115848874","12","66557657"
"chr4","182407836","182408104","chr6","11668104","11668371","53","170739732"
"chr4","182419819","182420126","chr7","115862182","115862481","26","66557637"
"chr4","182421064","182421288","chr7","115863394","115863617","9","66557670"
"chr4","182466143","182466345","chr16","24192433","24192632","37","158273710"
"chr4","182469569","182469813","chr7","115911397","115911644","21","66558172"
"chr4","182516631","182516910","chr7","115961582","115961856","30","66555049"
"chr4","182538922","182539200","chr7","115983769","115984053","41","66555153"
"chr4","182561057","182561340","chr7","116016201","116016492","42","66544856"
"chr4","182575511","182575832","chr28","15141829","15142140","64","167433682"
"chr4","182578241","182578526","chr7","116029905","116030186","23","66548336"
"chr4","182596648","182596934","chr24","28247876","28248163","55","154348772"
"chr4","182598708","182598986","chr1","12209020","12209295","67","170389688"
"chr4","182602131","182602400","chr7","116045760","116046004","46","66556371"
"chr4","182609273","182609581","chr4","65107357","65107682","77","117501916"
"chr4","182627329","182627642","chr7","116066599","116066910","29","66560730"
"chr4","182629901","182630220","chr7","116069162","116069498","56","66560739"
"chr4","182641032","182641181","chr9","8260430","8260579","28","174380602"
"chr4","182663997","182664287","chr25","1851212","1851496","59","180812785"
"chr4","182676749","182676927","chr7","116114933","116115124","38","66561816"
"chr4","182685766","182685841","chr7","116123575","116123650","7","66562191"
"chr4","182721216","182721505","chr7","98666791","98667078","61","84054425"
"chr4","182739171","182739431","chr7","116182098","116182355","17","66557073"
"chr4","182767423","182767710","chr20","88447642","88447934","60","94319781"
"chr4","182784073","182784360","chr20","88447642","88447934","60","94336431"
"chr4","182811974","182812249","chr7","116226767","116227037","24","66585207"
"chr4","182825341","182825633","chr7","116239996","116240281","26","66585345"
"chr4","182867516","182867782","chr16","59928432","59928695","79","122939084"
"chr4","182873907","182874022","chr11","53209838","53209955","16","129664069"
"chr4","182878184","182878451","chr7","116294429","116294726","49","66583755"
"chr4","182885814","182886090","chrX","7630430","7630699","63","175255384"
"chr4","182947551","182947849","chr7","116351925","116352234","34","66595626"
"chr4","182985846","182986151","chr15","64611902","64612212","68","118373944"
"chr4","183000452","183000743","chr19","13348929","13349218","59","169651523"
"chr4","183022188","183022466","chr21","60739547","60739825","62","122282641"
"chr4","183135867","183136141","chr7","116524756","116525057","61","66611111"
"chr4","183269737","183270004","chr21","25351954","25352213","72","157917783"
"chr4","183280578","183280656","chr7","116663792","116663870","7","66616786"
"chr4","183321711","183321993","chr7","116707952","116708237","21","66613759"
"chr4","183340380","183340666","chr7_AQIB01157334v1_random","2174","2442","42","183338206"
"chr4","183500091","183500384","chr16","44761162","44761453","58","138738929"
"chr4","183555393","183555682","chr11","120183576","120183861","68","63371817"
"chr4","183615122","183615304","chr7","116932280","116932462","17","66682842"
"chr4","183873671","183873898","chr7","117176177","117176411","31","66697494"
"chr4","183880575","183880831","chr7","117186353","117186606","37","66694222"
"chr4","183881021","183881351","chr7","117186775","117187116","60","66694246"
"chr4","184119222","184119514","chr7","117441320","117441623","36","66677902"
"chr4","184136641","184136914","chr8","88466509","88466779","71","95670132"
"chr4","184290836","184291172","chr7","117616742","117617063","46","66674094"
"chr4","184296640","184296791","chr16","22923310","22923462","36","161373330"
"chr4","184306429","184306719","chr7","117632794","117633088","28","66673635"
"chr4","184337088","184337389","chr2","1052437","1052733","60","183284651"
"chr4","184399772","184400105","chr1","18781131","18781448","97","165618641"
"chr4","184410696","184410972","chr7","117747540","117747819","26","66663156"
"chr4","184529408","184529691","chr7","117894657","117894940","21","66634751"
"chr4","184530777","184530979","chr7","117896219","117896430","26","66634558"
"chr4","184552747","184553079","chr12","2637643","2637951","84","181915104"
"chr4","184554791","184555087","chr14","96795436","96795718","81","87759355"
"chr4","184559326","184559494","chr7","117927550","117927724","27","66631776"
"chr4","184561813","184561825","chr23","78460348","78460360","0","106101465"
"chr4","184561828","184561955","chr8","119866013","119866140","27","64695815"
"chr4","184598108","184598411","chr7","117966165","117966448","50","66631943"
"chr4","184645172","184645440","chr7","118011942","118012243","49","66633230"
"chr4","184670094","184670381","chr7","118037642","118037928","19","66632452"
"chr4","184706729","184707011","chr19","18362170","18362446","60","166344559"
"chr4","184713112","184713322","chr7","118072435","118072641","17","66640677"
"chr4","184810771","184811092","chr21","107450772","107451077","73","77359999"
"chr4","184864507","184864780","chr15","51635083","51635359","71","133229424"
"chr4","184879606","184879869","chr7","118226178","118226454","27","66653428"
"chr4","185252099","185252224","chr7","118576504","118576629","4","66675595"
"chr4","185255908","185256204","chr7","118580573","118580876","24","66675335"
"chr4","185257337","185257663","chr7","118582004","118582328","30","66675333"
"chr4","185268028","185268317","chr19","19050731","19051009","76","166217297"
"chr4","185284337","185284616","chr7","118609785","118610067","22","66674552"
"chr4","185313556","185313854","chrX","17354908","17355199","60","167958648"
"chr4","185348347","185348645","chr7","118671993","118672281","49","66676354"
"chr4","185409551","185409736","chr26","2632526","2632699","47","182777025"
"chr4","185610226","185610515","chrX","59107360","59107645","64","126502866"
"chr4","185664566","185664701","chr6","43534391","43534526","30","142130175"
"chr4","185733322","185733618","chr7","119078238","119078535","20","66655084"
"chr4","185738002","185738292","chr7","119061157","119061487","68","66676845"
"chr4","185739635","185739942","chr25","63091654","63091961","62","122647981"
"chr4","185885020","185885310","chr16","874937","875226","53","185010083"
"chr4","185913249","185913390","chr7","119221739","119221888","20","66691510"
"chr4","185933944","185934222","chr7","119246675","119246953","23","66687269"
"chr4","185944687","185944851","chr5","70662095","70662253","35","115282592"
"chr4","185945119","185945298","chr7","119258293","119258475","12","66686826"
"chr4","185964705","185965013","chr7","119277845","119278157","29","66686860"
"chr4","186032592","186032876","chr7","119340172","119340460","25","66692420"
"chr4","186100001","186100168","chr9","26095932","26096095","33","160004069"
"chr4","186113399","186113710","chr7","119422046","119422352","23","66691353"
"chr4","186147855","186148145","chr22","58366192","58366480","64","127781663"
"chr4","186154646","186154938","chr7","119464871","119465165","14","66689775"
"chr4","186155842","186155989","chr7","119466070","119466215","12","66689772"
"chr4","186160023","186160141","chr7","119470131","119470243","16","66689892"
"chr4","186187398","186187696","chr7","119498005","119498309","21","66689393"
"chr4","186187751","186187964","chr16","17905048","17905278","54","168282703"
"chr4","186226801","186227099","chr7","119537201","119537503","19","66689600"
"chr4","186229628","186229929","chr7","119539977","119540269","24","66689651"
"chr4","186280693","186280705","chr2","29338645","29338656","1","156942048"
"chr4","186280779","186281035","chr7","119591661","119591946","52","66689118"
"chr4","186285530","186285808","chr7","119594725","119594985","31","66690805"
"chr4","186358763","186358948","chr16","62607487","62607666","30","123751276"
"chr4","186367167","186367468","chrX","41518133","41518421","72","144849034"
"chr4","186371129","186371435","chr28","15141829","15142140","51","171229300"
"chr4","186435963","186436261","chr9","112297756","112298061","64","74138207"
"chr4","186487284","186487595","chr12","80272079","80272383","60","106215205"
"chr4","186510031","186510320","chr8","52051424","52051714","54","134458607"
"chr4","186555105","186555410","chr4","73386457","73386738","75","113168648"
"chr4","186855481","186855771","chr20","106743553","106743828","66","80111928"
"chr4","186883361","186883552","chr11","116298102","116298291","44","70585259"
"chr4","186883709","186883996","chr6","5579741","5580022","55","181303968"
"chr4","186910432","186910718","chr7","120166508","120166811","32","66743924"
"chr4","186914793","186915097","chr7","120171883","120172186","25","66742910"
"chr4","186921308","186921516","chr11","60220611","60220813","50","126700697"
"chr4","187027491","187027606","chr7","120288305","120288420","8","66739186"
"chr4","187044206","187044497","chr7","120305034","120305326","50","66739172"
"chr4","187158969","187159269","chr7","120421526","120421832","27","66737443"
"chr4","187162535","187162848","chr7","120425118","120425428","21","66737417"
"chr4","187169881","187170183","chrX","15533838","15534136","71","171636043"
"chr4","187175865","187175937","chr24","69310061","69310132","17","117865804"
"chr4","187190741","187190968","chr7","120456847","120457087","30","66733894"
"chr4","187262877","187263168","chr7","120527890","120528182","16","66734987"
"chr4","187278293","187278578","chr1","108908958","108909246","65","78369335"
"chr4","187298624","187298899","chr7","120565473","120565756","28","66733151"
"chr4","187312798","187312881","chr10","88006620","88006707","23","99306178"
"chr4","187312955","187313109","chr12","98702942","98703098","28","88610013"
"chr4","187336474","187336787","chr7","120602251","120602564","21","66734223"
"chr4","187370377","187370688","chr7","120635570","120635872","33","66734807"
"chr4","187371705","187371933","chr7","120636870","120637090","26","66734835"
"chr4","187521312","187521602","chrX","18306748","18307033","61","169214564"
"chr4","187552686","187552931","chr5","21701363","21701621","55","165851323"
"chr4","187567015","187567316","chr5","17983640","17983937","68","169583375"
"chr4","187682531","187682824","chr7","120921616","120921911","24","66760915"
"chr4","187689077","187689372","chr7","120928137","120928436","35","66760940"
"chr4","187771329","187771484","chr11","120027850","120028004","47","67743479"
"chr4","187846295","187846493","chr22","11329369","11329565","39","176516926"
"chr4","187972667","187972963","chr22","18532485","18532779","72","169440182"
"chr4","188028805","188029065","chr7","121283388","121283671","55","66745417"
"chr4","188092106","188092388","chr12","103939005","103939299","62","84153101"
"chr4","188144136","188144446","chr26","51897937","51898234","82","136246199"
"chr4","188179733","188180048","chr2","45936173","45936482","64","142243560"
"chr4","188217803","188218066","chr7","121482827","121483103","51","66734976"
"chr4","188242861","188243154","chr7","121508161","121508453","26","66734700"
"chr4","188269620","188269882","chr26","11274748","11275016","51","176994872"
"chr4","188315771","188315963","chr15","40073963","40074157","59","148241808"
"chr4","188316240","188316341","chr7","47187360","47187455","24","141128880"
"chr4","188346703","188347013","chr7","121605403","121605709","20","66741300"
"chr4","188521416","188521618","chr10","81407403","81407597","42","107114013"
"chr4","188558077","188558352","chr7","121805908","121806206","46","66752169"
"chr4","188568772","188569074","chr7","121815803","121816106","23","66752969"
"chr4","188629536","188629825","chr7","121878079","121878368","21","66751457"
"chr4","188649454","188649563","chr7","121898086","121898185","17","66751368"
"chr4","188649875","188650064","chr7","121898487","121898676","16","66751388"
"chr4","188720619","188720902","chr7","121970010","121970276","55","66750609"
"chr4","188762798","188763115","chr7","122011245","122011574","30","66751553"
"chr4","188780340","188780474","chr7","122028778","122028912","8","66751562"
"chr4","188818729","188819115","chr7","122065188","122065508","97","66753541"
"chr4","188861942","188861958","chr24","81382606","81382622","2","107479336"
"chr4","188862007","188862278","chr7","122105104","122105382","35","66756903"
"chr4","188865918","188866234","chr12","40601683","40601983","64","148264235"
"chr4","188905511","188905809","chr9","13071735","13072035","76","175833776"
"chr4","188909462","188909734","chr7","122150005","122150288","40","66759457"
"chr4","188910705","188910971","chr7","122151256","122151530","30","66759449"
"chr4","188977480","188977801","chr9","85612153","85612473","70","103365327"
"chr4","188989673","188989987","chr7","122229578","122229897","34","66760095"
"chr4","189009505","189009792","chr7","122275263","122275553","23","66734242"
"chr4","189011342","189011584","chr7","122273487","122273725","21","66737855"
"chr4","189035678","189035920","chr7","122273487","122273725","21","66762191"
"chr4","189037470","189037757","chr7","122275263","122275553","23","66762207"
"chr4","189070388","189070716","chr8","28909962","28910278","78","160160426"
"chr4","189083612","189083944","chr7","122319021","122319355","37","66764591"
"chr4","189142418","189142725","chr1","68408026","68408337","67","120734392"
"chr4","189380240","189380526","chr7","122593071","122593352","20","66787169"
"chr4","189395534","189395828","chr7","122607868","122608161","11","66787666"
"chr4","189456951","189457240","chr5","34212465","34212779","47","155244486"
"chr4","189487563","189487718","chr7","122699776","122699922","16","66787787"
"chr4","189639445","189639684","chr7","122874816","122875023","48","66764629"
"chr4","189647936","189648246","chr11","106552039","106552351","63","83095897"
"chr4","189663982","189664095","chr7","122896557","122896671","7","66767425"
"chr4","189832424","189832644","chr7","123072032","123072250","16","66760392"
"chr4","189848255","189848537","chr19","18296469","18296754","60","171551786"
"chr4","189960070","189960311","chr2","57173569","57173822","74","132786501"
"chr4","189976024","189976280","chr9","8271967","8272222","64","181704057"
"chr4","190037883","190038175","chr7","123271429","123271711","28","66766454"
"chr4","190087047","190087272","chr7","123325901","123326123","22","66761146"
"chr4","190101156","190101380","chr1","77452302","77452518","58","112648854"
"chr4","190122581","190122878","chr7","123356296","123356599","28","66766285"
"chr4","190131208","190131492","chr7","123364691","123364994","54","66766517"
"chr4","190143524","190143831","chr7","123377745","123378038","35","66765779"
"chr4","190147460","190147775","chr10","93756387","93756693","70","96391073"
"chr4","190159569","190159860","chr7","24681587","24681872","70","165477982"
"chr4","190166698","190166821","chr7","123396774","123396892","13","66769924"
"chr4","190172452","190172756","chr7","123402514","123402815","36","66769938"
"chr4","190209315","190209476","chr7","123438661","123438822","13","66770654"
"chr4","190216136","190216388","chr20","121698678","121698919","60","68517458"
"chr4","190220847","190221148","chr1","37772325","37772625","59","152448522"
"chr4","190271308","190271437","chr5","14380988","14381116","26","175890320"
"chr4","190309994","190310216","chr7","123516404","123516626","10","66793590"
"chr4","190312538","190312846","chr7","123518928","123519227","52","66793610"
"chr4","190345882","190346177","chr16","22935439","22935730","76","167410443"
"chr4","190353153","190353461","chr8","28937606","28937907","73","161415547"
"chr4","190519145","190519439","chr21","15020179","15020476","61","175498966"
"chr4","190573919","190574221","chr28","11168188","11168486","62","179405731"
"chr4","190652646","190652945","chr7","123858069","123858361","28","66794577"
"chr4","190712847","190713107","chr7","123923269","123923544","40","66789578"
"chr4","190819336","190819447","chr7","124023110","124023220","5","66796226"
"chr4","190837364","190837679","chr7","124041870","124042190","30","66795494"
"chr4","190889515","190889868","chr3","19764808","19765116","99","171124707"
"chr4","190960874","190961126","chr7","124156436","124156708","36","66804438"
"chr4","191096514","191096797","chr16","18580813","18581096","60","172515701"
"chr4","191163776","191164081","chr7","124394237","124394542","28","66769539"
"chr4","191193942","191194209","chr14","18375482","18375740","76","172818460"
"chr4","191245672","191245957","chr9","57575822","57576121","76","133669850"
"chr4","191311126","191311254","chr2","59013969","59014093","25","132297157"
"chr4","191375777","191376009","chr9","94382616","94382844","61","96993161"
"chr4","191376514","191376824","chr7","124529415","124529726","34","66847099"
"chr4","191459055","191459350","chr18","17455347","17455636","68","174003708"
"chr4","191491357","191491498","chr7","124643931","124644070","16","66847426"
"chr4","191491803","191491994","chr2","19334029","19334198","56","172157774"
"chr4","191500288","191500558","chr28","11712427","11712702","61","179787861"
"chr4","191505907","191506194","chr1","50357126","50357408","56","141148781"
"chr4","191632498","191632651","chr2","36564993","36565137","33","155067505"
"chr4","191665628","191665751","chr19","19333049","19333173","31","172332579"
"chr4","191717946","191718261","chr28","14670484","14670800","58","177047462"
"chr4","191847902","191848180","chr7","125013150","125013435","29","66834752"
"chr4","191865781","191866024","chr11","12267115","12267360","60","179598666"
"chr4","191897479","191897756","chr7","125059600","125059888","33","66837879"
"chr4","191928214","191928509","chr10","76220349","76220648","65","115707865"
"chr4","191999510","191999788","chr10","37080778","37081010","83","154918732"
"chr4","192085355","192085650","chr5","9762779","9763076","60","182322576"
"chr4","192088463","192088526","chr7","74487302","74487362","18","117601161"
"chr4","192097847","192098019","chr20","105025293","105025465","34","87072554"
"chr4","192204819","192205099","chr15","68384447","68384734","72","123820372"
"chr4","192271056","192271333","chr7","125422716","125422994","20","66848340"
"chr4","192289631","192289928","chr7","125437545","125437849","39","66852086"
"chr4","192330097","192330383","chr7","125473365","125473650","20","66856732"
"chr4","192338958","192339258","chr11","5885158","5885457","58","186453800"
"chr4","192379379","192379622","chr9","117452409","117452657","63","74926970"
"chr4","192392466","192392755","chr13","62303319","62303616","65","130089147"
"chr4","192447268","192447390","chr7","125588057","125588177","9","66859211"
"chr4","192490909","192491231","chr7","125632617","125632939","27","66858292"
"chr4","192517277","192517575","chr7","125657745","125658045","31","66859532"
"chr4","192541737","192542020","chr7","125680331","125680613","37","66861406"
"chr4","192795414","192795714","chr28","12494953","12495246","67","180300461"
"chr4","192815105","192815403","chr9","22225646","22225943","54","170589459"
"chr4","192879526","192879839","chr7","125985016","125985313","47","66894510"
"chr4","192931236","192931539","chr7","126033486","126033782","29","66897750"
"chr4","193018889","193019013","chr7","126122788","126122914","13","66896101"
"chr4","193031687","193031934","chr7","126135907","126136143","46","66895780"
"chr4","193099576","193099683","chr7","126191418","126191536","28","66908158"
"chr4","193124463","193124777","chr7","126216379","126216695","33","66908084"
"chr4","193149905","193150170","chr12","13960019","13960279","63","179189886"
"chr4","193198035","193198335","chr3","11027237","11027540","78","182170798"
"chr4","193225918","193226064","chrX","128554863","128555004","33","64671055"
"chr4","193226381","193226551","chr5","72720395","72720563","33","120505986"
"chr4","193252076","193252369","chr7","126345705","126346018","53","66906371"
"chr4","193322306","193322560","chr7","126407395","126407682","59","66914911"
"chr4","193328894","193329192","chr14","63194605","63194903","61","130134289"
"chr4","193407498","193407624","chr7","126491530","126491657","8","66915968"
"chr4","193446449","193446567","chr21","73194408","73194498","39","120252041"
"chr4","193453948","193454235","chrX","2168537","2168832","74","191285411"
"chr4","193517589","193517708","chr6","5143425","5143546","19","188374164"
"chr4","193527307","193527596","chr7","126615106","126615400","25","66912201"
"chr4","193552927","193553078","chr6","29247462","29247616","36","164305465"
"chr4","193553104","193553218","chrX","41726137","41726251","17","151826967"
"chr4","193564052","193564140","chr24","48443397","48443483","23","145120655"
"chr4","193564180","193564363","chr7","126651539","126651695","42","66912641"
"chr4","193572388","193572709","chr7","126659871","126660217","55","66912517"
"chr4","193675812","193675937","chr7","126756095","126756217","18","66919717"
"chr4","193677906","193678188","chr7","126758242","126758524","33","66919664"
"chr4","193702540","193702844","chr7","126782940","126783236","37","66919600"
"chr4","193707257","193707379","chr12","42710438","42710562","21","150996819"
"chr4","193714127","193714418","chr7","126794442","126794745","36","66919685"
"chr4","193716353","193716610","chr17","67419404","67419667","75","126296949"
"chr4","193767346","193767641","chr7","126848805","126849100","25","66918541"
"chr4","193829315","193829532","chr5","3286278","3286478","50","190543037"
"chr4","193844991","193845268","chr19","23751811","23752092","64","170093180"
"chr4","193864559","193864878","chr9","107538597","107538913","74","86325962"
"chr4","193873602","193873906","chr7","126963467","126963767","26","66910135"
"chr4","193996620","193996881","chr7","127087952","127088207","57","66908668"
"chr4","194019882","194019996","chr7","127108822","127108936","11","66911060"
"chr4","194112054","194112280","chr7","127198423","127198652","18","66913631"
"chr4","194130642","194130769","chr5","25559772","25559894","20","168570870"
"chr4","194149780","194150094","chr7","127236233","127236550","31","66913547"
"chr4","194151187","194151492","chr7","127237625","127237972","66","66913562"
"chr4","194158225","194158544","chr19","13742005","13742323","65","180416220"
"chr4","194213627","194213918","chr7","127296985","127297278","24","66916642"
"chr4","194248957","194249104","chr9","34021863","34022010","30","160227094"
"chr4","194249135","194249319","chr28","12821116","12821287","61","181428019"
"chr4","194276309","194276584","chr7","127359843","127360123","24","66916466"
"chr4","194385971","194386131","chr10","102488983","102489142","29","91896988"
"chr4","194386168","194386287","chr28","11216760","11216879","18","183169408"
"chr4","194450070","194450361","chr26","42499614","42499898","57","151950456"
"chr4","194495550","194495851","chr9","30933072","30933366","61","163562478"
"chr4","194524228","194524462","chr7","127585349","127585583","20","66938879"
"chr4","194653176","194653498","chr17","20110794","20111101","67","174542382"
"chr4","194667977","194668301","chr16","60470810","60471118","75","134197167"
"chr4","194736027","194736284","chr7","127793923","127794182","25","66942104"
"chr4","194755980","194756234","chr7","127813846","127814084","25","66942134"
"chr4","194776955","194777238","chr7","127834437","127834708","26","66942518"
"chr4","194848174","194848469","chr7","127907678","127907977","35","66940496"
"chr4","194928266","194928358","chr6","48128808","48128903","21","146799458"
"chr4","194928385","194928599","chr27","44337339","44337549","55","150591046"
"chr4","195001113","195001216","chr1","54071687","54071791","19","140929426"
"chr4","195001249","195001394","chr8","30478195","30478338","36","164523054"
"chr4","195012065","195012370","chr7","128062714","128063017","25","66949351"
"chr4","195031106","195031379","chr7","128078876","128079154","18","66952230"
"chr4","195047647","195047942","chr7","128095389","128095681","27","66952258"
"chr4","195067867","195068037","chr6","5100205","5100370","41","189967662"
"chr4","195074330","195074451","chr14","51251172","51251290","25","143823158"
"chr4","195075599","195075887","chr7","128123208","128123474","49","66952391"
"chr4","195123468","195123777","chr8","62420423","62420735","58","132703045"
"chr4","195150681","195150962","chr5","15071172","15071451","64","180079509"
"chr4","195206338","195206631","chr7","128254323","128254615","23","66952015"
"chr4","195214509","195214800","chr7","128262028","128262318","25","66952481"
"chr4","195230843","195231128","chr7","128277973","128278266","31","66952870"
"chr4","195242103","195242405","chr7","128289731","128290033","19","66952372"
"chr4","195244103","195244392","chr7","128291725","128292017","23","66952378"
"chr4","195263548","195263867","chr7","128311155","128311461","30","66952393"
"chr4","195281774","195282059","chr7","128330412","128330713","42","66951362"
"chr4","195361507","195361763","chr7","128398627","128398887","33","66962880"
"chr4","195391637","195391933","chr20","112495489","112495789","65","82896148"
"chr4","195415290","195415590","chr1","121090436","121090732","69","74324854"
"chr4","195424098","195424294","chr21","98248689","98248886","43","97175409"
"chr4","195430410","195430638","chr7","128468655","128468895","22","66961755"
"chr4","195431405","195431646","chr7","128469658","128469902","17","66961747"
"chr4","195490012","195490310","chr26","32807262","32807564","58","162682750"
"chr4","195498538","195498836","chr7","128539487","128539788","29","66959051"
"chr4","195504649","195504949","chr7","128545593","128545892","22","66959056"
"chr4","195508858","195508994","chr18","62282033","62282167","34","133226825"
"chr4","195542503","195542787","chrX","2026281","2026559","60","193516222"
"chr4","195550863","195551045","chr7","128592357","128592535","17","66958506"
"chr4","195567213","195567496","chr16","57847381","57847661","57","137719832"
"chr4","195577197","195577355","chr23","70584469","70584624","29","124992728"
"chr4","195590024","195590235","chr25","9689562","9689767","40","185900462"
"chr4","195677141","195677423","chrX","128422198","128422476","53","67254943"
"chr4","195776816","195777088","chr22","50808546","50808814","64","144968270"
"chr4","195812670","195812789","chr2","45119822","45119944","23","150692848"
"chr4","195826493","195826787","chr7","128836419","128836711","32","66990074"
"chr4","195828444","195828501","chr8","28404663","28404720","13","167423781"
"chr4","195829051","195829127","chr7","128839224","128839299","2","66989827"
"chr4","195867334","195867656","chr18","32854753","32855059","65","163012581"
"chr4","195875879","195876153","chr7","128879195","128879469","11","66996684"
"chr4","195880823","195881120","chr12","103939005","103939299","54","91941818"
"chr4","195923665","195923980","chr28","15141829","15142140","57","180781836"
"chr4","195964877","195965175","chr7","128977905","128978192","30","66986972"
"chr4","195971327","195971626","chrX","40669594","40669892","62","155301733"
"chr4","195998723","195998875","chr7","129004786","129004935","9","66993937"
"chr4","195999172","195999362","chr7","129005230","129005406","32","66993942"
"chr4","196001557","196001846","chr9","91938055","91938334","64","104063502"
"chr4","196009400","196009526","chr7","129016969","129017097","8","66992431"
"chr4","196047186","196047504","chr5","51942897","51943207","67","144104289"
"chr4","196063022","196063351","chr8","77035596","77035915","73","119027426"
"chr4","196065008","196065310","chr18","32854753","32855059","63","163210255"
"chr4","196065390","196065482","chr6","40885580","40885672","23","155179810"
"chr4","196065794","196065920","chr8","35870612","35870746","24","160195182"
"chr4","196089072","196089378","chrX","16728551","16728852","51","179360521"
"chr4","196090919","196091050","chr7","129088562","129088684","19","67002357"
"chr4","196105278","196105349","chr7","129102349","129102419","10","67002929"
"chr4","196105651","196105805","chr7","129102725","129102882","20","67002926"
"chr4","196129212","196129499","chr5","10145436","10145732","55","185983776"
"chr4","196129914","196130198","chr7","129126915","129127199","21","67002999"
"chr4","196146417","196146551","chr7","129143198","129143329","11","67003219"
"chr4","196147670","196147916","chr3","51644139","51644404","73","144503531"
"chr4","196150826","196151108","chr1","18610357","18610639","52","177540469"
"chr4","196169415","196169724","chr7","129168660","129168945","50","67000755"
"chr4","196188895","196189026","chr7","129187260","129187391","7","67001635"
"chr4","196209438","196209520","chr26","31453468","31453551","16","164755970"
"chr4","196230890","196231176","chr20","24734520","24734810","58","171496370"
"chr4","196249725","196250015","chr7","129248169","129248444","36","67001556"
"chr4","196269690","196269923","chr23","64293537","64293769","69","131976153"
"chr4","196287780","196288040","chr7","129285479","129285741","24","67002301"
"chr4","196320138","196320464","chr7","129322227","129322568","33","66997911"
"chr4","196349322","196349562","chr20","87660335","87660575","52","108688987"
"chr4","196358819","196359109","chr1","12105092","12105388","66","184253727"
"chr4","196368015","196368103","chr7","129366697","129366785","6","67001318"
"chr4","196387630","196387774","chr15","49053326","49053458","34","147334304"
"chr4","196402447","196402553","chr18","57665051","57665155","14","138737396"
"chr4","196406230","196406315","chr7","129403277","129403362","3","67002953"
"chr4","196408329","196408617","chr16","45616125","45616416","71","150792204"
"chr4","196411576","196411860","chr7","129409113","129409387","24","67002463"
"chr4","196430024","196430197","chr7","129427315","129427489","15","67002709"
"chr4","196471693","196471968","chr6","30581291","30581567","59","165890402"
"chr4","196496668","196496955","chrX","110174383","110174674","51","86322285"
"chr4","196500555","196500848","chr6","32562112","32562389","66","163938443"
"chr4","196508925","196509230","chr21","2843413","2843720","58","193665512"
"chr4","196511407","196511673","chr7","129515601","129515866","25","66995806"
"chr4","196518124","196518405","chr7","129522044","129522325","18","66996080"
"chr4","196526019","196526173","chr8","39268207","39268361","32","157257812"
"chr4","196529019","196529338","chr7","129529771","129530072","36","66999248"
"chr4","196536060","196536352","chr7","129536507","129536812","34","66999553"
"chr4","196553731","196554039","chr7","129554538","129554836","42","66999193"
"chr4","196555384","196555681","chr7","129556141","129556438","28","66999243"
"chr4","196562381","196562697","chr7","129562454","129562763","30","66999927"
"chr4","196567207","196567513","chr7","129566905","129567212","22","67000302"
"chr4","196591305","196591597","chr7","129591973","129592266","15","66999332"
"chr4","196628087","196628257","chr7","129627401","129627572","20","67000686"
"chr4","196628561","196628759","chr7","129627878","129628062","25","67000683"
"chr4","196637463","196637744","chr7","129636448","129636734","19","67001015"
"chr4","196642391","196642671","chr7","129636448","129636734","23","67005943"
"chr4","196672817","196673105","chr7","129671843","129672126","25","67000974"
"chr4","196677650","196677943","chr7","129675348","129675635","29","67002302"
"chr4","196682338","196682619","chr14","82806583","82806861","57","113875755"
"chr4","196689732","196689844","chr7","129700000","129700111","14","66989732"
"chr4","196710056","196710327","chr28","3425420","3425677","56","193284636"
"chr4","196720872","196721201","chr7","129726487","129726806","52","66994385"
"chr4","196732424","196732732","chr7","129737713","129738016","23","66994711"
"chr4","196754253","196754532","chr7","129759112","129759394","24","66995141"
"chr4","196763141","196763373","chr7","129767604","129767816","37","66995537"
"chr4","196764055","196764142","chr7","129768192","129768279","5","66995863"
"chr4","196766313","196766626","chr5","43761345","43761656","63","153004968"
"chr4","196769875","196770183","chr7","129769554","129769872","41","67000321"
"chr4","196772728","196773030","chr12","40601683","40601983","49","156171045"
"chr4","196775789","196776074","chr16","18799032","18799327","72","177976757"
"chr4","196786448","196786744","chr7","129796035","129796336","24","66990413"
"chr4","196845403","196845717","chr6","28026264","28026576","62","168819139"
"chr4","196848519","196848815","chr7","129859920","129860203","37","66988599"
"chr4","196878110","196878391","chr7","129888540","129888820","13","66989570"
"chr4","196927737","196928028","chr7","129938255","129938545","23","66989482"
"chr4","196971662","196971898","chr7","129982110","129982346","19","66989552"
"chr4","197018707","197019023","chr20","88100516","88100832","63","108918191"
"chr4","197043460","197043764","chr7","130117521","130117818","29","66925939"
"chr4","197112212","197112476","chr7","130183575","130183847","28","66928637"
"chr4","197136763","197136781","chr8","38474234","38474252","3","158662529"
"chr4","197136811","197137095","chr1","34974011","34974292","54","162162800"
"chr4","197196032","197196327","chr26","40406638","40406922","25","156789394"
"chr4","197211689","197212010","chr7","130281352","130281661","36","66930337"
"chr4","197252806","197253090","chr7","130318378","130318680","34","66934428"
"chr4","197289085","197289387","chr7","130354222","130354505","35","66934863"
"chr4","197309579","197309881","chr12","40601683","40601983","64","156707896"
"chr4","197330561","197330854","chr12","40601683","40601983","46","156728878"
"chr4","197336733","197336902","chr7","130401483","130401653","14","66935250"
"chr4","197337207","197337349","chr7","130401955","130402096","9","66935252"
"chr4","197353681","197353811","chr14","79045629","79045764","17","118308052"
"chr4","197373671","197373801","chr14","79045629","79045764","17","118328042"
"chr4","197387735","197388028","chr7","130434263","130434556","12","66953472"
"chr4","197398091","197398407","chr9","24696760","24697063","73","172701331"
"chr4","197400975","197401260","chr7","130448763","130449052","39","66952212"
"chr4","197420934","197421233","chr7","130468148","130468447","20","66952786"
"chr4","197446019","197446116","chr7","130515780","130515877","2","66930239"
"chr4","197464118","197464412","chr7","130538236","130538530","21","66925882"
"chr4","197470028","197470308","chr7","130543593","130543887","34","66926435"
"chr4","197483205","197483285","chr7","130557296","130557378","4","66925909"
"chr4","197504278","197504573","chr8","124610123","124610410","54","72894155"
"chr4","197505204","197505469","chr7","130598983","130599268","34","66906221"
"chr4","197513793","197514100","chr6","32635146","32635457","63","164878647"
"chr4","197557232","197557484","chr1","47072437","47072695","61","150484795"
"chr4","197572332","197572542","chr7","130663242","130663466","22","66909090"
"chr4","197579117","197579405","chr7","130670072","130670379","36","66909045"
"chr4","197619244","197619365","chr7","130707703","130707822","13","66911541"
"chr4","197620779","197621069","chr18","71966149","71966446","55","125654630"
"chr4","197623474","197623558","chr9","49829245","49829327","20","147794229"
"chr4","197626886","197627170","chr7","130715329","130715607","28","66911557"
"chr4","197668428","197668733","chr17","36553442","36553750","55","161114986"
"chr4","197717213","197717525","chr15","5325862","5326161","75","192391351"
"chr4","197746419","197746709","chr7","130826250","130826498","56","66920169"
"chr4","197805593","197805860","chr22","4437297","4437575","68","193368296"
"chr4","197831274","197831564","chr23","62707012","62707296","57","135124262"
"chr4","197860305","197860612","chr7","130950653","130950960","32","66909652"
"chr4","197878884","197879009","chr7","130968377","130968503","10","66910507"
"chr4","197886579","197886867","chr5","32574011","32574301","58","165312568"
"chr4","197890545","197890818","chr7","130978615","130978887","22","66911930"
"chr4","197891273","197891566","chrX","38566822","38567123","66","159324451"
"chr4","197910638","197910889","chr18","56578918","56579173","56","141331720"
"chr4","197913419","197913536","chr7","130999035","130999152","10","66914384"
"chr4","197940293","197940594","chr7","131021906","131022210","17","66918387"
"chr4","197983347","197983668","chr7","131060047","131060334","48","66923300"
"chr4","197993429","197993550","chr7","131073526","131073649","12","66919903"
"chr4","198013386","198013706","chr17","36553442","36553750","66","161459944"
"chr4","198030720","198030914","chr8","11846615","11846801","52","186184105"
"chr4","198068845","198069142","chr1","114964199","114964494","64","83104646"
"chr4","198075052","198075342","chr7","131157096","131157384","37","66917956"
"chr4","198099447","198099620","chr2","15929638","15929807","33","182169809"
"chr4","198099920","198100044","chr19","24099607","24099728","29","174000313"
"chr4","198108097","198108389","chr10","117915837","117916115","68","80192260"
"chr4","198152597","198152915","chr1","112237991","112238302","67","85914606"
"chr4","198165064","198165140","chr7","131246451","131246526","3","66918613"
"chr4","198165447","198165674","chr9","96777311","96777520","53","101388136"
"chr4","198220967","198221262","chr7","131295299","131295605","37","66925668"
"chr4","198255163","198255453","chr7","131328764","131329044","31","66926399"
"chr4","198258518","198258811","chr7","131334904","131335199","20","66923614"
"chr4","198280351","198280646","chr1","19429153","19429456","71","178851198"
"chr4","198307161","198307333","chr2","20106509","20106673","43","178200652"
"chr4","198307370","198307492","chr19","23736973","23737097","25","174570397"
"chr4","198308169","198308459","chr7","131380808","131381092","26","66927361"
"chr4","198310123","198310417","chr8","117534448","117534745","50","80775675"
"chr4","198376795","198377083","chr7","131435729","131436022","32","66941066"
"chr4","198405692","198405996","chr18","21490626","21490936","56","176915066"
"chr4","198412045","198412363","chr7","131468965","131469285","27","66943080"
"chr4","198476698","198476986","chr12","105014446","105014734","66","93462252"
"chr4","198512577","198512855","chr7","131565788","131566063","17","66946789"
"chr4","198571358","198571634","chr28","9470543","9470817","68","189100815"
"chr4","198595135","198595461","chr28","15141829","15142140","71","183453306"
"chr4","198730251","198730547","chr8","135243058","135243351","59","63487193"
"chr4","198769060","198769213","chr22","7041650","7041807","31","191727410"
"chr4","198792096","198792220","chr14","3740794","3740919","20","195051302"
"chr4","198809719","198809852","chr21","119651741","119651868","40","79157978"
"chr4","198809887","198810000","chr9","34951848","34951965","23","163858039"
"chr4","198845056","198845233","chr8","23439337","23439520","37","175405719"
"chr4","198873310","198873613","chr14","81959373","81959671","66","116913937"
"chr4","198952610","198952900","chr9","31070225","31070519","63","167882385"
"chr4","198957250","198957557","chr7","132004336","132004647","21","66952914"
"chr4","198972859","198973134","chr7","132021005","132021274","17","66951854"
"chr4","198976325","198976613","chr7","132024400","132024697","21","66951925"
"chr4","198989554","198989841","chr7","132037197","132037484","18","66952357"
"chr4","199001973","199002261","chr7","132057184","132057473","16","66944789"
"chr4","199008569","199008712","chr11","46710420","46710568","36","152298149"
"chr4","199008754","199008858","chr14","23938039","23938147","24","175070715"
"chr4","199024660","199024923","chr2","57975944","57976192","65","141048716"
"chr4","199123384","199123638","chr28","11426807","11427051","51","187696577"
"chr4","199141829","199142101","chr7","132187678","132187959","27","66954151"
"chr4","199149229","199149538","chr2","11820820","11821121","65","187328409"
"chr4","199153043","199153343","chr5","9762779","9763076","63","189390264"
"chr4","199211797","199212097","chr18","58528325","58528623","57","140683472"
"chr4","199241173","199241439","chr24","54209588","54209853","61","145031585"
"chr4","199292059","199292358","chr23","59324312","59324600","60","139967747"
"chr4","199321291","199321600","chr9","227543","227844","62","199093748"
"chr4","199329369","199329670","chr7","132351830","132352140","29","66977539"
"chr4","199336530","199336802","chr7","132359017","132359313","40","66977513"
"chr4","199342391","199342542","chr24","66045363","66045505","48","133297028"
"chr4","199352103","199352404","chr7","132369692","132369992","15","66982411"
"chr4","199363736","199364014","chr7","132384639","132384923","25","66979097"
"chr4","199366094","199366217","chr7","132387003","132387114","23","66979091"
"chr4","199399064","199399344","chr7","132417362","132417647","38","66981702"
"chr4","199439465","199439764","chr7","132455633","132455923","30","66983832"
"chr4","199441139","199441385","chr6","5153463","5153730","70","194287676"
"chr4","199444864","199445198","chr11","3098297","3098613","76","196346567"
"chr4","199461375","199461505","chr7","132477608","132477738","6","66983767"
"chr4","199470229","199470478","chr7","132486727","132486983","28","66983502"
"chr4","199562526","199562840","chr3","72806491","72806799","66","126756035"
"chr4","199576395","199576683","chr7","132593757","132594053","29","66982638"
"chr4","199609357","199609645","chr6","12273799","12274085","62","187335558"
"chr4","199619184","199619474","chr7","132636156","132636435","32","66983028"
"chr4","199665852","199666146","chr12","13149213","13149510","57","186516639"
"chr4","199718855","199719153","chr12","40601683","40601983","66","159117172"
"chr4","199759449","199759740","chr7","132775718","132776021","33","66983731"
"chr4","199775119","199775288","chr7","132802376","132802541","30","66972743"
"chr4","199919812","199920106","chr12","29381129","29381417","68","170538683"
"chr4","199934493","199934765","chr7","132950528","132950816","32","66983965"
"chr4","200052823","200053107","chr7","133941033","133941306","65","66111790"
"chr4","200061572","200061861","chr7","133082745","133083044","38","66978827"
"chr4","200083355","200083634","chr7","133101340","133101644","40","66982015"
"chr4","200152479","200152759","chr7","133158216","133158519","43","66994263"
"chr4","200214445","200214650","chr16","9425881","9426089","47","190788564"
"chr4","200475101","200475405","chr7","133477809","133478116","35","66997292"
"chr4","200475590","200475862","chr7","133478284","133478569","42","66997306"
"chr4","200485922","200486201","chrX","60815706","60815990","67","139670216"
"chr4","200583850","200584138","chr23","40954419","40954707","16","159629431"
"chr4","200654681","200655011","chrX_KE148109v1_random","2700275","2700588","89","197954406"
"chr4","200729810","200730139","chr11","47571568","47571903","81","153158242"
"chr4","200743669","200743970","chr7","133733058","133733346","42","67010611"
"chr4","200765507","200765736","chr7","133760751","133760991","31","67004756"
"chr4","200810738","200811023","chr22","47745877","47746161","59","153064861"
"chr4","200813079","200813373","chr5","36409125","36409410","67","164403954"
"chr4","200820579","200820879","chr5","55309187","55309483","55","145511392"
"chr4","200829652","200829716","chr11","102107354","102107419","15","98722298"
"chr4","200834453","200834755","chr7","133823115","133823415","26","67011338"
"chr4","200842854","200843155","chr7","133831470","133831767","34","67011384"
"chr4","200882637","200882788","chr16","64091877","64092021","32","136790760"
"chr4","200883090","200883278","chr5","22199790","22199975","45","178683300"
"chr4","200891825","200892096","chr7","133872169","133872410","53","67019656"
"chr4","200894379","200894669","chr7","133874696","133874980","39","67019683"
"chr4","200897584","200897897","chr7","133879219","133879537","28","67018365"
"chr4","200916778","200917088","chr7","133914374","133914685","37","67002404"
"chr4","200929790","200930099","chr7","133926976","133927263","53","67002814"
"chr4","200945382","200945675","chr7","133941033","133941306","32","67004349"
"chr4","200959093","200959398","chr18","16758785","16759095","61","184200308"
"chr4","200967894","200968185","chr7","133956801","133957080","41","67011093"
"chr4","200998105","200998361","chr25","59173874","59174144","69","141824231"
"chr4","200998377","200998455","chr1","110658305","110658382","20","90340072"
"chr4","201012717","201012950","chr12","101031946","101032169","56","99980771"
"chr4","201013636","201013924","chr5","27183088","27183389","67","173830548"
"chr4","201014365","201014680","chr18","32854753","32855059","65","168159612"
"chr4","201045332","201045544","chr11","105598597","105598812","39","95446735"
"chr4","201052906","201053131","chr1","401715","401931","55","200651191"
"chr4","201058398","201058532","chr6","11027667","11027797","21","190030731"
"chr4","201058540","201058799","chr5","2611084","2611339","63","198447456"
"chr4","201120548","201120677","chr17","61023050","61023181","23","140097498"
"chr4","201174627","201174885","chr16","58440953","58441205","61","142733674"
"chr4","201366234","201366398","chr8","65917601","65917761","28","135448633"
"chr4","201366428","201366524","chr6","36048922","36049013","19","165317506"
"chr4","201468523","201468681","chr7","134407285","134407443","7","67061238"
"chr4","201491796","201492110","chr7","134429877","134430187","54","67061919"
"chr4","201495976","201496271","chr4","62476996","62477290","56","139018980"
"chr4","201563515","201563827","chr20","122060553","122060857","68","79502962"
"chr4","201575142","201575368","chrX","48309463","48309689","53","153265679"
"chr4","201602537","201602726","chr7","134529750","134529942","16","67072787"
"chr4","201630708","201631003","chr27","32445078","32445381","75","169185630"
"chr4","201761395","201761673","chr26","26637342","26637624","72","175124053"
"chr4","201789034","201789323","chr25","46341450","46341738","55","155447584"
"chr4","201809844","201810144","chr7","134732329","134732630","30","67077515"
"chr4","201837261","201837384","chr7","134753457","134753581","15","67083804"
"chr4","201886647","201886926","chr7","134801853","134802147","35","67084794"
"chr4","202009983","202010109","chr7","134917709","134917835","8","67092274"
"chr4","202025877","202026163","chr7","134936675","134936972","40","67089202"
"chr4","202085417","202085489","chr6","38771375","38771446","10","163314042"
"chr4","202189169","202189468","chr20","130586128","130586421","21","71603041"
"chr4","202193935","202194202","chr7","135079351","135079627","29","67114584"
"chr4","202204923","202205226","chr16","46883446","46883746","62","155321477"
"chr4","202206911","202207221","chr14","45354519","45354818","72","156852392"
"chr4","202308486","202308751","chr7","135178906","135179173","28","67129580"
"chr4","202507045","202507356","chr7","135360572","135360883","35","67146473"
"chr4","202513998","202514307","chr7","135360572","135360883","34","67153426"
"chr4","202747043","202747319","chr7","135543746","135544020","11","67203297"
"chr4","202765773","202766073","chr7","53731549","53731846","74","149034224"
"chr4","202887574","202887873","chr7","135664139","135664444","41","67223435"
"chr4","202889600","202889887","chr6","39742897","39743184","59","163146703"
"chr4","202899098","202899221","chr7","135675960","135676085","11","67223138"
"chr4","202906358","202906647","chr7","135683176","135683462","24","67223182"
"chr4","202926705","202926829","chr7","135675960","135676085","8","67250745"
"chr4","202933971","202934259","chr7","135683176","135683462","27","67250795"
"chr4","202940107","202940231","chr7","135675960","135676085","8","67264147"
"chr4","202959864","202960152","chr7","135683176","135683462","21","67276688"
"chr4","203001513","203001665","chr6","29247462","29247616","25","173754051"
"chr4","203071317","203071573","chr22","7000066","7000313","69","196071251"
"chr5","45088510","45088801","chr16","67748031","67748322","13","22659521"
"chr5","52428652","52428933","chr16","25685318","25685601","19","26743334"
"chr5","60817294","60817582","chr25","50351993","50352286","58","10465301"
"chr5","1834999","1835301","chr16","73164962","73165254","30","71329963"
"chr5","3932105","3932272","chr22","56226556","56226726","39","52294451"
"chr5","21626693","21626984","chrX","107915390","107915686","54","86288697"
"chr5","28966719","28967020","chr16","38883106","38883394","33","9916387"
"chr5","34340671","34340941","chr16","69536961","69537228","27","35196290"
"chr5","41156379","41156676","chr17","69561469","69561769","61","28405090"
"chr5","77070055","77070384","chr4","88124232","88124554","18","11054177"
"chr5","110886675","110886971","chr23","30549941","30550235","32","80336734"
"chr5","131727145","131727455","chr23","50635125","50635433","34","81092020"
"chr5","165281680","165281957","chr23","82817227","82817523","36","82464453"
"chr5","51579","51674","chr2","2134474","2134579","24","2082895"
"chr5","285828","285994","chr8","40843373","40843548","51","40557545"
"chr5","287791","287912","chr16","74703079","74703208","14","74415288"
"chr5","288209","288355","chr16","74702635","74702779","18","74414426"
"chr5","292309","292588","chr16","74698228","74698507","26","74405919"
"chr5","295359","295587","chr16","16612063","16612292","61","16316704"
"chr5","306949","307226","chr1","28856857","28857139","62","28549908"
"chr5","323404","323528","chr6","7904235","7904357","22","7580831"
"chr5","334579","334658","chr16","74662053","74662132","13","74327474"
"chr5","334954","335185","chr16","74661533","74661763","23","74326579"
"chr5","340286","340543","chr16","74654746","74655022","41","74314460"
"chr5","346081","346205","chr7","75045146","75045272","22","74699065"
"chr5","346505","346696","chr10","104213202","104213384","45","103866697"
"chr5","384827","385130","chr16","73164962","73165254","33","72780135"
"chr5","429183","429470","chr2","35878899","35879181","57","35449716"
"chr5","433209","433459","chr6","11902563","11902796","68","11469354"
"chr5","446422","446598","chr16","74572943","74573121","15","74126521"
"chr5","446907","447045","chr16","74572499","74572637","13","74125592"
"chr5","449867","450139","chr9","42229711","42229987","77","41779844"
"chr5","482775","482904","chr16","74536976","74537105","10","74054201"
"chr5","483782","483920","chr19","25213638","25213768","26","24729856"
"chr5","485269","485566","chr16","74534088","74534391","35","74048819"
"chr5","489229","489478","chr16","74530425","74530678","22","74041196"
"chr5","507587","507878","chr6","28194245","28194544","59","27686658"
"chr5","520728","520848","chr16","74500001","74500118","13","73979273"
"chr5","543624","543922","chr2","60703863","60704158","57","60160239"
"chr5","579170","579401","chr14","15162601","15162838","54","14583431"
"chr5","582510","582803","chr16","74450345","74450640","29","73867835"
"chr5","584851","585093","chr16","74449535","74449777","32","73864684"
"chr5","595151","595424","chr16","74433395","74433666","15","73838244"
"chr5","627876","628165","chr8","30470330","30470618","72","29842454"
"chr5","643435","643624","chr5","44608766","44608947","48","43965331"
"chr5","643927","644038","chr15","90957888","90957999","23","90313961"
"chr5","648956","649235","chr7","87092656","87092935","57","86443700"
"chr5","649358","649637","chr7","87092656","87092935","56","86443298"
"chr5","654556","654667","chr15","90957888","90957999","23","90303332"
"chr5","654970","655159","chr5","44608766","44608947","48","43953796"
"chr5","663426","663620","chr7","24411620","24411812","56","23748194"
"chr5","687856","687980","chr16","74361018","74361141","13","73673162"
"chr5","699803","700099","chr6","3162411","3162697","67","2462608"
"chr5","716040","716348","chr16","74332968","74333275","20","73616928"
"chr5","730946","731151","chr11","116298102","116298291","63","115567156"
"chr5","816312","816432","chr1","113568345","113568463","32","112752033"
"chr5","848941","849237","chr16","74198557","74198853","26","73349616"
"chr5","871695","871979","chr14","21467025","21467314","63","20595330"
"chr5","914976","915125","chr16","74124096","74124247","9","73209120"
"chr5","920339","920649","chr16","74115797","74116101","20","73195458"
"chr5","921340","921480","chr22","52468913","52469062","45","51547573"
"chr5","965078","965396","chr16","74066651","74066972","19","73101573"
"chr5","965477","965746","chr28_KE148105v1_random","328212","328482","63","637265"
"chr5","997797","998069","chr21","108214844","108215117","41","107217047"
"chr5","1068200","1068502","chr6","44171723","44172017","65","43103523"
"chr5","1184189","1184512","chr19","20958448","20958750","85","19774259"
"chr5","1196783","1197062","chr19","23728483","23728767","29","22531700"
"chr5","1210200","1210502","chr16","56975745","56976043","59","55765545"
"chr5","1243488","1243783","chr16","73770935","73771216","34","72527447"
"chr5","1259878","1260156","chr16","73752925","73753201","17","72493047"
"chr5","1271941","1272242","chr20","112495489","112495789","41","111223548"
"chr5","1294249","1294377","chr16","73717837","73717962","9","72423588"
"chr5","1305157","1305455","chr16","73713217","73713513","42","72408060"
"chr5","1307158","1307280","chr14","82354648","82354772","19","81047490"
"chr5","1308506","1308566","chr7","126535344","126535399","19","125226838"
"chr5","1308611","1308732","chr19","19130182","19130302","19","17821571"
"chr5","1321704","1321840","chr11","105038608","105038741","23","103716904"
"chr5","1322142","1322299","chr28","20029472","20029622","32","18707330"
"chr5","1345817","1346113","chr16","73641674","73641970","31","72295857"
"chr5","1357505","1357624","chr16","73629076","73629195","7","72271571"
"chr5","1357911","1358085","chr16","73628348","73628495","37","72270437"
"chr5","1376594","1376882","chr16","73609964","73610257","24","72233370"
"chr5","1394358","1394589","chr11","12245067","12245284","55","10850709"
"chr5","1395989","1396138","chr16","73590151","73590321","26","72194162"
"chr5","1396444","1396592","chr16","73589695","73589853","20","72193251"
"chr5","1404831","1404962","chr6","17649559","17649684","20","16244728"
"chr5","1405282","1405296","chr22","10448204","10448216","3","9042922"
"chr5","1405612","1405782","chr20","124019023","124019197","32","122613411"
"chr5","1430504","1430812","chr16","73544532","73544839","15","72114028"
"chr5","1451229","1451537","chr16","73544532","73544839","15","72093303"
"chr5","1459673","1459785","chr16","73536186","73536301","8","72076513"
"chr5","1459873","1460050","chr16","73535910","73536098","39","72076037"
"chr5","1460357","1460407","chr16","73535559","73535609","4","72075202"
"chr5","1465903","1466169","chr16","4734931","4735207","53","3269028"
"chr5","1467208","1467323","chr18","17005231","17005339","22","15538023"
"chr5","1544326","1544358","chr6","29275364","29275397","8","27731038"
"chr5","1544963","1545145","chr16","73454627","73454805","19","71909664"
"chr5","1546125","1546422","chr14","81959373","81959671","56","80413248"
"chr5","1580932","1581221","chr16","73417255","73417543","34","71836323"
"chr5","1606870","1607175","chr16","73391760","73392068","37","71784890"
"chr5","1690738","1690827","chr24","12416969","12417061","19","10726231"
"chr5","1693102","1693406","chr16","73300326","73300635","26","71607224"
"chr5","1694069","1694300","chr16","73299398","73299649","40","71605329"
"chr5","1720921","1721217","chr1","33972246","33972541","57","32251325"
"chr5","1755044","1755263","chr18","58431764","58431981","42","56676720"
"chr5","1759174","1759361","chr16","73237193","73237375","33","71478019"
"chr5","1823373","1823528","chr5","56064424","56064584","42","54241051"
"chr5","1823529","1823772","chr9","112738949","112739169","68","110915420"
"chr5","1843399","1843697","chr12","1445677","1445977","72","397722"
"chr5","1893830","1894113","chrX","36852136","36852429","49","34958306"
"chr5","1907227","1907496","chr16","73088656","73088915","32","71181429"
"chr5","1936495","1936803","chr20","112495489","112495789","55","110558994"
"chr5","1979868","1980165","chr16","73020399","73020697","38","71040531"
"chr5","1980194","1980209","chr24","20261446","20261461","3","18281252"
"chr5","2022713","2023008","chr16","72980868","72981151","39","70958155"
"chr5","2027906","2028186","chr24","81318473","81318756","60","79290567"
"chr5","2043524","2043816","chr5","73047116","73047412","52","71003592"
"chr5","2048417","2048626","chr16","72953932","72954125","31","70905515"
"chr5","2060567","2060649","chr16","72941941","72942023","1","70881374"
"chr5","2083444","2083786","chr11","124328509","124328810","95","122245065"
"chr5","2117080","2117377","chr16","72887733","72888022","41","70770653"
"chr5","2142069","2142357","chrX","94472947","94473241","55","92330878"
"chr5","2196550","2196849","chr16","72812250","72812546","26","70615700"
"chr5","2200239","2200496","chr2","38929767","38930030","60","36729528"
"chr5","2243051","2243342","chr16","72768088","72768384","24","70525037"
"chr5","2244197","2244488","chr16","72768088","72768384","24","70523891"
"chr5","2272660","2273001","chr16","72756970","72757278","58","70484310"
"chr5","2285853","2286114","chr16","72744059","72744317","26","70458206"
"chr5","2293905","2294071","chr16","72728757","72728920","14","70434852"
"chr5","2297983","2298241","chr16","72734325","72734582","20","70436342"
"chr5","2302728","2303035","chr2","37539737","37540045","65","35237009"
"chr5","2306323","2306547","chr20","7830000","7830214","43","5523677"
"chr5","2319444","2319744","chr12","103939005","103939299","63","101619561"
"chr5","2331770","2332063","chr20","23595670","23595970","58","21263900"
"chr5","2361771","2362050","chr24","47455799","47456090","66","45094028"
"chr5","2363631","2363764","chr16","72663539","72663671","10","70299908"
"chr5","2376698","2376838","chr16","72651239","72651380","14","70274541"
"chr5","2377200","2377362","chr16","72650750","72650912","14","70273550"
"chr5","2378400","2378694","chr16","72649402","72649675","38","70271002"
"chr5","2383943","2384213","chr14","98851397","98851662","60","96467454"
"chr5","2387126","2387403","chr16","72641258","72641540","19","70254132"
"chr5","2409337","2409483","chr5","4640607","4640754","25","2231270"
"chr5","2409784","2409944","chr12","7621655","7621813","23","5211871"
"chr5","2416698","2416773","chr14","28350817","28350892","14","25934119"
"chr5","2430722","2430936","chr16","72601945","72602126","46","70171223"
"chr5","2452733","2452811","chr10","46347530","46347609","18","43894797"
"chr5","2456907","2457188","chr9","17824792","17825078","60","15367885"
"chr5","2472617","2472896","chr16","72560662","72560959","33","70088045"
"chr5","2487350","2487656","chr20","78741616","78741925","57","76254266"
"chr5","2492982","2493087","chr23","75192902","75193017","24","72699920"
"chr5","2493300","2493423","chr16","72540423","72540536","17","70047123"
"chr5","2493450","2493615","chr20","109435730","109435894","26","106942280"
"chr5","2511332","2511548","chr8","26098640","26098858","64","23587308"
"chr5","2544405","2544710","chr11","117216720","117217018","54","114672315"
"chr5","2586563","2586852","chr9","17702872","17703159","57","15116309"
"chr5","2603489","2603825","chr17","45653424","45653757","80","43049935"
"chr5","2693727","2694029","chr13","85853178","85853481","65","83159451"
"chr5","2695266","2695584","chr16","72332100","72332372","67","69636834"
"chr5","2702747","2702939","chr16","72325226","72325427","33","69622479"
"chr5","2732649","2732938","chr5","57549217","57549504","69","54816568"
"chr5","2746564","2746696","chr16","72280331","72280463","8","69533767"
"chr5","2748952","2749181","chr16","72277874","72278099","28","69528922"
"chr5","2753748","2754042","chr16","72267737","72268054","49","69513989"
"chr5","2759355","2759648","chr16","72267737","72268054","45","69508382"
"chr5","2848495","2848802","chr16","72190129","72190418","39","69341634"
"chr5","2874817","2875084","chr16","25633601","25633872","51","22758784"
"chr5","2886208","2886496","chr1","63961451","63961732","54","61075243"
"chr5","2888105","2888398","chr16","72147925","72148223","21","69259820"
"chr5","2888407","2888529","chr11","117135886","117136012","29","114247479"
"chr5","2897322","2897620","chr12","78396868","78397161","69","75499546"
"chr5","2898141","2898220","chr29","8985236","8985319","17","6087095"
"chr5","2906570","2906842","chr2","14325727","14325983","74","11419157"
"chr5","2911476","2911751","chr6","5579741","5580022","64","2668265"
"chr5","2911758","2912045","chr16","72108601","72108887","15","69196843"
"chr5","2915691","2915903","chr16","72101347","72101567","21","69185656"
"chr5","2919691","2919966","chr16","72097032","72097309","31","69177341"
"chr5","2920155","2920319","chr16","72096731","72096891","18","69176576"
"chr5","2926860","2927020","chr16","72089938","72090122","40","69163078"
"chr5","2927337","2927461","chr16","72089511","72089639","14","69162174"
"chr5","2928495","2928774","chr16","72088196","72088474","21","69159701"
"chr5","2929079","2929121","chr19","2320868","2320908","8","608211"
"chr5","2947494","2947794","chr9","91977796","91978097","54","89030302"
"chr5","2965658","2965929","chr16","72051971","72052235","24","69086313"
"chr5","2993274","2993561","chr1","63961451","63961732","64","60968177"
"chr5","3008390","3008654","chr16","72009991","72010285","48","69001601"
"chr5","3036517","3036805","chr22","49545449","49545740","60","46508932"
"chr5","3051316","3051620","chr6","17711811","17712104","64","14660495"
"chr5","3067913","3068216","chr23","53067888","53068186","54","49999975"
"chr5","3183876","3184181","chr17","35306470","35306782","53","32122594"
"chr5","3187386","3187695","chr16","71836408","71836700","36","68649022"
"chr5","3204343","3204464","chr16","71819461","71819585","11","68615118"
"chr5","3296328","3296466","chr16","71721827","71721961","12","68425499"
"chr5","3296785","3296941","chr16","71721349","71721492","27","68424564"
"chr5","3306576","3306857","chr29","3753951","3754232","57","447375"
"chr5","3312715","3312996","chr12","103939005","103939299","51","100626290"
"chr5","3316704","3317012","chr16","71703614","71703908","41","68386910"
"chr5","3317767","3318078","chr5","58946437","58946736","64","55628670"
"chr5","3345074","3345379","chr16","71675982","71676291","19","68330908"
"chr5","3444268","3444574","chr5","20771844","20772137","52","17327576"
"chr5","3629625","3629896","chr21","99532706","99532977","59","95903081"
"chr5","3746434","3746763","chr16","71208657","71208987","57","67462223"
"chr5","3805794","3806005","chr5","36953044","36953254","42","33147250"
"chr5","3931682","3931813","chr6","30369296","30369426","23","26437614"
"chr5","3943282","3943578","chr6","32425994","32426271","60","28482712"
"chr5","3967066","3967366","chr16","71002589","71002886","17","67035523"
"chr5","4001432","4001572","chr16","70969366","70969497","22","66967934"
"chr5","4001877","4002032","chr16","70968888","70969064","32","66967011"
"chr5","4016741","4017031","chr16","70956907","70957186","33","66940166"
"chr5","4050482","4050624","chr9","50734055","50734202","34","46683573"
"chr5","4053252","4053543","chr16","70919450","70919758","43","66866198"
"chr5","4057602","4057878","chr16","70915128","70915392","26","66857526"
"chr5","4069554","4069718","chr2","14476013","14476167","35","10406459"
"chr5","4070027","4070168","chr6","41837672","41837814","30","37767645"
"chr5","4073876","4074174","chr16","70898970","70899280","45","66825094"
"chr5","4086513","4086809","chr16","70887095","70887402","32","66800582"
"chr5","4092201","4092508","chr16","70882155","70882455","21","66789954"
"chr5","4094239","4094514","chr16","70880122","70880402","21","66785883"
"chr5","4120824","4121133","chr12","43066534","43066845","81","38945710"
"chr5","4128966","4129190","chr14","15565137","15565367","47","11436171"
"chr5","4134561","4134844","chr16","70839769","70840052","17","66705208"
"chr5","4137750","4137872","chr16","70836709","70836831","7","66698959"
"chr5","4143472","4143758","chr25","1851212","1851496","58","2292260"
"chr5","4163934","4164131","chr16","70809673","70809873","15","66645739"
"chr5","4167252","4167298","chr6","4032815","4032863","9","134437"
"chr5","4167585","4167615","chr6","36417322","36417343","12","32249737"
"chr5","4173784","4174066","chr16","70801453","70801717","39","66627669"
"chr5","4181505","4181825","chr16","70793300","70793606","54","66611795"
"chr5","4193613","4193907","chr16","70781197","70781493","31","66587584"
"chr5","4210256","4210331","chr16","70765622","70765697","4","66555366"
"chr5","4217469","4217766","chr16","70757790","70758094","28","66540321"
"chr5","4221935","4222244","chr16","70753618","70753926","11","66531683"
"chr5","4223683","4223786","chr16","58733828","58733941","28","54510145"
"chr5","4229132","4229263","chr16","70747996","70748125","6","66518864"
"chr5","4235126","4235242","chr14","59480678","59480794","15","55245552"
"chr5","4260884","4261008","chr13","78787722","78787847","16","74526838"
"chr5","4272991","4273140","chr16","70705124","70705274","14","66432133"
"chr5","4301099","4301401","chr16","70676603","70676918","36","66375504"
"chr5","4366006","4366192","chrX","49197144","49197325","49","44831138"
"chr5","4372628","4372914","chr16","70615613","70615901","29","66242985"
"chr5","4401197","4401482","chr12","7976930","7977210","52","3575733"
"chr5","4402807","4403119","chr6","14844017","14844311","68","10441210"
"chr5","4415089","4415224","chr16","70582547","70582696","31","66167458"
"chr5","4415228","4415505","chrX","22150395","22150664","74","17735167"
"chr5","4427940","4428166","chr16","70571060","70571286","21","66143120"
"chr5","4436207","4436383","chr12","19109035","19109207","43","14672828"
"chr5","4442295","4442647","chr15","5053788","5054107","89","611493"
"chr5","4479555","4479869","chr11","113450525","113450836","54","108970970"
"chr5","4495364","4495545","chr16","70507650","70507833","11","66012286"
"chr5","4495837","4495981","chr16","70508129","70508268","27","66012292"
"chr5","4497194","4497338","chr16","70508129","70508268","27","66010935"
"chr5","4497631","4497812","chr16","70507650","70507833","11","66010019"
"chr5","4546399","4546600","chr16","70462876","70463077","15","65916477"
"chr5","4559989","4560296","chrX","97893453","97893746","71","93333464"
"chr5","4561287","4561565","chr16","70446176","70446468","37","65884889"
"chr5","4577321","4577606","chr16","70429511","70429795","26","65852190"
"chr5","4623512","4623656","chr3","23130296","23130439","28","18506784"
"chr5","4623947","4624100","chr23","59607593","59607741","35","54983646"
"chr5","4626795","4627023","chr16","70385304","70385532","22","65758509"
"chr5","4627539","4627829","chr16","70384486","70384782","20","65756947"
"chr5","4651136","4651435","chr16","70360270","70360567","34","65709134"
"chr5","4659037","4659153","chrX","22860381","22860498","14","18201344"
"chr5","4662973","4663303","chr16","70350602","70350909","45","65687629"
"chr5","4679651","4679674","chr16","70334215","70334238","1","65654564"
"chr5","4679961","4680234","chr16","70333651","70333928","22","65653690"
"chr5","4689054","4689348","chr16","70325285","70325575","35","65636231"
"chr5","4709105","4709233","chr6","32572959","32573083","22","27863854"
"chr5","4709455","4709661","chr16","70304873","70305046","53","65595418"
"chr5","4711361","4711687","chr1","18859380","18859693","73","14148019"
"chr5","4730030","4730323","chrX","44724583","44724871","59","39994553"
"chr5","4757590","4757885","chr6","6344388","6344697","61","1586798"
"chr5","4790194","4790435","chr16","16132542","16132782","57","11342348"
"chr5","4791241","4791513","chr26","5761317","5761577","61","970076"
"chr5","4793760","4794070","chr16","70237263","70237551","49","65443503"
"chr5","4811443","4811668","chr8","36159783","36160016","22","31348340"
"chr5","4811750","4811832","chr8","36159620","36159701","5","31347870"
"chr5","4826063","4826153","chr9","32305633","32305724","21","27479570"
"chr5","4826452","4826565","chrX","115541907","115542018","23","110715455"
"chr5","4833930","4834217","chr16","70199526","70199803","19","65365596"
"chr5","4836474","4836781","chr6","10417564","10417870","71","5581090"
"chr5","4857045","4857220","chr16","70175268","70175444","7","65318223"
"chr5","4857517","4857636","chr16","70174855","70174974","20","65317338"
"chr5","4866201","4866335","chr17","38509547","38509677","22","33643346"
"chr5","4866628","4866794","chr16","18316497","18316666","35","13449869"
"chr5","4868511","4868644","chr6","1795381","1795513","26","3073130"
"chr5","4869238","4869425","chr3","3716552","3716736","43","1152686"
"chr5","4878828","4879065","chr16","43576469","43576733","44","38697641"
"chr5","4879578","4879696","chr16","43578020","43578139","6","38698442"
"chr5","4901993","4902294","chr14","22219514","22219816","56","17317521"
"chr5","4905362","4905653","chr12","103939005","103939299","53","99033643"
"chr5","4913274","4913540","chr11","119885018","119885267","61","114971744"
"chr5","4923403","4923577","chr5","25058027","25058197","44","20134624"
"chr5","4957278","4957578","chr24","55401975","55402268","60","50444697"
"chr5","5020376","5020500","chr16","49149269","49149393","17","44128893"
"chr5","5027010","5027216","chr16","43726558","43726760","21","38699548"
"chr5","5034383","5034684","chr16","43734723","43735046","37","38700340"
"chr5","5038250","5038536","chrX","41723729","41724009","66","36685479"
"chr5","5046341","5046627","chrX","41723729","41724009","66","36677388"
"chr5","5055023","5055240","chr16","43750646","43750862","11","38695623"
"chr5","5103641","5103888","chr16","43799946","43800186","27","38696305"
"chr5","5134025","5134293","chr16","43825174","43825435","27","38691149"
"chr5","5235762","5235989","chr16","43928149","43928376","21","38692387"
"chr5","5281223","5281520","chr16","43971730","43972016","37","38690507"
"chr5","5365600","5365894","chr16","44061319","44061605","48","38695719"
"chr5","5385107","5385370","chr16","44080134","44080398","26","38695027"
"chr5","5396068","5396328","chr16","44091861","44092122","16","38695793"
"chr5","5403566","5403867","chr16","44099646","44099934","40","38696080"
"chr5","5457458","5457780","chr16","44138142","44138418","70","38680684"
"chr5","5460624","5460925","chr1","65213730","65214024","64","59753106"
"chr5","5469513","5469652","chr16","44148856","44149007","20","38679343"
"chr5","5469953","5470118","chr16","44149285","44149446","21","38679332"
"chr5","5484461","5484770","chr16","44162454","44162785","41","38677993"
"chr5","5497811","5498089","chr19","12701834","12702116","55","7204023"
"chr5","5530167","5530315","chr6","2350459","2350607","36","3179708"
"chr5","5531671","5531796","chr16","44204860","44204989","10","38673189"
"chr5","5532106","5532278","chr16","44205300","44205469","13","38673194"
"chr5","5551515","5551799","chr16","44225691","44225966","37","38674176"
"chr5","5606549","5606821","chr16","44280732","44281003","32","38674183"
"chr5","5615728","5616022","chr21","72955685","72955973","63","67339957"
"chr5","5624874","5625158","chr16","20991786","20992070","57","15366912"
"chr5","5680903","5681204","chr8","93067883","93068179","61","87386980"
"chr5","5703451","5703753","chr9","59862290","59862592","60","54158839"
"chr5","5739650","5739782","chr16","44405308","44405441","10","38665658"
"chr5","5747310","5747616","chr16","44413575","44413872","36","38666265"
"chr5","5748825","5748957","chr16","44415058","44415192","10","38666233"
"chr5","5767701","5768012","chr16","44432881","44433188","20","38665180"
"chr5","5776603","5776903","chr16","44441566","44441876","36","38664963"
"chr5","5786725","5786992","chr16","44449896","44450181","45","38663171"
"chr5","5796449","5796742","chr20","120081657","120081953","56","114285208"
"chr5","5812593","5812889","chr4","437696","437999","57","5374897"
"chr5","5817536","5817794","chr11","48067498","48067761","54","42249962"
"chr5","5854971","5855242","chr16","44551927","44552215","37","38696956"
"chr5","5859711","5860020","chr16","44556660","44556929","64","38696949"
"chr5","5874271","5874404","chr20","78908869","78908999","27","73034598"
"chr5","5874726","5874913","chr14","81763506","81763689","43","75888780"
"chr5","5875985","5876303","chr16","44573048","44573358","35","38697063"
"chr5","5895958","5896256","chr16","44592252","44592535","51","38696294"
"chr5","5899805","5899925","chr16","44595722","44595842","14","38695917"
"chr5","5902353","5902652","chr5","22609377","22609656","79","16707024"
"chr5","5907037","5907324","chr16","44603643","44603919","32","38696606"
"chr5","5918302","5918580","chr11","41392105","41392398","63","35473803"
"chr5","5926740","5926917","chr1","99612763","99612923","45","93686023"
"chr5","5927214","5927367","chrX","97940251","97940398","38","92013037"
"chr5","5948269","5948441","chr12","19109035","19109207","37","13160766"
"chr5","5959547","5959844","chr18","32854753","32855059","63","26895206"
"chr5","5960418","5960675","chr24","42590362","42590620","58","36629944"
"chr5","5997406","5997700","chr2","5216044","5216338","62","781362"
"chr5","6000488","6000800","chr17","35306470","35306782","54","29305982"
"chr5","6001853","6002154","chr12","6106286","6106580","59","104433"
"chr5","6024656","6024968","chr2","4636342","4636649","57","1388314"
"chr5","6041790","6042088","chr16","44731856","44732152","21","38690066"
"chr5","6053791","6054054","chr8","39503170","39503433","67","33449379"
"chr5","6056554","6056757","chr14","75404207","75404407","51","69347653"
"chr5","6057062","6057189","chr5","17873576","17873699","33","11816514"
"chr5","6057821","6058082","chr5","43739330","43739586","54","37681509"
"chr5","6070899","6071190","chr16","44761162","44761453","17","38690263"
"chr5","6077490","6077801","chr26","30785411","30785714","60","24707921"
"chr5","6149946","6150252","chr16","44833506","44833808","26","38683560"
"chr5","6161623","6161897","chr6","24793332","24793610","59","18631709"
"chr5","6165962","6166250","chr28","9798918","9799207","65","3632956"
"chr5","6168584","6168872","chr6","28407009","28407298","61","22238425"
"chr5","6171849","6172045","chr16","44848783","44848981","19","38676934"
"chr5","6172344","6172454","chr16","44849273","44849376","15","38676929"
"chr5","6189872","6190186","chr16","44863173","44863485","34","38673301"
"chr5","6201896","6202175","chr16","44876621","44876901","18","38674725"
"chr5","6219478","6219772","chr5","19804200","19804492","49","13584722"
"chr5","6269599","6269888","chr1","68583509","68583795","61","62313910"
"chr5","6290114","6290377","chr23","57434344","57434609","58","51144230"
"chr5","6315687","6315966","chr16","44979879","44980138","51","38664192"
"chr5","6347682","6348028","chr25","5272709","5273044","75","1074973"
"chr5","6355933","6356239","chr12","40601683","40601983","58","34245750"
"chr5","6365789","6366089","chr10","60902734","60903037","73","54536945"
"chr5","6383141","6383286","chr15","91056506","91056640","33","84673365"
"chr5","6383321","6383494","chr6","37951942","37952112","27","31568621"
"chr5","6396894","6397111","chr16","45063195","45063406","14","38666301"
"chr5","6449238","6449523","chr1","50456669","50456964","57","44007431"
"chr5","6452169","6452478","chr16","45101762","45102053","33","38649593"
"chr5","6481605","6481900","chr16","45143935","45144228","38","38662330"
"chr5","6507833","6507962","chrX","125341762","125341893","24","118833929"
"chr5","6510078","6510368","chr16","45171874","45172169","24","38661796"
"chr5","6511716","6511997","chr10","117272479","117272749","76","110760763"
"chr5","6533889","6534180","chr12","29472912","29473206","59","22939023"
"chr5","6548917","6549207","chr12","40601683","40601983","50","34052766"
"chr5","6568210","6568466","chr16","45232204","45232432","40","38663994"
"chr5","6573736","6573878","chr6","12891063","12891203","38","6317327"
"chr5","6577162","6577324","chr16","45243039","45243201","7","38665877"
"chr5","6592737","6593037","chr6","14856625","14856930","73","8263888"
"chr5","6618932","6619211","chr28","19080197","19080477","48","12461265"
"chr5","6631772","6632089","chr20","88100516","88100832","61","81468744"
"chr5","6637436","6637732","chr16","61873389","61873683","62","55235953"
"chr5","6645100","6645341","chr11","118006518","118006757","55","111361418"
"chr5","6664458","6664682","chr16","17378432","17378661","39","10713974"
"chr5","6692264","6692575","chr1","110832086","110832392","90","104139822"
"chr5","6699385","6699694","chr10","62864947","62865247","73","56165562"
"chr5","6710258","6710563","chr20","120540591","120540892","60","113830333"
"chr5","6714475","6714635","chr16","45382022","45382172","18","38667547"
"chr5","6714925","6715047","chr16","45382467","45382588","6","38667542"
"chr5","6717079","6717199","chr14","82354648","82354772","20","75637569"
"chr5","6723932","6724224","chr8","92596187","92596478","56","85872255"
"chr5","6754565","6754684","chr16","45414628","45414747","3","38660063"
"chr5","6758413","6758685","chr16","45418799","45419083","30","38660386"
"chr5","6760475","6760641","chr6","7412603","7412752","51","652128"
"chr5","6786402","6786720","chr16","45446515","45446823","34","38660113"
"chr5","6802088","6802378","chr7","46554830","46555124","57","39752742"
"chr5","6805170","6805211","chr12","46844475","46844511","11","40039305"
"chr5","6805274","6805585","chr2","7701056","7701361","78","895782"
"chr5","6812559","6812842","chr22","44827878","44828157","66","38015319"
"chr5","6813341","6813641","chr16","45470177","45470474","20","38656836"
"chr5","6814531","6814829","chr3","984720","985011","68","5829811"
"chr5","6815325","6815626","chr14","59828291","59828600","55","53012966"
"chr5","6836798","6836989","chr16","45492672","45492871","12","38655874"
"chr5","6863862","6863979","chr5","11753048","11753164","13","4889186"
"chr5","6906350","6906633","chr16","45572107","45572397","22","38665757"
"chr5","6911071","6911327","chr16","45561835","45562083","31","38650764"
"chr5","6919689","6919863","chr1","64080714","64080887","39","57161025"
"chr5","6919903","6920017","chr18","30186654","30186770","18","23266751"
"chr5","6920692","6920778","chr16","45571135","45571221","6","38650443"
"chr5","6922178","6922491","chr16","45577855","45578172","26","38655677"
"chr5","6955286","6955574","chr16","45613485","45613764","28","38658199"
"chr5","6957619","6957907","chr16","45616125","45616416","18","38658506"
"chr5","6975194","6975506","chr8","56498443","56498749","58","49523249"
"chr5","6979713","6980028","chr16","45644862","45645167","31","38665149"
"chr5","7038183","7038487","chr20","70561074","70561375","53","63522891"
"chr5","7040948","7041221","chr10","121263209","121263496","65","114222261"
"chr5","7069341","7069553","chr24","49153406","49153614","46","42084065"
"chr5","7091808","7092112","chr16","45743536","45743803","51","38651728"
"chr5","7094825","7095128","chr16","45746523","45746835","31","38651698"
"chr5","7145187","7145320","chr14","45279529","45279662","31","38134342"
"chr5","7166041","7166333","chr28","14009086","14009363","68","6843045"
"chr5","7166468","7166601","chrX","60317374","60317503","24","53150906"
"chr5","7166606","7166902","chr3","77381637","77381933","55","70215031"
"chr5","7174010","7174260","chr14","13686194","13686434","64","6512184"
"chr5","7222847","7222996","chr6","3192047","3192183","35","4030800"
"chr5","7223574","7223661","chr9","117516909","117516990","22","110293335"
"chr5","7228431","7228728","chrX_KE148108v1_random","1020209","1020503","57","6208222"
"chr5","7231572","7231866","chr16","45880778","45881075","22","38649206"
"chr5","7234798","7235025","chr1","6746890","6747117","52","487908"
"chr5","7237486","7237778","chr28","15635761","15636057","65","8398275"
"chr5","7243438","7243713","chr25","5591964","5592241","61","1651474"
"chr5","7271770","7272053","chr16","45922200","45922491","21","38650430"
"chr5","7286106","7286413","chr16","45935952","45936254","38","38649846"
"chr5","7289462","7289737","chr1","63896776","63897051","60","56607314"
"chr5","7308104","7308372","chr6","14831142","14831401","58","7523038"
"chr5","7308928","7309203","chr28","19905089","19905366","54","12596161"
"chr5","7318964","7319224","chr16","45968040","45968303","23","38649076"
"chr5","7363876","7364022","chr16","46010574","46010721","17","38646698"
"chr5","7364321","7364502","chr13","36978301","36978477","35","29613980"
"chr5","7373897","7374189","chr16","46020984","46021278","17","38647087"
"chr5","7378479","7378764","chr16","46024809","46025111","40","38646330"
"chr5","7422267","7422569","chr20","97168135","97168430","56","89745868"
"chr5","7432465","7432568","chr9","13903511","13903613","23","6471046"
"chr5","7432875","7432886","chr12","60531095","60531105","2","53098220"
"chr5","7433201","7433346","chr29","8487489","8487637","38","1054288"
"chr5","7450858","7451050","chr11","53215208","53215388","43","45764350"
"chr5","7456653","7456793","chr16","46100378","46100517","12","38643725"
"chr5","7472654","7472912","chr16","46117199","46117488","46","38644545"
"chr5","7480023","7480317","chr20","65857789","65858079","64","58377766"
"chr5","7510160","7510460","chr12","40601683","40601983","50","33091523"
"chr5","7514091","7514249","chr5","52536471","52536624","32","45022380"
"chr5","7514539","7514687","chr1","7925253","7925397","28","410714"
"chr5","7517732","7518038","chr18","21490626","21490936","45","13972894"
"chr5","7562692","7562833","chr16","46196790","46196932","31","38634098"
"chr5","7563148","7563276","chr16","46197246","46197379","11","38634098"
"chr5","7574789","7574913","chr6","3174169","3174293","18","4400620"
"chr5","7579522","7579835","chr16","46213185","46213498","21","38633663"
"chr5","7581578","7581882","chr9","107510499","107510795","71","99928921"
"chr5","7589547","7589843","chr8","38455493","38455782","50","30865946"
"chr5","7592976","7593264","chr16","46226219","46226507","14","38633243"
"chr5","7596210","7596523","chr16","46229453","46229759","33","38633243"
"chr5","7607243","7607421","chr16","46239672","46239841","28","38632429"
"chr5","7623221","7623506","chr16","46255114","46255396","21","38631893"
"chr5","7626635","7626936","chr9","22697379","22697669","49","15070744"
"chr5","7627902","7628204","chr11","95684752","95685065","62","88056850"
"chr5","7668691","7668966","chr21","15127074","15127353","52","7458383"
"chr5","7670758","7671033","chr25","18114740","18115019","61","10443982"
"chr5","7671036","7671334","chr16","46292700","46293021","51","38621664"
"chr5","7673184","7673480","chr16","46294529","46294845","44","38621345"
"chr5","7679592","7679894","chr16","46295868","46296174","32","38616276"
"chr5","7686510","7686553","chr14","88624749","88624789","9","80938239"
"chr5","7687303","7687602","chr16","46308955","46309227","42","38621652"
"chr5","7688243","7688360","chr13","60173654","60173771","16","52485411"
"chr5","7688862","7689134","chr6","38097093","38097365","61","30408231"
"chr5","7718371","7718575","chr11","97173036","97173235","47","89454665"
"chr5","7737463","7737648","chr16","46354065","46354228","35","38616602"
"chr5","7761412","7761699","chr16","46383608","46383889","23","38622196"
"chr5","7766853","7767104","chr26","11093750","11094001","61","3326897"
"chr5","7768919","7769036","chr16","46401544","46401661","5","38632625"
"chr5","7772638","7772933","chr16","46391485","46391795","32","38618847"
"chr5","7818298","7818394","chr14","75054073","75054173","20","67235775"
"chr5","7818637","7818654","chr11","128509254","128509268","6","120690617"
"chr5","7818954","7818968","chr7","111420576","111420591","6","103601622"
"chr5","7819255","7819413","chr20","69611338","69611500","41","61792083"
"chr5","7820263","7820558","chrX","16728551","16728852","63","8908288"
"chr5","7824328","7824624","chr11","104120287","104120586","56","96295959"
"chr5","7827057","7827401","chr20","19656756","19657098","101","11829699"
"chr5","7830835","7831088","chr16","46460760","46461024","26","38629925"
"chr5","7838962","7839079","chr1","111773995","111774112","21","103935033"
"chr5","7840330","7840482","chr8","138906361","138906510","33","131066031"
"chr5","7840795","7841000","chr20","100595144","100595336","45","92754349"
"chr5","7846173","7846259","chr26","39904561","39904649","20","32058388"
"chr5","7846452","7846538","chr26","39904561","39904649","19","32058109"
"chr5","7866423","7866704","chr16","46489617","46489902","34","38623194"
"chr5","7870201","7870512","chr11","111935614","111935915","71","104065413"
"chr5","7876996","7877201","chrX","49861253","49861456","53","41984257"
"chr5","7877284","7877491","chr16","46499577","46499777","14","38622293"
"chr5","7881087","7881368","chr16","46504812","46505100","22","38623725"
"chr5","7896822","7897108","chr22","35833038","35833336","67","27936216"
"chr5","7897321","7897495","chr9","28909358","28909538","57","21012037"
"chr5","7901286","7901508","chr16","63526007","63526229","50","55624721"
"chr5","7907211","7907485","chr16","57847381","57847661","62","49940170"
"chr5","7907949","7908075","chr2","38070721","38070845","25","30162772"
"chr5","7928046","7928301","chr14","86699219","86699463","57","78771173"
"chr5","7933592","7933855","chr16","46559233","46559487","23","38625641"
"chr5","7933879","7933967","chr16","46559511","46559599","6","38625632"
"chr5","7970461","7970705","chr1","31799830","31800055","70","23829369"
"chr5","7971583","7971711","chr16","46605257","46605385","5","38633674"
"chr5","7971714","7971742","chr19","11696706","11696735","2","3724992"
"chr5","7972045","7972293","chr9","15351532","15351792","66","7379487"
"chr5","7979636","7979929","chr16","46611056","46611349","17","38631420"
"chr5","8018997","8019299","chr14","22780651","22780954","62","14761654"
"chr5","8021687","8022016","chr11","13083689","13083987","82","5062002"
"chr5","8034473","8034757","chr16","46671421","46671715","28","38636948"
"chr5","8043363","8043486","chr5","38971394","38971517","18","30928031"
"chr5","8045865","8045981","chr16","46682042","46682153","15","38636177"
"chr5","8046210","8046416","chr16","46682425","46682647","36","38636215"
"chr5","8054648","8054953","chr16","46690649","46690956","20","38636001"
"chr5","8066667","8066955","chr25","50351993","50352286","59","42285326"
"chr5","8071471","8071776","chr18","71966149","71966446","57","63894678"
"chr5","8073259","8073420","chr6","2105468","2105636","33","5967791"
"chr5","8074615","8074897","chr16","53615260","53615546","60","45540645"
"chr5","8096413","8096726","chr16","46735680","46735990","39","38639267"
"chr5","8102451","8102763","chr11","114855636","114855938","65","106753185"
"chr5","8107226","8107342","chr1","54045395","54045510","17","45938169"
"chr5","8107383","8107554","chr9","96253271","96253449","36","88145888"
"chr5","8196559","8196871","chr19","12011999","12012306","55","3815440"
"chr5","8233679","8233972","chr16","46846582","46846887","45","38612903"
"chr5","8264379","8264659","chr16","46877377","46877654","14","38612998"
"chr5","8327002","8327155","chr10","20319853","20319998","39","11992851"
"chr5","8327466","8327600","chr3","18801623","18801754","20","10474157"
"chr5","8376358","8376659","chr9","56061472","56061765","72","47685114"
"chr5","8412077","8412318","chr29","23621184","23621430","57","15209107"
"chr5","8577350","8577557","chr21","41476338","41476548","38","32898988"
"chr5","8631867","8631997","chr20","96353230","96353362","22","87721363"
"chr5","8632002","8632279","chr16","47211893","47212169","19","38579891"
"chr5","8635457","8635556","chr16","47220579","47220678","5","38585122"
"chr5","8635857","8636039","chr16","47220984","47221163","15","38585127"
"chr5","8655832","8656125","chr19","5484104","5484394","57","3171728"
"chr5","8657848","8658115","chr16","47243652","47243919","20","38585804"
"chr5","8669202","8669504","chr3","57192628","57192928","58","48523426"
"chr5","8690068","8690325","chr16","47275859","47276112","26","38585791"
"chr5","8714503","8714731","chr16","47300171","47300397","12","38585668"
"chr5","8734711","8734988","chr16","47324566","47324857","34","38589855"
"chr5","8744366","8744713","chr18","44927596","44927914","96","36183230"
"chr5","8746807","8746912","chr16","47349939","47350044","5","38603132"
"chr5","8748698","8749009","chr16","47341907","47342220","28","38593209"
"chr5","8759690","8760003","chr16","47338982","47339292","36","38579292"
"chr5","8804225","8804348","chr26","28109493","28109616","16","19305268"
"chr5","8804647","8804834","chr5","22199790","22199975","32","13395143"
"chr5","8836564","8836844","chr12","106852251","106852540","55","98015687"
"chr5","8837440","8837674","chr12","88799353","88799596","70","79961913"
"chr5","8840768","8840908","chrX","60317374","60317503","27","51476606"
"chr5","8873099","8873225","chr16","47465206","47465332","11","38592107"
"chr5","8880489","8880803","chr9","6677318","6677629","80","2203171"
"chr5","8883344","8883550","chr16","47475700","47475909","21","38592356"
"chr5","8920992","8921299","chr2","56891095","56891388","62","47970103"
"chr5","8938610","8938911","chr12","103939005","103939299","71","95000395"
"chr5","8951989","8952105","chr16","47543133","47543248","9","38591144"
"chr5","8996812","8997116","chr11","114855636","114855938","53","105858824"
"chr5","9026649","9026966","chr16","47621320","47621621","32","38594671"
"chr5","9119739","9120042","chr16","47714514","47714814","18","38594775"
"chr5","9130935","9131064","chr16","47727381","47727510","10","38596446"
"chr5","9138499","9138628","chr16","47727381","47727510","10","38588882"
"chr5","9148842","9149146","chr6","2187023","2187329","58","6961819"
"chr5","9174418","9174717","chr16","47763056","47763352","21","38588638"
"chr5","9186055","9186354","chr16","47763056","47763352","21","38577001"
"chr5","9188774","9189065","chr16","47771560","47771859","27","38582786"
"chr5","9197723","9197847","chr1","55497887","55498011","31","46300164"
"chr5","9206713","9206977","chr16","47789180","47789446","21","38582467"
"chr5","9283176","9283485","chr6","46676602","46676910","21","37393426"
"chr5","9383307","9383573","chr16","47963459","47963726","23","38580152"
"chr5","9428493","9428802","chr16","48007847","48008155","27","38579354"
"chr5","9497673","9497969","chr16","48077616","48077915","22","38579943"
"chr5","9540499","9540784","chr11","120183576","120183861","57","110643077"
"chr5","9569972","9570193","chr2","47635861","47636084","41","38065889"
"chr5","9574936","9575246","chr21","70868955","70869257","57","61294019"
"chr5","9603611","9603877","chr16","48181683","48181946","22","38578072"
"chr5","9625752","9625887","chr16","48203391","48203526","9","38577639"
"chr5","9641919","9642076","chr22","46312312","46312473","31","36670393"
"chr5","9642102","9642221","chr21","50538124","50538240","16","40896022"
"chr5","9692972","9693274","chr10","76220349","76220648","49","66527377"
"chr5","9700825","9701104","chr16","48276854","48277136","22","38576029"
"chr5","9703579","9703866","chr3","10514269","10514565","57","810690"
"chr5","9722280","9722598","chr20","39377133","39377439","91","29654853"
"chr5","9742535","9742835","chr24","50010907","50011193","62","40268372"
"chr5","9757618","9757929","chr11","96472172","96472477","64","86714554"
"chr5","9764607","9764726","chr8","95013021","95013140","21","85248414"
"chr5","9765802","9766078","chr3","86273340","86273628","74","76507538"
"chr5","9766091","9766215","chr2","45119822","45119944","20","35353731"
"chr5","9784884","9785008","chr16","48360152","48360277","10","38575268"
"chr5","9785800","9785932","chr16","48361060","48361192","6","38575260"
"chr5","9791777","9792046","chr16","3187027","3187311","56","6604750"
"chr5","9796241","9796528","chr11","113791372","113791660","53","103995131"
"chr5","9842786","9843038","chr4","176206","176454","53","9666580"
"chr5","9844539","9844705","chr8","68927650","68927813","34","59083111"
"chr5","9845007","9845153","chr14","33109315","33109458","28","23264308"
"chr5","9855816","9856114","chr17","61911343","61911624","63","52055527"
"chr5","9883114","9883378","chr16","48446520","48446774","41","38563406"
"chr5","9887043","9887327","chr8","134857586","134857871","59","124970543"
"chr5","9940627","9940924","chr1","55977342","55977638","73","46036715"
"chr5","9945407","9945472","chr10","89291458","89291522","19","79346051"
"chr5","9945732","9945952","chr11","104570052","104570273","48","94624320"
"chr5","9955981","9956275","chr3","6320205","6320494","66","3635776"
"chr5","10025066","10025375","chrX_KE148108v1_random","1020209","1020503","57","9004857"
"chr5","10167729","10168037","chr16","48748283","48748585","38","38580554"
"chr5","10191324","10191636","chr16","48775203","48775520","30","38583879"
"chr5","10243331","10243643","chr8","25805760","25806064","70","15562429"
"chr5","10317469","10317748","chr16","48897353","48897638","20","38579884"
"chr5","10323534","10323843","chr16","48903441","48903750","24","38579907"
"chr5","10365804","10365890","chr9","120217959","120218041","12","109852155"
"chr5","10380482","10380733","chr16","48964939","48965161","41","38584457"
"chr5","10410368","10410498","chr8","68545076","68545209","15","58134708"
"chr5","10457094","10457382","chr16","49035977","49036264","18","38578883"
"chr5","10466512","10466804","chr5","35794634","35794914","57","25328122"
"chr5","10493505","10493786","chr2","57851514","57851800","54","47358009"
"chr5","10515836","10515928","chr24","26690429","26690520","21","16174593"
"chr5","10575967","10576091","chr16","49149269","49149393","9","38573302"
"chr5","10623279","10623396","chr16","49196735","49196852","8","38573456"
"chr5","10630812","10631114","chr16","49204221","49204517","27","38573409"
"chr5","10684242","10684515","chr16","49254712","49254976","32","38570470"
"chr5","10698329","10698625","chr16","49262852","49263149","21","38564523"
"chr5","10744102","10744390","chr16","49310717","49310963","60","38566615"
"chr5","10805376","10805672","chr16","35556750","35557045","65","24751374"
"chr5","10834721","10835021","chr16","49401336","49401629","38","38566615"
"chr5","10879418","10879538","chr2","13906017","13906140","10","3026599"
"chr5","10888268","10888578","chr4","72236676","72236987","71","61348408"
"chr5","10892274","10892385","chr10","2691454","2691561","20","8200820"
"chr5","10936656","10936966","chr6","7127063","7127371","61","3809593"
"chr5","11043140","11043394","chr16","49611056","49611301","23","38567916"
"chr5","11116878","11117165","chr16","49685549","49685830","29","38568671"
"chr5","11122458","11122759","chr9","33448530","33448818","70","22326072"
"chr5","11144852","11145154","chr16","49713818","49714126","20","38568966"
"chr5","11223414","11223543","chr16","49793581","49793710","8","38570167"
"chr5","11283525","11283800","chr16","49853476","49853767","42","38569951"
"chr5","11306100","11306407","chr16","49875383","49875696","26","38569283"
"chr5","11371211","11371497","chr16","49938861","49939153","35","38567650"
"chr5","11534409","11534695","chr16","50140390","50140678","45","38605981"
"chr5","11743832","11744112","chr11","104479228","104479515","57","92735396"
"chr5","11893392","11893674","chr21","83755387","83755674","63","71861995"
"chr5","11914161","11914452","chr16","69370753","69371039","58","57456592"
"chr5","11942013","11942283","chrX","91667237","91667513","54","79725224"
"chr5","11979267","11979570","chr16","50575070","50575357","37","38595803"
"chr5","11999532","11999820","chr16","50595735","50596032","38","38596203"
"chr5","12002886","12003003","chr16","50599454","50599571","8","38596568"
"chr5","12003022","12003099","chr28","11275666","11275745","16","727356"
"chr5","12010612","12010928","chr16","50607055","50607373","41","38596443"
"chr5","12025953","12026281","chr16","50621579","50621862","60","38595626"
"chr5","12070758","12070879","chr14","56861657","56861778","22","44790899"
"chr5","12089540","12089848","chr12","42817502","42817783","42","30727962"
"chr5","12119888","12120179","chr8","65900300","65900583","68","53780412"
"chr5","12144016","12144316","chr6","4408429","4408728","68","7735587"
"chr5","12153544","12153645","chr16","50744782","50744883","6","38591238"
"chr5","12159885","12160006","chr16","50751102","50751223","7","38591217"
"chr5","12187777","12188000","chr16","50776463","50776686","15","38588686"
"chr5","12300154","12300416","chr16","50886549","50886820","24","38586395"
"chr5","12718814","12719103","chr24","43103341","43103629","71","30384527"
"chr5","12730458","12730699","chr16","51300520","51300760","15","38570062"
"chr5","12797675","12797982","chr16","51369158","51369456","37","38571483"
"chr5","12806002","12806312","chr11","104854852","104855168","70","92048850"
"chr5","12929269","12929575","chr16","51502207","51502495","41","38572938"
"chr5","12988090","12988359","chr16","51560673","51560973","48","38572583"
"chr5","13118015","13118268","chrX","38389924","38390168","62","25271909"
"chr5","13120225","13120457","chr16","51691026","51691229","46","38570801"
"chr5","13122526","13122799","chr8","120210535","120210811","48","107088009"
"chr5","13332881","13333169","chr16","51898867","51899157","21","38565986"
"chr5","13429857","13430139","chr4","73386457","73386738","63","59956600"
"chr5","13553831","13554147","chr16","52077032","52077327","48","38523201"
"chr5","13634904","13635195","chr16","52172688","52172981","20","38537784"
"chr5","13653020","13653301","chr16","52191423","52191701","15","38538403"
"chr5","13690766","13690891","chr9","9618312","9618428","37","4072454"
"chr5","13690926","13691063","chr9","118720087","118720221","34","105029161"
"chr5","13698599","13698876","chr22","51293260","51293540","59","37594661"
"chr5","13701020","13701077","chr19","15720169","15720223","13","2019149"
"chr5","13701381","13701567","chr20","122553783","122553963","45","108852402"
"chr5","13712426","13712697","chr16","52247936","52248207","27","38535510"
"chr5","13741765","13741954","chr20","120939495","120939691","61","107197730"
"chr5","13758019","13758310","chr16","52295351","52295643","30","38537332"
"chr5","13762585","13762873","chr16","52300143","52300438","20","38537558"
"chr5","13765050","13765245","chr16","52321745","52321934","16","38556695"
"chr5","13784261","13784524","chr16","52300143","52300438","51","38515882"
"chr5","13786732","13786927","chr16","52321745","52321934","16","38535013"
"chr5","13818171","13818386","chr16","52321745","52321934","34","38503574"
"chr5","13891477","13891778","chr16","52391756","52392058","29","38500279"
"chr5","13943605","13943686","chr17","18986095","18986175","19","5042490"
"chr5","13945534","13945821","chr27","25034101","25034397","62","11088567"
"chr5","14026283","14026510","chr16","52516083","52516319","23","38489800"
"chr5","14047870","14048163","chr16","52533018","52533314","27","38485148"
"chr5","14138518","14138623","chr3","7153329","7153436","19","6985189"
"chr5","14138664","14138837","chr6","42438846","42439014","36","28300182"
"chr5","14356285","14356595","chr16","52802759","52803056","40","38446474"
"chr5","14383459","14383760","chr21","85082439","85082728","55","70698980"
"chr5","14410760","14411057","chr28","10348320","10348614","70","4062440"
"chr5","14442359","14442650","chr6","24793332","24793610","62","10350973"
"chr5","14454352","14454649","chr12","40601683","40601983","62","26147331"
"chr5","14549205","14549303","chr26","38780852","38780951","14","24231647"
"chr5","14571146","14571454","chr12","78838757","78839068","68","64267611"
"chr5","14628147","14628446","chr16","53052624","53052909","31","38424477"
"chr5","14634557","14634838","chr8","27107029","27107322","67","12472472"
"chr5","14704313","14704629","chr22","11261140","11261453","59","3443173"
"chr5","14709838","14710131","chr16","53135107","53135415","36","38425269"
"chr5","14743848","14744152","chr16","53154806","53155103","38","38410958"
"chr5","14745856","14745979","chr16","53156928","53157051","7","38411072"
"chr5","14750762","14750881","chr5","11523618","11523733","20","3227144"
"chr5","14750921","14751111","chr6","39707013","39707185","46","24956092"
"chr5","14751773","14752100","chr16","53164072","53164387","31","38412299"
"chr5","14754745","14755057","chr24","54921299","54921588","54","40166554"
"chr5","14772478","14772648","chr6","39714464","39714639","40","24941986"
"chr5","14772941","14773083","chr29","9549121","9549255","33","5223820"
"chr5","14796031","14796280","chr14","81758323","81758564","52","66962292"
"chr5","14809059","14809114","chr12","61353417","61353476","11","46544358"
"chr5","14822723","14822826","chr17","34809619","34809717","17","19986896"
"chr5","14824201","14824390","chr3","73512431","73512620","48","58688230"
"chr5","14828257","14828374","chr16","53229418","53229537","9","38401161"
"chr5","14829663","14829952","chr14","92182104","92182390","60","77352441"
"chr5","14843664","14843904","chr7","36379250","36379492","56","21535586"
"chr5","14849888","14850082","chr5","44608766","44608947","54","29758878"
"chr5","14852818","14853113","chrUn_KE147540v1","133864","134150","69","14718954"
"chr5","14858855","14859162","chr11","104120287","104120586","56","89261432"
"chr5","14874736","14874952","chr5","36953044","36953254","48","22078308"
"chr5","14883892","14884110","chr16","53280347","53280561","24","38396455"
"chr5","14885646","14885921","chr1","65471316","65471602","66","50585670"
"chr5","14901341","14901653","chrX","108588884","108589189","63","93687543"
"chr5","14901690","14901929","chr16","53294316","53294546","34","38392626"
"chr5","14908589","14908717","chr16","53299837","53299970","12","38391248"
"chr5","14912541","14912757","chr16","56429969","56430177","29","41517428"
"chr5","14917428","14917722","chr25","1230609","1230895","60","13686819"
"chr5","14920844","14921126","chr4","47652389","47652683","55","32731545"
"chr5","14932571","14932879","chr16","53316385","53316693","36","38383814"
"chr5","14966936","14967231","chr16","53335737","53336037","28","38368801"
"chr5","14969394","14969639","chr20","87660335","87660575","54","72690941"
"chr5","14983153","14983427","chr16","53345526","53345783","33","38362373"
"chr5","15000902","15001215","chr16","60861548","60861827","55","45860646"
"chr5","15016433","15016700","chr16","53374945","53375210","21","38358512"
"chr5","15025609","15025893","chr9","27099062","27099347","68","12073453"
"chr5","15026130","15026435","chr9","95362877","95363170","67","80336747"
"chr5","15038543","15038838","chr10","124057599","124057886","82","109019056"
"chr5","15047571","15047854","chr16","56587633","56587919","35","41540062"
"chr5","15067528","15067653","chr19","11938733","11938854","35","3128795"
"chr5","15067786","15068087","chr18","21490626","21490936","62","6422840"
"chr5","15076158","15076391","chr9","94382616","94382844","48","79306458"
"chr5","15095689","15095971","chr2","51956155","51956445","63","36860466"
"chr5","15109021","15109328","chr16","53441913","53442227","59","38332892"
"chr5","15145331","15145631","chr16","53475443","53475742","29","38330112"
"chr5","15168117","15168396","chr16","53496984","53497254","29","38328867"
"chr5","15188705","15188987","chr16","53514040","53514323","19","38325335"
"chr5","15200442","15200736","chr16","53522634","53522936","32","38322192"
"chr5","15215504","15215798","chr16","53543271","53543572","30","38327767"
"chr5","15229338","15229635","chr17","50360092","50360386","50","35130754"
"chr5","15234046","15234354","chr16","53560611","53560922","42","38326565"
"chr5","15261945","15262226","chr20","79854910","79855207","70","64592965"
"chr5","15274120","15274240","chr16","65731346","65731464","21","50457226"
"chr5","15275529","15275852","chrX","128360678","128360989","74","113085149"
"chr5","15302494","15302785","chr16","53624593","53624884","13","38322099"
"chr5","15305862","15306153","chr16","53624593","53624884","13","38318731"
"chr5","15321084","15321368","chr16","53635846","53636131","20","38314762"
"chr5","15323264","15323571","chr16","53638040","53638339","39","38314776"
"chr5","15329655","15329967","chr9","11782404","11782713","58","3547251"
"chr5","15332708","15333012","chr16","53646955","53647249","26","38314247"
"chr5","15342468","15342780","chr8","28909962","28910278","60","13567494"
"chr5","15368449","15368670","chr15","35542532","35542752","48","20174083"
"chr5","15391109","15391388","chrX","45610461","45610737","60","30219352"
"chr5","15393892","15394122","chr16","53704561","53704804","31","38310669"
"chr5","15402585","15402892","chr16","53721167","53721474","34","38318582"
"chr5","15418595","15418898","chr16","53738937","53739240","26","38320342"
"chr5","15438210","15438510","chr16","53759124","53759420","21","38320914"
"chr5","15466621","15466900","chr6","32425994","32426271","55","16959373"
"chr5","15476057","15476280","chr9","57551215","57551435","36","42075158"
"chr5","15488768","15489052","chr16","53807991","53808285","34","38319223"
"chr5","15495568","15495864","chr16","53814759","53815036","40","38319191"
"chr5","15504679","15504981","chr24","80066988","80067291","22","64562309"
"chr5","15507352","15507524","chr8","93199410","93199579","30","77692058"
"chr5","15507556","15507676","chr10","10681947","10682059","16","4825609"
"chr5","15536714","15537018","chr16","69798539","69798848","66","54261825"
"chr5","15543729","15544025","chr12","54124420","54124714","57","38580691"
"chr5","15548294","15548591","chrX_KE148108v1_random","1020209","1020503","48","14528085"
"chr5","15568190","15568498","chr12","40601683","40601983","59","25033493"
"chr5","15615788","15616061","chr16","53935394","53935655","26","38319606"
"chr5","15618980","15619283","chr16","53938600","53938906","28","38319620"
"chr5","15624478","15624745","chr16","53944583","53944849","10","38320105"
"chr5","15649130","15649448","chr5","10918988","10919298","67","4730142"
"chr5","15652767","15653068","chr16","18182771","18183077","53","2530004"
"chr5","15659186","15659323","chr27","25264729","25264858","25","9605543"
"chr5","15662810","15663068","chr16","53974688","53974943","26","38311878"
"chr5","15668499","15668807","chr20","88100516","88100832","61","72432017"
"chr5","15669717","15669856","chr12","17178052","17178191","32","1508335"
"chr5","15670123","15670253","chr3","7808273","7808402","21","7861850"
"chr5","15676496","15676811","chr16","53999432","53999739","60","38322936"
"chr5","15687691","15688000","chr16","54011004","54011313","27","38323313"
"chr5","15692831","15692950","chr5","55851093","55851217","18","40158262"
"chr5","15706551","15706873","chr16","54030614","54030935","17","38324063"
"chr5","15709110","15709369","chr16","54033126","54033393","27","38324016"
"chr5","15711881","15712171","chr16","54035606","54035900","32","38323725"
"chr5","15714655","15714854","chr9","60933227","60933426","52","45218572"
"chr5","15716986","15717304","chr22","27686674","27686987","56","11969688"
"chr5","15725326","15725614","chr19","18185309","18185590","54","2459983"
"chr5","15736105","15736294","chr9","84650982","84651167","47","68914877"
"chr5","15745516","15745798","chr20","24716495","24716773","66","8970979"
"chr5","15747025","15747309","chr16","54068666","54068952","31","38321641"
"chr5","15761253","15761289","chr6","11527909","11527945","5","4233344"
"chr5","15761590","15761861","chr6","11668104","11668371","54","4093486"
"chr5","15770073","15770297","chr16","54090519","54090759","25","38320446"
"chr5","15774644","15774776","chr16","54095536","54095667","6","38320892"
"chr5","15781903","15782204","chr22","40470564","40470860","60","24688661"
"chr5","15790271","15790572","chr22","40470564","40470860","60","24680293"
"chr5","15797049","15797259","chr21","41476338","41476548","46","25679289"
"chr5","15814384","15814509","chr16","54124776","54124902","6","38310392"
"chr5","15880496","15880786","chr12","8357025","8357315","53","7523471"
"chr5","15898305","15898577","chr16","54187323","54187597","16","38289018"
"chr5","15916754","15916874","chr5","36087757","36087881","23","20171003"
"chr5","15929518","15929824","chr16","54219514","54219781","71","38289996"
"chr5","15940428","15940653","chr26","28082214","28082435","63","12141786"
"chr5","15966523","15966833","chr1","55176461","55176760","66","39209938"
"chr5","15974123","15974398","chr16","54263704","54263974","23","38289581"
"chr5","15989110","15989227","chr16","54278896","54279016","12","38289786"
"chr5","16000946","16001248","chr11","65033931","65034241","64","49032985"
"chr5","16003617","16003889","chr16","54293662","54293937","25","38290045"
"chr5","16055723","16056028","chr16","16040690","16040982","68","15033"
"chr5","16093036","16093164","chrX","8343283","8343414","22","7749753"
"chr5","16095110","16095399","chr6","43224214","43224493","50","27129104"
"chr5","16102330","16102636","chr16","54392774","54393070","34","38290444"
"chr5","16129495","16129787","chr16","54424956","54425250","23","38295461"
"chr5","16153017","16153273","chr9","8271967","8272222","68","7881050"
"chr5","16157151","16157447","chr16","54452185","54452475","33","38295034"
"chr5","16167798","16168094","chr16","54462866","54463170","28","38295068"
"chr5","16169339","16169566","chr9","94382616","94382844","48","78213277"
"chr5","16214816","16215112","chr16","54511257","54511554","25","38296441"
"chr5","16293257","16293537","chr9","8309324","8309618","65","7983933"
"chr5","16337364","16337541","chr12","19109035","19109207","33","2771671"
"chr5","16400693","16400986","chr9","24221848","24222137","62","7821155"
"chr5","16429830","16430117","chr16","54726670","54726948","28","38296840"
"chr5","16448661","16448873","chr16","54746307","54746519","14","38297646"
"chr5","16455911","16456134","chr6","16634482","16634719","50","178571"
"chr5","16481467","16481764","chr16","54776855","54777153","20","38295388"
"chr5","16488599","16488891","chr16","54781159","54781440","32","38292560"
"chr5","16493854","16494179","chr16","54786320","54786647","23","38292466"
"chr5","16520962","16521191","chr26","19180132","19180360","48","2659170"
"chr5","16522000","16522168","chr12","45675093","45675257","38","29153093"
"chr5","16591289","16591512","chr6","16634482","16634719","50","43193"
"chr5","16613221","16613438","chr16","30333461","30333679","43","13720240"
"chr5","16648654","16648956","chr16","54928671","54928974","27","38280017"
"chr5","16699586","16699894","chr20","12839995","12840293","63","3859591"
"chr5","16715912","16716235","chr1","19123246","19123561","64","2407334"
"chr5","16724013","16724182","chr28","12067631","12067801","38","4656382"
"chr5","16787415","16787729","chr7","14614599","14614914","61","2172816"
"chr5","16797810","16798061","chr16","55074020","55074287","33","38276210"
"chr5","16833210","16833506","chr16","55111054","55111345","31","38277844"
"chr5","16840285","16840582","chr16","55117395","55117673","41","38277110"
"chr5","16845886","16846190","chr16","55124053","55124344","46","38278167"
"chr5","16883491","16883587","chr8","138208923","138209016","28","121325432"
"chr5","16883880","16884017","chr16","55162010","55162148","11","38278130"
"chr5","16893971","16894256","chr20","106099432","106099714","56","89205461"
"chr5","16896896","16897059","chr22","25713777","25713934","47","8816881"
"chr5","16897559","16897852","chr16","55173163","55173482","40","38275604"
"chr5","16909599","16909896","chr16","55185287","55185586","19","38275688"
"chr5","16921529","16921745","chr25","61761889","61762110","51","44840360"
"chr5","16936655","16937054","chr19","13195293","13195693","122","3741362"
"chr5","16957814","16958114","chr16","55229259","55229539","46","38271445"
"chr5","17034251","17034563","chr28","20450614","20450925","67","3416363"
"chr5","17080944","17081238","chr22","26525430","26525720","72","9444486"
"chr5","17116833","17117139","chr5","2621052","2621357","58","14495781"
"chr5","17130288","17130575","chr6","15020524","15020806","59","2109764"
"chr5","17148642","17148924","chr16","55400925","55401209","55","38252283"
"chr5","17151374","17151687","chr16","55403317","55403630","34","38251943"
"chr5","17182501","17182780","chr20","9947208","9947490","68","7235293"
"chr5","17198123","17198428","chr16","55437638","55437926","33","38239515"
"chr5","17213174","17213480","chr1","18109494","18109799","73","896320"
"chr5","17214450","17214641","chr16","55453460","55453635","29","38239010"
"chr5","17214931","17215064","chr16","55453954","55454088","9","38239023"
"chr5","17227155","17227443","chr16","55466076","55466370","25","38238921"
"chr5","17275362","17275671","chr5","35741787","35742093","78","18466425"
"chr5","17405871","17406159","chr16","55646203","55646491","16","38240332"
"chr5","17420659","17420958","chr5","17397816","17398114","59","22843"
"chr5","17517858","17518159","chr16","55742811","55743112","25","38224953"
"chr5","17559961","17560262","chr11","120474575","120474879","53","102914614"
"chr5","17567425","17567501","chr16","55787876","55787952","2","38220451"
"chr5","17581066","17581365","chr11","118281378","118281671","51","100700312"
"chr5","17605844","17606124","chr9","95978837","95979118","54","78372993"
"chr5","17607321","17607503","chr28","4271909","4272088","36","13335412"
"chr5","17722071","17722357","chr16","55976317","55976616","27","38254246"
"chr5","17747887","17748173","chr16","56002522","56002814","26","38254635"
"chr5","17791153","17791463","chr11","65033931","65034241","65","47242778"
"chr5","17792430","17792716","chr1","58360104","58360394","53","40567674"
"chr5","17797885","17798152","chr16","56051868","56052127","22","38253983"
"chr5","17827620","17827899","chr16","56080346","56080624","23","38252726"
"chr5","17846294","17846610","chr16","56097177","56097487","37","38250883"
"chr5","17868275","17868586","chr16","56106664","56106961","39","38238389"
"chr5","17882461","17882770","chr16","56135250","56135560","22","38252789"
"chr5","17888466","17888755","chr16","56141260","56141550","20","38252794"
"chr5","17933376","17933671","chr16","56184685","56184965","31","38251309"
"chr5","17938555","17938849","chr10","76220349","76220648","64","58281794"
"chr5","17948828","17948992","chr16","56240496","56240648","21","38291668"
"chr5","17952279","17952566","chr11","103109356","103109649","54","85157077"
"chr5","17992313","17992602","chr12","103939005","103939299","54","85946692"
"chr5","17999872","18000000","chr21","123566709","123566839","30","105566837"
"chr5","18042496","18042618","chr19","19333049","19333173","28","1290553"
"chr5","18042938","18042994","chr16","18316132","18316186","10","273194"
"chr5","18053181","18053445","chr23","40868004","40868243","64","22814823"
"chr5","18056019","18056315","chr11","107488111","107488404","67","89432092"
"chr5","18057976","18058128","chr29","23560646","23560798","27","5502670"
"chr5","18070580","18070860","chr16","56311140","56311419","21","38240560"
"chr5","18073455","18073755","chr5","19804200","19804492","61","1730745"
"chr5","18088562","18088861","chr5","55587449","55587750","66","37498887"
"chr5","18088864","18089155","chr16","56329760","56330052","15","38240896"
"chr5","18091445","18091667","chr16","56332026","56332242","19","38240581"
"chr5","18097779","18098100","chr3","19554105","19554413","57","1456326"
"chr5","18104893","18105195","chr23","11866082","11866377","70","6238811"
"chr5","18108637","18108953","chr7","14614599","14614914","61","3494038"
"chr5","18116450","18116573","chr16","56358736","56358860","13","38242286"
"chr5","18116914","18117063","chr1","63066121","63066270","29","44949207"
"chr5","18122147","18122419","chr16","56366888","56367169","28","38244741"
"chr5","18123462","18123733","chr25","18114740","18115019","66","8722"
"chr5","18139923","18140170","chr16","22807067","22807305","55","4667144"
"chr5","18142322","18142635","chr6","41118210","41118517","72","22975888"
"chr5","18160572","18160673","chr11","38511318","38511421","19","20350746"
"chr5","18160701","18160821","chrX","13983593","13983710","22","4177108"
"chr5","18187070","18187278","chr16","56429969","56430177","21","38242899"
"chr5","18191391","18191502","chr12","18477047","18477162","26","285656"
"chr5","18197596","18197862","chr16","56448010","56448269","30","38250414"
"chr5","18197903","18198220","chrX","108588884","108589189","65","90390981"
"chr5","18216619","18216835","chr16","53280347","53280561","26","35063728"
"chr5","18256872","18257179","chr16","59671226","59671538","18","41414354"
"chr5","18259343","18259626","chr16","59669750","59670031","19","41410407"
"chr5","18283708","18283982","chr28","7257332","7257599","53","11026376"
"chr5","18287037","18287332","chr16","59638219","59638519","30","41351182"
"chr5","18292860","18293155","chr16","59638219","59638519","29","41345359"
"chr5","18321061","18321232","chr16","59613858","59614028","15","41292797"
"chr5","18338050","18338246","chr12","26878004","26878201","43","8539954"
"chr5","18353008","18353128","chr11","72290240","72290355","19","53937232"
"chr5","18353143","18353449","chr17","50698832","50699133","84","32345689"
"chr5","18446794","18447085","chr24","12129448","12129736","54","6317346"
"chr5","18458596","18458708","chr16","53418633","53418745","5","34960037"
"chr5","18460825","18460941","chr16","56534769","56534885","10","38073944"
"chr5","18470256","18470564","chr16","56544216","56544512","26","38073960"
"chr5","18486563","18486904","chr16","71615637","71615946","95","53129074"
"chr5","18500656","18500930","chr9","124435693","124435965","18","105935037"
"chr5","18500950","18501236","chr9","124435381","124435692","48","105934431"
"chr5","18526854","18527152","chr12","26204400","26204703","52","7677546"
"chr5","18532400","18532680","chr16","56587633","56587919","29","38055233"
"chr5","18575214","18575504","chr5","25156031","25156331","64","6580817"
"chr5","18578604","18578882","chrX","9062698","9062973","68","9515906"
"chr5","18579293","18579600","chr16","56629615","56629913","27","38050322"
"chr5","18610114","18610395","chr16","56657637","56657914","24","38047523"
"chr5","18622091","18622397","chr16","56669601","56669897","32","38047510"
"chr5","18660576","18660874","chr25","84427729","84428017","62","65767153"
"chr5","18665371","18665517","chr12","12026932","12027074","31","6638439"
"chr5","18669856","18670140","chr20","121280252","121280537","49","102610396"
"chr5","18671620","18671809","chr16","56712943","56713116","33","38041323"
"chr5","18672118","18672243","chr16","56713412","56713536","12","38041294"
"chr5","18695293","18695567","chr16","56737890","56738168","20","38042597"
"chr5","18698139","18698410","chr18","62940144","62940412","68","44242005"
"chr5","18713920","18714185","chr16","56756726","56756996","19","38042806"
"chr5","18770075","18770387","chr27","44233865","44234171","58","25463790"
"chr5","18772926","18773188","chr5","73211900","73212170","73","54438974"
"chr5","18776812","18777133","chr16","56816038","56816361","33","38039226"
"chr5","18780421","18780547","chr16","56819313","56819450","17","38038892"
"chr5","18782640","18782943","chr5","33780193","33780494","61","14997553"
"chr5","18788933","18789228","chr18","32854753","32855059","54","14065820"
"chr5","18796099","18796221","chr16","56833456","56833578","8","38037357"
"chr5","18820408","18820631","chr8","27194921","27195149","53","8374513"
"chr5","18822573","18822886","chr22","11346455","11346767","68","7476118"
"chr5","18838745","18839089","chr2","7911992","7912322","96","10926753"
"chr5","18841422","18841589","chr11","91233429","91233590","35","72392007"
"chr5","18842452","18842732","chr2","32734589","32734875","55","13892137"
"chr5","18924988","18925163","chr16","56953776","56953953","15","38028788"
"chr5","18941200","18941517","chr16","56969928","56970265","34","38028728"
"chr5","18948750","18949043","chr16","56981659","56981951","26","38032909"
"chr5","18962294","18962603","chr20","110367825","110368132","48","91405531"
"chr5","18973376","18973674","chr3","77381637","77381933","54","58408261"
"chr5","18980150","18980277","chr16","57016912","57017039","6","38036762"
"chr5","18985472","18985779","chr16","57022588","57022895","17","38037116"
"chr5","18987173","18987494","chr10","122096768","122097072","73","103109595"
"chr5","18998747","18999034","chr10","87801139","87801426","59","68802392"
"chr5","19004132","19004370","chr16","57039706","57039944","11","38035574"
"chr5","19031856","19032155","chr16","57063576","57063875","10","38031720"
"chr5","19032244","19032553","chr16","57063964","57064256","46","38031720"
"chr5","19066602","19066903","chr18","32854753","32855059","53","13788151"
"chr5","19086795","19087019","chr16","57120825","57121038","28","38034030"
"chr5","19104464","19104761","chr16","33854918","33855215","53","14750454"
"chr5","19110279","19110446","chr2","42603297","42603459","29","23493018"
"chr5","19110473","19110583","chrX","112796005","112796121","21","93685532"
"chr5","19135984","19136272","chr5","43959156","43959444","52","24823172"
"chr5","19171051","19171203","chr16","57201613","57201767","15","38030562"
"chr5","19171822","19171984","chr16","57202374","57202541","15","38030552"
"chr5","19177376","19177689","chr2","86787887","86788191","66","67610511"
"chr5","19215254","19215566","chrX","8486738","8487040","61","10728516"
"chr5","19224790","19224999","chr16","57251281","57251463","37","38026491"
"chr5","19264344","19264633","chr16","57291372","57291648","45","38027028"
"chr5","19306357","19306662","chr16","57333834","57334137","24","38027477"
"chr5","19387510","19387798","chr16","57423551","57423854","36","38036041"
"chr5","19392256","19392546","chr16","57428596","57428911","45","38036340"
"chr5","19392593","19392887","chr8","52051424","52051714","59","32658831"
"chr5","19402858","19402978","chr16","57439299","57439421","7","38036441"
"chr5","19411402","19411673","chr6","14962063","14962327","58","4449339"
"chr5","19416530","19416757","chr9","58206830","58207059","46","38790300"
"chr5","19456233","19456505","chr16","57495612","57495880","36","38039379"
"chr5","19457336","19457598","chr15","40972111","40972375","61","21514775"
"chr5","19458285","19458594","chr16","57497944","57498251","25","38039659"
"chr5","19467913","19468185","chr16","57495612","57495880","36","38027699"
"chr5","19469016","19469278","chr15","40972111","40972375","61","21503095"
"chr5","19469965","19470274","chr16","57497944","57498251","25","38027979"
"chr5","19474309","19474494","chr11","53215208","53215388","38","33740899"
"chr5","19476790","19476989","chr7","111058967","111059160","55","91582177"
"chr5","19477803","19477922","chr16","57505734","57505850","10","38027931"
"chr5","19478616","19478905","chr16","57506571","57506839","35","38027955"
"chr5","19483526","19483649","chr20","11835652","11835783","24","7647874"
"chr5","19494117","19494277","chr16","57522132","57522301","16","38028015"
"chr5","19494564","19494629","chr16","57522583","57522648","9","38028019"
"chr5","19500167","19500459","chr16","57528784","57529080","21","38028617"
"chr5","19517502","19517768","chr23","41912058","41912325","55","22394556"
"chr5","19527360","19527486","chrX","11881128","11881254","17","7646232"
"chr5","19538725","19538826","chr5","56232037","56232138","17","36693312"
"chr5","19539093","19539280","chr22","56226556","56226726","49","36687463"
"chr5","19551234","19551527","chr16","57582628","57582930","21","38031394"
"chr5","19551528","19551681","chr16","57582931","57583087","13","38031403"
"chr5","19587686","19587955","chr16","57606853","57607141","34","38019167"
"chr5","19597219","19597476","chrX","61813372","61813636","59","42216153"
"chr5","19608605","19608804","chr16","57630957","57631162","30","38022352"
"chr5","19616691","19616987","chr16","57635503","57635786","32","38018812"
"chr5","19619264","19619532","chr16","57640283","57640577","49","38021019"
"chr5","19637753","19638053","chr16","57659465","57659757","28","38021712"
"chr5","19653374","19653652","chr16","57677099","57677378","18","38023725"
"chr5","19654858","19655148","chr1","9478244","9478513","81","10176614"
"chr5","19671783","19671939","chr16","57691291","57691435","20","38019508"
"chr5","19675847","19675961","chrX","38871434","38871550","22","19195587"
"chr5","19683998","19684310","chr28","15141829","15142140","63","4542169"
"chr5","19697978","19698088","chr16","57721898","57722004","12","38023920"
"chr5","19708770","19709094","chr16","57733600","57733908","27","38024830"
"chr5","19730491","19730683","chr16","57755261","57755443","38","38024770"
"chr5","19810109","19810290","chr16","42366263","42366450","51","22556154"
"chr5","19831788","19832088","chr16","57833252","57833547","33","38001464"
"chr5","19866615","19866936","chr16","57867574","57867893","18","38000959"
"chr5","19877637","19877954","chr16","57879253","57879577","36","38001616"
"chr5","19889005","19889327","chr22","33504982","33505295","74","13615977"
"chr5","19891797","19892075","chr16","57893706","57893995","27","38001909"
"chr5","19901812","19902113","chrX","23636327","23636629","60","3734515"
"chr5","19902967","19903261","chr16","57905618","57905923","27","38002651"
"chr5","19931462","19931763","chr14","18423632","18423933","62","1507830"
"chr5","19951742","19951968","chr1","74243363","74243595","51","54291621"
"chr5","19972535","19972821","chr16","57972925","57973219","24","38000390"
"chr5","20001307","20001574","chr16","58002009","58002298","41","38000702"
"chr5","20016972","20017267","chr16","58018670","58018963","28","38001698"
"chr5","20018198","20018508","chr7","70697195","70697499","68","50678997"
"chr5","20066864","20066992","chr16","58065136","58065264","10","37998272"
"chr5","20099085","20099376","chr11","41392105","41392398","74","21293020"
"chr5","20112852","20113141","chr6","28194245","28194544","59","8081393"
"chr5","20115804","20116098","chr16","58115018","58115311","34","37999214"
"chr5","20121122","20121349","chr9","94382616","94382844","55","74261494"
"chr5","20138247","20138538","chr16","58135958","58136243","28","37997711"
"chr5","20142932","20143200","chr16","58140707","58140997","39","37997775"
"chr5","20148732","20149027","chr26","31796938","31797225","88","11648206"
"chr5","20157206","20157505","chr12","40601683","40601983","49","20444477"
"chr5","20163803","20163972","chr3","26024303","26024462","34","5860500"
"chr5","20173429","20173748","chr16","58173471","58173798","36","38000042"
"chr5","20178129","20178435","chr12","40601683","40601983","58","20423554"
"chr5","20180003","20180304","chr16","58180275","58180577","29","38000272"
"chr5","20219620","20219910","chr16","58207967","58208264","25","37988347"
"chr5","20224415","20224726","chr16","60115443","60115749","79","39891028"
"chr5","20255794","20256012","chr16","58243382","58243605","24","37987588"
"chr5","20263063","20263245","chr19","23174195","23174361","52","2911132"
"chr5","20269056","20269344","chr16","57847381","57847661","59","37578325"
"chr5","20280367","20280480","chr16","58264506","58264614","12","37984139"
"chr5","20282357","20282649","chr14","52808491","52808792","59","32526134"
"chr5","20285690","20285978","chr26","15544418","15544708","60","4741272"
"chr5","20307856","20308151","chr16","58292326","58292598","44","37984470"
"chr5","20324975","20325260","chr14","82166578","82166861","56","61841603"
"chr5","20336075","20336390","chr16","58321110","58321422","33","37985035"
"chr5","20341324","20341605","chr16","58326336","58326618","7","37985012"
"chr5","20347103","20347157","chr7","88070528","88070579","13","67723425"
"chr5","20347468","20347544","chr1","64249596","64249674","15","43902128"
"chr5","20371618","20371922","chr28","10055556","10055859","51","10316062"
"chr5","20372791","20372993","chr1","10379816","10380021","47","9992975"
"chr5","20404991","20405265","chr16","58389600","58389874","17","37984609"
"chr5","20432684","20432969","chr12","97333332","97333617","58","76900648"
"chr5","20442035","20442333","chr16","58426539","58426835","13","37984504"
"chr5","20456815","20457063","chr16","58440953","58441205","11","37984138"
"chr5","20458058","20458342","chr2","25604812","25605075","71","5146754"
"chr5","20459590","20459895","chr28","11548952","11549255","65","8910638"
"chr5","20467554","20467845","chr16","58451731","58452022","22","37984177"
"chr5","20483962","20484173","chr6","48150339","48150546","48","27666377"
"chr5","20488456","20488679","chr16","58474345","58474587","52","37985889"
"chr5","20513193","20513475","chr20","121611865","121612157","62","101098672"
"chr5","20558295","20558426","chr16","58541408","58541539","5","37983113"
"chr5","20563274","20563558","chr16","58546358","58546629","32","37983084"
"chr5","20583483","20583731","chr16","58567484","58567726","15","37984001"
"chr5","20590748","20591057","chr23","53067888","53068186","70","32477140"
"chr5","20619581","20619863","chr6","32425994","32426271","51","11806413"
"chr5","20622565","20622880","chr20","124600392","124600704","66","103977827"
"chr5","20635633","20635765","chr16","58620639","58620783","24","37985006"
"chr5","20649266","20649358","chr5","21918559","21918655","14","1269293"
"chr5","20649757","20649983","chr14","60677136","60677354","56","40027379"
"chr5","20654695","20654816","chr9","112543695","112543812","21","91889000"
"chr5","20670016","20670300","chr16","58652067","58652355","24","37982051"
"chr5","20673002","20673124","chr16","58655079","58655206","10","37982077"
"chr5","20687820","20688119","chr2","58980970","58981271","60","38293150"
"chr5","20709052","20709183","chr16","61691746","61691877","31","40982694"
"chr5","20718358","20718655","chr16","58702093","58702399","26","37983735"
"chr5","20741849","20742139","chr12","103939005","103939299","50","83197156"
"chr5","20744194","20744484","chr16","58722415","58722702","23","37978221"
"chr5","20780202","20780479","chr16","58754701","58754984","33","37974499"
"chr5","20796496","20796810","chr16","58773042","58773365","27","37976546"
"chr5","20800139","20800372","chr16","58776391","58776618","16","37976252"
"chr5","20846067","20846304","chr6","11192729","11192967","60","9653338"
"chr5","20849625","20849732","chr5","52363991","52364103","19","31514366"
"chr5","20857421","20857715","chr7","118609785","118610067","57","97752364"
"chr5","20861790","20861944","chr6","32519998","32520154","35","11658208"
"chr5","20880879","20881173","chr10","76220349","76220648","55","55339470"
"chr5","20914330","20914623","chr12","103939005","103939299","51","83024675"
"chr5","20922728","20923010","chr16","58903098","58903394","35","37980370"
"chr5","20926297","20926595","chr16","58907150","58907451","22","37980853"
"chr5","20927815","20927962","chr6","9725386","9725526","36","11202429"
"chr5","20927994","20928112","chr5","11523618","11523733","15","9404376"
"chr5","20930418","20930703","chrX","92598740","92599020","59","71668322"
"chr5","20945925","20946195","chr20","130179369","130179636","62","109233444"
"chr5","20948134","20948418","chr16","58929481","58929763","20","37981347"
"chr5","20960097","20960215","chr26","44500001","44500120","33","23539904"
"chr5","20962417","20962704","chr24","28247876","28248163","56","7285459"
"chr5","20979628","20979926","chr16","31436103","31436412","29","10456475"
"chr5","21068780","21068964","chr20","12987670","12987862","55","8081110"
"chr5","21098309","21098640","chrUn_KE147626v1","8406","8740","31","21089903"
"chr5","21104007","21104310","chrX","108329697","108330005","63","87225690"
"chr5","21111084","21111412","chr16","33404668","33404996","34","12293584"
"chr5","21142180","21142490","chr20","116728654","116728956","59","95586474"
"chr5","21150943","21151244","chr16","36490651","36490942","65","15339708"
"chr5","21180393","21180575","chr3","10719374","10719551","30","10461019"
"chr5","21204047","21204317","chr16","33317120","33317391","20","12113073"
"chr5","21206202","21206485","chr16","33314948","33315243","28","12108746"
"chr5","21232523","21232775","chr5","20109080","20109306","74","1123443"
"chr5","21247726","21247995","chr16","33276818","33277111","41","12029092"
"chr5","21256829","21256930","chr12","25520400","25520504","20","4263571"
"chr5","21258615","21258818","chr16","33268901","33269086","31","12010286"
"chr5","21266700","21266970","chr16","33260028","33260296","19","11993328"
"chr5","21276571","21276846","chr1","124010097","124010378","71","102733526"
"chr5","21304728","21305034","chr16","33219031","33219331","28","11914303"
"chr5","21314958","21315088","chr9","60358699","60358829","26","39043741"
"chr5","21362175","21362395","chr16","33160539","33160768","44","11798364"
"chr5","21380305","21380429","chr2","14248852","14248976","16","7131453"
"chr5","21385242","21385402","chr16","33140116","33140278","13","11754874"
"chr5","21401759","21402044","chr28","2710494","2710774","78","18691265"
"chr5","21403350","21403646","chr17","1647761","1648065","69","19755589"
"chr5","21404713","21405009","chr16","33120278","33120574","18","11715565"
"chr5","21426248","21426340","chr16","33102345","33102439","5","11676097"
"chr5","21456904","21457247","chr11","104879443","104879759","93","83422539"
"chr5","21461222","21461528","chr18","32854753","32855059","53","11393531"
"chr5","21463491","21463747","chr29","7200353","7200601","57","14263138"
"chr5","21502938","21503212","chr24","71471559","71471833","62","49968621"
"chr5","21531616","21531908","chr16","33010735","33011016","20","11479119"
"chr5","21548121","21548389","chr16","32996047","32996324","19","11447926"
"chr5","21561744","21561858","chr16","32982351","32982460","12","11420607"
"chr5","21561888","21562053","chr16","32982144","32982319","19","11420256"
"chr5","21570007","21570288","chr16","32973333","32973598","27","11403326"
"chr5","21579324","21579627","chr16","32963713","32964002","39","11384389"
"chr5","21579863","21580165","chr14","58933683","58933978","55","37353820"
"chr5","21587910","21588182","chr22","51293260","51293540","52","29705350"
"chr5","21595504","21595809","chr22","11261140","11261453","68","10334364"
"chr5","21658002","21658301","chr16","32885696","32885997","23","11227694"
"chr5","21682068","21682173","chr9","25039983","25040094","24","3357915"
"chr5","21682206","21682387","chr28","8725117","8725301","38","12957089"
"chr5","21713210","21713525","chr6","12258379","12258691","69","9454831"
"chr5","21730592","21730962","chr16","32809374","32809744","17","11078782"
"chr5","21792761","21793064","chr16","32728158","32728427","54","10935397"
"chr5","21827088","21827379","chr16","32693646","32693933","22","10866558"
"chr5","21862887","21863192","chr16","32658707","32659012","31","10795820"
"chr5","21866961","21867126","chr1","46411718","46411880","48","24544757"
"chr5","21867542","21867832","chr9","29435358","29435656","62","7567816"
"chr5","21907117","21907402","chr16","32614266","32614511","51","10707149"
"chr5","21926231","21926360","chr16","32593889","32594018","5","10667658"
"chr5","21941930","21942089","chr27","9851630","9851786","39","12090300"
"chr5","21942141","21942262","chr2","15039632","15039753","20","6902509"
"chr5","21963486","21963600","chr28","20073355","20073462","21","1890131"
"chr5","22021149","22021449","chr2","17734745","17735057","62","4286404"
"chr5","22026325","22026623","chr16","32496720","32497015","18","10470395"
"chr5","22066677","22066987","chr25","44277157","44277461","69","22210480"
"chr5","22093526","22093794","chr17","60886955","60887217","56","38793429"
"chr5","22107279","22107469","chr16","32419260","32419448","16","10311981"
"chr5","22116318","22116616","chr16","32409891","32410193","31","10293573"
"chr5","22122273","22122586","chr10","85317607","85317918","57","63195334"
"chr5","22123057","22123319","chr16","32403183","32403448","18","10280126"
"chr5","22128933","22129035","chr6","25862653","25862760","16","3733720"
"chr5","22134012","22134133","chr5","69493775","69493899","22","47359763"
"chr5","22143750","22144063","chr1","54557481","54557802","61","32413731"
"chr5","22158751","22159048","chr16","32368974","32369277","21","10210223"
"chr5","22182755","22183043","chr16","32344832","32345110","25","10162077"
"chr5","22199215","22199430","chr16","32323159","32323368","20","10123944"
"chr5","22221702","22222006","chr16","32298856","32299160","21","10077154"
"chr5","22243965","22244113","chr11","53910859","53911009","34","31666894"
"chr5","22246446","22246706","chr16","32273743","32274003","22","10027297"
"chr5","22271398","22271654","chr7","97462094","97462349","62","75190696"
"chr5","22311797","22311952","chr28","2172546","2172693","35","20139251"
"chr5","22313145","22313401","chr1","6547966","6548216","52","15765179"
"chr5","22321439","22321734","chr5","36409125","36409410","58","14087686"
"chr5","22347177","22347479","chr16","32173010","32173307","22","9825833"
"chr5","22358371","22358669","chr16","32157379","32157669","35","9799008"
"chr5","22383811","22384039","chr16","32131867","32132114","43","9748056"
"chr5","22418707","22418973","chrX","532432","532697","69","21886275"
"chr5","22426412","22426696","chr16","32096987","32097265","22","9670575"
"chr5","22443894","22444200","chr5","12204008","12204319","55","10239886"
"chr5","22447051","22447281","chr8","97289490","97289719","52","74842439"
"chr5","22458975","22459248","chr16","4167186","4167472","66","18291789"
"chr5","22477032","22477329","chr16","32046918","32047218","17","9569886"
"chr5","22483249","22483525","chr11","110071807","110072086","71","87588558"
"chr5","22502599","22502872","chr16","32026885","32027181","46","9524286"
"chr5","22526575","22526877","chr16","32003099","32003379","37","9476524"
"chr5","22534720","22535033","chr16","31994925","31995233","25","9460205"
"chr5","22540148","22540485","chr28","6037816","6038133","92","16502332"
"chr5","22541527","22541810","chr16","31989363","31989644","16","9447836"
"chr5","22560462","22560703","chr26","47602437","47602684","51","25041975"
"chr5","22561034","22561329","chr19","10747011","10747299","58","11814023"
"chr5","22569832","22570104","chr22","47925764","47926031","68","25355932"
"chr5","22571867","22572134","chr16","31960181","31960474","47","9388314"
"chr5","22580650","22580767","chr16","31952113","31952242","21","9371463"
"chr5","22583817","22584116","chr16","31949094","31949371","45","9365277"
"chr5","22585965","22586095","chrX","29073092","29073220","22","6487127"
"chr5","22586380","22586552","chr16","31947674","31947848","14","9361294"
"chr5","22594755","22595058","chr20","70561074","70561375","58","47966319"
"chr5","22619178","22619445","chr16","31903819","31904087","18","9284641"
"chr5","22626492","22626751","chr20","109701818","109702074","59","87075326"
"chr5","22655252","22655500","chr4","76123794","76124046","58","53468542"
"chr5","22660854","22661138","chr16","31876886","31877162","26","9216032"
"chr5","22664232","22664475","chr16","31873100","31873387","61","9208868"
"chr5","22673776","22673919","chr11","43539298","43539434","40","20865522"
"chr5","22682911","22683224","chr16","31851227","31851564","46","9168316"
"chr5","22706770","22707062","chr16","31825515","31825809","15","9118745"
"chr5","22709967","22710246","chr16","31822330","31822608","19","9112363"
"chr5","22710618","22710735","chr16","31821842","31821959","6","9111224"
"chr5","22711452","22711721","chr16","31820531","31820795","22","9109079"
"chr5","22716355","22716628","chr16","9035863","9036145","72","13680492"
"chr5","22718817","22718957","chr1","44883492","44883633","26","22164675"
"chr5","22719283","22719416","chr11","14504597","14504734","29","8214686"
"chr5","22732420","22732707","chr16","31805182","31805456","26","9072762"
"chr5","22733944","22734232","chr1","31402949","31403226","77","8669005"
"chr5","22751047","22751152","chr16","31781024","31781132","10","9029977"
"chr5","22762469","22762769","chr16","31771807","31772107","22","9009338"
"chr5","22766269","22766560","chr16","31768163","31768454","33","9001894"
"chr5","22769536","22769679","chr24","81708774","81708911","32","58939238"
"chr5","22780760","22780971","chr16","31751456","31751654","21","8970696"
"chr5","22781642","22781928","chr5","70786789","70787065","54","48005147"
"chr5","22784559","22784913","chr9","39260128","39260447","104","16475569"
"chr5","22789673","22789805","chr16","31742602","31742734","12","8952929"
"chr5","22794274","22794578","chr16","31738443","31738744","32","8944169"
"chr5","22798386","22798696","chr2","58980970","58981271","68","36182584"
"chr5","22803368","22803658","chr16","31732284","31732569","38","8928916"
"chr5","22805343","22805613","chr16","31730334","31730612","24","8924991"
"chr5","22833916","22834222","chr16","31701685","31701997","30","8867769"
"chr5","22846789","22847101","chr18","32854753","32855059","58","10007964"
"chr5","22850357","22850641","chr6","28338204","28338494","61","5487847"
"chr5","22865045","22865333","chr9","61093538","61093819","60","38228493"
"chr5","22872286","22872482","chr11","97173036","97173235","48","74300750"
"chr5","22881099","22881244","chr16","31642105","31642255","18","8761006"
"chr5","22886770","22887072","chr12","40601683","40601983","53","17714913"
"chr5","22891751","22892028","chr6","28407009","28407298","60","5515258"
"chr5","22893248","22893546","chr24","54921299","54921588","53","32028051"
"chr5","22893913","22894196","chr16","31627493","31627777","23","8733580"
"chr5","22894498","22894833","chr16","31626854","31627187","28","8732356"
"chr5","22896285","22896372","chr16","31621680","31621767","5","8725395"
"chr5","22910726","22910884","chr16","31610775","31610940","22","8700049"
"chr5","22919905","22920225","chr28","1962108","1962413","88","20957797"
"chr5","22920237","22920546","chr16","31600820","31601114","41","8680583"
"chr5","22922236","22922553","chr22","6459533","6459839","80","16462703"
"chr5","22922567","22922689","chr15","57473425","57473547","18","34550858"
"chr5","22925721","22926009","chr19","11819724","11820019","62","11105997"
"chr5","22927924","22928220","chr17","41634369","41634674","66","18706445"
"chr5","22931605","22931849","chr9","96088325","96088569","58","73156720"
"chr5","22934708","22934843","chr16","31587624","31587740","24","8652916"
"chr5","22938164","22938441","chr17","68932375","68932657","64","45994211"
"chr5","22940552","22940829","chr22","47745877","47746161","63","24805325"
"chr5","22942907","22943206","chr16","31582457","31582761","28","8639550"
"chr5","22950133","22950202","chr16","31577669","31577741","10","8627536"
"chr5","22955211","22955334","chr1","108290111","108290233","14","85334900"
"chr5","22965516","22965805","chr16","31544126","31544411","24","8578610"
"chr5","22976643","22976924","chr3","78233651","78233942","66","55257008"
"chr5","22981936","22982065","chr11","48048179","48048309","18","25066243"
"chr5","22987276","22987565","chr16","31544126","31544411","23","8556850"
"chr5","22991858","22992070","chr5","36953044","36953254","38","13961186"
"chr5","23004195","23004418","chr16","31537841","31538033","46","8533646"
"chr5","23004445","23004742","chr12","103939005","103939299","50","80934560"
"chr5","23028125","23028395","chr6","28992279","28992539","58","5964154"
"chr5","23029847","23030127","chr16","31516901","31517181","12","8487054"
"chr5","23049009","23049291","chr16","31496998","31497276","23","8447989"
"chr5","23055103","23055418","chr16","31490619","31490924","39","8435516"
"chr5","23070049","23070319","chr16","31475239","31475508","17","8405190"
"chr5","23154369","23154687","chr16","61087137","61087448","57","37932768"
"chr5","23173023","23173297","chr1","10321423","10321708","67","12851600"
"chr5","23196406","23196739","chr24","40956382","40956707","63","17759976"
"chr5","23198839","23199126","chrX_KE148108v1_random","1020209","1020503","56","22178630"
"chr5","23224646","23224936","chr16","29758378","29758668","18","6533732"
"chr5","23250505","23250802","chr17","52166611","52166903","62","28916106"
"chr5","23260682","23260994","chr21","22743291","22743603","69","517391"
"chr5","23341670","23341950","chr16","33874607","33874883","20","10532937"
"chr5","23376768","23377065","chr28","15141829","15142140","63","8234939"
"chr5","23430522","23430810","chr16","33530128","33530430","37","10099606"
"chr5","23439541","23439809","chr16","33541466","33541726","27","10101925"
"chr5","23444589","23444899","chr20","55451834","55452142","68","32007245"
"chr5","23445459","23445736","chr9","86130350","86130632","67","62684891"
"chr5","23447314","23447587","chr16","33544722","33544989","21","10097408"
"chr5","23459349","23459581","chr28","13728890","13729116","54","9730459"
"chr5","23470465","23470599","chr16","33570184","33570318","9","10099719"
"chr5","23470909","23471072","chr16","33570617","33570775","16","10099708"
"chr5","23478499","23478660","chr17","34930342","34930498","33","11451843"
"chr5","23478969","23479112","chr17","50530184","50530323","21","27051215"
"chr5","23482879","23483182","chr16","33579996","33580298","19","10097117"
"chr5","23483243","23483540","chr5","14757791","14758102","57","8725452"
"chr5","23487204","23487504","chr16","33590433","33590736","27","10103229"
"chr5","23501412","23501651","chr22","9172123","9172362","76","14329289"
"chr5","23513112","23513208","chr9","31232634","31232723","19","7719522"
"chr5","23522056","23522317","chr16","33626968","33627230","11","10104912"
"chr5","23525709","23525831","chr16","33630957","33631088","16","10105248"
"chr5","23568548","23568813","chr16","33674172","33674412","40","10105624"
"chr5","23570300","23570480","chr10","85916598","85916784","45","62346298"
"chr5","23572729","23573040","chr16","33680318","33680581","66","10107589"
"chr5","23580014","23580303","chr16","33687016","33687310","32","10107002"
"chr5","23584080","23584374","chr16","33680318","33680581","52","10096238"
"chr5","23587226","23587495","chr26","15269680","15269932","62","8317546"
"chr5","23589868","23590171","chr22","55637144","55637444","56","32047276"
"chr5","23592619","23592917","chr16","33696060","33696356","21","10103441"
"chr5","23598072","23598267","chr24","7508510","7508695","42","16089562"
"chr5","23598597","23598696","chr16","33700278","33700375","9","10101681"
"chr5","23611235","23611552","chr15","64611902","64612212","68","41000667"
"chr5","23612783","23613096","chr16","33713671","33713977","52","10100888"
"chr5","23615395","23615700","chr16","33716301","33716603","26","10100906"
"chr5","23617315","23617414","chr15","90133803","90133903","16","66516488"
"chr5","23627474","23627807","chr24","67273546","67273875","74","43646072"
"chr5","23631374","23631674","chr16","33731002","33731288","26","10099628"
"chr5","23640672","23640917","chr16","33740285","33740543","31","10099613"
"chr5","23643014","23643303","chr16","33742984","33743262","32","10099970"
"chr5","23677794","23678084","chr16","33777291","33777583","27","10099497"
"chr5","23681111","23681372","chr23","57434344","57434609","57","33753233"
"chr5","23692197","23692286","chr4","64198371","64198461","21","40506174"
"chr5","23692586","23692794","chr15","30991069","30991260","53","7298483"
"chr5","23719154","23719432","chr1","63961451","63961732","58","40242297"
"chr5","23735676","23735947","chrX","7630430","7630699","67","16105246"
"chr5","23740568","23740784","chr20","33398836","33399046","47","9658268"
"chr5","23792617","23792922","chr16","33897012","33897314","20","10104395"
"chr5","23795056","23795315","chr27","24498388","24498657","52","703332"
"chr5","23798207","23798383","chr13","36978301","36978477","37","13180094"
"chr5","23802754","23803045","chr18","71966149","71966446","58","48163395"
"chr5","23822040","23822326","chr1","101800087","101800368","61","77978047"
"chr5","23832963","23833246","chr14","87883206","87883491","60","64050243"
"chr5","23840928","23841220","chr22","58057098","58057384","56","34216170"
"chr5","23849696","23849973","chr16","33953440","33953716","12","10103744"
"chr5","23858654","23858908","chr13","78356034","78356281","59","54497380"
"chr5","23860310","23860581","chr5","17675092","17675366","64","6185218"
"chr5","23866306","23866626","chr1","31523751","31524072","64","7657445"
"chr5","23887447","23887744","chr16","33991811","33992110","24","10104364"
"chr5","23888941","23889067","chr16","33993327","33993451","10","10104386"
"chr5","23889916","23890056","chr16","33994073","33994217","13","10104157"
"chr5","23890381","23890541","chr16","33994521","33994680","9","10104140"
"chr5","23899734","23900039","chr8","43837154","43837453","70","19937420"
"chr5","23919522","23919829","chr17","35306470","35306782","55","11386948"
"chr5","23928826","23929099","chr4","4723234","4723504","67","19205592"
"chr5","23931488","23931783","chr12","103939005","103939299","38","80007517"
"chr5","23936821","23937114","chr24","82012727","82013019","63","58075906"
"chr5","23975363","23975471","chr20","93915021","93915129","18","69939658"
"chr5","24013520","24013819","chr6","5183055","5183334","88","18830465"
"chr5","24018921","24019215","chr25","4089366","4089666","73","19929555"
"chr5","24025746","24026029","chr16","34123165","34123448","23","10097419"
"chr5","24028092","24028366","chr16","34126796","34127078","31","10098704"
"chr5","24046085","24046384","chr5","36537741","36538038","55","12491656"
"chr5","24051283","24051465","chr28","16707695","16707872","46","7343588"
"chr5","24051766","24051889","chr5","34338164","34338287","20","10286398"
"chr5","24072965","24073245","chr8","59452888","59453164","60","35379923"
"chr5","24076463","24076772","chr16","34166907","34167209","24","10090444"
"chr5","24080030","24080335","chr12","40601683","40601983","49","16521653"
"chr5","24084497","24084786","chr1","8248167","8248473","67","15836330"
"chr5","24085889","24086168","chr16","34176093","34176396","54","10090204"
"chr5","24120685","24120952","chr16","34210176","34210441","17","10089491"
"chr5","24133127","24133438","chr16_AQIB01158392v1_random","502","810","33","24132625"
"chr5","24134152","24134452","chr16_AQIB01158392v1_random","1855","2158","25","24132297"
"chr5","24136897","24137183","chr16","31822330","31822608","69","7685433"
"chr5","24139035","24139162","chr11","67375593","67375719","27","43236558"
"chr5","24145349","24145652","chr16","34226816","34227119","17","10081467"
"chr5","24149535","24149838","chr16","34226816","34227119","17","10077281"
"chr5","24155637","24155776","chr11","117131552","117131684","36","92975915"
"chr5","24158914","24159224","chr11","120474575","120474879","57","96315661"
"chr5","24161497","24161793","chr28","16624052","16624345","20","7537445"
"chr5","24165421","24165704","chr20","43501147","43501438","75","19335726"
"chr5","24167500","24167665","chr16","34247698","34247859","15","10080198"
"chr5","24167940","24168078","chr16","34248176","34248311","12","10080236"
"chr5","24172802","24173115","chr16","34251251","34251555","33","10078449"
"chr5","24192333","24192636","chr5","20560019","20560317","68","3632314"
"chr5","24224885","24225219","chr16","34299551","34299840","63","10074666"
"chr5","24248957","24249247","chr12","103939005","103939299","60","79690048"
"chr5","24249745","24250040","chr16","34321655","34321951","28","10071910"
"chr5","24255916","24256201","chr16","34327393","34327675","17","10071477"
"chr5","24280392","24280662","chr26","50334809","50335081","57","26054417"
"chr5","24284905","24285142","chr15","41604997","41605231","54","17320092"
"chr5","24308954","24309097","chr20","119830191","119830330","30","95521237"
"chr5","24315631","24315754","chr16","34386418","34386542","10","10070787"
"chr5","24320066","24320328","chr16","34391366","34391618","27","10071300"
"chr5","24328101","24328280","chrX","2653704","2653886","42","21674397"
"chr5","24328306","24328423","chr16","62755855","62755972","23","38427549"
"chr5","24340826","24341118","chr1","18610357","18610639","65","5730469"
"chr5","24342391","24342693","chr16","34413584","34413921","56","10071193"
"chr5","24354717","24355010","chr20","112495489","112495789","54","88140772"
"chr5","24381980","24382289","chr16","34453839","34454161","32","10071859"
"chr5","24399713","24399985","chr16","34469511","34469790","28","10069798"
"chr5","24404041","24404337","chr16","34473961","34474253","25","10069920"
"chr5","24420928","24421076","chr16","34492448","34492594","12","10071520"
"chr5","24421378","24421501","chr16","34492895","34493017","6","10071517"
"chr5","24422295","24422544","chr16","34493805","34494055","10","10071510"
"chr5","24450745","24451068","chr28","15141829","15142140","64","9308916"
"chr5","24452257","24452561","chr16","34509172","34509475","16","10056915"
"chr5","24473889","24474192","chr20","21024184","21024484","54","3449705"
"chr5","24502554","24502754","chr6","38934640","38934825","46","14432086"
"chr5","24503051","24503171","chr24","67874683","67874808","25","43371632"
"chr5","24509137","24509445","chr9","15046359","15046670","62","9462778"
"chr5","24533403","24533704","chr11","46228408","46228704","58","21695005"
"chr5","24541286","24541576","chr1","50456669","50456964","73","25915383"
"chr5","24543252","24543384","chr11","6599242","6599376","20","17944010"
"chr5","24543631","24543781","chr22","31648918","31649066","30","7105287"
"chr5","24547287","24547528","chr16","34610837","34611075","18","10063550"
"chr5","24552008","24552298","chr1","9673714","9674008","62","14878294"
"chr5","24561247","24561526","chr19","18185309","18185590","55","6375938"
"chr5","24572640","24572775","chr11","92842495","92842634","31","68269855"
"chr5","24574460","24574716","chr16","34640834","34641100","27","10066374"
"chr5","24577671","24577836","chr16","2196355","2196521","42","22381316"
"chr5","24592322","24592360","chr10","28220991","28221030","5","3628669"
"chr5","24602386","24602684","chr5","17983640","17983937","47","6618746"
"chr5","24606001","24606123","chr16","34669372","34669505","17","10063371"
"chr5","24609930","24610173","chr11","87743111","87743349","68","63133181"
"chr5","24618175","24618426","chr5","25965001","25965255","63","1346826"
"chr5","24620442","24620752","chrX","62197848","62198138","73","37577406"
"chr5","24623941","24624055","chrX","17406065","17406173","25","7217876"
"chr5","24624356","24624548","chr9","31532718","31532909","40","6908362"
"chr5","24634003","24634236","chr16","25830306","25830530","61","1196303"
"chr5","24644873","24645062","chr20","129784748","129784942","41","105139875"
"chr5","24651396","24651617","chr6","40634772","40635008","66","15983376"
"chr5","24668174","24668302","chr25","73577668","73577792","20","48909494"
"chr5","24682287","24682505","chr23","57137572","57137781","62","32455285"
"chr5","24695079","24695374","chr16","34763398","34763690","21","10068319"
"chr5","24707981","24708116","chr15","77769091","77769223","27","53061110"
"chr5","24772888","24772966","chr20","17206961","17207038","15","7565927"
"chr5","24773274","24773410","chr20","122124308","122124444","19","97351034"
"chr5","24778375","24778671","chr16","34809167","34809459","28","10030792"
"chr5","24794184","24794323","chr16","34822364","34822497","12","10028180"
"chr5","24794622","24794796","chr16","34822795","34822956","23","10028173"
"chr5","24823092","24823228","chr2","37681231","37681368","26","12858139"
"chr5","24825801","24826097","chrX","38566822","38567123","59","13741021"
"chr5","24829650","24829863","chr16","34858712","34858922","10","10029062"
"chr5","24852842","24853104","chr16","34882881","34883127","30","10030039"
"chr5","24867905","24868214","chr5","10434511","10434810","57","14433394"
"chr5","24896589","24896850","chr8","52058452","52058720","62","27161863"
"chr5","24904793","24905109","chr16","34934351","34934666","20","10029558"
"chr5","24911989","24912376","chr16","34941536","34941908","34","10029547"
"chr5","24937677","24937995","chr16","34957777","34958088","31","10020100"
"chr5","24942002","24942281","chr22","51293260","51293540","51","26351258"
"chr5","24990717","24991016","chr16","35013592","35013898","28","10022875"
"chr5","24993236","24993556","chr16","35016159","35016478","30","10022923"
"chr5","25035229","25035519","chr16","35059308","35059594","51","10024079"
"chr5","25076571","25076883","chr16","35100759","35101067","25","10024188"
"chr5","25081446","25081659","chr16","35105691","35105905","15","10024245"
"chr5","25134992","25135273","chr6","5579741","5580022","55","19555251"
"chr5","25144958","25145244","chr16","35175026","35175322","39","10030068"
"chr5","25160136","25160432","chr16","35190379","35190675","17","10030243"
"chr5","25217517","25217797","chr16","35249013","35249294","16","10031496"
"chr5","25229187","25229519","chr16","35262443","35262766","41","10033256"
"chr5","25233441","25233701","chrX","98998019","98998281","58","73764578"
"chr5","25243474","25243763","chr16","35276398","35276695","22","10032924"
"chr5","25268578","25268694","chr1","114028015","114028132","12","88759437"
"chr5","25271085","25271360","chr16","35301704","35302015","56","10030619"
"chr5","25320187","25320372","chr5","3991630","3991822","39","21328557"
"chr5","25320675","25320753","chr24","46422528","46422603","14","21101853"
"chr5","25333123","25333403","chr16","35361940","35362221","27","10028817"
"chr5","25347277","25347558","chrX","19983548","19983831","67","5363729"
"chr5","25393923","25394236","chr16","35422559","35422868","17","10028636"
"chr5","25432835","25433136","chr16","35460541","35460837","24","10027706"
"chr5","25434483","25434760","chr16","35461875","35462180","45","10027392"
"chr5","25449760","25450010","chr24","55049581","55049835","60","29599821"
"chr5","25459459","25459566","chr9","63076316","63076427","22","37616857"
"chr5","25459880","25460093","chr1","18002654","18002850","49","7457226"
"chr5","25469036","25469313","chr16","35496305","35496570","27","10027269"
"chr5","25501056","25501367","chr28","15141829","15142140","49","10359227"
"chr5","25511475","25511784","chr5","10402453","10402746","65","15109022"
"chr5","25511792","25511953","chr16","35539500","35539664","8","10027708"
"chr5","25515551","25515847","chr9","26172232","26172524","54","656681"
"chr5","25517074","25517397","chr16","35545064","35545372","42","10027990"
"chr5","25519117","25519364","chr16","35547052","35547318","31","10027935"
"chr5","25529012","25529302","chr16","35556750","35557045","20","10027738"
"chr5","25529961","25530259","chr16","35557712","35557996","27","10027751"
"chr5","25534633","25534945","chr16","35561748","35562023","66","10027115"
"chr5","25543475","25543772","chr16","35570877","35571201","51","10027402"
"chr5","25558453","25558768","chr16","35585206","35585512","28","10026753"
"chr5","25567428","25567645","chr1","25076426","25076633","59","491002"
"chr5","25606486","25606647","chr23","44997703","44997864","44","19391217"
"chr5","25632069","25632351","chr6","32425994","32426271","57","6793925"
"chr5","25669923","25670056","chr16","35693020","35693153","8","10023097"
"chr5","25675348","25675657","chr16","35699290","35699600","14","10023942"
"chr5","25681475","25681754","chr16","35705516","35705794","21","10024041"
"chr5","25712658","25712975","chr17","37002351","37002665","90","11289693"
"chr5","25774241","25774415","chr28","4271909","4272088","36","21502332"
"chr5","25774441","25774558","chr1","8128376","8128492","20","17646065"
"chr5","25846741","25847030","chr16","35872599","35872885","30","10025858"
"chr5","25914320","25914657","chr16","35939430","35939742","47","10025110"
"chr5","25924817","25925129","chr16","35949944","35950261","22","10025127"
"chr5","25948910","25949253","chr28","17129962","17130266","97","8818948"
"chr5","25955589","25955871","chr16","35975231","35975513","21","10019642"
"chr5","25986801","25987102","chr16","36006786","36007074","26","10019985"
"chr5","26052045","26052174","chr16","36073821","36073950","12","10021776"
"chr5","26064424","26064684","chr16","36086881","36087142","22","10022457"
"chr5","26085795","26086111","chr16","36107788","36108100","28","10021993"
"chr5","26098198","26098495","chr16","36120273","36120570","18","10022075"
"chr5","26144569","26144881","chr16","36167503","36167791","60","10022934"
"chr5","26154281","26154566","chrX","23075277","23075553","45","3079004"
"chr5","26155079","26155379","chr11","3114932","3115225","59","23040147"
"chr5","26173122","26173255","chr16","36197008","36197139","8","10023886"
"chr5","26173552","26173739","chr16","36197432","36197628","23","10023880"
"chr5","26181454","26181679","chr13","21750551","21750783","56","4430903"
"chr5","26181690","26181862","chr16","36205491","36205673","29","10023801"
"chr5","26184119","26184312","chr5","3991630","3991822","37","22192489"
"chr5","26198926","26199080","chr21","97576047","97576199","29","71377121"
"chr5","26213771","26214067","chr16","36237201","36237510","32","10023430"
"chr5","26217588","26217735","chr16","36241226","36241373","12","10023638"
"chr5","26218077","26218223","chr16","36241719","36241865","14","10023642"
"chr5","26222602","26222719","chr16","36246697","36246810","12","10024095"
"chr5","26232383","26232680","chr16","36264844","36265143","27","10032461"
"chr5","26236271","26236532","chr8","119133961","119134213","60","92897690"
"chr5","26250448","26250758","chr16","36271759","36272069","26","10021311"
"chr5","26279842","26280121","chr11","118848800","118849060","66","92568958"
"chr5","26280384","26280682","chr25","16745925","16746229","56","9534459"
"chr5","26294761","26294909","chr16","15153989","15154136","32","11140772"
"chr5","26295212","26295370","chr1","17614467","17614625","29","8680745"
"chr5","26326406","26326705","chr3","52070397","52070682","66","25743991"
"chr5","26330939","26331280","chr22","50272146","50272486","68","23941207"
"chr5","26334630","26334916","chr16","36361485","36361772","18","10026855"
"chr5","26335973","26336261","chr20","24906819","24907111","64","1429154"
"chr5","26339533","26339738","chr16","36366619","36366807","28","10027086"
"chr5","26340934","26341098","chr11","49474622","49474785","30","23133688"
"chr5","26341126","26341244","chr20","122284795","122284912","20","95943669"
"chr5","26343455","26343755","chr6","15253641","15253932","64","11089814"
"chr5","26344448","26344760","chr16","36370813","36371122","36","10026365"
"chr5","26365390","26365538","chrX","50162062","50162211","30","23796672"
"chr5","26365836","26366003","chr21","99863682","99863838","44","73497846"
"chr5","26366783","26367039","chr16","36393235","36393482","30","10026452"
"chr5","26379102","26379385","chr12","62416591","62416880","71","36037489"
"chr5","26388872","26389176","chr16","36415778","36416074","33","10026906"
"chr5","26401144","26401286","chr17","28772703","28772849","34","2371559"
"chr5","26419381","26419579","chr10","56660725","56660934","64","30241344"
"chr5","26419939","26419950","chr4","52402605","52402616","2","25982666"
"chr5","26451009","26451302","chr8","39702860","39703157","58","13251851"
"chr5","26461096","26461402","chr20","116728654","116728956","61","90267558"
"chr5","26464690","26464978","chr16","36490651","36490942","12","10025961"
"chr5","26468750","26468925","chr21_KE148060v1_random","82678","82850","43","26386072"
"chr5","26478391","26478556","chr12","47181564","47181718","46","20703173"
"chr5","26478583","26478700","chr12","10249680","10249798","19","16228903"
"chr5","26487404","26487672","chr16","36512905","36513206","45","10025501"
"chr5","26517222","26517392","chr16","36538150","36538333","24","10020928"
"chr5","26577298","26577573","chr16","36593080","36593362","27","10015782"
"chr5","26663357","26663492","chr16","36677947","36678082","9","10014590"
"chr5","26672603","26672864","chr16","36688052","36688334","39","10015449"
"chr5","26680078","26680357","chr16","36695542","36695841","43","10015464"
"chr5","26682308","26682590","chr16","36697740","36698040","36","10015432"
"chr5","26701704","26702027","chr16","36717553","36717884","43","10015849"
"chr5","26710150","26710464","chr16","36725024","36725315","43","10014874"
"chr5","26711953","26712177","chr17","35976118","35976347","51","9264165"
"chr5","26713057","26713373","chr16","36727918","36728231","31","10014861"
"chr5","26726255","26726431","chr16","36741530","36741699","17","10015275"
"chr5","26761731","26761826","chr16","36776482","36776579","8","10014751"
"chr5","26762144","26762335","chrX","45203839","45204056","54","18441695"
"chr5","26798090","26798384","chr2","17626573","17626883","65","9171517"
"chr5","26840666","26840956","chr16","36855847","36856137","20","10015181"
"chr5","26855774","26856059","chr10","36799339","36799631","59","9943565"
"chr5","26861378","26861683","chr16","36876505","36876803","33","10015127"
"chr5","27095548","27095821","chr9","62833309","62833593","55","35737761"
"chr5","27142016","27142133","chr16","37140341","37140458","9","9998325"
"chr5","27144954","27145240","chr10","57517890","57518170","57","30372936"
"chr5","27145324","27145525","chrX","58222800","58222997","51","31077476"
"chr5","27201160","27201466","chr16","37206802","37207108","31","10005642"
"chr5","27220691","27220886","chr16","37224537","37224729","26","10003846"
"chr5","27298745","27299050","chr3","11027237","11027540","68","16271508"
"chr5","27303399","27303690","chrX","48528467","48528761","55","21225068"
"chr5","27358215","27358317","chrX","109618056","109618156","19","82259841"
"chr5","27397545","27397837","chr20","101162451","101162740","55","73764906"
"chr5","27470960","27471243","chr16","45767131","45767417","64","18296171"
"chr5","27556441","27556747","chr16","37554053","37554357","22","9997612"
"chr5","27585905","27586190","chr16","37583131","37583412","18","9997226"
"chr5","27656682","27656799","chr16","37649569","37649686","5","9992887"
"chr5","27720961","27721264","chr16","37713444","37713743","19","9992483"
"chr5","27751105","27751416","chr4","60526055","60526349","76","32774950"
"chr5","27759461","27759749","chr16","37751669","37751928","58","9992208"
"chr5","27828121","27828407","chr16","37819872","37820193","52","9991751"
"chr5","27843582","27843895","chr16","37831264","37831596","52","9987682"
"chr5","27850483","27850792","chr12","40601683","40601983","59","12751200"
"chr5","27859960","27860128","chr28","14315005","14315177","34","13544955"
"chr5","27867926","27868224","chr16","37868710","37869024","40","10000784"
"chr5","27886363","27886661","chr16","37868710","37869024","40","9982347"
"chr5","27889245","27889540","chrX","16398566","16398858","63","11490679"
"chr5","27893909","27894198","chr7","122607868","122608161","78","94713959"
"chr5","27909220","27909508","chr1","50357126","50357408","59","22447906"
"chr5","27928726","27929013","chr24","28247876","28248163","53","319150"
"chr5","27938363","27938706","chr4","72390177","72390495","79","44451814"
"chr5","27939602","27939902","chr16","37921338","37921636","18","9981736"
"chr5","27967718","27967923","chr16","37949252","37949457","12","9981534"
"chr5","27973824","27974132","chr16","37955467","37955774","23","9981643"
"chr5","28014833","28015108","chr1","114692529","114692806","50","86677696"
"chr5","28093459","28093753","chr16","38073106","38073403","22","9979647"
"chr5","28093774","28093937","chr16","38073424","38073587","14","9979650"
"chr5","28114088","28114206","chr16","38094467","38094573","16","9980379"
"chr5","28117505","28117776","chr16","38097872","38098155","27","9980367"
"chr5","28160043","28160063","chr16","38140555","38140575","2","9980512"
"chr5","28160440","28160550","chr16","38140962","38141072","13","9980522"
"chr5","28169949","28170217","chr16","38149472","38149757","32","9979523"
"chr5","28265020","28265305","chr16","38264536","38264832","36","9999516"
"chr5","28284266","28284551","chr16","38264536","38264832","36","9980270"
"chr5","28334584","28334687","chr16","38312993","38313096","7","9978409"
"chr5","28355163","28355460","chr11","118410895","118411200","69","90055732"
"chr5","28375193","28375469","chr16","38353788","38354068","33","9978595"
"chr5","28397867","28397991","chr14","82354648","82354772","16","53956781"
"chr5","28404266","28404561","chr14","70517912","70518213","60","42113646"
"chr5","28425087","28425208","chr3","6799055","6799185","25","21626032"
"chr5","28443629","28443913","chr2","19033070","19033347","61","9410559"
"chr5","28457594","28457842","chr16","38432249","38432497","16","9974655"
"chr5","28466358","28466531","chr16","38440520","38440682","18","9974162"
"chr5","28466860","28466993","chr16","38440993","38441127","4","9974133"
"chr5","28474803","28475073","chr3","11010220","11010504","58","17464583"
"chr5","28568520","28568692","chr12","7890517","7890695","35","20678003"
"chr5","28568726","28568852","chr6","29153480","29153610","23","584754"
"chr5","28580526","28580613","chr10","23683650","23683733","18","4896876"
"chr5","28590450","28590767","chr16","38566172","38566472","45","9975722"
"chr5","28632916","28633224","chr16","38600926","38601241","31","9968010"
"chr5","28661115","28661368","chr27","40190981","40191239","56","11529866"
"chr5","28690703","28690990","chr28","15635761","15636057","56","13054942"
"chr5","28723915","28724239","chr18","43690675","43690994","67","14966760"
"chr5","28730585","28730887","chr16","38693028","38693329","21","9962443"
"chr5","28822896","28823196","chrX","38566822","38567123","58","9743926"
"chr5","28852325","28852622","chr12","40601683","40601983","47","11749358"
"chr5","28911617","28911774","chr5","60619596","60619759","42","31707979"
"chr5","28919502","28919760","chr16","38850066","38850353","48","9930564"
"chr5","29006922","29007223","chr16","38940623","38940930","38","9933701"
"chr5","29048967","29049250","chr2","35878899","35879181","58","6829932"
"chr5","29308086","29308386","chr21","31321887","31322184","60","2013801"
"chr5","29508829","29509117","chr16","39413921","39414214","27","9905092"
"chr5","29558692","29558971","chr8","98215824","98216113","74","68657132"
"chr5","29575092","29575369","chr16","39473800","39474081","34","9898708"
"chr5","29578578","29578757","chr16","39477280","39477456","22","9898702"
"chr5","29627435","29627735","chr16","39525310","39525612","37","9897875"
"chr5","29673210","29673493","chr16","39575977","39576249","31","9902767"
"chr5","29813141","29813348","chr16","39716742","39716952","19","9903601"
"chr5","29833270","29833572","chr16","39736991","39737274","43","9903721"
"chr5","29865857","29866166","chr16","39772965","39773268","30","9907108"
"chr5","29897232","29897517","chr7","97939539","97939820","62","68042307"
"chr5","29922331","29922474","chr29","22645642","22645789","32","7276689"
"chr5","29974371","29974664","chr16","39867049","39867340","23","9892678"
"chr5","29975754","29976046","chr3","79296773","79297065","65","49321019"
"chr5","29996276","29996569","chr16","39888341","39888640","19","9892065"
"chr5","30187734","30188028","chr16","40067948","40068234","50","9880214"
"chr5","30200428","30200599","chr11","467238","467402","40","29733190"
"chr5","30200627","30200746","chr10","86711785","86711902","21","56511158"
"chr5","30304298","30304382","chr16","40178190","40178273","7","9873892"
"chr5","30588667","30588992","chr8","96153522","96153808","83","65564855"
"chr5","30618108","30618229","chr16","1301041","1301165","16","29317067"
"chr5","30746576","30746877","chr2","45936173","45936482","66","15189597"
"chr5","30794088","30794298","chr16","40678341","40678555","21","9884253"
"chr5","31044397","31044711","chr16","40908490","40908818","35","9864093"
"chr5","31195315","31195604","chr12","29472912","29473206","64","1722403"
"chr5","31199741","31200003","chr8","103016450","103016714","52","71816709"
"chr5","31209132","31209337","chr16","41048349","41048540","32","9839217"
"chr5","31318468","31318783","chr16","41158777","41159080","37","9840309"
"chr5","31538662","31538754","chr16","41383903","41383995","3","9845241"
"chr5","31624931","31625264","chr16","41481654","41481994","30","9856723"
"chr5","31630445","31630570","chr16","41487117","41487244","5","9856672"
"chr5","31777564","31777865","chr16","41726377","41726678","19","9948813"
"chr5","31802541","31802781","chr7","115237245","115237482","45","83434704"
"chr5","31806518","31806817","chr5","11145464","11145761","52","20661054"
"chr5","31830959","31831250","chr16","41777608","41777891","32","9946649"
"chr5","31845058","31845389","chr16","41792218","41792515","74","9947160"
"chr5","31862045","31862344","chr16","41809448","41809746","23","9947403"
"chr5","31889023","31889272","chr28","7257332","7257599","66","24631691"
"chr5","31916509","31916632","chr28","10339572","10339694","18","21576937"
"chr5","31924194","31924492","chr16","41871055","41871365","29","9946861"
"chr5","31939748","31940022","chr16","41885981","41886259","19","9946233"
"chr5","31942239","31942521","chr16","41888499","41888788","17","9946260"
"chr5","31963738","31964053","chr6","32635146","32635457","66","671408"
"chr5","32018740","32019030","chr16","41965176","41965466","21","9946436"
"chr5","32043620","32043916","chr10","123850429","123850726","49","91806809"
"chr5","32123766","32123994","chr6","15184816","15185039","50","16938950"
"chr5","32166007","32166328","chr16","42110238","42110519","61","9944231"
"chr5","32178476","32178784","chr25","57330925","57331230","64","25152449"
"chr5","32182904","32183025","chr16","42129073","42129195","5","9946169"
"chr5","32198587","32198865","chrX","22400263","22400544","74","9798324"
"chr5","32199163","32199467","chr3","89278009","89278314","76","57078846"
"chr5","32201944","32202242","chr6","27683915","27684216","78","4518029"
"chr5","32204824","32205138","chr16","42151266","42151552","55","9946442"
"chr5","32205810","32206145","chr11","105317852","105318151","87","73112042"
"chr5","32212365","32212655","chr16","42166418","42166710","15","9954053"
"chr5","32218018","32218075","chr2","56444163","56444219","18","24226145"
"chr5","32225816","32226106","chr9","93044507","93044799","53","60818691"
"chr5","32226344","32226631","chr16","42185386","42185669","29","9959042"
"chr5","32233692","32233815","chr6","43281858","43281982","17","11048166"
"chr5","32239751","32239860","chr16","42198682","42198791","5","9958931"
"chr5","32241101","32241295","chrX","49197144","49197325","45","16956043"
"chr5","32248153","32248277","chr20","82202699","82202823","19","49954546"
"chr5","32254421","32254637","chr20","24477419","24477638","48","7777002"
"chr5","32264188","32264465","chr16","42220122","42220399","16","9955934"
"chr5","32273995","32274210","chr18","23118551","23118766","50","9155444"
"chr5","32280738","32281050","chr22","45615109","45615406","71","13334371"
"chr5","32281612","32281775","chr6","13305313","13305472","40","18976299"
"chr5","32282078","32282268","chr22","51865467","51865633","56","19583389"
"chr5","32283229","32283412","chr28","8673170","8673346","33","23610059"
"chr5","32283466","32283584","chrX","8085467","8085584","17","24197999"
"chr5","32298464","32298773","chr16","42247681","42247958","52","9949217"
"chr5","32307101","32307398","chr16","42264902","42265200","22","9957801"
"chr5","32309449","32309645","chr25","57623703","57623900","47","25314254"
"chr5","32310809","32311109","chr16","42274038","42274344","28","9963229"
"chr5","32322520","32322821","chr16","42274038","42274344","28","9951518"
"chr5","32338320","32338555","chr6","41236538","41236773","50","8898218"
"chr5","32338574","32338845","chr16","42295469","42295755","28","9956895"
"chr5","32352841","32352965","chr16","42309631","42309754","11","9956790"
"chr5","32384871","32385111","chr16","42342610","42342846","22","9957739"
"chr5","32385793","32386081","chr16","42343517","42343805","16","9957724"
"chr5","32392221","32392513","chr16","42350226","42350537","38","9958005"
"chr5","32393418","32393696","chr16","42351434","42351712","22","9958016"
"chr5","32399300","32399597","chr16","42357381","42357674","21","9958081"
"chr5","32408458","32408660","chr16","42366263","42366450","24","9957805"
"chr5","32430096","32430410","chr22","46619453","46619757","56","14189357"
"chr5","32442653","32442945","chr16","42401177","42401461","38","9958524"
"chr5","32453825","32454117","chr16","42401177","42401461","38","9947352"
"chr5","32472637","32472930","chr16","42422567","42422865","26","9949930"
"chr5","32497677","32497988","chr16","42445815","42446111","37","9948138"
"chr5","32502657","32502958","chr23","44959476","44959771","53","12456819"
"chr5","32515258","32515377","chr3","17213890","17214011","23","15301368"
"chr5","32521608","32521913","chr16","42471194","42471492","50","9949586"
"chr5","32525473","32525781","chr16","42475060","42475361","35","9949587"
"chr5","32582002","32582178","chr16","42530206","42530379","14","9948204"
"chr5","32583069","32583191","chr15","53974294","53974423","25","21391225"
"chr5","32583294","32583524","chr2","33013425","33013656","49","430131"
"chr5","32585413","32585608","chr7","29906301","29906503","52","2679112"
"chr5","32590183","32590408","chr25","74074573","74074788","69","41484390"
"chr5","32602465","32602640","chr9","85704525","85704691","34","53102060"
"chr5","32602956","32603091","chr8","27306525","27306657","23","5296431"
"chr5","32603500","32603663","chrX","15589845","15590014","33","17013655"
"chr5","32603971","32604096","chr16","42551855","42551982","4","9947884"
"chr5","32621516","32621676","chr16","60036519","60036682","30","27415003"
"chr5","32622061","32622366","chr8","35090872","35091179","67","2468811"
"chr5","32633671","32633932","chr16","42578552","42578827","33","9944881"
"chr5","32663629","32663904","chr14","98851397","98851662","70","66187768"
"chr5","32701018","32701136","chr16","42642802","42642920","2","9941784"
"chr5","32712867","32712982","chr21","77482708","77482820","27","44769841"
"chr5","32726107","32726391","chr11","46734515","46734805","67","14008408"
"chr5","32728949","32729243","chr16","42670447","42670768","40","9941498"
"chr5","32733498","32733748","chr16","42675043","42675302","25","9941545"
"chr5","32736167","32736463","chr8","65632119","65632411","54","32895952"
"chr5","32750378","32750635","chr16","42691628","42691888","24","9941250"
"chr5","32779633","32779891","chr12","43140522","43140783","59","10360889"
"chr5","32789262","32789552","chr16","42730061","42730349","17","9940799"
"chr5","32874213","32874532","chr2","26412827","26413138","75","6461386"
"chr5","32885874","32885997","chr16","42824355","42824475","6","9938481"
"chr5","32890086","32890204","chr16","42828740","42828858","9","9938654"
"chr5","32892160","32892286","chr7","35945927","35946056","27","3053767"
"chr5","32892581","32892750","chr9","119502530","119502699","35","86609949"
"chr5","32901991","32902289","chr16","42838479","42838776","21","9936488"
"chr5","32909203","32909296","chr11","47078785","47078879","15","14169582"
"chr5","32909606","32909861","chr9","68190109","68190333","73","35280503"
"chr5","32909867","32910168","chr28","12948162","12948454","79","19961705"
"chr5","32910924","32911041","chr16","42847453","42847569","7","9936529"
"chr5","32954686","32954975","chr1","108289811","108290100","56","75335125"
"chr5","32957444","32957578","chr16","42892890","42893026","14","9935446"
"chr5","32957882","32958046","chr16","42893326","42893490","13","9935444"
"chr5","32960535","32960826","chr3","77381637","77381933","59","44421102"
"chr5","32962238","32962537","chr16","42896817","42897124","31","9934579"
"chr5","32966456","32966529","chr5","27929669","27929736","19","5036787"
"chr5","32978251","32978558","chr23","11866082","11866377","63","21112169"
"chr5","32990072","32990202","chr16","42918825","42918955","5","9928753"
"chr5","33011623","33011912","chr8","51990743","51991031","64","18979120"
"chr5","33014099","33014396","chr16","42944463","42944768","30","9930364"
"chr5","33037148","33037267","chr1","120798422","120798537","21","87761274"
"chr5","33037330","33037474","chr25","67051112","67051246","48","34013782"
"chr5","33065175","33065212","chr5","4600978","4601018","10","28464197"
"chr5","33068247","33068551","chr16","42999539","42999840","24","9931292"
"chr5","33069261","33069543","chr16","43000549","43000827","30","9931288"
"chr5","33076561","33076832","chr3","51400335","51400605","54","18323774"
"chr5","33094678","33094960","chr16","43000549","43000827","30","9905871"
"chr5","33100330","33100642","chr8","97635106","97635417","58","64534776"
"chr5","33118787","33119001","chr16","43029587","43029804","23","9910800"
"chr5","33128591","33128775","chr6","3470145","3470322","46","29658446"
"chr5","33133658","33133953","chr6","49410511","49410796","75","16276853"
"chr5","33145295","33145413","chr16","43058829","43058947","11","9913534"
"chr5","33162958","33163243","chr20","88447642","88447934","65","55284684"
"chr5","33166698","33166848","chr28","6392265","6392409","30","26774433"
"chr5","33187395","33187694","chr16","43099045","43099341","23","9911650"
"chr5","33187876","33188009","chr2","59123754","59123886","25","25935878"
"chr5","33212310","33212460","chr28","6392265","6392409","30","26820045"
"chr5","33232427","33232726","chr16","43099045","43099341","23","9866618"
"chr5","33232908","33233041","chr2","59123754","59123886","25","25890846"
"chr5","33236244","33236526","chr1","50357126","50357408","59","17120882"
"chr5","33237057","33237367","chr16","43104171","43104484","17","9867114"
"chr5","33292977","33293287","chr20","80387846","80388151","59","47094869"
"chr5","33310582","33310867","chr16","43181933","43182222","31","9871351"
"chr5","33375065","33375337","chr5","35855358","35855625","56","2480293"
"chr5","33383294","33383428","chr12","12842391","12842522","22","20540903"
"chr5","33383735","33383884","chr16","43256089","43256244","15","9872354"
"chr5","33396167","33396452","chr23","59682937","59683224","49","26286770"
"chr5","33399048","33399303","chr28","8175036","8175291","58","25224012"
"chr5","33426892","33427015","chr16","43298434","43298557","10","9871542"
"chr5","33463556","33463672","chr1","106988133","106988249","22","73524577"
"chr5","33463726","33463899","chr22","51507838","51508011","31","18044112"
"chr5","33465777","33466060","chr7","12152115","12152391","58","21313662"
"chr5","33512595","33512727","chr16","43379607","43379741","17","9867012"
"chr5","33533632","33533944","chr16","43437448","43437752","38","9903816"
"chr5","33539806","33540103","chr16","43396105","43396395","29","9856299"
"chr5","33581568","33581877","chr16","43437448","43437752","26","9855880"
"chr5","33582906","33583180","chr11","52025258","52025533","52","18442352"
"chr5","33591477","33591792","chr3","77353149","77353455","61","43761672"
"chr5","33600436","33600575","chr4","84795900","84796041","28","51195464"
"chr5","33600599","33600900","chr16","43459465","43459755","35","9858866"
"chr5","33602996","33603302","chr16","43461907","43462196","34","9858911"
"chr5","33621083","33621393","chr16","43479349","43479647","19","9858266"
"chr5","33630954","33631259","chr16","70121463","70121774","60","36490509"
"chr5","33657329","33657612","chr16","43517702","43517979","25","9860373"
"chr5","33672845","33673095","chr9","87195852","87196100","57","53523007"
"chr5","33674578","33674867","chr16","43534343","43534625","32","9859765"
"chr5","33677639","33677819","chr20","109297762","109297951","34","75620123"
"chr5","33684494","33684793","chr16","43543935","43544186","56","9859441"
"chr5","33692105","33692410","chr1","112237991","112238302","53","78545886"
"chr5","33705222","33705520","chr16","43543935","43544186","57","9838713"
"chr5","33706625","33706921","chr2","83365217","83365507","65","49658592"
"chr5","33733195","33733491","chr5","33780193","33780494","55","46998"
"chr5","33733606","33733956","chr25","63559671","63559995","92","29826065"
"chr5","33734287","33734468","chr16","70137328","70137512","18","36403041"
"chr5","33734778","33734911","chr16","70136884","70137017","6","36402106"
"chr5","33751247","33751560","chr16","70121463","70121774","25","36370216"
"chr5","33764147","33764435","chr20","16579300","16579588","52","17184847"
"chr5","33765216","33765449","chr16","70107109","70107342","8","36341893"
"chr5","33775862","33776139","chr21","25806046","25806322","60","7969816"
"chr5","33789269","33789555","chr16","70082802","70083092","21","36293533"
"chr5","33846687","33846808","chr16","70023837","70023958","6","36177150"
"chr5","33875429","33875734","chr9","10133092","10133386","63","23742337"
"chr5","33910672","33910915","chr21","14755921","14756160","64","19154751"
"chr5","33942780","33943061","chr26","7185712","7186005","65","26757068"
"chr5","33954553","33954683","chr16","69917784","69917917","8","35963231"
"chr5","34039674","34039946","chr16","69829365","69829637","20","35789691"
"chr5","34044335","34044638","chr16","69824696","69824993","26","35780361"
"chr5","34074376","34074676","chr16","69798539","69798848","30","35724163"
"chr5","34080259","34080490","chrX","107447751","107447975","45","73367492"
"chr5","34093739","34094040","chr5","36409125","36409410","63","2315386"
"chr5","34094250","34094358","chr15","57437024","57437132","17","23342774"
"chr5","34098480","34098612","chr15","49053326","49053458","23","14954846"
"chr5","34098868","34099052","chr21","123761266","123761447","37","89662398"
"chr5","34102576","34102853","chr16","69769351","69769629","20","35666775"
"chr5","34105644","34105955","chr20","103829889","103830192","58","69724245"
"chr5","34108408","34108711","chr16","69763243","69763548","34","35654835"
"chr5","34118629","34118912","chr16","69751980","69752248","39","35633351"
"chr5","34123507","34123803","chr16","69746687","69746994","41","35623180"
"chr5","34134119","34134403","chr9","20902677","20902967","59","13231442"
"chr5","34135034","34135342","chr6","24687483","24687798","66","9447551"
"chr5","34139591","34139713","chr16","69731984","69732107","7","35592393"
"chr5","34152918","34153115","chr16","69720092","69720290","16","35567174"
"chr5","34153416","34153441","chr11","11376098","11376121","5","22777318"
"chr5","34173856","34173985","chrX","29073092","29073220","16","5100764"
"chr5","34189301","34189600","chr11","60149148","60149448","54","25959847"
"chr5","34192040","34192286","chr6","43249150","43249393","47","9057110"
"chr5","34192757","34193073","chrX","114768247","114768561","65","80575490"
"chr5","34214832","34215136","chr6","12258379","12258691","57","21956453"
"chr5","34224546","34224809","chr16","69655117","69655371","23","35430571"
"chr5","34262323","34262621","chr16","69614997","69615305","27","35352674"
"chr5","34269216","34269495","chr16","69608108","69608387","12","35338892"
"chr5","34274916","34275221","chr6","11367646","11367955","54","22907270"
"chr5","34286089","34286216","chr16","69592846","69592972","7","35306757"
"chr5","34321601","34321893","chr13","82755125","82755414","59","48433524"
"chr5","34330076","34330378","chr1","66061145","66061448","65","31731069"
"chr5","34332967","34333249","chr8","124610123","124610410","52","90277156"
"chr5","34372315","34372606","chr16","69501429","69501720","20","35129114"
"chr5","34380803","34381113","chr4","75512429","75512736","61","41131626"
"chr5","34383894","34384205","chr1","112237991","112238302","78","77854097"
"chr5","34395996","34396283","chr16","69484536","69484824","16","35088540"
"chr5","34396929","34397042","chr16","69483747","69483866","14","35086818"
"chr5","34397418","34397493","chr24","13696404","13696474","14","20701014"
"chr5","34401735","34402032","chrX","46486317","46486615","62","12084582"
"chr5","34408520","34408713","chr11","107771512","107771705","45","73362992"
"chr5","34409054","34409187","chr5","35708787","35708922","22","1299733"
"chr5","34437485","34437759","chr16","69443723","69443997","13","35006238"
"chr5","34443625","34443892","chr16","69439102","69439376","24","34995477"
"chr5","34451913","34452216","chr16","69429564","69429867","29","34977651"
"chr5","34484038","34484208","chr24","11539643","11539806","35","22944395"
"chr5","34484256","34484359","chr11","74771449","74771548","18","40287193"
"chr5","34491111","34491247","chr10","81251581","81251713","27","46760470"
"chr5","34494723","34494992","chr16","69388713","69388979","27","34893990"
"chr5","34518283","34518568","chr16","69370753","69371039","16","34852470"
"chr5","34545467","34545639","chr16","69349046","69349205","23","34803579"
"chr5","34546622","34546854","chr16","69348151","69348373","18","34801529"
"chr5","34547131","34547164","chr16","69347849","69347877","5","34800718"
"chr5","34557234","34557372","chr1","18922559","18922690","37","15634675"
"chr5","34557618","34557778","chr2","39403645","39403813","31","4846027"
"chr5","34561764","34562053","chr6","27652457","27652739","56","6909307"
"chr5","34567595","34567712","chr8","36312307","36312422","20","1744712"
"chr5","34579349","34579456","chr14","3294683","3294791","18","31284666"
"chr5","34590292","34590565","chr16","69304495","69304767","15","34714203"
"chr5","34596581","34596855","chr20","19925831","19926096","68","14670750"
"chr5","34600645","34600948","chr16","69289946","69290257","35","34689301"
"chr5","34600951","34601166","chr16","69289728","69289945","12","34688777"
"chr5","34609007","34609301","chr16","62998145","62998440","65","28389138"
"chr5","34621219","34621482","chr16","69269587","69269844","28","34648368"
"chr5","34655374","34655518","chr22","19617014","19617160","30","15038360"
"chr5","34655815","34655961","chr5","26824233","26824373","31","7831582"
"chr5","34680120","34680300","chrX","99496744","99496923","39","64816624"
"chr5","34680595","34680741","chr9","95486683","95486825","31","60806088"
"chr5","34680753","34681058","chr9","112297756","112298061","53","77617003"
"chr5","34699745","34699915","chr14","18366463","18366631","34","16333282"
"chr5","34700212","34700348","chr6","42069236","42069368","21","7369024"
"chr5","34706745","34706873","chr16","69184248","69184370","13","34477503"
"chr5","34710257","34710525","chr11","116362356","116362619","54","81652099"
"chr5","34722346","34722677","chr9","88573880","88574201","69","53851534"
"chr5","34728084","34728368","chr16","69161562","69161858","35","34433478"
"chr5","34737117","34737390","chr7","130598983","130599268","79","95861866"
"chr5","34761429","34761748","chr16","69128156","69128486","45","34366727"
"chr5","34762289","34762384","chr5","33169609","33169705","19","1592680"
"chr5","34771311","34771626","chr7","14614599","14614914","52","20156712"
"chr5","34780128","34780423","chr16","69108835","69109132","29","34328707"
"chr5","34783164","34783474","chr16","69105785","69106094","34","34322621"
"chr5","34789461","34789650","chr6","38368948","38369136","47","3579487"
"chr5","34790818","34791117","chr16","69100114","69100408","27","34309296"
"chr5","34793491","34793592","chr4","46899012","46899101","39","12105521"
"chr5","34797742","34797964","chrX","48309463","48309689","51","13511721"
"chr5","34798014","34798311","chr11","117408717","117409024","61","82610703"
"chr5","34798948","34799233","chr16","69092579","69092864","30","34293631"
"chr5","34805761","34806055","chr22","45615109","45615406","53","10809348"
"chr5","34806775","34807072","chr16","69084911","69085209","22","34278136"
"chr5","34818252","34818426","chr16","69073991","69074169","14","34255739"
"chr5","34825407","34825584","chr16","69067282","69067460","17","34241875"
"chr5","34850313","34850436","chrX","50150527","50150650","4","15300214"
"chr5","34931217","34931384","chr15","54203018","54203186","34","19271801"
"chr5","34931695","34931705","chr14","82170962","82170972","5","47239267"
"chr5","34932015","34932183","chr5","53319065","53319226","39","18387050"
"chr5","34962978","34963278","chr8","20518208","20518513","59","14444770"
"chr5","34995557","34995841","chrX","66758717","66758996","62","31763160"
"chr5","35005670","35005978","chr16","68875566","68875878","24","33869896"
"chr5","35035521","35035805","chr13","39627883","39628131","77","4592362"
"chr5","35052375","35052652","chr7","86698565","86698850","59","51646190"
"chr5","35070872","35071188","chr16","68809210","68809511","39","33738338"
"chr5","35076030","35076336","chr16","68804231","68804534","22","33728201"
"chr5","35076421","35076714","chr22","46902345","46902650","61","11825924"
"chr5","35097701","35097997","chrX","15044089","15044385","58","20053612"
"chr5","35152466","35152757","chr16","68727593","68727886","20","33575127"
"chr5","35180313","35180572","chr16","68699325","68699604","33","33519012"
"chr5","35198944","35199074","chr16","68683597","68683720","14","33484653"
"chr5","35199678","35199851","chr16","68682814","68682991","17","33483136"
"chr5","35202123","35202429","chr16","68680239","68680544","22","33478116"
"chr5","35258156","35258271","chr28","2072064","2072178","17","33186092"
"chr5","35258579","35258790","chr28","15581785","15581989","78","19676794"
"chr5","35271533","35271860","chr16","68608977","68609291","35","33337444"
"chr5","35302959","35303261","chr16","68595345","68595641","27","33292386"
"chr5","35331463","35331780","chr24","51498729","51499040","59","16167266"
"chr5","35355275","35355576","chr11","46343863","46344160","53","10988588"
"chr5","35372883","35373220","chr16","68522670","68523008","12","33149787"
"chr5","35374420","35374640","chr16","68520298","68520519","19","33145878"
"chr5","35383457","35383752","chr16","68503983","68504274","35","33120526"
"chr5","35384905","35385054","chr16","61878323","61878467","37","26493418"
"chr5","35392364","35392577","chr16","68501442","68501642","26","33109078"
"chr5","35393713","35393830","chr1","114028015","114028132","16","78634302"
"chr5","35412908","35413166","chr16","68477640","68477904","31","33064732"
"chr5","35422229","35422469","chr11","12267115","12267360","46","23155114"
"chr5","35424658","35424966","chr15","88234979","88235283","69","52810321"
"chr5","35429909","35430182","chrX","39195808","39196085","56","3765899"
"chr5","35447980","35448236","chr11","41555760","41556035","76","6107780"
"chr5","35472513","35472852","chr20","88100516","88100832","77","52628003"
"chr5","35484856","35485074","chr20","86854233","86854457","48","51369377"
"chr5","35489837","35490055","chr19","9223363","9223572","46","26266474"
"chr5","35492598","35492888","chr16","47324566","47324857","62","11831968"
"chr5","35509281","35509408","chr16","68385392","68385519","6","32876111"
"chr5","35559454","35559759","chr16","68335130","68335434","27","32775676"
"chr5","35568316","35568581","chr16","68326241","68326514","22","32757925"
"chr5","35575554","35575848","chr6","28194245","28194544","52","7381309"
"chr5","35582232","35582530","chr16","68312909","68313211","25","32730677"
"chr5","35589901","35590199","chr16","68305028","68305315","29","32715127"
"chr5","35591670","35591971","chr16","68242106","68242403","27","32650436"
"chr5","35605178","35605402","chr16","68293197","68293418","25","32688019"
"chr5","35610613","35610681","chr16","68287940","68288006","6","32677327"
"chr5","35610974","35611149","chr16","68287468","68287639","23","32676494"
"chr5","35618140","35618454","chr20","88240929","88241239","58","52622789"
"chr5","35633372","35633695","chr16","68264542","68264867","34","32631170"
"chr5","35656002","35656309","chr16","68242106","68242403","32","32586104"
"chr5","35697555","35697663","chr28","1786126","1786236","19","33911429"
"chr5","35711247","35711524","chr16","68183590","68183866","26","32472343"
"chr5","35745678","35745965","chr24","54921299","54921588","52","19175621"
"chr5","35747236","35747525","chr16","68147961","68148246","19","32400725"
"chr5","35748603","35748902","chr16","68146136","68146449","37","32397533"
"chr5","35759968","35760183","chr16","68136548","68136758","18","32376580"
"chr5","35760264","35760397","chr20","23113976","23114109","22","12646288"
"chr5","35819496","35819783","chr16","68080501","68080787","22","32261005"
"chr5","35826459","35826724","chr16","68073351","68073610","24","32246892"
"chr5","35861556","35861818","chrX","632187","632442","66","35229369"
"chr5","35865708","35865877","chr11","30945937","30946101","35","4919771"
"chr5","35869720","35870020","chr9","109665912","109666214","61","73796192"
"chr5","35880326","35880603","chr9","87353527","87353802","64","51473201"
"chr5","35890324","35890605","chr26","20106155","20106426","65","15784169"
"chr5","35893864","35894148","chr12","8357025","8357315","61","27536839"
"chr5","35903508","35903805","chr5","17769559","17769851","59","18133949"
"chr5","35918065","35918364","chr21","56191762","56192061","64","20273697"
"chr5","35942637","35942915","chr28","8981242","8981519","56","26961395"
"chr5","35946996","35947294","chr2","55579238","55579543","63","19632242"
"chr5","35949407","35949708","chr16","67943058","67943356","28","31993651"
"chr5","35979541","35979646","chr9","57309148","57309247","21","21329607"
"chr5","35979951","35980108","chr16","67916122","67916280","10","31936171"
"chr5","36019367","36019674","chr13","52217557","52217870","33","16198190"
"chr5","36019675","36019943","chr6","11668104","11668371","48","24351571"
"chr5","36025907","36026211","chr16","33455569","33455870","15","2570338"
"chr5","36026410","36026483","chr5","27929669","27929736","20","8096741"
"chr5","36026785","36026917","chr1","38220671","38220799","31","2193886"
"chr5","36031173","36031489","chr16","33452127","33452443","23","2579046"
"chr5","36050515","36050830","chr9","21402978","21403293","32","14647537"
"chr5","36054471","36054729","chr7","97631701","97631962","53","61577230"
"chr5","36055016","36055325","chr11","90757791","90758089","75","54702775"
"chr5","36110533","36110617","chr1","44120437","44120522","15","8009904"
"chr5","36112504","36112789","chr28","13929450","13929735","63","22183054"
"chr5","36114398","36114686","chr16","59295853","59296134","48","23181455"
"chr5","36128115","36128418","chr16","59309594","59309901","24","23181479"
"chr5","36156182","36156500","chr16","59339422","59339740","17","23183240"
"chr5","36164930","36165226","chr2","66755488","66755777","58","30590558"
"chr5","36178084","36178382","chr12","13149213","13149510","73","23028871"
"chr5","36202243","36202546","chr16","59378063","59378370","20","23175820"
"chr5","36204618","36204903","chr8","75779321","75779605","66","39574703"
"chr5","36264771","36264973","chr20","97126383","97126577","45","60861612"
"chr5","36272938","36273210","chr20","117069882","117070156","64","80796944"
"chr5","36275070","36275331","chr16","59451452","59451714","25","23176382"
"chr5","36291869","36292139","chr9","17338742","17339015","62","18953127"
"chr5","36296540","36296676","chr16","59473876","59474012","8","23177336"
"chr5","36299480","36299805","chr22","11261140","11261453","75","25038340"
"chr5","36308948","36309175","chr24","66564287","66564519","46","30255339"
"chr5","36329330","36329632","chr6","11367646","11367955","69","24961684"
"chr5","36337066","36337361","chrX","38778177","38778481","62","2441111"
"chr5","36338882","36339191","chr16","59518466","59518759","28","23179584"
"chr5","36346856","36347088","chr10","55930473","55930716","80","19583617"
"chr5","36350524","36350814","chr16","59526777","59527066","17","23176253"
"chr5","36355667","36355987","chr16","59535126","59535449","26","23179459"
"chr5","36356168","36356471","chr16","59535630","59535927","29","23179462"
"chr5","36368355","36368502","chr12","72717053","72717194","32","36348698"
"chr5","36368791","36368964","chr24","42350641","42350809","35","5981850"
"chr5","36373615","36373916","chr7","66311590","66311890","56","29937975"
"chr5","36388712","36389002","chr16","59565632","59565924","21","23176920"
"chr5","36391281","36391525","chr16","59568713","59568961","14","23177432"
"chr5","36391920","36392231","chr28","11856078","11856376","66","24535842"
"chr5","36408852","36409158","chr28","10055556","10055859","51","26353296"
"chr5","36443274","36443394","chr1","31272280","31272397","18","5170994"
"chr5","36444291","36444475","chr16","60920657","60920841","13","24476366"
"chr5","36444780","36444900","chr16","59587634","59587757","11","23142854"
"chr5","36445327","36445446","chr16","59588168","59588287","13","23142841"
"chr5","36510652","36510972","chr16","60667000","60667292","51","24156348"
"chr5","36513211","36513492","chr9","34282890","34283166","62","2230321"
"chr5","36536621","36536902","chr16","60645188","60645473","43","24108567"
"chr5","36540850","36541112","chr2","48932390","48932658","72","12391540"
"chr5","36567161","36567383","chr16","63526007","63526229","43","26958846"
"chr5","36567438","36567499","chr27","10213615","10213677","17","26353823"
"chr5","36630407","36630715","chr16","60551033","60551323","38","23920626"
"chr5","36639463","36639687","chr9","87424525","87424736","50","50785062"
"chr5","36640451","36640738","chr16","60542466","60542754","21","23902015"
"chr5","36681586","36681897","chr11","47180535","47180846","62","10498949"
"chr5","36682820","36683118","chr16","60500793","60501086","24","23817973"
"chr5","36687658","36687972","chr16","60495935","60496247","22","23808277"
"chr5","36714063","36714373","chr16","60470810","60471118","28","23756747"
"chr5","36739710","36740003","chr25","50151704","50152007","66","13411994"
"chr5","36791239","36791527","chr11","104479228","104479515","52","67687989"
"chr5","36804238","36804393","chr16","60380821","60380976","9","23576583"
"chr5","36819048","36819163","chr16","46699547","46699662","16","9880499"
"chr5","36819199","36819339","chr1","101590594","101590733","29","64771395"
"chr5","36846710","36847016","chr17","54622252","54622556","82","17775542"
"chr5","36847892","36848187","chr16","19277822","19278110","66","17570070"
"chr5","36861996","36862121","chr16","60326034","60326159","10","23464038"
"chr5","36864415","36864505","chr10","41919217","41919308","16","5054802"
"chr5","36870656","36870951","chr24","54974711","54975008","62","18104055"
"chr5","36894452","36894632","chr13","19520969","19521136","53","17373483"
"chr5","36923068","36923199","chr16","60852216","60852349","14","23929148"
"chr5","36931296","36931592","chr16","67128397","67128696","38","30197101"
"chr5","36938875","36939005","chr16","59606579","59606712","12","22667704"
"chr5","36983395","36983700","chr16","60401956","60402243","35","23418561"
"chr5","37030012","37030318","chr17","54622252","54622556","82","17592240"
"chr5","37031195","37031489","chr16","19277822","19278110","65","17753373"
"chr5","37032802","37033120","chr16","60326455","60326769","23","23293653"
"chr5","37033417","37033542","chr16","60326034","60326159","10","23292617"
"chr5","37042152","37042447","chr24","54974711","54975008","62","17932559"
"chr5","37045890","37046207","chr1","107859667","107859979","79","70813777"
"chr5","37067619","37067799","chr13","19520969","19521136","53","17546650"
"chr5","37112145","37112316","chr16","59613858","59614028","15","22501713"
"chr5","37163312","37163611","chr11","90757791","90758089","56","53594479"
"chr5","37177839","37178090","chr4","76123794","76124046","56","38945955"
"chr5","37189814","37190073","chr27","40190981","40191239","52","3001167"
"chr5","37201962","37202275","chr16","59701561","59701863","35","22499599"
"chr5","37202603","37202816","chr20","12970067","12970277","39","24232536"
"chr5","37210895","37211206","chr16","59701561","59701863","31","22490666"
"chr5","37310617","37310909","chr20","2256298","2256587","66","35054319"
"chr5","37324718","37324834","chr5","13850383","13850504","37","23474335"
"chr5","37325449","37325627","chr1","4497483","4497658","48","32827966"
"chr5","37334907","37335109","chr16","59832220","59832423","22","22497313"
"chr5","37392787","37393009","chr16","59889432","59889649","23","22496645"
"chr5","37419040","37419338","chr16","59913468","59913766","10","22494428"
"chr5","37433167","37433434","chr16","59928432","59928695","19","22495265"
"chr5","37440061","37440351","chr17","39245532","39245821","67","1805471"
"chr5","37469548","37469863","chr6","41129163","41129459","68","3659615"
"chr5","37472825","37473104","chr8","21390008","21390291","63","16082817"
"chr5","37495814","37496112","chr6","28176852","28177148","57","9318962"
"chr5","37499075","37499354","chr8","21390008","21390291","63","16109067"
"chr5","37512948","37513254","chrX","44931626","44931920","55","7418678"
"chr5","37521102","37521413","chr16","60003981","60004296","33","22482879"
"chr5","37539680","37539835","chr2","42603297","42603459","38","5063617"
"chr5","37539862","37539959","chr20","17430035","17430132","22","20109827"
"chr5","37560041","37560352","chr16","60033251","60033562","18","22473210"
"chr5","37563384","37563539","chr16","60036519","60036682","15","22473135"
"chr5","37563841","37563978","chr16","60036984","60037121","11","22473143"
"chr5","37576040","37576358","chr6","11963698","11964006","64","25612342"
"chr5","37626640","37626834","chr15","35846732","35846931","48","1779908"
"chr5","37645894","37646199","chr16","60115443","60115749","35","22469549"
"chr5","37683186","37683436","chr16","60152104","60152356","15","22468918"
"chr5","37690099","37690386","chr16","60159338","60159625","30","22469239"
"chr5","37711414","37711716","chr16","60184485","60184763","44","22473071"
"chr5","37713063","37713382","chr16","60186148","60186468","22","22473085"
"chr5","37720886","37721191","chr16","60194002","60194292","35","22473116"
"chr5","37737542","37737755","chr16","60210414","60210644","33","22472872"
"chr5","37750915","37751206","chr21","56594655","56594953","58","18843740"
"chr5","37753713","37754031","chr4","65107357","65107682","63","27353644"
"chr5","37775851","37776146","chrX","2168537","2168832","49","35607314"
"chr5","37778991","37779283","chr20","4010967","4011259","28","33768024"
"chr5","37794254","37794558","chr20","108834285","108834596","61","71040031"
"chr5","37822975","37823215","chr16","59568713","59568961","27","21745738"
"chr5","37836051","37836345","chr24","54921299","54921588","56","17085248"
"chr5","37853395","37853692","chr16","59642891","59643189","21","21789496"
"chr5","37897568","37897684","chr1","122581085","122581199","29","84683517"
"chr5","37911413","37911702","chr16","67128397","67128696","47","29216984"
"chr5","37917360","37917525","chr16","59591519","59591672","33","21674159"
"chr5","37922772","37923085","chr16","67121135","67121426","67","29198363"
"chr5","37923755","37923879","chr16","59587634","59587757","10","21663879"
"chr5","37924847","37925110","chr5","25965001","25965255","68","11959846"
"chr5","37931528","37931659","chr11","48048179","48048309","17","10116651"
"chr5","38030646","38030954","chr16","61014056","61014364","23","22983410"
"chr5","38031815","38032114","chr16","61015557","61015840","35","22983742"
"chr5","38051291","38051598","chr26","8562292","8562594","81","29488999"
"chr5","38055642","38055783","chr5","26551828","26551970","31","11503814"
"chr5","38056074","38056247","chr13","36978301","36978477","30","1077773"
"chr5","38057663","38057964","chr16","61038136","61038438","23","22980473"
"chr5","38061735","38061871","chr16","61042050","61042173","20","22980315"
"chr5","38064841","38065135","chr16","61044642","61044910","44","22979801"
"chr5","38074483","38074779","chr12","103939005","103939299","58","65864522"
"chr5","38088389","38088522","chr25","25851378","25851510","19","12237011"
"chr5","38089240","38089416","chr16","61071861","61072039","15","22982621"
"chr5","38092366","38092677","chr16","61074963","61075258","29","22982597"
"chr5","38098279","38098585","chr16","61080618","61080919","21","22982339"
"chr5","38104922","38105205","chr16","61087137","61087448","44","22982215"
"chr5","38111217","38111350","chr6","11027667","11027797","21","27083550"
"chr5","38115546","38115815","chr16","61099081","61099351","29","22983535"
"chr5","38124737","38124882","chr6","41071359","41071501","32","2946622"
"chr5","38125174","38125332","chr29","19836256","19836416","29","18288918"
"chr5","38132662","38132960","chr9","96956253","96956558","54","58823591"
"chr5","38161862","38162173","chr16","61144851","61145168","22","22982989"
"chr5","38164910","38165205","chr16","61147877","61148164","23","22982967"
"chr5","38172909","38173190","chr16","61155644","61155908","24","22982735"
"chr5","38174480","38174763","chr12","103939005","103939299","53","65764525"
"chr5","38182634","38182943","chr17","57329468","57329781","57","19146834"
"chr5","38202123","38202291","chr20","125030501","125030665","36","86828378"
"chr5","38222952","38223264","chr28","15141829","15142140","53","23081123"
"chr5","38224800","38225095","chr16","61205309","61205593","27","22980509"
"chr5","38237509","38237614","chr6","34643561","34643663","24","3593948"
"chr5","38249159","38249288","chr16","61227207","61227336","10","22978048"
"chr5","38281300","38281445","chr16","61254787","61254929","27","22973487"
"chr5","38306107","38306424","chr24","44654567","44654861","70","6348460"
"chr5","38308670","38308936","chr16","61283397","61283663","11","22974727"
"chr5","38315992","38316308","chr16","61293022","61293336","26","22977030"
"chr5","38317990","38318282","chr16","61295309","61295593","22","22977319"
"chr5","38323476","38323786","chr16","61300859","61301160","27","22977383"
"chr5","38341182","38341495","chr6","28231134","28231432","71","10110048"
"chr5","38346683","38346993","chr15","1989051","1989355","54","36357632"
"chr5","38347057","38347291","chr5","43066745","43066978","44","4719688"
"chr5","38354727","38355028","chrX","23996852","23997143","59","14357875"
"chr5","38367754","38368043","chr16","61343683","61343979","44","22975929"
"chr5","38374246","38374543","chrX","46207124","46207427","68","7832878"
"chr5","38386338","38386635","chr16","61356036","61356338","30","22969698"
"chr5","38387899","38387991","chr16","61357613","61357705","8","22969714"
"chr5","38388285","38388500","chr16","61358015","61358231","9","22969730"
"chr5","38393725","38394017","chr9","62304974","62305266","54","23911249"
"chr5","38394995","38395126","chr27","10070646","10070779","23","28324349"
"chr5","38397261","38397392","chr16","61371876","61372007","8","22974615"
"chr5","38399961","38400087","chr16","61371876","61372007","12","22971915"
"chr5","38415069","38415374","chr16","61389304","61389604","25","22974235"
"chr5","38417557","38417883","chr22","47302382","47302689","74","8884825"
"chr5","38420832","38421117","chr16","61394882","61395209","60","22974050"
"chr5","38456038","38456329","chr16","61430928","61431218","22","22974890"
"chr5","38474710","38475013","chr16","61449602","61449907","23","22974892"
"chr5","38476130","38476243","chr1","120798422","120798537","15","82322292"
"chr5","38476274","38476427","chr22","41153421","41153581","31","2677147"
"chr5","38477277","38477572","chr24","14369169","14369457","63","24108108"
"chr5","38485001","38485316","chr16","61460433","61460750","24","22975432"
"chr5","38509574","38509870","chr16","61485114","61485421","37","22975540"
"chr5","38537648","38537915","chr3","51925389","51925663","58","13387741"
"chr5","38552024","38552325","chr16","61525259","61525559","21","22973235"
"chr5","38553516","38553694","chr16","61526787","61526962","15","22973271"
"chr5","38553992","38554158","chr22","82133356","82133516","38","43579364"
"chr5","38559519","38559802","chr5","36409125","36409410","57","2150394"
"chr5","38562030","38562334","chr6","41129163","41129459","63","2567133"
"chr5","38566679","38566990","chr5","34721151","34721459","60","3845528"
"chr5","38576494","38576682","chr16","61542806","61543010","33","22966312"
"chr5","38594739","38595018","chr20","48079870","48080139","53","9485131"
"chr5","38611164","38611397","chr20","9399614","9399838","50","29211550"
"chr5","38643209","38643523","chr16","61618571","61618864","36","22975362"
"chr5","38645290","38645591","chr16","61608871","61609181","29","22963581"
"chr5","38672086","38672357","chr16","61640763","61641028","20","22968677"
"chr5","38691176","38691284","chr16","61659562","61659664","9","22968386"
"chr5","38692693","38692837","chr16","61661416","61661560","4","22968723"
"chr5","38693137","38693307","chr16","61661866","61662020","27","22968729"
"chr5","38698993","38699305","chr6","33158895","33159205","60","5540098"
"chr5","38709940","38710113","chr5","17658120","17658285","35","21051820"
"chr5","38710415","38710552","chr26","8895044","8895174","21","29815371"
"chr5","38725528","38725658","chr16","61691746","61691877","11","22966218"
"chr5","38730238","38730546","chr3","88326366","88326673","63","49596128"
"chr5","38732955","38733245","chr8","65249136","65249425","58","26516181"
"chr5","38734073","38734175","chr16","61703411","61703518","11","22969338"
"chr5","38735247","38735507","chr24","54209588","54209853","60","15474341"
"chr5","38738176","38738264","chr24","48443397","48443483","20","9705221"
"chr5","38746639","38746929","chr16","61714583","61714860","31","22967944"
"chr5","38772147","38772457","chr20_KE148049v1_random","1174428","1174733","66","37597719"
"chr5","38779816","38780142","chr16","61748632","61748916","64","22968816"
"chr5","38780498","38780602","chr16","61749282","61749380","15","22968784"
"chr5","38780929","38781242","chr16","61749703","61750001","40","22968774"
"chr5","38783506","38783681","chr5","3596257","3596438","54","35187249"
"chr5","38783708","38783825","chr8","95524598","95524721","22","56740890"
"chr5","38786369","38786597","chr28","13728890","13729116","51","25057479"
"chr5","38795793","38796079","chr12","13149213","13149510","58","25646580"
"chr5","38799832","38800142","chr6","34147292","34147592","72","4652540"
"chr5","38803819","38804141","chr15","64611902","64612212","69","25808083"
"chr5","38805549","38805672","chr16","61769185","61769303","8","22963636"
"chr5","38814652","38814947","chr16","61777463","61777757","22","22962811"
"chr5","38815863","38815999","chr16","61778659","61778793","10","22962796"
"chr5","38816301","38816460","chr2","42603297","42603459","29","3786996"
"chr5","38819636","38819847","chr16","61783853","61784062","13","22964217"
"chr5","38821737","38821904","chr11","8489395","8489562","41","30332342"
"chr5","38831718","38832013","chr14","63170964","63171261","52","24339246"
"chr5","38832044","38832270","chr6","28466492","28466729","51","10365552"
"chr5","38836635","38836935","chr16","58907150","58907451","57","20070515"
"chr5","38842935","38843119","chr11","48108598","48108787","42","9265663"
"chr5","38846535","38846652","chr16","61808913","61809030","6","22962378"
"chr5","38855073","38855334","chr6","3076932","3077191","58","35778141"
"chr5","38883136","38883427","chr16","61842552","61842827","37","22959416"
"chr5","38886815","38887110","chr16","61845148","61845428","30","22958333"
"chr5","38901620","38901787","chr16","61859110","61859271","12","22957490"
"chr5","38921842","38922007","chr10","102488983","102489142","32","63567141"
"chr5","38922312","38922356","chr16","15619958","15620001","6","23302354"
"chr5","38922661","38922794","chr10","53940771","53940890","39","15018110"
"chr5","38922822","38923023","chr22","10027369","10027568","46","28895453"
"chr5","38925594","38925866","chr6","11668104","11668371","60","27257490"
"chr5","38931724","38931930","chr6","7203850","7204061","45","31727874"
"chr5","38935281","38935429","chr16","61882253","61882405","13","22946972"
"chr5","38949610","38949872","chr16","61898020","61898271","21","22948410"
"chr5","38951112","38951427","chr12","34256090","34256401","75","4695022"
"chr5","38955726","38956029","chr24","78057223","78057518","69","39101497"
"chr5","38963041","38963361","chr16","22075846","22076149","67","16887195"
"chr5","38965691","38965988","chr16","61914078","61914375","21","22948387"
"chr5","38975413","38975680","chr16","61923462","61923740","39","22948049"
"chr5","38980208","38980516","chr16","22058110","22058416","36","16922098"
"chr5","38993164","38993377","chr16","61942573","61942782","17","22949409"
"chr5","39007108","39007334","chr17","71135354","71135570","57","32128246"
"chr5","39008289","39008521","chr12","7846459","7846684","51","31161830"
"chr5","39011391","39011690","chrX","22610304","22610599","23","16401087"
"chr5","39015409","39015674","chr23","75213329","75213594","57","36197920"
"chr5","39018753","39019065","chr16","61968556","61968871","25","22949803"
"chr5","39021430","39021769","chr16","61971207","61971550","40","22949777"
"chr5","39037045","39037342","chr16","61986595","61986899","26","22949550"
"chr5","39037972","39038111","chr6","4529464","4529597","29","34508508"
"chr5","39038405","39038559","chr6","17289735","17289893","36","21748670"
"chr5","39048389","39048684","chr5","38262732","38263029","55","785657"
"chr5","39049088","39049367","chr8","96153522","96153808","60","57104434"
"chr5","39059623","39059911","chr26","17815870","17816167","53","21243753"
"chr5","39068404","39068563","chr2","89524666","89524825","57","50456262"
"chr5","39101206","39101482","chr16","62048916","62049194","14","22947710"
"chr5","39107715","39108000","chr10","88094458","88094737","65","48986743"
"chr5","39114072","39114363","chr14","61592470","61592768","57","22478398"
"chr5","39138664","39138982","chr16","62088660","62088971","35","22949996"
"chr5","39150893","39151068","chrX_KE148108v1_random","1973273","1973446","32","37177620"
"chr5","39151097","39151212","chr21","103813794","103813907","15","64662697"
"chr5","39153890","39154159","chr16","62104096","62104364","21","22950206"
"chr5","39161156","39161450","chr16","62111554","62111851","33","22950398"
"chr5","39168474","39168591","chr28","9527603","9527719","13","29640871"
"chr5","39170650","39170952","chr8","31466556","31466841","68","7704094"
"chr5","39172447","39172755","chr11","65033931","65034241","56","25861484"
"chr5","39181378","39181547","chr16","62130093","62130282","34","22948715"
"chr5","39181607","39181786","chr8","111180838","111181016","40","71999231"
"chr5","39199574","39199674","chr16","62148609","62148709","2","22949035"
"chr5","39208570","39208879","chr16","62157317","62157620","21","22948747"
"chr5","39212389","39212675","chr26","14952808","14953094","55","24259581"
"chr5","39235273","39235573","chr16","62181546","62181843","32","22946273"
"chr5","39258885","39259016","chr16","62205998","62206126","15","22947113"
"chr5","39259029","39259309","chr16","62206129","62206386","42","22947100"
"chr5","39260527","39260873","chr28","21007268","21007588","82","18253259"
"chr5","39272710","39272825","chr1","120798422","120798537","18","81525712"
"chr5","39273430","39273514","chr5","36031917","36032002","15","3241513"
"chr5","39276951","39277036","chr16","62224266","62224351","6","22947315"
"chr5","39278540","39278856","chr3","6642626","6642930","70","32635914"
"chr5","39280620","39280731","chr1","47896495","47896614","24","8615875"
"chr5","39281042","39281204","chr2","14476013","14476167","31","24805029"
"chr5","39291701","39292002","chr24","54921299","54921588","62","15629598"
"chr5","39301371","39301541","chr16","62248915","62249080","19","22947544"
"chr5","39301845","39301969","chr16","62249377","62249499","11","22947532"
"chr5","39305022","39305085","chr16","62256278","62256345","8","22951256"
"chr5","39319479","39319667","chr6","7959554","7959745","45","31359925"
"chr5","39339354","39339647","chr16","62284409","62284698","25","22945055"
"chr5","39350853","39351116","chr16","62296742","62297006","15","22945889"
"chr5","39360065","39360202","chr2","25502795","25502933","21","13857270"
"chr5","39360497","39360678","chr18","61891788","61891961","40","22531291"
"chr5","39372100","39372229","chr16","62318069","62318198","4","22945969"
"chr5","39387082","39387247","chr19","27564141","27564298","38","11822941"
"chr5","39387548","39387678","chr6","28827619","28827753","21","10559929"
"chr5","39391680","39391969","chr16","62340434","62340726","22","22948754"
"chr5","39393807","39394006","chr16","62342503","62342723","46","22948696"
"chr5","39396711","39397015","chr16","62353458","62353757","32","22956747"
"chr5","39408082","39408409","chr22","70285272","70285586","70","30877190"
"chr5","39412839","39413132","chr13","24399012","24399278","76","15013827"
"chr5","39466894","39467194","chr16","62406763","62407040","40","22939869"
"chr5","39476352","39476637","chr16","62413006","62413265","64","22936654"
"chr5","39485715","39485805","chr20","96826889","96826982","21","57341174"
"chr5","39489193","39489317","chr16","62424756","62424880","2","22935563"
"chr5","39489622","39489792","chr16","62425186","62425363","13","22935564"
"chr5","39492090","39492266","chr16","62428267","62428455","28","22936177"
"chr5","39492561","39492693","chr16","62427836","62427965","11","22935275"
"chr5","39493822","39493912","chr20","96826889","96826982","21","57333067"
"chr5","39500732","39501035","chr15","5264078","5264374","55","34236654"
"chr5","39525039","39525348","chr16","22007200","22007511","41","17517839"
"chr5","39529919","39530230","chr9","11782404","11782713","58","27747515"
"chr5","39531869","39531928","chr16","22015421","22015477","18","17516448"
"chr5","39539811","39540058","chr16","67157752","67157998","28","27617941"
"chr5","39543721","39543835","chr16","60916988","60917105","20","21373267"
"chr5","39566390","39566501","chr24","12123186","12123294","30","27443204"
"chr5","39567264","39567548","chr16","62500420","62500726","37","22933156"
"chr5","39574764","39575086","chr16","62507663","62507986","22","22932899"
"chr5","39598665","39598865","chr1","117215705","117215907","43","77617040"
"chr5","39601167","39601469","chr16","62551481","62551788","27","22950314"
"chr5","39607917","39608208","chr7","118609785","118610067","56","79001868"
"chr5","39610417","39610732","chr16","62562468","62562769","37","22952051"
"chr5","39628710","39628983","chr11","111142328","111142606","55","71513618"
"chr5","39633303","39633564","chr16","62585156","62585415","26","22951853"
"chr5","39640948","39641246","chr16","62592457","62592753","21","22951509"
"chr5","39750072","39750365","chr16","62704047","62704342","22","22953975"
"chr5","39755039","39755348","chr16","62708966","62709278","36","22953927"
"chr5","39762058","39762367","chr19","12011999","12012306","66","27750059"
"chr5","39769994","39770281","chr8","29297348","29297646","60","10472646"
"chr5","39787082","39787199","chr16","62740696","62740809","10","22953614"
"chr5","39792340","39792446","chr12","102735875","102735989","16","62943535"
"chr5","39795077","39795376","chr10","9801592","9801895","70","29993485"
"chr5","39796197","39796489","chr1","7373371","7373646","68","32422826"
"chr5","39804321","39804456","chr9","93869930","93870062","24","54065609"
"chr5","39814437","39814555","chr16","62755855","62755972","11","22941418"
"chr5","39831837","39832137","chr16","62774151","62774453","21","22942314"
"chr5","39838263","39838557","chr12","40601683","40601983","49","763420"
"chr5","39843186","39843487","chr10","76220349","76220648","59","36377163"
"chr5","39868503","39868808","chr16","62807252","62807561","40","22938749"
"chr5","39882750","39882811","chr8","28404663","28404720","12","11478087"
"chr5","39883101","39883349","chr1","32526727","32526973","47","7356374"
"chr5","39884938","39885058","chr1","109948378","109948499","19","70063440"
"chr5","39903210","39903484","chr6","7347535","7347812","54","32555675"
"chr5","39903790","39903825","chr11","116758428","116758464","6","76854638"
"chr5","39904937","39905232","chr16","62840356","62840657","22","22935419"
"chr5","39914933","39915062","chr6","27791195","27791324","20","12123738"
"chr5","39919106","39919141","chr16","62849918","62849953","1","22930812"
"chr5","39919175","39919355","chr16","62849991","62850177","15","22930816"
"chr5","39953609","39953899","chr16","62897039","62897330","23","22943430"
"chr5","39961684","39961962","chr14","82806583","82806861","48","42844899"
"chr5","39965598","39965710","chr9","15035323","15035438","17","24930275"
"chr5","39970242","39970539","chr24","55401975","55402268","53","15431733"
"chr5","39971883","39972181","chr24","55401975","55402268","56","15430092"
"chr5","39983763","39984042","chr16","62924094","62924377","22","22940331"
"chr5","39989720","39989853","chr4","44223526","44223655","23","4233806"
"chr5","39991333","39991599","chr16","62931855","62932122","28","22940522"
"chr5","40004568","40004717","chr16","62945109","62945258","7","22940541"
"chr5","40005285","40005570","chr16","62959004","62959294","27","22953719"
"chr5","40005609","40005740","chr16","62958844","62958968","16","22953235"
"chr5","40009204","40009473","chr24","78009044","78009312","54","37999840"
"chr5","40014852","40014983","chr16","62958844","62958968","16","22943992"
"chr5","40015022","40015307","chr16","62959004","62959294","27","22943982"
"chr5","40035582","40035877","chr16","62982842","62983125","28","22947260"
"chr5","40038130","40038433","chr11","111935614","111935915","65","71897484"
"chr5","40059053","40059344","chr16","62998145","62998440","34","22939092"
"chr5","40142590","40142884","chr16","63091907","63092203","18","22949317"
"chr5","40143673","40143941","chr16","63094913","63095179","22","22951240"
"chr5","40161326","40161622","chr16","63113289","63113555","45","22951963"
"chr5","40177674","40177974","chr16","63128705","63129004","21","22951031"
"chr5","40178573","40178855","chr19","23751811","23752092","62","16426762"
"chr5","40184581","40184890","chr9","103067965","103068243","87","62883384"
"chr5","40189974","40190179","chr16","63157240","63157457","32","22967266"
"chr5","40213840","40214199","chr8","21896043","21896384","96","18317797"
"chr5","40217463","40217764","chr16","53646955","53647249","43","13429492"
"chr5","40227727","40227886","chr16","59591519","59591672","23","19363792"
"chr5","40245998","40246150","chr1","17614467","17614625","30","22631531"
"chr5","40246468","40246606","chr18","69512677","69512810","27","29266209"
"chr5","40259047","40259296","chr16","63180014","63180241","45","22920967"
"chr5","40262949","40263250","chr16","63184070","63184370","17","22921121"
"chr5","40269400","40269519","chr16","63189409","63189535","15","22920009"
"chr5","40271267","40271541","chr16","63191304","63191592","35","22920037"
"chr5","40292056","40292147","chr16","17031860","17031948","25","23260196"
"chr5","40298058","40298168","chr16","63219101","63219213","13","22921043"
"chr5","40298203","40298355","chr1","17693518","17693669","26","22604685"
"chr5","40298655","40298812","chr2","87845233","87845392","32","47546578"
"chr5","40306827","40306918","chr16","17031860","17031948","25","23274967"
"chr5","40316214","40316507","chr28","12494953","12495246","61","27821261"
"chr5","40320225","40320527","chr16","63236283","63236586","56","22916058"
"chr5","40323853","40323944","chr16","17031860","17031948","25","23291993"
"chr5","40337239","40337537","chr16","63240843","63241141","15","22903604"
"chr5","40360081","40360450","chrX","15422132","15422499","112","24937949"
"chr5","40398569","40398794","chrX","45203839","45204056","49","4805270"
"chr5","40400708","40400983","chr14","75383389","75383661","58","34982681"
"chr5","40418204","40418317","chr9","34897938","34898061","19","5520266"
"chr5","40422199","40422496","chr16","63324926","63325225","21","22902727"
"chr5","40423226","40423496","chr16","63326274","63326543","17","22903048"
"chr5","40425607","40425730","chr6","34567205","34567329","25","5858402"
"chr5","40432272","40432433","chr12","14192767","14192922","30","26239505"
"chr5","40443165","40443440","chr16","25633601","25633872","59","14809564"
"chr5","40445737","40446025","chr16","63348217","63348508","25","22902480"
"chr5","40447763","40448044","chr6","3162411","3162697","65","37285352"
"chr5","40459741","40460050","chr16","63360273","63360588","28","22900532"
"chr5","40468820","40468993","chr16","63374056","63374229","12","22905236"
"chr5","40469300","40469442","chr16","63374532","63374679","21","22905232"
"chr5","40471033","40471294","chr1","6547966","6548216","51","33923067"
"chr5","40478465","40478600","chr16","63383365","63383500","13","22904900"
"chr5","40479293","40479584","chr12","103939005","103939299","67","63459712"
"chr5","40480707","40481020","chr20","88100516","88100832","59","47619809"
"chr5","40487372","40487691","chr16","63392056","63392374","23","22904684"
"chr5","40489778","40490064","chr16","63394459","63394765","46","22904681"
"chr5","40492618","40492914","chr5","43761345","43761656","60","3268727"
"chr5","40505013","40505313","chr24","58817008","58817302","70","18311995"
"chr5","40517944","40518242","chr12","13149213","13149510","49","27368731"
"chr5","40577492","40577682","chr11","45696887","45697081","17","5119395"
"chr5","40581032","40581336","chr6","30589359","30589650","61","9991673"
"chr5","40581347","40581530","chr9","90862364","90862540","38","50281017"
"chr5","40581841","40581979","chr28","14481596","14481734","24","26100245"
"chr5","40597225","40597528","chr16","21614696","21614999","49","18982529"
"chr5","40610018","40610310","chr16","63517130","63517419","21","22907112"
"chr5","40616363","40616574","chr16","63524762","63524975","15","22908399"
"chr5","40620389","40620621","chr16","24192433","24192632","66","16427956"
"chr5","40621439","40621663","chr16","63523070","63523292","11","22901631"
"chr5","40623337","40623465","chr6","7422148","7422270","29","33201189"
"chr5","40623768","40623915","chr23","59607593","59607741","24","18983825"
"chr5","40628507","40628773","chr16","63530895","63531172","34","22902388"
"chr5","40629845","40630146","chr16","63532247","63532552","17","22902402"
"chr5","40633026","40633314","chr16","63535380","63535654","25","22902354"
"chr5","40650222","40650333","chr9","32367335","32367447","23","8282887"
"chr5","40650627","40650815","chr21","16416165","16416362","52","24234462"
"chr5","40663644","40663937","chr16","63561766","63562072","32","22898122"
"chr5","40668793","40668964","chr9","8036420","8036581","35","32632373"
"chr5","40669267","40669408","chr20","125484499","125484637","22","84815232"
"chr5","40677380","40677576","chr6","7959554","7959745","49","32717826"
"chr5","40680253","40680567","chr16","63579090","63579385","35","22898837"
"chr5","40694224","40694348","chr16","63593024","63593147","6","22898800"
"chr5","40696654","40696831","chr16","63595473","63595656","17","22898819"
"chr5","40697432","40697522","chr16","63595948","63596039","4","22898516"
"chr5","40704932","40705058","chr16","49149269","49149393","18","8444337"
"chr5","40713485","40713785","chr12","103939005","103939299","55","63225520"
"chr5","40727243","40727573","chr2","13764076","13764406","76","26963167"
"chr5","40732556","40732859","chr16","63629871","63630181","24","22897315"
"chr5","40734755","40734844","chr16","63632067","63632155","6","22897312"
"chr5","40736990","40737270","chr15","40972111","40972375","72","235121"
"chr5","40750437","40750619","chr16","63648515","63648697","13","22898078"
"chr5","40751309","40751488","chr16","63649069","63649221","34","22897760"
"chr5","40756154","40756272","chr16","63654097","63654206","14","22897943"
"chr5","40757395","40757706","chr16","63655342","63655619","59","22897947"
"chr5","40759977","40760113","chr16","63658466","63658594","14","22898489"
"chr5","40769893","40770169","chr3","73610448","73610736","55","32840555"
"chr5","40770494","40770785","chr16","63667267","63667553","28","22896773"
"chr5","40771242","40771534","chr16","63668634","63668919","23","22897392"
"chr5","40787742","40788068","chr18","16758785","16759095","84","24028957"
"chr5","40791479","40791645","chr6","42438846","42439014","45","1647367"
"chr5","40792070","40792366","chr16","63689289","63689586","20","22897219"
"chr5","40834683","40834887","chr16","63726961","63727167","32","22892278"
"chr5","40837621","40837852","chr11","45086767","45086999","60","4249146"
"chr5","40881297","40881608","chr1","86736914","86737218","65","45855617"
"chr5","40895714","40896030","chr16","63783744","63784043","40","22888030"
"chr5","40898336","40898689","chr21","98081233","98081578","81","57182897"
"chr5","40900816","40901084","chr16","68326241","68326514","63","27425425"
"chr5","40938580","40938841","chr10","88953710","88953962","57","48015130"
"chr5","40962312","40962633","chr21","13742756","13743060","65","27219556"
"chr5","40974063","40974309","chr16","716935","717157","71","40257128"
"chr5","40974603","40974723","chr6","35287389","35287512","28","5687214"
"chr5","41000002","41000191","chr1","55677061","55677250","47","14677059"
"chr5","41033620","41033903","chr5","37251733","37252018","62","3781887"
"chr5","41038158","41038448","chr3","52070397","52070682","58","11032239"
"chr5","41042873","41043149","chr16","60184485","60184763","71","19141612"
"chr5","41045861","41046163","chr12","26204400","26204703","55","14841461"
"chr5","41051387","41051624","chr16","63930563","63930807","41","22879176"
"chr5","41060515","41060816","chr16","63934440","63934741","19","22873925"
"chr5","41075345","41075560","chr16","63948773","63948956","41","22873428"
"chr5","41141154","41141455","chr12","40601683","40601983","49","539471"
"chr5","41142714","41142831","chr16","64009840","64009957","5","22867126"
"chr5","41150341","41150568","chr20","20369789","20370010","52","20780552"
"chr5","41166001","41166151","chr11","100581952","100582101","32","59415951"
"chr5","41193805","41194043","chr26","56407229","56407452","56","15213424"
"chr5","41194240","41194549","chr16","64072939","64073252","40","22878699"
"chr5","41199249","41199575","chr16","64060596","64060912","38","22861347"
"chr5","41202620","41202918","chr20","114062015","114062311","67","72859395"
"chr5","41211836","41212145","chr16","64072939","64073252","40","22861103"
"chr5","41212342","41212560","chr26","56407229","56407452","40","15194887"
"chr5","41221238","41221526","chr16","64082321","64082609","33","22861083"
"chr5","41251617","41251918","chrX","61981315","61981615","71","20729698"
"chr5","41276712","41276968","chr16","64135290","64135546","53","22858578"
"chr5","41281401","41281680","chr16","64140215","64140468","41","22858814"
"chr5","41285763","41285949","chrX","58766012","58766202","34","17480249"
"chr5","41322668","41322797","chr16","64180035","64180164","13","22857367"
"chr5","41326239","41326537","chrX","97888603","97888908","78","56562364"
"chr5","41330894","41331189","chr5","10286649","10286936","71","31044245"
"chr5","41356012","41356219","chr16","64204739","64204942","19","22848727"
"chr5","41356577","41356687","chr16","64205305","64205416","9","22848728"
"chr5","41366653","41366962","chr11","404925","405223","53","40961728"
"chr5","41381916","41382189","chr16","64230912","64231191","21","22848996"
"chr5","41408435","41408724","chr6","39036641","39036936","50","2371794"
"chr5","41417153","41417379","chr16","64267774","64268005","26","22850621"
"chr5","41455248","41455544","chr10","56802229","56802512","70","15346981"
"chr5","41456248","41456551","chr16","64306913","64307214","21","22850665"
"chr5","41456563","41456681","chr1","114028015","114028132","16","72571452"
"chr5","41459497","41459776","chr22","51293260","51293540","48","9833763"
"chr5","41459811","41459927","chr16","64309775","64309895","12","22849964"
"chr5","41472063","41472289","chr10","109553505","109553717","76","68081442"
"chr5","41472798","41472841","chr11","67486788","67486834","7","26013990"
"chr5","41483267","41483596","chr25","76857877","76858210","79","35374610"
"chr5","41494204","41494428","chrUn_KE147546v1","84253","84469","48","41409951"
"chr5","41504287","41504578","chr11","7174533","7174828","67","34329754"
"chr5","41515373","41515678","chr16","64362545","64362854","24","22847172"
"chr5","41524101","41524416","chr16","64372874","64373191","20","22848773"
"chr5","41524804","41525068","chr16","64373598","64373870","29","22848794"
"chr5","41529207","41529410","chr17","69733367","69733556","60","28204160"
"chr5","41542351","41542616","chr9","59020454","59020726","27","17478103"
"chr5","41550045","41550332","chr16","62924094","62924377","57","21374049"
"chr5","41559661","41559837","chr22","2970741","2970915","45","38588920"
"chr5","41560143","41560267","chr5","36087757","36087881","28","5472386"
"chr5","41565661","41565751","chr19","6185551","6185643","20","35380110"
"chr5","41578328","41578595","chr1","51774210","51774471","59","10195882"
"chr5","41586653","41586927","chr14","96349663","96349946","60","54763010"
"chr5","41602470","41602743","chr14","96349663","96349946","61","54747193"
"chr5","41610643","41610949","chr28","10055556","10055859","50","31555087"
"chr5","41638959","41639255","chr11","107810902","107811201","52","66171943"
"chr5","41639397","41639711","chr16","64477417","64477731","28","22838020"
"chr5","41652769","41653065","chr10","121263209","121263496","72","79610440"
"chr5","41656325","41656633","chr16","64495797","64496092","32","22839472"
"chr5","41656639","41656778","chr26","8038602","8038725","26","33618037"
"chr5","41666429","41666753","chr7","98056173","98056494","67","56389744"
"chr5","41667755","41667908","chr18","21060043","21060184","43","20607712"
"chr5","41673794","41673918","chr27","34664172","34664296","13","7009622"
"chr5","41703211","41703528","chr7","83107013","83107326","56","41403802"
"chr5","41710639","41710735","chr16","64536176","64536272","4","22825537"
"chr5","41756785","41757102","chr16","64580095","64580415","24","22823310"
"chr5","41831556","41831758","chr11","112106819","112107029","45","70275263"
"chr5","41849869","41850150","chr5","10145436","10145732","55","31704433"
"chr5","41878236","41878513","chr16","64677065","64677334","31","22798829"
"chr5","41888764","41889087","chr16","64687887","64688212","22","22799123"
"chr5","41894776","41895051","chr16","64697691","64697960","20","22802915"
"chr5","42242926","42243168","chr21","15535331","15535573","8","26707595"
"chr5","42243192","42243431","chr8","36088146","36088372","59","6155046"
"chr5","42274021","42274227","chr21","25371479","25371678","56","16902542"
"chr5","42390323","42390448","chr21","123566709","123566839","29","81176386"
"chr5","42497252","42497550","chr16","65212096","65212394","12","22714844"
"chr5","42549871","42550176","chr16","65263577","65263880","27","22713706"
"chr5","42571857","42572151","chr16","65286786","65287099","34","22714929"
"chr5","42607072","42607197","chr16","65323148","65323273","4","22716076"
"chr5","42728909","42729224","chr1","108169339","108169651","64","65440430"
"chr5","42752401","42752550","chr16","4801979","4802133","30","37950422"
"chr5","42752847","42752981","chr6","28827619","28827753","21","13925228"
"chr5","42755207","42755469","chr9","115786981","115787248","62","73031774"
"chr5","42770023","42770182","chr18","29195183","29195341","36","13574840"
"chr5","42778148","42778265","chr20","86303362","86303480","12","43525214"
"chr5","42790276","42790386","chr16","65503280","65503390","6","22713004"
"chr5","42817818","42818118","chr16","65533737","65534017","41","22715919"
"chr5","42818314","42818622","chr14","58899046","58899354","57","16080732"
"chr5","42836833","42837136","chr16","65552741","65553058","31","22715908"
"chr5","42857030","42857317","chr16","65573441","65573728","15","22716411"
"chr5","42859572","42859857","chr12","92000798","92001079","57","49141226"
"chr5","42894547","42894843","chr16","65609920","65610217","26","22715373"
"chr5","42896051","42896362","chr25","44770913","44771213","60","1874862"
"chr5","42950118","42950242","chr2","45119822","45119944","15","2169704"
"chr5","42967684","42967984","chr16","65679343","65679647","19","22711659"
"chr5","42980327","42980522","chr16","65691453","65691648","20","22711126"
"chr5","42980747","42980875","chr16","65691878","65692005","14","22711131"
"chr5","42990378","42990623","chr8","27025159","27025411","54","15965219"
"chr5","43022693","43022982","chr16","65730280","65730596","43","22707587"
"chr5","43027181","43027437","chr16","65734434","65734711","40","22707253"
"chr5","43059002","43059110","chr12","9645821","9645930","27","33413181"
"chr5","43060291","43060576","chr16","62924094","62924377","55","19863803"
"chr5","43077352","43077635","chr16","65783045","65783351","53","22705693"
"chr5","43081045","43081202","chr26","47719908","47720075","48","4638863"
"chr5","43081504","43081618","chr1","114028015","114028132","19","70946511"
"chr5","43090975","43091229","chr16","44091861","44092122","58","1000886"
"chr5","43172944","43173247","chr16","65870510","65870821","19","22697566"
"chr5","43200802","43201111","chr16","65892873","65893167","34","22692071"
"chr5","43209692","43209822","chr8","68545076","68545209","25","25335384"
"chr5","43225240","43225391","chr1","83053562","83053704","33","39828322"
"chr5","43228059","43228253","chr11","125446906","125447096","40","82218847"
"chr5","43228855","43228969","chr16","65925180","65925290","10","22696325"
"chr5","43241758","43242020","chr16","65943007","65943287","36","22701249"
"chr5","43255421","43255703","chr2","38141819","38142112","71","5113602"
"chr5","43262780","43263129","chr20","107150105","107150442","92","63887325"
"chr5","43266668","43266743","chr16","65961231","65961310","8","22694563"
"chr5","43267373","43267486","chr16","65961937","65962023","33","22694564"
"chr5","43267796","43267926","chr16","65962334","65962466","15","22694538"
"chr5","43284598","43284935","chr28","16468589","16468935","88","26816009"
"chr5","43285548","43285678","chr20","93136550","93136685","22","49851002"
"chr5","43316600","43316911","chr2","10254529","10254833","73","33062071"
"chr5","43322142","43322447","chr1","68129387","68129693","54","24807245"
"chr5","43329842","43329986","chr16","66020855","66020997","12","22691013"
"chr5","43330260","43330398","chr16","66021287","66021421","9","22691027"
"chr5","43332199","43332483","chr28","16856842","16857125","62","26475357"
"chr5","43401830","43402144","chr11","117408717","117409024","71","74006887"
"chr5","43434295","43434426","chr16","66132176","66132305","18","22697881"
"chr5","43436352","43436711","chr10","55276591","55276945","83","11840239"
"chr5","43442792","43442920","chr6","29913476","29913603","33","13529316"
"chr5","43443514","43443643","chr4","16501168","16501307","26","26942346"
"chr5","43457889","43458158","chr16","66155186","66155452","30","22697297"
"chr5","43474037","43474214","chr1","64080714","64080887","29","20606677"
"chr5","43474525","43474661","chr20","10302401","10302535","22","33172124"
"chr5","43474985","43475300","chr16","66170215","66170497","63","22695230"
"chr5","43479141","43479436","chr11","7174533","7174828","53","36304608"
"chr5","43491460","43491726","chr16","66178798","66179057","19","22687338"
"chr5","43497135","43497418","chr16","66184709","66185005","40","22687574"
"chr5","43518355","43518652","chr16","66206324","66206615","21","22687969"
"chr5","43523589","43523808","chr20","119873803","119874003","60","76350214"
"chr5","43524099","43524244","chr20","24445278","24445429","26","19078821"
"chr5","43528061","43528201","chr8","68545076","68545209","22","25017015"
"chr5","43550926","43551183","chr6","2072246","2072487","54","41478680"
"chr5","43584233","43584408","chr24","54109231","54109410","39","10524998"
"chr5","43599168","43599429","chr26","7677060","7677312","62","35922108"
"chr5","43624713","43625023","chr16","66308480","66308783","19","22683767"
"chr5","43634555","43634854","chr16","66317298","66317594","22","22682743"
"chr5","43641504","43641768","chr16","66324654","66324949","40","22683150"
"chr5","43643571","43643814","chr5","17118110","17118350","48","26525461"
"chr5","43657216","43657510","chr9","124189309","124189600","54","80532093"
"chr5","43669891","43670176","chr16","66349645","66349929","20","22679754"
"chr5","43702361","43702643","chr16","66382886","66383180","26","22680525"
"chr5","43706774","43706988","chr16","66387287","66387497","19","22680513"
"chr5","43733012","43733306","chr16","66414270","66414571","27","22681258"
"chr5","43736536","43736846","chr16","66417666","66417950","42","22681130"
"chr5","43739197","43739351","chr16","69063896","69064041","29","25324699"
"chr5","43739391","43739509","chr4","60789799","60789915","16","17050408"
"chr5","43756937","43757248","chr16","66437773","66438084","21","22680836"
"chr5","43760776","43761080","chr16","66441494","66441804","24","22680718"
"chr5","43840454","43840728","chr15","11442069","11442312","73","32398385"
"chr5","43916062","43916346","chr16","66581644","66581930","29","22665582"
"chr5","43964775","43965068","chr16","66647830","66648121","35","22683055"
"chr5","43994481","43994632","chr16","66680194","66680335","17","22685713"
"chr5","43995491","43995681","chr16","66681222","66681420","26","22685731"
"chr5","43996183","43996440","chr18","22474747","22475004","64","21521436"
"chr5","43998549","43998727","chr16","66684602","66684787","24","22686053"
"chr5","43999039","43999140","chr16","66685101","66685206","15","22686062"
"chr5","44005616","44005887","chr13","36915926","36916208","77","7089690"
"chr5","44008977","44009245","chr14","69215913","69216188","59","25206936"
"chr5","44024625","44024907","chr20","106936398","106936679","69","62911773"
"chr5","44055079","44055412","chr16","66741881","66742204","26","22686802"
"chr5","44068941","44069107","chr4","68027124","68027291","45","23958183"
"chr5","44069163","44069287","chr5","63226304","63226430","19","19157141"
"chr5","44093028","44093139","chr6","16558548","16558660","21","27534480"
"chr5","44097041","44097340","chr12","26204400","26204703","51","17892641"
"chr5","44100715","44101007","chr24","13364427","13364721","57","30736288"
"chr5","44102127","44102415","chr20","19851874","19852150","68","24250253"
"chr5","44105010","44105192","chr16","66782376","66782556","7","22677366"
"chr5","44105193","44105499","chr16","66782557","66782853","30","22677364"
"chr5","44105500","44105621","chr16","66782854","66782974","32","22677354"
"chr5","44107004","44107142","chr16","66790399","66790537","12","22683395"
"chr5","44108165","44108292","chr16","66791252","66791359","23","22683087"
"chr5","44115068","44115345","chr11","3237916","3238202","70","40877152"
"chr5","44116609","44116908","chr16","66801241","66801539","18","22684632"
"chr5","44121174","44121481","chr16","66806106","66806391","32","22684932"
"chr5","44123504","44123598","chrX","63889166","63889250","25","19765662"
"chr5","44137033","44137146","chr16","66824161","66824270","9","22687128"
"chr5","44139282","44139595","chr16","66826283","66826592","23","22687001"
"chr5","44146193","44146389","chr16","66833602","66833800","11","22687409"
"chr5","44147924","44148177","chr16","66835376","66835639","54","22687452"
"chr5","44154010","44154294","chr8","98215824","98216113","56","54061814"
"chr5","44154940","44155246","chr16","66840673","66840981","23","22685733"
"chr5","44157219","44157473","chr16","66842846","66843087","26","22685627"
"chr5","44164224","44164339","chr16","66849839","66849956","12","22685615"
"chr5","44175590","44175823","chr12","6615994","6616227","62","37559596"
"chr5","44175957","44176055","chr6","15936840","15936929","27","28239117"
"chr5","44177951","44178086","chr16","66863593","66863728","8","22685642"
"chr5","44178397","44178533","chr16","66864022","66864158","9","22685625"
"chr5","44179516","44179817","chr16","66865141","66865443","32","22685625"
"chr5","44181300","44181436","chr5","22058741","22058877","24","22122559"
"chr5","44181740","44181892","chr7","84345282","84345432","31","40163542"
"chr5","44182216","44182368","chr12","7621655","7621813","30","36560561"
"chr5","44182670","44182806","chr9","5959460","5959595","25","38223210"
"chr5","44185393","44185686","chr16","66871762","66872084","50","22686369"
"chr5","44185727","44186008","chr19","20810534","20810818","65","23375193"
"chr5","44193230","44193517","chr5","69933160","69933446","63","25739930"
"chr5","44204569","44204864","chrX","8486738","8487040","59","35717831"
"chr5","44209818","44209910","chr27","46887862","46887944","21","2678044"
"chr5","44296367","44296636","chr11","27525079","27525334","66","16771288"
"chr5","44298429","44298614","chr16","66906683","66906879","15","22608254"
"chr5","44298914","44299047","chr2","32478101","32478233","22","11820813"
"chr5","44319911","44320207","chr12","29614212","29614507","63","14705699"
"chr5","44334735","44334854","chr16","67019621","67019747","12","22684886"
"chr5","44342276","44342578","chr16","67026994","67027291","27","22684718"
"chr5","44347018","44347148","chr16","67032179","67032312","17","22685161"
"chr5","44349610","44349915","chr16","67038298","67038603","23","22688688"
"chr5","44353064","44353368","chr16","67041777","67042081","15","22688713"
"chr5","44359216","44359503","chr2","1314642","1314929","54","43044574"
"chr5","44370002","44370315","chr16","67056159","67056455","38","22686157"
"chr5","44379081","44379373","chr16","67065512","67065789","31","22686431"
"chr5","44380338","44380643","chr16","67066767","67067033","65","22686429"
"chr5","44390473","44390786","chr16","67075484","67075800","26","22685011"
"chr5","44407321","44407634","chr16","67093064","67093361","43","22685743"
"chr5","44410532","44410816","chr16","67096207","67096459","49","22685675"
"chr5","44414465","44414764","chr16","67100187","67100470","35","22685722"
"chr5","44426009","44426139","chr16","67108616","67108747","6","22682607"
"chr5","44428305","44428614","chr22","47302382","47302689","58","2874077"
"chr5","44438140","44438298","chr16","67119706","67119870","20","22681566"
"chr5","44438601","44438732","chr16","67120143","67120272","7","22681542"
"chr5","44439732","44440013","chr16","67121135","67121426","36","22681403"
"chr5","44449562","44449808","chr16","67157752","67157998","16","22708190"
"chr5","44478436","44478736","chr16","67184959","67185250","26","22706523"
"chr5","44490170","44490454","chr24","51893398","51893685","55","7403228"
"chr5","44492683","44492989","chr16","67199532","67199838","17","22706849"
"chr5","44536934","44537219","chr16","67240917","67241211","39","22703983"
"chr5","44540484","44540748","chr16","67244468","67244721","39","22703984"
"chr5","44545553","44545628","chr8","93215026","93215097","16","48669473"
"chr5","44545938","44546105","chrX","110282214","110282379","40","65736276"
"chr5","44546122","44546415","chr16","67249878","67250173","20","22703756"
"chr5","44563923","44564053","chr16","67261518","67261648","8","22697595"
"chr5","44573949","44574068","chr1","120798422","120798537","19","76224473"
"chr5","44574340","44574554","chr12","41311126","41311328","43","3263214"
"chr5","44586107","44586406","chr16","67284255","67284549","33","22698148"
"chr5","44588492","44588802","chr16","67286639","67286959","24","22698147"
"chr5","44589810","44590101","chr16","67287958","67288254","27","22698148"
"chr5","44610644","44610905","chr1","105159771","105160012","72","60549127"
"chr5","44676145","44676455","chr3","77353149","77353455","55","32677004"
"chr5","44684920","44685218","chr24","8106406","8106703","60","36578514"
"chr5","44687095","44687217","chr16","67385512","67385634","5","22698417"
"chr5","44688713","44688997","chr14","34935953","34936236","66","9752760"
"chr5","44705733","44705913","chrX","109381970","109382143","37","64676237"
"chr5","44706169","44706301","chr9","43899540","43899673","17","806629"
"chr5","44707542","44707815","chr2","36181784","36182050","61","8525758"
"chr5","44710296","44710425","chr16","67409341","67409470","6","22699045"
"chr5","44717489","44717767","chrX","18306748","18307033","55","26410741"
"chr5","44719296","44719596","chr16","67419394","67419690","22","22700098"
"chr5","44722836","44723117","chr1","18610357","18610639","57","26112479"
"chr5","44819385","44819678","chr7","33462467","33462761","61","11356918"
"chr5","44834567","44834883","chr13","22141227","22141526","72","22693340"
"chr5","44836394","44836564","chr6","42438846","42439014","37","2397548"
"chr5","44836892","44836914","chr1","7925046","7925059","11","36911846"
"chr5","44837197","44837330","chr16","67526396","67526522","13","22689199"
"chr5","44841136","44841440","chr16","67530599","67530909","35","22689463"
"chr5","44841448","44841631","chr2","56350389","56350567","35","11508941"
"chr5","44842826","44842944","chr1","120798422","120798537","18","75955596"
"chr5","44843241","44843421","chr18","67764875","67765051","43","22921634"
"chr5","44851304","44851598","chr5","69933160","69933446","64","25081856"
"chr5","44862724","44862979","chr8","27025159","27025411","58","17837565"
"chr5","44865978","44866294","chr16","67555576","67555893","25","22689598"
"chr5","44872371","44872502","chr14","21806073","21806204","19","23066298"
"chr5","44879958","44880261","chr23","44959476","44959771","64","79518"
"chr5","44890620","44890786","chr28","8951712","8951875","39","35938908"
"chr5","44891103","44891232","chr12","30134259","30134392","25","14756844"
"chr5","44891984","44892162","chr8","88736228","88736404","37","43844244"
"chr5","44898520","44898857","chr6","33828642","33828951","85","11069878"
"chr5","44904529","44904653","chr16","67580564","67580687","10","22676035"
"chr5","44935770","44936072","chr27","24370353","24370648","66","20565417"
"chr5","44949286","44949535","chr6","651494","651732","61","44297792"
"chr5","44976374","44976483","chr6","47674924","47675034","15","2698550"
"chr5","44980637","44980924","chrX","109610974","109611268","59","64630337"
"chr5","45003411","45003718","chr9","56098595","56098902","60","11095184"
"chr5","45005234","45005537","chr9","56098595","56098902","63","11093361"
"chr5","45006415","45006613","chr16","67676006","67676203","11","22669591"
"chr5","45007429","45007702","chr16","67677357","67677636","22","22669928"
"chr5","45016448","45016748","chr11","104120287","104120586","60","59103839"
"chr5","45029597","45029888","chr25","18114740","18115019","65","26914857"
"chr5","45031749","45032044","chr25","18114740","18115019","64","26917009"
"chr5","45036354","45036623","chr11","116495701","116495963","62","71459347"
"chr5","45036651","45036683","chrX","18515090","18515119","8","26521561"
"chr5","45081651","45081910","chr7","97462094","97462349","60","52380443"
"chr5","45081913","45082128","chr21","99788496","99788717","43","54706583"
"chr5","45083667","45083960","chr16","67743635","67743917","26","22659968"
"chr5","45099198","45099254","chr24","24414800","24414858","15","20684398"
"chr5","45101617","45101779","chr24","66557881","66558040","36","21456264"
"chr5","45102074","45102215","chr16","67758223","67758366","12","22656149"
"chr5","45121431","45121628","chr16","67777290","67777491","26","22655859"
"chr5","45122409","45122607","chr14","64139398","64139594","39","19016989"
"chr5","45126340","45126396","chr7","115888700","115888757","20","70762360"
"chr5","45143578","45143877","chr5","8255330","8255623","60","36888248"
"chr5","45145717","45145953","chr16","67802193","67802442","24","22656476"
"chr5","45154468","45154759","chr16","67818172","67818462","22","22663704"
"chr5","45157328","45157622","chr12","13149213","13149510","63","32008115"
"chr5","45169571","45169870","chr16","67841516","67841828","30","22671945"
"chr5","45178768","45178903","chr2","16215175","16215306","32","28963593"
"chr5","45178904","45179209","chr16","67850869","67851167","42","22671965"
"chr5","45203696","45204019","chr16","67876765","67877087","25","22673069"
"chr5","45206479","45206745","chrX","63616293","63616569","70","18409814"
"chr5","45209572","45209705","chr18","30347134","30347266","20","14862438"
"chr5","45211185","45211381","chr13","86280300","86280485","46","41069115"
"chr5","45215190","45215473","chr22","33245244","33245526","56","11969946"
"chr5","45221573","45221857","chr16","67884163","67884451","27","22662590"
"chr5","45272287","45272394","chr21","66003971","66004077","16","20731684"
"chr5","45301285","45301584","chr16","67965573","67965866","25","22664288"
"chr5","45309551","45309851","chr7","42257512","42257812","64","3052039"
"chr5","45350384","45350621","chr5","43066745","43066978","57","2283639"
"chr5","45354580","45354711","chr16","31605736","31605868","10","13748844"
"chr5","45421619","45421923","chr20","112495489","112495789","54","67073870"
"chr5","45434362","45434500","chr16","21489835","21489965","18","23944527"
"chr5","45491386","45491701","chr9","21402978","21403293","32","24088408"
"chr5","45493276","45493388","chr1","109948378","109948499","29","64455102"
"chr5","45496228","45496519","chrX_KE148108v1_random","1020209","1020503","57","44476019"
"chr5","45496806","45497113","chr26","46295772","46296068","77","798966"
"chr5","45507976","45508204","chr11","116147535","116147754","51","70639559"
"chr5","45508572","45508791","chrX","45203839","45204056","45","304733"
"chr5","45511850","45512103","chr11","112184008","112184256","64","66672158"
"chr5","45523006","45523223","chr15","51083673","51083886","47","5560667"
"chr5","45549247","45549503","chr16","29960037","29960330","57","15589210"
"chr5","45566154","45566427","chr16","29977196","29977467","21","15588958"
"chr5","45579962","45580181","chr16","29987892","29988111","15","15592070"
"chr5","45601725","45601997","chr16","30009467","30009740","20","15592258"
"chr5","45623950","45624241","chr25","26510915","26511216","65","19113035"
"chr5","45637532","45637830","chr16","30045633","30045931","20","15591899"
"chr5","45654625","45654705","chr8","36159620","36159701","18","9495005"
"chr5","45654750","45654917","chr28","9891403","9891565","34","35763347"
"chr5","45666636","45666938","chr16","30074400","30074710","24","15592236"
"chr5","45718568","45718869","chr11","30653578","30653887","60","15064990"
"chr5","45726280","45726585","chr16","30133833","30134131","22","15592447"
"chr5","45744749","45745069","chr16","30154084","30154381","40","15590665"
"chr5","45753265","45753568","chr20","105379247","105379534","65","59625982"
"chr5","45761011","45761208","chr16","30169899","30170121","46","15591112"
"chr5","45773257","45773569","chr16","30182438","30182737","32","15590819"
"chr5","45793015","45793256","chr16","30203114","30203320","43","15589901"
"chr5","45814088","45814350","chr16","30224250","30224513","22","15589838"
"chr5","45840675","45840953","chr16","30251704","30251982","19","15588971"
"chr5","45848466","45848755","chr16","30259514","30259813","35","15588952"
"chr5","45855038","45855258","chr5","59873278","59873474","74","14018240"
"chr5","45859983","45860300","chr5","36085977","36086277","67","9774006"
"chr5","45891003","45891288","chr16","30300256","30300555","45","15590747"
"chr5","45898583","45898885","chr19","13096889","13097191","65","32801694"
"chr5","45908987","45909268","chr16","30317790","30318052","31","15591197"
"chr5","45910561","45910692","chr17","30140090","30140219","25","15770471"
"chr5","45913935","45914069","chr20","10302401","10302535","26","35611534"
"chr5","45914365","45914565","chr28","17790039","17790239","43","28124326"
"chr5","45924297","45924518","chr16","30333461","30333679","16","15590836"
"chr5","45956501","45956759","chr12","44314541","44314793","62","1641960"
"chr5","45979313","45979470","chr20","92446172","92446326","33","46466859"
"chr5","45981829","45982102","chr20","33573104","33573378","64","12408725"
"chr5","45993741","45994034","chr16","30418844","30419135","17","15574897"
"chr5","46000117","46000225","chr25","3798423","3798533","19","42201694"
"chr5","46008318","46008625","chr16","30433717","30434027","35","15574601"
"chr5","46009148","46009441","chr14","38971350","38971637","55","7037798"
"chr5","46011429","46011539","chr16","30436987","30437104","10","15574442"
"chr5","46012899","46013215","chr16","30438789","30439099","35","15574110"
"chr5","46025976","46026189","chr16","30455036","30455251","18","15570940"
"chr5","46032383","46032555","chr16","31017649","31017819","32","15014734"
"chr5","46035056","46035174","chr16","30464028","30464146","4","15571028"
"chr5","46039848","46040138","chr16","30468716","30469014","23","15571132"
"chr5","46057064","46057351","chr2","58980970","58981271","66","12923906"
"chr5","46062168","46062295","chr16","30487641","30487767","5","15574527"
"chr5","46068459","46068704","chr16","30493887","30494141","27","15574572"
"chr5","46125880","46126189","chr16","30546645","30546949","31","15579235"
"chr5","46183777","46184077","chr8","36507700","36508002","57","9676077"
"chr5","46202801","46203098","chr16","30623764","30624059","20","15579037"
"chr5","46209575","46209878","chr16","30630496","30630800","23","15579079"
"chr5","46214423","46214715","chr16","30635697","30635992","32","15578726"
"chr5","46217946","46218160","chr6","42661492","42661711","44","3556454"
"chr5","46218454","46218546","chr2","581553","581647","17","45636901"
"chr5","46232012","46232140","chr3","6799055","6799185","19","39432957"
"chr5","46253935","46254157","chr16","30675718","30675942","22","15578217"
"chr5","46263212","46263517","chr12","40601683","40601983","60","5661529"
"chr5","46264452","46264526","chr16","30686211","30686285","3","15578241"
"chr5","46293307","46293609","chr5","19764397","19764689","62","26528910"
"chr5","46295085","46295377","chr16","30709699","30709990","17","15585386"
"chr5","46295652","46296031","chr26","18668763","18669121","121","27626889"
"chr5","46296942","46297206","chr17","29885463","29885717","69","16411479"
"chr5","46297316","46297636","chr17","35306470","35306782","55","10990846"
"chr5","46300557","46300688","chr11","53272326","53272456","27","6971769"
"chr5","46300999","46301154","chr5","224037","224184","38","46076962"
"chr5","46309936","46310252","chr2","59695968","59696279","62","13386032"
"chr5","46344027","46344144","chr16","30754674","30754791","13","15589353"
"chr5","46345801","46346121","chr24","55107792","55108100","70","8761991"
"chr5","46365132","46365404","chr16","30775402","30775673","27","15589730"
"chr5","46366483","46366777","chr16","30776729","30777033","32","15589754"
"chr5","46378720","46378975","chr16","30799095","30799313","55","15579625"
"chr5","46379352","46379605","chr16","16779860","16780117","62","29599492"
"chr5","46380907","46381226","chr16","30801234","30801542","26","15579673"
"chr5","46382399","46382747","chr13","58065099","58065425","90","11682700"
"chr5","46393379","46393668","chr16","30816472","30816764","42","15576907"
"chr5","46395262","46395571","chr16","30818344","30818654","27","15576918"
"chr5","46397259","46397375","chr12","98758120","98758228","15","52360861"
"chr5","46398241","46398473","chrX","102882078","102882307","50","56483837"
"chr5","46408096","46408393","chr16","30831646","30831943","15","15576450"
"chr5","46409777","46410096","chr16","30833288","30833598","44","15576489"
"chr5","46442123","46442405","chrX","41723729","41724009","55","4718394"
"chr5","46452349","46452657","chr16","30876166","30876474","16","15576183"
"chr5","46516655","46516952","chr16","30938143","30938445","29","15578512"
"chr5","46528220","46528347","chr16","30950268","30950401","15","15577952"
"chr5","46528992","46529177","chr16","30951041","30951230","12","15577951"
"chr5","46535836","46536137","chr6","28194245","28194544","57","18341591"
"chr5","46536306","46536616","chr11","112427338","112427639","63","65891032"
"chr5","46563592","46563892","chr16","30985629","30985931","28","15577963"
"chr5","46577663","46577949","chr10","118229487","118229777","60","71651824"
"chr5","46578012","46578327","chr20","112914043","112914356","59","66336031"
"chr5","46579731","46580032","chr14","15735196","15735499","29","30844535"
"chr5","46580578","46580874","chrX","48528467","48528761","54","1947889"
"chr5","46585209","46585521","chr16","31006580","31006871","52","15578629"
"chr5","46586424","46586551","chr16","31007775","31007901","11","15578649"
"chr5","46592237","46592368","chr16","31013128","31013255","15","15579109"
"chr5","46596649","46596821","chr16","31017649","31017819","17","15579000"
"chr5","46597109","46597413","chr16","31018126","31018412","51","15578983"
"chr5","46702044","46702339","chr16","31121525","31121808","35","15580519"
"chr5","46716280","46716585","chr14","80297889","80298176","70","33581609"
"chr5","46719049","46719352","chr16","31138078","31138369","51","15580971"
"chr5","46729089","46729358","chr16","31121525","31121808","49","15607564"
"chr5","46744785","46745090","chr14","80297889","80298176","70","33553104"
"chr5","46747554","46747857","chr16","31138078","31138369","51","15609476"
"chr5","46771689","46771804","chr16","31162115","31162230","5","15609574"
"chr5","46782946","46783242","chr2","5751815","5752114","65","41031131"
"chr5","46791973","46792274","chr10","55583844","55584145","62","8791871"
"chr5","46795628","46795912","chr19","10745242","10745522","56","36050386"
"chr5","46815932","46816230","chr16","31206577","31206865","30","15609355"
"chr5","46829516","46829705","chr7","129513271","129513443","38","82683755"
"chr5","46830309","46830427","chr7","19407517","19407637","23","27422792"
"chr5","46861792","46861881","chr16","31265411","31265506","13","15596381"
"chr5","46866237","46866528","chr16","31278528","31278789","66","15587709"
"chr5","46893450","46893735","chr16","31299171","31299454","27","15594279"
"chr5","46910529","46910807","chr19","23751811","23752092","56","23158718"
"chr5","46911011","46911318","chr6","32635146","32635457","68","14275865"
"chr5","46943581","46943696","chr8","9973950","9974067","24","36969631"
"chr5","47011721","47011958","chr9","21367448","21367692","23","25644273"
"chr5","47020323","47020466","chr9","94866758","94866898","39","47846435"
"chr5","47020793","47020959","chr9","27940751","27940899","47","19080042"
"chr5","47141644","47141774","chr16","20843140","20843270","15","26298504"
"chr5","47169464","47169746","chr20","24718513","24718793","62","22450951"
"chr5","47217301","47217592","chr16","29551599","29551894","20","17665702"
"chr5","47225261","47225542","chr6","17664504","17664790","63","29560757"
"chr5","47237667","47237965","chr16","29530511","29530794","33","17707156"
"chr5","47252025","47252314","chrX","17354908","17355199","60","29897117"
"chr5","47260619","47260929","chr18","21490626","21490936","56","25769993"
"chr5","47270684","47270974","chr17","69138018","69138315","57","21867334"
"chr5","47303013","47303313","chr6","28194245","28194544","55","19108768"
"chr5","47339685","47339718","chrX","91006310","91006343","4","43666625"
"chr5","47339755","47339924","chr11","14150630","14150797","32","33189125"
"chr5","47354990","47355113","chr16","29430655","29430769","15","17924335"
"chr5","47367459","47367511","chr16","29418078","29418129","7","17949381"
"chr5","47367818","47367977","chr16","29417601","29417766","14","17950217"
"chr5","47376491","47376799","chr16","29409115","29409418","28","17967376"
"chr5","47402994","47403299","chr28","15141829","15142140","56","32261165"
"chr5","47404971","47405308","chr10","55037160","55037483","95","7632189"
"chr5","47411513","47411657","chr26","31658464","31658607","23","15753049"
"chr5","47411959","47412097","chr17","60565595","60565734","32","13153636"
"chr5","47422165","47422473","chr8","20518208","20518513","52","26903957"
"chr5","47450998","47451263","chr6","38097093","38097365","64","9353905"
"chr5","47454537","47454835","chr5","3860734","3861028","67","43593803"
"chr5","47458313","47458611","chr18","69293191","69293485","63","21834878"
"chr5","47459052","47459364","chr16","29312308","29312586","58","18146744"
"chr5","47467652","47467925","chr16","29303500","29303776","28","18164152"
"chr5","47505844","47506053","chr7","42312037","42312260","48","5193807"
"chr5","47509896","47510105","chr7","42312037","42312260","48","5197859"
"chr5","47514187","47514501","chr16","29264141","29264434","49","18250046"
"chr5","47514930","47515139","chr7","42312037","42312260","48","5202893"
"chr5","47519225","47519560","chr16","29264141","29264434","67","18255084"
"chr5","47534175","47534487","chr24","52697151","52697455","58","5162976"
"chr5","47547224","47547434","chr16","29234759","29234943","39","18312465"
"chr5","47561263","47561551","chr16","29220109","29220392","20","18341154"
"chr5","47568424","47568546","chr16","29213100","29213219","13","18355324"
"chr5","47586167","47586290","chr16","29194343","29194467","7","18391824"
"chr5","47604090","47604407","chr6","6924468","6924767","79","40679622"
"chr5","47605887","47606227","chr5","70472967","70473288","79","22867080"
"chr5","47611457","47611771","chr22","28054271","28054580","62","19557186"
"chr5","47618591","47618894","chr6","7923044","7923331","61","39695547"
"chr5","47624385","47624695","chr4","16782281","16782588","82","30842104"
"chr5","47628813","47629115","chr12","40601683","40601983","62","7027130"
"chr5","47641709","47641876","chr16","29137518","29137682","16","18504191"
"chr5","47662935","47663211","chr13","64815274","64815556","69","17152339"
"chr5","47690961","47691248","chr16","29088116","29088397","23","18602845"
"chr5","47694447","47694616","chr16","29084574","29084735","21","18609873"
"chr5","47694913","47695059","chr3","9564943","9565083","20","38129970"
"chr5","47701386","47701596","chr19","9223363","9223572","43","38478023"
"chr5","47701867","47702178","chr11","106552039","106552351","56","58850172"
"chr5","47710711","47711018","chr12","40601683","40601983","49","7109028"
"chr5","47733786","47734070","chr20_KE148049v1_random","186964","187241","67","47546822"
"chr5","47741354","47741680","chr16","29034270","29034591","26","18707084"
"chr5","47743522","47743822","chr16","29012132","29012432","26","18731390"
"chr5","47748710","47749034","chr16","29034270","29034591","33","18714440"
"chr5","47757201","47757505","chr1","17348161","17348455","58","30409040"
"chr5","47775041","47775345","chr1","17348161","17348455","56","30426880"
"chr5","47783512","47783836","chr16","29034270","29034591","34","18749242"
"chr5","47788721","47789021","chr16","29012132","29012432","25","18776589"
"chr5","47789801","47789920","chr1","32270875","32270992","18","15518926"
"chr5","47790257","47790430","chr6","6125564","6125729","27","41664693"
"chr5","47850914","47851203","chr24","28247876","28248163","50","19603038"
"chr5","47865308","47865514","chr6","7203850","7204061","52","40661458"
"chr5","47889333","47889579","chr16","28916815","28917090","44","18972518"
"chr5","47891195","47891437","chr16","28915012","28915251","24","18976183"
"chr5","47901402","47901709","chr16","28904021","28904316","23","18997381"
"chr5","47917887","47918159","chr11","118848800","118849060","65","70930913"
"chr5","47923147","47923419","chr16","28875716","28875973","44","19047431"
"chr5","47957756","47958040","chr16","28833451","28833733","14","19124305"
"chr5","47973826","47974101","chr22","51758042","51758320","65","3784216"
"chr5","47976211","47976488","chr25","5591964","5592241","68","42384247"
"chr5","47983914","47984216","chr16","28806354","28806657","17","19177560"
"chr5","47986922","47987168","chr16","28916815","28917090","48","19070107"
"chr5","48031999","48032303","chr16","28765484","28765778","27","19266515"
"chr5","48070563","48070851","chr14","87281794","87282070","58","39211231"
"chr5","48083095","48083221","chr16","28726766","28726903","19","19356329"
"chr5","48083529","48083714","chr16","28726293","28726481","28","19357236"
"chr5","48099910","48100035","chr24","69366806","69366930","20","21266896"
"chr5","48104495","48104715","chr16","28706024","28706253","22","19398471"
"chr5","48113855","48114176","chr12","40601683","40601983","61","7512172"
"chr5","48118270","48118564","chr9","22697379","22697669","58","25420891"
"chr5","48120114","48120295","chr29","3988287","3988463","44","44131827"
"chr5","48130433","48130661","chr5","34433485","34433705","45","13696948"
"chr5","48151927","48152215","chr11","29069580","29069865","70","19082347"
"chr5","48153284","48153593","chr3","11426396","11426692","66","36726888"
"chr5","48154661","48154847","chr6","6742301","6742479","33","41412360"
"chr5","48159570","48159864","chr16","28660962","28661260","29","19498608"
"chr5","48172985","48173292","chr19","21326162","21326460","63","26846823"
"chr5","48174650","48174952","chr16","28645691","28646002","48","19528959"
"chr5","48213460","48213589","chr16","28600157","28600278","13","19613303"
"chr5","48245768","48246051","chr12","34619149","34619433","60","13626619"
"chr5","48266322","48266350","chrX","7915452","7915480","8","40350870"
"chr5","48266351","48266614","chr16","28552081","28552336","24","19714270"
"chr5","48266615","48266723","chr16","28551973","28552077","13","19714642"
"chr5","48272663","48272933","chr6","15341429","15341717","71","32931234"
"chr5","48282677","48282864","chr16","28538202","28538379","23","19744475"
"chr5","48283166","48283301","chr16","28537762","28537897","7","19745404"
"chr5","48308029","48308157","chr8","66380731","66380847","31","18072702"
"chr5","48308466","48308657","chr5","22170910","22171112","41","26137556"
"chr5","48344997","48345123","chr14","3740794","3740919","19","44604203"
"chr5","48379078","48379340","chr16","28449171","28449434","26","19929907"
"chr5","48382554","48382833","chr16","28445621","28445922","33","19936933"
"chr5","48383968","48384262","chr5","38825052","38825343","57","9558916"
"chr5","48395494","48395650","chr19","5483390","5483538","30","42912104"
"chr5","48395705","48395825","chr14","51251172","51251290","20","2855467"
"chr5","48396469","48396583","chr16","28432638","28432757","9","19963831"
"chr5","48404149","48404459","chr1","112237991","112238302","51","63833842"
"chr5","48445066","48445359","chr16","28395301","28395594","18","20049765"
"chr5","48512985","48513299","chr16","28324720","28325039","34","20188265"
"chr5","48648432","48648738","chr16","28190200","28190500","38","20458232"
"chr5","48687708","48688012","chr16","28146815","28147130","37","20540893"
"chr5","48711666","48711966","chr14","67949514","67949823","59","19237848"
"chr5","48735208","48735470","chr11","115900535","115900777","68","67165327"
"chr5","48736854","48736989","chr17","50530184","50530323","27","1793330"
"chr5","48738511","48738819","chr16","28095220","28095526","22","20643291"
"chr5","48781228","48781513","chr16","28053470","28053758","29","20727758"
"chr5","48822089","48822382","chr11","29069580","29069865","57","19752509"
"chr5","48941654","48941913","chr16","27897155","27897420","29","21044499"
"chr5","48944720","48945011","chr16","27894047","27894348","27","21050673"
"chr5","48966184","48966302","chr2","59762260","59762382","26","10796076"
"chr5","49075770","49076060","chr24","28247876","28248163","62","20827894"
"chr5","49120386","49120576","chr11","106493426","106493613","40","57373040"
"chr5","49120626","49120738","chr18","30186654","30186770","17","18933972"
"chr5","49189147","49189437","chr16","27678836","27679132","33","21510311"
"chr5","49250706","49251002","chr12","42817502","42817783","70","6433204"
"chr5","49260833","49261113","chr7","31131455","31131726","60","18129378"
"chr5","49315190","49315488","chrX","17354908","17355199","63","31960282"
"chr5","49345212","49345503","chr16","27550356","27550639","27","21794856"
"chr5","49493264","49493576","chr15","64611902","64612212","58","15118638"
"chr5","49502211","49502500","chr16","27394952","27395245","29","22107259"
"chr5","49527182","49527497","chr23","39850978","39851289","69","9676204"
"chr5","49587043","49587344","chr22","1666435","1666739","56","47920608"
"chr5","49603515","49603607","chr16","27290568","27290660","7","22312947"
"chr5","49642160","49642463","chr16","27254880","27255181","24","22387280"
"chr5","49644766","49645052","chr16","27252070","27252360","24","22392696"
"chr5","49653517","49653681","chr16","17805583","17805747","31","31847934"
"chr5","49709804","49709930","chr16","27187242","27187366","6","22522562"
"chr5","49732079","49732211","chr16","27164103","27164234","9","22567976"
"chr5","49753879","49754059","chr22","67075083","67075256","35","17321204"
"chr5","49754097","49754197","chr11","8481841","8481935","21","41272256"
"chr5","49857697","49857966","chr15","77561235","77561516","66","27703538"
"chr5","49938922","49939228","chr16","26972627","26972937","29","22966295"
"chr5","50026379","50026676","chr10","19216167","19216462","59","30810212"
"chr5","50066241","50066572","chr5","25721440","25721766","80","24344801"
"chr5","50101041","50101186","chr23","62467748","62467885","37","12366707"
"chr5","50127805","50128096","chr16","26786100","26786386","39","23341705"
"chr5","50147563","50147880","chr16","26766404","26766695","52","23381159"
"chr5","50264068","50264368","chr25","50491582","50491883","53","227514"
"chr5","50293283","50293575","chr2","14092729","14093034","65","36200554"
"chr5","50316089","50316373","chr2","57851514","57851800","65","7535425"
"chr5","50333937","50334233","chr11","7771853","7772147","52","42562084"
"chr5","50344856","50345118","chr9","57231645","57231909","69","6886789"
"chr5","50347043","50347242","chr28","14623595","14623797","40","35723448"
"chr5","50348467","50348574","chr21","66003971","66004077","17","15655504"
"chr5","50386902","50387213","chr20","88100516","88100832","57","37713614"
"chr5","50394401","50394698","chr16","26513579","26513871","24","23880822"
"chr5","50414643","50414944","chr16","26492783","26493066","36","23921860"
"chr5","50475787","50476104","chr16","26438180","26438502","26","24037607"
"chr5","50486801","50487135","chr23","65872669","65872985","89","15385868"
"chr5","50497926","50498054","chr16","26422767","26422888","17","24075159"
"chr5","50524718","50525018","chr16","26396264","26396548","39","24128454"
"chr5","50526995","50527277","chr16","26393988","26394281","19","24133007"
"chr5","50562441","50562713","chr25","50483411","50483686","58","79030"
"chr5","50563478","50563729","chr9","96088325","96088569","55","45524847"
"chr5","50565188","50565425","chr8","20604934","20605154","56","29960254"
"chr5","50670050","50670356","chr16","26252247","26252542","35","24417803"
"chr5","50730690","50730827","chr3","16872120","16872262","37","33858570"
"chr5","50738686","50738990","chr16","26195140","26195452","29","24543546"
"chr5","50753752","50754042","chr8","124610123","124610410","58","73856371"
"chr5","50769101","50769366","chr16","26163477","26163760","60","24605624"
"chr5","50785041","50785323","chr16","26140633","26140922","20","24644408"
"chr5","50792847","50793138","chr16","26132703","26132995","17","24660144"
"chr5","50795987","50796295","chr16","26129858","26130155","31","24666129"
"chr5","50806974","50807268","chr6","24575259","24575558","58","26231715"
"chr5","50818749","50819027","chr27","47987537","47987817","68","2831212"
"chr5","50822545","50822839","chr16","26103713","26104000","35","24718832"
"chr5","50831128","50831439","chr2","59695968","59696279","62","8864840"
"chr5","50835252","50835542","chr16","26092493","26092785","28","24742759"
"chr5","50843927","50844232","chr28","10732928","10733237","56","40110999"
"chr5","50865224","50865511","chr8","135696085","135696367","77","84830861"
"chr5","50870741","50871019","chr16","26069182","26069458","21","24801559"
"chr5","50874453","50874771","chr16","26054788","26055104","25","24819665"
"chr5","50920890","50921247","chr16","26006305","26006671","40","24914585"
"chr5","50922614","50922901","chr16","26004570","26004856","17","24918044"
"chr5","50931655","50931808","chr11","115483699","115483849","29","64552044"
"chr5","50932099","50932240","chr13","65669620","65669764","23","14737521"
"chr5","50944974","50945130","chr13","33912684","33912848","50","17032290"
"chr5","50948652","50948950","chr2","36027441","36027733","77","14921211"
"chr5","50952499","50952794","chr16","25982067","25982384","39","24970432"
"chr5","50962110","50962405","chr9","86216102","86216401","62","35253992"
"chr5","50974127","50974361","chr16","25973822","25974014","55","25000305"
"chr5","50983154","50983454","chr28","11571545","11571852","61","39411609"
"chr5","51001217","51001489","chr13","62946043","62946324","66","11944826"
"chr5","51010475","51010769","chr11","104306588","104306879","69","53296113"
"chr5","51012588","51012845","chr16","25928434","25928704","39","25084154"
"chr5","51018674","51018967","chr16","25921909","25922200","31","25096765"
"chr5","51024911","51025038","chr16","25915938","25916060","14","25108973"
"chr5","51032134","51032355","chr14","41847419","41847630","46","9184715"
"chr5","51034273","51034568","chr24","55401975","55402268","56","4367702"
"chr5","51039051","51039347","chr16","25901951","25902247","22","25137100"
"chr5","51055014","51055317","chr12","40601683","40601983","60","10453331"
"chr5","51058459","51058732","chr16","25882917","25883190","13","25175542"
"chr5","51059365","51059675","chr6","41118210","41118517","51","9941155"
"chr5","51089523","51089817","chr16","25851724","25852019","18","25237799"
"chr5","51096965","51097100","chr2","79749346","79749478","24","28652381"
"chr5","51117030","51117326","chr6","50474654","50474950","59","642376"
"chr5","51125787","51126068","chr16","25814672","25814960","29","25311115"
"chr5","51144248","51144411","chr16","25800998","25801165","24","25343250"
"chr5","51150453","51150742","chr16","25793296","25793586","15","25357157"
"chr5","51151414","51151516","chr1","284019","284120","19","50867395"
"chr5","51175216","51175528","chr12","40601683","40601983","63","10573533"
"chr5","51184841","51185090","chr16","25764267","25764520","20","25420574"
"chr5","51185743","51186055","chr16","25763635","25763941","23","25422108"
"chr5","51186672","51186823","chr2","87442321","87442473","33","36255649"
"chr5","51190788","51190964","chr1","99962073","99962258","43","48771285"
"chr5","51206111","51206403","chr16","25747667","25747957","22","25458444"
"chr5","51218063","51218362","chr9","95978837","95979118","54","44760774"
"chr5","51221766","51222058","chr16","25735659","25735961","29","25486107"
"chr5","51229407","51229694","chr7","70951768","70952052","58","19722361"
"chr5","51235490","51235784","chr16","25718046","25718320","41","25517444"
"chr5","51236806","51236970","chr16","25716862","25717025","15","25519944"
"chr5","51297150","51297424","chr2","60515693","60515978","61","9218543"
"chr5","51298565","51298883","chr6","12892207","12892525","30","38406358"
"chr5","51308936","51309237","chr10","76220349","76220648","57","24911413"
"chr5","51371193","51371497","chr20","115787392","115787689","61","64416199"
"chr5","51375436","51375741","chr16","60815553","60815853","36","9440117"
"chr5","51376285","51376593","chr16","60815553","60815853","37","9439268"
"chr5","51378229","51378386","chr16","60817765","60817926","12","9439536"
"chr5","51409529","51409820","chr16","25446709","25447003","29","25962820"
"chr5","51418764","51419055","chr10","58947915","58948203","73","7529151"
"chr5","51429764","51429956","chr22","57870947","57871144","55","6441183"
"chr5","51434682","51434967","chr16","25426908","25427197","27","26007774"
"chr5","51435251","51435544","chr16","25428269","25428556","26","26006982"
"chr5","51436596","51436881","chr16","25426908","25427197","26","26009688"
"chr5","51444958","51445169","chr2","13797004","13797211","57","37647954"
"chr5","51464943","51465156","chr20","92890111","92890312","52","41425168"
"chr5","51485332","51485684","chr16","25380158","25380500","37","26105174"
"chr5","51502497","51502796","chr16","25363606","25363905","20","26138891"
"chr5","51517435","51517743","chr16","25347631","25347929","29","26169804"
"chr5","51520645","51520958","chr8","93067883","93068179","72","41547238"
"chr5","51525132","51525366","chr2","79470024","79470261","54","27944892"
"chr5","51528380","51528677","chr16","25336560","25336838","43","26191820"
"chr5","51559295","51559586","chr16","43555299","43555598","51","8003996"
"chr5","51562568","51562696","chr16","25300789","25300917","10","26261779"
"chr5","51570303","51570606","chr22","33313104","33313408","58","18257199"
"chr5","51582283","51582615","chr16","25282065","25282401","29","26300218"
"chr5","51597131","51597436","chr16","25263407","25263706","33","26333724"
"chr5","51627534","51627854","chr20","56008416","56008717","93","4380882"
"chr5","51637254","51637514","chr16","25215213","25215517","61","26422041"
"chr5","51640985","51641296","chr16","25211418","25211737","28","26429567"
"chr5","51652088","51652393","chr11","88861630","88861938","68","37209542"
"chr5","51674902","51675165","chr29","2865754","2866013","58","48809148"
"chr5","51689191","51689499","chr16","25169436","25169728","34","26519755"
"chr5","51699379","51699633","chr16","25151318","25151552","27","26548061"
"chr5","51714521","51714694","chr6","2105468","2105636","42","49609053"
"chr5","51714969","51715102","chr3","18801623","18801754","27","32913346"
"chr5","51764323","51764630","chr2","58243085","58243387","57","6478762"
"chr5","51767440","51767739","chr10","62864947","62865247","48","11097507"
"chr5","51802583","51802894","chr16","25042978","25043277","27","26759605"
"chr5","51805892","51806020","chr6","40139220","40139343","32","11666672"
"chr5","51806324","51806487","chr6","24869669","24869833","43","26936655"
"chr5","51819588","51819740","chr16","25026010","25026162","7","26793578"
"chr5","51819741","51820044","chr16","25025706","25026009","17","26794035"
"chr5","51820045","51820056","chrX_KE148125v1_random","2377","2388","1","51817668"
"chr5","51828198","51828464","chr2","24110013","24110273","65","27718185"
"chr5","51834513","51834646","chr27","10118238","10118368","20","41716275"
"chr5","51838356","51838624","chr18","9485566","9485826","67","42352790"
"chr5","51851812","51852097","chr16","24994252","24994537","13","26857560"
"chr5","51857136","51857307","chr6","33937289","33937455","36","17919847"
"chr5","51890786","51891077","chr20","89587122","89587415","61","37696336"
"chr5","51899056","51899162","chrX","17406065","17406173","21","34492991"
"chr5","51899869","51900185","chr16","24946153","24946442","56","26953716"
"chr5","51914438","51914727","chr16","24932691","24933003","45","26981747"
"chr5","51916629","51916925","chr16","24930480","24930787","32","26986149"
"chr5","51934610","51934925","chr16","24912684","24912973","43","27021926"
"chr5","51938133","51938452","chr16","24909097","24909415","20","27029036"
"chr5","51939463","51939775","chr16","24907761","24908071","65","27031702"
"chr5","51952891","51953181","chr16","24894976","24895264","21","27057915"
"chr5","51965878","51966171","chr5","17983640","17983937","57","33982238"
"chr5","51967559","51967848","chr16","24879745","24880048","31","27087814"
"chr5","51970032","51970317","chr16","24877308","24877588","28","27092724"
"chr5","52040637","52040935","chr25","48235927","48236226","50","3804710"
"chr5","52067710","52067912","chr21","34808281","34808476","60","17259429"
"chr5","52094198","52094488","chr6","49183773","49184058","65","2910425"
"chr5","52095314","52095470","chr1","6882374","6882537","40","45212940"
"chr5","52109930","52110197","chr20","12608322","12608583","80","39501608"
"chr5","52112284","52112401","chrX","17783460","17783576","18","34328824"
"chr5","52215561","52215824","chr16","24634615","24634880","26","27580946"
"chr5","52247698","52247987","chr5","69272345","69272634","52","17024647"
"chr5","52248027","52248042","chr11","118882576","118882589","3","66634549"
"chr5","52264544","52264865","chr16","24593337","24593639","41","27671207"
"chr5","52273168","52273294","chr16","24585231","24585344","22","27687937"
"chr5","52287736","52287988","chr16","24575410","24575662","15","27712326"
"chr5","52289773","52290029","chr16","24575410","24575662","49","27714363"
"chr5","52297961","52298247","chr9","26172232","26172524","60","26125729"
"chr5","52302302","52302587","chr11","104479228","104479515","60","52176926"
"chr5","52309779","52310064","chr20","14099607","14099891","55","38210172"
"chr5","52313126","52313249","chr8","96378038","96378162","17","44064912"
"chr5","52322590","52322884","chr16","24549280","24549563","28","27773310"
"chr5","52323806","52324114","chr16","24548054","24548363","19","27775752"
"chr5","52357878","52358134","chr1","47072437","47072695","53","5285441"
"chr5","52361549","52361864","chr16","24517068","24517374","28","27844481"
"chr5","52381154","52381403","chr16","53374945","53375210","34","993791"
"chr5","52400810","52401106","chr17","2666579","2666868","62","49734231"
"chr5","52418630","52418747","chr16","25700161","25700277","8","26718469"
"chr5","52448639","52448758","chr3","7747914","7748037","20","44700725"
"chr5","52454970","52455095","chr16","25668207","25668332","8","26786763"
"chr5","52460016","52460304","chr1","32435723","32436017","57","20024293"
"chr5","52462865","52463006","chr16","25656553","25656695","7","26806312"
"chr5","52463620","52463801","chr16","25655766","25655944","8","26807854"
"chr5","52467300","52467433","chr16","25652645","25652780","9","26814655"
"chr5","52482605","52482924","chr16","25637913","25638206","40","26844692"
"chr5","52491001","52491333","chr16","25629551","25629846","54","26861450"
"chr5","52500021","52500318","chr16","25620478","25620773","15","26879543"
"chr5","52522372","52522657","chr6","4449351","4449645","55","48073021"
"chr5","52532777","52533040","chr1","77923972","77924229","58","25391195"
"chr5","52533046","52533171","chr11","31770778","31770903","19","20762268"
"chr5","52533848","52533982","chr16","25590737","25590862","19","26943111"
"chr5","52537156","52537460","chr11","6952371","6952676","62","45584785"
"chr5","52550422","52550634","chr16","25574752","25574962","14","26975670"
"chr5","52553152","52553434","chr16","25572328","25572610","23","26980824"
"chr5","52556231","52556418","chr16","25559642","25559825","20","26996589"
"chr5","52557399","52557691","chr10","76220349","76220648","63","23662950"
"chr5","52564767","52565092","chr16","25561737","25562043","35","27003030"
"chr5","52570009","52570224","chr16","25554068","25554289","19","27015941"
"chr5","52581413","52581541","chr16","25545698","25545821","13","27035715"
"chr5","52592054","52592189","chr1","46372957","46373089","31","6219097"
"chr5","52593129","52593293","chr7","25221116","25221268","40","27372013"
"chr5","52594251","52594517","chr6","10205768","10206041","63","42388483"
"chr5","52603793","52604128","chr11","121084397","121084739","76","68480604"
"chr5","52610716","52611014","chr12","40601683","40601983","51","12009033"
"chr5","52613711","52613994","chr16","25517805","25518107","36","27095906"
"chr5","52619432","52619581","chr13","14585622","14585766","35","38033810"
"chr5","52619890","52620031","chr23","62467748","62467885","31","9847858"
"chr5","52622669","52622887","chr16","25509160","25509382","20","27113509"
"chr5","52635614","52635910","chr16","25488271","25488573","29","27147343"
"chr5","52638871","52639010","chr16","25485138","25485265","17","27153733"
"chr5","52640437","52640535","chr16","42916776","42916871","25","9723661"
"chr5","52641046","52641275","chr9","58953294","58953525","54","6312248"
"chr5","52660655","52660952","chr16","25444096","25444398","26","27216559"
"chr5","52679331","52679454","chr22","4345524","4345648","22","48333807"
"chr5","52691786","52692076","chr6","12824530","12824824","22","39867256"
"chr5","52696452","52696680","chr9","96678127","96678357","45","43981675"
"chr5","52698194","52698498","chr6","12831157","12831453","39","39867037"
"chr5","52700467","52700761","chr27","40606615","40606901","56","12093852"
"chr5","52703615","52703914","chr12","40601683","40601983","58","12101932"
"chr5","52706068","52706363","chr6","12839689","12839970","28","39866379"
"chr5","52720312","52720613","chr12","103939005","103939299","54","51218693"
"chr5","52724003","52724162","chr6","14643002","14643160","33","38081001"
"chr5","52734157","52734443","chr6","12866430","12866718","27","39867727"
"chr5","52737712","52738009","chr6","12869595","12869893","23","39868117"
"chr5","52740055","52740361","chr7","14940975","14941280","62","37799080"
"chr5","52745101","52745280","chr4","73113672","73113849","35","20368571"
"chr5","52746777","52746926","chr6","12875703","12875852","9","39871074"
"chr5","52748336","52748503","chr6","12878341","12878507","21","39869995"
"chr5","52748802","52748913","chr6","12878789","12878898","7","39870013"
"chr5","52756699","52756866","chr19","20243975","20244146","48","32512724"
"chr5","52774826","52775126","chr10","76220349","76220648","56","23445523"
"chr5","52792376","52792599","chr6","12940092","12940309","25","39852284"
"chr5","52792600","52792677","chr14","80621070","80621144","25","27828470"
"chr5","52792970","52793085","chr5","27531359","27531480","35","25261611"
"chr5","52808998","52809266","chr16","53374945","53375210","22","565947"
"chr5","52812057","52812362","chr16","67128397","67128696","52","14316340"
"chr5","52822722","52822852","chr16","53361384","53361514","14","538662"
"chr5","52839974","52840252","chr24","54921299","54921588","70","2081325"
"chr5","52857996","52858264","chr16","53374945","53375210","67","516949"
"chr5","52924882","52925186","chr16","24265771","24266078","17","28659111"
"chr5","52931490","52931772","chr16","24259175","24259457","17","28672315"
"chr5","52933331","52933641","chr16","24257298","24257615","27","28676033"
"chr5","52940692","52940984","chr3","54460045","54460339","62","1519353"
"chr5","52945709","52945988","chr16","24245855","24246134","16","28699854"
"chr5","52953621","52953922","chr8","97866093","97866396","61","44912472"
"chr5","52962536","52962658","chr16","24226435","24226561","16","28736101"
"chr5","52985134","52985425","chr16","24203408","24203714","34","28781726"
"chr5","52995656","52995848","chr16","24192433","24192632","19","28803223"
"chr5","53009080","53009376","chr16","24174819","24175106","25","28834261"
"chr5","53010894","53011186","chr16","24172768","24173062","29","28838126"
"chr5","53050558","53050858","chr13","22141227","22141526","64","30909331"
"chr5","53052527","53052816","chr16","24158670","24158955","14","28893857"
"chr5","53089272","53089529","chr1","47072437","47072695","63","6016835"
"chr5","53132558","53132861","chr28","12765242","12765529","78","40367316"
"chr5","53134696","53134986","chr16","24081309","24081599","20","29053387"
"chr5","53155103","53155388","chr16","24053991","24054293","57","29101112"
"chr5","53157453","53157632","chr28","4271909","4272088","34","48885544"
"chr5","53174739","53174812","chr8","93215026","93215097","16","40040287"
"chr5","53175127","53175280","chr20","24658819","24658972","33","28516308"
"chr5","53189402","53189660","chr16","24029504","24029769","26","29159898"
"chr5","53204200","53204500","chr12","40601683","40601983","56","12602517"
"chr5","53229039","53229307","chr14","82806583","82806861","62","29577544"
"chr5","53229604","53229624","chr9","124634318","124634339","3","71404714"
"chr5","53248445","53248675","chr23","35127741","35127972","55","18120704"
"chr5","53283865","53284143","chr16","23935260","23935538","17","29348605"
"chr5","53285904","53286067","chr16","60036519","60036682","28","6750615"
"chr5","53298114","53298399","chr2","14933093","14933382","68","38365021"
"chr5","53327971","53328160","chr22","45614918","45615108","48","7713053"
"chr5","53329368","53329668","chr21","85082439","85082728","53","31753071"
"chr5","53338025","53338317","chr16","23878641","23878925","33","29459384"
"chr5","53341585","53341839","chr16","23875134","23875414","43","29466451"
"chr5","53343076","53343306","chr16","23873363","23873590","15","29469713"
"chr5","53353887","53354201","chr16","10180296","10180605","64","43173591"
"chr5","53356580","53356868","chr16","23862030","23862318","25","29494550"
"chr5","53360013","53360299","chr6","13035650","13035943","67","40324363"
"chr5","53361208","53361323","chr22","55791754","55791870","15","2430546"
"chr5","53378236","53378349","chr16","23843011","23843127","13","29535225"
"chr5","53383339","53383419","chr16","23837988","23838068","2","29545351"
"chr5","53385053","53385257","chr3","61008568","61008767","56","7623515"
"chr5","53385952","53386251","chr26","15147439","15147729","55","38238513"
"chr5","53396226","53396430","chr11","93805479","93805684","53","40409253"
"chr5","53412411","53412709","chr16","23808458","23808762","30","29603953"
"chr5","53453235","53453511","chr16","23766907","23767181","22","29686328"
"chr5","53459004","53459257","chr16","23759148","23759410","23","29699856"
"chr5","53463015","53463138","chr16","23755314","23755437","7","29707701"
"chr5","53483269","53483573","chr8","65770268","65770571","61","12286999"
"chr5","53496089","53496367","chr16","23729238","23729521","25","29766851"
"chr5","53515196","53515323","chr7","75045146","75045272","18","21529950"
"chr5","53515669","53515954","chrX_KE148108v1_random","1020209","1020503","58","52495460"
"chr5","53522063","53522345","chr16","23710725","23711006","19","29811338"
"chr5","53523691","53523885","chr16","23709212","23709406","18","29814479"
"chr5","53526989","53527291","chr16","23705825","23706128","20","29821164"
"chr5","53527555","53527761","chr16","23705357","23705562","22","29822198"
"chr5","53528426","53528647","chr16","23704149","23704370","21","29824277"
"chr5","53539730","53540013","chr16","23687509","23687789","23","29852221"
"chr5","53544845","53544957","chr16","23682523","23682642","13","29862322"
"chr5","53546017","53546304","chr16","23681112","23681405","23","29864905"
"chr5","53554793","53555083","chr16","23672589","23672870","32","29882204"
"chr5","53564489","53564790","chr16","23662465","23662764","24","29902024"
"chr5","53575684","53575990","chr16","23649029","23649333","29","29926655"
"chr5","53578088","53578374","chr16","23647249","23647533","18","29930839"
"chr5","53580576","53580863","chr16","23644774","23645064","15","29935802"
"chr5","53582355","53582638","chr7","87426604","87426867","63","33844249"
"chr5","53582716","53583015","chr16","23642640","23642933","29","29940076"
"chr5","53589096","53589384","chrX","101869161","101869451","58","48280065"
"chr5","53601663","53601937","chr10","105062407","105062670","72","51460744"
"chr5","53603408","53603536","chr16","23612096","23612219","18","29991312"
"chr5","53616324","53616598","chr10","105062407","105062670","72","51446083"
"chr5","53618674","53618954","chrX","15896506","15896791","50","37722168"
"chr5","53624159","53624287","chr16","23612096","23612219","18","30012063"
"chr5","53644923","53645170","chr16","23591315","23591560","14","30053608"
"chr5","53654780","53655088","chr10","76220349","76220648","57","22565569"
"chr5","53664241","53664505","chr16","23572588","23572865","29","30091653"
"chr5","53678947","53679250","chr16","23557824","23558145","36","30121123"
"chr5","53685190","53685470","chr5","13873228","13873491","62","39811962"
"chr5","53687211","53687489","chr16","23549636","23549894","50","30137575"
"chr5","53694455","53694578","chr16","23542582","23542712","16","30151873"
"chr5","53694918","53695040","chr16","23542114","23542237","9","30152804"
"chr5","53699185","53699451","chr16","23538198","23538458","23","30160987"
"chr5","53699944","53700270","chr16","23537383","23537698","37","30162561"
"chr5","53708869","53709160","chr24","32291317","32291611","56","21417552"
"chr5","53709965","53710220","chr8","43826047","43826314","61","9883918"
"chr5","53737736","53738040","chr1","37772325","37772625","56","15965411"
"chr5","53738041","53738317","chr16","23500570","23500846","15","30237471"
"chr5","53795459","53795590","chrX","7838045","7838179","24","45957414"
"chr5","53795836","53796049","chr2","20085445","20085651","60","33710391"
"chr5","53813118","53813444","chr8","126607436","126607754","74","72794318"
"chr5","53821287","53821578","chr8","114471147","114471442","53","60649860"
"chr5","53825604","53825900","chr16","23415190","23415484","18","30410414"
"chr5","53828330","53828644","chr8","92858008","92858317","65","39029678"
"chr5","53839244","53839545","chr16","23399217","23399502","36","30440027"
"chr5","53917578","53917853","chr16","23319605","23319877","24","30597973"
"chr5","53931706","53931998","chr5","25744181","25744473","56","28187525"
"chr5","53937592","53937817","chr16","23299041","23299266","16","30638551"
"chr5","53943028","53943312","chr16","23293564","23293849","15","30649464"
"chr5","53962043","53962351","chr16","23274931","23275205","49","30687112"
"chr5","53967555","53967853","chr16","23273515","23273815","31","30694040"
"chr5","53987351","53987627","chr2","26452035","26452302","58","27535316"
"chr5","53994834","53995171","chr16","23267116","23267395","77","30727718"
"chr5","54002120","54002328","chrX","48309463","48309689","61","5692657"
"chr5","54010995","54011287","chr16","23249883","23250177","19","30761112"
"chr5","54021025","54021266","chr16","23239698","23239940","17","30781327"
"chr5","54053130","54053372","chr11","87743111","87743349","57","33689981"
"chr5","54058271","54058513","chr11","87743111","87743349","57","33684840"
"chr5","54064072","54064366","chr16","19277822","19278110","64","34786250"
"chr5","54075751","54076062","chr8","114471147","114471442","65","60395396"
"chr5","54086680","54086947","chr16","23160984","23161251","12","30925696"
"chr5","54092738","54093044","chr11","104120287","104120586","53","50027549"
"chr5","54093917","54094210","chr11","104120287","104120586","66","50026370"
"chr5","54098569","54098863","chr25","49496754","49497055","61","4601815"
"chr5","54098889","54099012","chr1","109948378","109948499","15","55849489"
"chr5","54104968","54105252","chr21","2798602","2798900","57","51306366"
"chr5","54111610","54111918","chr16","23138000","23138313","33","30973610"
"chr5","54113688","54113800","chr16","23135832","23135944","8","30977856"
"chr5","54114682","54114983","chr16","23134654","23134953","38","30980028"
"chr5","54128522","54128809","chr11","104479228","104479515","50","50350706"
"chr5","54134122","54134421","chr12","40601683","40601983","60","13532439"
"chr5","54140015","54140299","chr7","99713643","99713934","67","45573628"
"chr5","54166370","54166563","chr8","28330290","28330495","44","25836080"
"chr5","54166844","54166975","chr16","23082605","23082736","9","31084239"
"chr5","54173339","54173536","chr20","124019023","124019197","49","69845684"
"chr5","54173844","54173985","chr23","74870463","74870598","28","20696619"
"chr5","54179087","54179343","chr20","92920863","92921113","64","38741776"
"chr5","54190105","54190300","chr24","41524317","41524507","43","12665788"
"chr5","54190603","54190734","chr25","72240060","72240188","24","18049457"
"chr5","54196536","54196828","chr12","7746413","7746698","65","46450123"
"chr5","54213226","54213496","chr6","14794046","14794331","75","39419180"
"chr5","54219310","54219582","chr9","54391856","54392138","76","172546"
"chr5","54220161","54220279","chr5","17656398","17656512","22","36563763"
"chr5","54223116","54223264","chr6","15606737","15606898","48","38616379"
"chr5","54252666","54252969","chr16","22995296","22995592","35","31257370"
"chr5","54257365","54257597","chr8","36754913","36755149","56","17502452"
"chr5","54257894","54257986","chr10","86784190","86784279","21","32526296"
"chr5","54259234","54259404","chr21","75114136","75114290","35","20854902"
"chr5","54259716","54259835","chr1","54045395","54045510","23","214321"
"chr5","54265471","54265612","chr16","22985376","22985522","13","31280095"
"chr5","54266243","54266280","chr7","119466522","119466559","8","65200279"
"chr5","54269821","54270101","chr16","22981338","22981621","45","31288483"
"chr5","54272191","54272489","chr14","15537704","15538001","58","38734487"
"chr5","54274551","54274840","chr28","8590755","8591044","57","45683796"
"chr5","54288322","54288448","chr2","10287061","10287185","22","44001261"
"chr5","54313152","54313446","chr16","22935883","22936187","34","31377269"
"chr5","54313599","54313891","chr16","22935439","22935730","13","31378160"
"chr5","54337350","54337629","chr16","22914523","22914796","37","31422827"
"chr5","54339113","54339308","chr20","10242223","10242435","50","44096890"
"chr5","54346839","54347121","chr16","22905432","22905701","55","31441407"
"chr5","54389066","54389366","chr17","67089811","67090104","54","12700745"
"chr5","54439330","54439641","chr16","22815803","22816121","30","31623527"
"chr5","54441369","54441671","chr16","68699325","68699604","76","14257956"
"chr5","54441674","54441808","chr16","22813666","22813803","9","31628008"
"chr5","54447491","54447728","chr16","22807067","22807305","18","31640424"
"chr5","54449960","54450271","chr1","18767546","18767844","72","35682414"
"chr5","54451250","54451566","chr16","22803187","22803504","26","31648063"
"chr5","54451911","54452188","chr2","89943023","89943304","67","35491112"
"chr5","54465665","54465966","chr16","22788274","22788576","18","31677391"
"chr5","54485274","54485577","chr17","41406500","41406804","59","13078774"
"chr5","54509510","54509826","chr5","35615791","35616084","74","18893719"
"chr5","54526907","54527173","chr16","22726880","22727147","27","31800027"
"chr5","54547340","54547598","chr16","22707153","22707412","19","31840187"
"chr5","54550031","54550286","chr16","22704444","22704702","18","31845587"
"chr5","54569577","54569841","chr16","22683746","22684031","31","31885831"
"chr5","54570253","54570482","chr5","17000391","17000620","53","37569862"
"chr5","54597380","54597678","chr17","35306470","35306782","60","19290910"
"chr5","54598400","54598504","chr28","16291896","16292000","17","38306504"
"chr5","54598974","54599160","chr16","34030061","34030228","52","20568913"
"chr5","54620746","54621024","chr7","86698565","86698850","67","32077819"
"chr5","54629054","54629227","chr24","75177656","75177821","39","20548602"
"chr5","54629532","54629677","chr13","14585622","14585766","31","40043910"
"chr5","54643832","54643985","chrY","650104","650251","34","53993728"
"chr5","54644340","54644513","chr14","79359643","79359819","34","24715303"
"chr5","54644816","54644953","chr16","22607522","22607658","7","32037294"
"chr5","54668923","54669147","chr4","67613686","67613908","47","12944763"
"chr5","54669148","54669442","chrX","128930734","128931037","71","74261586"
"chr5","54671825","54672115","chr21","31012869","31013161","60","23658956"
"chr5","54672709","54672941","chr14","93583463","93583680","59","38910754"
"chr5","54677850","54677861","chr5","17034578","17034588","1","37643272"
"chr5","54678178","54678341","chr16","22580651","22580815","10","32097527"
"chr5","54686944","54687068","chr16","22576613","22576729","12","32110331"
"chr5","54695281","54695573","chr12","40601683","40601983","62","14093598"
"chr5","54701913","54702176","chr16","22569275","22569553","47","32132638"
"chr5","54706746","54707066","chr3","76202806","76203116","80","21496060"
"chr5","54715392","54715707","chr16","22551597","22551906","31","32163795"
"chr5","54717555","54717841","chr16","25042978","25043277","61","29674577"
"chr5","54745709","54745824","chr13","34341278","34341395","36","20404431"
"chr5","54746125","54746265","chr1","93417602","93417734","41","38671477"
"chr5","54877485","54877756","chr16","22386835","22387106","9","32490650"
"chr5","54906439","54906710","chr16","22364361","22364649","28","32542078"
"chr5","54910942","54911036","chr16","22356743","22356842","8","32554199"
"chr5","54939729","54940020","chr16","22327490","22327781","16","32612239"
"chr5","54994349","54994575","chr16","22271975","22272202","18","32722374"
"chr5","55011427","55011722","chr22","35583482","35583774","62","19427945"
"chr5","55017082","55017254","chr10","110373878","110374055","43","55356796"
"chr5","55017547","55017681","chr20","10302401","10302535","29","44715146"
"chr5","55037275","55037442","chr11","13533950","13534117","30","41503325"
"chr5","55044061","55044189","chr16","22222053","22222181","10","32822008"
"chr5","55064550","55064850","chr16","22202571","22202896","48","32861979"
"chr5","55073587","55073882","chr16","22193472","22193764","36","32880115"
"chr5","55079274","55079397","chr2","59013969","59014093","17","3934695"
"chr5","55086807","55086930","chr2","59013969","59014093","17","3927162"
"chr5","55112720","55113027","chr12","40601683","40601983","58","14511037"
"chr5","55122206","55122454","chrX","128016424","128016673","57","72894218"
"chr5","55124786","55125077","chr6","6344388","6344697","62","48780398"
"chr5","55133395","55133672","chr1","3432429","3432700","59","51700966"
"chr5","55157121","55157292","chr11","185220","185399","39","54971901"
"chr5","55162540","55162749","chr28","7998577","7998787","46","47163963"
"chr5","55178476","55178752","chr6","41056695","41056986","67","14121781"
"chr5","55183837","55184103","chr16","22082659","22082920","28","33101178"
"chr5","55185657","55185839","chr16","22080933","22081127","41","33104724"
"chr5","55190546","55190843","chr16","22075846","22076149","26","33114700"
"chr5","55205991","55206307","chr6","13273815","13274122","73","41932176"
"chr5","55206517","55206666","chr6","28404226","28404381","30","26802291"
"chr5","55238842","55239151","chr16","22007200","22007511","22","33231642"
"chr5","55248299","55248410","chr16","21997940","21998050","6","33250359"
"chr5","55249006","55249264","chr6","15315106","15315362","68","39933900"
"chr5","55281420","55281479","chr16","21982839","21982898","5","33298581"
"chr5","55288318","55288450","chr16","21975681","21975813","9","33312637"
"chr5","55293031","55293134","chr15","68117597","68117706","20","12824566"
"chr5","55316655","55316831","chr1","14020826","14021000","34","41295829"
"chr5","55317135","55317283","chr16","4802436","4802582","28","50514699"
"chr5","55318402","55318513","chr6","9626877","9626989","25","45691525"
"chr5","55318793","55318808","chr14","80387587","80387599","4","25068794"
"chr5","55318846","55318997","chr20","21195879","21196036","34","34122967"
"chr5","55330587","55330874","chr16","21931547","21931851","30","33399040"
"chr5","55348783","55349088","chr16","21913388","21913678","41","33435395"
"chr5","55373666","55373956","chr16","21889486","21889776","18","33484180"
"chr5","55377785","55377903","chr16","42642802","42642920","12","12734983"
"chr5","55406885","55406971","chr20","114627288","114627375","17","59220403"
"chr5","55410481","55410654","chr2","15929638","15929807","32","39480843"
"chr5","55410696","55410819","chr6","15770013","15770145","24","39640683"
"chr5","55425168","55425403","chr16","21836703","21836941","29","33588465"
"chr5","55434497","55434796","chr16","62551481","62551788","62","7116984"
"chr5","55442884","55443110","chr16","21820041","21820269","9","33622843"
"chr5","55464857","55465054","chr6","4354273","4354478","53","51110584"
"chr5","55471639","55471926","chr14","33191683","33191964","59","22279956"
"chr5","55492759","55493036","chr16","21775271","21775543","28","33717488"
"chr5","55498802","55499082","chr16","21768955","21769222","36","33729847"
"chr5","55499169","55499421","chr16","21768620","21768868","23","33730549"
"chr5","55503973","55504288","chr16","21763766","21764071","28","33740207"
"chr5","55522426","55522735","chr26","6150165","6150453","68","49372261"
"chr5","55536495","55536755","chr16","21731318","21731590","40","33805177"
"chr5","55538354","55538636","chr16","21729451","21729730","16","33808903"
"chr5","55539325","55539625","chr16","21728445","21728742","26","33810880"
"chr5","55545043","55545331","chr14","80508963","80509250","57","24963920"
"chr5","55554290","55554551","chr5","19780832","19781089","57","35773458"
"chr5","55561544","55561681","chr1","108974268","108974407","25","53412724"
"chr5","55567265","55567545","chr16","21700265","21700545","17","33867000"
"chr5","55572810","55573106","chr16","21694708","21695002","26","33878102"
"chr5","55611132","55611425","chr16","21657468","21657772","33","33953664"
"chr5","55614784","55615027","chr4","61813029","61813274","50","6198245"
"chr5","55627576","55627726","chr16","21641203","21641353","10","33986373"
"chr5","55653971","55654269","chr16","21614696","21614999","17","34039275"
"chr5","55671246","55671544","chr24","54921299","54921588","67","749947"
"chr5","55674589","55674898","chr22","15421031","15421322","72","40253558"
"chr5","55678854","55679178","chr7","7198806","7199120","67","48480048"
"chr5","55684499","55684796","chr23","74514675","74514966","54","18830176"
"chr5","55695626","55695916","chr12","8032666","8032946","62","47662960"
"chr5","55712801","55713151","chr2","4636342","4636649","81","51076459"
"chr5","55720595","55720928","chr24","40956382","40956707","72","14764213"
"chr5","55751721","55752020","chr16","24318468","24318782","59","31433253"
"chr5","55754786","55755067","chr21","119632134","119632425","67","63877348"
"chr5","55756471","55756775","chr16","24322844","24323156","46","31433627"
"chr5","55765083","55765360","chr20","24718513","24718793","53","31046570"
"chr5","55820135","55820172","chr16","21463473","21463513","3","34356662"
"chr5","55868132","55868226","chr16","57724320","57724412","18","1856188"
"chr5","55868532","55868690","chr16","21429782","21429941","16","34438750"
"chr5","55872817","55873087","chr24","80826314","80826582","70","24953497"
"chr5","55878371","55878690","chr16","24328413","24328729","47","31549958"
"chr5","55949246","55949502","chr16","21353478","21353768","51","34595768"
"chr5","55956291","55956602","chr11","44248227","44248535","60","11708064"
"chr5","56021112","56021456","chr16","21279637","21279967","34","34741475"
"chr5","56030298","56030404","chr26","19932457","19932562","15","36097841"
"chr5","56049562","56049834","chr16","21252327","21252594","33","34797235"
"chr5","56059363","56059494","chr14","21806073","21806204","19","34253290"
"chr5","56060798","56061094","chr16","21240686","21240979","20","34820112"
"chr5","56075062","56075340","chr8","92530136","92530414","55","36455074"
"chr5","56077513","56077785","chr7","101956669","101956940","41","45879156"
"chr5","56082283","56082594","chr12","40601683","40601983","67","15480600"
"chr5","56109498","56109780","chr16","21194821","21195115","35","34914677"
"chr5","56114498","56114782","chr18","23159839","23160128","65","32954659"
"chr5","56120311","56120594","chr16","21183947","21184230","17","34936364"
"chr5","56134447","56134743","chr2","36027441","36027733","63","20107006"
"chr5","56137865","56138178","chr9","96956253","96956558","63","40818388"
"chr5","56145971","56146096","chr16","21158436","21158563","8","34987535"
"chr5","56160597","56160680","chr16","21144633","21144715","5","35015964"
"chr5","56168233","56168529","chr10","88448668","88448975","32","32280435"
"chr5","56169791","56170090","chr21","56594655","56594953","65","424864"
"chr5","56175665","56175866","chr16","21132105","21132309","19","35043560"
"chr5","56198743","56199054","chr16","21109565","21109860","34","35089178"
"chr5","56210887","56211189","chr16","21097195","21097503","33","35113692"
"chr5","56223007","56223170","chr28","2874481","2874637","57","53348526"
"chr5","56223477","56223607","chr8","134829151","134829284","29","78605674"
"chr5","56258716","56259001","chr6","3017083","3017366","61","53241633"
"chr5","56300016","56300236","chr16","1180867","1181072","56","55119149"
"chr5","56303657","56303765","chr10","87703007","87703113","27","31399350"
"chr5","56305390","56305681","chr16","21003344","21003631","23","35302046"
"chr5","56316755","56317043","chr16","20991786","20992070","25","35324969"
"chr5","56317047","56317211","chr16","20991601","20991785","31","35325446"
"chr5","56325664","56325975","chrX","44931626","44931920","69","11394038"
"chr5","56335301","56335611","chr16","19556977","19557288","34","36778324"
"chr5","56602651","56602951","chr28","6044822","6045106","72","50557829"
"chr5","56756850","56757148","chrX","15533838","15534136","60","41223012"
"chr5","56761745","56762055","chrX","38566822","38567123","56","18194923"
"chr5","56762519","56762781","chr1","47072437","47072695","59","9690082"
"chr5","56763535","56763728","chr16","19575455","19575658","24","37188080"
"chr5","56785039","56785182","chr3","9564943","9565083","29","47220096"
"chr5","56785477","56785625","chr20","128027569","128027717","37","71242092"
"chr5","56813328","56813590","chr2","81187981","81188238","62","24374653"
"chr5","56823075","56823271","chr21","98248689","98248886","48","41425614"
"chr5","56882512","56882804","chrUn_KE147633v1","168","463","31","56882344"
"chr5","56885510","56885801","chrUn_KE147633v1","168","463","25","56885342"
"chr5","56888184","56888307","chrUn_KE147546v1","111523","111645","12","56776661"
"chr5","56908669","56908722","chr13","510372","510420","9","56398297"
"chr5","56991053","56991179","chr6","16278478","16278590","38","40712575"
"chr5","57051192","57051348","chr16","15269890","15270046","9","41781302"
"chr5","57058051","57058306","chr6","43249150","43249393","64","13808901"
"chr5","57059820","57060031","chr16","15276554","15276767","18","41783266"
"chr5","57169016","57169172","chr20","78691140","78691284","37","21522124"
"chr5","57169484","57169656","chr8","7221100","7221265","38","49948384"
"chr5","57292803","57293016","chr19","9223363","9223572","44","48069440"
"chr5","57293337","57293626","chr2","60703863","60704158","55","3410526"
"chr5","57303617","57303722","chr4","90498997","90499103","23","33195380"
"chr5","57305090","57305381","chr5","28916932","28917221","47","28388158"
"chr5","57327381","57327517","chr25","23956343","23956476","36","33371038"
"chr5","57327819","57327967","chr16","4802436","4802582","27","52525383"
"chr5","57341705","57341916","chr16","19575455","19575658","19","37766250"
"chr5","57342655","57342913","chr7","97462094","97462349","60","40119439"
"chr5","57343378","57343689","chrX","38566822","38567123","51","18776556"
"chr5","57346917","57347183","chr7","87092656","87092935","64","29745739"
"chr5","57362626","57362800","chr16","19569539","19569731","35","37793087"
"chr5","57400338","57400469","chr16","19542271","19542395","19","37858067"
"chr5","57453710","57454002","chr28","11001719","11002016","56","46451991"
"chr5","57494948","57495065","chr16","19467228","19467345","9","38027720"
"chr5","57531540","57531836","chr16","19431614","19431907","26","38099926"
"chr5","57537868","57538145","chr16","19431614","19431907","54","38106254"
"chr5","57566902","57567164","chr16","19402427","19402695","19","38164475"
"chr5","57580612","57580903","chr16","19388972","19389251","46","38191640"
"chr5","57586992","57587053","chr5","34194797","34194851","14","23392195"
"chr5","57587353","57587521","chr13","88442031","88442198","34","30854678"
"chr5","57590259","57590369","chr16","19379155","19379265","9","38211104"
"chr5","57593643","57593739","chrX","63425240","63425339","19","5831597"
"chr5","57595969","57596232","chr7","99293815","99294081","50","41697846"
"chr5","57601304","57601592","chr6","29519907","29520193","65","28081397"
"chr5","57627016","57627307","chr17","55789753","55790041","52","1837263"
"chr5","57653064","57653358","chr16","19328471","19328759","41","38324593"
"chr5","57689837","57690146","chr16","19291604","19291913","18","38398233"
"chr5","57692028","57692284","chr3","20950954","20951198","54","36741074"
"chr5","57706308","57706587","chr16","19277822","19278110","25","38428486"
"chr5","57707603","57707903","chr25","71955451","71955753","56","14247848"
"chr5","57713745","57714037","chr8","93067883","93068179","60","35354138"
"chr5","57737422","57737759","chr23","18561635","18561945","75","39175787"
"chr5","57740303","57740583","chr28","9409612","9409895","53","48330691"
"chr5","57747485","57747780","chr2","36448496","36448784","60","21298989"
"chr5","57748510","57748812","chr12","40601683","40601983","55","17146827"
"chr5","57781171","57781481","chr16","19204446","19204744","35","38576725"
"chr5","57787008","57787291","chr16","19198334","19198613","27","38588674"
"chr5","57804017","57804310","chr28","15635761","15636057","49","42168256"
"chr5","57808501","57808804","chr16","19172886","19173190","27","38635615"
"chr5","57815593","57815683","chr16","19166339","19166429","6","38649254"
"chr5","57817883","57817913","chr1","108081501","108081534","9","50263618"
"chr5","57828804","57829160","chr16","19154370","19154702","53","38674434"
"chr5","57840791","57840876","chr19","7381316","7381409","19","50459475"
"chr5","57899515","57899801","chr1","9673714","9674008","68","48225801"
"chr5","58030195","58030493","chr25","49311769","49312069","60","8718426"
"chr5","58032584","58032919","chrUn_KE147626v1","8406","8740","24","58024178"
"chr5","58051739","58052026","chr16","33437678","33437946","51","24614061"
"chr5","58065972","58066044","chr2","29588278","29588349","15","28477694"
"chr5","58066335","58066393","chr1","75252555","75252612","11","17186220"
"chr5","58066406","58066700","chr16","33452127","33452443","38","24614279"
"chr5","58080004","58080301","chr16","33458054","33458359","49","24621950"
"chr5","58082764","58083077","chr16","33460676","33460986","23","24622088"
"chr5","58084020","58084302","chr16","33462222","33462508","44","24621798"
"chr5","58097520","58097653","chr16","20863357","20863490","5","37234163"
"chr5","58097969","58098135","chr16","20862873","20863043","15","37235096"
"chr5","58134323","58134523","chr16","20681340","20681526","23","37452983"
"chr5","58156185","58156470","chr16","15782112","15782396","8","42374073"
"chr5","58173359","58173495","chr13","63313888","63314020","36","5140529"
"chr5","58241649","58241947","chr16","15954871","15955174","36","42286778"
"chr5","58254992","58255305","chr16","17453043","17453336","45","40801949"
"chr5","58351934","58352254","chr16","24322844","24323156","39","34029090"
"chr5","58433948","58434217","chr16","18956562","18956831","24","39477386"
"chr5","58474249","58474434","chr6","6742301","6742479","42","51731948"
"chr5","58474733","58474857","chr1","109948378","109948499","15","51473645"
"chr5","58477344","58477499","chr1","119931819","119931974","30","61454475"
"chr5","58491552","58491865","chr28","15141829","15142140","62","43349723"
"chr5","58501515","58501666","chr16","18871380","18871534","16","39630135"
"chr5","58508454","58508766","chr11","60149148","60149448","58","1640694"
"chr5","58521022","58521327","chr10","126454330","126454619","64","67933308"
"chr5","58535887","58536180","chr16","18841936","18842237","28","39693951"
"chr5","58573688","58573973","chr21","103907233","103907523","73","45333545"
"chr5","58578344","58578650","chr16","18799032","18799327","38","39779312"
"chr5","58592101","58592373","chr16","18785315","18785557","38","39806786"
"chr5","58600944","58601027","chr16","18771517","18771600","5","39829427"
"chr5","58622159","58622275","chr11","64349775","64349893","20","5727616"
"chr5","58624974","58625142","chrX","61295008","61295180","44","2670034"
"chr5","58627545","58627827","chr16","18745136","18745407","27","39882409"
"chr5","58644449","58644743","chr16","18720040","18720335","21","39924409"
"chr5","58665127","58665321","chr8","23439337","23439520","43","35225790"
"chr5","58672378","58672666","chr16","18689463","18689753","22","39982915"
"chr5","58674499","58674683","chr16","18687420","18687608","24","39987079"
"chr5","58675067","58675181","chr16","18686953","18687064","12","39988114"
"chr5","58677148","58677385","chr16","18684725","18684985","54","39992423"
"chr5","58699800","58700045","chr28","8630877","8631127","53","50068923"
"chr5","58702807","58703087","chr2","1388135","1388413","60","57314672"
"chr5","58715713","58715847","chr16","18638471","18638605","8","40077242"
"chr5","58718659","58718949","chr6","43691457","43691748","63","15027202"
"chr5","58723036","58723317","chr16","18640498","18640775","23","40082538"
"chr5","58725212","58725346","chr16","18638471","18638605","8","40086741"
"chr5","58725821","58726029","chr14","34004413","34004615","43","24721408"
"chr5","58727911","58728216","chr16","18635902","18636210","36","40092009"
"chr5","58764650","58764759","chr16","18594343","18594450","6","40170307"
"chr5","58775955","58776049","chr4","27531471","27531566","19","31244484"
"chr5","58777516","58777797","chr16","18580813","18581096","19","40196703"
"chr5","58779562","58779857","chr12","13149213","13149510","51","45630349"
"chr5","58792691","58792817","chrX","60317374","60317503","25","1524683"
"chr5","58793118","58793289","chr11","112185685","112185867","42","53392567"
"chr5","58793412","58793714","chr6","33158895","33159205","67","25634517"
"chr5","58796847","58797026","chr16","18562784","18562962","8","40234063"
"chr5","58797598","58797742","chr16","18562068","18562210","13","40235530"
"chr5","58816056","58816314","chr16","18534950","18535210","18","40281106"
"chr5","58830541","58830845","chr16","18522232","18522538","26","40308309"
"chr5","58850405","58850697","chr16","18500645","18500890","60","40349760"
"chr5","58862569","58862680","chr1","66617109","66617215","28","7754540"
"chr5","58862969","58863049","chr3","86767221","86767302","20","27904252"
"chr5","58863061","58863186","chr2","41262679","41262803","19","17600382"
"chr5","58869501","58869799","chr16","18485832","18486119","35","40383669"
"chr5","58873056","58873356","chr16","18485832","18486119","57","40387224"
"chr5","58886478","58886763","chr16","18465541","18465822","34","40420937"
"chr5","58886834","58887130","chr28","10055556","10055859","57","48831278"
"chr5","58908513","58908795","chr20","7742546","7742826","65","51165967"
"chr5","58917532","58917813","chr9","20900677","20900973","63","38016855"
"chr5","58928884","58929178","chr16","18443356","18443646","18","40485528"
"chr5","58944761","58945051","chr16","18425761","18426041","21","40519000"
"chr5","58973862","58974160","chr16","18400366","18400663","22","40573496"
"chr5","59045335","59045595","chr16","18322895","18323165","22","40722440"
"chr5","59051466","59051720","chr16","18316915","18317169","18","40734551"
"chr5","59053365","59053644","chr16","18315008","18315270","29","40738357"
"chr5","59063259","59063570","chr16","18304840","18305159","35","40758419"
"chr5","59068761","59069065","chr16","18299309","18299611","18","40769452"
"chr5","59070836","59071126","chr16","35556750","35557045","56","23514086"
"chr5","59107290","59107606","chr17","36566860","36567180","72","22540430"
"chr5","59121600","59121939","chr16","18251101","18251417","46","40870499"
"chr5","59175940","59176226","chr13","76518415","76518700","58","17342475"
"chr5","59178951","59179077","chr2","45119822","45119944","18","14059129"
"chr5","59186579","59186875","chr23","74514675","74514966","55","15328096"
"chr5","59188245","59188561","chr28","18962086","18962395","63","40226159"
"chr5","59191960","59192180","chr24","50615813","50616049","55","8576147"
"chr5","59229232","59229447","chr14","78576650","78576872","49","19347418"
"chr5","59232040","59232347","chr16","18163721","18164030","17","41068319"
"chr5","59248919","59249205","chr22","4215864","4216155","68","55033055"
"chr5","59254945","59255071","chr13","97052056","97052178","20","37797111"
"chr5","59285246","59285505","chr5","19296311","19296571","62","39988935"
"chr5","59291502","59291768","chr16","18109905","18110181","44","41181597"
"chr5","59291819","59292100","chr16","18109566","18109854","31","41182253"
"chr5","59292122","59292230","chr26","19932457","19932562","22","39359665"
"chr5","59296034","59296355","chr16","18101775","18102085","26","41194259"
"chr5","59303709","59304026","chr16","18094548","18094840","36","41209161"
"chr5","59427038","59427303","chr16","17973972","17974207","42","41453066"
"chr5","59463605","59463914","chr16","17935817","17936128","24","41527788"
"chr5","59466116","59466429","chr22","45905320","45905632","55","13560796"
"chr5","59493106","59493323","chr16","17905048","17905278","24","41588058"
"chr5","59518914","59519221","chr16","17879149","17879453","27","41639765"
"chr5","59521385","59521686","chrX","43650321","43650626","68","15871064"
"chr5","59533245","59533349","chr16","17865023","17865127","6","41668222"
"chr5","59559845","59560124","chr2","35878899","35879181","66","23680946"
"chr5","59591309","59591633","chr16","17801987","17802284","58","41789322"
"chr5","59597878","59597997","chr16","17795505","17795622","14","41802373"
"chr5","59628437","59628534","chr11","31902236","31902323","27","27726201"
"chr5","59634762","59635087","chr24","51648995","51649306","65","7985767"
"chr5","59652754","59652872","chr16","17795505","17795622","13","41857249"
"chr5","59659121","59659445","chr16","17801987","17802284","58","41857134"
"chr5","59701333","59701382","chr3","29588506","29588554","11","30112827"
"chr5","59701703","59701836","chr4","71054332","71054466","33","11352629"
"chr5","59728703","59728819","chrX","7946546","7946657","18","51782157"
"chr5","59732597","59732907","chr16","17788945","17789247","31","41943652"
"chr5","59738155","59738390","chr15","11442069","11442312","53","48296086"
"chr5","59748377","59748577","chr6","38678279","38678463","49","21070098"
"chr5","59756348","59756587","chr20","86854233","86854457","56","27097885"
"chr5","59807309","59807650","chr9","24285753","24286064","83","35521556"
"chr5","59809204","59809424","chr16","17706492","17706712","11","42102712"
"chr5","59810289","59810589","chr16","17704996","17705303","28","42105293"
"chr5","59859783","59860086","chr12","30848070","30848373","58","29011713"
"chr5","59894202","59894355","chr16","17624199","17624349","7","42270003"
"chr5","59894655","59894797","chr16","17623748","17623890","13","42270907"
"chr5","59924431","59924724","chr3","10514269","10514565","56","49410162"
"chr5","59925617","59925733","chr16_KE148038v1_random","6658","6774","9","59918959"
"chr5","59926308","59926607","chr16","17791692","17791997","70","42134616"
"chr5","59937778","59938076","chr6","28194245","28194544","57","31743533"
"chr5","59939855","59940043","chr5","32597481","32597671","43","27342374"
"chr5","59949605","59949893","chr16","17589852","17590138","25","42359753"
"chr5","59954623","59954849","chr13","230495","230719","48","59724128"
"chr5","59960813","59961125","chr22","18153400","18153696","72","41807413"
"chr5","59969496","59969625","chr6","13001310","13001441","30","46968186"
"chr5","60037490","60037746","chr29","2865754","2866013","61","57171736"
"chr5","60099912","60100194","chr1","111281683","111281963","64","51181771"
"chr5","60182502","60182813","chr16","15001341","15001664","29","45181161"
"chr5","60183554","60183832","chr16","15002371","15002663","27","45181183"
"chr5","60261191","60261504","chr16","24318468","24318782","47","35942723"
"chr5","60265514","60265834","chr16","24322844","24323156","39","35942670"
"chr5","60274133","60274332","chr6","41780988","41781183","56","18493145"
"chr5","60279238","60279537","chr6","12267055","12267360","64","48012183"
"chr5","60353038","60353313","chr16","15978530","15978809","37","44374508"
"chr5","60369307","60369576","chr11","48067498","48067761","55","12301809"
"chr5","60374867","60375008","chr16","17766450","17766585","21","42608417"
"chr5","60375009","60375321","chr4","75512429","75512736","62","15137420"
"chr5","60376976","60377117","chr1","64778378","64778515","37","4401402"
"chr5","60377164","60377300","chr8","68545076","68545209","23","8167912"
"chr5","60391969","60392265","chr16","17396267","17396582","31","42995702"
"chr5","60394589","60394875","chr9","22697379","22697669","58","37697210"
"chr5","60407982","60408252","chr16","17381022","17381302","24","43026960"
"chr5","60424708","60424986","chr12","4146664","4146945","53","56278044"
"chr5","60446879","60447107","chr16","17343999","17344226","15","43102880"
"chr5","60449433","60449535","chr16","17341226","17341328","10","43108207"
"chr5","60456576","60456724","chr6","3979357","3979499","46","56477219"
"chr5","60457027","60457162","chr22","59404860","59404993","27","1052167"
"chr5","60459164","60459272","chr16","17325746","17325861","11","43133418"
"chr5","60470379","60470654","chr16","17314883","17315153","22","43155496"
"chr5","60475101","60475323","chr16","17310272","17310494","21","43164829"
"chr5","60484468","60484598","chr15","53974294","53974423","24","6510174"
"chr5","60484903","60485053","chr28","10447987","10448130","32","50036916"
"chr5","60529272","60529385","chr16","17257073","17257167","22","43272199"
"chr5","60541074","60541193","chr1","114028015","114028132","23","53486941"
"chr5","60547918","60548067","chr8","23676223","23676380","40","36871695"
"chr5","60610592","60610756","chr1","101198873","101199037","40","40588281"
"chr5","60633303","60633602","chr16","17150778","17151085","37","43482525"
"chr5","60637672","60637972","chr14","59828291","59828600","64","809381"
"chr5","60652179","60652467","chr9","95362877","95363170","70","34710698"
"chr5","60653680","60653948","chrUn_KE147541v1","679908","680171","56","59973772"
"chr5","60659601","60659767","chr6","42438846","42439014","32","18220755"
"chr5","60688890","60689209","chr16","17095880","17096170","51","43593010"
"chr5","60698047","60698364","chr16","17086949","17087266","24","43611098"
"chr5","60710064","60710323","chr16","17074169","17074428","28","43635895"
"chr5","60713979","60714170","chr28","8725117","8725301","36","51988862"
"chr5","60714500","60714625","chrX_KE148122v1_random","7080","7201","23","60707420"
"chr5","60735086","60735353","chr14","59568938","59569205","67","1166148"
"chr5","60747737","60747752","chr16","17036865","17036879","3","43710872"
"chr5","60748448","60748556","chr16","17036070","17036173","9","43712378"
"chr5","60787675","60787923","chr21","118536595","118536839","45","57748920"
"chr5","60811220","60811509","chr12","103939005","103939299","56","43127785"
"chr5","60813353","60813657","chr16","16951689","16951991","25","43861664"
"chr5","60862750","60863030","chr6","7923044","7923331","59","52939706"
"chr5","60892212","60892497","chr16","16871298","16871596","30","44020914"
"chr5","60900626","60900917","chr16","16864532","16864814","27","44036094"
"chr5","61022966","61023206","chr9","17703413","17703656","62","43319553"
"chr5","61051648","61051925","chr16","16714626","16714892","24","44337022"
"chr5","61072044","61072316","chr16","16693237","16693514","17","44378807"
"chr5","61088728","61088837","chr28","10248183","10248289","13","50840545"
"chr5","61102352","61102493","chr11","47228943","47229089","40","13873409"
"chr5","61130526","61130603","chr12","29937281","29937354","17","31193245"
"chr5","61151391","61151625","chr16","16612063","16612292","18","44539328"
"chr5","61171207","61171375","chr11","8500872","8501042","39","52670335"
"chr5","61171686","61171848","chrX","107904837","107904986","42","46733151"
"chr5","61180302","61180439","chr16","16583400","16583541","12","44596902"
"chr5","61180731","61180892","chr16","16582950","16583134","35","44597781"
"chr5","61190659","61190778","chr16","16573749","16573868","6","44616910"
"chr5","61191362","61191577","chr2","46990932","46991142","40","14200430"
"chr5","61195108","61195390","chr3","77893960","77894229","68","16698852"
"chr5","61315186","61315497","chr16","16451287","16451597","26","44863899"
"chr5","61335130","61335435","chr16","16430502","16430806","43","44904628"
"chr5","61338293","61338552","chr18","56205248","56205509","64","5133045"
"chr5","61361286","61361549","chr12","43140522","43140783","56","18220764"
"chr5","61371911","61372199","chr16","16395427","16395718","23","44976484"
"chr5","61397993","61398292","chr16","16372958","16373249","30","45025035"
"chr5","61418349","61418476","chr28","2088896","2089029","22","59329453"
"chr5","61430874","61430906","chr6","11664859","11664893","4","49766015"
"chr5","61431246","61431403","chr19","5483390","5483538","38","55947856"
"chr5","61444275","61444489","chr16","16334551","16334793","44","45109724"
"chr5","61450969","61451272","chr16","16319938","16320240","21","45131031"
"chr5","61456834","61456990","chr15","19385738","19385893","30","42071096"
"chr5","61457289","61457394","chr16","16316516","16316619","8","45140773"
"chr5","61457945","61458261","chr16","16317160","16317468","72","45140785"
"chr5","61499324","61499403","chr15","39872026","39872105","21","21627298"
"chr5","61499707","61499845","chr3","9564943","9565083","26","51934764"
"chr5","61507106","61507285","chr16","16260618","16260798","16","45246488"
"chr5","61507581","61507710","chr16","16260199","16260324","15","45247382"
"chr5","61512689","61512969","chr16","16254638","16254927","24","45258051"
"chr5","61537301","61537590","chr16","57606853","57607141","68","3930448"
"chr5","61620018","61620299","chr16","16147070","16147345","24","45472948"
"chr5","61637583","61637856","chr16","16132542","16132782","47","45505041"
"chr5","61670294","61670604","chr16","16099813","16100147","53","45570481"
"chr5","61705655","61705965","chrX","38566822","38567123","60","23138833"
"chr5","61730639","61730764","chr6","38567781","38567913","26","23162858"
"chr5","61745897","61746181","chr16","16032748","16033047","30","45713149"
"chr5","61751761","61752070","chr14","37442286","37442593","53","24309475"
"chr5","61759030","61759342","chr4","90875304","90875617","63","29116274"
"chr5","61784021","61784313","chr1","9673714","9674008","63","52110307"
"chr5","61801661","61801938","chr16","15978530","15978809","33","45823131"
"chr5","61820424","61820751","chr9","24285753","24286064","65","37534671"
"chr5","61822132","61822330","chr14","64139398","64139594","41","2317266"
"chr5","61822905","61823223","chr3","72109236","72109551","73","10286331"
"chr5","61865629","61865857","chr10","37080778","37081010","57","24784851"
"chr5","62065023","62065124","chr20","89060596","89060683","29","26995573"
"chr5","62065429","62065605","chr1","7328156","7328331","33","54737273"
"chr5","62088359","62088670","chr5","28078413","28078725","60","34009946"
"chr5","62151734","62152027","chr21","15127074","15127353","72","47024660"
"chr5","62181964","62182088","chr16","15092389","15092512","8","47089575"
"chr5","62182665","62182961","chr16","15093084","15093381","18","47089581"
"chr5","62188596","62188891","chr20","81846800","81847109","57","19658204"
"chr5","62214934","62215204","chr16","15126695","15126974","19","47088239"
"chr5","62222968","62223190","chr12","42190493","42190712","56","20032475"
"chr5","62223480","62223570","chr10","15884833","15884922","20","46338647"
"chr5","62225574","62225899","chr16","15140972","15141261","56","47084602"
"chr5","62238834","62238981","chr16","15153989","15154136","11","47084845"
"chr5","62239275","62239449","chr6","4494206","4494380","29","57745069"
"chr5","62240136","62240446","chr16","15155314","15155620","31","47084822"
"chr5","62273512","62273700","chr13","88442031","88442198","54","26168519"
"chr5","62291287","62291590","chr16","15206663","15206938","46","47084624"
"chr5","62326017","62326107","chr25","5684214","5684299","27","56641803"
"chr5","62345842","62346128","chr27","34624414","34624700","61","27721428"
"chr5","62355025","62355324","chr16","15259986","15260289","29","47095039"
"chr5","62355546","62355840","chr16","15260516","15260805","20","47095030"
"chr5","62369054","62369205","chrX","17820604","17820749","33","44548450"
"chr5","62369512","62369647","chr3","52425789","52425923","26","9943723"
"chr5","62371700","62371844","chrX","5774221","5774355","35","56597479"
"chr5","62380544","62380850","chr16","15298283","15298590","35","47082261"
"chr5","62381703","62381983","chr7","70951768","70952052","64","8570065"
"chr5","62382625","62382916","chr11","104479228","104479515","58","42096603"
"chr5","62389204","62389480","chr25","72938563","72938834","71","10549359"
"chr5","62394153","62394464","chr16","15314352","15314607","82","47079801"
"chr5","62411327","62411473","chr26","31658464","31658607","30","30752863"
"chr5","62412066","62412260","chr2","32097068","32097258","38","30314998"
"chr5","62414770","62415101","chr11","90811304","90811610","51","28396534"
"chr5","62425221","62425521","chr12","40601683","40601983","52","21823538"
"chr5","62434569","62434837","chr12","64122683","64122952","64","1688114"
"chr5","62448469","62448775","chr10","121263209","121263496","71","58814740"
"chr5","62449173","62449300","chrX","109159910","109160034","20","46710737"
"chr5","62467453","62467573","chr16","15375727","15375848","17","47091726"
"chr5","62489084","62489368","chr11","46982511","46982795","68","15506573"
"chr5","62511609","62511897","chr25","50351993","50352286","68","12159616"
"chr5","62513151","62513460","chr16","15435148","15435458","38","47078003"
"chr5","62514780","62514991","chr9","11981866","11982070","49","50532914"
"chr5","62516915","62517065","chr7","25221116","25221268","32","37295799"
"chr5","62522461","62522786","chr9","103037147","103037458","64","40514686"
"chr5","62524727","62525023","chr16","15420057","15420356","14","47104670"
"chr5","62526720","62526979","chrX_KE148108v1_random","1580542","1580807","55","60946178"
"chr5","62560151","62560315","chr2","42603297","42603459","35","19956854"
"chr5","62560627","62560782","chrX","50162062","50162211","37","12398565"
"chr5","62566922","62567230","chr17","69971185","69971486","61","7404263"
"chr5","62569250","62569551","chr16","15471072","15471377","31","47098178"
"chr5","62576292","62576590","chr16","15478791","15479081","34","47097501"
"chr5","62581326","62581529","chr16","15483362","15483568","20","47097964"
"chr5","62614182","62614365","chr7","100013953","100014134","43","37399771"
"chr5","62614665","62614813","chr22","79142013","79142157","26","16527348"
"chr5","62627109","62627333","chr28","1569733","1569969","65","61057376"
"chr5","62644241","62644305","chr2","20062371","20062436","14","42581870"
"chr5","62650493","62650791","chr3","1920009","1920307","61","60730484"
"chr5","62670665","62670968","chr16","15574324","15574628","39","47096341"
"chr5","62691138","62691426","chrX","15044089","15044385","59","47647049"
"chr5","62703402","62703710","chr16","15609655","15609952","35","47093747"
"chr5","62704329","62704634","chr16","15610559","15610860","61","47093770"
"chr5","62708442","62708714","chr27","24498388","24498657","61","38210054"
"chr5","62733902","62734201","chr1","19048444","19048725","76","43685458"
"chr5","62764938","62765223","chr16","15669218","15669520","50","47095720"
"chr5","62768285","62768417","chr1","18483223","18483358","20","44285062"
"chr5","62771970","62772276","chr16","15677858","15678167","26","47094112"
"chr5","62789217","62789432","chr9","94382616","94382844","48","31593399"
"chr5","62805837","62806141","chr5","10173520","10173805","62","52632317"
"chr5","62807709","62808008","chr16","15715219","15715517","18","47092490"
"chr5","62812455","62812760","chr16","15719613","15719925","23","47092842"
"chr5","62832202","62832465","chr16","15739384","15739666","52","47092818"
"chr5","62834998","62835290","chr16","15742227","15742519","13","47092771"
"chr5","62837108","62837270","chr16","15744326","15744478","22","47092782"
"chr5","62837569","62837718","chr16","15744776","15744927","15","47092793"
"chr5","62849252","62849562","chr17","36553442","36553750","62","26295810"
"chr5","62852465","62852749","chr16","15764294","15764585","26","47088171"
"chr5","62876202","62876487","chr16","15782112","15782396","9","47094090"
"chr5","62885502","62885613","chr12","30038379","30038488","21","32847123"
"chr5","62885644","62885808","chr6","6125564","6125729","26","56760080"
"chr5","62889359","62889495","chr13","63313888","63314020","36","424529"
"chr5","62890043","62890160","chr16","19542271","19542395","24","43347772"
"chr5","63082325","63082592","chr20","101279004","101279263","68","38196679"
"chr5","63094517","63094772","chr10","80954231","80954485","58","17859714"
"chr5","63144105","63144407","chr16","13516414","13516712","31","49627691"
"chr5","63145603","63145814","chr16","13515011","13515225","19","49630592"
"chr5","63155105","63155372","chr4","74768382","74768661","34","11613277"
"chr5","63163254","63163546","chrX_KE148108v1_random","1020209","1020503","45","62143045"
"chr5","63172491","63172761","chr4","74785870","74786140","20","11613379"
"chr5","63201260","63201560","chr4","74815019","74815318","20","11613759"
"chr5","63216431","63216559","chr4","74830813","74830944","11","11614382"
"chr5","63231596","63231895","chr4","74846314","74846614","37","11614718"
"chr5","63247231","63247544","chr2","26412827","26413138","63","36834404"
"chr5","63257097","63257371","chr4","74871897","74872172","22","11614800"
"chr5","63328317","63328618","chr4","74937491","74937782","31","11609174"
"chr5","63402296","63402590","chr14","21036495","21036787","55","42365801"
"chr5","63425426","63425527","chr5","55873376","55873485","26","7552050"
"chr5","63453699","63453879","chr2","56350389","56350567","37","7103310"
"chr5","63454177","63454315","chr8","68545076","68545209","22","5090899"
"chr5","63455895","63456179","chr4","75067981","75068285","33","11612086"
"chr5","63460800","63461113","chr12","2637643","2637951","57","60823157"
"chr5","63465837","63466102","chr8","10972765","10973034","61","52493072"
"chr5","63482186","63482320","chr9","118720087","118720221","21","55237901"
"chr5","63484067","63484387","chr4","75096588","75096868","62","11612521"
"chr5","63510276","63510559","chr4","75123239","75123511","28","11612963"
"chr5","63540181","63540511","chr20","88100516","88100832","60","24560335"
"chr5","63580056","63580362","chr20","122268567","122268865","64","58688511"
"chr5","63581488","63581794","chr24","58807593","58807893","61","4773895"
"chr5","63600084","63600263","chr4","75205647","75205844","31","11605563"
"chr5","63602975","63603155","chr16","58714294","58714474","32","4888681"
"chr5","63603465","63603609","chr26","38429082","38429230","39","25174383"
"chr5","63633132","63633430","chr4","75240459","75240754","47","11607327"
"chr5","63666932","63667226","chrX","20401849","20402144","63","43265083"
"chr5","63679675","63679976","chr4","75288903","75289210","22","11609228"
"chr5","63699868","63699999","chr4","75308302","75308429","11","11608434"
"chr5","63700540","63700716","chr4","75308731","75308911","23","11608191"
"chr5","63733861","63734159","chr4","75342460","75342750","24","11608599"
"chr5","63739457","63739769","chr4","75348120","75348418","40","11608663"
"chr5","63809163","63809445","chr4","75416120","75416425","38","11606957"
"chr5","63826249","63826591","chr4","75427621","75427950","55","11601372"
"chr5","63871168","63871484","chr24","52697151","52697455","70","11174017"
"chr5","63880405","63880711","chr4","75482458","75482763","24","11602053"
"chr5","63885553","63885802","chr4","75487900","75488148","19","11602347"
"chr5","63909632","63909940","chr4","75512429","75512736","29","11602797"
"chr5","63926015","63926322","chr28","13807967","13808275","67","50118048"
"chr5","63928435","63928737","chr4","75531279","75531571","43","11602844"
"chr5","63969192","63969491","chr5","39877123","39877421","63","24092069"
"chr5","64015095","64015260","chr4","75618917","75619091","20","11603822"
"chr5","64015569","64015702","chr4","75619402","75619538","10","11603833"
"chr5","64067792","64067899","chr4","75669595","75669701","7","11601803"
"chr5","64067943","64068112","chr4","75669734","75669905","31","11601791"
"chr5","64119773","64120056","chr8","18317115","18317399","64","45802658"
"chr5","64124795","64125059","chr4","75724676","75724942","20","11599881"
"chr5","64158230","64158530","chr16","35556750","35557045","62","28601480"
"chr5","64265981","64266294","chr4","75846305","75846617","29","11580324"
"chr5","64307893","64308135","chr20","90908583","90908828","61","26600690"
"chr5","64318668","64318950","chr4","75900577","75900867","22","11581909"
"chr5","64455340","64455634","chr4","76034265","76034562","35","11578925"
"chr5","64537330","64537624","chr5","19667445","19667740","55","44869885"
"chr5","64541639","64541892","chr4","76123794","76124046","11","11582155"
"chr5","64574234","64574530","chr4","76154169","76154468","20","11579935"
"chr5","64597556","64597894","chrX","44275189","44275538","92","20322367"
"chr5","64608588","64608887","chr4","76190313","76190607","28","11581725"
"chr5","64669235","64669529","chr4","76245993","76246288","48","11576758"
"chr5","64698061","64698189","chr4","76273871","76273990","20","11575810"
"chr5","64722167","64722289","chr4","76297845","76297967","6","11575678"
"chr5","64729780","64729906","chr12","32600739","32600859","26","32129041"
"chr5","64806239","64806553","chr12","8913868","8914187","62","55892371"
"chr5","64822151","64822257","chr12","63789657","63789755","21","1032494"
"chr5","64889626","64889933","chr2","81308329","81308637","56","16418703"
"chr5","65028241","65028542","chr2","58980970","58981271","64","6047271"
"chr5","65477322","65477618","chr4","77038803","77039095","23","11561481"
"chr5","65482088","65482201","chrX","17783460","17783576","19","47698628"
"chr5","65576439","65576734","chr11","107810902","107811201","68","42234463"
"chr5","65651986","65652162","chr14","63732606","63732767","49","1919380"
"chr5","65684202","65684526","chr4","77226210","77226517","34","11542008"
"chr5","65696091","65696456","chr4","77226210","77226517","75","11530119"
"chr5","65751048","65751130","chr11","9906364","9906447","13","55844684"
"chr5","65751435","65751470","chr1","106090900","106090935","6","40339465"
"chr5","65831769","65832073","chr5","21161532","21161820","66","44670237"
"chr5","65991634","65991933","chr4","77520166","77520469","33","11528532"
"chr5","66031022","66031318","chr4","77558372","77558668","33","11527350"
"chr5","66448804","66449092","chr4","77952118","77952411","55","11503314"
"chr5","66521224","66521542","chr19","13622845","13623151","78","52898379"
"chr5","66577636","66577898","chr3","9341313","9341592","65","57236323"
"chr5","66664471","66664757","chr4","78163118","78163404","22","11498647"
"chr5","66880803","66881106","chr15","87366232","87366538","62","20485429"
"chr5","66887392","66887697","chr6","32543554","32543861","73","34343838"
"chr5","66936775","66937067","chr5","55309187","55309483","58","11627588"
"chr5","67068647","67068780","chr9","86775458","86775590","24","19706811"
"chr5","67155923","67156237","chr4","78651407","78651678","68","11495484"
"chr5","67241281","67241550","chr27","47987537","47987817","70","19253744"
"chr5","67278501","67278632","chr4","78774230","78774360","16","11495729"
"chr5","67377097","67377322","chr4","78874200","78874433","27","11497103"
"chr5","67379369","67379675","chr4","78877457","78877749","35","11498088"
"chr5","67529391","67529502","chr14","46295129","46295236","28","21234262"
"chr5","67567361","67567566","chr16","21132105","21132309","53","46435256"
"chr5","67615221","67615508","chr27","46663361","46663646","54","20951860"
"chr5","67783900","67784225","chr4","79257031","79257340","43","11473131"
"chr5","67948105","67948287","chr7","61841152","61841332","44","6106953"
"chr5","67958733","67959034","chr4","79435033","79435333","34","11476300"
"chr5","68013768","68013882","chr4","79491802","79491915","10","11478034"
"chr5","68013915","68014074","chr6","13305313","13305472","27","54708602"
"chr5","68020409","68020702","chr4","79496536","79496823","27","11476127"
"chr5","68103644","68103941","chr8","100926602","100926907","73","32822958"
"chr5","68326814","68326983","chr11","25750109","25750284","48","42576705"
"chr5","68460490","68460616","chr10","56627101","56627223","21","11833389"
"chr5","68599959","68600256","chr5","71423937","71424228","68","2823978"
"chr5","68614599","68614920","chr4","80026772","80027071","46","11412173"
"chr5","68762264","68762403","chr11","14504597","14504734","32","54257667"
"chr5","68763575","68763870","chr4","80178255","80178548","30","11414680"
"chr5","68898888","68899171","chr21","19776916","19777198","61","49121972"
"chr5","68978390","68978702","chr5","2621052","2621357","73","66357338"
"chr5","69157348","69157624","chr4","80360841","80361116","25","11203493"
"chr5","69207713","69208011","chr28","13563477","13563776","56","55644236"
"chr5","69280705","69280978","chr4","80251869","80252151","24","10971164"
"chr5","69294206","69294502","chr4","80628155","80628458","31","11333949"
"chr5","69307686","69307991","chr4","80640422","80640722","40","11332736"
"chr5","69396901","69397195","chr16","15126695","15126974","75","54270206"
"chr5","69492071","69492284","chr4","80813682","80813889","22","11321611"
"chr5","69500160","69500446","chr4","80821813","80822098","24","11321653"
"chr5","69505345","69505658","chr4","80826986","80827300","28","11321641"
"chr5","69618222","69618516","chr4","80914223","80914517","48","11296001"
"chr5","69635424","69635559","chr15","6632887","6633020","23","63002537"
"chr5","69723777","69724064","chr4","81000700","81000999","35","11276923"
"chr5","69781675","69781968","chr4","81057242","81057527","46","11275567"
"chr5","69786495","69786788","chr4","81057242","81057527","46","11270747"
"chr5","69817723","69817849","chr19","19333049","19333173","25","50484674"
"chr5","69835401","69835527","chr19","19333049","19333173","25","50502352"
"chr5","69858161","69858466","chr12","40601683","40601983","69","29256478"
"chr5","69861519","69861728","chr4","81114852","81115068","31","11253333"
"chr5","69921029","69921110","chr4","81180066","81180146","9","11259037"
"chr5","69947092","69947216","chr25","18789469","18789591","19","51157623"
"chr5","69971483","69971769","chr8","95123636","95123919","58","25152153"
"chr5","69983749","69983882","chr4","81235048","81235181","6","11251299"
"chr5","69985492","69985788","chr4","81236845","81237143","21","11251353"
"chr5","69990590","69990889","chrX","17354908","17355199","53","52635682"
"chr5","70018942","70019223","chr4","81271514","81271800","18","11252572"
"chr5","70027811","70028101","chr1","34974011","34974292","66","35053800"
"chr5","70034622","70034919","chrX","62197848","62198138","62","7836774"
"chr5","70072295","70072600","chr1","17307782","17308092","67","52764513"
"chr5","70110605","70110920","chr1","112237991","112238302","76","42127386"
"chr5","70210101","70210366","chr4","81461940","81462187","32","11251839"
"chr5","70532858","70532987","chr4","81787454","81787583","9","11254596"
"chr5","70554648","70554844","chr7","100325170","100325345","53","29770522"
"chr5","70742059","70742188","chr4","81984968","81985100","11","11242909"
"chr5","70875827","70876119","chr4","82099734","82100026","21","11223907"
"chr5","70893227","70893517","chr6","34831279","34831558","68","36061948"
"chr5","70986883","70986964","chr6","16803247","16803324","19","54183636"
"chr5","70987209","70987423","chr27","19610631","19610842","57","51376578"
"chr5","70990142","70990259","chr20","70790063","70790179","20","200079"
"chr5","70990290","70990589","chr23","43030418","43030728","71","27959872"
"chr5","71019057","71019374","chr28","15141829","15142140","71","55877228"
"chr5","71024904","71025176","chr15","4593471","4593741","64","66431433"
"chr5","71036495","71036783","chr4","82254875","82255160","22","11218380"
"chr5","71040521","71040653","chr4","82257613","82257729","22","11217092"
"chr5","71045253","71045369","chr4","82262315","82262431","5","11217062"
"chr5","71049659","71049961","chr14","18423632","18423933","57","52626027"
"chr5","71058862","71059145","chr4","82276134","82276413","19","11217272"
"chr5","71063942","71064062","chr4","82281212","82281332","7","11217270"
"chr5","71066617","71066897","chr11","104479228","104479515","57","33412611"
"chr5","71094677","71094961","chr11","7771853","7772147","65","63322824"
"chr5","71098679","71098948","chr4","82311897","82312199","47","11213218"
"chr5","71112850","71113160","chr9","124625139","124625450","67","53512289"
"chr5","71178637","71178776","chr14","81751213","81751349","28","10572576"
"chr5","71179079","71179243","chr4","82397816","82397978","13","11218737"
"chr5","71183039","71183329","chr16","35557712","35557996","61","35625327"
"chr5","71186250","71186535","chr4","82405289","82405592","43","11219039"
"chr5","71189759","71189883","chr4","82408833","82408957","9","11219074"
"chr5","71190189","71190383","chr4","82409261","82409431","30","11219072"
"chr5","71217109","71217414","chr21","74075941","74076243","67","2858832"
"chr5","71265412","71265495","chr4","82482132","82482215","6","11216720"
"chr5","71297412","71297717","chr10","20314310","20314616","68","50983102"
"chr5","71419586","71419808","chr17","39693214","39693427","58","31726372"
"chr5","71534856","71535155","chr4","82746887","82747197","34","11212031"
"chr5","71610262","71610597","chr8","56398323","56398657","70","15211939"
"chr5","71621984","71622261","chr4","82836593","82836865","29","11214609"
"chr5","71633673","71633825","chr4","82847493","82847654","24","11213820"
"chr5","71634125","71634253","chr4","82848274","82848416","24","11214149"
"chr5","71806368","71806678","chr28","11001719","11002016","75","60804649"
"chr5","71965847","71966088","chr4","83171225","83171470","18","11205378"
"chr5","72087915","72088113","chr4","83297017","83297235","34","11209102"
"chr5","72254164","72254449","chr13","55572941","55573230","76","16681223"
"chr5","72341158","72341331","chr12","7890517","7890695","33","64450641"
"chr5","72341360","72341479","chr5","13450786","13450901","29","58890574"
"chr5","72353276","72353562","chr26","33061113","33061384","67","39292163"
"chr5","72619575","72619846","chr12","8392094","8392370","65","64227481"
"chr5","72643460","72643757","chr4","83837573","83837881","36","11194113"
"chr5","72686888","72687178","chr8","52051424","52051714","59","20635464"
"chr5","72865913","72866300","chr20","97649905","97650188","152","24783992"
"chr5","73041226","73041493","chr4","84212934","84213242","54","11171708"
"chr5","73054612","73054913","chr23","54140309","54140611","57","18914303"
"chr5","73068853","73068957","chr22","10681348","10681457","28","62387505"
"chr5","73167014","73167324","chr26","18466138","18466440","57","54700876"
"chr5","73199885","73200008","chr4","84376874","84376997","8","11176989"
"chr5","73233027","73233333","chr4","84405781","84406089","23","11172754"
"chr5","73259149","73259470","chr4","84435854","84436170","39","11176705"
"chr5","73352761","73353055","chr4","84522650","84522940","29","11169889"
"chr5","73428187","73428533","chr4","39520276","39520598","96","33907911"
"chr5","73446600","73446890","chr4","84608068","84608375","46","11161468"
"chr5","73503014","73503298","chr7","122607868","122608161","77","49104854"
"chr5","73546531","73546815","chr4","84703823","84704106","14","11157292"
"chr5","73551802","73552039","chr14","59475614","59475846","62","14076188"
"chr5","73625685","73625792","chr8","138278549","138278660","24","64652864"
"chr5","73641525","73641679","chr4","84795900","84796041","17","11154375"
"chr5","73648221","73648484","chr4","84804495","84804758","21","11156274"
"chr5","73661384","73661646","chr21","29559122","29559386","63","44102262"
"chr5","73665136","73665423","chr4","84821613","84821917","35","11156477"
"chr5","73767660","73767954","chr4","84913403","84913700","14","11145743"
"chr5","73801484","73801732","chr4","84947268","84947516","18","11145784"
"chr5","73802865","73802974","chr10","77019371","77019477","20","3216506"
"chr5","73803235","73803385","chr24","12164893","12165046","36","61638342"
"chr5","73817277","73817532","chr4","84967861","84968115","8","11150584"
"chr5","73826929","73827081","chr24","44533927","44534062","50","29293002"
"chr5","73827111","73827231","chr22","57223227","57223351","24","16603884"
"chr5","73849002","73849165","chr4","84999693","84999855","6","11150691"
"chr5","73875657","73875958","chr4","85024408","85024710","18","11148751"
"chr5","73894324","73894619","chr4","85043220","85043502","56","11148896"
"chr5","73919731","73920005","chr4","85071261","85071530","24","11151530"
"chr5","73947033","73947331","chr13","62303319","62303616","52","11643714"
"chr5","73959801","73960126","chr1","55184043","55184338","84","18775758"
"chr5","73984151","73984268","chr4","85135397","85135508","12","11151246"
"chr5","74018694","74018980","chr8","96153522","96153808","58","22134828"
"chr5","74023569","74023842","chr11","46909205","46909483","62","27114364"
"chr5","74036768","74037055","chr2","34975700","34975996","69","39061068"
"chr5","74052847","74053166","chr14","59828291","59828600","61","14224556"
"chr5","74055000","74055123","chr4","85209008","85209121","16","11154008"
"chr5","74059192","74059484","chr4","85213488","85213770","24","11154296"
"chr5","74067549","74067848","chr4","85221677","85221976","17","11154128"
"chr5","74071009","74071151","chr1","67522650","67522785","37","6548359"
"chr5","74098231","74098420","chr4","85249638","85249844","38","11151407"
"chr5","74114287","74114384","chr20","20236094","20236187","29","53878193"
"chr5","74116989","74117067","chr20","17206961","17207038","21","56910028"
"chr5","74130059","74130388","chr4","85279968","85280288","35","11149909"
"chr5","74133724","74134019","chr2","60703863","60704158","50","13429861"
"chr5","74135314","74135609","chr4","85284882","85285168","27","11149568"
"chr5","74136323","74136530","chr20","64620664","64620875","49","9515659"
"chr5","74165113","74165406","chr4","85323426","85323709","25","11158313"
"chr5","74175550","74175848","chr6","34395634","34395934","56","39779916"
"chr5","74190371","74190487","chr10","2691454","2691561","27","71498917"
"chr5","74190519","74190640","chr1","108900313","108900435","22","34709794"
"chr5","74198411","74198534","chr4","85356277","85356400","4","11157866"
"chr5","74230813","74230930","chr4","85386159","85386271","11","11155346"
"chr5","74256235","74256531","chr1","17307782","17308092","67","56948453"
"chr5","74258118","74258405","chr9","12839946","12840246","81","61418172"
"chr5","74305769","74305998","chr17","35976118","35976347","60","38329651"
"chr5","74363696","74363997","chr2","80792120","80792425","68","6428424"
"chr5","74415286","74415580","chr4","85572640","85572928","22","11157354"
"chr5","74469859","74470146","chr4","85627463","85627749","21","11157604"
"chr5","74549833","74550113","chr8","18317115","18317399","63","56232718"
"chr5","74574587","74574865","chr4","85728148","85728434","26","11153561"
"chr5","74863866","74864151","chr4","86013762","86014028","37","11149896"
"chr5","74886446","74886731","chr4","86013762","86014028","37","11127316"
"chr5","74916428","74916687","chr4","86042559","86042829","28","11126131"
"chr5","75188170","75188461","chr4","86310818","86311110","24","11122648"
"chr5","75241598","75241855","chr4","86371651","86371891","32","11130053"
"chr5","75296446","75296651","chr11","102977612","102977826","54","27681166"
"chr5","75436976","75437217","chr4","86551879","86552133","39","11114903"
"chr5","75460714","75460882","chr14","86940195","86940366","49","11479481"
"chr5","75646282","75646576","chr4","86762774","86763072","25","11116492"
"chr5","75695411","75695493","chr4","86808845","86808927","3","11113434"
"chr5","76053936","76054244","chr4","87149475","87149778","40","11095539"
"chr5","76167069","76167358","chr11","118281378","118281671","64","42114309"
"chr5","76241066","76241386","chr5","12204008","12204319","73","64037058"
"chr5","76284455","76284584","chr4","87376943","87377082","17","11092488"
"chr5","76416480","76416566","chr5","36031917","36032002","16","40384563"
"chr5","76430234","76430447","chr4","87522731","87522947","12","11092497"
"chr5","76439427","76439721","chr12","103939005","103939299","56","27499578"
"chr5","76452020","76452318","chr12","42817502","42817783","67","33634518"
"chr5","76455415","76455684","chr4","87553436","87553705","17","11098021"
"chr5","76492725","76492988","chr4","87590379","87590641","16","11097654"
"chr5","76540214","76540508","chr4","87636123","87636393","50","11095909"
"chr5","76558293","76558549","chr4","87648831","87649087","16","11090538"
"chr5","76563443","76563741","chr10","87149364","87149646","74","10585921"
"chr5","76600193","76600495","chr20","96470259","96470566","58","19870066"
"chr5","76604617","76604922","chr4","87695063","87695358","42","11090446"
"chr5","76635601","76635911","chr25","73928257","73928559","58","2707344"
"chr5","76652677","76652948","chr24","77513451","77513730","75","860774"
"chr5","76657442","76657742","chr12","40601683","40601983","52","36055759"
"chr5","76706937","76707233","chr4","87791401","87791694","33","11084464"
"chr5","76712899","76713176","chr19","10747011","10747299","65","65965888"
"chr5","76733014","76733286","chr4","13865502","13865783","67","62867512"
"chr5","76737601","76737696","chr24","70889027","70889115","25","5848574"
"chr5","76761781","76762074","chr11","25252261","25252543","72","51509520"
"chr5","76839059","76839351","chr4","87923934","87924226","36","11084875"
"chr5","76882881","76883110","chr20","97714840","97715059","61","20831959"
"chr5","76894847","76895076","chr20","97714840","97715059","61","20819993"
"chr5","76923869","76924189","chr7","94072820","94073133","65","17148951"
"chr5","76954617","76954740","chr5","17873576","17873699","20","59081041"
"chr5","76964454","76964738","chr13","93901926","93902199","66","16937472"
"chr5","77059685","77059944","chr4","88107592","88107852","19","11047907"
"chr5","77095568","77095791","chr4","88152984","88153206","10","11057416"
"chr5","77108236","77108537","chr18","32854753","32855059","59","44253483"
"chr5","77168612","77168743","chr4","88241894","88242026","8","11073282"
"chr5","77172734","77173010","chr4","88246014","88246284","26","11073280"
"chr5","77229551","77229843","chr5","36085977","36086277","62","41143574"
"chr5","77236585","77236835","chrX","128016424","128016673","63","50779839"
"chr5","77237923","77238221","chr28","11429316","11429610","56","65808607"
"chr5","77282786","77283084","chr28","11429316","11429610","56","65853470"
"chr5","77284172","77284422","chrX","128016424","128016673","63","50732252"
"chr5","77379346","77379583","chr4","88417950","88418190","20","11038604"
"chr5","77410681","77410863","chr6","13263233","13263405","35","64147448"
"chr5","77410915","77411031","chr16","46699547","46699662","23","30711368"
"chr5","77457649","77457954","chr12","40601683","40601983","52","36855966"
"chr5","77477890","77478147","chr4","88511476","88511716","33","11033586"
"chr5","77492040","77492312","chr5","22013995","22014273","58","55478045"
"chr5","77510179","77510376","chr20","113396750","113396947","40","35886571"
"chr5","77514023","77514209","chr28","14623595","14623797","51","62890428"
"chr5","77514507","77514655","chr20","14034570","14034721","28","63479937"
"chr5","77519281","77519607","chr4","88551659","88551964","50","11032378"
"chr5","77527347","77527604","chr4","88511476","88511716","33","10984129"
"chr5","77542908","77543180","chr5","22013995","22014273","58","55528913"
"chr5","77561070","77561267","chr20","113396750","113396947","40","35835680"
"chr5","77564914","77565100","chr28","14623595","14623797","51","62941319"
"chr5","77565398","77565546","chr20","14034570","14034721","28","63530828"
"chr5","77576270","77576564","chr22","18532485","18532779","56","59043785"
"chr5","77584818","77585122","chr4","16782281","16782588","56","60802537"
"chr5","77621588","77621877","chr12","29472912","29473206","55","48148676"
"chr5","77627496","77627774","chr4","88607767","88608040","25","10980271"
"chr5","77631881","77632092","chr4","88613240","88613450","15","10981359"
"chr5","77632692","77632909","chrUn_KE147546v1","84253","84469","45","77548439"
"chr5","77633542","77633826","chr11","6321273","6321564","54","71312269"
"chr5","77703498","77703786","chr2","35878899","35879181","50","41824599"
"chr5","77735124","77735436","chr5","14757791","14758102","56","62977333"
"chr5","77812707","77813056","chr1","34625357","34625671","99","43187350"
"chr5","77873446","77873715","chr21","108214844","108215117","68","30341398"
"chr5","77915127","77915249","chr9","119512066","119512187","16","41596939"
"chr5","78009941","78010166","chr4","88996980","88997194","27","10987039"
"chr5","78101096","78101402","chr4","89079777","89080066","37","10978681"
"chr5","78210694","78210999","chr4","89192956","89193259","22","10982262"
"chr5","78326926","78327181","chr9","96088325","96088569","56","17761399"
"chr5","78514656","78514966","chr4","89488675","89488988","26","10974019"
"chr5","78520725","78521014","chr4","89494805","89495072","41","10974080"
"chr5","78560303","78560588","chrX","5148638","5148922","63","73411665"
"chr5","78597807","78598097","chr4","89565872","89566157","29","10968065"
"chr5","78603433","78603722","chr2","81203304","81203595","58","2599871"
"chr5","78606157","78606412","chr4","89574348","89574603","19","10968191"
"chr5","78612198","78612510","chr1","32282337","32282646","70","46329861"
"chr5","78649280","78649559","chr5","69933160","69933446","60","8716120"
"chr5","78730880","78731150","chr9","12466929","12467200","51","66263951"
"chr5","78848921","78849201","chr4","89812427","89812706","19","10963506"
"chr5","78853619","78853750","chr19","28133264","28133388","20","50720355"
"chr5","78882265","78882507","chr4","89845533","89845819","55","10963268"
"chr5","78895437","78895750","chr5","36390138","36390448","62","42505299"
"chr5","78909733","78910003","chr4","89873220","89873495","19","10963487"
"chr5","78913348","78913642","chr4","89876808","89877107","23","10963460"
"chr5","78937335","78937609","chr4","89900279","89900552","15","10962944"
"chr5","78941167","78941287","chr16","1840924","1841047","22","77100243"
"chr5","78977031","78977325","chr4","89937781","89938062","41","10960750"
"chr5","78979846","78980144","chr4","89940826","89941108","32","10960980"
"chr5","78980215","78980336","chr4","89941179","89941304","9","10960964"
"chr5","79006616","79006880","chr21","34980507","34980781","77","44026109"
"chr5","79026120","79026226","chr14","61387166","61387270","20","17638954"
"chr5","79130956","79131247","chr5","20083693","20083977","62","59047263"
"chr5","79131625","79131930","chr4","90073293","90073594","24","10941668"
"chr5","79140800","79141107","chr4","90076815","90077130","29","10936015"
"chr5","79159598","79159905","chr4","90076815","90077130","29","10917217"
"chr5","79174935","79175111","chr29","23881409","23881589","37","55293526"
"chr5","79207459","79207784","chrX","50529987","50530299","85","28677472"
"chr5","79314031","79314241","chr6","2153065","2153274","43","77160966"
"chr5","79386832","79386975","chr4","90302467","90302607","8","10915635"
"chr5","79387447","79387747","chrX_KE148108v1_random","1020209","1020503","66","78367238"
"chr5","79389409","79389552","chr4","90302467","90302607","8","10913058"
"chr5","79390024","79390324","chrX_KE148108v1_random","1020209","1020503","66","78369815"
"chr5","79451878","79451994","chr4","90362653","90362769","7","10910775"
"chr5","79524474","79524776","chr4","90402023","90402338","34","10877549"
"chr5","79630137","79630243","chr4","90498997","90499103","5","10868860"
"chr5","79670450","79670766","chr5","8223190","8223499","67","71447260"
"chr5","79677772","79678086","chr12","6289939","6290248","64","73387833"
"chr5","79684738","79684936","chr4","90553117","90553315","16","10868379"
"chr5","79688421","79688582","chr6","10234470","10234630","32","69453951"
"chr5","79688613","79688730","chr18","56725161","56725277","19","22963452"
"chr5","79689655","79689948","chr24","54974711","54975008","55","24714944"
"chr5","79719527","79719832","chr18","21490626","21490936","52","58228901"
"chr5","79721587","79721896","chr9","95951467","95951766","51","16229880"
"chr5","79764629","79764932","chr4","90630573","90630882","38","10865944"
"chr5","79787865","79787982","chr4","90649326","90649443","6","10861461"
"chr5","79799337","79799454","chr4","90649326","90649443","6","10849989"
"chr5","79838739","79839023","chr4","90681257","90681545","21","10842518"
"chr5","79856024","79856312","chr4","90710472","90710768","40","10854448"
"chr5","79883377","79883636","chr4","90741252","90741535","40","10857875"
"chr5","79900795","79901084","chr8","80630319","80630610","73","729524"
"chr5","79908949","79909246","chr24","67894276","67894572","55","12014673"
"chr5","79922906","79923205","chr4","90779641","90779937","23","10856735"
"chr5","79943983","79944268","chr15","119279","119561","55","79824704"
"chr5","79945064","79945188","chr4","90801645","90801773","11","10856581"
"chr5","79973288","79973580","chr4","90831465","90831758","17","10858177"
"chr5","79986124","79986433","chr29","3411800","3412102","56","76574324"
"chr5","80019444","80019765","chr4","90875304","90875617","32","10855860"
"chr5","80047758","80048074","chr3","19554105","19554413","53","60493653"
"chr5","80121711","80122025","chr4","90972116","90972430","20","10850405"
"chr5","80129127","80129363","chr11","84980518","84980750","55","4851391"
"chr5","80153092","80153376","chr4","91006392","91006658","39","10853300"
"chr5","80195367","80195597","chr23","1058681","1058921","28","79136686"
"chr5","80201048","80201122","chr5","60645018","60645094","16","19556030"
"chr5","80208930","80209053","chr23","1069432","1069555","3","79139498"
"chr5","80232758","80233060","chr23","1092787","1093083","29","79139971"
"chr5","80273709","80273834","chr23","1135059","1135182","15","79138650"
"chr5","80288865","80288990","chr23","1135059","1135182","15","79153806"
"chr5","80428663","80428961","chr6","4408429","4408728","67","76020234"
"chr5","80539512","80539799","chr21","2595535","2595813","66","77943977"
"chr5","80554225","80554419","chr14","95101056","95101223","61","14546831"
"chr5","80637781","80638066","chr23","74514675","74514966","65","6123106"
"chr5","80640455","80640740","chr23","74514675","74514966","65","6125780"
"chr5","80662447","80662568","chr19","15339098","15339219","29","65323349"
"chr5","80662612","80662778","chr1","15830007","15830171","30","64832605"
"chr5","80666348","80666508","chr18","31495392","31495553","29","49170956"
"chr5","80666556","80666671","chr2","37102046","37102162","16","43564510"
"chr5","80675286","80675597","chr21","70868955","70869257","62","9806331"
"chr5","80748535","80748823","chr23","1551763","1552047","21","79196772"
"chr5","80785479","80785603","chr23","1587375","1587497","16","79198104"
"chr5","80943577","80943795","chr23","1745376","1745597","22","79198201"
"chr5","81012845","81013146","chr23","1813250","1813559","48","79199595"
"chr5","81071350","81071598","chr23","1864853","1865109","25","79206497"
"chr5","81127236","81127521","chr27","5892652","5892929","70","75234584"
"chr5","81142851","81143158","chr9","109665912","109666214","59","28523061"
"chr5","81268968","81269267","chr23_KE148072v1_random","48182","48484","23","81220786"
"chr5","81343233","81343525","chr22","51280973","51281258","70","30062260"
"chr5","81366673","81366965","chr22","51280973","51281258","70","30085700"
"chr5","81594663","81594774","chr23","2208316","2208427","8","79386347"
"chr5","81595108","81595125","chr11","72652914","72652932","4","8942194"
"chr5","81627677","81627971","chr23","2238653","2238935","29","79389024"
"chr5","81630483","81630777","chr23","2238653","2238935","29","79391830"
"chr5","81647707","81647776","chr4","31944528","31944601","18","49703179"
"chr5","81708417","81708700","chr6","32425994","32426271","65","49282423"
"chr5","81720508","81720629","chr23","2306488","2306614","13","79414020"
"chr5","81783399","81783731","chr12","103939005","103939299","92","22155606"
"chr5","81796489","81796777","chr25","18114740","18115019","62","63681749"
"chr5","81800269","81800567","chr8","26516947","26517237","75","55283322"
"chr5","81800737","81801019","chr6","32425994","32426271","59","49374743"
"chr5","81802066","81802263","chr17","37458047","37458235","57","44344019"
"chr5","81822705","81822832","chr23","2406573","2406700","11","79416132"
"chr5","81823215","81823325","chrX","58176208","58176315","24","23647007"
"chr5","81854721","81855019","chr11","12658523","12658826","64","69196198"
"chr5","81863145","81863428","chr17","25662380","25662663","53","56200765"
"chr5","81874982","81875304","chr23","2463788","2464082","41","79411194"
"chr5","81903453","81903744","chr23","2491956","2492250","28","79411497"
"chr5","81914274","81914576","chr15","1989051","1989355","64","79925223"
"chr5","81927789","81927874","chr4","30851018","30851097","23","51076771"
"chr5","81940022","81940139","chr23","2528758","2528875","6","79411264"
"chr5","81942974","81943151","chr9","44344836","44345014","41","37598138"
"chr5","81946877","81947191","chr8","39403993","39404303","69","42542884"
"chr5","81952170","81952336","chr12","27041432","27041587","38","54910738"
"chr5","81973206","81973372","chr12","27041432","27041587","38","54931774"
"chr5","81978351","81978665","chr8","39403993","39404303","70","42574358"
"chr5","81991346","81991631","chr23","2573443","2573724","30","79417903"
"chr5","82001255","82001379","chr23","2592032","2592156","4","79409223"
"chr5","82003657","82003945","chr23","2594402","2594684","28","79409255"
"chr5","82005239","82005509","chr6","37186904","37187181","60","44818335"
"chr5","82010077","82010380","chr23","2601441","2601750","36","79408636"
"chr5","82053281","82053556","chr20","33026867","33027140","61","49026414"
"chr5","82076835","82077128","chr23","2673556","2673843","28","79403279"
"chr5","82260553","82260707","chr7","25221116","25221268","26","57039437"
"chr5","82271527","82271835","chr2","36504258","36504567","75","45767269"
"chr5","82275083","82275358","chr23","2858302","2858588","31","79416781"
"chr5","82413921","82414208","chr6","32425994","32426271","67","49987927"
"chr5","82419171","82419254","chrX","45457057","45457139","10","36962114"
"chr5","82469667","82469749","chr20","87962999","87963065","32","5493332"
"chr5","82469758","82469881","chr5","57569496","57569620","30","24900262"
"chr5","82646369","82646704","chr16","69614997","69615305","86","13031372"
"chr5","82660506","82660818","chr23","3625587","3625901","29","79034919"
"chr5","82672298","82672415","chr23","3617071","3617192","14","79055227"
"chr5","82748650","82748959","chr23","3549728","3550008","60","79198922"
"chr5","82786283","82786438","chr23","3508441","3508587","28","79277842"
"chr5","82786495","82786576","chr23","3508317","3508395","9","79278178"
"chr5","82866595","82866878","chr23","3426557","3426854","33","79440038"
"chr5","82916422","82916707","chr23","3374721","3375010","24","79541701"
"chr5","82969391","82969630","chr3","11319101","11319340","57","71650290"
"chr5","83086700","83087016","chr25","25766863","25767176","67","57319837"
"chr5","83099021","83099311","chr8","11214003","11214288","81","71885018"
"chr5","83271099","83271313","chr8","20604934","20605154","59","62666165"
"chr5","83424292","83424567","chr11","47302095","47302371","61","36122197"
"chr5","83575486","83575789","chr25","44770913","44771213","61","38804573"
"chr5","83591516","83591648","chr23","4353931","4354060","11","79237585"
"chr5","83899371","83899523","chr1","85683534","85683679","29","1784163"
"chr5","84089733","84089905","chr23","4754787","4754966","20","79334946"
"chr5","84238320","84238437","chr11","115755977","115756100","28","31517657"
"chr5","84239806","84240094","chr23","4912218","4912504","34","79327588"
"chr5","84340960","84341238","chr6","37186904","37187181","62","47154056"
"chr5","84376188","84376488","chr23","5039199","5039507","34","79336989"
"chr5","84399627","84399927","chr23","5039199","5039507","34","79360428"
"chr5","84441425","84441718","chr23","5075494","5075777","38","79365931"
"chr5","84450182","84450475","chr23","5084840","5085131","31","79365342"
"chr5","84545611","84545896","chr23","5178481","5178770","24","79367130"
"chr5","84640444","84640697","chr6","44541328","44541584","53","40099116"
"chr5","84823116","84823338","chr19","9223363","9223572","63","75599753"
"chr5","84844076","84844353","chr23","5456027","5456265","54","79388049"
"chr5","84850675","84850785","chr23","5463465","5463576","16","79387210"
"chr5","85099332","85099491","chr11","113915891","113916053","35","28816559"
"chr5","85188311","85188614","chr23","5772269","5772562","40","79416042"
"chr5","85249873","85250116","chr23","5834365","5834611","36","79415508"
"chr5","85265565","85265685","chr23","5848573","5848696","11","79416992"
"chr5","85334941","85335253","chr23","5916090","5916400","28","79418851"
"chr5","85526677","85526980","chr9","95951467","95951766","62","10424790"
"chr5","85639005","85639306","chr23","6209224","6209529","38","79429781"
"chr5","85683709","85683945","chr23","6253281","6253516","25","79430428"
"chr5","85724895","85725205","chr23","6294812","6295073","62","79430083"
"chr5","85755708","85755992","chr23","6325101","6325385","12","79430607"
"chr5","85758242","85758546","chr23","6327652","6327956","24","79430590"
"chr5","85855285","85855573","chr11","104479228","104479515","54","18623943"
"chr5","85872171","85872460","chr23","6443055","6443345","18","79429116"
"chr5","85978508","85978818","chr16","68335130","68335434","62","17643378"
"chr5","85984338","85984572","chr16","57039706","57039944","54","28944632"
"chr5","85986251","85986535","chr23","6542261","6542557","37","79443990"
"chr5","86028123","86028366","chr21","70167212","70167470","66","15860911"
"chr5","86047270","86047572","chr23","6597693","6598004","29","79449577"
"chr5","86132501","86132818","chr23","6686665","6686945","57","79445836"
"chr5","86150524","86150822","chr23","6705203","6705501","13","79445321"
"chr5","86188407","86188670","chr15","88330926","88331185","55","2142519"
"chr5","86275303","86275592","chr23","6824546","6824834","22","79450757"
"chr5","86405315","86405614","chr23","6954253","6954535","33","79451062"
"chr5","86589006","86589297","chr23","7117844","7118126","44","79471162"
"chr5","86646685","86646926","chr23","7179796","7180022","27","79466889"
"chr5","86693798","86693961","chr9","23285436","23285608","34","63408362"
"chr5","86774426","86774743","chr23","7341370","7341667","57","79433056"
"chr5","86887277","86887569","chr8","27508905","27509197","59","59378372"
"chr5","87093348","87093659","chr23","7621678","7621987","53","79471670"
"chr5","87314489","87314567","chr26","41796121","41796199","15","45518368"
"chr5","87334407","87334632","chr13","82591363","82591586","49","4743044"
"chr5","87439311","87439575","chr11","9448951","9449229","54","77990360"
"chr5","87536682","87536990","chr23","8051643","8051952","21","79485039"
"chr5","87705098","87705256","chr23","8255666","8255822","17","79449432"
"chr5","87815862","87816095","chr23","8373334","8373558","21","79442528"
"chr5","87818568","87818872","chr10","76220349","76220648","61","11598219"
"chr5","87845940","87846162","chr6","15206453","15206690","59","72639487"
"chr5","87997672","87997946","chr1","63961451","63961732","58","24036221"
"chr5","88004290","88004420","chr23","8554721","8554868","25","79449569"
"chr5","88126168","88126290","chr13","79009862","79009986","21","9116306"
"chr5","88158755","88159084","chr23","8707933","8708260","49","79450822"
"chr5","88283025","88283342","chr23","8833354","8833649","39","79449671"
"chr5","88444902","88445171","chr23","52205960","52206213","71","36238942"
"chr5","88585093","88585391","chr23","9087507","9087811","23","79497586"
"chr5","88631497","88631612","chr5","43432699","43432817","26","45198798"
"chr5","88632023","88632310","chr23","9145832","9146095","39","79486191"
"chr5","88724463","88724596","chr28","11470655","11470786","22","77253808"
"chr5","88746467","88746773","chrX","15190037","15190336","70","73556430"
"chr5","88848004","88848221","chr2","24928650","24928871","52","63919354"
"chr5","88857419","88857717","chr20","17758606","17758898","63","71098813"
"chr5","88911269","88911563","chr26","12381430","12381722","72","76529839"
"chr5","88975134","88975258","chr23","9467703","9467820","16","79507431"
"chr5","88980089","88980250","chr23","9472684","9472845","18","79507405"
"chr5","88993516","88993789","chr23","9485724","9485995","30","79507792"
"chr5","89044495","89044810","chr6","12258379","12258691","73","76786116"
"chr5","89208568","89208854","chr28","19905089","19905366","70","69303479"
"chr5","89280842","89280927","chr4","74872990","74873075","20","14407852"
"chr5","89296383","89296641","chr27","2184756","2185023","66","87111627"
"chr5","89465709","89465813","chrX_KE148109v1_random","2418612","2418716","20","87047097"
"chr5","89466591","89466806","chr12","43280423","43280648","49","46186168"
"chr5","89576023","89576068","chr23","10078470","10078520","10","79497553"
"chr5","89576378","89576579","chr23","10079226","10079420","23","79497152"
"chr5","89858118","89858409","chr11","104479228","104479515","57","14621110"
"chr5","89886626","89886764","chr23","10383444","10383582","5","79503182"
"chr5","89958026","89958315","chr23","10449152","10449441","25","79508874"
"chr5","90002678","90002981","chr23","10503218","10503518","33","79499460"
"chr5","90016766","90017080","chr23","10517136","10517418","56","79499630"
"chr5","90062398","90062693","chr5","13521515","13521823","67","76540883"
"chr5","90115320","90115430","chr17","4336002","4336114","23","85779318"
"chr5","90209672","90209976","chr23","10703517","10703829","28","79506155"
"chr5","90271008","90271324","chr9","59862290","59862592","62","30408718"
"chr5","90334757","90335047","chr1","108289811","108290100","60","17955054"
"chr5","90336993","90337278","chr23","10830924","10831211","18","79506069"
"chr5","90472149","90472445","chr23","10967099","10967395","15","79505050"
"chr5","90517393","90517682","chr23","11007993","11008281","14","79509400"
"chr5","90521817","90522135","chr22","33504982","33505295","59","57016835"
"chr5","90631145","90631432","chr23","11122070","11122355","18","79509075"
"chr5","90775380","90775679","chr12","18139820","18140120","68","72635560"
"chr5","90779302","90779612","chr20","88100516","88100832","58","2678786"
"chr5","90852524","90852762","chr23","11348791","11349036","21","79503733"
"chr5","90899446","90899727","chr23","11396076","11396364","21","79503370"
"chr5","90998136","90998447","chr15","64611902","64612212","58","26386234"
"chr5","91078187","91078414","chr6","32859989","32860209","50","58218198"
"chr5","91105012","91105146","chr3","22873340","22873470","22","68231672"
"chr5","91107887","91108112","chr8","25853379","25853597","48","65254508"
"chr5","91161599","91161886","chr23","11653466","11653756","21","79508133"
"chr5","91180409","91180698","chr23","11654190","11654479","40","79526219"
"chr5","91181127","91181414","chr23","11653466","11653756","21","79527661"
"chr5","91290620","91290923","chr6","12575828","12576126","60","78714792"
"chr5","91332183","91332473","chr23","11806346","11806638","18","79525837"
"chr5","91358343","91358638","chr23","11832393","11832688","14","79525950"
"chr5","91397236","91397526","chr23","11806346","11806638","18","79590890"
"chr5","91426180","91426475","chr23","11832393","11832688","14","79593787"
"chr5","91429844","91430139","chr23","11832393","11832688","14","79597451"
"chr5","91441823","91442085","chr11","61724904","61725155","62","29716919"
"chr5","91446727","91446816","chr23","11849739","11849828","3","79596988"
"chr5","91448709","91449003","chr9","227543","227844","68","91221166"
"chr5","91456420","91456735","chr23","11892612","11892933","30","79563808"
"chr5","91458080","91458367","chr23","11894269","11894550","43","79563811"
"chr5","91469349","91469643","chr23","11866082","11866377","19","79603267"
"chr5","91482346","91482649","chr23","11894269","11894550","54","79588077"
"chr5","91483994","91484309","chr23","11892612","11892933","30","79591382"
"chr5","91485038","91485334","chr23","11891570","11891884","40","79593468"
"chr5","91505156","91505452","chr23","11891570","11891884","40","79613586"
"chr5","91506181","91506496","chr23","11892612","11892933","30","79613569"
"chr5","91507841","91508144","chr23","11894269","11894550","54","79613572"
"chr5","91524811","91525066","chr23","11905846","11906108","30","79618965"
"chr5","91537291","91537569","chr22","33245244","33245526","62","58292047"
"chr5","91597108","91597415","chr28","15141829","15142140","60","76455279"
"chr5","91617086","91617349","chr23","11993178","11993455","28","79623908"
"chr5","91626051","91626301","chr23","12002161","12002396","35","79623890"
"chr5","91634445","91634728","chr23","12007965","12008267","45","79626480"
"chr5","91706701","91706811","chr23","12079287","12079396","6","79627414"
"chr5","91711187","91711468","chr23","12083502","12083789","22","79627685"
"chr5","91713560","91713856","chr23","12085861","12086166","38","79627699"
"chr5","91718254","91718539","chr23","12090612","12090897","18","79627642"
"chr5","91730587","91730721","chr23","12102973","12103107","8","79627614"
"chr5","91737193","91737488","chr23","12109459","12109744","35","79627734"
"chr5","91757800","91758152","chr23","12130729","12131038","67","79627071"
"chr5","91791705","91792006","chr12","40601683","40601983","57","51190022"
"chr5","91840096","91840396","chr19","13096889","13097191","53","78743207"
"chr5","91841649","91841932","chr23","12212504","12212786","26","79629145"
"chr5","91851283","91851375","chr23","12230560","12230652","7","79620723"
"chr5","91864259","91864439","chr23","12243876","12244064","15","79620383"
"chr5","91874570","91874872","chr12","103939005","103939299","61","12064435"
"chr5","91889977","91890038","chr28","14262503","14262567","17","77627474"
"chr5","91893362","91893671","chr18","71966149","71966446","68","19927213"
"chr5","91920446","91920597","chr28","1649472","1649617","42","90270974"
"chr5","91976120","91976443","chr22","6459533","6459839","86","85516587"
"chr5","92004382","92004504","chr23","12380039","12380160","6","79624343"
"chr5","92017731","92018040","chr23","12392346","12392642","35","79625385"
"chr5","92115931","92116231","chr23","12493247","12493547","30","79622684"
"chr5","92365698","92365976","chr23","12725360","12725638","24","79640338"
"chr5","92405099","92405377","chr23","12725360","12725638","29","79679739"
"chr5","92418185","92418457","chr23","12770457","12770767","56","79647728"
"chr5","92495790","92496086","chr5","36085977","36086277","53","56409813"
"chr5","92499059","92499372","chr7","12701774","12702086","59","79797285"
"chr5","92573568","92573806","chr25","54386979","54387220","74","38186589"
"chr5","92587714","92588013","chr23","12927715","12927999","29","79659999"
"chr5","92648724","92648817","chr23","12987902","12988009","20","79660822"
"chr5","92675278","92675583","chr3","28499359","28499659","66","64175919"
"chr5","92766751","92767054","chr23","13099303","13099608","21","79667448"
"chr5","92806649","92806991","chr23","13159071","13159393","36","79647578"
"chr5","92816175","92816455","chr23","13147057","13147338","20","79669118"
"chr5","92824427","92824751","chr23","13159071","13159393","19","79665356"
"chr5","92845041","92845329","chr24","46414974","46415259","56","46430067"
"chr5","92856410","92856687","chr28","16856842","16857125","64","75999568"
"chr5","92961160","92961441","chr23","13286067","13286315","54","79675093"
"chr5","93396501","93396743","chr23","13716037","13716273","36","79680464"
"chr5","93569160","93569418","chr5","36231330","36231593","63","57337830"
"chr5","93578890","93579184","chr25","44770913","44771213","61","48807977"
"chr5","93593389","93593685","chr9","68525091","68525390","70","25068298"
"chr5","93734719","93735022","chr8","35090872","35091179","71","58643847"
"chr5","93736637","93736948","chr23","14047812","14048112","29","79688825"
"chr5","93805099","93805228","chr6","9317929","9318056","21","84487170"
"chr5","94134750","94135018","chr6","24617069","24617343","66","69517681"
"chr5","94244819","94245094","chr20","72122755","72123036","59","22122064"
"chr5","94263779","94264043","chr23","14532554","14532816","26","79731225"
"chr5","94319877","94320012","chr23","14591944","14592058","23","79727933"
"chr5","94359949","94360221","chr23","14633319","14633611","40","79726630"
"chr5","94479890","94480050","chr6","12486783","12486941","34","81993107"
"chr5","94480338","94480477","chr1","44883492","44883633","35","49596846"
"chr5","94508709","94509005","chr23","14787966","14788256","18","79720743"
"chr5","94514900","94515188","chr23","14794100","14794387","19","79720800"
"chr5","94542249","94542553","chr23","14821190","14821496","26","79721059"
"chr5","94562822","94563131","chr2","37293386","37293688","67","57269436"
"chr5","94586897","94586980","chr23","14865106","14865180","13","79721791"
"chr5","94749484","94749802","chr5","56241771","56242089","59","38507713"
"chr5","94855576","94855883","chr23","15124994","15125301","29","79730582"
"chr5","94861526","94861792","chr23","15130932","15131203","24","79730594"
"chr5","95196001","95196311","chr9","227543","227844","65","94968458"
"chr5","95280130","95280251","chr23","15522329","15522450","5","79757801"
"chr5","95308750","95309053","chr23","15553065","15553380","38","79755685"
"chr5","95310509","95310568","chr10","19236416","19236476","15","76074093"
"chr5","95345479","95345766","chr16","8941623","8941905","61","86403856"
"chr5","95350913","95351189","chr23","15595185","15595465","22","79755728"
"chr5","95357389","95357511","chr11","107687928","107688052","21","12330539"
"chr5","95402781","95403075","chr1","108289811","108290100","64","12887030"
"chr5","95404353","95404652","chr23","15650496","15650804","28","79753857"
"chr5","95480862","95481138","chr28","16410907","16411195","63","79069955"
"chr5","95553887","95554136","chr23","15782961","15783214","19","79770926"
"chr5","95554153","95554464","chr23","15783231","15783541","32","79770922"
"chr5","95563568","95563808","chr23","15792841","15793082","12","79770727"
"chr5","95577856","95578162","chr9","103606114","103606420","63","8028258"
"chr5","95623325","95623521","chr6","10210844","10211042","55","85412481"
"chr5","95636271","95636512","chr7","13032328","13032577","53","82603943"
"chr5","95697149","95697443","chrX","5148638","5148922","55","90548511"
"chr5","95720789","95720914","chr15","4227960","4228086","25","91492829"
"chr5","95720932","95721249","chr17","36553442","36553750","68","59167490"
"chr5","95760557","95760865","chr23","15964186","15964489","27","79796371"
"chr5","95784779","95785052","chr5","15071172","15071451","57","80713607"
"chr5","95825474","95825683","chr28","1358126","1358339","47","94467348"
"chr5","95867517","95867751","chr9","30477758","30478003","68","65389759"
"chr5","95888213","95888471","chr23","16091895","16092157","18","79796318"
"chr5","95891970","95892222","chr23","16097611","16097873","29","79794359"
"chr5","95904988","95905266","chr1","18610357","18610639","60","77294631"
"chr5","95916646","95916792","chr1","19382834","19382991","42","76533812"
"chr5","95917089","95917223","chr23","16122520","16122661","12","79794569"
"chr5","95932117","95932331","chr23","16138698","16138929","35","79793419"
"chr5","95942041","95942331","chrX","64160662","64160958","58","31781379"
"chr5","95957463","95957749","chr23","16162790","16163085","27","79794673"
"chr5","95963309","95963423","chr9","99624261","99624369","20","3660952"
"chr5","95967894","95968192","chr23","16172947","16173252","37","79794947"
"chr5","95971954","95972158","chr23","16177052","16177256","21","79794902"
"chr5","95982044","95982120","chr16","55787876","55787952","22","40194168"
"chr5","95983758","95984013","chr5","53406555","53406815","52","42577203"
"chr5","95994865","95994952","chr23","16204859","16204943","8","79790006"
"chr5","96051569","96051851","chr5","40117180","40117453","75","55934389"
"chr5","96057053","96057332","chr29","2865754","2866013","68","93191299"
"chr5","96068736","96068907","chr6","2105468","2105636","40","93963268"
"chr5","96070337","96070634","chr10","119371992","119372292","65","23301655"
"chr5","96083601","96083745","chr23","16283155","16283312","27","79800446"
"chr5","96084042","96084204","chr23","16283618","16283782","18","79800424"
"chr5","96177127","96177427","chr12","103939005","103939299","53","7761878"
"chr5","96186940","96187160","chr20","124620514","124620727","52","28433574"
"chr5","96197752","96198049","chr23","16386828","16387112","44","79810924"
"chr5","96262645","96262902","chr27","40190981","40191239","46","56071664"
"chr5","96289622","96289920","chr23","16478436","16478713","39","79811186"
"chr5","96407568","96407782","chr23","16593259","16593488","28","79814309"
"chr5","96424456","96424756","chr23","16612966","16613282","34","79811490"
"chr5","96455644","96455890","chr11","53380859","53381103","70","43074785"
"chr5","96466545","96466845","chr23","16655532","16655836","17","79811013"
"chr5","96482025","96482303","chr19","26444160","26444447","57","70037865"
"chr5","96491188","96491492","chr23","16680746","16681047","30","79810442"
"chr5","96504949","96505275","chr23","16694463","16694793","25","79810486"
"chr5","96519082","96519410","chr23","16708742","16709057","34","79810340"
"chr5","96554093","96554329","chr5","43066745","43066978","46","53487348"
"chr5","96561417","96561678","chr23","16747358","16747615","16","79814059"
"chr5","96578970","96579251","chr23","16753861","16754166","41","79825109"
"chr5","96646340","96646614","chr23","16826366","16826637","23","79819974"
"chr5","96651772","96652090","chr23","16831822","16832123","34","79819950"
"chr5","96654933","96654980","chr23","16834913","16834959","3","79820020"
"chr5","96691151","96691453","chr25","70650406","70650702","64","26040745"
"chr5","96701645","96701943","chr6","4408429","4408728","62","92293216"
"chr5","96748946","96749105","chr1","52334241","52334402","30","44414705"
"chr5","96749135","96749241","chr5","17656398","17656512","21","79092737"
"chr5","96750979","96751184","chr7","24627501","24627704","42","72123478"
"chr5","96772286","96772532","chr23","16938658","16938901","23","79833628"
"chr5","96780597","96780737","chr28","12279503","12279634","31","84501094"
"chr5","96781046","96781216","chr1","64080714","64080887","30","32700332"
"chr5","96903044","96903332","chr25","18114740","18115019","59","78788304"
"chr5","96910577","96910870","chr12","103939005","103939299","60","7028428"
"chr5","96911072","96911321","chr23","17051391","17051634","25","79859681"
"chr5","96913188","96913474","chr23","17053289","17053573","19","79859899"
"chr5","96942875","96943163","chrX","4267137","4267426","47","92675738"
"chr5","97094793","97094967","chr22","51865467","51865633","48","45229326"
"chr5","97096180","97096476","chr23","17220799","17221095","18","79875381"
"chr5","97346864","97347036","chr23","17457536","17457716","23","79889328"
"chr5","97520660","97520932","chr23","17613923","17614213","34","79906737"
"chr5","97563151","97563442","chr23","17655994","17656265","43","79907157"
"chr5","97881400","97881694","chr23","17926959","17927266","36","79954441"
"chr5","98054487","98054745","chr4","4723234","4723504","73","93331253"
"chr5","98195265","98195564","chr23","18257601","18257892","35","79937664"
"chr5","98206295","98206593","chr23","18284735","18285034","35","79921560"
"chr5","98224970","98225102","chr23","18301989","18302116","16","79922981"
"chr5","98245394","98245677","chr23","18324167","18324444","22","79921227"
"chr5","98250847","98251139","chr23","18329695","18330005","38","79921152"
"chr5","98346475","98346779","chr5","10747410","10747717","55","87599065"
"chr5","98355848","98356005","chr23","18441065","18441222","7","79914783"
"chr5","98386211","98386470","chr1","46320121","46320386","65","52066090"
"chr5","98399893","98400075","chr23","18491172","18491340","28","79908721"
"chr5","98428409","98428697","chr23","18521022","18521303","25","79907387"
"chr5","98453698","98454003","chr18","32854753","32855059","64","65598945"
"chr5","98474533","98474832","chr23","18561635","18561945","47","79912898"
"chr5","98674043","98674343","chr23","18765149","18765430","36","79908894"
"chr5","98682121","98682358","chr2","83250515","83250773","61","15431606"
"chr5","98713924","98714222","chr23","18800735","18801033","13","79913189"
"chr5","98755377","98755632","chr3","6240138","6240396","65","92515239"
"chr5","98874822","98874900","chr26","41796121","41796199","8","57078701"
"chr5","98929324","98929619","chr23","11866082","11866377","65","87063242"
"chr5","98930803","98930868","chr2","20062371","20062436","15","78868432"
"chr5","98949467","98949668","chr21","41476338","41476548","45","57473129"
"chr5","98955460","98955752","chr9","32982579","32982865","62","65972881"
"chr5","98989860","98989949","chr29","18343429","18343519","14","80646431"
"chr5","99016226","99016562","chr6","31043921","31044238","90","67972305"
"chr5","99059269","99059390","chr23","19143777","19143898","6","79915492"
"chr5","99069747","99070047","chr23","19154104","19154409","25","79915643"
"chr5","99109532","99109827","chr20","41678571","41678867","59","57430961"
"chr5","99223061","99223366","chr11","7116582","7116882","50","92106479"
"chr5","99227744","99228046","chr23","19357159","19357461","19","79870585"
"chr5","99279432","99279740","chrX","1212268","1212562","71","98067164"
"chr5","99455991","99456114","chr6","42175079","42175207","26","57280912"
"chr5","99456162","99456324","chr12","46691474","46691630","30","52764688"
"chr5","99492746","99492890","chr9","85647845","85647982","33","13844901"
"chr5","99583465","99583764","chr23","19706215","19706515","17","79877250"
"chr5","99585057","99585351","chr23","19707749","19708047","46","79877308"
"chr5","99721086","99721379","chr18","15499195","15499482","62","84221891"
"chr5","99732353","99732634","chr23","19852301","19852589","20","79880052"
"chr5","99956560","99956684","chr6","32572959","32573083","21","67383601"
"chr5","99968521","99968687","chr15","4224422","4224594","37","95744099"
"chr5","99979454","99979741","chr23","20096043","20096316","34","79883411"
"chr5","99993446","99993735","chr23","20108373","20108667","13","79885073"
"chr5","100000001","100000250","chr19","18320527","18320775","55","81679474"
"chr5","100028346","100028659","chr16","61087137","61087448","66","38941209"
"chr5","100065635","100065934","chr9","20614630","20614927","63","79451005"
"chr5","100074283","100074561","chr23","20195573","20195848","21","79878710"
"chr5","100091955","100092267","chr23","20213280","20213588","30","79878675"
"chr5","100136443","100136755","chr23","20257478","20257799","31","79878965"
"chr5","100236538","100236826","chr23","20353822","20354111","32","79882716"
"chr5","100320378","100320574","chr8","28330290","28330495","48","71990088"
"chr5","100349132","100349182","chr26","16980097","16980141","9","83369035"
"chr5","100349224","100349510","chr6","38097093","38097365","66","62252131"
"chr5","100428465","100428769","chr6","48480921","48481189","92","51947544"
"chr5","100544440","100544564","chr23","20652500","20652623","10","79891940"
"chr5","100590982","100591276","chr23","20698943","20699243","28","79892039"
"chr5","100609125","100609352","chr23","20717642","20717849","32","79891483"
"chr5","100692077","100692363","chrX","38693780","38694067","64","61998297"
"chr5","100900736","100900885","chr3","30426027","30426174","28","70474709"
"chr5","100908238","100908443","chr18","58295904","58296108","48","42612334"
"chr5","100932861","100933110","chr23","21031414","21031668","23","79901447"
"chr5","101011791","101011981","chr15","81590085","81590278","46","19421706"
"chr5","101125917","101126117","chr23","21225360","21225572","30","79900557"
"chr5","101182284","101182576","chr26","38769375","38769657","82","62412909"
"chr5","101301844","101301996","chr9","70765050","70765200","43","30536794"
"chr5","101435402","101435690","chr23","21525101","21525416","46","79910301"
"chr5","101582311","101582592","chr17","41420191","41420475","75","60162120"
"chr5","101630294","101630409","chr23","21701507","21701622","5","79928787"
"chr5","101770302","101770586","chr23","21835203","21835487","23","79935099"
"chr5","101849812","101850110","chr23","21916214","21916512","16","79933598"
"chr5","101875867","101876165","chr16","63667976","63668270","51","38207891"
"chr5","101983346","101983635","chr23","22056267","22056556","24","79927079"
"chr5","101996497","101996603","chr22","30206033","30206141","19","71790464"
"chr5","102095897","102096203","chr23","22163507","22163790","46","79932390"
"chr5","102112619","102112849","chr14","96114348","96114586","58","5998271"
"chr5","102112885","102113000","chr23","22180576","22180691","7","79932309"
"chr5","102118217","102118347","chr23","22185908","22186038","13","79932309"
"chr5","102118497","102118794","chr26","16830186","16830482","57","85288311"
"chr5","102192435","102192605","chr26","34543504","34543669","31","67648931"
"chr5","102192908","102193193","chr23","22247795","22248076","18","79945113"
"chr5","102204844","102205137","chr9","62304974","62305266","61","39899870"
"chr5","102207230","102207393","chr5","44270941","44271101","38","57936289"
"chr5","102233458","102233757","chr15","33245367","33245671","59","68988091"
"chr5","102234726","102235021","chr23","22291724","22292018","29","79943002"
"chr5","102238829","102239109","chr23","22294784","22295073","26","79944045"
"chr5","102241438","102241724","chr18","21204763","21205045","48","81036675"
"chr5","102248814","102248941","chr23","22300897","22301013","19","79947917"
"chr5","102250057","102250129","chr23","22302125","22302198","5","79947932"
"chr5","102271856","102272049","chr5","52836555","52836774","63","49435301"
"chr5","102273004","102273131","chr23","22300897","22301013","19","79972107"
"chr5","102277477","102277765","chr23","22320331","22320638","42","79957146"
"chr5","102281001","102281180","chr16","1619032","1619210","38","100661969"
"chr5","102281181","102281480","chr23","22323978","22324273","27","79957203"
"chr5","102281481","102281494","chr1","92083515","92083527","2","10197966"
"chr5","102299949","102300247","chr23","22339177","22339470","22","79960772"
"chr5","102302797","102303065","chr23","22341720","22341988","26","79961077"
"chr5","102307302","102307607","chr23","22345948","22346244","29","79961354"
"chr5","102321679","102321811","chr10","57264984","57265114","22","45056695"
"chr5","102360717","102361003","chr23","22394525","22394824","26","79966192"
"chr5","102374627","102374743","chr23","22407777","22407882","18","79966850"
"chr5","102389899","102390217","chr4","72236676","72236987","68","30153223"
"chr5","102423851","102423975","chr20","16985385","16985507","18","85438466"
"chr5","102437731","102437922","chr16","58714294","58714474","45","43723437"
"chr5","102445772","102446020","chr10","88953710","88953962","53","13492062"
"chr5","102516127","102516439","chr23","22550516","22550823","36","79965611"
"chr5","102521241","102521536","chr5","17983640","17983937","61","84537601"
"chr5","102523383","102523686","chr18","71910938","71911233","64","30612445"
"chr5","102530057","102530187","chr6","32986722","32986851","18","69543335"
"chr5","102572345","102572607","chr11","49116825","49117097","67","53455520"
"chr5","102585055","102585348","chr6","2173195","2173490","65","100411860"
"chr5","102669271","102669571","chr23","22685869","22686153","47","79983402"
"chr5","102681193","102681499","chr11","75012171","75012475","61","27669022"
"chr5","102685645","102685897","chr11","61724904","61725155","57","40960741"
"chr5","102742174","102742453","chr23","22758751","22759021","25","79983423"
"chr5","102824854","102825140","chr10","87149364","87149646","65","15675490"
"chr5","102836714","102837029","chr23","22844942","22845247","34","79991772"
"chr5","102870668","102870845","chr23","22875814","22875967","35","79994854"
"chr5","102890274","102890556","chr23","22890655","22890923","40","79999619"
"chr5","102931915","102932231","chr23","22921524","22921836","33","80010391"
"chr5","103088038","103088343","chr23","23063110","23063416","18","80024928"
"chr5","103094347","103094465","chrX","17199633","17199749","20","85894714"
"chr5","103227208","103227498","chr22","27249308","27249593","39","75977900"
"chr5","103272859","103273147","chr23","23335885","23336175","42","79936974"
"chr5","103294073","103294210","chr23","23314669","23314806","10","79979404"
"chr5","103348026","103348321","chr23","23264692","23264979","34","80083334"
"chr5","103372284","103372405","chr23","23245230","23245344","12","80127054"
"chr5","103372455","103372595","chr23","23245041","23245195","33","80127414"
"chr5","103419330","103419647","chr24","50856214","50856534","69","52563116"
"chr5","103518408","103518675","chr23","23134985","23135255","20","80383423"
"chr5","103696343","103696647","chr23","23634658","23634961","26","80061685"
"chr5","103702504","103702767","chr23","23640779","23641049","23","80061725"
"chr5","103721245","103721331","chr23","23654586","23654669","6","80066659"
"chr5","103770770","103770883","chr23","23706398","23706511","10","80064372"
"chr5","103832726","103833023","chr23","23764004","23764263","62","80068722"
"chr5","103956728","103956994","chr23","23879197","23879464","23","80077531"
"chr5","104048733","104049040","chr23","23971825","23972137","40","80076908"
"chr5","104074821","104075079","chr23","23989647","23989912","22","80085174"
"chr5","104240919","104241211","chr23","24157346","24157635","20","80083573"
"chr5","104316345","104316470","chr28","11470655","11470786","26","92845690"
"chr5","104387076","104387390","chr23","24273823","24274135","35","80113253"
"chr5","104401600","104401888","chr23","24297339","24297623","25","80104261"
"chr5","104422198","104422484","chr20","24734520","24734810","65","79687678"
"chr5","104707311","104707616","chr23","24590500","24590789","34","80116811"
"chr5","105072153","105072422","chr23","24949223","24949498","23","80122930"
"chr5","105177799","105178074","chr5","10725937","10726200","71","94451862"
"chr5","105275312","105275623","chr1","58467749","58468045","90","46807563"
"chr5","105295286","105295393","chr23","25150620","25150736","12","80144666"
"chr5","105296698","105296983","chr22","47745877","47746161","54","57550821"
"chr5","105410711","105411010","chr1","15363451","15363744","62","90047260"
"chr5","105430551","105430804","chr11","127179948","127180213","65","21749397"
"chr5","105587554","105587678","chr23","25439264","25439389","14","80148290"
"chr5","105590919","105591241","chr24","69773313","69773609","75","35817606"
"chr5","105598627","105598910","chr23","25450101","25450390","49","80148526"
"chr5","105606161","105606453","chr23","25457550","25457847","23","80148611"
"chr5","105644490","105644790","chr23","25495891","25496186","23","80148599"
"chr5","105723266","105723352","chr7","129403277","129403362","17","23680011"
"chr5","105757500","105757805","chr23","25598941","25599254","26","80158559"
"chr5","105761391","105761663","chr23","25602865","25603153","28","80158526"
"chr5","105785087","105785286","chr19","24783029","24783211","51","81002058"
"chr5","105808931","105809187","chr7","128469658","128469902","61","22660727"
"chr5","105866827","105867003","chr6","2105468","2105636","37","103761359"
"chr5","105918135","105918409","chrX","95006249","95006527","63","10911886"
"chr5","105939816","105940118","chr23","25760259","25760547","40","80179557"
"chr5","105948056","105948188","chr6","38050503","38050636","25","67897553"
"chr5","105952988","105953261","chr12","87334913","87335173","72","18618075"
"chr5","105981314","105981611","chr2","39021480","39021781","66","66959834"
"chr5","105997040","105997171","chr23","25818529","25818660","8","80178511"
"chr5","106039814","106040098","chr23","25844432","25844719","29","80195382"
"chr5","106096190","106096312","chr23","25905633","25905755","14","80190557"
"chr5","106101853","106102143","chr19","10747011","10747299","59","95354842"
"chr5","106121549","106121837","chr6","2173195","2173490","69","103948354"
"chr5","106124830","106125105","chr5","52409774","52410054","66","53715056"
"chr5","106126502","106126797","chr12","103939005","103939299","66","2187497"
"chr5","106143482","106143785","chr23","25959615","25959921","26","80183867"
"chr5","106158722","106159017","chr22","47618067","47618361","58","58540655"
"chr5","106164262","106164394","chr23","25976630","25976757","12","80187632"
"chr5","106166419","106166741","chr23","25978717","25979037","28","80187702"
"chr5","106227192","106227404","chr21","41476338","41476548","47","64750854"
"chr5","106265402","106265669","chr16","44225691","44225966","55","62039711"
"chr5","106308984","106309283","chr12","103939005","103939299","52","2369979"
"chr5","106313182","106313339","chr5","58252581","58252731","36","48060601"
"chr5","106313659","106313815","chrX","50689847","50690004","36","55623812"
"chr5","106418525","106418798","chr23","26274850","26275114","26","80143675"
"chr5","106596610","106596897","chr23","26441204","26441492","22","80155406"
"chr5","106601886","106602166","chr2","34751362","34751648","54","71850524"
"chr5","106659786","106660077","chr3","45919781","45920089","31","60740005"
"chr5","106697867","106698175","chr23","26539797","26540107","32","80158070"
"chr5","106741399","106741704","chr23","26569568","26569859","31","80171831"
"chr5","106754419","106754531","chr23","26582431","26582543","12","80171988"
"chr5","106799095","106799408","chr23","26626099","26626412","30","80172996"
"chr5","106826128","106826290","chr23","26653442","26653604","17","80172686"
"chr5","106834603","106834811","chr23","26661722","26661931","18","80172881"
"chr5","106909085","106909205","chr23","26731645","26731767","11","80177440"
"chr5","106918378","106918666","chr25","74631040","74631324","61","32287338"
"chr5","107028476","107028728","chr16","16779860","16780117","53","90248616"
"chr5","107030583","107030854","chr15","1328500","1328775","59","105702083"
"chr5","107091455","107091729","chr11","115870363","115870644","57","8778908"
"chr5","107229303","107229619","chr16","25158686","25158970","83","82070617"
"chr5","107302275","107302571","chr4","56526075","56526372","61","50776200"
"chr5","107323146","107323274","chr21","118310773","118310902","18","10987627"
"chr5","107338910","107339140","chr16","716935","717157","47","106621975"
"chr5","107365159","107365440","chr23","27166946","27167221","29","80198213"
"chr5","107514974","107515282","chr23","27311474","27311799","45","80203500"
"chr5","107516113","107516375","chr23","27312657","27312927","27","80203456"
"chr5","107525551","107525828","chr23","27322090","27322352","44","80203461"
"chr5","107552618","107552807","chrUn_AQIB01158857v1","824","1008","53","107551794"
"chr5","107618023","107618290","chr12","86194560","86194832","72","21423463"
"chr5","107651817","107651954","chr14","48638524","48638660","31","59013293"
"chr5","107676318","107676619","chr23","27460878","27461170","35","80215440"
"chr5","107704610","107704916","chr21","25351246","25351547","61","82353364"
"chr5","107785311","107785568","chr24","8674811","8675074","64","99110500"
"chr5","107802209","107802500","chr10","76220349","76220648","62","31581860"
"chr5","107805940","107806124","chr23","27577241","27577424","11","80228699"
"chr5","107820299","107820607","chr23","27591423","27591708","54","80228876"
"chr5","107840353","107840650","chr23","27612027","27612325","8","80228326"
"chr5","107853182","107853475","chr23","27623972","27624267","26","80229210"
"chr5","107865457","107865625","chr6","3912511","3912671","34","103952946"
"chr5","107865651","107865767","chr24","53656682","53656799","23","54208969"
"chr5","107893986","107894119","chr8","68545076","68545209","18","39348910"
"chr5","107914366","107914662","chr23","27685989","27686285","18","80228377"
"chr5","107921240","107921513","chrX_KE148108v1_random","477207","477471","78","107444033"
"chr5","107939960","107940250","chr12","26637238","26637526","65","81302722"
"chr5","107940473","107940733","chr23","27702566","27702821","21","80237907"
"chr5","107952938","107953228","chr12","26637238","26637526","65","81315700"
"chr5","108001646","108001767","chr6","6932622","6932742","19","101069024"
"chr5","108002072","108002238","chr23","27764843","27765002","25","80237229"
"chr5","108026774","108026991","chr6","2295430","2295649","41","105731344"
"chr5","108028651","108028898","chr23","27791631","27791877","15","80237020"
"chr5","108054865","108055164","chr5","26112911","26113207","63","81941954"
"chr5","108062744","108063062","chr23","27825910","27826222","27","80236834"
"chr5","108114107","108114365","chr23","60099232","60099496","62","48014875"
"chr5","108125860","108126086","chr23","27888622","27888851","18","80237238"
"chr5","108172861","108173101","chr11","96531996","96532228","59","11640865"
"chr5","108177673","108177913","chr11","96531996","96532228","59","11645677"
"chr5","108185611","108185674","chr1","56639578","56639644","22","51546033"
"chr5","108186682","108186859","chr23","27938862","27939037","20","80247820"
"chr5","108187206","108187339","chr23","27939358","27939488","14","80247848"
"chr5","108189571","108189854","chr16","23293564","23293849","65","84896007"
"chr5","108202763","108203071","chr23","27956290","27956598","22","80246473"
"chr5","108211364","108211689","chr24","67894276","67894572","87","40317088"
"chr5","108255830","108256002","chr12","57802207","57802372","32","50453623"
"chr5","108256309","108256443","chr14","21806073","21806204","28","86450236"
"chr5","108419289","108419468","chr23","28150383","28150539","34","80268906"
"chr5","108513737","108513848","chr23","28243361","28243471","10","80270376"
"chr5","108543316","108543616","chr7","30871925","30872228","64","77671391"
"chr5","108570675","108570970","chr22","64730999","64731302","67","43839676"
"chr5","108635836","108636135","chr23","28375655","28375954","26","80260181"
"chr5","108649310","108649427","chr5","27051161","27051277","17","81598149"
"chr5","108671508","108671812","chr23","28407990","28408299","24","80263518"
"chr5","109065637","109065760","chr23","28805269","28805391","6","80260368"
"chr5","109166622","109166909","chr18","69293191","69293485","58","39873431"
"chr5","109172780","109173075","chr23","28895839","28896133","31","80276941"
"chr5","109502461","109502639","chrX_KE148108v1_random","1973273","1973446","33","107529188"
"chr5","109521486","109521794","chr23","29226197","29226511","29","80295289"
"chr5","109689097","109689352","chr28","9200666","9200928","57","100488431"
"chr5","109725371","109725644","chr23","29428718","29429013","38","80296653"
"chr5","109760403","109760503","chr22","18854271","18854370","22","90906132"
"chr5","109774296","109774558","chr27","24498388","24498657","52","85275908"
"chr5","109810852","109811174","chr23","29517766","29518128","59","80293086"
"chr5","109821792","109822078","chr23","29527180","29527466","18","80294612"
"chr5","109831322","109831611","chr23","29537546","29537831","26","80293776"
"chr5","109837119","109837409","chr23","29558546","29558829","27","80278573"
"chr5","109837697","109837875","chr28","6416645","6416821","50","103421052"
"chr5","109840434","109840717","chr16","21729451","21729730","53","88110983"
"chr5","109845790","109846057","chr5","21424130","21424383","69","88421660"
"chr5","109848676","109848854","chr28","6416645","6416821","50","103432031"
"chr5","109849142","109849432","chr23","29558546","29558829","27","80290596"
"chr5","109864906","109864967","chr10","78771703","78771766","16","31093203"
"chr5","109866312","109866636","chr4","72390177","72390495","79","37476135"
"chr5","109867605","109867898","chr25","18842773","18843067","63","91024832"
"chr5","109892446","109892635","chr23","29598081","29598264","26","80294365"
"chr5","109892930","109893037","chr23","29598556","29598663","8","80294374"
"chr5","109909046","109909333","chr26","17825102","17825397","65","92083944"
"chr5","109922707","109922983","chr23","29627417","29627701","34","80295290"
"chr5","109923504","109923680","chr10","104557746","104557936","50","5365758"
"chr5","109974909","109975097","chr23","29686131","29686317","15","80288778"
"chr5","109988738","109989026","chr11","113294335","113294625","52","3305597"
"chr5","109993522","109993805","chr9","120280670","120280946","56","10287148"
"chr5","110026546","110026670","chr23","29731386","29731510","7","80295160"
"chr5","110092548","110092850","chr23","29782664","29782971","43","80309884"
"chr5","110250380","110250678","chr11","46228408","46228704","62","64021972"
"chr5","110284799","110285036","chr23","29945057","29945298","16","80339742"
"chr5","110441783","110442077","chr14","123597","123894","32","110318186"
"chr5","110466292","110466562","chr23","30112586","30112851","26","80353706"
"chr5","110479230","110479524","chr23","30126288","30126591","27","80352942"
"chr5","110485954","110486227","chr23","30133071","30133344","7","80352883"
"chr5","110508138","110508394","chr26","10060339","10060575","62","100447799"
"chr5","110668429","110668743","chr28","18723682","18723992","64","91944747"
"chr5","110672905","110673198","chr17","64963541","64963831","60","45709364"
"chr5","110674465","110674590","chr24","49430108","49430234","18","61244357"
"chr5","110800449","110800746","chr23","30468989","30469284","15","80331460"
"chr5","110800829","110801165","chr23","30469382","30469717","41","80331447"
"chr5","110805528","110805833","chr20","12839995","12840293","68","97965533"
"chr5","110837757","110837977","chr23","30501759","30501982","20","80335998"
"chr5","110856526","110856778","chr23","30519528","30519789","27","80336998"
"chr5","110891706","110891821","chr1","120798422","120798537","23","9906716"
"chr5","110891860","110892030","chr16","72372400","72372570","35","38519460"
"chr5","111070026","111070138","chr5","15003413","15003526","21","96066613"
"chr5","111070514","111070718","chr10","123590689","123590868","57","12520175"
"chr5","111186342","111186465","chr23","30840372","30840495","9","80345970"
"chr5","111234260","111234546","chr23","30890301","30890587","25","80343959"
"chr5","111240065","111240368","chr23","30895763","30896066","21","80344302"
"chr5","111263004","111263305","chr23","30919171","30919474","31","80343833"
"chr5","111367530","111367813","chr21","125201680","125201970","56","13834150"
"chr5","111482641","111482917","chr23","31149263","31149545","17","80333378"
"chr5","111486015","111486330","chr23","31156525","31156833","48","80329490"
"chr5","111538003","111538296","chr23","31208809","31209107","25","80329194"
"chr5","111595575","111595866","chr23","31261586","31261873","40","80333989"
"chr5","111614668","111614919","chr11","53380859","53381103","76","58233809"
"chr5","111619245","111619362","chr2","49866375","49866493","19","61752870"
"chr5","111619417","111619582","chrX","60287061","60287217","41","51332356"
"chr5","111627084","111627193","chr23","31293702","31293819","18","80333382"
"chr5","111643946","111644215","chr23","31310578","31310864","53","80333368"
"chr5","111650999","111651313","chr7","75139283","75139591","56","36511716"
"chr5","111755364","111755637","chr23","31419049","31419319","33","80336315"
"chr5","111990519","111990752","chr20","114679130","114679363","70","2688611"
"chr5","112068253","112068562","chr23","31691779","31692083","33","80376474"
"chr5","112134660","112134940","chr9","61093538","61093819","61","51041122"
"chr5","112138898","112139203","chr23","31748777","31749086","48","80390121"
"chr5","112230612","112230727","chr23","31842258","31842373","7","80388354"
"chr5","112261958","112262260","chr20","102102330","102102637","64","10159628"
"chr5","112326886","112327189","chr23","31945245","31945546","21","80381641"
"chr5","112409523","112409765","chr23","32032412","32032652","21","80377111"
"chr5","112427435","112427612","chr16","659132","659305","61","111768303"
"chr5","112427901","112428025","chr22","10456446","10456567","21","101971455"
"chr5","112708356","112708467","chr28","19891471","19891579","26","92816885"
"chr5","112725980","112726219","chr12","7846459","7846684","61","104879521"
"chr5","112729997","112730292","chr23","32321182","32321479","37","80408815"
"chr5","112814394","112814505","chr28","19891471","19891579","26","92922923"
"chr5","112832018","112832257","chr12","7846459","7846684","61","104985559"
"chr5","112836035","112836330","chr23","32321182","32321479","37","80514853"
"chr5","112894439","112894610","chr23","32382122","32382278","23","80512317"
"chr5","112901782","112902078","chr23","32389463","32389774","34","80512319"
"chr5","112991145","112991426","chrX","23075277","23075553","56","89915868"
"chr5","113360312","113360578","chr23","32839207","32839482","44","80521105"
"chr5","113377924","113378205","chr7","133941033","133941306","66","20563109"
"chr5","113419935","113420214","chr12","81439657","81439942","68","31980278"
"chr5","113458714","113459005","chr14","8887626","8887908","68","104571088"
"chr5","113461441","113461722","chr23","32938782","32939064","19","80522659"
"chr5","113580445","113580757","chr11","113450525","113450836","55","129920"
"chr5","113581242","113581404","chr23","33058419","33058578","15","80522823"
"chr5","113599334","113599633","chrX","94472947","94473241","55","19126387"
"chr5","113669442","113669739","chr13","29599790","29600087","63","84069652"
"chr5","113762653","113762897","chr23","33228616","33228878","38","80534037"
"chr5","113784747","113784865","chr23","33250451","33250568","5","80534296"
"chr5","114095401","114095690","chr23","33577828","33578121","29","80517573"
"chr5","114113281","114113570","chr23","33577828","33578121","29","80535453"
"chr5","114153566","114153837","chr23","33605808","33606077","24","80547758"
"chr5","114419961","114420269","chr23","33847703","33848010","24","80572258"
"chr5","114488310","114488596","chr23","33907596","33907877","21","80580714"
"chr5","114497350","114497591","chr11","64331293","64331542","63","50166057"
"chr5","114514149","114514425","chr23","33940230","33940506","20","80573919"
"chr5","114540440","114540672","chr23","33967300","33967524","14","80573140"
"chr5","114544254","114544384","chr23","33971103","33971233","16","80573151"
"chr5","114606893","114607169","chr23","34035186","34035453","32","80571707"
"chr5","114611811","114612007","chr5","36458419","36458612","42","78153392"
"chr5","114612298","114612424","chrX","60317374","60317503","24","54294924"
"chr5","114616584","114616708","chr14","51251172","51251290","21","63365412"
"chr5","114643891","114644201","chr28","10055556","10055859","58","104588335"
"chr5","114646720","114646837","chr28","18717521","18717630","35","95929199"
"chr5","114671341","114671662","chr9","120631352","120631656","74","5960011"
"chr5","114755737","114756044","chr8","15721749","15722054","69","99033988"
"chr5","114785692","114785983","chr23","34195589","34195895","45","80590103"
"chr5","114788005","114788230","chr20","123418161","123418388","41","8630156"
"chr5","114840744","114841028","chr23","34252245","34252545","34","80588499"
"chr5","114845394","114845691","chrX_KE148108v1_random","1020209","1020503","48","113825185"
"chr5","114851386","114851654","chr7","1374771","1375048","69","113476615"
"chr5","114860432","114860734","chr23","34271051","34271349","37","80589381"
"chr5","114866550","114866839","chr23","34277740","34278031","16","80588810"
"chr5","114879629","114879925","chr10","86980610","86980905","56","27899019"
"chr5","114899083","114899366","chr23","34329375","34329657","18","80569708"
"chr5","114920298","114920568","chr6","7901805","7902090","63","107018493"
"chr5","114943586","114943854","chr23","34370451","34370733","31","80573135"
"chr5","114955482","114955589","chr15","68117597","68117706","23","46837885"
"chr5","114962815","114963016","chr23","34389475","34389689","23","80573340"
"chr5","114973494","114973798","chr5","24641647","24641960","75","90331847"
"chr5","114977431","114977726","chr25","3174686","3174973","58","111802745"
"chr5","114982262","114982553","chr23","34406988","34407275","28","80575274"
"chr5","115023209","115023458","chr6","28466492","28466729","56","86556717"
"chr5","115026392","115026576","chr16","62607487","62607666","38","52418905"
"chr5","115043794","115044070","chr23","34468386","34468677","34","80575408"
"chr5","115065365","115065619","chr6","11099711","11099973","70","103965654"
"chr5","115069983","115070272","chr23","34491908","34492201","43","80578075"
"chr5","115081697","115081968","chr17","44823549","44823819","61","70258148"
"chr5","115118951","115119162","chr6","9446468","9446684","53","105672483"
"chr5","115182182","115182461","chr23","34606258","34606551","33","80575924"
"chr5","115191348","115191633","chr23","34615220","34615502","28","80576128"
"chr5","115198422","115198727","chr23","34622429","34622741","30","80575993"
"chr5","115201123","115201443","chr17","36566860","36567180","64","78634263"
"chr5","115229298","115229443","chr23","34638946","34639088","17","80590352"
"chr5","115229733","115229885","chr23","34639382","34639532","14","80590351"
"chr5","115260071","115260368","chr23","34665957","34666293","58","80594114"
"chr5","115262159","115262448","chr23","34668076","34668363","15","80594083"
"chr5","115298021","115298316","chr23","34703940","34704235","19","80594081"
"chr5","115314445","115314740","chr23","34713637","34713917","51","80600808"
"chr5","115356769","115357077","chr23","34752199","34752502","22","80604570"
"chr5","115357306","115357430","chr23","34752731","34752855","3","80604575"
"chr5","115383440","115383786","chr23","34779641","34779966","39","80603799"
"chr5","115398890","115399246","chr20","114719975","114720293","85","678915"
"chr5","115404065","115404369","chr8","124610123","124610410","70","9206058"
"chr5","115483544","115483721","chr23","34879661","34879829","20","80603883"
"chr5","115522864","115523156","chr5","32574011","32574301","60","82948853"
"chr5","115607422","115607717","chr23","34998079","34998370","36","80609343"
"chr5","115650473","115650589","chr23","35030745","35030861","5","80619728"
"chr5","115694352","115694658","chrX","10584662","10584958","58","105109690"
"chr5","115695452","115695754","chrX","38566822","38567123","53","77128630"
"chr5","115727508","115727811","chr4","16248387","16248690","55","99479121"
"chr5","115747533","115747792","chr23","35127741","35127972","43","80619792"
"chr5","115773707","115773995","chrX","22329839","22330129","57","93443868"
"chr5","115805915","115806092","chr23","35184894","35185079","25","80621021"
"chr5","115806168","115806305","chr23","35185153","35185284","9","80621015"
"chr5","115890769","115891065","chr23","35265770","35266063","21","80624999"
"chr5","115904741","115905022","chr6","2328411","2328694","56","113576330"
"chr5","115960359","115960638","chr2","30890802","30891081","62","85069557"
"chr5","115992390","115992690","chr23","35357126","35357449","42","80635264"
"chr5","115992855","115993135","chr23","35357607","35357897","30","80635248"
"chr5","115996612","115996892","chr23","35357607","35357897","30","80639005"
"chr5","116044978","116045289","chr23","35403218","35403524","22","80641760"
"chr5","116058985","116059168","chr20","43109018","43109188","54","72949967"
"chr5","116064765","116065052","chr23","35423145","35423425","30","80641620"
"chr5","116072084","116072367","chr12","103939005","103939299","49","12133079"
"chr5","116092903","116093174","chr23","35449913","35450169","25","80642990"
"chr5","116105275","116105500","chr24","78376655","78376882","50","37728620"
"chr5","116108448","116108688","chr5","4770928","4771172","54","111337520"
"chr5","116113533","116113810","chr12","43994783","43995068","59","72118750"
"chr5","116179201","116179320","chr23","35538129","35538248","9","80641072"
"chr5","116189678","116189994","chrX","128360678","128360989","65","12171000"
"chr5","116192827","116193101","chr1","63961451","63961732","69","52231376"
"chr5","116242688","116242978","chr28","15635761","15636057","53","100606927"
"chr5","116249946","116250253","chr4","437696","437999","56","115812250"
"chr5","116256130","116256432","chr6","48120601","48120907","71","68135529"
"chr5","116270107","116270199","chr4","53224673","53224773","23","63045434"
"chr5","116353696","116353992","chr5","25360110","25360407","62","90993586"
"chr5","116365860","116365990","chr23","35725944","35726074","8","80639916"
"chr5","116371414","116371700","chr28","19785417","19785708","54","96585997"
"chr5","116372486","116372767","chr23","35732530","35732803","31","80639956"
"chr5","116379407","116379704","chr10","76220349","76220648","51","40159058"
"chr5","116380830","116381117","chr24","54921299","54921588","63","61459531"
"chr5","116382544","116382792","chr23","35743564","35743824","41","80638980"
"chr5","116385604","116385912","chr23","35746599","35746910","29","80639005"
"chr5","116412945","116413247","chr23","35772646","35772949","26","80640299"
"chr5","116416409","116416695","chr8","124610123","124610410","64","8193714"
"chr5","116424697","116424916","chr23","35786045","35786241","37","80638652"
"chr5","116443509","116443788","chr22","51293260","51293540","60","65150249"
"chr5","116461693","116461812","chr23","35814791","35814910","5","80646902"
"chr5","116462876","116462981","chrX_KE148109v1_random","2418612","2418716","19","114044264"
"chr5","116476716","116477012","chr23","35828464","35828757","33","80648252"
"chr5","116479393","116479526","chrX","18401939","18402068","24","98077454"
"chr5","116479818","116479983","chr21","13694179","13694340","36","102785639"
"chr5","116491011","116491260","chr23","35844551","35844801","23","80646460"
"chr5","116495701","116495824","chr2","78144972","78145093","18","38350729"
"chr5","116506209","116506285","chr23","35858405","35858481","4","80647804"
"chr5","116508114","116508288","chr23","35859193","35859367","24","80648921"
"chr5","116512896","116513208","chr12","40601683","40601983","65","75911213"
"chr5","116517650","116517927","chrX","18834147","18834440","60","97683503"
"chr5","116529404","116529721","chr23","35880426","35880734","42","80648978"
"chr5","116591435","116591702","chrX_KE148108v1_random","1580542","1580807","53","115010893"
"chr5","116621254","116621400","chr11","74236478","74236632","40","42384776"
"chr5","116621715","116621852","chr28","14481596","14481734","22","102140119"
"chr5","116624205","116624488","chr8","21390008","21390291","67","95234197"
"chr5","116632526","116632708","chr23","35990794","35991007","41","80641732"
"chr5","116646252","116646501","chr5","60411254","60411502","66","56234998"
"chr5","116651299","116651607","chr24","80264203","80264505","56","36387096"
"chr5","116703525","116703837","chr6","33828642","33828951","46","82874883"
"chr5","116991919","116992222","chr16","69100114","69100408","60","47891805"
"chr5","117001767","117002038","chrX","17530458","17530728","52","99471309"
"chr5","117329707","117329959","chr16","1981409","1981658","64","115348298"
"chr5","117408148","117408380","chr23","36747748","36747957","34","80660400"
"chr5","117444903","117445175","chr23","36786728","36787038","63","80658175"
"chr5","117495376","117495645","chr23","36837813","36838089","28","80657563"
"chr5","117503021","117503327","chr22","46902345","46902650","64","70600676"
"chr5","117517054","117517167","chr23","36858447","36858560","8","80658607"
"chr5","117531914","117532091","chr1","110570756","110570941","41","6961158"
"chr5","117532118","117532234","chr2","66113920","66114036","18","51418198"
"chr5","117554933","117555221","chr13","64815274","64815556","62","52739659"
"chr5","117564503","117564828","chr23","36899708","36900014","39","80664795"
"chr5","117568840","117569147","chr6","33127096","33127403","60","84441744"
"chr5","117588043","117588269","chr13","14336018","14336233","46","103252025"
"chr5","117604227","117604526","chr23","36939965","36940265","21","80664262"
"chr5","117632004","117632123","chr23","36967491","36967614","13","80664513"
"chr5","117641761","117641898","chr23","52535920","52536045","32","65105841"
"chr5","117642503","117642656","chr8","23664485","23664636","28","93978018"
"chr5","117649002","117649092","chrX","2393916","2394007","14","115255086"
"chr5","117655717","117655891","chr23","36984212","36984373","27","80671505"
"chr5","117656195","117656323","chr16","42551855","42551982","20","75104340"
"chr5","117677178","117677363","chr23","37006665","37006850","10","80670513"
"chr5","117678387","117678675","chr23","37007855","37008166","39","80670532"
"chr5","117679936","117680193","chr15","61268465","61268732","70","56411471"
"chr5","117715100","117715415","chr23","37045260","37045574","26","80669840"
"chr5","117717139","117717430","chr23","37047294","37047602","42","80669845"
"chr5","117719032","117719331","chr9","20900677","20900973","54","96818355"
"chr5","117723997","117724127","chr23","37054747","37054882","9","80669250"
"chr5","117740601","117740875","chr23","37075225","37075501","22","80665376"
"chr5","117750173","117750468","chr20","101162451","101162740","62","16587722"
"chr5","117757921","117758147","chr23","37094763","37094986","24","80663158"
"chr5","117762477","117762761","chr6","11668104","11668371","53","106094373"
"chr5","117762764","117763070","chr23","37102602","37102907","31","80660162"
"chr5","117765594","117765708","chr23","37106041","37106155","4","80659553"
"chr5","117773743","117773993","chr10","86929804","86930058","55","30843939"
"chr5","117774036","117774315","chr23","37116355","37116638","25","80657681"
"chr5","117784274","117784574","chr22","45615109","45615406","65","72169165"
"chr5","117786397","117786549","chr3","89049708","89049860","41","28736689"
"chr5","117797958","117798249","chr6","5729141","5729435","54","112068817"
"chr5","117817000","117817115","chr23","37150802","37150918","10","80666198"
"chr5","117820307","117820643","chr23","37161668","37161999","25","80658639"
"chr5","117827555","117827837","chr22","51293260","51293540","62","66534295"
"chr5","117848195","117848505","chr19","26232545","26232847","71","91615650"
"chr5","117849116","117849402","chr23","37189901","37190187","23","80659215"
"chr5","117858727","117859026","chr23","37199397","37199692","17","80659330"
"chr5","117865734","117866019","chr23","37205873","37206160","28","80659861"
"chr5","117871697","117871995","chr10","76220349","76220648","53","41651348"
"chr5","117888470","117888756","chr20","88447642","88447934","48","29440828"
"chr5","117890619","117890849","chr9","94382616","94382844","49","23508003"
"chr5","117896036","117896321","chr23","37235090","37235377","18","80660946"
"chr5","117914803","117914927","chr13","78787722","78787847","16","39127081"
"chr5","117921987","117922110","chr23","37261224","37261346","5","80660763"
"chr5","117924127","117924417","chrX","28799505","28799788","66","89124622"
"chr5","117932160","117932317","chr23","37271311","37271488","32","80660849"
"chr5","117932607","117932713","chr23","37271785","37271891","3","80660822"
"chr5","117946180","117946482","chr23","37282611","37282893","37","80663569"
"chr5","117952587","117952870","chr5","26070411","26070686","63","91882176"
"chr5","117966836","117967110","chr23","37302916","37303172","30","80663920"
"chr5","117977957","117978255","chr1","8922729","8923019","50","109055228"
"chr5","117982744","117983058","chr11","104926282","104926592","66","13056462"
"chr5","118001170","118001453","chr13","86016388","86016670","55","31984782"
"chr5","118021477","118021751","chr19","23751811","23752092","56","94269666"
"chr5","118042814","118043100","chr10","60902734","60903037","68","57140080"
"chr5","118060903","118061247","chr9","95241363","95241687","85","22819540"
"chr5","118080918","118081193","chr5","36231330","36231593","70","81849588"
"chr5","118081470","118081594","chr23","37414996","37415120","5","80666474"
"chr5","118101442","118101718","chr22","58229134","58229390","67","59872308"
"chr5","118104743","118104989","chr9","117084032","117084293","60","1020711"
"chr5","118106118","118106420","chr7","53731549","53731846","57","64374569"
"chr5","118108109","118108400","chr23","37454047","37454338","20","80654062"
"chr5","118109703","118109991","chr13","497204","497494","54","117612499"
"chr5","118113142","118113264","chr21","100370264","100370387","15","17742878"
"chr5","118116998","118117266","chr20","112495489","112495789","76","5621509"
"chr5","118117754","118117952","chr23","37446698","37446900","16","80671056"
"chr5","118118244","118118382","chr23","37447188","37447323","13","80671056"
"chr5","118122360","118122652","chr15","6307105","6307388","64","111815255"
"chr5","118125900","118126025","chr23","37463891","37464023","11","80662009"
"chr5","118126334","118126467","chr9","91706218","91706351","25","26420116"
"chr5","118132213","118132545","chr23","37470424","37470759","30","80661789"
"chr5","118132667","118132790","chr23","37470878","37470995","18","80661789"
"chr5","118141448","118141748","chr5","10547055","10547347","75","107594393"
"chr5","118145796","118146018","chr13","21750551","21750783","53","96395245"
"chr5","118147178","118147281","chr23","37483892","37484004","14","80663286"
"chr5","118147614","118147757","chr23","37484301","37484444","6","80663313"
"chr5","118147813","118148091","chr23","37484500","37484778","15","80663313"
"chr5","118152225","118152453","chr7","58129728","58129948","52","60022497"
"chr5","118153810","118154099","chr23","37490549","37490842","19","80663261"
"chr5","118159066","118159352","chr23","37495828","37496111","23","80663238"
"chr5","118163722","118163976","chr26","38222847","38223097","58","79940875"
"chr5","118169179","118169484","chr16","61087137","61087448","58","57082042"
"chr5","118173490","118173789","chr14","46168489","46168788","60","72005001"
"chr5","118173797","118173929","chr23","37502145","37502273","13","80671652"
"chr5","118175415","118175621","chr24","38953755","38953952","50","79221660"
"chr5","118175917","118176064","chr20","24445278","24445429","30","93730639"
"chr5","118177149","118177269","chr23","37505916","37506036","10","80671233"
"chr5","118180142","118180265","chr23","37508915","37509038","10","80671227"
"chr5","118188393","118188710","chr16","70350602","70350909","79","47837791"
"chr5","118197251","118197387","chr23","37524521","37524657","5","80672730"
"chr5","118197682","118197705","chr2","57622666","57622686","10","60575016"
"chr5","118197976","118198124","chr23","37525543","37525692","11","80672433"
"chr5","118204957","118205046","chr16","19166339","19166429","21","99038618"
"chr5","118231017","118231169","chrX","50162062","50162211","28","68068955"
"chr5","118231170","118231488","chr16","47341907","47342220","81","70889263"
"chr5","118231803","118231815","chr5","23057711","23057724","6","95174092"
"chr5","118232124","118232288","chr5","32617197","32617360","34","85614927"
"chr5","118241150","118241455","chr8","89913927","89914225","75","28327223"
"chr5","118258605","118258913","chr25","12916861","12917147","82","105341744"
"chr5","118274780","118275058","chr11","12604518","12604784","67","105670262"
"chr5","118277314","118277573","chr9","96088325","96088569","64","22188989"
"chr5","118285762","118286062","chr23","37603947","37604262","41","80681815"
"chr5","118287099","118287321","chr6","2794038","2794253","49","115493061"
"chr5","118294488","118294747","chr9","96088325","96088569","64","22206163"
"chr5","118308661","118308966","chr23","37624057","37624353","24","80684604"
"chr5","118313565","118313851","chr1","34974011","34974292","68","83339554"
"chr5","118318684","118318963","chr16","47324566","47324857","70","70994118"
"chr5","118334967","118335224","chr23","37653518","37653771","28","80681449"
"chr5","118335238","118335562","chrX","37267537","37267833","83","81067701"
"chr5","118335867","118336047","chr23","37654409","37654577","28","80681458"
"chr5","118336324","118336458","chr23","37654839","37654974","10","80681485"
"chr5","118337957","118338102","chr19","5483390","5483538","26","112854567"
"chr5","118378683","118378978","chr4","36382805","36383094","74","81995878"
"chr5","118385861","118386145","chr23","37695057","37695341","13","80690804"
"chr5","118391065","118391357","chr20","108584001","108584297","64","9807064"
"chr5","118399435","118399596","chr23","37705361","37705513","20","80694074"
"chr5","118399926","118400215","chr23","37705831","37706121","19","80694095"
"chr5","118402398","118402572","chr23","37708276","37708452","15","80694122"
"chr5","118402859","118403011","chr23","37708749","37708905","17","80694110"
"chr5","118422713","118423019","chr18","69293191","69293485","62","49129522"
"chr5","118431586","118431865","chr23","37759900","37760194","28","80671686"
"chr5","118436474","118436758","chr26","18011200","18011492","64","100425274"
"chr5","118594080","118594385","chr23","37921933","37922241","28","80672147"
"chr5","118800577","118800883","chr23","38130470","38130768","35","80670107"
"chr5","118918311","118918623","chr7","86722116","86722420","66","32196195"
"chr5","119046003","119046314","chr10","104518281","104518589","61","14527722"
"chr5","119209754","119210043","chr5","10219136","10219423","40","108990618"
"chr5","119367836","119368144","chr23","38653742","38654054","32","80714094"
"chr5","119567044","119567345","chr23","38847568","38847871","36","80719476"
"chr5","119574779","119574988","chr23","38855421","38855635","28","80719358"
"chr5","119629676","119629910","chr14","81276285","81276519","54","38353391"
"chr5","119882637","119882948","chr4","74686620","74686927","70","45196017"
"chr5","120000001","120000240","chr4","9740955","9741194","56","110259046"
"chr5","120188488","120188635","chr6","30146491","30146639","33","90041997"
"chr5","120308311","120308473","chr6","42438846","42439014","32","77869465"
"chr5","120308504","120308623","chr13","34495153","34495270","19","85813351"
"chr5","120363931","120364246","chr23","39606219","39606498","58","80757712"
"chr5","120371680","120371871","chr2","26426170","26426348","48","93945510"
"chr5","120372045","120372173","chr16","43162493","43162620","24","77209552"
"chr5","120385744","120386037","chr5","69933160","69933446","67","50452584"
"chr5","120500633","120500750","chr23","39732507","39732624","8","80768126"
"chr5","120504650","120504778","chr5","17047325","17047455","18","103457325"
"chr5","120617079","120617212","chr14","20835804","20835932","23","99781275"
"chr5","120619493","120619807","chr23","39850978","39851289","22","80768515"
"chr5","120825911","120826182","chr2","20557654","20557921","56","100268257"
"chr5","120894947","120895244","chr23","40116484","40116779","16","80778463"
"chr5","120946655","120946942","chr23","40168784","40169071","11","80777871"
"chr5","120993006","120993315","chr23","40215422","40215731","24","80777584"
"chr5","121031596","121031866","chr23","40251498","40251770","30","80780098"
"chr5","121214200","121214502","chr22","18532485","18532779","57","102681715"
"chr5","121261648","121261789","chr23","75129428","75129561","25","46132220"
"chr5","121269874","121270015","chr23","75129428","75129561","25","46140446"
"chr5","121273058","121273373","chr23","40466192","40466504","29","80806866"
"chr5","121277282","121277493","chr20","41113409","41113615","54","80163873"
"chr5","121304108","121304407","chr23","40495791","40496090","14","80808317"
"chr5","121311605","121311895","chr23","40510722","40511030","37","80800883"
"chr5","121327559","121327746","chr23","40527355","40527548","18","80800204"
"chr5","121327895","121328127","chr2","34209028","34209252","48","87118867"
"chr5","121332990","121333106","chr6","13667376","13667492","9","107665614"
"chr5","121335074","121335361","chr6","49183773","49184058","64","72151301"
"chr5","121335412","121335706","chr28","8397766","8398052","62","112937646"
"chr5","121337835","121337979","chr6","13672210","13672354","9","107665625"
"chr5","121351074","121351220","chr23","40545233","40545380","13","80805841"
"chr5","121352562","121352869","chr23","40546717","40547027","25","80805845"
"chr5","121356389","121356671","chr6","8970499","8970754","87","112385890"
"chr5","121383419","121383728","chr23","40575314","40575614","21","80808105"
"chr5","121384646","121384940","chr24","28247876","28248163","62","93136770"
"chr5","121401425","121401726","chr8","20518208","20518513","54","100883217"
"chr5","121417033","121417154","chr23","40604268","40604387","9","80812765"
"chr5","121430664","121430967","chr7","98281251","98281549","70","23149413"
"chr5","121435776","121435872","chr19","20514353","20514453","24","100921423"
"chr5","121436742","121436993","chr23","40624027","40624303","40","80812715"
"chr5","121437666","121437799","chr28","14481596","14481734","30","106956070"
"chr5","121438123","121438299","chr11","64386238","64386420","36","57051885"
"chr5","121439686","121439982","chr23","40626990","40627286","18","80812696"
"chr5","121455867","121456144","chr23","40643559","40643836","16","80812308"
"chr5","121478135","121478431","chr14","79950465","79950764","56","41527670"
"chr5","121481941","121482054","chr23","40659438","40659537","17","80822503"
"chr5","121500001","121500101","chr9","13903511","13903613","20","107596490"
"chr5","121512483","121512761","chrX","127472001","127472299","64","5959518"
"chr5","121516763","121516909","chr11","100581952","100582101","31","20934811"
"chr5","121520023","121520321","chr24","12480435","12480739","52","109039588"
"chr5","121525784","121526087","chr1","32282337","32282646","61","89243447"
"chr5","121530047","121530350","chr1","32282337","32282646","61","89247710"
"chr5","121536681","121536931","chr10","64018839","64019085","68","57517842"
"chr5","121538155","121538406","chr23","40714079","40714332","14","80824076"
"chr5","121538939","121539234","chr7","15569101","15569385","61","105969838"
"chr5","121544849","121545158","chr23","40720962","40721270","16","80823887"
"chr5","121570312","121570429","chr23","40742080","40742197","7","80828232"
"chr5","121570763","121571051","chr10","104829333","104829626","63","16741430"
"chr5","121581626","121581915","chr23","40753277","40753555","24","80828349"
"chr5","121587717","121587945","chr17","35976118","35976347","46","85611599"
"chr5","121592742","121593048","chr11","60320737","60321046","56","61272005"
"chr5","121607572","121607876","chr23","40780125","40780417","28","80827447"
"chr5","121609495","121609800","chr23","40781654","40781971","32","80827841"
"chr5","121616247","121616552","chr23","40789245","40789552","14","80827002"
"chr5","121617508","121617735","chr23","40791151","40791397","35","80826357"
"chr5","121620830","121621121","chr23","40794499","40794792","20","80826331"
"chr5","121621221","121621525","chr23","40794893","40795195","20","80826328"
"chr5","121621682","121621881","chr26","8820714","8820912","44","112800968"
"chr5","121622959","121623261","chr3","73771348","73771644","64","47851611"
"chr5","121624226","121624509","chr20","125772260","125772536","62","4148034"
"chr5","121643612","121643688","chr23","40816881","40816957","3","80826731"
"chr5","121644844","121645143","chr16","59518466","59518759","57","62126378"
"chr5","121651097","121651358","chr2","81187981","81188238","55","40463116"
"chr5","121651417","121651578","chr25","70305791","70305951","35","51345626"
"chr5","121657728","121658020","chr26","31796938","31797225","48","89860790"
"chr5","121669068","121669262","chr5","14653878","14654074","56","107015190"
"chr5","121669264","121669470","chr23","40843899","40844113","18","80825365"
"chr5","121688450","121688751","chr23","40866790","40867064","47","80821660"
"chr5","121689731","121689952","chr23","40868004","40868243","28","80821727"
"chr5","121694559","121694687","chr23","40877958","40878079","10","80816601"
"chr5","121704073","121704351","chr3","29176653","29176934","74","92527420"
"chr5","121710545","121710835","chr15","18430088","18430372","61","103280457"
"chr5","121712110","121712303","chr23","40895427","40895629","13","80816683"
"chr5","121730489","121730800","chr17","36553442","36553750","67","85177047"
"chr5","121740024","121740222","chr23","40917882","40918050","43","80822142"
"chr5","121740533","121740629","chr23","40918351","40918449","11","80822182"
"chr5","121756314","121756576","chr23","40936166","40936427","16","80820148"
"chr5","121757984","121758270","chr5","69933160","69933446","49","51824824"
"chr5","121799363","121799555","chr23","40979320","40979511","22","80820043"
"chr5","121800614","121800894","chr23","40980566","40980845","15","80820048"
"chr5","121812391","121812604","chr28","9872846","9873046","59","111939545"
"chr5","121830045","121830351","chr23","41005716","41006020","22","80824329"
"chr5","121837035","121837341","chr23","41005716","41006020","22","80831319"
"chr5","121842960","121843249","chr23","41011368","41011645","26","80831592"
"chr5","121865428","121865600","chr23","41033401","41033557","34","80832027"
"chr5","121875015","121875319","chr11","7116582","7116882","62","114758433"
"chr5","121880255","121880552","chr5","20771844","20772137","54","101108411"
"chr5","121886810","121887063","chr1","31746239","31746496","48","90140571"
"chr5","121895047","121895300","chr1","31746239","31746496","48","90148808"
"chr5","121906043","121906309","chr12","87679919","87680194","63","34226124"
"chr5","121907407","121907528","chr23","41071045","41071169","16","80836362"
"chr5","121908828","121908973","chr23","41072501","41072643","10","80836327"
"chr5","121909284","121909451","chr23","41072942","41073101","15","80836342"
"chr5","121912402","121912686","chr10","18707572","18707857","57","103204830"
"chr5","121913878","121914180","chr10","20321939","20322233","62","101591939"
"chr5","121918017","121918308","chr23","41081461","41081744","30","80836556"
"chr5","121921600","121921724","chr23","41085531","41085652","4","80836069"
"chr5","121927426","121927710","chr23","41090251","41090544","29","80837175"
"chr5","121927905","121928039","chr23","41090739","41090873","4","80837166"
"chr5","121987514","121987806","chr14","74233813","74234115","54","47753701"
"chr5","122003291","122003591","chr28","5910965","5911262","68","116092326"
"chr5","122036050","122036327","chr11","104479228","104479515","71","17556822"
"chr5","122084131","122084426","chr5","35327874","35328151","82","86756257"
"chr5","122109764","122110039","chr23","41278203","41278478","12","80831561"
"chr5","122122633","122122918","chr20","24340654","24340924","60","97781979"
"chr5","122146999","122147258","chr23","41318869","41319149","30","80828130"
"chr5","122150034","122150150","chr1","8128376","8128492","16","114021658"
"chr5","122160222","122160351","chr20","11835652","11835783","18","110324570"
"chr5","122160916","122161203","chr16","36490651","36490942","72","85670265"
"chr5","122166945","122167227","chr9","87353527","87353802","58","34813418"
"chr5","122175905","122176210","chr9","56098595","56098902","63","66077310"
"chr5","122181935","122182149","chr2","36954137","36954350","42","85227798"
"chr5","122211094","122211407","chr11","3929176","3929491","58","118281918"
"chr5","122211594","122211903","chr22","47302382","47302689","59","74909212"
"chr5","122225329","122225455","chr20","78788465","78788591","23","43436864"
"chr5","122226179","122226485","chr18","21490626","21490936","53","100735553"
"chr5","122233960","122234093","chr2","38009071","38009204","16","84224889"
"chr5","122263222","122263525","chr23","41417629","41417908","41","80845593"
"chr5","122273015","122273306","chr23","41426973","41427285","44","80846042"
"chr5","122279539","122279744","chr20","12970067","12970277","44","109309472"
"chr5","122318277","122318574","chr23","41468341","41468612","55","80849936"
"chr5","122331860","122332088","chr5","62538350","62538562","73","59793510"
"chr5","122340216","122340475","chr23","41490609","41490829","44","80849607"
"chr5","122363235","122363319","chr19","18717320","18717404","12","103645915"
"chr5","122366721","122367033","chr5","8223190","8223499","72","114143531"
"chr5","122367885","122368002","chr23","41521977","41522094","7","80845908"
"chr5","122368524","122368818","chr5","26112911","26113207","59","96255613"
"chr5","122412167","122412360","chr23","41565795","41565990","19","80846372"
"chr5","122419080","122419338","chr23","41572381","41572654","33","80846699"
"chr5","122421629","122421919","chrX_KE148108v1_random","1020209","1020503","59","121401420"
"chr5","122427044","122427054","chr4","44511505","44511516","2","77915539"
"chr5","122427186","122427397","chr23","41580793","41581003","17","80846393"
"chr5","122520498","122520618","chr23","41666764","41666888","8","80853734"
"chr5","122521782","122521895","chr23","41668032","41668146","4","80853750"
"chr5","122522319","122522594","chr27","24498388","24498657","53","98023931"
"chr5","122540539","122540825","chrX","22557773","22558065","60","99982766"
"chr5","122541086","122541209","chr6","15971489","15971600","35","106569597"
"chr5","122541516","122541675","chr23","41686562","41686719","14","80854954"
"chr5","122553754","122554011","chr23","41699322","41699578","20","80854432"
"chr5","122556075","122556376","chr23","41701631","41701900","55","80854444"
"chr5","122565145","122565431","chr23","41709926","41710213","14","80855219"
"chr5","122578274","122578607","chr23","41723313","41723650","27","80854961"
"chr5","122583358","122583654","chr12","40601683","40601983","52","81981675"
"chr5","122598404","122598697","chr23","41743719","41744013","34","80854685"
"chr5","122621304","122621459","chr23","18441065","18441222","39","104180239"
"chr5","122633085","122633363","chr11","58560787","58561061","69","64072298"
"chr5","122634749","122634988","chr23","41788906","41789141","29","80845843"
"chr5","122646080","122646377","chr23","41799930","41800228","19","80846150"
"chr5","122650923","122651238","chr5","56241771","56242089","59","66409152"
"chr5","122671184","122671441","chr5","21050627","21050892","64","101620557"
"chr5","122687916","122688173","chr5","21050627","21050892","63","101637289"
"chr5","122706730","122707035","chr23","41836979","41837279","35","80869751"
"chr5","122711353","122711663","chr23","41841540","41841856","25","80869813"
"chr5","122718458","122718764","chr23","41848637","41848931","25","80869821"
"chr5","122722859","122723142","chr23","41852761","41853075","52","80870098"
"chr5","122746099","122746400","chr23","41878233","41878526","36","80867866"
"chr5","122747174","122747505","chr23","41879545","41879863","37","80867629"
"chr5","122747650","122747760","chr23","41880351","41880459","5","80867299"
"chr5","122747869","122748155","chr16","33314948","33315243","65","89432921"
"chr5","122751402","122751765","chr8","41078513","41078876","93","81672889"
"chr5","122762759","122762972","chr23","41895297","41895510","15","80867462"
"chr5","122777482","122777749","chr23","41912058","41912325","22","80865424"
"chr5","122780717","122780990","chr7","76862326","76862612","51","45918391"
"chr5","122810383","122810506","chrX","29073092","29073220","23","93737291"
"chr5","122817001","122817271","chr23","41954755","41955059","60","80862246"
"chr5","122859940","122860230","chr23","41997898","41998187","23","80862042"
"chr5","122956022","122956307","chr23","52471208","52471502","61","70484814"
"chr5","122958463","122958585","chr23","42100540","42100663","7","80857923"
"chr5","122963204","122963486","chr27","24498388","24498657","65","98464816"
"chr5","122965675","122965956","chr23","42121142","42121453","51","80844533"
"chr5","122969964","122970226","chr23","42125865","42126136","26","80844099"
"chr5","122977386","122977630","chr23","42132831","42133068","47","80844555"
"chr5","122983011","122983295","chr23","42138067","42138301","61","80844944"
"chr5","122984618","122984655","chr6","2977671","2977707","5","120006947"
"chr5","122984961","122985150","chr1","66334733","66334926","48","56650228"
"chr5","122986208","122986501","chr5","38952982","38953278","50","84033226"
"chr5","122988918","122989217","chr23","42145772","42146061","28","80843146"
"chr5","123006584","123006711","chr11","48048179","48048309","20","74958405"
"chr5","123007009","123007169","chr23","42166735","42166901","24","80840274"
"chr5","123021479","123021681","chr23","42177540","42177743","17","80843939"
"chr5","123043297","123043589","chr23","42187864","42188158","18","80855433"
"chr5","123044436","123044686","chr5","2890627","2890885","58","120153809"
"chr5","123088456","123088651","chr21","18712031","18712238","53","104376425"
"chr5","123109220","123109508","chr3","18731987","18732278","57","104377233"
"chr5","123110872","123110895","chr10","82144729","82144749","10","40966143"
"chr5","123111158","123111258","chr9","85050960","85051056","27","38060198"
"chr5","123111538","123111712","chr6","2501573","2501739","50","120609965"
"chr5","123112618","123112809","chrX","116040238","116040416","47","7072380"
"chr5","123118229","123118517","chr21","72955685","72955973","63","50162544"
"chr5","123129183","123129475","chr25","62811430","62811727","56","60317753"
"chr5","123130250","123130542","chr20","101162451","101162740","65","21967799"
"chr5","123132235","123132540","chr23","42261039","42261332","39","80871196"
"chr5","123146076","123146373","chr23","42273665","42273955","33","80872411"
"chr5","123149521","123149883","chr23","42277106","42277399","86","80872415"
"chr5","123219939","123220209","chr6","10448450","10448720","61","112771489"
"chr5","123229618","123229725","chr23","42357135","42357238","11","80872483"
"chr5","123276534","123276838","chr23","42403552","42403832","42","80872982"
"chr5","123286788","123286802","chr2","35209449","35209463","3","88077339"
"chr5","123287113","123287328","chr21","30080329","30080549","51","93206784"
"chr5","123298708","123298971","chr23","42424768","42425033","13","80873940"
"chr5","123325801","123325948","chr6","38567781","38567913","32","84758020"
"chr5","123343657","123343968","chr23","42469542","42469854","34","80874115"
"chr5","123359776","123360095","chr11","30653578","30653887","63","92706198"
"chr5","123464226","123464524","chr14","80508963","80509250","67","42955263"
"chr5","123516284","123516594","chr3","76103490","76103802","65","47412794"
"chr5","123522138","123522424","chr23","42651615","42651891","28","80870523"
"chr5","123594816","123595121","chr23","42716921","42717240","45","80877895"
"chr5","123595724","123595933","chr9","44984765","44984979","46","78610959"
"chr5","123610162","123610480","chr23","42733200","42733509","25","80876962"
"chr5","123704404","123704676","chr27","24498388","24498657","52","99206016"
"chr5","123706930","123707140","chr22","21287528","21287737","54","102419402"
"chr5","123707224","123707337","chr6","4067375","4067488","24","119639849"
"chr5","123713502","123713808","chr23","42839454","42839744","34","80874048"
"chr5","123729381","123729682","chr6","7181307","7181605","61","116548074"
"chr5","123785128","123785452","chr23","42912392","42912702","36","80872736"
"chr5","123790028","123790333","chr5","38262732","38263029","55","85527296"
"chr5","123802966","123803279","chr8","92870394","92870682","65","30932572"
"chr5","123828259","123828546","chr23","42958295","42958587","26","80869964"
"chr5","123829257","123829390","chr23","42959292","42959427","5","80869965"
"chr5","123830082","123830261","chrX","37324908","37325088","40","86505174"
"chr5","123840387","123840512","chr23","42968499","42968624","8","80871888"
"chr5","123846888","123847162","chr23","42974871","42975148","22","80872017"
"chr5","123874922","123875234","chr23","43003085","43003380","42","80871837"
"chr5","123890235","123890494","chr23","43024281","43024540","16","80865954"
"chr5","123899752","123899894","chr23","43030082","43030230","14","80869670"
"chr5","123929223","123929534","chr9","124625139","124625450","65","695916"
"chr5","123948512","123948637","chr9","85988207","85988335","17","37960305"
"chr5","123951324","123951585","chr23","43076255","43076516","29","80875069"
"chr5","123954804","123954986","chr23","43081385","43081559","18","80873419"
"chr5","123958965","123959275","chr23","43085328","43085642","21","80873637"
"chr5","123973358","123973570","chr7","24627501","24627704","55","99345857"
"chr5","123975613","123975915","chr23","43101791","43102091","21","80873822"
"chr5","123976410","123976480","chr2","32980252","32980320","13","90996158"
"chr5","123978972","123979172","chr23","43105117","43105325","19","80873855"
"chr5","123991446","123991755","chr23","43112369","43112675","18","80879077"
"chr5","124017830","124018077","chr23","43137360","43137594","25","80880470"
"chr5","124022935","124023011","chr1","120500001","120500079","16","3522934"
"chr5","124033669","124033784","chr23","43154707","43154822","3","80878962"
"chr5","124050185","124050317","chr6","29153480","29153610","16","94896705"
"chr5","124074587","124074883","chr11","117201803","117202106","60","6872784"
"chr5","124141355","124141552","chr23","43256637","43256831","13","80884718"
"chr5","124141850","124141981","chr13","6847230","6847348","29","117294620"
"chr5","124145468","124145766","chr1","50378567","50378860","64","73766901"
"chr5","124149940","124150228","chr11","46343863","46344160","53","77806077"
"chr5","124152960","124153079","chr2","38683243","38683360","13","85469717"
"chr5","124192533","124192731","chr21","117640466","117640642","62","6552067"
"chr5","124192738","124192868","chr23","43297108","43297237","17","80895630"
"chr5","124193172","124193319","chr23","43297538","43297670","24","80895634"
"chr5","124211955","124212077","chr23","43315941","43316059","8","80896014"
"chr5","124233457","124233577","chr20","109205131","109205253","21","15028326"
"chr5","124253913","124253945","chr24","50830239","50830270","6","73423674"
"chr5","124253978","124254136","chr23","43350756","43350897","35","80903222"
"chr5","124266679","124266811","chr6","38567781","38567913","19","85698898"
"chr5","124291871","124292171","chr12","40601683","40601983","56","83690188"
"chr5","124298117","124298246","chr11","84896543","84896673","20","39401574"
"chr5","124309430","124309742","chr10","85317607","85317918","61","38991823"
"chr5","124345954","124346163","chr6","7203850","7204061","47","117142104"
"chr5","124356903","124357193","chr23","43461329","43461611","31","80895574"
"chr5","124375420","124375733","chr23","43474837","43475143","39","80900583"
"chr5","124376501","124376758","chr23","43475775","43476034","25","80900726"
"chr5","124397453","124397565","chr23","60432347","60432460","15","63965106"
"chr5","124402405","124402530","chr23","43502079","43502203","8","80900326"
"chr5","124409878","124410191","chr23","43474837","43475143","39","80935041"
"chr5","124411253","124411491","chr23","43509470","43509708","18","80901783"
"chr5","124432264","124432393","chr4","71112229","71112359","19","53320035"
"chr5","124460036","124460264","chr23","43554414","43554646","31","80905622"
"chr5","124481067","124481338","chr9","15351532","15351792","54","109129535"
"chr5","124509001","124509229","chr23","43603489","43603710","26","80905512"
"chr5","124537219","124537329","chr23","43628623","43628740","9","80908596"
"chr5","124546707","124546984","chr23","43637719","43638015","33","80908988"
"chr5","124550249","124550372","chr23","43641549","43641671","5","80908700"
"chr5","124559954","124560277","chr23","43651673","43651985","45","80908281"
"chr5","124571315","124571634","chr23","43662972","43663286","20","80908343"
"chr5","124585450","124585735","chr6","36986089","36986383","65","87599361"
"chr5","124605677","124605751","chr23","43699113","43699176","13","80906564"
"chr5","124608869","124608993","chr5","32867528","32867653","19","91741341"
"chr5","124646927","124647211","chr23","43738277","43738550","28","80908650"
"chr5","124655382","124655664","chr23","43743605","43743892","24","80911777"
"chr5","124656784","124657083","chrX","94472947","94473241","48","30183837"
"chr5","124665009","124665316","chr5","22985964","22986268","60","101679045"
"chr5","124745479","124745656","chr12","78680692","78680866","48","46064787"
"chr5","124745691","124745812","chr23","43824958","43825082","13","80920733"
"chr5","124782310","124782618","chr16","68335130","68335434","63","56447180"
"chr5","124807479","124807583","chr2","20299591","20299691","18","104507888"
"chr5","124836264","124836468","chr21","41476338","41476548","38","83359926"
"chr5","124888270","124888560","chr7","53731549","53731846","60","71156721"
"chr5","124918049","124918335","chr23","43996406","43996684","53","80921643"
"chr5","124931987","124932185","chr23","44010658","44010857","21","80921329"
"chr5","124946771","124947011","chr23","44025972","44026216","14","80920799"
"chr5","124953488","124953738","chr23","44031482","44031760","43","80922006"
"chr5","125000001","125000173","chr17","66820991","66821158","37","58179010"
"chr5","125006048","125006347","chr17","54622252","54622556","65","70383796"
"chr5","125012060","125012379","chr23","44094660","44094970","30","80917400"
"chr5","125021508","125021779","chr23","44104483","44104759","25","80917025"
"chr5","125073615","125073911","chr9","95951467","95951766","63","29122148"
"chr5","125137844","125137989","chr24","54740554","54740699","28","70397290"
"chr5","125138286","125138425","chr9","8180659","8180797","43","116957627"
"chr5","125151946","125152057","chr23","44235318","44235428","10","80916628"
"chr5","125152693","125152736","chr23","44236045","44236086","5","80916648"
"chr5","125153065","125153208","chr23","44236411","44236566","20","80916654"
"chr5","125157409","125157520","chr23","44235318","44235428","10","80922091"
"chr5","125187577","125187868","chr23","44261880","44262174","9","80925697"
"chr5","125220033","125220303","chr8","17512697","17512980","62","107707336"
"chr5","125226141","125226437","chr28","9409612","9409895","63","115816529"
"chr5","125237108","125237400","chr23","44313354","44313653","20","80923754"
"chr5","125289517","125289833","chr4","65442658","65442960","81","59846859"
"chr5","125326345","125326640","chr8","52051424","52051714","64","73274921"
"chr5","125341379","125341682","chr23","44419444","44419748","18","80921935"
"chr5","125363682","125363987","chr23","44442903","44443210","25","80920779"
"chr5","125379336","125379480","chr23","44458983","44459127","6","80920353"
"chr5","125379787","125379946","chr23","44459439","44459595","13","80920348"
"chr5","125383678","125383997","chr5","58546880","58547186","64","66836798"
"chr5","125523460","125523742","chr23","44605108","44605390","19","80918352"
"chr5","125531791","125532087","chr23","44612953","44613237","41","80918838"
"chr5","125541388","125541708","chr28","10729160","10729471","77","114812228"
"chr5","125544648","125544976","chr10","10388744","10389062","72","115155904"
"chr5","125550984","125551273","chr23","44633711","44633998","9","80917273"
"chr5","125572493","125572801","chr26","16774142","16774448","60","108798351"
"chr5","125631102","125631417","chr23","44675818","44676134","32","80955284"
"chr5","125637320","125637623","chr23","44681874","44682188","37","80955446"
"chr5","125638286","125638594","chr23","44682825","44683132","21","80955461"
"chr5","125647506","125647793","chrX","5148638","5148922","55","120498868"
"chr5","125674479","125674789","chr15","82054772","82055069","82","43619707"
"chr5","125686170","125686434","chr21","79858340","79858598","66","45827830"
"chr5","125708594","125708870","chr8","124610123","124610410","58","1098471"
"chr5","125725059","125725359","chr25","44770913","44771213","57","80954146"
"chr5","125758124","125758448","chr23","44804540","44804822","50","80953584"
"chr5","125774791","125774948","chr29","23560646","23560798","34","102214145"
"chr5","125774979","125775012","chr2","48783146","48783179","8","76991833"
"chr5","125778132","125778264","chr23","44822623","44822755","8","80955509"
"chr5","125779644","125779932","chr10","58947915","58948203","68","66831729"
"chr5","125796847","125797148","chr23","44840729","44841027","21","80956118"
"chr5","125797466","125797738","chr1","9167420","9167696","59","116630046"
"chr5","125798292","125798401","chr23","59403705","59403804","29","66394587"
"chr5","125819026","125819334","chr1","4278292","4278602","63","121540734"
"chr5","125824351","125824646","chr23","44865667","44865959","13","80958684"
"chr5","125826654","125826878","chr5","18901077","18901312","59","106925577"
"chr5","125855812","125856105","chr23","44893247","44893529","30","80962565"
"chr5","125856616","125856919","chr6","11963698","11964006","54","113892918"
"chr5","125859037","125859236","chr23","44896743","44896936","16","80962294"
"chr5","125861620","125861903","chr23","44898765","44899055","20","80962855"
"chr5","125871701","125871995","chr23","44909118","44909435","50","80962583"
"chr5","125882957","125883296","chr1","11821812","11822157","70","114061145"
"chr5","125885723","125886022","chr10","76220349","76220648","57","49665374"
"chr5","125891495","125891819","chr10","93756387","93756693","78","32135108"
"chr5","125923629","125923931","chr23","44959476","44959771","18","80964153"
"chr5","125955379","125955664","chr8","18352501","18352776","70","107602878"
"chr5","125980378","125980576","chr6","6828030","6828244","48","119152348"
"chr5","125987927","125988228","chr23","45022387","45022657","46","80965540"
"chr5","125997900","125998209","chr21","119627381","119627687","65","6370519"
"chr5","126006221","126006472","chr10","70582789","70583045","66","55423432"
"chr5","126022516","126022839","chr20","88100516","88100832","68","37922000"
"chr5","126032849","126033138","chr23","45071211","45071503","21","80961638"
"chr5","126045971","126046260","chr21","85082439","85082728","53","40963532"
"chr5","126078318","126078586","chr6","27706317","27706599","69","98372001"
"chr5","126141195","126141512","chr23","45178411","45178733","35","80962784"
"chr5","126143852","126144170","chr23","45181040","45181354","21","80962812"
"chr5","126185528","126185825","chr9","68525091","68525390","57","57660437"
"chr5","126211892","126212057","chr23","45252554","45252730","14","80959338"
"chr5","126212360","126212507","chr23","45253034","45253176","11","80959326"
"chr5","126254694","126254970","chr23","45297092","45297381","30","80957602"
"chr5","126299161","126299467","chr23","45338879","45339149","54","80960282"
"chr5","126331174","126331498","chr28","14917123","14917442","63","111414051"
"chr5","126356997","126357123","chr2","33665677","33665798","28","92691320"
"chr5","126364253","126364390","chr9","86775458","86775590","20","39588795"
"chr5","126374122","126374432","chr23","45414441","45414745","41","80959681"
"chr5","126374457","126374723","chr23","45414782","45415032","32","80959675"
"chr5","126403966","126404264","chr10","76220349","76220648","57","50183617"
"chr5","126463867","126464143","chr7","87092656","87092935","49","39371211"
"chr5","126544327","126544604","chr21","15127074","15127353","50","111417253"
"chr5","126585170","126585459","chr8","114471147","114471442","61","12114023"
"chr5","126607895","126607978","chr23","45647183","45647266","10","80960712"
"chr5","126666053","126666341","chr23","45703127","45703409","23","80962926"
"chr5","126714093","126714394","chr12","60830619","60830921","55","65883474"
"chr5","126734959","126735274","chr23","45770299","45770584","52","80964660"
"chr5","126751039","126751343","chr23","45786333","45786640","23","80964706"
"chr5","126763602","126763670","chr5","22573825","22573888","18","104189777"
"chr5","126862376","126862677","chr23","45899138","45899430","29","80963238"
"chr5","126873220","126873451","chr13","96605424","96605667","51","30267796"
"chr5","126898583","126898873","chr23","45934820","45935114","17","80963763"
"chr5","126903718","126903997","chr12","8236052","8236341","66","118667666"
"chr5","126955426","126955727","chr2","10254529","10254833","57","116700897"
"chr5","126968744","126969039","chr23","46005632","46005927","46","80963112"
"chr5","127032566","127032870","chr23","46066325","46066638","34","80966241"
"chr5","127050081","127050204","chr2","45119822","45119944","13","81930259"
"chr5","127064053","127064135","chr23","46096993","46097075","2","80967060"
"chr5","127126244","127126566","chrX","36704725","36705053","79","90421519"
"chr5","127185452","127185619","chr23","46221953","46222097","36","80963499"
"chr5","127248778","127249058","chr5","38755496","38755780","56","88493282"
"chr5","127366847","127367153","chr23","46399786","46400092","22","80967061"
"chr5","127384740","127384856","chr23","46421146","46421260","13","80963594"
"chr5","127521374","127521686","chr23","46549233","46549556","41","80972141"
"chr5","127550523","127550822","chr23","46577887","46578186","21","80972636"
"chr5","127745131","127745398","chr8","68397116","68397399","64","59348015"
"chr5","127759094","127759395","chrX","18514747","18515056","69","109244347"
"chr5","127794738","127795041","chr23","46813432","46813735","14","80981306"
"chr5","127859781","127860058","chr10","117272479","117272749","65","10587302"
"chr5","127929455","127929763","chr27","1302526","1302826","67","126626929"
"chr5","127953008","127953322","chr6","32635146","32635457","68","95317862"
"chr5","128035222","128035348","chr7","75045146","75045272","21","52990076"
"chr5","128088431","128088718","chr14","96434935","96435232","74","31653496"
"chr5","128292600","128292717","chr2","21821810","21821931","28","106470790"
"chr5","128292877","128292932","chr7","126535344","126535399","14","1757533"
"chr5","128293358","128293419","chr6","9134955","9135005","25","119158403"
"chr5","128360129","128360445","chr23","47372059","47372391","37","80988070"
"chr5","128468793","128469075","chr23","47468817","47469097","33","80999976"
"chr5","128553938","128554204","chr23","47552686","47552949","23","81001252"
"chr5","128574681","128574983","chr26","31525267","31525565","59","97049414"
"chr5","128619880","128620155","chr23","47615757","47616032","20","81004123"
"chr5","128624494","128624805","chr9","59862290","59862592","57","68762204"
"chr5","128712877","128713123","chr1","74187163","74187403","64","54525714"
"chr5","128797013","128797323","chr23","47788012","47788322","22","81009001"
"chr5","128853200","128853493","chr5","21161532","21161820","69","107691668"
"chr5","128869539","128869804","chr20","91867390","91867663","65","37002149"
"chr5","128890788","128891076","chr23","47886375","47886661","24","81004413"
"chr5","128923961","128924244","chr23","47927197","47927487","21","80996764"
"chr5","129079424","129079720","chr7","53731549","53731846","61","75347875"
"chr5","129080949","129081030","chr19","20692635","20692719","22","108388314"
"chr5","129081599","129081824","chr1","6746890","6747117","50","122334709"
"chr5","129243077","129243359","chr14","74877468","74877750","69","54365609"
"chr5","129299932","129300224","chr23","48276564","48276858","18","81023368"
"chr5","129332653","129332930","chr23","48319208","48319477","36","81013445"
"chr5","129337023","129337286","chr8","63048173","63048413","61","66288850"
"chr5","129411008","129411299","chr23","48391821","48392118","27","81019187"
"chr5","129416590","129416782","chr10","104557746","104557936","43","24858844"
"chr5","129454062","129454278","chr23","48471609","48471832","17","80982453"
"chr5","129471144","129471448","chr23","48480469","48480758","28","80990675"
"chr5","129480898","129481190","chr2","57851514","57851800","61","71629384"
"chr5","129500126","129500434","chr2","82711796","82712108","46","46788330"
"chr5","129513459","129513628","chr5","51786761","51786928","39","77726698"
"chr5","129529187","129529341","chr20","95527716","95527874","30","34001471"
"chr5","129676938","129677161","chr20","94918655","94918876","61","34758283"
"chr5","129700829","129701142","chr8","95038558","95038871","60","34662271"
"chr5","129709315","129709437","chr23","48717173","48717296","13","80992142"
"chr5","129764396","129764701","chr23","48769060","48769365","28","80995336"
"chr5","129768300","129768589","chr12","103939005","103939299","59","25829295"
"chr5","129782995","129783290","chr5","19785815","19786109","51","109997180"
"chr5","129790529","129790659","chr23","48795880","48796010","4","80994649"
"chr5","129799231","129799550","chr23","48803700","48804015","27","80995531"
"chr5","129815473","129815762","chr23","48820412","48820712","23","80995061"
"chr5","129840025","129840309","chr23","48844314","48844591","29","80995711"
"chr5","129925246","129925488","chr23","48931442","48931687","14","80993804"
"chr5","129930338","129930658","chr23","48938026","48938338","32","80992312"
"chr5","129949576","129949871","chr23","48957306","48957610","25","80992270"
"chr5","129975200","129975392","chr23","48983050","48983234","20","80992150"
"chr5","129980112","129980378","chr2","81187981","81188238","56","48792131"
"chr5","130019587","130019887","chr23","49023917","49024224","35","80995670"
"chr5","130051602","130051888","chr23","49055219","49055506","23","80996383"
"chr5","130062257","130062543","chr23","49065827","49066108","36","80996430"
"chr5","130075535","130075825","chr23","49079288","49079546","49","80996247"
"chr5","130091913","130092234","chr18","34187066","34187384","73","95904847"
"chr5","130106682","130106842","chr22","52333584","52333733","47","77773098"
"chr5","130106883","130107029","chr6","15278584","15278724","30","114828299"
"chr5","130109934","130110238","chr19","14040351","14040648","47","116069583"
"chr5","130143419","130143533","chr10","10681947","10682059","17","119461472"
"chr5","130346313","130346604","chr2","86991641","86991926","66","43354672"
"chr5","130371498","130371777","chr23","49329381","49329663","9","81042117"
"chr5","130728087","130728277","chr20","124582335","124582526","46","6145752"
"chr5","130809002","130809311","chr14","59828291","59828600","63","70980711"
"chr5","130819224","130819541","chr17","35306470","35306782","63","95512754"
"chr5","130911859","130912113","chr23","49855235","49855489","15","81056624"
"chr5","130918564","130918894","chr23","49861838","49862157","24","81056726"
"chr5","130919952","130920244","chr23","49863221","49863517","29","81056731"
"chr5","130923612","130923844","chr24","14415514","14415736","55","116508098"
"chr5","130925432","130925741","chr23","49868792","49869097","37","81056640"
"chr5","130959094","130959245","chr9","50734055","50734202","31","80225039"
"chr5","130969803","130970086","chr23","49913946","49914259","57","81055857"
"chr5","130981026","130981308","chr2","13744587","13744876","68","117236439"
"chr5","131071501","131071811","chr24","40443762","40444070","70","90627739"
"chr5","131127345","131127561","chr23","50071571","50071788","21","81055774"
"chr5","131148306","131148583","chr23","50092779","50093055","17","81055527"
"chr5","131190225","131190527","chr23","50135575","50135873","25","81054650"
"chr5","131212263","131212554","chr28","16856842","16857125","64","114355421"
"chr5","131213074","131213092","chr13","63925412","63925429","3","67287662"
"chr5","131213398","131213562","chr11","6742330","6742491","23","124471068"
"chr5","131213841","131213966","chr11","6741914","6742052","23","124471927"
"chr5","131405725","131406014","chr23","50336656","50336946","28","81069069"
"chr5","131424450","131424739","chr23","50336656","50336946","28","81087794"
"chr5","131529292","131529597","chr23","50437663","50437967","19","81091629"
"chr5","131598912","131599033","chr1","64848833","64848959","26","66750079"
"chr5","131610210","131610519","chr28","19969803","19970110","68","111640407"
"chr5","131714824","131715116","chr28","11001719","11002016","67","120713105"
"chr5","131740528","131740834","chr8","27195348","27195644","68","104545180"
"chr5","131741920","131742196","chr23","50653384","50653662","24","81088536"
"chr5","131791035","131791313","chr21","120776439","120776713","67","11014596"
"chr5","131812240","131812366","chr23","50727007","50727133","7","81085233"
"chr5","132015778","132016033","chr2","24110013","24110273","74","107905765"
"chr5","132039440","132039752","chr23","51057197","51057501","29","80982243"
"chr5","132132118","132132410","chr23","51146327","51146597","42","80985791"
"chr5","132301691","132302003","chr23","51311199","51311500","39","80990492"
"chr5","132326944","132327226","chr23","51311199","51311500","47","81015745"
"chr5","132444766","132445017","chr23","51383570","51383816","15","81061196"
"chr5","132455588","132455884","chr23","51395174","51395493","41","81060414"
"chr5","132518127","132518436","chr1","55184043","55184338","69","77334084"
"chr5","132587747","132588022","chr23","51527674","51527947","17","81060073"
"chr5","132635678","132635820","chr23","51567337","51567487","21","81068341"
"chr5","132787232","132787535","chr23","51713608","51713878","52","81073624"
"chr5","132950065","132950377","chr28","15141829","15142140","61","117808236"
"chr5","132995340","132995637","chr23","51930111","51930429","34","81065229"
"chr5","133043428","133043720","chr26","24563753","24564048","73","108479675"
"chr5","133062115","133062405","chr9","112297756","112298061","52","20764359"
"chr5","133073959","133074273","chr23","52006001","52006315","26","81067958"
"chr5","133105669","133106006","chr9","63109552","63109869","77","69996117"
"chr5","133118021","133118200","chr23","52050853","52051042","24","81067168"
"chr5","133131289","133131554","chr27","24498388","24498657","49","108632901"
"chr5","133151054","133151179","chr20","78788465","78788591","18","54362589"
"chr5","133154249","133154482","chr17","4887315","4887546","50","128266934"
"chr5","133163521","133163661","chr2","50391288","50391423","26","82772233"
"chr5","133164283","133164459","chr8","24569942","24570115","34","108594341"
"chr5","133168553","133168863","chr23","52097617","52097915","38","81070936"
"chr5","133187373","133187497","chr9","41217479","41217604","25","91969894"
"chr5","133190210","133190523","chr11","19487815","19488103","83","113702395"
"chr5","133198311","133198427","chr5","11523618","11523733","16","121674693"
"chr5","133226343","133226562","chr23","52156499","52156753","46","81069844"
"chr5","133242958","133243077","chr7","59527966","59528084","18","73714992"
"chr5","133255231","133255442","chr16","24192433","24192632","42","109062798"
"chr5","133258761","133259055","chr25","50151704","50152007","57","83107057"
"chr5","133276071","133276330","chr23","52205960","52206213","21","81070111"
"chr5","133276464","133276617","chr23","52206341","52206496","23","81070123"
"chr5","133276923","133277071","chr23","52206810","52206957","9","81070113"
"chr5","133282284","133282591","chr26","23755459","23755759","59","109526825"
"chr5","133310328","133310600","chr19","23751811","23752092","62","109558517"
"chr5","133334243","133334523","chr16","70082802","70083092","69","63251441"
"chr5","133349443","133349724","chr23","52270590","52270867","33","81078853"
"chr5","133362581","133362885","chr18","21490626","21490936","55","111871955"
"chr5","133386436","133386738","chr23","52306582","52306880","29","81079854"
"chr5","133387995","133388280","chr23","52308159","52308445","24","81079836"
"chr5","133399308","133399488","chr5","17658120","17658285","47","115741188"
"chr5","133410378","133410566","chr23","52327575","52327744","29","81082803"
"chr5","133415271","133415483","chr23","52332450","52332664","24","81082821"
"chr5","133454020","133454306","chr23","59682937","59683224","53","73771083"
"chr5","133461759","133462004","chr23","52376993","52377245","39","81084766"
"chr5","133519729","133520044","chr23","52436355","52436679","27","81083374"
"chr5","133549449","133549761","chr23","52466030","52466314","53","81083419"
"chr5","133554587","133554887","chr23","52471208","52471502","31","81083379"
"chr5","133560951","133561198","chr23","52477652","52477900","11","81083299"
"chr5","133566489","133566762","chrX","17530458","17530728","57","116036031"
"chr5","133567317","133567487","chr23","52484127","52484293","12","81083190"
"chr5","133574496","133574779","chr14","42931393","42931677","58","90643103"
"chr5","133577743","133577912","chr23","52494957","52495126","16","81082786"
"chr5","133578375","133578499","chr23","52495591","52495715","7","81082784"
"chr5","133582595","133582887","chr7","21556878","21557164","69","112025717"
"chr5","133602263","133602467","chr21","98248689","98248886","46","35353574"
"chr5","133602622","133602804","chr7","99761678","99761843","47","33840944"
"chr5","133606499","133606683","chr28","8725117","8725301","41","124881382"
"chr5","133609141","133609464","chr9","90479386","90479704","65","43129755"
"chr5","133610589","133610721","chr23","52527030","52527159","10","81083559"
"chr5","133618449","133618566","chr1","66617109","66617215","32","67001340"
"chr5","133623923","133624204","chr16","33314948","33315243","66","100308975"
"chr5","133647855","133648154","chr23","52559649","52559944","29","81088206"
"chr5","133650313","133650629","chr11","117693532","117693832","67","15956781"
"chr5","133662905","133663206","chr23","52575034","52575330","21","81087871"
"chr5","133666559","133666853","chr5","32748113","32748405","61","100918446"
"chr5","133676260","133676553","chr23","52594419","52594706","27","81081841"
"chr5","133697220","133697530","chr12","40601683","40601983","59","93095537"
"chr5","133698398","133698530","chr23","52614976","52615110","22","81083422"
"chr5","133713428","133713488","chr27","10213615","10213677","13","123499813"
"chr5","133723033","133723314","chr28","14627970","14628242","55","119095063"
"chr5","133749186","133749501","chr23","52664719","52665033","26","81084467"
"chr5","133800065","133800367","chr23","52715749","52716053","16","81084316"
"chr5","133893529","133893583","chr23","52808441","52808495","3","81085088"
"chr5","133909240","133909431","chr23","52824392","52824580","12","81084848"
"chr5","134017179","134017457","chr16","70199526","70199803","65","63817653"
"chr5","134043172","134043483","chr2","46936740","46937052","67","87106432"
"chr5","134055379","134055694","chr23","52969543","52969831","47","81085836"
"chr5","134060813","134061026","chr9","21131804","21132013","42","112929009"
"chr5","134065012","134065132","chr2","18930341","18930463","15","115134671"
"chr5","134110706","134111016","chr23_AQIB01158424v1_random","485","796","24","134110221"
"chr5","134111306","134111410","chr5","58902261","58902359","19","75209045"
"chr5","134111440","134111602","chr6","14643002","14643160","34","119468438"
"chr5","134116919","134117217","chr20","108584001","108584297","54","25532918"
"chr5","134119354","134119649","chr23","53026566","53026865","19","81092788"
"chr5","134119958","134120311","chr12","96911243","96911582","85","37208715"
"chr5","134137646","134137923","chr23","53044176","53044453","33","81093470"
"chr5","134137954","134138257","chr28","11571545","11571852","67","122566409"
"chr5","134162504","134162799","chr23","53067888","53068186","19","81094616"
"chr5","134211720","134212005","chr23","53118800","53119091","45","81092920"
"chr5","134228329","134228630","chr5","43480968","43481264","56","90747361"
"chr5","134243161","134243438","chr2","46777418","46777698","56","87465743"
"chr5","134255900","134256190","chr23","53162994","53163284","24","81092906"
"chr5","134262858","134263042","chr8","138924401","138924581","41","4661543"
"chr5","134275111","134275435","chr23","53182394","53182717","24","81092717"
"chr5","134402617","134402733","chr24","47642752","47642868","19","86759865"
"chr5","134408994","134409258","chr26","11274748","11275016","58","123134246"
"chr5","134416406","134416704","chr23","53333114","53333406","28","81083292"
"chr5","134435512","134435582","chr18","17607075","17607145","16","116828437"
"chr5","134435598","134435895","chr26","31796938","31797225","58","102638660"
"chr5","134499432","134499729","chr5","36409125","36409410","60","98090307"
"chr5","134510526","134510649","chr10","58229884","58230008","16","76280642"
"chr5","134676107","134676391","chr24","54921299","54921588","60","79754808"
"chr5","134708577","134708709","chr23","53560917","53561045","9","81147660"
"chr5","134745992","134746282","chr23","53597513","53597789","30","81148479"
"chr5","134748691","134748960","chr23","53600197","53600465","14","81148494"
"chr5","134755284","134755626","chr23","53606784","53607137","39","81148500"
"chr5","134760134","134760416","chr9","107862465","107862750","69","26897669"
"chr5","134765411","134765653","chr20","92920863","92921113","60","41844548"
"chr5","134788302","134788599","chr23","53630101","53630387","33","81158201"
"chr5","134788915","134789009","chr5","47135221","47135320","30","87653694"
"chr5","134812498","134812780","chr9","107862465","107862750","69","26950033"
"chr5","134817288","134817629","chr23","53606784","53607137","50","81210504"
"chr5","134823953","134824222","chr23","53600197","53600465","14","81223756"
"chr5","134826631","134826921","chr23","53597513","53597789","30","81229118"
"chr5","134843094","134843341","chr23","53668001","53668286","50","81175093"
"chr5","134849764","134849930","chr20","21195879","21196036","29","113653885"
"chr5","134850235","134850369","chr20","10302401","10302535","15","124547834"
"chr5","134862367","134862692","chr6","9755691","9755991","75","125106676"
"chr5","134872775","134872891","chr2","32860090","32860207","19","102012685"
"chr5","134895130","134895256","chr10","58861347","58861471","25","76033783"
"chr5","134895536","134895720","chr6","1761058","1761239","39","133134478"
"chr5","134909242","134909493","chr23","53725434","53725669","41","81183808"
"chr5","134933079","134933372","chr23","53749093","53749402","36","81183986"
"chr5","134943244","134943522","chr28","6044822","6045106","61","128898422"
"chr5","134965817","134966028","chr23","53781578","53781789","14","81184239"
"chr5","134967360","134967546","chr23","53783138","53783340","33","81184222"
"chr5","134967844","134967855","chr5","17034578","17034588","1","117933266"
"chr5","134968150","134968266","chr23","53783966","53784082","6","81184184"
"chr5","134968932","134969246","chrX","12106133","12106445","71","122862799"
"chr5","134995326","134995474","chr1","55231711","55231856","27","79763615"
"chr5","135002016","135002302","chr23","53818769","53819046","23","81183247"
"chr5","135007152","135007384","chr14","62196250","62196476","43","72810902"
"chr5","135027257","135027544","chr5","36409125","36409410","54","98618132"
"chr5","135072482","135072789","chr23","53886905","53887208","36","81185577"
"chr5","135078734","135079042","chr11","65033931","65034241","61","70044803"
"chr5","135098604","135098874","chr23","53921880","53922150","21","81176724"
"chr5","135110862","135111128","chr23","41912058","41912325","59","93198804"
"chr5","135113788","135114081","chr23","53936760","53937043","59","81177028"
"chr5","135138788","135139080","chr11","46343863","46344160","51","88794925"
"chr5","135162562","135162854","chr23","53980570","53980870","34","81181992"
"chr5","135294687","135294849","chr23","54107375","54107531","19","81187312"
"chr5","135300118","135300272","chr28","4481182","4481343","36","130818936"
"chr5","135327295","135327606","chr23","54140309","54140611","22","81186986"
"chr5","135337689","135337988","chr19","13622845","13623151","57","121714844"
"chr5","135396788","135397073","chr8","11281150","11281440","71","124115638"
"chr5","135399658","135399941","chr23","54211573","54211884","47","81188085"
"chr5","135463237","135463516","chr23","54276869","54277156","32","81186368"
"chr5","135466357","135466646","chr20","122268567","122268865","56","13197790"
"chr5","135473745","135473888","chr23","54287353","54287496","17","81186392"
"chr5","135477702","135478009","chr23","54291361","54291644","55","81186341"
"chr5","135483117","135483414","chr25","1230609","1230895","57","134252508"
"chr5","135495757","135495938","chr7","61841152","61841332","46","73654605"
"chr5","135508526","135508801","chr10","121263209","121263496","60","14245317"
"chr5","135508895","135509185","chr10","121263209","121263496","61","14245686"
"chr5","135534729","135534967","chr23","54352461","54352735","52","81182268"
"chr5","135545424","135545712","chr23","54363335","54363627","21","81182089"
"chr5","135555647","135555954","chr23","54373502","54373805","29","81182145"
"chr5","135570972","135571104","chr23","54388732","54388864","9","81182240"
"chr5","135621858","135622135","chr23","54437489","54437782","36","81184369"
"chr5","135682718","135682845","chr23","54497548","54497675","8","81185170"
"chr5","135745349","135745638","chr23","54549129","54549419","23","81196220"
"chr5","135818734","135818821","chr23","54623393","54623480","9","81195341"
"chr5","135907075","135907333","chr23","54711893","54712147","56","81195182"
"chr5","136217143","136217439","chr23","54998401","54998695","25","81218742"
"chr5","136334063","136334336","chr23","55112132","55112406","24","81221931"
"chr5","136340266","136340546","chr17","58425584","58425868","64","77914682"
"chr5","136424529","136424736","chr23","55195663","55195868","16","81228866"
"chr5","136582142","136582368","chr23","55346373","55346599","13","81235769"
"chr5","136594254","136594537","chr1","13966763","13967047","57","122627491"
"chr5","136810531","136810834","chr23","55538427","55538743","53","81272104"
"chr5","136814136","136814429","chr15","6307105","6307388","62","130507031"
"chr5","136925286","136925581","chr23","55645773","55646066","20","81279513"
"chr5","137006895","137007156","chr21","24288368","24288633","59","112718527"
"chr5","137129652","137129843","chrX","22512148","22512334","48","114617504"
"chr5","137171834","137172081","chr23","55872451","55872696","18","81299383"
"chr5","137305960","137306084","chr23","56006478","56006602","10","81299482"
"chr5","137336034","137336343","chr23","56036199","56036503","28","81299835"
"chr5","137368541","137368854","chr5","12204008","12204319","67","125164533"
"chr5","137395548","137395757","chr21","68926915","68927115","60","68468633"
"chr5","137794963","137795091","chr23","56494429","56494557","10","81300534"
"chr5","137812937","137813203","chr11","47302095","47302371","57","90510842"
"chr5","137831752","137831874","chr23","56530278","56530400","7","81301474"
"chr5","137865214","137865519","chr23","56563350","56563648","24","81301864"
"chr5","137870104","137870413","chr26","16774142","16774448","59","121095962"
"chr5","137885052","137885233","chr28","13946709","13946903","59","123938343"
"chr5","137912713","137913038","chr23","56603959","56604261","35","81308754"
"chr5","137956671","137956803","chr10","105489315","105489454","27","32467356"
"chr5","137957138","137957458","chr23","56645149","56645471","26","81311989"
"chr5","137983850","137984105","chr9","15351532","15351792","61","122632318"
"chr5","137995613","137995921","chr21","56594655","56594953","54","81400958"
"chr5","138014491","138014614","chr18","28833462","28833585","17","109181029"
"chr5","138036788","138037071","chr23","56720417","56720699","15","81316371"
"chr5","138050834","138050986","chr24","12531053","12531199","32","125519781"
"chr5","138054347","138054661","chr23","56738327","56738638","22","81316020"
"chr5","138071011","138071311","chr22","35833038","35833336","50","102237973"
"chr5","138076202","138076503","chr22","39234536","39234838","71","98841666"
"chr5","138118543","138118834","chr23","56804373","56804674","31","81314170"
"chr5","138164195","138164484","chr23","56850242","56850532","17","81313953"
"chr5","138164664","138164979","chr3","88326366","88326673","68","49838298"
"chr5","138192501","138192788","chr5","21459855","21460146","49","116732646"
"chr5","138195611","138195916","chr23","56881097","56881407","21","81314514"
"chr5","138226252","138226534","chr12","1445677","1445977","58","136780575"
"chr5","138263705","138264023","chr12","40601683","40601983","65","97662022"
"chr5","138269303","138269617","chr23","56951624","56951933","26","81317679"
"chr5","138306085","138306383","chr23","56986487","56986780","25","81319598"
"chr5","138321865","138322165","chr6","28231134","28231432","48","110090731"
"chr5","138326114","138326408","chr1","121090436","121090732","58","17235678"
"chr5","138326534","138326850","chr23","57008134","57008421","57","81318400"
"chr5","138339670","138339822","chr9","26370972","26371120","35","111968698"
"chr5","138340064","138340077","chrX","44721606","44721619","2","93618458"
"chr5","138344220","138344480","chr23","57026693","57026953","16","81317527"
"chr5","138353278","138353547","chr8","35707898","35708164","67","102645380"
"chr5","138368214","138368345","chrX","125341762","125341893","19","13026452"
"chr5","138385135","138385438","chr20","67990332","67990630","72","70394803"
"chr5","138391653","138391931","chr12","24940137","24940415","55","113451516"
"chr5","138430138","138430295","chr23","57110015","57110175","11","81320123"
"chr5","138430591","138430727","chr23","57110468","57110603","6","81320123"
"chr5","138448667","138448787","chr23","57129688","57129808","6","81318979"
"chr5","138455898","138456111","chr23","57137572","57137781","17","81318326"
"chr5","138456121","138456337","chr23","57137791","57138007","11","81318330"
"chr5","138457628","138457943","chr23","57139292","57139581","44","81318336"
"chr5","138461203","138461409","chr6","38934640","38934825","48","99526563"
"chr5","138462779","138462896","chr1","105390190","105390306","23","33072589"
"chr5","138481804","138482101","chr23","57163671","57163978","24","81318133"
"chr5","138484313","138484620","chr28","15141829","15142140","56","123342484"
"chr5","138488915","138489017","chr26","8276177","8276254","33","130212738"
"chr5","138489320","138489493","chr6","46606056","46606223","36","91883264"
"chr5","138497279","138497411","chr23","57180993","57181125","7","81316286"
"chr5","138503463","138503586","chr24","8286653","8286776","11","130216810"
"chr5","138503811","138503927","chr1","10195053","10195171","18","128308758"
"chr5","138507658","138507960","chr11","95684752","95685065","62","42822906"
"chr5","138512524","138512798","chr2","53776979","53777257","68","84735545"
"chr5","138517874","138518014","chr10","62110393","62110528","26","76407481"
"chr5","138528828","138529111","chr9","62240604","62240885","59","76288224"
"chr5","138563557","138563850","chr8","124610123","124610410","60","13953434"
"chr5","138584341","138584634","chr8","124610123","124610410","60","13974218"
"chr5","138601171","138601313","chr23","57269283","57269425","5","81331888"
"chr5","138601606","138601800","chr23","57269730","57269893","40","81331876"
"chr5","138604334","138604596","chr23","57272424","57272637","64","81331910"
"chr5","138608099","138608405","chr23","57276155","57276462","23","81331944"
"chr5","138623546","138623638","chr23","57290050","57290142","10","81333496"
"chr5","138623932","138624102","chr23","57290439","57290612","14","81333493"
"chr5","138625163","138625322","chr23","57291686","57291827","32","81333477"
"chr5","138626670","138626960","chr23","57293736","57294029","19","81332934"
"chr5","138631246","138631551","chr23","57298062","57298363","33","81333184"
"chr5","138633037","138633329","chr23","57299886","57300172","19","81333151"
"chr5","138639353","138639639","chr6","25316528","25316810","55","113322825"
"chr5","138649071","138649368","chr23","57316332","57316643","42","81332739"
"chr5","138665580","138665676","chr16","7418957","7419057","19","131246623"
"chr5","138669502","138669737","chr28","1569733","1569969","67","137099769"
"chr5","138671033","138671162","chr26","8895044","8895174","22","129775989"
"chr5","138671463","138671770","chr23","57363598","57363900","25","81307865"
"chr5","138691341","138691578","chr23","57357118","57357355","12","81334223"
"chr5","138695484","138695717","chr28","1569733","1569969","68","137125751"
"chr5","138697013","138697142","chr26","8895044","8895174","22","129801969"
"chr5","138697443","138697750","chr23","57363598","57363900","24","81333845"
"chr5","138708775","138709077","chr23","57375015","57375315","23","81333760"
"chr5","138723887","138724141","chr5","20982999","20983241","68","117740888"
"chr5","138724488","138724748","chr27","24498388","24498657","68","114226100"
"chr5","138727651","138727767","chr23","57391639","57391752","11","81336012"
"chr5","138742544","138742840","chr23","57405919","57406208","26","81336625"
"chr5","138770072","138770330","chr23","57434344","57434609","31","81335728"
"chr5","138781595","138781778","chr19","14603447","14603633","42","124178148"
"chr5","138782089","138782204","chr25","3349716","3349834","25","135432373"
"chr5","138802718","138802911","chr23","57470495","57470682","23","81332223"
"chr5","138834799","138834894","chr1","79424181","79424278","20","59410618"
"chr5","138835194","138835338","chr6","30146039","30146178","29","108689155"
"chr5","138846830","138847109","chrX","39195808","39196085","62","99651022"
"chr5","138930798","138931079","chr14","87281794","87282070","56","51649004"
"chr5","139033269","139033558","chr5","69933160","69933446","59","69100109"
"chr5","139038611","139038910","chr23","57669421","57669723","23","81369190"
"chr5","139103793","139104126","chr23","57736207","57736577","65","81367586"
"chr5","139110227","139110544","chr23","57742672","57742997","28","81367555"
"chr5","139135398","139135686","chr23","57769362","57769637","33","81366036"
"chr5","139200416","139200492","chr5","8704936","8705015","19","130495480"
"chr5","139309731","139310027","chr23","57937725","57938024","27","81372006"
"chr5","139426874","139427147","chr3","23164032","23164306","48","116262842"
"chr5","139571392","139571687","chr5","20560019","20560317","63","119011373"
"chr5","139579740","139579864","chr23","58197043","58197168","11","81382697"
"chr5","139625212","139625507","chr23","58239600","58239894","19","81385612"
"chr5","139669133","139669398","chr23","58289221","58289485","26","81379912"
"chr5","139735050","139735345","chr23","58365061","58365369","41","81369989"
"chr5","139822630","139822936","chr23","58454398","58454704","23","81368232"
"chr5","139830890","139831225","chr11","47571568","47571903","76","92259322"
"chr5","139848320","139848628","chr23","58481668","58481970","26","81366652"
"chr5","139903387","139903625","chr23","58521096","58521322","26","81382291"
"chr5","139942781","139943091","chr9","91977796","91978097","72","47964985"
"chr5","139951226","139951520","chr23","58569560","58569853","29","81381666"
"chr5","140053195","140053481","chr16","24158670","24158955","64","115894525"
"chr5","140069796","140070075","chr1","34974011","34974292","61","105095785"
"chr5","140072137","140072419","chr23","58692068","58692342","29","81380069"
"chr5","140084949","140085228","chr1","2201715","2201996","61","137883234"
"chr5","140087289","140087581","chr23","58692068","58692342","39","81395221"
"chr5","140123669","140123770","chr2","14114422","14114517","29","126009247"
"chr5","140124837","140124966","chr7","11864234","11864361","27","128260603"
"chr5","140178837","140179130","chr5","73067514","73067793","70","67111323"
"chr5","140306103","140306392","chr23","58904611","58904900","27","81401492"
"chr5","140340442","140340723","chr23","58939469","58939748","28","81400973"
"chr5","140470467","140470752","chr12","47824248","47824535","60","92646219"
"chr5","140526957","140527257","chr23","59111655","59111966","28","81415302"
"chr5","140629152","140629412","chr20","68045757","68046012","64","72583395"
"chr5","140648031","140648346","chr6","23136358","23136676","59","117511673"
"chr5","140653814","140654002","chr23","59234178","59234377","24","81419636"
"chr5","140667485","140667763","chr23","59248997","59249303","50","81418488"
"chr5","140689077","140689360","chr2","33678155","33678428","83","107010922"
"chr5","140690678","140690984","chr23","59267381","59267687","24","81423297"
"chr5","140708237","140708535","chr23","59285105","59285404","49","81423132"
"chr5","140711560","140711841","chr9","94121117","94121394","66","46590443"
"chr5","140727907","140728194","chr6","7923044","7923331","70","132804863"
"chr5","140734512","140734752","chr22","58229134","58229390","76","82505378"
"chr5","140749254","140749465","chr2","10716786","10717010","59","130032468"
"chr5","140761815","140762105","chr23","59324312","59324600","25","81437503"
"chr5","140813172","140813482","chr23","59378962","59379275","23","81434210"
"chr5","140829568","140829845","chr25","1708455","1708741","68","139121113"
"chr5","140831432","140831555","chr23","59397667","59397790","14","81433765"
"chr5","140884532","140884766","chr23","59445294","59445508","48","81439238"
"chr5","140885905","140886083","chr6","2105468","2105636","39","138780437"
"chr5","140892681","140892984","chr23","59455039","59455346","16","81437642"
"chr5","140901126","140901329","chr11","60220611","60220813","51","80680515"
"chr5","140905398","140905585","chr11","116298102","116298291","48","24607296"
"chr5","140906286","140906599","chr9","95951467","95951766","60","44954819"
"chr5","140921840","140922093","chr2","43862297","43862549","54","97059543"
"chr5","140924019","140924213","chr9","31532718","31532909","44","109391301"
"chr5","140924475","140924580","chr19","23293985","23294086","19","117630490"
"chr5","140927936","140928238","chr23","59484866","59485166","30","81443070"
"chr5","140930738","140930847","chr23","59487913","59488024","8","81442825"
"chr5","140931146","140931451","chr23","59488331","59488641","30","81442815"
"chr5","140951370","140951469","chr23","59509984","59510065","20","81441386"
"chr5","140951477","140951595","chr11","47829581","47829703","19","93121896"
"chr5","140959060","140959387","chr5","34492395","34492705","76","106466665"
"chr5","140960424","140960547","chr19","10429798","10429920","26","130530626"
"chr5","140961138","140961431","chr23","59518065","59518365","24","81443073"
"chr5","140964774","140965046","chr1","34974011","34974292","64","105990763"
"chr5","140969151","140969433","chrX","18321002","18321286","62","122648149"
"chr5","140982805","140982874","chr4","89599618","89599690","13","51383187"
"chr5","140988309","140988537","chr16","30333461","30333679","64","110654848"
"chr5","141003487","141003658","chr17","66820991","66821158","50","74182496"
"chr5","141005967","141006235","chr23","59564803","59565086","35","81441164"
"chr5","141029088","141029362","chr23","59587394","59587668","28","81441694"
"chr5","141034897","141035197","chr6","38667465","38667773","66","102367432"
"chr5","141049257","141049542","chr26","5333304","5333592","55","135715953"
"chr5","141054090","141054406","chr9","124625139","124625450","61","16428951"
"chr5","141068283","141068462","chr5","44608766","44608947","49","96459517"
"chr5","141078401","141078673","chr9","56580476","56580762","53","84497925"
"chr5","141100941","141101199","chr1","69306798","69307062","59","71794143"
"chr5","141123818","141124106","chr23","59682937","59683224","27","81440881"
"chr5","141140977","141141280","chr28","11745999","11746298","59","129394978"
"chr5","141168083","141168325","chr28","19196628","19196884","51","121971455"
"chr5","141176697","141176996","chr25","44770913","44771213","66","96405784"
"chr5","141300954","141301086","chr23","59852225","59852361","13","81448729"
"chr5","141304364","141304645","chr23","59855824","59856105","24","81448540"
"chr5","141314222","141314335","chr23","59865917","59866033","9","81448305"
"chr5","141407889","141408196","chr23","59960455","59960775","38","81447434"
"chr5","141439301","141439589","chr23","59989239","59989530","21","81450062"
"chr5","141440606","141440723","chr11","128042388","128042505","18","13398218"
"chr5","141522310","141522623","chr23","60097249","60097550","40","81425061"
"chr5","141526392","141526577","chr26","11072238","11072425","45","130454154"
"chr5","141566444","141566739","chrX_KE148108v1_random","1020209","1020503","60","140546235"
"chr5","141569671","141569795","chr7","86238861","86238983","18","55330810"
"chr5","141609207","141609499","chr23","60182279","60182581","33","81426928"
"chr5","141633075","141633379","chr1","112237991","112238302","64","29395084"
"chr5","141656001","141656229","chr13","28460435","28460656","52","113195566"
"chr5","141688336","141688622","chr23","60260710","60260986","32","81427626"
"chr5","141697991","141698205","chr23","60270676","60270885","34","81427315"
"chr5","141713112","141713335","chr11","11877117","11877336","45","129835995"
"chr5","141714984","141715291","chr23","60286864","60287178","33","81428120"
"chr5","141743246","141743540","chr9","22231606","22231897","62","119511640"
"chr5","141754743","141754969","chr22","60677351","60677562","57","81077392"
"chr5","141756685","141756995","chr8","95778345","95778648","55","45978340"
"chr5","141788227","141788536","chr23","60351981","60352312","60","81436246"
"chr5","141797278","141797590","chr20","124600392","124600704","67","17196886"
"chr5","141802244","141802528","chr22","4437297","4437575","54","137364947"
"chr5","141819015","141819200","chr13","36978301","36978477","43","104840714"
"chr5","141843723","141843907","chr23","60402473","60402645","22","81441250"
"chr5","141858595","141858908","chr23","60417905","60418214","47","81440690"
"chr5","141874614","141874722","chr23","60432347","60432460","11","81442267"
"chr5","141877361","141877522","chr9","95523517","95523670","49","46353844"
"chr5","141883853","141884152","chr23","60441252","60441557","34","81442601"
"chr5","141896060","141896286","chr23","60453413","60453641","23","81442647"
"chr5","142005741","142006029","chr23","60570500","60570787","27","81435241"
"chr5","142085354","142085670","chr23","60637249","60637551","52","81448105"
"chr5","142161085","142161376","chr12","103939005","103939299","66","38222080"
"chr5","142162913","142163209","chr23","60711767","60712050","37","81451146"
"chr5","142257529","142257835","chr3","54843258","54843557","40","87414271"
"chr5","142395340","142395642","chr23","60934379","60934693","29","81460961"
"chr5","142471657","142471960","chr5","13803118","13803422","68","128668539"
"chr5","142509820","142510131","chr23","61062634","61062951","31","81447186"
"chr5","142579965","142580260","chr23","61129774","61130035","55","81450191"
"chr5","142651154","142651419","chr6","37186904","37187181","65","105464250"
"chr5","142666166","142666452","chr5","14830674","14830964","67","127835492"
"chr5","142753403","142753587","chr5","22349470","22349648","37","120403933"
"chr5","142753630","142753744","chr2","20644751","20644865","19","122108879"
"chr5","142800240","142800365","chr23","61352606","61352728","9","81447634"
"chr5","142930170","142930446","chr8","26188129","26188402","62","116742041"
"chr5","143021000","143021283","chr23","61569522","61569801","24","81451478"
"chr5","143040836","143041130","chr23","61589225","61589523","22","81451611"
"chr5","143049158","143049391","chr23","61596986","61597214","14","81452172"
"chr5","143072627","143072923","chr23","61621505","61621802","30","81451122"
"chr5","143089706","143089985","chr23","61638848","61639127","23","81450858"
"chr5","143095845","143096141","chr23","61644699","61644995","24","81451146"
"chr5","143102982","143103274","chr23","61652842","61653134","16","81450140"
"chr5","143125707","143126008","chr23","61672559","61672852","33","81453148"
"chr5","143169724","143169936","chr7","56213882","56214094","44","86955842"
"chr5","143175586","143175917","chr20","88100516","88100832","73","55075070"
"chr5","143201731","143201970","chr23","61747992","61748232","22","81453739"
"chr5","143208527","143208817","chr23","61754880","61755172","20","81453647"
"chr5","143255615","143255913","chr15","33245367","33245671","70","110010248"
"chr5","143276648","143276920","chr23","61809126","61809401","21","81467522"
"chr5","143294750","143295056","chr23","61826855","61827134","47","81467895"
"chr5","143321554","143321671","chr14","81230896","81231014","16","62090658"
"chr5","143387776","143387991","chr23","61917836","61918052","24","81469940"
"chr5","143388028","143388203","chr13","14214137","14214326","51","129173891"
"chr5","143458245","143458540","chr5","36409125","36409410","60","107049120"
"chr5","143677012","143677105","chr23","62188696","62188798","14","81488316"
"chr5","143788790","143789101","chr23","62297631","62297940","19","81491159"
"chr5","143826060","143826192","chr5","27042757","27042887","23","116783303"
"chr5","143836511","143836635","chr23","62344275","62344399","8","81492236"
"chr5","143843601","143843848","chr23","62351689","62351941","19","81491912"
"chr5","143848520","143848821","chr23","62355566","62355867","29","81492954"
"chr5","143860623","143860933","chr23","62367895","62368203","20","81492728"
"chr5","143862776","143862893","chr4","60789799","60789915","19","83072977"
"chr5","143871560","143871666","chr6","8996494","8996601","24","134875066"
"chr5","143871700","143871840","chr25","67051112","67051246","29","76820588"
"chr5","143880523","143880747","chr23","62389365","62389593","37","81491158"
"chr5","143897783","143898096","chr23","62405753","62406057","38","81492030"
"chr5","143902810","143902872","chr23","62410777","62410835","4","81492033"
"chr5","143911459","143911755","chr26","38466771","38467062","62","105444688"
"chr5","143913562","143913870","chr12","26242642","26242933","74","117670920"
"chr5","143920374","143920645","chr1","114692529","114692806","50","29227845"
"chr5","143923913","143924193","chr13","13939558","13939831","73","129984355"
"chr5","143927364","143927670","chr23","62435676","62435976","20","81491688"
"chr5","143946800","143947103","chr23","62454935","62455228","28","81491865"
"chr5","143948911","143949222","chr23","62457007","62457315","18","81491904"
"chr5","143956789","143957095","chr23","62464490","62464794","20","81492299"
"chr5","143960091","143960234","chr23","62467748","62467885","15","81492343"
"chr5","143963937","143964204","chr23","62471957","62472234","45","81491980"
"chr5","143970754","143970893","chr2","38009071","38009204","25","105961683"
"chr5","143971182","143971360","chr6","39669263","39669451","49","104301919"
"chr5","144008393","144008534","chr3","9564943","9565083","24","134443450"
"chr5","144008839","144009004","chr16","30292708","30292864","36","113716131"
"chr5","144015497","144015771","chr23","62519822","62520119","43","81495675"
"chr5","144026981","144027239","chr8","20089503","20089770","58","123937478"
"chr5","144033227","144033532","chr2","34835851","34836151","60","109197376"
"chr5","144042768","144043078","chr23","62547704","62547999","31","81495064"
"chr5","144067630","144067924","chr23","62569635","62569928","12","81497995"
"chr5","144068116","144068230","chr23","62570120","62570227","17","81497996"
"chr5","144068533","144068706","chr23","62570791","62570953","19","81497742"
"chr5","144073895","144074182","chr28","15635761","15636057","55","128438134"
"chr5","144077367","144077682","chr6","34395634","34395934","65","109681733"
"chr5","144078498","144078733","chr10","37080778","37081010","51","106997720"
"chr5","144083197","144083494","chr20","55282676","55282977","63","88800521"
"chr5","144102946","144103226","chr2","5693297","5693590","61","138409649"
"chr5","144144516","144144822","chr23","62642918","62643235","33","81501598"
"chr5","144152123","144152255","chr13","78787722","78787847","29","65364401"
"chr5","144152289","144152465","chr27","45378271","45378447","39","98774018"
"chr5","144156582","144156870","chr3","681761","682039","77","143474821"
"chr5","144173158","144173453","chr23","62695952","62696263","41","81477206"
"chr5","144183635","144183922","chr23","62707012","62707296","22","81476623"
"chr5","144187972","144188277","chr9","95951467","95951766","59","48236505"
"chr5","144202848","144202957","chr1","4177348","4177457","20","140025500"
"chr5","144227369","144227658","chr23","62749760","62750051","24","81477609"
"chr5","144288482","144288757","chr23","62816952","62817231","23","81471530"
"chr5","144293084","144293377","chr23","62821539","62821829","34","81471545"
"chr5","144539671","144539810","chr11","127812912","127813056","31","16726759"
"chr5","144539839","144539955","chrX","18536750","18536866","21","126003089"
"chr5","144734619","144734741","chr23","63227706","63227835","14","81506913"
"chr5","144762747","144763012","chr28","14627970","14628242","65","130134777"
"chr5","144772748","144772870","chr23","63227706","63227835","14","81545042"
"chr5","144816563","144816838","chr23","63309301","63309582","37","81507262"
"chr5","144948325","144948645","chr23","63451191","63451508","25","81497134"
"chr5","145066224","145066515","chr23","63561952","63562243","16","81504272"
"chr5","145103971","145104052","chr16","55787876","55787952","19","89316095"
"chr5","145118452","145118698","chr28","7536947","7537179","63","137581505"
"chr5","145195490","145195776","chr23","63681598","63681883","24","81513892"
"chr5","145220519","145220689","chr12","11136755","11136918","32","134083764"
"chr5","145318143","145318412","chr23","63792900","63793152","36","81525243"
"chr5","145325549","145325836","chr23","63801071","63801368","44","81524478"
"chr5","145429105","145429385","chr13","66953042","66953324","42","78476063"
"chr5","145513758","145513869","chr16","17325746","17325861","21","128188012"
"chr5","145513906","145514093","chr20","99844667","99844846","37","45669239"
"chr5","145674177","145674479","chr23","64132806","64133104","38","81541371"
"chr5","145679207","145679508","chr23","64137735","64138029","28","81541472"
"chr5","145832727","145833005","chr23","64291915","64292213","39","81540812"
"chr5","145834302","145834547","chr23","64293537","64293769","34","81540765"
"chr5","145840296","145840441","chr23","64299378","64299522","16","81540918"
"chr5","145898389","145898666","chr23","64357968","64358250","21","81540421"
"chr5","145940908","145941210","chr23","64398452","64398754","32","81542456"
"chr5","145949087","145949383","chr14","51214759","51215056","66","94734328"
"chr5","145958575","145958878","chr23","64415297","64415607","25","81543278"
"chr5","145963900","145964078","chr24","13775773","13775949","36","132188127"
"chr5","145988543","145988721","chr24","13775773","13775949","36","132212770"
"chr5","145993762","145994065","chr23","64415297","64415607","25","81578465"
"chr5","146057794","146058135","chr16","47341907","47342220","89","98715887"
"chr5","146092642","146092915","chr11","47302095","47302371","64","98790547"
"chr5","146126141","146126440","chr23","64571459","64571758","24","81554682"
"chr5","146308760","146308874","chr23","64754420","64754528","16","81554340"
"chr5","146357014","146357283","chr23","64801118","64801387","23","81555896"
"chr5","146397618","146397907","chr23","64829670","64829956","25","81567948"
"chr5","146493128","146493397","chr23","64923078","64923347","19","81570050"
"chr5","146652911","146653085","chr6","10978394","10978565","33","135674517"
"chr5","146653112","146653229","chr12","30241409","30241526","22","116411703"
"chr5","146677500","146677824","chr23","65075390","65075674","60","81602110"
"chr5","146806966","146807242","chr28","13768862","13769138","64","133038104"
"chr5","146820702","146820795","chr7","133133994","133134089","19","13686708"
"chr5","146922771","146923081","chr23","65311344","65311632","48","81611427"
"chr5","146977788","146978098","chr23","65311344","65311632","48","81666444"
"chr5","147029475","147029793","chr23","65386856","65387171","31","81642619"
"chr5","147136126","147136455","chr11","19671562","19671855","101","127464564"
"chr5","147145382","147145665","chr23","65497710","65498001","24","81647672"
"chr5","147157826","147158120","chr23","65504334","65504635","24","81653492"
"chr5","147236166","147236433","chr23","65578489","65578760","10","81657677"
"chr5","147244589","147244757","chr16","60036519","60036682","40","87208070"
"chr5","147244799","147244913","chr9","101778233","101778342","23","45466566"
"chr5","147326868","147327161","chr23","65662018","65662322","33","81664850"
"chr5","147360004","147360117","chr5","44326591","44326705","24","103033413"
"chr5","147383541","147383840","chr23","65718813","65719121","29","81664728"
"chr5","147416279","147416565","chr23","65752848","65753121","46","81663431"
"chr5","147429151","147429265","chr23","65765865","65765979","9","81663286"
"chr5","147452563","147452868","chr23","65789751","65790056","26","81662812"
"chr5","147539252","147539587","chr23","65872669","65872985","35","81666583"
"chr5","147613276","147613550","chr23","65946013","65946275","26","81667263"
"chr5","147795770","147796072","chr24","52920993","52921304","69","94874777"
"chr5","147859418","147859727","chr9","20751864","20752171","78","127107554"
"chr5","147863853","147864150","chr16","61986595","61986899","73","85877258"
"chr5","147864978","147865282","chr23","66216176","66216485","31","81648802"
"chr5","147889205","147889509","chr23","66216176","66216485","31","81673029"
"chr5","147890337","147890634","chr16","61986595","61986899","73","85903742"
"chr5","147894781","147895069","chr17","67211933","67212224","76","80682848"
"chr5","148022043","148022340","chr22","33821698","33822000","62","114200345"
"chr5","148054753","148055069","chr23","66387161","66387471","41","81667592"
"chr5","148073217","148073516","chr2","36283107","36283401","65","111790110"
"chr5","148128857","148129157","chr2","1052437","1052733","61","147076420"
"chr5","148182467","148182738","chr23","66516319","66516599","32","81666148"
"chr5","148510499","148510787","chr21","75119248","75119536","63","73391251"
"chr5","148561523","148561850","chr23","66882513","66882829","34","81679010"
"chr5","148576266","148576522","chr23","66897120","66897354","56","81679146"
"chr5","148628515","148628827","chr16","44432881","44433188","64","104195634"
"chr5","148634877","148635005","chr25","55145734","55145856","29","93489143"
"chr5","148775319","148775486","chr29","23631646","23631806","49","125143673"
"chr5","148781916","148782225","chr10","20314310","20314616","67","128467606"
"chr5","149394852","149395160","chr23","67704817","67705124","27","81690035"
"chr5","149395812","149396129","chr11","30653578","30653887","75","118742234"
"chr5","149400910","149401215","chr23","67710875","67711183","42","81690035"
"chr5","149465739","149466019","chr15","143325","143613","74","149322414"
"chr5","149555031","149555353","chr23","67886558","67886879","38","81668473"
"chr5","149556343","149556575","chr1","67066092","67066310","51","82490251"
"chr5","149627183","149627304","chr26","13336238","13336361","22","136290945"
"chr5","149636737","149637051","chr23","67968548","67968855","41","81668189"
"chr5","149716279","149716612","chr24","67273546","67273875","79","82442733"
"chr5","149727457","149727755","chr23","68059979","68060293","56","81667478"
"chr5","149985209","149985539","chr2","14363414","14363735","76","135621795"
"chr5","150064819","150064934","chr3","10694374","10694489","31","139370445"
"chr5","150240647","150240773","chr23","68540351","68540477","9","81700296"
"chr5","150258918","150259044","chr23","68540351","68540477","10","81718567"
"chr5","150281905","150282206","chr5","9792634","9792932","59","140489271"
"chr5","150362647","150362939","chr23","68646844","68647137","26","81715803"
"chr5","150375647","150375945","chr23","68659619","68659910","28","81716028"
"chr5","150378591","150378905","chr24","1072705","1073013","71","149305886"
"chr5","150413444","150413755","chr23","68697114","68697416","34","81716330"
"chr5","150417084","150417385","chr23","68700846","68701149","22","81716238"
"chr5","150456659","150456924","chr23","68739664","68739929","13","81716995"
"chr5","150616045","150616325","chr1","58302532","58302829","67","92313513"
"chr5","150684344","150684649","chr10","55316559","55316851","31","95367785"
"chr5","150685173","150685303","chr8","28906158","28906290","35","121779015"
"chr5","150737565","150737869","chr23","69019522","69019826","24","81718043"
"chr5","150749640","150749934","chr23","69030601","69030884","32","81719039"
"chr5","150788669","150788965","chr23","69064135","69064429","41","81724534"
"chr5","150791172","150791488","chr20","96470259","96470566","64","54320913"
"chr5","151009115","151009435","chr23","69284954","69285229","73","81724161"
"chr5","151114743","151115014","chr16","2081512","2081775","66","149033231"
"chr5","151470871","151471036","chr7","19482012","19482176","35","131988859"
"chr5","151512170","151512484","chr9","227543","227844","73","151284627"
"chr5","151583799","151584093","chr13","78666775","78667072","54","72917024"
"chr5","151709124","151709422","chr23","69947133","69947432","19","81761991"
"chr5","151723662","151723824","chr11","120027850","120028004","47","31695812"
"chr5","151729418","151729596","chr2","85437806","85437978","47","66291612"
"chr5","151729962","151730076","chr9","93008191","93008304","23","58721771"
"chr5","151827318","151827595","chr7","86159938","86160217","51","65667380"
"chr5","151841803","151842080","chr7","86159938","86160217","51","65681865"
"chr5","151899742","151899865","chr23","70124189","70124300","21","81775553"
"chr5","151922235","151922476","chr23","70146370","70146575","55","81775865"
"chr5","151933337","151933633","chrX","15044089","15044385","51","136889248"
"chr5","152013985","152014295","chr23","70228196","70228513","28","81785789"
"chr5","152035881","152036222","chr23","70250440","70250777","34","81785441"
"chr5","152044567","152044690","chr23","70258902","70259025","9","81785665"
"chr5","152053269","152053403","chr23","70267615","70267749","9","81785654"
"chr5","152185742","152186037","chr14","69387761","69388040","61","82797981"
"chr5","152238479","152238763","chr23","70437563","70437860","33","81800916"
"chr5","152274649","152274830","chr12","7890517","7890695","41","144384132"
"chr5","152277004","152277291","chr12","40601683","40601983","61","111675321"
"chr5","152328950","152329250","chr8","71108847","71109137","69","81220103"
"chr5","152336183","152336488","chr10","76220349","76220648","55","76115834"
"chr5","152394893","152395049","chr23","70584469","70584624","9","81810424"
"chr5","152433419","152433695","chr23","70623603","70623884","28","81809816"
"chr5","152453154","152453447","chr23","70643028","70643321","19","81810126"
"chr5","152457254","152457525","chr23","70647348","70647621","19","81809906"
"chr5","152467773","152467920","chr22","45492466","45492621","34","106975307"
"chr5","152481484","152481776","chr8","124610123","124610410","56","27871361"
"chr5","152511030","152511221","chr23","70710463","70710682","38","81800567"
"chr5","152514570","152514864","chr12","40601683","40601983","66","111912887"
"chr5","152521418","152521533","chr23","70721313","70721428","8","81800105"
"chr5","152523510","152523830","chr25","47016193","47016511","63","105507317"
"chr5","152528003","152528109","chr14","61387166","61387270","16","91140837"
"chr5","152552012","152552139","chr23","70755212","70755343","11","81796800"
"chr5","152552192","152552494","chr23","70755388","70755689","24","81796804"
"chr5","152557180","152557450","chr23","70760142","70760438","51","81797038"
"chr5","152566617","152566893","chr23","37695057","37695341","56","114871560"
"chr5","152585016","152585284","chr23","70785928","70786168","42","81799088"
"chr5","152590727","152591017","chr23","70792040","70792336","18","81798687"
"chr5","152593953","152594196","chr11","90976263","90976510","53","61617690"
"chr5","152596106","152596394","chr23","70797371","70797624","47","81798735"
"chr5","152603830","152604006","chr23","70806873","70807053","25","81796957"
"chr5","152607189","152607310","chr1","18833735","18833835","43","133773454"
"chr5","152607945","152607999","chr15","6854398","6854450","11","145753547"
"chr5","152608103","152608407","chr23","70811098","70811413","29","81797005"
"chr5","152609898","152610198","chr23","70812983","70813265","27","81796915"
"chr5","152639889","152640173","chr23","70845740","70846024","18","81794149"
"chr5","152647552","152647859","chr23","70853108","70853384","49","81794444"
"chr5","152648476","152648757","chr5","69933160","69933446","51","82715316"
"chr5","152649372","152649495","chr23","70854912","70855042","14","81794460"
"chr5","152651580","152651706","chr23","70855864","70855985","16","81795716"
"chr5","152653001","152653307","chr23","70857282","70857588","13","81795719"
"chr5","152665726","152665848","chr23","70863270","70863373","25","81802456"
"chr5","152786600","152786774","chr1","12476240","12476406","35","140310360"
"chr5","152786802","152786924","chr28","10292948","10293055","27","142493854"
"chr5","152822301","152822599","chr23","71021295","71021615","46","81801006"
"chr5","152852421","152852760","chr23","71051475","71051812","22","81800946"
"chr5","152981583","152981699","chr23","71180644","71180761","9","81800939"
"chr5","153039713","153039990","chr23","71238821","71239106","24","81800892"
"chr5","153164637","153164929","chr23","71363290","71363581","20","81801347"
"chr5","153190916","153191201","chr1","63961451","63961732","59","89229465"
"chr5","153205438","153205492","chr9","74659057","74659110","17","78546381"
"chr5","153286899","153287201","chr23","71485685","71485971","36","81801214"
"chr5","153382654","153382963","chr23","71579841","71580148","18","81802813"
"chr5","153455172","153455486","chr26","4981122","4981436","74","148474050"
"chr5","153471705","153472001","chr19","6105044","6105339","56","147366661"
"chr5","153489204","153489504","chr23","71684887","71685169","54","81804317"
"chr5","153498016","153498335","chr1","70877569","70877874","65","82620447"
"chr5","153525848","153526119","chr5","60370622","60370890","59","93155226"
"chr5","153555496","153555783","chr23","71742833","71743109","41","81812663"
"chr5","153592430","153592739","chr9","6134738","6135037","66","147457692"
"chr5","153611750","153612000","chr23","71799422","71799671","20","81812328"
"chr5","153714795","153715089","chr23","71912622","71912916","19","81802173"
"chr5","153715632","153715688","chr9","74659057","74659110","15","79056575"
"chr5","153724851","153725154","chr5","27528076","27528378","53","126196775"
"chr5","153787169","153787347","chr28","13549424","13549598","49","140237745"
"chr5","153806977","153807253","chr23","72000915","72001182","23","81806062"
"chr5","153830539","153830832","chr5","20771844","20772137","56","133058695"
"chr5","153835802","153836123","chr6","23326019","23326335","76","130509783"
"chr5","153850234","153850517","chr11","52025258","52025533","63","101824976"
"chr5","153894782","153895072","chr23","72074723","72075035","49","81820059"
"chr5","153904533","153904826","chr23","72084435","72084721","29","81820098"
"chr5","154300218","154300514","chr28","16690431","16690726","69","137609787"
"chr5","154340255","154340570","chr23","72501891","72502207","15","81838364"
"chr5","154398797","154399094","chr23","72560504","72560802","25","81838293"
"chr5","154420745","154421029","chr23","72582166","72582449","18","81838579"
"chr5","154442638","154442935","chr20","70561074","70561375","56","83881564"
"chr5","154487418","154487688","chr23","72647230","72647502","18","81840188"
"chr5","154510495","154510800","chr5","58546880","58547186","64","95963615"
"chr5","154594151","154594419","chr23","72733884","72734153","26","81860267"
"chr5","154630148","154630297","chr23","72769322","72769455","21","81860826"
"chr5","154670106","154670429","chr23","72810318","72810641","23","81859788"
"chr5","154682086","154682389","chr5","20097391","20097692","61","134584695"
"chr5","154735902","154736190","chr23","72876767","72877046","28","81859135"
"chr5","154764325","154764452","chr6","11027667","11027797","23","143736658"
"chr5","154769130","154769425","chr3","15045861","15046150","60","139723269"
"chr5","154807696","154808032","chrX","36704725","36705053","66","118102971"
"chr5","154865485","154865607","chr6","41604999","41605120","8","113260486"
"chr5","154878068","154878358","chr6","7219352","7219650","64","147658716"
"chr5","155051697","155051999","chr23","73170145","73170446","14","81881552"
"chr5","155091527","155091848","chr1","54557481","54557802","78","100534046"
"chr5","155099854","155100062","chr23","73219946","73220154","13","81879908"
"chr5","155100225","155100433","chr23","73219946","73220154","13","81880279"
"chr5","155122365","155122649","chr21","61066086","61066371","68","94056279"
"chr5","155180877","155181194","chr11","5885158","5885457","72","149295719"
"chr5","155183871","155184170","chr12","40601683","40601983","63","114582188"
"chr5","155190069","155190358","chr28","9470543","9470817","67","145719526"
"chr5","155318879","155319053","chr12","7890517","7890695","33","147428362"
"chr5","155319086","155319215","chr4","62078666","62078791","25","93240420"
"chr5","155367019","155367170","chr23","73454986","73455109","31","81912033"
"chr5","155378549","155378832","chr19","5484104","5484394","63","149894445"
"chr5","155415567","155415684","chr23","73502902","73503017","8","81912665"
"chr5","155430521","155430831","chrX","8486738","8487040","57","146943783"
"chr5","155441894","155441985","chr23","73526429","73526520","3","81915465"
"chr5","155452990","155453113","chr23","73535717","73535841","13","81917273"
"chr5","155465502","155465803","chr26","53174821","53175114","84","102290681"
"chr5","155471987","155472090","chr23","73551750","73551848","10","81920237"
"chr5","155488070","155488345","chr10","121263209","121263496","72","34224861"
"chr5","155558799","155559086","chr23","73633300","73633587","33","81925499"
"chr5","155611133","155611470","chr23","73684574","73684883","49","81926559"
"chr5","155650338","155650675","chr12","40601683","40601983","81","115048655"
"chr5","155656485","155656787","chr6","34634511","34634823","60","121021974"
"chr5","155677778","155678088","chr11","104926282","104926592","57","50751496"
"chr5","155930754","155930923","chr8","84729618","84729784","32","71201136"
"chr5","155985640","155985868","chr23","74029488","74029729","26","81956152"
"chr5","155989452","155989580","chr9","35211282","35211417","45","120778170"
"chr5","155993325","155993610","chr23","70845740","70846024","48","85147585"
"chr5","156014111","156014387","chr20","125772260","125772536","49","30241851"
"chr5","156031374","156031685","chr18","33655249","33655539","98","122376125"
"chr5","156032683","156032964","chr5","73578103","73578381","61","82454580"
"chr5","156048563","156048861","chr6","36986089","36986383","60","119062474"
"chr5","156058235","156058447","chr23","74094586","74094798","16","81963649"
"chr5","156061786","156062088","chr11","104120287","104120586","59","51941499"
"chr5","156095859","156095980","chr23","74133159","74133288","16","81962700"
"chr5","156095981","156096292","chr23","74133289","74133571","46","81962692"
"chr5","156096293","156096475","chr23","74133572","74133746","27","81962721"
"chr5","156113192","156113493","chr17","20110794","20111101","57","136002398"
"chr5","156122563","156122870","chr23","74157851","74158160","17","81964712"
"chr5","156132887","156133168","chr23","74178630","74178915","40","81954257"
"chr5","156157219","156157531","chr22","18153400","18153696","73","138003819"
"chr5","156187528","156187689","chr12","6714736","6714897","36","149472792"
"chr5","156187999","156188145","chr25","47113520","47113666","27","109074479"
"chr5","156189578","156189735","chr6","13126098","13126251","40","143063480"
"chr5","156192608","156192846","chr23","74230063","74230303","15","81962545"
"chr5","156219969","156220252","chr23","74264315","74264615","37","81955654"
"chr5","156235596","156235719","chr1","109948378","109948499","27","46287218"
"chr5","156290653","156290911","chr23","74329717","74329980","28","81960936"
"chr5","156308081","156308388","chr23","74347835","74348144","25","81960246"
"chr5","156336736","156337035","chr23","74386647","74386942","20","81950089"
"chr5","156371696","156371843","chr6","457732","457880","33","155913964"
"chr5","156371872","156371908","chr2","7499681","7499719","8","148872191"
"chr5","156382078","156382377","chr21","117935634","117935930","70","38446444"
"chr5","156385418","156385574","chr23","74434027","74434174","16","81951391"
"chr5","156402381","156402682","chr23","74449422","74449746","43","81952959"
"chr5","156405982","156406285","chr5","22050685","22050992","59","134355297"
"chr5","156407028","156407145","chr23","74454547","74454657","11","81952481"
"chr5","156417979","156418268","chr23","74463108","74463396","21","81954871"
"chr5","156445304","156445460","chr13","66311697","66311859","34","90133607"
"chr5","156445761","156445825","chr6","33502945","33503006","19","122942816"
"chr5","156446105","156446191","chr8","51127133","51127217","22","105318972"
"chr5","156449955","156450256","chr21","121171635","121171932","62","35278320"
"chr5","156466426","156466718","chr23","74514675","74514966","16","81951751"
"chr5","156468836","156469118","chr9","14540663","14540939","53","141928173"
"chr5","156469930","156470212","chr23","74517888","74518166","21","81952042"
"chr5","156476837","156477135","chr23","74524302","74524600","22","81952535"
"chr5","156497420","156497708","chrX","44931626","44931920","55","111565794"
"chr5","156507270","156507393","chr23","74554650","74554773","6","81952620"
"chr5","156533122","156533351","chr9","68190109","68190333","44","88343013"
"chr5","156540896","156541178","chr11","122239068","122239347","52","34301828"
"chr5","156541538","156541842","chr11","31533995","31534302","54","125007543"
"chr5","156552190","156552489","chr23","74586648","74586946","18","81965542"
"chr5","156560277","156560575","chr23","74594253","74594539","30","81966024"
"chr5","156583075","156583374","chr23","74616545","74616845","28","81966530"
"chr5","156626584","156626874","chr23","74663598","74663890","21","81962986"
"chr5","156687101","156687239","chr23","74725942","74726082","12","81961159"
"chr5","156787684","156787803","chr22","60044051","60044169","20","96743633"
"chr5","156787834","156787995","chrX","108605000","108605161","26","48182834"
"chr5","156829951","156830085","chr23","74870463","74870598","14","81959488"
"chr5","156830395","156830571","chr23","74870911","74871086","11","81959484"
"chr5","156867826","156867950","chr16","67199963","67200086","36","89667863"
"chr5","156867976","156868102","chr14","98006814","98006938","17","58861162"
"chr5","156886616","156886701","chr23","74925784","74925872","6","81960832"
"chr5","156904584","156904874","chr23","74942675","74942963","18","81961909"
"chr5","156907198","156907489","chr2","81203304","81203595","63","75703894"
"chr5","156911871","156912162","chr2","81203304","81203595","63","75708567"
"chr5","156920908","156921218","chr23","74957432","74957741","27","81963476"
"chr5","156939537","156939825","chr23","74978346","74978632","15","81961191"
"chr5","156968572","156968689","chrX","38871434","38871550","15","118097138"
"chr5","156969230","156969516","chr23","75006180","75006457","38","81963050"
"chr5","157005517","157005775","chr23","75042237","75042499","21","81963280"
"chr5","157014190","157014485","chr23","75051583","75051888","34","81962607"
"chr5","157015051","157015365","chr23","75052435","75052753","27","81962616"
"chr5","157030304","157030609","chr7","119162860","119163162","56","37867444"
"chr5","157066310","157066601","chr23","75103737","75104033","21","81962573"
"chr5","157066975","157067281","chr23","75104713","75105022","21","81962262"
"chr5","157089909","157090042","chr23","75129428","75129561","6","81960481"
"chr5","157095902","157096214","chr22","11261140","11261453","60","145834762"
"chr5","157102432","157102719","chr27","41005740","41006032","53","116096692"
"chr5","157103886","157104178","chr26","15147439","15147729","58","141956447"
"chr5","157111307","157111519","chr2","20085445","20085651","43","137025862"
"chr5","157111930","157112046","chr25","3349716","3349834","18","153762214"
"chr5","157112104","157112269","chr9","16392653","16392815","32","140719451"
"chr5","157113304","157113600","chr23","75148132","75148423","26","81965172"
"chr5","157118879","157119168","chr23","75153612","75153904","24","81965267"
"chr5","157120236","157120526","chr23","75154972","75155259","24","81965264"
"chr5","157121018","157121319","chr23","75159345","75159646","16","81961673"
"chr5","157126895","157127175","chr23","75165441","75165718","19","81961454"
"chr5","157134127","157134242","chr9","81458510","81458625","18","75675617"
"chr5","157149741","157150034","chr23","75184843","75185136","19","81964898"
"chr5","157156789","157157084","chr15","1019393","1019694","56","156137396"
"chr5","157158403","157158539","chr9","8142117","8142249","23","149016286"
"chr5","157163855","157164099","chr20","16313461","16313697","63","140850394"
"chr5","157180660","157180936","chr23","75213329","75213594","30","81967331"
"chr5","157205261","157205424","chr18","70852564","70852724","31","86352697"
"chr5","157205736","157205880","chr5","22622386","22622527","39","134583350"
"chr5","157246871","157247009","chr23","75280529","75280667","7","81966342"
"chr5","157253554","157253671","chr12","29273613","29273730","13","127979941"
"chr5","157327416","157327721","chr23","75352820","75353126","24","81974596"
"chr5","157331369","157331672","chr20","12412678","12412975","60","144918691"
"chr5","157352598","157352682","chr6","7577351","7577436","19","149775247"
"chr5","157358492","157358755","chr22","31090488","31090756","57","126268004"
"chr5","157361822","157361932","chr23","75384503","75384613","9","81977319"
"chr5","157361967","157362151","chr23","75384645","75384850","34","81977322"
"chr5","157390987","157391229","chr23","75413884","75414117","32","81977103"
"chr5","157391649","157391766","chr23","75414524","75414641","8","81977125"
"chr5","157392558","157392875","chr23","75415426","75415735","28","81977132"
"chr5","157396969","157397091","chr18","58516183","58516305","18","98880786"
"chr5","157397883","157398161","chr23","75419129","75419406","22","81978754"
"chr5","157401203","157401401","chr23","75425123","75425326","18","81976080"
"chr5","157408939","157409221","chr23","75432973","75433256","16","81975966"
"chr5","157416922","157417142","chr2","36954137","36954350","44","120462785"
"chr5","157435429","157435702","chr2","83412553","83412816","62","74022876"
"chr5","157436932","157437042","chr11","67324076","67324187","21","90112856"
"chr5","157478249","157478373","chr23","75503704","75503822","8","81974545"
"chr5","157483321","157483618","chr23","75508768","75509062","20","81974553"
"chr5","157489251","157489577","chr4","75512429","75512736","71","81976822"
"chr5","157489656","157489940","chr23","75515113","75515408","48","81974543"
"chr5","157490059","157490190","chr23","75515535","75515664","10","81974524"
"chr5","157498046","157498168","chr23","75523538","75523661","8","81974508"
"chr5","157504500","157504647","chr23","75529984","75530132","15","81974516"
"chr5","157504947","157505087","chr23","75530426","75530565","14","81974521"
"chr5","157510233","157510526","chr29","9542372","9542663","51","147967861"
"chr5","157514109","157514421","chr16","46883446","46883746","59","110630663"
"chr5","157555714","157555831","chr23","75573901","75574031","18","81981813"
"chr5","157571091","157571402","chr10","45217735","45218041","66","112353356"
"chr5","157637435","157637657","chr20","107417283","107417511","46","50220152"
"chr5","157684138","157684261","chr23","75705427","75705550","10","81978711"
"chr5","157840180","157840457","chr23","75945093","75945342","42","81895087"
"chr5","157850644","157850947","chr23","75955585","75955891","32","81895059"
"chr5","157885034","157885317","chr23","75990069","75990326","43","81894965"
"chr5","157976030","157976295","chrX","7630430","7630699","48","150345600"
"chr5","158012016","158012144","chr23","76115507","76115635","11","81896509"
"chr5","158013385","158013591","chr23","76116958","76117146","30","81896427"
"chr5","158048539","158048858","chr23","76152553","76152854","40","81895986"
"chr5","158059908","158059960","chr23","76165383","76165435","1","81894525"
"chr5","158099039","158099328","chr23","76200479","76200771","19","81898560"
"chr5","158113831","158114141","chr20","88100516","88100832","56","70013315"
"chr5","158131453","158131756","chr23","76233061","76233362","32","81898392"
"chr5","158133592","158133874","chr23","76235180","76235437","40","81898412"
"chr5","158188501","158188773","chr15","85284111","85284385","65","72904390"
"chr5","158257554","158257843","chr23","76349879","76350176","33","81907675"
"chr5","158265349","158265638","chr23","76349879","76350176","33","81915470"
"chr5","158324946","158325235","chr23","76414383","76414673","27","81910563"
"chr5","158457845","158457975","chr11","90315815","90315947","20","68142030"
"chr5","158510870","158511013","chr23","76605875","76606016","14","81904995"
"chr5","158511309","158511454","chr11","47183809","47183957","29","111327500"
"chr5","158600091","158600400","chr23","76686634","76686929","39","81913457"
"chr5","158604294","158604601","chr9","56098595","56098902","67","102505699"
"chr5","158734316","158734614","chr29","3411800","3412102","63","155322516"
"chr5","158745880","158746137","chr23","76831112","76831364","20","81914768"
"chr5","158766228","158766385","chr25","2440637","2440792","33","156325591"
"chr5","158768271","158768399","chr23","76853122","76853254","10","81915149"
"chr5","158775100","158775394","chr23","76861374","76861669","32","81913726"
"chr5","158777429","158777728","chr23","76863411","76863704","30","81914018"
"chr5","158869472","158869768","chr23","76954995","76955278","27","81914477"
"chr5","158921576","158921840","chr15","91585453","91585716","72","67336123"
"chr5","159023831","159023960","chr23","77141163","77141295","14","81882668"
"chr5","159028519","159028807","chr8","96153522","96153808","55","62874997"
"chr5","159062430","159062621","chr23","77180662","77180860","23","81881768"
"chr5","159092209","159092481","chr23","77209565","77209847","31","81882644"
"chr5","159151088","159151391","chr23","77264311","77264600","35","81886777"
"chr5","159164793","159165074","chr23","77275455","77275746","32","81889338"
"chr5","159225443","159225738","chr20","45972401","45972701","67","113253042"
"chr5","159379318","159379606","chr23","77485376","77485656","22","81893942"
"chr5","159403798","159404094","chr14","46389938","46390226","69","113013860"
"chr5","159516111","159516442","chr23","77612205","77612522","30","81903906"
"chr5","159542581","159542888","chr23","77638350","77638654","33","81904231"
"chr5","159576199","159576503","chr23","77673725","77674029","17","81902474"
"chr5","159610113","159610221","chr3","78590351","78590457","23","81019762"
"chr5","159610869","159611072","chr22","22615473","22615680","45","136995396"
"chr5","159667693","159667976","chr23","77764926","77765228","47","81902767"
"chr5","159693826","159694115","chr13","29599790","29600087","70","130094036"
"chr5","159726275","159726574","chr23","77827327","77827626","29","81898948"
"chr5","159756078","159756397","chr12","34256090","34256401","59","125499988"
"chr5","159793986","159794281","chr23","77890331","77890618","40","81903655"
"chr5","159825904","159826155","chr23","77922114","77922380","31","81903790"
"chr5","159827829","159828086","chr23","77924119","77924401","44","81903710"
"chr5","159837143","159837439","chr23","77933460","77933752","30","81903683"
"chr5","159916906","159917197","chr23","78013829","78014125","28","81903077"
"chr5","159941046","159941297","chr21","80567028","80567272","58","79374018"
"chr5","160074617","160074911","chr22","18532485","18532779","57","141542132"
"chr5","160076604","160076817","chr8","28330290","28330495","46","131746314"
"chr5","160081661","160081814","chr6","4872019","4872155","35","155209642"
"chr5","160314378","160314671","chr23","78253265","78253554","21","82061113"
"chr5","160317232","160317455","chr21","3074921","3075141","15","157242311"
"chr5","160317815","160317947","chr21","3075504","3075636","7","157242311"
"chr5","160318265","160318343","chr19","1549697","1549778","16","158768568"
"chr5","160385846","160386139","chr23","78307215","78307515","35","82078631"
"chr5","160387610","160387743","chr2","38009071","38009204","21","122378539"
"chr5","160393839","160394130","chr26","30911830","30912111","31","129482009"
"chr5","160395427","160395733","chr23","78313769","78314060","23","82081658"
"chr5","160403653","160403782","chr23","78326951","78327075","9","82076702"
"chr5","160406035","160406152","chr23","78320352","78320469","7","82085683"
"chr5","160419916","160420195","chr23","78335308","78335568","29","82084608"
"chr5","160486648","160486776","chr23","78401400","78401528","10","82085248"
"chr5","160495371","160495405","chr1","116074859","116074892","9","44420512"
"chr5","160495716","160495971","chr23","78412880","78413132","34","82082836"
"chr5","160537875","160538010","chr11","116322563","116322690","33","44215312"
"chr5","160547855","160548155","chr23","78471964","78472264","49","82075891"
"chr5","160560279","160560403","chr14","104136918","104137043","17","56423361"
"chr5","160602169","160602372","chr25","63967093","63967306","45","96635076"
"chr5","160654343","160654636","chr5","10145436","10145732","54","150508907"
"chr5","160674210","160674350","chr23","78589316","78589457","10","82084894"
"chr5","160696012","160696074","chr23","78611559","78611621","9","82084453"
"chr5","160697000","160697295","chr19","18843180","18843465","79","141853820"
"chr5","160699334","160699638","chr23","78614906","78615210","20","82084428"
"chr5","160707425","160707670","chr8","26370731","26370986","58","134336694"
"chr5","160732572","160732957","chr23","78640172","78640558","47","82092400"
"chr5","160738983","160739285","chr23","78647196","78647489","37","82091787"
"chr5","160740379","160740494","chr9","89998878","89998995","23","70741501"
"chr5","160740522","160740695","chr6","4494206","4494380","34","156246316"
"chr5","160755148","160755395","chr23","78663924","78664169","22","82091224"
"chr5","160765596","160765897","chr19","14040351","14040648","54","146725245"
"chr5","160816694","160817001","chr23","78727154","78727462","18","82089540"
"chr5","160835845","160835975","chr23","78745513","78745631","18","82090332"
"chr5","160853463","160853734","chr3","5756203","5756487","62","155097260"
"chr5","160855042","160855362","chr23","78764167","78764483","26","82090875"
"chr5","160883007","160883028","chr1","113933481","113933505","5","46949526"
"chr5","160883061","160883339","chr1","18610357","18610639","56","142272704"
"chr5","160904389","160904690","chr23","78813935","78814246","39","82090454"
"chr5","161027511","161027812","chr23","78942323","78942627","22","82085188"
"chr5","161066814","161067101","chr5","10145436","10145732","62","150921378"
"chr5","161068077","161068361","chr23","78982716","78983002","21","82085361"
"chr5","161069211","161069538","chr23","78983849","78984172","29","82085362"
"chr5","161073941","161074196","chr23","78988906","78989158","23","82085035"
"chr5","161074682","161074963","chr24","49687343","49687633","68","111387339"
"chr5","161080094","161080305","chr23","78992145","78992353","22","82087949"
"chr5","161080451","161080595","chr23","78992499","78992655","16","82087952"
"chr5","161080856","161081034","chr23","78992915","78993083","16","82087941"
"chr5","161105419","161105749","chr23","79014077","79014431","46","82091342"
"chr5","161107006","161107258","chr23","79019404","79019635","29","82087602"
"chr5","161113677","161113909","chr21","119937627","119937866","59","41176050"
"chr5","161113938","161114234","chrX","85290235","85290536","51","75823703"
"chr5","161115198","161115476","chr6","5579741","5580022","51","155535457"
"chr5","161125353","161125636","chr23","79032620","79032902","48","82092733"
"chr5","161131768","161132063","chr23","79041335","79041618","33","82090433"
"chr5","161141472","161141625","chr23","79050917","79051070","9","82090555"
"chr5","161141879","161142026","chr23","79051324","79051472","14","82090555"
"chr5","161144397","161144523","chr23","79053891","79054008","15","82090506"
"chr5","161162386","161162592","chr23","79069490","79069690","21","82092896"
"chr5","161168217","161168509","chr11","38771507","38771808","54","122396710"
"chr5","161174221","161174370","chr23","79084166","79084309","16","82090055"
"chr5","161174671","161174800","chr23","79084616","79084742","9","82090055"
"chr5","161197134","161197407","chr23","79107936","79108214","17","82089198"
"chr5","161207577","161207779","chr13","67639198","67639399","45","93568379"
"chr5","161215835","161215990","chr7","87115832","87115984","38","74100003"
"chr5","161224799","161224930","chr14","21806073","21806204","28","139418726"
"chr5","161238828","161239118","chr23","79147870","79148152","22","82090958"
"chr5","161244419","161244664","chr23","79152280","79152510","33","82092139"
"chr5","161260112","161260395","chr1","121090436","121090732","60","40169676"
"chr5","161264609","161264921","chr6","36719641","36719931","81","124544968"
"chr5","161280882","161281217","chr23","79191813","79192107","63","82089069"
"chr5","161282918","161283156","chr2","85318819","85319065","67","75964099"
"chr5","161293903","161294236","chr23","79206159","79206459","46","82087744"
"chr5","161340674","161340949","chr20","129541519","129541788","75","31799155"
"chr5","161348200","161348420","chr21","93540914","93541134","49","67807286"
"chr5","161373970","161374082","chr10","11973798","11973912","27","149400172"
"chr5","161375453","161375652","chr2","16476114","16476311","46","144899339"
"chr5","161376290","161376374","chr5","181961","182036","29","161194329"
"chr5","161461930","161462236","chr12","40466912","40467223","60","120995018"
"chr5","161466068","161466358","chr23","79373002","79373285","21","82093066"
"chr5","161486308","161486595","chr9","111974526","111974821","69","49511782"
"chr5","161498225","161498512","chr23","79404857","79405153","28","82093368"
"chr5","161500183","161500278","chr23","79406833","79406926","9","82093350"
"chr5","161500583","161500780","chr23","79407233","79407430","10","82093350"
"chr5","161501546","161501670","chr4","62078666","62078791","16","99422880"
"chr5","161524842","161525118","chr1","10528786","10529063","61","150996056"
"chr5","161566012","161566320","chr5","2621052","2621357","55","158944960"
"chr5","161590629","161590930","chr23","79496975","79497276","19","82093654"
"chr5","161623549","161623680","chr23","79529416","79529550","11","82094133"
"chr5","161639376","161639666","chr23","79545852","79546156","27","82093524"
"chr5","161655668","161655944","chr22","79482945","79483219","68","82172723"
"chr5","161663434","161663726","chr23","79571530","79571814","19","82091904"
"chr5","161663729","161664041","chr1","28858178","28858492","71","132805551"
"chr5","161675414","161675716","chr2","22087711","22088016","55","139587703"
"chr5","161676582","161676860","chr23","79584874","79585179","50","82091708"
"chr5","161683956","161684182","chr5","24978868","24979087","46","136705088"
