"chr1","15204258","15204426","chr1","21205378","21205543","19","6001120"
"chr1","754531","754833","chr13","35287175","35287471","36","34532644"
"chr1","929059","929198","chr1","1237898","1238035","8","308839"
"chr1","1080805","1080966","chr1","1388154","1388304","17","307349"
"chr1","1220376","1220679","chr9","100529816","100530123","37","99309440"
"chr1","1454566","1454867","chr1","1650228","1650534","14","195662"
"chr1","1470738","1471032","chr17","50539734","50540029","36","49068996"
"chr1","1666804","1667096","chr1","1852736","1853027","14","185932"
"chr1","1922319","1922617","chr1","2109617","2109913","9","187298"
"chr1","1940590","1940882","chr8","24699690","24699976","50","22759100"
"chr1","1957048","1957354","chr9","80707313","80707610","49","78750265"
"chr1","1961188","1961493","chr7","73842610","73842915","37","71881422"
"chr1","2039869","2040161","chr1","2226817","2227109","6","186948"
"chr1","2539103","2539405","chr1","2634130","2634430","15","95027"
"chr1","3673315","3673602","chr1","3754023","3754320","17","80708"
"chr1","5241428","5241719","chr1","5540655","5540958","24","299227"
"chr1","5701031","5701344","chr1","5971496","5971806","17","270465"
"chr1","5833526","5833822","chr9","103807791","103808081","42","97974265"
"chr1","6053776","6054069","chr1","168959008","168959300","29","162905232"
"chr1","6163644","6163907","chr2B","213598425","213598686","36","207434781"
"chr1","6249957","6250244","chr18","17241123","17241416","44","10991166"
"chr1","6343567","6343872","chr9","119775598","119775904","29","113432031"
"chr1","6420120","6420421","chr1","6792788","6793087","13","372668"
"chr1","7577132","7577411","chr1","7918398","7918673","9","341266"
"chr1","7593695","7593989","chr1","7931852","7932155","17","338157"
"chr1","7718810","7719116","chr1","8053735","8054010","40","334925"
"chr1","7909912","7910221","chr16","73564438","73564747","47","65654526"
"chr1","8061326","8061630","chr1","8376362","8376663","8","315036"
"chr1","8083581","8083879","chr1","8398412","8398708","9","314831"
"chr1","8553672","8553983","chr1","8868368","8868676","7","314696"
"chr1","8614081","8614384","chr1","8929664","8929970","13","315583"
"chr1","9106587","9106884","chr10","68862831","68863128","27","59756244"
"chr1","9130639","9130925","chr1","9427129","9427399","22","296490"
"chr1","9212653","9212851","chr1","9512840","9513038","4","300187"
"chr1","9219506","9219672","chr1","9520333","9520503","6","300827"
"chr1","9358657","9358829","chr5","20677840","20678006","29","11319183"
"chr1","9435663","9435837","chr1","9739230","9739404","5","303567"
"chr1","9458828","9458965","chr1","9761969","9762106","3","303141"
"chr1","9600257","9600568","chr1","134089268","134089571","38","124489011"
"chr1","9601399","9601711","chr11","56158312","56158621","31","46556913"
"chr1","9795067","9795363","chr1","10091235","10091532","7","296168"
"chr1","9946714","9946996","chr1","10223574","10223856","7","276860"
"chr1","9950321","9950499","chr3","123757609","123757787","33","113807288"
"chr1","9950791","9950927","chr20","2100794","2100928","13","7849997"
"chr1","10076636","10076925","chr1","10350029","10350324","7","273393"
"chr1","10245519","10245810","chr1","10509758","10510050","6","264239"
"chr1","10285012","10285319","chr1","10548900","10549206","10","263888"
"chr1","11000068","11000372","chr1","68553745","68554049","34","57553677"
"chr1","11306722","11307010","chr1","11560772","11561062","8","254050"
"chr1","11404078","11404290","chr1","135942099","135942312","23","124538021"
"chr1","11416730","11417027","chr4","47218523","47218820","28","35801793"
"chr1","12077312","12077612","chr1","12278529","12278825","10","201217"
"chr1","12286975","12287267","chr1","12483544","12483840","13","196569"
"chr1","12425081","12425358","chr1","12625983","12626259","10","200902"
"chr1","12528542","12528839","chr1","12726468","12726777","18","197926"
"chr1","12764637","12764919","chr1","12809235","12809517","7","44598"
"chr1","12820784","12821066","chr1","12809235","12809517","5","11549"
"chr1","12833376","12833542","chrUn_NW_014015889v1","119","278","9","12833257"
"chr1","12833551","12833841","chr5","35952460","35952752","37","23118909"
"chr1","12855733","12855957","chr7","154995961","154996183","31","142140228"
"chr1","12972552","12972739","chrUn_NW_014015889v1","119","278","30","12972433"
"chr1","13321623","13321784","chr17","24638698","24638857","39","11317075"
"chr1","13323687","13323980","chr4","109377359","109377660","36","96053672"
"chr1","13323989","13324154","chrUn_NW_014015889v1","119","278","7","13323870"
"chr1","13482108","13482406","chr1","13668512","13668809","4","186404"
"chr1","13544052","13544345","chr1","13731385","13731683","11","187333"
"chr1","13575779","13576072","chr1","13759865","13760159","14","184086"
"chr1","13702395","13702693","chr1","13883732","13884030","6","181337"
"chr1","13878184","13878427","chr1","14058183","14058424","8","179999"
"chr1","14035750","14036048","chr1","14208598","14208894","14","172848"
"chr1","14078626","14078924","chr1","14251570","14251869","9","172944"
"chr1","14147881","14148163","chr1","14316650","14316939","14","168769"
"chr1","14444557","14444874","chr1","14613749","14614069","9","169192"
"chr1","14951488","14951756","chr1","15125081","15125345","13","173593"
"chr1","14996757","14997061","chr3","38686472","38686780","45","23689715"
"chr1","15081055","15081261","chr4","112665137","112665347","30","97584082"
"chr1","15203862","15203974","chr1","15402409","15402521","5","198547"
"chr1","15334961","15335260","chr1","15507610","15507907","6","172649"
"chr1","15353052","15353343","chr1","15525742","15526036","7","172690"
"chr1","15398428","15398592","chr10","72603756","72603916","29","57205328"
"chr1","15415270","15415468","chr10","77214649","77214842","30","61799379"
"chr1","15511693","15511989","chr1","15679379","15679668","12","167686"
"chr1","15557778","15558074","chr1","15730533","15730824","9","172755"
"chr1","15575431","15575730","chr1","15747543","15747846","10","172112"
"chr1","15626386","15626688","chr1","15800523","15800808","21","174137"
"chr1","15630679","15630974","chr1","15804820","15805120","12","174141"
"chr1","15647017","15647067","chr1","15820619","15820669","1","173602"
"chr1","15742253","15742554","chr1","15909581","15909860","28","167328"
"chr1","15758331","15758634","chr6","43210460","43210760","37","27452129"
"chr1","15823271","15823575","chr6","38150830","38151139","44","22327559"
"chr1","15891266","15891559","chr1","16056067","16056357","10","164801"
"chr1","16236176","16236353","chr1","16410058","16410234","11","173882"
"chr1","16274888","16275194","chr1","16447969","16448277","15","173081"
"chr1","16736484","16736669","chr10","125898516","125898700","29","109162032"
"chr1","16938613","16938906","chr1","17102165","17102436","26","163552"
"chr1","17321512","17321807","chr9","112918036","112918339","35","95596524"
"chr1","17650920","17651223","chr1","17806216","17806522","12","155296"
"chr1","17808211","17808520","chr1","17958652","17958961","15","150441"
"chr1","17915370","17915643","chr1","18069335","18069637","37","153965"
"chr1","18295807","18296111","chr1","18441358","18441654","13","145551"
"chr1","18383454","18383758","chr1","18525714","18526021","13","142260"
"chr1","18546204","18546512","chr1","18686355","18686663","11","140151"
"chr1","19071399","19071697","chr1","19190953","19191258","27","119554"
"chr1","19174223","19174517","chr1","19304865","19305159","3","130642"
"chr1","19384241","19384494","chr1","19506890","19507147","5","122649"
"chr1","19684548","19684846","chr1","19796976","19797274","6","112428"
"chr1","19824118","19824413","chr1","19931872","19932166","8","107754"
"chr1","19856713","19857019","chr1","19963920","19964220","17","107207"
"chr1","20503140","20503420","chr15","21454987","21455268","28","951847"
"chr1","20506174","20506472","chr1","20596893","20597191","8","90719"
"chr1","20693999","20694296","chr4","173201223","173201521","30","152507224"
"chr1","20736513","20736645","chr9","128860127","128860259","17","108123614"
"chr1","20895182","20895460","chr1","21002892","21003170","9","107710"
"chr1","20895674","20895960","chr1","21003384","21003668","13","107710"
"chr1","20902166","20902485","chr15","20943865","20944166","47","41699"
"chr1","21007599","21007657","chr10","80708476","80708535","6","59700877"
"chr1","21030106","21030403","chr1","21120508","21120805","4","90402"
"chr1","21036875","21037170","chr1","21127277","21127571","5","90402"
"chr1","21646171","21646467","chr1","21838341","21838633","7","192170"
"chr1","21758195","21758366","chr12","102858183","102858353","27","81099988"
"chr1","21963242","21963543","chr6","43210460","43210760","35","21247218"
"chr1","21967175","21967478","chr3","20694152","20694458","41","1273023"
"chr1","21987456","21987750","chr4","49050289","49050579","39","27062833"
"chr1","22136925","22137231","chr4","109377359","109377660","35","87240434"
"chr1","22193825","22194133","chr1","22345941","22346248","9","152116"
"chr1","22407226","22407536","chr1","22560281","22560591","3","153055"
"chr1","22826941","22827246","chr1","22966312","22966616","10","139371"
"chr1","23162108","23162410","chr1","23330254","23330553","6","168146"
"chr1","23338306","23338600","chr1","23499259","23499559","10","160953"
"chr1","23383645","23383869","chr5","123732154","123732384","35","100348509"
"chr1","23522429","23522737","chr1","23674946","23675255","16","152517"
"chr1","23587672","23587962","chr1","23739550","23739839","9","151878"
"chr1","23884857","23885164","chr1","24040171","24040476","10","155314"
"chr1","24715704","24715862","chr1","24867876","24868035","6","152172"
"chr1","24735989","24736289","chr4","169310924","169311230","67","144574935"
"chr1","24793446","24793745","chr1","24945975","24946264","18","152529"
"chr1","24806240","24806512","chr1","128794200","128794458","43","103987960"
"chr1","25289035","25289277","chr19","20905787","20906024","38","4383248"
"chr1","25677433","25677656","chr1","25932759","25932982","3","255326"
"chr1","25738335","25738623","chr1","28112433","28112722","30","2374098"
"chr1","25930238","25930541","chr1","26164257","26164557","11","234019"
"chr1","25958445","25958727","chr22","44749384","44749672","32","18790939"
"chr1","26318156","26318460","chr1","26545791","26546094","6","227635"
"chr1","26332078","26332359","chr1","26559732","26560014","4","227654"
"chr1","26467893","26468173","chr1","211591494","211591775","31","185123601"
"chr1","26537465","26537736","chr1","26748806","26749069","26","211341"
"chr1","26564912","26565201","chr1","26776295","26776551","42","211383"
"chr1","26600139","26600452","chr3","20694152","20694458","41","5905987"
"chr1","26616114","26616254","chr1","26823463","26823599","8","207349"
"chr1","26626250","26626539","chr1","26833365","26833653","9","207115"
"chr1","26630056","26630336","chr1","26836753","26837033","6","206697"
"chr1","26703053","26703348","chr1","26911193","26911487","10","208140"
"chr1","26709086","26709394","chr1","26917759","26918058","30","208673"
"chr1","26830872","26831183","chr1","27036530","27036843","14","205658"
"chr1","26837750","26837958","chr5","182141287","182141495","34","155303537"
"chr1","26852864","26853151","chr1","199642978","199643265","24","172790114"
"chr1","27045531","27045797","chr1","27251381","27251646","10","205850"
"chr1","27131933","27132231","chr1","27334291","27334594","13","202358"
"chr1","27329951","27330166","chr4","831077","831290","29","26498874"
"chr1","27566049","27566334","chr10","18947187","18947480","33","8618862"
"chr1","27752743","27753024","chr1","27932115","27932396","6","179372"
"chr1","27839632","27839755","chr18","25338834","25338953","21","2500798"
"chr1","27865483","27865618","chr1","26823463","26823599","18","1042020"
"chr1","27872245","27872510","chr1","28045271","28045530","9","173026"
"chr1","27943479","27943784","chr1","28112433","28112722","28","168954"
"chr1","28109760","28110066","chr1","28277369","28277677","10","167609"
"chr1","28284405","28284698","chr2B","220777215","220777507","30","192492810"
"chr1","28320510","28320816","chr1","28486856","28487162","2","166346"
"chr1","28357510","28357794","chr1","28522286","28522568","9","164776"
"chr1","28386947","28387159","chr22","20188497","20188709","22","8198450"
"chr1","28629232","28629464","chr14","89368218","89368451","32","60738986"
"chr1","28634006","28634212","chr3","59393880","59394081","41","30759874"
"chr1","28735847","28736161","chr1","28915099","28915398","24","179252"
"chr1","28875843","28876149","chr1","29053921","29054217","26","178078"
"chr1","28961444","28961748","chr17","4999398","4999706","36","23962046"
"chr1","28970357","28970494","chr1","29145355","29145492","3","174998"
"chr1","29005249","29005556","chr1","29178473","29178778","8","173224"
"chr1","29048697","29048995","chr14","73185976","73186275","31","44137279"
"chr1","29076868","29077156","chr6","161160957","161161246","28","132084089"
"chr1","29154306","29154589","chr1","12625983","12626259","35","16528323"
"chr1","29226489","29226792","chr1","29403010","29403303","13","176521"
"chr1","29273305","29273458","chr1","44072894","44073051","29","14799589"
"chr1","29273759","29273876","chr6","56266109","56266218","14","26992350"
"chr1","29324966","29325236","chr1","29501992","29502261","8","177026"
"chr1","29393402","29393706","chr1","29570432","29570735","9","177030"
"chr1","29914193","29914502","chr1","30079602","30079911","1","165409"
"chr1","30058644","30058953","chr1","30228909","30229217","8","170265"
"chr1","30988818","30989091","chr1","31135306","31135579","6","146488"
"chr1","31124490","31124788","chr1","31285497","31285790","9","161007"
"chr1","31190884","31190930","chr7","56905802","56905859","21","25714918"
"chr1","31191257","31191295","chr5","158416242","158416279","20","127224985"
"chr1","31191594","31191818","chr3","37329522","37329749","52","6137928"
"chr1","31199811","31200112","chr1","31360906","31361201","21","161095"
"chr1","31227558","31227851","chr1","31386301","31386593","4","158743"
"chr1","31314231","31314524","chr22","40453482","40453776","31","9139251"
"chr1","31383494","31383625","chr2A","27611758","27611888","11","3771736"
"chr1","31424333","31424627","chr1","50896518","50896811","42","19472185"
"chr1","31620832","31620958","chr12","134793834","134793963","15","103173002"
"chr1","32017315","32017611","chr1","32150758","32151066","15","133443"
"chr1","32118352","32118513","chr1","32250185","32250346","2","131833"
"chr1","32263749","32264049","chr17","15186388","15186689","29","17077361"
"chr1","32365384","32365693","chr1","32486548","32486856","8","121164"
"chr1","32650671","32650833","chr1","32935825","32935989","7","285154"
"chr1","32724208","32724498","chr1","33005731","33006021","4","281523"
"chr1","32725968","32726275","chr4","169310924","169311230","53","136584956"
"chr1","32801937","32802228","chr3","191240310","191240611","52","158438373"
"chr1","32838818","32839125","chr1","33124016","33124330","16","285198"
"chr1","32867747","32868057","chr1","33153262","33153573","10","285515"
"chr1","32921387","32921676","chr1","33203888","33204175","7","282501"
"chr1","33380644","33380949","chr1","33605885","33606187","16","225241"
"chr1","33731051","33731350","chr1","33955234","33955538","7","224183"
"chr1","34501718","34502012","chr1","34670240","34670537","7","168522"
"chr1","34519208","34519501","chr1","34687791","34688082","8","168583"
"chr1","34895171","34895299","chr1","35053334","35053467","12","158163"
"chr1","34918991","34919292","chr1","35077258","35077575","22","158267"
"chr1","35259163","35259455","chr15","32639867","32640158","24","2619296"
"chr1","35310227","35310539","chr6","38150830","38151139","42","2840603"
"chr1","35314882","35315181","chr4","37864691","37864989","33","2549809"
"chr1","35724560","35724860","chr1","35873356","35873656","7","148796"
"chr1","35788829","35789120","chr1","35937123","35937418","7","148294"
"chr1","35791850","35791979","chr12","105353510","105353646","25","69561660"
"chr1","35816645","35816954","chr1","35965718","35966023","14","149073"
"chr1","35884219","35884523","chr8","98185106","98185414","27","62300887"
"chr1","35923389","35923682","chr1","36070315","36070584","30","146926"
"chr1","36060218","36060517","chr1","36207582","36207876","10","147364"
"chr1","36069358","36069651","chr1","36215838","36216129","9","146480"
"chr1","36124435","36124731","chr1","36260936","36261241","14","136501"
"chr1","36182997","36183320","chrX","151188898","151189207","44","115005901"
"chr1","36193011","36193299","chr1","36319221","36319508","4","126210"
"chr1","36219272","36219563","chr1","36344929","36345216","9","125657"
"chr1","36389108","36389412","chr3","37596334","37596638","32","1207226"
"chr1","36445215","36445513","chr8","113528254","113528555","34","77083039"
"chr1","36457398","36457708","chr4","109377359","109377660","40","72919961"
"chr1","36578175","36578458","chr1","36687895","36688168","19","109720"
"chr1","36736609","36736899","chr12","61366103","61366400","35","24629494"
"chr1","36855819","36856112","chr1","36958205","36958501","14","102386"
"chr1","37144157","37144455","chr1","37433889","37434179","15","289732"
"chr1","37255288","37255580","chr1","37544894","37545184","9","289606"
"chr1","37352699","37352954","chr1","37642197","37642456","8","289498"
"chr1","37815101","37815403","chr18","59885627","59885927","39","22070526"
"chr1","37860792","37861130","chr6","99247677","99248006","51","61386885"
"chr1","37898423","37898716","chr1","38196369","38196662","6","297946"
"chr1","37906228","37906520","chr1","38204109","38204404","8","297881"
"chr1","37950357","37950620","chr1","38242688","38242940","16","292331"
"chr1","38440884","38441014","chr3","32178841","32178969","16","6262043"
"chr1","38807262","38807540","chr1","39071987","39072275","13","264725"
"chr1","39385225","39385536","chr19","6571120","6571429","32","32814105"
"chr1","39402344","39402630","chr11","71954083","71954372","5","32551739"
"chr1","39557069","39557361","chr1","39817732","39818023","9","260663"
"chr1","39589932","39590225","chr1","39849681","39849970","6","259749"
"chr1","39720448","39720675","chr15","42662230","42662472","46","2941782"
"chr1","39803893","39804191","chr1","40060815","40061108","35","256922"
"chr1","39956769","39957078","chr1","40238316","40238625","5","281547"
"chr1","40325085","40325393","chrX","135923898","135924207","32","95598813"
"chr1","40414595","40414891","chr1","40657753","40658051","6","243158"
"chr1","40488179","40488486","chr1","40732837","40733144","10","244658"
"chr1","40618404","40618517","chrX","103814939","103815043","31","63196535"
"chr1","40723258","40723562","chr1","40969438","40969742","8","246180"
"chr1","41132307","41132602","chr1","41259717","41260017","13","127410"
"chr1","41155743","41156021","chr1","41283222","41283490","16","127479"
"chr1","41246598","41246907","chr1","41372390","41372683","20","125792"
"chr1","41450366","41450677","chr1","41576143","41576453","6","125777"
"chr1","41455054","41455325","chr1","41580806","41581067","13","125752"
"chr1","41465421","41465727","chr1","41590714","41591032","17","125293"
"chr1","41503638","41503932","chr2B","195831065","195831358","33","154327427"
"chr1","41593829","41594164","chr1","41715400","41715707","32","121571"
"chr1","42308815","42308952","chr1","42427696","42427833","3","118881"
"chr1","42382636","42382777","chr6","10467247","10467384","27","31915389"
"chr1","42754301","42754592","chr1","42933492","42933783","8","179191"
"chr1","42942049","42942220","chr9","37268179","37268351","31","5673870"
"chr1","42942509","42942642","chrX","623539","623672","11","42318970"
"chr1","43141307","43141592","chr1","43308251","43308536","10","166944"
"chr1","43148383","43148689","chr1","43315121","43315418","14","166738"
"chr1","43898479","43898638","chr1","44072894","44073051","3","174415"
"chr1","43903062","43903371","chr1","157448490","157448797","40","113545428"
"chr1","44058269","44058568","chr1","44230822","44231101","27","172553"
"chr1","44136510","44136806","chr1","44306852","44307144","10","170342"
"chr1","44275925","44276120","chr1","44434740","44434935","4","158815"
"chr1","44318911","44319208","chr1","44477631","44477930","9","158720"
"chr1","44461598","44461884","chr11","91906219","91906516","40","47444621"
"chr1","44716510","44716615","chr3","38576873","38576979","10","6139637"
"chr1","45270386","45270649","chr1","45395361","45395624","7","124975"
"chr1","45273956","45274066","chr4","60034737","60034864","33","14760781"
"chr1","45278215","45278342","chr21","31283539","31283667","22","13994676"
"chr1","45455832","45456120","chr1","45595687","45595958","20","139855"
"chr1","45521694","45521980","chr1","45657659","45657964","27","135965"
"chr1","46012106","46012339","chr1","46091034","46091265","11","78928"
"chr1","46055710","46056000","chr1","46131851","46132141","3","76141"
"chr1","46065255","46065556","chr16","75530905","75531203","48","29465650"
"chr1","46096348","46096640","chr1","46170205","46170498","10","73857"
"chr1","46134518","46134806","chr3","191782303","191782601","44","145647785"
"chr1","46166043","46166230","chr1","46238884","46239077","9","72841"
"chr1","46193567","46193879","chr9","70329220","70329521","35","24135653"
"chr1","46204079","46204370","chr1","46269809","46270105","13","65730"
"chr1","46334470","46334773","chr10","115245639","115245935","34","68911169"
"chr1","46357058","46357345","chr1","46441047","46441338","15","83989"
"chr1","46394689","46394990","chr1","46478573","46478875","13","83884"
"chr1","46472962","46473257","chr1","46559064","46559356","9","86102"
"chr1","46958093","46958175","chr10","22800301","22800382","13","24157792"
"chr1","47125914","47126222","chr1","47177382","47177690","8","51468"
"chr1","47784634","47784920","chr8","15221453","15221735","42","32563181"
"chr1","47844951","47845249","chr1","40657753","40658051","24","7187198"
"chr1","47862036","47862326","chr1","48094484","48094777","35","232448"
"chr1","47949490","47949766","chr4","161428259","161428525","45","113478769"
"chr1","48050662","48050970","chr1","48261484","48261792","13","210822"
"chr1","48603325","48603633","chr2A","113167571","113167872","39","64564246"
"chr1","49071862","49072164","chr1","49270824","49271116","20","198962"
"chr1","49996130","49996436","chr1","50164784","50165089","6","168654"
"chr1","50404708","50404989","chr1","50562264","50562547","8","157556"
"chr1","50762277","50762576","chr1","50896518","50896811","10","134241"
"chr1","50997229","50997515","chr1","51143275","51143562","9","146046"
"chr1","51162714","51162991","chr1","51308400","51308676","5","145686"
"chr1","51196341","51196503","chr10","102415722","102415872","28","51219381"
"chr1","51247872","51248153","chr1","51410441","51410722","7","162569"
"chr1","51297194","51297486","chr14","92616788","92617080","30","41319594"
"chr1","51366690","51366981","chr1","51535930","51536221","6","169240"
"chr1","51811747","51811880","chr4","192425824","192425956","13","140614077"
"chr1","52042733","52043040","chr1","52205163","52205452","22","162430"
"chr1","52119007","52119299","chr1","52275371","52275661","13","156364"
"chr1","52347728","52348019","chr1","52492190","52492477","8","144462"
"chr1","52415071","52415241","chr17","21441237","21441410","23","30973834"
"chr1","52457419","52457722","chr1","52601147","52601450","11","143728"
"chr1","52615302","52615481","chr1","52758982","52759155","12","143680"
"chr1","52723295","52723478","chr1","60029804","60029984","39","7306509"
"chr1","52733155","52733395","chr1","53001051","53001293","4","267896"
"chr1","52914986","52915286","chr1","53180661","53180966","13","265675"
"chr1","52920030","52920333","chr10","8084252","8084553","36","44835778"
"chr1","53114136","53114419","chr6","125920899","125921182","40","72806763"
"chr1","53214724","53215017","chr17","3658381","3658675","37","49556343"
"chr1","53368509","53368784","chr1","53633019","53633296","30","264510"
"chr1","53494876","53495186","chr1","53763792","53764086","22","268916"
"chr1","53559814","53559957","chr1","166885187","166885334","21","113325373"
"chr1","53758444","53758751","chr1","54024532","54024812","38","266088"
"chr1","54243351","54243654","chr1","54480832","54481126","18","237481"
"chr1","54342940","54343246","chr1","68553745","68554049","38","14210805"
"chr1","54376765","54377089","chr1","54613737","54614046","23","236972"
"chr1","54513772","54514061","chr1","54749215","54749504","12","235443"
"chr1","54569876","54569991","chr1","157768618","157768730","27","103198742"
"chr1","54715141","54715407","chr1","193138936","193139205","32","138423795"
"chr1","54782258","54782475","chr1","54994206","54994443","23","211948"
"chr1","54800955","54801264","chr1","55014879","55015179","15","213924"
"chr1","55045851","55046003","chr20","510688","510841","21","54535163"
"chr1","55138260","55138560","chr1","55370239","55370543","11","231979"
"chr1","55581728","55582022","chr1","55838929","55839221","6","257201"
"chr1","55841346","55841574","chr1","56094537","56094763","8","253191"
"chr1","56533392","56533578","chr1","56897951","56898134","8","364559"
"chr1","56818917","56819196","chr1","57156885","57157164","5","337968"
"chr1","58039311","58039548","chr19","17033695","17033928","33","41005616"
"chr1","58098312","58098574","chrX","69547600","69547854","37","11449288"
"chr1","58108223","58108364","chr7","82758214","82758351","19","24649991"
"chr1","58112598","58112903","chr1","58388034","58388339","10","275436"
"chr1","59324436","59324569","chr1","59526611","59526744","2","202175"
"chr1","59448331","59448616","chr1","59642901","59643184","8","194570"
"chr1","59472906","59473205","chr11","20572242","20572542","33","38900664"
"chr1","59852429","59852609","chr1","60029804","60029984","2","177375"
"chr1","60187960","60188196","chr1","60357620","60357855","6","169660"
"chr1","60347039","60347328","chr1","60515723","60516024","23","168684"
"chr1","60827090","60827366","chr1","61017595","61017869","9","190505"
"chr1","61332748","61332897","chr7","142867642","142867786","16","81534894"
"chr1","61332923","61333188","chr17","42585923","42586169","56","18747000"
"chr1","61540373","61540649","chr1","61838490","61838798","35","298117"
"chr1","61996117","61996413","chr3","184352861","184353156","26","122356744"
"chr1","62380349","62380642","chr1","185585072","185585372","53","123204723"
"chr1","62447693","62447801","chr1","62667510","62667618","3","219817"
"chr1","62641813","62641975","chr1","62862077","62862236","13","220264"
"chr1","63026403","63026692","chr1","63234033","63234327","14","207630"
"chr1","63289031","63289328","chr1","63495593","63495893","10","206562"
"chr1","63289360","63289667","chr1","63495925","63496224","13","206565"
"chr1","63529853","63530152","chr1","63735429","63735711","22","205576"
"chr1","64085775","64085985","chr17","2196508","2196718","26","61889267"
"chr1","64327852","64328158","chr1","64498429","64498735","8","170577"
"chr1","64366696","64366951","chr1","64537920","64538176","8","171224"
"chr1","64432825","64433129","chr1","64603843","64604147","12","171018"
"chr1","64471314","64471596","chr1","64642288","64642568","5","170974"
"chr1","65017687","65017971","chr1","65164552","65164836","6","146865"
"chr1","65979573","65979844","chr15","60999380","60999661","35","4980193"
"chr1","65987017","65987312","chr1","66295036","66295331","9","308019"
"chr1","66876036","66876336","chr1","67151203","67151496","13","275167"
"chr1","67119914","67120222","chr1","67400510","67400818","13","280596"
"chr1","67260067","67260365","chr1","67529691","67529988","12","269624"
"chr1","67819492","67819790","chr1","68112239","68112537","7","292747"
"chr1","67825295","67825586","chr1","68118061","68118351","6","292766"
"chr1","68143297","68143597","chr1","68432241","68432542","7","288944"
"chr1","68229171","68229479","chr1","68553745","68554049","11","324574"
"chr1","68418144","68418449","chr1","68770135","68770424","25","351991"
"chr1","69236770","69237073","chr1","69568245","69568543","7","331475"
"chr1","69251621","69251927","chr1","69588256","69588564","8","336635"
"chr1","69479578","69479787","chr1","69820608","69820820","9","341030"
"chr1","69529133","69529414","chr1","69870080","69870362","3","340947"
"chr1","69894168","69894471","chr1","70233952","70234253","9","339784"
"chr1","70420263","70420553","chr1","70787387","70787672","9","367124"
"chr1","70845879","70846182","chr1","71205572","71205875","8","359693"
"chr1","71203292","71203577","chr1","71559786","71560070","12","356494"
"chr1","71218918","71219207","chr1","71575355","71575641","11","356437"
"chr1","71319559","71319751","chr1","71675648","71675840","3","356089"
"chr1","71436117","71436274","chr20","29517882","29518031","23","41918235"
"chr1","72707071","72707163","chr2A","81481462","81481557","24","8774391"
"chr1","72707287","72707419","chr20","2100794","2100928","11","70606493"
"chr1","73327237","73327536","chr1","73631151","73631445","11","303914"
"chr1","74252253","74252585","chr1","74499694","74499986","50","247441"
"chr1","75050228","75050534","chr1","75292905","75293207","12","242677"
"chr1","75344979","75345266","chr1","75592728","75593013","5","247749"
"chr1","75817610","75817917","chr1","76060645","76060948","13","243035"
"chr1","76106268","76106571","chr1","76349429","76349733","5","243161"
"chr1","76262895","76263200","chr1","76499199","76499501","11","236304"
"chr1","76439627","76439774","chr15","37998574","37998719","20","38441053"
"chr1","76754883","76755166","chr1","76979832","76980108","14","224949"
"chr1","76867876","76868038","chr1","77085593","77085753","5","217717"
"chr1","77386740","77387040","chr1","77718420","77718718","9","331680"
"chr1","77867263","77867544","chr1","78194721","78195002","11","327458"
"chr1","78553464","78553768","chr1","78876157","78876460","7","322693"
"chr1","78558895","78559196","chr20","9274561","9274869","10","69284334"
"chr1","78644216","78644508","chr1","78965511","78965803","10","321295"
"chr1","78694510","78694749","chr1","79015625","79015864","4","321115"
"chr1","78931750","78931889","chr3","59673426","59673565","24","19258324"
"chr1","80946949","80947244","chr1","81353949","81354240","5","407000"
"chr1","82473807","82474116","chr1","82857287","82857596","20","383480"
"chr1","82718602","82718737","chr6","127087321","127087456","15","44368719"
"chr1","82719026","82719207","chr1","83088400","83088580","9","369374"
"chr1","82799108","82799393","chr1","83166908","83167193","5","367800"
"chr1","83339218","83339493","chr1","83630082","83630361","10","290864"
"chr1","83892037","83892345","chr1","84177495","84177801","14","285458"
"chr1","84254009","84254320","chr5","82824822","82825129","11","1429187"
"chr1","84511791","84512083","chr1","85038765","85039058","19","526974"
"chr1","84553792","84554088","chr1","85079551","85079855","16","525759"
"chr1","84570165","84570475","chr1","85095947","85096260","8","525782"
"chr1","85014593","85014896","chr1","85511512","85511815","7","496919"
"chr1","85547292","85547575","chr1","86000323","86000607","4","453031"
"chr1","85906540","85906847","chr1","86352210","86352517","9","445670"
"chr1","86033965","86034167","chr13","40881608","40881811","20","45152357"
"chr1","86158904","86159200","chr1","86605500","86605793","14","446596"
"chr1","86186720","86186897","chr1","86633240","86633417","4","446520"
"chr1","86311781","86312069","chr1","86751292","86751580","6","439511"
"chr1","87017883","87018189","chr1","87447148","87447442","19","429265"
"chr1","87838882","87839183","chrUn_NW_014015906v1","644","939","15","87838238"
"chr1","88649759","88649932","chr2B","237361319","237361495","21","148711560"
"chr1","88674559","88674858","chrX","96767512","96767810","36","8092953"
"chr1","89402048","89402338","chr1","89785201","89785491","3","383153"
"chr1","89726015","89726302","chr1","90091236","90091523","7","365221"
"chr1","89954827","89955138","chr1","90330035","90330343","11","375208"
"chr1","89988435","89988741","chr6","108343714","108344017","38","18355279"
"chr1","89998203","89998496","chr1","90373925","90374205","22","375722"
"chr1","90038018","90038293","chr1","90415124","90415399","5","377106"
"chr1","90066258","90066546","chr12","37501533","37501826","28","52564725"
"chr1","90668050","90668292","chr1","91004271","91004512","7","336221"
"chr1","90738080","90738384","chr1","91077214","91077504","20","339134"
"chr1","90784955","90785252","chr1","91126197","91126488","13","341242"
"chr1","90952256","90952548","chr1","91280469","91280761","9","328213"
"chr1","91013877","91014180","chr1","91342014","91342321","7","328137"
"chr1","91079673","91079964","chr1","91407735","91408024","7","328062"
"chr1","91712938","91713226","chr1","92069424","92069709","8","356486"
"chr1","91927233","91927534","chr1","92281941","92282233","14","354708"
"chr1","91928593","91928886","chr1","92283291","92283580","11","354698"
"chr1","92202959","92203268","chr13","40829296","40829604","42","51373663"
"chr1","92923076","92923353","chr1","93253160","93253438","11","330084"
"chr1","92962225","92962525","chr1","93289796","93290090","31","327571"
"chr1","92998886","92999184","chr1","93325309","93325607","5","326423"
"chr1","93156260","93156558","chr1","93473812","93474110","7","317552"
"chr1","93563645","93563951","chr6","20960668","20960969","36","72602977"
"chr1","93950468","93950768","chr1","94227983","94228281","10","277515"
"chr1","94071056","94071351","chr1","94322308","94322603","3","251252"
"chr1","94257449","94257739","chr1","94498179","94498473","13","240730"
"chr1","94406573","94406873","chr1","94642780","94643077","9","236207"
"chr1","95373845","95374149","chr1","95572326","95572620","20","198481"
"chr1","95829002","95829284","chr1","96005474","96005756","8","176472"
"chr1","96164948","96165094","chr10","102415722","102415872","20","6250774"
"chr1","96401303","96401488","chr1","96569192","96569377","4","167889"
"chr1","98017071","98017396","chr1","98127846","98128174","10","110775"
"chr1","98080441","98080746","chr1","98193082","98193387","5","112641"
"chr1","99590463","99590640","chr1","99661113","99661289","6","70650"
"chr1","99900689","99900993","chr1","99952920","99953223","8","52231"
"chr1","100434634","100434912","chr1","100424275","100424551","8","10359"
"chr1","101159053","101159194","chr1","101148863","101149003","6","10190"
"chr1","101328804","101329092","chr1","101313930","101314218","6","14874"
"chr1","101347024","101347334","chr1","101331342","101331649","11","15682"
"chr1","101464230","101464542","chr1","101448641","101448948","14","15589"
"chr1","102621296","102621589","chr1","102596131","102596433","16","25165"
"chr1","103146805","103147111","chr1","103119557","103119863","4","27248"
"chr1","103276714","103276754","chr13","20558458","20558501","10","82718256"
"chr1","103304398","103304531","chr3","31801467","31801591","25","71502931"
"chr1","104094001","104094296","chr1","104085137","104085434","8","8864"
"chr1","104254276","104254574","chr10","93517042","93517349","48","10737234"
"chr1","105258940","105259249","chr1","105633269","105633577","14","374329"
"chr1","105973710","105974015","chr3","58617416","58617725","71","47356294"
"chr1","106175044","106175335","chr1","106516085","106516376","9","341041"
"chr1","107076081","107076326","chr1","107348056","107348321","35","271975"
"chr1","107509071","107509142","chr1","107760154","107760225","2","251083"
"chr1","108547216","108547503","chr1","108771133","108771417","11","223917"
"chr1","108773711","108774009","chr7","82107486","82107784","35","26666225"
"chr1","108966564","108966873","chr1","109189446","109189752","16","222882"
"chr1","109340661","109340780","chr9","5721739","5721859","20","103618922"
"chr1","109550167","109550459","chr1","109779821","109780120","24","229654"
"chr1","109740489","109740770","chr7","97904460","97904743","32","11836029"
"chr1","110023349","110023626","chr1","110224228","110224530","28","200879"
"chr1","110291227","110291406","chr10","106483113","106483282","49","3808114"
"chr1","110342038","110342265","chr1","110535424","110535648","25","193386"
"chr1","110775371","110775654","chr1","111027997","111028276","10","252626"
"chr1","111678643","111678948","chr1","127444070","127444375","26","15765427"
"chr1","112008809","112009096","chr1","127126062","127126348","12","15117253"
"chr1","112956262","112956563","chr1","126192917","126193214","13","13236655"
"chr1","113104364","113104649","chrX","22058368","22058663","44","91045996"
"chr1","113205944","113206226","chr1","125940984","125941268","10","12735040"
"chr1","114323259","114323413","chr1","124787080","124787233","5","10463821"
"chr1","114341758","114341866","chr1","124768532","124768646","11","10426774"
"chr1","114356963","114357262","chr14","92616788","92617080","35","21740175"
"chr1","114374689","114374800","chr15","73427311","73427426","14","40947378"
"chr1","114383050","114383345","chr1","124727911","124728206","8","10344861"
"chr1","114394462","114394777","chr13","110442787","110443103","36","3951675"
"chr1","114442852","114443026","chr20","8709690","8709865","38","105733162"
"chr1","114646193","114646350","chr1","76991403","76991560","25","37654790"
"chr1","115065382","115065675","chrUn_NW_014015799v1","30","323","9","115065352"
"chr1","115251201","115251499","chr1","123824668","123824963","11","8573467"
"chr1","115872641","115872944","chr1","123223832","123224133","12","7351191"
"chr1","116127464","116127756","chr3","138209067","138209356","45","22081603"
"chr1","116351725","116352029","chr1","122750253","122750557","7","6398528"
"chr1","117445519","117445813","chr1","121673850","121674143","11","4228331"
"chr1","117550558","117550857","chr1","121569218","121569517","10","4018660"
"chr1","118250275","118250566","chr1","120776110","120776403","4","2525835"
"chr1","118412399","118412698","chr1","120621999","120622303","13","2209600"
"chr1","118784817","118785124","chr1","120251594","120251899","14","1466777"
"chr1","118883237","118883454","chr1","120169857","120170084","19","1286620"
"chr1","119573573","119573876","chr1","119471519","119471822","9","102054"
"chr1","120173225","120173519","chr1","118919573","118919875","17","1253652"
"chr1","120385895","120386152","chr1","118710098","118710355","6","1675797"
"chr1","120389053","120389387","chr1","118706872","118707206","5","1682181"
"chr1","120468287","120468463","chr1","118615339","118615519","12","1852948"
"chr1","120468507","120468626","chr1","118615174","118615293","2","1853333"
"chr1","120636609","120636882","chr1","118444720","118444994","9","2191889"
"chr1","121549169","121549379","chr17","2196508","2196718","24","119352661"
"chr1","124321963","124322141","chr3","142410031","142410182","60","18088068"
"chr1","124429126","124429335","chr19","50970582","50970792","30","73458544"
"chr1","124463452","124463749","chr1","186119276","186119576","17","61655824"
"chr1","124679399","124679634","chr2B","184937019","184937250","48","60257620"
"chr1","125543806","125544109","chr1","113841226","113841522","18","11702580"
"chr1","125801233","125801518","chr1","113596686","113596970","4","12204547"
"chr1","126176993","126177205","chr2A","55028779","55028987","29","71148214"
"chr1","126318196","126318496","chr1","113009914","113010205","13","13308282"
"chr1","126896003","126896295","chr17","3658381","3658675","34","123237622"
"chr1","126931860","126932139","chr17","28014950","28015227","29","98916910"
"chr1","127126050","127126353","chr1","112209330","112209633","7","14916720"
"chr1","127426529","127426820","chr11","117772656","117772947","35","9653873"
"chr1","127481451","127481738","chr5","106072353","106072641","39","21409098"
"chr1","127655197","127655296","chr1","8882530","8882628","14","118772667"
"chr1","127681886","127682083","chr1","198894509","198894705","39","71212623"
"chr1","128321539","128321817","chr1","128610169","128610447","6","288630"
"chr1","128515580","128515833","chr1","128794200","128794458","11","278620"
"chr1","128753353","128753487","chr10","21842188","21842325","22","106911165"
"chr1","128853869","128854062","chr10","77214649","77214842","23","51639220"
"chr1","128859882","128860178","chr7","99831186","99831483","22","29028696"
"chr1","129078385","129078478","chr7","65105120","65105213","13","63973265"
"chr1","129297663","129297958","chrX","119327132","119327428","29","9970531"
"chr1","129432870","129433176","chr1","129432378","129432676","13","492"
"chr1","129477802","129477914","chr2B","190862694","190862807","17","61384892"
"chr1","129482592","129482892","chr1","154136761","154137062","34","24654169"
"chr1","129573415","129573743","chr1","129563183","129563489","32","10232"
"chr1","129601750","129602074","chr1","129599003","129599325","9","2747"
"chr1","129888361","129888540","chr11","117611878","117612053","23","12276483"
"chr1","129921768","129922070","chr1","129919151","129919456","13","2617"
"chr1","129943034","129943322","chr1","129936222","129936506","12","6812"
"chr1","130129029","130129325","chr1","130120480","130120776","14","8549"
"chr1","130247140","130247468","chr10","89512836","89513160","51","40734304"
"chr1","130255795","130255891","chr1","130252360","130252455","3","3435"
"chr1","130391666","130391965","chr5","150989192","150989477","50","20597526"
"chr1","130443780","130444079","chr1","130430722","130431016","9","13058"
"chr1","130487085","130487369","chr1","130471338","130471621","10","15747"
"chr1","130766401","130766678","chr1","130732891","130733177","14","33510"
"chr1","130831277","130831561","chr1","130789634","130789918","5","41643"
"chr1","130887770","130888003","chr1","130846386","130846616","8","41384"
"chr1","131004476","131004769","chr1","130954446","130954737","11","50030"
"chr1","131235102","131235162","chr7","42940003","42940064","7","88295099"
"chr1","132636094","132636365","chr1","132547382","132547657","9","88712"
"chr1","132764175","132764475","chr3","174964754","174965054","37","42200579"
"chr1","132792907","132793014","chr8","11718118","11718227","16","121074789"
"chr1","132804938","132805247","chr17","4999398","4999706","32","127805540"
"chr1","132939106","132939404","chr14","72523564","72523874","58","60415542"
"chr1","132954009","132954151","chr19","42965267","42965412","17","89988742"
"chr1","133049565","133049862","chr1","132955249","132955539","11","94316"
"chr1","133104304","133104588","chr1","65164552","65164836","35","67939752"
"chr1","133257204","133257504","chr1","133146847","133147136","16","110357"
"chr1","133348701","133348811","chr4","28350677","28350785","16","104998024"
"chr1","133447166","133447456","chr1","133335635","133335934","18","111531"
"chr1","133512159","133512440","chr1","133402518","133402811","25","109641"
"chr1","133605328","133605627","chr1","93473812","93474110","32","40131516"
"chr1","133725586","133725870","chr1","133611395","133611676","9","114191"
"chr1","134015758","134015996","chr1","133893882","133894120","2","121876"
"chr1","134134855","134135013","chr1","134012399","134012557","3","122456"
"chr1","134210362","134210669","chr1","134089268","134089571","11","121094"
"chr1","134342500","134342801","chr1","134217405","134217702","11","125095"
"chr1","134424624","134424936","chr1","134299422","134299730","24","125202"
"chr1","134426955","134427253","chr1","134307136","134307434","4","119819"
"chr1","134463987","134464156","chr18","56316526","56316693","38","78147461"
"chr1","134477179","134477348","chr18","56316526","56316693","38","78160653"
"chr1","134614419","134614725","chr1","134480597","134480902","28","133822"
"chr1","134659256","134659413","chr1","134524036","134524202","13","135220"
"chr1","134793014","134793317","chr1","134876524","134876827","9","83510"
"chr1","134819589","134819893","chr1","134900132","134900439","6","80543"
"chr1","134861941","134862246","chr1","27128331","27128640","26","107733610"
"chr1","134875507","134875797","chr1","134957442","134957730","11","81935"
"chr1","134886042","134886341","chr3","37596334","37596638","39","97289708"
"chr1","134933836","134934143","chr5","61606795","61607099","21","73327041"
"chr1","134941247","134941545","chr1","135022269","135022564","7","81022"
"chr1","134960494","134960785","chr6","136619343","136619636","34","1658849"
"chr1","135076482","135076782","chr1","135161408","135161707","4","84926"
"chr1","135156893","135157186","chr1","135233194","135233486","5","76301"
"chr1","135189402","135189705","chr1","135265257","135265560","4","75855"
"chr1","135295820","135296103","chr1","135372930","135373219","10","77110"
"chr1","135602259","135602556","chr1","135676736","135677033","1","74477"
"chr1","135807225","135807529","chr8","20851853","20852159","36","114955372"
"chr1","135812617","135812906","chr1","135889475","135889766","11","76858"
"chr1","135863700","135863972","chr17","13323709","13323978","27","122539991"
"chr1","136168963","136169260","chr1","136240027","136240322","8","71064"
"chr1","136223112","136223404","chr1","136293699","136293997","11","70587"
"chr1","136749571","136749873","chr1","136823114","136823414","7","73543"
"chr1","137107638","137107940","chr1","137198737","137199035","11","91099"
"chr1","137192741","137193036","chr1","137283131","137283423","5","90390"
"chr1","137226722","137227015","chr1","137318103","137318398","7","91381"
"chr1","138341325","138341628","chr1","138385105","138385411","14","43780"
"chr1","138784334","138784640","chr1","138813545","138813848","10","29211"
"chr1","138866450","138866738","chr1","138893276","138893564","5","26826"
"chr1","139341533","139341828","chr1","153471690","153471986","39","14130157"
"chr1","139972387","139972690","chr1","140271944","140272232","20","299557"
"chr1","139992877","139993182","chr1","140294768","140295066","12","301891"
"chr1","140030963","140031253","chr1","140328052","140328344","6","297089"
"chr1","140059173","140059483","chr9","37296159","37296468","39","102763014"
"chr1","140066331","140066618","chr1","140359223","140359502","15","292892"
"chr1","140161067","140161384","chr1","140492837","140493152","13","331770"
"chr1","140637728","140638033","chr1","140915871","140916168","17","278143"
"chr1","140682694","140682973","chr1","140961987","140962267","6","279293"
"chr1","140952955","140953253","chr1","141239412","141239712","5","286457"
"chr1","141440125","141440424","chr1","141728036","141728331","10","287911"
"chr1","141476964","141477256","chr1","141758767","141759058","12","281803"
"chr1","142063933","142064241","chr1","142336911","142337219","10","272978"
"chr1","142288532","142288835","chr1","142557781","142558087","25","269249"
"chr1","142576086","142576373","chr1","142835228","142835519","9","259142"
"chr1","142993452","142993606","chr1","143251383","143251537","3","257931"
"chr1","143287319","143287610","chr1","143544011","143544305","12","256692"
"chr1","143449945","143450241","chr1","143706437","143706726","11","256492"
"chr1","143539321","143539575","chr9","10663484","10663740","28","132875837"
"chr1","143766193","143766483","chr2A","110470602","110470893","26","33295591"
"chr1","143773689","143773997","chr1","144032277","144032585","8","258588"
"chr1","143999599","143999884","chr1","144262367","144262652","8","262768"
"chr1","144480689","144480917","chr1","144739923","144740150","4","259234"
"chr1","144721891","144722226","chr1","144967286","144967605","24","245395"
"chr1","146437816","146438118","chr1","146668552","146668845","15","230736"
"chr1","146632002","146632308","chr1","146832649","146832952","9","200647"
"chr1","146892211","146892508","chr1","147086655","147086937","23","194444"
"chr1","147078739","147078915","chr16","24747096","24747275","40","122331643"
"chr1","147191433","147191700","chr1","147386619","147386890","7","195186"
"chr1","147194779","147195087","chrX","47413173","47413478","33","99781606"
"chr1","147238921","147239049","chr14","73768913","73769043","21","73470008"
"chr1","147334613","147334902","chr1","147513004","147513294","7","178391"
"chr1","147361774","147362076","chr1","147539172","147539472","8","177398"
"chr1","147795619","147795926","chr1","147977114","147977422","16","181495"
"chr1","148712360","148712666","chr1","148896937","148897241","12","184577"
"chr1","149177901","149178233","chr1","149368466","149368784","21","190565"
"chr1","149213063","149213353","chr1","149403738","149404028","6","190675"
"chr1","149790544","149790840","chr1","149995405","149995696","7","204861"
"chr1","150297666","150297956","chr1","150497711","150498006","11","200045"
"chr1","150425845","150426155","chr1","150631641","150631944","15","205796"
"chr1","150658056","150658357","chr1","150852442","150852746","9","194386"
"chr1","152468289","152468581","chr1","152624405","152624690","23","156116"
"chr1","152550738","152551040","chr1","152707312","152707600","22","156574"
"chr1","152560463","152560764","chr1","152717010","152717309","10","156547"
"chr1","152896660","152896959","chr1","153053700","153054007","24","157040"
"chr1","153055823","153055976","chr1","153206556","153206707","5","150733"
"chr1","153285038","153285327","chr1","153441093","153441386","12","156055"
"chr1","153342576","153342870","chr1","153471690","153471986","3","129114"
"chr1","153707262","153707559","chr1","153791121","153791418","2","83859"
"chr1","153995916","153996207","chr1","154083696","154083961","32","87780"
"chr1","154011760","154012099","chr5","51575811","51576148","52","102435949"
"chr1","154051546","154051849","chr1","154136761","154137062","6","85215"
"chr1","154062534","154062754","chr8","125095055","125095275","30","28967479"
"chr1","154239663","154239970","chr1","154352617","154352923","6","112954"
"chr1","155026128","155026423","chr3","48209643","48209937","32","106816485"
"chr1","155424730","155424978","chr1","155538132","155538376","10","113402"
"chr1","155702724","155703012","chr1","155824409","155824697","8","121685"
"chr1","155880308","155880607","chr1","156000572","156000867","12","120264"
"chr1","157170374","157170672","chr1","157236695","157236994","11","66321"
"chr1","157170679","157170972","chr1","157237001","157237293","13","66322"
"chr1","157356239","157356544","chr1","157419179","157419483","9","62940"
"chr1","157387968","157388272","chr1","157448490","157448797","8","60522"
"chr1","157805473","157805718","chr1","157842911","157843153","9","37438"
"chr1","158106368","158106658","chr1","158129945","158130231","8","23577"
"chr1","158338076","158338369","chr19","49705671","49705964","31","108632405"
"chr1","158382885","158383160","chr1","158388695","158388944","29","5810"
"chr1","158516447","158516742","chr1","158512752","158513051","11","3695"
"chr1","158539958","158540248","chr1","158536351","158536640","11","3607"
"chr1","158906000","158906229","chr1","158872414","158872643","3","33586"
"chr1","159021623","159021844","chr1","158986953","158987174","4","34670"
"chr1","159649388","159649664","chr1","159611499","159611783","16","37889"
"chr1","159685887","159686040","chr1","159647965","159648118","3","37922"
"chr1","159738235","159738537","chr1","159693377","159693678","8","44858"
"chr1","160223115","160223420","chr1","160158736","160159038","12","64379"
"chr1","160657528","160657819","chr1","199642978","199643265","44","38985450"
"chr1","160811583","160811875","chr1","160738066","160738357","4","73517"
"chr1","161075035","161075278","chr1","160996503","160996748","7","78532"
"chr1","161219181","161219494","chr1","161143493","161143803","11","75688"
"chr1","161243933","161244225","chr1","161167882","161168174","2","76051"
"chr1","161536856","161537165","chr1","161458999","161459302","16","77857"
"chr1","161561672","161561972","chr1","161484674","161484973","5","76998"
"chr1","162193557","162193874","chr1","162633910","162634218","12","440353"
"chr1","162553027","162553328","chr1","162976978","162977281","9","423951"
"chr1","163034664","163034972","chr1","163461317","163461624","17","426653"
"chr1","163161391","163161700","chr5","35043534","35043843","33","128117857"
"chr1","163350848","163350906","chr1","163773705","163773767","6","422857"
"chr1","163905622","163905930","chr1","164329307","164329617","10","423685"
"chr1","163910977","163911147","chr1","164334655","164334835","12","423678"
"chr1","164092417","164092710","chr1","164514535","164514831","14","422118"
"chr1","164103291","164103558","chr19","18789365","18789635","30","145313926"
"chr1","164214116","164214401","chr17","38693337","38693627","35","125520779"
"chr1","164616961","164617098","chr10","58766408","58766547","17","105850553"
"chr1","164901453","164901730","chr1","165280588","165280865","5","379135"
"chr1","166278934","166279129","chr1","166657455","166657650","4","378521"
"chr1","166538038","166538185","chr1","166885187","166885334","4","347149"
"chr1","166622981","166623283","chr1","166948711","166948995","28","325730"
"chr1","166771330","166771562","chr1","167079632","167079870","15","308302"
"chr1","167929659","167929965","chr1","168205070","168205365","14","275411"
"chr1","168114169","168114438","chr1","168346195","168346455","13","232026"
"chr1","168295101","168295399","chr1","168531700","168531998","9","236599"
"chr1","169143417","169143663","chr1","169511997","169512243","9","368580"
"chr1","169205655","169205963","chr1","169574207","169574516","10","368552"
"chr1","169315442","169315734","chr1","169673289","169673581","6","357847"
"chr1","169484788","169484935","chr1","169835603","169835756","8","350815"
"chr1","170082976","170083253","chr1","170436687","170436966","8","353711"
"chr1","170648447","170648751","chr11","116080199","116080501","33","54568248"
"chr1","171128317","171128493","chr1","171464387","171464559","7","336070"
"chr1","171815810","171815888","chr1","172155324","172155402","2","339514"
"chr1","171937618","171937897","chr3","140912635","140912911","34","31024983"
"chr1","172013509","172013794","chr1","172349648","172349930","6","336139"
"chr1","172083995","172084293","chr1","172421180","172421478","7","337185"
"chr1","172329081","172329359","chr1","172677530","172677811","10","348449"
"chr1","173853380","173853701","chr1","174165022","174165348","10","311642"
"chr1","173854609","173854886","chr17","19852319","19852597","41","154002290"
"chr1","174096082","174096369","chr1","174409957","174410243","11","313875"
"chr1","174171001","174171288","chr1","174486760","174487045","9","315759"
"chr1","174446348","174446599","chr1","174764153","174764410","19","317805"
"chr1","174711898","174712177","chr1","175036116","175036386","13","324218"
"chr1","174716581","174716826","chr1","11658254","11658500","25","163058327"
"chr1","175770457","175770761","chr1","176055098","176055400","9","284641"
"chr1","176463770","176463985","chr1","176862196","176862413","2","398426"
"chr1","176791059","176791352","chr1","177166947","177167241","7","375888"
"chr1","177201208","177201500","chr1","177562198","177562492","3","360990"
"chr1","179565467","179565776","chr1","179853654","179853962","6","288187"
"chr1","179572514","179572812","chr1","179860526","179860821","9","288012"
"chr1","179767013","179767308","chr1","180051222","180051509","17","284209"
"chr1","179861121","179861432","chr1","180137106","180137417","12","275985"
"chr1","179893089","179893398","chr1","180169862","180170157","21","276773"
"chr1","179956176","179956466","chr1","180231276","180231564","10","275100"
"chr1","180129887","180130161","chr7","161012656","161012930","33","19117231"
"chr1","180186642","180186919","chr1","27932115","27932396","31","152254527"
"chr1","180290262","180290533","chr1","180571843","180572114","7","281581"
"chr1","180338537","180338822","chr1","180617536","180617822","9","278999"
"chr1","180361582","180361881","chr9","119775598","119775904","43","60585984"
"chr1","180418296","180418498","chr1","180695653","180695854","2","277357"
"chr1","180462274","180462567","chr1","180728949","180729259","24","266675"
"chr1","180481023","180481320","chr19","22799426","22799718","31","157681597"
"chr1","180492383","180492673","chr1","180759040","180759331","6","266657"
"chr1","180533238","180533547","chr1","180785751","180786061","10","252513"
"chr1","180591871","180592179","chr1","180844196","180844504","9","252325"
"chr1","180650068","180650376","chr1","180899977","180900285","6","249909"
"chr1","180671242","180671522","chr1","180921246","180921545","25","250004"
"chr1","181086725","181087020","chr1","181317808","181318101","5","231083"
"chr1","181119929","181120231","chr1","181350705","181351002","14","230776"
"chr1","181240633","181240943","chr2A","17974366","17974673","28","163266267"
"chr1","181692549","181692846","chr1","181851761","181852049","14","159212"
"chr1","181696441","181696741","chr1","181855767","181856065","13","159326"
"chr1","181707743","181708044","chr1","181866628","181866928","29","158885"
"chr1","181829290","181829514","chr1","181986996","181987223","6","157706"
"chr1","181999547","181999840","chr1","86482112","86482402","29","95517435"
"chr1","182581876","182582162","chr1","182685180","182685466","1","103304"
"chr1","182729248","182729538","chr1","182825301","182825589","3","96053"
"chr1","182806679","182806975","chr2B","212821478","212821771","35","30014799"
"chr1","183132450","183132744","chr1","183228023","183228313","18","95573"
"chr1","183331148","183331454","chr1","183429959","183430261","16","98811"
"chr1","183380192","183380359","chr1","183479311","183479478","1","99119"
"chr1","183465644","183465944","chr1","183563458","183563755","9","97814"
"chr1","183554127","183554436","chr17","4999398","4999706","40","178554729"
"chr1","183581271","183581579","chr5","175405344","175405673","102","8175927"
"chr1","183681117","183681413","chr3","48209643","48209937","28","135471474"
"chr1","183802695","183803005","chr1","183875527","183875839","15","72832"
"chr1","183849982","183850282","chr1","183931610","183931912","14","81628"
"chr1","183995786","183996093","chr1","184075934","184076242","11","80148"
"chr1","184428050","184428342","chr1","184495945","184496242","11","67895"
"chr1","184521518","184521792","chr1","184591248","184591522","4","69730"
"chr1","185107137","185107311","chr1","185160035","185160198","19","52898"
"chr1","185482954","185483250","chr2B","222511499","222511796","35","37028545"
"chr1","185537629","185537929","chr1","185585072","185585372","4","47443"
"chr1","185694079","185694369","chr1","185724122","185724410","9","30043"
"chr1","185878224","185878521","chr1","186119276","186119576","17","241052"
"chr1","186092111","186092398","chr1","185908971","185909247","19","183140"
"chr1","186593972","186594275","chr1","186701049","186701342","17","107077"
"chr1","186742871","186743173","chr1","186848944","186849251","13","106073"
"chr1","187089221","187089505","chr1","187191522","187191806","10","102301"
"chr1","187971685","187972022","chr1","188638647","188638952","38","666962"
"chr1","188060381","188060659","chr8","27964486","27964763","35","160095895"
"chr1","188094603","188094895","chr1","188760954","188761244","11","666351"
"chr1","188123639","188123936","chr1","188789275","188789569","9","665636"
"chr1","188626649","188626924","chr1","189287733","189288008","8","661084"
"chr1","188812846","188813137","chr1","189471086","189471378","3","658240"
"chr1","188919708","188920001","chr1","189577498","189577791","11","657790"
"chr1","189234334","189234631","chr1","189889837","189890133","8","655503"
"chr1","189369513","189369817","chr1","190022008","190022311","4","652495"
"chr1","189759916","189760131","chr1","190425084","190425294","10","665168"
"chr1","189974142","189974372","chr1","190627131","190627358","13","652989"
"chr1","190745828","190746105","chr1","191359631","191359912","17","613803"
"chr1","190888471","190888763","chr1","191497050","191497342","8","608579"
"chr1","190997859","190998165","chr1","191606605","191606914","13","608746"
"chr1","191054945","191055247","chr6","1238602","1238907","31","189816343"
"chr1","191233075","191233368","chr1","191908643","191908938","8","675568"
"chr1","191446449","191446738","chr12","102799287","102799576","30","88647162"
"chr1","191461274","191461561","chr1","192129974","192130263","11","668700"
"chr1","191461618","191461637","chr1","192130336","192130352","4","668718"
"chr1","191533384","191533679","chr1","192185220","192185515","12","651836"
"chr1","191697498","191697775","chr1","192343242","192343519","1","645744"
"chr1","191966903","191967204","chr1","192615304","192615607","11","648401"
"chr1","191993792","191994092","chr12","130595155","130595461","36","61398637"
"chr1","191994512","191994806","chr1","192642500","192642795","3","647988"
"chr1","192047580","192047882","chr1","192695217","192695520","10","647637"
"chr1","192086021","192086319","chr4","189810213","189810508","41","2275808"
"chr1","192511991","192512261","chr1","193138936","193139205","6","626945"
"chr1","192518131","192518246","chr1","8886512","8886625","24","183631619"
"chr1","192518300","192518455","chr3","33061371","33061531","32","159456929"
"chr1","192669395","192669704","chrX","33209095","33209406","35","159460300"
"chr1","192856385","192856681","chr1","193468860","193469155","7","612475"
"chr1","193141852","193142156","chr1","193724845","193725152","16","582993"
"chr1","193951992","193952295","chr1","194533914","194534217","5","581922"
"chr1","194082136","194082437","chr1","194663524","194663826","8","581388"
"chr1","194799653","194799958","chr1","195365914","195366212","11","566261"
"chr1","195492002","195492292","chr1","196116558","196116847","6","624556"
"chr1","195714563","195714695","chr1","196339506","196339631","9","624943"
"chr1","197476122","197476430","chr1","198074981","198075290","3","598859"
"chr1","197510900","197511216","chr1","198109488","198109804","5","598588"
"chr1","197541172","197541481","chr1","198128219","198128527","15","587047"
"chr1","197852228","197852514","chr1","195990144","195990430","6","1862084"
"chr1","198241331","198241562","chr5","129889744","129889973","29","68351587"
"chr1","198295090","198295386","chr1","198774274","198774571","8","479184"
"chr1","198424045","198424332","chr4","126905971","126906253","38","71518074"
"chr1","198511821","198512124","chr1","198980254","198980556","8","468433"
"chr1","199212702","199212868","chr1","171464387","171464559","26","27748315"
"chr1","199671110","199671407","chr1","200267953","200268247","7","596843"
"chr1","200034659","200034962","chr1","200633555","200633857","7","598896"
"chr1","200088636","200088935","chr1","200685322","200685625","9","596686"
"chr1","200283030","200283322","chr1","200875726","200876012","7","592696"
"chr1","200358876","200359173","chr1","200970290","200970583","9","611414"
"chr1","200483520","200483811","chr1","201102541","201102829","8","619021"
"chr1","201984505","201984798","chr1","202631568","202631861","2","647063"
"chr1","203011189","203011496","chr1","203589990","203590299","11","578801"
"chr1","203393937","203394231","chr1","203961142","203961435","11","567205"
"chr1","203394854","203395161","chr1","203961142","203961435","38","566288"
"chr1","203575032","203575097","chr15","90036884","90036938","21","113538148"
"chr1","203905963","203906244","chr1","204433096","204433383","12","527133"
"chr1","204154893","204155188","chr1","204623946","204624249","14","469053"
"chr1","204155357","204155684","chr1","204624388","204624681","43","469031"
"chr1","204241816","204242130","chr1","204706199","204706504","15","464383"
"chr1","204257441","204257654","chr4","112665137","112665347","34","91592304"
"chr1","204257655","204257951","chr1","204721978","204722271","12","464323"
"chr1","204273783","204274087","chr1","204737869","204738177","11","464086"
"chr1","204347533","204347714","chr10","125898516","125898700","21","78449017"
"chr1","204406168","204406473","chr1","204861182","204861483","10","455014"
"chr1","204450874","204451177","chr1","204905821","204906125","11","454947"
"chr1","204485079","204485385","chr6","38150830","38151139","29","166334249"
"chr1","205254465","205254763","chr1","205994694","205994992","7","740229"
"chr1","205349270","205349559","chr1","206083487","206083776","3","734217"
"chr1","205388064","205388360","chr1","206122260","206122561","10","734196"
"chr1","205672539","205672755","chr4","97118796","97119014","39","108553743"
"chr1","205768375","205768675","chr1","206510149","206510440","20","741774"
"chr1","205793818","205794133","chr1","206535229","206535548","9","741411"
"chr1","205821061","205821236","chr5","83764050","83764227","33","122057011"
"chr1","205846640","205846889","chr1","206588687","206588930","10","742047"
"chr1","205999165","205999472","chr1","206735740","206736045","8","736575"
"chr1","206006482","206006784","chr1","206742994","206743295","4","736512"
"chr1","206117418","206117715","chr1","206851219","206851520","17","733801"
"chr1","206475708","206476011","chr1","207195036","207195340","12","719328"
"chr1","206667372","206667659","chr1","207375747","207376031","8","708375"
"chr1","207032207","207032503","chr1","207740965","207741251","15","708758"
"chr1","207134753","207135059","chr1","207832728","207833032","7","697975"
"chr1","207153887","207154195","chr1","207852038","207852346","12","698151"
"chr1","207292590","207292896","chr1","207981501","207981808","12","688911"
"chr1","207601019","207601352","chr1","208236910","208237243","6","635891"
"chr1","207915587","207915894","chr6","32732554","32732857","28","175183033"
"chr1","207960516","207960816","chr1","208814597","208814894","15","854081"
"chr1","208148579","208148878","chr1","209003522","209003811","24","854943"
"chr1","208450827","208451136","chr1","209307004","209307311","11","856177"
"chr1","209136886","209137133","chr1","210021159","210021411","18","884273"
"chr1","209761187","209761486","chr1","210640583","210640873","15","879396"
"chr1","209939961","209940246","chr1","210817996","210818281","7","878035"
"chr1","210019792","210020065","chr15","74034028","74034300","29","135985764"
"chr1","210511225","210511534","chr1","211380850","211381143","23","869625"
"chr1","210723971","210724274","chr5","140359523","140359825","27","70364448"
"chr1","210774330","210774638","chr1","211641430","211641732","10","867100"
"chr1","210945677","210945965","chr1","211811620","211811908","6","865943"
"chr1","211007151","211007468","chr1","211872941","211873229","45","865790"
"chr1","211058272","211058569","chr12","28709397","28709699","37","182348875"
"chr1","211222871","211223170","chr1","212086451","212086750","10","863580"
"chr1","211310988","211311295","chr1","212171141","212171439","19","860153"
"chr1","211402495","211402787","chr1","212261555","212261847","8","859060"
"chr1","211698025","211698316","chr1","212548452","212548750","12","850427"
"chr1","211899784","211900083","chr1","212748499","212748800","5","848715"
"chr1","212393003","212393296","chr1","213240458","213240754","16","847455"
"chr1","213336290","213336604","chr1","214165476","214165787","21","829186"
"chr1","213342051","213342286","chr10","101870752","101870981","32","111471299"
"chr1","214380155","214380449","chr1","215201182","215201480","8","821027"
"chr1","214591848","214592125","chr1","215412608","215412885","6","820760"
"chr1","214812628","214812930","chr1","215645731","215646018","19","833103"
"chr1","214813311","214813610","chr11","56158312","56158621","43","158654999"
"chr1","214830799","214830931","chr1","215663298","215663430","1","832499"
"chr1","214887928","214888222","chr14","62895289","62895583","38","151992639"
"chr1","215033444","215033533","chr19","20055622","20055707","17","194977822"
"chr1","215060280","215060517","chr1","215894917","215895154","7","834637"
"chr1","215094717","215095025","chr8","107178616","107178920","38","107916101"
"chr1","215142019","215142312","chr1","215971935","215972230","9","829916"
"chr1","215144547","215144842","chr1","215974474","215974750","25","829927"
"chr1","215364472","215364779","chr1","216197856","216198166","14","833384"
"chr1","215917162","215917451","chr1","216750009","216750297","7","832847"
"chr1","216194706","216194999","chr1","217014777","217015069","8","820071"
"chr1","216383539","216383841","chr1","217193373","217193673","9","809834"
"chr1","216394271","216394417","chr1","217203907","217204057","7","809636"
"chr1","216463688","216463967","chrX","27448512","27448790","26","189015176"
"chr1","216728107","216728409","chr1","217536954","217537257","12","808847"
"chr1","216968846","216969147","chr1","217773959","217774255","13","805113"
"chr1","217457137","217457399","chr1","218262963","218263248","27","805826"
"chr1","217457702","217458011","chr1","218262963","218263248","30","805261"
"chr1","217683044","217683340","chr3","184352861","184353156","41","33330183"
"chr1","218205769","218206064","chr1","218959274","218959565","11","753505"
"chr1","218256138","218256438","chr1","219009704","219010004","3","753566"
"chr1","218267132","218267431","chr1","219020711","219021011","5","753579"
"chr1","218319599","218319881","chr1","219083936","219084214","9","764337"
"chr1","218392371","218392637","chr1","219159066","219159332","5","766695"
"chr1","218706525","218706826","chr1","219459795","219460096","6","753270"
"chr1","219218976","219219285","chr1","219975281","219975591","14","756305"
"chr1","219229797","219230092","chr1","153471690","153471986","32","65758107"
"chr1","219302341","219302598","chr1","220057953","220058208","7","755612"
"chr1","219339089","219339390","chr1","220094380","220094676","8","755291"
"chr1","220220034","220220339","chr1","220992967","220993262","12","772933"
"chr1","220438430","220438737","chr1","221200901","221201209","18","762471"
"chr1","220439354","220439663","chr1","221201832","221202138","18","762478"
"chr1","220457729","220458022","chr1","221220261","221220555","7","762532"
"chr1","220769558","220769865","chr1","221517100","221517408","6","747542"
"chr1","221485180","221485328","chr1","222210938","222211086","4","725758"
"chr1","221485581","221485875","chr1","222211339","222211618","22","725758"
"chr1","221590358","221590655","chr1","222315726","222316023","8","725368"
"chr1","221638999","221639295","chr1","222363941","222364235","10","724942"
"chr1","221789854","221790147","chr1","222519207","222519492","19","729353"
"chr1","222131832","222132130","chr14","67368596","67368887","42","154763236"
"chr1","222651511","222651799","chr1","223711867","223712162","12","1060356"
"chr1","222657336","222657644","chr1","216197856","216198166","33","6459480"
"chr1","222689315","222689610","chr1","223749647","223749942","6","1060332"
"chr1","222790672","222790958","chr1","223842595","223842885","12","1051923"
"chr1","223211177","223211469","chr1","224260997","224261291","9","1049820"
"chr1","223217861","223218149","chr1","224267677","224267966","9","1049816"
"chr1","223461287","223461571","chr1","224499333","224499618","4","1038046"
"chr1","223788019","223788315","chr1","224825318","224825611","9","1037299"
"chr1","223858092","223858389","chr1","224900176","224900473","7","1042084"
"chr1","224406593","224406894","chr1","225457742","225458040","11","1051149"
"chr1","224503810","224504104","chr1","225529323","225529629","16","1025513"
"chr1","224692575","224692790","chr4","112665137","112665347","26","112027438"
"chr1","224915679","224915968","chr1","225944960","225945243","12","1029281"
"chr1","224929139","224929275","chr2B","239622415","239622543","22","14693276"
"chr1","224946075","224946371","chr1","225975188","225975480","11","1029113"
"chr1","225248289","225248582","chr1","226260953","226261247","5","1012664"
"chr1","225454391","225454695","chr1","226457918","226458222","6","1003527"
"chr1","225751637","225751931","chr1","226754581","226754881","14","1002944"
"chr1","226182074","226182204","chr17","50036355","50036488","12","176145719"
"chr1","226186455","226186756","chr1","227177026","227177321","15","990571"
"chr1","226197734","226198019","chr1","227188439","227188723","7","990705"
"chr1","226708943","226709239","chr1","227781110","227781408","11","1072167"
"chr1","226719522","226719812","chr1","227793523","227793816","5","1074001"
"chr1","226967585","226967838","chr14","18524204","18524461","36","208443381"
"chr1","227109075","227109381","chr1","228143288","228143587","14","1034213"
"chr1","227200348","227200647","chr1","228230865","228231167","12","1030517"
"chr1","227327552","227327835","chr1","228348959","228349242","11","1021407"
"chr1","227415072","227415376","chr1","228436376","228436679","8","1021304"
"chr1","227512226","227512453","chr1","228520226","228520502","54","1008000"
"chr1","227625149","227625432","chr1","228638641","228638921","10","1013492"
"chr1","228172144","228172455","chr1","229186367","229186663","23","1014223"
"chr1","228358991","228359305","chr1","229186367","229186663","26","827376"
"chr3","33685395","33685635","chr3","33361223","33361463","7","324172"
"chr3","100531976","100532268","chr20","131867","132161","31","100400109"
"chr3","383290","383586","chr3","445845","446137","15","62555"
"chr3","675919","676129","chr6","152952505","152952710","41","152276586"
"chr3","1304950","1305050","chrUn_NW_014016209v1","1218","1318","30","1303732"
"chr3","2078744","2079042","chr3","2075625","2075925","9","3119"
"chr3","2692629","2692941","chr3","2669238","2669542","14","23391"
"chr3","2837165","2837469","chr3","2813269","2813577","12","23896"
"chr3","2920481","2920786","chr3","2897216","2897523","5","23265"
"chr3","3809998","3810304","chr3","3750172","3750462","21","59826"
"chr3","4524434","4524726","chr3","4457181","4457473","3","67253"
"chr3","4792525","4792822","chr3","4725995","4726287","18","66530"
"chr3","4900158","4900463","chr3","4833476","4833769","16","66682"
"chr3","5123978","5124271","chr3","5040031","5040321","13","83947"
"chr3","5271147","5271433","chr8","72115082","72115366","36","66843935"
"chr3","5601606","5601883","chr8","18889646","18889934","83","13288040"
"chr3","7328282","7328588","chr3","7139745","7140046","17","188537"
"chr3","7604000","7604308","chr3","7569297","7569598","16","34703"
"chr3","7881611","7881921","chr3","7849505","7849822","17","32106"
"chr3","9040801","9041097","chr3","8991829","8992127","9","48972"
"chr3","9179803","9180105","chr3","9129272","9129578","9","50531"
"chr3","9632624","9632895","chr3","9566393","9566664","3","66231"
"chr3","10098622","10098746","chr7","56781207","56781336","17","46682585"
"chr3","10365302","10365609","chr3","10390063","10390363","15","24761"
"chr3","10382688","10382853","chr3","10408327","10408500","17","25639"
"chr3","10421089","10421361","chr3","10452751","10453041","24","31662"
"chr3","10498953","10499249","chr16","77708437","77708729","27","67209484"
"chr3","10502348","10502626","chr3","10531914","10532215","27","29566"
"chr3","11139048","11139351","chr3","11171117","11171415","6","32069"
"chr3","11353335","11353514","chr8","139043389","139043571","29","127690054"
"chr3","11455649","11455945","chr3","11488666","11488964","6","33017"
"chr3","11568791","11569098","chr3","11598640","11598947","11","29849"
"chr3","11779648","11779946","chr3","11806860","11807151","14","27212"
"chr3","12188285","12188576","chr3","12210995","12211286","11","22710"
"chr3","12299978","12300270","chr3","12322645","12322940","9","22667"
"chr3","12423910","12424196","chr11","10923331","10923620","30","1500579"
"chr3","12592168","12592464","chr3","12611691","12611983","12","19523"
"chr3","12917761","12918006","chr3","12929386","12929631","4","11625"
"chr3","12949375","12949667","chr12","37501533","37501826","27","24552158"
"chr3","12961103","12961395","chr3","12971647","12971939","5","10544"
"chr3","13010604","13010899","chr3","13020227","13020524","5","9623"
"chr3","13669451","13669650","chr9","82897161","82897361","28","69227710"
"chr3","13711390","13711690","chr3","13717072","13717372","7","5682"
"chr3","14853549","14853849","chr3","14847625","14847924","9","5924"
"chr3","15040071","15040352","chr3","15022521","15022787","19","17550"
"chr3","15176959","15177269","chr3","15171034","15171347","10","5925"
"chr3","15299797","15300087","chr3","15281262","15281550","5","18535"
"chr3","15545876","15546171","chr3","15533983","15534275","8","11893"
"chr3","15627973","15628264","chr3","15616172","15616471","20","11801"
"chr3","15692977","15693254","chr3","15679904","15680181","4","13073"
"chr3","15840637","15840932","chr3","15828123","15828417","3","12514"
"chr3","15926148","15926437","chr3","15913717","15914005","6","12431"
"chr3","16202478","16202779","chr3","16199129","16199430","5","3349"
"chr3","16490441","16490748","chr3","16487594","16487901","8","2847"
"chr3","17575117","17575296","chr3","17522835","17523019","11","52282"
"chr3","17828106","17828401","chr3","17772566","17772863","12","55540"
"chr3","18478516","18478816","chr3","18416299","18416596","9","62217"
"chr3","18635713","18635983","chr3","18528894","18529164","9","106819"
"chr3","18894458","18894765","chr3","18764827","18765132","9","129631"
"chr3","19129171","19129472","chr3","18977932","18978232","7","151239"
"chr3","20385313","20385607","chr3","20205054","20205350","4","180259"
"chr3","20522869","20523177","chr3","20338561","20338869","11","184308"
"chr3","20712063","20712355","chr3","20531587","20531878","10","180476"
"chr3","20887241","20887550","chr3","20694152","20694458","11","193089"
"chr3","21781255","21781544","chr3","21557833","21558121","7","223422"
"chr3","21931840","21932112","chr3","21704470","21704742","3","227370"
"chr3","21942612","21942909","chr2A","97468643","97468943","31","75526031"
"chr3","21995672","21995964","chr9","85931077","85931365","34","63935405"
"chr3","22179071","22179206","chr3","21949896","21950043","23","229175"
"chr3","22668532","22668801","chr3","22426404","22426653","32","242128"
"chr3","22722151","22722437","chr3","22485224","22485510","8","236927"
"chr3","23900847","23901151","chr6","33595500","33595800","34","9694653"
"chr3","24316112","24316387","chr3","24026993","24027270","14","289119"
"chr3","24326172","24326472","chr3","24036726","24037025","5","289446"
"chr3","24386981","24387173","chr3","24096205","24096397","3","290776"
"chr3","24397446","24397754","chr3","24106648","24106955","7","290798"
"chr3","24413295","24413582","chr3","24120152","24120431","14","293143"
"chr3","24866166","24866469","chr3","24554666","24554956","20","311500"
"chr3","25782399","25782683","chr3","25470557","25470839","14","311842"
"chr3","25889166","25889471","chr3","25578151","25578455","6","311015"
"chr3","25951124","25951421","chr3","25635617","25635910","8","315507"
"chr3","26357999","26358285","chr3","26035253","26035540","11","322746"
"chr3","26695502","26695811","chr3","26370364","26370674","13","325138"
"chr3","28096927","28097218","chr17","52347806","52348102","30","24250879"
"chr3","28099006","28099287","chr3","27789360","27789641","5","309646"
"chr3","28130523","28130778","chr3","27819539","27819819","26","310984"
"chr3","29581417","29581674","chr3","29280883","29281144","17","300534"
"chr3","29599541","29599831","chr3","29299017","29299324","23","300524"
"chr3","29626253","29626523","chr3","29323833","29324103","5","302420"
"chr3","30375811","30376038","chr21","31500374","31500613","41","1124563"
"chr3","30678287","30678589","chr3","30398768","30399060","13","279519"
"chr3","30750935","30751233","chr14","63322951","63323253","33","32572016"
"chr3","30803192","30803484","chr3","30524019","30524317","13","279173"
"chr3","31030118","31030301","chr16","24747096","24747275","61","6283022"
"chr3","31775874","31776183","chr3","31504155","31504465","6","271719"
"chr3","32088317","32088441","chr3","31801467","31801591","2","286850"
"chr3","32329286","32329479","chr3","32038286","32038479","2","291000"
"chr3","32349612","32349905","chr3","32058312","32058606","7","291300"
"chr3","32416416","32416709","chr3","32124784","32125077","9","291632"
"chr3","32427441","32427748","chr3","32135833","32136141","10","291608"
"chr3","32463940","32464239","chr3","32177179","32177475","8","286761"
"chr3","32465605","32465733","chr3","32178841","32178969","2","286764"
"chr3","32561813","32562145","chr6","14270729","14271057","51","18291084"
"chr3","32566761","32567052","chr5","38706209","38706497","33","6139448"
"chr3","32887002","32887300","chr3","32582272","32582577","14","304730"
"chr3","33025346","33025650","chr3","32718194","32718498","5","307152"
"chr3","33130577","33130802","chr3","32824281","32824506","2","306296"
"chr3","33281579","33281862","chr3","32975344","32975627","6","306235"
"chr3","33306827","33307116","chr3","48209643","48209937","35","14902816"
"chr3","33373047","33373230","chr3","33061371","33061531","77","311676"
"chr3","33376586","33376736","chr3","33064886","33065036","1","311700"
"chr3","33452896","33453197","chr6","38150830","38151139","44","4697934"
"chr3","33456387","33456647","chr8","49746742","49747031","50","16290355"
"chr3","33459739","33460039","chr3","33146835","33147117","24","312904"
"chr3","33676211","33676424","chr3","33352093","33352304","5","324118"
"chr3","33743084","33743390","chr3","33417495","33417790","16","325589"
"chr3","34639456","34639712","chr5","90815231","90815493","67","56175775"
"chr3","35061784","35062010","chr3","34699499","34699727","8","362285"
"chr3","35975924","35976210","chr3","35588063","35588346","10","387861"
"chr3","36902936","36903225","chr3","36458474","36458775","17","444462"
"chr3","36914117","36914406","chr3","36458474","36458775","17","455643"
"chr3","37798099","37798330","chr3","37329522","37329749","5","468577"
"chr3","37831771","37832080","chr5","20779550","20779859","34","17052221"
"chr3","37882840","37883134","chr1","217267678","217267988","48","179384838"
"chr3","37930149","37930420","chr22","24785900","24786169","30","13144249"
"chr3","37978829","37979088","chr3","37503468","37503726","9","475361"
"chr3","38078334","38078638","chr3","37596334","37596638","4","482000"
"chr3","38452136","38452430","chr3","37965720","37966018","11","486416"
"chr3","38514025","38514331","chr3","38027888","38028195","8","486137"
"chr3","38770297","38770520","chr3","38281454","38281678","4","488843"
"chr3","38848814","38849015","chr13","40881608","40881811","31","2032794"
"chr3","38852695","38852994","chr3","38346477","38346773","10","506218"
"chr3","38915434","38915750","chr3","38409387","38409694","16","506047"
"chr3","39084603","39084896","chrX","106566617","106566909","27","67482014"
"chr3","39202352","39202660","chr3","38686472","38686780","7","515880"
"chr3","40169619","40169913","chr3","39580594","39580888","7","589025"
"chr3","40218469","40218760","chr3","39628720","39629010","9","589749"
"chr3","40417853","40418158","chr3","39832089","39832394","7","585764"
"chr3","41243996","41244118","chr3","40641807","40641928","2","602189"
"chr3","41882464","41882754","chr3","41298035","41298325","11","584429"
"chr3","41909029","41909211","chr20","8709690","8709865","25","33199339"
"chr3","42671299","42671460","chr3","42077470","42077626","8","593829"
"chr3","43886651","43886918","chr8","24699690","24699976","53","19186961"
"chr3","43900916","43901150","chr3","44090498","44090706","30","189582"
"chr3","44120053","44120337","chr5","176866321","176866603","34","132746268"
"chr3","45211323","45211625","chr3","45337177","45337479","6","125854"
"chr3","45337218","45337526","chr3","45468966","45469263","27","131748"
"chr3","45544229","45544376","chr3","45668214","45668359","7","123985"
"chr3","46535356","46535651","chr3","46683557","46683851","5","148201"
"chr3","47172120","47172432","chr15","40146547","40146861","42","7025573"
"chr3","47446079","47446382","chr3","47554780","47555082","8","108701"
"chr3","47489189","47489492","chr3","47554780","47555082","8","65591"
"chr3","47538420","47538708","chr3","47599374","47599667","18","60954"
"chr3","47567136","47567438","chr3","47626565","47626853","20","59429"
"chr3","47994947","47995243","chrX","131704741","131705040","31","83709794"
"chr3","48128000","48128304","chr11","48051021","48051319","35","76979"
"chr3","48144667","48144836","chr3","48202655","48202824","2","57988"
"chr3","48151840","48152136","chr3","48209643","48209937","8","57803"
"chr3","48253128","48253297","chr17","14996128","14996297","0","33257000"
"chr3","48435342","48435616","chr14","72378837","72379107","30","23943495"
"chr3","48605661","48605937","chr3","48657207","48657482","10","51546"
"chr3","48664732","48664956","chr3","48714661","48714889","8","49929"
"chr3","48702480","48702785","chr3","48752260","48752559","11","49780"
"chr3","48750125","48750232","chr17","81934721","81934826","9","33184596"
"chr3","48750529","48750740","chr3","133073421","133073631","34","84322892"
"chr3","48791562","48791834","chr5","140531376","140531653","32","91739814"
"chr3","48906826","48907083","chr3","48957595","48957853","5","50769"
"chr3","48992935","48993229","chr19","9779515","9779807","35","39213420"
"chr3","49113113","49113396","chr3","49136248","49136546","24","23135"
"chr3","49117040","49117243","chr3","49140111","49140314","5","23071"
"chr3","49284224","49284516","chr3","49317667","49317958","5","33443"
"chr3","49318502","49318774","chr18","45239423","45239695","31","4079079"
"chr3","49493621","49493925","chr9","119775598","119775904","29","70281977"
"chr3","49507554","49507616","chr3","49544489","49544551","0","36935"
"chr3","49572396","49572565","chr8","126926061","126926230","17","77353665"
"chr3","49726031","49726209","chr10","67954243","67954419","33","18228212"
"chr3","49730342","49730568","chr4","112665137","112665347","48","62934795"
"chr3","49769148","49769435","chr5","175405344","175405673","121","125636196"
"chr3","49857072","49857373","chr4","37864691","37864989","33","11992381"
"chr3","49881729","49882019","chr3","49918254","49918544","6","36525"
"chr3","50182897","50183029","chr5","46459650","46459783","11","3723247"
"chr3","50200997","50201129","chr5","46459650","46459783","11","3741347"
"chr3","50226484","50226791","chr15","57179893","57180202","40","6953409"
"chr3","50241013","50241337","chr3","50261737","50262021","47","20724"
"chr3","50288798","50289019","chr5","141756715","141756935","32","91467917"
"chr3","50323272","50323569","chr8","126366249","126366556","50","76042977"
"chr3","50326203","50326410","chr3","50348247","50348456","8","22044"
"chr3","50333547","50333837","chr3","50355348","50355637","9","21801"
"chr3","50463166","50463445","chr3","50627319","50627598","24","164153"
"chr3","50502006","50502314","chr5","20779550","20779859","30","29722456"
"chr3","50522850","50523111","chr21","35919296","35919561","48","14603554"
"chr3","50627372","50627637","chr3","50790233","50790498","2","162861"
"chr3","50961398","50961707","chr2B","178664488","178664796","36","127703090"
"chr3","50962936","50963242","chr2A","87439387","87439684","40","36476451"
"chr3","50963886","50964188","chr19","48020647","48020948","32","2943239"
"chr3","50971525","50971821","chr19","40020093","40020391","27","10951432"
"chr3","51023097","51023427","chr6","98762397","98762726","51","47739300"
"chr3","51038157","51038434","chr4","143236477","143236762","28","92198320"
"chr3","51096186","51096196","chr8","64091762","64091773","2","12995576"
"chr3","51096239","51096482","chr3","156981863","156982104","36","105885624"
"chr3","51315139","51315425","chr3","51469279","51469563","7","154140"
"chr3","51320152","51320456","chr10","74433147","74433449","33","23112995"
"chr3","51849351","51849624","chr3","51992015","51992283","10","142664"
"chr3","52270443","52270746","chr3","52406963","52407258","13","136520"
"chr3","52481630","52481928","chr3","52619802","52620099","5","138172"
"chr3","52512726","52512964","chr7","160556725","160556965","35","108043999"
"chr3","52518953","52519211","chr5","151905730","151905988","31","99386777"
"chr3","52519237","52519367","chr18","69397079","69397210","16","16877842"
"chr3","52523382","52523685","chr14","66679908","66680216","31","14156526"
"chr3","52778663","52778970","chr3","52922803","52923091","42","144140"
"chr3","53275313","53275608","chr3","53423187","53423477","12","147874"
"chr3","53566755","53567058","chr3","53709687","53709988","7","142932"
"chr3","54149092","54149393","chr1","93473812","93474110","30","39324720"
"chr3","54373185","54373457","chr3","54445424","54445702","12","72239"
"chr3","54448002","54448292","chr3","54519635","54519928","8","71633"
"chr3","54465825","54465983","chr1","160226744","160226888","42","105760919"
"chr3","54586858","54587143","chr3","54650556","54650839","9","63698"
"chr3","54613494","54613803","chr3","54677034","54677342","10","63540"
"chr3","55085539","55085846","chr3","55145923","55146230","8","60384"
"chr3","55801241","55801540","chr3","55837867","55838166","6","36626"
"chr3","56657338","56657643","chr3","56705485","56705771","27","48147"
"chr3","56753362","56753663","chr3","56802411","56802712","10","49049"
"chr3","57441145","57441295","chr3","57486945","57487095","2","45800"
"chr3","57619352","57619640","chr3","57666459","57666755","13","47107"
"chr3","57929446","57929720","chr3","57984490","57984753","14","55044"
"chr3","58325889","58326180","chr3","58364380","58364671","5","38491"
"chr3","58623530","58623576","chr3","58693729","58693775","4","70199"
"chr3","58682293","58682394","chr8","143391397","143391500","13","84709104"
"chr3","58798978","58799134","chr17","60003046","60003208","23","1204068"
"chr3","58995819","58996109","chr3","59261758","59262047","5","265939"
"chr3","59132471","59132676","chr3","59393880","59394081","7","261409"
"chr3","59548674","59548985","chr1","216197856","216198166","31","156649182"
"chr3","59574580","59574832","chr3","59829654","59829905","6","255074"
"chr3","60278485","60278782","chr3","60517794","60518081","18","239309"
"chr3","60655868","60656000","chr5","46459650","46459783","14","14196218"
"chr3","60656001","60656302","chr3","60894299","60894596","16","238298"
"chr3","61041249","61041379","chr7","56781207","56781336","10","4260042"
"chr3","61739532","61739834","chr3","61949193","61949502","15","209661"
"chr3","62204010","62204316","chr3","62422631","62422937","11","218621"
"chr3","62729185","62729489","chr3","62945286","62945583","24","216101"
"chr3","63025095","63025365","chr3","63245549","63245819","3","220454"
"chr3","63162622","63162926","chr3","63414540","63414844","11","251918"
"chr3","63295701","63296035","chr3","63550372","63550702","19","254671"
"chr3","63296580","63296726","chr10","58766408","58766547","26","4530172"
"chr3","63635242","63635541","chr3","63875590","63875882","12","240348"
"chr3","65360976","65361260","chr3","65590718","65591002","8","229742"
"chr3","65398582","65398890","chr3","65627473","65627779","8","228891"
"chr3","66190841","66191146","chr3","66407928","66408229","13","217087"
"chr3","66202243","66202522","chr3","66419536","66419814","10","217293"
"chr3","66450267","66450565","chr3","66668017","66668313","13","217750"
"chr3","66621148","66621441","chr3","66838066","66838357","8","216918"
"chr3","66869976","66870306","chr3","67091120","67091418","42","221144"
"chr3","66901191","66901432","chr16","50098734","50098961","50","16802457"
"chr3","66910402","66910709","chr16","75264613","75264922","41","8354211"
"chr3","67118651","67118802","chr3","67321078","67321219","12","202427"
"chr3","67734044","67734185","chr3","67995602","67995742","3","261558"
"chr3","69010207","69010337","chr1","62748735","62748866","19","6261472"
"chr3","70259027","70259324","chr3","70510036","70510334","12","251009"
"chr3","71442791","71442986","chr3","71698722","71698917","3","255931"
"chr3","72270218","72270523","chr7","80606641","80606941","30","8336423"
"chr3","72516413","72516730","chr3","72738233","72738542","13","221820"
"chr3","72829892","72830176","chr3","73040395","73040678","6","210503"
"chr3","74064191","74064512","chr3","74759589","74759908","10","695398"
"chr3","74142756","74142889","chr20","2100794","2100928","9","72041962"
"chr3","74180180","74180478","chr3","74872721","74873013","11","692541"
"chr3","74435898","74436199","chr3","75115612","75115912","7","679714"
"chr3","75082818","75083109","chr3","75743453","75743746","12","660635"
"chr3","75091296","75091596","chr3","75751915","75752213","12","660619"
"chr3","75441293","75441584","chr3","76075061","76075352","14","633768"
"chr3","75527207","75527498","chr11","66891457","66891755","47","8635750"
"chr3","76127403","76127682","chr3","76770131","76770424","25","642728"
"chr3","76754388","76754549","chr16","5181647","5181801","18","71572741"
"chr3","76754816","76754948","chr3","134527913","134528045","9","57773097"
"chr3","76997881","76998189","chr3","37596334","37596638","49","39401547"
"chr3","77767802","77768110","chr3","78300080","78300388","11","532278"
"chr3","78645919","78646060","chr10","58766408","58766547","17","19879511"
"chr3","78685942","78686223","chr16","54134241","54134523","28","24551701"
"chr3","79382964","79383270","chr3","79863095","79863401","10","480131"
"chr3","80632701","80633001","chr3","81072657","81072958","13","439956"
"chr3","80759268","80759524","chr3","81190562","81190819","6","431294"
"chr3","80871593","80871899","chr3","81299954","81300262","8","428361"
"chr3","82752170","82752462","chr19","51217984","51218273","31","31534186"
"chr3","83180933","83181248","chr3","83802788","83803111","16","621855"
"chr3","83247475","83247775","chr3","83869194","83869488","12","621719"
"chr3","83271492","83271756","chr3","83893082","83893360","21","621590"
"chr3","83961643","83961923","chr3","84561788","84562068","8","600145"
"chr3","84050762","84050988","chr3","37329522","37329749","36","46721240"
"chr3","86089294","86089568","chr3","86758243","86758541","29","668949"
"chr3","87655867","87656148","chr3","88304338","88304617","14","648471"
"chr3","88287285","88287585","chr3","88922133","88922433","10","634848"
"chr3","89185431","89185742","chr3","89806661","89806965","13","621230"
"chr3","89829125","89829430","chr3","90448775","90449070","21","619650"
"chr3","90261271","90261561","chr3","90892352","90892637","14","631081"
"chr3","90985619","90985930","chr3","91595284","91595592","7","609665"
"chr3","91058051","91058325","chr3","91662910","91663177","16","604859"
"chr3","91877096","91877378","chr3","92481066","92481340","13","603970"
"chr3","95135312","95135553","chr1","157842911","157843153","31","62707599"
"chr3","95217923","95218217","chr3","97764032","97764323","4","2546109"
"chr3","96955553","96955837","chr3","99514379","99514664","11","2558826"
"chr3","97108089","97108397","chr3","99664993","99665298","16","2556904"
"chr3","97140443","97140528","chr2A","109692692","109692770","27","12552249"
"chr3","97352057","97352348","chr3","99904821","99905112","4","2552764"
"chr3","98278983","98279295","chr3","100807279","100807591","6","2528296"
"chr3","98762503","98762651","chr20","510688","510841","22","98251815"
"chr3","100215615","100215897","chr3","102752060","102752367","33","2536445"
"chr3","100347852","100348155","chr3","102879166","102879466","9","2531314"
"chr3","101817809","101818101","chr3","104398630","104398922","5","2580821"
"chr3","101895085","101895394","chr3","104474695","104475004","11","2579610"
"chr3","102214897","102215180","chr3","104793612","104793895","12","2578715"
"chr3","102965045","102965358","chrX","145734534","145734841","36","42769489"
"chr3","103057852","103058116","chr3","105544532","105544804","13","2486680"
"chr3","103164395","103164701","chr3","105636616","105636925","15","2472221"
"chr3","105868139","105868432","chr3","108577411","108577722","24","2709272"
"chr3","105895352","105895530","chr3","108604542","108604717","4","2709190"
"chr3","105951389","105951701","chr3","108673729","108674037","15","2722340"
"chr3","106921483","106921626","chr2A","75789243","75789386","17","31132240"
"chr3","107004269","107004561","chr3","109700443","109700735","8","2696174"
"chr3","107321664","107321955","chr3","110005202","110005496","39","2683538"
"chr3","108226029","108226332","chr3","110951322","110951631","10","2725293"
"chr3","108246034","108246337","chr3","110951322","110951631","9","2705288"
"chr3","108252782","108253077","chr3","110958105","110958401","9","2705323"
"chr3","108957414","108957696","chr3","111640264","111640546","5","2682850"
"chr3","109094165","109094460","chr3","111775248","111775543","6","2681083"
"chr3","109447393","109447705","chr3","112125888","112126186","20","2678495"
"chr3","109670268","109670576","chr4","40218990","40219296","32","69451278"
"chr3","110346934","110347214","chr3","112970464","112970746","8","2623530"
"chr3","110561973","110562272","chr3","113186695","113186986","15","2624722"
"chr3","110789109","110789341","chr3","113399758","113399989","6","2610649"
"chr3","110796179","110796424","chr3","113411173","113411418","3","2614994"
"chr3","110810284","110810601","chr5","35043534","35043843","45","75766750"
"chr3","111071481","111071770","chr3","113678923","113679219","11","2607442"
"chr3","111072357","111072652","chr3","113678923","113679219","5","2606566"
"chr3","111285266","111285567","chr2B","207617300","207617598","31","96332034"
"chr3","111880172","111880452","chr3","114488740","114489035","24","2608568"
"chr3","112857744","112857862","chr3","115443262","115443375","9","2585518"
"chr3","113904815","113905044","chr3","116475354","116475583","0","2570539"
"chr3","113928712","113929021","chr3","116522273","116522587","11","2593561"
"chr3","114576471","114576776","chr3","117122381","117122682","9","2545910"
"chr3","114641729","114642046","chr5","135571856","135572167","41","20930127"
"chr3","114945446","114945751","chr3","117489391","117489696","7","2543945"
"chr3","115237656","115237939","chr3","117788954","117789224","21","2551298"
"chr3","115617086","115617382","chr3","118143147","118143442","14","2526061"
"chr3","115792050","115792174","chr3","118315877","118315998","12","2523827"
"chr3","118708801","118709063","chr3","121093178","121093440","1","2384377"
"chr3","119555494","119555775","chr3","121917400","121917684","13","2361906"
"chr3","119585929","119586226","chr3","121947421","121947717","14","2361492"
"chr3","120847754","120848071","chr5","20779550","20779859","40","100068204"
"chr3","121275286","121275588","chr3","123596179","123596480","15","2320893"
"chr3","121443906","121444084","chr3","123757609","123757787","2","2313703"
"chr3","121828145","121828448","chr3","124140468","124140768","8","2312323"
"chr3","122026951","122027274","chr3","124341029","124341351","13","2314078"
"chr3","123202593","123202895","chr8","97847918","97848226","44","25354675"
"chr3","123265721","123265949","chr3","125583704","125583937","17","2317983"
"chr3","123342529","123342809","chr3","125661668","125661948","2","2319139"
"chr3","123555181","123555482","chr3","125866088","125866387","9","2310907"
"chr3","124006627","124006919","chr3","126303678","126303957","18","2297051"
"chr3","124014096","124014388","chr14","50670858","50671158","37","73343238"
"chr3","124406011","124406303","chr3","126682753","126683053","11","2276742"
"chr3","124799898","124800197","chr3","127070570","127070864","10","2270672"
"chr3","125104901","125105112","chr3","127377138","127377354","8","2272237"
"chr3","125135055","125135355","chr3","127407029","127407327","9","2271974"
"chr3","125259917","125260217","chr3","127526129","127526429","5","2266212"
"chr3","125319185","125319467","chr3","127588402","127588684","9","2269217"
"chr3","126729444","126729739","chr3","128993647","128993939","10","2264203"
"chr3","126932498","126932795","chr3","129180438","129180739","11","2247940"
"chr3","127203665","127203969","chr6","150811507","150811814","35","23607842"
"chr3","127565662","127565973","chr4","7650128","7650437","38","119915534"
"chr3","127904224","127904242","chr3","130497390","130497406","3","2593166"
"chr3","127904268","127904405","chr3","130497432","130497569","1","2593164"
"chr3","128371440","128371644","chr3","130942137","130942341","7","2570697"
"chr3","129128781","129129065","chr3","131673176","131673460","6","2544395"
"chr3","129646941","129647090","chr3","132172201","132172350","1","2525260"
"chr3","130556427","130556699","chr3","133045370","133045644","7","2488943"
"chr3","130567860","130568152","chr11","117176889","117177181","34","13390971"
"chr3","130584611","130584712","chr3","133072810","133072911","1","2488199"
"chr3","130585226","130585433","chr3","133073421","133073631","8","2488195"
"chr3","130604586","130604881","chr12","56874619","56874915","29","73729967"
"chr3","130609857","130610161","chr3","133097909","133098216","26","2488052"
"chr3","130813913","130814203","chr14","67590806","67591101","37","63223107"
"chr3","130994111","130994403","chr6","7535069","7535361","32","123459042"
"chr3","131050720","131051016","chr3","133549748","133550043","6","2499028"
"chr3","131147384","131147685","chr3","133643844","133644138","13","2496460"
"chr3","131177861","131178159","chr1","141239412","141239712","28","10061551"
"chr3","131207176","131207477","chr3","133703197","133703498","5","2496021"
"chr3","131211760","131211872","chr3","133707784","133707896","0","2496024"
"chr3","131394626","131394844","chr11","129744030","129744232","57","1650596"
"chr3","131395048","131395172","chrX","119186077","119186195","40","12208971"
"chr3","131618081","131618358","chr3","134088695","134088972","9","2470614"
"chr3","132081436","132081592","chr16","5181647","5181801","5","126899789"
"chr3","132081893","132082021","chr3","134527913","134528045","12","2446020"
"chr3","133215585","133215773","chr6","31414793","31414989","34","101800792"
"chr3","133429522","133429815","chr3","135830028","135830324","7","2400506"
"chr3","133662693","133662813","chr16","2797951","2798074","12","130864742"
"chr3","134106520","134106825","chr1","103119557","103119863","36","30986963"
"chr3","134156418","134156697","chr3","136541228","136541506","6","2384810"
"chr3","134268136","134268442","chr3","136654803","136655109","5","2386667"
"chr3","134315401","134315710","chr3","136688944","136689224","39","2373543"
"chr3","134584954","134585243","chr3","137111806","137112094","2","2526852"
"chr3","134648997","134649287","chr21","32200886","32201178","25","102448111"
"chr3","135008130","135008441","chr3","137520283","137520595","13","2512153"
"chr3","135159982","135160306","chr8","57704558","57704866","50","77455424"
"chr3","135230918","135231220","chr3","137736608","137736902","14","2505690"
"chr3","135520402","135520702","chr3","138020551","138020851","3","2500149"
"chr3","135557605","135557893","chr3","138057124","138057411","7","2499519"
"chr3","135578586","135578874","chr3","138057124","138057411","7","2478538"
"chr3","135666941","135667206","chr18","22079061","22079344","65","113587880"
"chr3","135728187","135728476","chr3","138209067","138209356","6","2480880"
"chr3","136394694","136394980","chr3","197672240","197672519","40","61277546"
"chr3","136510003","136510248","chr3","138962525","138962758","19","2452522"
"chr3","136645507","136645674","chr4","159746499","159746673","32","23100992"
"chr3","137138975","137139272","chr3","197672240","197672519","45","60533265"
"chr3","137359627","137359896","chr3","139847339","139847608","8","2487712"
"chr3","137977838","137978141","chr5","38854413","38854706","37","99123425"
"chr3","138106845","138107142","chr3","140599003","140599297","9","2492158"
"chr3","138295019","138295307","chr19","22799426","22799718","29","115495593"
"chr3","138431962","138432254","chr3","140912635","140912911","18","2480673"
"chr3","138460452","138460733","chr6","32642297","32642579","68","105818155"
"chr3","138754915","138755123","chr4","112665137","112665347","29","26089778"
"chr3","138942803","138943089","chr3","141381140","141381425","5","2438337"
"chr3","138975892","138976116","chr16","4610945","4611169","32","134364947"
"chr3","139961528","139961689","chr3","142410031","142410182","13","2448503"
"chr3","139979160","139979465","chr3","142427167","142427469","12","2448007"
"chr3","140129011","140129311","chrX","48334528","48334825","34","91794483"
"chr3","140308277","140308585","chr3","142741809","142742118","5","2433532"
"chr3","140331925","140332224","chr3","142741809","142742118","13","2409884"
"chr3","140412323","140412619","chrX","106566617","106566909","34","33845706"
"chr3","140624459","140624763","chr5","177890373","177890680","33","37265914"
"chr3","140809188","140809482","chr3","143370637","143370931","7","2561449"
"chr3","140839281","140839440","chr3","143398280","143398442","8","2558999"
"chr3","140890234","140890527","chr3","52619802","52620099","34","88270432"
"chr3","140899374","140899678","chr5","84069243","84069549","55","56830131"
"chr3","140916231","140916528","chr2A","87439387","87439684","36","53476844"
"chr3","140960232","140960563","chr3","143518974","143519305","7","2558742"
"chr3","141475342","141475606","chr3","144022777","144023035","11","2547435"
"chr3","141601283","141601577","chr3","144147267","144147560","7","2545984"
"chr3","142153133","142153415","chr3","144688782","144689090","33","2535649"
"chr3","143215570","143215864","chr3","145762646","145762939","12","2547076"
"chr3","143528064","143528244","chr3","146068504","146068688","8","2540440"
"chr3","143531268","143531400","chr16","46374232","46374358","24","97157036"
"chr3","143531411","143531543","chr16","46374232","46374358","24","97157179"
"chr3","143950209","143950501","chr15","32639867","32640158","33","111310342"
"chr3","143974455","143974754","chr3","146494935","146495229","17","2520480"
"chr3","144072230","144072516","chr3","146588844","146589130","6","2516614"
"chr3","144080327","144080636","chr3","146597790","146598099","9","2517463"
"chr3","144302512","144302794","chr3","146815255","146815546","14","2512743"
"chr3","144469372","144469655","chr10","112724074","112724353","36","31745298"
"chr3","144756635","144756800","chr17","28091017","28091192","31","116665618"
"chr3","144793334","144793412","chr1","94342209","94342276","23","50451125"
"chr3","145160861","145161137","chr5","127917337","127917622","36","17243524"
"chr3","145237382","145237665","chr4","126905971","126906253","50","18331411"
"chr3","145406256","145406535","chr3","147867633","147867912","8","2461377"
"chr3","145794480","145794777","chr3","148245092","148245382","27","2450612"
"chr3","147013211","147013493","chr3","149441560","149441846","10","2428349"
"chr3","147074200","147074488","chr3","149501126","149501414","11","2426926"
"chr3","147147360","147147664","chr3","149575781","149576085","8","2428421"
"chr3","147739265","147739573","chr3","150166789","150167084","21","2427524"
"chr3","148216787","148217086","chr3","150641117","150641413","12","2424330"
"chr3","148525702","148526009","chr3","150947228","150947533","12","2421526"
"chr3","148709779","148710066","chr3","151123280","151123564","13","2413501"
"chr3","149969018","149969116","chr3","182479152","182479247","12","32510134"
"chr3","150201124","150201419","chr3","152578430","152578725","5","2377306"
"chr3","150864016","150864247","chr3","153196265","153196496","3","2332249"
"chr3","151136687","151136982","chr3","153472803","153473098","8","2336116"
"chr3","151233878","151234179","chr3","153608526","153608823","11","2374648"
"chr3","151362955","151363236","chr3","153725926","153726207","4","2362971"
"chr3","151508123","151508253","chr3","153870028","153870158","4","2361905"
"chr3","151711673","151711976","chr3","154081184","154081476","16","2369511"
"chr3","151904945","151905235","chr3","154270431","154270722","10","2365486"
"chr3","152239926","152240236","chr3","154606649","154606959","5","2366723"
"chr3","154221602","154221889","chr3","156507867","156508149","11","2286265"
"chr3","154360130","154360444","chr3","37596334","37596638","39","116763796"
"chr3","154730316","154730556","chr3","156981863","156982104","9","2251547"
"chr3","155008015","155008269","chr19","23705832","23706085","37","131302183"
"chr3","155055868","155056154","chr3","157304633","157304919","6","2248765"
"chr3","155541037","155541330","chr3","157760932","157761225","3","2219895"
"chr3","155630253","155630514","chr17","20031822","20032082","32","135598431"
"chr3","156041154","156041349","chr3","158233118","158233306","12","2191964"
"chr3","156460670","156460779","chr3","158645207","158645315","2","2184537"
"chr3","156534361","156534582","chr3","158717391","158717609","12","2183030"
"chr3","157129527","157129836","chr3","159295452","159295771","18","2165925"
"chr3","157453648","157453939","chr3","159625150","159625441","6","2171502"
"chr3","157796951","157797267","chr3","160440597","160440904","14","2643646"
"chr3","158182965","158183094","chr16","85233737","85233867","11","72949228"
"chr3","158431058","158431363","chr3","161010982","161011286","9","2579924"
"chr3","158436743","158437050","chr3","37596334","37596638","47","120840409"
"chr3","158506723","158507031","chr3","161089484","161089779","20","2582761"
"chr3","158514835","158515116","chr3","161102684","161102961","11","2587849"
"chr3","158526513","158526822","chr3","161114699","161115008","4","2588186"
"chr3","159276926","159277022","chr16","25491186","25491281","15","133785740"
"chr3","159622288","159622609","chr3","162198983","162199264","51","2576695"
"chr3","159725328","159725639","chr3","162301037","162301342","15","2575709"
"chr3","159738334","159738631","chr3","162313951","162314251","14","2575617"
"chr3","160869765","160870074","chr3","163431575","163431884","7","2561810"
"chr3","161093855","161094166","chr3","163648437","163648727","33","2554582"
"chr3","161157149","161157427","chr3","163703885","163704157","12","2546736"
"chr3","162646230","162646486","chr1","160996503","160996748","45","1649727"
"chr3","162915280","162915564","chr3","165404790","165405076","7","2489510"
"chr3","163801343","163801641","chr3","166272056","166272344","23","2470713"
"chr3","164299583","164299883","chr3","166749490","166749782","18","2449907"
"chr3","164902001","164902295","chr3","167320236","167320532","8","2418235"
"chr3","165180370","165180671","chr3","167581732","167582033","11","2401362"
"chr3","165275971","165276273","chr3","167677078","167677380","3","2401107"
"chr3","166086379","166086688","chr3","168570929","168571228","16","2484550"
"chr3","166226996","166227293","chr3","168701639","168701931","11","2474643"
"chr3","167350804","167351109","chr3","169795267","169795575","7","2444463"
"chr3","167699208","167699489","chr17","46806673","46806956","33","120892535"
"chr3","167751867","167752137","chr3","170221539","170221818","13","2469672"
"chr3","167963006","167963312","chr3","170422064","170422359","18","2459058"
"chr3","168063621","168063914","chr3","170517579","170517886","23","2453958"
"chr3","168222145","168222452","chr3","170662641","170662948","2","2440496"
"chr3","168278529","168278660","chr3","170719154","170719285","2","2440625"
"chr3","168280172","168280320","chr3","170720614","170720764","5","2440442"
"chr3","168306561","168306652","chr3","170747042","170747133","2","2440481"
"chr3","168307514","168307533","chr3","170747995","170748014","0","2440481"
"chr3","169394554","169394864","chr3","171814265","171814571","10","2419711"
"chr3","169850255","169850550","chr3","172248530","172248826","7","2398275"
"chr3","170005485","170005655","chr3","172402458","172402627","9","2396973"
"chr3","170233897","170234195","chr3","172628207","172628508","13","2394310"
"chr3","170630849","170631148","chr3","173005083","173005377","19","2374234"
"chr3","170891161","170891468","chr3","173245480","173245778","36","2354319"
"chr3","171199078","171199356","chr3","173533006","173533282","8","2333928"
"chr3","171783980","171784281","chr11","6644095","6644392","34","165139885"
"chr3","171973492","171973763","chr3","174296600","174296871","5","2323108"
"chr3","172177190","172177318","chr3","174498804","174498932","2","2321614"
"chr3","172621026","172621319","chr3","174892385","174892693","21","2271359"
"chr3","172689370","172689673","chr3","174964754","174965054","9","2275384"
"chr3","172932264","172932574","chr3","175342452","175342760","8","2410188"
"chr3","172969774","172970072","chr6","22101482","22101783","35","150868292"
"chr3","173215019","173215312","chr3","175610781","175611080","10","2395762"
"chr3","173216582","173216886","chr9","100529816","100530123","43","72686766"
"chr3","173333214","173333406","chr10","77214649","77214842","26","96118565"
"chr3","174388644","174388955","chr3","176748817","176749124","15","2360173"
"chr3","174406671","174406983","chr3","176748817","176749124","16","2342146"
"chr3","174729973","174730277","chr3","177059106","177059400","11","2329133"
"chr3","174891910","174892217","chr3","177205004","177205304","18","2313094"
"chr3","175418689","175418985","chr3","177728064","177728357","9","2309375"
"chr3","175485366","175485655","chr3","177793527","177793816","11","2308161"
"chr3","176308675","176308969","chr3","178612467","178612748","22","2303792"
"chr3","176562723","176563013","chr3","178873273","178873563","4","2310550"
"chr3","176878288","176878587","chr3","179188599","179188898","5","2310311"
"chr3","177273639","177273896","chr3","179593332","179593609","31","2319693"
"chr3","177615603","177615898","chr3","179927549","179927839","14","2311946"
"chr3","177674229","177674546","chr3","179985110","179985429","18","2310881"
"chr3","179085574","179085890","chr3","181338145","181338456","14","2252571"
"chr3","179428046","179428254","chr3","181673824","181674032","10","2245778"
"chr3","179449988","179450196","chr3","181673824","181674032","10","2223836"
"chr3","180178364","180178651","chr3","182370952","182371242","15","2192588"
"chr3","180283941","180284103","chr15","64654910","64655068","35","115629031"
"chr3","180284413","180284591","chr3","146068504","146068688","26","34215909"
"chr3","180351658","180351936","chr3","182548169","182548448","3","2196511"
"chr3","181209307","181209607","chr3","183394489","183394779","19","2185182"
"chr3","181479866","181480145","chr3","183662890","183663169","8","2183024"
"chr3","182062523","182062684","chr3","184246997","184247158","2","2184474"
"chr3","182383846","182384144","chr3","184553920","184554215","11","2170074"
"chr3","182600997","182601247","chr14","34007472","34007737","41","148593525"
"chr3","182606857","182607157","chr3","184770557","184770855","6","2163700"
"chr3","182673152","182673437","chr12","8095609","8095892","40","174577543"
"chr3","182880963","182881260","chr17","38693337","38693627","57","144187626"
"chr3","183501823","183502120","chr3","185657818","185658107","11","2155995"
"chr3","183936332","183936637","chr3","186083795","186084096","9","2147463"
"chr3","183980312","183980588","chr3","186126571","186126847","6","2146259"
"chr3","183985729","183986023","chr3","186131960","186132248","15","2146231"
"chr3","184015684","184015988","chr3","186161613","186161916","9","2145929"
"chr3","184078018","184078314","chr3","186224696","186224999","21","2146678"
"chr3","184313301","184313510","chr3","186456322","186456531","6","2143021"
"chr3","184744116","184744424","chr3","186887406","186887713","11","2143290"
"chr3","185319469","185319771","chr3","187454385","187454684","14","2134916"
"chr3","185723370","185723479","chr12","111263615","111263717","23","74459755"
"chr3","185813385","185813694","chr3","187949195","187949504","5","2135810"
"chr3","186044244","186044541","chr3","188166619","188166907","25","2122375"
"chr3","186053248","186053536","chr3","188179432","188179720","4","2126184"
"chr3","186090663","186090974","chr9","119775598","119775904","37","66315065"
"chr3","186200491","186200781","chr3","188322121","188322410","7","2121630"
"chr3","186241952","186242251","chr2B","207617300","207617598","30","21375348"
"chr3","186546424","186546731","chr3","188654251","188654558","9","2107827"
"chr3","186557459","186557757","chr3","188665247","188665545","7","2107788"
"chr3","186565814","186566116","chr3","188673616","188673922","10","2107802"
"chr3","186717102","186717392","chr3","188817549","188817838","10","2100447"
"chr3","186792573","186792863","chr3","188892396","188892680","11","2099823"
"chr3","186989234","186989534","chr9","103807791","103808081","31","83181443"
"chr3","187038405","187038687","chr3","189141578","189141874","21","2103173"
"chr3","187140477","187140774","chr4","7988070","7988372","38","179152407"
"chr3","187182762","187183045","chr3","189263520","189263803","4","2080758"
"chr3","187231916","187232225","chr3","189627368","189627664","17","2395452"
"chr3","187232794","187233017","chr3","189628227","189628457","10","2395433"
"chr3","187512104","187512409","chr3","189916110","189916415","5","2404006"
"chr3","187549811","187550101","chr3","189952038","189952333","9","2402227"
"chr3","187762650","187762939","chr3","190166506","190166796","6","2403856"
"chr3","188018609","188018896","chr3","190419617","190419904","5","2401008"
"chr3","188018963","188019263","chr1","126192917","126193214","16","61826046"
"chr3","188191042","188191335","chr3","190587547","190587838","18","2396505"
"chr3","188193914","188194208","chr3","190587547","190587838","21","2393633"
"chr3","188591608","188591897","chr3","190975794","190976083","3","2384186"
"chr3","188670990","188671094","chr3","191056836","191056939","6","2385846"
"chr3","188721839","188722146","chr3","191081412","191081723","18","2359573"
"chr3","188884528","188884821","chr3","191240310","191240611","17","2355782"
"chr3","188916399","188916715","chr3","191271509","191271805","25","2355110"
"chr3","188982343","188982648","chr12","46963335","46963637","30","142019008"
"chr3","189109783","189110087","chr3","191461760","191462059","15","2351977"
"chr3","189808715","189809032","chr3","192131619","192131927","20","2322904"
"chr3","189857077","189857382","chr3","192182066","192182371","6","2324989"
"chr3","190032916","190033172","chr3","192355140","192355399","7","2322224"
"chr3","190034468","190034737","chr3","192356801","192357094","29","2322333"
"chr3","190067886","190068145","chr5","28336824","28337087","34","161731062"
"chr3","190080347","190080575","chr14","88398470","88398698","29","101681877"
"chr3","190457958","190458257","chr3","192758977","192759273","15","2301019"
"chr3","191193944","191194252","chr3","193542564","193542874","16","2348620"
"chr3","191603585","191603883","chr3","193940992","193941299","12","2337407"
"chr3","191857142","191857440","chr3","194170206","194170501","13","2313064"
"chr3","191988311","191988617","chr4","53597449","53597757","40","138390862"
"chr3","192104472","192104721","chr3","194421092","194421341","5","2316620"
"chr3","192172125","192172426","chr3","194488634","194488925","23","2316509"
"chr3","192743106","192743403","chr3","195046786","195047081","11","2303680"
"chr3","192850126","192850419","chr3","195150369","195150660","6","2300243"
"chr3","193163376","193163676","chr3","195451111","195451411","7","2287735"
"chr3","193268175","193268465","chr3","195555661","195555954","9","2287486"
"chr3","193419797","193420095","chr3","195704620","195704909","17","2284823"
"chr3","193436780","193436901","chr3","195726748","195726870","3","2289968"
"chr3","193911396","193911604","chr3","196187989","196188196","5","2276593"
"chr3","194077658","194077956","chr3","196355962","196356260","3","2278304"
"chr3","194284737","194285033","chr3","196630296","196630592","10","2345559"
"chr3","194308764","194309052","chr3","196654654","196654940","10","2345890"
"chr3","194570277","194570576","chr3","196899289","196899580","15","2329012"
"chr3","194850949","194851162","chr3","197179791","197180004","9","2328842"
"chr3","196377339","196377625","chr3","200668852","200669137","6","4291513"
"chr3","196425804","196426099","chr3","200706214","200706501","14","4280410"
"chr3","196511517","196511827","chr3","200791561","200791866","23","4280044"
"chr3","196927049","196927321","chr3","201205518","201205789","7","4278469"
"chr3","197014729","197015016","chr3","201299596","201299889","14","4284867"
"chr3","197918291","197918585","chr17","77836260","77836557","28","120082031"
"chr3","197992955","197993256","chr3","202226962","202227262","8","4234007"
"chr3","198401830","198402118","chr10","99248284","99248572","26","99153546"
"chr3","198714833","198715106","chr3","202957144","202957417","6","4242311"
"chr3","199141901","199142191","chr6","7535069","7535361","32","191606832"
"chr3","199189243","199189538","chr19","49705671","49705964","27","149483572"
"chr3","199350410","199350720","chr1","91342014","91342321","31","108008396"
"chr3","199394468","199394766","chr14","102535896","102536191","37","96858572"
"chr3","199403042","199403338","chr3","203368036","203368332","10","3964994"
"chr3","199437866","199438165","chr3","203406537","203406817","27","3968671"
"chr3","199476594","199476886","chr3","203446875","203447167","7","3970281"
"chr3","199612953","199613255","chr3","203579626","203579932","9","3966673"
"chr3","199659211","199659435","chr17","19955730","19955952","26","179703481"
"chr3","199815738","199816043","chr3","203778555","203778863","7","3962817"
"chr3","199910016","199910307","chrX","25005989","25006282","34","174904027"
"chr3","200060327","200060629","chr3","204039849","204040151","4","3979522"
"chr3","200063274","200063584","chr9","112918036","112918339","34","87145238"
"chr3","200141690","200141991","chr3","204120387","204120688","8","3978697"
"chr3","200240648","200240941","chr19","49705671","49705964","32","150534977"
"chr3","200377871","200378180","chr3","204370193","204370496","13","3992322"
"chr3","200487601","200487905","chr3","204478266","204478564","12","3990665"
"chr3","200620807","200621103","chr3","204625054","204625345","16","4004247"
"chr3","200667080","200667380","chr3","204686781","204687076","10","4019701"
"chr3","200947872","200948077","chr4","112665137","112665347","31","88282735"
"chr3","200993062","200993359","chr3","205008324","205008615","14","4015262"
"chr3","201049391","201049700","chr3","205069702","205070006","13","4020311"
"chr3","201077889","201078196","chr3","205094744","205095050","8","4016855"
"chr3","201307915","201308209","chr3","205313981","205314268","12","4006066"
"chr4","130944","131169","chr4","176608","176833","4","45664"
"chr4","170630","170908","chr4","113483972","113484240","37","113313342"
"chr4","242967","243261","chr4","286681","286970","10","43714"
"chr4","280615","280919","chr19","6571120","6571429","40","6290505"
"chr4","342341","342623","chr4","392204","392484","11","49863"
"chr4","422691","422992","chr4","470416","470720","6","47725"
"chr4","523925","524220","chr4","569887","570183","11","45962"
"chr4","693577","693860","chr4","755566","755846","25","61989"
"chr4","773967","774180","chr4","831077","831290","3","57110"
"chr4","822029","822349","chr3","37596334","37596638","51","36774305"
"chr4","1059791","1060112","chr1","15909581","15909860","70","14849790"
"chr4","1654603","1654736","chr1","215663298","215663430","16","214008695"
"chr4","1655042","1655191","chr1","153206556","153206707","35","151551514"
"chr4","1689644","1689657","chr8","64091762","64091773","5","62402118"
"chr4","1689928","1690094","chr8","115752356","115752520","31","114062428"
"chr4","1733188","1733275","chr21","32541754","32541852","22","30808566"
"chr4","1733974","1734090","chr4","1830911","1831027","5","96937"
"chr4","1786853","1786947","chr2A","109692692","109692770","30","107905839"
"chr4","1911809","1912093","chr4","1991899","1992185","3","80090"
"chr4","2174144","2174450","chr4","2255844","2256145","15","81700"
"chr4","2294811","2295093","chr4","2379041","2379323","3","84230"
"chr4","2515474","2515773","chr4","2599730","2600015","23","84256"
"chr4","2562689","2562971","chr4","2645469","2645750","7","82780"
"chr4","2801137","2801348","chr4","30858907","30859116","42","28057770"
"chr4","3028389","3028684","chr4","3106754","3107052","11","78365"
"chr4","4323695","4324000","chr4","4285606","4285913","11","38089"
"chr4","4455580","4455706","chr17","2987083","2987212","14","1468497"
"chr4","5336606","5336639","chr5","169684011","169684033","12","164347405"
"chr4","5336667","5336944","chr4","5280996","5281295","28","55671"
"chr4","5861862","5862162","chr4","85149582","85149881","32","79287720"
"chr4","6139390","6139682","chr4","6065635","6065927","2","73755"
"chr4","6677366","6677675","chr4","6593011","6593314","10","84355"
"chr4","7010461","7010753","chr2A","28021054","28021345","6","21010593"
"chr4","7191161","7191457","chr4","7096906","7097202","2","94255"
"chr4","7762175","7762345","chr8","126926061","126926230","22","119163886"
"chr4","8109841","8110144","chr4","7988070","7988372","4","121771"
"chr4","8380566","8380874","chr5","119996298","119996603","40","111615732"
"chr4","8505416","8505697","chr4","8375947","8376228","12","129469"
"chr4","8770038","8770363","chr17","10678229","10678542","73","1908191"
"chr4","9894197","9894503","chr9","121527977","121528284","42","111633780"
"chr4","9915347","9915665","chr4","10310525","10310843","4","395178"
"chr4","9926075","9926256","chr1","9739230","9739404","48","186845"
"chr4","10094592","10094873","chr4","10496389","10496674","6","401797"
"chr4","10831177","10831478","chr4","11212785","11213088","12","381608"
"chr4","12146682","12146991","chr4","12538332","12538640","11","391650"
"chr4","13078131","13078318","chr1","55279764","55279941","45","42201633"
"chr4","13086991","13087258","chr4","13443638","13443905","2","356647"
"chr4","13700364","13700657","chr4","14036706","14037001","4","336342"
"chr4","14202551","14202849","chr4","14495904","14496200","8","293353"
"chr4","14287344","14287645","chr4","14581336","14581638","4","293992"
"chr4","14896707","14897017","chr4","15142534","15142837","12","245827"
"chr4","15149610","15149915","chr4","15376490","15376782","21","226880"
"chr4","15235697","15235982","chr4","15461610","15461894","10","225913"
"chr4","15285869","15286177","chr4","15509813","15510097","38","223944"
"chr4","15558319","15558628","chr4","15770184","15770493","7","211865"
"chr4","15726444","15726649","chr4","15933576","15933782","3","207132"
"chr4","15866905","15867182","chr17","46806673","46806956","32","30939768"
"chr4","16020092","16020384","chr4","16218494","16218787","7","198402"
"chr4","16215348","16215605","chr4","16416352","16416605","10","201004"
"chr4","16271385","16271679","chr4","16472668","16472963","10","201283"
"chr4","17071470","17071765","chr4","17241403","17241701","6","169933"
"chr4","17227395","17227702","chr4","17400830","17401144","15","173435"
"chr4","17383941","17384064","chr12","124419807","124419939","23","107035866"
"chr4","18084235","18084557","chr5","46445132","46445449","47","28360897"
"chr4","18391970","18392256","chr4","18579071","18579358","6","187101"
"chr4","18689408","18689669","chr4","18876275","18876539","11","186867"
"chr4","18937881","18938187","chr4","19123745","19124029","28","185864"
"chr4","19158248","19158550","chr4","19349881","19350176","21","191633"
"chr4","19489028","19489330","chr4","19650467","19650769","7","161439"
"chr4","20071006","20071303","chr4","20229164","20229463","7","158158"
"chr4","20455548","20455747","chr9","34368300","34368485","40","13912752"
"chr4","21083223","21083531","chr12","112618984","112619291","43","91535761"
"chr4","21358934","21359226","chr4","21485110","21485403","10","126176"
"chr4","21639351","21639632","chr4","21768075","21768356","15","128724"
"chr4","21929269","21929568","chr1","209292842","209293145","40","187363573"
"chr4","22253162","22253474","chr4","22376103","22376412","16","122941"
"chr4","22378101","22378383","chr1","228638641","228638921","44","206260540"
"chr4","22379612","22379916","chr4","22499201","22499504","10","119589"
"chr4","23038331","23038619","chr4","23160307","23160593","10","121976"
"chr4","23128034","23128324","chr4","23250217","23250504","12","122183"
"chr4","23223279","23223560","chr4","23345252","23345539","12","121973"
"chr4","23477008","23477149","chr4","23591891","23592032","1","114883"
"chr4","23477454","23477639","chr4","23592342","23592512","17","114888"
"chr4","23486686","23486793","chr17","13666588","13666700","12","9820098"
"chr4","23863397","23863698","chr4","23979902","23980209","12","116505"
"chr4","24220524","24220817","chr4","24346276","24346565","13","125752"
"chr4","24591119","24591423","chr4","24692844","24693148","13","101725"
"chr4","25290604","25290772","chr4","25386985","25387153","6","96381"
"chr4","25554753","25555052","chr4","63526834","63527129","30","37972081"
"chr4","25805038","25805166","chr4","94124800","94124919","25","68319762"
"chr4","25838187","25838485","chr4","25925463","25925749","19","87276"
"chr4","25857729","25858025","chr4","25943193","25943456","42","85464"
"chr4","25965354","25965663","chr4","26039807","26040116","8","74453"
"chr4","26003260","26003552","chr4","26075239","26075530","6","71979"
"chr4","26491774","26492070","chr4","26558049","26558342","12","66275"
"chr4","26668419","26668642","chr2B","121590524","121590746","37","94922105"
"chr4","27503365","27503644","chr17","19852319","19852597","30","7651046"
"chr4","27505923","27506221","chr4","27530362","27530653","27","24439"
"chr4","27763717","27763969","chr4","27788580","27788832","8","24863"
"chr4","27793802","27794111","chr4","27818022","27818325","16","24220"
"chr4","28050389","28050682","chr4","28069624","28069916","7","19235"
"chr4","28316359","28316471","chr4","28350677","28350785","9","34318"
"chr4","28459432","28459684","chrX","69547600","69547854","43","41088168"
"chr4","28880955","28881167","chr4","28905606","28905793","32","24651"
"chr4","29081611","29081923","chr4","29110852","29111169","16","29241"
"chr4","29307769","29307979","chr4","29338553","29338765","11","30784"
"chr4","29545638","29545943","chr4","29568576","29568881","13","22938"
"chr4","30535583","30535894","chr4","30532711","30533021","13","2872"
"chr4","30628330","30628623","chr4","30623843","30624137","3","4487"
"chr4","30823813","30824100","chr4","30810866","30811152","3","12947"
"chr4","30875953","30876160","chr4","30858907","30859116","10","17046"
"chr4","31046381","31046657","chr4","31028494","31028770","8","17887"
"chr4","31433074","31433394","chr9","119775598","119775904","53","88342524"
"chr4","31528464","31528773","chr10","103030911","103031210","51","71502447"
"chr4","31571721","31572028","chr10","103030911","103031210","50","71459190"
"chr4","31708991","31709166","chr4","31641413","31641588","4","67578"
"chr4","32818391","32818527","chr4","33333983","33334117","3","515592"
"chr4","32899433","32899565","chr4","33414471","33414593","12","515038"
"chr4","32901382","32901514","chr4","33414471","33414593","12","513089"
"chr4","33141414","33141724","chr4","33650780","33651084","12","509366"
"chr4","34739326","34739459","chr4","35224727","35224864","8","485401"
"chr4","34949266","34949576","chr1","154352617","154352923","35","119403351"
"chr4","35111316","35111573","chr4","35598300","35598559","9","486984"
"chr4","35288273","35288423","chr4","35780691","35780841","6","492418"
"chr4","35288424","35288553","chr4","35780842","35780970","6","492418"
"chr4","35909788","35910074","chr4","36378091","36378377","10","468303"
"chr4","36337968","36338141","chr8","126926061","126926230","20","90588093"
"chr4","36338152","36338396","chr19","20592939","20593187","38","15745213"
"chr4","36444166","36444459","chr4","36913374","36913668","10","469208"
"chr4","36484958","36485225","chr4","36949189","36949456","10","464231"
"chr4","37345561","37345850","chr2A","46661049","46661342","32","9315488"
"chr4","37406009","37406306","chr4","37864691","37864989","8","458682"
"chr4","37422594","37422881","chr4","37881214","37881501","7","458620"
"chr4","37604247","37604544","chr4","38063254","38063552","5","459007"
"chr4","37978584","37978885","chr4","38446388","38446688","10","467804"
"chr4","38427563","38427841","chr4","38891811","38892114","35","464248"
"chr4","38728319","38728624","chr4","39169251","39169556","11","440932"
"chr4","38944165","38944471","chr4","39377211","39377516","10","433046"
"chr4","38998485","38998792","chr4","39424762","39425060","14","426277"
"chr4","39037614","39037925","chr6","150811507","150811814","45","111773893"
"chr4","39147777","39148078","chr4","39571000","39571295","16","423223"
"chr4","39157581","39157876","chr12","32727635","32727931","30","6429946"
"chr4","39214392","39214693","chr4","39642648","39642949","3","428256"
"chr4","39285499","39285797","chr4","39713840","39714137","6","428341"
"chr4","39423149","39423291","chr16","412286","412428","20","39010863"
"chr4","39423589","39423695","chr1","28622464","28622571","24","10801125"
"chr4","39486558","39486864","chr4","39907524","39907830","5","420966"
"chr4","39491595","39491901","chr4","39907524","39907830","5","415929"
"chr4","39501238","39501540","chr14","63322951","63323253","30","23821713"
"chr4","39556338","39556609","chr4","39973317","39973588","5","416979"
"chr4","39591609","39591913","chr1","48261484","48261792","41","8669875"
"chr4","39593009","39593309","chr4","40011020","40011319","10","418011"
"chr4","39593829","39594035","chr4","40011832","40012055","19","418003"
"chr4","39682108","39682393","chr4","40094463","40094767","23","412355"
"chr4","39744392","39744570","chr4","40158748","40158926","2","414356"
"chr4","39744874","39745169","chr9","71001376","71001672","37","31256502"
"chr4","39780490","39780663","chr4","40194031","40194204","4","413541"
"chr4","39786832","39786994","chr2A","106807783","106807945","26","67020951"
"chr4","39787301","39787419","chr14","107207158","107207275","20","67419857"
"chr4","39804715","39805023","chr4","40218990","40219296","11","414275"
"chr4","40035352","40035510","chr4","40429281","40429447","11","393929"
"chr4","40175041","40175324","chr14","105436400","105436683","44","65261359"
"chr4","40319093","40319391","chr4","40702274","40702552","25","383181"
"chr4","40405976","40406254","chr4","40777466","40777769","33","371490"
"chr4","40476216","40476391","chr1","118615339","118615519","24","78139123"
"chr4","40820355","40820599","chr1","53001051","53001293","37","12180696"
"chr4","41121162","41121444","chr7","97904460","97904743","34","56783298"
"chr4","41248676","41248970","chr4","41584442","41584718","22","335766"
"chr4","41305919","41306201","chr7","97904460","97904743","29","56598541"
"chr4","41310415","41310712","chr4","41646435","41646732","4","336020"
"chr4","41834651","41834950","chr4","42151727","42151998","33","317076"
"chr4","41966006","41966283","chr4","42265303","42265581","13","299297"
"chr4","42030355","42030644","chr4","42329666","42329940","21","299311"
"chr4","42097240","42097528","chr4","42410559","42410865","25","313319"
"chr4","42100670","42100978","chr4","42414063","42414362","13","313393"
"chr4","43040282","43040500","chr12","3116942","3117160","47","39923340"
"chr4","43433135","43433318","chr1","83088400","83088580","29","39655265"
"chr4","43821017","43821314","chr4","44177615","44177908","15","356598"
"chr4","44164051","44164334","chr4","44513392","44513680","10","349341"
"chr4","44361240","44361548","chr4","44714198","44714506","21","352958"
"chr4","45308130","45308438","chr14","49949654","49949960","37","4641524"
"chr4","45476647","45476946","chr4","87256544","87256851","16","41779897"
"chr4","46585262","46585603","chr4","86179188","86179522","17","39593926"
"chr4","46933910","46934221","chr3","11598640","11598947","40","35335270"
"chr4","47598526","47598826","chr4","85149582","85149881","9","37551056"
"chr4","47687585","47687871","chr4","85059985","85060279","11","37372400"
"chr4","47805259","47805553","chr4","84942995","84943290","7","37137736"
"chr4","47837350","47837446","chr1","130252360","130252455","19","82415010"
"chr4","48073464","48073773","chr4","84688813","84689123","12","36615349"
"chr4","48869455","48869757","chr4","83897137","83897438","5","35027682"
"chr4","60547716","60548015","chr4","62382913","62383215","7","1835197"
"chr4","60866708","60866997","chr4","62684501","62684790","7","1817793"
"chr4","60980011","60980309","chr4","62797417","62797712","4","1817406"
"chr4","61739991","61740290","chr4","63526834","63527129","10","1786843"
"chr4","62429448","62429732","chr4","64212711","64212995","5","1783263"
"chr4","62597597","62597864","chr4","64377336","64377603","9","1779739"
"chr4","62769603","62769907","chr4","64521706","64522010","2","1752103"
"chr4","62775815","62776119","chr4","64521706","64522010","2","1745891"
"chr4","63562223","63562499","chr4","65259476","65259750","13","1697253"
"chr4","64272606","64272764","chr4","65952257","65952405","15","1679651"
"chr4","64578378","64578475","chr1","112164114","112164208","17","47585736"
"chr4","64649983","64650261","chr4","66315718","66315996","8","1665735"
"chr4","65363470","65363753","chr4","67006094","67006377","3","1642624"
"chr4","65514076","65514389","chr4","69104747","69105053","49","3590671"
"chr4","65518474","65518772","chr4","67120162","67120459","10","1601688"
"chr4","65598212","65598502","chr4","67186000","67186293","10","1587788"
"chr4","65615426","65615727","chr4","67204347","67204648","8","1588921"
"chr4","66678499","66678780","chr13","20749775","20750039","51","45928724"
"chr4","66895178","66895461","chr4","68493176","68493461","10","1597998"
"chr4","67066678","67066971","chr4","68666457","68666752","8","1599779"
"chr4","67179053","67179354","chr4","68781828","68782125","10","1602775"
"chr4","67509863","67510171","chr4","69104747","69105053","9","1594884"
"chr4","68438445","68438708","chr4","70056767","70057022","33","1618322"
"chr4","70010463","70010749","chr4","71597132","71597419","11","1586669"
"chr4","70680774","70681062","chr7","146149192","146149484","22","75468418"
"chr4","71092852","71093132","chr4","72810634","72810930","33","1717782"
"chr4","71260339","71260609","chr4","72967136","72967411","12","1706797"
"chr4","71381627","71381923","chr1","46441047","46441338","43","24940580"
"chr4","71486759","71487068","chr1","129885510","129885814","36","58398751"
"chr4","71816098","71816395","chr2A","39180005","39180303","27","32636093"
"chr4","71868567","71868739","chr12","102858183","102858353","25","30989616"
"chr4","71870915","71871223","chr1","204737869","204738177","33","132866954"
"chr4","71890549","71890850","chr1","192258199","192258497","37","120367650"
"chr4","71943940","71944075","chr4","73663037","73663172","6","1719097"
"chr4","71993718","71993907","chr12","95456737","95456928","24","23463019"
"chr4","72024361","72024651","chr4","73738423","73738712","6","1714062"
"chr4","72257560","72257860","chr4","73971919","73972216","13","1714359"
"chr4","73011612","73011919","chr4","74687159","74687463","12","1675547"
"chr4","73438396","73438707","chr4","75109254","75109555","16","1670858"
"chr4","73446916","73447224","chr1","157448490","157448797","35","84001574"
"chr4","73506753","73507085","chr4","75171632","75171933","36","1664879"
"chr4","73636178","73636461","chr4","75304920","75305203","8","1668742"
"chr4","74139274","74139580","chr14","90234422","90234723","35","16095148"
"chr4","74460172","74460468","chr4","76181860","76182153","8","1721688"
"chr4","74654144","74654431","chr4","76373842","76374129","4","1719698"
"chr4","76179700","76180011","chr11","56158312","56158621","32","20021388"
"chr4","76222357","76222650","chr13","39795589","39795889","51","36426768"
"chr4","80256084","80256371","chr4","61101591","61101875","10","19154493"
"chr4","81449099","81449383","chr4","59903547","59903831","4","21545552"
"chr4","81532681","81532968","chr4","59822956","59823236","15","21709725"
"chr4","81663745","81663889","chr10","102415722","102415872","32","20751977"
"chr4","81667922","81668210","chr4","59693339","59693627","7","21974583"
"chr4","81682500","81682681","chr3","123757609","123757787","29","42075109"
"chr4","81693991","81694294","chr4","59662285","59662580","17","22031706"
"chr4","81700597","81700892","chr4","59656573","59656869","11","22044024"
"chr4","82236521","82236833","chr4","59134291","59134595","31","23102230"
"chr4","82421003","82421310","chr4","58952015","58952307","27","23468988"
"chr4","82459194","82459500","chr4","58907187","58907493","17","23552007"
"chr4","82543368","82543672","chr4","58796704","58797005","13","23746664"
"chr4","82547777","82548078","chr4","58792303","58792605","4","23755474"
"chr4","83384291","83384442","chr4","57963396","57963542","12","25420895"
"chr4","83901738","83902013","chr4","57434974","57435249","6","26466764"
"chr4","84011386","84011690","chr4","56840754","56841057","7","27170632"
"chr4","84110276","84110585","chr4","56779592","56779900","12","27330684"
"chr4","85038778","85039077","chr4","55859295","55859593","5","29179483"
"chr4","85070075","85070369","chr4","55828057","55828348","9","29242018"
"chr4","85816358","85816686","chr4","55170346","55170669","8","30646012"
"chr4","86433164","86433417","chr4","54553248","54553502","3","31879916"
"chr4","86630032","86630341","chr4","54357848","54358159","6","32272184"
"chr4","86638298","86638590","chr4","54349645","54349936","15","32288653"
"chr4","86638949","86639256","chr4","54348979","54349289","9","32289970"
"chr4","86779560","86779859","chr1","12278529","12278825","33","74501031"
"chr4","86854393","86854681","chr4","54134177","54134459","13","32720216"
"chr4","87073955","87074258","chr4","53900944","53901247","6","33173011"
"chr4","87184711","87184888","chr4","53786518","53786693","3","33398193"
"chr4","87239088","87239334","chr4","53732075","53732338","19","33507013"
"chr4","87269965","87270270","chr4","53701872","53702177","8","33568093"
"chr4","87373813","87374098","chr4","53597449","53597757","28","33776364"
"chr4","87401988","87402297","chr4","53569357","53569659","14","33832631"
"chr4","88807291","88807586","chr4","52198422","52198718","7","36608869"
"chr4","88817165","88817463","chr4","52188647","52188945","6","36628518"
"chr4","88834662","88834837","chr4","151675637","151675810","27","62840975"
"chr4","89656435","89656744","chr4","51366928","51367224","21","38289507"
"chr4","90143836","90143927","chr4","50872988","50873079","2","39270848"
"chr4","90144312","90144639","chr4","50872174","50872480","28","39272138"
"chr4","91944966","91945259","chr4","49071506","49071785","20","42873460"
"chr4","91966132","91966425","chr4","49050289","49050579","10","42915843"
"chr4","92574085","92574394","chr17","56821225","56821534","36","35752860"
"chr4","93357575","93357870","chr4","17241403","17241701","39","76116172"
"chr4","93529246","93529498","chr4","47527888","47528137","8","46001358"
"chr4","93845465","93845765","chr4","47218523","47218820","9","46626942"
"chr4","94008391","94008692","chr4","47058463","47058764","3","46949928"
"chr4","94112406","94112662","chr4","46947615","46947871","3","47164791"
"chr4","94760207","94760495","chr4","46310020","46310308","4","48450187"
"chr4","95589939","95590229","chr4","45471038","45471324","9","50118901"
"chr4","95724632","95724845","chr22","20188497","20188709","23","75536135"
"chr4","95740521","95740817","chr4","45337355","45337655","15","50403166"
"chr4","95748943","95749234","chr4","45319347","45319640","13","50429596"
"chr4","95762319","95762617","chr4","45319347","45319640","14","50442972"
"chr4","96210553","96210860","chr3","37596334","37596638","40","58614219"
"chr4","96660270","96660579","chr4","88635361","88635667","11","8024909"
"chr4","98061398","98061532","chr4","141083240","141083376","41","43021842"
"chr4","98061580","98061718","chr4","162877867","162877985","31","64816287"
"chr4","98087126","98087419","chr4","90011403","90011702","15","8075723"
"chr4","98198732","98199020","chr1","218262963","218263248","45","120064231"
"chr4","98266221","98266351","chr12","32874714","32874843","20","65391507"
"chr4","99006081","99006388","chr4","90888125","90888422","16","8117956"
"chr4","99402458","99402632","chr1","45539327","45539499","24","53863131"
"chr4","99423776","99423886","chr4","91294683","91294792","5","8129093"
"chr4","99955731","99956021","chr4","91795051","91795341","3","8160680"
"chr4","100840235","100840536","chr4","92683735","92684018","23","8156500"
"chr4","100860954","100861066","chr4","92704101","92704213","0","8156853"
"chr4","102273427","102273710","chr12","8095609","8095892","34","94177818"
"chr4","102542676","102542970","chr4","94388827","94389118","16","8153849"
"chr4","102779325","102779626","chr4","94644474","94644774","4","8134851"
"chr4","103681756","103682036","chr4","95517346","95517627","11","8164410"
"chr4","104001856","104002137","chr4","95817410","95817685","12","8184446"
"chr4","104267943","104268258","chr4","96066309","96066614","13","8201634"
"chr4","104345568","104345868","chr4","96143823","96144121","10","8201745"
"chr4","105302935","105303149","chr4","97118796","97119014","7","8184139"
"chr4","105443396","105443702","chr4","97256352","97256650","14","8187044"
"chr4","105702106","105702428","chr4","97520191","97520512","10","8181915"
"chr4","105709846","105710063","chr4","112665137","112665347","51","6955291"
"chr4","105896496","105896771","chr17","19852319","19852597","34","86044177"
"chr4","106222965","106223191","chr4","98040235","98040458","6","8182730"
"chr4","107583559","107583833","chr4","99387706","99387979","4","8195853"
"chr4","108912637","108912914","chr4","100688249","100688526","9","8224388"
"chr4","109386029","109386332","chr4","101195856","101196165","11","8190173"
"chr4","109582117","109582414","chr4","101374503","101374799","7","8207614"
"chr4","110180293","110180554","chr4","101959933","101960193","5","8220360"
"chr4","110204240","110204527","chr7","129852586","129852877","21","19648346"
"chr4","110476028","110476319","chr3","49317667","49317958","35","61158361"
"chr4","111031856","111031949","chr11","3264459","3264550","14","107767397"
"chr4","111052512","111052826","chr1","190022008","190022311","39","78969496"
"chr4","112417552","112417816","chr4","104163274","104163539","8","8254278"
"chr4","112491169","112491460","chr4","104236053","104236348","12","8255116"
"chr4","112623928","112624253","chr4","104362727","104363053","8","8261201"
"chr4","112702093","112702399","chr4","104440573","104440874","11","8261520"
"chr4","112898914","112899210","chr4","104634263","104634570","17","8264651"
"chr4","113016654","113016949","chr4","104755265","104755559","6","8261389"
"chr4","113206372","113206644","chr4","104932261","104932510","30","8274111"
"chr4","113325657","113325961","chr4","105052633","105052937","5","8273024"
"chr4","113571717","113572014","chr4","105292975","105293272","6","8278742"
"chr4","113910161","113910468","chr4","105625982","105626285","10","8284179"
"chr4","114212490","114212675","chr4","105930827","105930977","39","8281663"
"chr4","114212756","114212941","chr4","105930827","105930977","39","8281929"
"chr4","114308911","114309208","chr4","106021284","106021581","13","8287627"
"chr4","114989652","114989942","chr4","106652982","106653272","5","8336670"
"chr4","115620551","115620863","chr4","107273817","107274130","15","8346734"
"chr4","116426403","116426690","chr4","108085042","108085329","7","8341361"
"chr4","116568966","116569249","chr4","108223203","108223486","3","8345763"
"chr4","116773460","116773714","chr4","108420100","108420354","3","8353360"
"chr4","116805277","116805586","chr4","108449475","108449766","24","8355802"
"chr4","117092704","117092991","chr4","108731618","108731902","9","8361086"
"chr4","117107578","117107812","chr4","108746487","108746722","4","8361091"
"chr4","117727335","117727636","chr4","109377359","109377660","6","8349976"
"chr4","118025539","118025829","chr4","109670416","109670698","13","8355123"
"chr4","118256962","118257113","chr4","109894640","109894791","3","8362322"
"chr4","118534846","118534955","chr4","110168095","110168204","0","8366751"
"chr4","119267931","119268213","chr4","110890086","110890368","10","8377845"
"chr4","119438871","119439156","chr4","111060747","111061038","15","8378124"
"chr4","119448768","119449068","chr4","111070643","111070943","5","8378125"
"chr4","120209461","120209756","chr4","111817160","111817455","11","8392301"
"chr4","120885376","120885666","chr4","112491263","112491553","8","8394113"
"chr4","120890047","120890352","chr4","112495910","112496243","32","8394137"
"chr4","120980054","120980352","chr1","141239412","141239712","31","20259358"
"chr4","120980359","120980651","chr1","135372930","135373219","33","14392571"
"chr4","121002322","121002619","chr9","35304174","35304465","30","85698148"
"chr4","121007973","121008136","chr4","112613064","112613226","3","8394909"
"chr4","121070731","121070835","chr17","1220505","1220616","20","119850226"
"chr4","121393051","121393180","chr4","112974261","112974392","4","8418790"
"chr4","121667716","121668018","chr4","113240512","113240817","12","8427204"
"chr4","121675688","121675997","chr4","113248468","113248777","4","8427220"
"chr4","121697590","121697690","chr16","28988300","28988404","24","92709290"
"chr4","121940051","121940325","chr4","113483972","113484240","11","8456079"
"chr4","122097808","122098022","chr17","2196508","2196718","28","119901300"
"chr4","123004022","123004283","chr17","20031822","20032082","31","102972200"
"chr4","123151651","123151941","chr4","114720783","114721071","6","8430868"
"chr4","123161131","123161421","chr4","114720783","114721071","7","8440348"
"chr4","123456679","123456985","chr4","115015855","115016144","29","8440824"
"chr4","123491924","123492220","chr4","115053117","115053406","18","8438807"
"chr4","123531947","123532241","chr4","115090649","115090942","8","8441298"
"chr4","123604566","123604869","chr4","115162458","115162760","4","8442108"
"chr4","124168847","124169127","chr4","115712484","115712783","30","8456363"
"chr4","124179252","124179546","chr2B","225514831","225515128","31","101335579"
"chr4","124244362","124244668","chr6","165114121","165114427","30","40869759"
"chr4","124247856","124248167","chr10","74433147","74433449","44","49814709"
"chr4","124283662","124283921","chr4","115827082","115827365","28","8456580"
"chr4","124307203","124307501","chr4","115842774","115843083","21","8464429"
"chr4","124642195","124642314","chr18","42067917","42068039","17","82574278"
"chr4","125344980","125345285","chr4","116869558","116869856","18","8475422"
"chr4","125573144","125573250","chr4","117091705","117091799","12","8481439"
"chr4","126432546","126432846","chr4","117948594","117948893","9","8483952"
"chr4","127021276","127021541","chr4","118509368","118509631","9","8511908"
"chr4","128219693","128219986","chr4","90011403","90011702","49","38208290"
"chr4","128763720","128764018","chr4","120116044","120116337","10","8647676"
"chr4","129145735","129146046","chr4","120488884","120489185","36","8656851"
"chr4","129241367","129241686","chr4","120488884","120489185","41","8752483"
"chr4","129282879","129283187","chr8","106402322","106402619","50","22880557"
"chr4","130490676","130490953","chrX","56684425","56684704","34","73806251"
"chr4","131274383","131274541","chr4","122829757","122829915","0","8444626"
"chr4","132489164","132489472","chr4","123969076","123969385","7","8520088"
"chr4","132825739","132826036","chr4","124298108","124298400","16","8527631"
"chr4","133021726","133022033","chr4","124490141","124490444","12","8531585"
"chr4","133692986","133693293","chr4","125145706","125146012","6","8547280"
"chr4","133871057","133871329","chr4","125301404","125301697","29","8569653"
"chr4","133891742","133892057","chr4","125322067","125322381","8","8569675"
"chr4","134302559","134302837","chr4","125726590","125726868","9","8575969"
"chr4","134337828","134338095","chr4","125770358","125770626","10","8567470"
"chr4","134355542","134355805","chr4","125770358","125770626","14","8585184"
"chr4","134639706","134639951","chr4","125997815","125998053","16","8641891"
"chr4","134709412","134709718","chr4","126067186","126067488","12","8642226"
"chr4","135118335","135118489","chr12","3048418","3048571","30","132069917"
"chr4","135126855","135127006","chr4","126467753","126467910","7","8659102"
"chr4","135196821","135197126","chr4","126537842","126538144","6","8658979"
"chr4","135345743","135346045","chr4","126685603","126685905","11","8660140"
"chr4","135576651","135576934","chr4","126905971","126906253","12","8670680"
"chr4","136299356","136299663","chr4","127618692","127618984","24","8680664"
"chr4","136844403","136844504","chr3","182479152","182479247","16","45634749"
"chr4","136867806","136868102","chr4","128167011","128167303","11","8700795"
"chr4","137717323","137717628","chr4","129012362","129012669","8","8704961"
"chr4","137801576","137801722","chr4","129096496","129096618","29","8705080"
"chr4","138753260","138753564","chr4","130025542","130025845","6","8727718"
"chr4","138890880","138891176","chr4","130336211","130336514","12","8554669"
"chr4","138969786","138970040","chr21","37302692","37302945","34","101667094"
"chr4","139604291","139604549","chr4","131036789","131037063","26","8567502"
"chr4","139963683","139963807","chr13","98396665","98396787","12","41567018"
"chr4","140015173","140015468","chr4","131477179","131477476","13","8537994"
"chr4","140034877","140035181","chr4","131496466","131496764","9","8538411"
"chr4","140044540","140044799","chr4","131505735","131505995","4","8538805"
"chr4","140173087","140173384","chr4","131622958","131623228","34","8550129"
"chr4","140261993","140262247","chr2A","87063872","87064125","25","53198121"
"chr4","140363592","140363843","chr22","29550155","29550406","40","110813437"
"chr4","140370489","140370785","chr4","131815591","131815887","7","8554898"
"chr4","140383239","140383535","chr4","131815591","131815887","7","8567648"
"chr4","140729337","140729637","chr4","132141293","132141593","6","8588044"
"chr4","140798092","140798385","chr4","132208054","132208345","6","8590038"
"chr4","140804571","140804862","chr5","42926876","42927165","34","97877695"
"chr4","141061620","141061912","chr4","132466886","132467174","12","8594734"
"chr4","142191583","142191844","chr4","133591106","133591391","28","8600477"
"chr4","142374728","142375031","chr4","133772019","133772319","11","8602709"
"chr4","142423275","142423548","chr1","35642498","35642773","40","106780777"
"chr4","142671458","142671754","chr4","134070834","134071124","13","8600624"
"chr4","143086329","143086618","chr4","134491465","134491754","6","8594864"
"chr4","143256513","143256792","chr4","134666658","134666940","11","8589855"
"chr4","144247791","144248094","chr4","63526834","63527129","51","80720957"
"chr4","144338985","144339202","chr4","135877299","135877512","6","8461686"
"chr4","144520323","144520618","chr4","136074424","136074721","11","8445899"
"chr4","145144562","145144870","chr4","136695736","136696044","6","8448826"
"chr4","145813524","145813833","chr4","115842774","115843083","45","29970750"
"chr4","145818799","145819104","chr4","137316761","137317038","33","8502038"
"chr4","146144788","146145071","chr1","12625983","12626259","33","133518805"
"chr4","146348252","146348555","chr4","137844218","137844505","23","8504034"
"chr4","146631092","146631401","chr4","138125200","138125507","8","8505892"
"chr4","147069390","147069686","chr4","138545521","138545817","2","8523869"
"chr4","147816667","147816968","chr4","139348589","139348893","6","8468078"
"chr4","148285430","148285638","chr4","139801452","139801662","9","8483978"
"chr4","148890468","148890755","chr4","140424100","140424398","21","8466368"
"chr4","148952853","148953151","chr4","140486506","140486804","8","8466347"
"chr4","149333723","149334025","chr4","140853507","140853809","7","8480216"
"chr4","149581012","149581307","chr4","141094394","141094688","8","8486618"
"chr4","149675198","149675470","chr7","21839978","21840258","36","127835220"
"chr4","150138621","150138925","chr4","141652062","141652365","5","8486559"
"chr4","150719724","150720023","chr4","142226892","142227191","8","8492832"
"chr4","150899531","150899812","chr4","142390637","142390925","14","8508894"
"chr4","151153900","151154205","chr4","169310924","169311230","88","18157024"
"chr4","151176991","151177286","chr4","142667277","142667570","6","8509714"
"chr4","151416708","151417016","chr2B","163319475","163319783","35","11902767"
"chr4","151682238","151682553","chr4","143153795","143154109","9","8528443"
"chr4","151765677","151765969","chr4","143236477","143236762","12","8529200"
"chr4","151852714","151853017","chr4","143325005","143325309","4","8527709"
"chr4","152955344","152955524","chr13","98971151","98971325","31","53984193"
"chr4","152955559","152955677","chr5","155948917","155949032","18","2993358"
"chr4","154055712","154056005","chr4","145582903","145583195","6","8472809"
"chr4","154718678","154718988","chr4","146239716","146240026","10","8478962"
"chr4","155299419","155299709","chr4","146791769","146792054","6","8507650"
"chr4","155454692","155454983","chr4","146935688","146935979","7","8519004"
"chr4","156414814","156415119","chr4","148201073","148201379","13","8213741"
"chr4","157534728","157535058","chr4","149277212","149277509","37","8257516"
"chr4","157829022","157829123","chr8","143391397","143391500","10","14437625"
"chr4","158064461","158064816","chr4","149720482","149720783","76","8343979"
"chr4","158132655","158132830","chr4","149777588","149777784","26","8355067"
"chr4","158232330","158232577","chr4","149878587","149878860","34","8353743"
"chr4","158455307","158455599","chr4","150102347","150102640","25","8352960"
"chr4","158609665","158609828","chr4","150255426","150255589","9","8354239"
"chr4","159597365","159597669","chr5","35043534","35043843","33","124553831"
"chr4","160023317","160023480","chr4","151675637","151675810","15","8347680"
"chr4","160023780","160023913","chr4","151676117","151676250","3","8347663"
"chr4","160067354","160067665","chr4","151719724","151720035","10","8347630"
"chr4","160092190","160092491","chr19","58754705","58755005","33","101337485"
"chr4","160178170","160178483","chr4","151816847","151817157","16","8361323"
"chr4","161094626","161094927","chr4","152721617","152721913","9","8373009"
"chr4","161359032","161359314","chr4","152977514","152977796","2","8381518"
"chr4","162535818","162536105","chr4","154132490","154132777","2","8403328"
"chr4","163356782","163357073","chr4","154982203","154982493","11","8374579"
"chr4","163405616","163405914","chr1","44477631","44477930","50","118927985"
"chr4","163428424","163428723","chr4","155049543","155049840","13","8378881"
"chr4","163499546","163499853","chrX","26529258","26529577","49","136970288"
"chr4","163539161","163539368","chr4","155158131","155158339","6","8381030"
"chr4","164834755","164835000","chr4","156417669","156417928","22","8417086"
"chr4","165891646","165891926","chr3","54255132","54255413","30","111636514"
"chr4","165971964","165972274","chr4","157669657","157669958","17","8302307"
"chr4","166757651","166757941","chr1","63316153","63316446","28","103441498"
"chr4","166842546","166842837","chr4","158522895","158523189","13","8319651"
"chr4","166909954","166910249","chr4","158596279","158596574","4","8313675"
"chr4","167092405","167092704","chr4","158755902","158756199","7","8336503"
"chr4","167489627","167489925","chr4","159132104","159132402","5","8357523"
"chr4","167573501","167573780","chr4","159215993","159216272","10","8357508"
"chr4","167690596","167690898","chr9","97612841","97613139","34","70077755"
"chr4","167729466","167729695","chr7","154995961","154996183","27","12733505"
"chr4","168079571","168079730","chr14","102314903","102315049","33","65764668"
"chr4","168103526","168103699","chr4","159746499","159746673","6","8357027"
"chr4","168146819","168147112","chr4","159790015","159790308","7","8356804"
"chr4","168249230","168249544","chr4","159890966","159891282","7","8358264"
"chr4","168924428","168924730","chr4","160542108","160542401","12","8382320"
"chr4","169448330","169448621","chr4","161068649","161068940","11","8379681"
"chr4","169805672","169805942","chr4","161428259","161428525","9","8377413"
"chr4","170062420","170062708","chr4","161671351","161671639","6","8391069"
"chr4","170451050","170451358","chr4","162041241","162041543","20","8409809"
"chr4","170502253","170502558","chr19","11890017","11890326","37","158612236"
"chr4","171087137","171087455","chr4","162669198","162669526","32","8417939"
"chr4","171210607","171210899","chr3","184352861","184353156","33","13142254"
"chr4","171314693","171314811","chr4","162877867","162877985","6","8436826"
"chr4","171529268","171529566","chr4","163081724","163082022","8","8447544"
"chr4","171675759","171676063","chr4","163224009","163224301","21","8451750"
"chr4","171903299","171903419","chr1","157768618","157768730","19","14134681"
"chr4","171992206","171992409","chr4","163544062","163544260","11","8448144"
"chr4","172041371","172041572","chr17","75832608","75832806","44","96208763"
"chr4","172049938","172050244","chr9","119775598","119775904","37","52274340"
"chr4","172555348","172555619","chr4","164087057","164087328","3","8468291"
"chr4","173094141","173094426","chr4","164538555","164538858","27","8555586"
"chr4","173103048","173103333","chr4","164538555","164538858","27","8564493"
"chr4","173418306","173418634","chr4","164832062","164832355","41","8586244"
"chr4","173423995","173424087","chr4","164837705","164837797","1","8586290"
"chr4","173427339","173427431","chr4","164837705","164837797","1","8589634"
"chr4","173673948","173674244","chr4","165074491","165074786","8","8599457"
"chr4","173840616","173840911","chr4","165235535","165235829","11","8605081"
"chr4","173874895","173875193","chr4","165269772","165270071","15","8605123"
"chr4","173986249","173986538","chr4","165350749","165351036","12","8635500"
"chr4","173989970","173990262","chr4","165354468","165354754","19","8635502"
"chr4","174378557","174378857","chr4","165743137","165743441","7","8635420"
"chr4","174464965","174465268","chr2A","9621723","9622018","26","164843242"
"chr4","174643333","174643625","chr4","166002700","166002992","6","8640633"
"chr4","174906793","174907090","chr4","166265483","166265779","7","8641310"
"chr4","174973646","174973773","chr1","196339506","196339631","22","21365860"
"chr4","175180164","175180468","chr4","166540335","166540638","12","8639829"
"chr4","175419291","175419415","chr12","4022231","4022354","24","171397060"
"chr4","175614145","175614445","chr10","33287286","33287573","53","142326859"
"chr4","176000830","176001122","chr4","167348649","167348936","14","8652181"
"chr4","176007497","176007789","chr4","167348649","167348936","13","8658848"
"chr4","176030368","176030641","chr4","167371442","167371715","11","8658926"
"chr4","176087198","176087504","chr4","167428549","167428832","29","8658649"
"chr4","177612218","177612509","chr15","98367868","98368157","38","79244350"
"chr4","177690591","177690885","chr4","169237971","169238271","8","8452620"
"chr4","177761216","177761511","chr19","40020093","40020391","33","137741123"
"chr4","177798783","177799011","chr4","169359834","169360031","32","8438949"
"chr4","177818911","177819204","chr4","169384521","169384813","3","8434390"
"chr4","177825977","177826270","chr4","169384521","169384813","3","8441456"
"chr4","178153273","178153575","chr4","169742747","169743043","20","8410526"
"chr4","178380617","178380934","chr3","189072904","189073192","79","10692287"
"chr4","178630117","178630420","chr4","170186945","170187248","6","8443172"
"chr4","178886117","178886407","chr4","170445056","170445348","7","8441061"
"chr4","179405850","179406127","chr4","170939668","170939945","3","8466182"
"chr4","180620228","180620313","chr16","25491186","25491281","28","155129042"
"chr4","181019414","181019711","chr4","172564674","172564968","9","8454740"
"chr4","181037601","181037861","chr4","172582536","172582803","10","8455065"
"chr4","181250894","181251192","chr4","172789044","172789342","7","8461850"
"chr4","181543087","181543386","chr4","173079215","173079516","9","8463872"
"chr4","181666891","181667190","chr4","173201223","173201521","9","8465668"
"chr4","181797755","181798070","chr4","173331358","173331658","25","8466397"
"chr4","182136151","182136450","chr4","173662064","173662363","4","8474087"
"chr4","182279365","182279697","chr4","173802807","173803107","37","8476558"
"chr4","182432081","182432377","chr4","173959641","173959933","17","8472440"
"chr4","182837914","182838196","chr4","174339237","174339520","8","8498677"
"chr4","183531513","183531818","chr4","175027696","175027978","30","8503817"
"chr4","184391378","184391670","chr4","175881391","175881682","8","8509987"
"chr4","185115186","185115306","chr4","176786367","176786487","1","8328819"
"chr4","185321539","185321833","chr4","176986441","176986738","8","8335098"
"chr4","185330968","185331279","chr4","176995976","176996284","10","8334992"
"chr4","185656692","185656966","chr4","177320336","177320611","8","8336356"
"chr4","186155992","186156296","chr5","83184631","83184934","31","102971361"
"chr4","187095871","187096158","chr4","178736855","178737142","5","8359016"
"chr4","187198085","187198396","chr4","178825398","178825697","18","8372687"
"chr4","187287415","187287430","chr8","93932397","93932412","2","93355018"
"chr4","187287457","187287740","chr2B","136959961","136960240","42","50327496"
"chr4","187535115","187535416","chr4","179143446","179143734","18","8391669"
"chr4","187932129","187932260","chr4","179538227","179538354","4","8393902"
"chr4","188182435","188182559","chr4","179784821","179784945","6","8397614"
"chr4","189228392","189228684","chr4","180806391","180806685","11","8422001"
"chr4","189598545","189598668","chr9","34624049","34624171","18","154974496"
"chr4","189891520","189891830","chr4","181465303","181465612","6","8426217"
"chr4","190568844","190569153","chr4","182100004","182100298","23","8468840"
"chr4","191113603","191113904","chr4","182645066","182645369","13","8468537"
"chr4","191622584","191622899","chr4","183156579","183156877","28","8466005"
"chr4","191774251","191774558","chr4","183306851","183307154","13","8467400"
"chr4","191777668","191777955","chr4","183310264","183310551","9","8467404"
"chr4","192476584","192476886","chr4","184019398","184019700","5","8457186"
"chr4","193491979","193492115","chr4","184994099","184994237","9","8497880"
"chr4","193917519","193917815","chr4","185412875","185413167","15","8504644"
"chr4","193958890","193959071","chr20","61499760","61499934","36","132459130"
"chr4","194135680","194135971","chr4","185630067","185630372","21","8505613"
"chr4","195036534","195036866","chr4","186501980","186502297","25","8534554"
"chr4","196105350","196105650","chr4","187531828","187532133","11","8573522"
"chr4","196430447","196430730","chr4","187847323","187847611","6","8583124"
"chr4","196623680","196623990","chr4","188050429","188050738","7","8573251"
"chr4","196751296","196751593","chr4","188192133","188192430","7","8559163"
"chr4","196902003","196902272","chr4","188340266","188340536","10","8561737"
"chr4","197201243","197201541","chr4","188697434","188697719","18","8503809"
"chr4","197618431","197618713","chr1","134944721","134945004","32","62673710"
"chr4","197699868","197700144","chr4","189210581","189210856","6","8489287"
"chr4","197771372","197771604","chr15","55425303","55425529","40","142346069"
"chr4","198037846","198038170","chr4","189545517","189545808","34","8492329"
"chr4","198150939","198151078","chr12","122152444","122152578","20","75998495"
"chr4","198151311","198151482","chr8","126926061","126926230","24","71225250"
"chr4","198226010","198226313","chr4","189733170","189733473","4","8492840"
"chr4","198308482","198308777","chr4","189810213","189810508","6","8498269"
"chr4","198440163","198440472","chr4","189938450","189938754","16","8501713"
"chr4","199201062","199201375","chr4","190702791","190703076","31","8498271"
"chr4","199293685","199293984","chr1","141239412","141239712","32","58054273"
"chr4","199360057","199360308","chr4","190852857","190853108","6","8507200"
"chr4","199375290","199375569","chr4","190868237","190868516","31","8507053"
"chr4","199667914","199668215","chr4","191162332","191162632","6","8505582"
"chr4","199850550","199850855","chr4","191353385","191353694","5","8497165"
"chr4","200586896","200587173","chrX","27448512","27448790","32","173138384"
"chr4","200961631","200961763","chr4","192425824","192425956","3","8535807"
"chr4","200963270","200963575","chr18","42967256","42967554","37","157996014"
"chr4","201127523","201127833","chr4","192569736","192570046","12","8557787"
"chr4","201259816","201260093","chr4","192697555","192697832","8","8562261"
"chr4","201458290","201458588","chr4","192880017","192880315","6","8578273"
"chr4","201595966","201596253","chr4","193018166","193018453","6","8577800"
"chr4","201648467","201648751","chr4","193071329","193071607","11","8577138"
"chr4","202033851","202034159","chr4","193440361","193440670","13","8593490"
"chr4","203054397","203054701","chr3","49136248","49136546","33","153918149"
"chr5","132805","132913","chr1","157768618","157768730","12","157635813"
"chr5","307419","307536","chr6","56266109","56266218","18","55958690"
"chr5","307847","308008","chr20","35955308","35955469","19","35647461"
"chr5","368578","368879","chr14","49949654","49949960","42","49581076"
"chr5","616693","616996","chr6","108343714","108344017","36","107727021"
"chr5","675006","675285","chr15","21454987","21455268","27","20779981"
"chr5","991976","992278","chr17","82251327","82251628","13","81259351"
"chr5","999866","1000000","chrX","120097442","120097566","26","119097576"
"chr5","1152206","1152502","chr8","48592073","48592378","30","47439867"
"chr5","1310861","1311161","chr17","81943901","81944201","10","80633040"
"chr5","1391991","1392165","chr17","81823602","81823773","6","80431611"
"chr5","1445497","1445810","chr17","81764786","81765094","11","80319289"
"chr5","1677553","1677840","chr17","81527275","81527565","8","79849722"
"chr5","1707543","1707671","chr17","81497002","81497127","7","79789459"
"chr5","2173612","2173911","chr17","81030523","81030820","13","78856911"
"chr5","2452851","2453149","chr2A","113167571","113167872","32","110714720"
"chr5","2798581","2798700","chr13","98396665","98396787","16","95598084"
"chr5","2812336","2812631","chr17","80403243","80403522","21","77590907"
"chr5","2841851","2842030","chr3","54126618","54126801","30","51284767"
"chr5","2857340","2857647","chr1","138813545","138813848","33","135956205"
"chr5","4212921","4213222","chr17","78409828","78410123","17","74196907"
"chr5","4249515","4249804","chr17","78374211","78374499","5","74124696"
"chr5","4363997","4364300","chr17","78259142","78259451","23","73895145"
"chr5","4488366","4488668","chr17","78135102","78135395","14","73646736"
"chr5","4504506","4504807","chr17","78135102","78135395","14","73630596"
"chr5","4508786","4508950","chr17","78124421","78124585","6","73615635"
"chr5","4625957","4626248","chr17","78014092","78014378","13","73388135"
"chr5","4647235","4647503","chr17","77992773","77993067","32","73345538"
"chr5","4789789","4789947","chr5","586690","586848","19","4203099"
"chr5","4801135","4801437","chr6","20959782","20960085","33","16158647"
"chr5","4807853","4808158","chr17","77839348","77839643","15","73031495"
"chr5","4814886","4815186","chr17","77836260","77836557","10","73021374"
"chr5","5004697","5005006","chr17","77647974","77648282","7","72643277"
"chr5","5500001","5500184","chr7","155797399","155797580","31","150297398"
"chr5","5504720","5504999","chr17","77171736","77172015","6","71667016"
"chr5","5536896","5537196","chr17","77139695","77139988","18","71602799"
"chr5","5630638","5630952","chr17","77045407","77045739","22","71414769"
"chr5","5722721","5723024","chr17","76956775","76957054","27","71234054"
"chr5","5768470","5768769","chr17","76910876","76911174","17","71142406"
"chr5","5831012","5831031","chr1","38242975","38242991","6","32411963"
"chr5","5831343","5831504","chr17","76879057","76879218","3","71047714"
"chr5","5902656","5902958","chr5","140359523","140359825","33","134456867"
"chr5","6245657","6245955","chr2B","207617300","207617598","36","201371643"
"chr5","6270662","6270953","chr17","76389187","76389476","11","70118525"
"chr5","6647110","6647410","chr9","80707313","80707610","35","74060203"
"chr5","6686834","6687032","chr17","75832608","75832806","2","69145774"
"chr5","6801776","6802085","chr8","126195358","126195665","34","119393582"
"chr5","6993870","6994159","chr17","75531533","75531827","35","68537663"
"chr5","7148968","7149256","chr4","173201223","173201521","35","166052255"
"chr5","7319378","7319670","chr12","24902607","24902890","39","17583229"
"chr5","7664505","7664819","chr17","74883845","74884156","7","67219340"
"chr5","7717481","7717769","chr17","74829847","74830131","9","67112366"
"chr5","7764399","7764696","chr17","74784374","74784668","11","67019975"
"chr5","7787732","7788019","chrX","134023822","134024114","78","126236090"
"chr5","7819414","7819708","chr1","8398412","8398708","34","578998"
"chr5","7841002","7841259","chr16","57464317","57464580","44","49623315"
"chr5","7879602","7879892","chr19","49705671","49705964","32","41826069"
"chr5","7881805","7882090","chr17","74661424","74661709","6","66779619"
"chr5","7937675","7937977","chr1","141239412","141239712","32","133301737"
"chr5","8074307","8074606","chr11","106901349","106901647","35","98827042"
"chr5","8328055","8328371","chr17","74215063","74215363","24","65887008"
"chr5","8545535","8545833","chr17","74002152","74002460","17","65456617"
"chr5","8956624","8956917","chr17","73585340","73585632","16","64628716"
"chr5","9315522","9315826","chr17","73235581","73235898","26","63920059"
"chr5","9822791","9823056","chr17","72627663","72627926","4","62804872"
"chr5","10031190","10031483","chr17","72404284","72404592","20","62373094"
"chr5","10503958","10504266","chr17","71930613","71930919","6","61426655"
"chr5","10923690","10923978","chr17","71523802","71524094","44","60600112"
"chr5","11643201","11643495","chr17","70771176","70771469","7","59127975"
"chr5","12112572","12112663","chr17","70308528","70308619","0","58195956"
"chr5","12952021","12952319","chr6","38150830","38151139","32","25198809"
"chr5","13164377","13164685","chr17","69204696","69204986","30","56040319"
"chr5","13481643","13481741","chr17","68909664","68909762","3","55428021"
"chr5","13628793","13629099","chr17","68750961","68751267","9","55122168"
"chr5","13697004","13697319","chr17","68686608","68686903","31","54989604"
"chr5","14021798","14022086","chr17","68395594","68395875","29","54373796"
"chr5","14609485","14609778","chr1","141239412","141239712","39","126629927"
"chr5","14624016","14624315","chr17","67833183","67833479","9","53209167"
"chr5","14728785","14729058","chr9","71190315","71190581","42","56461530"
"chr5","14791906","14792091","chr17","67667922","67668107","6","52876016"
"chr5","14805378","14805686","chr17","67655571","67655878","20","52850193"
"chr5","14973878","14974191","chr17","67492945","67493248","19","52519067"
"chr5","15062178","15062307","chr17","67409400","67409529","8","52347222"
"chr5","15074832","15075081","chr4","87427339","87427593","40","72352507"
"chr5","15110718","15111013","chrX","8415621","8415913","31","6695097"
"chr5","15118372","15118681","chr12","38424862","38425171","39","23306490"
"chr5","15284169","15284468","chr17","66980533","66980828","7","51696364"
"chr5","15290866","15291051","chr10","125898516","125898700","27","110607650"
"chr5","15317705","15317992","chr17","66962255","66962550","24","51644550"
"chr5","15321385","15321703","chr17","66953983","66954302","4","51632598"
"chr5","15334169","15334475","chr10","74433147","74433449","33","59098978"
"chr5","15388866","15389080","chr14","40482554","40482753","49","25093688"
"chr5","15482719","15482996","chr17","66793647","66793924","5","51310928"
"chr5","15633864","15634147","chr4","110890086","110890368","44","95256222"
"chr5","15748331","15748525","chr17","66531376","66531570","2","50783045"
"chr5","15825813","15826109","chr10","42840690","42840982","44","27014877"
"chr5","15877706","15878018","chr17","66414340","66414648","13","50536634"
"chr5","15881467","15881767","chr17","66410612","66410914","12","50529145"
"chr5","15936010","15936315","chr17","66356528","66356821","15","50420518"
"chr5","16435088","16435387","chr17","65858268","65858569","10","49423180"
"chr5","16729656","16729966","chr17","65590719","65591022","19","48861063"
"chr5","16879211","16879222","chr2A","89470205","89470216","2","72590994"
"chr5","16879276","16879562","chr1","207375747","207376031","35","190496471"
"chr5","16953189","16953448","chr17","65371524","65371781","12","48418335"
"chr5","17098459","17098756","chr17","65232543","65232848","17","48134084"
"chr5","17328061","17328367","chr17","65019774","65020068","17","47691713"
"chr5","17408582","17408875","chr17","64940328","64940621","11","47531746"
"chr5","17448996","17449298","chr17","64901423","64901731","21","47452427"
"chr5","18041044","18041350","chr1","141239412","141239712","38","123198368"
"chr5","18152517","18152809","chr17","64196852","64197155","15","46044335"
"chr5","18492911","18493028","chr9","34624049","34624171","15","16131138"
"chr5","18524770","18525080","chr17","64013188","64013467","37","45488418"
"chr5","18590604","18590770","chr5","20677840","20678006","26","2087236"
"chr5","18620184","18620492","chr17","63796433","63796723","27","45176249"
"chr5","18747610","18747804","chr17","63678196","63678389","3","44930586"
"chr5","18951763","18951937","chr17","63478171","63478344","12","44526408"
"chr5","18997438","18997730","chr17","63432811","63433106","7","44435373"
"chr5","19100578","19100767","chr9","34368300","34368485","30","15267722"
"chr5","19102465","19102595","chr7","56781207","56781336","16","37678742"
"chr5","19107533","19107830","chr17","63323082","63323384","15","44215549"
"chr5","19158038","19158346","chr17","63274241","63274549","9","44116203"
"chr5","19476427","19476722","chr17","63010709","63011003","8","43534282"
"chr5","19621404","19621693","chr17","62874520","62874809","8","43253116"
"chr5","19934997","19935031","chr17","62571278","62571312","0","42636281"
"chr5","20259892","20260014","chr17","62245275","62245397","3","41985383"
"chr5","20294228","20294507","chr17","62211528","62211807","8","41917300"
"chr5","20391176","20391331","chr7","106710905","106711057","23","86319729"
"chr5","20506631","20506928","chr17","62000688","62000975","16","41494057"
"chr5","20671208","20671505","chr17","61837228","61837525","10","41166020"
"chr5","20702676","20702975","chr17","61806020","61806319","5","41103344"
"chr5","20793054","20793189","chr12","122152444","122152578","22","101359390"
"chr5","20862766","20863059","chr15","32639867","32640158","29","11777101"
"chr5","20998478","20998770","chr5","35354612","35354905","36","14356134"
"chr5","21323700","21323956","chr17","61191152","61191408","5","39867452"
"chr5","21372116","21372397","chr17","61146116","61146397","4","39774000"
"chr5","21378203","21378508","chr17","61140151","61140456","12","39761948"
"chr5","21385729","21386024","chr17","61133825","61134123","7","39748096"
"chr5","21391865","21392159","chr1","89785201","89785491","34","68393336"
"chr5","22515034","22515337","chr6","20960668","20960969","36","1554366"
"chr5","22619472","22619839","chr7","128322328","128322650","80","105702856"
"chr5","22643925","22644049","chr17","59882450","59882574","5","37238525"
"chr5","22668193","22668486","chr17","59855584","59855875","12","37187391"
"chr5","22742342","22742530","chr3","146068504","146068688","33","123326162"
"chr5","22742846","22742978","chr17","50036355","50036488","14","27293509"
"chr5","23042667","23042980","chr17","59498467","59498778","15","36455800"
"chr5","23059390","23059679","chr17","59481805","59482095","10","36422415"
"chr5","23130313","23130575","chr19","57446161","57446429","34","34315848"
"chr5","23400070","23400363","chr17","58849643","58849932","7","35449573"
"chr5","23438123","23438425","chr5","83184631","83184934","37","59746508"
"chr5","23449614","23449909","chr17","58804145","58804442","3","35354531"
"chr5","23473667","23473977","chr5","160937691","160938003","36","137464024"
"chr5","23478033","23478341","chr17","58775535","58775847","10","35297502"
"chr5","23519277","23519582","chr5","182343437","182343737","23","158824160"
"chr5","23525399","23525690","chr15","81272244","81272539","42","57746845"
"chr5","23530875","23531155","chr17","58719899","58720179","2","35189024"
"chr5","23555285","23555550","chr17","58695677","58695939","10","35140392"
"chr5","24023014","24023155","chr7","142867642","142867786","21","118844628"
"chr5","24079707","24079992","chr17","58176161","58176455","13","34096454"
"chr5","24096195","24096491","chr17","58158263","58158557","7","34062068"
"chr5","24266345","24266650","chr13","51610545","51610850","32","27344200"
"chr5","24421917","24422162","chr7","112610706","112610955","35","88188789"
"chr5","24497913","24498215","chr17","57763196","57763500","8","33265283"
"chr5","24502755","24503050","chr17","57758315","57758611","5","33255560"
"chr5","24521358","24521660","chr17","57738303","57738604","8","33216945"
"chr5","24587940","24588206","chr17","57675774","57676036","5","33087834"
"chr5","24631428","24631735","chr17","57634784","57635068","32","33003356"
"chr5","24763087","24763395","chr10","125238196","125238503","35","100475109"
"chr5","24778752","24779051","chr17","57520020","57520305","20","32741268"
"chr5","24780049","24780261","chr22","20188497","20188709","22","4591552"
"chr5","24933513","24933647","chr9","83309316","83309451","11","58375803"
"chr5","24933925","24934088","chr1","32935825","32935989","28","8001900"
"chr5","25079827","25080122","chr17","57227088","57227384","5","32147261"
"chr5","25340848","25341164","chr17","56964712","56965028","3","31623864"
"chr5","25437903","25438199","chr17","56870553","56870849","6","31432650"
"chr5","25487507","25487815","chr17","56821225","56821534","12","31333718"
"chr5","25761447","25761739","chr17","56547182","56547476","7","30785735"
"chr5","25955000","25955294","chr17","56359142","56359437","6","30404142"
"chr5","25987785","25988090","chr17","56326283","56326589","4","30338498"
"chr5","26219116","26219438","chr17","56092199","56092505","19","29873083"
"chr5","26462315","26462622","chr17","55860041","55860347","13","29397726"
"chr5","26472765","26473056","chr17","55849728","55850020","8","29376963"
"chr5","26553190","26553485","chr17","55780099","55780387","10","29226909"
"chr5","26566399","26566534","chr17","55767480","55767615","6","29201081"
"chr5","26769092","26769382","chr17","55566502","55566791","8","28797410"
"chr5","27679434","27679741","chr17","54662329","54662636","6","26982895"
"chr5","28444442","28444743","chr17","53906890","53907188","12","25462448"
"chr5","28875609","28875903","chr17","53511100","53511394","7","24635491"
"chr5","29548947","29549253","chr17","52859017","52859323","11","23310070"
"chr5","29968412","29968677","chr17","52426022","52426295","16","22457610"
"chr5","30047269","30047564","chr17","52347806","52348102","16","22300537"
"chr5","30699136","30699430","chr17","51729211","51729504","7","21030075"
"chr5","30946330","30946638","chr17","51484081","51484382","16","20537751"
"chr5","31573124","31573435","chr17","50883939","50884229","27","19310815"
"chr5","31814638","31814931","chr17","50539734","50540029","10","18725096"
"chr5","32127726","32128002","chr5","17171127","17171413","35","14956599"
"chr5","32143271","32143575","chr17","50215268","50215567","10","18071997"
"chr5","32167847","32168141","chr17","50190674","50190968","4","18022827"
"chr5","32181893","32182177","chr17","50177349","50177633","1","17995456"
"chr5","32200052","32200300","chr6","50525846","50526098","34","18325794"
"chr5","32223667","32223964","chr1","153471690","153471986","35","121248023"
"chr5","32282413","32282718","chr17","74002152","74002460","36","41719739"
"chr5","32290270","32290561","chr8","92494837","92495129","38","60204567"
"chr5","32375515","32375814","chr17","49974650","49974954","11","17599135"
"chr5","32389860","32390151","chr17","49960375","49960665","7","17570515"
"chr5","32395047","32395348","chr17","49955187","49955473","20","17560140"
"chr5","32482872","32483150","chr17","49876452","49876730","3","17393580"
"chr5","32541289","32541405","chr7","89310911","89311030","15","56769622"
"chr5","32619586","32619897","chr17","49744604","49744915","5","17125018"
"chr5","33114728","33114850","chr9","34624049","34624171","10","1509321"
"chr5","33117351","33117656","chr17","49270897","49271202","8","16153546"
"chr5","33410717","33411014","chrX","2064238","2064533","33","31346479"
"chr5","33640073","33640326","chr17","48653918","48654168","6","15013845"
"chr5","33742840","33743042","chr5","103146288","103146495","32","69403448"
"chr5","33886352","33886666","chr17","48405930","48406238","32","14519578"
"chr5","34184880","34185187","chr17","8301492","8301791","14","25883388"
"chr5","34411903","34412212","chr3","11598640","11598947","35","22813263"
"chr5","34414563","34414853","chr9","80707313","80707610","37","46292750"
"chr5","34488491","34488791","chr17","8531505","8531805","8","25956986"
"chr5","34508116","34508360","chr17","8549259","8549501","9","25958857"
"chr5","34512723","34513023","chr17","8554317","8554624","17","25958406"
"chr5","34533951","34534220","chr17","8574407","8574677","8","25959544"
"chr5","34564987","34565280","chr17","8808436","8808732","15","25756551"
"chr5","34711896","34712153","chr17","8954867","8955107","23","25757029"
"chr5","34814403","34814559","chr17","9055771","9055927","2","25758632"
"chr5","35182722","35183027","chr17","9431394","9431699","5","25751328"
"chr5","35352019","35352315","chr17","9578996","9579272","29","25773023"
"chr5","35384704","35384883","chr20","8709690","8709865","21","26675014"
"chr5","35408195","35408490","chr17","9638588","9638877","13","25769607"
"chr5","35508305","35508600","chr17","9733910","9734194","17","25774395"
"chr5","35714469","35714748","chr17","9935726","9936005","8","25778743"
"chr5","35734600","35734891","chr17","9955828","9956113","11","25778772"
"chr5","35867794","35868018","chr17","10084212","10084443","9","25783582"
"chr5","35886745","35887043","chr17","10102349","10102647","5","25784396"
"chr5","35974730","35975024","chr19","7240149","7240446","30","28734581"
"chr5","36015315","36015602","chr17","10256203","10256496","8","25759112"
"chr5","36102995","36103299","chr14","92616788","92617080","33","56513793"
"chr5","36126249","36126510","chr17","10287023","10287284","4","25839226"
"chr5","36393234","36393402","chr16","84837798","84837966","27","48444564"
"chr5","37305476","37305776","chr17","11373488","11373787","4","25931988"
"chr5","37375323","37375627","chr17","11439634","11439930","11","25935689"
"chr5","37546689","37546998","chr17","11598807","11599116","3","25947882"
"chr5","38221368","38221676","chrX","33209095","33209406","33","5012273"
"chr5","38225919","38226217","chr17","12291868","12292158","11","25934051"
"chr5","38387135","38387429","chr1","204623946","204624249","30","166236811"
"chr5","38389149","38389461","chr17","12453977","12454276","17","25935172"
"chr5","38400357","38400646","chr17","12463239","12463527","8","25937118"
"chr5","38424129","38424414","chr8","101199586","101199879","32","62775457"
"chr5","38478478","38478776","chr17","12544868","12545166","11","25933610"
"chr5","38535876","38536172","chr17","12601701","12601991","15","25934175"
"chr5","38650986","38651294","chrX","105048745","105049052","39","66397759"
"chr5","38876556","38876838","chr17","13007998","13008280","7","25868558"
"chr5","38919095","38919402","chr17","13046270","13046579","10","25872825"
"chr5","38939973","38940267","chr17","13066242","13066531","14","25873731"
"chr5","38994193","38994487","chr15","88570722","88571010","34","49576529"
"chr5","39052708","39053037","chr9","92289071","92289396","52","53236363"
"chr5","39064061","39064370","chr17","13187962","13188268","11","25876099"
"chr5","39191607","39191907","chr17","13311751","13312050","5","25879856"
"chr5","39205661","39205930","chr17","13323709","13323978","3","25881952"
"chr5","39269239","39269546","chr7","96270770","96271076","38","57001531"
"chr5","39394863","39395158","chr10","74433147","74433449","33","35038284"
"chr5","39567569","39567764","chr7","81679835","81680017","40","42112266"
"chr5","39568050","39568193","chr9","89671354","89671492","21","50103304"
"chr5","39787200","39787498","chr2A","39180005","39180303","31","607195"
"chr5","39893010","39893302","chr17","14068624","14068885","35","25824386"
"chr5","39980401","39980692","chrX","41782034","41782327","36","1801633"
"chr5","40059355","40059531","chr15","70264494","70264670","30","30205139"
"chr5","40162313","40162603","chr14","32821391","32821683","30","7340922"
"chr5","40211654","40211951","chr11","91906219","91906516","38","51694565"
"chr5","40253758","40254051","chr17","14438621","14438912","3","25815137"
"chr5","40256884","40257172","chr17","14441736","14442024","4","25815148"
"chr5","40284284","40284432","chr17","14468144","14468271","21","25816140"
"chr5","40478908","40479207","chr9","112918036","112918339","28","72439128"
"chr5","40616057","40616340","chr5","104153527","104153814","37","63537470"
"chr5","40621210","40621416","chr2A","39146220","39146418","41","1474990"
"chr5","40697142","40697431","chr17","14847300","14847589","7","25849842"
"chr5","40795071","40795206","chr7","6840088","6840217","24","33954983"
"chr5","40843534","40843703","chr17","14996128","14996297","0","25847406"
"chr5","40916111","40916411","chr17","15065842","15066132","18","25850269"
"chr5","41005684","41005980","chr17","15154625","15154923","8","25851059"
"chr5","41026075","41026373","chr17","15175284","15175581","9","25850791"
"chr5","41037218","41037521","chr17","15186388","15186689","3","25850830"
"chr5","41069332","41069628","chr17","15212727","15212996","32","25856605"
"chr5","41125967","41126261","chr17","15260660","15260946","15","25865307"
"chr5","41161264","41161560","chr5","35952460","35952752","41","5208804"
"chr5","41174432","41174727","chr14","70634316","70634612","36","29459884"
"chr5","41435294","41435495","chr13","40881608","40881811","26","553686"
"chr5","41498939","41499240","chr17","15617850","15618145","15","25881089"
"chr5","41550852","41551045","chr15","37766653","37766837","34","3784199"
"chr5","41713673","41713738","chr17","3771888","3771953","7","37941785"
"chr5","41730891","41731190","chr2B","207617300","207617598","30","165886409"
"chr5","42528554","42528850","chr17","16569649","16569935","22","25958905"
"chr5","42627540","42627828","chr17","16668496","16668786","8","25959044"
"chr5","42999505","42999709","chr4","135877299","135877512","42","92877794"
"chr5","43099010","43099316","chr8","107178616","107178920","26","64079606"
"chr5","43145443","43145752","chr17","17181325","17181634","8","25964118"
"chr5","43261655","43261951","chr17","17289201","17289496","7","25972454"
"chr5","43298399","43298658","chr15","32219612","32219871","36","11078787"
"chr5","43430941","43431228","chr17","17458478","17458765","7","25972463"
"chr5","43442921","43443211","chr21","32200886","32201178","27","11242035"
"chr5","43693424","43693718","chr12","94280219","94280511","33","50586795"
"chr5","43916763","43917062","chr3","25578151","25578455","34","18338612"
"chr5","44010546","44010842","chr17","18028376","18028675","6","25982170"
"chr5","44210325","44210619","chr17","18274201","18274494","5","25936124"
"chr5","44602742","44603052","chr17","18654843","18655153","7","25947899"
"chr5","44670632","44670918","chr1","39817732","39818023","39","4852900"
"chr5","44681441","44681743","chr19","40020093","40020391","35","4661348"
"chr5","44802318","44802604","chr17","18853004","18853289","4","25949314"
"chr5","44879621","44879831","chr22","20188497","20188709","27","24691124"
"chr5","45157021","45157316","chr4","105292975","105293272","31","60135954"
"chr5","45210123","45210420","chr6","57640960","57641258","31","12430837"
"chr5","45216076","45216379","chr17","10256203","10256496","18","34959873"
"chr5","45508916","45509076","chr2B","238779480","238779637","19","193270564"
"chr5","45615935","45616240","chr17","19620822","19621100","29","25995113"
"chr5","45698761","45698926","chr17","19702942","19703110","3","25995819"
"chr5","45742351","45742654","chr17","19746909","19747200","19","25995442"
"chr5","45792130","45792395","chr4","151251997","151252260","37","105459867"
"chr5","45848976","45849270","chr17","19852319","19852597","21","25996657"
"chr5","45896375","45896690","chr17","19899613","19899931","9","25996762"
"chr5","45950875","45951180","chr9","112918036","112918339","32","66967161"
"chr5","46017919","46018179","chr17","20031822","20032082","4","25986097"
"chr5","46165409","46165703","chr17","20175299","20175598","12","25990110"
"chr5","46405693","46406006","chr17","20416720","20417029","12","25988973"
"chr5","46458077","46458380","chr17","20468907","20469211","10","25989170"
"chr5","46835815","46836105","chr17","20811034","20811323","9","26024781"
"chr5","47133925","47134213","chr10","109278897","109279172","55","62144972"
"chr5","47656185","47656357","chr17","21441237","21441410","5","26214948"
"chr5","47734754","47735024","chr17","21517123","21517393","7","26217631"
"chr5","48040662","48040923","chr2B","202668434","202668700","68","154627772"
"chr5","48083249","48083528","chr17","21837312","21837611","27","26245937"
"chr5","51061078","51061375","chr17","78135102","78135395","29","27074024"
"chr5","51075149","51075451","chr1","141239412","141239712","35","90164263"
"chr5","51298178","51298369","chr12","95456737","95456928","30","44158559"
"chr5","51421459","51421752","chr17","25560515","25560803","10","25860944"
"chr5","51547483","51547781","chr17","25688005","25688303","11","25859478"
"chr5","51664323","51664617","chr17","25817588","25817880","4","25846735"
"chr5","51771197","51771509","chr17","25923190","25923503","9","25848007"
"chr5","51900188","51900491","chr17","26052505","26052808","3","25847683"
"chr5","52051456","52051743","chr17","26202259","26202550","7","25849197"
"chr5","52322236","52322534","chr4","17241403","17241701","30","35080833"
"chr5","52345390","52345698","chr17","26463691","26463998","5","25881699"
"chr5","52414469","52414750","chr11","110824316","110824600","33","58409847"
"chr5","52421654","52421949","chr17","25337457","25337737","21","27084197"
"chr5","52431517","52431798","chr17","25347090","25347368","9","27084427"
"chr5","52522726","52523028","chr17","25433272","25433576","7","27089454"
"chr5","52600849","52601062","chr2A","55028779","55028987","30","2427930"
"chr5","52604351","52604643","chr14","67368596","67368887","30","14764245"
"chr5","52661698","52661989","chr1","91126197","91126488","33","38464499"
"chr5","52865370","52865655","chr17","36271276","36271568","17","16594094"
"chr5","52921590","52921810","chr17","26754354","26754571","6","26167236"
"chr5","52950236","52950370","chr17","26783053","26783187","0","26167183"
"chr5","52971733","52972050","chr14","49949654","49949960","44","3022079"
"chr5","53047161","53047322","chr15","52016813","52016972","35","1030348"
"chr5","53133756","53134046","chr16","10159940","10160229","30","42973816"
"chr5","53372003","53372313","chr17","27175522","27175857","33","26196481"
"chr5","53762845","53763166","chr17","27557731","27558047","14","26205114"
"chr5","53799903","53800143","chr3","33361223","33361463","26","20438680"
"chr5","53850264","53850554","chr17","27644424","27644710","9","26205840"
"chr5","54028410","54028523","chr12","40149371","40149481","16","13879039"
"chr5","54057137","54057184","chr7","110101295","110101343","6","56044158"
"chr5","54057680","54057920","chr7","39090447","39090665","53","14967233"
"chr5","54108105","54108406","chr17","27901276","27901586","15","26206829"
"chr5","54295448","54295623","chr17","28091017","28091192","1","26204431"
"chr5","54450455","54450751","chr17","28241270","28241562","9","26209185"
"chr5","54563521","54563826","chr1","68553745","68554049","36","13990224"
"chr5","54646588","54646888","chr2B","211966726","211967030","40","157320138"
"chr5","54667122","54667414","chr3","141332754","141333041","35","86665632"
"chr5","54719902","54720151","chr17","28502052","28502299","11","26217850"
"chr5","54727326","54727626","chr17","28508939","28509226","25","26218387"
"chr5","54838704","54838982","chr3","112970464","112970746","33","58131760"
"chr5","55052950","55053285","chr5","51575811","51576148","53","3477139"
"chr5","55215973","55216269","chr17","29008478","29008770","10","26207495"
"chr5","55278298","55278603","chr3","25578151","25578455","31","29700147"
"chr5","55294754","55294909","chr12","25676392","25676546","33","29618362"
"chr5","55518654","55518948","chr17","29296411","29296717","21","26222243"
"chr5","55531876","55532165","chr17","26202259","26202550","37","29329617"
"chr5","55569374","55569661","chr17","29347109","29347371","31","26222265"
"chr5","55583121","55583427","chr17","29360825","29361131","5","26222296"
"chr5","55822578","55822870","chr17","29594850","29595135","8","26227728"
"chr5","56103258","56103555","chr17","29858585","29858878","8","26244673"
"chr5","57052839","57052983","chr16","412286","412428","21","56640553"
"chr5","57291552","57291851","chr7","75491696","75491996","10","18200144"
"chr5","57329092","57329353","chr4","5788721","5788982","38","51540371"
"chr5","57494577","57494882","chrUn_NW_014016877v1","81053","81360","11","57413524"
"chr5","57524136","57524428","chr1","19304865","19305159","34","38219271"
"chr5","57547156","57547444","chr3","189952038","189952333","37","132404882"
"chr5","57586335","57586636","chr5","35043534","35043843","36","22542801"
"chr5","57713504","57713732","chr17","35352578","35352806","4","22360926"
"chr5","57967168","57967327","chr1","76991403","76991560","23","19024235"
"chr5","58033824","58034133","chr11","56158312","56158621","28","1875512"
"chr5","58091101","58091394","chrX","41782034","41782327","33","16309067"
"chr5","58100230","58100532","chr19","48020647","48020948","34","10079583"
"chr5","58104140","58104449","chr1","153053700","153054007","35","94949560"
"chr5","58127621","58127912","chr17","58849643","58849932","28","722022"
"chr5","58613936","58614242","chr17","36091999","36092303","26","22521937"
"chr5","58784219","58784515","chr17","36271276","36271568","8","22512943"
"chr5","58894530","58894823","chr7","81313370","81313654","44","22418840"
"chr5","59004952","59005248","chr17","36477679","36477970","11","22527273"
"chr5","59068140","59068438","chr17","36541328","36541626","10","22526812"
"chr5","59110264","59110563","chr17","36582493","36582790","8","22527771"
"chr5","59137745","59138043","chr17","36604342","36604640","4","22533403"
"chr5","59495917","59496209","chr17","36959186","36959477","4","22536731"
"chr5","59517644","59517934","chr17","36980706","36980995","4","22536938"
"chr5","59585337","59585638","chr17","37044676","37044976","10","22540661"
"chr5","59618175","59618476","chr10","18171112","18171413","33","41447063"
"chr5","59637939","59638240","chr10","18171112","18171413","33","41466827"
"chr5","59691674","59691782","chrUn_NW_014017732v1","21240","21349","2","59670434"
"chr5","59764086","59764280","chr17","59897879","59898079","37","133793"
"chr5","59887308","59887618","chr17","37252214","37252499","30","22635094"
"chr5","60201144","60201451","chr4","40777466","40777769","38","19423678"
"chr5","60408639","60408941","chr17","37876098","37876407","13","22532541"
"chr5","60665177","60665341","chr1","185160035","185160198","39","124494858"
"chr5","60681285","60681572","chr12","130171561","130171850","30","69490276"
"chr5","60706866","60707173","chr17","38205499","38205806","1","22501367"
"chr5","61065419","61065693","chr17","38580092","38580366","3","22485327"
"chr5","61070276","61070577","chr17","38584947","38585245","8","22485329"
"chr5","61084902","61085198","chr4","47218523","47218820","27","13866379"
"chr5","61096069","61096380","chr12","126722693","126722985","99","65626624"
"chr5","61096555","61096849","chr14","62895289","62895583","31","1798734"
"chr5","61100105","61100275","chr7","102997858","102998032","33","41897753"
"chr5","61146820","61147113","chr17","38659617","38659918","15","22487203"
"chr5","61149398","61149678","chr17","38662202","38662479","6","22487196"
"chr5","61180440","61180730","chr17","38693337","38693627","0","22487103"
"chr5","61276334","61276610","chr4","42329666","42329940","34","18946668"
"chr5","61438503","61438793","chr17","38935018","38935323","22","22503485"
"chr5","61460434","61460574","chr1","1508287","1508421","22","59952147"
"chr5","61513189","61513482","chr17","39005945","39006203","44","22507244"
"chr5","61538357","61538655","chr17","39030062","39030360","3","22508295"
"chr5","61713083","61713376","chr17","39200382","39200674","6","22512701"
"chr5","61970317","61970622","chr4","40777466","40777769","34","21192851"
"chr5","62158430","62158729","chr1","93473812","93474110","37","31315382"
"chr5","62204867","62205094","chr2A","110748244","110748497","30","48543377"
"chr5","62211445","62211659","chr2A","110742140","110742351","9","48530695"
"chr5","62215211","62215484","chr2A","110738312","110738585","5","48523101"
"chr5","62434860","62435161","chr2A","110518154","110518452","5","48083294"
"chr5","62437817","62438107","chr2A","110515209","110515490","16","48077392"
"chr5","62480788","62481085","chr2A","110470602","110470893","11","47989814"
"chr5","62488734","62489036","chr9","119775598","119775904","39","57286864"
"chr5","62494069","62494371","chr1","153053700","153054007","32","90559631"
"chr5","62538139","62538428","chr2A","110417498","110417792","11","47879359"
"chr5","62733478","62733782","chr6","20960668","20960969","35","41772810"
"chr5","62756731","62757028","chr17","15186388","15186689","35","47570343"
"chr5","62814912","62815214","chr6","8544931","8545231","35","54269981"
"chr5","63550736","63551041","chr5","34586343","34586648","8","28964393"
"chr5","64137101","64137404","chr5","33995614","33995925","24","30141487"
"chr5","64222150","64222459","chr5","33915887","33916196","9","30306263"
"chr5","64253479","64253773","chr5","33897951","33898241","10","30355528"
"chr5","64489789","64490073","chr5","33663802","33664099","21","30825987"
"chr5","64520352","64520645","chr5","33630844","33631141","12","30889508"
"chr5","64764164","64764460","chr5","33384650","33384942","8","31379514"
"chr5","64768168","64768464","chr5","33380657","33380956","8","31387511"
"chr5","64918318","64918626","chr5","33234742","33235044","15","31683576"
"chr5","65164279","65164581","chr5","32990631","32990934","7","32173648"
"chr5","65311756","65312035","chr5","32844302","32844581","4","32467454"
"chr5","65908039","65908335","chr5","32284056","32284335","19","33623983"
"chr5","66342958","66343265","chr4","169310924","169311230","98","102967966"
"chr5","66347176","66347469","chr5","31856284","31856582","17","34490892"
"chr5","66619973","66620273","chr5","31582729","31583034","10","35037244"
"chr5","67053589","67053835","chr5","31153958","31154234","32","35899631"
"chr5","67671201","67671493","chr5","30573274","30573566","11","37097927"
"chr5","67795814","67796121","chr5","30466882","30467189","3","37328932"
"chr5","68606467","68606763","chr5","29751290","29751580","13","38855177"
"chr5","69448493","69448778","chr5","28731830","28732114","14","40716663"
"chr5","69540719","69541008","chr5","28637738","28638029","8","40902981"
"chr5","69902597","69902860","chr5","28336824","28337087","3","41565773"
"chr5","70447190","70447486","chr5","27790168","27790460","12","42657022"
"chr5","70824784","70825079","chr5","27439835","27440128","11","43384949"
"chr5","71880783","71881073","chr5","26390891","26391199","27","45489892"
"chr5","72828683","72828847","chr5","25443612","25443777","4","47385071"
"chr5","72952776","72953091","chr5","25318847","25319131","36","47633929"
"chr5","73086115","73086413","chr5","25187879","25188169","16","47898236"
"chr5","73388409","73388715","chr5","24889057","24889358","13","48499352"
"chr5","73531053","73531361","chr9","89382882","89383189","37","15851829"
"chr5","73759860","73759991","chr17","1220505","1220616","33","72539355"
"chr5","74286421","74286734","chr5","23985326","23985636","17","50301095"
"chr5","75162668","75162957","chr5","23112965","23113253","5","52049703"
"chr5","75554846","75555149","chr5","22730665","22730965","16","52824181"
"chr5","75559899","75560205","chr20","41029673","41029977","28","34530226"
"chr5","75656063","75656233","chr5","91500054","91500220","27","15843991"
"chr5","75656263","75656382","chr4","162877867","162877985","12","87221604"
"chr5","75702680","75702978","chr18","65143489","65143782","44","10559191"
"chr5","77511345","77511634","chr5","20847655","20847944","5","56663690"
"chr5","77562236","77562525","chr5","20847655","20847944","5","56714581"
"chr5","77630987","77631296","chr5","20779550","20779859","7","56851437"
"chr5","77734065","77734239","chr5","20677840","20678006","12","57056225"
"chr5","78723763","78724052","chr5","19681449","19681737","20","59042314"
"chr5","79588674","79588967","chr5","97487741","97488032","5","17899067"
"chr5","79636166","79636470","chr5","97535254","97535557","8","17899088"
"chr5","79645802","79646117","chr5","97544846","97545160","10","17899044"
"chr5","79893026","79893337","chr5","97781293","97781599","10","17888267"
"chr5","79893629","79893938","chr5","97781293","97781599","16","17887664"
"chr5","79982003","79982307","chr5","97869411","97869710","12","17887408"
"chr5","80263077","80263367","chr5","98143792","98144081","3","17880715"
"chr5","80277348","80277638","chr5","98143792","98144081","3","17866444"
"chr5","80608063","80608364","chr5","98464500","98464799","7","17856437"
"chr5","81537295","81537596","chr5","99435117","99435417","16","17897822"
"chr5","82033003","82033151","chr1","169835603","169835756","29","87802600"
"chr5","82067374","82067675","chr5","99950530","99950827","9","17883156"
"chr5","82388850","82389150","chr4","38063254","38063552","35","44325596"
"chr5","83078708","83079010","chr4","38063254","38063552","37","45015454"
"chr5","83110088","83110225","chr12","122152444","122152578","18","39042356"
"chr5","83654202","83654468","chr5","139522636","139522905","35","55868434"
"chr5","84947268","84947478","chr5","103146288","103146495","6","18199020"
"chr5","85685788","85686094","chr5","103854310","103854611","15","18168522"
"chr5","85951807","85952117","chr5","104121670","104121971","16","18169863"
"chr5","85983728","85984013","chr5","104153527","104153814","9","18169799"
"chr5","86312198","86312500","chr5","104482242","104482550","11","18170044"
"chr5","86332183","86332438","chr5","104502226","104502488","13","18170043"
"chr5","86547182","86547472","chr5","104695640","104695928","8","18148458"
"chr5","86767613","86767876","chr5","104944289","104944548","8","18176676"
"chr5","86802170","86802467","chr5","104978791","104979092","11","18176621"
"chr5","87535499","87535786","chr5","105683033","105683319","9","18147534"
"chr5","87904845","87905135","chr5","106072353","106072641","12","18167508"
"chr5","88450086","88450370","chr1","168959008","168959300","40","80508922"
"chr5","88725747","88726048","chr5","106851577","106851871","13","18125830"
"chr5","89415832","89416044","chr5","107586607","107586819","2","18170775"
"chr5","90714122","90714420","chr5","108932442","108932734","10","18218320"
"chr5","91246883","91247180","chr5","109435875","109436177","13","18188992"
"chr5","91934053","91934335","chr5","110025622","110025904","12","18091569"
"chr5","92128602","92128896","chr5","110231297","110231589","15","18102695"
"chr5","92444985","92445275","chr5","110542742","110543034","4","18097757"
"chr5","92782964","92783124","chr3","33061371","33061531","23","59721593"
"chr5","93091192","93091494","chr5","111171168","111171469","12","18079976"
"chr5","93119733","93119852","chr5","111199659","111199783","12","18079926"
"chr5","93593701","93593998","chrX","96767512","96767810","35","3173811"
"chr5","93828696","93828957","chr5","111928334","111928600","9","18099638"
"chr5","94146506","94146798","chr5","112247036","112247324","10","18100530"
"chr5","94476106","94476396","chr5","112576574","112576865","8","18100468"
"chr5","95214340","95214646","chr5","113300158","113300464","14","18085818"
"chr5","95225033","95225297","chr12","57120115","57120370","56","38104918"
"chr5","95500318","95500615","chr5","113589571","113589868","7","18089253"
"chr5","95551652","95551961","chr5","113641130","113641433","16","18089478"
"chr5","95559064","95559363","chr5","113648526","113648824","5","18089462"
"chr5","95874652","95874962","chr5","113954729","113955039","6","18080077"
"chr5","96191886","96192181","chr5","114261414","114261724","21","18069528"
"chr5","96384325","96384597","chr5","173423087","173423357","40","77038762"
"chr5","96705548","96705845","chr5","114758679","114758973","9","18053131"
"chr5","96858578","96858698","chr7","109679562","109679685","19","12820984"
"chr5","97716826","97717118","chr5","115722661","115722951","14","18005835"
"chr5","98126063","98126366","chr2A","110494960","110495264","35","12368897"
"chr5","98820656","98820960","chr5","116816516","116816819","9","17995860"
"chr5","99368339","99368625","chr5","117353367","117353652","12","17985028"
"chr5","100424174","100424458","chr5","118390789","118391052","32","17966615"
"chr5","101095312","101095603","chr5","119096305","119096594","12","18000993"
"chr5","101408302","101408608","chr5","119408653","119408959","7","18000351"
"chr5","101563183","101563493","chr15","71690268","71690575","38","29872915"
"chr5","101615510","101615631","chr5","119608204","119608325","3","17992694"
"chr5","101649151","101649410","chr5","119641757","119642007","16","17992606"
"chr5","102220712","102221015","chr5","120190902","120191182","30","17970190"
"chr5","102314899","102315203","chr2A","113167571","113167872","38","10852672"
"chr5","102465535","102465831","chr1","153471690","153471986","35","51006155"
"chr5","102471086","102471382","chr1","153471690","153471986","35","51000604"
"chr5","103249017","103249301","chr5","121209421","121209698","15","17960404"
"chr5","103324998","103325292","chr5","121283646","121283946","12","17958648"
"chr5","105393117","105393395","chr14","90255864","90256158","62","15137253"
"chr5","105723601","105723885","chr5","123661905","123662183","12","17938304"
"chr5","105795186","105795416","chr5","123732154","123732384","3","17936968"
"chr5","105930614","105930890","chr3","89555578","89555826","37","16375036"
"chr5","108475805","108476108","chr3","31504155","31504465","38","76971650"
"chr5","108752488","108752771","chr5","126655842","126656149","31","17903354"
"chr5","109708743","109709051","chr5","127596233","127596540","7","17887490"
"chr5","110023802","110024087","chr5","127917337","127917622","5","17893535"
"chr5","110028726","110029027","chr5","127921954","127922255","7","17893228"
"chr5","110155087","110155377","chr5","128034811","128035102","7","17879724"
"chr5","111060995","111061294","chr5","128961354","128961643","16","17900359"
"chr5","111246805","111247094","chr5","129134255","129134544","8","17887450"
"chr5","111505295","111505597","chr5","129406762","129407055","15","17901467"
"chr5","112029223","112029455","chr5","129889744","129889973","8","17860521"
"chr5","112633537","112633842","chr5","130492074","130492378","8","17858537"
"chr5","113702629","113702909","chr18","35789040","35789320","27","77913589"
"chr5","113733175","113733495","chr11","56158312","56158621","49","57574863"
"chr5","113923497","113923603","chr5","132094444","132094550","1","18170947"
"chr5","114909152","114909439","chr17","46806673","46806956","44","68102479"
"chr5","114961460","114961754","chr5","133141221","133141520","12","18179761"
"chr5","115266176","115266452","chr5","133422582","133422858","3","18156406"
"chr5","115576789","115577040","chr5","133724921","133725172","5","18148132"
"chr5","115686489","115686790","chr5","133822554","133822862","21","18136065"
"chr5","115889750","115890056","chr5","134024935","134025233","14","18135185"
"chr5","116149123","116149425","chr5","134268796","134269098","10","18119673"
"chr5","116459967","116460257","chr5","134568566","134568857","3","18108599"
"chr5","116567721","116568012","chr5","134674937","134675217","17","18107216"
"chr5","117458234","117458517","chr5","135545388","135545669","7","18087154"
"chr5","117485377","117485688","chr5","135571856","135572167","11","18086479"
"chr5","117535516","117535654","chr5","135622282","135622420","3","18086766"
"chr5","117712742","117713046","chr5","135794556","135794859","11","18081814"
"chr5","117751195","117751310","chr5","135834713","135834828","2","18083518"
"chr5","117853981","117854285","chr5","135940027","135940332","7","18086046"
"chr5","117923947","117924096","chr5","136009973","136010117","7","18086026"
"chr5","117945505","117945640","chr5","136031486","136031621","5","18085981"
"chr5","118134656","118134964","chr5","136214625","136214928","10","18079969"
"chr5","118218126","118218423","chrX","119174106","119174400","33","955980"
"chr5","118292531","118292717","chr5","136365494","136365680","4","18072963"
"chr5","118293719","118294003","chr22","24785900","24786169","51","93507819"
"chr5","118468361","118468669","chr5","136554010","136554321","11","18085649"
"chr5","119643254","119643554","chr5","137709179","137709479","7","18065925"
"chr5","119721634","119721939","chr5","137787950","137788255","11","18066316"
"chr5","119875580","119875705","chr3","154774794","154774916","24","34899214"
"chr5","121416010","121416091","chr20","30123727","30123803","16","91292283"
"chr5","121487953","121488222","chr5","139522636","139522905","5","18034683"
"chr5","121552962","121553174","chr19","50970582","50970792","27","70582380"
"chr5","121633622","121633929","chr5","139649660","139649961","10","18016038"
"chr5","121651684","121651973","chr5","139667977","139668271","14","18016293"
"chr5","121692739","121693036","chr5","139709552","139709843","8","18016813"
"chr5","121740223","121740532","chr5","139755556","139755867","12","18015333"
"chr5","121744177","121744487","chr5","139759074","139759382","10","18014897"
"chr5","121752106","121752415","chr5","139766777","139767084","9","18014671"
"chr5","121819418","121819709","chr9","97444750","97445043","31","24374668"
"chr5","121889921","121890227","chr1","27504604","27504912","39","94385317"
"chr5","122053994","122054302","chr5","140056359","140056671","11","18002365"
"chr5","122305677","122305977","chr5","140294699","140294999","2","17989022"
"chr5","122365429","122365731","chr5","140359523","140359825","6","17994094"
"chr5","122517951","122518243","chr18","17419311","17419604","36","105098640"
"chr5","122539271","122539548","chr5","140531376","140531653","4","17992105"
"chr5","122718766","122719068","chr2A","97468643","97468943","31","25250123"
"chr5","122803250","122803500","chr5","140774395","140774670","54","17971145"
"chr5","122815038","122815169","chr5","140786034","140786151","15","17970996"
"chr5","122974935","122975231","chr5","140947962","140948264","15","17973027"
"chr5","122995642","122995932","chr5","140968495","140968791","11","17972853"
"chr5","123075668","123075808","chr1","40567878","40568018","17","82507790"
"chr5","123097477","123097781","chr4","53900944","53901247","31","69196533"
"chr5","123734856","123735048","chr2A","63296288","63296481","26","60438568"
"chr5","123794061","123794277","chr5","141756715","141756935","6","17962654"
"chr5","123799323","123799621","chr5","141762022","141762322","9","17962699"
"chr5","123916069","123916333","chr5","141877546","141877837","33","17961477"
"chr5","123923751","123924044","chr5","141877546","141877837","6","17953795"
"chr5","124180648","124180784","chr5","142132275","142132409","3","17951627"
"chr5","124182580","124182874","chr5","142134420","142134715","4","17951840"
"chr5","124187000","124187111","chr5","142138844","142138955","1","17951844"
"chr5","124187154","124187305","chr5","142138999","142139149","2","17951845"
"chr5","124270691","124270994","chr5","142225916","142226201","26","17955225"
"chr5","124555045","124555389","chr5","142496504","142496814","46","17941459"
"chr5","124692811","124693106","chr5","142631514","142631808","4","17938703"
"chr5","124987653","124987935","chr5","142921276","142921560","10","17933623"
"chr5","124988298","124988605","chr5","142921920","142922225","10","17933622"
"chr5","125022155","125022441","chr5","142955590","142955874","10","17933435"
"chr5","125044736","125045044","chr5","142977654","142977963","13","17932918"
"chr5","125092644","125092807","chr5","143025079","143025242","2","17932435"
"chr5","125121411","125121714","chr5","143053303","143053607","5","17931892"
"chr5","125682719","125682975","chr5","143567954","143568210","6","17885235"
"chr5","125733750","125733936","chr5","143619288","143619468","11","17885538"
"chr5","125751283","125751467","chr5","143636111","143636289","10","17884828"
"chr5","125763058","125763351","chr5","143647615","143647904","13","17884557"
"chr5","125846545","125846778","chr11","61640289","61640522","29","64206256"
"chr5","125973688","125973981","chr5","143852872","143853170","15","17879184"
"chr5","126342930","126343207","chr14","54075024","54075303","29","72267906"
"chr5","126468343","126468632","chr5","144344144","144344433","8","17875801"
"chr5","126864450","126864619","chr8","39016149","39016321","29","87848301"
"chr5","127168893","127169147","chr2A","33720200","33720413","71","93448693"
"chr5","127550971","127551251","chr5","145420973","145421257","9","17870002"
"chr5","127601203","127601488","chr5","145471775","145472072","19","17870572"
"chr5","127955528","127955821","chr5","145813592","145813881","11","17858064"
"chr5","129040976","129041264","chr5","146928851","146929138","9","17887875"
"chr5","129101207","129101506","chr5","146982670","146982970","8","17881463"
"chr5","129311555","129311853","chr5","147170433","147170729","16","17858878"
"chr5","129642048","129642341","chr5","147536349","147536645","7","17894301"
"chr5","129755319","129755617","chrX","141885643","141885938","34","12130324"
"chr5","129776365","129776666","chr5","147668702","147669001","8","17892337"
"chr5","129819200","129819340","chr16","71612955","71613113","43","58206245"
"chr5","129863673","129863994","chr5","147754186","147754475","36","17890513"
"chr5","129877955","129878092","chr2A","75789243","75789386","17","54088712"
"chr5","129986375","129986679","chr5","147874290","147874589","10","17887915"
"chr5","129990165","129990368","chr5","147878395","147878595","5","17888230"
"chr5","130184381","130184451","chr11","48335640","48335708","25","81848741"
"chr5","130516619","130516922","chr5","148364360","148364661","8","17847741"
"chr5","130517904","130518007","chr8","143391397","143391500","12","12873493"
"chr5","130589964","130590278","chr5","148437321","148437631","11","17847357"
"chr5","130901288","130901495","chr4","112665137","112665347","30","18236151"
"chr5","131204294","131204586","chr22","39881744","39882025","36","91322550"
"chr5","131916290","131916598","chr5","149735203","149735507","9","17818913"
"chr5","132135435","132135736","chr5","149961899","149962193","16","17826464"
"chr5","132488990","132489174","chr17","75832608","75832806","41","56656382"
"chr5","132504130","132504349","chr5","150265859","150266074","10","17761729"
"chr5","133219297","133219606","chr1","216197856","216198166","36","82978559"
"chr5","133289083","133289390","chr5","151035932","151036242","14","17746849"
"chr5","133429777","133430072","chr5","151169408","151169693","17","17739631"
"chr5","133605560","133605834","chr5","151346245","151346517","14","17740685"
"chr5","134171051","134171359","chr1","68553745","68554049","32","65617306"
"chr5","134189638","134189934","chr17","63432811","63433106","31","70756827"
"chr5","134337621","134337916","chr3","118143147","118143442","35","16194474"
"chr5","135137144","135137375","chr5","152824283","152824512","3","17687139"
"chr5","136391844","136392151","chr5","154049029","154049333","7","17657185"
"chr5","137574271","137574579","chr5","155211852","155212157","14","17637581"
"chr5","138318399","138318698","chr5","155945581","155945882","13","17627182"
"chr5","138321733","138321862","chr5","117912572","117912704","13","20409161"
"chr5","138499808","138499997","chr9","34368300","34368485","43","104131508"
"chr5","138631614","138631920","chr11","6644095","6644392","36","131987519"
"chr5","138733934","138734244","chr5","156350737","156351042","12","17616803"
"chr5","138974708","138975003","chr5","156571337","156571633","12","17596629"
"chr5","139343534","139343811","chr5","156930920","156931204","9","17587386"
"chr5","140865658","140865695","chr5","158416242","158416279","0","17550584"
"chr5","141021391","141021687","chr5","159208357","159208651","13","18186966"
"chr5","141063900","141064030","chr14","73768913","73769043","14","67294987"
"chr5","141221631","141221815","chr4","126459242","126459425","33","14762389"
"chr5","141394967","141395089","chr5","159573770","159573892","2","18178803"
"chr5","141541458","141541595","chr1","62748735","62748866","18","78792723"
"chr5","141563870","141564103","chr5","159733733","159733957","20","18169863"
"chr5","141577872","141578100","chr1","2157870","2158104","34","139420002"
"chr5","141612083","141612374","chr5","159781685","159781980","14","18169602"
"chr5","141742874","141743184","chr5","159916767","159917077","7","18173893"
"chr5","141810149","141810437","chr5","159981093","159981383","13","18170944"
"chr5","142777457","142777770","chr5","160937691","160938003","8","18160234"
"chr5","143054956","143055252","chr5","161212860","161213154","6","18157904"
"chr5","143080129","143080431","chr5","161238118","161238424","14","18157989"
"chr5","143876804","143877114","chr5","162026380","162026681","19","18149576"
"chr5","143902873","143903181","chr5","162052689","162052997","8","18149816"
"chr5","144029620","144029913","chr5","162177682","162177978","12","18148062"
"chr5","144159548","144159866","chr5","35043534","35043843","42","109116014"
"chr5","144166161","144166454","chr5","162414296","162414591","12","18248135"
"chr5","144205641","144205981","chr5","51575811","51576148","53","92629830"
"chr5","144506676","144506980","chr5","162753852","162754159","9","18247176"
"chr5","144586114","144586406","chr5","162813385","162813674","15","18227271"
"chr5","145020528","145020842","chr3","37596334","37596638","44","107424194"
"chr5","145243528","145243795","chr3","202957144","202957417","76","57713616"
"chr5","145697580","145697889","chr5","163882915","163883224","13","18185335"
"chr5","145862016","145862256","chr5","164032167","164032411","8","18170151"
"chr5","146654082","146654394","chr5","164799554","164799844","30","18145472"
"chr5","147203302","147203579","chr5","165416987","165417264","2","18213685"
"chr5","147466150","147466444","chr5","165680435","165680727","12","18214285"
"chr5","147740705","147740867","chr3","49530540","49530703","29","98210165"
"chr5","148462884","148463177","chr5","166674941","166675235","7","18212057"
"chr5","149379921","149380201","chr5","167589664","167589960","24","18209743"
"chr5","149469300","149469601","chr5","167680535","167680831","10","18211235"
"chr5","149862457","149862751","chr9","88183950","88184245","33","61678507"
"chr5","150118154","150118435","chr5","168324479","168324759","7","18206325"
"chr5","150391878","150392173","chr5","168574553","168574845","10","18182675"
"chr5","150466395","150466686","chr5","168648791","168649094","21","18182396"
"chr5","151038343","151038641","chr5","169223987","169224284","12","18185644"
"chr5","152207804","152208106","chr5","170312265","170312568","11","18104461"
"chr5","152354235","152354522","chr5","170456808","170457096","10","18102573"
"chr5","155355650","155355950","chr5","173369121","173369420","15","18013471"
"chr5","155409731","155410008","chr5","173423087","173423357","15","18013356"
"chr5","155745174","155745387","chr5","173730325","173730514","28","17985151"
"chr5","155950525","155950833","chr5","174102430","174102738","9","18151905"
"chr5","156195304","156195607","chr5","174348249","174348573","26","18152945"
"chr5","156202137","156202448","chr8","9043702","9044008","33","147158435"
"chr5","156314242","156314539","chr5","174465542","174465839","3","18151300"
"chr5","156319795","156320086","chr5","174471203","174471488","13","18151408"
"chr5","156363493","156363786","chr5","174516817","174517117","16","18153324"
"chr5","156402687","156402820","chr5","174552645","174552779","5","18149958"
"chr5","156403119","156403281","chr3","143398280","143398442","26","13004839"
"chr5","156445826","156446104","chr5","174594676","174594925","33","18148850"
"chr5","156650537","156650832","chr5","83879075","83879370","26","72771462"
"chr5","156938607","156938912","chr5","175074627","175074934","7","18136020"
"chr5","157038240","157038483","chr1","157842911","157843153","27","804671"
"chr5","157124043","157124351","chr5","175255431","175255737","11","18131388"
"chr5","157756270","157756560","chr5","175873281","175873578","10","18117011"
"chr5","157835153","157835468","chr5","176034194","176034504","11","18199041"
"chr5","157974110","157974399","chr5","176172589","176172877","7","18198479"
"chr5","158213104","158213402","chr5","176407094","176407397","12","18193990"
"chr5","158414855","158415156","chr1","141239412","141239712","33","17175443"
"chr5","158554052","158554348","chr5","176733194","176733487","7","18179142"
"chr5","158686048","158686330","chr5","176866321","176866603","8","18180273"
"chr5","158746406","158746692","chr5","176927324","176927612","9","18180918"
"chr5","158848017","158848323","chr5","177027839","177028145","7","18179822"
"chr5","158853136","158853437","chr5","177032989","177033278","18","18179853"
"chr5","159305745","159306038","chr5","177502729","177503027","9","18196984"
"chr5","159352677","159353018","chr7","128322328","128322650","62","31030349"
"chr5","159694287","159694594","chr5","177890373","177890680","7","18196086"
"chr5","159988143","159988443","chr5","178183803","178184099","9","18195660"
"chr5","160091388","160091682","chr5","178286472","178286771","13","18195084"
"chr5","160294508","160294801","chrUn_NW_014017559v1","94583","94876","9","160199925"
"chr5","160535778","160536077","chr5","178814985","178815280","11","18279207"
"chr5","160589585","160589900","chr5","178868070","178868384","8","18278485"
"chr5","161297078","161297228","chr5","179566880","179567028","4","18269802"
"chr5","161422816","161422985","chr5","179690845","179691024","10","18268029"
"chr5","161513571","161513862","chr5","179772020","179772310","9","18258449"
"chr5","161787748","161788041","chrUn_NW_014017559v1","94583","94876","9","161693165"
"chr5","161849853","161850036","chr14","58934458","58934644","23","102915395"
"chr5","161899833","161900133","chr5","178286472","178286771","10","16386639"
"chr5","162258953","162259055","chr5","180605450","180605556","8","18346497"
"chr5","162260924","162261204","chr5","180606990","180607262","18","18346066"
"chr5","162613852","162614144","chr5","180949593","180949887","9","18335741"
"chr5","162710754","162711055","chr5","119996298","119996603","31","42714456"
"chr5","162779814","162780123","chr1","217267678","217267988","37","54487864"
"chr5","162940945","162941249","chr5","181308802","181309109","14","18367857"
"chr5","163154632","163154940","chr5","181547272","181547577","7","18392640"
"chr5","163340246","163340553","chr5","181725282","181725614","36","18385036"
"chr5","163639444","163639742","chr5","182004845","182005151","29","18365401"
"chr5","163724669","163724973","chr2A","1570907","1571211","33","162153762"
"chr5","163726399","163726708","chr1","153471690","153471986","36","10254709"
"chr5","163731377","163731677","chr5","182144665","182144970","14","18413288"
"chr5","163861908","163862136","chr5","139945198","139945425","27","23916710"
"chr5","163916044","163916342","chr5","182343437","182343737","7","18427393"
"chr5","164001668","164001960","chr5","182426035","182426327","9","18424367"
"chr5","164054588","164054741","chr5","179566880","179567028","27","15512292"
"chr5","164303215","164303283","chr19","44195068","44195136","10","120108147"
"chr5","164303284","164303573","chr5","182752642","182752932","21","18449358"
"chr5","164463887","164464208","chr6","11910544","11910850","48","152553343"
"chr5","164550713","164551024","chr5","182991531","182991840","12","18440818"
"chr5","164579321","164579599","chr5","32844302","32844581","38","131735019"
"chr5","164599651","164599936","chr5","183040112","183040396","5","18440461"
"chr5","164617142","164617284","chr20","2100794","2100928","21","162516348"
"chr5","165242294","165242596","chr5","183691506","183691806","9","18449212"
"chr6","68812655","68812945","chr6","68082379","68082665","12","730276"
"chr6","25154","25470","chr5","20779550","20779859","35","20754396"
"chr6","94125","94352","chr6","201951","202177","9","107826"
"chr6","707281","707590","chr6","807442","807752","16","100161"
"chr6","897286","897577","chr12","102799287","102799576","27","101902001"
"chr6","1165465","1165753","chr6","1238602","1238907","21","73137"
"chr6","1212370","1212656","chr6","1285673","1285959","4","73303"
"chr6","1413938","1414102","chr6","1471504","1471668","4","57566"
"chr6","1745873","1746168","chr6","1801626","1801917","8","55753"
"chr6","3200852","3201146","chr6","3314154","3314449","4","113302"
"chr6","3426109","3426407","chr6","3533904","3534193","17","107795"
"chr6","3802756","3803054","chr6","3894287","3894581","8","91531"
"chr6","3952677","3952872","chr3","10408327","10408500","39","6455650"
"chr6","4359845","4360139","chr9","83021274","83021567","8","78661429"
"chr6","4580704","4581010","chr1","157841166","157841472","38","153260462"
"chr6","5053077","5053374","chr6","5110898","5111191","13","57821"
"chr6","5080480","5080761","chr6","5138418","5138704","11","57938"
"chr6","5139125","5139419","chr6","5194762","5195055","6","55637"
"chr6","5238556","5238812","chr6","5289669","5289934","14","51113"
"chr6","5656072","5656368","chr6","5685746","5686037","9","29674"
"chr6","6720256","6720529","chr6","6672061","6672333","4","48195"
"chr6","6970782","6971080","chr6","7008438","7008736","6","37656"
"chr6","7337366","7337550","chr6","7382100","7382278","11","44734"
"chr6","7509653","7509945","chr6","7535069","7535361","3","25416"
"chr6","7630397","7630699","chr6","7671016","7671309","18","40619"
"chr6","7670727","7671030","chr6","7711147","7711441","20","40420"
"chr6","8281211","8281509","chr3","48209643","48209937","29","39928432"
"chr6","8586561","8586868","chr6","8544931","8545231","11","41630"
"chr6","8587565","8587735","chr6","8545914","8546084","0","41651"
"chr6","8826263","8826557","chr6","8769010","8769311","18","57253"
"chr6","9011047","9011305","chr6","8945120","8945389","14","65927"
"chr6","9255676","9255909","chr6","9188456","9188689","3","67220"
"chr6","9744590","9744884","chr6","9586386","9586696","29","158204"
"chr6","10267694","10267994","chr6","10118407","10118704","14","149287"
"chr6","10378859","10379168","chr6","10226597","10226889","22","152262"
"chr6","10386480","10386777","chr6","10233982","10234284","10","152498"
"chr6","10581297","10581597","chr14","72731096","72731394","7","62149799"
"chr6","10627265","10627558","chr6","10464478","10464771","15","162787"
"chr6","10630223","10630362","chr6","10467247","10467384","6","162976"
"chr6","10731341","10731468","chr6","10567414","10567539","6","163927"
"chr6","10731552","10731838","chr6","10567642","10567919","27","163910"
"chr6","10828519","10828820","chr2B","211966726","211967030","32","201138207"
"chr6","11098596","11098906","chr9","17462214","17462522","29","6363618"
"chr6","11177107","11177407","chr6","11006506","11006798","13","170601"
"chr6","11492939","11493235","chr6","11303332","11303624","13","189607"
"chr6","11559691","11559985","chr6","11368400","11368691","8","191291"
"chr6","11645084","11645384","chr6","11450837","11451137","5","194247"
"chr6","12131589","12131898","chr6","11910544","11910850","10","221045"
"chr6","12683737","12683999","chr17","20031822","20032082","27","7348085"
"chr6","13009280","13009595","chr6","12835276","12835591","12","174004"
"chr6","13051421","13051710","chr6","12879168","12879468","18","172253"
"chr6","13373187","13373489","chr6","13176189","13176483","13","196998"
"chr6","13527300","13527602","chr6","13334344","13334640","12","192956"
"chr6","14314894","14315189","chr6","14086808","14087108","17","228086"
"chr6","14499749","14500000","chr1","11658254","11658500","30","2841495"
"chr6","14580899","14581189","chr6","14351291","14351582","11","229608"
"chr6","15439587","15439766","chr6","15214061","15214231","9","225526"
"chr6","15633759","15633945","chr6","15409748","15409933","5","224011"
"chr6","15733631","15733929","chr6","15515495","15515777","25","218136"
"chr6","16345739","16346033","chr6","16090980","16091275","4","254759"
"chr6","17508352","17508617","chr6","17229044","17229307","16","279308"
"chr6","17850040","17850331","chr5","46318380","46318675","29","28468340"
"chr6","17907627","17907923","chr4","166265483","166265779","34","148357856"
"chr6","18089040","18089322","chr6","17783001","17783286","5","306039"
"chr6","18115227","18115520","chr6","17805809","17806102","4","309418"
"chr6","18248411","18248691","chr6","17935150","17935430","3","313261"
"chr6","18267138","18267434","chr19","37251579","37251876","33","18984441"
"chr6","18380080","18380176","chr14","93873401","93873509","17","75493321"
"chr6","18637949","18638257","chr9","95442685","95442992","41","76804736"
"chr6","18816453","18816765","chr9","95442685","95442992","35","76626232"
"chr6","19053215","19053359","chr5","135622282","135622420","24","116569067"
"chr6","20156378","20156686","chr6","19797528","19797838","14","358850"
"chr6","20641919","20642215","chr6","20266403","20266700","10","375516"
"chr6","21033237","21033295","chr6","20677170","20677228","0","356067"
"chr6","21322494","21322798","chr6","20959782","20960085","78","362712"
"chr6","21343996","21344290","chr6","20982532","20982823","12","361464"
"chr6","21909918","21910214","chr1","93473812","93474110","29","71563894"
"chr6","21981678","21981981","chr6","21601767","21602070","14","379911"
"chr6","22020385","22020682","chr6","21639521","21639815","8","380864"
"chr6","22098095","22098386","chr2A","10913816","10914105","26","11184279"
"chr6","22119544","22119844","chr6","21737293","21737590","14","382251"
"chr6","22188422","22188729","chr6","38150830","38151139","38","15962408"
"chr6","22193046","22193353","chr1","127444070","127444375","53","105251024"
"chr6","22193857","22194152","chr6","21810547","21810839","11","383310"
"chr6","22270975","22271272","chr6","21886367","21886667","10","384608"
"chr6","22289505","22289796","chr6","21903855","21904147","4","385650"
"chr6","22301206","22301487","chr6","21915481","21915762","6","385725"
"chr6","22341473","22341755","chr6","21959007","21959289","4","382466"
"chr6","22470224","22470349","chr8","47805495","47805621","14","25335271"
"chr6","22496471","22496768","chr6","22086497","22086791","11","409974"
"chr6","22511655","22511788","chr17","50036355","50036488","8","27524700"
"chr6","22522345","22522643","chr9","112918036","112918339","31","90395691"
"chr6","22896616","22896911","chr6","22490104","22490399","3","406512"
"chr6","23027526","23027816","chr6","22606102","22606393","11","421424"
"chr6","23472021","23472291","chr5","159747620","159747892","46","136275599"
"chr6","23880301","23880597","chr6","23423330","23423625","11","456971"
"chr6","24570319","24570624","chr6","24085590","24085892","8","484729"
"chr6","24589181","24589482","chr6","24104435","24104727","15","484746"
"chr6","24757743","24758067","chr6","24279203","24279511","25","478540"
"chr6","25059489","25059789","chr6","24580297","24580598","10","479192"
"chr6","25749797","25750103","chr6","25344075","25344382","10","405722"
"chr6","26253162","26253465","chr6","25794134","25794438","9","459028"
"chr6","26386311","26386553","chr10","93469307","93469543","58","67082996"
"chr6","26756282","26756555","chr6","26628566","26628839","7","127716"
"chr6","26793128","26793353","chr6","26665428","26665656","13","127700"
"chr6","26805090","26805391","chr1","68553745","68554049","53","41748655"
"chr6","26956463","26956737","chr6","26849522","26849796","4","106941"
"chr6","26957643","26957956","chr6","26850698","26851007","14","106945"
"chr6","27096000","27096159","chr6","26981745","26981904","7","114255"
"chr6","27096712","27096772","chr6","26982457","26982516","1","114255"
"chr6","27237459","27237762","chr4","169310924","169311230","91","142073465"
"chr6","27677799","27678010","chr10","8973812","8974025","25","18703987"
"chr6","27711848","27711982","chrX","623539","623672","15","27088309"
"chr6","27798475","27798783","chr6","27727446","27727744","21","71029"
"chr6","28053764","28054075","chr6","27983193","27983497","13","70571"
"chr6","28321371","28321649","chr6","28235977","28236251","11","85394"
"chr6","28329693","28329870","chr4","159746499","159746673","22","131416806"
"chr6","28339315","28339612","chr6","28267588","28267890","12","71727"
"chr6","28354345","28354479","chr6","28277445","28277579","1","76900"
"chr6","28555874","28556170","chr6","28476108","28476401","6","79766"
"chr6","28648634","28648790","chr22","38265923","38266066","19","9617289"
"chr6","29078715","29078966","chr1","11658254","11658500","37","17420461"
"chr6","29187698","29187999","chr6","29052574","29052871","9","135124"
"chr6","29276503","29276811","chr6","29129427","29129712","28","147076"
"chr6","29387187","29387482","chr6","29240691","29240982","12","146496"
"chr6","29439129","29439240","chr6","29289359","29289471","4","149770"
"chr6","29478081","29478369","chr6","29328260","29328545","8","149821"
"chr6","29515330","29515442","chr6","29365405","29365516","3","149925"
"chr6","29619866","29620158","chr6","29474268","29474560","3","145598"
"chr6","29626906","29627178","chr6","29481315","29481582","12","145591"
"chr6","30217228","30217522","chr6","30046132","30046425","4","171096"
"chr6","30333089","30333389","chr3","189072904","189073192","75","158739815"
"chr6","30921461","30921758","chr6","30674397","30674679","22","247064"
"chr6","31093005","31093304","chr7","99831186","99831483","28","68738181"
"chr6","31290672","31290968","chr17","61133825","61134123","35","29843153"
"chr6","31294368","31294659","chr10","69511181","69511475","35","38216813"
"chr6","31461433","31461629","chr6","31414793","31414989","2","46640"
"chr6","31563944","31564243","chr13","46816389","46816684","32","15252445"
"chr6","31656952","31657263","chr6","31606149","31606460","10","50803"
"chr6","31770658","31770932","chr6","31719808","31720077","12","50850"
"chr6","31853679","31853873","chr6","31830675","31830868","5","23004"
"chr6","31870270","31870563","chrX","141885643","141885938","38","110015373"
"chr6","32242562","32242871","chr6","32189569","32189876","16","52993"
"chr6","32442140","32442371","chr6","113327315","113327550","53","80885175"
"chr6","32462757","32463048","chr6","32407931","32408219","5","54826"
"chr6","32514085","32514393","chr14","66679908","66680216","20","34165823"
"chr6","32518547","32518846","chr15","67264771","67265063","60","34746224"
"chr6","32711578","32711861","chr6","32642297","32642579","32","69281"
"chr6","32730256","32730500","chr6","32660528","32660746","29","69728"
"chr6","32802901","32803202","chr6","32732554","32732857","22","70347"
"chr6","32877641","32877934","chr6","32806099","32806376","25","71542"
"chr6","32926720","32927002","chr6","32858305","32858586","8","68415"
"chr6","33265396","33265700","chr6","33158579","33158883","3","106817"
"chr6","33566761","33567056","chr6","33595500","33595800","13","28739"
"chr6","33656637","33656903","chr6","33684312","33684578","3","27675"
"chr6","33715121","33715416","chr1","13668512","13668809","35","20046609"
"chr6","33879133","33879441","chr6","33906305","33906612","9","27172"
"chr6","33993412","33993719","chr6","34013692","34013997","7","20280"
"chr6","34009815","34010077","chr17","20031822","20032082","37","13977993"
"chr6","34148479","34148763","chr6","34187856","34188131","21","39377"
"chr6","34427623","34427881","chr19","23705832","23706085","31","10721791"
"chr6","34456545","34456843","chr6","34484450","34484753","10","27905"
"chr6","34884892","34885186","chr1","19931872","19932166","32","14953020"
"chr6","34939838","34940144","chr6","34955979","34956272","19","16141"
"chr6","35024589","35024880","chr6","35038430","35038721","4","13841"
"chr6","35096241","35096570","chr6","35119870","35120187","15","23629"
"chr6","35114192","35114433","chr6","35137696","35137927","17","23504"
"chr6","35385537","35385829","chr11","19980359","19980655","26","15405178"
"chr6","35775377","35775694","chr6","35768392","35768707","14","6985"
"chr6","35990931","35991227","chr4","47218523","47218820","28","11227592"
"chr6","36017935","36018240","chr6","36009048","36009326","31","8887"
"chr6","36517661","36517919","chr6","36637748","36638004","10","120087"
"chr6","36595990","36596291","chr6","36713951","36714258","11","117961"
"chr6","36597149","36597443","chr6","36715116","36715408","6","117967"
"chr6","36659348","36659643","chr6","36775373","36775668","9","116025"
"chr6","36820758","36820980","chr6","36934495","36934717","4","113737"
"chr6","37034149","37034447","chr6","37142227","37142525","7","108078"
"chr6","37074968","37075264","chr6","37184324","37184615","10","109356"
"chr6","37173072","37173330","chr6","37286971","37287229","1","113899"
"chr6","37240299","37240607","chr6","37354732","37355038","7","114433"
"chr6","37266003","37266314","chr6","37378966","37379273","14","112963"
"chr6","37321315","37321605","chr6","37433742","37434033","12","112427"
"chr6","37371970","37372262","chr6","37484494","37484787","7","112524"
"chr6","37751430","37751720","chr2B","167768822","167769110","44","130017392"
"chr6","37770147","37770444","chr6","37872520","37872818","15","102373"
"chr6","37801490","37801774","chr6","37901494","37901781","7","100004"
"chr6","37991519","37991799","chr6","38091267","38091546","11","99748"
"chr6","38051732","38052042","chr6","38150830","38151139","7","99098"
"chr6","38064039","38064342","chr6","38163798","38164102","6","99759"
"chr6","38073451","38073758","chr6","38173726","38174031","10","100275"
"chr6","38087044","38087306","chr6","38186754","38187012","11","99710"
"chr6","38146651","38146956","chr6","38245804","38246113","9","99153"
"chr6","38406651","38406945","chr7","13543042","13543335","37","24863609"
"chr6","38675433","38675729","chr6","38766965","38767256","13","91532"
"chr6","38891400","38891704","chr6","38975495","38975803","8","84095"
"chr6","39187835","39188131","chr6","39266551","39266842","15","78716"
"chr6","39544634","39544905","chr6","39631160","39631431","3","86526"
"chr6","39668886","39669189","chr6","39752435","39752738","2","83549"
"chr6","39959565","39959863","chr6","40172691","40172986","11","213126"
"chr6","40035222","40035517","chr6","40247515","40247810","10","212293"
"chr6","40078295","40078590","chr6","40247515","40247810","3","169220"
"chr6","41122271","41122565","chr6","41248437","41248730","7","126166"
"chr6","41685005","41685313","chr6","41803492","41803801","9","118487"
"chr6","42761648","42761942","chr6","42876811","42877105","5","115163"
"chr6","42783112","42783395","chr6","42896409","42896688","13","113297"
"chr6","43106281","43106590","chr6","43210460","43210760","16","104179"
"chr6","43473611","43473920","chr3","37596334","37596638","32","5877277"
"chr6","43706469","43706757","chr14","104031839","104032135","41","60325370"
"chr6","43710550","43710864","chr11","113988201","113988507","46","70277651"
"chr6","43726664","43726959","chr6","43808645","43808938","6","81981"
"chr6","43748576","43748840","chr6","43831684","43831947","12","83108"
"chr6","43961660","43961858","chr17","75832608","75832806","36","31870948"
"chr6","43972186","43972480","chr6","44048516","44048814","8","76330"
"chr6","44017359","44017664","chr9","100529816","100530123","40","56512457"
"chr6","44063769","44064062","chr6","44140714","44141010","7","76945"
"chr6","44163707","44163926","chr17","19955730","19955952","33","24207977"
"chr6","44518248","44518545","chr6","44577775","44578072","6","59527"
"chr6","44526185","44526325","chr6","44585777","44585888","31","59592"
"chr6","44965342","44965632","chr6","45012450","45012739","13","47108"
"chr6","44976718","44976968","chr3","138962525","138962758","44","93985807"
"chr6","45079872","45080172","chr6","45123511","45123811","12","43639"
"chr6","46176128","46176411","chr6","46164840","46165129","13","11288"
"chr6","46866704","46867000","chr6","46780006","46780307","8","86698"
"chr6","46974201","46974502","chr6","46886971","46887268","17","87230"
"chr6","47231560","47231868","chr6","47129954","47130262","7","101606"
"chr6","47339978","47340297","chr6","47231378","47231697","9","108600"
"chr6","47463022","47463325","chr6","47350501","47350783","26","112521"
"chr6","47771358","47771638","chr6","47619087","47619367","8","152271"
"chr6","48348118","48348332","chr7","154995961","154996183","24","106647843"
"chr6","48350525","48350829","chr17","61692703","61692991","32","13342178"
"chr6","48485460","48485675","chr4","112665137","112665347","26","64179677"
"chr6","48708989","48709112","chr4","176786367","176786487","17","128077378"
"chr6","48783660","48783950","chr6","48584551","48584839","10","199109"
"chr6","48867580","48867876","chr6","48668136","48668430","12","199444"
"chr6","49571189","49571496","chr6","49347054","49347351","16","224135"
"chr6","49878766","49879028","chr6","49637378","49637639","9","241388"
"chr6","50778330","50778583","chr6","50525846","50526098","7","252484"
"chr6","50890260","50890559","chr14","92616788","92617080","31","41726528"
"chr6","51063086","51063387","chr6","50810579","50810881","14","252507"
"chr6","52689615","52689914","chr6","52511110","52511406","19","178505"
"chr6","52713681","52713976","chr6","52535316","52535607","12","178365"
"chr6","53306604","53306913","chr6","53146090","53146399","10","160514"
"chr6","53536782","53536966","chr15","39418535","39418717","30","14118247"
"chr6","53892024","53892334","chr6","54107884","54108194","3","215860"
"chr6","54102315","54102608","chr6","54316305","54316598","5","213990"
"chr6","54213266","54213559","chr6","54423536","54423831","10","210270"
"chr6","54229428","54229719","chr1","181855767","181856065","33","127626339"
"chr6","54562252","54562285","chr6","54755919","54755952","1","193667"
"chr6","54562316","54562501","chr6","54755998","54756185","5","193682"
"chr6","54733816","54734111","chr6","54924477","54924767","8","190661"
"chr6","54850182","54850497","chr12","93665487","93665799","45","38815305"
"chr6","55835177","55835480","chr6","56019071","56019370","14","183894"
"chr6","55842952","55843250","chr4","169310924","169311230","85","113467972"
"chr6","56430107","56430237","chr14","73768913","73769043","11","17338806"
"chr6","56758923","56759074","chr6","57020988","57021139","1","262065"
"chr6","57280397","57280694","chr6","57526514","57526809","5","246117"
"chr6","57395211","57395511","chr6","57640960","57641258","8","245749"
"chr6","57418602","57418908","chr6","22029386","22029678","26","35389216"
"chr6","59199260","59199555","chr12","9271226","9271522","40","49928034"
"chr6","63989028","63989280","chr6","65215901","65216154","7","1226873"
"chr6","64282993","64283291","chr11","91906219","91906516","34","27623226"
"chr6","65176740","65177025","chrX","31294941","31295233","42","33881799"
"chr6","65213774","65214016","chr20","2666228","2666460","49","62547546"
"chr6","65236172","65236443","chr6","66463545","66463844","32","1227373"
"chr6","65334461","65334755","chr6","66561016","66561303","17","1226555"
"chr6","65335905","65336197","chrX","106566617","106566909","27","41230712"
"chr6","65758266","65758571","chr6","66962148","66962450","5","1203882"
"chr6","65921148","65921407","chr6","67137252","67137513","10","1216104"
"chr6","66471973","66472140","chr12","39580953","39581113","23","26891020"
"chr6","67581700","67582019","chr4","169310924","169311230","75","101729224"
"chr6","67768954","67769249","chr1","91342014","91342321","47","23573060"
"chr6","67773264","67773568","chrX","13609405","13609705","39","54163859"
"chr6","70141677","70141929","chr6","69413049","69413301","9","728628"
"chr6","70432651","70432948","chr6","69694348","69694644","8","738303"
"chr6","70742130","70742192","chr17","52186644","52186706","23","18555486"
"chr6","70854621","70854949","chr6","70120055","70120354","43","734566"
"chr6","71021097","71021393","chr6","70286053","70286350","11","735044"
"chr6","72136178","72136461","chr6","71368527","71368812","8","767651"
"chr6","72260075","72260357","chr1","130789634","130789918","29","58529559"
"chr6","72331668","72331965","chr6","71552756","71553045","12","778912"
"chr6","72479035","72479256","chr6","71704309","71704532","8","774726"
"chr6","73424653","73424959","chr6","72639075","72639375","12","785578"
"chr6","74317966","74318265","chr6","73497137","73497434","8","820829"
"chr6","74643104","74643365","chr6","73807627","73807894","11","835477"
"chr6","75312548","75312853","chr14","89973149","89973451","42","14660601"
"chr6","75437397","75437698","chr9","128898813","128899109","39","53461416"
"chr6","75498518","75498754","chr1","206588687","206588930","56","131090169"
"chr6","75538988","75539296","chr6","74670097","74670390","16","868891"
"chr6","75576268","75576563","chr6","74708350","74708645","5","867918"
"chr6","75607451","75607756","chr6","74736185","74736483","13","871266"
"chr6","75762799","75763095","chr10","43206065","43206362","37","32556734"
"chr6","75812440","75812739","chr6","74934803","74935102","9","877637"
"chr6","75921083","75921254","chr6","75037144","75037315","3","883939"
"chr6","77655094","77655398","chr6","76749050","76749352","11","906044"
"chr6","77713825","77714126","chr6","76805611","76805912","7","908214"
"chr6","77828068","77828357","chr6","76915350","76915639","11","912718"
"chr6","78450961","78451229","chr7","151180857","151181131","41","72729896"
"chr6","78579809","78580102","chr6","77663122","77663410","14","916687"
"chr6","78624245","78624341","chr3","182479152","182479247","7","103854907"
"chr6","78770395","78770683","chr6","77846200","77846488","2","924195"
"chr6","80209173","80209479","chr6","79249342","79249648","11","959831"
"chr6","80447028","80447325","chr6","79454190","79454490","10","992838"
"chr6","81002993","81003270","chr6","80009589","80009871","13","993404"
"chr6","81026574","81026883","chr1","216197856","216198166","37","135171282"
"chr6","82236250","82236543","chr6","81242057","81242355","9","994193"
"chr6","82615533","82615830","chr6","81643952","81644255","12","971581"
"chr6","82895516","82895805","chr6","81912662","81912951","5","982854"
"chr6","83064454","83064750","chr6","82084541","82084837","8","979913"
"chr6","83235173","83235470","chr6","82259610","82259879","32","975563"
"chr6","83998587","83998881","chr6","83010092","83010390","12","988495"
"chr6","84515900","84516106","chr6","83541491","83541693","7","974409"
"chr6","84895820","84896086","chr6","83927063","83927329","8","968757"
"chr6","85571774","85572054","chr6","84575788","84576068","8","995986"
"chr6","85648261","85648446","chr6","84648654","84648839","4","999607"
"chr6","85690259","85690555","chr6","84690337","84690638","14","999922"
"chr6","87771215","87771508","chr6","86735327","86735616","11","1035888"
"chr6","87832143","87832430","chrX","106566617","106566909","30","18734474"
"chr6","87911507","87911797","chr6","86877433","86877727","9","1034074"
"chr6","88679809","88680114","chr6","87626641","87626951","14","1053168"
"chr6","88832015","88832323","chr6","87776536","87776840","11","1055479"
"chr6","89726352","89726633","chr6","88641167","88641450","8","1085185"
"chr6","89753791","89754084","chr6","88668596","88668888","4","1085195"
"chr6","90350505","90350805","chr6","89247001","89247300","9","1103504"
"chr6","91070784","91071090","chr6","89954107","89954411","7","1116677"
"chr6","91110763","91111078","chr6","89999354","89999650","23","1111409"
"chr6","91403019","91403310","chr6","90261456","90261747","10","1141563"
"chr6","91668160","91668450","chr6","90519667","90519960","5","1148493"
"chr6","92066951","92067258","chr6","90922938","90923227","23","1144013"
"chr6","92159178","92159484","chr6","91014629","91014935","3","1144549"
"chr6","92159840","92160132","chr6","91015275","91015566","4","1144565"
"chr6","94373472","94373753","chr6","93194981","93195262","7","1178491"
"chr6","94537638","94537918","chr6","93345051","93345331","5","1192587"
"chr6","94708858","94708911","chr6","93483468","93483522","1","1225390"
"chr6","96005905","96006220","chr6","94758866","94759170","21","1247039"
"chr6","96115895","96116128","chr16","50098734","50098961","47","46017161"
"chr6","96151318","96151624","chr8","126195358","126195665","30","30044040"
"chr6","96403446","96403738","chr6","95166867","95167158","8","1236579"
"chr6","96602454","96602755","chr6","95372560","95372856","7","1229894"
"chr6","96656222","96656523","chr6","95426343","95426644","6","1229879"
"chr6","96717721","96718029","chr6","95487115","95487424","5","1230606"
"chr6","98069119","98069412","chr6","97801629","97801931","20","267490"
"chr6","98299881","98300178","chr6","98035366","98035663","9","264515"
"chr6","99045084","99045387","chr6","98749749","98750050","8","295335"
"chr6","99072989","99073139","chr6","98777638","98777787","6","295351"
"chr6","99102015","99102312","chr6","98805669","98805959","11","296346"
"chr6","99538844","99539173","chr6","99247677","99248006","6","291167"
"chr6","99680296","99680595","chr6","99389059","99389358","7","291237"
"chr6","101274766","101275071","chr6","100960611","100960910","19","314155"
"chr6","103146536","103146824","chr6","102786488","102786776","8","360048"
"chr6","103937320","103937618","chr6","103548649","103548940","12","388671"
"chr6","104350996","104351292","chr9","128898813","128899109","28","24547817"
"chr6","104774581","104774874","chr6","104369003","104369301","13","405578"
"chr6","106214282","106214577","chr6","105805702","105805994","12","408580"
"chr6","107156083","107156267","chr7","1999786","1999965","56","105156297"
"chr6","107193208","107193429","chr7","154995961","154996183","26","47802753"
"chr6","107764985","107765289","chr1","204861182","204861483","37","97096197"
"chr6","108139816","108140131","chr6","107601651","107601957","19","538165"
"chr6","108361132","108361421","chr6","107827772","107828060","6","533360"
"chr6","108748406","108748605","chrX","54576769","54576968","33","54171637"
"chr6","108748625","108748860","chr7","154995961","154996183","47","46247336"
"chr6","108781010","108781328","chr6","108242018","108242335","15","538992"
"chr6","108869505","108869810","chr6","108331466","108331769","8","538039"
"chr6","108883108","108883411","chr6","108343714","108344017","9","539394"
"chr6","109089222","109089521","chr6","108526860","108527156","11","562362"
"chr6","109170109","109170400","chr5","35952460","35952752","26","73217649"
"chr6","109261567","109261867","chr6","108810582","108810882","5","450985"
"chr6","109621341","109621642","chr6","109149153","109149452","5","472188"
"chr6","110120427","110120571","chr9","82634904","82635045","26","27485523"
"chr6","110133986","110134268","chr6","109637779","109638061","13","496207"
"chr6","110219291","110219451","chr6","109736685","109736846","3","482606"
"chr6","110799180","110799480","chr6","110449415","110449713","10","349765"
"chr6","110966196","110966491","chr6","110642841","110643136","14","323355"
"chr6","111603506","111603797","chr6","111273244","111273535","13","330262"
"chr6","111656094","111656401","chr2A","89626856","89627164","31","22029238"
"chr6","111679545","111679854","chr2A","89626856","89627164","34","22052689"
"chr6","112151955","112152250","chr6","111783959","111784251","7","367996"
"chr6","112637271","112637453","chr6","112306051","112306233","6","331220"
"chr6","112722241","112722550","chr6","112399906","112400216","9","322335"
"chr6","112885056","112885358","chr6","112574554","112574854","7","310502"
"chr6","112987749","112988048","chr6","112676435","112676739","14","311314"
"chr6","113287683","113287986","chr6","112973154","112973454","13","314529"
"chr6","113527699","113527997","chr6","113204502","113204792","12","323197"
"chr6","113649847","113650084","chr6","113327315","113327550","7","322532"
"chr6","113764838","113765138","chr6","113442342","113442631","16","322496"
"chr6","114845865","114846169","chr6","114475660","114475965","8","370205"
"chr6","115343196","115343334","chr6","114965546","114965686","5","377650"
"chr6","115946871","115947151","chr2B","167934486","167934767","27","51987615"
"chr6","116074052","116074210","chr1","169835603","169835756","35","53761551"
"chr6","117561860","117562116","chr6","117306939","117307195","3","254921"
"chr6","118364785","118365070","chr6","118064915","118065198","9","299870"
"chr6","118614709","118615006","chr6","118321695","118321992","8","293014"
"chr6","119883721","119883861","chr6","119559433","119559573","3","324288"
"chr6","120411462","120411753","chr6","120045581","120045874","7","365881"
"chr6","120870682","120870975","chr6","120495989","120496262","25","374693"
"chr6","120971841","120972140","chr6","120596733","120597029","11","375108"
"chr6","121663313","121663602","chr6","121336954","121337243","5","326359"
"chr6","122377493","122377654","chr8","130141422","130141587","38","7763929"
"chr6","123550209","123550507","chr6","123213499","123213797","3","336710"
"chr6","123576421","123576720","chr6","123239626","123239925","6","336795"
"chr6","123589452","123589644","chr6","123252637","123252821","14","336815"
"chr6","123694270","123694569","chr6","123323322","123323616","57","370948"
"chr6","123705336","123705633","chr6","123335812","123336102","14","369524"
"chr6","123891568","123891853","chr6","123515045","123515342","20","376523"
"chr6","124157773","124158079","chr6","123783888","123784181","17","373885"
"chr6","124511755","124512065","chr6","124134687","124134992","19","377068"
"chr6","125063977","125064249","chr6","124673700","124673971","10","390277"
"chr6","125898671","125898945","chr6","84575788","84576068","58","41322883"
"chr6","126428872","126429160","chr6","126007028","126007314","4","421844"
"chr6","126470958","126471257","chr6","126042966","126043265","7","427992"
"chr6","126926424","126926564","chr6","126472518","126472658","4","453906"
"chr6","126999868","127000000","chr4","60034737","60034864","21","66965131"
"chr6","127230200","127230507","chr6","38150830","38151139","32","89079370"
"chr6","127552345","127552641","chr14","92616788","92617080","37","34935557"
"chr6","128292319","128292576","chr3","138962525","138962758","54","10670206"
"chr6","128367567","128367820","chr6","43831684","43831947","44","84535883"
"chr6","128773872","128774171","chr6","128260706","128261004","6","513166"
"chr6","129164973","129165275","chr3","174964754","174965054","19","45799781"
"chr6","129263367","129263666","chr6","128737650","128737949","9","525717"
"chr6","129811012","129811312","chr6","129276874","129277177","11","534138"
"chr6","129901306","129901602","chr6","129365425","129365721","6","535881"
"chr6","129917228","129917523","chr6","129381352","129381656","12","535876"
"chr6","130028713","130028993","chr6","129484412","129484683","15","544301"
"chr6","130096703","130097038","chr6","129554942","129555250","35","541761"
"chr6","130599004","130599286","chr6","130088946","130089248","28","510058"
"chr6","130644917","130645047","chr16","85233737","85233867","7","45411180"
"chr6","130860167","130860437","chr6","130349222","130349514","29","510945"
"chr6","131040352","131040664","chr6","130528649","130528962","11","511703"
"chr6","131222969","131223096","chr6","130709163","130709291","8","513806"
"chr6","131625496","131625805","chr6","131093400","131093710","13","532096"
"chr6","132102887","132103195","chr6","131555748","131556063","18","547139"
"chr6","132117214","132117405","chr6","123252637","123252821","13","8864577"
"chr6","133326381","133326547","chr6","132762871","132763037","4","563510"
"chr6","133444156","133444464","chr8","126366249","126366556","60","7077907"
"chr6","133446048","133446321","chr8","125095055","125095275","74","8350993"
"chr6","133726256","133726557","chr17","13187962","13188268","36","120538294"
"chr6","134394294","134394595","chr6","133822651","133822954","13","571643"
"chr6","134945316","134945579","chr6","134359537","134359801","7","585779"
"chr6","135230511","135230819","chr6","134643541","134643836","17","586970"
"chr6","135296930","135297237","chr6","134706206","134706511","15","590724"
"chr6","136297284","136297433","chr6","135684105","135684266","14","613179"
"chr6","136401073","136401362","chr6","135787620","135787909","11","613453"
"chr6","136790771","136790957","chr5","51575028","51575216","32","85215743"
"chr6","137127264","137127571","chr6","136490491","136490798","4","636773"
"chr6","137153699","137153984","chr2B","167768822","167769110","28","30615123"
"chr6","137186497","137186795","chr6","136548460","136548753","14","638037"
"chr6","137213472","137213768","chr6","136574631","136574924","12","638841"
"chr6","137216721","137217017","chr4","47218523","47218820","28","89998198"
"chr6","137240139","137240413","chr6","136602339","136602636","26","637800"
"chr6","137260970","137261269","chr6","136619343","136619636","14","641627"
"chr6","137364366","137364682","chr6","136721661","136721970","19","642705"
"chr6","137578429","137578568","chr6","136947254","136947402","12","631175"
"chr6","138136101","138136398","chr3","37965720","37966018","37","100170381"
"chr6","138810943","138811243","chr6","138145943","138146228","28","665000"
"chr6","138835766","138836071","chr6","138167047","138167352","10","668719"
"chr6","139065213","139065519","chr8","58907514","58907819","45","80157699"
"chr6","139997047","139997346","chr6","139309522","139309821","10","687525"
"chr6","140057024","140057281","chr5","143567954","143568210","75","3510930"
"chr6","140523483","140523789","chr6","139816749","139817052","7","706734"
"chr6","140621944","140622240","chr6","139922362","139922652","9","699582"
"chr6","140731943","140732236","chr6","140016015","140016314","14","715928"
"chr6","140883945","140884216","chr6","140165160","140165437","8","718785"
"chr6","140935490","140935778","chrX","116134382","116134665","39","24801108"
"chr6","141421490","141421772","chr1","211591494","211591775","30","70170004"
"chr6","141424832","141425083","chr6","140699849","140700117","27","724983"
"chr6","141556271","141556559","chr6","140825876","140826166","9","730395"
"chr6","141587460","141587584","chr6","140856937","140857054","10","730523"
"chr6","141637409","141637702","chr6","140908608","140908903","11","728801"
"chr6","142123449","142123613","chr10","72603756","72603916","20","69519693"
"chr6","142123915","142124048","chr5","46459650","46459783","11","95664265"
"chr6","142178238","142178541","chr6","141427655","141427957","14","750583"
"chr6","142437415","142437710","chr6","141680132","141680428","5","757283"
"chr6","142785244","142785548","chr6","142010376","142010671","17","774868"
"chr6","143363720","143364029","chr6","142586728","142587036","16","776992"
"chr6","144802749","144803018","chr6","143998433","143998702","0","804316"
"chr6","145359096","145359402","chr4","40218990","40219296","26","105140106"
"chr6","145444635","145444756","chr6","145293181","145293301","1","151454"
"chr6","145615692","145615922","chr10","101870752","101870981","35","43744940"
"chr6","146796771","146797071","chr6","146608810","146609103","16","187961"
"chr6","146932318","146932625","chr6","146741024","146741332","9","191294"
"chr6","146993519","146993826","chr6","146741024","146741332","9","252495"
"chr6","147173018","147173308","chr6","146915248","146915534","6","257770"
"chr6","147975317","147975537","chr6","147726988","147727209","10","248329"
"chr6","148433980","148434285","chr6","148165311","148165609","15","268669"
"chr6","148777920","148778213","chr6","148524839","148525132","8","253081"
"chr6","149999401","149999697","chr6","149751777","149752069","7","247624"
"chr6","150772740","150773037","chr6","150523487","150523788","10","249253"
"chr6","150957770","150958051","chr6","150703333","150703613","7","254437"
"chr6","151051303","151051602","chr6","150796088","150796389","8","255215"
"chr6","151065262","151065563","chr6","150811507","150811814","19","253755"
"chr6","151238058","151238349","chr6","151014348","151014637","11","223710"
"chr6","151307288","151307587","chr6","151082463","151082760","6","224825"
"chr6","152109471","152109767","chr6","151882932","151883224","9","226539"
"chr6","152230724","152231019","chr6","152003250","152003540","18","227474"
"chr6","152251132","152251429","chr6","152022453","152022759","15","228679"
"chr6","152279487","152279795","chr6","152050758","152051066","8","228729"
"chr6","152338268","152338563","chr6","152107847","152108142","2","230421"
"chr6","152458170","152458466","chr6","152232391","152232686","7","225779"
"chr6","152493449","152493754","chr3","38686472","38686780","36","113806977"
"chr6","152884249","152884497","chr17","76879682","76879937","83","76004567"
"chr6","153177069","153177274","chr6","152952505","152952710","3","224564"
"chr6","153381784","153382079","chr6","153148290","153148580","16","233494"
"chr6","153420923","153421221","chr6","153182323","153182616","11","238600"
"chr6","153523467","153523757","chr6","153298042","153298321","19","225425"
"chr6","153707111","153707395","chr6","153478813","153479096","6","228298"
"chr6","154218236","154218533","chr6","153991301","153991613","22","226935"
"chr6","154219580","154219875","chr1","160787145","160787438","36","6567565"
"chr6","154515773","154515946","chr22","25883079","25883251","21","128632694"
"chr6","155065851","155066139","chr6","154809674","154809959","6","256177"
"chr6","155331760","155332036","chr12","113212512","113212785","43","42119248"
"chr6","156335951","156336113","chr13","47827594","47827724","44","108508357"
"chr6","157072075","157072366","chr6","157124924","157125215","11","52849"
"chr6","157345095","157345401","chr6","158334275","158334577","11","989180"
"chr6","157519382","157519575","chr15","37766653","37766837","37","119752729"
"chr6","157519602","157519718","chr11","115703696","115703811","14","41815906"
"chr6","157638596","157638898","chr6","158622762","158623055","12","984166"
"chr6","157677508","157677804","chr1","50896518","50896811","35","106780990"
"chr6","157748359","157748653","chr6","158733127","158733420","10","984768"
"chr6","158956894","158957190","chr6","159928149","159928446","11","971255"
"chr6","159118671","159118857","chr6","160072483","160072665","10","953812"
"chr6","159192076","159192384","chr6","160145695","160146001","16","953619"
"chr6","159389337","159389637","chr6","160328783","160329081","7","939446"
"chr6","159562811","159563102","chr7","63512170","63512460","30","96050641"
"chr6","159872970","159873275","chr6","160782250","160782541","19","909280"
"chr6","159982139","159982219","chr10","62478105","62478180","16","97504034"
"chr6","159982529","159982697","chr5","25443612","25443777","21","134538917"
"chr6","160151171","160151457","chr6","157295329","157295643","34","2855842"
"chr6","160706596","160706860","chr2B","202046280","202046542","33","41339684"
"chr6","160906027","160906322","chr6","158023096","158023384","21","2882931"
"chr6","161320675","161320978","chr6","161401695","161401995","9","81020"
"chr6","161371061","161371327","chr6","33684312","33684578","43","127686749"
"chr6","161375505","161375812","chr6","161456290","161456594","12","80785"
"chr6","161377933","161378237","chr6","161458713","161459007","20","80780"
"chr6","161428998","161429293","chr6","161509094","161509397","14","80096"
"chr6","161582728","161583029","chr6","161651335","161651624","14","68607"
"chr6","161709097","161709397","chr6","118321695","118321992","51","43387402"
"chr6","161750588","161750915","chr1","181471222","181471542","51","19720634"
"chr6","161761658","161761941","chr6","161831776","161832061","22","70118"
"chr6","161761969","161761980","chr8","64091762","64091773","1","97670207"
"chr6","161914636","161914757","chr6","161974691","161974822","14","60055"
"chr6","162117827","162118128","chr8","39771034","39771325","50","122346793"
"chr6","162175690","162175977","chr6","162225772","162226061","14","50082"
"chr6","162210771","162211079","chr6","162261013","162261311","15","50242"
"chr6","162548185","162548493","chr6","162594804","162595090","31","46619"
"chr6","162636330","162636628","chr6","162678848","162679141","7","42518"
"chr6","162842621","162842912","chr6","162880998","162881289","7","38377"
"chr6","163554069","163554327","chr6","163634383","163634656","20","80314"
"chr6","164333498","164333800","chr6","164454693","164454994","11","121195"
"chr6","164503809","164504103","chr6","164617049","164617348","10","113240"
"chr6","164527459","164527739","chr6","164639526","164639806","8","112067"
"chr6","164641964","164642086","chr6","164767420","164767545","9","125456"
"chr6","166264024","166264318","chr6","166331068","166331362","6","67044"
"chr6","166268028","166268329","chr4","53900944","53901247","34","112367084"
"chr6","166301687","166301967","chr6","166366670","166366954","9","64983"
"chr6","167220072","167220371","chr6","167262728","167263027","13","42656"
"chr6","168032523","168032825","chr3","162313951","162314251","35","5718572"
"chr6","168568082","168568386","chr6","168556041","168556349","11","12041"
"chr6","169049977","169050234","chr6","169038551","169038820","16","11426"
"chr6","169187024","169187158","chr6","169174990","169175124","4","12034"
"chr6","169212184","169212483","chr6","169200709","169201003","12","11475"
"chr6","169435588","169435710","chr6","169427401","169427523","2","8187"
"chr6","170377320","170377628","chr3","142741809","142742118","33","27635511"
"chr6","172491636","172491927","chr6","172827438","172827729","6","335802"
"chr6","172527404","172527549","chr6","172862199","172862345","3","334795"
"chr6","172543829","172544127","chr6","172878516","172878808","17","334687"
"chr6","172642712","172642880","chr1","9520333","9520503","30","163122379"
"chr6","172770366","172770644","chr6","173370849","173371121","10","600483"
"chr6","172773105","172773220","chr1","62667510","62667618","30","110105595"
"chr7","45612867","45613172","chr7","45774336","45774637","13","161469"
"chr7","902174","902470","chr7","139422463","139422759","41","138520289"
"chr7","1040947","1041140","chr7","1482612","1482805","8","441665"
"chr7","1092798","1093106","chr7","1537133","1537429","15","444335"
"chr7","1544741","1545036","chr7","1988056","1988352","6","443315"
"chr7","1556291","1556594","chr7","1999141","1999448","14","442850"
"chr7","2024995","2025302","chr7","2464258","2464563","22","439263"
"chr7","2289891","2290185","chr7","2730989","2731286","9","441098"
"chr7","2607661","2607953","chr3","48209643","48209937","31","45601982"
"chr7","2612477","2612772","chr7","3044301","3044597","10","431824"
"chr7","2825615","2825902","chr10","110931367","110931639","41","108105752"
"chr7","3865920","3866223","chr7","4310638","4310945","16","444718"
"chr7","4155641","4155756","chr15","73427311","73427426","9","69271670"
"chr7","4306855","4307154","chr7","4751859","4752159","4","445004"
"chr7","4441781","4442096","chr7","4880858","4881171","5","439077"
"chr7","4975287","4975579","chr7","5378425","5378717","8","403138"
"chr7","5157023","5157094","chr14","20347993","20348066","12","15190970"
"chr7","5189133","5189442","chr7","5565841","5566151","15","376708"
"chr7","5358590","5358724","chr17","50036355","50036488","16","44677765"
"chr7","5359070","5359249","chr16","62447334","62447513","35","57088264"
"chr7","5401287","5401580","chr20","50916819","50917110","32","45515532"
"chr7","5401782","5402095","chr11","116080199","116080501","39","110678417"
"chr7","5463950","5464247","chr1","141239412","141239712","37","135775462"
"chr7","5500268","5500528","chr8","105503550","105503803","49","100003282"
"chr7","5535829","5536123","chr9","112918036","112918339","40","107382207"
"chr7","5554977","5555281","chr4","109377359","109377660","36","103822382"
"chr7","5617186","5617266","chr7","6043169","6043249","0","425983"
"chr7","5823152","5823454","chr14","90234422","90234723","30","84411270"
"chr7","5874902","5875183","chr7","6241317","6241597","8","366415"
"chr7","5950779","5951070","chr7","6320451","6320742","11","369672"
"chr7","5967815","5968097","chr9","106968828","106969107","42","101001013"
"chr7","6069871","6070089","chr5","129889744","129889973","31","123819873"
"chr7","6080958","6081264","chr7","6450189","6450497","7","369231"
"chr7","6094994","6095285","chr7","6463831","6464118","14","368837"
"chr7","6195441","6195719","chr7","6563000","6563275","12","367559"
"chr7","6412007","6412318","chr7","6789739","6790041","20","377732"
"chr7","6462551","6462848","chrX","141885643","141885938","29","135423092"
"chr7","6510249","6510535","chr7","6886689","6886975","3","376440"
"chr7","6607519","6607823","chr1","153053700","153054007","35","146446181"
"chr7","7292192","7292487","chr7","7531015","7531303","13","238823"
"chr7","7546910","7547234","chr17","44648243","44648557","54","37101333"
"chr7","7655003","7655299","chr7","7888902","7889199","10","233899"
"chr7","8043381","8043688","chr7","8271873","8272171","15","228492"
"chr7","8686829","8687118","chr7","8891422","8891714","11","204593"
"chr7","8833709","8834009","chr7","9013589","9013890","7","179880"
"chr7","9643254","9643537","chr7","9798500","9798792","12","155246"
"chr7","9928687","9928994","chr7","10081329","10081635","6","152642"
"chr7","10971614","10971918","chr7","11090387","11090685","11","118773"
"chr7","10975914","10976204","chr7","11094670","11094957","8","118756"
"chr7","11007789","11008048","chr7","11126722","11126982","5","118933"
"chr7","11125538","11125845","chr7","11240851","11241152","15","115313"
"chr7","11287505","11287813","chr7","11395789","11396089","13","108284"
"chr7","11347966","11348183","chr5","129889744","129889973","29","118541778"
"chr7","11380548","11380842","chr7","11494581","11494885","14","114033"
"chr7","11747769","11748076","chr7","11855477","11855786","7","107708"
"chr7","12404673","12404966","chr7","12506881","12507178","18","102208"
"chr7","12892513","12892844","chr7","12990703","12991030","11","98190"
"chr7","12991805","12992108","chr7","13088043","13088346","6","96238"
"chr7","13152551","13152786","chr7","73429512","73429730","63","60276961"
"chr7","13448968","13449266","chr7","13543042","13543335","8","94074"
"chr7","13719593","13719734","chr1","29145355","29145492","18","15425762"
"chr7","14097491","14097794","chr7","14163113","14163412","10","65622"
"chr7","14203917","14204214","chr7","14269343","14269632","13","65426"
"chr7","14836752","14837029","chr7","14873182","14873459","6","36430"
"chr7","14911373","14911600","chr8","125095055","125095275","39","110183682"
"chr7","14985851","14986150","chr7","15022003","15022306","10","36152"
"chr7","15700837","15700963","chr7","15747218","15747333","11","46381"
"chr7","15923807","15924085","chrX","27448512","27448790","27","11524705"
"chr7","16762747","16763003","chr7","16794677","16794936","11","31930"
"chr7","17843945","17844253","chr3","61949193","61949502","51","44105248"
"chr7","18745339","18745613","chr7","18739004","18739276","8","6335"
"chr7","19691266","19691568","chr7","19726597","19726903","12","35331"
"chr7","20157902","20158187","chr7","20151910","20152188","8","5992"
"chr7","21466105","21466412","chr7","21450278","21450573","20","15827"
"chr7","21533772","21534094","chr14","90255864","90256158","61","68722092"
"chr7","21859750","21860054","chr15","20943865","20944166","30","915885"
"chr7","21895337","21895637","chr1","46441047","46441338","47","24545710"
"chr7","22054109","22054401","chr7","22037534","22037842","22","16575"
"chr7","22126530","22126846","chr7","22112585","22112876","31","13945"
"chr7","22462386","22462672","chr5","17171127","17171413","34","5291259"
"chr7","22750218","22750493","chr7","23015169","23015441","10","264951"
"chr7","22859640","22859804","chr7","23121181","23121345","5","261541"
"chr7","22936478","22936798","chr7","23207639","23207947","26","271161"
"chr7","23423396","23423727","chr10","89512836","89513160","48","66089440"
"chr7","23532593","23532889","chr7","23764818","23765115","6","232225"
"chr7","24159820","24160110","chr7","24432801","24433090","6","272981"
"chr7","24734014","24734311","chr7","25011874","25012178","9","277860"
"chr7","24743274","24743410","chr20","29115867","29116001","13","4372593"
"chr7","24831755","24832048","chr7","25109581","25109879","11","277826"
"chr7","25143433","25143726","chr7","25420430","25420722","8","276997"
"chr7","25349643","25349943","chr7","25605626","25605928","10","255983"
"chr7","25799661","25799990","chrX","129515310","129515636","49","103715649"
"chr7","26163385","26163600","chr7","26383975","26384190","5","220590"
"chr7","26174595","26174741","chr20","34240595","34240744","16","8066000"
"chr7","26174767","26174999","chr10","101870752","101870981","35","75695985"
"chr7","26268836","26269121","chr7","26484376","26484680","25","215540"
"chr7","26353992","26354299","chr7","26565689","26565996","7","211697"
"chr7","27428752","27429045","chr7","27614739","27615028","13","185987"
"chr7","27444347","27444643","chr7","27631625","27631918","15","187278"
"chr7","28204186","28204487","chr7","28368683","28368977","12","164497"
"chr7","28747705","28748012","chr1","153053700","153054007","40","124305995"
"chr7","28834112","28834424","chr7","28981175","28981470","33","147063"
"chr7","29179796","29180095","chr7","29326594","29326892","7","146798"
"chr7","29885602","29885902","chr7","30519671","30519968","8","634069"
"chr7","29898458","29898758","chr7","30532270","30532559","19","633812"
"chr7","30132401","30132663","chr7","30763604","30763879","17","631203"
"chr7","31116792","31117098","chr7","31693595","31693900","9","576803"
"chr7","32503065","32503374","chr10","111257463","111257769","40","78754398"
"chr7","32586826","32587119","chr7","33082573","33082865","5","495747"
"chr7","32796888","32797024","chr12","107590642","107590781","23","74793754"
"chr7","33283407","33283700","chr7","34040433","34040724","11","757026"
"chr7","34119443","34119749","chr7","34754669","34754975","3","635226"
"chr7","35329263","35329590","chr7","35949546","35949871","13","620283"
"chr7","35330577","35330802","chr3","127377138","127377354","38","92046561"
"chr7","35427129","35427432","chr7","36044820","36045115","14","617691"
"chr7","35969831","35970006","chr1","183479311","183479478","24","147509480"
"chr7","36173764","36173998","chr2A","40366204","40366435","36","4192440"
"chr7","36356882","36357176","chr7","36806316","36806607","8","449434"
"chr7","36830629","36830925","chr7","37269379","37269669","12","438750"
"chr7","37150304","37150637","chr7","37584633","37584958","18","434329"
"chr7","37722416","37722708","chr7","38153402","38153695","7","430986"
"chr7","37884760","37885067","chr5","20779550","20779859","35","17105210"
"chr7","38236012","38236142","chr19","44208841","44208971","11","5972829"
"chr7","38530097","38530380","chr7","38932868","38933148","14","402771"
"chr7","38764620","38764912","chr12","57076301","57076595","37","18311681"
"chr7","38842140","38842448","chr7","39243104","39243412","14","400964"
"chr7","39000826","39001120","chr7","39407832","39408128","17","407006"
"chr7","39083094","39083209","chr7","39488924","39489034","11","405830"
"chr7","39435393","39435693","chr7","39809151","39809448","11","373758"
"chr7","39634003","39634309","chr7","40010117","40010421","14","376114"
"chr7","40070209","40070397","chr14","70032372","70032557","27","29962163"
"chr7","40169104","40169400","chr7","44605553","44605841","15","4436449"
"chr7","40317661","40317883","chr14","69782883","69783099","44","29465222"
"chr7","40482502","40482807","chr7","44302445","44302748","9","3819943"
"chr7","40527063","40527371","chr7","44260109","44260411","15","3733046"
"chr7","40641075","40641370","chr7","44147289","44147593","15","3506214"
"chr7","40665843","40666141","chr7","44121817","44122120","12","3455974"
"chr7","40728263","40728558","chr7","44066855","44067151","12","3338592"
"chr7","40780483","40780792","chr7","44015120","44015431","5","3234637"
"chr7","40796130","40796446","chr7","43999700","44000000","23","3203570"
"chr7","41234844","41235138","chr7","43570345","43570639","5","2335501"
"chr7","41429336","41429514","chr7","43378872","43379050","6","1949536"
"chr7","41871587","41871822","chr3","116475354","116475583","40","74603767"
"chr7","41882273","41882509","chr2A","63573318","63573545","39","21691045"
"chr7","42068968","42069153","chr1","60029804","60029984","36","17960836"
"chr7","42506013","42506024","chr19","50943375","50943385","6","8437362"
"chr7","42506067","42506127","chr2A","44587851","44587912","16","2081784"
"chr7","42539965","42540244","chr7","42296460","42296739","10","243505"
"chr7","42872180","42872478","chr7","41967878","41968178","13","904302"
"chr7","43244123","43244274","chr7","41606742","41606901","11","1637381"
"chr7","43311328","43311636","chr7","41539253","41539559","11","1772075"
"chr7","43791441","43791739","chr7","41065369","41065667","4","2726072"
"chr7","43836744","43837024","chr7","41018476","41018756","4","2818268"
"chr7","44445551","44445852","chr9","80707313","80707610","31","36261762"
"chr7","44711551","44711859","chr7","44870098","44870391","18","158547"
"chr7","45065352","45065649","chr7","45205272","45205568","7","139920"
"chr7","45198948","45199092","chr15","37998574","37998719","25","7200374"
"chr7","45227323","45227618","chr13","47691993","47692293","29","2464670"
"chr7","45323717","45324020","chr10","25183002","25183307","33","20140715"
"chr7","45355671","45355968","chr5","83184631","83184934","47","37828960"
"chr7","45404213","45404520","chr7","45566533","45566828","13","162320"
"chr7","45413979","45414030","chr1","15820619","15820669","9","29593360"
"chr7","45487544","45487839","chr14","105276138","105276434","38","59788594"
"chr7","45699595","45699898","chr2B","187269325","187269629","37","141569730"
"chr7","46177414","46177668","chrX","69547600","69547854","33","23370186"
"chr7","46553730","46554015","chr7","46643452","46643735","8","89722"
"chr7","46796440","46796586","chr7","46874716","46874859","12","78276"
"chr7","47413338","47413634","chr7","47490120","47490416","5","76782"
"chr7","48044919","48045211","chr7","48108946","48109236","7","64027"
"chr7","48052384","48052678","chr16","10534834","10535127","28","37517550"
"chr7","48231358","48231573","chr7","48296610","48296824","6","65252"
"chr7","48245238","48245541","chr7","48310447","48310751","11","65209"
"chr7","48324270","48324586","chr7","48389542","48389858","9","65272"
"chr7","48363551","48363848","chr7","48428262","48428560","7","64711"
"chr7","48385568","48385865","chr7","48450274","48450573","11","64706"
"chr7","48431778","48432071","chr7","48496365","48496661","9","64587"
"chr7","50189636","50189761","chr7","50437100","50437225","0","247464"
"chr7","50552594","50552903","chr7","50764048","50764355","12","211454"
"chr7","50674640","50674923","chr7","50886235","50886523","10","211595"
"chr7","51219211","51219520","chr7","51437742","51438036","21","218531"
"chr7","51807569","51807856","chr7","51985346","51985636","9","177777"
"chr7","52069102","52069397","chr7","52249797","52250088","10","180695"
"chr7","52108840","52109126","chr19","49705671","49705964","42","2403169"
"chr7","52242056","52242350","chr7","52497336","52497627","15","255280"
"chr7","52292504","52292796","chr7","52540711","52540997","12","248207"
"chr7","52423340","52423637","chr7","52671833","52672131","9","248493"
"chr7","52583337","52583625","chr7","52826000","52826288","4","242663"
"chr7","52680344","52680645","chr7","52924814","52925115","10","244470"
"chr7","53967011","53967328","chr3","38686472","38686780","44","15280539"
"chr7","53999816","53999998","chr3","202223684","202223880","42","148223868"
"chr7","54000001","54000113","chr1","17481736","17481846","14","36518265"
"chr7","54233562","54233866","chr2A","75635062","75635363","40","21401500"
"chr7","54529165","54529472","chr7","54193156","54193474","23","336009"
"chr7","54744745","54745048","chr7","54981454","54981751","15","236709"
"chr7","55159934","55160242","chr7","55398129","55398443","16","238195"
"chr7","55478485","55478602","chr7","55665144","55665261","4","186659"
"chr7","56118715","56118902","chr7","56293719","56293906","4","175004"
"chr7","56129392","56129700","chr7","56304351","56304657","18","174959"
"chr7","56177358","56177657","chr7","56353194","56353487","10","175836"
"chr7","56335069","56335371","chr7","56520799","56521102","8","185730"
"chr7","56502496","56502805","chr3","142741809","142742118","31","86239313"
"chr7","56655164","56655456","chr7","56936036","56936330","7","280872"
"chr7","56663134","56663434","chr7","56950522","56950817","8","287388"
"chr7","56693872","56694177","chr7","56977251","56977553","16","283379"
"chr7","56698448","56698749","chr9","14679507","14679813","29","42018941"
"chr7","57182591","57182896","chr18","36949710","36950015","44","20232881"
"chr7","58091195","58091505","chr2A","62285562","62285871","34","4194367"
"chr7","62673754","62674014","chr15","60652031","60652294","29","2021723"
"chr7","62681148","62681448","chr6","22101482","22101783","45","40579666"
"chr7","62764857","62765165","chr21","36801272","36801577","36","25963585"
"chr7","62781628","62781915","chr7","63215399","63215688","16","433771"
"chr7","62967273","62967569","chr7","63512170","63512460","13","544897"
"chr7","63099606","63099853","chr7","63648020","63648252","17","548414"
"chr7","63123219","63123504","chr7","63673813","63674097","6","550594"
"chr7","63185312","63185604","chr7","63731393","63731684","3","546081"
"chr7","63284001","63284145","chr10","58766408","58766547","22","4517593"
"chr7","63362311","63362590","chr7","63881617","63881907","22","519306"
"chr7","63401943","63402242","chr7","63921661","63921953","18","519718"
"chr7","63758049","63758341","chr7","64253519","64253811","5","495470"
"chr7","63775995","63776299","chr7","64272090","64272394","8","496095"
"chr7","63917748","63918046","chr2B","195831065","195831358","34","131913317"
"chr7","64262317","64262614","chr3","13020227","13020524","38","51242090"
"chr7","64810508","64810791","chr7","64690615","64690914","27","119893"
"chr7","64847099","64847391","chr17","45805380","45805671","31","19041719"
"chr7","64985725","64985888","chr3","49530540","49530703","27","15455185"
"chr7","64989480","64989780","chr7","73171199","73171498","8","8181719"
"chr7","65258011","65258228","chr7","73429512","73429730","6","8171501"
"chr7","65639283","65639580","chr7","73781150","73781438","14","8141867"
"chr7","65681382","65681529","chr1","166885187","166885334","13","101203805"
"chr7","65698950","65699261","chr7","73842610","73842915","14","8143660"
"chr7","65838210","65838517","chr7","73971326","73971631","8","8133116"
"chr7","65840826","65841122","chr9","97612841","97613139","34","31772015"
"chr7","65845504","65845799","chr8","48379243","48379534","32","17466261"
"chr7","65973973","65974264","chr7","74100009","74100297","23","8126036"
"chr7","65988831","65988927","chr1","172155324","172155402","39","106166493"
"chr7","65989754","65989896","chr3","49994302","49994451","52","15995452"
"chr7","66122570","66122866","chr1","126192917","126193214","19","60070347"
"chr7","66153522","66153827","chr10","74433147","74433449","32","8279625"
"chr7","66206889","66207186","chr7","106140785","106141075","29","39933896"
"chr7","66274252","66274542","chr7","74766963","74767258","10","8492711"
"chr7","66409906","66409998","chr7","74925070","74925162","3","8515164"
"chr7","66973283","66973588","chr7","76006422","76006729","8","9033139"
"chr7","67245099","67245364","chr7","76262085","76262350","6","9016986"
"chr7","67252299","67252606","chr6","32732554","32732857","25","34519745"
"chr7","67600735","67601030","chr7","76601002","76601295","6","9000267"
"chr7","67638005","67638109","chr3","74951791","74951893","7","7313786"
"chr7","67701551","67701722","chr8","39016149","39016321","30","28685402"
"chr7","67720776","67721038","chrX","69547600","69547854","33","1826824"
"chr7","67802485","67802800","chr14","21861240","21861552","44","45941245"
"chr7","67803405","67803666","chr7","76801204","76801465","8","8997799"
"chr7","68260761","68261054","chr7","77230894","77231188","8","8970133"
"chr7","68294788","68294989","chr3","116648704","116648907","35","48353916"
"chr7","68630191","68630479","chr7","77585490","77585772","15","8955299"
"chr7","68818076","68818324","chr9","109573835","109574097","48","40755759"
"chr7","69007850","69008147","chr7","77966169","77966464","7","8958319"
"chr7","69466509","69466807","chr7","78459481","78459784","10","8992972"
"chr7","70179454","70179751","chr7","79157330","79157635","18","8977876"
"chr7","70514075","70514376","chr7","79490145","79490447","11","8976070"
"chr7","70566257","70566516","chr10","68476613","68476886","62","2089644"
"chr7","70741560","70741860","chr7","79700136","79700450","21","8958576"
"chr7","71445876","71446162","chr7","80378061","80378333","27","8932185"
"chr7","71685084","71685200","chr18","7409755","7409870","18","64275329"
"chr7","71704244","71704553","chr7","74110082","74110393","12","2405838"
"chr7","71989913","71990197","chr7","80548836","80549120","5","8558923"
"chr7","72354643","72354949","chr7","80914769","80915075","11","8560126"
"chr7","72366731","72367019","chr7","80927957","80928242","12","8561226"
"chr7","72460793","72461084","chr7","81019246","81019537","9","8558453"
"chr7","72590101","72590162","chr6","81260690","81260745","10","8670589"
"chr7","72597268","72597329","chr6","81260690","81260745","10","8663422"
"chr7","72668775","72669017","chr7","160556725","160556965","28","87887950"
"chr7","72669121","72669337","chr16","71968194","71968413","21","700927"
"chr7","72766409","72766695","chr7","81313370","81313654","5","8546961"
"chr7","72855320","72855621","chr5","35043534","35043843","30","37811786"
"chr7","72866258","72866551","chr9","80707313","80707610","28","7841055"
"chr7","73276399","73276690","chr7","81812161","81812455","6","8535762"
"chr7","73314720","73314980","chr7","81848382","81848639","8","8533662"
"chr7","73397241","73397382","chrX","41655431","41655574","21","31741810"
"chr7","73540625","73540772","chr7","105768602","105768749","5","32227977"
"chr7","73541046","73541059","chr7","105768315","105768328","2","32227269"
"chr7","73541313","73541623","chr4","169310924","169311230","110","95769611"
"chr7","73585226","73585529","chr7","105722282","105722590","18","32137056"
"chr7","73597818","73598107","chr12","89035794","89036086","25","15437976"
"chr7","73861496","73861669","chr8","126926061","126926230","32","53064565"
"chr7","74207490","74207753","chr2A","81146527","81146798","45","6939037"
"chr7","74301843","74302147","chr7","82107486","82107784","7","7805643"
"chr7","74422772","74423080","chr7","82311401","82311704","15","7888629"
"chr7","74531020","74531313","chr5","59685699","59685991","32","14845321"
"chr7","74592213","74592422","chr7","82463583","82463786","16","7871370"
"chr7","74602017","74602322","chr8","57704558","57704866","32","16897459"
"chr7","74743192","74743496","chr7","82609062","82609339","31","7865870"
"chr7","74894236","74894365","chr7","82756597","82756725","8","7862361"
"chr7","74895698","74895843","chr7","82758214","82758351","10","7862516"
"chr7","75097020","75097060","chr7","105800532","105800571","9","30703512"
"chr7","75218469","75218780","chr5","82824822","82825129","11","7606353"
"chr7","75610685","75610737","chr19","23448432","23448482","6","52162253"
"chr7","76033215","76033279","chr19","44195068","44195136","9","31838147"
"chr7","76298328","76298528","chr7","107145150","107145351","4","30846822"
"chr7","76299150","76299450","chr7","107144389","107144678","22","30845239"
"chr7","76521725","76521939","chr7","106923954","106924168","5","30402229"
"chr7","76583276","76583586","chr7","106862202","106862480","36","30278926"
"chr7","76698883","76699187","chr7","106754134","106754429","20","30055251"
"chr7","76747744","76748031","chr19","49705671","49705964","31","27042073"
"chr7","76955661","76955969","chr14","49949654","49949960","33","27006007"
"chr7","76995072","76995363","chrX","48319315","48319609","33","28675757"
"chr7","77054161","77054388","chr2B","121590524","121590746","31","44536363"
"chr7","77112625","77112766","chr6","43796281","43796415","23","33316344"
"chr7","77144631","77144924","chr1","141239412","141239712","37","64094781"
"chr7","77269688","77269995","chr7","106230810","106231121","13","28961122"
"chr7","77373775","77374072","chr7","106140785","106141075","13","28767010"
"chr7","77450710","77450922","chr7","106067813","106068025","8","28617103"
"chr7","77451234","77451281","chr17","2540854","2540892","19","74910380"
"chr7","77601591","77601902","chr11","117383282","117383589","40","39781691"
"chr7","77655141","77655313","chr7","105871913","105872084","4","28216772"
"chr7","77656502","77656674","chr7","105871913","105872084","3","28215411"
"chr7","77681349","77681648","chr7","105846280","105846555","27","28164931"
"chr7","77704413","77704668","chr7","105823245","105823500","3","28118832"
"chr7","77728144","77728183","chr7","105800532","105800571","1","28072388"
"chr7","77811701","77812008","chr7","105722282","105722590","9","27910581"
"chr7","77902685","77902957","chr4","42329666","42329940","29","35573019"
"chr7","78065915","78066211","chr7","105483092","105483386","7","27417177"
"chr7","78255134","78255310","chr7","105293683","105293859","9","27038549"
"chr7","78266018","78266131","chr14","107207158","107207275","21","28941140"
"chr7","78396105","78396334","chr7","105194918","105195147","27","26798813"
"chr7","78577051","78577349","chr7","105000432","105000726","11","26423381"
"chr7","78583276","78583568","chr6","71552756","71553045","30","7030520"
"chr7","78658105","78658405","chr7","104926717","104927017","5","26268612"
"chr7","79180252","79180538","chr7","104392157","104392452","24","25211905"
"chr7","79356152","79356461","chr22","35302996","35303304","28","44053156"
"chr7","79583276","79583575","chr11","106901349","106901647","32","27318073"
"chr7","79657981","79658283","chr7","103891472","103891766","15","24233491"
"chr7","79674875","79675172","chr7","103874470","103874775","17","24199595"
"chr7","79678275","79678582","chr1","153053700","153054007","40","73375425"
"chr7","79758373","79758631","chr7","103791712","103791970","2","24033339"
"chr7","79821733","79822040","chr4","75171632","75171933","28","4650101"
"chr7","79937893","79938167","chr7","103615124","103615396","12","23677231"
"chr7","80410149","80410434","chr7","103294039","103294323","6","22883890"
"chr7","80637029","80637199","chr7","102997858","102998032","12","22360829"
"chr7","81716586","81716879","chr7","101926052","101926344","12","20209466"
"chr7","83175979","83176285","chr7","100522907","100523211","7","17346928"
"chr7","83183245","83183389","chr7","100515820","100515950","16","17332575"
"chr7","83874844","83875146","chr7","99831186","99831483","8","15956342"
"chr7","85439029","85439304","chr7","98306632","98306903","12","12867603"
"chr7","85847290","85847420","chr3","153870028","153870158","11","68022738"
"chr7","85916642","85916933","chr7","97834709","97835002","5","11918067"
"chr7","86002430","86002725","chr7","97748180","97748473","9","11745750"
"chr7","86174422","86174717","chr7","97577727","97578021","7","11403305"
"chr7","86386340","86386649","chr7","97376872","97377180","7","10990532"
"chr7","87514229","87514534","chr7","96270770","96271076","7","8756541"
"chr7","87755140","87755267","chr7","96022533","96022660","3","8267393"
"chr7","88230560","88230851","chr7","95598856","95599148","6","7368296"
"chr7","88884697","88885002","chr7","94953675","94953974","14","6068978"
"chr7","89103375","89103651","chr7","94735028","94735276","34","5631653"
"chr7","90086435","90086734","chr7","93761895","93762192","10","3675460"
"chr7","90578452","90578741","chr7","93263158","93263447","10","2684706"
"chr7","90637563","90637872","chrX","54763108","54763408","42","35874455"
"chr7","90679165","90679474","chrX","54763108","54763408","42","35916057"
"chr7","91353771","91354078","chr7","92507522","92507829","5","1153751"
"chr7","92007926","92008199","chr12","89830782","89831060","33","2177144"
"chr7","92086172","92086398","chr16","30848950","30849175","30","61237222"
"chr7","92094461","92094781","chr7","91749858","91750139","44","344603"
"chr7","92582701","92582977","chr7","91260605","91260883","5","1322096"
"chr7","92783887","92784179","chr7","91062373","91062664","12","1721514"
"chr7","93737121","93737429","chr17","51484081","51484382","11","42253040"
"chr7","93840213","93840492","chr7","90059272","90059553","7","3780941"
"chr7","93842139","93842243","chr7","90057618","90057722","2","3784521"
"chr7","94108881","94109181","chr7","89790488","89790783","18","4318393"
"chr7","94486500","94486763","chr7","89417700","89417948","21","5068800"
"chr7","94780831","94781042","chr7","89128525","89128736","4","5652306"
"chr7","95027785","95028053","chr7","88879075","88879343","8","6148710"
"chr7","96058428","96058706","chr7","87904594","87904871","13","8153834"
"chr7","97111623","97111924","chr7","86865824","86866131","14","10245799"
"chr7","97245238","97245525","chr4","132466886","132467174","30","35221648"
"chr7","97351805","97352089","chr3","197672240","197672519","42","100320435"
"chr7","97397014","97397306","chr7","86579311","86579605","15","10817703"
"chr7","98174046","98174176","chr16","85233737","85233867","13","12940309"
"chr7","98191661","98191768","chr8","143391397","143391500","10","45199736"
"chr7","98230530","98230832","chr7","85786954","85787246","20","12443576"
"chr7","98964731","98965040","chr7","85162725","85163040","17","13802006"
"chr7","99643919","99644228","chr7","84500544","84500836","28","15143375"
"chr7","99816368","99816674","chr7","84325132","84325436","8","15491236"
"chr7","100192248","100192557","chr7","83944897","83945203","8","16247351"
"chr7","100200170","100200387","chr2B","121590524","121590746","38","21390354"
"chr7","100321837","100321963","chr2B","120365550","120365675","25","20043713"
"chr7","100493561","100493863","chr7","83647631","83647924","24","16845930"
"chr7","100628004","100628306","chr7","83513297","83513599","4","17114707"
"chr7","100645012","100645309","chr7","83496417","83496716","7","17148595"
"chr7","100747638","100747911","chr7","83387504","83387774","8","17360134"
"chr7","100783733","100784035","chr7","83351886","83352188","6","17431847"
"chr7","101606280","101606589","chrUn_NW_014017404v1","242","545","24","101606038"
"chr7","101675334","101675622","chr7","107684119","107684407","8","6008785"
"chr7","102577525","102577827","chr7","108535202","108535502","7","5957677"
"chr7","102822945","102823242","chr11","19980359","19980655","40","82842586"
"chr7","103483246","103483553","chr7","109423457","109423764","10","5940211"
"chr7","103747086","103747209","chr7","109679562","109679685","1","5932476"
"chr7","103953043","103953351","chr1","153471690","153471986","34","49518647"
"chr7","104014698","104014924","chr7","109936935","109937162","4","5922237"
"chr7","104109919","104110219","chr7","110033415","110033715","9","5923496"
"chr7","104145196","104145507","chr7","110067092","110067401","12","5921896"
"chr7","104149451","104149710","chr7","110070450","110070710","5","5920999"
"chr7","104165378","104165682","chr7","110086183","110086484","8","5920805"
"chr7","104180248","104180361","chr4","92704101","92704213","16","11476147"
"chr7","104182363","104182657","chr17","3658381","3658675","32","100523982"
"chr7","104193930","104194238","chr17","56821225","56821534","27","47372705"
"chr7","104197115","104197414","chr1","126192917","126193214","39","21995802"
"chr7","104234345","104234639","chr2A","97416894","97417185","37","6817451"
"chr7","104250298","104250589","chr7","110171516","110171807","6","5921218"
"chr7","104334737","104335035","chr7","110255845","110256135","13","5921108"
"chr7","104411658","104411948","chr7","110329281","110329572","15","5917623"
"chr7","104668325","104668632","chr7","110578122","110578423","11","5909797"
"chr7","105039816","105040114","chr7","110940043","110940341","9","5900227"
"chr7","105145331","105145622","chr7","111043464","111043753","9","5898133"
"chr7","105815003","105815312","chr7","111682490","111682799","6","5867487"
"chr7","106075839","106076132","chr7","111939368","111939655","11","5863529"
"chr7","106208805","106209101","chr7","112064000","112064296","5","5855195"
"chr7","106404086","106404383","chr7","112244450","112244740","17","5840364"
"chr7","106408854","106409020","chr7","112249246","112249413","9","5840392"
"chr7","106582894","106583188","chr7","112405418","112405710","6","5822524"
"chr7","106611594","106611878","chr7","112435933","112436217","6","5824339"
"chr7","106695889","106696178","chr7","112516004","112516297","10","5820115"
"chr7","106706248","106706557","chr7","112526347","112526656","7","5820099"
"chr7","106789075","106789327","chr7","112610706","112610955","7","5821631"
"chr7","106847743","106848050","chr7","112669911","112670218","8","5822168"
"chr7","106873023","106873319","chr1","141239412","141239712","34","34366389"
"chr7","107238303","107238607","chr7","113058206","113058511","6","5819903"
"chr7","107952756","107953059","chr7","113762440","113762738","13","5809684"
"chr7","108211136","108211431","chr7","114016363","114016654","11","5805227"
"chr7","110014737","110015019","chr7","115762827","115763114","10","5748090"
"chr7","110065121","110065411","chr7","115806290","115806580","5","5741169"
"chr7","110558770","110559046","chr7","116283596","116283861","18","5724826"
"chr7","110757659","110757957","chr7","116484635","116484934","5","5726976"
"chr7","111155043","111155331","chr7","116873711","116874008","13","5718668"
"chr7","111797597","111797887","chr18","19526144","19526435","25","92271453"
"chr7","111813980","111814285","chr7","117493231","117493533","11","5679251"
"chr7","113821798","113822104","chr7","119381365","119381669","14","5559567"
"chr7","113960248","113960582","chr7","119550865","119551197","11","5590617"
"chr7","114713633","114713926","chr7","120276871","120277160","7","5563238"
"chr7","114759475","114759758","chr4","143236477","143236762","25","28477002"
"chr7","115127256","115127557","chr7","120680711","120681015","13","5553455"
"chr7","116018929","116019225","chr7","121558486","121558783","9","5539557"
"chr7","116090085","116090360","chr7","121629060","121629339","8","5538975"
"chr7","116192242","116192537","chr7","121731778","121732075","9","5539536"
"chr7","116636995","116637295","chr7","122176745","122177053","13","5539750"
"chr7","117582088","117582379","chr7","123107813","123108110","16","5525725"
"chr7","118146099","118146340","chr5","164032167","164032411","43","45886068"
"chr7","118146375","118146619","chr5","164032167","164032411","44","45885792"
"chr7","118614817","118615121","chr7","124069033","124069336","12","5454216"
"chr7","119430214","119430468","chr7","124869759","124870013","8","5439545"
"chr7","121268135","121268423","chr7","126658600","126658891","7","5390465"
"chr7","121417918","121418221","chr7","126807744","126808047","3","5389826"
"chr7","121801771","121802079","chr7","127155838","127156144","9","5354067"
"chr7","121903984","121904266","chr7","127258891","127259198","31","5354907"
"chr7","122225192","122225500","chr3","58617416","58617725","39","63607776"
"chr7","122824975","122825261","chr7","128197626","128197913","5","5372651"
"chr7","122955365","122955652","chr7","128322328","128322650","43","5366963"
"chr7","124178458","124178743","chr7","129537941","129538229","12","5359483"
"chr7","124369810","124370083","chr7","129733920","129734198","10","5364110"
"chr7","124489708","124490000","chr7","129852586","129852877","5","5362878"
"chr7","124558557","124558838","chr7","129921510","129921793","11","5362953"
"chr7","124569245","124569541","chr7","129932158","129932454","7","5362913"
"chr7","125909043","125909325","chr7","131217278","131217560","4","5308235"
"chr7","125925715","125925999","chr7","131233942","131234227","6","5308227"
"chr7","126049382","126049689","chr7","131351416","131351721","6","5302034"
"chr7","127221864","127222145","chr15","63042800","63043080","38","64179064"
"chr7","127721068","127721119","chr7","133016555","133016606","1","5295487"
"chr7","127721423","127721575","chr7","133016910","133017062","2","5295487"
"chr7","127772783","127773081","chr7","133067917","133068200","24","5295134"
"chr7","127820487","127820719","chr19","17033695","17033928","31","110786792"
"chr7","127871502","127871714","chr17","2196508","2196718","30","125674994"
"chr7","128030090","128030399","chr10","125238196","125238503","42","2791894"
"chr7","128234359","128234651","chr7","133344115","133344411","15","5109756"
"chr7","128403910","128404220","chr7","133512556","133512865","11","5108646"
"chr7","128430197","128430343","chr6","43796281","43796415","27","84633916"
"chr7","128446804","128447099","chr7","133552741","133553033","10","5105937"
"chr7","128554383","128554617","chr7","133660436","133660670","2","5106053"
"chr7","128604454","128604755","chr3","37596334","37596638","28","91008120"
"chr7","128720487","128720788","chr7","133828143","133828422","27","5107656"
"chr7","128791657","128791964","chr7","133894175","133894472","15","5102518"
"chr7","128913372","128913686","chr7","134018312","134018613","19","5104940"
"chr7","128969390","128969675","chr7","134075054","134075335","15","5105664"
"chr7","128988378","128988675","chr7","134103863","134104156","10","5115485"
"chr7","129052093","129052351","chr8","19650625","19650877","33","109401468"
"chr7","129107820","129108128","chr7","134218517","134218825","7","5110697"
"chr7","129337194","129337497","chr7","134447596","134447904","11","5110402"
"chr7","129605555","129605849","chr7","134708961","134709250","10","5103406"
"chr7","129806978","129807257","chr7","134904003","134904282","5","5097025"
"chr7","130060332","130060634","chr7","135228402","135228705","9","5168070"
"chr7","130123126","130123256","chr5","117912572","117912704","12","12210554"
"chr7","130128210","130128436","chr7","135298608","135298828","16","5170398"
"chr7","130347542","130347828","chr7","135513234","135513520","7","5165692"
"chr7","130494359","130494659","chr7","135654991","135655290","10","5160632"
"chr7","130495929","130496219","chr7","135656559","135656851","12","5160630"
"chr7","130511256","130511555","chr7","135672150","135672453","11","5160894"
"chr7","130871150","130871419","chr7","136017343","136017612","3","5146193"
"chr7","131005845","131006148","chr1","209292842","209293145","33","78286997"
"chr7","131372597","131372860","chr7","136503176","136503434","11","5130579"
"chr7","131949715","131950012","chr7","137080494","137080798","14","5130779"
"chr7","132452381","132452673","chrX","31294941","31295233","25","101157440"
"chr7","132573867","132574164","chr7","137725428","137725726","10","5151561"
"chr7","132575837","132576136","chr7","137725428","137725726","45","5149591"
"chr7","132830564","132830869","chr7","137976864","137977168","9","5146300"
"chr7","133287601","133287890","chr7","138401931","138402231","20","5114330"
"chr7","133586255","133586559","chr7","138704315","138704620","13","5118060"
"chr7","133679573","133679873","chr6","18374072","18374369","37","115305501"
"chr7","133959188","133959355","chr5","91500054","91500220","38","42459134"
"chr7","134320626","134320918","chr7","139422463","139422759","17","5101837"
"chr7","134329437","134329729","chr7","139422463","139422759","17","5093026"
"chr7","134823359","134823587","chr7","139921667","139921894","6","5098308"
"chr7","134905865","134906172","chr7","140001830","140002138","7","5095965"
"chr7","134917873","134918160","chr7","140016330","140016608","17","5098457"
"chr7","134936030","134936334","chr7","140034576","140034880","8","5098546"
"chr7","135136915","135137221","chr7","140233178","140233486","12","5096263"
"chr7","136868665","136868833","chr7","141855877","141856042","4","4987212"
"chr7","137374150","137374382","chr7","142335298","142335534","4","4961148"
"chr7","137568663","137568960","chr7","142509610","142509905","8","4940947"
"chr7","137835072","137835371","chr7","142779124","142779408","24","4944052"
"chr7","137875609","137875865","chr7","142818811","142819040","31","4943202"
"chr7","137928557","137928701","chr7","142867642","142867786","1","4939085"
"chr7","138408951","138409111","chr7","143349010","143349171","8","4940059"
"chr7","138639395","138639693","chr7","143579110","143579412","8","4939715"
"chr7","138712622","138712929","chr3","25578151","25578455","38","113134471"
"chr7","138915343","138915638","chr7","143840750","143841026","22","4925407"
"chr7","139000743","139000873","chr2B","169645501","169645628","35","30644758"
"chr7","139019879","139020055","chr17","63678196","63678389","49","75341683"
"chr7","139085225","139085514","chr8","39771034","39771325","26","99314191"
"chr7","139306572","139306748","chr7","144229050","144229227","5","4922478"
"chr7","139306890","139307174","chr7","144229369","144229653","7","4922479"
"chr7","139598712","139598989","chr12","97209476","97209744","37","42389236"
"chr7","139809052","139809330","chr7","144666218","144666498","11","4857166"
"chr7","139940727","139941028","chr8","97847918","97848226","41","42092809"
"chr7","139960351","139960629","chr7","144812252","144812530","5","4851901"
"chr7","140008669","140008979","chr4","39642648","39642949","39","100366021"
"chr7","140140449","140140740","chr7","144979707","144979994","11","4839258"
"chr7","140305754","140306045","chr7","145146241","145146531","6","4840487"
"chr7","140477773","140478056","chr7","145307284","145307566","8","4829511"
"chr7","140508717","140509025","chr1","157448490","157448797","32","16939773"
"chr7","141156151","141156445","chr7","145942735","145943022","10","4786584"
"chr7","141237240","141237533","chr7","146024289","146024582","7","4787049"
"chr7","141360606","141360905","chr7","146149192","146149484","10","4788586"
"chr7","143042960","143043271","chr7","147811955","147812264","11","4768995"
"chr7","143666633","143666934","chr7","148404900","148405205","11","4738267"
"chr7","145129174","145129456","chr7","149771017","149771301","16","4641843"
"chr7","145220214","145220510","chr7","149864101","149864394","12","4643887"
"chr7","145434095","145434212","chr1","40762626","40762724","40","104671469"
"chr7","146550416","146550667","chr9","133478696","133478963","44","13071720"
"chr7","147481772","147481871","chr7","152100190","152100289","3","4618418"
"chr7","147751520","147751651","chr7","152360002","152360137","9","4608482"
"chr7","148443813","148444008","chr4","169359834","169360031","32","20916021"
"chr7","148546206","148546504","chr7","153153843","153154142","5","4607637"
"chr7","148621261","148621566","chr7","153229310","153229600","29","4608049"
"chr7","148659691","148659975","chr16","86665786","86666060","45","61993905"
"chr7","148671540","148671831","chr7","153281678","153281965","11","4610138"
"chr7","148699064","148699362","chr7","153311197","153311487","16","4612133"
"chr7","148785876","148786145","chr7","153398160","153398414","18","4612284"
"chr7","148834362","148834662","chr7","153444662","153444959","11","4610300"
"chr7","148861449","148861755","chr7","153468565","153468870","6","4607116"
"chr7","149236047","149236350","chr7","153816573","153816871","17","4580526"
"chr7","149251901","149252179","chr7","153832487","153832765","10","4580586"
"chr7","149919739","149920029","chr7","154086426","154086716","9","4166687"
"chr7","150465585","150465850","chr7","154599920","154600185","9","4134335"
"chr7","150640326","150640623","chr7","154772320","154772615","14","4131994"
"chr7","150880414","150880636","chr7","154995961","154996183","6","4115547"
"chr7","151045405","151045692","chr7","155155070","155155364","11","4109665"
"chr7","151167019","151167337","chr7","155272342","155272660","8","4105323"
"chr7","151779325","151779633","chr21","45851110","45851409","40","105928215"
"chr7","152120711","152121020","chr7","156166543","156166852","7","4045832"
"chr7","152130817","152131110","chr3","48209643","48209937","33","103921174"
"chr7","152194702","152194885","chr9","34368300","34368485","24","117826402"
"chr7","152263574","152263876","chr4","42414063","42414362","40","109849511"
"chr7","152365594","152365772","chr10","67954243","67954419","25","84411351"
"chr7","152378736","152378859","chr7","156390085","156390208","2","4011349"
"chr7","152396383","152396708","chr7","156407684","156407993","19","4011301"
"chr7","152399261","152399548","chr7","156410545","156410830","14","4011284"
"chr7","152428829","152429136","chr3","37596334","37596638","32","114832495"
"chr7","152762886","152763193","chr1","212563309","212563600","51","59800423"
"chr7","152899757","152900016","chr14","18524204","18524461","46","134375553"
"chr7","153299619","153299739","chr7","55665144","55665261","15","97634475"
"chr7","153299774","153299945","chr3","10408327","10408500","22","142891447"
"chr7","153305816","153306111","chrX","19207470","19207766","31","134098346"
"chr7","153311329","153311624","chrX","19207470","19207766","31","134103859"
"chr7","153571034","153571164","chr3","47292730","47292861","15","106278304"
"chr7","153660128","153660431","chrUn_NW_014017511v1","67584","67877","15","153592544"
"chr7","153997940","153998241","chr7","157591886","157592187","6","3593946"
"chr7","154233635","154233929","chr7","157814749","157815041","12","3581114"
"chr7","154924234","154924512","chr7","158507245","158507525","15","3583011"
"chr7","155446846","155447144","chr7","159014825","159015122","12","3567979"
"chr7","155799674","155799978","chr7","159370548","159370854","8","3570874"
"chr7","156104748","156105058","chr7","159664747","159665056","6","3559999"
"chr7","156580106","156580406","chr1","141239412","141239712","30","15340694"
"chr7","156906391","156906687","chr7","160410070","160410362","9","3503679"
"chr7","157038695","157038992","chr14","104187925","104188221","27","52850770"
"chr7","157054087","157054331","chr7","160556725","160556965","12","3502638"
"chr7","157116518","157116835","chr7","160613129","160613438","12","3496611"
"chr7","158978937","158979033","chr17","70308528","70308619","17","88670409"
"chr8","41549574","41549889","chr8","72039911","72040227","7","30490337"
"chr8","41811952","41812242","chr8","71781276","71781573","12","29969324"
"chr8","1067167","1067461","chr8","1165640","1165934","11","98473"
"chr8","2058426","2058671","chr1","53001051","53001293","45","50942625"
"chr8","2221920","2222227","chr8","2412718","2413023","12","190798"
"chr8","2363549","2363844","chr8","2560727","2561023","12","197178"
"chr8","2579379","2579684","chr8","2773990","2774291","14","194611"
"chr8","2963116","2963402","chr8","3151737","3152021","13","188621"
"chr8","3499128","3499437","chr8","3700926","3701235","5","201798"
"chr8","3891939","3892238","chr8","4067919","4068222","18","175980"
"chr8","4422650","4422954","chr1","93473812","93474110","37","89051162"
"chr8","5385386","5385600","chr8","5614270","5614493","17","228884"
"chr8","7285863","7286143","chr11","65641415","65641705","43","58355552"
"chr8","7429844","7429975","chr11","70123635","70123764","11","62693791"
"chr8","7430276","7430432","chr16","5181647","5181801","8","2248629"
"chr8","7522483","7522801","chr3","187949195","187949504","46","180426712"
"chr8","7635088","7635359","chr13","20829109","20829378","38","13194021"
"chr8","7795571","7795882","chr9","17462214","17462522","47","9666643"
"chr8","7942163","7942473","chr17","4999398","4999706","29","2942765"
"chr8","8473049","8473346","chr19","13773290","13773582","36","5300241"
"chr8","9679261","9679565","chr3","110958105","110958401","44","101278844"
"chr8","11108215","11108505","chr12","105205781","105206074","29","94097566"
"chr8","11891072","11891323","chr8","8969362","8969614","6","2921710"
"chr8","11912669","11912952","chr8","8990957","8991240","6","2921712"
"chr8","11964055","11964361","chr8","9043702","9044008","5","2920353"
"chr8","13841504","13841764","chr8","10878699","10878965","12","2962805"
"chr8","13881225","13881493","chr17","9578996","9579272","40","4302229"
"chr8","13898782","13899074","chr1","204721978","204722271","37","190823196"
"chr8","14232158","14232470","chr8","11268814","11269124","7","2963344"
"chr8","14510612","14510878","chr8","11549438","11549712","12","2961174"
"chr8","14558475","14558766","chr8","11597075","11597360","15","2961400"
"chr8","14680774","14681083","chr5","35043534","35043843","33","20362760"
"chr8","14783158","14783465","chr8","11791985","11792291","6","2991173"
"chr8","15093153","15093393","chr8","12101457","12101697","5","2991696"
"chr8","15472697","15472997","chr5","77059702","77059998","39","61587005"
"chr8","15488118","15488418","chr5","77059702","77059998","38","61571584"
"chr8","15982269","15982565","chr8","13094880","13095175","8","2887389"
"chr8","16092279","16092555","chr8","13183006","13183279","9","2909273"
"chr8","16267478","16267781","chr8","13357861","13358151","28","2909617"
"chr8","16530316","16530615","chr8","13612327","13612628","7","2917989"
"chr8","17020614","17020862","chr8","14102615","14102865","10","2917999"
"chr8","17184731","17185039","chr8","14263894","14264193","20","2920837"
"chr8","17856377","17856681","chr8","14930892","14931195","15","2925485"
"chr8","17878365","17878655","chr8","14954065","14954353","8","2924300"
"chr8","17879029","17879325","chr8","14954727","14955013","18","2924302"
"chr8","18086354","18086648","chr9","6610944","6611237","42","11475410"
"chr8","18113669","18113950","chr8","15221453","15221735","7","2892216"
"chr8","18666749","18667025","chr8","15772474","15772749","7","2894275"
"chr8","18877981","18878278","chr8","15983630","15983926","10","2894351"
"chr8","18974801","18975094","chr8","16080849","16081144","16","2893952"
"chr8","19152559","19152833","chr8","16247010","16247289","14","2905549"
"chr8","19324028","19324302","chr11","109988768","109989055","42","90664740"
"chr8","19416178","19416466","chr8","16504823","16505116","10","2911355"
"chr8","20871985","20872256","chr8","17899084","17899354","9","2972901"
"chr8","21009100","21009392","chr8","18036053","18036346","6","2973047"
"chr8","21157436","21157729","chr8","18186074","18186368","7","2971362"
"chr8","21395212","21395260","chr8","18456154","18456202","0","2939058"
"chr8","21585118","21585406","chr8","18648489","18648785","20","2936629"
"chr8","21623349","21623645","chr8","18697336","18697627","15","2926013"
"chr8","21734634","21734817","chr17","12711833","12712018","23","9022801"
"chr8","21827822","21828152","chr8","18889646","18889934","56","2938176"
"chr8","22586988","22587241","chr8","19650625","19650877","8","2936363"
"chr8","23039356","23039652","chr8","20082917","20083208","13","2956439"
"chr8","23319844","23320143","chr8","20365121","20365419","15","2954723"
"chr8","23690963","23691270","chr8","20720472","20720771","14","2970491"
"chr8","23816494","23816796","chr8","20851853","20852159","10","2964641"
"chr8","24178372","24178676","chr8","21211978","21212284","5","2966394"
"chr8","24432306","24432611","chr8","21469802","21470108","9","2962504"
"chr8","24557584","24557886","chr8","21596840","21597140","10","2960744"
"chr8","24703478","24703636","chr8","21742156","21742314","6","2961322"
"chr8","25161373","25161676","chr8","22190540","22190835","13","2970833"
"chr8","25340975","25341214","chr17","45765094","45765334","39","20424119"
"chr8","25462442","25462732","chr8","22485239","22485532","22","2977203"
"chr8","25709169","25709312","chr10","67967233","67967376","20","42258064"
"chr8","25738710","25739018","chr8","22779329","22779637","11","2959381"
"chr8","25826596","25826927","chr8","22860349","22860675","8","2966247"
"chr8","26041169","26041291","chr10","92151528","92151655","24","66110359"
"chr8","26412295","26412602","chr8","23732209","23732507","16","2680086"
"chr8","26933223","26933503","chr8","24309614","24309903","23","2623609"
"chr8","27150517","27150821","chr8","24525739","24526040","6","2624778"
"chr8","27320141","27320425","chr8","24699690","24699976","9","2620451"
"chr8","27716616","27716920","chr8","25081993","25082288","17","2634623"
"chr8","27846095","27846403","chr1","27504604","27504912","44","341491"
"chr8","27954335","27954643","chr8","25314553","25314844","23","2639782"
"chr8","28264658","28264966","chr8","25623982","25624293","10","2640676"
"chr8","28875232","28875385","chr22","38265923","38266066","27","9390691"
"chr8","29966701","29967000","chr8","83378093","83378391","8","53411392"
"chr8","30443344","30443639","chr8","82815625","82815915","15","52372281"
"chr8","30882692","30882974","chr7","97904460","97904743","34","67021768"
"chr8","30892782","30893076","chr8","82371500","82371793","7","51478718"
"chr8","31803502","31803638","chr8","81472243","81472379","4","49668741"
"chr8","31810284","31810574","chr8","81465685","81465975","8","49655401"
"chr8","32496308","32496573","chrX","71272323","71272593","30","38776015"
"chr8","32868143","32868376","chr8","80353194","80353424","6","47485051"
"chr8","33001260","33001560","chr1","51386477","51386776","30","18385217"
"chr8","33499802","33500000","chr7","38301924","38302124","34","4802122"
"chr8","33551453","33551768","chr8","79678727","79679044","16","46127274"
"chr8","33834961","33835077","chr1","62667510","62667618","30","28832549"
"chr8","33845681","33845980","chr8","79415585","79415876","11","45569904"
"chr8","34698437","34698726","chr8","78607583","78607869","12","43909146"
"chr8","34870578","34870874","chr17","3658381","3658675","28","31212197"
"chr8","35054212","35054510","chr14","73185976","73186275","46","38131764"
"chr8","35063812","35064109","chr8","78230324","78230617","14","43166512"
"chr8","35256457","35256761","chr8","78033501","78033801","14","42777044"
"chr8","35359908","35360207","chr8","77932233","77932529","10","42572325"
"chr8","38156776","38157044","chr6","140165160","140165437","36","102008384"
"chr8","38988033","38988320","chr1","129122206","129122498","12","90134173"
"chr8","39506030","39506327","chr8","74047582","74047878","6","34541552"
"chr8","40278603","40278894","chr8","73297331","73297626","12","33018728"
"chr8","41267759","41267869","chr8","72320165","72320275","1","31052406"
"chr8","41275104","41275414","chr8","72312679","72312987","6","31037575"
"chr8","41292174","41292467","chr1","153471690","153471986","33","112179516"
"chr8","41419951","41420259","chr8","72166590","72166887","19","30746639"
"chr8","41449916","41450087","chr8","72137006","72137149","31","30687090"
"chr8","41472972","41473256","chr8","72115082","72115366","7","30642110"
"chr8","41572742","41573031","chr8","72014830","72015124","12","30442088"
"chr8","41690822","41691007","chr1","166657455","166657650","39","124966633"
"chr8","41750969","41751258","chr8","71843044","71843351","24","30092075"
"chr8","41962003","41962311","chr8","71632089","71632397","4","29670086"
"chr8","42414857","42415166","chr8","71179890","71180199","4","28765033"
"chr8","42816023","42816331","chr3","54677034","54677342","30","11861011"
"chr8","42894769","42894904","chr8","70708421","70708556","4","27813652"
"chr8","43153500","43153817","chr8","70443792","70444097","14","27290292"
"chr8","44671482","44671776","chr8","68911700","68911994","9","24240218"
"chr8","45147149","45147471","chr8","68449229","68449539","14","23302080"
"chr8","45389151","45389429","chr12","101925218","101925496","39","56536067"
"chr8","45397277","45397579","chr8","68202468","68202769","9","22805191"
"chr8","45469170","45469466","chr8","68128765","68129056","14","22659595"
"chr8","45491023","45491330","chr8","68105151","68105462","13","22614128"
"chr8","46385690","46385858","chr8","67233066","67233239","7","20847376"
"chr8","46434976","46435312","chr6","98762397","98762726","51","52327421"
"chr8","46885013","46885222","chr6","152952505","152952710","42","106067492"
"chr8","48224093","48224406","chr8","65415513","65415806","34","17191420"
"chr8","48352500","48352810","chr8","65292686","65292996","4","16940186"
"chr8","48428758","48428990","chr8","65217268","65217500","6","16788510"
"chr8","48620321","48620608","chr8","65033686","65033972","6","16413365"
"chr8","48721216","48721517","chr8","64932874","64933175","1","16211658"
"chr8","48808355","48808649","chr2A","110470602","110470893","27","61662247"
"chr8","49003483","49003753","chr8","64651278","64651546","7","15647795"
"chr8","49581608","49581839","chr8","64127534","64127759","8","14545926"
"chr8","49619276","49619555","chr8","64091806","64092085","10","14472530"
"chr8","49619600","49619610","chr8","64091762","64091773","1","14472162"
"chr8","49773023","49773329","chr8","63965204","63965485","30","14192181"
"chr8","49838455","49838748","chr8","63900279","63900574","7","14061824"
"chr8","49924375","49924676","chr8","63815472","63815779","10","13891097"
"chr8","49940065","49940370","chr8","63800112","63800402","26","13860047"
"chr8","50009247","50009526","chr8","63731242","63731544","27","13721995"
"chr8","50024871","50025172","chr8","63715589","63715890","9","13690718"
"chr8","50742059","50742270","chr8","63009980","63010193","9","12267921"
"chr8","50898177","50898482","chr8","62853788","62854086","21","11955611"
"chr8","51194375","51194686","chr8","62554670","62554985","12","11360295"
"chr8","51876236","51876543","chr8","61888016","61888316","13","10011780"
"chr8","52089397","52089673","chr8","61670989","61671289","28","9581592"
"chr8","52776666","52776958","chr8","60979605","60979891","16","8202939"
"chr8","53051710","53052019","chr8","60715029","60715338","13","7663319"
"chr8","53485194","53485299","chr8","60287439","60287544","2","6802245"
"chr8","54193036","54193336","chr8","59551189","59551471","28","5358153"
"chr8","54789492","54789782","chr8","58907514","58907819","28","4118022"
"chr8","54903152","54903447","chr2B","222511499","222511796","39","167608347"
"chr8","55154792","55155085","chr8","58549720","58550021","14","3394928"
"chr8","55237067","55237357","chr8","58470071","58470358","17","3233004"
"chr8","56024224","56024534","chr8","57704558","57704866","15","1680334"
"chr8","56162877","56163167","chr8","57573518","57573802","14","1410641"
"chr8","57916424","57916726","chr8","55929663","55929943","29","1986761"
"chr8","58390455","58390615","chr20","510688","510841","26","57879767"
"chr8","58879829","58880138","chr8","50706788","50707086","17","8173041"
"chr8","59855490","59855607","chr19","11865892","11866006","24","47989598"
"chr8","59870062","59870352","chr8","49746742","49747031","11","10123320"
"chr8","60626156","60626367","chr8","48960158","48960367","6","11665998"
"chr8","61010410","61010719","chr8","48592073","48592378","15","12418337"
"chr8","61197767","61198068","chr8","48379243","48379534","17","12818524"
"chr8","61243449","61243717","chr4","18876275","18876539","42","42367174"
"chr8","61405400","61405709","chr8","48175550","48175857","9","13229850"
"chr8","61448741","61449048","chr8","48132355","48132647","22","13316386"
"chr8","61618701","61618929","chr8","47964855","47965083","3","13653846"
"chr8","61738827","61739117","chr19","49705671","49705964","30","12033156"
"chr8","61740401","61740708","chr8","47845935","47846233","20","13894466"
"chr8","61761333","61761637","chr8","47820248","47820548","16","13941085"
"chr8","61947493","61947801","chr8","47637273","47637580","3","14310220"
"chr8","62043771","62044068","chr8","47568343","47568641","12","14475428"
"chr8","62245546","62245836","chr8","47372359","47372649","5","14873187"
"chr8","62688080","62688360","chr8","46952129","46952409","8","15735951"
"chr8","63164547","63164840","chr8","46488718","46489002","15","16675829"
"chr8","63652920","63653213","chr8","46000222","46000522","13","17652698"
"chr8","63721283","63721444","chr5","91500054","91500220","28","27778771"
"chr8","63761552","63761840","chr8","45891894","45892182","8","17869658"
"chr8","63946101","63946397","chr8","45715485","45715785","9","18230616"
"chr8","64192159","64192453","chr8","45463903","45464223","31","18728256"
"chr8","64202145","64202438","chr8","45463903","45464223","31","18738242"
"chr8","64480342","64480548","chr8","45199450","45199651","12","19280892"
"chr8","64480786","64481089","chr8","45198903","45199203","16","19281883"
"chr8","66451717","66452024","chr8","43254708","43255014","12","23197009"
"chr8","66575445","66575707","chr8","43143695","43143953","9","23431750"
"chr8","67286977","67287266","chr8","42376475","42376767","14","24910502"
"chr8","68104740","68105011","chr8","41569234","41569532","34","26535506"
"chr8","68584868","68585160","chr8","41097560","41097852","8","27487308"
"chr8","68594998","68595108","chr8","41087641","41087749","8","27507357"
"chr8","68678784","68679075","chr8","41002957","41003249","8","27675827"
"chr8","68955839","68956147","chr8","40672432","40672743","8","28283407"
"chr8","72862222","72862518","chr10","99473151","99473452","43","26610929"
"chr8","73254780","73255072","chr8","39771034","39771325","5","33483746"
"chr8","73315388","73315661","chr8","39704293","39704592","28","33611095"
"chr8","73344928","73345042","chr8","39675842","39675951","9","33669086"
"chr8","73424977","73425157","chrX","119251602","119251779","24","45826625"
"chr8","73475895","73476187","chr8","39527928","39528226","12","33947967"
"chr8","73598749","73599027","chr8","39406321","39406602","9","34192428"
"chr8","73657378","73657663","chr8","39333406","39333690","5","34323972"
"chr8","73746027","73746328","chr8","39244877","39245177","6","34501150"
"chr8","73780164","73780453","chr8","39211658","39211957","15","34568506"
"chr8","74053637","74053897","chr8","38938672","38938962","34","35114965"
"chr8","74061492","74061781","chr8","38930796","38931084","10","35130696"
"chr8","74536152","74536436","chr8","38448177","38448488","38","36087975"
"chr8","74717173","74717451","chr8","38268071","38268349","7","36449102"
"chr8","74731521","74731799","chr8","38268071","38268349","7","36463450"
"chr8","74760338","74760605","chr8","38227527","38227794","5","36532811"
"chr8","75209142","75209354","chr8","37798965","37799177","11","37410177"
"chr8","75355012","75355287","chr8","37658712","37658992","13","37696300"
"chr8","75575487","75575783","chr18","28585916","28586218","43","46989571"
"chr8","75859969","75860271","chr3","186291045","186291348","50","110431076"
"chr8","75971512","75971799","chr8","37053608","37053896","12","38917904"
"chr8","76054128","76054423","chr8","36925145","36925444","11","39128983"
"chr8","76253133","76253281","chr20","34240595","34240744","20","42012538"
"chr8","77170602","77170909","chr8","35478689","35478985","20","41691913"
"chr8","77588289","77588595","chr8","126195358","126195665","48","48607069"
"chr8","77725356","77725679","chr8","34957230","34957537","26","42768126"
"chr8","77828425","77828546","chr2A","12740892","12741012","29","65087533"
"chr8","77943788","77944081","chr4","47218523","47218820","31","30725265"
"chr8","77953188","77953479","chr8","34728372","34728659","13","43224816"
"chr8","77958852","77959147","chr4","37864691","37864989","41","40094161"
"chr8","78061467","78061757","chr8","34623663","34623950","11","43437804"
"chr8","78127782","78127931","chr3","191127755","191127908","29","112999973"
"chr8","78206288","78206590","chr8","34480562","34480860","14","43725726"
"chr8","78781386","78781664","chr8","33916965","33917241","11","44864421"
"chr8","79042041","79042332","chr8","33659290","33659580","15","45382751"
"chr8","79048734","79049007","chr8","33652672","33652950","13","45396062"
"chr8","79971919","79972203","chr8","32749491","32749786","12","47222428"
"chr8","80345428","80345719","chr8","32385278","32385580","20","47960150"
"chr8","80411323","80411628","chr7","73822585","73822893","44","6588738"
"chr8","80538326","80538602","chr8","32197682","32197958","12","48340644"
"chr8","80719356","80719656","chr8","32022589","32022889","5","48696767"
"chr8","81210801","81211096","chr8","31535367","31535664","10","49675434"
"chr8","81274558","81274850","chr8","31471579","31471870","7","49802979"
"chr8","82039067","82039380","chr9","17462214","17462522","36","64576853"
"chr8","82864461","82864769","chr8","29972595","29972908","11","52891866"
"chr8","82900792","82901099","chr8","29936755","29937044","28","52964037"
"chr8","83302494","83302707","chr8","29530401","29530612","8","53772093"
"chr8","83681677","83681961","chr8","29173405","29173701","29","54508272"
"chr8","83750421","83750717","chr8","29105006","29105282","21","54645415"
"chr8","84271260","84271557","chr8","28589313","28589603","20","55681947"
"chr8","84894073","84894350","chr8","27964486","27964763","3","56929587"
"chr8","85056810","85056990","chr2A","110306657","110306834","30","25249847"
"chr8","85099442","85099626","chr8","27760335","27760519","3","57339107"
"chr8","85410064","85410349","chr1","227188439","227188723","41","141778375"
"chr8","85465359","85465618","chr8","27397439","27397698","7","58067920"
"chr8","85704835","85705134","chr8","27171643","27171938","11","58533192"
"chr8","85924189","85924433","chr8","26947257","26947503","6","58976932"
"chr8","85943883","85944172","chr11","125065856","125066143","33","39121973"
"chr8","86018921","86019216","chr8","26852418","26852712","10","59166503"
"chr8","86250316","86250624","chr8","26622608","26622912","13","59627708"
"chr8","86643456","86643754","chr8","84786543","84786851","19","1856913"
"chr8","86662360","86662656","chr8","84805402","84805698","17","1856958"
"chr8","86838940","86839243","chr8","84976798","84977101","5","1862142"
"chr8","86947627","86947921","chr8","85085737","85086030","6","1861890"
"chr8","87993701","87994006","chr8","86139414","86139718","9","1854287"
"chr8","88234859","88235152","chr2A","56721091","56721386","25","31513768"
"chr8","88294719","88295002","chr8","86429052","86429335","9","1865667"
"chr8","88401750","88402019","chr8","86535860","86536122","15","1865890"
"chr8","88549013","88549322","chr8","86672788","86673095","9","1876225"
"chr8","89434045","89434341","chr8","87529932","87530221","14","1904113"
"chr8","90420979","90421273","chr8","88481914","88482206","5","1939065"
"chr8","90572457","90572626","chr5","143653356","143653534","31","53080899"
"chr8","90715805","90715860","chr7","56905802","56905859","19","33810003"
"chr8","92098006","92098269","chr8","90069233","90069496","9","2028773"
"chr8","92298556","92298688","chr8","90232517","90232647","4","2066039"
"chr8","92347199","92347462","chr8","90281604","90281865","6","2065595"
"chr8","92695578","92695868","chr8","90617082","90617373","5","2078496"
"chr8","92779347","92779493","chr8","90700676","90700818","9","2078671"
"chr8","92802515","92802813","chr8","90723587","90723885","13","2078928"
"chr8","94430427","94430710","chr8","92326349","92326632","5","2104078"
"chr8","94604993","94605293","chr8","92494837","92495129","15","2110156"
"chr8","95387559","95387851","chr8","93506442","93506734","6","1881117"
"chr8","95425598","95425864","chr4","161428259","161428525","33","66002661"
"chr8","95432830","95433057","chr4","108746487","108746722","50","13313657"
"chr8","95504792","95505007","chr17","2196508","2196718","26","93308284"
"chr8","95549503","95549771","chr8","93667504","93667772","6","1881999"
"chr8","95573026","95573183","chr13","20350193","20350347","5","75222833"
"chr8","95599630","95599763","chr5","117912572","117912704","16","22312942"
"chr8","95827941","95828050","chr8","93931979","93932076","12","1895962"
"chr8","96814393","96814597","chr2A","39146220","39146418","39","57668173"
"chr8","97760502","97760792","chr8","95824190","95824478","7","1936312"
"chr8","98259998","98260291","chr8","96276350","96276651","13","1983648"
"chr8","98332531","98332702","chr8","96348714","96348882","8","1983817"
"chr8","98549856","98550155","chr1","13668512","13668809","47","84881344"
"chr8","98551913","98552221","chr8","96564982","96565288","18","1986931"
"chr8","98905356","98905663","chr8","96912209","96912491","32","1993147"
"chr8","99388337","99388647","chr2B","207622414","207622717","47","108234077"
"chr8","99637058","99637363","chr8","137618740","137619040","40","37981682"
"chr8","99868157","99868463","chr8","97847918","97848226","13","2020239"
"chr8","99981925","99982055","chr8","97950798","97950926","3","2031127"
"chr8","100232744","100233052","chr8","98185106","98185414","7","2047638"
"chr8","100311173","100311481","chr5","162753852","162754159","32","62442679"
"chr8","100312326","100312388","chr8","98264661","98264723","1","2047665"
"chr8","100785114","100785388","chr8","98731224","98731513","23","2053890"
"chr8","101248340","101248642","chr6","108331466","108331769","37","7083126"
"chr8","101566765","101567090","chr4","96143823","96144121","67","5422942"
"chr8","101829289","101829571","chr8","99741988","99742270","5","2087301"
"chr8","101872238","101872553","chr8","99785904","99786211","15","2086334"
"chr8","101891793","101892105","chr8","99805449","99805756","12","2086344"
"chr8","101897378","101897679","chr1","40657753","40658051","25","61239625"
"chr8","101969045","101969346","chr8","99882209","99882500","20","2086836"
"chr8","102131369","102131651","chr8","100035718","100035998","9","2095651"
"chr8","102365763","102365884","chr8","100258204","100258325","1","2107559"
"chr8","102413064","102413370","chr1","141239412","141239712","40","38826348"
"chr8","102424666","102424894","chr8","100315202","100315430","3","2109464"
"chr8","103345098","103345393","chr8","101199586","101199879","9","2145512"
"chr8","103798656","103798954","chr8","101646271","101646566","13","2152385"
"chr8","103889126","103889279","chr8","101736513","101736666","2","2152613"
"chr8","103889575","103889636","chr8","101736971","101737032","0","2152604"
"chr8","103922016","103922328","chr14","104194371","104194669","31","272355"
"chr8","104679009","104679226","chr8","102491965","102492182","4","2187044"
"chr8","104970541","104970846","chr8","102778053","102778355","4","2192488"
"chr8","106553665","106553962","chr8","104262762","104263059","7","2290903"
"chr8","106566621","106566908","chr16","11994533","11994835","47","94572088"
"chr8","106651718","106652016","chr8","104360416","104360712","6","2291302"
"chr8","107798872","107799128","chr8","105503550","105503803","6","2295322"
"chr8","107815481","107815715","chr8","105520196","105520428","9","2295285"
"chr8","108013479","108013637","chr8","105715265","105715423","3","2298214"
"chr8","108677754","108678057","chr8","106402322","106402619","14","2275432"
"chr8","108763149","108763458","chr8","106497428","106497734","5","2265721"
"chr8","109439698","109439993","chr8","107178616","107178920","10","2261082"
"chr8","109631207","109631536","chr8","107361338","107361666","27","2269869"
"chr8","110224352","110224623","chr8","107947308","107947578","3","2277044"
"chr8","110609852","110610158","chr8","108340931","108341220","28","2268921"
"chr8","112261777","112262077","chr8","110370258","110370560","9","1891519"
"chr8","112854062","112854368","chr8","110930295","110930606","10","1923767"
"chr8","112862304","112862559","chr8","110938521","110938772","11","1923783"
"chr8","113582235","113582527","chr13","35287175","35287471","35","78295060"
"chr8","114944646","114944951","chr8","112944105","112944410","7","2000541"
"chr8","115502653","115502948","chr8","113528254","113528555","20","1974399"
"chr8","115866594","115866901","chr8","113894934","113895243","10","1971660"
"chr8","116103121","116103377","chr8","114130023","114130282","8","1973098"
"chr8","116378568","116378859","chr8","114404562","114404868","25","1974006"
"chr8","117597829","117598136","chr8","115619259","115619568","10","1978570"
"chr8","117731081","117731221","chr16","3549127","3549273","24","114181954"
"chr8","118300081","118300363","chr8","116306577","116306855","6","1993504"
"chr8","119134260","119134414","chr12","25676392","25676546","23","93457868"
"chr8","119159041","119159349","chr8","117192941","117193250","15","1966100"
"chr8","119171029","119171209","chr8","117204943","117205116","8","1966086"
"chr8","119890348","119890630","chr5","162414296","162414591","74","42523948"
"chr8","120456826","120457127","chr8","118427065","118427351","22","2029761"
"chr8","121027834","121028034","chr8","119242332","119242528","6","1785502"
"chr8","121117463","121117758","chr8","119326726","119327016","7","1790737"
"chr8","121163340","121163608","chr8","119375735","119376003","7","1787605"
"chr8","121266953","121267243","chr8","119478661","119478958","18","1788292"
"chr8","121283952","121284236","chr8","119495256","119495555","21","1788696"
"chr8","121339643","121339817","chr8","119573033","119573200","13","1766610"
"chr8","121388143","121388431","chr8","119611228","119611516","9","1776915"
"chr8","121579537","121579783","chr8","119803682","119803928","4","1775855"
"chr8","122041049","122041342","chr8","120169663","120169957","9","1871386"
"chr8","122656024","122656322","chr8","120787271","120787565","10","1868753"
"chr8","123196251","123196550","chr1","141239412","141239712","33","18043161"
"chr8","123316439","123316722","chr7","97904460","97904743","31","25411979"
"chr8","123547775","123548074","chr8","121674724","121675020","9","1873051"
"chr8","124398910","124399196","chr8","122502161","122502426","24","1896749"
"chr8","124706264","124706570","chr8","122777498","122777800","12","1928766"
"chr8","125397650","125397933","chr8","123465772","123466078","28","1931878"
"chr8","125946488","125946799","chr8","124008449","124008753","14","1938039"
"chr8","126494814","126495096","chr5","175405344","175405673","113","48910530"
"chr8","126603295","126603596","chr8","124676151","124676459","15","1927144"
"chr8","126740669","126740967","chr8","124814544","124814839","8","1926125"
"chr8","127031542","127031762","chr8","125095055","125095275","3","1936487"
"chr8","127255805","127256099","chr8","125316780","125317075","3","1939025"
"chr8","127634948","127635245","chr8","125672521","125672818","13","1962427"
"chr8","127686926","127687039","chr8","125724500","125724613","4","1962426"
"chr8","127745394","127745685","chr8","125782774","125783070","8","1962620"
"chr8","128080154","128080449","chr8","126104302","126104595","4","1975852"
"chr8","128177219","128177531","chr8","126195358","126195665","11","1981861"
"chr8","128317050","128317359","chr7","81442849","81443157","31","46874201"
"chr8","128344037","128344343","chr8","126366249","126366556","25","1977788"
"chr8","128351828","128352119","chr8","126366249","126366556","27","1985579"
"chr8","128385614","128385916","chr8","126405248","126405550","11","1980366"
"chr8","128722555","128722906","chr6","14270729","14271057","58","114451826"
"chr8","128857835","128858000","chr8","126865679","126865844","2","1992156"
"chr8","129042863","129043166","chr8","127029333","127029615","29","2013530"
"chr8","129092805","129093104","chr8","127074776","127075069","17","2018029"
"chr8","129118515","129118812","chr6","33595500","33595800","30","95523015"
"chr8","129336113","129336417","chr4","191294044","191294350","36","61957931"
"chr8","129510210","129510499","chr8","127487280","127487570","9","2022930"
"chr8","129901845","129902124","chr8","127862565","127862846","9","2039280"
"chr8","130052149","130052363","chr8","128013111","128013336","19","2039038"
"chr8","130781873","130782107","chr8","128714136","128714363","16","2067737"
"chr8","130899918","130900211","chr8","128833549","128833827","22","2066369"
"chr8","130930960","130931245","chr8","128864076","128864364","7","2066884"
"chr8","131425212","131425504","chr2B","207617300","207617598","35","76192088"
"chr8","131614491","131614785","chr8","129520044","129520349","20","2094447"
"chr8","131888552","131888689","chr19","22714602","22714734","23","109173950"
"chr8","131991353","131991365","chr9","26120162","26120173","3","105871191"
"chr8","131991424","131991533","chr11","89079457","89079573","16","42911967"
"chr8","134375637","134375945","chr8","132502175","132502482","9","1873462"
"chr8","134485821","134486118","chr8","132614154","132614454","12","1871667"
"chr8","135451585","135451870","chr8","133565840","133566122","11","1885745"
"chr8","135558223","135558436","chr8","133673142","133673354","5","1885081"
"chr8","135913635","135913928","chr8","134024102","134024396","9","1889533"
"chr8","136182901","136183213","chr8","134273659","134273973","8","1909242"
"chr8","136541063","136541372","chr8","134706554","134706862","13","1834509"
"chr8","138440298","138440580","chr8","136651656","136651929","15","1788642"
"chr8","138771775","138772081","chr8","136975122","136975409","25","1796653"
"chr8","139423611","139423909","chr8","137618740","137619040","16","1804871"
"chr8","139844068","139844349","chr8","138032275","138032556","11","1811793"
"chr8","140477894","140478205","chr8","138670037","138670345","15","1807857"
"chr8","140706342","140706631","chr8","138894851","138895140","7","1811491"
"chr8","140767608","140767902","chr8","138955334","138955629","9","1812274"
"chr8","140855899","140856083","chr8","139043389","139043571","7","1812510"
"chr8","141514470","141514760","chr8","139680350","139680636","16","1834120"
"chr8","141921896","141922154","chr1","32393009","32393266","27","109528887"
"chr8","142060522","142060844","chr21","36801272","36801577","42","105259250"
"chr8","142126323","142126612","chr8","140249393","140249682","11","1876930"
"chr8","142289657","142289967","chr8","140405860","140406152","25","1883797"
"chr8","142554418","142554704","chr8","140671865","140672151","6","1882553"
"chr8","142670719","142671016","chr8","140789205","140789494","15","1881514"
"chr8","144357458","144357749","chr8","142442405","142442696","10","1915053"
"chr8","144922016","144922289","chr8","143070547","143070830","26","1851469"
"chr8","144930196","144930490","chr5","35354612","35354905","32","109575584"
"chr8","145249162","145249265","chr8","143391397","143391500","3","1857765"
"chr8","145263654","145263954","chr8","143406278","143406578","2","1857376"
"chr8","145594129","145594372","chr8","143726287","143726521","15","1867842"
"chr8","145792822","145793124","chr16","74461762","74462060","33","71331060"
"chr8","145968908","145969216","chr11","56158312","56158621","39","89810596"
"chr8","146387231","146387536","chr22","35302996","35303304","37","111084235"
"chr8","146450203","146450498","chr8","144529398","144529681","18","1920805"
"chr8","146477623","146477724","chr8","144555219","144555320","1","1922404"
"chr8","146613163","146613455","chr8","144682112","144682404","8","1931051"
"chr9","666526","666839","chr1","41715400","41715707","44","41048874"
"chr9","1732206","1732423","chr2B","164443262","164443480","21","162711056"
"chr9","1903131","1903440","chr11","56158312","56158621","42","54255181"
"chr9","2235095","2235404","chr2B","225209515","225209822","40","222974420"
"chr9","3476092","3476396","chr14","26744691","26744995","6","23268599"
"chr9","3742217","3742428","chr15","41572911","41573117","29","37830694"
"chr9","6919355","6919620","chr4","161428259","161428525","43","154508904"
"chr9","7995839","7996128","chr5","12362181","12362469","24","4366342"
"chr9","8332456","8332679","chr3","37329522","37329749","31","28997066"
"chr9","8526862","8527161","chr1","141239412","141239712","29","132712550"
"chr9","10271025","10271180","chr1","169835603","169835756","25","159564578"
"chr9","10396918","10397206","chr1","199642978","199643265","32","189246060"
"chr9","10403923","10404230","chr4","169310924","169311230","73","158907001"
"chr9","10571961","10572178","chr2B","164443262","164443480","21","153871301"
"chr9","10749243","10749351","chr7","153290218","153290327","13","142540975"
"chr9","10749544","10749785","chr3","33361223","33361463","29","22611679"
"chr9","10754799","10755007","chr17","44987073","44987276","36","34232274"
"chr9","10898527","10898819","chr9","96302407","96302699","4","85403880"
"chr9","10921898","10922204","chr11","71867422","71867729","41","60945524"
"chr9","11282031","11282321","chr9","38943000","38943297","29","27660969"
"chr9","11672530","11672807","chr9","38551175","38551452","9","26878645"
"chr9","11730983","11731184","chr9","38495103","38495307","7","26764120"
"chr9","11987747","11987876","chr10","92151528","92151655","23","80163781"
"chr9","12034496","12034796","chr9","38201895","38202184","14","26167399"
"chr9","12105871","12106169","chr9","38129222","38129521","15","26023351"
"chr9","12293622","12293901","chr12","89830782","89831060","37","77537160"
"chr9","12367693","12367760","chr9","37871966","37872033","1","25504273"
"chr9","12616389","12616668","chr9","37503521","37503800","3","24887132"
"chr9","12833130","12833432","chr9","37296159","37296468","8","24463029"
"chr9","12849732","12850020","chr2B","207617300","207617598","39","194767568"
"chr9","12861809","12861982","chr9","37268179","37268351","6","24406370"
"chr9","12865217","12865520","chr15","20943865","20944166","29","8078648"
"chr9","12872448","12872722","chr9","37257848","37258133","18","24385400"
"chr9","12882828","12883102","chr9","37257848","37258133","18","24375020"
"chr9","12918756","12919046","chr17","7849232","7849525","36","5069524"
"chr9","12968811","12969117","chr5","83184631","83184934","33","70215820"
"chr9","12972259","12972466","chr4","73545316","73545528","48","60573057"
"chr9","13012462","13012747","chr9","37123452","37123741","10","24110990"
"chr9","13019324","13019615","chr9","37116657","37116948","3","24097333"
"chr9","13116806","13117113","chr9","37019636","37019933","12","23902830"
"chr9","13123077","13123373","chr9","37014897","37015193","10","23891820"
"chr9","13190811","13191100","chr9","36949665","36949971","30","23758854"
"chr9","13334650","13334760","chr7","39488924","39489034","24","26154274"
"chr9","13381346","13381659","chr9","36758281","36758590","8","23376935"
"chr9","13393748","13393850","chr9","36746292","36746394","1","23352544"
"chr9","13406510","13406779","chr9","36733376","36733645","4","23326866"
"chr9","13553367","13553656","chr5","42926876","42927165","31","29373509"
"chr9","13808899","13809200","chr9","36277040","36277341","6","22468141"
"chr9","13990426","13990718","chr9","36097748","36098040","3","22107322"
"chr9","14804934","14805226","chr9","35304174","35304465","4","20499240"
"chr9","15072944","15073231","chr9","35052102","35052394","10","19979158"
"chr9","15128723","15129012","chr9","34999316","34999608","8","19870593"
"chr9","15133463","15133775","chr9","34994667","34994973","17","19861204"
"chr9","15348337","15348640","chr9","34759528","34759831","9","19411191"
"chr9","15395097","15395390","chr10","5714892","5715189","40","9680205"
"chr9","15401454","15401635","chr2B","237361319","237361495","32","221959865"
"chr9","15483699","15484008","chr5","36071617","36071926","30","20587918"
"chr9","15496493","15496800","chr5","127596233","127596540","36","112099740"
"chr9","15503639","15503777","chr1","26823463","26823599","16","11319824"
"chr9","15575081","15575365","chr9","34538689","34538973","3","18963608"
"chr9","15636539","15636706","chr5","20677840","20678006","27","5041301"
"chr9","15645688","15645982","chr9","34469163","34469455","11","18823475"
"chr9","16004439","16004737","chr4","42414063","42414362","27","26409624"
"chr9","16502425","16502587","chr13","50938928","50939091","37","34436503"
"chr9","16995060","16995360","chr10","72172304","72172582","71","55177244"
"chr9","17002375","17002654","chr10","72172304","72172582","50","55169929"
"chr9","17041430","17041739","chr9","33069725","33070032","13","16028295"
"chr9","17044994","17045301","chr9","33069725","33070032","12","16024731"
"chr9","17057304","17057604","chr1","112904851","112905154","35","95847547"
"chr9","17318006","17318163","chr10","102415722","102415872","29","85097716"
"chr9","17699607","17699909","chr9","32392429","32392729","13","14692822"
"chr9","18255173","18255370","chr9","31843859","31844055","9","13588686"
"chr9","19053089","19053377","chr9","31038462","31038744","11","11985373"
"chr9","19679236","19679507","chr9","30417685","30417956","4","10738449"
"chr9","19720045","19720348","chr9","30381277","30381571","30","10661232"
"chr9","19966157","19966459","chr6","20959782","20960085","39","993625"
"chr9","20643868","20644141","chr9","29497771","29498044","11","8853903"
"chr9","21721882","21722190","chr9","28288411","28288720","14","6566529"
"chr9","22083178","22083429","chr9","27948705","27948952","9","5865527"
"chr9","22445720","22446013","chr9","27588075","27588363","9","5142355"
"chr9","22557076","22557286","chr19","50970582","50970792","31","28413506"
"chr9","23335179","23335489","chrX","55005677","55005982","39","31670498"
"chr9","23345480","23345789","chr9","26673260","26673562","18","3327780"
"chr9","23895842","23896150","chr9","26119855","26120136","31","2224013"
"chr9","23935585","23935892","chr9","26079720","26080022","12","2144135"
"chr9","24045988","24046297","chr9","25969572","25969881","11","1923584"
"chr9","25025067","25025337","chr9","25048310","25048580","7","23243"
"chr9","25508574","25508727","chr9","24597662","24597815","8","910912"
"chr9","25574155","25574463","chr17","57574381","57574692","16","32000226"
"chr9","26423552","26423859","chr9","23691303","23691606","12","2732249"
"chr9","26703486","26703756","chr9","23413384","23413643","18","3290102"
"chr9","26765160","26765460","chr9","23351583","23351875","17","3413577"
"chr9","26905372","26905675","chrX","53782792","53783095","33","26877420"
"chr9","27310203","27310504","chr9","22802357","22802658","8","4507846"
"chr9","27654274","27654466","chr9","22469917","22470110","6","5184357"
"chr9","27856496","27856803","chr9","22269266","22269560","19","5587230"
"chr9","28781319","28781624","chr9","21341491","21341790","11","7439828"
"chr9","29932645","29932914","chr9","20032442","20032717","10","9900203"
"chr9","30350967","30351180","chr9","19613979","19614196","6","10736988"
"chr9","30489580","30489880","chr1","93473812","93474110","38","62984232"
"chr9","30520092","30520307","chr14","69782883","69783099","29","39262791"
"chr9","30546430","30546548","chr4","176786367","176786487","29","146239937"
"chr9","31034758","31035060","chr9","18940575","18940869","17","12094183"
"chr9","32019229","32019518","chr9","17974752","17975043","9","14044477"
"chr9","32132454","32132768","chr9","17872602","17872894","32","14259852"
"chr9","32406707","32406986","chr9","17600235","17600516","12","14806472"
"chr9","32567582","32567895","chr9","17462214","17462522","12","15105368"
"chr9","32911764","32912056","chr9","17116174","17116466","9","15795590"
"chr9","32958509","32958793","chr9","17069475","17069759","12","15889034"
"chr9","33022180","33022463","chr9","17008342","17008624","5","16013838"
"chr9","34263622","34263920","chr9","15824174","15824472","5","18439448"
"chr9","34402946","34403252","chr9","15691605","15691911","11","18711341"
"chr9","34519799","34520092","chr9","15580380","15580671","6","18939419"
"chr9","34583656","34583943","chr9","15530161","15530460","16","19053495"
"chr9","34586421","34586714","chr16","21370122","21370415","33","13216299"
"chr9","34663339","34663540","chr13","49455096","49455301","32","14791757"
"chr9","34714940","34715240","chr9","97612841","97613139","46","62897901"
"chr9","34837698","34837976","chr9","15268140","15268418","7","19569558"
"chr9","34854215","34854493","chr9","15268140","15268418","7","19586075"
"chr9","35466904","35467208","chr9","14679507","14679813","9","20787397"
"chr9","35621616","35621885","chr2A","81146527","81146798","34","45524911"
"chr9","36137614","36137765","chr14","102459847","102459998","23","66322233"
"chr9","36281999","36282298","chr9","13876824","13877119","20","22405175"
"chr9","36702818","36703125","chr9","13399567","13399847","32","23303251"
"chr9","38029357","38029665","chr9","12019847","12020156","13","26009510"
"chr9","39171124","39171380","chr9","10663484","10663740","4","28507640"
"chr9","40229086","40229357","chr22","24785900","24786169","28","15443186"
"chr9","40257750","40258044","chr4","73971919","73972216","29","33714169"
"chr9","41104183","41104481","chr9","8714519","8714831","20","32389664"
"chr9","41301640","41301942","chr9","8512853","8513155","6","32788787"
"chr9","41748778","41749061","chr4","14495904","14496200","43","27252874"
"chr9","42657169","42657352","chr9","7222275","7222458","9","35434894"
"chr9","43058456","43058764","chr9","6825569","6825880","10","36232887"
"chr9","43132652","43132880","chr16","3546716","3546944","23","39585936"
"chr9","43161513","43161803","chr9","6738558","6738848","10","36422955"
"chr9","43283897","43284151","chr1","32393009","32393266","28","10890888"
"chr9","43284177","43284312","chr12","122152444","122152578","17","78868267"
"chr9","43294797","43295092","chr9","6602163","6602458","14","36692634"
"chr9","43303700","43304005","chr1","91342014","91342321","39","48038314"
"chr9","43349192","43349484","chr10","42840690","42840982","44","508502"
"chr9","43385674","43385971","chr9","6518221","6518496","23","36867453"
"chr9","43446781","43447071","chr9","6458158","6458443","11","36988623"
"chr9","43650769","43651055","chr9","6258200","6258485","11","37392569"
"chr9","43719615","43719906","chr9","6189617","6189899","15","37529998"
"chr9","43819911","43820204","chr9","6117492","6117783","11","37702419"
"chr9","43970813","43971109","chr9","5965129","5965420","10","38005684"
"chr9","43997055","43997354","chr9","5938863","5939158","12","38058192"
"chr9","44330374","44330667","chr9","5617553","5617847","8","38712821"
"chr9","46678808","46679103","chr9","3337993","3338288","7","43340815"
"chr9","46802289","46802587","chr9","3215628","3215914","16","43586661"
"chr9","47092229","47092526","chr9","2911300","2911597","9","44180929"
"chr9","47186441","47186739","chr9","2819223","2819525","12","44367218"
"chr9","47672013","47672320","chr9","2356894","2357199","13","45315119"
"chr9","47878373","47878669","chr9","2151133","2151429","4","45727240"
"chr9","47897738","47898033","chr4","173201223","173201521","35","125303485"
"chr9","48904074","48904370","chr9","1148665","1148958","12","47755409"
"chr9","48969090","48969312","chr7","154995961","154996183","25","106026871"
"chr9","49236495","49236826","chr9","821892","822185","50","48414603"
"chr9","49257209","49257503","chr3","48209643","48209937","28","1047566"
"chr9","50182672","50182970","chr9","67327736","67328033","5","17145064"
"chr9","50715606","50715741","chr9","67861377","67861524","16","17145771"
"chr9","50716598","50716891","chr9","67862375","67862676","15","17145777"
"chr9","51031276","51031548","chr9","68200335","68200611","12","17169059"
"chr9","51058311","51058583","chr9","68200335","68200611","12","17142024"
"chr9","51875815","51875981","chr9","69017681","69017849","7","17141866"
"chr9","52421276","52421583","chr9","69543407","69543714","9","17122131"
"chr9","53327463","53327766","chr9","70329220","70329521","14","17001757"
"chr9","53552687","53552948","chr9","70547450","70547711","3","16994763"
"chr9","53700902","53701204","chr9","70693721","70694023","3","16992819"
"chr9","53799263","53799568","chr9","70789706","70790013","12","16990443"
"chr9","53827856","53827979","chr19","42505635","42505758","22","11322221"
"chr9","53842107","53842431","chr9","70833140","70833437","33","16991033"
"chr9","53946423","53946749","chr9","70956691","70957011","18","17010268"
"chr9","53991195","53991491","chr9","71001376","71001672","9","17010181"
"chr9","54329628","54329922","chr3","189072904","189073192","98","134743276"
"chr9","54797846","54797981","chr9","71807202","71807333","6","17009356"
"chr9","55473530","55473817","chr9","72462196","72462488","12","16988666"
"chr9","56012078","56012359","chr9","73075578","73075858","7","17063500"
"chr9","56366262","56366575","chr9","73417549","73417840","34","17051287"
"chr9","56610191","56610477","chr9","71380384","71380677","31","14770193"
"chr9","56727902","56728222","chr9","73751108","73751425","15","17023206"
"chr9","57697938","57698205","chr9","74729368","74729630","12","17031430"
"chr9","58515818","58516120","chr9","75552580","75552880","8","17036762"
"chr9","58697075","58697377","chr9","75733919","75734221","7","17036844"
"chr9","58702632","58702933","chr9","75739566","75739863","9","17036934"
"chr9","58870325","58870548","chr9","75889751","75889974","10","17019426"
"chr9","58878932","58879233","chr9","75898290","75898594","12","17019358"
"chr9","58979018","58979339","chr22","35302996","35303304","45","23676022"
"chr9","59199812","59199930","chr9","76205485","76205603","5","17005673"
"chr9","59199933","59200207","chr9","76205606","76205871","12","17005673"
"chr9","59225977","59226269","chr9","76234059","76234351","6","17008082"
"chr9","59778017","59778311","chr19","49705671","49705964","33","10072346"
"chr9","60198226","60198375","chr1","166885187","166885334","16","106686961"
"chr9","60508159","60508468","chr9","77488883","77489191","8","16980724"
"chr9","61017402","61017683","chr9","77991923","77992202","9","16974521"
"chr9","61121193","61121499","chr9","78093670","78093972","8","16972477"
"chr9","61285896","61286200","chr9","78258791","78259093","11","16972895"
"chr9","61724195","61724472","chr5","140531376","140531653","37","78807181"
"chr9","62027533","62027842","chr3","20694152","20694458","32","41333381"
"chr9","62291469","62291762","chr9","79236028","79236324","8","16944559"
"chr9","62631443","62631551","chr9","79537128","79537224","12","16905685"
"chr9","63213293","63213481","chr9","80078399","80078573","24","16865106"
"chr9","63681301","63681590","chr9","80523994","80524284","5","16842693"
"chr9","63719559","63719856","chr17","57227088","57227384","29","6492471"
"chr9","63752630","63752937","chr9","80600767","80601074","8","16848137"
"chr9","63877681","63877970","chr9","80707313","80707610","12","16829632"
"chr9","64301376","64301650","chr9","81254441","81254713","12","16953065"
"chr9","64364716","64365016","chr9","81317992","81318292","12","16953276"
"chr9","65602242","65602534","chr17","25817588","25817880","31","39784654"
"chr9","65724315","65724609","chr12","45769646","45769943","37","19954669"
"chr9","65726683","65726835","chr9","82634904","82635045","13","16908221"
"chr9","65832844","65833146","chr9","82738337","82738642","8","16905493"
"chr9","65833171","65833475","chr9","82738337","82738642","8","16905166"
"chr9","65899481","65899735","chrX","96251119","96251369","35","30351638"
"chr9","65977966","65978266","chr9","83302687","83302962","31","17324721"
"chr9","66051312","66051443","chr9","83374132","83374263","2","17322820"
"chr9","66084267","66084576","chr9","83412218","83412492","41","17327951"
"chr9","66246966","66247267","chr9","83566820","83567121","9","17319854"
"chr9","66357725","66358004","chr9","83670115","83670394","12","17312390"
"chr9","66967686","66967992","chr9","84282379","84282689","21","17314693"
"chr9","67171114","67171422","chr9","84475902","84476199","16","17304788"
"chr9","67484328","67484620","chr9","84758192","84758483","10","17273864"
"chr9","67513306","67513598","chr9","84758192","84758483","10","17244886"
"chr9","68278789","68279077","chr12","102799287","102799576","28","34520498"
"chr9","68305966","68306287","chr19","11890017","11890326","47","56415949"
"chr9","68755430","68755647","chr9","85854241","85854465","10","17098811"
"chr9","68832071","68832369","chr9","85931077","85931365","19","17099006"
"chr9","68990826","68991115","chr9","86086752","86087041","3","17095926"
"chr9","69033564","69033856","chr9","86129261","86129554","8","17095697"
"chr9","69364479","69364777","chr3","25578151","25578455","29","43786328"
"chr9","69435514","69435819","chr9","86529410","86529707","18","17093896"
"chr9","69556046","69556328","chr7","138824184","138824467","30","69268138"
"chr9","69566555","69566867","chr9","86644091","86644399","13","17077536"
"chr9","69808283","69808539","chr9","73633853","73634110","26","3825570"
"chr9","69853558","69853855","chr9","86901338","86901631","10","17047780"
"chr9","70259941","70260201","chr5","104944289","104944548","35","34684348"
"chr9","70281441","70281732","chr9","87466065","87466356","8","17184624"
"chr9","70293740","70294054","chr5","162753852","162754159","34","92460112"
"chr9","70360460","70360752","chr3","48209643","48209937","32","22150817"
"chr9","70423854","70423971","chr2A","100534384","100534499","21","30110530"
"chr9","70431309","70431610","chr9","87616316","87616609","15","17185007"
"chr9","70452361","70452656","chr9","87637386","87637685","13","17185025"
"chr9","70474450","70474738","chr9","87658882","87659176","17","17184432"
"chr9","70999273","70999566","chr9","88183950","88184245","7","17184677"
"chr9","71564830","71565109","chr9","88737979","88738258","7","17173149"
"chr9","71614415","71614693","chr9","88787622","88787899","7","17173207"
"chr9","72144863","72145168","chr9","89382882","89383189","11","17238019"
"chr9","72169812","72170114","chr2B","207617300","207617598","31","135447488"
"chr9","72383501","72383639","chr9","89671354","89671492","7","17287853"
"chr9","72387838","72388137","chr9","89675687","89675978","18","17287849"
"chr9","73173286","73173578","chr9","90407431","90407723","7","17234145"
"chr9","73190280","73190575","chr9","90424423","90424718","13","17234143"
"chr9","73607756","73607891","chrX","623539","623672","15","72984217"
"chr9","73831518","73831825","chr9","126135639","126135945","34","52304121"
"chr9","74398338","74398646","chr9","91627469","91627778","7","17229131"
"chr9","74400896","74401193","chr9","91630027","91630324","5","17229131"
"chr9","74654192","74654491","chr1","141239412","141239712","31","66585220"
"chr9","74773021","74773322","chr9","91991315","91991608","16","17218294"
"chr9","75014506","75014799","chr15","67264771","67265063","17","7749735"
"chr9","75066983","75067277","chr9","92256608","92256901","6","17189625"
"chr9","75162227","75162542","chr9","92349225","92349524","24","17186998"
"chr9","75438395","75438695","chr9","92619833","92620136","12","17181438"
"chr9","76177653","76177965","chr11","56158312","56158621","35","20019341"
"chr9","76179878","76180164","chr12","36428283","36428576","34","39751595"
"chr9","76190586","76190836","chr9","93346785","93347055","28","17156199"
"chr9","76251306","76251615","chr9","93399759","93400059","16","17148453"
"chr9","76422984","76423241","chr1","24888283","24888553","59","51534701"
"chr9","76451329","76451621","chrX","89483577","89483870","31","13032248"
"chr9","76503791","76504079","chr2B","167768822","167769110","38","91265031"
"chr9","76557150","76557319","chr20","31821057","31821213","42","44736093"
"chr9","76895084","76895381","chr1","142557781","142558087","65","65662697"
"chr9","76946898","76947202","chr9","94152844","94153124","34","17205946"
"chr9","77004230","77004516","chr9","94211052","94211346","28","17206822"
"chr9","77336127","77336423","chr9","94541522","94541824","10","17205395"
"chr9","77648598","77648892","chr3","48209643","48209937","32","29438955"
"chr9","77694148","77694455","chr9","94885184","94885488","12","17191036"
"chr9","77827826","77828109","chr4","75304920","75305203","34","2522906"
"chr9","77971065","77971350","chr9","95135325","95135609","7","17164260"
"chr9","77984252","77984537","chr9","95148531","95148814","9","17164279"
"chr9","78093573","78093886","chr9","95258511","95258804","25","17164938"
"chr9","78291364","78291661","chr9","95442685","95442992","14","17151321"
"chr9","78469357","78469652","chr9","95623210","95623499","10","17153853"
"chr9","78491458","78491757","chr9","17462214","17462522","50","61029244"
"chr9","79016421","79016713","chrX","89483577","89483870","31","10467156"
"chr9","79051846","79052103","chr1","24888283","24888553","59","54163563"
"chr9","79432553","79432860","chr9","96580187","96580502","13","17147634"
"chr9","79539059","79539346","chr9","96676658","96676945","6","17137599"
"chr9","79565566","79565893","chr9","96703154","96703481","8","17137588"
"chr9","79628404","79628710","chr9","96756681","96756988","6","17128277"
"chr9","79739142","79739435","chr9","96863917","96864211","6","17124775"
"chr9","80001231","80001343","chr12","112807607","112807721","19","32806376"
"chr9","80127530","80127825","chr9","97261432","97261723","11","17133902"
"chr9","80311383","80311679","chr9","97444750","97445043","10","17133367"
"chr9","80410146","80410437","chr9","97546740","97547031","5","17136594"
"chr9","80476320","80476614","chr9","97612841","97613139","10","17136521"
"chr9","81011556","81011857","chr13","37167899","37168202","36","43843657"
"chr9","81041364","81041645","chr9","98159979","98160258","8","17118615"
"chr9","81316699","81317002","chr9","98435487","98435785","14","17118788"
"chr9","81351224","81351540","chr12","93665487","93665799","39","12314263"
"chr9","81352361","81352662","chr10","69511181","69511475","30","11841180"
"chr9","82028691","82029004","chr9","37296159","37296468","42","44732532"
"chr9","82419632","82419930","chr9","99521527","99521823","10","17101895"
"chr9","83532034","83532331","chr9","100529816","100530123","21","16997782"
"chr9","83540244","83540543","chr9","100537952","100538249","13","16997708"
"chr9","83986440","83986727","chr9","100976102","100976392","28","16989662"
"chr9","84627547","84627813","chr9","101600944","101601209","6","16973397"
"chr9","85080790","85080913","chr4","94124800","94124919","19","9044010"
"chr9","86702181","86702450","chr9","103807791","103808081","35","17105610"
"chr9","86881691","86881931","chr1","91004271","91004512","27","4122580"
"chr9","86881957","86882102","chr10","67967233","67967376","11","18914724"
"chr9","87544840","87545138","chr9","104662723","104663020","7","17117883"
"chr9","87650699","87650818","chr9","5721739","5721859","20","81928960"
"chr9","88541142","88541440","chr1","185908971","185909247","75","97367829"
"chr9","88933001","88933149","chr9","106079948","106080106","15","17146947"
"chr9","89003558","89003872","chr9","106151660","106151971","10","17148102"
"chr9","89551584","89551872","chr9","106618156","106618441","10","17066572"
"chr9","89778272","89778559","chr9","106832673","106832960","3","17054401"
"chr9","89783233","89783287","chr5","51103604","51103663","17","38679629"
"chr9","89924421","89924712","chr9","106968828","106969107","16","17044407"
"chr9","90205499","90205801","chr9","107224230","107224527","9","17018731"
"chr9","90851273","90851568","chr9","107892695","107892982","18","17041422"
"chr9","91178965","91179259","chr9","108175047","108175338","10","16996082"
"chr9","91484766","91485066","chr9","108431226","108431522","13","16946460"
"chr9","91615791","91616082","chr9","108560394","108560697","19","16944603"
"chr9","91939729","91940016","chr9","108862771","108863053","16","16923042"
"chr9","92249091","92249381","chr9","109150914","109151203","7","16901823"
"chr9","92360985","92361281","chr4","47218523","47218820","30","45142462"
"chr9","92419299","92419602","chr9","109309530","109309837","12","16890231"
"chr9","92467966","92468271","chr9","109354968","109355274","12","16887002"
"chr9","92686171","92686480","chr10","111257463","111257769","34","18571292"
"chr9","92704048","92704338","chr9","109591532","109591820","9","16887484"
"chr9","93178770","93179075","chr9","110034920","110035216","13","16856150"
"chr9","93533034","93533294","chrX","69547600","69547854","29","23985434"
"chr9","93831419","93831713","chr9","110646987","110647280","16","16815568"
"chr9","94393322","94393624","chr9","111182092","111182392","7","16788770"
"chr9","94406624","94406755","chr8","70708421","70708556","18","23698203"
"chr9","95246232","95246535","chr1","68553745","68554049","33","26692487"
"chr9","95516246","95516537","chr9","112280849","112281140","7","16764603"
"chr9","95683449","95683752","chr9","112620948","112621251","5","16937499"
"chr9","95764737","95765039","chr9","112678626","112678926","13","16913889"
"chr9","95961801","95962081","chr9","112876818","112877103","7","16915017"
"chr9","96010618","96010924","chr9","112918036","112918339","9","16907418"
"chr9","96367677","96367983","chr9","113266159","113266456","15","16898482"
"chr9","96396782","96397057","chr9","113293349","113293624","5","16896567"
"chr9","96970961","96971246","chr9","113843618","113843906","8","16872657"
"chr9","97162499","97162793","chr9","114019905","114020200","7","16857406"
"chr9","97177209","97177492","chr9","114033421","114033725","30","16856212"
"chr9","97189592","97189913","chr9","114045743","114046064","8","16856151"
"chr9","97195446","97195746","chr9","114051626","114051926","8","16856180"
"chr9","97718194","97718498","chr9","114621636","114621943","8","16903442"
"chr9","97833264","97833568","chr9","114748932","114749235","11","16915668"
"chr9","99098792","99099100","chr9","115965324","115965625","13","16866532"
"chr9","99929592","99929899","chr9","116772102","116772411","12","16842510"
"chr9","100279487","100279811","chr9","117078066","117078357","40","16798579"
"chr9","100732696","100733013","chr9","117465851","117466149","29","16733155"
"chr9","100740166","100740305","chr9","117473343","117473472","13","16733177"
"chr9","101163486","101163800","chr4","90888125","90888422","54","10275361"
"chr9","101569535","101569666","chr17","50036355","50036488","12","51533180"
"chr9","101709291","101709572","chr9","118416124","118416406","6","16706833"
"chr9","101744745","101745038","chr9","118451699","118451988","28","16706954"
"chr9","102014601","102014881","chr9","118716646","118716926","2","16702045"
"chr9","102091075","102091331","chr9","118793683","118793937","5","16702608"
"chr9","102156711","102157017","chr9","118859400","118859686","23","16702689"
"chr9","102176257","102176500","chr9","118880348","118880569","27","16704091"
"chr9","102561255","102561564","chr9","119253013","119253323","9","16691758"
"chr9","103104102","103104408","chr9","119775598","119775904","5","16671496"
"chr9","103689084","103689393","chr9","120346252","120346559","11","16657168"
"chr9","103706437","103706735","chr9","120363757","120364066","17","16657320"
"chr9","103882059","103882366","chr9","120539622","120539921","19","16657563"
"chr9","103898691","103898998","chr9","120555872","120556173","14","16657181"
"chr9","104223548","104223850","chr9","120860897","120861205","12","16637349"
"chr9","104296633","104296941","chr9","120922077","120922386","12","16625444"
"chr9","104820288","104820541","chr9","121435535","121435782","16","16615247"
"chr9","105060908","105061078","chr14","77105854","77106026","21","27955054"
"chr9","106001779","106002068","chr9","122137040","122137329","8","16135261"
"chr9","106094719","106095030","chr9","122224778","122225087","22","16130059"
"chr9","106136209","106136506","chr9","122269747","122270044","7","16133538"
"chr9","108140849","108141147","chr9","124369831","124370130","10","16228982"
"chr9","108223966","108224263","chr1","228436376","228436679","43","120212410"
"chr9","108333674","108333991","chr9","124552865","124553156","32","16219191"
"chr9","108355301","108355479","chrX","119251602","119251779","26","10896301"
"chr9","108412542","108412822","chr9","124642473","124642755","8","16229931"
"chr9","108480965","108481001","chr22","15989298","15989335","6","92491667"
"chr9","108677972","108678265","chr9","124893729","124894022","6","16215757"
"chr9","108709076","108709376","chr9","124922987","124923276","20","16213911"
"chr9","109301697","109301990","chr9","125503541","125503820","20","16201844"
"chr9","109307481","109307720","chr1","19506890","19507147","38","89800591"
"chr9","109309729","109310028","chr9","125511499","125511797","12","16201770"
"chr9","109766533","109766833","chr9","125960526","125960824","9","16193993"
"chr9","109941437","109941744","chr9","126135639","126135945","4","16194202"
"chr9","110206715","110207023","chr9","126423406","126423709","13","16216691"
"chr9","110222305","110222610","chr9","126438333","126438637","11","16216028"
"chr9","110318739","110319031","chr9","126680460","126680753","8","16361721"
"chr9","110775300","110775599","chr9","127093955","127094251","7","16318655"
"chr9","110806620","110806923","chr9","127125221","127125523","9","16318601"
"chr9","110858598","110858885","chr7","97904460","97904743","40","12954138"
"chr9","110895496","110895755","chr9","127203935","127204189","8","16308439"
"chr9","110984524","110984792","chr4","5788721","5788982","39","105195803"
"chr9","111041573","111041877","chr9","127364832","127365139","10","16323259"
"chr9","111257098","111257379","chr9","127576253","127576534","3","16319155"
"chr9","111285618","111285915","chr9","127611735","127612030","7","16326117"
"chr9","111295640","111295677","chr13","20558458","20558501","11","90737182"
"chr9","111561566","111561861","chr5","33384650","33384942","30","78176916"
"chr9","111707413","111707561","chr7","142867642","142867786","25","31160229"
"chr9","111835820","111836108","chr9","128158252","128158542","10","16322432"
"chr9","111959704","111959960","chrX","69547600","69547854","30","42412104"
"chr9","112005254","112005384","chr9","128327393","128327523","4","16322139"
"chr9","112029030","112029285","chr9","128351209","128351464","7","16322179"
"chr9","112121546","112121843","chr9","128443236","128443535","8","16321690"
"chr9","112129915","112130224","chr9","128451182","128451491","10","16321267"
"chr9","112146463","112146758","chr9","128464545","128464838","10","16318082"
"chr9","112408033","112408341","chr12","117056888","117057197","26","4648855"
"chr9","112547407","112547539","chr16","46374232","46374358","26","66173175"
"chr9","112547844","112547976","chr9","128860127","128860259","0","16312283"
"chr9","112586487","112586835","chr9","128898813","128899109","71","16312326"
"chr9","112860341","112860652","chr9","129154980","129155286","15","16294639"
"chr9","113263354","113263505","chr9","129545376","129545525","10","16282022"
"chr9","113492923","113493218","chr9","129770967","129771262","7","16278044"
"chr9","113565912","113566184","chrX","27448512","27448790","33","86117400"
"chr9","114088366","114088674","chr9","130394876","130395184","10","16306510"
"chr9","114268769","114269066","chr9","130565835","130566130","11","16297066"
"chr9","114292983","114293276","chr9","130589131","130589424","3","16296148"
"chr9","114322552","114322800","chr12","123393212","123393456","41","9070660"
"chr9","114353044","114353164","chr12","122152444","122152578","33","7799400"
"chr9","114569933","114570236","chr9","130869516","130869819","5","16299583"
"chr9","114891135","114891438","chr9","131179889","131180195","12","16288754"
"chr9","115451682","115451986","chr9","131697410","131697711","11","16245728"
"chr9","115767204","115767512","chr9","132009348","132009650","14","16242144"
"chr9","115906236","115906539","chr9","132151066","132151370","4","16244830"
"chr9","116233387","116233697","chr9","132472854","132473162","11","16239467"
"chr9","116454216","116454502","chr9","132714091","132714378","11","16259875"
"chr9","116622187","116622475","chr1","132955249","132955539","30","16333062"
"chr9","117251364","117251634","chr9","133478696","133478963","11","16227332"
"chr9","117530174","117530425","chr9","133751925","133752168","14","16221751"
"chr9","119405025","119405319","chr9","135961421","135961714","17","16556396"
"chr9","119660947","119661064","chr14","107207158","107207275","16","12453789"
"chr9","119661359","119661524","chr5","25443612","25443777","23","94217747"
"chr9","119665388","119665553","chr5","25443612","25443777","23","94221776"
"chr9","119665850","119665966","chr14","107207158","107207275","15","12458692"
"chr9","120229168","120229296","chr3","115443262","115443375","33","4785906"
"chr9","120317048","120317329","chr9","136898512","136898793","11","16581464"
"chr9","120319322","120319622","chr9","136900276","136900573","11","16580954"
"chr9","120515395","120515568","chrX","123266069","123266232","54","2750674"
"chr9","120746464","120746526","chr6","20677170","20677228","10","100069294"
"chr9","121046758","121047063","chr9","17462214","17462522","38","103584544"
"chr9","121103276","121103537","chr9","137707588","137707841","16","16604312"
"chrX","574405","574538","chrX","623539","623672","1","49134"
"chrX","574837","575021","chr2B","237361319","237361495","28","236786482"
"chrX","1327995","1328289","chrX","1636584","1636875","16","308589"
"chrX","1356374","1356507","chr17","50036355","50036488","11","48679981"
"chrX","1417180","1417493","chrX","1722885","1723194","14","305705"
"chrX","1440932","1441241","chr3","32135833","32136141","32","30694901"
"chrX","1474597","1474908","chrX","1783173","1783481","20","308576"
"chrX","1488271","1488391","chr13","98396665","98396787","12","96908394"
"chrX","1542910","1543210","chr7","80606641","80606941","35","79063731"
"chrX","1550034","1550339","chr1","68770135","68770424","42","67220101"
"chrX","1619464","1619541","chr2B","122460353","122460431","9","120840889"
"chrX","1663491","1663797","chrX","1995705","1996019","21","332214"
"chrX","1736625","1736924","chrX","2064238","2064533","20","327613"
"chrX","1869875","1870189","chrX","2258736","2259037","35","388861"
"chrX","1906859","1907162","chrX","2298189","2298484","15","391330"
"chrX","2226527","2226790","chrX","2609274","2609541","11","382747"
"chrX","2350654","2350943","chrX","2732733","2733018","6","382079"
"chrX","3280196","3280499","chr2B","167474072","167474376","39","164193876"
"chrX","3304711","3304993","chr12","8095609","8095892","27","4790898"
"chrX","4156412","4156706","chrX","4431754","4432048","1","275342"
"chrX","4394949","4395255","chr1","193724845","193725152","33","189329896"
"chrX","5680961","5681270","chrX","5894704","5895011","10","213743"
"chrX","6762851","6763026","chrX","6933285","6933460","2","170434"
"chrX","6882653","6882885","chrX","7049927","7050151","13","167274"
"chrX","7794912","7795200","chrX","7954914","7955201","4","160002"
"chrX","8200438","8200748","chrX","8379476","8379785","12","179038"
"chrX","8236607","8236913","chrX","8415621","8415913","17","179014"
"chrX","9133385","9133537","chrX","9328811","9328963","4","195426"
"chrX","9712149","9712461","chrX","9876900","9877212","3","164751"
"chrX","9866913","9867210","chrX","10031762","10032059","7","164849"
"chrX","10218650","10218897","chr6","169038551","169038820","71","158819901"
"chrX","10952644","10952925","chrX","11132032","11132330","18","179388"
"chrX","12086231","12086523","chrX","12244430","12244708","18","158199"
"chrX","12135423","12135729","chrX","12293094","12293404","12","157671"
"chrX","12526697","12526810","chrX","12675394","12675507","1","148697"
"chrX","13518019","13518313","chrX","13609405","13609705","12","91386"
"chrX","13874366","13874671","chrX","13991339","13991645","14","116973"
"chrX","15107185","15107496","chrX","15190794","15191103","37","83609"
"chrX","15131913","15132161","chrX","15214144","15214392","0","82231"
"chrX","16627648","16627943","chrX","16738769","16739077","28","111121"
"chrX","16920312","16920614","chrX","17038311","17038612","6","117999"
"chrX","18265986","18266271","chr3","48209643","48209937","36","29943657"
"chrX","18292554","18292737","chr13","99000001","99000183","28","80707447"
"chrX","18688148","18688437","chrX","18797594","18797891","13","109446"
"chrX","18712046","18712339","chrX","18821489","18821782","6","109443"
"chrX","19103514","19103810","chrX","19207470","19207766","4","103956"
"chrX","19134368","19134663","chrX","19238318","19238609","10","103950"
"chrX","19269989","19270285","chr4","38063254","38063552","26","18793265"
"chrX","19463118","19463404","chrX","19505313","19505605","24","42195"
"chrX","19464121","19464332","chr13","40881608","40881811","27","21417487"
"chrX","19464464","19464593","chrX","120097442","120097566","26","100632978"
"chrX","19581525","19581655","chr17","2987083","2987212","11","16594442"
"chrX","19671529","19671860","chrX","40505625","40505936","56","20834096"
"chrX","22200882","22201173","chrX","22058368","22058663","12","142514"
"chrX","22675519","22675780","chr2B","243453938","243454195","30","220778419"
"chrX","23436627","23436938","chrX","23229332","23229638","15","207295"
"chrX","23824566","23824883","chrX","23643119","23643426","15","181447"
"chrX","23872991","23873291","chrX","23690954","23691255","4","182037"
"chrX","23956681","23957005","chrX","23777529","23777833","28","179152"
"chrX","23983573","23983868","chrX","23802923","23803217","3","180650"
"chrX","23991032","23991335","chrX","23810525","23810834","12","180507"
"chrX","24129190","24129453","chr14","34007472","34007737","37","9878282"
"chrX","24498556","24498830","chr16","86665786","86666060","30","62167230"
"chrX","24673845","24674116","chrX","24467335","24467607","8","206510"
"chrX","24863694","24863990","chrX","24655453","24655748","8","208241"
"chrX","25144855","25145149","chrX","24936621","24936927","19","208234"
"chrX","25214202","25214524","chrX","25005989","25006282","33","208213"
"chrX","25372903","25373032","chr5","117912572","117912704","12","92539669"
"chrX","25373060","25373205","chr19","9303935","9304080","23","16069125"
"chrX","25381978","25382290","chrX","25171799","25172116","15","210179"
"chrX","26792752","26793061","chrX","26529258","26529577","14","263494"
"chrX","26801989","26802287","chrX","26538770","26539072","10","263219"
"chrX","26876602","26876920","chrX","26613229","26613542","10","263373"
"chrX","26959927","26960221","chrX","26682017","26682297","20","277910"
"chrX","27056990","27057159","chrX","26779353","26779526","8","277637"
"chrX","27224421","27224724","chrX","26946582","26946885","10","277839"
"chrX","27339923","27340217","chrX","27053384","27053675","8","286539"
"chrX","27465406","27465555","chr11","34850128","34850275","22","7384722"
"chrX","27731805","27732112","chrX","27441365","27441673","8","290440"
"chrX","28220002","28220295","chr5","99950530","99950827","42","71730528"
"chrX","28282160","28282468","chrX","27982261","27982568","10","299899"
"chrX","28608331","28608644","chrX","28307270","28307583","6","301061"
"chrX","28643146","28643380","chrX","28379393","28379626","4","263753"
"chrX","28661058","28661357","chrX","28361415","28361709","15","299643"
"chrX","28828988","28829268","chrX","28731773","28732052","8","97215"
"chrX","29023949","29024254","chrX","28922218","28922523","7","101731"
"chrX","29371873","29372035","chr8","2062218","2062376","33","27309655"
"chrX","29570706","29571005","chrX","29469971","29470258","16","100735"
"chrX","29605393","29605701","chrX","29507197","29507503","8","98196"
"chrX","29753499","29753797","chrX","29656428","29656719","17","97071"
"chrX","30311308","30311567","chrX","30179737","30179996","3","131571"
"chrX","30866658","30866883","chrX","30745108","30745338","10","121550"
"chrX","31022778","31023080","chrX","30898648","30898952","13","124130"
"chrX","31298047","31298352","chrX","31149232","31149536","7","148815"
"chrX","31300465","31300772","chrX","31151644","31151953","6","148821"
"chrX","31516214","31516508","chrX","31294941","31295233","6","221273"
"chrX","31627649","31627945","chrX","31406197","31406490","5","221452"
"chrX","31782561","31782871","chrX","31560318","31560626","12","222243"
"chrX","32325276","32325584","chrX","32090034","32090341","6","235242"
"chrX","32663818","32664127","chr5","53017051","53017360","43","20353233"
"chrX","33309941","33310204","chr19","57189923","57190204","54","23879982"
"chrX","33507869","33508180","chrX","33209095","33209406","14","298774"
"chrX","33782164","33782467","chrX","33481658","33481961","9","300506"
"chrX","34015398","34015712","chrX","33712171","33712455","34","303227"
"chrX","34235524","34235813","chrX","33912942","33913226","8","322582"
"chrX","34632631","34632937","chrX","34298131","34298438","8","334500"
"chrX","35013030","35013334","chrX","34678713","34679017","9","334317"
"chrX","35040607","35040911","chrX","34706199","34706501","19","334408"
"chrX","35340434","35340727","chrX","35107612","35107905","8","232822"
"chrX","35609900","35610180","chrX","35376261","35376544","24","233639"
"chrX","35689963","35690233","chrX","35445172","35445443","9","244791"
"chrX","35910084","35910401","chrX","35658024","35658341","3","252060"
"chrX","36097243","36097558","chrX","35850971","35851285","8","246272"
"chrX","36414243","36414515","chrX","36176212","36176486","8","238031"
"chrX","36556177","36556326","chrX","36317008","36317156","5","239169"
"chrX","36593967","36594268","chrX","36355224","36355547","29","238743"
"chrX","36975828","36976135","chrX","36707597","36707898","13","268231"
"chrX","38330418","38330714","chrX","38055063","38055360","9","275355"
"chrX","38399832","38400140","chrX","38124377","38124682","15","275455"
"chrX","38706385","38706676","chr2A","109802697","109802986","36","71096312"
"chrX","38998447","38998772","chr5","74517934","74518255","48","35519487"
"chrX","39181855","39182068","chrX","38863324","38863537","2","318531"
"chrX","39697980","39698288","chr1","134299422","134299730","3","94601442"
"chrX","40653774","40654078","chr1","141239412","141239712","35","100585638"
"chrX","40721141","40721451","chrX","40343308","40343616","10","377833"
"chrX","40735381","40735686","chr2B","167474072","167474376","35","126738691"
"chrX","40898049","40898352","chrX","40505625","40505936","15","392424"
"chrX","41158708","41158893","chr2B","237361319","237361495","38","196202611"
"chrX","41361520","41361822","chrX","41054995","41055297","7","306525"
"chrX","41376252","41376536","chrX","41069074","41069358","5","307178"
"chrX","41494377","41494670","chrX","41182822","41183113","11","311555"
"chrX","41580026","41580316","chrX","41269827","41270115","7","310199"
"chrX","41784996","41785304","chrX","41453048","41453357","6","331948"
"chrX","41790157","41790465","chr1","140452020","140452321","32","98661863"
"chrX","41890003","41890295","chrX","41556051","41556344","8","333952"
"chrX","41899116","41899427","chrX","41566491","41566794","14","332625"
"chrX","41985895","41986074","chr7","1999786","1999965","31","39986109"
"chrX","41996667","41996810","chrX","41655431","41655574","3","341236"
"chrX","42065700","42066005","chrX","41719914","41720223","18","345786"
"chrX","42099357","42099662","chrX","41753540","41753842","6","345817"
"chrX","42133021","42133314","chrX","41782034","41782327","4","350987"
"chrX","42510166","42510458","chrX","42162149","42162429","19","348017"
"chrX","42570984","42571280","chrX","42223052","42223347","8","347932"
"chrX","42801469","42801675","chr13","40881608","40881811","29","1919861"
"chrX","43483459","43483738","chrX","43261940","43262215","8","221519"
"chrX","43589034","43589325","chrX","43368984","43369275","5","220050"
"chrX","43746476","43746765","chrX","43527113","43527414","19","219363"
"chrX","44052003","44052217","chr7","136128841","136129061","26","92076838"
"chrX","44462239","44462440","chrX","44211699","44211900","3","250540"
"chrX","45205435","45205726","chrX","44956002","44956293","4","249433"
"chrX","45231689","45231965","chrX","44983023","44983300","5","248666"
"chrX","45263047","45263345","chrX","45010168","45010466","7","252879"
"chrX","45316441","45316725","chrX","45063464","45063746","11","252977"
"chrX","45332668","45333013","chr10","89512836","89513160","55","44180168"
"chrX","45351902","45352052","chr20","29517882","29518031","18","15834020"
"chrX","45373272","45373568","chrX","45125231","45125526","7","248041"
"chrX","45387073","45387354","chr14","67368596","67368887","43","21981523"
"chrX","45447050","45447347","chrX","45205458","45205756","6","241592"
"chrX","46357988","46358291","chrX","46143464","46143767","7","214524"
"chrX","46441733","46442029","chr17","57227088","57227384","29","10785355"
"chrX","46578722","46578885","chr3","49530540","49530703","45","2951818"
"chrX","46742945","46743194","chrX","46523848","46524119","35","219097"
"chrX","46765230","46765538","chr7","4310638","4310945","39","42454592"
"chrX","46833214","46833510","chrX","46613801","46614104","8","219413"
"chrX","46929257","46929536","chrX","46674797","46675075","7","254460"
"chrX","47032493","47032623","chr17","2987083","2987212","8","44045410"
"chrX","47140472","47140761","chrX","95554232","95554523","23","48413760"
"chrX","47364131","47364413","chr1","134944721","134945004","29","87580590"
"chrX","47625837","47626127","chrX","47324583","47324871","5","301254"
"chrX","47713160","47713285","chr9","34624049","34624171","16","13089111"
"chrX","47868755","47869057","chrX","47556422","47556729","15","312333"
"chrX","48078903","48079205","chrX","47814985","47815290","7","263918"
"chrX","48192145","48192435","chrX","47921656","47921937","14","270489"
"chrX","48633116","48633412","chrX","48319315","48319609","7","313801"
"chrX","48720579","48720806","chr1","108994481","108994708","42","60273902"
"chrX","48749212","48749427","chr19","50970582","50970792","30","2221370"
"chrX","48768260","48768559","chr7","126658600","126658891","46","77890340"
"chrX","48820797","48821071","chrX","48501867","48502138","33","318930"
"chrX","48860619","48860899","chrX","53017879","53018159","41","4157260"
"chrX","48963404","48963686","chr7","30532270","30532559","50","18431134"
"chrX","49511913","49512160","chr12","39246933","39247174","31","10264980"
"chrX","49673086","49673219","chr5","46459650","46459783","11","3213436"
"chrX","49703929","49704224","chr14","104194371","104194669","35","54490442"
"chrX","49719147","49719358","chr22","20188497","20188709","26","29530650"
"chrX","50115992","50116289","chr17","3658381","3658675","24","46457611"
"chrX","50178217","50178526","chrX","49675606","49675915","7","502611"
"chrX","50654681","50654771","chr19","20055622","20055707","33","30599059"
"chrX","51168264","51168572","chrX","50608460","50608765","12","559804"
"chrX","51356473","51356764","chrX","50796412","50796699","13","560061"
"chrX","51398241","51398543","chrX","50830519","50830813","17","567722"
"chrX","52066267","52066571","chrX","51471765","51472069","4","594502"
"chrX","53163743","53164023","chrX","53017879","53018159","6","145864"
"chrX","53262378","53262704","chrX","48568327","48568650","7","4694051"
"chrX","53602560","53602769","chr4","41183994","41184200","39","12418566"
"chrX","53606228","53606515","chr18","14069852","14070144","31","39536376"
"chrX","53780429","53780734","chr7","147811955","147812264","16","94031526"
"chrX","54048335","54048644","chrX","53782792","53783095","18","265543"
"chrX","54288828","54289125","chrX","53987044","53987344","6","301784"
"chrX","54327974","54328269","chrX","54026423","54026699","25","301551"
"chrX","54471351","54471642","chrX","54150421","54150711","7","320930"
"chrX","54618975","54619277","chr14","92616788","92617080","35","37997813"
"chrX","54829315","54829611","chr12","61366103","61366400","29","6536788"
"chrX","54969459","54969765","chrX","54763108","54763408","25","206351"
"chrX","55039394","55039701","chrX","54829515","54829822","5","209879"
"chrX","55093183","55093494","chrX","54887566","54887877","4","205617"
"chrX","55137846","55138148","chrX","54932937","54933213","29","204909"
"chrX","55158075","55158362","chrX","54953088","54953375","3","204987"
"chrX","55214203","55214501","chr5","175405344","175405673","123","120191141"
"chrX","55763636","55763951","chrX","55599704","55600024","12","163932"
"chrX","56448328","56448626","chrX","56300758","56301050","15","147570"
"chrX","56715413","56715696","chrX","56553225","56553508","4","162188"
"chrX","56817610","56817900","chrX","56660290","56660577","6","157320"
"chrX","56841716","56842014","chrX","56684425","56684704","22","157291"
"chrX","58326559","58326867","chrX","58217981","58218288","14","108578"
"chrX","58463422","58463724","chrX","58335625","58335927","14","127797"
"chrX","65201557","65201860","chrX","64621070","64621373","4","580487"
"chrX","65334081","65334372","chrX","64748841","64749111","30","585240"
"chrX","65417851","65418153","chr12","37501533","37501826","44","27916318"
"chrX","66744479","66744773","chrX","66274804","66275111","21","469675"
"chrX","67660354","67660646","chrX","67276869","67277162","20","383485"
"chrX","68039244","68039523","chr11","9111522","9111802","33","58927722"
"chrX","68509054","68509351","chrX","68124368","68124670","14","384686"
"chrX","68796766","68797061","chrX","68403704","68403991","15","393062"
"chrX","68848444","68848659","chr1","135942099","135942312","22","67093655"
"chrX","68863816","68864126","chrX","68461113","68461421","9","402703"
"chrX","69004953","69005235","chrX","68602874","68603156","8","402079"
"chrX","69305877","69306177","chrX","68923849","68924157","16","382028"
"chrX","69970851","69971157","chr18","6773622","6773932","28","63197229"
"chrX","70321298","70321597","chrX","69886975","69887265","13","434323"
"chrX","70608017","70608327","chrX","70186054","70186339","31","421963"
"chrX","70645870","70646166","chr15","67264771","67265063","30","3381099"
"chrX","70806533","70806830","chrX","70382957","70383254","4","423576"
"chrX","70964746","70964891","chrX","70518576","70518721","1","446170"
"chrX","70978129","70978429","chrX","70530698","70530987","15","447431"
"chrX","71143718","71143934","chrX","70682259","70682476","6","461459"
"chrX","71270396","71270673","chrX","70809535","70809807","10","460861"
"chrX","71625237","71625527","chrX","71272323","71272593","24","352914"
"chrX","73562970","73563264","chrX","73252927","73253218","12","310043"
"chrX","73571151","73571457","chrX","73260164","73260460","13","310987"
"chrX","73641838","73642122","chrX","73328734","73329018","3","313104"
"chrX","74245020","74245313","chr5","35952460","35952752","34","38292560"
"chrX","74256953","74257269","chrX","73985059","73985367","15","271894"
"chrX","75329985","75330207","chr3","37329522","37329749","35","38000463"
"chrX","75335719","75335919","chr11","129744030","129744232","31","54408311"
"chrX","76268737","76269046","chrX","76022645","76022954","6","246092"
"chrX","77186617","77186792","chrX","76925492","76925670","9","261125"
"chrX","77285395","77285720","chrX","77021257","77021570","22","264138"
"chrX","77335229","77335516","chr6","21959007","21959289","31","55376222"
"chrX","77417766","77418058","chr17","25817588","25817880","37","51600178"
"chrX","77433507","77433797","chrX","106566617","106566909","26","29133110"
"chrX","77513840","77514142","chrX","77246922","77247223","8","266918"
"chrX","77834419","77834566","chr22","38265923","38266066","33","39568496"
"chrX","80317300","80317597","chrX","79860927","79861220","7","456373"
"chrX","80548036","80548166","chr14","57209322","57209451","15","23338714"
"chrX","80582855","80582976","chr9","34624049","34624171","17","45958806"
"chrX","81153131","81153431","chrX","80655858","80656156","7","497273"
"chrX","81750046","81750260","chrX","81185200","81185416","4","564846"
"chrX","81859667","81859976","chrX","81293154","81293458","12","566513"
"chrX","82247941","82248241","chrX","81712851","81713150","12","535090"
"chrX","82422818","82423125","chr8","48592073","48592378","34","33830745"
"chrX","82741195","82741463","chrX","82223434","82223702","7","517761"
"chrX","85192207","85192510","chrX","84628517","84628822","14","563690"
"chrX","86330410","86330705","chrX","85749862","85750154","7","580548"
"chrX","87396843","87397153","chrX","86817818","86818129","7","579025"
"chrX","87794594","87794855","chrX","87186203","87186488","29","608391"
"chrX","87804389","87804681","chrX","87209051","87209345","6","595338"
"chrX","88525312","88525604","chrX","87870935","87871232","12","654377"
"chrX","88945600","88945901","chrX","88552017","88552327","18","393583"
"chrX","89898382","89898676","chrX","89483577","89483870","7","414805"
"chrX","90679894","90680186","chr3","160168124","160168417","7","69488230"
"chrX","90688823","90689162","chr11","56158312","56158621","34","34530511"
"chrX","90753680","90753989","chrX","90317225","90317534","11","436455"
"chrX","92473649","92473958","chrX","92051385","92051694","10","422264"
"chrX","92756299","92756581","chrX","92323994","92324275","8","432305"
"chrX","93589628","93589934","chrX","93181370","93181670","10","408258"
"chrX","95348531","95348793","chrX","94905346","94905591","23","443185"
"chrX","96040223","96040517","chrX","95554232","95554523","6","485991"
"chrX","96328370","96328680","chrX","95844211","95844518","10","484159"
"chrX","96404924","96405216","chrX","95921473","95921761","12","483451"
"chrX","96743611","96743861","chrX","96251119","96251369","5","492492"
"chrX","96756520","96756823","chrX","96265078","96265380","4","491442"
"chrX","97013713","97013979","chrX","96511954","96512220","4","501759"
"chrX","97106460","97106758","chrX","96600110","96600408","10","506350"
"chrX","97144504","97144810","chrX","96639337","96639646","10","505167"
"chrX","97260796","97261095","chrX","96767512","96767810","3","493284"
"chrX","97348002","97348127","chr7","46328728","46328852","22","51019274"
"chrX","97390794","97391098","chrX","96896080","96896387","14","494714"
"chrX","100857900","100858212","chrX","100229815","100230128","5","628085"
"chrX","101016129","101016433","chrX","100383053","100383356","10","633076"
"chrX","101016741","101017031","chr15","32639867","32640158","28","68376874"
"chrX","101063933","101064119","chr13","35581238","35581416","30","65482695"
"chrX","101282814","101283113","chrX","100644099","100644398","6","638715"
"chrX","101308417","101308714","chrX","100664686","100664976","17","643731"
"chrX","101317314","101317612","chr3","15828123","15828417","28","85489191"
"chrX","101343342","101343646","chr19","14935578","14935898","75","86407764"
"chrX","101382822","101383111","chrX","100736973","100737262","3","645849"
"chrX","101410274","101410577","chrX","100767059","100767364","10","643215"
"chrX","101519799","101520107","chrX","100904009","100904317","16","615790"
"chrX","102017181","102017478","chrX","101406548","101406848","4","610633"
"chrX","102610026","102610332","chrX","102338287","102338593","6","271739"
"chrX","102816192","102816422","chr3","37329522","37329749","31","65486670"
"chrX","102900484","102900786","chrX","102654183","102654460","32","246301"
"chrX","103232808","103233097","chr5","35952460","35952752","24","67280348"
"chrX","103620694","103620995","chr5","82824822","82825129","37","20795872"
"chrX","104039133","104039438","chrX","103684719","103685029","12","354414"
"chrX","104118098","104118394","chrX","103762920","103763212","9","355178"
"chrX","104152889","104153116","chrX","103797916","103798142","7","354973"
"chrX","104170138","104170345","chr1","40860360","40860550","40","63309778"
"chrX","105213551","105213865","chrX","104813892","104814190","26","399659"
"chrX","105343437","105343748","chrX","104935856","104936162","10","407581"
"chrX","105463848","105464154","chrX","105048745","105049052","11","415103"
"chrX","106117639","106117933","chrX","105667067","105667361","7","450572"
"chrX","106177201","106177494","chrX","105718111","105718400","13","459090"
"chrX","107024319","107024611","chrX","106566617","106566909","3","457702"
"chrX","107876581","107876883","chrX","107306014","107306285","38","570567"
"chrX","108692567","108692860","chr3","48209643","48209937","32","60482924"
"chrX","109775061","109775369","chrX","109341538","109341844","15","433523"
"chrX","110520086","110520390","chrX","110073044","110073350","16","447042"
"chrX","110597715","110598023","chrX","110148193","110148501","11","449522"
"chrX","111327762","111327898","chrX","110843528","110843665","2","484234"
"chrX","111941013","111941170","chr19","59203125","59203283","21","52737888"
"chrX","112016881","112017158","chrX","111531663","111531940","4","485218"
"chrX","112383635","112383805","chrX","111885828","111885998","2","497807"
"chrX","113893553","113893849","chrX","113416442","113416733","11","477111"
"chrX","114073966","114074183","chr14","102733511","102733726","34","11340455"
"chrX","114456106","114456371","chrX","113969827","113970100","12","486279"
"chrX","114765010","114765303","chrX","114328326","114328609","18","436684"
"chrX","115172207","115172345","chrX","114734049","114734187","2","438158"
"chrX","115432170","115432355","chr3","146068504","146068688","40","30636334"
"chrX","115718809","115719113","chr11","6644095","6644392","50","109074714"
"chrX","116075061","116075357","chrX","115695038","115695334","5","380023"
"chrX","116523216","116523508","chrX","116134382","116134665","13","388834"
"chrX","118348420","118348720","chrX","117947403","117947707","10","401017"
"chrX","118805647","118805951","chrX","118407325","118407630","10","398322"
"chrX","118906528","118906829","chrX","118508098","118508391","21","398430"
"chrX","118914703","118914991","chrX","118514818","118515106","4","399885"
"chrX","119373956","119374244","chrX","118985564","118985841","14","388392"
"chrX","119388592","119388705","chrX","119000558","119000679","9","388034"
"chrX","119478069","119478379","chr9","119775598","119775904","37","297529"
"chrX","119578061","119578357","chrX","119174106","119174400","10","403955"
"chrX","119585645","119585935","chrX","119181692","119181979","8","403953"
"chrX","119721172","119721468","chrX","119327132","119327428","6","394040"
"chrX","119757870","119758169","chrX","119364337","119364626","14","393533"
"chrX","119805368","119805660","chr5","108932442","108932734","30","10872926"
"chrX","120313182","120313330","chr10","77214881","77215022","26","43098301"
"chrX","120377120","120377425","chrX","119948564","119948863","13","428556"
"chrX","120416101","120416387","chrX","119988907","119989193","2","427194"
"chrX","120418700","120418987","chrX","119991503","119991789","4","427197"
"chrX","120533405","120533521","chr4","176786367","176786487","13","56252962"
"chrX","120744986","120745275","chrX","120314672","120314961","6","430314"
"chrX","121045360","121045669","chrX","120566740","120567049","6","478620"
"chrX","122093799","122094091","chr5","35354612","35354905","28","86739187"
"chrX","122541119","122541411","chrX","122080202","122080498","10","460917"
"chrX","122773739","122774042","chrX","122313152","122313427","35","460587"
"chrX","123211597","123211907","chrX","122739483","122739784","26","472114"
"chrX","123755648","123755799","chrX","123266069","123266232","18","489579"
"chrX","123798367","123798674","chr12","57324764","57325071","15","66473603"
"chrX","123813814","123813862","chr1","15820619","15820669","6","107993195"
"chrX","124053766","124054038","chrX","123602149","123602422","9","451617"
"chrX","124554510","124554788","chrX","124103134","124103411","5","451376"
"chrX","126406142","126406247","chr3","113980674","113980777","23","12425468"
"chrX","126444111","126444417","chrX","125962930","125963237","6","481181"
"chrX","126915461","126915756","chrX","126478807","126479100","4","436654"
"chrX","127595957","127596235","chrX","127147908","127148186","10","448049"
"chrX","128105152","128105464","chrX","127637262","127637573","12","467890"
"chrX","128299141","128299420","chrX","127827129","127827380","34","472012"
"chrX","129425050","129425356","chrX","128956887","128957193","10","468163"
"chrX","129887038","129887335","chr4","90888125","90888422","36","38998913"
"chrX","129893365","129893669","chrX","129393773","129394071","13","499592"
"chrX","130015876","130016185","chr11","117383282","117383589","34","12632594"
"chrX","130019868","130020148","chr12","114760794","114761074","32","15259074"
"chrX","130170179","130170474","chrX","129651346","129651640","8","518833"
"chrX","130259225","130259384","chrX","129730144","129730304","2","529081"
"chrX","130608225","130608524","chrX","130065589","130065894","13","542636"
"chrX","130731763","130732041","chr10","72172304","72172582","31","58559459"
"chrX","132126440","132126721","chrX","131579313","131579594","3","547127"
"chrX","132258928","132259232","chrX","131704741","131705040","8","554187"
"chrX","132734431","132734706","chr5","37915901","37916167","53","94818530"
"chrX","133095275","133095558","chrX","132544196","132544486","21","551079"
"chrX","133265593","133265814","chrX","132706828","132707049","4","558765"
"chrX","133437711","133437849","chrX","132870895","132871033","5","566816"
"chrX","134254184","134254466","chrX","133662526","133662808","3","591658"
"chrX","134631628","134631921","chrX","134023822","134024114","5","607806"
"chrX","134819232","134819357","chr15","41169982","41170108","16","93649250"
"chrX","134882818","134883117","chrX","134264084","134264386","8","618734"
"chrX","134917848","134918157","chrX","134299964","134300276","8","617884"
"chrX","134925220","134925515","chr12","37501533","37501826","33","97423687"
"chrX","134996186","134996472","chr1","26686339","26686629","41","108309847"
"chrX","135027022","135027319","chrX","134400853","134401146","8","626169"
"chrX","135174836","135175126","chr1","54749215","54749504","35","80425621"
"chrX","136175129","136175438","chr9","100529816","100530123","30","35645313"
"chrX","136678788","136679092","chrX","136039219","136039529","14","639569"
"chrX","136760839","136761145","chrX","136119363","136119670","7","641476"
"chrX","136766159","136766453","chr3","145762646","145762939","29","8996487"
"chrX","136965285","136965594","chr9","100529816","100530123","39","36435469"
"chrX","136967722","136968037","chr9","95442685","95442992","40","41525037"
"chrX","137571318","137571624","chrX","136928590","136928896","7","642728"
"chrX","137638652","137638962","chr2B","173023423","173023732","40","35384771"
"chrX","137810323","137810550","chr4","108746487","108746722","36","29063836"
"chrX","138017767","138018072","chrX","137315985","137316283","13","701782"
"chrX","138219000","138219134","chrX","137531367","137531499","6","687633"
"chrX","138957171","138957437","chrX","138311363","138311630","8","645808"
"chrX","139397170","139397472","chrX","138745687","138745990","9","651483"
"chrX","140445506","140445798","chrX","139767809","139768094","12","677697"
"chrX","140793303","140793596","chrX","140119873","140120165","11","673430"
"chrX","140822411","140822727","chrX","55005677","55005982","44","85816734"
"chrX","141598999","141599308","chr17","4389763","4390068","39","137209236"
"chrX","141771675","141771959","chr7","133067917","133068200","38","8703758"
"chrX","141901014","141901318","chrX","141289431","141289724","17","611583"
"chrX","142103914","142104213","chrX","141471960","141472265","14","631954"
"chrX","142529892","142530189","chrX","141885643","141885938","6","644249"
"chrX","143488946","143489228","chrX","142803126","142803408","11","685820"
"chrX","143603378","143603673","chrX","142916043","142916338","11","687335"
"chrX","144381909","144382043","chrX","623539","623672","13","143758370"
"chrX","144421673","144421952","chrX","143736158","143736434","5","685515"
"chrX","144858139","144858346","chrX","144165627","144165834","8","692512"
"chrX","145251583","145251869","chrX","144523783","144524073","9","727800"
"chrX","145709738","145710014","chrX","144933866","144934144","5","775872"
"chrX","146520350","146520658","chrX","145734534","145734841","6","785816"
"chrX","146569681","146569979","chrX","145783680","145783978","5","786001"
"chrX","146831026","146831312","chr7","44870098","44870391","67","101960928"
"chrX","146863072","146863365","chrX","146071740","146072032","9","791332"
"chrX","147170784","147171083","chrX","146470005","146470304","9","700779"
"chrX","149026891","149027184","chrX","148281437","148281737","9","745454"
"chrX","151238817","151239125","chrX","150585721","150586025","33","653096"
"chrX","151728765","151729070","chrX","151029349","151029658","15","699416"
"chrX","151885962","151886263","chrX","151188898","151189207","12","697064"
"chrX","152606402","152606671","chr14","97301446","97301723","40","55304956"
"chrX","153179525","153179833","chrX","152418251","152418559","3","761274"
"chrX","153525037","153525331","chrX","152682611","152682906","8","842426"
"chrX","154155078","154155381","chrX","153257054","153257355","10","898024"
"chrX","154698686","154698907","chr7","133710298","133710519","24","20988388"
"chrX","155024704","155025001","chrX","154031553","154031840","13","993151"
"chrX","155262233","155262358","chr13","98396665","98396787","12","56865568"
"chrX","155661994","155662285","chrX","154579101","154579389","6","1082893"
"chr10","7864087","7864369","chr10","7791693","7791975","7","72394"
"chr10","19136287","19136563","chr10","19306925","19307226","31","170638"
"chr10","192310","192611","chr10","321927","322224","10","129617"
"chr10","223199","223488","chr10","352225","352511","7","129026"
"chr10","258488","258600","chr5","35534757","35534872","22","35276269"
"chr10","692827","692947","chr10","799104","799224","3","106277"
"chr10","1047541","1047826","chr1","65164552","65164836","36","64117011"
"chr10","1058514","1058801","chr10","1146585","1146882","16","88071"
"chr10","1612372","1612488","chr11","89079457","89079573","26","87467085"
"chr10","1895085","1895357","chr10","1953647","1953910","23","58562"
"chr10","2064212","2064505","chr10","2110529","2110836","21","46317"
"chr10","2586187","2586479","chr10","2582443","2582736","18","3744"
"chr10","2990601","2990906","chr10","2973570","2973875","7","17031"
"chr10","4189242","4189551","chr14","49949654","49949960","40","45760412"
"chr10","4903849","4904145","chr10","4870700","4870994","7","33149"
"chr10","4911384","4911681","chr10","4878286","4878564","32","33098"
"chr10","5734192","5734486","chr10","5714892","5715189","9","19300"
"chr10","5776035","5776316","chr10","5756771","5757052","1","19264"
"chr10","5860340","5860655","chr5","35043534","35043843","42","29183194"
"chr10","6033248","6033392","chr16","1632682","1632824","35","4400566"
"chr10","6574139","6574234","chr16","25491186","25491281","9","18917047"
"chr10","7219645","7219933","chr10","7159456","7159749","10","60189"
"chr10","7298244","7298553","chr9","100529816","100530123","41","93231572"
"chr10","7792611","7792649","chr20","31027620","31027646","18","23235009"
"chr10","7864413","7864429","chr8","93932397","93932412","1","86067984"
"chr10","8134227","8134520","chr10","8084252","8084553","23","49975"
"chr10","8160536","8160749","chr10","8108119","8108333","3","52417"
"chr10","8441819","8442046","chr16","50098734","50098961","43","41656915"
"chr10","9131228","9131441","chr10","8973812","8974025","4","157416"
"chr10","9246518","9246812","chr10","9090947","9091235","12","155571"
"chr10","9277714","9277952","chr10","9120261","9120506","16","157453"
"chr10","9284370","9284639","chr10","9126896","9127168","11","157474"
"chr10","9568666","9568964","chr10","9409277","9409556","26","159389"
"chr10","10181981","10182283","chr10","9997204","9997512","11","184777"
"chr10","10971223","10971531","chr10","10751504","10751808","9","219719"
"chr10","11765846","11766120","chr10","11540560","11540834","7","225286"
"chr10","11867296","11867490","chr17","74719452","74719633","32","62852156"
"chr10","12004277","12004575","chr10","11765624","11765919","20","238653"
"chr10","12086321","12086619","chr10","11844265","11844567","11","242056"
"chr10","12211152","12211404","chr1","53001051","53001293","41","40789899"
"chr10","12259011","12259301","chr2B","182183656","182183947","41","169924645"
"chr10","12279694","12279983","chr10","12052759","12053053","16","226935"
"chr10","12363854","12364154","chr1","8398412","8398708","29","3965442"
"chr10","12478114","12478260","chr10","12252335","12252484","9","225779"
"chr10","12528987","12529261","chr8","27964486","27964763","35","15435499"
"chr10","12719711","12719832","chr10","12498395","12498516","7","221316"
"chr10","13141157","13141269","chr18","7409755","7409870","15","5731402"
"chr10","13363719","13364011","chr10","13107632","13107933","17","256087"
"chr10","13482566","13482874","chr10","13218388","13218695","14","264178"
"chr10","13660637","13660956","chr10","13740330","13740663","24","79693"
"chr10","13814736","13815032","chr19","16961591","16961883","37","3146855"
"chr10","14210574","14210877","chr2A","32110170","32110474","44","17899596"
"chr10","14318631","14318938","chr10","14396569","14396875","8","77938"
"chr10","14516619","14516910","chr10","14595357","14595647","12","78738"
"chr10","15659066","15659327","chr10","16027401","16027662","5","368335"
"chr10","15764190","15764484","chr10","16131256","16131555","17","367066"
"chr10","16250877","16251072","chr7","56293719","56293906","31","40042842"
"chr10","16356765","16357063","chr10","16670634","16670924","17","313869"
"chr10","16444733","16444871","chr10","16757789","16757927","3","313056"
"chr10","16720733","16721029","chr10","17030126","17030421","6","309393"
"chr10","17473048","17473342","chr10","17772776","17773062","15","299728"
"chr10","17675477","17675780","chr1","12278529","12278825","44","5396948"
"chr10","17725741","17726005","chr1","140568164","140568430","33","122842423"
"chr10","17837660","17837957","chr10","18142596","18142891","15","304936"
"chr10","17846662","17846964","chr10","18151523","18151813","28","304861"
"chr10","17866311","17866608","chr10","18171112","18171413","15","304801"
"chr10","18158838","18159127","chr10","18447299","18447589","7","288461"
"chr10","18347739","18348029","chr10","18447299","18447589","8","99560"
"chr10","18442771","18443075","chr10","18541064","18541361","12","98293"
"chr10","18544960","18545270","chr10","18716692","18717002","8","171732"
"chr10","18649258","18649438","chr10","18820445","18820625","4","171187"
"chr10","18750693","18750969","chr10","18920014","18920292","10","169321"
"chr10","18777885","18778178","chr10","18947187","18947480","2","169302"
"chr10","18864360","18864651","chr10","19035824","19036121","9","171464"
"chr10","18873134","18873425","chr10","19044586","19044877","7","171452"
"chr10","18914528","18914835","chr10","19085902","19086199","14","171374"
"chr10","18978329","18978549","chr10","19150027","19150244","9","171698"
"chr10","19118280","19118572","chr10","19288952","19289246","20","170672"
"chr10","19120902","19121208","chr10","19291534","19291837","11","170632"
"chr10","19128287","19128571","chr10","19298920","19299204","3","170633"
"chr10","19165811","19166119","chr15","20943865","20944166","33","1778054"
"chr10","19243422","19243719","chr5","33384650","33384942","42","14141228"
"chr10","19389508","19389707","chr4","41183994","41184200","37","21794486"
"chr10","19511937","19512244","chr10","100061576","100061876","68","80549639"
"chr10","19844923","19845105","chr10","125898516","125898700","23","106053593"
"chr10","19864685","19864867","chr10","125898516","125898700","23","106033831"
"chr10","19867773","19867954","chr10","125898516","125898700","24","106030743"
"chr10","19874024","19874206","chr10","125898516","125898700","25","106024492"
"chr10","19876650","19876941","chr12","50117895","50118184","35","30241245"
"chr10","19883170","19883351","chr10","125898516","125898700","24","106015346"
"chr10","19885795","19886110","chr7","54193156","54193474","38","34307361"
"chr10","19891570","19891752","chr10","125898516","125898700","25","106006946"
"chr10","19893774","19893956","chr10","125898516","125898700","24","106004742"
"chr10","19896773","19896955","chr10","125898516","125898700","23","106001743"
"chr10","19904293","19904475","chr10","125898516","125898700","23","105994223"
"chr10","19908342","19908524","chr10","125898516","125898700","23","105990174"
"chr10","19910657","19910839","chr10","125898516","125898700","23","105987859"
"chr10","19912103","19912285","chr10","125898516","125898700","23","105986413"
"chr10","19914017","19914199","chr10","125898516","125898700","23","105984499"
"chr10","19915532","19915714","chr10","125898516","125898700","23","105982984"
"chr10","19917075","19917257","chr10","125898516","125898700","24","105981441"
"chr10","19918735","19918916","chr10","125898516","125898700","25","105979781"
"chr10","19921789","19921971","chr10","125898516","125898700","24","105976727"
"chr10","19923651","19923833","chr10","125898516","125898700","23","105974865"
"chr10","19925879","19926061","chr10","125898516","125898700","23","105972637"
"chr10","19927206","19927388","chr10","125898516","125898700","23","105971310"
"chr10","19928186","19928368","chr10","125898516","125898700","23","105970330"
"chr10","19929475","19929657","chr10","125898516","125898700","24","105969041"
"chr10","19932291","19932473","chr10","125898516","125898700","23","105966225"
"chr10","19935231","19935413","chr10","125898516","125898700","23","105963285"
"chr10","19936241","19936423","chr10","125898516","125898700","23","105962275"
"chr10","19937458","19937640","chr10","125898516","125898700","24","105961058"
"chr10","19938445","19938627","chr10","125898516","125898700","23","105960071"
"chr10","19939734","19939916","chr10","125898516","125898700","25","105958782"
"chr10","19941752","19941934","chr10","125898516","125898700","24","105956764"
"chr10","19944247","19944429","chr10","125898516","125898700","23","105954269"
"chr10","19946950","19947132","chr10","125898516","125898700","24","105951566"
"chr10","19947741","19947923","chr10","125898516","125898700","24","105950775"
"chr10","19948928","19949110","chr10","125898516","125898700","25","105949588"
"chr10","19950450","19950632","chr10","125898516","125898700","23","105948066"
"chr10","20005922","20006227","chr11","129021878","129022184","36","109015956"
"chr10","20011795","20011977","chr10","125898516","125898700","25","105886721"
"chr10","20014420","20014726","chr3","160440597","160440904","36","140426177"
"chr10","20049125","20049307","chr10","125898516","125898700","23","105849391"
"chr10","20051744","20052046","chr6","133822651","133822954","38","113770907"
"chr10","20068019","20068201","chr10","125898516","125898700","24","105830497"
"chr10","20068681","20068959","chr8","126342282","126342561","34","106273601"
"chr10","20069464","20069756","chr19","9779515","9779807","34","10289949"
"chr10","20070458","20070686","chr5","139945198","139945425","32","119874740"
"chr10","20071813","20072037","chr7","154995961","154996183","35","134924148"
"chr10","20074238","20074450","chr5","182141287","182141495","30","162067049"
"chr10","20075113","20075323","chr5","182141287","182141495","28","162066174"
"chr10","20076019","20076229","chr5","182141287","182141495","29","162065268"
"chr10","20076481","20076614","chr12","3458924","3459054","15","16617557"
"chr10","20078047","20078210","chr19","48691328","48691492","25","28613281"
"chr10","20522178","20522360","chr10","125898516","125898700","23","105376338"
"chr10","20981829","20982011","chr10","125898516","125898700","23","104916687"
"chr10","21497900","21498081","chr10","125898516","125898700","25","104400616"
"chr10","21609181","21609363","chr10","125898516","125898700","23","104289335"
"chr10","23256242","23256538","chr10","20897488","20897778","17","2358754"
"chr10","23527065","23527346","chr10","21170986","21171280","23","2356079"
"chr10","23749525","23749765","chr1","76991058","76991288","50","53241533"
"chr10","24027046","24027355","chr17","56092199","56092505","37","32065153"
"chr10","24070729","24070960","chr10","21720121","21720348","9","2350608"
"chr10","24162909","24163210","chr10","21811007","21811302","15","2351902"
"chr10","24308548","24308846","chr10","21948976","21949268","11","2359572"
"chr10","24460820","24460997","chr22","25883079","25883251","31","1422259"
"chr10","24473270","24473400","chr21","26592338","26592468","22","2119068"
"chr10","25961163","25961302","chr19","9303935","9304080","30","16657228"
"chr10","26321950","26322248","chr9","97612841","97613139","36","71290891"
"chr10","27018669","27018970","chr10","24671481","24671781","5","2347188"
"chr10","27171238","27171534","chr10","24821408","24821706","4","2349830"
"chr10","27254303","27254610","chr10","24904940","24905241","16","2349363"
"chr10","27551554","27551862","chr10","25183002","25183307","8","2368552"
"chr10","27795873","27796162","chr1","143706437","143706726","35","115910564"
"chr10","28086170","28086466","chr10","25710760","25711055","7","2375410"
"chr10","28130764","28131082","chr10","25755429","25755726","26","2375335"
"chr10","28309422","28309716","chr10","25929266","25929560","9","2380156"
"chr10","28684752","28684953","chr19","55439932","55440125","25","26755180"
"chr10","28935049","28935344","chr10","26547166","26547469","17","2387883"
"chr10","29176829","29177081","chr10","26791452","26791704","7","2385377"
"chr10","29317879","29318177","chr10","26930151","26930451","8","2387728"
"chr10","29357704","29357810","chr19","2530200","2530309","3","26827504"
"chr10","29429646","29429783","chr5","135622282","135622420","17","106192636"
"chr10","29753680","29753986","chr1","190022008","190022311","34","160268328"
"chr10","29821183","29821471","chr17","34837150","34837438","9","5015967"
"chr10","29921722","29922019","chr10","27481700","27481997","7","2440022"
"chr10","29935773","29936070","chr10","27481700","27481997","7","2454073"
"chr10","30098585","30098718","chr4","192425824","192425956","16","162327239"
"chr10","30099040","30099217","chr15","39418535","39418717","27","9319495"
"chr10","30809138","30809448","chr10","78052956","78053257","13","47243818"
"chr10","31385979","31386282","chr10","77487621","77487914","34","46101642"
"chr10","31652262","31652557","chr10","77232099","77232403","20","45579837"
"chr10","31737045","31737348","chr17","38693337","38693627","44","6956292"
"chr10","31885205","31885497","chr10","77005661","77005953","4","45120456"
"chr10","31956269","31956570","chr12","61366103","61366400","37","29409834"
"chr10","32119373","32119640","chr10","76778753","76779053","40","44659380"
"chr10","32256660","32256899","chr10","76651088","76651327","1","44394428"
"chr10","32469003","32469302","chr10","76439107","76439403","5","43970104"
"chr10","32746525","32746829","chr1","157841166","157841472","44","125094641"
"chr10","33067756","33068064","chr10","75852377","75852681","4","42784621"
"chr10","33940696","33940812","chr10","74991716","74991832","1","41051020"
"chr10","34503660","34503926","chr17","13323709","13323978","28","21179951"
"chr10","34563271","34563560","chr10","74372555","74372844","3","39809284"
"chr10","34574868","34575000","chr1","215663298","215663430","12","181088430"
"chr10","34666564","34666868","chr6","38150830","38151139","62","3484266"
"chr10","34813769","34814071","chr10","74132444","74132746","10","39318675"
"chr10","34950818","34951147","chr1","41590714","41591032","49","6639896"
"chr10","34962411","34962576","chr15","76304221","76304391","31","41341810"
"chr10","35047786","35048077","chr3","15828123","15828417","35","19219663"
"chr10","35095294","35095597","chr10","73855455","73855755","11","38760161"
"chr10","35210178","35210309","chr12","122152444","122152578","14","86942266"
"chr10","35353698","35354007","chr10","73597574","73597881","9","38243876"
"chr10","35571572","35571818","chr10","73381450","73381697","8","37809878"
"chr10","35587051","35587160","chr1","17481736","17481846","9","18105315"
"chr10","35787976","35788241","chr10","73166500","73166765","5","37378524"
"chr10","35833970","35834271","chr10","73121581","73121882","7","37287611"
"chr10","36147424","36147703","chr10","72612776","72613077","30","36465352"
"chr10","36153093","36153334","chr12","39246933","39247174","28","3093840"
"chr10","36211743","36211955","chr10","72557522","72557734","9","36345779"
"chr10","36240117","36240403","chr10","72529454","72529738","9","36289337"
"chr10","36414937","36415240","chr10","72351625","72351937","14","35936688"
"chr10","36417895","36418073","chr3","123757609","123757787","24","87339714"
"chr10","36418388","36418520","chr17","50036355","50036488","11","13617967"
"chr10","36422575","36422865","chr4","189810213","189810508","35","153387638"
"chr10","36577358","36577634","chr10","72199921","72200197","4","35622563"
"chr10","36616897","36617191","chr10","72147360","72147653","5","35530463"
"chr10","37100530","37100830","chr10","71695274","71695574","7","34594744"
"chr10","37138780","37139060","chr1","27932115","27932396","37","9206665"
"chr10","37142794","37143062","chr10","71631026","71631292","4","34488232"
"chr10","37144863","37145165","chr10","71628933","71629235","4","34484070"
"chr10","37147407","37147709","chr1","140452020","140452321","36","103304613"
"chr10","37185333","37185639","chr22","35302996","35303304","31","1882337"
"chr10","37548533","37548829","chr10","71240367","71240660","10","33691834"
"chr10","37973465","37973775","chr10","70846046","70846348","15","32872581"
"chr10","39355581","39355875","chr10","69511181","69511475","6","30155600"
"chr10","39496267","39496507","chr5","129889744","129889973","27","90393477"
"chr10","39994371","39994677","chr10","68862831","68863128","20","28868460"
"chr10","40357851","40358147","chr10","68517884","68518180","8","28160033"
"chr10","40403772","40404065","chr10","68476613","68476886","22","28072841"
"chr10","40493885","40494161","chrX","45079317","45079589","32","4585432"
"chr10","40558903","40559205","chr10","68322427","68322735","14","27763524"
"chr10","40570274","40570568","chr10","68310988","68311282","11","27740714"
"chr10","40668968","40669270","chr5","33384650","33384942","33","7284318"
"chr10","40687203","40687455","chr10","68194792","68195044","7","27507589"
"chr10","40741691","40741997","chr10","68140573","68140879","7","27398882"
"chr10","40777855","40778165","chr10","68104687","68104998","7","27326832"
"chr10","40912848","40912992","chr10","67967233","67967376","4","27054385"
"chr10","40922208","40922503","chr12","37501533","37501826","30","3420675"
"chr10","40926219","40926389","chr10","67954243","67954419","8","27028024"
"chr10","41081053","41081085","chr10","133468152","133468189","6","92387099"
"chr10","41082404","41082702","chr10","67812445","67812738","12","26730041"
"chr10","41084813","41085116","chr2B","122911145","122911433","44","81826332"
"chr10","41089816","41090106","chr10","67805115","67805404","4","26715299"
"chr10","41105796","41106085","chr10","67789690","67789979","7","26683894"
"chr10","41171234","41171543","chr12","69080340","69080649","30","27909106"
"chr10","41238045","41238349","chr10","67657682","67657986","12","26419637"
"chr10","41319136","41319249","chr5","134613512","134613627","13","93294376"
"chr10","41323135","41323423","chr5","17171127","17171413","36","24152008"
"chr10","41342640","41342947","chrX","55005677","55005982","35","13663037"
"chr10","41779205","41779375","chr8","126926061","126926230","17","85146856"
"chr10","41788238","41788522","chr17","57634784","57635068","51","15846546"
"chr10","41927684","41927973","chr10","66724255","66724544","7","24796571"
"chr10","42000383","42000684","chr1","141239412","141239712","32","99239029"
"chr10","42014964","42015269","chr1","129885510","129885814","38","87870546"
"chr10","42018304","42018597","chr10","66631549","66631839","12","24613245"
"chr10","42019158","42019321","chr10","66630824","66630987","3","24611666"
"chr10","42443649","42443903","chr10","66214229","66214488","8","23770580"
"chr10","42576548","42576849","chr10","66082416","66082718","12","23505868"
"chr10","42718229","42718418","chr9","34368300","34368485","30","8349929"
"chr10","43137133","43137422","chr10","65548112","65548402","10","22410979"
"chr10","43495001","43495310","chr3","25578151","25578455","38","17916850"
"chr10","43563391","43563673","chr10","65119438","65119724","8","21556047"
"chr10","43785720","43785975","chr5","56506352","56506609","45","12720632"
"chr10","43833098","43833394","chr10","64859407","64859699","9","21026309"
"chr10","44035642","44035861","chr10","64651000","64651222","25","20615358"
"chr10","44856107","44856401","chr10","63904390","63904685","10","19048283"
"chr10","44878739","44879042","chr10","63882111","63882420","13","19003372"
"chr10","45317873","45318006","chr4","9441609","9441738","10","35876264"
"chr10","45348343","45348655","chr10","63456330","63456641","8","18107987"
"chr10","45690852","45691159","chr13","34813617","34813921","38","10877235"
"chr10","45729007","45729298","chr10","63095197","63095485","12","17366190"
"chr10","45835967","45836265","chr10","62978784","62979075","12","17142817"
"chr10","46320050","46320182","chr14","73768913","73769043","16","27448863"
"chr10","46569172","46569470","chr12","61366103","61366400","33","14796931"
"chr10","46610682","46610976","chr10","62207870","62208161","10","15597188"
"chr10","46731828","46732128","chr10","62081416","62081720","12","15349588"
"chr10","46888834","46889139","chr10","61931095","61931400","3","15042261"
"chr10","46896862","46897172","chr10","61923112","61923420","10","15026250"
"chr10","47397443","47397741","chr10","61481858","61482156","5","14084415"
"chr10","47919338","47919579","chr10","60988078","60988299","21","13068740"
"chr10","48222756","48223059","chr10","60683919","60684212","15","12461163"
"chr10","49104237","49104534","chr10","59817159","59817458","13","10712922"
"chr10","49238322","49238629","chr10","59682029","59682352","26","10443707"
"chr10","49461692","49461972","chr10","59455295","59455575","5","9993603"
"chr10","50044419","50044723","chr4","131815591","131815887","35","81771172"
"chr10","50086036","50086327","chr10","58724740","58725049","27","8638704"
"chr10","50119108","50119418","chr10","58691748","58692029","38","8572640"
"chr10","50779676","50779758","chr5","54898894","54898967","18","4119218"
"chr10","51739799","51740064","chr10","57107426","57107722","34","5367627"
"chr10","52945976","52946157","chrUn_NW_014018425v1","261","443","28","52945715"
"chr10","53155836","53156131","chr10","55754062","55754357","7","2598226"
"chr10","54078762","54079061","chr10","54782715","54783017","13","703953"
"chr10","54149079","54149343","chr10","54719536","54719817","19","570457"
"chr10","54190682","54190970","chr10","54676552","54676839","5","485870"
"chr10","54435734","54436041","chr10","54405533","54405840","4","30201"
"chr10","54602926","54603230","chr10","54238144","54238448","15","364782"
"chr10","56516376","56516676","chr10","52349237","52349523","24","4167139"
"chr10","57811538","57811842","chr10","51103365","51103671","14","6708173"
"chr10","58996041","58996336","chr10","50024064","50024358","9","8971977"
"chr10","59649796","59650070","chr10","49353593","49353866","9","10296203"
"chr10","60126045","60126343","chr4","173201223","173201521","29","113075178"
"chr10","60152344","60152652","chr11","128485674","128485980","32","68333330"
"chr10","60995823","60996103","chr10","96790285","96790567","36","35794462"
"chr10","61171085","61171381","chr1","153471690","153471986","32","92300605"
"chr10","61847773","61847989","chr4","831077","831290","28","61016696"
"chr10","61897882","61898178","chr1","110224228","110224530","31","48326346"
"chr10","63191789","63192097","chr10","47463988","47464289","23","15727801"
"chr10","63420171","63420465","chr11","117220929","117221224","31","53800758"
"chr10","63802077","63802274","chr17","59897879","59898079","49","3904198"
"chr10","64210111","64210392","chrUn_NW_014017532v1","5982","6285","29","64204129"
"chr10","64240168","64240469","chr4","173201223","173201521","29","108961055"
"chr10","64294770","64294988","chr17","2196508","2196718","27","62098262"
"chr10","64399604","64399712","chr10","45915696","45915804","1","18483908"
"chr10","65072757","65073045","chr10","45161340","45161641","22","19911417"
"chr10","65219973","65220244","chr10","45015065","45015351","18","20204908"
"chr10","66268342","66268630","chr10","43995436","43995718","12","22272906"
"chr10","66671047","66671337","chrX","119174106","119174400","21","52503059"
"chr10","66693478","66693760","chr3","49317667","49317958","47","17375811"
"chr10","66940909","66941208","chr10","43324309","43324604","9","23616600"
"chr10","67058954","67059250","chr10","43206065","43206362","5","23852889"
"chr10","67192058","67192311","chr1","15125081","15125345","55","52066977"
"chr10","67350415","67350693","chr20","47015946","47016230","36","20334469"
"chr10","67401758","67402007","chr10","42877107","42877355","4","24524651"
"chr10","67447440","67447763","chr10","42840690","42840982","36","24606750"
"chr10","67602904","67603222","chr10","42704233","42704559","21","24898671"
"chr10","67606118","67606358","chr2B","247279347","247279573","44","179673229"
"chr10","67724061","67724337","chr10","42543640","42543917","9","25180421"
"chr10","67730555","67730855","chrUn_NW_014017980v1","635","931","7","67729920"
"chr10","82671137","82671435","chr10","38629594","38629892","4","44041543"
"chr10","82706653","82706810","chr11","16774433","16774585","29","65932220"
"chr10","82722070","82722350","chr15","63042800","63043080","33","19679270"
"chr10","82766396","82766701","chr10","38526718","38527016","11","44239678"
"chr10","83084212","83084493","chr10","38218307","38218588","4","44865905"
"chr10","83084519","83084532","chr1","112164242","112164254","3","29079723"
"chr10","83207723","83208036","chr10","38084374","38084687","12","45123349"
"chr10","83217649","83217923","chr10","38075933","38076213","10","45141716"
"chr10","84126918","84127223","chr10","37264462","37264755","25","46862456"
"chr10","84181209","84181514","chr10","37202510","37202815","5","46978699"
"chr10","84223441","84223750","chr10","37160062","37160371","11","47063379"
"chr10","84308339","84308605","chr10","37080587","37080854","10","47227752"
"chr10","84337632","84337905","chr10","37053267","37053544","12","47284365"
"chr10","84454392","84454688","chr10","36944233","36944520","17","47510159"
"chr10","84545625","84545936","chr8","97847918","97848226","34","13302293"
"chr10","84595926","84596223","chr10","36807513","36807809","12","47788413"
"chr10","85411486","85411765","chr15","60999380","60999661","37","24412106"
"chr10","85418572","85418718","chr10","35993502","35993648","2","49425070"
"chr10","85450031","85450264","chr7","160556725","160556965","41","75106694"
"chr10","85778766","85779093","chr10","35643157","35643449","40","50135609"
"chr10","85790714","85791010","chr17","3658381","3658675","27","82132333"
"chr10","85890349","85890658","chr10","35533267","35533577","12","50357082"
"chr10","86073821","86074099","chr10","35360962","35361241","9","50712859"
"chr10","86171806","86172095","chr10","35259425","35259713","5","50912381"
"chr10","86244726","86244944","chr10","35185059","35185277","2","51059667"
"chr10","87460799","87461097","chr10","34010742","34011039","2","53450057"
"chr10","87665704","87665918","chr10","33808649","33808859","7","53857055"
"chr10","87745259","87745385","chr3","47292730","47292861","29","40452529"
"chr10","87964659","87964794","chr10","33516806","33516941","2","54447853"
"chr10","88191759","88192028","chr10","33287286","33287573","23","54904473"
"chr10","88363686","88363806","chr9","34624049","34624171","10","53739637"
"chr10","88488158","88488466","chr10","32996555","32996860","9","55491603"
"chr10","88610262","88610563","chr1","154136761","154137062","32","65526499"
"chr10","88695383","88695670","chr15","26476129","26476416","32","62219254"
"chr10","88836543","88836841","chr3","52619802","52620099","35","36216741"
"chr10","89421812","89422011","chr4","41183994","41184200","41","48237818"
"chr10","89629106","89629369","chr6","49637378","49637639","30","39991728"
"chr10","89633171","89633317","chr16","412286","412428","22","89220885"
"chr10","89836495","89836794","chr10","31460463","31460760","14","58376032"
"chr10","89854533","89854832","chr10","31460463","31460760","14","58394070"
"chr10","90215877","90216160","chr11","5632440","5632720","83","84583437"
"chr10","90321743","90321940","chr10","30993633","30993830","2","59328110"
"chr10","90347570","90347851","chr10","30968262","30968550","18","59379308"
"chr10","90353263","90353490","chr10","30962644","30962872","10","59390619"
"chr10","90466067","90466376","chr10","30864193","30864501","16","59601874"
"chr10","90817634","90817935","chr10","30496348","30496639","13","60321286"
"chr10","90957945","90958234","chr10","30362093","30362358","30","60595852"
"chr10","91020616","91020923","chr10","30299819","30300125","15","60720797"
"chr10","91052926","91053226","chr1","46441047","46441338","47","44611879"
"chr10","91310522","91310792","chr10","30023050","30023320","3","61287472"
"chr10","92005731","92006042","chr10","29308716","29308992","39","62697015"
"chr10","92085151","92085296","chr10","29225855","29226000","5","62859296"
"chr10","92310807","92311077","chr1","24888283","24888553","34","67422524"
"chr10","93743265","93743428","chr10","87732764","87732927","5","6010501"
"chr10","93962565","93962728","chr10","87732764","87732927","3","6229801"
"chr10","94273559","94273853","chr10","78884009","78884313","13","15389550"
"chr10","94928272","94928331","chr10","80708476","80708535","0","14219796"
"chr10","95918408","95918694","chr10","81672261","81672529","27","14246147"
"chr10","96548304","96548611","chr10","82273791","82274072","33","14274513"
"chr10","97294156","97294261","chr10","83005497","83005603","4","14288659"
"chr10","97316286","97316576","chr10","83027640","83027933","15","14288646"
"chr10","98362819","98363118","chr10","84064767","84065066","9","14298052"
"chr10","98550893","98551183","chr10","84234694","84234984","4","14316199"
"chr10","99303422","99303727","chr10","84992135","84992443","11","14311287"
"chr10","99457831","99458119","chr10","85143377","85143666","9","14314454"
"chr10","100814024","100814323","chr1","153471690","153471986","37","52657666"
"chr10","100825819","100826118","chr10","86545449","86545748","2","14280370"
"chr10","100896177","100896471","chr10","86616032","86616325","7","14280145"
"chr10","100964381","100964689","chr10","86684433","86684743","19","14279948"
"chr10","101080514","101080812","chr10","86800772","86801076","11","14279742"
"chr10","101158129","101158260","chr10","86878281","86878411","2","14279848"
"chr10","101254757","101255063","chr10","86966704","86967013","7","14288053"
"chr10","101436617","101436914","chr5","175405344","175405673","134","73968727"
"chr10","101778458","101778767","chr10","87717191","87717490","16","14061267"
"chr10","101873516","101873823","chr10","87811043","87811333","24","14062473"
"chr10","102002275","102002582","chr10","87935885","87936187","17","14066390"
"chr10","102205871","102206162","chr10","88137974","88138266","6","14067897"
"chr10","102943738","102943876","chr6","43796281","43796415","23","59147457"
"chr10","103596198","103596511","chr10","89512836","89513160","18","14083362"
"chr10","103596517","103596763","chr15","39929333","39929583","44","63667184"
"chr10","105134956","105135264","chr10","91025506","91025816","14","14109450"
"chr10","105163780","105164087","chr10","91054319","91054625","8","14109461"
"chr10","105598614","105598916","chr10","91490153","91490451","16","14108461"
"chr10","106253724","106253882","chr8","140200512","140200666","22","33946788"
"chr10","106363744","106364053","chr10","92263539","92263843","13","14100205"
"chr10","106508261","106508567","chr10","92406401","92406690","20","14101860"
"chr10","106531024","106531330","chr8","22779329","22779637","35","83751695"
"chr10","106690430","106690732","chr10","92578529","92578811","29","14111901"
"chr10","106846236","106846524","chr7","5854340","5854633","52","100991896"
"chr10","106981087","106981394","chr10","92877325","92877633","3","14103762"
"chr10","107227603","107227890","chr10","93118005","93118291","9","14109598"
"chr10","107382878","107383178","chr10","93248430","93248725","12","14134448"
"chr10","107605780","107606035","chr10","93469307","93469543","26","14136473"
"chr10","107654070","107654377","chr10","93517042","93517349","7","14137028"
"chr10","107729129","107729426","chr4","47218523","47218820","24","60510606"
"chr10","107822799","107823004","chr11","129744030","129744232","35","21921231"
"chr10","107898967","107899187","chr10","93759391","93759611","2","14139576"
"chr10","108219826","108219958","chr16","46374232","46374358","28","61845594"
"chr10","108841734","108842031","chr10","94641448","94641738","12","14200286"
"chr10","108994218","108994524","chr19","2071845","2072151","41","106922373"
"chr10","109003259","109003567","chr10","94804164","94804472","12","14199095"
"chr10","110091389","110091692","chr10","95716778","95717080","10","14374611"
"chr10","110174629","110174926","chr10","95798489","95798785","15","14376140"
"chr10","110245707","110246006","chr10","95866804","95867103","7","14378903"
"chr10","110638343","110638470","chr3","153870028","153870158","14","43231685"
"chr10","110866261","110866533","chr10","96469056","96469349","28","14397205"
"chr10","111189150","111189426","chr10","96790285","96790567","8","14398865"
"chr10","111226097","111226397","chr10","96827795","96828099","9","14398302"
"chr10","111241815","111242104","chr10","96843575","96843881","21","14398240"
"chr10","111257293","111257581","chr10","96862378","96862666","4","14394915"
"chr10","111349886","111350196","chr10","96955416","96955728","10","14394470"
"chr10","111410170","111410478","chr10","97014536","97014843","12","14395634"
"chr10","111818592","111818887","chr2B","153624392","153624688","11","41805800"
"chr10","111953375","111953671","chr10","97556683","97556975","9","14396692"
"chr10","112015183","112015470","chr10","97607127","97607411","13","14408056"
"chr10","112139766","112140096","chr10","97728926","97729240","18","14410840"
"chr10","112183888","112184195","chr10","97773233","97773534","13","14410655"
"chr10","112931182","112931483","chr10","98510652","98510954","4","14420530"
"chr10","113405263","113405552","chr10","98937357","98937644","6","14467906"
"chr10","113547973","113548205","chr10","99080802","99081033","6","14467171"
"chr10","113570333","113570630","chr10","99103545","99103845","12","14466788"
"chr10","113715121","113715409","chr10","99248284","99248572","8","14466837"
"chr10","113769143","113769448","chr10","99294721","99295017","24","14474422"
"chr10","113792988","113793283","chr10","99318156","99318451","0","14474832"
"chr10","113950274","113950580","chr10","99473151","99473452","15","14477123"
"chr10","114042466","114042771","chr10","99567893","99568204","25","14474573"
"chr10","114308017","114308312","chr10","99834457","99834753","5","14473560"
"chr10","114501348","114501490","chr10","100010734","100010891","16","14490614"
"chr10","114554513","114554817","chr10","100061576","100061876","11","14492937"
"chr10","114751756","114752047","chr10","100234090","100234384","10","14517666"
"chr10","115367711","115368001","chr10","100799857","100800155","17","14567854"
"chr10","115491640","115491874","chr10","100923568","100923802","5","14568072"
"chr10","115640745","115641028","chr10","101073124","101073407","4","14567621"
"chr10","115850136","115850306","chr5","20677840","20678006","22","95172296"
"chr10","116107787","116108080","chr2A","110470602","110470893","38","5637185"
"chr10","116378286","116378581","chr10","101806122","101806400","26","14572164"
"chr10","116442978","116443256","chrX","27448512","27448790","32","88994466"
"chr10","116511745","116512026","chr10","101939619","101939902","5","14572126"
"chr10","116628017","116628305","chr10","102050996","102051281","19","14577021"
"chr10","116709297","116709593","chr10","102128026","102128330","11","14581271"
"chr10","116785800","116785973","chr10","102200614","102200787","4","14585186"
"chr10","116786270","116786323","chr10","102201085","102201138","1","14585185"
"chr10","116863417","116863718","chr18","28585916","28586218","38","88277501"
"chr10","116920728","116921028","chr10","102320527","102320818","17","14600201"
"chr10","117018144","117018294","chr10","102415722","102415872","4","14602422"
"chr10","117127928","117128238","chr10","102521172","102521452","35","14606756"
"chr10","117205287","117205385","chr10","102597600","102597698","0","14607687"
"chr10","117377059","117377356","chr10","102761807","102762104","8","14615252"
"chr10","117511895","117512179","chr10","102891003","102891294","16","14620892"
"chr10","117554979","117555264","chr15","67264771","67265063","39","50290208"
"chr10","117573134","117573442","chr4","75171632","75171933","33","42401502"
"chr10","117629712","117629992","chr11","9111522","9111802","33","108518190"
"chr10","117673544","117673840","chr10","103072708","103073003","6","14600836"
"chr10","117790699","117791003","chr10","103186855","103187158","5","14603844"
"chr10","117889600","117889918","chr10","103287345","103287657","16","14602255"
"chr10","117909403","117909708","chr10","103305895","103306202","10","14603508"
"chr10","118041879","118041925","chr6","135740359","135740397","24","17698480"
"chr10","118783326","118783637","chr10","104177289","104177601","4","14606037"
"chr10","119283294","119283578","chr10","104667275","104667563","11","14616019"
"chr10","119685316","119685619","chr10","105045921","105046223","5","14639395"
"chr10","120122584","120122889","chr10","105461215","105461512","19","14661369"
"chr10","120133029","120133385","chr10","105471696","105472006","54","14661333"
"chr10","120134640","120134927","chr10","105473242","105473542","17","14661398"
"chr10","120840552","120840708","chr10","106177071","106177232","9","14663481"
"chr10","120921305","120921471","chr20","35955308","35955469","38","84965997"
"chr10","121151332","121151501","chr10","106483113","106483282","6","14668219"
"chr10","121202438","121202615","chr1","45539327","45539499","30","75663111"
"chr10","121405269","121405540","chr10","106747882","106748154","10","14657387"
"chr10","121412504","121412809","chr10","106755112","106755418","9","14657392"
"chr10","121629023","121629334","chr16","69659944","69660253","37","51969079"
"chr10","122357575","122357868","chr10","107626884","107627178","12","14730691"
"chr10","123013022","123013306","chr2A","22454910","22455194","37","100558112"
"chr10","123863910","123864182","chr10","109110735","109111007","9","14753175"
"chr10","124016149","124016443","chr10","109267702","109267996","6","14748447"
"chr10","124027389","124027660","chr10","109278897","109279172","9","14748492"
"chr10","124248670","124248977","chr10","109493988","109494294","10","14754682"
"chr10","124562815","124563090","chr10","109778045","109778339","30","14784770"
"chr10","124905653","124905945","chr10","110086684","110086976","5","14818969"
"chr10","124921268","124921568","chr2B","208926109","208926406","43","84004841"
"chr10","124962205","124962506","chr10","110142371","110142679","19","14819834"
"chr10","125043749","125044053","chr10","110205223","110205528","6","14838526"
"chr10","125060117","125060406","chr10","110221549","110221838","9","14838568"
"chr10","125168020","125168285","chr10","110325427","110325693","5","14842593"
"chr10","125451028","125451340","chr10","110650112","110650404","29","14800916"
"chr10","125735096","125735365","chr10","110931367","110931639","11","14803729"
"chr10","125786651","125786826","chr10","110982885","110983059","9","14803766"
"chr10","125910747","125911040","chr10","111108095","111108375","17","14802652"
"chr10","127301774","127301979","chr10","112412595","112412800","8","14889179"
"chr10","127613305","127613586","chr10","112724074","112724353","12","14889231"
"chr10","129001555","129001839","chr10","114100013","114100297","6","14901542"
"chr10","129179351","129179504","chr10","114278589","114278737","12","14900762"
"chr10","129432648","129432934","chr10","114507364","114507650","2","14925284"
"chr10","129519058","129519371","chr10","114593625","114593931","16","14925433"
"chr10","129604206","129604523","chr12","69489199","69489508","39","60115007"
"chr10","129650025","129650323","chr10","114720827","114721124","6","14929198"
"chr10","129722231","129722563","chr15","52518274","52518615","67","77203957"
"chr10","129734409","129734713","chr5","83184631","83184934","38","46549778"
"chr10","129747299","129747603","chr3","37596334","37596638","31","92150965"
"chr10","129750465","129750774","chr10","114815225","114815534","5","14935240"
"chr10","129899420","129899639","chr7","133710298","133710519","30","3810878"
"chr10","130008047","130008350","chr10","115062088","115062385","14","14945959"
"chr10","130195360","130195660","chr10","115245639","115245935","10","14949721"
"chr10","131710744","131711032","chr10","116746502","116746760","33","14964242"
"chr10","131739110","131739402","chr10","116774620","116774912","5","14964490"
"chr10","131801966","131802148","chr10","125898516","125898700","24","5903450"
"chr10","132756638","132756944","chr16","1938254","1938570","41","130818384"
"chr10","132827306","132827607","chr10","117826929","117827235","9","15000377"
"chr10","133359856","133360150","chr10","118329380","118329674","8","15030476"
"chr10","133407959","133408256","chr11","131795307","131795608","43","1612652"
"chr10","134125212","134125515","chr3","193940992","193941299","35","59815780"
"chr10","134151429","134151596","chr16","22540721","22540881","24","111610708"
"chr10","134171755","134172052","chr17","58804145","58804442","35","75367610"
"chr10","134237541","134237827","chr10","119190629","119190915","5","15046912"
"chr10","134265673","134265839","chr1","21205378","21205543","26","113060295"
"chr10","134266147","134266280","chr17","50036355","50036488","17","84229792"
"chr10","134369196","134369318","chr3","47292730","47292861","19","87076466"
"chr10","134572296","134572591","chr9","128898813","128899109","30","5673483"
"chr10","134599062","134599362","chr10","119551767","119552066","5","15047295"
"chr10","134750658","134750962","chr10","119701437","119701744","14","15049221"
"chr10","134753020","134753328","chr10","119703662","119703977","18","15049358"
"chr10","135273484","135273778","chr10","120217792","120218086","5","15055692"
"chr10","136508678","136508961","chr15","60999380","60999661","34","75509298"
"chr10","136627173","136627462","chrX","106566617","106566909","25","30060556"
"chr10","136883772","136884067","chr10","121800461","121800756","8","15083311"
"chr10","136969755","136970029","chr10","68476613","68476886","59","68493142"
"chr10","136993142","136993438","chrX","141885643","141885938","29","4892501"
"chr10","137021520","137021824","chr2B","115679412","115679713","42","21342108"
"chr10","137022746","137023045","chr10","121935151","121935449","6","15087595"
"chr10","137026749","137026971","chr2A","40366204","40366435","26","96660545"
"chr10","137026998","137027145","chr10","102415722","102415872","13","34611276"
"chr10","137040302","137040587","chr3","49317667","49317958","39","87722635"
"chr10","137093499","137093803","chr7","156407684","156407993","41","19314185"
"chr10","137121857","137122147","chr10","122033957","122034247","4","15087900"
"chr10","137143496","137143790","chr8","84805402","84805698","34","52338094"
"chr10","138141731","138142017","chr10","123903620","123903906","10","14238111"
"chr10","138410048","138410173","chr10","124170530","124170657","5","14239518"
"chr10","139291045","139291352","chr10","125238196","125238503","4","14052849"
"chr10","139305869","139306194","chr10","125252987","125253312","6","14052882"
"chr10","139322082","139322392","chr1","20593826","20594135","42","118728256"
"chr10","139669300","139669598","chr11","65946424","65946723","39","73722876"
"chr10","139956252","139956506","chr9","109573835","109574097","36","30382417"
"chr10","140065432","140065724","chr18","58824757","58825051","26","81240675"
"chr10","140462286","140462578","chr17","3658381","3658675","32","136803905"
"chr10","140772160","140772440","chr10","126703877","126704159","9","14068283"
"chr10","141319657","141319950","chr10","127285826","127286117","7","14033831"
"chr10","141453417","141453705","chr10","127459548","127459838","7","13993869"
"chr10","141984576","141984878","chr10","127985116","127985407","17","13999460"
"chr10","142068044","142068226","chr10","128068530","128068710","5","13999514"
"chr10","142306900","142307206","chr10","128303030","128303324","19","14003870"
"chr10","142949740","142950044","chr10","128954966","128955262","14","13994774"
"chr10","142959944","142960243","chr10","128965287","128965581","11","13994657"
"chr10","143231749","143232046","chr10","129229876","129230173","6","14001873"
"chr10","144488115","144488414","chr10","130482366","130482669","10","14005749"
"chr10","144611437","144611741","chr10","130598220","130598526","12","14013217"
"chr10","144885776","144885886","chr9","76205485","76205603","24","68680291"
"chr10","144988403","144988563","chr10","130966913","130967088","20","14021490"
"chr10","145255118","145255401","chr10","131238004","131238279","13","14017114"
"chr10","145447795","145447932","chr10","131412489","131412628","5","14035306"
"chr10","145680289","145680398","chr10","131664012","131664106","19","14016277"
"chr10","146292991","146293308","chr10","132254662","132254979","5","14038329"
"chr10","146878069","146878372","chr10","132889585","132889886","9","13988484"
"chr10","146963206","146963508","chr10","132974490","132974790","11","13988716"
"chr10","147903163","147903456","chr10","133909052","133909344","12","13994111"
"chr10","148294567","148294859","chr10","134303277","134303569","5","13991290"
"chr10","148402677","148402994","chr10","134798546","134798863","4","13604131"
"chr10","148563269","148563486","chr7","136128841","136129061","27","12434428"
"chr10","148564496","148564782","chr9","97546740","97547031","37","51017756"
"chr11","3538737","3539024","chr11","3778311","3778601","8","239574"
"chr11","44826367","44826672","chr11","44976697","44976994","14","150330"
"chr11","93192156","93192452","chr11","92227766","92228060","8","964390"
"chr11","465941","466248","chr9","17462214","17462522","42","16996273"
"chr11","574965","575136","chr8","39016149","39016321","28","38441184"
"chr11","610345","610554","chr19","50970582","50970792","26","50360237"
"chr11","682818","682992","chr14","77105854","77106026","18","76423036"
"chr11","1516036","1516178","chr2A","75789243","75789386","21","74273207"
"chr11","1592112","1592410","chr6","11303332","11303624","37","9711220"
"chr11","2252906","2253173","chr11","2508983","2509246","11","256077"
"chr11","2821688","2821987","chr17","63432811","63433106","25","60611123"
"chr11","2842177","2842451","chr11","3096614","3096889","6","254437"
"chr11","3017302","3017600","chr11","3276740","3277050","24","259438"
"chr11","3178001","3178155","chr11","70124064","70124218","6","66946063"
"chr11","3178454","3178584","chr11","70123635","70123764","4","66945181"
"chr11","3496075","3496325","chr11","3733983","3734233","0","237908"
"chr11","3648629","3648938","chr9","17462214","17462522","32","13813585"
"chr11","4777035","4777235","chr11","4893782","4893978","9","116747"
"chr11","5374680","5374974","chr11","5475873","5476163","11","101193"
"chr11","5397315","5397608","chr11","5497451","5497742","8","100136"
"chr11","5536693","5536977","chr11","5632440","5632720","19","95747"
"chr11","6382142","6382432","chr11","6475209","6475494","9","93067"
"chr11","6547962","6548269","chr11","6644095","6644392","16","96133"
"chr11","6632269","6632552","chr15","60999380","60999661","48","54367111"
"chr11","6652575","6652852","chr11","6700571","6700848","7","47996"
"chr11","7569207","7569496","chr11","7556859","7557151","18","12348"
"chr11","7569714","7570026","chr2A","17974366","17974673","37","10404652"
"chr11","7646692","7646997","chr11","7642888","7643191","10","3804"
"chr11","8099851","8100161","chr11","8128457","8128766","9","28606"
"chr11","8272521","8272816","chr11","8294973","8295266","12","22452"
"chr11","8378168","8378265","chr11","8416521","8416618","2","38353"
"chr11","9069303","9069600","chr11","9079404","9079704","8","10101"
"chr11","9100897","9101177","chr11","9111522","9111802","7","10625"
"chr11","9114671","9114970","chr11","9124792","9125087","11","10121"
"chr11","9187470","9187751","chr5","176927324","176927612","33","167739854"
"chr11","9199050","9199357","chr11","9216231","9216519","23","17181"
"chr11","9240522","9240825","chr11","9273104","9273402","14","32582"
"chr11","9240973","9241261","chr11","9273554","9273842","4","32581"
"chr11","9313570","9313781","chr22","20188497","20188709","25","10874927"
"chr11","9428928","9429226","chr11","9446107","9446385","30","17179"
"chr11","9458939","9459146","chr1","158986953","158987174","42","149528014"
"chr11","9461661","9461868","chr1","158986953","158987174","42","149525292"
"chr11","9519538","9519838","chr1","141239412","141239712","37","131719874"
"chr11","10233274","10233584","chr3","37596334","37596638","40","27363060"
"chr11","10920604","10920895","chr11","10923331","10923620","11","2727"
"chr11","11348689","11349004","chr11","11355451","11355760","15","6762"
"chr11","12326893","12327184","chr11","12326508","12326802","11","385"
"chr11","12533636","12533947","chr11","12520064","12520369","11","13572"
"chr11","13521797","13522104","chr11","13473670","13473975","11","48127"
"chr11","13670512","13670821","chr11","13610743","13611040","19","59769"
"chr11","14043864","14044115","chr11","13999045","13999296","7","44819"
"chr11","14194086","14194376","chr11","14152308","14152593","14","41778"
"chr11","14227371","14227671","chr7","104963782","104964079","32","90736411"
"chr11","14253083","14253381","chr2A","113167571","113167872","49","98914488"
"chr11","14355345","14355647","chr11","14309756","14310050","14","45589"
"chr11","17309921","17310216","chr11","17182014","17182306","10","127907"
"chr11","17334461","17334769","chr11","17206232","17206527","22","128229"
"chr11","18278898","18279181","chr11","18126467","18126757","16","152431"
"chr11","18333792","18334081","chr5","145813592","145813881","30","127479800"
"chr11","18994770","18994940","chr11","19070624","19070802","17","75854"
"chr11","19113030","19113334","chr11","19183941","19184245","3","70911"
"chr11","19940489","19940786","chr11","19980359","19980655","9","39870"
"chr11","19957105","19957408","chr11","19996993","19997296","9","39888"
"chr11","19988663","19988971","chr11","20028452","20028761","10","39789"
"chr11","20113097","20113401","chr11","20149982","20150268","24","36885"
"chr11","20426480","20426774","chr11","20468294","20468589","10","41814"
"chr11","20527347","20527645","chr11","20572242","20572542","8","44895"
"chr11","20591114","20591406","chr11","20637183","20637475","8","46069"
"chr11","20591951","20592251","chr11","20638020","20638320","3","46069"
"chr11","21059043","21059337","chr11","117772656","117772947","40","96713613"
"chr11","21093875","21094190","chr11","21130567","21130884","12","36692"
"chr11","21409165","21409470","chr11","21441293","21441606","18","32128"
"chr11","21624714","21624943","chr11","21660286","21660516","6","35572"
"chr11","22022493","22022765","chr11","22013542","22013812","8","8951"
"chr11","22244020","22244254","chrX","151863803","151864005","70","129619783"
"chr11","23017314","23017542","chr11","22971132","22971364","10","46182"
"chr11","23286865","23287156","chr11","23226485","23226772","16","60380"
"chr11","23974652","23974951","chr11","23941239","23941541","10","33413"
"chr11","24300700","24300963","chr11","24266319","24266580","11","34381"
"chr11","24754505","24754806","chr11","24713829","24714140","22","40676"
"chr11","24995708","24996013","chr11","24955458","24955758","18","40250"
"chr11","26423670","26423955","chr11","26343127","26343418","10","80543"
"chr11","27459047","27459350","chr1","141239412","141239712","40","113780365"
"chr11","28435551","28435816","chr4","163453460","163453724","35","135017909"
"chr11","28472446","28472743","chr10","115245639","115245935","43","86773193"
"chr11","30352916","30353216","chr11","30206242","30206532","15","146674"
"chr11","30795174","30795503","chr11","30643853","30644173","23","151321"
"chr11","31456276","31456572","chr11","31252647","31252941","10","203629"
"chr11","31466792","31467103","chr13","19860914","19861221","45","11605878"
"chr11","31627852","31628151","chr11","31423717","31424010","42","204135"
"chr11","31774612","31774914","chr11","31569584","31569875","22","205028"
"chr11","31936405","31936703","chr11","31732495","31732793","7","203910"
"chr11","32035750","32036054","chr11","31830858","31831157","14","204892"
"chr11","32395608","32395899","chr11","32165411","32165700","7","230197"
"chr11","32420444","32420750","chr5","83184631","83184934","30","50764187"
"chr11","32592399","32592706","chr6","20960668","20960969","36","11631731"
"chr11","32703416","32703682","chr11","32456186","32456439","18","247230"
"chr11","32965695","32966003","chr11","32716460","32716771","20","249235"
"chr11","33114036","33114328","chr11","32853374","32853663","11","260662"
"chr11","33152817","33153110","chr11","32891863","32892152","6","260954"
"chr11","33180237","33180529","chrX","19505313","19505605","34","13674924"
"chr11","33225973","33226158","chr10","125898516","125898700","20","92672543"
"chr11","33299551","33299857","chr11","33026814","33027120","4","272737"
"chr11","33320452","33320748","chr11","33052246","33052529","22","268206"
"chr11","33325319","33325638","chr11","33057086","33057401","13","268233"
"chr11","33348816","33349105","chr11","33079592","33079882","9","269224"
"chr11","33841834","33841971","chr11","33568597","33568736","3","273237"
"chr11","34161010","34161309","chr11","33875287","33875577","13","285723"
"chr11","34239498","34239791","chr11","33958650","33958940","12","280848"
"chr11","34312046","34312350","chr11","34031999","34032305","9","280047"
"chr11","35145107","35145387","chr11","125065856","125066143","39","89920749"
"chr11","35456288","35456584","chr11","35161226","35161526","10","295062"
"chr11","35493445","35493754","chr11","35199620","35199929","14","293825"
"chr11","35774754","35775050","chr11","35479155","35479446","12","295599"
"chr11","35776691","35776987","chr11","35480977","35481267","11","295714"
"chr11","36023338","36023544","chr11","35713313","35713518","4","310025"
"chr11","36036512","36036790","chr11","35726481","35726760","7","310031"
"chr11","36129303","36129600","chr11","35813697","35813987","15","315606"
"chr11","37656509","37656787","chr11","37308688","37308969","10","347821"
"chr11","38026551","38026852","chr11","37681645","37681945","8","344906"
"chr11","38029212","38029491","chr11","37684305","37684584","4","344907"
"chr11","38373377","38373684","chr11","38022466","38022763","11","350911"
"chr11","39421957","39422263","chr11","39032741","39033047","5","389216"
"chr11","39561336","39561619","chr11","39167154","39167433","8","394182"
"chr11","39660892","39661170","chr11","39263469","39263747","15","397423"
"chr11","39683816","39684118","chr11","39288798","39289106","17","395018"
"chr11","39687379","39687677","chr11","39292254","39292552","8","395125"
"chr11","39871155","39871268","chrUn_NW_014015509v1","38595","38709","14","39832560"
"chr11","40212250","40212528","chr11","40376281","40376560","23","164031"
"chr11","41364412","41364656","chr11","41532272","41532516","7","167860"
"chr11","41674725","41675016","chr11","41844087","41844377","10","169362"
"chr11","41691191","41691482","chr11","41844087","41844377","10","152896"
"chr11","42178739","42179008","chr11","42316613","42316882","9","137874"
"chr11","42784171","42784477","chr2B","176124920","176125228","36","133340749"
"chr11","43588166","43588366","chr3","202223684","202223880","35","158635518"
"chr11","43611841","43612148","chr11","43767525","43767822","15","155684"
"chr11","43664756","43665060","chr11","43822870","43823172","14","158114"
"chr11","43763339","43763645","chr11","43919446","43919744","19","156107"
"chr11","43866832","43867123","chr11","44023655","44023944","6","156823"
"chr11","43966018","43966318","chr11","44120852","44121149","6","154834"
"chr11","44175475","44175679","chr11","44329837","44330046","7","154362"
"chr11","44202400","44202699","chr11","44356082","44356375","11","153682"
"chr11","44367128","44367429","chr11","44519980","44520281","4","152852"
"chr11","44595555","44595696","chr2A","75789243","75789386","23","31193688"
"chr11","44902443","44902755","chr11","45042962","45043266","22","140519"
"chr11","45247415","45247720","chr11","45447764","45448059","21","200349"
"chr11","45321788","45322089","chr17","15186388","15186689","37","30135400"
"chr11","45983398","45983709","chr3","37596334","37596638","44","8387064"
"chr11","46245106","46245409","chr11","46423060","46423369","15","177954"
"chr11","46861558","46861865","chr11","47085043","47085339","20","223485"
"chr11","46937567","46937867","chr11","47159950","47160250","8","222383"
"chr11","46988486","46988783","chr4","47218523","47218820","29","230037"
"chr11","47022845","47023141","chr4","47218523","47218820","35","195678"
"chr11","47048078","47048385","chr4","109377359","109377660","32","62329281"
"chr11","47092939","47093066","chr11","47310283","47310405","8","217344"
"chr11","47226239","47226489","chr11","47440302","47440555","11","214063"
"chr11","47300945","47301239","chr11","47519886","47520177","6","218941"
"chr11","47398042","47398160","chr11","115703696","115703811","17","68305654"
"chr11","47560554","47560847","chr11","47779594","47779887","6","219040"
"chr11","47699483","47699773","chr17","50539734","50540029","36","2840251"
"chr11","47836172","47836481","chr11","48051021","48051319","14","214849"
"chr11","47861329","47861638","chr4","191294044","191294350","41","143432715"
"chr11","48115517","48115585","chr11","48335640","48335708","3","220123"
"chr11","48172205","48172500","chr11","48389428","48389722","18","217223"
"chr11","48218513","48218822","chr11","48433054","48433363","4","214541"
"chr11","48316238","48316519","chr11","48528529","48528810","3","212291"
"chr11","49447221","49447514","chr14","38230318","38230612","37","11216903"
"chr11","49515731","49516012","chr11","88250466","88250745","16","38734735"
"chr11","49604125","49604276","chr10","102415722","102415872","25","52811597"
"chr11","49963628","49963956","chr11","87503283","87503587","42","37539655"
"chr11","50232801","50233089","chr11","50221867","50222158","6","10934"
"chr11","54414590","54414845","chr1","24888283","24888553","51","29526307"
"chr11","54547970","54548263","chr6","11006506","11006798","40","43541464"
"chr11","54779017","54779364","chr13","98502051","98502347","81","43723034"
"chr11","55104861","55105168","chr2A","33362261","33362570","39","21742600"
"chr11","55516471","55516647","chr1","40860360","40860550","36","14656111"
"chr11","55517923","55518027","chr5","49213539","49213643","11","6304384"
"chr11","55743758","55744080","chr16","30962317","30962639","33","24781441"
"chr11","56507722","56508029","chr3","160111400","160111709","9","103603678"
"chr11","56564196","56564488","chr3","160168124","160168417","11","103603928"
"chr11","56572897","56573206","chr11","56158312","56158621","19","414585"
"chr11","56645812","56646118","chr4","191294044","191294350","35","134648232"
"chr11","56749127","56749434","chr11","56333282","56333589","13","415845"
"chr11","56753875","56754145","chr11","56337948","56338218","14","415927"
"chr11","56825118","56825185","chr8","98264661","98264723","11","41439543"
"chr11","56831173","56831349","chr15","37766653","37766837","32","19064520"
"chr11","57063141","57063426","chr5","42926876","42927165","36","14136265"
"chr11","57645205","57645526","chr11","57264547","57264865","7","380658"
"chr11","57903191","57903500","chr11","57507671","57507964","20","395520"
"chr11","58044396","58044659","chr11","57644051","57644317","7","400345"
"chr11","58370617","58370900","chr11","57899106","57899389","10","471511"
"chr11","58712973","58713250","chr2B","247725012","247725288","28","189012039"
"chr11","58824277","58824440","chr11","58356264","58356427","0","468013"
"chr11","58849098","58849399","chr11","58377020","58377318","11","472078"
"chr11","59230382","59230660","chr11","58754429","58754732","33","475953"
"chr11","59545886","59546177","chr11","59062148","59062456","23","483738"
"chr11","59904056","59904356","chr15","20943865","20944166","32","38960191"
"chr11","60138865","60139167","chr11","59704598","59704898","10","434267"
"chr11","60322329","60322505","chr11","59884877","59885052","3","437452"
"chr11","60391139","60391433","chr11","59919075","59919369","10","472064"
"chr11","60549914","60550217","chr11","60072662","60072947","24","477252"
"chr11","60762616","60762919","chr11","60294438","60294735","13","468178"
"chr11","60820934","60821243","chr11","60353151","60353448","20","467783"
"chr11","61095278","61095513","chr6","35924369","35924612","53","25170909"
"chr11","61224862","61225169","chr11","60817525","60817808","35","407337"
"chr11","61583591","61583890","chr5","59685699","59685991","36","1897892"
"chr11","61850098","61850397","chr11","61420638","61420951","25","429460"
"chr11","61915459","61915752","chr17","77836260","77836557","29","15920801"
"chr11","61944875","61945207","chr11","61512490","61512788","42","432385"
"chr11","61955008","61955282","chr11","61522219","61522496","15","432789"
"chr11","62005846","62005990","chr11","61574263","61574408","3","431583"
"chr11","62012328","62012628","chr13","35287175","35287471","32","26725153"
"chr11","62040696","62040978","chr10","96790285","96790567","49","34749589"
"chr11","62075801","62076101","chr1","141239412","141239712","29","79163611"
"chr11","62157229","62157521","chr11","61720549","61720845","12","436680"
"chr11","62823239","62823544","chr11","62373479","62373780","14","449760"
"chr11","62854553","62854682","chr11","62410936","62411064","1","443617"
"chr11","62905236","62905372","chr11","62459813","62459949","1","445423"
"chr11","62911757","62912061","chr11","62466425","62466735","23","445332"
"chr11","62976577","62976885","chr11","62513433","62513764","35","463144"
"chr11","63004781","63005095","chr11","62541763","62542077","7","463018"
"chr11","63104305","63104603","chr11","62641556","62641858","11","462749"
"chr11","63359140","63359441","chr11","62892310","62892612","10","466830"
"chr11","63368286","63368600","chr6","14270729","14271057","56","49097557"
"chr11","63481361","63481644","chr6","43808645","43808938","35","19672716"
"chr11","63496638","63496862","chr7","154995961","154996183","34","91499323"
"chr11","63564955","63565085","chr1","62748735","62748866","24","816220"
"chr11","63977958","63978263","chr11","63492369","63492667","14","485589"
"chr11","64091068","64091091","chr11","63602473","63602492","5","488595"
"chr11","64091138","64091419","chr11","63602540","63602825","6","488598"
"chr11","64263309","64263475","chr11","63769705","63769874","7","493604"
"chr11","64283966","64284265","chr11","63790511","63790816","10","493455"
"chr11","64643682","64643965","chr11","64143227","64143517","14","500455"
"chr11","64715080","64715331","chr9","121435535","121435782","39","56720455"
"chr11","64747875","64748176","chr11","64237242","64237543","9","510633"
"chr11","64802765","64803063","chr12","130171561","130171850","39","65368796"
"chr11","64901537","64901841","chr11","64385369","64385675","10","516168"
"chr11","64919019","64919339","chr15","66676917","66677232","38","1757898"
"chr11","64942835","64943138","chr11","64424984","64425283","14","517851"
"chr11","65580484","65580779","chr11","65067819","65068107","15","512665"
"chr11","65635441","65635741","chr11","65114737","65115027","19","520704"
"chr11","65725065","65725371","chr11","65204853","65205158","6","520212"
"chr11","65730120","65730429","chr11","65210035","65210340","14","520085"
"chr11","65755749","65756025","chr17","12287332","12287610","34","53468417"
"chr11","65863625","65863937","chr11","65340067","65340382","15","523558"
"chr11","65885799","65886099","chr11","65361085","65361385","6","524714"
"chr11","66140201","66140497","chr11","65609250","65609550","7","530951"
"chr11","66217994","66218299","chr6","38150830","38151139","33","28067164"
"chr11","66433033","66433336","chr11","65873526","65873825","16","559507"
"chr11","66481633","66481934","chr11","65946424","65946723","8","535209"
"chr11","66556431","66556715","chr5","60195120","60195401","42","6361311"
"chr11","66806772","66807062","chr11","66235203","66235493","3","571569"
"chr11","66832044","66832364","chr11","66265242","66265549","21","566802"
"chr11","66936060","66936101","chr16","11913586","11913629","9","55022474"
"chr11","67054711","67054865","chr11","70124064","70124218","8","3069353"
"chr11","67055163","67055295","chr11","70123635","70123764","4","3068472"
"chr11","67233964","67234212","chrX","127827129","127827380","54","60593165"
"chr11","67790471","67790769","chr11","66891457","66891755","3","899014"
"chr11","68196242","68196536","chr11","67299343","67299628","13","896899"
"chr11","68209909","68210197","chr11","67312400","67312689","10","897509"
"chr11","68277804","68278113","chr11","67378280","67378575","22","899524"
"chr11","68435772","68436052","chr11","67535765","67536065","22","900007"
"chr11","68638329","68638572","chr11","67727270","67727513","8","911059"
"chr11","68961963","68962265","chr11","68057991","68058291","11","903972"
"chr11","69288962","69289281","chr11","68391316","68391633","15","897646"
"chr11","69542485","69542632","chr11","68610174","68610315","7","932311"
"chr11","70367098","70367406","chr11","69461946","69462241","21","905152"
"chr11","70669032","70669341","chr11","69748897","69749206","4","920135"
"chr11","70949844","70950127","chr11","70218665","70218952","14","731179"
"chr11","71023038","71023347","chr11","70291506","70291817","8","731532"
"chr11","71056599","71056763","chr11","70321969","70322135","9","734630"
"chr11","71541397","71541680","chr2A","22454910","22455194","26","49086487"
"chr11","71628473","71628776","chr4","143325005","143325309","4","71696532"
"chr11","71743349","71743643","chr11","70978441","70978733","6","764908"
"chr11","72331047","72331377","chr11","71548903","71549218","21","782144"
"chr11","72662533","72662658","chr7","56781207","56781336","11","15881326"
"chr11","72666092","72666317","chrX","7049927","7050151","31","65616165"
"chr11","72804606","72804863","chr11","122035950","122036211","52","49231344"
"chr11","72826673","72826980","chr11","72111774","72112066","24","714899"
"chr11","72942681","72942980","chr11","72228485","72228784","5","714196"
"chr11","73002937","73003232","chr11","72287760","72288054","5","715177"
"chr11","73398510","73398788","chr11","72682787","72683061","11","715723"
"chr11","73525091","73525384","chr11","72802735","72803028","9","722356"
"chr11","73571484","73571780","chr4","142226892","142227191","42","68655408"
"chr11","73578645","73578939","chr11","72855487","72855785","10","723158"
"chr11","73674480","73674773","chr11","72949337","72949628","7","725143"
"chr11","73675280","73675579","chr11","72950168","72950460","12","725112"
"chr11","73676430","73676740","chr11","72951308","72951583","42","725122"
"chr11","74419806","74420104","chr11","73680581","73680879","6","739225"
"chr11","74435576","74435865","chr11","73696663","73696954","6","738913"
"chr11","74481024","74481323","chr11","73741646","73741916","31","739378"
"chr11","74502916","74503222","chr12","40462775","40463074","32","34040141"
"chr11","74640576","74640824","chrX","96251119","96251369","22","21610543"
"chr11","74643872","74644042","chr11","73897291","73897438","23","746581"
"chr11","75426577","75426868","chr11","75120532","75120823","6","306045"
"chr11","76273823","76274120","chr11","75884288","75884589","12","389535"
"chr11","76384169","76384447","chr16","54134241","54134523","34","22249928"
"chr11","76384605","76384818","chr22","20188497","20188709","25","56196108"
"chr11","76465301","76465591","chr11","76068993","76069284","20","396308"
"chr11","76756196","76756492","chr11","76394894","76395189","4","361302"
"chr11","76821846","76822122","chr11","76460458","76460734","11","361388"
"chr11","76884299","76884601","chr11","76561537","76561833","12","322762"
"chr11","79037316","79037611","chr11","78367798","78368090","18","669518"
"chr11","79130644","79130946","chr11","78457949","78458248","10","672695"
"chr11","79296418","79296723","chr11","78586974","78587273","17","709444"
"chr11","79586892","79587193","chr11","78877961","78878269","12","708931"
"chr11","79759731","79760042","chr11","79043042","79043324","34","716689"
"chr11","80188776","80189076","chr11","79446079","79446380","9","742697"
"chr11","80512729","80513033","chr11","79741291","79741590","10","771438"
"chr11","80783736","80783845","chr1","62667510","62667618","33","18116226"
"chr11","80952641","80952933","chr11","80152741","80153035","4","799900"
"chr11","81931263","81931556","chr11","81107437","81107727","14","823826"
"chr11","82487317","82487615","chr11","81660150","81660452","9","827167"
"chr11","82850707","82850802","chr11","82024752","82024846","1","825955"
"chr11","82900025","82900310","chr11","82076756","82077042","8","823269"
"chr11","83259753","83260038","chr11","82418577","82418859","10","841176"
"chr11","83386149","83386434","chr11","82543938","82544223","4","842211"
"chr11","83662367","83662669","chr11","82821596","82821934","40","840771"
"chr11","83679876","83680163","chr11","82837497","82837784","10","842379"
"chr11","83769338","83769637","chr11","82923014","82923313","12","846324"
"chr11","85141563","85141858","chr11","84256018","84256316","9","885545"
"chr11","85278258","85278557","chr11","84392027","84392326","9","886231"
"chr11","85357814","85358096","chr11","84471421","84471703","11","886393"
"chr11","85401494","85401599","chr2B","190862694","190862807","31","105461200"
"chr11","85567538","85567831","chr11","84678206","84678509","14","889332"
"chr11","85872724","85873016","chr19","49705671","49705964","31","36167053"
"chr11","86632346","86632653","chr11","85731272","85731580","9","901074"
"chr11","87657803","87658083","chr11","86707656","86707963","38","950147"
"chr11","88463803","88464112","chr11","87503283","87503587","17","960520"
"chr11","89096827","89097105","chr22","49406175","49406477","35","39690652"
"chr11","89337902","89338184","chr11","88250466","88250745","17","1087436"
"chr11","90036910","90037027","chr11","89079457","89079573","3","957453"
"chr11","90628789","90629085","chr11","89680882","89681181","11","947907"
"chr11","90981471","90981757","chr11","90042625","90042902","10","938846"
"chr11","91440981","91441261","chr11","90491586","90491865","8","949395"
"chr11","92279616","92279879","chr11","91332990","91333253","9","946626"
"chr11","92624436","92624697","chr11","91671350","91671610","8","953086"
"chr11","92853597","92853884","chr11","91906219","91906516","15","947378"
"chr11","92855828","92856002","chr11","91908039","91908213","6","947789"
"chr11","93184850","93185158","chr11","92220460","92220747","23","964390"
"chr11","93255692","93255848","chr11","92288659","92288815","4","967033"
"chr11","94550494","94550574","chr8","101264903","101264964","29","6714409"
"chr11","95206123","95206377","chr5","151905730","151905988","30","56699607"
"chr11","95600587","95600901","chr11","94590714","94591021","14","1009873"
"chr11","97380114","97380139","chr5","169684011","169684033","8","72303897"
"chr11","97380166","97380446","chr11","96323691","96323984","20","1056475"
"chr11","97779827","97780105","chr11","96721344","96721643","29","1058483"
"chr11","97995869","97996177","chr11","96922713","96923019","9","1073156"
"chr11","98262737","98263020","chr11","97178200","97178473","17","1084537"
"chr11","98919612","98919902","chr11","97817968","97818255","12","1101644"
"chr11","99000478","99000779","chr9","100529816","100530123","28","1529338"
"chr11","99089845","99089983","chr11","97978943","97979081","2","1110902"
"chr11","100601002","100601140","chr9","89671354","89671492","17","10929648"
"chr11","102070863","102071195","chr11","100756356","100756665","29","1314507"
"chr11","102182833","102183127","chr11","100867135","100867430","8","1315698"
"chr11","102685378","102685518","chr1","26823463","26823599","18","75861915"
"chr11","102822663","102822955","chr11","101506105","101506393","15","1316558"
"chr11","102853906","102854197","chr2A","97468643","97468943","36","5385263"
"chr11","102940812","102941117","chr11","101618003","101618311","9","1322809"
"chr11","102941614","102941920","chr11","101618003","101618311","8","1323611"
"chr11","103436152","103436470","chr11","102108069","102108382","17","1328083"
"chr11","105694348","105694653","chr11","104235899","104236200","8","1458449"
"chr11","107260961","107261262","chr11","105802682","105802983","10","1458279"
"chr11","107363400","107363574","chr14","77105854","77106026","21","30257546"
"chr11","107413853","107414144","chr11","105951725","105952024","14","1462128"
"chr11","107529618","107529885","chr11","106059644","106059912","6","1469974"
"chr11","107632767","107633065","chr11","106157271","106157570","7","1475496"
"chr11","107638326","107638627","chr11","106162706","106163007","20","1475620"
"chr11","107765908","107766195","chr6","66561016","66561303","33","41204892"
"chr11","107894042","107894348","chr3","38027888","38028195","10","69866154"
"chr11","108251167","108251450","chr7","5378425","5378717","31","102872742"
"chr11","108404723","108405024","chr11","106901349","106901647","10","1503374"
"chr11","109126864","109127170","chr11","107560266","107560575","13","1566598"
"chr11","109949520","109949812","chr6","11303332","11303624","35","98646188"
"chr11","110034628","110034937","chr11","108830871","108831169","23","1203757"
"chr11","110089216","110089505","chr11","108885404","108885696","11","1203812"
"chr11","110363995","110364289","chr11","109143438","109143731","11","1220557"
"chr11","110679894","110680179","chr11","109456958","109457241","11","1222936"
"chr11","111473858","111474155","chr11","110256306","110256601","13","1217552"
"chr11","111508055","111508166","chr11","110290490","110290605","6","1217565"
"chr11","111602645","111602929","chr11","110384903","110385187","8","1217742"
"chr11","112056952","112057242","chr11","110821991","110822281","2","1234961"
"chr11","112070017","112070307","chr11","110834627","110834915","32","1235390"
"chr11","112400964","112401261","chr11","111154715","111155005","15","1246249"
"chr11","113073129","113073436","chr11","111826114","111826426","12","1247015"
"chr11","113162750","113163058","chr11","111915467","111915774","8","1247283"
"chr11","113825533","113825838","chr11","112580972","112581246","37","1244561"
"chr11","114382973","114383187","chr1","135942099","135942312","24","21559126"
"chr11","114666912","114667190","chr11","113498163","113498441","6","1168749"
"chr11","115184221","115184544","chr11","113988201","113988507","26","1196020"
"chr11","115374634","115374823","chr6","152265410","152265599","30","36890776"
"chr11","115469390","115469685","chr11","114266632","114266933","16","1202758"
"chr11","116075699","116075849","chr5","46459650","46459783","24","69616049"
"chr11","116194015","116194334","chr11","114962597","114962911","18","1231418"
"chr11","116725291","116725586","chr11","115487347","115487674","35","1237944"
"chr11","116938951","116939253","chr3","37596334","37596638","29","79342617"
"chr11","117121420","117121528","chr1","17481736","17481846","10","99639684"
"chr11","117134645","117134941","chr11","115896710","115897004","8","1237935"
"chr11","117170900","117171215","chr11","115933566","115933872","20","1237334"
"chr11","117234129","117234417","chr11","115995117","115995405","2","1239012"
"chr11","117289585","117289894","chr5","177890373","177890680","28","60600788"
"chr11","117317865","117318169","chr11","116080199","116080501","14","1237666"
"chr11","118128823","118129023","chr11","129744030","129744232","45","11615207"
"chr11","118254550","118254679","chr17","2987083","2987212","10","115267467"
"chr11","118416364","118416661","chr11","117176889","117177181","10","1239475"
"chr11","118457241","118457557","chr11","117220929","117221224","24","1236312"
"chr11","118542723","118543014","chr11","117306458","117306759","15","1236265"
"chr11","118548352","118548652","chr11","117312157","117312453","9","1236195"
"chr11","118619613","118619922","chr11","117383282","117383589","8","1236331"
"chr11","118821758","118822053","chr12","61366103","61366400","32","57455655"
"chr11","118827488","118827782","chr11","117606791","117607106","37","1220697"
"chr11","118832952","118833132","chr11","117611878","117612053","7","1221074"
"chr11","118934249","118934353","chr8","143391397","143391500","12","24457148"
"chr11","118968570","118968868","chr11","117746917","117747214","12","1221653"
"chr11","120205865","120206167","chr11","118967437","118967736","30","1238428"
"chr11","120207753","120208052","chr11","118967437","118967736","5","1240316"
"chr11","120336360","120336680","chr4","192880017","192880315","51","72543657"
"chr11","120754726","120755004","chr11","119494402","119494682","9","1260324"
"chr11","121209239","121209492","chr11","119960641","119960894","5","1248598"
"chr11","121340106","121340246","chr2A","25852192","25852334","24","95487914"
"chr11","121496441","121496747","chr11","120209071","120209374","11","1287370"
"chr11","121519969","121520252","chr5","38512895","38513176","30","83007074"
"chr11","121563542","121563803","chr18","23380556","23380814","50","98182986"
"chr11","121998952","121999244","chr11","120666015","120666305","10","1332937"
"chr11","122183990","122184291","chr11","120844645","120844939","16","1339345"
"chr11","122294407","122294693","chr11","120955036","120955335","17","1339371"
"chr11","122374331","122374633","chr11","121034577","121034873","16","1339754"
"chr11","122595211","122595515","chr1","140452020","140452321","32","17856809"
"chr11","123078615","123078894","chr11","121732256","121732534","7","1346359"
"chr11","123191357","123191654","chr1","191497050","191497342","32","68305693"
"chr11","123515233","123515543","chr11","122155930","122156232","13","1359303"
"chr11","123554525","123554838","chr11","122193964","122194283","28","1360561"
"chr11","123949515","123949868","chr4","41464458","41464792","68","82485057"
"chr11","124779269","124779578","chr11","123396954","123397259","10","1382315"
"chr11","124927684","124927904","chr11","123530251","123530471","6","1397433"
"chr11","125702232","125702369","chr4","181816090","181816226","20","56113858"
"chr11","125720886","125721185","chr8","84805402","84805698","30","40915484"
"chr11","125885269","125885455","chr11","124459282","124459467","2","1425987"
"chr11","126457113","126457413","chr11","125012227","125012523","14","1444886"
"chr11","126517448","126517740","chr11","125065856","125066143","12","1451592"
"chr11","126702814","126703117","chr11","125253717","125254019","7","1449097"
"chr11","127003641","127003931","chr11","125551122","125551414","5","1452519"
"chr11","129515603","129515915","chr11","128057012","128057314","17","1458591"
"chr11","129879175","129879484","chr11","128417313","128417616","11","1461862"
"chr11","129913993","129914322","chr5","35043534","35043843","51","94870459"
"chr11","129954058","129954365","chr11","128485674","128485980","14","1468384"
"chr11","130340733","130341041","chr11","128852340","128852642","10","1488393"
"chr11","131229665","131229868","chr11","129744030","129744232","6","1485635"
"chr11","131378811","131379112","chr6","32732554","32732857","40","98646257"
"chr11","131695456","131695581","chr15","89516189","89516315","14","42179267"
"chr11","131715799","131716072","chr11","130230553","130230826","5","1485246"
"chr11","131751396","131751692","chr11","130266132","130266427","8","1485264"
"chr11","133079794","133080089","chr11","131602726","131603018","4","1477068"
"chr11","133175230","133175531","chr4","75171632","75171933","56","58003598"
"chr11","133271515","133271812","chr11","131795307","131795608","11","1476208"
"chr11","133279927","133280235","chr11","131803742","131804050","13","1476185"
"chr11","134004416","134004675","chr11","132521382","132521633","17","1483034"
"chr11","134156177","134156470","chr11","132673808","132674097","12","1482369"
"chr11","134656082","134656380","chr11","133640164","133640462","8","1015918"
"chr12","212749","213050","chr12","280290","280597","22","67541"
"chr12","319236","319533","chr12","391031","391324","18","71795"
"chr12","356358","356662","chr12","442920","443230","21","86562"
"chr12","450414","450573","chr12","537233","537425","35","86819"
"chr12","702435","702741","chr17","4999398","4999706","36","4296963"
"chr12","875548","875847","chr12","980146","980445","11","104598"
"chr12","978384","978691","chr12","1081772","1082081","11","103388"
"chr12","1206542","1206820","chr12","1321758","1322047","23","115216"
"chr12","1290203","1290498","chr12","1404042","1404331","13","113839"
"chr12","1438558","1438863","chr12","1538977","1539283","13","100419"
"chr12","2708501","2708795","chr12","2764678","2764977","14","56177"
"chr12","2730565","2730679","chrX","41598240","41598356","17","38867675"
"chr12","2892369","2892675","chr12","2948487","2948793","12","56118"
"chr12","2995398","2995577","chr12","3048418","3048571","29","53020"
"chr12","3063789","3064015","chr12","3116942","3117160","9","53153"
"chr12","3417304","3417434","chr12","3458924","3459054","2","41620"
"chr12","3417674","3417732","chr12","3459294","3459354","4","41620"
"chr12","3916667","3916800","chr12","3948907","3949040","2","32240"
"chr12","4349304","4349543","chr12","4359839","4360078","5","10535"
"chr12","4350157","4350456","chr12","4360692","4360990","7","10535"
"chr12","4481783","4482081","chr12","4492971","4493268","25","11188"
"chr12","4723796","4724098","chr12","4742110","4742402","18","18314"
"chr12","5983852","5984151","chr12","5963768","5964064","7","20084"
"chr12","6266431","6266717","chr15","60459752","60460035","29","54193321"
"chr12","6532657","6532928","chr12","6505635","6505928","35","27022"
"chr12","6547112","6547291","chr22","25883079","25883251","44","19335967"
"chr12","6547596","6547611","chr1","192130336","192130352","3","185582740"
"chr12","7098548","7098845","chr12","7074187","7074479","15","24361"
"chr12","7517046","7517344","chr12","7739885","7740178","12","222839"
"chr12","7724408","7724696","chr12","7928727","7929012","9","204319"
"chr12","7791076","7791377","chr12","7988278","7988579","4","197202"
"chr12","7840053","7840242","chr17","60821907","60822093","24","52981854"
"chr12","7899981","7900264","chr12","8095609","8095892","5","195628"
"chr12","7920645","7920832","chr12","8113279","8113495","30","192634"
"chr12","7953687","7953985","chr17","61133825","61134123","21","53180138"
"chr12","7988084","7988219","chr3","174498804","174498932","38","166510720"
"chr12","7991145","7991436","chr12","8390531","8390821","11","399386"
"chr12","8052182","8052489","chr12","8127886","8128189","13","75704"
"chr12","8119737","8120025","chr12","8189879","8190167","4","70142"
"chr12","8777429","8777722","chrX","106566617","106566909","34","97789188"
"chr12","8947991","8948295","chr12","9172963","9173267","9","224972"
"chr12","8964718","8965029","chr12","9189860","9190172","12","225142"
"chr12","8993472","8993773","chr12","9217950","9218245","18","224478"
"chr12","9047092","9047394","chr12","9271226","9271522","11","224134"
"chr12","9154706","9154873","chr12","9378076","9378255","14","223370"
"chr12","9219913","9220221","chr12","9443519","9443827","6","223606"
"chr12","9466892","9467180","chr1","216750009","216750297","42","207283117"
"chr12","11004728","11005042","chr12","11452471","11452785","3","447743"
"chr12","11049934","11050243","chr12","11496873","11497179","16","446939"
"chr12","11409410","11409703","chr12","11852210","11852507","7","442800"
"chr12","11923892","11924196","chr12","12471812","12472112","11","547920"
"chr12","12085023","12085324","chr12","12622099","12622392","14","537076"
"chr12","12089141","12089442","chr12","12622099","12622392","14","532958"
"chr12","12091454","12091614","chr20","35955308","35955469","16","23863854"
"chr12","12212880","12213169","chr12","12752125","12752417","11","539245"
"chr12","12238298","12238593","chr12","12777312","12777607","4","539014"
"chr12","12290477","12290708","chr12","12828854","12829086","9","538377"
"chr12","12603468","12603792","chr12","13171368","13171665","36","567900"
"chr12","12688507","12688796","chr12","13260283","13260577","11","571776"
"chr12","12690243","12690522","chr7","161012656","161012930","29","148322413"
"chr12","12746343","12746516","chr12","13307710","13307857","27","561367"
"chr12","13016650","13016941","chr1","91126197","91126488","36","78109547"
"chr12","13564007","13564299","chr12","14105791","14106082","10","541784"
"chr12","13686008","13686315","chr12","14218964","14219263","24","532956"
"chr12","13700763","13701042","chr12","14233721","14234000","6","532958"
"chr12","13862887","13863184","chr12","14395859","14396155","14","532972"
"chr12","14156553","14156848","chr12","14668448","14668741","4","511895"
"chr12","14258303","14258610","chr9","37296159","37296468","39","23037856"
"chr12","14390920","14391216","chr12","14876835","14877125","14","485915"
"chr12","14464833","14465122","chr12","14953316","14953604","8","488483"
"chr12","14487794","14488099","chr12","14975748","14976041","15","487954"
"chr12","14701555","14701864","chr12","15198300","15198609","5","496745"
"chr12","15461220","15461523","chr12","15964441","15964746","7","503221"
"chr12","15592015","15592325","chr12","16092995","16093298","14","500980"
"chr12","15853283","15853581","chr12","16348733","16349031","10","495450"
"chr12","16095503","16095784","chr3","197672240","197672519","30","181576737"
"chr12","16283270","16283372","chr12","135047416","135047533","33","118764146"
"chr12","16885769","16886073","chr9","17462214","17462522","43","576445"
"chr12","17698519","17698818","chr12","18142259","18142553","10","443740"
"chr12","18082493","18082783","chr12","18590908","18591197","8","508415"
"chr12","18094782","18095100","chr7","80606641","80606941","55","62511859"
"chr12","18333659","18333960","chr19","46191717","46192019","41","27858058"
"chr12","18965628","18965858","chr12","19483248","19483479","25","517620"
"chr12","19289398","19289700","chr12","19782321","19782627","14","492923"
"chr12","19356069","19356379","chr12","19851375","19851684","9","495306"
"chr12","19560572","19560861","chr12","20057170","20057459","10","496598"
"chr12","19641115","19641405","chr12","20138740","20139030","8","497625"
"chr12","20135703","20135855","chr12","20627027","20627177","3","491324"
"chr12","20312628","20312937","chr12","20802626","20802935","10","489998"
"chr12","20729146","20729439","chr1","135161408","135161707","38","114432262"
"chr12","20732665","20732970","chr13","51610545","51610850","34","30877880"
"chr12","21022100","21022249","chr1","222210938","222211086","19","201188838"
"chr12","21115445","21115736","chr12","24559501","24559791","7","3444056"
"chr12","21228004","21228281","chr1","191359631","191359912","40","170131627"
"chr12","21424342","21424489","chr6","36098807","36098929","35","14674465"
"chr12","21466360","21466588","chr12","4359839","4360078","39","17106521"
"chr12","21526177","21526480","chr10","68862831","68863128","31","47336654"
"chr12","21575581","21575689","chr12","40149371","40149481","17","18573790"
"chr12","21615134","21615291","chr17","9055771","9055927","38","12559363"
"chr12","21862892","21863127","chr12","25246778","25247012","8","3383886"
"chr12","21887800","21888088","chr12","25273284","25273572","9","3385484"
"chr12","22486528","22486838","chr2A","17974366","17974673","34","4512162"
"chr12","23598907","23599222","chr5","20779550","20779859","39","2819357"
"chr12","24189215","24189522","chr12","27348118","27348425","5","3158903"
"chr12","24883653","24883954","chr12","28025220","28025524","11","3141567"
"chr12","25066647","25066941","chr12","28196724","28197020","9","3130077"
"chr12","25381515","25381805","chr12","28490579","28490867","7","3109064"
"chr12","25511261","25511558","chr12","28620448","28620742","10","3109187"
"chr12","26731229","26731515","chr12","29885632","29885913","10","3154403"
"chr12","26985825","26986121","chr12","30127921","30128219","6","3142096"
"chr12","27354078","27354379","chr12","30505390","30505691","6","3151312"
"chr12","27475091","27475413","chr12","30625871","30626196","11","3150780"
"chr12","28027343","28027637","chr12","31139674","31139965","13","3112331"
"chr12","28288057","28288360","chr14","73185976","73186275","32","44897919"
"chr12","28292038","28292278","chr17","45765094","45765334","29","17473056"
"chr12","28564123","28564431","chr12","31622367","31622676","8","3058244"
"chr12","28656037","28656325","chr12","31715384","31715674","5","3059347"
"chr12","29036289","29036583","chr6","89999354","89999650","32","60963065"
"chr12","29374820","29375122","chr12","32396206","32396511","7","3021386"
"chr12","29448210","29448477","chr2A","81146527","81146798","29","51698317"
"chr12","29456250","29456541","chr12","32479132","32479415","25","3022882"
"chr12","29466992","29467289","chr6","20266403","20266700","48","9200589"
"chr12","29483652","29483947","chr12","32507615","32507913","20","3023963"
"chr12","29640464","29640767","chr12","32662744","32663032","23","3022280"
"chr12","29707453","29707742","chr12","32727635","32727931","13","3020182"
"chr12","29815182","29815478","chr12","32824377","32824673","9","3009195"
"chr12","29822648","29822945","chr2B","208926109","208926406","30","179103461"
"chr12","29869646","29869776","chr12","32874714","32874843","2","3005068"
"chr12","29881923","29882210","chr12","32885880","32886167","4","3003957"
"chr12","30131212","30131457","chr12","33179461","33179706","10","3048249"
"chr12","30149297","30149592","chr12","33197488","33197777","13","3048191"
"chr12","30262202","30262510","chr12","33770579","33770887","7","3508377"
"chr12","30298809","30299120","chr12","33807718","33808025","9","3508909"
"chr12","30321594","30321848","chr19","63560648","63560900","11","33239054"
"chr12","31610300","31610587","chr12","34926668","34926967","14","3316368"
"chr12","31823086","31823386","chr12","35132775","35133084","13","3309689"
"chr12","31904203","31904471","chr12","35224243","35224523","17","3320040"
"chr12","32555951","32556236","chr12","35925941","35926225","6","3369990"
"chr12","32608328","32608632","chr12","35968460","35968762","4","3360132"
"chr12","32692681","32692971","chr12","36056249","36056539","3","3363568"
"chr12","32789353","32789646","chrX","31294941","31295233","27","1494412"
"chr12","32811486","32811761","chr12","36172981","36173241","18","3361495"
"chr12","32812240","32812374","chr20","2100794","2100928","15","30711446"
"chr12","32812896","32813071","chr8","115752356","115752520","45","82939460"
"chr12","32862293","32862576","chr18","58824757","58825051","38","25962464"
"chr12","32877968","32878274","chr12","36238286","36238592","11","3360318"
"chr12","32880423","32880729","chr12","36240737","36241044","8","3360314"
"chr12","32989696","32989969","chr12","36351459","36351735","11","3361763"
"chr12","33050495","33050803","chr6","38150830","38151139","40","5100335"
"chr12","33063528","33063827","chr12","36428283","36428576","11","3364755"
"chr12","33132443","33132718","chr12","36493693","36493975","12","3361250"
"chr12","33181403","33181708","chr10","102128026","102128330","35","68946623"
"chr12","33210298","33210608","chr12","36574438","36574741","11","3364140"
"chr12","34099686","34099897","chr1","135942099","135942312","20","101842413"
"chr12","34188057","34188384","chr12","37590350","37590657","25","3402293"
"chr12","34361347","34361619","chr12","37762458","37762730","6","3401111"
"chr12","34457281","34457568","chr12","37859156","37859425","26","3401875"
"chr12","34620519","34620825","chr12","38104760","38105062","12","3484241"
"chr12","34945092","34945398","chr12","38423430","38423736","8","3478338"
"chr12","34946529","34946837","chr12","38424862","38425171","8","3478333"
"chr12","35013339","35013646","chr3","37596334","37596638","35","2582995"
"chr12","35102458","35102753","chr12","38600245","38600542","7","3497787"
"chr12","35128545","35128839","chrX","2064238","2064533","31","33064307"
"chr12","35361237","35361503","chr9","73633853","73634110","34","38272616"
"chr12","35421071","35421359","chr12","38911469","38911757","4","3490398"
"chr12","35517899","35518198","chr12","39008315","39008617","7","3490416"
"chr12","35697221","35697528","chr3","174892385","174892693","39","139195164"
"chr12","35760488","35760785","chr9","80707313","80707610","29","44946825"
"chr12","35775530","35775841","chr1","190022008","190022311","38","154246478"
"chr12","35824357","35824524","chr6","37287636","37287803","33","1463279"
"chr12","36039206","36039321","chr12","39523078","39523187","8","3483872"
"chr12","36096945","36097105","chr12","39580953","39581113","6","3484008"
"chr12","36306507","36306664","chr14","102459847","102459998","32","66153340"
"chr12","36553317","36553619","chr12","40027279","40027578","9","3473962"
"chr12","36738963","36739242","chr7","138824184","138824467","36","102085221"
"chr12","36799028","36799316","chr12","40263552","40263840","3","3464524"
"chr12","37003950","37004230","chr12","40459665","40459943","5","3455715"
"chr12","37006685","37006986","chr12","40462775","40463074","10","3456090"
"chr12","37157492","37157768","chr12","40628490","40628785","24","3470998"
"chr12","37167111","37167412","chr4","47218523","47218820","29","10051412"
"chr12","37399739","37400049","chr3","29299017","29299324","36","8100722"
"chr12","37472750","37473052","chr12","40939246","40939552","17","3466496"
"chr12","37569824","37570086","chr7","16794677","16794936","36","20775147"
"chr12","37624930","37625222","chr12","41087507","41087807","16","3462577"
"chr12","37879479","37879790","chr12","41319671","41319976","9","3440192"
"chr12","38085592","38085906","chr12","41518400","41518684","31","3432808"
"chr12","38940335","38940460","chr12","42342011","42342132","8","3401676"
"chr12","38958413","38958710","chr12","42357790","42358084","13","3399377"
"chr12","39732788","39733088","chr12","43115751","43116049","11","3382963"
"chr12","40562035","40562324","chr12","43929925","43930211","16","3367890"
"chr12","41464467","41464711","chr12","44785477","44785721","5","3321010"
"chr12","41480014","41480258","chr12","44785477","44785721","5","3305463"
"chr12","42123678","42123976","chr12","45436693","45436991","12","3313015"
"chr12","42462820","42463115","chr12","45769646","45769943","7","3306826"
"chr12","42542021","42542316","chr12","45842956","45843250","7","3300935"
"chr12","43435914","43436222","chr12","46682120","46682423","13","3246206"
"chr12","43720222","43720526","chr12","46963335","46963637","10","3243113"
"chr12","43939639","43939935","chr2A","47758336","47758630","27","3818697"
"chr12","44093793","44093941","chr12","47321313","47321461","1","3227520"
"chr12","45421870","45422140","chr1","24888283","24888553","36","20533587"
"chr12","45544391","45544695","chr12","48721496","48721790","15","3177105"
"chr12","46244174","46244378","chr6","83541491","83541693","34","37297317"
"chr12","46361852","46362154","chr12","49543599","49543903","8","3181747"
"chr12","47315506","47315807","chr12","50475692","50476005","18","3160186"
"chr12","47492332","47492653","chr12","50651419","50651711","36","3159087"
"chr12","47539735","47540055","chr12","50651419","50651711","35","3111684"
"chr12","47549701","47550032","chr12","50651419","50651711","46","3101718"
"chr12","47882156","47882462","chr12","51354393","51354699","10","3472237"
"chr12","48099657","48099958","chr12","51565252","51565553","15","3465595"
"chr12","48164302","48164509","chr12","51625110","51625319","2","3460808"
"chr12","48324373","48324700","chr12","51746816","51747142","5","3422443"
"chr12","48399053","48399360","chr12","51810656","51810962","7","3411603"
"chr12","48422802","48423033","chr12","40867303","40867527","44","7555499"
"chr12","50794640","50794737","chr7","65105120","65105213","16","14310480"
"chr12","50994923","50995126","chr12","54793552","54793757","6","3798629"
"chr12","51288694","51288989","chr12","55091343","55091633","19","3802649"
"chr12","51463779","51464069","chr12","55270496","55270783","7","3806717"
"chr12","51871495","51871782","chr12","55679605","55679891","8","3808110"
"chr12","51939085","51939158","chr7","6043169","6043249","26","45895916"
"chr12","52059402","52059702","chr12","55875931","55876230","7","3816529"
"chr12","52175969","52176276","chr12","55989070","55989377","6","3813101"
"chr12","52306990","52307241","chr12","56119826","56120080","26","3812836"
"chr12","52607196","52607314","chr5","35534757","35534872","17","17072439"
"chr12","52922902","52923203","chr12","56732474","56732764","20","3809572"
"chr12","53057283","53057579","chr12","56874619","56874915","4","3817336"
"chr12","53073226","53073474","chr12","56890506","56890752","8","3817280"
"chr12","53077307","53077613","chr12","56894581","56894886","8","3817274"
"chr12","53085688","53085790","chr8","37868456","37868558","9","15217232"
"chr12","53094250","53094530","chr17","25628011","25628299","39","27466239"
"chr12","53297160","53297419","chr12","57120115","57120370","6","3822955"
"chr12","53318628","53318921","chr12","57143204","57143495","7","3824576"
"chr12","53327705","53328006","chr12","57152178","57152477","6","3824473"
"chr12","53437314","53437542","chr12","57262717","57262939","9","3825403"
"chr12","53455224","53455514","chr9","80707313","80707610","33","27252089"
"chr12","53500452","53500758","chr12","57324764","57325071","11","3824312"
"chr12","53609836","53610135","chr12","57434900","57435197","8","3825064"
"chr12","53643799","53644088","chr12","57468435","57468724","10","3824636"
"chr12","53646738","53647029","chr5","59685699","59685991","32","6038961"
"chr12","55122103","55122408","chr12","46963335","46963637","32","8158768"
"chr12","55351164","55351452","chr12","59267502","59267798","17","3916338"
"chr12","55535459","55535766","chr12","59450310","59450609","12","3914851"
"chr12","55811268","55811541","chr12","59723383","59723654","10","3912115"
"chr12","56088755","56088924","chr19","59203125","59203283","30","3114370"
"chr12","56577816","56578075","chr12","60475361","60475613","8","3897545"
"chr12","56966153","56966464","chr12","60875913","60876224","15","3909760"
"chr12","57079439","57079730","chr12","60989585","60989876","2","3910146"
"chr12","57331812","57332098","chr12","61236462","61236748","5","3904650"
"chr12","57464919","57465216","chr12","61366103","61366400","6","3901184"
"chr12","58256201","58256498","chr12","62171261","62171550","14","3915060"
"chr12","58471498","58471805","chr12","62387627","62387935","5","3916129"
"chr12","59886310","59886594","chr12","63814805","63815087","7","3928495"
"chr12","59966704","59967013","chr12","63894594","63894905","14","3927890"
"chr12","60033173","60033480","chr12","63961059","63961360","15","3927886"
"chr12","61572104","61572297","chr12","65420537","65420736","13","3848433"
"chr12","62244638","62244930","chr3","113186695","113186986","32","50942057"
"chr12","62868861","62869149","chr12","66705080","66705378","31","3836219"
"chr12","63656087","63656379","chr17","77839348","77839643","25","14183261"
"chr12","63913749","63913898","chr1","222210938","222211086","18","158297189"
"chr12","64755872","64756017","chr11","16774433","16774585","29","47981439"
"chr12","64944938","64945245","chr12","23538982","23539289","7","41405956"
"chr12","66364230","66364511","chr12","22147057","22147338","2","44217173"
"chr12","66432354","66432647","chrX","31294941","31295233","31","35137413"
"chr12","66554545","66554860","chr12","21970320","21970629","8","44584225"
"chr12","66712376","66712679","chr12","21812716","21813021","9","44899660"
"chr12","67445656","67445941","chr12","68631548","68631809","24","1185892"
"chr12","67554302","67554481","chr12","68740420","68740592","17","1186118"
"chr12","67812339","67812638","chr6","20960668","20960969","34","46851671"
"chr12","67914566","67914855","chr12","69095056","69095342","10","1180490"
"chr12","67934416","67934711","chr12","69115060","69115355","2","1180644"
"chr12","68261145","68261445","chr12","69433619","69433915","15","1172474"
"chr12","68318213","68318522","chr12","69489199","69489508","6","1170986"
"chr12","68440335","68440628","chr12","69620659","69620956","13","1180324"
"chr12","68548150","68548363","chr4","112665137","112665347","38","44116987"
"chr12","68723472","68723774","chr12","69892507","69892809","7","1169035"
"chr12","68825578","68825872","chr6","34955979","34956272","33","33869599"
"chr12","70799163","70799464","chr12","72007698","72007999","8","1208535"
"chr12","70841297","70841595","chr12","72049810","72050114","11","1208513"
"chr12","70957766","70958057","chr12","72157680","72157972","8","1199914"
"chr12","70995606","70995786","chr12","72195082","72195253","14","1199476"
"chr12","71695326","71695619","chr12","72883942","72884235","1","1188616"
"chr12","72898606","72898905","chr12","74072817","74073104","18","1174211"
"chr12","73664999","73665275","chr12","74773189","74773464","15","1108190"
"chr12","74051483","74051723","chr7","142335298","142335534","59","68283815"
"chr12","74275462","74275755","chr12","75384804","75385097","14","1109342"
"chr12","75073193","75073504","chr12","76136740","76137050","16","1063547"
"chr12","75165122","75165416","chr12","76227616","76227910","6","1062494"
"chr12","75316765","75317071","chr12","76371833","76372144","13","1055068"
"chr12","75485831","75486155","chr12","76546239","76546546","28","1060408"
"chr12","75739544","75739835","chr12","76829781","76830071","6","1090237"
"chr12","76035718","76035989","chr12","77122608","77122879","9","1086890"
"chr12","76110522","76110827","chr12","77198024","77198317","24","1087502"
"chr12","76476164","76476378","chr12","77560215","77560428","6","1084051"
"chr12","77733836","77734117","chr12","78766458","78766737","12","1032622"
"chr12","78083595","78083891","chr12","79113118","79113414","7","1029523"
"chr12","78867067","78867338","chr12","79897819","79898081","16","1030752"
"chr12","79052721","79053027","chr1","140452020","140452321","34","61399299"
"chr12","79612452","79612589","chr2A","25852192","25852334","22","53760260"
"chr12","80110201","80110488","chr12","81432468","81432763","11","1322267"
"chr12","80387071","80387365","chr12","81695234","81695530","11","1308163"
"chr12","80474463","80474744","chr12","81778808","81779108","27","1304345"
"chr12","80618891","80619188","chr12","81899477","81899771","14","1280586"
"chr12","82153815","82154046","chr12","83395113","83395317","31","1241298"
"chr12","82293976","82294262","chr12","83535182","83535478","12","1241206"
"chr12","82304910","82304935","chr5","169684011","169684033","5","87379101"
"chr12","82304979","82305258","chr12","83546215","83546492","17","1241236"
"chr12","82378457","82378764","chr12","83620184","83620490","11","1241727"
"chr12","84406782","84407082","chr1","126192917","126193214","63","41786135"
"chr12","84422030","84422291","chr12","36172981","36173241","37","48249049"
"chr12","85303519","85303825","chr12","86565368","86565677","11","1261849"
"chr12","85431796","85432097","chr12","86685083","86685384","6","1253287"
"chr12","86056824","86056972","chr8","61330837","61330979","23","24725987"
"chr12","86483757","86484056","chr12","87758381","87758680","7","1274624"
"chr12","87707267","87707560","chr12","89035794","89036086","8","1328527"
"chr12","88504106","88504384","chr12","89830782","89831060","13","1326676"
"chr12","89869134","89869431","chr12","91196587","91196883","4","1327453"
"chr12","90358652","90358954","chr12","91671691","91671995","6","1313039"
"chr12","92102576","92102873","chr12","93330845","93331137","15","1228269"
"chr12","92120814","92121110","chr12","93349054","93349361","21","1228240"
"chr12","92453663","92453976","chr12","93665487","93665799","11","1211824"
"chr12","92563979","92564276","chr12","93763566","93763863","3","1199587"
"chr12","92642004","92642299","chr12","93840253","93840550","13","1198249"
"chr12","93013880","93014172","chr12","94280219","94280511","5","1266339"
"chr12","93072802","93073022","chr12","94341328","94341548","6","1268526"
"chr12","94198795","94199008","chr3","127377138","127377354","34","33178343"
"chr12","94376558","94376709","chr5","586690","586848","35","93789868"
"chr12","94697160","94697469","chr12","95991280","95991587","8","1294120"
"chr12","94800850","94801061","chr8","18523147","18523355","39","76277703"
"chr12","94818530","94818836","chr1","209292842","209293145","37","114474312"
"chr12","94825449","94825740","chr12","96113731","96114022","8","1288282"
"chr12","95000880","95001180","chr4","7988070","7988372","34","87012810"
"chr12","95183052","95183361","chr12","96460106","96460414","8","1277054"
"chr12","95266266","95266552","chr12","96547786","96548074","4","1281520"
"chr12","95521305","95521590","chr12","96792661","96792959","20","1271356"
"chr12","95668965","95669273","chr12","96934060","96934342","30","1265095"
"chr12","95731753","95732051","chr12","96995020","96995316","7","1263267"
"chr12","95768831","95769136","chr1","157448490","157448797","37","61679659"
"chr12","95917197","95917472","chr12","97209476","97209744","13","1292279"
"chr12","95920603","95920880","chr12","97212870","97213149","10","1292267"
"chr12","96076857","96076965","chr12","97369951","97370054","8","1293094"
"chr12","96182836","96183134","chr12","97467210","97467509","16","1284374"
"chr12","96228279","96228559","chr12","97511350","97511627","10","1283071"
"chr12","96241604","96241885","chr12","97524679","97524960","3","1283075"
"chr12","97130468","97130759","chr12","98402386","98402667","20","1271918"
"chr12","97594520","97594820","chr12","98860337","98860626","15","1265817"
"chr12","97671061","97671346","chr12","98935848","98936130","9","1264787"
"chr12","98163262","98163551","chr12","99426465","99426753","9","1263203"
"chr12","98292795","98293093","chr12","99555562","99555860","6","1262767"
"chr12","98298585","98298745","chr12","99564507","99564667","2","1265922"
"chr12","98523518","98523807","chr12","99782371","99782651","17","1258853"
"chr12","98814195","98814492","chr12","100061143","100061438","5","1246948"
"chr12","98904295","98904585","chr12","100152139","100152426","9","1247844"
"chr12","99993636","99993933","chr5","83879075","83879370","36","16114561"
"chr12","100099849","100100157","chr12","101295389","101295698","16","1195540"
"chr12","100481107","100481429","chr12","101650985","101651311","13","1169878"
"chr12","100756015","100756293","chr12","101925218","101925496","11","1169203"
"chr12","101145581","101145872","chr12","102300057","102300348","15","1154476"
"chr12","101233576","101233886","chr12","102385725","102386039","8","1152149"
"chr12","101258661","101258960","chr4","75171632","75171933","34","26087029"
"chr12","101333118","101333404","chr1","35616475","35616761","9","65716643"
"chr12","101715155","101715451","chr17","15154625","15154923","33","86560530"
"chr12","102057563","102057870","chr12","103190817","103191119","13","1133254"
"chr12","103797573","103797782","chr12","104892466","104892674","6","1094893"
"chr12","104116439","104116732","chr12","105205781","105206074","6","1089342"
"chr12","104119863","104120170","chr12","105209198","105209489","22","1089335"
"chr12","104267966","104268265","chr20","18112195","18112492","30","86155771"
"chr12","104848527","104848835","chr12","105920712","105921016","8","1072185"
"chr12","104906020","104906309","chr12","105977195","105977457","33","1071175"
"chr12","105329883","105330179","chr12","106386231","106386522","11","1056348"
"chr12","105798593","105798894","chr12","106865427","106865728","2","1066834"
"chr12","106540533","106540823","chr6","7535069","7535361","31","99005464"
"chr12","106550486","106550624","chr12","107590642","107590781","3","1040156"
"chr12","106774815","106775112","chr12","107815017","107815306","18","1040202"
"chr12","106961916","106962238","chr14","49949654","49949960","45","57012262"
"chr12","107812238","107812539","chr12","108851155","108851458","12","1038917"
"chr12","108006354","108006662","chr12","109034676","109034984","12","1028322"
"chr12","108389747","108389920","chr16","49555124","49555297","24","58834623"
"chr12","108680671","108680974","chr9","37296159","37296468","35","71384512"
"chr12","108708436","108708743","chr12","109742079","109742371","19","1033643"
"chr12","108929503","108929810","chr12","110011008","110011304","18","1081505"
"chr12","109136655","109136765","chr12","135047416","135047533","24","25910761"
"chr12","109481098","109481369","chr12","110556764","110557040","8","1075666"
"chr12","109748959","109749105","chr1","166885187","166885334","26","57136228"
"chr12","109911788","109912086","chr12","110986011","110986310","4","1074223"
"chr12","109924985","109925273","chr12","110999100","110999387","1","1074115"
"chr12","109995421","109995729","chr5","20779550","20779859","29","89215871"
"chr12","110052566","110052857","chr12","111125790","111126081","10","1073224"
"chr12","110075956","110076247","chr12","111125790","111126081","10","1049834"
"chr12","110201879","110202010","chr1","26823463","26823599","18","83378416"
"chr12","110289149","110289462","chr3","189072904","189073192","67","78783755"
"chr12","110335594","110335778","chr19","51435496","51435680","26","58900098"
"chr12","110506770","110507070","chr12","111544802","111545103","4","1038032"
"chr12","110544097","110544241","chr12","111577294","111577437","2","1033197"
"chr12","110548031","110548339","chr11","117383282","117383589","36","6835251"
"chr12","110665347","110665476","chr16","57959482","57959607","15","52705865"
"chr12","111209272","111209583","chr12","112238638","112238948","5","1029366"
"chr12","111242917","111243211","chr6","46886971","46887268","33","64355946"
"chr12","111266937","111267115","chr3","123757609","123757787","32","12490672"
"chr12","111395970","111396279","chr11","128485674","128485980","42","17089704"
"chr12","111492813","111493099","chr12","112514267","112514553","8","1021454"
"chr12","111513338","111513636","chr1","141239412","141239712","33","29726074"
"chr12","111562063","111562367","chr12","112618984","112619291","7","1056921"
"chr12","111766870","111766992","chr12","112807607","112807721","9","1040737"
"chr12","111786987","111787277","chr12","112826105","112826380","19","1039118"
"chr12","111826666","111826938","chr12","112865609","112865888","14","1038943"
"chr12","111876155","111876407","chr7","160556725","160556965","39","48680570"
"chr12","112022622","112022918","chr12","113078046","113078340","8","1055424"
"chr12","112059944","112060243","chr12","113110280","113110576","8","1050336"
"chr12","112117992","112118270","chr7","81313370","81313654","39","30804622"
"chr12","112163016","112163324","chr11","117383282","117383589","31","5220266"
"chr12","112282566","112282874","chr12","113338856","113339163","7","1056290"
"chr12","112287021","112287166","chr10","102415722","102415872","19","9871299"
"chr12","112439510","112439794","chr12","113498093","113498377","7","1058583"
"chr12","112562576","112562700","chr13","98396665","98396787","12","14165911"
"chr12","113518005","113518290","chr12","114548434","114548730","18","1030429"
"chr12","113729125","113729406","chr12","114760794","114761074","7","1031669"
"chr12","113729480","113729503","chr12","114761103","114761126","0","1031623"
"chr12","113958037","113958332","chr12","114978047","114978348","13","1020010"
"chr12","114572742","114572927","chr12","115545996","115546161","30","973254"
"chr12","114788436","114788655","chr12","115753817","115754036","8","965381"
"chr12","116102832","116103135","chr12","117056888","117057197","9","954056"
"chr12","116279608","116279916","chr12","117240794","117241099","16","961186"
"chr12","116288755","116289063","chr12","117240794","117241099","16","952039"
"chr12","116346873","116347174","chr12","117292067","117292368","2","945194"
"chr12","116399331","116399642","chr12","117344834","117345150","12","945503"
"chr12","116492162","116492322","chr12","117445980","117446126","18","953818"
"chr12","117553938","117554239","chr12","118497489","118497789","7","943551"
"chr12","118134898","118135138","chr1","157842911","157843153","28","39708013"
"chr12","118135239","118135512","chrX","45079317","45079589","29","73055922"
"chr12","118136532","118136822","chr17","3658381","3658675","29","114478151"
"chr12","118172932","118173283","chr12","119106820","119107164","14","933888"
"chr12","118298310","118298600","chr12","119237181","119237472","8","938871"
"chr12","118362172","118362479","chr12","119297835","119298137","15","935663"
"chr12","118911383","118911688","chr12","119835204","119835502","14","923821"
"chr12","119622666","119622966","chr12","120542339","120542633","17","919673"
"chr12","119623100","119623386","chr12","120542767","120543050","10","919667"
"chr12","119904130","119904441","chr11","75989624","75989927","52","43914506"
"chr12","120012247","120012366","chr7","89310911","89311030","11","30701336"
"chr12","120319922","120320225","chr4","53900944","53901247","32","66418978"
"chr12","120468107","120468406","chr9","821892","822185","36","119646215"
"chr12","120477875","120478161","chr15","64645272","64645561","40","55832603"
"chr12","120554686","120554983","chr1","95572326","95572620","38","24982360"
"chr12","120579403","120579704","chr14","73185976","73186275","30","47393427"
"chr12","120603838","120604126","chr12","121489141","121489426","10","885303"
"chr12","120623489","120623792","chr12","121510236","121510537","19","886747"
"chr12","120775895","120776200","chr12","121663766","121664064","15","887871"
"chr12","120948331","120948586","chr12","121843621","121843871","6","895290"
"chr12","121262022","121262323","chr2B","179268150","179268449","30","58006128"
"chr12","121272318","121272621","chr12","122162455","122162755","7","890137"
"chr12","121303102","121303190","chr21","32541754","32541852","23","88761348"
"chr12","121325281","121325569","chr12","122211874","122212163","7","886593"
"chr12","121409502","121409809","chr12","122301012","122301314","7","891510"
"chr12","121514022","121514313","chr12","122407141","122407434","10","893119"
"chr12","121763855","121764163","chr8","98185106","98185414","25","23578749"
"chr12","121823055","121823185","chr7","56781207","56781336","12","65041848"
"chr12","121991810","121991998","chr15","37766653","37766837","33","84225157"
"chr12","122118152","122118463","chr12","123003828","123004141","11","885676"
"chr12","122330134","122330288","chr12","123239465","123239628","11","909331"
"chr12","122335195","122335487","chr12","89035794","89036086","33","33299401"
"chr12","122381463","122381736","chr19","18789365","18789635","34","103592098"
"chr12","122488122","122488364","chr12","123393212","123393456","9","905090"
"chr12","122506686","122506710","chr20","31027620","31027646","13","91479066"
"chr12","122506745","122506862","chr3","156614884","156615001","21","34108139"
"chr12","122643005","122643138","chr12","124419807","124419939","2","1776802"
"chr12","122740291","122740409","chr4","176786367","176786487","14","54046076"
"chr12","122757298","122757611","chr15","41315542","41315855","3","81441756"
"chr12","122864196","122864482","chr12","124665796","124666089","14","1801600"
"chr12","123323538","123323714","chr4","159746499","159746673","33","36422961"
"chr12","123411554","123411844","chr1","132955249","132955539","36","9543695"
"chr12","123453558","123453831","chr12","125229986","125230288","36","1776428"
"chr12","123467066","123467341","chr12","125240357","125240635","11","1773291"
"chr12","123624136","123624435","chr4","47218523","47218820","39","76405613"
"chr12","123716283","123716587","chr12","125472514","125472815","10","1756231"
"chr12","124155252","124155540","chr12","125982129","125982421","15","1826877"
"chr12","124220773","124221074","chr12","126039758","126040059","8","1818985"
"chr12","124500005","124500309","chr12","126323022","126323331","14","1823017"
"chr12","125105900","125106177","chr3","197672240","197672519","29","72566340"
"chr12","126431246","126431544","chr1","40657753","40658051","29","85773493"
"chr12","126808910","126809222","chr12","128513760","128514053","28","1704850"
"chr12","127012475","127012768","chr12","128723999","128724291","11","1711524"
"chr12","127494291","127494425","chr7","55665144","55665261","25","71829147"
"chr12","127850837","127851142","chr12","129547144","129547449","8","1696307"
"chr12","127947980","127948269","chrX","31294941","31295233","34","96653039"
"chr12","128485173","128485471","chr12","130171561","130171850","11","1686388"
"chr12","128507424","128507729","chr12","130193727","130194020","20","1686303"
"chr12","128919131","128919440","chr12","130595155","130595461","9","1676024"
"chr12","129160912","129161200","chr12","130808708","130808995","10","1647796"
"chr12","132039457","132039745","chr9","97546740","97547031","40","34492717"
"chr12","132217026","132217326","chr12","134061524","134061821","7","1844498"
"chr12","132257830","132257960","chr5","134613512","134613627","32","2355682"
"chr12","132280101","132280404","chr12","134116847","134117149","12","1836746"
"chr12","132340667","132340968","chr12","134181311","134181610","8","1840644"
"chr12","132956772","132956902","chr12","134793834","134793963","7","1837062"
"chr12","132976394","132976686","chr12","134812907","134813173","38","1836513"
"chr12","133165249","133165547","chr1","141239412","141239712","33","8074163"
"chr12","133212728","133212845","chr12","135047416","135047533","0","1834688"
"chr12","133357925","133358227","chr12","135181169","135181470","11","1823244"
"chr13","641868","642160","chr13","18813797","18814098","20","18171929"
"chr13","1045614","1045908","chr13","19163969","19164264","5","18118355"
"chr13","1127633","1127931","chr13","19239471","19239784","22","18111838"
"chr13","1312908","1313199","chr13","19406802","19407093","4","18093894"
"chr13","1361171","1361474","chr17","4705554","4705860","37","3344383"
"chr13","1482650","1482936","chr13","19574954","19575240","11","18092304"
"chr13","1486191","1486490","chr17","61133825","61134123","37","59647634"
"chr13","1570447","1570645","chr17","59897879","59898079","36","58327432"
"chr13","2109735","2110037","chr13","20202004","20202306","11","18092269"
"chr13","2157192","2157462","chr13","20249183","20249480","41","18091991"
"chr13","2289602","2289887","chr13","20376979","20377276","16","18087377"
"chr13","2479424","2479710","chr13","20563202","20563487","10","18083778"
"chr13","2556493","2556634","chr13","20638764","20638905","4","18082271"
"chr13","2583991","2584291","chr13","20666553","20666851","8","18082562"
"chr13","2658839","2659150","chr13","20740391","20740701","11","18081552"
"chr13","2668488","2668753","chr13","20749775","20750039","12","18081287"
"chr13","2759611","2759881","chr13","20829109","20829378","7","18069498"
"chr13","3791053","3791323","chr13","21817743","21818039","31","18026690"
"chr13","4415599","4415883","chr13","22444024","22444290","32","18028425"
"chr13","4682674","4682969","chr13","22707532","22707825","13","18024858"
"chr13","5135983","5136278","chr13","23143763","23144066","14","18007780"
"chr13","5863189","5863472","chr13","23827464","23827764","25","17964275"
"chr13","6308876","6309113","chr12","4359839","4360078","32","1949037"
"chr13","6309115","6309233","chr10","74991716","74991832","20","68682601"
"chr13","6346548","6346810","chr13","24290004","24290265","4","17943456"
"chr13","6490887","6491186","chr13","24438147","24438441","11","17947260"
"chr13","6852141","6852426","chr13","24857593","24857874","11","18005452"
"chr13","6868923","6869204","chr13","24898906","24899198","23","18029983"
"chr13","6940826","6941118","chr13","24971185","24971477","9","18030359"
"chr13","7212313","7212619","chr13","25241124","25241423","31","18028811"
"chr13","7589778","7590046","chr15","32219612","32219871","41","24629834"
"chr13","7640762","7641058","chr13","25671205","25671502","10","18030443"
"chr13","8663037","8663339","chr6","20960668","20960969","33","12297631"
"chr13","8743754","8743948","chr4","40158748","40158926","55","31414994"
"chr13","8824162","8824459","chr13","26840363","26840651","15","18016201"
"chr13","9008601","9008899","chr13","27010877","27011177","9","18002276"
"chr13","9400085","9400361","chr12","101925218","101925496","34","92525133"
"chr13","9554798","9555102","chr2A","112725416","112725709","35","103170618"
"chr13","9629454","9629748","chr13","27634877","27635170","5","18005423"
"chr13","9733056","9733345","chr1","39817732","39818023","30","30084676"
"chr13","9965007","9965297","chr13","27957330","27957618","9","17992323"
"chr13","9994497","9994810","chr13","27986516","27986827","11","17992019"
"chr13","10644144","10644441","chr13","28639549","28639841","13","17995405"
"chr13","10832454","10832747","chr9","72635045","72635336","12","61802591"
"chr13","10869466","10869764","chr9","72677504","72677798","17","61808038"
"chr13","11013662","11013932","chr12","101925218","101925496","39","90911556"
"chr13","11262291","11262600","chr13","28975194","28975503","8","17712903"
"chr13","11385589","11385878","chr11","10923331","10923620","32","462258"
"chr13","11500014","11500310","chr13","29198111","29198408","13","17698097"
"chr13","11687837","11688131","chr13","29378362","29378655","7","17690525"
"chr13","12099634","12099952","chr8","68211131","68211447","55","56111497"
"chr13","12372711","12373018","chr13","30454032","30454329","17","18081321"
"chr13","12907013","12907327","chr13","30985131","30985445","5","18078118"
"chr13","13502416","13502698","chr13","31558344","31558628","5","18055928"
"chr13","13901873","13902159","chr13","31936941","31937227","8","18035068"
"chr13","15563781","15564067","chr13","33566879","33567169","9","18003098"
"chr13","16098431","16098552","chr13","34081095","34081212","5","17982664"
"chr13","16325495","16325712","chr13","34300758","34300999","27","17975263"
"chr13","16872658","16872961","chr13","34813617","34813921","7","17940959"
"chr13","17343147","17343452","chr13","35253026","35253334","13","17909879"
"chr13","17379187","17379486","chr13","35287175","35287471","10","17907988"
"chr13","17673497","17673697","chr13","35581238","35581416","23","17907741"
"chr13","18600396","18600681","chr3","188166619","188166907","33","169566223"
"chr13","18782918","18783226","chr13","36673319","36673622","13","17890401"
"chr13","18970220","18970353","chr11","70123635","70123764","13","51153415"
"chr13","18970659","18970822","chr3","10408327","10408500","26","8562332"
"chr13","18993015","18993311","chr13","36874235","36874530","8","17881220"
"chr13","19106217","19106541","chr13","37167899","37168202","61","18061682"
"chr13","19256483","19256774","chr13","37326250","37326542","10","18069767"
"chr13","19284543","19284834","chr13","37326250","37326542","10","18041707"
"chr13","21567097","21567229","chr4","9441609","9441738","16","12125488"
"chr13","21789115","21789423","chr13","39795589","39795889","14","18006474"
"chr13","22368843","22369133","chr13","40363414","40363706","8","17994571"
"chr13","22448336","22448477","chr13","40442734","40442875","0","17994398"
"chr13","22463816","22464111","chr13","40458394","40458699","17","17994578"
"chr13","22481049","22481354","chr3","38686472","38686780","36","16205423"
"chr13","22518867","22519174","chr13","40511343","40511649","11","17992476"
"chr13","22534411","22534731","chr11","56158312","56158621","43","33623901"
"chr13","22595711","22596052","chr13","40587583","40587874","54","17991872"
"chr13","22791498","22791791","chr13","40789047","40789340","4","17997549"
"chr13","22794468","22794733","chr13","40792017","40792297","21","17997549"
"chr13","22822882","22823190","chr13","40820573","40820881","7","17997691"
"chr13","22831646","22831956","chr13","40829296","40829604","10","17997650"
"chr13","22844679","22844959","chr13","40842310","40842591","6","17997631"
"chr13","22879772","22880061","chr3","189952038","189952333","33","167072266"
"chr13","22886065","22886365","chr8","126195358","126195665","29","103309293"
"chr13","22897684","22897972","chr13","40895855","40896143","5","17998171"
"chr13","22914945","22915252","chr13","40912670","40912961","20","17997725"
"chr13","22965279","22965587","chr13","40967479","40967763","29","18002200"
"chr13","23043311","23043622","chr13","41042893","41043205","7","17999582"
"chr13","23400189","23400498","chr13","41355055","41355364","9","17954866"
"chr13","23589006","23589182","chr13","41544084","41544261","9","17955078"
"chr13","23612846","23613145","chr13","41555844","41556139","11","17942998"
"chr13","23822347","23822646","chr13","41762688","41762985","10","17940341"
"chr13","24725487","24725590","chr12","111263615","111263717","14","86538128"
"chr13","24802447","24802739","chrX","119174106","119174400","24","94371659"
"chr13","24804416","24804711","chr10","100234090","100234384","29","75429674"
"chr13","26321747","26321918","chr3","198409303","198409474","4","172087556"
"chr13","26428680","26428990","chr3","198301808","198302113","11","171873128"
"chr13","26457702","26457994","chr9","87616316","87616609","42","61158614"
"chr13","26493278","26493565","chr3","198245248","198245549","21","171751970"
"chr13","26551688","26551974","chr3","133608023","133608308","42","107056335"
"chr13","26575513","26575807","chr3","198163418","198163713","5","171587905"
"chr13","26880846","26881135","chr3","197859588","197859877","4","170978742"
"chr13","26942582","26942879","chr3","197798268","197798589","31","170855686"
"chr13","26959333","26959639","chr3","197782624","197782918","18","170823291"
"chr13","27073085","27073364","chr3","197672240","197672519","3","170599155"
"chr13","27294601","27294734","chr17","50036355","50036488","12","22741754"
"chr13","27364309","27364599","chrUn_NW_014017165v1","903679","903969","12","26460630"
"chr13","27729182","27729476","chrUn_NW_014017165v1","542193","542496","17","27186989"
"chr13","27916765","27917069","chrUn_NW_014017165v1","354500","354797","13","27562265"
"chr13","28337199","28337507","chr13","46334674","46334972","14","17997475"
"chr13","28798804","28799100","chr13","46816389","46816684","8","18017585"
"chr13","29294716","29295015","chr12","61366103","61366400","35","32071387"
"chr13","29744795","29745093","chr13","47691993","47692293","6","17947198"
"chr13","29878422","29878728","chr4","38063254","38063552","31","8184832"
"chr13","30053016","30053305","chr13","48000339","48000630","12","17947323"
"chr13","30123386","30123673","chr13","48069794","48070084","10","17946408"
"chr13","30129472","30129784","chr5","35043534","35043843","38","4914062"
"chr13","30520026","30520259","chr13","48495739","48495972","3","17975713"
"chr13","30965840","30966138","chrX","96767512","96767810","34","65801672"
"chr13","31009267","31009563","chr13","48971924","48972218","7","17962657"
"chr13","31244163","31244471","chr13","49250857","49251166","13","18006694"
"chr13","31510145","31510448","chr13","49510581","49510861","33","18000436"
"chr13","31588065","31588348","chr13","49572867","49573136","20","17984802"
"chr13","31609215","31609505","chr18","13194339","13194632","30","18414876"
"chr13","31747409","31747717","chr13","49734134","49734438","12","17986725"
"chr13","31831491","31831779","chr13","40967479","40967763","34","9135988"
"chr13","31878218","31878368","chr4","184994099","184994237","29","153115881"
"chr13","31894059","31894362","chr13","49874064","49874368","16","17980005"
"chr13","33001262","33001434","chr13","50938928","50939091","15","17937666"
"chr13","33157538","33157832","chrX","31294941","31295233","29","1862597"
"chr13","33700707","33701007","chr13","51610545","51610850","10","17909838"
"chr13","34119727","34120022","chr13","52020259","52020553","12","17900532"
"chr13","34203819","34204119","chr14","63322951","63323253","42","29119132"
"chr13","34263353","34263650","chr13","52300184","52300486","9","18036831"
"chr13","34489394","34489638","chr11","41532272","41532516","30","7042878"
"chr13","34774442","34774726","chr13","52741759","52742045","6","17967317"
"chr13","36762665","36762946","chr13","54691398","54691704","34","17928733"
"chr13","37051494","37051786","chr13","54970529","54970810","19","17919035"
"chr13","37492301","37492589","chr13","55405894","55406184","10","17913593"
"chr13","37771113","37771408","chr13","55681049","55681342","10","17909936"
"chr13","37774733","37775028","chr13","55681049","55681342","10","17906316"
"chr13","37783875","37784165","chr13","55686332","55686618","7","17902457"
"chr13","38351146","38351430","chr13","56254364","56254646","10","17903218"
"chr13","38805004","38805291","chr13","56706596","56706883","8","17901592"
"chr13","39668937","39669227","chr13","57639499","57639795","13","17970562"
"chr13","39865913","39866193","chr13","57831284","57831576","21","17965371"
"chr13","40096482","40096784","chr13","58058961","58059261","9","17962479"
"chr13","40204696","40204845","chr5","586690","586848","29","39618006"
"chr13","40339570","40339867","chr13","58290761","58291058","8","17951191"
"chr13","40472281","40472568","chr13","58404782","58405052","23","17932501"
"chr13","40718164","40718436","chr13","58637794","58638068","14","17919630"
"chr13","40874941","40875227","chr13","58793694","58793973","16","17918753"
"chr13","41993890","41994003","chr8","39675842","39675951","8","2318048"
"chr13","42477348","42477638","chr13","60334901","60335185","10","17857553"
"chr13","42684461","42684766","chr18","23993023","23993327","32","18691438"
"chr13","42729497","42729793","chr13","60534487","60534788","10","17804990"
"chr13","44452488","44452778","chr1","86482112","86482402","33","42029624"
"chr13","44673107","44673386","chr13","62471355","62471661","36","17798248"
"chr13","45584299","45584575","chr13","63450062","63450338","12","17865763"
"chr13","46161254","46161542","chr13","64025370","64025659","8","17864116"
"chr13","46729108","46729394","chr3","51469279","51469563","36","4740171"
"chr13","46750512","46750816","chr13","64609715","64610015","10","17859203"
"chr13","46809292","46809587","chr13","64668408","64668709","12","17859116"
"chr13","47324984","47325278","chr12","50117895","50118184","40","2792911"
"chr13","47663673","47663887","chr13","65502253","65502467","2","17838580"
"chr13","47686231","47686517","chr19","20907587","20907867","43","26778644"
"chr13","48209471","48209764","chr13","66064682","66064977","15","17855211"
"chr13","48348881","48349184","chr13","66189241","66189542","4","17840360"
"chr13","49436566","49436861","chr13","67199871","67200164","10","17763305"
"chr13","49785606","49785863","chr13","67533971","67534226","9","17748365"
"chr13","50544950","50545246","chr13","68263695","68263986","13","17718745"
"chr13","52042523","52042820","chr5","147536349","147536645","39","95493826"
"chr13","52222080","52222386","chr13","69898675","69898975","17","17676595"
"chr13","52438124","52438369","chr1","11658254","11658500","37","40779870"
"chr13","53564439","53564738","chr13","71236457","71236762","22","17672018"
"chr13","53891114","53891422","chr13","71562609","71562909","15","17671495"
"chr13","53917046","53917319","chr13","71588502","71588775","4","17671456"
"chr13","54044112","54044417","chr1","207981501","207981808","28","153937389"
"chr13","54344421","54344686","chr17","13323709","13323978","32","41020712"
"chr13","55405160","55405459","chr13","73047830","73048130","9","17642670"
"chr13","55407710","55407890","chr13","73050240","73050420","4","17642530"
"chr13","55916930","55917220","chr13","73547162","73547457","11","17630232"
"chr13","55925195","55925513","chr13","73555438","73555756","16","17630243"
"chr13","56247814","56248121","chr13","73870490","73870797","6","17622676"
"chr13","57384394","57384703","chr13","74993372","74993677","9","17608978"
"chr13","57429520","57429815","chr13","75022033","75022337","11","17592513"
"chr13","57860662","57860951","chr20","15478217","15478498","89","42382445"
"chr13","58886183","58886482","chr13","76762501","76762791","14","17876318"
"chr13","58952783","58953076","chr13","76832228","76832515","12","17879445"
"chr13","58994001","58994307","chr4","185630067","185630372","40","126636066"
"chr13","59253333","59253637","chr13","77110782","77111084","8","17857449"
"chr13","59766343","59766640","chr13","77578544","77578845","9","17812201"
"chr13","60048568","60048812","chr13","77830046","77830323","35","17781478"
"chr13","60276470","60276786","chrX","23643119","23643426","50","36633351"
"chr13","61173729","61174010","chr5","59174604","59174893","50","1999125"
"chr13","61174036","61174140","chr2B","208636456","208636560","10","147462420"
"chr13","61271369","61271668","chr13","79060876","79061161","30","17789507"
"chr13","61478540","61478681","chr6","43796281","43796415","19","17682259"
"chr13","62100401","62100708","chr13","79855064","79855367","9","17754663"
"chr13","62607344","62607642","chr13","80306208","80306506","7","17698864"
"chr13","62718542","62718851","chr13","80423623","80423921","14","17705081"
"chr13","62749260","62749573","chr13","80454124","80454433","7","17704864"
"chr13","62759524","62759840","chr13","80463175","80463484","11","17703651"
"chr13","62817368","62817677","chr13","80517952","80518258","16","17700584"
"chr13","64585532","64585826","chr13","82387152","82387440","11","17801620"
"chr13","64709417","64709699","chr13","82489683","82489965","4","17780266"
"chr13","64950027","64950189","chr3","50345462","50345622","29","14604565"
"chr13","64950239","64950324","chr10","89817935","89818018","14","24867696"
"chr13","65001512","65001674","chr3","50345462","50345622","29","14656050"
"chr13","65001724","65001809","chr10","89817935","89818018","14","24816211"
"chr13","65945338","65945637","chr13","83646645","83646942","7","17701307"
"chr13","66367196","66367495","chr13","84064397","84064689","28","17697201"
"chr13","66638453","66638746","chr13","84329997","84330303","22","17691544"
"chr13","67542477","67542769","chr13","85209191","85209483","7","17666714"
"chr13","67751145","67751428","chr13","85407572","85407852","10","17656427"
"chr13","68093489","68093740","chr6","39631160","39631431","56","28462329"
"chr13","68351568","68351846","chr13","85988647","85988925","2","17637079"
"chr13","68651216","68651522","chr13","86290182","86290488","6","17638966"
"chr13","68880449","68880614","chr13","50938928","50939091","35","17941521"
"chr13","70335969","70336058","chr11","82024752","82024846","28","11688783"
"chr13","70357988","70358257","chr13","87932544","87932815","9","17574556"
"chr13","70375935","70376239","chr13","87949969","87950252","30","17574034"
"chr13","70595435","70595717","chr13","88168891","88169172","9","17573456"
"chr13","70607889","70608152","chr13","88181808","88182070","5","17573919"
"chr13","70767293","70767602","chrX","48334528","48334825","43","22432765"
"chr13","70940579","70940877","chr13","88501470","88501762","11","17560891"
"chr13","71885488","71885726","chr13","89424318","89424556","5","17538830"
"chr13","72282903","72283157","chr10","82243164","82243429","51","9960261"
"chr13","72728361","72728669","chr13","90248139","90248449","16","17519778"
"chr13","72842024","72842176","chr5","136009973","136010117","23","63167949"
"chr13","73033511","73033805","chr13","90567216","90567516","13","17533705"
"chr13","74528421","74528716","chr13","92056310","92056605","12","17527889"
"chr13","74752609","74752916","chr13","92272981","92273288","10","17520372"
"chr13","74913993","74914205","chr1","182635765","182635986","31","107721772"
"chr13","74973721","74974027","chr13","92489349","92489654","5","17515628"
"chr13","75512900","75513209","chr13","93026142","93026448","10","17513242"
"chr13","76258327","76258630","chr13","93780430","93780733","5","17522103"
"chr13","76564947","76565242","chr13","94073549","94073837","16","17508602"
"chr13","76740647","76740938","chr13","94245944","94246232","11","17505297"
"chr13","77022278","77022572","chr13","94532766","94533062","8","17510488"
"chr13","77235240","77235542","chr1","153053700","153054007","36","75818460"
"chr13","77280878","77281198","chr13","94794993","94795313","2","17514115"
"chr13","77459742","77460041","chr13","94973698","94973997","8","17513956"
"chr13","77795421","77795726","chr6","20960668","20960969","38","56834753"
"chr13","77824142","77824447","chr6","20960668","20960969","38","56863474"
"chr13","77936101","77936407","chr13","95433474","95433783","13","17497373"
"chr13","78063691","78063991","chr1","110224228","110224530","33","32160537"
"chr13","78071698","78071986","chr13","95568624","95568912","9","17496926"
"chr13","78225404","78225698","chr11","48051021","48051319","29","30174383"
"chr13","78525382","78525675","chr15","67264771","67265063","33","11260611"
"chr13","78601841","78602150","chr13","96077835","96078143","13","17475994"
"chr13","78795459","78795745","chr13","96271510","96271782","17","17476051"
"chr13","80566248","80566424","chr13","98971151","98971325","40","18404903"
"chr13","80752429","80752722","chr14","32821391","32821683","32","47931038"
"chr13","80842871","80843003","chr13","98330260","98330393","4","17487389"
"chr13","80915126","80915248","chr13","98396665","98396787","3","17481539"
"chr13","80926389","80926670","chr13","98406001","98406283","6","17479612"
"chr13","81029505","81029796","chr13","98502051","98502347","10","17472546"
"chr13","81210230","81210526","chr13","98684850","98685147","7","17474620"
"chr13","81482431","81482678","chr13","98956612","98956893","44","17474181"
"chr13","81496708","81496840","chr13","98970706","98970838","4","17473998"
"chr13","81497154","81497335","chr13","98971151","98971325","24","17473997"
"chr13","81535749","81536056","chr6","38245804","38246113","42","43289945"
"chr13","81693093","81693396","chr13","99165863","99166166","15","17472770"
"chr13","81733134","81733431","chr1","12278529","12278825","31","69454605"
"chr13","81843193","81843489","chr13","99301108","99301413","14","17457915"
"chr13","81961585","81961714","chr5","117912572","117912704","16","35950987"
"chr13","82076817","82077104","chr13","99540111","99540400","8","17463294"
"chr13","82090240","82090520","chr13","99553621","99553900","9","17463381"
"chr13","82426373","82426672","chr2A","3485485","3485780","23","78940888"
"chr13","82541930","82542229","chr13","99987645","99987944","5","17445715"
"chr13","82569223","82569515","chr13","100013914","100014214","22","17444691"
"chr13","82615532","82615695","chr1","32935825","32935989","20","49679707"
"chr13","83366382","83366691","chr13","100753929","100754238","13","17387547"
"chr13","83419400","83419699","chr13","100808925","100809223","6","17389525"
"chr13","83461051","83461366","chr17","56821225","56821534","40","26639826"
"chr13","83471511","83471803","chr13","100860385","100860682","9","17388874"
"chr13","83550090","83550396","chr2B","167474072","167474376","34","83923982"
"chr13","84059902","84060198","chr13","101426642","101426929","16","17366740"
"chr13","84211731","84212028","chr1","34670240","34670537","37","49541491"
"chr13","87587794","87588103","chr13","104917269","104917576","17","17329475"
"chr13","87851103","87851397","chr13","105178275","105178563","14","17327172"
"chr13","87937693","87937965","chr13","105269226","105269498","3","17331533"
"chr13","88260419","88260722","chr13","105579226","105579527","9","17318807"
"chr13","88639285","88639591","chr13","105956842","105957140","19","17317557"
"chr13","88861613","88861932","chr13","106157979","106158274","32","17296366"
"chr13","89587249","89587543","chr13","106859794","106860090","10","17272545"
"chr13","90750420","90750710","chr13","107990293","107990592","20","17239873"
"chr13","91327408","91327673","chr13","108566109","108566374","5","17238701"
"chr13","91407843","91408152","chr13","108639273","108639582","1","17231430"
"chr13","92144470","92144761","chr13","109403255","109403549","22","17258785"
"chr13","92171439","92171453","chr2A","89470205","89470216","3","2701234"
"chr13","92171495","92171787","chr13","109403255","109403549","6","17231760"
"chr13","92284450","92284738","chr13","109516942","109517226","14","17232492"
"chr13","92288721","92289034","chr14","66679908","66680216","48","25608813"
"chr13","92801768","92802069","chr13","110025886","110026179","14","17224118"
"chr13","92900664","92900964","chr13","110119587","110119887","6","17218923"
"chr13","92985873","92986179","chr13","110236841","110237146","11","17250968"
"chr13","93080763","93081056","chr13","110327253","110327550","12","17246490"
"chr13","93196823","93197139","chr13","110442787","110443103","5","17245964"
"chr13","93268567","93268867","chr13","110513678","110513980","16","17245111"
"chr13","94016240","94016520","chr13","111218897","111219176","8","17202657"
"chr13","94131327","94131504","chr13","98971151","98971325","27","4839824"
"chr13","94937189","94937485","chr13","112259190","112259471","31","17322001"
"chr13","96180115","96180393","chr1","12625983","12626259","31","83554132"
"chr13","96188457","96188766","chr13","113494353","113494670","13","17305896"
"chr13","96202310","96202604","chr13","113508542","113508858","26","17306232"
"chr13","96229910","96230204","chr13","113533753","113534047","4","17303843"
"chr13","96281643","96281947","chr18","36949710","36950015","37","59331933"
"chr13","96426909","96427191","chr13","113725978","113726266","12","17299069"
"chr13","97115882","97116049","chr5","96826507","96826673","29","289375"
"chr13","97149068","97149342","chr13","114464137","114464428","30","17315069"
"chr14","80516","80852","chr14","44170005","44170377","41","44089489"
"chr14","131472","131731","chr5","151905730","151905988","32","151774258"
"chr14","277005","277215","chr14","43979501","43979710","6","43702496"
"chr14","282257","282555","chr14","43974149","43974457","17","43691892"
"chr14","1111477","1111776","chr14","43121588","43121885","5","42010111"
"chr14","1651469","1651756","chr14","42556986","42557273","9","40905517"
"chr14","3103569","3103865","chr14","41123662","41123938","25","38020093"
"chr14","3439860","3440173","chr14","40792857","40793162","20","37352997"
"chr14","3749257","3749463","chr14","40482554","40482753","9","36733297"
"chr14","3963273","3963573","chr14","40299925","40300228","10","36336652"
"chr14","4676810","4677099","chr14","39701873","39702161","4","35025063"
"chr14","5128853","5129161","chr14","39249103","39249409","10","34120250"
"chr14","5474575","5474871","chr14","38913204","38913500","8","33438629"
"chr14","5894809","5895065","chr19","18789365","18789635","44","12894556"
"chr14","6094391","6094686","chr14","38276248","38276543","7","32181857"
"chr14","6100125","6100419","chr1","28548505","28548800","31","22448380"
"chr14","6141379","6141674","chr14","38230318","38230612","16","32088939"
"chr14","7198423","7198725","chr14","37218865","37219173","16","30020442"
"chr14","7202914","7203095","chr15","37856214","37856416","44","30653300"
"chr14","7329615","7329922","chr14","37098451","37098756","8","29768836"
"chr14","8578235","8578515","chr14","35830258","35830538","7","27252023"
"chr14","9361668","9361966","chr14","34886468","34886762","21","25524800"
"chr14","9366547","9366845","chr14","34882717","34883010","16","25516170"
"chr14","9446595","9446897","chr14","34805413","34805742","32","25358818"
"chr14","9662283","9662586","chr5","159250638","159250942","48","149588355"
"chr14","9982461","9982759","chr14","34251468","34251763","10","24269007"
"chr14","10031032","10031355","chr14","34199974","34200290","15","24168942"
"chr14","10068854","10069148","chr14","34163258","34163552","3","24094404"
"chr14","10161831","10162129","chr14","34069737","34070034","5","23907906"
"chr14","10176485","10176787","chr14","34055393","34055691","9","23878908"
"chr14","10207411","10207676","chr14","34007472","34007737","8","23800061"
"chr14","10261225","10261524","chr14","33958818","33959116","6","23697593"
"chr14","10282072","10282222","chr9","67861377","67861524","25","57579305"
"chr14","10318612","10318904","chr14","33899307","33899599","8","23580695"
"chr14","10513777","10514043","chr14","33691211","33691477","4","23177434"
"chr14","10644960","10645246","chr14","33565936","33566225","5","22920976"
"chr14","10663204","10663487","chr14","33548283","33548590","31","22885079"
"chr14","10890498","10890803","chr14","33314247","33314552","4","22423749"
"chr14","11056719","11057010","chr14","33152653","33152948","9","22095934"
"chr14","11409223","11409514","chr14","32821391","32821683","12","21412168"
"chr14","13352134","13352428","chr14","30894806","30895099","4","17542672"
"chr14","13621418","13621558","chr20","47076999","47077141","17","33455581"
"chr14","13699726","13700026","chr14","30562156","30562457","8","16862430"
"chr14","13801824","13802132","chr14","30461246","30461555","12","16659422"
"chr14","13846208","13846390","chr4","31641413","31641588","27","17795205"
"chr14","13855339","13855489","chr20","34240595","34240744","14","20385256"
"chr14","13921407","13921706","chr10","5714892","5715189","32","8206515"
"chr14","13986711","13987019","chr14","30279256","30279556","14","16292545"
"chr14","14070614","14070918","chr14","30188426","30188728","7","16117812"
"chr14","14092848","14093150","chr14","30166424","30166741","25","16073576"
"chr14","14115095","14115399","chr14","30144729","30145032","7","16029634"
"chr14","14164621","14164915","chr14","30095235","30095528","5","15930614"
"chr14","14234216","14234513","chr14","30025157","30025453","7","15790941"
"chr14","14281600","14281877","chr14","29976717","29976993","4","15695117"
"chr14","14434563","14434785","chr14","29826014","29826236","2","15391451"
"chr14","15073708","15074015","chr14","29133630","29133936","10","14059922"
"chr14","15684162","15684398","chr14","28519717","28519957","13","12835555"
"chr14","15788403","15788686","chr14","28411229","28411520","25","12622826"
"chr14","16362645","16362771","chr14","57209322","57209451","15","40846677"
"chr14","17063358","17063647","chr14","27134811","27135098","8","10071453"
"chr14","18194141","18194409","chr14","26009909","26010183","11","7815768"
"chr14","19122481","19122774","chr14","25117768","25118060","8","5995287"
"chr14","20498124","20498433","chr14","23791266","23791574","10","3293142"
"chr14","20559691","20559990","chr14","23730306","23730609","12","3170615"
"chr14","21159001","21159206","chr19","13044517","13044723","43","8114484"
"chr14","21168941","21169072","chr14","23113301","23113421","11","1944360"
"chr14","21169388","21169547","chr20","35955308","35955469","25","14785920"
"chr14","21772726","21773033","chr5","127596233","127596540","36","105823507"
"chr14","21909658","21909967","chr14","22379184","22379493","11","469526"
"chr14","21911943","21912248","chr14","22377051","22377338","27","465108"
"chr14","22024322","22024630","chr14","22263775","22264083","12","239453"
"chr14","22044318","22044628","chr12","16582275","16582581","38","5462043"
"chr14","22238008","22238316","chr11","117383282","117383589","38","95145274"
"chr14","22389412","22389697","chr14","21902212","21902496","2","487200"
"chr14","22460882","22461123","chr2A","40366204","40366435","39","17905322"
"chr14","22515356","22515652","chr4","42414063","42414362","32","19898707"
"chr14","22619059","22619372","chr14","21673909","21674222","3","945150"
"chr14","22647882","22648191","chr14","21645380","21645689","5","1002502"
"chr14","23346584","23346888","chr14","20939351","20939655","8","2407233"
"chr14","23737875","23738182","chr2B","140247747","140248048","33","116509872"
"chr14","23833085","23833389","chr2B","128138952","128139262","33","104305867"
"chr14","23907346","23907639","chr14","20361577","20361851","23","3545769"
"chr14","23921219","23921292","chr14","20347993","20348066","1","3573226"
"chr14","23921509","23921802","chr1","183563458","183563755","37","159641949"
"chr14","24144247","24144525","chr14","20139148","20139408","25","4005099"
"chr14","24146332","24146497","chr14","20137182","20137347","2","4009150"
"chr14","24161208","24161510","chr14","20122579","20122854","30","4038629"
"chr14","24399040","24399334","chr14","19890346","19890639","8","4508694"
"chr14","24590863","24591047","chr14","19714863","19715053","10","4876000"
"chr14","24942954","24943249","chr14","19379495","19379789","9","5563459"
"chr14","29726389","29726669","chr14","45393302","45393591","15","15666913"
"chr14","32123320","32123626","chr13","34813617","34813921","32","2690297"
"chr14","32200512","32200821","chr14","47793968","47794277","7","15593456"
"chr14","32658628","32658924","chr14","48220989","48221284","8","15562361"
"chr14","32891926","32892232","chr14","48478541","48478842","9","15586615"
"chr14","32934309","32934614","chr14","48520638","48520941","10","15586329"
"chr14","32945303","32945477","chr4","159746499","159746673","29","126801196"
"chr14","33053466","33053769","chr14","48638382","48638683","8","15584916"
"chr14","33131046","33131355","chr14","48715422","48715731","10","15584376"
"chr14","33202526","33202831","chr14","48785301","48785606","5","15582775"
"chr14","33297144","33297442","chr14","48878040","48878346","24","15580896"
"chr14","33349339","33349657","chr14","48930015","48930316","23","15580676"
"chr14","33357247","33357538","chr14","48937935","48938225","12","15580688"
"chr14","33495479","33495701","chr6","103064778","103065000","3","69569299"
"chr14","33526730","33527035","chr8","126195358","126195665","36","92668628"
"chr14","33602821","33603109","chr14","49179308","49179596","1","15576487"
"chr14","33814972","33815271","chr14","49387130","49387429","4","15572158"
"chr14","34027733","34028031","chr18","58824757","58825051","38","24797024"
"chr14","34110827","34111049","chr14","49684821","49685043","1","15573994"
"chr14","34278359","34278667","chr14","49848063","49848373","9","15569704"
"chr14","34351206","34351517","chr14","49923767","49924078","3","15572561"
"chr14","34373430","34373720","chr6","34955979","34956272","38","582549"
"chr14","34383251","34383541","chr6","34955979","34956272","33","572728"
"chr14","34431397","34431693","chr14","49995207","49995498","15","15563810"
"chr14","35111356","35111657","chr14","50670858","50671158","3","15559502"
"chr14","35155195","35155501","chr14","50708723","50709027","13","15553528"
"chr14","35161003","35161301","chr14","50714552","50714846","9","15553549"
"chr14","35187635","35187941","chr5","20779550","20779859","42","14408085"
"chr14","35359598","35359914","chr14","51041460","51041773","7","15681862"
"chr14","35722444","35722749","chr14","51402503","51402802","13","15680059"
"chr14","35765394","35765698","chr14","51445057","51445346","20","15679663"
"chr14","35778442","35778743","chr6","86877433","86877727","42","51098991"
"chr14","36001930","36002229","chr14","51684801","51685095","13","15682871"
"chr14","36008845","36009111","chr14","51691841","51692098","15","15682996"
"chr14","36162762","36163018","chr14","51825108","51825364","11","15662346"
"chr14","37447394","37447702","chr14","53085097","53085410","8","15637703"
"chr14","38168078","38168355","chr17","19852319","19852597","32","18315759"
"chr14","38176194","38176496","chr3","37596334","37596638","42","579860"
"chr14","38199304","38199593","chr14","53811739","53812028","9","15612435"
"chr14","38408092","38408288","chr22","16222731","16222943","45","22185361"
"chr14","38474570","38474879","chr1","40238316","40238625","33","1763746"
"chr14","38560709","38561004","chr14","54160862","54161157","8","15600153"
"chr14","38616640","38616943","chr14","54217111","54217409","13","15600471"
"chr14","38639949","38640119","chr14","54240077","54240247","2","15600128"
"chr14","38833648","38833930","chr14","54421432","54421688","33","15587784"
"chr14","39354929","39355143","chr14","54907436","54907668","24","15552507"
"chr14","39861720","39862028","chr14","55407951","55408266","14","15546231"
"chr14","40235752","40235915","chr5","20677840","20678006","25","19557912"
"chr14","40236218","40236351","chr17","50036355","50036488","12","9800137"
"chr14","40347667","40347924","chr14","55923497","55923754","8","15575830"
"chr14","41526440","41526727","chr14","57134699","57134990","8","15608259"
"chr14","41535260","41535555","chr14","57143490","57143778","9","15608230"
"chr14","41543683","41543983","chr14","57151744","57152044","6","15608061"
"chr14","41747700","41747998","chr1","12278529","12278825","42","29469171"
"chr14","41756739","41757038","chr14","57365521","57365823","9","15608782"
"chr14","42822571","42822680","chr18","7409755","7409870","17","35412816"
"chr14","42927344","42927484","chr14","58521219","58521366","7","15593875"
"chr14","43216441","43216722","chr11","110824316","110824600","27","67607875"
"chr14","43216776","43216800","chr5","169684011","169684033","6","126467235"
"chr14","43368003","43368189","chr14","58934458","58934644","5","15566455"
"chr14","44112492","44112701","chr1","9512840","9513038","39","34599652"
"chr14","44599759","44600057","chr14","60147574","60147877","15","15547815"
"chr14","45112009","45112303","chr14","60645414","60645709","12","15533405"
"chr14","45339029","45339320","chr14","60871038","60871332","14","15532009"
"chr14","46252697","46252988","chr14","61757198","61757488","11","15504501"
"chr14","46273585","46273734","chr14","61778077","61778226","4","15504492"
"chr14","46361710","46361999","chr14","61867601","61867894","10","15505891"
"chr14","46656512","46656847","chr14","62149595","62149915","43","15493083"
"chr14","46734514","46734824","chr14","62225362","62225667","17","15490848"
"chr14","46811954","46812243","chr14","62316215","62316503","5","15504261"
"chr14","46892129","46892423","chr14","62393394","62393688","7","15501265"
"chr14","46919434","46919596","chr1","153206556","153206707","31","106287122"
"chr14","46919622","46919747","chr15","41169982","41170108","14","5749640"
"chr14","46945749","46946013","chr5","139522636","139522905","45","92576887"
"chr14","47117306","47117614","chr14","62621366","62621651","30","15504060"
"chr14","47153717","47154005","chr5","176866321","176866603","30","129712604"
"chr14","47154038","47154050","chr8","64091762","64091773","3","16937724"
"chr14","47226234","47226529","chr14","62723295","62723589","13","15497061"
"chr14","47290393","47290695","chr3","37596334","37596638","33","9694059"
"chr14","47402474","47402783","chr14","62895289","62895583","22","15492815"
"chr14","47724822","47725058","chr7","56981829","56982058","50","9257007"
"chr14","47831891","47832190","chr14","63315615","63315913","4","15483724"
"chr14","47839286","47839573","chr14","63322951","63323253","21","15483665"
"chr14","47992701","47993006","chr14","63472392","63472689","16","15479691"
"chr14","48019630","48019930","chr14","63499240","63499529","23","15479610"
"chr14","48419504","48419806","chr14","64492468","64492772","12","16072964"
"chr14","48506606","48506913","chr14","64575491","64575796","10","16068885"
"chr14","48533640","48533943","chr14","64599217","64599519","7","16065577"
"chr14","48690783","48691083","chr14","64751436","64751742","9","16060653"
"chr14","48712277","48712557","chr14","64773059","64773339","7","16060782"
"chr14","48713636","48713844","chr14","64774419","64774624","6","16060783"
"chr14","48772036","48772335","chr14","64830554","64830852","8","16058518"
"chr14","48791580","48791877","chr14","64851465","64851758","10","16059885"
"chr14","48817969","48818252","chr6","84575788","84576068","59","35757819"
"chr14","49097762","49098069","chr19","18769908","18770211","33","30327854"
"chr14","50162553","50162837","chr14","66188527","66188811","7","16025974"
"chr14","50659707","50660005","chr14","66679908","66680216","14","16020201"
"chr14","50662950","50663138","chr15","37766653","37766837","32","12896297"
"chr14","50839880","50840165","chr14","66850204","66850489","8","16010324"
"chr14","51348832","51349122","chr14","67368596","67368887","5","16019764"
"chr14","51361396","51361697","chr14","67381167","67381462","13","16019771"
"chr14","51577247","51577544","chr14","67590806","67591101","7","16013559"
"chr14","52337035","52337326","chr14","68330399","68330690","15","15993364"
"chr14","52422705","52423010","chr14","68414760","68415064","33","15992055"
"chr14","52507448","52507753","chr14","68496713","68497020","22","15989265"
"chr14","53118364","53118671","chr14","69044849","69045148","13","15926485"
"chr14","53141137","53141440","chr9","94541522","94541824","36","41400385"
"chr14","53381499","53381798","chr14","92616788","92617080","48","39235289"
"chr14","53875151","53875455","chr14","69775477","69775772","19","15900326"
"chr14","53882628","53882843","chr14","69782883","69783099","8","15900255"
"chr14","53915112","53915391","chr1","133611395","133611676","39","79696283"
"chr14","53942602","53942896","chr14","69842944","69843238","14","15900342"
"chr14","54195877","54196062","chr14","70032372","70032557","4","15836495"
"chr14","54196063","54196109","chr14","70032558","70032604","0","15836495"
"chr14","54507033","54507314","chr14","70337310","70337593","7","15830277"
"chr14","54826300","54826596","chr14","70634316","70634612","9","15808016"
"chr14","54911105","54911397","chr14","70716298","70716590","9","15805193"
"chr14","54913752","54914063","chr14","70718945","70719242","24","15805193"
"chr14","55110940","55111239","chr14","70910329","70910618","15","15799389"
"chr14","55201166","55201270","chr14","71000483","71000587","5","15799317"
"chr14","56561903","56562174","chr14","72378837","72379107","6","15816934"
"chr14","56671711","56671888","chr5","83764050","83764227","31","27092339"
"chr14","56712869","56713183","chr14","72523564","72523874","17","15810695"
"chr14","56773694","56774006","chr1","217267678","217267988","32","160493984"
"chr14","56777966","56778273","chrX","55005677","55005982","30","1772289"
"chr14","56818039","56818331","chr14","72624539","72624831","11","15806500"
"chr14","56902929","56903103","chr1","45539327","45539499","21","11363602"
"chr14","56922905","56923205","chr14","72731096","72731394","7","15808191"
"chr14","57036986","57037264","chr14","72845937","72846215","8","15808951"
"chr14","57312574","57312877","chr14","73096503","73096806","7","15783929"
"chr14","57333064","57333359","chr14","73115384","73115673","8","15782320"
"chr14","57402900","57403204","chr14","73185976","73186275","10","15783076"
"chr14","57490368","57490649","chr14","73274565","73274844","9","15784197"
"chr14","57503100","57503387","chr14","73287423","73287707","13","15784323"
"chr14","57618268","57618572","chr14","73399736","73400025","23","15781468"
"chr14","57918968","57919253","chr13","31558344","31558628","31","26360624"
"chr14","57962321","57962388","chr19","44195068","44195136","13","13767253"
"chr14","58000322","58000596","chr16","86665786","86666060","39","28665464"
"chr14","58005381","58005520","chr14","73768913","73769043","13","15763532"
"chr14","58203185","58203460","chr14","73964764","73965035","10","15761579"
"chr14","58316170","58316466","chr14","74076805","74077095","12","15760635"
"chr14","58420583","58420877","chr14","74183840","74184133","6","15763257"
"chr14","58483599","58483902","chr14","74246399","74246708","10","15762800"
"chr14","58653214","58653524","chr14","74415364","74415666","17","15762150"
"chr14","58724986","58725293","chr14","74482201","74482506","6","15757215"
"chr14","58735069","58735370","chr14","74491810","74492110","7","15756741"
"chr14","58738922","58739214","chrX","31294941","31295233","33","27443981"
"chr14","58830047","58830353","chr3","186887406","186887713","36","128057359"
"chr14","58834472","58834750","chr14","74590099","74590365","26","15755627"
"chr14","58839737","58840051","chr14","74594860","74595170","18","15755123"
"chr14","59127097","59127380","chr14","74880349","74880638","16","15753252"
"chr14","59290929","59291233","chr14","75037773","75038076","10","15746844"
"chr14","59508116","59508435","chr14","75253866","75254166","26","15745750"
"chr14","59521361","59521657","chr14","75267086","75267396","19","15745725"
"chr14","60154009","60154317","chr14","76269498","76269806","7","16115489"
"chr14","60166791","60167067","chr14","76282462","76282741","10","16115671"
"chr14","60386656","60386957","chr14","76503491","76503796","16","16116835"
"chr14","60674401","60674704","chr14","76774794","76775089","13","16100393"
"chr14","60816328","60816615","chr14","76915964","76916251","6","16099636"
"chr14","61007225","61007369","chr15","37998574","37998719","15","23008651"
"chr14","61022854","61023162","chr14","77123168","77123476","4","16100314"
"chr14","61292920","61293131","chr14","77387998","77388207","3","16095078"
"chr14","61327740","61327980","chr3","33361223","33361463","29","27966517"
"chr14","61469084","61469371","chr7","133067917","133068200","43","71598833"
"chr14","61472336","61472623","chr7","133067917","133068200","43","71595581"
"chr14","61482269","61482479","chr22","20188497","20188709","24","41293772"
"chr14","61499042","61499347","chr14","77593599","77593900","10","16094557"
"chr14","61518388","61518684","chr14","77612548","77612842","7","16094160"
"chr14","61519262","61519568","chr14","77613420","77613725","9","16094158"
"chr14","61679624","61679920","chr14","77759643","77759941","6","16080019"
"chr14","62490047","62490360","chr1","110224228","110224530","50","47734181"
"chr14","64147154","64147437","chr14","80183237","80183522","4","16036083"
"chr14","64459991","64460292","chr14","80496625","80496924","6","16036634"
"chr14","65472482","65472773","chr14","81448378","81448672","9","15975896"
"chr14","65531143","65531437","chr14","81503467","81503759","11","15972324"
"chr14","65731111","65731408","chr14","81699741","81700040","12","15968630"
"chr14","66580795","66581068","chr14","82546321","82546592","6","15965526"
"chr14","67162023","67162320","chr14","83128304","83128602","20","15966281"
"chr14","67319233","67319530","chr14","83281117","83281420","14","15961884"
"chr14","68802023","68802285","chr14","84958648","84958910","5","16156625"
"chr14","69117674","69117970","chr14","85254016","85254312","8","16136342"
"chr14","69384106","69384421","chr14","85517979","85518272","31","16133873"
"chr14","70397109","70397402","chr14","86550353","86550650","15","16153244"
"chr14","70901204","70901510","chr14","87037509","87037815","10","16136305"
"chr14","71288872","71289174","chr14","87432937","87433243","13","16144065"
"chr14","71490420","71490707","chr14","87629159","87629445","8","16138739"
"chr14","71615841","71616142","chr14","87754898","87755196","8","16139057"
"chr14","71955885","71956193","chr14","88088021","88088330","11","16132136"
"chr14","72092892","72092975","chr14","88223014","88223097","0","16130122"
"chr14","72093103","72093410","chr14","88223225","88223527","10","16130122"
"chr14","72259605","72259904","chr12","134061524","134061821","28","61801919"
"chr14","72272167","72272476","chr14","88411012","88411319","11","16138845"
"chr14","72389684","72389820","chr5","46459650","46459783","11","25930034"
"chr14","72390119","72390282","chr3","10408327","10408500","23","61981792"
"chr14","72406058","72406356","chr14","88551858","88552156","5","16145800"
"chr14","72455883","72456181","chr14","88600656","88600954","11","16144773"
"chr14","72763683","72763978","chr14","88908385","88908677","26","16144702"
"chr14","72769614","72769909","chr14","88908385","88908677","25","16138771"
"chr14","73234659","73234953","chr7","139422463","139422759","37","66187804"
"chr14","73274988","73275297","chr14","89408145","89408451","13","16133157"
"chr14","73857102","73857408","chr14","89973149","89973451","14","16116047"
"chr14","73923868","73924161","chr14","90037003","90037296","4","16113135"
"chr14","73930825","73931109","chr14","90043957","90044239","7","16113132"
"chr14","74006018","74006322","chr14","90118736","90119041","16","16112718"
"chr14","74123958","74124251","chr14","90234422","90234723","11","16110464"
"chr14","74145310","74145595","chr14","90255864","90256158","19","16110554"
"chr14","74310154","74310277","chr1","40762626","40762724","54","33547528"
"chr14","74327494","74327793","chrX","96767512","96767810","30","22440018"
"chr14","74760052","74760361","chr14","90833236","90833536","14","16073184"
"chr14","74893592","74893881","chr14","90961791","90962078","6","16068199"
"chr14","75014223","75014523","chr14","91088130","91088430","5","16073907"
"chr14","75023789","75024096","chr1","93473812","93474110","37","18450023"
"chr14","75051386","75051681","chr14","91124547","91124848","12","16073161"
"chr14","75889069","75889375","chr14","91896485","91896780","17","16007416"
"chr14","76007025","76007320","chrX","96767512","96767810","30","20760487"
"chr14","76163622","76163919","chr14","92158166","92158466","7","15994544"
"chr14","76408430","76408726","chr14","92396048","92396338","8","15987618"
"chr14","76635914","76636205","chr14","92616788","92617080","8","15980874"
"chr14","76648092","76648259","chr14","92628869","92629047","19","15980777"
"chr14","77133512","77133850","chr14","93110382","93110686","38","15976870"
"chr14","77202014","77202316","chr14","93175098","93175400","8","15973084"
"chr14","77296403","77296697","chr14","93271343","93271637","5","15974940"
"chr14","77619042","77619344","chr14","93582859","93583168","11","15963817"
"chr14","78666217","78666522","chr14","94567195","94567501","11","15900978"
"chr14","79320909","79321033","chr7","56781207","56781336","14","22539702"
"chr14","79346948","79347245","chr14","95218157","95218455","9","15871209"
"chr14","79490797","79491109","chr14","95352044","95352353","17","15861247"
"chr14","79702775","79703070","chr14","95561746","95562038","11","15858971"
"chr14","79909160","79909438","chr14","95764906","95765184","4","15855746"
"chr14","79951204","79951511","chr14","95808197","95808489","20","15856993"
"chr14","80210606","80210901","chr14","96066690","96066982","15","15856084"
"chr14","80461181","80461483","chr14","96327234","96327540","11","15866053"
"chr14","80479408","80479710","chr14","96327234","96327540","11","15847826"
"chr14","81240819","81241107","chr14","97043685","97043968","11","15802866"
"chr14","81427336","81427644","chr14","97229147","97229453","22","15801811"
"chr14","81498558","81498863","chr14","97301446","97301723","34","15802888"
"chr14","81979507","81979818","chr14","97782772","97783083","14","15803265"
"chr14","82381959","82382249","chr14","98256902","98257205","18","15874943"
"chr14","82672734","82673002","chr14","98548199","98548465","7","15875465"
"chr14","82691092","82691398","chr14","98566522","98566831","6","15875430"
"chr14","83627114","83627422","chr1","198074981","198075290","35","114447867"
"chr14","84203711","84204018","chr3","37596334","37596638","35","46607377"
"chr14","84218202","84218386","chr14","100138213","100138396","10","15920011"
"chr14","84223179","84223481","chr14","100141331","100141628","16","15918152"
"chr14","84342857","84343153","chr14","100263185","100263480","8","15920328"
"chr14","84365261","84365574","chr3","37596334","37596638","37","46768927"
"chr14","85880453","85880769","chr14","102294133","102294439","18","16413680"
"chr14","85901290","85901438","chr14","102314903","102315049","4","16413613"
"chr14","86055397","86055548","chr14","102459847","102459998","4","16404450"
"chr14","86132783","86133091","chr9","100529816","100530123","23","14397033"
"chr14","86171269","86171444","chr4","31641413","31641588","43","54529856"
"chr14","86182649","86182947","chr14","102587018","102587316","6","16404369"
"chr14","86297158","86297446","chr14","102710457","102710744","6","16413299"
"chr14","86320388","86320661","chr4","113483972","113484240","42","27163584"
"chr14","86396066","86396366","chr14","102811695","102811996","6","16415629"
"chr14","86404743","86405043","chr14","102811695","102811996","6","16406952"
"chr14","86561733","86561862","chr12","3458924","3459054","17","83102809"
"chr14","86585056","86585360","chr14","102981119","102981406","20","16396063"
"chr14","86588227","86588385","chr20","35955308","35955469","23","50632919"
"chr14","86653246","86653547","chr14","103051330","103051622","14","16398084"
"chr14","86858548","86858856","chr14","103254083","103254390","6","16395535"
"chr14","87106697","87106989","chr6","136619343","136619636","37","49512646"
"chr14","87139026","87139331","chr14","103536656","103536958","7","16397630"
"chr14","87241570","87241853","chr14","103630391","103630673","7","16388821"
"chr14","87242269","87242576","chr14","103631086","103631393","14","16388817"
"chr14","87355456","87355761","chr3","172628207","172628508","39","85272751"
"chr14","87375089","87375402","chr14","103762665","103762974","8","16387576"
"chr14","87399437","87399666","chr1","60357620","60357855","40","27041817"
"chr14","87625101","87625222","chr18","24994623","24994736","25","62630478"
"chr14","87631071","87631372","chr14","104031839","104032135","7","16400768"
"chr14","87668780","87669083","chr14","104073740","104074035","19","16404960"
"chr14","87783821","87784121","chr14","104187925","104188221","16","16404104"
"chr14","87790219","87790518","chr14","104194371","104194669","4","16404152"
"chr14","87810165","87810460","chr14","104213667","104213956","25","16403502"
"chr14","87857768","87858052","chr2B","202046280","202046542","57","114188512"
"chr14","87899211","87899496","chr17","36980706","36980995","48","50918505"
"chr14","87999231","87999463","chr3","51131186","51131416","25","36868045"
"chr14","88993094","88993396","chr14","105276138","105276434","22","16283044"
"chr14","89102776","89103067","chr14","105392892","105393181","12","16290116"
"chr14","89146107","89146395","chr14","105436400","105436683","10","16290293"
"chr14","89170138","89170446","chr14","105460288","105460597","2","16290150"
"chr14","89409618","89409923","chr14","105711267","105711572","4","16301649"
"chr14","90391386","90391683","chr14","107081869","107082169","5","16690483"
"chr14","90545902","90546019","chr14","107207158","107207275","6","16661256"
"chr15","272492","272801","chr19","6571120","6571429","40","6298628"
"chr15","307853","308145","chr6","123323322","123323616","32","123015469"
"chr15","309468","309785","chr19","38678713","38679022","23","38369245"
"chr15","1114781","1115088","chr2A","17974366","17974673","39","16859585"
"chr15","1425461","1425582","chr4","162877867","162877985","16","161452406"
"chr15","1634355","1634651","chr1","124727911","124728206","40","123093556"
"chr15","1717464","1717651","chr15","20423532","20423718","9","18706068"
"chr15","1717950","1718080","chr15","20424016","20424146","5","18706066"
"chr15","1817105","1817411","chr15","20521686","20521965","31","18704581"
"chr15","1827323","1827457","chr1","101148863","101149003","43","99321540"
"chr15","2027645","2027962","chr11","117220929","117221224","50","115193284"
"chr15","2346611","2346901","chr15","21106324","21106618","4","18759713"
"chr15","2550835","2551140","chr15","21300359","21300660","24","18749524"
"chr15","2552890","2553151","chr6","33684312","33684578","32","31131422"
"chr15","2694960","2695269","chr5","82824822","82825129","28","80129862"
"chr15","2842893","2843199","chr8","48592073","48592378","41","45749180"
"chr15","3003363","3003672","chrX","151188898","151189207","36","148185535"
"chr15","3230932","3231218","chr15","22204483","22204769","12","18973551"
"chr15","3283613","3283729","chr15","22254772","22254889","2","18971159"
"chr15","3336098","3336395","chr10","5714892","5715189","34","2378794"
"chr15","3382505","3382810","chr15","22340085","22340390","9","18957580"
"chr15","3430390","3430684","chr15","22387424","22387716","7","18957034"
"chr15","3483189","3483493","chr2B","163319475","163319783","38","159836286"
"chr15","3799244","3799552","chr15","22757252","22757558","5","18958008"
"chr15","4360165","4360357","chr15","23322908","23323094","9","18962743"
"chr15","4885822","4886115","chr14","38230318","38230612","26","33344496"
"chr15","4904028","4904332","chr15","23888846","23889147","14","18984818"
"chr15","5440359","5440628","chr15","24426400","24426667","10","18986041"
"chr15","5725924","5726213","chr15","24710332","24710623","6","18984408"
"chr15","5778067","5778396","chr15","24758577","24758906","7","18980510"
"chr15","6737622","6737811","chr17","21325666","21325840","46","14588044"
"chr15","7034401","7034705","chr7","41539253","41539559","36","34504852"
"chr15","7208239","7208548","chrX","151188898","151189207","31","143980659"
"chr15","7859968","7860231","chr10","82243164","82243429","35","74383196"
"chr15","7946695","7946991","chr15","26476129","26476416","12","18529434"
"chr15","8435191","8435495","chr15","29746606","29746910","2","21311415"
"chr15","8499033","8499095","chr9","37871966","37872033","16","29372933"
"chr15","8499529","8499744","chr20","44839149","44839368","30","36339620"
"chr15","8880380","8880682","chr15","28474388","28474690","13","19594008"
"chr15","9087748","9088055","chr15","28680143","28680448","13","19592395"
"chr15","9191295","9191622","chr15","28789518","28789842","11","19598223"
"chr15","9219619","9219909","chr15","28817826","28818115","13","19598207"
"chr15","9995104","9995411","chr15","29579672","29579962","21","19584568"
"chr15","10246774","10247028","chr21","37302692","37302945","34","27055918"
"chr15","10503449","10503768","chr15","29973186","29973490","25","19469737"
"chr15","10618286","10618597","chr15","30093824","30094128","11","19475538"
"chr15","11070786","11071087","chr15","30545807","30546101","16","19475021"
"chr15","11534952","11535242","chr15","31014493","31014783","3","19479541"
"chr15","11855681","11855977","chr15","31323156","31323457","9","19467475"
"chr15","11974385","11974678","chr15","31438742","31439034","13","19464357"
"chr15","11992695","11992982","chr15","31456818","31457104","7","19464123"
"chr15","12076853","12077159","chr15","31538002","31538307","3","19461149"
"chr15","12104815","12105112","chr10","18541064","18541361","32","6436249"
"chr15","12216778","12216981","chr15","31674070","31674273","4","19457292"
"chr15","12229877","12230163","chr5","59685699","59685991","32","47455822"
"chr15","12868612","12868737","chr1","157768618","157768730","31","144900006"
"chr15","13253264","13253550","chr15","32603862","32604133","22","19350598"
"chr15","13289118","13289406","chr15","32639867","32640158","6","19350749"
"chr15","13803095","13803399","chr15","33154555","33154859","14","19351460"
"chr15","14011937","14012228","chr15","33315719","33316014","12","19303782"
"chr15","14409089","14409390","chr6","20960668","20960969","36","6551579"
"chr15","14431514","14431830","chr15","33753057","33753366","20","19321543"
"chr15","15349408","15349703","chr15","34629479","34629772","3","19280071"
"chr15","15359050","15359338","chr15","34639123","34639423","17","19280073"
"chr15","15489061","15489331","chr15","34768823","34769084","18","19279762"
"chr15","15661580","15661888","chr15","34942147","34942455","7","19280567"
"chr15","16007410","16007713","chr15","35222145","35222445","12","19214735"
"chr15","16137002","16137309","chr15","35351930","35352242","11","19214928"
"chr15","16574441","16574751","chr15","35792101","35792406","14","19217660"
"chr15","16808901","16809091","chr15","36022327","36022526","12","19213426"
"chr15","17587468","17587778","chr15","36806088","36806398","6","19218620"
"chr15","18116863","18117149","chr15","37313304","37313591","10","19196441"
"chr15","18440488","18440796","chr15","37664988","37665289","15","19224500"
"chr15","18473767","18473887","chr9","34624049","34624171","14","16150282"
"chr15","18476708","18477012","chr15","37703426","37703715","30","19226718"
"chr15","18514686","18514965","chr15","37741972","37742253","8","19227286"
"chr15","18539305","18539476","chr15","37766653","37766837","15","19227348"
"chr15","18600184","18600462","chr3","54255132","54255413","29","35654948"
"chr15","18628708","18628980","chr3","134088695","134088972","33","115459987"
"chr15","18681276","18681570","chr3","15828123","15828417","36","2853153"
"chr15","18681594","18681911","chr7","79700136","79700450","47","61018542"
"chr15","18685013","18685188","chr20","49223595","49223773","34","30538582"
"chr15","18861973","18862135","chr15","38079171","38079340","10","19217198"
"chr15","18931331","18931631","chr15","38143625","38143916","19","19212294"
"chr15","19110333","19110628","chr15","38320293","38320588","14","19209960"
"chr15","19130746","19131042","chr15","38341072","38341366","7","19210326"
"chr15","19146921","19147215","chr15","38356976","38357263","14","19210055"
"chr15","19252372","19252671","chr15","38461269","38461569","11","19208897"
"chr15","19311488","19311788","chr15","38510951","38511248","8","19199463"
"chr15","19323011","19323304","chr15","38525694","38525986","8","19202683"
"chr15","19356756","19357050","chr15","38557595","38557897","28","19200839"
"chr15","19496445","19496751","chr15","38691605","38691900","17","19195160"
"chr15","19607539","19607923","chr14","44170005","44170377","99","24562466"
"chr15","19699536","19699810","chr15","38894440","38894720","13","19194904"
"chr15","19979492","19979628","chr8","70708421","70708556","18","50728929"
"chr15","20504146","20504326","chr15","39418535","39418717","7","18914389"
"chr15","20597732","20598035","chr15","39512809","39513104","8","18915077"
"chr15","20700564","20700739","chr19","7915244","7915422","35","12785320"
"chr15","20701039","20701172","chr5","46459650","46459783","17","25758611"
"chr15","20728987","20729295","chr10","125238196","125238503","37","104509209"
"chr15","20828320","20828451","chr15","39741091","39741227","11","18912771"
"chr15","21023623","21023925","chr15","39956375","39956675","8","18932752"
"chr15","21093984","21094278","chr15","40028637","40028928","6","18934653"
"chr15","21194099","21194395","chr15","40146547","40146861","24","18952448"
"chr15","21294897","21295195","chr15","40258097","40258392","7","18963200"
"chr15","21670300","21670593","chr15","40624163","40624451","14","18953863"
"chr15","21874097","21874323","chr7","136128841","136129061","28","114254744"
"chr15","22129592","22129874","chr15","41021472","41021754","9","18891880"
"chr15","22274077","22274203","chr15","41169982","41170108","2","18895905"
"chr15","22296887","22297180","chrX","96767512","96767810","33","74470625"
"chr15","22375105","22375408","chr15","41266932","41267227","17","18891827"
"chr15","22613865","22614150","chr3","192003826","192004114","37","169389961"
"chr15","22768282","22768588","chr7","117493231","117493533","35","94724949"
"chr15","23647443","23647734","chr3","127070570","127070864","42","103423127"
"chr15","23661938","23662237","chr1","136240027","136240322","34","112578089"
"chr15","23670336","23670625","chr22","39881744","39882025","31","16211408"
"chr15","23717911","23718217","chr15","42826381","42826688","7","19108470"
"chr15","24574058","24574340","chr15","43671544","43671827","6","19097486"
"chr15","24671904","24672198","chr15","43772133","43772433","17","19100229"
"chr15","24674299","24674612","chr15","43774529","43774842","8","19100230"
"chr15","24855543","24855834","chr15","43951175","43951473","14","19095632"
"chr15","25683104","25683385","chr15","44766780","44767062","5","19083676"
"chr15","26846599","26846908","chr15","45889563","45889869","11","19042964"
"chr15","26946362","26946668","chr15","45989516","45989813","16","19043154"
"chr15","27458957","27459260","chr15","46505553","46505850","14","19046596"
"chr15","27777052","27777353","chr15","46844480","46844776","11","19067428"
"chr15","28270698","28271004","chr15","47340425","47340731","13","19069727"
"chr15","28349496","28349709","chr15","47424976","47425186","4","19075480"
"chr15","28485566","28485873","chr15","47561864","47562162","17","19076298"
"chr15","28497271","28497574","chr12","33770579","33770887","30","5273308"
"chr15","28502246","28502548","chr15","47576367","47576668","10","19074121"
"chr15","28642046","28642348","chr3","117122381","117122682","38","88480335"
"chr15","28799972","28800275","chr15","47893927","47894230","2","19093955"
"chr15","28889611","28889907","chr1","153471690","153471986","33","124582079"
"chr15","28959393","28959700","chr15","48052227","48052545","27","19092834"
"chr15","28983339","28983615","chr15","48086731","48087011","10","19103392"
"chr15","29112718","29113012","chr15","48212742","48213038","5","19100024"
"chr15","29151703","29152000","chr15","48252523","48252825","12","19100820"
"chr15","30010057","30010358","chr15","49052290","49052590","16","19042233"
"chr15","30031653","30031959","chr22","35302996","35303304","44","5271343"
"chr15","30229397","30229693","chr15","49269417","49269703","18","19040020"
"chr15","30241588","30241880","chr15","49281526","49281822","10","19039938"
"chr15","30260838","30261131","chr15","49305093","49305388","15","19044255"
"chr15","30269220","30269540","chr15","49313464","49313774","16","19044244"
"chr15","30434843","30435147","chr15","49465972","49466268","17","19031129"
"chr15","30770971","30771266","chr15","49787650","49787943","9","19016679"
"chr15","30815778","30816074","chr15","49831993","49832290","3","19016215"
"chr15","30861444","30861748","chr15","49879712","49880016","8","19018268"
"chr15","32090651","32090945","chr15","51106432","51106723","8","19015781"
"chr15","32992038","32992203","chr15","52016813","52016972","8","19024775"
"chr15","33216139","33216447","chr2A","57811745","57812051","39","24595606"
"chr15","33534521","33534833","chr15","52518274","52518615","30","18983753"
"chr15","33632716","33633020","chr2B","164365686","164365992","35","130732970"
"chr15","33804998","33805290","chr15","52768051","52768342","10","18963053"
"chr15","33813825","33814144","chr15","52776147","52776453","18","18962322"
"chr15","33975576","33975870","chr15","52925585","52925867","13","18950009"
"chr15","33988685","33988983","chr15","52938633","52938934","15","18949948"
"chr15","34120156","34120437","chr15","53072914","53073199","9","18952758"
"chr15","34607513","34607540","chr5","169684011","169684033","7","135076498"
"chr15","34607568","34607846","chr15","53556989","53557267","8","18949421"
"chr15","34806900","34807198","chr15","53748581","53748872","15","18941681"
"chr15","35195981","35196291","chr15","54116307","54116616","5","18920326"
"chr15","35332459","35332753","chr15","54252806","54253103","10","18920347"
"chr15","35534951","35535249","chr3","37596334","37596638","34","2061383"
"chr15","36536737","36537046","chr5","35043534","35043843","36","1493203"
"chr15","36605743","36606013","chr15","55497804","55498070","15","18892061"
"chr15","37916477","37916771","chr15","56759183","56759474","6","18842706"
"chr15","37929638","37929935","chr15","56772389","56772689","13","18842751"
"chr15","38057640","38057928","chr15","56894652","56894941","9","18837012"
"chr15","38104262","38104566","chr15","56949511","56949805","20","18845249"
"chr15","38111318","38111614","chr15","56956561","56956848","18","18845243"
"chr15","38229933","38230229","chr4","14495904","14496200","38","23734029"
"chr15","38330074","38330383","chr15","57179893","57180202","8","18849819"
"chr15","38332541","38332849","chr3","29299017","29299324","34","9033524"
"chr15","38465707","38465976","chr15","57315556","57315825","2","18849849"
"chr15","39289719","39290013","chr15","58136644","58136937","8","18846925"
"chr15","40282178","40282480","chr15","59115092","59115396","11","18832914"
"chr15","40759016","40759316","chr6","33595500","33595800","42","7163516"
"chr15","40776863","40777147","chr15","59586080","59586364","9","18809217"
"chr15","40897229","40897527","chr15","59705951","59706228","33","18808722"
"chr15","40927282","40927579","chr15","59733901","59734198","6","18806619"
"chr15","41646349","41646647","chr15","60459752","60460035","19","18813403"
"chr15","41839230","41839494","chr15","60652031","60652294","8","18812801"
"chr15","42014041","42014188","chr3","61500001","61500152","25","19485960"
"chr15","42014218","42014339","chr7","46328728","46328852","18","4314510"
"chr15","42203267","42203565","chr15","60999380","60999661","24","18796113"
"chr15","42500257","42500544","chr15","61298450","61298740","9","18798193"
"chr15","42662037","42662334","chr13","40789047","40789340","26","1872990"
"chr15","42708144","42708442","chr15","61499376","61499673","4","18791232"
"chr15","42810767","42810873","chr15","61583610","61583716","0","18772843"
"chr15","42910494","42910786","chr17","6766763","6767057","24","36143731"
"chr15","42951872","42952187","chr15","61724132","61724446","11","18772260"
"chr15","42992415","42992650","chr15","61763916","61764151","3","18771501"
"chr15","43071923","43072217","chr15","61856440","61856738","9","18784517"
"chr15","43072748","43073042","chr15","61856440","61856738","9","18783692"
"chr15","43161315","43161615","chr1","141239412","141239712","32","98078097"
"chr15","43247068","43247345","chrX","27448512","27448790","33","15798556"
"chr15","43275027","43275335","chr3","48752260","48752559","39","5477233"
"chr15","43415847","43416144","chr15","62189373","62189675","14","18773526"
"chr15","43906359","43906686","chr15","62654550","62654860","23","18748191"
"chr15","43960839","43960887","chr15","62706043","62706091","0","18745204"
"chr15","44026639","44026949","chr4","4285606","4285913","48","39741033"
"chr15","44078143","44078433","chr15","62823091","62823379","15","18744948"
"chr15","44085421","44085724","chr14","90234422","90234723","29","46149001"
"chr15","44239333","44239633","chr15","62979490","62979787","8","18740157"
"chr15","44302440","44302691","chr15","63042800","63043080","33","18740360"
"chr15","44687894","44688203","chr17","4999398","4999706","34","39688496"
"chr15","44764631","44764936","chr15","63503314","63503620","8","18738683"
"chr15","44871945","44872244","chr16","70345713","70346012","31","25473768"
"chr15","45019504","45019796","chr15","63744148","63744439","7","18724644"
"chr15","45217657","45217953","chr15","63933444","63933740","6","18715787"
"chr15","45599211","45599498","chr15","64307414","64307700","8","18708203"
"chr15","45918845","45919135","chr15","64645272","64645561","8","18726427"
"chr15","46086472","46086760","chr15","64790780","64791068","8","18704308"
"chr15","46104843","46105134","chr15","64808894","64809183","8","18704051"
"chr15","46116423","46116722","chr15","64820487","64820770","22","18704064"
"chr15","46191959","46192265","chr15","64901961","64902251","28","18710002"
"chr15","46518633","46518932","chr15","65213570","65213867","9","18694937"
"chr15","46545066","46545359","chr15","65239930","65240233","24","18694864"
"chr15","46725453","46725765","chr10","14396569","14396875","34","32328884"
"chr15","46766582","46766894","chr10","14396569","14396875","34","32370013"
"chr15","46971060","46971288","chr2B","121590524","121590746","46","74619464"
"chr15","47144939","47145237","chr15","66302991","66303291","11","19158052"
"chr15","47527077","47527386","chr15","66676917","66677232","13","19149840"
"chr15","48136832","48137125","chr15","67264771","67265063","10","19127939"
"chr15","49496882","49497171","chr15","68534317","68534606","3","19037435"
"chr15","49526199","49526480","chr15","68563754","68564029","13","19037555"
"chr15","49907244","49907527","chr15","68933245","68933531","8","19026001"
"chr15","49974935","49975238","chr15","69000463","69000760","17","19025528"
"chr15","50079495","50079775","chr15","69104594","69104870","8","19025099"
"chr15","50865092","50865395","chr15","69886600","69886905","10","19021508"
"chr15","50939643","50939945","chr15","69960541","69960843","7","19020898"
"chr15","51131766","51131870","chr11","46664686","46664793","22","4467080"
"chr15","51255484","51255777","chr15","70251060","70251355","4","18995576"
"chr15","51269108","51269396","chr8","127487280","127487570","39","76218172"
"chr15","51424334","51424625","chr15","70379135","70379426","8","18954801"
"chr15","51822040","51822325","chr15","70777904","70778193","11","18955864"
"chr15","52290569","52290868","chr15","71249896","71250194","12","18959327"
"chr15","52308047","52308346","chr15","71267378","71267668","11","18959331"
"chr15","52609485","52609667","chr9","128281022","128281212","38","75671537"
"chr15","52674199","52674506","chr15","71669170","71669477","13","18994971"
"chr15","52683651","52683743","chr6","18723053","18723150","16","33960598"
"chr15","52696815","52697094","chr17","19852319","19852597","32","32844496"
"chr15","53232788","53233080","chr15","73081307","73081600","13","19848519"
"chr15","53251378","53251660","chr15","32639867","32640158","35","20611511"
"chr15","53271290","53271601","chr15","73120078","73120387","10","19848788"
"chr15","53486972","53487289","chr20","32601461","32601776","33","20885511"
"chr15","53586561","53586869","chr5","143053303","143053607","31","89466742"
"chr15","53599526","53599822","chr19","4287387","4287686","31","49312139"
"chr15","53798534","53798824","chr15","73639080","73639370","8","19840546"
"chr15","54019555","54019713","chr15","72674152","72674302","15","18654597"
"chr15","54177955","54178258","chr19","40099132","40099433","30","14078823"
"chr15","54221718","54222011","chr4","17241403","17241701","26","36980315"
"chr15","54222650","54222864","chr19","50970582","50970792","31","3252068"
"chr15","54295365","54295660","chr4","189810213","189810508","29","135514848"
"chr15","54312698","54312996","chr15","74133139","74133431","10","19820441"
"chr15","54494370","54494672","chr15","74309689","74309982","14","19815319"
"chr15","55631356","55631654","chr13","52601932","52602230","32","3029424"
"chr15","55795403","55795703","chr15","75584721","75585023","14","19789318"
"chr15","56059940","56060226","chr15","72048701","72048987","7","15988761"
"chr15","56323472","56323763","chr15","72301909","72302201","9","15978437"
"chr15","56825759","56826052","chr15","75968106","75968395","6","19142347"
"chr15","56899101","56899379","chr15","76029052","76029303","32","19129951"
"chr15","57184627","57184795","chr15","76304221","76304391","6","19119594"
"chr15","57259941","57260239","chr15","76379354","76379650","7","19119413"
"chr15","57358424","57358686","chr15","76476078","76476340","8","19117654"
"chr15","57365507","57365796","chr15","76483162","76483450","9","19117655"
"chr15","57604631","57604939","chr15","76753867","76754174","11","19149236"
"chr15","57642600","57642924","chr15","76792304","76792620","15","19149704"
"chr15","57685499","57685805","chr15","76835073","76835374","12","19149574"
"chr15","57750207","57750498","chr6","136602339","136602636","37","78852132"
"chr15","58712565","58712864","chr15","77844060","77844360","9","19131495"
"chr15","58746562","58746879","chr15","77877937","77878252","12","19131375"
"chr15","58829940","58830236","chr15","77962561","77962847","17","19132621"
"chr15","58839781","58840079","chr1","28548505","28548800","36","30291276"
"chr15","58868953","58869238","chr1","211591494","211591775","31","152722541"
"chr15","59571000","59571303","chr1","93473812","93474110","34","33902812"
"chr15","59882948","59883245","chr14","77759643","77759941","37","17876695"
"chr15","60188670","60188961","chr15","79304460","79304747","8","19115790"
"chr15","60234274","60234510","chr15","79349695","79349905","39","19115421"
"chr15","60426160","60426469","chr15","79539713","79540021","14","19113553"
"chr15","60801270","60801573","chr15","82253047","82253353","11","21451777"
"chr15","60812141","60812436","chr15","82242872","82243166","7","21430731"
"chr15","60819901","60820196","chr15","82242872","82243166","7","21422971"
"chr15","60865527","60865837","chr15","82202339","82202664","22","21336812"
"chr15","60959069","60959368","chr15","82126248","82126531","24","21167179"
"chr15","61415688","61415978","chr6","11303332","11303624","31","50112356"
"chr15","61524499","61524813","chr15","80518728","80519039","11","18994229"
"chr15","61548092","61548389","chr15","80541907","80542200","9","18993815"
"chr15","61670312","61670449","chr5","136009973","136010117","43","74339661"
"chr15","61807790","61808086","chr15","80792399","80792694","5","18984609"
"chr15","61975096","61975223","chr15","80970540","80970671","5","18995444"
"chr15","61986386","61986661","chr7","134904003","134904282","43","72917617"
"chr15","62179933","62180191","chr22","36997324","36997583","36","25182609"
"chr15","62207755","62207934","chr5","83764050","83764227","31","21556295"
"chr15","62267804","62268103","chr15","81243328","81243626","7","18975524"
"chr15","62296741","62297043","chr15","81272244","81272539","17","18975503"
"chr15","62313752","62314051","chr15","81288136","81288441","15","18974384"
"chr15","63044398","63044687","chr15","81998034","81998327","10","18953636"
"chr15","63260373","63260669","chr15","82606741","82607035","9","19346368"
"chr15","63297918","63298214","chr15","82641825","82642121","5","19343907"
"chr15","63378149","63378443","chr15","82721161","82721455","8","19343012"
"chr15","63456075","63456361","chr15","82798792","82799076","8","19342717"
"chr15","63787898","63788106","chr15","83130024","83130235","11","19342126"
"chr15","64238291","64238590","chr15","83544067","83544347","27","19305776"
"chr15","64436463","64436704","chr12","39246933","39247174","38","25189530"
"chr15","64588655","64588959","chr15","83893812","83894101","25","19305157"
"chr15","64853108","64853416","chr15","84140476","84140775","19","19287368"
"chr15","64879380","64879670","chr15","84164820","84165109","9","19285440"
"chr15","66153913","66153973","chr15","85486515","85486575","1","19332602"
"chr15","67665543","67665809","chr15","86968203","86968474","11","19302660"
"chr15","68378491","68378782","chr15","87668135","87668426","3","19289644"
"chr15","68417855","68418039","chr15","87707299","87707472","15","19289444"
"chr15","68497301","68497602","chr15","87775978","87776269","19","19278677"
"chr15","68500002","68500299","chr6","46780006","46780307","42","21719996"
"chr15","68766269","68766557","chr15","88039486","88039774","6","19273217"
"chr15","68773963","68774258","chr1","8398412","8398708","33","60375551"
"chr15","68849279","68849406","chr15","88128838","88128964","4","19279559"
"chr15","68858436","68858735","chr7","112244450","112244740","38","43386014"
"chr15","68891958","68892261","chr15","88169997","88170301","6","19278039"
"chr15","68983738","68984026","chr15","88259669","88259955","13","19275931"
"chr15","69056351","69056480","chr15","88334275","88334402","7","19277924"
"chr15","69179161","69179457","chr15","88475081","88475371","13","19295920"
"chr15","69277685","69277973","chr15","88570722","88571010","3","19293037"
"chr15","69329452","69329750","chr15","88620189","88620485","3","19290737"
"chr15","69380245","69380539","chr15","88667927","88668235","21","19287682"
"chr15","69389236","69389496","chr15","88676966","88677226","6","19287730"
"chr15","69452617","69452923","chr15","88739872","88740178","9","19287255"
"chr15","69664613","69664748","chr8","70708421","70708556","29","1043808"
"chr15","70401878","70402091","chr15","89672088","89672295","13","19270210"
"chr15","70676926","70677223","chr15","89946686","89946983","1","19269760"
"chr15","70769340","70769381","chr15","90036884","90036938","13","19267544"
"chr15","71116718","71117010","chr15","90384632","90384924","5","19267914"
"chr15","71467141","71467428","chr15","90739383","90739670","7","19272242"
"chr15","71486338","71486501","chr15","90758400","90758563","2","19272062"
"chr15","71987839","71988128","chr15","91242744","91243032","8","19254905"
"chr15","72128563","72128868","chr15","91379221","91379524","6","19250658"
"chr15","72842996","72843285","chr15","92061538","92061824","9","19218542"
"chr15","72952869","72953166","chr1","12278529","12278825","30","60674340"
"chr15","73043843","73044146","chr15","92261991","92262291","8","19218148"
"chr15","73772952","73773248","chr15","92736253","92736545","17","18963301"
"chr15","73834235","73834532","chr15","92797563","92797860","10","18963328"
"chr15","73938528","73938825","chr15","92903208","92903504","12","18964680"
"chr15","74091052","74091349","chr15","93049640","93049931","10","18958588"
"chr15","76018191","76018493","chr15","94924595","94924897","3","18906404"
"chr15","76531118","76531366","chr15","95430951","95431199","4","18899833"
"chr15","76735743","76735901","chr15","95632708","95632865","3","18896965"
"chr15","77355705","77356011","chr15","96230103","96230409","3","18874398"
"chr15","77539993","77540298","chr14","70337310","70337593","49","7202683"
"chr15","77558069","77558378","chr15","96432130","96432435","17","18874061"
"chr15","77979604","77979836","chr15","96849027","96849273","25","18869423"
"chr15","77986805","77987103","chr15","96856248","96856540","16","18869443"
"chr15","78115441","78115748","chr15","96986105","96986410","3","18870664"
"chr15","79357879","79358148","chr15","98367868","98368157","25","19009989"
"chr15","79962110","79962419","chr15","98965401","98965708","7","19003291"
"chr15","80270061","80270354","chr15","99268472","99268765","7","18998411"
"chr15","80687541","80687833","chr15","99679050","99679344","6","18991509"
"chr16","48758626","48758898","chr16","57503224","57503496","9","8744598"
"chr16","129807","130025","chr16","97972","98190","9","31835"
"chr16","236836","237134","chr3","127407029","127407327","36","127170193"
"chr16","436930","437239","chr10","125238196","125238503","50","124801266"
"chr16","441310","441451","chr16","412286","412428","8","29024"
"chr16","460713","460926","chr19","17033695","17033928","44","16572982"
"chr16","500284","500580","chr16","474246","474553","20","26038"
"chr16","502584","502890","chr11","100756356","100756665","31","100253772"
"chr16","527891","528157","chr4","161428259","161428525","43","160900368"
"chr16","1025579","1025877","chr16","994723","995019","8","30856"
"chr16","1364467","1364776","chr16","1384426","1384740","13","19959"
"chr16","1458008","1458317","chr16","1476293","1476595","9","18285"
"chr16","1616445","1616587","chr16","1632682","1632824","4","16237"
"chr16","1640308","1640615","chr16","1655115","1655414","16","14807"
"chr16","1747278","1747565","chr7","110114277","110114561","40","108366999"
"chr16","1851977","1852270","chr1","153471690","153471986","32","151619713"
"chr16","1904529","1904834","chr16","1938254","1938570","18","33725"
"chr16","2344654","2344956","chr16","2365904","2366197","16","21250"
"chr16","2452665","2452909","chr16","2470851","2471096","9","18186"
"chr16","2597609","2597757","chr2A","75789243","75789386","31","73191634"
"chr16","2632109","2632309","chr15","37856214","37856416","34","35224105"
"chr16","2783760","2783885","chr16","2786391","2786517","12","2631"
"chr16","2783985","2784269","chr16","2787212","2787497","11","3227"
"chr16","2793025","2793148","chr16","2797951","2798074","3","4926"
"chr16","2793448","2793608","chr16","2798367","2798527","4","4919"
"chr16","2794031","2794132","chr16","2797951","2798074","25","3920"
"chr16","2794432","2794592","chr16","2798367","2798527","4","3935"
"chr16","3047337","3047627","chr16","3036414","3036700","11","10923"
"chr16","3140112","3140419","chr16","3123006","3123288","31","17106"
"chr16","3287566","3287874","chr16","3274813","3275122","13","12753"
"chr16","3396848","3397144","chr16","3375594","3375893","11","21254"
"chr16","3568767","3569069","chr16","3529165","3529464","12","39602"
"chr16","3585262","3585490","chr16","3546716","3546944","7","38546"
"chr16","3735839","3736133","chr16","3693113","3693408","5","42726"
"chr16","3833073","3833280","chr16","3791149","3791353","12","41924"
"chr16","3846001","3846281","chr3","197672240","197672519","42","193826239"
"chr16","4188000","4188307","chr5","82824822","82825129","37","78636822"
"chr16","4315299","4315479","chr16","4254855","4255032","12","60444"
"chr16","4333624","4333921","chr16","4273859","4274155","5","59765"
"chr16","4653083","4653362","chr16","4585261","4585543","11","67822"
"chr16","4679459","4679677","chr16","4610945","4611169","8","68514"
"chr16","4722994","4723282","chr16","4653771","4654083","30","69223"
"chr16","4754119","4754252","chr7","106461321","106461453","14","101707202"
"chr16","4754557","4754731","chr16","4684678","4684870","22","69879"
"chr16","5071411","5071728","chr16","4996168","4996481","13","75243"
"chr16","5252998","5253153","chr16","5181647","5181801","4","71351"
"chr16","5253454","5253586","chr16","5182101","5182233","10","71353"
"chr16","5849687","5849915","chr16","5848324","5848552","3","1363"
"chr16","5880892","5881137","chr16","5879526","5879770","7","1366"
"chr16","5882324","5882584","chr16","5880958","5881220","9","1366"
"chr16","6354087","6354389","chr16","6347124","6347426","10","6963"
"chr16","6546695","6546999","chr16","6541043","6541344","15","5652"
"chr16","6601314","6601630","chr16","6595181","6595492","19","6133"
"chr16","6781965","6782174","chr1","135942099","135942312","31","129160134"
"chr16","6957699","6957988","chr16","6947060","6947338","21","10639"
"chr16","7748649","7748959","chr16","7651095","7651406","10","97554"
"chr16","8197398","8197697","chr16","8094287","8094586","5","103111"
"chr16","8448043","8448321","chr14","49626286","49626561","45","41178243"
"chr16","8460489","8460767","chr6","29481315","29481582","54","21020826"
"chr16","8630492","8630729","chrX","7049927","7050151","60","1580565"
"chr16","8790628","8790930","chr16","8661361","8661660","12","129267"
"chr16","9137437","9137730","chr16","8999411","8999709","16","138026"
"chr16","9221417","9221539","chr18","42067917","42068039","15","32846500"
"chr16","9221540","9221815","chr6","5289669","5289934","63","3931871"
"chr16","9291902","9292005","chr19","40109553","40109661","28","30817651"
"chr16","9299191","9299471","chr7","103132333","103132611","39","93833142"
"chr16","9339202","9339507","chr4","53900944","53901247","35","44561742"
"chr16","9374030","9374341","chr16","9219382","9219694","9","154648"
"chr16","9457243","9457550","chr4","39424762","39425060","42","29967519"
"chr16","9547313","9547500","chr16","9394386","9394570","6","152927"
"chr16","10026189","10026484","chr13","26428381","26428674","40","16402192"
"chr16","10309886","10310184","chr16","10159940","10160229","14","149946"
"chr16","10448895","10449200","chr16","10297215","10297520","8","151680"
"chr16","10570896","10571199","chr3","25578151","25578455","34","15007255"
"chr16","10671640","10671919","chr6","125920899","125921182","33","115249259"
"chr16","10671945","10672060","chr5","134613512","134613627","12","123941567"
"chr16","10692506","10692624","chr16","10555492","10555612","10","137014"
"chr16","10813550","10813849","chr16","10682361","10682655","15","131189"
"chr16","11641875","11642176","chr1","141239412","141239712","28","129597537"
"chr16","11849413","11849704","chr16","11702737","11703029","6","146676"
"chr16","11933546","11933846","chr7","116873711","116874008","39","104940165"
"chr16","11942455","11942747","chr16","11793501","11793794","4","148954"
"chr16","12090376","12090690","chr16","11945275","11945588","3","145101"
"chr16","12138531","12138832","chr16","11994533","11994835","12","143998"
"chr16","12262796","12262850","chr12","96453045","96453098","26","84190249"
"chr16","12263300","12263354","chr12","96453045","96453098","26","84189745"
"chr16","12263684","12263738","chr12","96453045","96453098","26","84189361"
"chr16","12264056","12264110","chr12","96453045","96453098","26","84188989"
"chr16","12264386","12264440","chr12","96453045","96453098","26","84188659"
"chr16","12264674","12264728","chr12","96453045","96453098","26","84188371"
"chr16","12265148","12265202","chr12","96453045","96453098","26","84187897"
"chr16","12265520","12265574","chr12","96453045","96453098","26","84187525"
"chr16","12265904","12265958","chr12","96453045","96453098","26","84187141"
"chr16","12266420","12266474","chr12","96453045","96453098","26","84186625"
"chr16","12266936","12266990","chr12","96453045","96453098","26","84186109"
"chr16","12267452","12267506","chr12","96453045","96453098","26","84185593"
"chr16","12267884","12267938","chr12","96453045","96453098","26","84185161"
"chr16","12268397","12268451","chr12","96453045","96453098","26","84184648"
"chr16","12273374","12273675","chrUn_NW_014015839v1","507","806","14","12272867"
"chr16","12274464","12274773","chrUn_NW_014015839v1","507","806","23","12273957"
"chr16","12290837","12291120","chr6","17783001","17783286","33","5492164"
"chr16","12341564","12341903","chrX","129515310","129515636","66","117173746"
"chr16","12710801","12711103","chr16","12695678","12695971","17","15123"
"chr16","13012486","13012709","chr14","29826014","29826236","51","16813528"
"chr16","13048001","13048291","chr16","13004470","13004764","15","43531"
"chr16","13288203","13288492","chr16","13254705","13254990","12","33498"
"chr16","13996989","13997292","chr7","23665135","23665435","38","9668146"
"chr16","14068291","14068596","chr16","13963901","13964203","9","104390"
"chr16","14167843","14168150","chr16","14061302","14061609","4","106541"
"chr16","14174664","14174963","chr16","14066991","14067294","13","107673"
"chr16","14198578","14198786","chr16","14091419","14091627","4","107159"
"chr16","14315046","14315334","chr2A","26944459","26944747","31","12629413"
"chr16","15060581","15060811","chr16","14918409","14918642","13","142172"
"chr16","15132291","15132433","chr16","14983594","14983737","2","148697"
"chr16","15172594","15172893","chr16","15025196","15025495","2","147398"
"chr16","15210548","15210853","chrUn_NW_014015839v1","507","806","17","15210041"
"chr16","15241647","15241945","chr1","157841166","157841472","33","142599519"
"chr16","15242013","15242323","chr21","36801272","36801577","35","21559259"
"chr16","15248528","15248826","chr1","157841166","157841472","37","142592638"
"chr16","15259447","15259752","chrUn_NW_014015839v1","507","806","17","15258940"
"chr16","15469663","15469953","chr12","102799287","102799576","35","87329624"
"chr16","15479598","15479769","chr16","49555124","49555297","28","34075526"
"chr16","15538834","15539137","chr1","207195036","207195340","44","191656202"
"chr16","15873127","15873423","chr9","114019905","114020200","32","98146778"
"chr16","16004558","16004827","chr16","15957390","15957659","3","47168"
"chr16","16111227","16111452","chr16","16061054","16061271","11","50173"
"chr16","16166616","16166923","chr6","38150830","38151139","37","21984214"
"chr16","16262626","16262843","chrUn_NW_014014882v1","2506","2716","15","16260120"
"chr16","16398087","16398394","chr3","37596334","37596638","37","21198247"
"chr16","16491039","16491352","chr5","81847722","81848034","64","65356683"
"chr16","16533543","16533849","chr1","12278529","12278825","50","4255014"
"chr16","16892266","16892369","chr8","143391397","143391500","10","126499131"
"chr16","16892856","16893158","chr12","130595155","130595461","27","113702299"
"chr16","16893390","16893544","chr3","61500001","61500152","26","44606611"
"chr16","17232330","17232456","chr18","59528659","59528792","25","42296329"
"chr16","17694251","17694457","chr16","17349257","17349462","6","344994"
"chr16","18233294","18233595","chr16","17880332","17880631","8","352962"
"chr16","18289216","18289486","chr11","68451470","68451742","53","50162254"
"chr16","18293906","18294195","chr16","17940310","17940599","3","353596"
"chr16","18457664","18457971","chr9","112918036","112918339","30","94460372"
"chr16","18500213","18500518","chr3","11598640","11598947","39","6901573"
"chr16","18539749","18540001","chrX","96251119","96251369","29","77711370"
"chr16","18686272","18686379","chr2B","208636456","208636560","10","189950184"
"chr16","18736791","18736844","chr12","96453045","96453098","25","77716254"
"chr16","19020751","19020899","chr1","166885187","166885334","15","147864436"
"chr16","19150789","19151078","chr2B","164082576","164082869","38","144931787"
"chr16","19258678","19258951","chr16","19054366","19054608","36","204312"
"chr16","19265292","19265534","chr16","19054366","19054608","5","210926"
"chr16","19282922","19283048","chr19","11865892","11866006","25","7417030"
"chr16","19291067","19291366","chr2A","39180005","39180303","39","19888938"
"chr16","19688501","19688807","chr4","7988070","7988372","39","11700431"
"chr16","19828028","19828327","chr16","19595773","19596070","10","232255"
"chr16","19904528","19904816","chr16","19671714","19671996","20","232814"
"chr16","19935719","19935777","chr9","37871966","37872033","18","17936247"
"chr16","20047024","20047165","chr16","19804537","19804667","14","242487"
"chr16","20244470","20244768","chr16","19994264","19994562","10","250206"
"chr16","20988698","20989001","chr3","25578151","25578455","32","4589453"
"chr16","21096602","21096731","chr16","20793571","20793701","4","303031"
"chr16","21166151","21166470","chr16","20860432","20860752","12","305719"
"chr16","21469059","21469356","chr16","21165733","21166030","5","303326"
"chr16","22440972","22441132","chr16","22540721","22540881","4","99749"
"chr16","22478008","22478177","chr16","22578177","22578342","8","100169"
"chr16","22638535","22638715","chr11","117611878","117612053","21","94973343"
"chr16","22797433","22797668","chr14","88398470","88398698","39","65601037"
"chr16","23466762","23467069","chr16","23489349","23489628","30","22587"
"chr16","23779347","23779649","chr16","23795140","23795422","31","15793"
"chr16","24200699","24200983","chr8","47405862","47406154","36","23205163"
"chr16","24549673","24549887","chr16","24520298","24520519","10","29375"
"chr16","24776611","24776807","chr16","24744156","24744352","1","32455"
"chr16","25356280","25356589","chr16","25306614","25306922","11","49666"
"chr16","25378799","25379105","chr16","25328722","25329028","6","50077"
"chr16","25538321","25538616","chr1","135161408","135161707","33","109623087"
"chr16","25645352","25645639","chr16","25595284","25595573","10","50068"
"chr16","26074527","26074832","chr16","26108306","26108612","8","33779"
"chr16","26329127","26329418","chr16","26360392","26360681","13","31265"
"chr16","26478216","26478471","chr16","26504975","26505258","34","26759"
"chr16","26645732","26646031","chr16","26672280","26672579","12","26548"
"chr16","27031544","27031831","chr16","27052420","27052717","19","20876"
"chr16","27064585","27064894","chr16","27087511","27087813","12","22926"
"chr16","27518369","27518673","chr16","27529401","27529682","27","11032"
"chr16","27533521","27533819","chr16","27544827","27545127","6","11306"
"chr16","27635465","27635757","chr16","27646176","27646471","11","10711"
"chr16","28080146","28080439","chr16","28085089","28085379","9","4943"
"chr16","28612742","28613034","chr22","20540456","20540752","36","8072286"
"chr16","28613045","28613346","chr6","18374072","18374369","34","10238973"
"chr16","28614249","28614539","chr4","47218523","47218820","36","18604274"
"chr16","28625672","28625797","chr7","109679562","109679685","17","81053890"
"chr16","28719394","28719702","chr21","44500742","44501048","34","15781348"
"chr16","28749061","28749274","chr1","135942099","135942312","26","107193038"
"chr16","28752088","28752365","chr2A","49631103","49631382","39","20879015"
"chr16","28872573","28872864","chr15","67264771","67265063","24","38392198"
"chr16","28938723","28939036","chr16","29029616","29029920","15","90893"
"chr16","29133899","29134070","chr1","45539327","45539499","37","16405428"
"chr16","29300389","29300672","chr16","29293085","29293368","5","7304"
"chr16","29394260","29394583","chr10","18171112","18171413","51","11223148"
"chr16","29441792","29442092","chrUn_NW_014015839v1","507","806","10","29441285"
"chr16","29447942","29448006","chr15","90036884","90036938","31","60588942"
"chr16","29594352","29594629","chr2A","49631103","49631382","36","20036751"
"chr16","29649208","29649422","chr1","135942099","135942312","24","106292891"
"chr16","29912682","29912990","chr16","30139529","30139830","13","226847"
"chr16","30093673","30093973","chr9","17462214","17462522","46","12631459"
"chr16","30095129","30095380","chrX","96251119","96251369","30","66155990"
"chr16","30191943","30192262","chr16","30419803","30420093","33","227860"
"chr16","30219272","30219564","chr16","30446932","30447229","10","227660"
"chr16","30236415","30236714","chr16","30464147","30464445","14","227732"
"chr16","30280865","30281049","chr1","83088400","83088580","37","52807535"
"chr16","30329967","30330130","chr20","35955308","35955469","21","5625341"
"chr16","30346933","30347074","chr18","59528659","59528792","23","29181726"
"chr16","30584235","30584330","chr3","182479152","182479247","11","151894917"
"chr16","30584774","30585082","chr2B","219260334","219260643","35","188675560"
"chr16","30705916","30706210","chr16","30962317","30962639","33","256401"
"chr16","30746454","30746750","chr16","31002590","31002885","5","256136"
"chr16","30755511","30755802","chr16","31009303","31009594","6","253792"
"chr16","30792601","30792914","chr16","31045152","31045457","17","252551"
"chr16","30805087","30805392","chrX","54763108","54763408","33","23958021"
"chr16","30908090","30908380","chr16","31159146","31159440","9","251056"
"chr16","31515284","31515470","chr15","37766653","37766837","28","6251369"
"chr16","31517337","31517507","chr16","31755940","31756111","2","238603"
"chr16","31575412","31575629","chr16","71968194","71968413","22","40392782"
"chr16","32346733","32347029","chrUn_NW_014014785v1","618","915","11","32346115"
"chr16","32601032","32601325","chr19","32798546","32798841","3","197514"
"chr16","32960740","32961050","chr19","38678713","38679022","16","5717973"
"chr16","34020561","34020690","chr16","45568251","45568380","5","11547690"
"chr16","37180845","37181123","chr8","27964486","27964763","30","9216359"
"chr16","37184631","37184826","chr16","45900930","45901145","24","8716299"
"chr16","37197848","37198043","chr16","45900930","45901145","24","8703082"
"chr16","37272523","37272834","chr16","45981432","45981728","23","8708909"
"chr16","37353489","37353789","chr16","46058441","46058741","1","8704952"
"chr16","37361286","37361451","chr16","46066014","46066155","31","8704728"
"chr16","37414815","37415115","chr16","46117383","46117681","4","8702568"
"chr16","37594462","37594760","chr16","46288124","46288421","3","8693662"
"chr16","37686700","37686864","chr2A","106807783","106807945","25","69121083"
"chr16","38395659","38395940","chr16","47107013","47107293","2","8711354"
"chr16","38742378","38742680","chr3","136654803","136655109","40","97912425"
"chr16","38786073","38786354","chr16","47498188","47498466","10","8712115"
"chr16","39000496","39000787","chr16","47712032","47712332","18","8711536"
"chr16","40224542","40224848","chr16","48874801","48875110","11","8650259"
"chr16","40480154","40480448","chr16","49130688","49130979","10","8650534"
"chr16","40531861","40531982","chr17","1220505","1220616","38","39311356"
"chr16","40722017","40722331","chr16","49363192","49363505","10","8641175"
"chr16","40926985","40927165","chr16","49555124","49555297","10","8628139"
"chr16","41476570","41476797","chr16","50098734","50098961","5","8622164"
"chr16","41543063","41543249","chr16","50164850","50165033","7","8621787"
"chr16","41563662","41563969","chr3","25578151","25578455","32","15985511"
"chr16","42958120","42958411","chr16","51502053","51502347","9","8543933"
"chr16","43284703","43285001","chr16","51826375","51826651","31","8541672"
"chr16","43614166","43614455","chr7","153229310","153229600","27","109615144"
"chr16","43988746","43989048","chr16","52778760","52779060","11","8790014"
"chr16","44199193","44199492","chr16","52982704","52983005","8","8783511"
"chr16","44205625","44205932","chr4","109377359","109377660","40","65171734"
"chr16","44246209","44246513","chr16","53029479","53029786","10","8783270"
"chr16","44286742","44287040","chr16","53068486","53068777","18","8781744"
"chr16","44912622","44912840","chr14","88398470","88398698","38","43485848"
"chr16","47224434","47224727","chr16","56017535","56017825","7","8793101"
"chr16","47421455","47421701","chr16","56204551","56204797","4","8783096"
"chr16","47494110","47494418","chr4","115721724","115722033","16","68227614"
"chr16","47618145","47618451","chr16","56393090","56393396","11","8774945"
"chr16","47910582","47910885","chr16","56675135","56675438","6","8764553"
"chr16","47984610","47984914","chr16","56746956","56747264","16","8762346"
"chr16","48135949","48136255","chr16","56901442","56901749","15","8765493"
"chr16","48238445","48238711","chr2B","202046280","202046542","60","153807835"
"chr16","48517877","48518062","chr16","62447334","62447513","27","13929457"
"chr16","48667714","48668011","chr16","57413197","57413502","12","8745483"
"chr16","48718260","48718523","chr16","57464317","57464580","8","8746057"
"chr16","48746169","48746471","chr16","57490242","57490548","13","8744073"
"chr16","49261203","49261330","chr16","57959482","57959607","4","8698279"
"chr16","49339275","49339576","chr16","58018123","58018416","17","8678848"
"chr16","49467045","49467332","chr16","58181707","58181991","7","8714662"
"chr16","49686812","49687109","chr16","58426407","58426701","11","8739595"
"chr16","50007914","50008213","chr16","58738129","58738427","6","8730215"
"chr16","50167345","50167517","chr16","58904640","58904812","6","8737295"
"chr16","50652165","50652444","chr16","59356716","59356995","9","8704551"
"chr16","51035668","51035968","chr16","59735978","59736297","30","8700310"
"chr16","51270190","51270496","chr16","59967693","59967996","13","8697503"
"chr16","51482352","51482663","chr16","60174509","60174818","12","8692157"
"chr16","52530894","52531176","chr16","61100979","61101261","5","8570085"
"chr16","52701463","52701774","chr16","61275377","61275688","2","8573914"
"chr16","52796133","52796428","chr16","61360296","61360588","5","8564163"
"chr16","52819042","52819322","chr16","61383060","61383340","5","8564018"
"chr16","52842201","52842482","chr16","61408386","61408678","24","8566185"
"chr16","53905756","53905943","chr16","62447334","62447513","9","8541578"
"chr16","53905944","53905998","chr16","62447514","62447568","0","8541570"
"chr16","54159132","54159414","chr16","62707524","62707802","7","8548392"
"chr16","54167247","54167581","chr16","62715622","62715925","35","8548375"
"chr16","54222814","54222994","chr3","146068504","146068688","29","91845690"
"chr16","54429039","54429340","chr16","62970793","62971091","9","8541754"
"chr16","54557848","54558021","chr16","63099489","63099662","3","8541641"
"chr16","54610229","54610402","chr16","63099489","63099662","3","8489260"
"chr16","54841930","54842229","chr16","63323031","63323328","11","8481101"
"chr16","55103302","55103595","chr16","63582660","63582951","13","8479358"
"chr16","55653938","55654237","chr16","64105826","64106130","15","8451888"
"chr16","55965201","55965490","chr16","64446452","64446741","10","8481251"
"chr16","56102147","56102411","chr16","64587966","64588230","1","8485819"
"chr16","57072670","57072970","chr16","65544525","65544818","13","8471855"
"chr16","57574668","57574975","chr16","66021278","66021585","5","8446610"
"chr16","57740433","57740741","chr5","119996298","119996603","33","62255865"
"chr16","57740770","57741065","chr14","63322951","63323253","30","5582181"
"chr16","58165434","58165729","chr16","66810360","66810653","8","8644926"
"chr16","58467065","58467365","chr16","67109301","67109602","6","8642236"
"chr16","58588492","58588773","chr16","67230029","67230310","6","8641537"
"chr16","58690013","58690315","chr16","67325534","67325836","8","8635521"
"chr16","58789023","58789314","chr16","67438058","67438362","20","8649035"
"chr16","58951075","58951370","chr16","67582292","67582587","8","8631217"
"chr16","59081655","59081946","chr16","67714787","67715081","12","8633132"
"chr16","59210893","59211178","chr16","67882241","67882540","22","8671348"
"chr16","59313565","59313857","chr17","47273533","47273828","48","12040032"
"chr16","59342155","59342468","chr16","68008956","68009268","4","8666801"
"chr16","59385953","59386247","chr22","30159425","30159719","34","29226528"
"chr16","59651122","59651427","chr2A","9256619","9256922","34","50394503"
"chr16","59663843","59664142","chr17","4999398","4999706","41","54664445"
"chr16","59706346","59706661","chr16","68441017","68441333","8","8734671"
"chr16","59719773","59720069","chr16","68454582","68454878","6","8734809"
"chr16","59727585","59727881","chrX","142916043","142916338","32","83188458"
"chr16","59750679","59750965","chr16","68485101","68485386","5","8734422"
"chr16","59813718","59814022","chr16","68540673","68540977","13","8726955"
"chr16","59878676","59878976","chr16","68604963","68605263","4","8726287"
"chr16","60006393","60006683","chr16","68728639","68728930","6","8722246"
"chr16","60145609","60145931","chr16","68863039","68863345","22","8717430"
"chr16","60189074","60189248","chr5","143653356","143653534","28","83464282"
"chr16","60244062","60244371","chr7","4310638","4310945","36","55933424"
"chr16","60342619","60342921","chr12","108851155","108851458","22","48508536"
"chr16","60653806","60654095","chr8","49746742","49747031","29","10907064"
"chr16","60655336","60655643","chr16","69406943","69407249","9","8751607"
"chr16","60818042","60818343","chr16","69552105","69552411","10","8734063"
"chr16","60846302","60846574","chr16","69578269","69578556","21","8731967"
"chr16","60928127","60928437","chr16","69659944","69660253","13","8731817"
"chr16","61168764","61168905","chr19","15929431","15929573","21","45239333"
"chr16","61485338","61485628","chr16","70298965","70299253","6","8813627"
"chr16","61485912","61486199","chr16","70298965","70299253","5","8813053"
"chr16","61545366","61545665","chr16","70345713","70346012","3","8800347"
"chr16","61573961","61574267","chr1","129885510","129885814","37","68311549"
"chr16","62357695","62357991","chr16","71135170","71135465","7","8777475"
"chr16","62470399","62470578","chr6","7382100","7382278","42","55088299"
"chr16","62525885","62526174","chr16","71307082","71307368","9","8781197"
"chr16","62785058","62785365","chr16","71545627","71545934","9","8760569"
"chr16","62853481","62853639","chr16","71612955","71613113","6","8759474"
"chr16","62867086","62867381","chr1","87447148","87447442","38","24580062"
"chr16","62906025","62906334","chr16","71663711","71664021","7","8757686"
"chr16","62910571","62910836","chr22","27321923","27322174","65","35588648"
"chr16","63022695","63022995","chr16","71778291","71778591","6","8755596"
"chr16","63107319","63107606","chr16","71871645","71871933","6","8764326"
"chr16","63208635","63208852","chr16","71968194","71968413","5","8759559"
"chr16","64073366","64073674","chr16","72816670","72816975","16","8743304"
"chr16","64300191","64300494","chr16","73042134","73042436","9","8741943"
"chr16","64341422","64341725","chr16","73042134","73042436","10","8700712"
"chr16","64537858","64538157","chr16","73275696","73276000","13","8737838"
"chr16","64652514","64652819","chr9","100529816","100530123","32","35877302"
"chr16","64807805","64808098","chr10","74433147","74433449","48","9625342"
"chr16","64831995","64832302","chr16","73564438","73564747","10","8732443"
"chr16","65541794","65542089","chr16","74353133","74353424","19","8811339"
"chr16","65662763","65663054","chr16","74461762","74462060","18","8798999"
"chr16","65710589","65710890","chr13","47691993","47692293","45","18018596"
"chr16","65719728","65720022","chr3","48209643","48209937","31","17510085"
"chr16","65744430","65744648","chr14","69782883","69783099","30","4038453"
"chr16","65771261","65771562","chr2B","207617300","207617598","38","141846039"
"chr16","65831266","65831549","chr16","74627302","74627594","19","8796036"
"chr16","65914082","65914385","chr16","74708844","74709143","11","8794762"
"chr16","66012184","66012479","chr16","74809410","74809702","9","8797226"
"chr16","66072539","66072831","chr15","32639867","32640158","34","33432672"
"chr16","66199265","66199556","chr16","74989656","74989947","5","8790391"
"chr16","66210786","66211083","chr16","75001107","75001407","11","8790321"
"chr16","66312600","66312897","chr16","75105148","75105436","18","8792548"
"chr16","66349390","66349660","chr16","75129375","75129649","10","8779985"
"chr16","66408622","66408916","chr16","75200960","75201246","13","8792338"
"chr16","66474063","66474371","chr16","75264613","75264922","9","8790550"
"chr16","66735896","66736194","chr16","75515063","75515361","3","8779167"
"chr16","66751711","66752009","chr16","75530905","75531203","9","8779194"
"chr16","66814443","66814555","chr5","134613512","134613627","12","67799069"
"chr16","66824691","66824989","chr16","75603388","75603688","11","8778697"
"chr16","66991272","66991572","chr3","153472803","153473098","34","86481531"
"chr16","67106364","67106655","chr16","75880659","75880953","12","8774295"
"chr16","67832037","67832341","chr16","76613990","76614290","10","8781953"
"chr16","68243236","68243543","chr9","100529816","100530123","37","32286580"
"chr16","68334013","68334309","chr16","77101878","77102169","15","8767865"
"chr16","68419765","68420070","chr16","77251996","77252292","16","8832231"
"chr16","68804026","68804332","chr16","77640006","77640312","7","8835980"
"chr16","68871395","68871698","chr16","77708437","77708729","15","8837042"
"chr16","69030003","69030299","chr16","77880461","77880760","10","8850458"
"chr16","69491030","69491141","chr16","78386914","78387025","3","8895884"
"chr16","70256712","70256996","chr16","79104298","79104581","10","8847586"
"chr16","70261624","70261914","chr16","79109200","79109489","12","8847576"
"chr16","70528071","70528346","chr16","79361766","79362043","11","8833695"
"chr16","70894331","70894567","chr16","79728980","79729227","16","8834649"
"chr16","70894815","70895062","chr16","79728980","79729227","6","8834165"
"chr16","71180683","71180979","chr16","80008556","80008852","12","8827873"
"chr16","71819957","71820253","chr16","80642000","80642293","12","8822043"
"chr16","72121798","72122093","chr16","80930066","80930364","13","8808268"
"chr16","72226874","72227185","chr16","81033704","81034016","10","8806830"
"chr16","72483756","72484069","chr11","129021878","129022184","39","56538122"
"chr16","72537935","72538238","chr4","75171632","75171933","40","2633697"
"chr16","72591361","72591666","chr16","81398623","81398920","17","8807262"
"chr16","72621411","72621554","chr19","63759904","63760052","25","8861507"
"chr16","72635518","72635654","chr7","82758214","82758351","21","10122696"
"chr16","72637672","72637964","chr2B","207596980","207597271","28","134959308"
"chr16","73786567","73786862","chr16","82552232","82552529","6","8765665"
"chr16","74793104","74793384","chr16","83534399","83534673","13","8741295"
"chr16","74850723","74851029","chr16","83591260","83591566","9","8740537"
"chr16","75037733","75038029","chr16","83763980","83764278","14","8726247"
"chr16","75448428","75448724","chr16","84210168","84210461","11","8761740"
"chr16","76087951","76088120","chr16","84837798","84837966","6","8749847"
"chr16","76173803","76173928","chr6","43796281","43796415","19","32377522"
"chr16","76178983","76179223","chr11","41532272","41532516","35","34646711"
"chr16","76487408","76487538","chr16","85233737","85233867","3","8746329"
"chr16","76487548","76487838","chr16","85233874","85234161","9","8746326"
"chr16","76948701","76948998","chr16","85695351","85695639","19","8746650"
"chr16","77015187","77015489","chr2A","97468643","97468943","34","20453456"
"chr16","77207579","77207880","chr16","85949200","85949495","12","8741621"
"chr16","77931881","77932162","chr16","86665786","86666060","12","8733905"
"chr16","78097089","78097385","chr16","86826414","86826709","5","8729325"
"chr16","78693738","78694042","chr16","87413909","87414212","17","8720171"
"chr16","79062344","79062645","chr16","87766066","87766370","9","8703722"
"chr16","79822517","79822828","chr16","88916982","88917297","14","9094465"
"chr16","79843978","79844260","chr16","88937851","88938127","16","9093873"
"chr16","80861342","80861663","chr16","89928986","89929277","41","9067644"
"chr16","80951037","80951336","chr16","90022785","90023084","6","9071748"
"chr16","81028173","81028462","chr16","90161700","90161972","40","9133527"
"chr16","81029070","81029374","chr16","90162589","90162892","8","9133519"
"chr16","81118531","81118845","chr16","90254475","90254767","40","9135944"
"chr16","81324034","81324216","chr3","123757609","123757787","30","42433575"
"chr17","19398634","19398938","chr5","38728032","38728335","13","19329398"
"chr17","33947437","33947725","chr5","53769625","53769914","9","19822188"
"chr17","41276","41575","chr17","93929","94227","2","52653"
"chr17","42345","42644","chr17","93929","94227","4","51584"
"chr17","43324","43623","chr17","93929","94227","1","50605"
"chr17","311457","311774","chr17","345146","345461","20","33689"
"chr17","423993","424306","chr17","468913","469227","14","44920"
"chr17","442868","443172","chr17","484732","485035","9","41864"
"chr17","542927","543236","chr17","571527","571836","7","28600"
"chr17","1029204","1029494","chr1","160738066","160738357","29","159708862"
"chr17","1071519","1071804","chr17","1097634","1097943","32","26115"
"chr17","1108425","1108710","chr16","71307082","71307368","36","70198657"
"chr17","1136167","1136469","chr6","38150830","38151139","32","37014663"
"chr17","1154377","1154600","chr5","51103664","51103891","35","49949287"
"chr17","1194240","1194312","chr19","20055622","20055707","25","18861382"
"chr17","1301142","1301431","chr18","19526144","19526435","19","18225002"
"chr17","1315450","1315519","chr16","25432463","25432520","30","24117013"
"chr17","1315829","1315932","chr12","102410422","102410505","42","101094593"
"chr17","1334612","1334662","chr19","23448432","23448482","9","22113820"
"chr17","1339620","1339912","chr17","1342749","1343050","17","3129"
"chr17","1353118","1353426","chr17","1356863","1357167","14","3745"
"chr17","1542144","1542448","chr17","1548136","1548429","14","5992"
"chr17","1727622","1727921","chr5","35354612","35354905","41","33626990"
"chr17","1731908","1731976","chr17","1738343","1738411","2","6435"
"chr17","1786512","1786806","chr17","1793074","1793367","4","6562"
"chr17","1795362","1795656","chr17","1793074","1793367","4","2288"
"chr17","1846818","1847118","chr2B","179268150","179268449","30","177421332"
"chr17","2129654","2129771","chr7","55665144","55665261","15","53535490"
"chr17","2129814","2129979","chr19","58326456","58326621","19","56196642"
"chr17","2176114","2176305","chr11","70271989","70272187","35","68095875"
"chr17","2351212","2351507","chr17","2337595","2337896","11","13617"
"chr17","2410340","2410644","chr17","2519928","2520230","9","109588"
"chr17","2421827","2422108","chr8","48379243","48379534","37","45957416"
"chr17","2431047","2431352","chr17","2540545","2540824","30","109498"
"chr17","2496958","2497160","chr5","47435841","47436042","28","44938883"
"chr17","2585872","2586167","chr17","2695659","2695954","9","109787"
"chr17","2599472","2599744","chr7","161012656","161012930","26","158413184"
"chr17","3067063","3067267","chr17","3162529","3162734","7","95466"
"chr17","3094752","3095053","chr17","3193023","3193334","17","98271"
"chr17","3718321","3718489","chr5","91500054","91500220","32","87781733"
"chr17","4038863","4039023","chr17","4192814","4192974","3","153951"
"chr17","4168796","4169087","chr7","112244450","112244740","43","108075654"
"chr17","4231468","4231766","chr17","4349634","4349932","6","118166"
"chr17","4254518","4254673","chr20","35955308","35955469","28","31700790"
"chr17","4270779","4271080","chr17","4389763","4390068","8","118984"
"chr17","4351906","4352202","chr17","4468044","4468338","9","116138"
"chr17","4556764","4557072","chr1","41715400","41715707","36","37158636"
"chr17","4597499","4597805","chr17","4705554","4705860","1","108055"
"chr17","4668674","4668972","chr20","38366239","38366537","29","33697565"
"chr17","4733841","4733979","chr17","4824448","4824586","3","90607"
"chr17","4739357","4739661","chr17","4829669","4829973","7","90312"
"chr17","4828250","4828546","chr19","635880","636176","44","4192370"
"chr17","4909325","4909621","chr17","4999398","4999706","16","90073"
"chr17","4940341","4940639","chr17","5030842","5031141","11","90501"
"chr17","5002050","5002342","chrX","134023822","134024114","28","129021772"
"chr17","5004549","5004864","chr17","5101481","5101767","44","96932"
"chr17","5017158","5017461","chr10","74433147","74433449","30","69415989"
"chr17","5096074","5096384","chr17","5187213","5187523","7","91139"
"chr17","5098008","5098303","chr1","212261555","212261847","36","207163547"
"chr17","5099699","5099999","chr17","5189992","5190290","11","90293"
"chr17","5163656","5163963","chr17","5252603","5252909","6","88947"
"chr17","5185223","5185520","chr19","635880","636176","28","4549343"
"chr17","5218387","5218530","chr17","50034495","50034641","24","44816108"
"chr17","5235591","5235886","chr17","5323230","5323521","9","87639"
"chr17","5325385","5325692","chr17","29360825","29361131","43","24035440"
"chr17","5343455","5343735","chrX","33912942","33913226","51","28569487"
"chr17","5353207","5353513","chr17","5443737","5444043","1","90530"
"chr17","5466621","5466915","chr17","5557253","5557549","7","90632"
"chr17","5483971","5484262","chr17","5574236","5574526","3","90265"
"chr17","6441817","6442046","chr1","130846386","130846616","47","124404569"
"chr17","6651927","6652225","chr17","6696934","6697244","22","45007"
"chr17","6655244","6655530","chr7","103294039","103294323","36","96638795"
"chr17","6707970","6708273","chr12","32727635","32727931","34","26019665"
"chr17","6744200","6744492","chr17","6766763","6767057","14","22563"
"chr17","6928882","6929055","chr13","98971151","98971325","29","92042269"
"chr17","7071419","7071716","chr17","7083142","7083439","11","11723"
"chr17","7162189","7162487","chr16","80930066","80930364","28","73767877"
"chr17","7267971","7268260","chr17","7273481","7273769","7","5510"
"chr17","7402085","7402383","chr1","141239412","141239712","26","133837327"
"chr17","7856286","7856576","chr17","7849232","7849525","5","7054"
"chr17","8166921","8167205","chr17","48255000","48255288","7","40088079"
"chr17","8421691","8421982","chr17","48000758","48001046","11","39579067"
"chr17","8557981","8558280","chr17","47862159","47862457","7","39304178"
"chr17","8706993","8707168","chr17","47715268","47715440","8","39008275"
"chr17","8951223","8951515","chr17","47486492","47486784","9","38535269"
"chr17","8995480","8995786","chr17","47443105","47443413","9","38447625"
"chr17","9094523","9094820","chr17","47347921","47348217","6","38253398"
"chr17","9170157","9170461","chr17","47273533","47273828","11","38103376"
"chr17","9243109","9243399","chr17","47183762","47184060","15","37940653"
"chr17","9378847","9379145","chr17","47048393","47048680","16","37669546"
"chr17","9632168","9632409","chr3","22426404","22426653","31","12794236"
"chr17","9632444","9632573","chr6","160891113","160891243","14","151258669"
"chr17","9692971","9693177","chr17","46750563","46750771","3","37057592"
"chr17","9967553","9967822","chr17","46476064","46476329","8","36508511"
"chr17","10099382","10099688","chr17","46355738","46356048","9","36256356"
"chr17","10103807","10104113","chr17","46351307","46351613","11","36247500"
"chr17","10477676","10477969","chr17","45992147","45992437","10","35514471"
"chr17","10630508","10630634","chr7","56781207","56781336","11","46150699"
"chr17","10665836","10666186","chr1","25990447","25990767","73","15324611"
"chr17","10711246","10711485","chr17","45765094","45765334","4","35053848"
"chr17","10812664","10812970","chr17","45668625","45668930","5","34855961"
"chr17","11196202","11196528","chr17","45282373","45282680","29","34086171"
"chr17","11218393","11218704","chr17","45260958","45261267","13","34042565"
"chr17","11456600","11456889","chr17","45042877","45043172","13","33586277"
"chr17","11517675","11517963","chr5","83879075","83879370","42","72361400"
"chr17","11602773","11603060","chr17","44915271","44915561","7","33312498"
"chr17","11797490","11797797","chr17","44727452","44727743","21","32929962"
"chr17","11807163","11807431","chr17","44717822","44718094","8","32910659"
"chr17","11878989","11879298","chr17","44648243","44648557","43","32769254"
"chr17","11956763","11957033","chr17","44575069","44575335","12","32618306"
"chr17","12242169","12242466","chr17","44294007","44294300","8","32051838"
"chr17","12481688","12481985","chr10","128954966","128955262","27","116473278"
"chr17","12655096","12655389","chr17","43911180","43911473","8","31256084"
"chr17","12835596","12835901","chr17","43687116","43687420","6","30851520"
"chr17","12931670","12931975","chr17","43591989","43592292","10","30660319"
"chr17","13067859","13068165","chr17","43463120","43463425","8","30395261"
"chr17","13309138","13309440","chr5","83184631","83184934","43","69875493"
"chr17","13520618","13520872","chr17","43027222","43027474","4","29506604"
"chr17","13838111","13838419","chr17","42722018","42722336","13","28883907"
"chr17","13961455","13961701","chr17","42585923","42586169","8","28624468"
"chr17","13982919","13983042","chr17","42564771","42564894","3","28581852"
"chr17","14039438","14039723","chr17","42508535","42508818","8","28469097"
"chr17","14773970","14774253","chr17","41772250","41772533","11","26998280"
"chr17","14837485","14837778","chr17","41717354","41717650","9","26879869"
"chr17","15214510","15214811","chr17","41349289","41349590","9","26134779"
"chr17","15363604","15363884","chr11","9111522","9111802","30","6252082"
"chr17","15459646","15459940","chr17","41114793","41115086","12","25655147"
"chr17","15483901","15484191","chr17","41090556","41090838","17","25606655"
"chr17","15780995","15781296","chr17","40804025","40804320","11","25023030"
"chr17","15848411","15848711","chr5","35002014","35002311","23","19153603"
"chr17","15890613","15890922","chr5","35043534","35043843","11","19152921"
"chr17","16207071","16207374","chr5","35345800","35346085","21","19138729"
"chr17","16216065","16216356","chr5","35354612","35354905","15","19138547"
"chr17","16273419","16273716","chr10","68862831","68863128","28","52589412"
"chr17","16396437","16396552","chr5","35534757","35534872","1","19138320"
"chr17","16770374","16770674","chr5","35875566","35875861","10","19105192"
"chr17","16805377","16805683","chr5","35909479","35909786","11","19104102"
"chr17","16869633","16869929","chr2A","112725416","112725709","29","95855783"
"chr17","16899940","16900234","chr5","36003288","36003577","12","19103348"
"chr17","16925585","16925875","chr5","36027648","36027938","4","19102063"
"chr17","16970727","16971007","chr19","18789365","18789635","33","1818638"
"chr17","17223951","17224229","chrX","56684425","56684704","32","39460474"
"chr17","17367145","17367450","chr5","36699109","36699410","29","19331964"
"chr17","17626600","17626868","chr3","140912635","140912911","38","123286035"
"chr17","18069120","18069404","chr7","138824184","138824467","33","120755064"
"chr17","18129834","18130132","chr5","37440769","37441063","10","19310935"
"chr17","18237144","18237449","chr5","37548749","37549056","10","19311605"
"chr17","18466113","18466408","chr5","37766065","37766351","15","19299952"
"chr17","18573682","18573948","chr5","37915901","37916167","4","19342219"
"chr17","18794265","18794435","chr5","38135465","38135631","7","19341200"
"chr17","19042133","19042427","chr5","38367604","38367899","2","19325471"
"chr17","19055077","19055398","chr5","38380537","38380858","5","19325460"
"chr17","19187874","19188155","chr5","38512895","38513176","4","19325021"
"chr17","19376691","19376987","chr5","38706209","38706497","14","19329518"
"chr17","19536754","19537046","chr5","38854413","38854706","9","19317659"
"chr17","19645296","19645586","chr4","85151009","85151302","35","65505713"
"chr17","20010430","20010716","chr5","39412767","39413055","10","19402337"
"chr17","20102643","20102949","chr5","39502973","39503270","18","19400330"
"chr17","20269286","20269404","chr5","39666762","39666885","9","19397476"
"chr17","21016334","21016468","chr5","40382343","40382468","10","19366009"
"chr17","21147923","21148216","chr5","40503064","40503356","17","19355141"
"chr17","21154658","21154985","chr5","40508161","40508442","52","19353503"
"chr17","21327265","21327561","chr5","40680587","40680870","18","19353322"
"chr17","21627084","21627395","chr5","41008446","41008757","4","19381362"
"chr17","21754130","21754239","chr17","1220505","1220616","22","20533625"
"chr17","21990517","21990821","chr5","41347826","41348131","7","19357309"
"chr17","22045992","22046298","chr5","41347826","41348131","8","19301834"
"chr17","22171462","22171757","chr5","41472849","41473144","14","19301387"
"chr17","22578562","22578836","chr5","41873230","41873503","9","19294668"
"chr17","22921780","22922075","chr5","42212444","42212738","8","19290664"
"chr17","23174926","23175216","chr5","42455938","42456233","25","19281012"
"chr17","23264496","23264783","chr5","42544619","42544909","23","19280123"
"chr17","23644444","23644738","chr5","42884879","42885179","9","19240435"
"chr17","23648653","23648959","chr5","42890834","42891141","16","19242181"
"chr17","23684547","23684836","chr5","42926876","42927165","8","19242329"
"chr17","24044232","24044380","chr20","29517882","29518031","14","5473650"
"chr17","24190592","24190905","chr5","43418123","43418438","9","19227531"
"chr17","25218846","25219016","chr14","77105854","77106026","18","51887008"
"chr17","25604999","25605308","chr12","56894581","56894886","40","31289582"
"chr17","25755395","25755703","chr10","74433147","74433449","37","48677752"
"chr17","26025974","26026261","chr5","45856803","45857089","5","19830829"
"chr17","26116542","26116833","chr8","65415513","65415806","35","39298971"
"chr17","26409076","26409380","chr5","46318380","46318675","18","19909304"
"chr17","26580417","26580715","chr5","46497023","46497339","29","19916606"
"chr17","27529448","27529649","chr5","47435841","47436042","2","19906393"
"chr17","27766764","27767060","chr5","47640074","47640358","23","19873310"
"chr17","27782017","27782327","chr5","47655257","47655570","10","19873240"
"chr17","27810546","27810843","chr5","47703107","47703410","7","19892561"
"chr17","28566439","28566737","chr5","48448887","48449190","17","19882448"
"chr17","29807373","29807660","chr5","49726081","49726368","5","19918708"
"chr17","29807968","29808268","chr5","49726676","49726977","4","19918708"
"chr17","30258217","30258526","chr3","58617416","58617725","39","28359199"
"chr17","30270001","30270293","chr5","50152142","50152438","9","19882141"
"chr17","30316020","30316323","chr5","50196461","50196766","5","19880441"
"chr17","30847407","30847716","chr5","50720800","50721101","20","19873393"
"chr17","31240565","31240624","chr5","51103604","51103663","0","19863039"
"chr17","31240625","31240852","chr5","51103664","51103891","3","19863039"
"chr17","31720769","31720960","chr5","51575028","51575216","7","19854259"
"chr17","31721553","31721749","chr2A","63296288","63296481","25","31574735"
"chr17","31863318","31863596","chr5","51717312","51717589","6","19853994"
"chr17","32782648","32782955","chr5","52621479","52621788","10","19838831"
"chr17","33175929","33176238","chr5","53017051","53017360","6","19841122"
"chr17","33264618","33264899","chr5","53109903","53110196","17","19845285"
"chr17","33339727","33340027","chr5","53179306","53179611","9","19839579"
"chr17","33351700","33351999","chr5","53186883","53187179","13","19835183"
"chr17","33372532","33372649","chr5","53207575","53207688","6","19835043"
"chr17","33815856","33816160","chr5","53639540","53639839","10","19823684"
"chr17","34285797","34286093","chr5","54100031","54100320","11","19814234"
"chr17","34944264","34944538","chr5","54756745","54757019","10","19812481"
"chr17","34980754","34981065","chr5","54794655","54794968","12","19813901"
"chr17","36719033","36719290","chr5","56506352","56506609","5","19787319"
"chr17","36746916","36747225","chr5","56522688","56522997","9","19775772"
"chr17","36791415","36791597","chr5","56567215","56567393","6","19775800"
"chr17","37337229","37337397","chr5","57079464","57079634","8","19742235"
"chr17","37337511","37337686","chr5","57079464","57079634","20","19741953"
"chr17","38707130","38707424","chr5","58409409","58409698","10","19702279"
"chr17","38845530","38845816","chr5","58548030","58548316","9","19702500"
"chr17","38881851","38882149","chr5","58585514","58585816","18","19703663"
"chr17","38887388","38887688","chr5","58591059","58591356","12","19703671"
"chr17","39333966","39334276","chr5","59039124","59039425","12","19705158"
"chr17","39474086","39474384","chr5","59174604","59174893","13","19700518"
"chr17","39950992","39951290","chr5","59657777","59658084","18","19706785"
"chr17","39957482","39957779","chr5","59664268","59664563","7","19706786"
"chr17","39982365","39982657","chr5","59685699","59685991","4","19703334"
"chr17","40221018","40221316","chr5","59919762","59920039","25","19698744"
"chr17","40358391","40358680","chr5","60047194","60047477","10","19688803"
"chr17","40421697","40422002","chr1","153053700","153054007","30","112632003"
"chr17","40506711","40506996","chr5","60195120","60195401","10","19688409"
"chr17","41761346","41761595","chr5","61422267","61422518","13","19660921"
"chr17","41945448","41945754","chr5","61606795","61607099","7","19661347"
"chr17","42119702","42119999","chr5","61771428","61771715","15","19651726"
"chr17","42382968","42383273","chr5","62025685","62025964","31","19642717"
"chr17","42653926","42654150","chr5","62291815","62292039","8","19637889"
"chr17","43905820","43906118","chr5","63520215","63520502","14","19614395"
"chr17","44266231","44266517","chr5","63864363","63864648","16","19598132"
"chr17","44327025","44327287","chr5","63942914","63943178","8","19615889"
"chr17","44332451","44332738","chr14","73185976","73186275","50","28853525"
"chr17","49295809","49296090","chr19","57189923","57190204","45","7894114"
"chr17","51383111","51383412","chr5","71408878","71409174","13","20025767"
"chr17","51640078","51640356","chr5","71670018","71670315","27","20029940"
"chr17","51790365","51790652","chr5","71831818","71832107","5","20041453"
"chr17","52167901","52168209","chr5","72219773","72220080","12","20051872"
"chr17","52214045","52214355","chr9","95442685","95442992","42","43228640"
"chr17","54095285","54095421","chr5","74200371","74200505","5","20105086"
"chr17","54174567","54174863","chr5","74279940","74280244","15","20105373"
"chr17","54404873","54405190","chr5","74517934","74518255","21","20113061"
"chr17","54408238","54408538","chr1","141239412","141239712","30","86831174"
"chr17","54492349","54492629","chr5","74603104","74603384","8","20110755"
"chr17","54507962","54508261","chr5","74617964","74618240","29","20110002"
"chr17","54619744","54620040","chr3","37965720","37966018","38","16654024"
"chr17","54673017","54673288","chr11","73893985","73894257","38","19220968"
"chr17","55783502","55783796","chr5","75883052","75883346","4","20099550"
"chr17","56415100","56415366","chr12","36172981","36173241","30","20242119"
"chr17","56638611","56638902","chr5","76721995","76722288","9","20083384"
"chr17","56655861","56656138","chr5","76740332","76740607","11","20084471"
"chr17","56976827","56977126","chr5","77059702","77059998","18","20082875"
"chr17","57091005","57091321","chr5","77166887","77167193","22","20075882"
"chr17","57180638","57180920","chr5","77250582","77250864","8","20069944"
"chr17","57726092","57726391","chr5","77804418","77804712","10","20078326"
"chr17","57971996","57972300","chr5","78282848","78283148","8","20310852"
"chr17","57985120","57985389","chr5","78295489","78295786","34","20310369"
"chr17","58061091","58061374","chr5","78368066","78368341","15","20306975"
"chr17","58091729","58091972","chr3","52661917","52662153","36","5429812"
"chr17","58150801","58151112","chr5","78469471","78469781","8","20318670"
"chr17","58891590","58891902","chr5","79200236","79200545","15","20308646"
"chr17","58951550","58951821","chr5","79260250","79260538","21","20308700"
"chr17","59114428","59114684","chr7","110422984","110423219","55","51308556"
"chr17","59278322","59278607","chr5","79575928","79576213","10","20297606"
"chr17","59712035","59712327","chr5","80024378","80024670","4","20312343"
"chr17","59719616","59719901","chr1","181317808","181318101","75","121598192"
"chr17","60680103","60680412","chr5","80998582","80998887","16","20318479"
"chr17","61417847","61418157","chr5","81847722","81848034","16","20429875"
"chr17","61924853","61925138","chr5","77250582","77250864","34","15325729"
"chr17","62836941","62837243","chr5","83184631","83184934","8","20347690"
"chr17","62837608","62837917","chr5","83185299","83185607","8","20347691"
"chr17","62989222","62989486","chr5","83341046","83341300","16","20351824"
"chr17","63059396","63059693","chr5","83409019","83409315","12","20349623"
"chr17","63177862","63178164","chr14","77759643","77759941","26","14581781"
"chr17","63313265","63313556","chr5","83653353","83653646","62","20340088"
"chr17","63380467","63380722","chr5","83722862","83723119","9","20342395"
"chr17","63419325","63419601","chr5","83761547","83761827","9","20342222"
"chr17","63421773","63421957","chr5","83764050","83764227","10","20342277"
"chr17","63528557","63528825","chr1","192343242","192343519","47","128814685"
"chr17","63544827","63545138","chr5","83879075","83879370","20","20334248"
"chr17","63601772","63602063","chr5","83935296","83935585","4","20333524"
"chr17","63694847","63695148","chr5","84026412","84026716","15","20331565"
"chr17","63720884","63721189","chr5","84051089","84051387","19","20330205"
"chr17","63739103","63739397","chr5","84069243","84069549","18","20330140"
"chr17","63798941","63799245","chr5","84129104","84129408","5","20330163"
"chr17","63860225","63860522","chrX","141885643","141885938","43","78025418"
"chr17","64277579","64277880","chr1","120251594","120251899","33","55974015"
"chr17","65156143","65156438","chr5","85436933","85437229","11","20280790"
"chr17","65595763","65595804","chr5","85874645","85874686","0","20278882"
"chr17","66178360","66178568","chr5","86638082","86638292","6","20459722"
"chr17","66465170","66465458","chr5","86884582","86884870","4","20419412"
"chr17","67092754","67093035","chr5","87531287","87531592","37","20438533"
"chr17","67511295","67511585","chr5","87947879","87948176","16","20436584"
"chr17","68451256","68451553","chr3","25635617","25635910","36","42815639"
"chr17","68728909","68729210","chr5","89252016","89252307","21","20523107"
"chr17","69276208","69276504","chr5","89788278","89788581","10","20512070"
"chr17","69804122","69804432","chr5","90327189","90327479","31","20523067"
"chr17","69827638","69827955","chr17","56821225","56821534","47","13006413"
"chr17","69902229","69902538","chr5","90327189","90327479","30","20424960"
"chr17","69925762","69926077","chr17","56821225","56821534","43","13104537"
"chr17","70001885","70002183","chr5","90432045","90432343","7","20430160"
"chr17","70386221","70386492","chr5","90815231","90815493","17","20429010"
"chr17","70400277","70400588","chr5","90829605","90829914","13","20429328"
"chr17","70831756","70832063","chr5","91253535","91253846","16","20421779"
"chr17","71000762","71001048","chr5","91401898","91402177","12","20401136"
"chr17","71016780","71017087","chr5","91417854","91418163","14","20401074"
"chr17","71095466","71095646","chr5","91500054","91500220","18","20404588"
"chr17","71299498","71299804","chr5","91704735","91705043","11","20405237"
"chr17","72120460","72120767","chr5","92486762","92487050","25","20366302"
"chr17","72123234","72123529","chr5","92489536","92489833","5","20366302"
"chr17","72145487","72145716","chr5","92511911","92512138","9","20366424"
"chr17","72465908","72466209","chr5","92817157","92817457","20","20351249"
"chr17","73308701","73308978","chr5","93657557","93657853","23","20348856"
"chr17","74174032","74174341","chr3","51195721","51196030","33","22978311"
"chr17","74287117","74287412","chr5","94895124","94895402","23","20608007"
"chr17","74797062","74797366","chr5","95367128","95367436","10","20570066"
"chr17","75137072","75137348","chr2A","81146527","81146798","35","6009455"
"chr17","75499767","75500000","chr1","130846386","130846616","46","55346619"
"chr17","75825371","75825662","chr5","96356807","96357098","14","20531436"
"chr17","76146339","76146620","chr17","19852319","19852597","35","56294020"
"chr17","76173037","76173335","chr17","13084942","13085241","30","63088095"
"chr17","76317777","76317943","chr5","96826507","96826673","2","20508730"
"chr17","77754392","77754681","chr5","18096428","18096714","5","59657964"
"chr17","77853190","77853488","chr5","17985325","17985608","25","59867865"
"chr17","78411096","78411308","chr3","83371539","83371750","23","4960443"
"chr17","78477032","78477315","chr5","17187861","17188150","14","61289171"
"chr17","78483980","78484277","chr5","17175351","17175655","31","61308629"
"chr17","78490935","78491249","chr5","162753852","162754159","32","84262917"
"chr17","78551920","78552206","chr5","17110644","17110931","5","61441276"
"chr17","78564948","78565235","chr5","17097015","17097331","39","61467933"
"chr17","78819741","78820034","chr1","157448490","157448797","40","78628749"
"chr17","79164133","79164446","chr5","16492875","16493183","9","62671258"
"chr17","79237240","79237340","chr5","16418500","16418600","0","62818740"
"chr17","79864203","79864496","chr5","15869280","15869526","48","63994923"
"chr17","79868817","79869098","chr5","15864685","15864966","6","64004132"
"chr17","80690179","80690457","chr5","15038609","15038893","12","65651570"
"chr17","81050293","81050602","chr9","100529816","100530123","30","19479523"
"chr17","81357457","81357774","chr5","14394902","14395205","20","66962555"
"chr17","81678176","81678477","chr5","14067365","14067665","8","67610811"
"chr17","81800114","81800413","chr1","183563458","183563755","29","101763344"
"chr17","82615667","82615979","chr4","109377359","109377660","39","26761692"
"chr17","83469755","83470044","chr5","12362181","12362469","9","71107574"
"chr17","84226642","84226939","chr5","11598548","11598842","10","72628094"
"chr17","84623507","84623813","chr5","11206832","11207137","8","73416675"
"chr17","85024140","85024447","chr5","10810747","10811025","34","74213393"
"chr17","86223149","86223454","chr1","41721583","41721886","28","44501566"
"chr17","86302916","86303038","chr9","34624049","34624171","11","51678867"
"chr17","86595804","86596099","chr5","9225091","9225385","15","77370713"
"chr17","87129333","87129625","chr5","8713302","8713581","25","78416031"
"chr17","87237059","87237362","chr5","8608836","8609145","15","78628223"
"chr17","88461878","88461936","chr6","81260690","81260745","6","7201188"
"chr17","89627298","89627590","chr5","6136520","6136820","20","83490778"
"chr17","89939751","89940054","chr3","124140468","124140768","33","34200717"
"chr17","89952085","89952391","chr5","5842018","5842315","17","84110067"
"chr17","89986598","89986738","chr10","124170530","124170657","26","34183932"
"chr17","90299456","90299730","chr5","5513602","5513876","11","84785854"
"chr17","90455930","90456221","chr5","5357348","5357640","4","85098582"
"chr17","91665635","91665932","chr5","4167429","4167717","11","87498206"
"chr17","92398819","92399124","chr5","3450648","3450941","18","88948171"
"chr17","92426653","92426945","chr5","3423421","3423720","17","89003232"
"chr17","94465604","94465899","chr5","1417136","1417427","19","93048468"
"chr17","95115238","95115549","chrUn_NW_014014622v1","14679","14995","14","95100559"
"chr17","95372008","95372294","chr1","134944721","134945004","44","39572713"
"chr17","95424181","95424490","chr2A","4634696","4635005","31","90789485"
"chr17","95871071","95871378","chr21","36801272","36801577","34","59069799"
"chr18","641413","641699","chr7","37269379","37269669","32","36627966"
"chr18","1057573","1057882","chr18","2760903","2761220","12","1703330"
"chr18","1195883","1196168","chr18","2896090","2896372","10","1700207"
"chr18","1424254","1424559","chr18","16077103","16077411","7","14652849"
"chr18","1652738","1652910","chr18","16343584","16343761","8","14690846"
"chr18","2033096","2033369","chr2A","97545126","97545399","44","95512030"
"chr18","2167903","2168195","chr18","16833197","16833491","10","14665294"
"chr18","2205921","2206182","chr4","163453460","163453724","28","161247539"
"chr18","2375679","2375960","chr18","17053146","17053428","6","14677467"
"chr18","2382204","2382515","chr6","20960668","20960969","34","18578464"
"chr18","2499123","2499417","chr18","17172773","17173073","15","14673650"
"chr18","2831348","2831511","chr18","4651598","4651764","6","1820250"
"chr18","3139670","3139724","chr10","71381552","71381603","26","68241882"
"chr18","3142942","3143000","chr15","90036884","90036938","28","86893942"
"chr18","3459911","3460011","chr11","3264459","3264550","18","195452"
"chr18","3460015","3460192","chr3","146068504","146068688","30","142608489"
"chr18","3518202","3518496","chr18","5294284","5294579","5","1776082"
"chr18","4028468","4028764","chr18","5773499","5773792","8","1745031"
"chr18","4115765","4116043","chr10","73992792","73993072","47","69877027"
"chr18","5066386","5066693","chr18","6773622","6773932","12","1707236"
"chr18","5592681","5593003","chr15","82202339","82202664","45","76609658"
"chr18","5780999","5781119","chr18","7409755","7409870","8","1628756"
"chr18","5826546","5826844","chr18","7455217","7455509","10","1628671"
"chr18","6940274","6940583","chr18","8596219","8596509","26","1655945"
"chr18","7055432","7055722","chr18","8657167","8657458","5","1601735"
"chr18","7808568","7808848","chr10","18171112","18171413","43","10362544"
"chr18","7874348","7874640","chrX","141885643","141885938","32","134011295"
"chr18","8151206","8151517","chr18","9737844","9738152","12","1586638"
"chr18","8580421","8580724","chr18","10161693","10162000","22","1581272"
"chr18","8957025","8957319","chr18","10534112","10534400","16","1577087"
"chr18","10378258","10378544","chr18","11932774","11933053","13","1554516"
"chr18","10591968","10592276","chr18","12142205","12142515","10","1550237"
"chr18","11250308","11250614","chr18","12783907","12784210","10","1533599"
"chr18","11265131","11265438","chr18","12798735","12799030","16","1533604"
"chr18","11300771","11300987","chr17","2196508","2196718","26","9104263"
"chr18","11309836","11310129","chr18","12850900","12851193","6","1541064"
"chr18","11476473","11476669","chr1","9512840","9513038","38","1963633"
"chr18","11478779","11479072","chr9","17116174","17116466","32","5637395"
"chr18","11558403","11558702","chr3","15281262","15281550","27","3722859"
"chr18","11592912","11593229","chr5","16492875","16493183","42","4899963"
"chr18","11639956","11640251","chr18","13194339","13194632","7","1554383"
"chr18","12220902","12221197","chr18","13781628","13781923","7","1560726"
"chr18","12352305","12352610","chr18","13910911","13911200","24","1558606"
"chr18","12430690","12430984","chr18","13988446","13988736","9","1557756"
"chr18","12479557","12479863","chr1","68553745","68554049","34","56074188"
"chr18","12512031","12512323","chr18","14069852","14070144","10","1557821"
"chr18","12546847","12547159","chr1","154136761","154137062","41","141589914"
"chr18","12768662","12768954","chr18","14330830","14331119","7","1562168"
"chr18","13277902","13278202","chr18","14855831","14856126","7","1577929"
"chr18","13646598","13646897","chr18","15196060","15196357","17","1549462"
"chr18","14348814","14349102","chr18","17226604","17226896","7","2877790"
"chr18","14363891","14364184","chr18","17241123","17241416","10","2877232"
"chr18","14409945","14410276","chr18","17285844","17286161","19","2875899"
"chr18","14542918","14543212","chr18","17419311","17419604","11","2876393"
"chr18","14592918","14593210","chr18","17458631","17458933","22","2865713"
"chr18","14623888","14624179","chr18","17493920","17494216","9","2870032"
"chr18","17590586","17590864","chr22","39863840","39864121","31","22273254"
"chr18","17652400","17652691","chr18","17981736","17982017","15","329336"
"chr18","17711270","17711564","chr18","18039979","18040274","5","328709"
"chr18","17783589","17783810","chr18","18107079","18107295","12","323490"
"chr18","17784100","17784256","chr1","44072894","44073051","32","26288794"
"chr18","17889527","17889826","chr18","18233488","18233786","8","343961"
"chr18","17909463","17909768","chr18","18253537","18253844","11","344074"
"chr18","17930114","17930403","chr18","18274106","18274396","19","343992"
"chr18","18125339","18125642","chr18","18467018","18467316","13","341679"
"chr18","18151896","18152180","chr1","21002892","21003170","45","2850996"
"chr18","18237891","18238185","chr18","18571430","18571727","14","333539"
"chr18","18613352","18613683","chr18","18896573","18896874","35","283221"
"chr18","18749568","18749849","chr18","19030017","19030298","6","280449"
"chr18","19163947","19164243","chr18","19444611","19444906","5","280664"
"chr18","19246891","19247186","chr18","19526144","19526435","11","279253"
"chr18","19307844","19308104","chr5","151905730","151905988","40","132597886"
"chr18","19530594","19530818","chr7","154995961","154996183","27","135465367"
"chr18","19658237","19658543","chr12","130595155","130595461","31","110936918"
"chr18","20002958","20003234","chr18","20282264","20282563","28","279306"
"chr18","20031152","20031461","chr18","20309848","20310158","8","278696"
"chr18","20051327","20051604","chr2B","247725012","247725288","33","227673685"
"chr18","20051634","20051650","chr1","38242975","38242991","4","18191341"
"chr18","20126549","20126833","chr18","20408545","20408829","4","281996"
"chr18","20336418","20336704","chr18","20639291","20639571","11","302873"
"chr18","20467526","20467754","chr18","20770421","20770649","3","302895"
"chr18","20598051","20598342","chr18","20900671","20900958","7","302620"
"chr18","20685448","20685738","chr18","20987015","20987303","11","301567"
"chr18","20856379","20856682","chr5","127596233","127596540","34","106739854"
"chr18","20876533","20876710","chr18","21176372","21176549","4","299839"
"chr18","21029143","21029453","chr5","20779550","20779859","30","249593"
"chr18","21313062","21313358","chr18","21572149","21572451","14","259087"
"chr18","21479745","21480033","chr6","71552756","71553045","36","50073011"
"chr18","21852782","21853064","chr18","22079061","22079344","9","226279"
"chr18","23172271","23172529","chr18","23380556","23380814","4","208285"
"chr18","23226940","23227234","chr18","23433773","23434058","17","206833"
"chr18","23325568","23325872","chr18","23532284","23532593","13","206716"
"chr18","23399327","23399561","chr18","23604862","23605096","3","205535"
"chr18","23796236","23796540","chr18","23993023","23993327","6","196787"
"chr18","23884016","23884320","chr18","24078502","24078791","26","194486"
"chr18","24123872","24124174","chr18","24320486","24320788","3","196614"
"chr18","24366993","24367291","chr18","24569134","24569424","19","202141"
"chr18","24814121","24814232","chr18","24994623","24994736","4","180502"
"chr18","24872505","24872800","chr18","25053395","25053695","10","180890"
"chr18","25161329","25161425","chr1","112164114","112164208","23","87002785"
"chr18","26028964","26029270","chr18","26188667","26188973","11","159703"
"chr18","26227881","26228105","chr18","26383064","26383284","10","155183"
"chr18","26561842","26562153","chr18","26661880","26662196","14","100038"
"chr18","26719063","26719356","chr18","26816860","26817150","11","97797"
"chr18","26894341","26894639","chr18","26987322","26987626","16","92981"
"chr18","26967882","26968182","chr18","27061020","27061313","17","93138"
"chr18","28116630","28116910","chr18","28164000","28164310","33","47370"
"chr18","28547188","28547488","chr18","28585916","28586218","8","38728"
"chr18","28738631","28738915","chr1","140359223","140359502","35","111620592"
"chr18","28747293","28747594","chr18","28779109","28779394","23","31816"
"chr18","28824103","28824236","chr18","28875043","28875176","2","50940"
"chr18","29090525","29090821","chr18","29130724","29131036","25","40199"
"chr18","29420696","29420999","chr18","29466523","29466823","9","45827"
"chr18","29586527","29586686","chr18","29631998","29632157","4","45471"
"chr18","30048051","30048350","chr18","30081182","30081480","10","33131"
"chr18","30116114","30116412","chr18","30149559","30149855","8","33445"
"chr18","30717097","30717374","chr18","30762662","30762939","11","45565"
"chr18","30885184","30885468","chr18","30936924","30937208","8","51740"
"chr18","31266093","31266158","chr19","44195068","44195136","11","12928975"
"chr18","31599603","31599891","chr15","45989516","45989813","36","14389913"
"chr18","31667248","31667538","chr18","31696335","31696623","4","29087"
"chr18","31721067","31721357","chr18","31696335","31696623","5","24732"
"chr18","32959376","32959673","chr18","32928277","32928574","5","31099"
"chr18","33063077","33063287","chr18","33031265","33031474","4","31812"
"chr18","33694672","33694923","chr15","74106887","74107137","32","40412215"
"chr18","33843302","33843477","chr6","17957493","17957667","44","15885809"
"chr18","33871188","33871489","chr18","33818174","33818463","15","53014"
"chr18","34360197","34360504","chr18","34306196","34306503","8","54001"
"chr18","34827930","34828230","chr1","68553745","68554049","35","33725815"
"chr18","35857042","35857349","chr18","35789040","35789320","35","68002"
"chr18","36505577","36505687","chr8","11718118","11718227","17","24787459"
"chr18","37023191","37023497","chr18","36949710","36950015","5","73481"
"chr18","37171481","37171612","chr18","37091690","37091821","2","79791"
"chr18","37321194","37321501","chr18","37222958","37223255","19","98236"
"chr18","39274749","39275049","chr18","39133919","39134216","10","140830"
"chr18","39834019","39834340","chr6","11303332","11303624","49","28530687"
"chr18","41178379","41178509","chr13","47827594","47827724","12","6649215"
"chr18","41696764","41697053","chr17","5574236","5574526","38","36122528"
"chr18","42006183","42006496","chr5","82824822","82825129","37","40818639"
"chr18","42186667","42186960","chr18","42017081","42017372","6","169586"
"chr18","42237460","42237582","chr18","42067917","42068039","2","169543"
"chr18","42906272","42906574","chr18","42694817","42695115","9","211455"
"chr18","43120587","43120889","chrX","46613801","46614104","36","3493214"
"chr18","43141867","43142157","chr18","42921882","42922163","17","219985"
"chr18","43185034","43185328","chr18","42962646","42962937","5","222388"
"chr18","43189953","43190254","chr18","42967256","42967554","9","222697"
"chr18","43252577","43252889","chr18","43061098","43061404","12","191479"
"chr18","43986314","43986619","chr1","68553745","68554049","36","24567431"
"chr18","44000256","44000339","chr10","89817935","89818018","1","45817679"
"chr18","44001104","44001409","chr10","89816864","89817169","0","45815760"
"chr18","44809273","44809563","chr18","44405687","44405972","17","403586"
"chr18","44817107","44817395","chr18","44405687","44405972","14","411420"
"chr18","46272325","46272431","chr18","45829717","45829823","0","442608"
"chr18","46456470","46456746","chr18","46020217","46020496","6","436253"
"chr18","46667780","46668087","chr18","46231698","46232010","13","436082"
"chr18","46749076","46749355","chr18","46323274","46323553","6","425802"
"chr18","47250862","47251159","chr18","46817406","46817701","4","433456"
"chr18","47545162","47545297","chr18","47111021","47111157","3","434141"
"chr18","48336355","48336548","chr15","37766653","37766837","40","10569702"
"chr18","48475662","48475961","chr18","47980867","47981166","16","494795"
"chr18","48806841","48807121","chr18","48289000","48289300","26","517841"
"chr18","48883233","48883522","chr18","48370857","48371148","10","512376"
"chr18","50115708","50116001","chr18","49603785","49604074","17","511923"
"chr18","50455431","50455756","chr18","49942211","49942493","50","513220"
"chr18","51403020","51403333","chr18","50884660","50884971","3","518360"
"chr18","51464538","51464822","chr1","91126197","91126488","37","39661659"
"chr18","51825147","51825439","chr18","51294300","51294580","22","530847"
"chr18","52487971","52488276","chr18","51926983","51927287","8","560988"
"chr18","52901896","52902187","chr18","52341023","52341314","7","560873"
"chr18","53242899","53243196","chr18","52699348","52699647","12","543551"
"chr18","53252847","53253144","chr18","52699348","52699647","12","553499"
"chr18","53424886","53425168","chr18","52850891","52851175","8","573995"
"chr18","53504132","53504435","chr18","52929660","52929961","6","574472"
"chr18","54124601","54124893","chr18","53538524","53538820","8","586077"
"chr18","54913542","54913667","chr4","188502699","188502814","24","133589157"
"chr18","54939167","54939472","chr1","138813545","138813848","32","83874378"
"chr18","55546683","55546988","chr18","54954252","54954557","12","592431"
"chr18","55885085","55885379","chr18","55289973","55290266","10","595112"
"chr18","56156346","56156638","chr18","55539482","55539767","16","616864"
"chr18","56158398","56158694","chr17","61133825","61134123","34","4975427"
"chr18","56196493","56196787","chr9","80707313","80707610","36","24510820"
"chr18","56323739","56324028","chr18","55704757","55705040","13","618982"
"chr18","56465014","56465298","chr18","55804252","55804535","15","660762"
"chr18","56535838","56535996","chr18","55874793","55874951","2","661045"
"chr18","56582733","56583030","chr18","55906234","55906530","5","676499"
"chr18","57077978","57078140","chr18","56316526","56316693","6","761452"
"chr18","57588074","57588368","chr18","56840183","56840478","11","747891"
"chr18","58005455","58005755","chr18","57250753","57251051","13","754702"
"chr18","58308596","58308895","chr18","57550302","57550605","10","758294"
"chr18","59627808","59628097","chr18","58824757","58825051","9","803051"
"chr18","59812856","59813131","chr18","59008690","59008968","9","804166"
"chr18","60302608","60302911","chr18","59512325","59512625","11","790283"
"chr18","60346071","60346378","chr18","59557289","59557596","15","788782"
"chr18","60362279","60362584","chr18","59572698","59573003","5","789581"
"chr18","60869788","60870093","chr18","60034960","60035264","5","834828"
"chr18","60935959","60936252","chr17","5574236","5574526","30","55361723"
"chr18","61471374","61471676","chr18","60614722","60615023","3","856652"
"chr18","61840224","61840520","chr18","60981856","60982153","10","858368"
"chr18","62703302","62703604","chr18","61774290","61774590","7","929012"
"chr18","64173112","64173405","chr18","63198593","63198888","9","974519"
"chr18","64382586","64382857","chr19","18789365","18789635","35","45593221"
"chr18","64907947","64908144","chr18","63901719","63901916","3","1006228"
"chr18","65772423","65772721","chr18","64772589","64772881","15","999834"
"chr18","65861429","65861761","chr7","120315723","120316046","50","54454294"
"chr18","66151289","66151598","chr18","65143489","65143782","26","1007800"
"chr18","66255953","66256256","chr4","109377359","109377660","43","43121406"
"chr18","66440663","66440953","chr18","65425085","65425375","5","1015578"
"chr18","66753057","66753324","chr18","65714772","65715039","5","1038285"
"chr18","67393217","67393520","chr18","66336844","66337144","14","1056373"
"chr18","67589010","67589246","chr18","66529739","66529962","18","1059271"
"chr18","67731652","67731962","chr18","66679565","66679875","7","1052087"
"chr18","67951948","67952240","chr18","66894423","66894715","12","1057525"
"chr18","68243863","68244019","chr19","59203125","59203283","18","9040738"
"chr18","68244383","68244665","chr18","67195294","67195592","24","1049089"
"chr18","68420558","68420875","chr18","67368852","67369143","31","1051706"
"chr18","68888418","68888721","chr18","67828314","67828620","16","1060104"
"chr18","69073152","69073449","chr2A","87439387","87439684","35","18366235"
"chr18","69772761","69773056","chr18","68674143","68674435","8","1098618"
"chr18","69838902","69839197","chr18","68739674","68739967","16","1099228"
"chr18","69940791","69940917","chr9","5721739","5721859","18","64219052"
"chr18","70038532","70038831","chr18","68938173","68938450","34","1100359"
"chr18","70141209","70141478","chr18","69043678","69043974","36","1097531"
"chr18","70417035","70417234","chr10","108353485","108353684","33","37936450"
"chr18","70863478","70863791","chr8","126195358","126195665","43","55331880"
"chr18","70951300","70951603","chr18","69794291","69794587","17","1157009"
"chr18","71178627","71178932","chr18","69999599","69999892","17","1179028"
"chr18","71528531","71528839","chr16","73564438","73564747","41","2035907"
"chr18","71877090","71877390","chr18","70694254","70694550","8","1182836"
"chr18","72174401","72174705","chr18","70979122","70979403","28","1195279"
"chr18","72408547","72408723","chr18","71209697","71209862","15","1198850"
"chr18","72750885","72751117","chr18","71538860","71539088","7","1212025"
"chr18","73315864","73316154","chr18","72096908","72097198","5","1218956"
"chr18","74310377","74310676","chr1","141239412","141239712","34","66929035"
"chr18","74388538","74388842","chr18","73252170","73252468","15","1136368"
"chr18","74513695","74513993","chr18","73356115","73356424","14","1157580"
"chr18","74550548","74550852","chr18","73394098","73394402","13","1156450"
"chr18","74586693","74586994","chr18","73431171","73431470","9","1155522"
"chr18","75083964","75084272","chr18","73912732","73913038","28","1171232"
"chr18","75230474","75230779","chr18","74055859","74056160","11","1174615"
"chr18","76357167","76357474","chr18","75169635","75169938","21","1187532"
"chr18","76994427","76994710","chr18","75816549","75816831","9","1177878"
"chr18","77784135","77784428","chr2A","112725416","112725709","24","34941281"
"chr18","77787099","77787400","chr18","76971498","76971804","16","815601"
"chr18","77825867","77826170","chr18","77005967","77006271","14","819900"
"chr19","49282822","49283117","chr19","55902763","55903055","14","6619941"
"chr19","30932863","30933146","chr19","37209349","37209632","12","6276486"
"chr19","377900","378075","chr18","73182717","73182892","26","72804817"
"chr19","378400","378458","chr6","81260690","81260745","6","80882290"
"chr19","442797","443108","chr19","629289","629589","16","186492"
"chr19","449832","450126","chr19","635880","636176","17","186048"
"chr19","854177","854490","chr2A","57811745","57812051","40","56957568"
"chr19","1167757","1168052","chr19","1342923","1343218","8","175166"
"chr19","1794174","1794469","chr20","131867","132161","33","1662307"
"chr19","1853321","1853631","chr19","2071845","2072151","10","218524"
"chr19","1977691","1977869","chr16","62447334","62447513","29","60469643"
"chr19","2048467","2048762","chr19","2247120","2247406","16","198653"
"chr19","2273340","2273648","chr19","2492014","2492317","17","218674"
"chr19","2300042","2300328","chr2B","167768822","167769110","34","165468780"
"chr19","2756425","2756690","chr10","68476613","68476886","52","65720188"
"chr19","2783893","2784161","chr19","3000028","3000302","28","216135"
"chr19","3299712","3299882","chr19","3516157","3516302","30","216445"
"chr19","3646122","3646387","chr19","3857493","3857753","12","211371"
"chr19","3665190","3665503","chr19","3874929","3875242","12","209739"
"chr19","3764704","3765013","chr19","3975176","3975484","17","210472"
"chr19","3806510","3806816","chr1","204861182","204861483","44","201054672"
"chr19","3839229","3839529","chr9","80707313","80707610","42","76868084"
"chr19","3903207","3903512","chr8","99805449","99805756","43","95902242"
"chr19","3944094","3944400","chr19","4148256","4148562","5","204162"
"chr19","3948175","3948411","chr19","4151904","4152143","6","203729"
"chr19","4007809","4008112","chr3","37596334","37596638","36","33588525"
"chr19","4010806","4011109","chr3","37596334","37596638","36","33585528"
"chr19","4088026","4088325","chr19","4287387","4287686","8","199361"
"chr19","4327694","4328018","chr19","4534623","4534929","25","206929"
"chr19","4394335","4394653","chr11","113988201","113988507","46","109593866"
"chr19","4446630","4446914","chr19","4675680","4675962","6","229050"
"chr19","4461034","4461348","chr12","57324764","57325071","38","52863730"
"chr19","4504114","4504416","chr19","4730901","4731203","6","226787"
"chr19","5384732","5385029","chr19","5569191","5569490","8","184459"
"chr19","5421686","5421988","chr19","5605927","5606230","9","184241"
"chr19","5436627","5436937","chr19","5620603","5620911","7","183976"
"chr19","5522867","5523162","chr18","13781628","13781923","28","8258761"
"chr19","5969764","5970071","chr19","6142057","6142349","20","172293"
"chr19","5973113","5973415","chr19","6143995","6144291","10","170882"
"chr19","6088121","6088302","chr6","152952505","152952710","43","146864384"
"chr19","6315640","6315810","chr17","21441237","21441410","30","15125597"
"chr19","6336111","6336245","chr1","1508287","1508421","14","4827824"
"chr19","6390564","6390865","chr19","6545219","6545522","13","154655"
"chr19","6419592","6419901","chr19","6571120","6571429","3","151528"
"chr19","6423064","6423353","chrX","95554232","95554523","28","89131168"
"chr19","6575684","6575818","chr14","72582731","72582867","15","66007047"
"chr19","6581859","6582166","chr19","6735985","6736293","10","154126"
"chr19","6594733","6595044","chr19","6748668","6748976","10","153935"
"chr19","6667391","6667684","chr19","6819401","6819697","18","152010"
"chr19","6858938","6859230","chr19","7225325","7225625","15","366387"
"chr19","7151279","7151565","chr19","7482284","7482570","7","331005"
"chr19","7469521","7469855","chr19","7795874","7796178","37","326353"
"chr19","7557176","7557474","chr19","7891600","7891900","8","334424"
"chr19","7581143","7581320","chr19","7915244","7915422","12","334101"
"chr19","7602219","7602387","chr5","25443612","25443777","22","17841393"
"chr19","7841789","7841970","chr19","8164029","8164216","8","322240"
"chr19","8015495","8015800","chr11","106901349","106901647","31","98885854"
"chr19","8447512","8447804","chr19","49705671","49705964","36","41258159"
"chr19","8811754","8812043","chr19","9276765","9277064","21","465011"
"chr19","8840174","8840321","chr19","9303935","9304080","3","463761"
"chr19","9008049","9008350","chr19","9448354","9448651","18","440305"
"chr19","9142432","9142713","chr19","9549560","9549842","20","407128"
"chr19","9208534","9208802","chr19","9616188","9616462","11","407654"
"chr19","9261200","9261501","chr19","9666729","9667011","25","405529"
"chr19","9283098","9283397","chr19","9688538","9688841","8","405440"
"chr19","9336822","9337121","chr19","9739702","9739993","12","402880"
"chr19","9401777","9402089","chr19","9805095","9805389","22","403318"
"chr19","9414004","9414303","chr5","38954957","38955256","36","29540953"
"chr19","9424240","9424518","chr19","9842457","9842765","36","418217"
"chr19","9455163","9455448","chr19","9872597","9872882","7","417434"
"chr19","9463473","9463617","chr10","33516806","33516941","48","24053333"
"chr19","9516464","9516603","chr1","42427696","42427833","18","32911232"
"chr19","9708293","9708605","chr19","10146270","10146582","5","437977"
"chr19","9833542","9833844","chr22","27581886","27582175","38","17748344"
"chr19","9856350","9856656","chr19","10286616","10286917","14","430266"
"chr19","9877581","9877750","chr7","56293719","56293906","40","46416138"
"chr19","10132680","10132976","chr1","212548452","212548750","33","202415772"
"chr19","10231243","10231539","chr19","10684471","10684773","16","453228"
"chr19","10253724","10254031","chr19","10708181","10708487","7","454457"
"chr19","10356247","10356560","chr19","10806895","10807209","12","450648"
"chr19","10373052","10373351","chr1","110224228","110224530","31","99851176"
"chr19","10391319","10391459","chrX","9328811","9328963","31","1062508"
"chr19","10467403","10467704","chr14","73185976","73186275","31","62718573"
"chr19","10476122","10476431","chrX","68461113","68461421","45","57984991"
"chr19","10722151","10722453","chr13","98684850","98685147","48","87962699"
"chr19","10726518","10726574","chr16","25432463","25432520","15","14705945"
"chr19","10770384","10770660","chr19","11272724","11273000","13","502340"
"chr19","10845083","10845403","chr16","11945275","11945588","53","1100192"
"chr19","10848566","10848862","chr19","11349855","11350149","5","501289"
"chr19","10859927","10860217","chr19","11360910","11361198","21","500983"
"chr19","10944669","10944920","chr6","113327315","113327550","53","102382646"
"chr19","11017206","11017496","chr19","11507796","11508087","4","490590"
"chr19","11089947","11090251","chr12","27348118","27348425","43","16258171"
"chr19","11098981","11099275","chr2A","87439387","87439684","37","76340406"
"chr19","11168911","11169134","chr14","29826014","29826236","31","18657103"
"chr19","11206212","11206519","chr3","29299017","29299324","38","18092805"
"chr19","11355776","11355895","chr19","11865892","11866006","9","510116"
"chr19","11380106","11380415","chr19","11890017","11890326","8","509911"
"chr19","11658627","11658928","chr19","12083175","12083468","17","424548"
"chr19","11711836","11712129","chr19","12269323","12269616","9","557487"
"chr19","11715573","11715869","chr17","15186388","15186689","39","3470815"
"chr19","11744255","11744545","chr19","12303239","12303531","8","558984"
"chr19","11807572","11807846","chr15","52203391","52203666","39","40395819"
"chr19","11810216","11810326","chr14","93873401","93873509","13","82063185"
"chr19","11810327","11810622","chr19","12367943","12368238","6","557616"
"chr19","11894732","11895027","chrX","89483577","89483870","35","77588845"
"chr19","12050961","12051078","chr5","35534757","35534872","19","23483796"
"chr19","12181444","12181749","chr6","108343714","108344017","34","96162270"
"chr19","12423344","12423649","chr13","49854379","49854681","32","37431035"
"chr19","12496309","12496617","chr5","127596233","127596540","38","115099924"
"chr19","12507303","12507509","chr19","13044517","13044723","1","537214"
"chr19","12525301","12525605","chr19","13061649","13061940","18","536348"
"chr19","12640966","12641274","chr19","13175955","13176261","4","534989"
"chr19","12665620","12665668","chr15","62706043","62706091","4","50040423"
"chr19","12738323","12738498","chr3","123757609","123757787","29","111019286"
"chr19","12738789","12738916","chr4","60034737","60034864","28","47295948"
"chr19","12821991","12822289","chr19","13352932","13353228","8","530941"
"chr19","12935697","12935989","chr19","13460297","13460590","9","524600"
"chr19","13133187","13133474","chr19","13652755","13653043","8","519568"
"chr19","13161405","13161702","chr19","13680794","13681078","23","519389"
"chr19","13255502","13255801","chr19","13773290","13773582","18","517788"
"chr19","13350671","13350978","chr3","37596334","37596638","34","24245663"
"chr19","13506997","13507305","chr1","40238316","40238625","30","26731319"
"chr19","13508656","13508959","chr19","14027142","14027441","9","518486"
"chr19","13545403","13545517","chr19","14063643","14063757","1","518240"
"chr19","13746274","13746583","chr3","205008324","205008615","57","191262050"
"chr19","13786360","13786663","chr1","141239412","141239712","28","127453052"
"chr19","13904573","13904680","chr11","46664686","46664793","29","32760113"
"chr19","13904980","13905050","chr6","35377961","35378029","18","21472981"
"chr19","14052951","14053083","chr4","192425824","192425956","10","178372873"
"chr19","14125147","14125462","chr19","14758545","14758841","44","633398"
"chr19","14300736","14301036","chr17","4999398","4999706","43","9301338"
"chr19","14349355","14349634","chr5","140531376","140531653","34","126182021"
"chr19","14395077","14395379","chr19","15026311","15026609","12","631234"
"chr19","14644069","14644357","chr19","15381017","15381304","13","736948"
"chr19","14726333","14726613","chr9","88737979","88738258","30","74011646"
"chr19","14830328","14830622","chr19","15554831","15555139","22","724503"
"chr19","14861888","14862178","chr19","15585389","15585679","6","723501"
"chr19","14879744","14880036","chr19","15592142","15592430","19","712398"
"chr19","14949981","14950275","chr19","15663721","15664015","5","713740"
"chr19","14996696","14996857","chr19","15710987","15711148","4","714291"
"chr19","14997082","14997377","chr14","62895289","62895583","40","47898207"
"chr19","15091394","15091692","chr19","15804557","15804849","12","713163"
"chr19","15101925","15102211","chr19","15815162","15815445","15","713237"
"chr19","15113611","15113903","chr19","15827069","15827360","11","713458"
"chr19","15175504","15175807","chr8","126195358","126195665","39","111019854"
"chr19","15210073","15210378","chr19","15923317","15923608","18","713244"
"chr19","15216381","15216673","chrX","2577288","2577579","35","12639093"
"chr19","15385001","15385290","chr7","153229310","153229600","32","137844309"
"chr19","15696935","15697241","chr19","16354799","16355105","2","657864"
"chr19","15798868","15799173","chr19","16450551","16450859","13","651683"
"chr19","15879766","15880036","chr19","16531811","16532081","7","652045"
"chr19","15908822","15909129","chr19","16560553","16560860","2","651731"
"chr19","15914408","15914722","chr19","16565620","16565924","14","651212"
"chr19","16099117","16099405","chr19","16743155","16743463","30","644038"
"chr19","16307008","16307300","chr19","16961591","16961883","7","654583"
"chr19","16309876","16310172","chrX","31294941","31295233","34","14985065"
"chr19","16330915","16331153","chr19","16982121","16982319","45","651206"
"chr19","16353642","16353938","chr3","162313951","162314251","45","145960309"
"chr19","16384920","16385215","chr2A","17857509","17857803","33","1472589"
"chr19","16495912","16496193","chr19","17144271","17144552","6","648359"
"chr19","16584380","16584681","chr19","17232521","17232819","9","648141"
"chr19","16621593","16621694","chr19","17270131","17270234","4","648538"
"chr19","16629578","16629848","chr19","17277599","17277840","35","648021"
"chr19","16685578","16685869","chr19","17334688","17334979","5","649110"
"chr19","16905510","16905810","chr19","17539172","17539471","11","633662"
"chr19","16929681","16929989","chr11","117383282","117383589","40","100453601"
"chr19","16973086","16973261","chr1","21205378","21205543","33","4232292"
"chr19","17021058","17021190","chr6","10467247","10467384","28","6553811"
"chr19","17378537","17378592","chr19","17994160","17994215","1","615623"
"chr19","17400859","17401165","chr7","73842610","73842915","18","56441751"
"chr19","17431206","17431516","chr19","18046690","18047002","8","615484"
"chr19","17435739","17436021","chr19","18051266","18051571","28","615527"
"chr19","17663827","17664134","chr3","25578151","25578455","38","7914324"
"chr19","17702933","17703103","chr19","18310202","18310373","3","607269"
"chr19","17751071","17751240","chrX","26779353","26779526","43","9028282"
"chr19","17753655","17753948","chr19","18362303","18362596","1","608648"
"chr19","18134165","18134230","chr7","42940003","42940064","14","24805838"
"chr19","18155417","18155710","chr19","18742649","18742940","5","587232"
"chr19","18182267","18182565","chr19","18769908","18770211","11","587641"
"chr19","18210563","18210859","chr4","59662285","59662580","26","41451722"
"chr19","18326259","18326559","chr19","18914212","18914515","13","587953"
"chr19","18464775","18464905","chr11","70123635","70123764","13","51658860"
"chr19","18693225","18693528","chr18","59572698","59573003","38","40879473"
"chr19","18768876","18769147","chr19","19359877","19360146","9","591001"
"chr19","18795665","18795956","chr1","133611395","133611676","45","114815730"
"chr19","19016339","19016650","chr12","69080340","69080649","39","50064001"
"chr19","19030965","19031244","chr4","2645469","2645750","47","16385496"
"chr19","19062082","19062383","chr1","13668512","13668809","36","5393570"
"chr19","19146464","19146638","chr2A","24459791","24459949","37","5313327"
"chr19","19146639","19146927","chr19","19725245","19725555","29","578606"
"chr19","19146928","19147057","chr1","215663298","215663430","12","196516370"
"chr19","19186473","19186783","chr19","19764734","19765042","6","578261"
"chr19","19224088","19224388","chr10","72126936","72127236","37","52902848"
"chr19","19295134","19295427","chr19","19868641","19868934","9","573507"
"chr19","19333351","19333659","chr19","19906348","19906638","28","572997"
"chr19","19389261","19389558","chr19","19960125","19960423","8","570864"
"chr19","19401423","19401688","chr19","19972305","19972569","11","570882"
"chr19","19524931","19525236","chr18","9094960","9095263","26","10429971"
"chr19","19549927","19550199","chr4","143236477","143236762","45","123686550"
"chr19","19678118","19678408","chr19","20241956","20242246","7","563838"
"chr19","19724502","19724809","chr19","20288570","20288871","11","564068"
"chr19","19740270","19740566","chr19","20304427","20304723","4","564157"
"chr19","19936270","19936569","chr19","20483269","20483563","13","546999"
"chr19","19939884","19940045","chr19","20489065","20489226","7","549181"
"chr19","19988578","19988867","chr17","57227088","57227384","44","37238510"
"chr19","20048716","20049005","chr19","20592939","20593187","48","544223"
"chr19","20111418","20111726","chr19","20741110","20741408","14","629692"
"chr19","20155514","20155819","chr14","67282402","67282711","49","47126888"
"chr19","20266676","20266962","chr4","143236477","143236762","41","122969801"
"chr19","20343741","20344021","chr11","18737629","18737906","47","1606112"
"chr19","20352246","20352543","chr2A","97545705","97545999","46","77193459"
"chr19","20409058","20409232","chr15","70264494","70264670","39","49855436"
"chr19","20417845","20417965","chr7","15747218","15747333","20","4670627"
"chr19","20428940","20429073","chr19","20861932","20862054","13","432992"
"chr19","20429366","20429540","chr19","20862347","20862521","5","432981"
"chr19","20429934","20430225","chr2A","112725416","112725709","16","92295482"
"chr19","20442450","20442660","chr19","20874448","20874658","5","431998"
"chr19","20445862","20446168","chr19","20877834","20878146","13","431972"
"chr19","20450712","20451004","chr19","20882670","20882963","6","431958"
"chr19","20472907","20473199","chr15","28817826","28818115","30","8344919"
"chr19","20479864","20479968","chrUn_NW_014016209v1","1218","1318","21","20478646"
"chr19","20481862","20482131","chr1","15909581","15909860","63","4572281"
"chr19","20493506","20493767","chr19","20914241","20914500","5","420735"
"chr19","20617389","20617678","chr1","212261555","212261847","32","191644166"
"chr19","20627207","20627494","chr14","51445057","51445346","37","30817850"
"chr19","20670593","20670885","chr19","21100295","21100587","5","429702"
"chr19","20679130","20679421","chr19","21108745","21109034","7","429615"
"chr19","20716158","20716423","chr12","6240407","6240683","48","14475751"
"chr19","20758025","20758350","chr19","21205887","21206181","39","447862"
"chr19","20764923","20765214","chr19","21213091","21213383","7","448168"
"chr19","20767334","20767621","chr19","21215515","21215803","6","448181"
"chr19","20778940","20779232","chr19","21227047","21227336","9","448107"
"chr19","20815321","20815630","chr19","21260895","21261194","29","445574"
"chr19","20870528","20870833","chr19","21316057","21316350","22","445529"
"chr19","20979413","20979709","chr19","21423133","21423437","15","443720"
"chr19","21031959","21032262","chr1","40222027","40222331","48","19190068"
"chr19","21084460","21084767","chr19","21512384","21512706","23","427924"
"chr19","21132192","21132490","chr19","21562136","21562431","10","429944"
"chr19","21248262","21248444","chr1","129485445","129485626","21","108237183"
"chr19","21315510","21315798","chr19","21737547","21737840","9","422037"
"chr19","21670053","21670354","chr19","22087489","22087788","6","417436"
"chr19","21720695","21720987","chr3","110958105","110958401","37","89237410"
"chr19","21787995","21788281","chr19","22192184","22192470","5","404189"
"chr19","21857709","21858013","chr1","154352617","154352923","31","132494908"
"chr19","21903111","21903411","chr19","24181160","24181454","12","2278049"
"chr19","22379715","22379996","chr19","22430595","22430876","3","50880"
"chr19","22454917","22455201","chr19","22771314","22771598","4","316397"
"chr19","22498065","22498374","chr19","22806886","22807195","7","308821"
"chr19","22597275","22597515","chr2B","184937019","184937250","44","162339744"
"chr19","22616572","22616854","chr14","70337310","70337593","34","47720738"
"chr19","22792264","22792552","chr1","132955249","132955539","34","110162985"
"chr19","22843155","22843428","chr10","9126896","9127168","37","13716259"
"chr19","22846079","22846389","chr19","23171687","23172013","22","325608"
"chr19","22867701","22867902","chr14","54907436","54907668","56","32039735"
"chr19","22922194","22922480","chr2A","26944459","26944747","33","4022265"
"chr19","22984056","22984345","chr19","23319060","23319350","5","335004"
"chr19","23011326","23011607","chr19","23345248","23345532","7","333922"
"chr19","23041040","23041350","chr19","23371172","23371481","3","330132"
"chr19","23070755","23071049","chr19","46335241","46335533","33","23264486"
"chr19","23091706","23091999","chr19","23417939","23418230","6","326233"
"chr19","23123882","23123932","chr19","23448432","23448482","0","324550"
"chr19","23230624","23230812","chr19","23556289","23556477","4","325665"
"chr19","23289368","23289667","chr19","23615453","23615747","9","326085"
"chr19","23292798","23293087","chr19","23618875","23619167","11","326077"
"chr19","23332654","23332925","chr19","23652503","23652774","3","319849"
"chr19","23362381","23362688","chr9","119775598","119775904","41","96413217"
"chr19","23392685","23392988","chr8","9043702","9044008","29","14348983"
"chr19","23687238","23687530","chr19","24004118","24004407","9","316880"
"chr19","23689269","23689578","chr1","153053700","153054007","40","129364431"
"chr19","23748866","23749156","chr20","43127027","43127319","34","19378161"
"chr19","27451447","27451724","chr19","12803543","12803814","38","14647904"
"chr19","27747745","27747994","chr19","34071890","34072171","40","6324145"
"chr19","27925887","27926179","chr19","34243282","34243580","13","6317395"
"chr19","28202067","28202372","chr19","34524910","34525204","20","6322843"
"chr19","29031933","29032185","chr19","35342422","35342674","0","6310489"
"chr19","29247758","29248066","chr19","35545559","35545861","13","6297801"
"chr19","29449969","29450247","chr19","35736932","35737215","8","6286963"
"chr19","29751384","29751675","chr2B","220777215","220777507","31","191025831"
"chr19","29915835","29916127","chr3","48209643","48209937","32","18293808"
"chr19","30002748","30003056","chr19","36286773","36287082","5","6284025"
"chr19","30067335","30067462","chr19","36351069","36351195","5","6283734"
"chr19","30975181","30975489","chr19","37251579","37251876","17","6276398"
"chr19","31001249","31001552","chr19","37277785","37278086","19","6276536"
"chr19","31590036","31590148","chr19","37877239","37877351","0","6287203"
"chr19","31636741","31637057","chr6","23029025","23029335","35","8607716"
"chr19","31706863","31707233","chr19","37977444","37977776","43","6270581"
"chr19","31813112","31813418","chr19","38081055","38081360","7","6267943"
"chr19","32124424","32124716","chr19","38382510","38382803","5","6258086"
"chr19","32444397","32444706","chr19","38678713","38679022","35","6234316"
"chr19","32579406","32579536","chr5","117912572","117912704","13","85333166"
"chr19","32598173","32598436","chr19","38829015","38829278","2","6230842"
"chr19","32911993","32912195","chr19","39146186","39146386","4","6234193"
"chr19","32932771","32933068","chr10","34010742","34011039","46","1077971"
"chr19","33658876","33659175","chr19","39869874","39870145","32","6210998"
"chr19","33668352","33668643","chr19","39879463","39879752","7","6211111"
"chr19","33714011","33714170","chr2A","24459791","24459949","25","9254220"
"chr19","33718670","33718960","chr19","39928786","39929065","16","6210116"
"chr19","33737606","33737906","chr19","39947720","39948020","4","6210114"
"chr19","33812205","33812506","chr19","40020093","40020391","9","6207888"
"chr19","33891476","33891775","chr19","40099132","40099433","9","6207656"
"chr19","33939838","33940147","chr19","40145890","40146200","7","6206052"
"chr19","34180984","34181265","chr19","40381959","40382241","14","6200975"
"chr19","34644407","34644705","chr19","40830482","40830770","16","6186075"
"chr19","34711819","34712095","chr19","40897097","40897384","13","6185278"
"chr19","35192782","35193086","chr1","191606605","191606914","41","156413823"
"chr19","35226223","35226522","chr19","41386144","41386440","9","6159921"
"chr19","35254821","35255120","chr1","15804820","15805120","33","19450001"
"chr19","35273954","35274259","chr19","41433280","41433595","17","6159326"
"chr19","35323504","35323783","chr19","41484109","41484382","10","6160605"
"chr19","35346303","35346419","chr12","135047416","135047533","23","99701113"
"chr19","35499950","35499995","chr16","11913586","11913629","8","23586364"
"chr19","35702158","35702409","chr9","76205606","76205871","35","40503448"
"chr19","35892614","35892910","chr19","43401579","43401874","8","7508965"
"chr19","35904440","35904607","chr16","22540721","22540881","29","13363719"
"chr19","35904634","35904868","chr11","48074226","48074462","31","12169592"
"chr19","35932131","35932405","chr19","43364215","43364488","11","7432084"
"chr19","35941262","35941544","chr19","43355499","43355784","11","7414237"
"chr19","35981517","35981804","chr1","54749215","54749504","53","18767698"
"chr19","36034307","36034608","chr19","43265017","43265319","13","7230710"
"chr19","36433125","36433435","chr19","42866560","42866866","9","6433435"
"chr19","36486767","36487018","chr17","43027222","43027474","36","6540455"
"chr19","36495785","36496089","chr13","40829296","40829604","46","4333511"
"chr19","36685739","36686035","chr19","42605276","42605574","9","5919537"
"chr19","36723338","36723649","chr19","42569311","42569619","9","5845973"
"chr19","36734582","36734872","chr19","42563142","42563432","4","5828560"
"chr19","36880842","36881140","chr19","42474448","42474745","5","5593606"
"chr19","36899941","36900236","chr19","42454310","42454584","25","5554369"
"chr19","37186900","37187167","chr19","42161994","42162249","16","4975094"
"chr19","37254262","37254560","chr19","42078778","42079074","13","4824516"
"chr19","37394932","37395230","chr19","43555738","43556030","13","6160806"
"chr19","37642024","37642347","chr19","43799181","43799473","36","6157157"
"chr19","37642504","37642810","chr9","17462214","17462522","34","20180290"
"chr19","37822008","37822308","chr13","49854379","49854681","34","12032371"
"chr19","37832954","37833256","chr8","70443792","70444097","35","32610838"
"chr19","37863823","37864025","chr17","59897879","59898079","36","22034056"
"chr19","37984515","37984820","chr2B","211966726","211967030","31","173982211"
"chr19","38021967","38022147","chr19","44182080","44182258","5","6160113"
"chr19","38035596","38035664","chr19","44195068","44195136","0","6159472"
"chr19","38080475","38080780","chr19","44238364","44238671","5","6157889"
"chr19","38147191","38147500","chr19","44307072","44307381","3","6159881"
"chr19","38505538","38505840","chr19","44628611","44628912","9","6123073"
"chr19","38669828","38670117","chr19","44795538","44795831","13","6125710"
"chr19","38801312","38801618","chr19","44924919","44925218","15","6123607"
"chr19","38925759","38926056","chr11","19980359","19980655","31","18945400"
"chr19","39284884","39285185","chr2B","211966726","211967030","35","172681842"
"chr19","39302998","39303295","chr3","48209643","48209937","30","8906645"
"chr19","39380905","39381202","chr19","45447770","45448067","11","6066865"
"chr19","39457901","39458078","chr2B","237361319","237361495","30","197903418"
"chr19","39478008","39478297","chr1","168959008","168959300","56","129481000"
"chr19","39537702","39538006","chr13","34813617","34813921","35","4724085"
"chr19","39538263","39538550","chr19","45573751","45574056","28","6035488"
"chr19","39642992","39643131","chr16","85233737","85233867","18","45590745"
"chr19","39680501","39680795","chr19","45713443","45713737","7","6032942"
"chr19","39747652","39747986","chr10","12138606","12138922","64","27609046"
"chr19","40114763","40114940","chr19","46130956","46131133","2","6016193"
"chr19","40173743","40174035","chr19","46191717","46192019","15","6017974"
"chr19","40272870","40273169","chr19","46286283","46286586","10","6013413"
"chr19","40310266","40310559","chrX","126478807","126479100","27","86168541"
"chr19","40322664","40322960","chr19","46335241","46335533","13","6012577"
"chr19","40325642","40325884","chr7","112610706","112610955","40","72285064"
"chr19","40326734","40327024","chrX","41782034","41782327","32","1455300"
"chr19","40655834","40655862","chr19","46682849","46682877","0","6027015"
"chr19","40841701","40842010","chr10","103305895","103306202","39","62464194"
"chr19","40866833","40867141","chr19","46894998","46895305","7","6028165"
"chr19","40928921","40929222","chr9","130565835","130566130","37","89636914"
"chr19","40991889","40992117","chr15","61763916","61764151","31","20772027"
"chr19","41375218","41375519","chr19","47355273","47355559","26","5980055"
"chr19","41471346","41471669","chr6","37378966","37379273","50","4092380"
"chr19","41497157","41497425","chr20","32866037","32866305","29","8631120"
"chr19","41761825","41762131","chr19","47821283","47821591","13","6059458"
"chr19","41798115","41798408","chr19","47858388","47858680","6","6060273"
"chr19","41932928","41933199","chr19","47993008","47993307","34","6060080"
"chr19","41964041","41964343","chr19","48020647","48020948","14","6056606"
"chr19","41968146","41968278","chr19","48024767","48024908","12","6056621"
"chr19","42127887","42128050","chr19","48197494","48197657","3","6069607"
"chr19","42235127","42235290","chr19","48584190","48584352","6","6349063"
"chr19","42452556","42452719","chr19","48691328","48691492","8","6238772"
"chr19","42490445","42490604","chr19","48584190","48584352","13","6093745"
"chr19","42648309","42648520","chr22","20188497","20188709","28","22459812"
"chr19","42728813","42729115","chr10","102128026","102128330","33","59399213"
"chr19","42797332","42797652","chr19","49110129","49110442","20","6312797"
"chr19","42938422","42938575","chr1","169835603","169835756","39","126897181"
"chr19","42947351","42947555","chr19","49275504","49275721","19","6328153"
"chr19","43387099","43387269","chr1","32935825","32935989","24","10451274"
"chr19","43387280","43387551","chr4","42329666","42329940","23","1057614"
"chr19","43389956","43390083","chr15","41169982","41170108","11","2219974"
"chr19","43447579","43447841","chr19","49767391","49767662","11","6319812"
"chr19","43999254","43999546","chr19","50296572","50296863","6","6297318"
"chr19","44306449","44306756","chr19","50610716","50611020","12","6304267"
"chr19","44495205","44495502","chr19","50793002","50793304","10","6297797"
"chr19","44680362","44680679","chr5","182004845","182005151","38","137324483"
"chr19","44721093","44721377","chr19","51011779","51012058","11","6290686"
"chr19","44937879","44938181","chr19","51217984","51218273","25","6280105"
"chr19","44962282","44962605","chr19","51242746","51243053","23","6280464"
"chr19","44969388","44969692","chr1","138813545","138813848","42","93844157"
"chr19","45004782","45005087","chr4","189139648","189139954","33","144134866"
"chr19","45048885","45049197","chr19","51334640","51334950","15","6285755"
"chr19","45108407","45108716","chr19","51392949","51393257","12","6284542"
"chr19","45441941","45442243","chr19","51738960","51739250","18","6297019"
"chr19","45837634","45837931","chr19","52092174","52092471","4","6254540"
"chr19","46038911","46039209","chr6","33595500","33595800","36","12443411"
"chr19","46097804","46098028","chrX","103797916","103798142","38","57700112"
"chr19","46215123","46215419","chr19","52488035","52488315","23","6272912"
"chr19","46251058","46251226","chr19","52524429","52524579","20","6273371"
"chr19","46273310","46273618","chr1","153053700","153054007","33","106780390"
"chr19","46367460","46367614","chr1","15402807","15402964","36","30964653"
"chr19","46367923","46367936","chr7","145338468","145338479","9","98970545"
"chr19","46368237","46368368","chr4","192425824","192425956","10","146057587"
"chr19","46410318","46410438","chr19","20861932","20862054","14","25548386"
"chr19","46443985","46444267","chr19","52704751","52705044","14","6260766"
"chr19","46447914","46448222","chrX","55005677","55005982","47","8557763"
"chr19","46448242","46448459","chr19","52708875","52709085","9","6260633"
"chr19","46451427","46451694","chr3","140912635","140912911","45","94461208"
"chr19","46460243","46460551","chr19","52720636","52720944","9","6260393"
"chr19","46483165","46483445","chr4","126905971","126906253","41","80422806"
"chr19","46500001","46500103","chr1","8882530","8882628","9","37617471"
"chr19","46502537","46502695","chr3","33061371","33061531","27","13441166"
"chr19","46590793","46591083","chr19","22799426","22799718","30","23791367"
"chr19","46688803","46689060","chr12","56119826","56120080","41","9431023"
"chr19","46780591","46780815","chr7","154995961","154996183","28","108215370"
"chr19","46804349","46804655","chrX","55005677","55005982","29","8201328"
"chr19","46999524","46999696","chr6","17957493","17957667","34","29042031"
"chr19","47060418","47060713","chr1","126192917","126193214","16","79132499"
"chr19","47148922","47149227","chr19","53545094","53545389","15","6396172"
"chr19","47152416","47152697","chr19","53548555","53548836","6","6396139"
"chr19","47316293","47316601","chr19","53663821","53664140","20","6347528"
"chr19","47344369","47344562","chr19","42492701","42492896","29","4851668"
"chr19","47660273","47660538","chr19","54004282","54004547","8","6344009"
"chr19","47820445","47820744","chr10","99318156","99318451","38","51497711"
"chr19","48080897","48081083","chr17","74663638","74663826","32","26582741"
"chr19","48081223","48081350","chr9","34624049","34624171","22","13457174"
"chr19","48235451","48235760","chr19","54780774","54781084","2","6545323"
"chr19","48243756","48244062","chr19","54773179","54773486","12","6529423"
"chr19","48489646","48489926","chr17","59481805","59482095","43","10992159"
"chr19","48597628","48597943","chr19","55242587","55242890","16","6644959"
"chr19","48600792","48601094","chr19","55245725","55246031","13","6644933"
"chr19","48672028","48672320","chr19","55315626","55315917","12","6643598"
"chr19","48677160","48677259","chr19","55320221","55320320","1","6643061"
"chr19","48775206","48775507","chr4","53900944","53901247","36","5125738"
"chr19","48801212","48801503","chr1","200970290","200970583","31","152169078"
"chr19","48809556","48809857","chr19","55448379","55448677","9","6638823"
"chr19","48820890","48821145","chr21","37302692","37302945","38","11518198"
"chr19","48827679","48827858","chr2A","38121614","38121791","33","10706065"
"chr19","48937472","48937782","chr19","55573322","55573639","13","6635850"
"chr19","48973688","48973997","chr8","9043702","9044008","35","39929986"
"chr19","48998132","48998427","chr19","13773290","13773582","34","35224842"
"chr19","49363936","49364231","chr12","32727635","32727931","30","16636301"
"chr19","49504597","49504887","chr19","56059223","56059517","17","6554626"
"chr19","49608464","49608760","chr19","56168067","56168362","15","6559603"
"chr19","49984243","49984548","chr19","56518965","56519272","11","6534722"
"chr19","50069819","50070131","chr19","56604552","56604866","9","6534733"
"chr19","50078347","50078486","chr19","56614131","56614256","19","6535784"
"chr19","50169797","50170093","chr19","56704501","56704816","32","6534704"
"chr19","50315897","50316205","chr9","119775598","119775904","40","69459701"
"chr19","50656327","50656624","chr19","57182622","57182915","11","6526295"
"chr19","50663825","50664106","chr19","57189923","57190204","5","6526098"
"chr19","50899857","50900144","chr3","69517254","69517550","37","18617397"
"chr19","50975035","50975334","chr19","57495028","57495321","9","6519993"
"chr19","51305789","51305950","chr19","57791779","57791936","5","6485990"
"chr19","51499471","51499771","chr19","57980429","57980731","5","6480958"
"chr19","51575055","51575185","chr7","56781207","56781336","9","5206152"
"chr19","51661509","51661792","chr7","30532270","30532559","40","21129239"
"chr19","51722139","51722257","chr19","58203992","58204107","6","6481853"
"chr19","51789623","51789889","chr19","58272844","58273106","6","6483221"
"chr19","51837340","51837510","chr19","58319350","58319517","7","6482010"
"chr19","51851093","51851375","chr19","58331117","58331399","2","6480024"
"chr19","51880958","51881137","chr19","58359978","58360146","14","6479020"
"chr19","51884143","51884214","chr12","96453045","96453098","27","44568902"
"chr19","51890814","51891120","chr19","58410615","58410924","8","6519801"
"chr19","51894177","51894464","chr19","58413986","58414273","6","6519809"
"chr19","51894632","51894911","chr19","58414442","58414725","8","6519810"
"chr19","51902223","51902404","chr19","58422529","58422704","7","6520306"
"chr19","51932613","51932810","chr19","58656565","58656748","17","6723952"
"chr19","51967860","51968153","chr19","58486995","58487288","6","6519135"
"chr19","52067852","52068026","chr19","58574410","58574579","7","6506558"
"chr19","52128043","52128217","chr19","59283754","59283919","27","7155711"
"chr19","52139167","52139462","chr19","58413986","58414273","39","6274819"
"chr19","52153192","52153480","chr19","58401267","58401579","31","6248075"
"chr19","52164969","52165180","chr6","6839151","6839359","57","45325818"
"chr19","52191960","52192117","chr22","38265923","38266066","39","13926037"
"chr19","52270735","52270900","chr19","59283754","59283919","1","7013019"
"chr19","52392353","52392639","chr19","58841409","58841696","4","6449056"
"chr19","52520745","52521055","chr19","58967070","58967382","19","6446325"
"chr19","52718438","52718569","chr19","59166682","59166813","9","6448244"
"chr19","52748530","52748649","chr19","59193953","59194072","2","6445423"
"chr19","52752645","52752815","chr19","59170277","59170440","11","6417632"
"chr19","52758184","52758342","chr19","59203125","59203283","5","6444941"
"chr19","52798257","52798386","chr19","59243091","59243220","3","6444834"
"chr19","52801790","52801959","chr19","59246617","59246783","4","6444827"
"chr19","52835374","52835506","chr19","59279886","59280012","9","6444512"
"chr19","53006208","53006339","chr19","59459827","59459958","7","6453619"
"chr19","53039134","53039420","chr3","128993647","128993939","43","75954513"
"chr19","53135402","53135528","chr19","59579761","59579890","8","6444359"
"chr19","53403298","53403575","chr2A","49631103","49631382","38","3772195"
"chr19","53413745","53414041","chr19","59848371","59848671","14","6434626"
"chr19","53575676","53575907","chr3","51131186","51131416","31","2444490"
"chr19","53775345","53775630","chr19","60231437","60231715","16","6456092"
"chr19","53862393","53862499","chr17","81934721","81934826","6","28072328"
"chr19","54372312","54372611","chr19","60749248","60749546","7","6376936"
"chr19","54682252","54682544","chr19","61047632","61047921","11","6365380"
"chr19","54694998","54695105","chr17","81934721","81934826","11","27239723"
"chr19","54794783","54795090","chr9","37296159","37296468","30","17498624"
"chr19","54796642","54796936","chr19","61160195","61160491","6","6363553"
"chr19","55238327","55238497","chr5","20677840","20678006","34","34560487"
"chr19","55277889","55278198","chr19","61770249","61770554","10","6492360"
"chr19","55347988","55348279","chr19","61839395","61839684","15","6491407"
"chr19","55358127","55358431","chr19","61849259","61849566","29","6491132"
"chr19","55438959","55439267","chr19","61926630","61926939","9","6487671"
"chr19","56034416","56034723","chr1","216197856","216198166","27","160163440"
"chr19","56068579","56068886","chr19","62545055","62545356","19","6476476"
"chr19","56230014","56230308","chr19","62705443","62705737","5","6475429"
"chr19","56496412","56496693","chr19","62969495","62969793","23","6473083"
"chr19","56675556","56675717","chr19","63180748","63180907","5","6505192"
"chr19","56707735","56708045","chr1","154352617","154352923","35","97644882"
"chr19","56748101","56748403","chr19","63250235","63250536","10","6502134"
"chr19","56772654","56772952","chr5","50152142","50152438","34","6620512"
"chr19","57004687","57004978","chr2A","107785825","107786116","39","50781138"
"chr19","57101905","57102209","chr19","63606003","63606300","11","6504098"
"chr19","57151284","57151589","chr19","63651767","63652068","10","6500483"
"chr19","57161230","57161526","chr19","63657098","63657392","8","6495868"
"chr19","57191530","57191790","chr19","63684614","63684874","2","6493084"
"chr19","57195595","57195727","chr5","46459650","46459783","14","10735945"
"chr19","57212302","57212593","chr14","92616788","92617080","42","35404486"
"chr19","57240167","57240476","chr19","63731930","63732239","5","6491763"
"chr19","57255412","57255544","chr11","70123635","70123764","16","12868223"
"chr19","57268865","57269055","chr3","123757609","123757787","41","66488744"
"chr19","57269770","57269960","chr3","123757609","123757787","41","66487839"
"chr19","57500355","57500594","chr19","63992394","63992634","9","6492039"
"chr19","57544244","57544542","chr5","147536349","147536645","30","89992105"
"chr20","107401","107695","chr20","131867","132161","7","24466"
"chr20","713879","714173","chr20","720306","720582","24","6427"
"chr20","759993","760264","chr4","182197504","182197771","23","181437511"
"chr20","2049442","2049754","chr20","1956747","1957054","14","92695"
"chr20","2193516","2193825","chr5","20779550","20779859","31","18586034"
"chr20","2221030","2221242","chr20","2126262","2126473","10","94768"
"chr20","2726914","2727212","chr20","2708150","2708444","8","18764"
"chr20","2833659","2833958","chr20","2813416","2813714","8","20243"
"chr20","2897117","2897421","chr20","2874515","2874806","17","22602"
"chr20","2976033","2976329","chr3","37596334","37596638","43","34620301"
"chr20","3013420","3013720","chr20","2981099","2981394","13","32321"
"chr20","3600398","3600609","chr20","3597532","3597745","6","2866"
"chr20","3648161","3648466","chr20","3634200","3634506","8","13961"
"chr20","3659957","3660251","chr20","3645497","3645795","8","14460"
"chr20","3937633","3937942","chr20","3898685","3898994","9","38948"
"chr20","4001556","4001826","chr15","60999380","60999661","36","56997824"
"chr20","4055392","4055700","chr20","4014043","4014351","7","41349"
"chr20","4125876","4126173","chr20","4081198","4081487","11","44678"
"chr20","4481346","4481654","chr20","4434789","4435096","7","46557"
"chr20","4621583","4621888","chr20","4581175","4581494","21","40408"
"chr20","4629324","4629633","chr20","4588888","4589206","18","40436"
"chr20","4862042","4862325","chr20","4813373","4813656","6","48669"
"chr20","4919783","4920059","chr12","89830782","89831060","33","84910999"
"chr20","4953263","4953555","chr3","186887406","186887713","28","181934143"
"chr20","4980932","4981241","chr9","37296159","37296468","34","32315227"
"chr20","4981424","4981744","chr11","56158312","56158621","47","51176888"
"chr20","5316746","5317055","chr20","5237018","5237320","13","79728"
"chr20","5554085","5554372","chr20","5437914","5438199","6","116171"
"chr20","5656578","5656772","chr20","5533395","5533585","8","123183"
"chr20","5674535","5674870","chr20","5552053","5552368","26","122482"
"chr20","6024496","6024762","chr20","5888874","5889140","9","135622"
"chr20","6291763","6292056","chr20","6151004","6151293","10","140759"
"chr20","7254767","7255062","chr20","7052327","7052616","9","202440"
"chr20","7302517","7302626","chr20","7099992","7100101","0","202525"
"chr20","8552466","8552770","chr20","8302075","8302379","6","250391"
"chr20","8962371","8962572","chr9","82897161","82897361","26","73934790"
"chr20","9211269","9211560","chr4","182197504","182197771","47","172986235"
"chr20","9250156","9250337","chr20","9220392","9220573","6","29764"
"chr20","10384984","10385279","chr20","10299392","10299686","6","85592"
"chr20","11175334","11175635","chr7","11240851","11241152","44","65517"
"chr20","11825163","11825459","chr20","11674640","11674943","15","150523"
"chr20","12796387","12796699","chr20","12652574","12652879","13","143813"
"chr20","13639657","13639959","chr20","13455271","13455576","17","184386"
"chr20","14022623","14022922","chr20","13819439","13819729","20","203184"
"chr20","14142439","14142736","chrX","96767512","96767810","37","82625073"
"chr20","14388168","14388314","chr1","157768618","157768730","48","143380450"
"chr20","14394581","14394873","chr5","180949593","180949887","29","166555012"
"chr20","14400331","14400630","chr20","14195340","14195636","9","204991"
"chr20","14567239","14567537","chr4","75117753","75118044","96","60550514"
"chr20","14761497","14761796","chr20","14546506","14546805","9","214991"
"chr20","15696600","15696882","chr20","15478217","15478498","4","218383"
"chr20","16051875","16052207","chrX","12293094","12293404","54","3758781"
"chr20","16403972","16404270","chr20","16160699","16160994","9","243273"
"chr20","16415305","16415616","chr20","16172117","16172426","10","243188"
"chr20","17096779","17096946","chr19","58574410","58574579","28","41477631"
"chr20","17381309","17381605","chr20","17119816","17120112","6","261493"
"chr20","17866499","17866716","chr20","17601831","17602049","6","264668"
"chr20","18416412","18416699","chr20","18154125","18154413","5","262287"
"chr20","18630806","18631101","chr20","18361838","18362129","9","268968"
"chr20","18653675","18653982","chr20","18384577","18384882","10","269098"
"chr20","19499200","19499490","chr20","19183715","19184005","3","315485"
"chr20","20372269","20372577","chr4","109377359","109377660","36","89005090"
"chr20","21754210","21754517","chr20","21395988","21396281","22","358222"
"chr20","22473789","22474086","chr20","22084277","22084561","23","389512"
"chr20","22781086","22781358","chr20","22781891","22782159","10","805"
"chr20","23233534","23233832","chr20","23227940","23228219","25","5594"
"chr20","24316796","24316954","chr20","24275523","24275681","6","41273"
"chr20","25493686","25493978","chr20","25454160","25454446","12","39526"
"chr20","25559429","25559722","chr20","25579300","25579593","5","19871"
"chr20","25762924","25763218","chr20","25779638","25779932","8","16714"
"chr20","26155310","26155615","chrUn_NW_014014911v1","749","1040","33","26154561"
"chr20","30217544","30217787","chr9","133751925","133752168","29","103534381"
"chr20","30345770","30345904","chr20","29115867","29116001","3","1229903"
"chr20","30346199","30346374","chr20","29116296","29116471","5","1229903"
"chr20","30827487","30827788","chr20","29578441","29578740","10","1249046"
"chr20","30925581","30925728","chr10","58766408","58766547","21","27840827"
"chr20","30925754","30925995","chr17","45765094","45765334","31","14839340"
"chr20","30940061","30940278","chr20","29697826","29698042","7","1242235"
"chr20","31050246","31050531","chr20","29808199","29808480","11","1242047"
"chr20","31200193","31200249","chr20","29955068","29955124","0","1245125"
"chr20","31200552","31200726","chr20","29955427","29955591","16","1245125"
"chr20","31367622","31367902","chrX","27448512","27448790","31","3919110"
"chr20","31473573","31473709","chr17","4824448","4824586","13","26649125"
"chr20","31497942","31498247","chr20","30242879","30243184","1","1255063"
"chr20","31658704","31658987","chr20","30406116","30406399","6","1252588"
"chr20","31765318","31765625","chr2A","39180005","39180303","38","7414687"
"chr20","31875204","31875495","chr20","30600716","30601005","7","1274488"
"chr20","32060083","32060209","chr3","32178841","32178969","17","118758"
"chr20","32141194","32141507","chr20","30921848","30922160","5","1219346"
"chr20","32217103","32217408","chr20","31001987","31002292","9","1215116"
"chr20","32263751","32264053","chr20","31050021","31050321","6","1213730"
"chr20","32358088","32358391","chr20","31146533","31146827","12","1211555"
"chr20","32599388","32599686","chr5","176927324","176927612","61","144327936"
"chr20","32821486","32821790","chr20","31636210","31636514","9","1185276"
"chr20","32851057","32851355","chr20","31671860","31672163","11","1179197"
"chr20","32897307","32897592","chr20","31701212","31701508","17","1196095"
"chr20","32897618","32897714","chr10","67549611","67549708","10","34651993"
"chr20","33023174","33023447","chr4","113483972","113484240","36","80460798"
"chr20","33032176","33032487","chr20","31828277","31828584","11","1203899"
"chr20","33191959","33192266","chr20","31993783","31994086","9","1198176"
"chr20","33313214","33313501","chr9","80707313","80707610","37","47394099"
"chr20","33321547","33321778","chr7","154995961","154996183","34","121674414"
"chr20","33554661","33554789","chr8","47805495","47805621","14","14250834"
"chr20","33656994","33657163","chr4","23592342","23592512","34","10064652"
"chr20","33761778","33762087","chr20","32549003","32549300","19","1212775"
"chr20","34036119","34036425","chrX","119174106","119174400","22","85137987"
"chr20","34081995","34082263","chr20","32866037","32866305","3","1215958"
"chr20","34191597","34191925","chr20","32974510","32974837","8","1217087"
"chr20","34401885","34402177","chr20","33203095","33203385","8","1198790"
"chr20","34430942","34431246","chr1","141239412","141239712","31","106808470"
"chr20","34572144","34572386","chr20","33373529","33373770","4","1198615"
"chr20","34910377","34910680","chr20","33686886","33687168","27","1223491"
"chr20","35002643","35002938","chr12","60989585","60989876","32","25986942"
"chr20","35130015","35130308","chr20","33895771","33896064","13","1234244"
"chr20","35156039","35156353","chr20","33921930","33922217","36","1234109"
"chr20","35281896","35282053","chr20","34048855","34049035","25","1233041"
"chr20","35324307","35324600","chr20","38530943","38531236","56","3206636"
"chr20","35349782","35350089","chr20","34111720","34112029","5","1238062"
"chr20","35636512","35636816","chr20","34385934","34386237","19","1250578"
"chr20","35669767","35670068","chr10","18171112","18171413","31","17498655"
"chr20","35794946","35795231","chr20","34525107","34525401","15","1269839"
"chr20","36078907","36079204","chr20","34810058","34810351","11","1268849"
"chr20","36080329","36080626","chr20","34810058","34810351","10","1270271"
"chr20","36405139","36405449","chr20","35108988","35109291","34","1296151"
"chr20","36954949","36955193","chr5","15869280","15869526","48","21085669"
"chr20","37274358","37274449","chr20","35935558","35935648","1","1338800"
"chr20","37274509","37274558","chr20","35935708","35935756","1","1338801"
"chr20","37294138","37294301","chr20","35955308","35955469","4","1338830"
"chr20","37966877","37967000","chr20","36661631","36661754","1","1305246"
"chr20","38741448","38741754","chr20","37430820","37431123","13","1310628"
"chr20","39334461","39334751","chr20","38017747","38018037","12","1316714"
"chr20","39657182","39657474","chr20","38366239","38366537","15","1290943"
"chr20","39747790","39748118","chr20","38456167","38456455","49","1291623"
"chr20","39823710","39823974","chr20","38530943","38531236","33","1292767"
"chr20","40136310","40136602","chr20","38820719","38821011","7","1315591"
"chr20","40192075","40192381","chr20","38876512","38876804","19","1315563"
"chr20","40446724","40446829","chrUn_NW_014015889v1","1","111","23","40446723"
"chr20","40458819","40459114","chr14","34143313","34143608","39","6315506"
"chr20","40677323","40677488","chr20","39343004","39343169","7","1334319"
"chr20","40901488","40901765","chr20","39567632","39567909","1","1333856"
"chr20","41320009","41320304","chr20","40001669","40001971","13","1318340"
"chr20","41405628","41405929","chr20","40088920","40089225","13","1316708"
"chr20","41428474","41428775","chr20","40088920","40089225","12","1339554"
"chr20","41689502","41689782","chr20","40353767","40354050","13","1335735"
"chr20","41708316","41708600","chr20","40372618","40372899","9","1335698"
"chr20","42096914","42097209","chr20","40760533","40760828","3","1336381"
"chr20","42390971","42391273","chr20","41029673","41029977","13","1361298"
"chr20","42421173","42421470","chr20","41061860","41062154","10","1359313"
"chr20","42454398","42454719","chr20","41092002","41092316","14","1362396"
"chr20","42474323","42474624","chr20","41111423","41111728","9","1362900"
"chr20","43145799","43145998","chr20","41758510","41758707","7","1387289"
"chr20","43807037","43807355","chr20","42402031","42402349","11","1405006"
"chr20","43835550","43835856","chr20","42430387","42430693","6","1405163"
"chr20","43906449","43906755","chr20","42501253","42501563","12","1405196"
"chr20","44482686","44482986","chr20","43042517","43042816","8","1440169"
"chr20","44564923","44565212","chr20","43127027","43127319","11","1437896"
"chr20","44715222","44715392","chr20","43275830","43275992","13","1439392"
"chr20","44788347","44788644","chr4","173201223","173201521","30","128412876"
"chr20","44871830","44872133","chr20","43426052","43426354","4","1445778"
"chr20","46101697","46102003","chr20","44693159","44693485","23","1408538"
"chr20","46238197","46238494","chr9","97612841","97613139","34","51374644"
"chr20","46241193","46241512","chr20","44842053","44842371","8","1399140"
"chr20","46243368","46243677","chr20","44844234","44844536","12","1399134"
"chr20","46280867","46281009","chr6","80029857","80030007","22","33748990"
"chr20","46945352","46945629","chr20","45502920","45503192","9","1442432"
"chr20","47924266","47924566","chr20","46435752","46436047","14","1488514"
"chr20","48001635","48001936","chr20","46512591","46512891","21","1489044"
"chr20","48037040","48037336","chr20","46549380","46549675","17","1487660"
"chr20","48057311","48057618","chr3","51195721","51196030","32","3138410"
"chr20","48191326","48191625","chr20","46709329","46709628","11","1481997"
"chr20","48462505","48462769","chr20","47015946","47016230","27","1446559"
"chr20","48465560","48465866","chr20","47015946","47016230","30","1449614"
"chr20","48608843","48609141","chr2A","39180005","39180303","34","9428838"
"chr20","48697966","48698261","chr14","38230318","38230612","37","10467648"
"chr20","48979605","48979893","chr20","47559059","47559345","20","1420546"
"chr20","49493572","49493865","chr21","45851110","45851409","35","3642462"
"chr20","49817328","49817620","chr1","54749215","54749504","37","4931887"
"chr20","50132260","50132515","chr20","48698143","48698405","10","1434117"
"chr20","50135696","50135994","chr19","7240149","7240446","36","42895547"
"chr20","50513050","50513329","chr20","49075107","49075386","6","1437943"
"chr20","50559409","50559711","chr20","49120916","49121211","14","1438493"
"chr20","50575178","50575304","chr3","195726748","195726870","20","145151570"
"chr20","50624298","50624595","chr20","49169505","49169802","6","1454793"
"chr20","50679644","50679866","chr7","39090447","39090665","42","11589197"
"chr20","50827169","50827464","chr20","49360866","49361162","10","1466303"
"chr20","50832741","50833035","chr20","49366369","49366669","9","1466372"
"chr20","50847015","50847179","chr20","49380019","49380174","17","1466996"
"chr20","50860683","50860986","chr20","49394154","49394457","8","1466529"
"chr20","50866332","50866625","chr20","49399794","49400086","3","1466538"
"chr20","50918578","50918876","chr20","49449996","49450291","15","1468582"
"chr20","50977149","50977451","chr20","49508520","49508819","8","1468629"
"chr20","50990887","50991181","chr20","49522030","49522323","5","1468857"
"chr20","51031912","51032213","chr9","100529816","100530123","43","49497904"
"chr20","51751823","51752110","chr20","50192196","50192483","8","1559627"
"chr20","51945138","51945438","chr20","50380634","50380929","10","1564504"
"chr20","52148582","52148869","chr20","50582514","50582801","6","1566068"
"chr20","52361090","52361364","chr20","50793290","50793566","5","1567800"
"chr20","52479767","52480058","chr20","50916819","50917110","5","1562948"
"chr20","52692117","52692414","chr20","51109718","51110022","12","1582399"
"chr20","52711641","52711934","chr13","24438147","24438441","30","28273494"
"chr20","52728668","52728978","chr4","24692844","24693148","41","28035824"
"chr20","52748459","52748740","chr9","34611326","34611606","33","18137133"
"chr20","53472792","53473086","chr20","51997617","51997905","11","1475175"
"chr20","53581724","53582030","chr20","52106121","52106420","23","1475603"
"chr20","53650597","53650875","chr20","52174666","52174942","11","1475931"
"chr20","55180220","55180353","chr20","53740573","53740712","7","1439647"
"chr20","55394924","55395209","chr20","54025808","54026093","9","1369116"
"chr20","55428740","55429028","chr20","54059643","54059942","22","1369097"
"chr20","55767427","55767646","chr3","83371539","83371750","43","27604112"
"chr20","55768548","55768719","chr20","54389798","54389962","9","1378750"
"chr20","55893891","55894210","chr20","54514895","54515199","19","1378996"
"chr20","56325389","56325674","chr20","54992724","54993006","9","1332665"
"chr20","57486731","57487025","chr20","56196127","56196422","8","1290604"
"chr20","57820480","57820770","chr1","132955249","132955539","27","75134769"
"chr20","57854832","57855137","chr7","112435933","112436217","48","54581101"
"chr20","58370647","58370960","chr11","66265242","66265549","46","7894595"
"chr20","58414875","58415183","chr20","57188572","57188873","13","1226303"
"chr20","58550709","58550963","chr20","57305357","57305611","9","1245352"
"chr20","60068062","60068344","chr20","58731702","58731983","7","1336360"
"chr20","61270028","61270330","chr20","59933859","59934162","9","1336169"
"chr20","61625998","61626114","chr20","60361502","60361608","13","1264496"
"chr20","62528394","62528568","chr20","61499760","61499934","1","1028634"
"chr20","62682257","62682547","chr20","61654714","61655003","11","1027543"
"chr20","62877692","62877982","chr20","61845337","61845627","5","1032355"
"chr21","663718","664011","chr22","15522079","15522371","15","14858361"
"chr21","681902","682194","chr22","15522079","15522371","14","14840177"
"chr21","698300","698594","chr13","19163969","19164264","15","18465669"
"chr21","699391","699683","chr22","15522079","15522371","13","14822688"
"chr21","701493","701785","chr22","15522079","15522371","15","14820586"
"chr21","703180","703475","chr13","19163969","19164264","16","18460789"
"chr21","704339","704632","chr13","19163969","19164264","17","18459630"
"chr21","705259","705449","chr2A","63296288","63296481","22","62591029"
"chr21","1144067","1144179","chr1","79252948","79253061","21","78108881"
"chr21","4420374","4420666","chrUn_NW_014017117v1","280","574","21","4420094"
"chr21","4444212","4444519","chr8","126195358","126195665","43","121751146"
"chr21","4638259","4638561","chr15","45989516","45989813","40","41351257"
"chr21","5067205","5067493","chr21","14179875","14180165","10","9112670"
"chr21","5136190","5136503","chr21","14241404","14241703","22","9105214"
"chr21","6013931","6014231","chr21","15113270","15113565","31","9099339"
"chr21","6016761","6017079","chr21","15113270","15113565","49","9096509"
"chr21","6240089","6240284","chr21","15337079","15337272","5","9096990"
"chr21","7553050","7553234","chr21","16619203","16619387","3","9066153"
"chr21","8023141","8023458","chr21","17074406","17074719","11","9051265"
"chr21","8063424","8063729","chr21","17115521","17115821","9","9052097"
"chr21","8313406","8313691","chr21","17368957","17369240","10","9055551"
"chr21","8470196","8470529","chr21","17517193","17517501","32","9046997"
"chr21","8553662","8553947","chr8","22485239","22485532","43","13931577"
"chr21","8565440","8565638","chr21","17610109","17610307","4","9044669"
"chr21","8588711","8589005","chr21","17633275","17633550","25","9044564"
"chr21","8604722","8605014","chr21","17649241","17649531","8","9044519"
"chr21","8932567","8932846","chr21","17978533","17978812","7","9045966"
"chr21","9464177","9464398","chr8","5614270","5614493","71","3849907"
"chr21","9685963","9686182","chr21","18695694","18695917","8","9009731"
"chr21","10411307","10411528","chr21","19410815","19411031","8","8999508"
"chr21","10426996","10427305","chr21","19426268","19426577","9","8999272"
"chr21","11092098","11092410","chr11","39288798","39289106","43","28196700"
"chr21","11113956","11114233","chr21","20105443","20105719","7","8991487"
"chr21","11665638","11665911","chr8","16247010","16247289","60","4581372"
"chr21","12038572","12038837","chr21","21037019","21037279","14","8998447"
"chr21","12061893","12062187","chr21","21058853","21059140","15","8996960"
"chr21","13621988","13622297","chr21","22550595","22550899","12","8928607"
"chr21","13990662","13990785","chr19","13867828","13867950","13","122834"
"chr21","14233964","14234249","chr11","82765082","82765365","42","68531118"
"chr21","14446929","14447221","chr7","36806316","36806607","33","22359387"
"chr21","14811969","14812275","chr3","37596334","37596638","32","22784365"
"chr21","14867866","14868158","chr21","23727203","23727494","10","8859337"
"chr21","14970773","14971075","chr21","23828859","23829161","19","8858086"
"chr21","16272114","16272396","chr21","25013295","25013583","16","8741181"
"chr21","16412323","16412622","chr21","25154352","25154651","7","8742029"
"chr21","16776203","16776502","chr21","25515997","25516296","5","8739794"
"chr21","17106670","17106960","chr21","25885181","25885459","20","8778511"
"chr21","17221810","17222050","chr21","26001099","26001340","3","8779289"
"chr21","17831217","17831348","chr21","26592338","26592468","6","8761121"
"chr21","18384417","18384722","chr21","27126905","27127211","7","8742488"
"chr21","18870790","18871114","chr21","27628863","27629169","25","8758073"
"chr21","19365163","19365485","chr21","28141770","28142078","19","8776607"
"chr21","19515889","19516185","chr21","28294203","28294497","7","8778314"
"chr21","19989992","19990091","chr21","28759299","28759398","2","8769307"
"chr21","20072314","20072532","chr21","28843427","28843645","4","8771113"
"chr21","20202050","20202347","chr21","28976408","28976706","4","8774358"
"chr21","20316643","20316922","chr21","29094671","29094950","6","8778028"
"chr21","20506663","20506957","chr21","29287876","29288166","12","8781213"
"chr21","20621313","20621616","chr21","29401695","29401998","5","8780382"
"chr21","21938923","21939228","chr21","30618614","30618904","22","8679691"
"chr21","22110423","22110706","chr21","30791159","30791439","6","8680736"
"chr21","22115593","22115889","chr21","30796304","30796602","12","8680711"
"chr21","22165974","22166282","chr21","30849833","30850140","4","8683859"
"chr21","22288451","22288747","chr21","30967001","30967293","9","8678550"
"chr21","22517227","22517511","chr21","31186223","31186515","16","8668996"
"chr21","22548238","22548541","chr21","31216927","31217211","22","8668689"
"chr21","22621250","22621540","chr5","35952460","35952752","31","13331210"
"chr21","22710245","22710540","chr21","31372898","31373191","8","8662653"
"chr21","22726285","22726584","chr5","89788278","89788581","32","67061993"
"chr21","22838022","22838333","chr1","157448490","157448797","31","134610468"
"chr21","22857168","22857349","chr1","86633240","86633417","37","63776072"
"chr21","22891713","22891990","chr15","21454987","21455268","33","1436726"
"chr21","23070504","23070808","chr21","31726243","31726551","15","8655739"
"chr21","23148615","23148916","chr21","31803932","31804224","16","8655317"
"chr21","23181125","23181423","chr21","31836260","31836560","11","8655135"
"chr21","23189897","23190213","chr21","31845031","31845338","24","8655134"
"chr21","23548428","23548718","chr21","32200886","32201178","10","8652458"
"chr21","23620064","23620360","chr21","32270444","32270740","9","8650380"
"chr21","23878907","23879005","chr21","32541754","32541852","1","8662847"
"chr21","24653963","24654203","chr21","33320111","33320320","33","8666148"
"chr21","25939070","25939370","chr21","34581566","34581868","12","8642496"
"chr21","26948443","26948750","chr21","35562354","35562652","17","8613911"
"chr21","27315384","27315672","chr21","35919296","35919561","31","8603912"
"chr21","27315696","27315983","chr22","39881744","39882025","36","12566048"
"chr21","27357545","27357714","chr17","15666428","15666584","36","11691117"
"chr21","27357992","27358053","chr10","80708476","80708535","8","53350484"
"chr21","27396390","27396692","chr2A","110494960","110495264","45","83098570"
"chr21","27413906","27414208","chr8","106402322","106402619","33","78988416"
"chr21","27462722","27463006","chr3","48209643","48209937","42","20746921"
"chr21","27470806","27471105","chr21","36072453","36072739","19","8601647"
"chr21","27481643","27481928","chr21","36083444","36083730","12","8601801"
"chr21","27697825","27698107","chr21","36295036","36295316","11","8597211"
"chr21","27999630","27999938","chr21","36574588","36574896","7","8574958"
"chr21","28218948","28219250","chr21","36801272","36801577","9","8582324"
"chr21","28446102","28446383","chr21","37032060","37032340","11","8585958"
"chr21","29224075","29224368","chr21","37820174","37820462","11","8596099"
"chr21","30144267","30144572","chr21","38664595","38664887","19","8520328"
"chr21","30924144","30924446","chr21","39423981","39424287","8","8499837"
"chr21","30942933","30943160","chr21","39438099","39438363","46","8495166"
"chr21","31529372","31529675","chr21","39977120","39977419","11","8447748"
"chr21","31679608","31679903","chr21","40123766","40124059","18","8444158"
"chr21","32051571","32051835","chr21","40494229","40494489","26","8442658"
"chr21","32702506","32702811","chr21","41120506","41120806","19","8418000"
"chr21","33125658","33125955","chr21","41540510","41540806","3","8414852"
"chr21","33512359","33512655","chr3","37965720","37966018","26","4453361"
"chr21","33542385","33542685","chr21","41942003","41942312","13","8399618"
"chr21","33905839","33906144","chr21","42365452","42365750","11","8459613"
"chr21","34038714","34038949","chr21","42502749","42502982","5","8464035"
"chr21","34894583","34894875","chr15","32639867","32640158","30","2254716"
"chr21","34945286","34945427","chr21","43381088","43381227","7","8435802"
"chr21","35163948","35164250","chr21","43596966","43597256","29","8433018"
"chr21","35330292","35330550","chr21","43752155","43752413","3","8421863"
"chr21","35488593","35488901","chr21","43911039","43911339","16","8422446"
"chr21","35698442","35698750","chr21","44145106","44145413","9","8446664"
"chr21","35982153","35982452","chr21","44419269","44419567","14","8437116"
"chr21","36027742","36028037","chr21","44462033","44462324","10","8434291"
"chr21","36066824","36067127","chr21","44500742","44501048","11","8433918"
"chr21","36353267","36353567","chr21","44783508","44783802","16","8430241"
"chr21","36397506","36397805","chr6","20266403","20266700","41","16131103"
"chr21","36516893","36517195","chr21","44930780","44931063","36","8413887"
"chr21","36725379","36725507","chr9","71807202","71807333","21","35081823"
"chr21","37444256","37444541","chr21","45851110","45851409","25","8406854"
"chr21","37448090","37448383","chr3","191973753","191974045","49","154525663"
"chr21","37506215","37506379","chr21","45911711","45911871","8","8405496"
"chr21","37521396","37521536","chr21","45925040","45925180","7","8403644"
"chr21","37602399","37602700","chr21","46015141","46015440","14","8412742"
"chr21","37671948","37672257","chr18","18253537","18253844","34","19418411"
"chr22","4325157","4325469","chr22","19602415","19602713","23","15277258"
"chr22","18480953","18481232","chr7","103132333","103132611","32","84651380"
"chr22","110195","110501","chr2B","132505840","132506149","9","132395645"
"chr22","547158","547438","chr22","15619632","15619912","4","15072474"
"chr22","883997","884305","chr2B","167474072","167474376","33","166590075"
"chr22","901849","902154","chr14","87754898","87755196","34","86853049"
"chr22","916941","917248","chr5","127596233","127596540","42","126679292"
"chr22","1016863","1017167","chr6","33595500","33595800","31","32578637"
"chr22","1022806","1023099","chr22","16192673","16192963","8","15169867"
"chr22","1032310","1032598","chr7","36806316","36806607","43","35774006"
"chr22","1036459","1036747","chr7","36806316","36806607","43","35769857"
"chr22","1097022","1097301","chr22","16264782","16265061","6","15167760"
"chr22","1142247","1142527","chr22","16310250","16310530","6","15168003"
"chr22","1186335","1186638","chr22","16353730","16354023","16","15167395"
"chr22","1323193","1323409","chr3","133092912","133093129","27","131769719"
"chr22","1350209","1350502","chr14","92616788","92617080","37","91266579"
"chr22","1822577","1822755","chr3","123757609","123757787","28","121935032"
"chr22","2285723","2286032","chr9","95442685","95442992","34","93156962"
"chr22","2885697","2886011","chr22","18037298","18037608","12","15151601"
"chr22","3227255","3227571","chr1","153053700","153054007","40","149826445"
"chr22","3301266","3301559","chr22","18462850","18463113","33","15161584"
"chr22","3936742","3937040","chr22","19211776","19212069","12","15275034"
"chr22","4031929","4032229","chr22","19307171","19307463","16","15275242"
"chr22","4035545","4035677","chr1","215663298","215663430","15","211627753"
"chr22","4272026","4272333","chr22","19547933","19548241","6","15275907"
"chr22","4351797","4352089","chr22","19628901","19629193","4","15277104"
"chr22","4618817","4618977","chr2B","153160073","153160248","38","148541256"
"chr22","4751220","4751415","chr5","51575028","51575216","42","46823808"
"chr22","4903468","4903643","chr14","77105854","77106026","24","72202386"
"chr22","4945941","4946231","chr2A","22454910","22455194","29","17508969"
"chr22","5087035","5087309","chr2A","74737992","74738265","37","69650957"
"chr22","5120123","5120421","chr22","20359222","20359518","17","15239099"
"chr22","5161355","5161645","chr22","20393018","20393313","10","15231663"
"chr22","5245335","5245629","chr22","20476455","20476749","1","15231120"
"chr22","5323480","5323783","chr22","20540456","20540752","12","15216976"
"chr22","5682796","5683104","chr11","56158312","56158621","41","50475516"
"chr22","5831703","5831882","chr16","62447334","62447513","31","56615631"
"chr22","6478000","6478308","chr22","21756462","21756770","11","15278462"
"chr22","6587144","6587434","chr22","21865381","21865669","8","15278237"
"chr22","6873837","6873956","chr22","22366302","22366421","3","15492465"
"chr22","7085029","7085326","chr22","22558602","22558890","16","15473573"
"chr22","7323598","7323892","chrUn_NW_014015221v1","480","771","22","7323118"
"chr22","7718376","7718455","chr1","107760154","107760225","18","100041778"
"chr22","7719388","7719505","chr17","60916404","60916521","20","53197016"
"chr22","8007447","8007667","chr7","135298608","135298828","34","127291161"
"chr22","8198537","8198838","chr22","23342062","23342357","17","15143525"
"chr22","8215278","8215575","chr22","23358236","23358531","21","15142958"
"chr22","8302413","8302685","chr10","9409277","9409556","38","1106864"
"chr22","8308915","8309040","chr1","28756336","28756461","17","20447421"
"chr22","8345799","8346111","chr7","80606641","80606941","44","72260842"
"chr22","8426798","8427102","chr22","23556590","23556892","8","15129792"
"chr22","9447561","9447863","chr22","24730885","24731181","13","15283324"
"chr22","9501777","9502046","chr22","24785900","24786169","7","15284123"
"chr22","9794948","9795237","chr22","25069397","25069693","17","15274449"
"chr22","10105858","10106137","chr19","12803543","12803814","33","2697685"
"chr22","10264518","10264813","chr22","25532382","25532674","10","15267864"
"chr22","10511918","10512225","chr9","94211052","94211346","45","83699134"
"chr22","10617213","10617389","chr22","25883079","25883251","7","15265866"
"chr22","10883883","10884177","chr22","26146602","26146895","6","15262719"
"chr22","11660284","11660416","chrX","119000558","119000679","31","107340274"
"chr22","11689674","11689971","chr22","26936585","26936891","13","15246911"
"chr22","11757352","11757645","chr22","27002001","27002293","10","15244649"
"chr22","12188178","12188341","chr20","35955308","35955469","22","23767130"
"chr22","12188657","12188732","chr2B","122460353","122460431","12","110271696"
"chr22","12321863","12322150","chr22","27562337","27562625","8","15240474"
"chr22","12341717","12342008","chr22","27581886","27582175","6","15240169"
"chr22","12506781","12507067","chr12","108851155","108851458","37","96344374"
"chr22","12840885","12841111","chr22","28159859","28160085","10","15318974"
"chr22","12962105","12962266","chr22","28226196","28226374","29","15264091"
"chr22","12997781","12998055","chr5","176866321","176866603","33","163868540"
"chr22","13153486","13153788","chr1","141239412","141239712","28","128085926"
"chr22","13298776","13299073","chr22","28602366","28602660","11","15303590"
"chr22","13471552","13471849","chr22","28776300","28776601","9","15304748"
"chr22","13640853","13641049","chr22","28946687","28946885","6","15305834"
"chr22","14127439","14127737","chr22","29424264","29424561","7","15296825"
"chr22","14165644","14165918","chr22","29463501","29463775","3","15297857"
"chr22","14253733","14253985","chr22","29550155","29550406","8","15296422"
"chr22","14294114","14294426","chr22","29584581","29584894","14","15290467"
"chr22","14317212","14317436","chr22","29606137","29606371","14","15288925"
"chr22","14332845","14332963","chr22","29622849","29622968","3","15290004"
"chr22","14383804","14384101","chr22","29673986","29674283","5","15290182"
"chr22","14479121","14479446","chr22","29770391","29770716","3","15291270"
"chr22","14549063","14549362","chr12","35132775","35133084","42","20583712"
"chr22","14686504","14686797","chr22","29991846","29992139","11","15305342"
"chr22","14700898","14701196","chr1","91126197","91126488","36","76425299"
"chr22","14825309","14825378","chr19","44195068","44195136","10","29369759"
"chr22","14860226","14860524","chr22","30159425","30159719","9","15299199"
"chr22","14970440","14970712","chr22","30289066","30289366","43","15318626"
"chr22","14970714","14970918","chr4","121435792","121435995","29","106465078"
"chr22","14975984","14976278","chr22","30294078","30294383","18","15318094"
"chr22","14998622","14998755","chr22","30315862","30315995","5","15317240"
"chr22","15087720","15087954","chr22","30403752","30403979","22","15316032"
"chr22","15115183","15115485","chr22","30433451","30433751","2","15318268"
"chr22","15176283","15176583","chr22","30494496","30494791","9","15318213"
"chr22","15214620","15214931","chr9","112918036","112918339","45","97703416"
"chr22","15248384","15248680","chr1","153471690","153471986","29","138223306"
"chr22","15265315","15265508","chr7","56293719","56293906","30","41028404"
"chr22","15266368","15266669","chr22","30581686","30581988","9","15315318"
"chr22","15321587","15321709","chr22","30635242","30635364","2","15313655"
"chr22","15360776","15361057","chr22","30672945","30673226","6","15312169"
"chr22","15362006","15362324","chr17","58804145","58804442","51","43442139"
"chr22","15581534","15581664","chr22","30895121","30895251","3","15313587"
"chr22","16093559","16093848","chr22","31349288","31349578","6","15255729"
"chr22","16189858","16190172","chr22","31441817","31442130","13","15251959"
"chr22","16218348","16218625","chr2B","167934486","167934767","31","151716138"
"chr22","16229017","16229306","chr22","31480842","31481132","6","15251825"
"chr22","16258063","16258333","chr22","31507519","31507789","9","15249456"
"chr22","16609402","16609698","chr22","31853500","31853791","8","15244098"
"chr22","16641184","16641484","chr9","37296159","37296468","37","20654975"
"chr22","16674689","16674994","chr22","31922527","31922834","11","15247838"
"chr22","16903770","16904078","chr22","32149564","32149868","16","15245794"
"chr22","17398998","17399308","chr22","32641902","32642207","11","15242904"
"chr22","17490468","17490769","chr22","32734121","32734409","19","15243653"
"chr22","17615911","17616214","chr1","141239412","141239712","35","123623501"
"chr22","17721444","17721751","chr22","32969050","32969357","8","15247606"
"chr22","18188463","18188686","chr22","33436965","33437188","8","15248502"
"chr22","18560933","18561241","chr22","33792299","33792607","8","15231366"
"chr22","18582722","18583035","chr22","33814091","33814390","21","15231369"
"chr22","18906622","18906929","chr22","34139343","34139648","3","15232721"
"chr22","19082608","19082907","chr20","9274561","9274869","31","9808047"
"chr22","19350222","19350508","chr22","34561367","34561664","21","15211145"
"chr22","19573430","19573477","chr12","96453045","96453098","16","76879615"
"chr22","19750248","19750543","chr22","34938216","34938511","3","15187968"
"chr22","19928248","19928527","chr22","35034483","35034767","8","15106235"
"chr22","19996246","19996555","chr22","35102253","35102558","13","15106007"
"chr22","20106444","20106748","chr16","13214121","13214428","30","6892323"
"chr22","20148505","20148806","chr22","35245041","35245339","11","15096536"
"chr22","20207300","20207605","chr22","35302996","35303304","13","15095696"
"chr22","20291340","20291633","chr22","35383093","35383386","11","15091753"
"chr22","21064163","21064472","chr22","36213117","36213413","19","15148954"
"chr22","21138141","21138461","chr11","56158312","56158621","51","35020171"
"chr22","21366978","21367286","chr22","36513401","36513703","12","15146423"
"chr22","21462982","21463278","chr22","36607964","36608266","14","15144982"
"chr22","21483069","21483225","chr22","36626239","36626395","1","15143170"
"chr22","21694427","21694725","chr12","130171561","130171850","41","108477134"
"chr22","21759141","21759381","chr22","36938472","36938721","16","15179331"
"chr22","21769718","21770016","chr3","195451111","195451411","32","173681393"
"chr22","21817403","21817668","chr22","36997324","36997583","11","15179921"
"chr22","22017649","22017956","chr22","37183953","37184245","24","15166304"
"chr22","22093596","22093880","chr22","37258773","37259080","31","15165177"
"chr22","22093915","22093934","chr1","38242975","38242991","6","16149060"
"chr22","22241325","22241612","chr7","97904460","97904743","25","75663135"
"chr22","22509270","22509561","chr22","37712170","37712460","5","15202900"
"chr22","22596578","22596885","chr22","37793259","37793566","8","15196681"
"chr22","22719593","22719909","chr22","37915025","37915334","13","15195432"
"chr22","22738267","22738555","chr22","37931299","37931588","8","15193032"
"chr22","22820777","22821066","chr22","38013247","38013544","15","15192470"
"chr22","22831403","22831690","chr22","38023847","38024134","6","15192444"
"chr22","22917892","22918201","chr22","38132217","38132525","10","15214325"
"chr22","23063540","23063833","chr3","184352861","184353156","28","161289321"
"chr22","23386479","23386745","chr22","38579269","38579534","8","15192790"
"chr22","23416190","23416229","chr17","62571278","62571312","9","39155088"
"chr22","23581474","23581775","chr22","38774864","38775177","19","15193390"
"chr22","23829456","23829739","chr8","15221453","15221735","30","8608003"
"chr22","23924393","23924699","chr22","39402005","39402311","4","15477612"
"chr22","24038111","24038343","chr3","51131186","51131416","33","27093075"
"chr22","24227230","24227593","chr17","66953983","66954302","96","42726753"
"chr22","24258389","24258667","chr22","39728713","39728991","7","15470324"
"chr22","24415245","24415553","chr3","37596334","37596638","38","13181089"
"chr22","24499187","24499361","chr16","4254855","4255032","31","20244332"
"chr22","24547591","24547864","chr16","86665786","86666060","34","62118195"
"chr22","24559693","24560000","chr8","57704558","57704866","33","33144865"
"chr22","24580668","24580838","chr22","40048752","40048941","22","15468084"
"chr22","24593439","24593721","chr2A","57047687","57047966","32","32454248"
"chr22","24621046","24621342","chr21","32200886","32201178","38","7579840"
"chr22","24814449","24814763","chr22","40274568","40274865","26","15460119"
"chr22","24825248","24825390","chr16","412286","412428","11","24412962"
"chr22","24838122","24838364","chr1","11658254","11658500","29","13179868"
"chr22","24843807","24844110","chr22","40299274","40299582","8","15455467"
"chr22","24891534","24891838","chr22","40345244","40345545","9","15453710"
"chr22","24991080","24991388","chr11","56158312","56158621","38","31167232"
"chr22","25015972","25016249","chr22","40459393","40459688","23","15443421"
"chr22","25170557","25170680","chr9","34624049","34624171","15","9453492"
"chr22","25190028","25190325","chr22","40632199","40632496","6","15442171"
"chr22","25267059","25267357","chr1","40657753","40658051","26","15390694"
"chr22","25278172","25278483","chr22","40718342","40718616","41","15440170"
"chr22","25864340","25864670","chrX","151188898","151189207","51","125324558"
"chr22","25884292","25884605","chr2A","33761808","33762117","44","7877516"
"chr22","26142620","26142737","chr18","7409755","7409870","16","18732865"
"chr22","26193664","26193959","chr22","41736676","41736975","17","15543012"
"chr22","26249597","26249898","chr3","198245248","198245549","28","171995651"
"chr22","27009153","27009444","chr22","42592839","42593130","13","15583686"
"chr22","27055711","27056016","chr22","42640211","42640520","15","15584500"
"chr22","27940373","27940555","chrX","54576769","54576968","55","26636396"
"chr22","27940848","27940863","chr7","106067485","106067502","10","78126637"
"chr22","27997367","27997541","chr17","63478171","63478344","36","35480804"
"chr22","28104839","28105152","chr22","43642838","43643148","13","15537999"
"chr22","28192244","28192552","chr1","228436376","228436679","41","200244132"
"chr22","28424689","28424995","chr14","49949654","49949960","31","21524965"
"chr22","28665001","28665301","chr22","44188340","44188642","15","15523339"
"chr22","28867498","28867804","chr22","44368124","44368435","12","15500626"
"chr22","29080626","29080735","chr12","39523078","39523187","12","10442452"
"chr22","29185832","29186107","chr1","130789634","130789918","43","101603802"
"chr22","29255480","29255769","chr22","44749384","44749672","11","15493904"
"chr22","29800564","29800855","chr22","45221119","45221413","5","15420555"
"chr22","30133062","30133374","chr22","45546321","45546628","17","15413259"
"chr22","30143528","30143848","chr22","45556571","45556868","26","15413043"
"chr22","30257420","30257716","chr22","45664406","45664700","8","15406986"
"chr22","30280025","30280315","chr22","45690635","45690929","25","15410610"
"chr22","30457273","30457375","chr17","7752191","7752292","19","22705082"
"chr22","31049251","31049529","chr19","51738960","51739250","40","20689709"
"chr22","31397787","31398079","chr3","183394489","183394779","32","151996702"
"chr22","31642981","31643274","chr22","47042005","47042315","24","15399024"
"chr22","31760837","31761144","chr22","47156475","47156784","11","15395638"
"chr22","33934268","33934560","chr22","49266114","49266405","10","15331846"
"chr22","34027148","34027448","chr22","49356544","49356849","10","15329396"
"chr22","34033631","34033940","chr22","49363021","49363329","13","15329390"
"chr22","34229043","34229347","chr19","7795874","7796178","40","26433169"
"chr22","34261327","34261618","chr12","102799287","102799576","33","68537960"
"chr22","34262871","34262983","chr22","49602091","49602204","4","15339220"
"chr22","34278449","34278753","chr22","49619544","49619850","12","15341095"
"chr22","34446119","34446425","chr22","49917144","49917450","8","15471025"
"chr2A","43515687","43515992","chr2A","64625929","64626235","7","21110242"
"chr2A","92869","93160","chrUn_NW_014016912v1","901","1196","40","91968"
"chr2A","439616","439863","chr6","35137696","35137927","56","34698080"
"chr2A","638987","639288","chr2A","96227686","96227987","10","95588699"
"chr2A","802644","802922","chrUn_NW_014015527v1","89164","89442","21","713480"
"chr2A","1455581","1455878","chr6","20960668","20960969","36","19505087"
"chr2A","1501091","1501303","chr3","83371539","83371750","35","81870448"
"chr2A","1602141","1602435","chr2A","97416894","97417185","10","95814753"
"chr2A","1656201","1656499","chr2A","97468643","97468943","6","95812442"
"chr2A","1678807","1679101","chr2A","97491010","97491303","5","95812203"
"chr2A","1733198","1733466","chr2A","97545126","97545399","9","95811928"
"chr2A","1733771","1734068","chr2A","97545705","97545999","11","95811934"
"chr2A","1854504","1854802","chr2A","97665567","97665860","12","95811063"
"chr2A","1935992","1936253","chr2A","97744880","97745141","1","95808888"
"chr2A","3655470","3655753","chr2A","99704861","99705152","17","96049391"
"chr2A","4448671","4448978","chr2A","100508393","100508702","12","96059722"
"chr2A","4474773","4474907","chr1","28798109","28798249","16","24323336"
"chr2A","4654140","4654435","chr6","16090980","16091275","29","11436840"
"chr2A","4869649","4869944","chr2A","100919122","100919415","14","96049473"
"chr2A","5302588","5302715","chr2A","101346924","101347049","5","96044336"
"chr2A","5933680","5933980","chr2A","101969026","101969325","4","96035346"
"chr2A","6009908","6010194","chr22","40453482","40453776","38","34443574"
"chr2A","6062294","6062597","chr2A","102098290","102098593","7","96035996"
"chr2A","6304704","6305001","chr2A","102333626","102333901","26","96028922"
"chr2A","6436344","6436639","chr3","48209643","48209937","28","41773299"
"chr2A","6555969","6556146","chr2A","102582395","102582571","5","96026426"
"chr2A","6651610","6651886","chr2A","102746173","102746449","6","96094563"
"chr2A","6662110","6662415","chr2A","102757908","102758212","7","96095798"
"chr2A","6662931","6663145","chr2A","102758765","102758974","11","96095834"
"chr2A","6678134","6678384","chr3","89555578","89555826","27","82877444"
"chr2A","6766040","6766337","chr2A","102860222","102860528","18","96094182"
"chr2A","8341882","8342191","chr2A","104439394","104439695","16","96097512"
"chr2A","8380697","8381005","chr2A","104478057","104478363","5","96097360"
"chr2A","8587584","8587729","chr2A","104686455","104686600","4","96098871"
"chr2A","9082041","9082296","chr2A","105165678","105165942","15","96083637"
"chr2A","9582750","9583048","chr2A","105646428","105646717","13","96063678"
"chr2A","9782166","9782417","chr2A","105841216","105841467","5","96059050"
"chr2A","9952016","9952308","chr2A","106010953","106011245","1","96058937"
"chr2A","10560095","10560396","chr2A","106607641","106607932","22","96047546"
"chr2A","10767193","10767366","chr2A","106807783","106807945","12","96040590"
"chr2A","10799303","10799610","chr2A","106840291","106840595","9","96040988"
"chr2A","11081044","11081349","chr2A","107114312","107114618","13","96033268"
"chr2A","11317207","11317501","chr2A","107326039","107326320","32","96008832"
"chr2A","11352234","11352529","chr1","153471690","153471986","40","142119456"
"chr2A","11386659","11386743","chr2A","27750233","27750311","18","16363574"
"chr2A","11387347","11387399","chr7","56905802","56905859","20","45518455"
"chr2A","11661261","11661528","chr2A","107785825","107786116","28","96124564"
"chr2A","13154511","13154819","chr2A","9256619","9256922","33","3897892"
"chr2A","13216851","13217138","chr2A","109329727","109330014","26","96112876"
"chr2A","13250992","13251132","chr9","89671354","89671492","16","76420362"
"chr2A","13473473","13473551","chr2A","109692692","109692770","1","96219219"
"chr2A","13594943","13595233","chr2A","109802697","109802986","8","96207754"
"chr2A","13888309","13888619","chr6","20960668","20960969","31","7072359"
"chr2A","14033159","14033460","chr4","169310924","169311230","74","155277765"
"chr2A","14086281","14086583","chr14","54075024","54075303","62","39988743"
"chr2A","14177450","14177756","chr2A","110858585","110858890","7","96681135"
"chr2A","14228471","14228732","chr2A","110910323","110910585","10","96681852"
"chr2A","14759360","14759653","chr2A","111256408","111256701","4","96497048"
"chr2A","14823661","14823739","chr2A","111319689","111319767","1","96496028"
"chr2A","14849745","14850047","chr2A","111345948","111346242","12","96496203"
"chr2A","14852755","14853034","chr1","211591494","211591775","28","196738739"
"chr2A","14958929","14959238","chr2A","111436069","111436376","6","96477140"
"chr2A","15770210","15770510","chr12","125982129","125982421","53","110211919"
"chr2A","16047648","16047944","chr2A","112242910","112243206","7","96195262"
"chr2A","17556999","17557302","chr17","57227088","57227384","50","39670089"
"chr2A","18106566","18106874","chr2A","89914163","89914463","17","71807597"
"chr2A","18641081","18641373","chr2A","47758336","47758630","27","29117255"
"chr2A","18646501","18646813","chr2A","89469889","89470167","38","70823388"
"chr2A","19113168","19113476","chr2A","89050465","89050771","9","69937297"
"chr2A","19270892","19271185","chrX","143696022","143696316","6","124425130"
"chr2A","19344389","19344680","chr17","36980706","36980995","49","17636317"
"chr2A","19525830","19526108","chr2A","112725416","112725709","23","93199586"
"chr2A","19704184","19704455","chr15","74034028","74034300","31","54329844"
"chr2A","20056552","20056848","chr2A","88284446","88284747","8","68227894"
"chr2A","20184402","20184708","chr2A","88169598","88169904","10","67985196"
"chr2A","20590145","20590426","chr1","27932115","27932396","35","7341970"
"chr2A","20923731","20924019","chr2A","87439387","87439684","19","66515656"
"chr2A","21113357","21113439","chr2A","87252713","87252795","1","66139356"
"chr2A","21172005","21172322","chr2A","87195641","87195948","16","66023636"
"chr2A","21216134","21216422","chr2A","87150972","87151260","7","65934838"
"chr2A","21303195","21303496","chrX","54763108","54763408","33","33459913"
"chr2A","21310617","21310911","chr2A","87057280","87057576","10","65746663"
"chr2A","21397324","21397527","chr19","13044517","13044723","48","8352807"
"chr2A","21413644","21413953","chr2A","86953001","86953295","24","65539357"
"chr2A","21482750","21483058","chr3","38686472","38686780","39","17203722"
"chr2A","21524910","21525115","chr2A","86844432","86844668","38","65319522"
"chr2A","21664512","21664810","chr2A","86719667","86719967","9","65055155"
"chr2A","21816622","21816756","chr2A","86570189","86570324","2","64753567"
"chr2A","21822571","21822865","chr9","108431226","108431522","26","86608655"
"chr2A","21923786","21924059","chr2A","86466050","86466322","12","64542264"
"chr2A","22966393","22966679","chr2A","85444924","85445208","7","62478531"
"chr2A","23651825","23652118","chr2A","84803998","84804291","6","61152173"
"chr2A","23700070","23700352","chr2A","84755678","84755960","6","61055608"
"chr2A","23744390","23744694","chr2A","84719397","84719696","17","60975007"
"chr2A","24487848","24488006","chr2B","221967659","221967808","36","197479811"
"chr2A","26103222","26103519","chr2A","82367779","82368079","14","56264557"
"chr2A","26272197","26272317","chr2A","82190301","82190421","1","55918104"
"chr2A","27331349","27331620","chr2A","81146527","81146798","2","53815178"
"chr2A","28369254","28369549","chr2A","80128497","80128794","11","51759243"
"chr2A","29801547","29801859","chr2A","78726381","78726687","33","48924834"
"chr2A","29897227","29897525","chr2A","78635969","78636263","9","48738742"
"chr2A","31088294","31088581","chr2A","77388589","77388887","28","46300295"
"chr2A","31106572","31106854","chr2A","77370377","77370659","8","46263805"
"chr2A","31716813","31717118","chr2A","76723630","76723935","9","45006817"
"chr2A","32285122","32285404","chr2A","76138193","76138470","11","43853071"
"chr2A","32641377","32641520","chr2A","75789243","75789386","6","43147866"
"chr2A","32762464","32762752","chr2A","75668513","75668806","20","42906049"
"chr2A","32796485","32796781","chr2A","75635062","75635363","9","42838577"
"chr2A","33240647","33240945","chr2A","75145317","75145619","11","41904670"
"chr2A","33255334","33255638","chr2A","75130619","75130922","4","41875285"
"chr2A","33328887","33329205","chr2A","75059926","75060246","8","41731039"
"chr2A","33483751","33484013","chr2A","74899585","74899847","4","41415834"
"chr2A","33626352","33626644","chr2A","74758526","74758817","5","41132174"
"chr2A","33631951","33632224","chr2A","74753092","74753337","44","41121141"
"chr2A","33647813","33648074","chr2A","74737992","74738265","19","41090179"
"chr2A","34407751","34408056","chr2A","73989442","73989746","8","39581691"
"chr2A","34454716","34455014","chr2A","73939772","73940064","10","39485056"
"chr2A","34648193","34648318","chr1","215663298","215663430","28","181015105"
"chr2A","34842389","34842665","chr2A","73550363","73550639","8","38707974"
"chr2A","35617289","35617579","chr2A","72787179","72787461","12","37169890"
"chr2A","35631739","35632026","chr2A","72772703","72772991","3","37140964"
"chr2A","36349713","36350003","chr2A","71699477","71699767","7","35349764"
"chr2A","36561669","36561974","chr2A","71482067","71482359","17","34920398"
"chr2A","37133466","37133609","chr13","20638764","20638905","29","16494702"
"chr2A","39393157","39393451","chr2A","68659853","68660145","10","29266696"
"chr2A","39412826","39413093","chr2A","68640303","68640570","9","29227477"
"chr2A","41327399","41327692","chr2A","66746018","66746311","6","25418619"
"chr2A","41380542","41380782","chr21","31500374","31500613","38","9880168"
"chr2A","41475122","41475418","chr2A","66601420","66601705","20","25126298"
"chr2A","41484365","41484667","chr2A","66592301","66592592","20","25107936"
"chr2A","41700964","41701280","chr2A","66372870","66373173","19","24671906"
"chr2A","41856125","41856430","chr2A","66217576","66217876","16","24361451"
"chr2A","42012503","42012775","chr1","27043078","27043349","35","14969425"
"chr2A","42505081","42505360","chr5","99950530","99950827","68","57445449"
"chr2A","42546707","42547017","chr2A","65500896","65501194","15","22954189"
"chr2A","42840843","42841143","chr2A","65212762","65213062","3","22371919"
"chr2A","42844614","42844918","chr2A","65209672","65209978","9","22365058"
"chr2A","43582025","43582315","chr2A","64559916","64560205","6","20977891"
"chr2A","43722478","43722771","chr2A","64422997","64423301","17","20700519"
"chr2A","43834154","43834442","chr2A","64315725","64316012","8","20481571"
"chr2A","43861463","43861765","chr2A","64288217","64288519","12","20426754"
"chr2A","44485636","44485936","chr2A","63639459","63639761","7","19153823"
"chr2A","44667626","44667920","chr12","89035794","89036086","29","44368168"
"chr2A","44705655","44705886","chr2A","63420256","63420472","26","18714601"
"chr2A","44732898","44733202","chr2A","63392944","63393241","12","18660046"
"chr2A","44789617","44789926","chr2A","63336710","63337009","17","18547093"
"chr2A","44832404","44832597","chr2A","63296288","63296481","7","18463884"
"chr2A","44901498","44901807","chr2A","63226707","63227002","20","18325209"
"chr2A","44950803","44951026","chr2A","63573318","63573545","17","18622515"
"chr2A","45094271","45094563","chr2A","63037960","63038261","17","17943689"
"chr2A","45102050","45102305","chr2A","63030245","63030499","9","17928195"
"chr2A","45382231","45382549","chr2A","62748904","62749223","9","17366673"
"chr2A","45445230","45445514","chr19","57189923","57190204","39","11744693"
"chr2A","45515687","45515967","chr2A","62616756","62617036","7","17101069"
"chr2A","45564007","45564287","chr10","68476613","68476886","43","22912606"
"chr2A","45617332","45617614","chr2A","62527829","62528115","11","16910497"
"chr2A","45658683","45658743","chr2A","62487017","62487077","3","16828334"
"chr2A","45659358","45659523","chr3","10408327","10408500","28","35251031"
"chr2A","45725518","45725800","chr13","98406001","98406283","34","52680483"
"chr2A","45834762","45834893","chr2A","62323150","62323279","7","16488388"
"chr2A","45871625","45871933","chr2A","62285562","62285871","5","16413937"
"chr2A","46007844","46008072","chr2A","62150532","62150760","3","16142688"
"chr2A","46050597","46050727","chr2A","62108536","62108667","3","16057939"
"chr2A","46176347","46176479","chr4","192425824","192425956","14","146249477"
"chr2A","48806872","48807182","chr2A","59394588","59394881","25","10587716"
"chr2A","49442266","49442560","chr2A","58771373","58771662","11","9329107"
"chr2A","49496140","49496448","chr2A","58734214","58734518","18","9238074"
"chr2A","50459997","50460279","chr5","35345800","35346085","24","15114197"
"chr2A","51219103","51219408","chr2A","57047687","57047966","28","5828584"
"chr2A","51259836","51260141","chr2A","57047687","57047966","28","5787851"
"chr2A","51292834","51293138","chr2A","57019156","57019454","9","5726322"
"chr2A","51357064","51357368","chr2A","56955369","56955671","8","5598305"
"chr2A","51365811","51366111","chr2A","56946989","56947284","14","5581178"
"chr2A","51600138","51600433","chr2A","56721091","56721386","5","5120953"
"chr2A","51773712","51773997","chr2A","56553115","56553403","8","4779403"
"chr2A","52359245","52359503","chr8","101206541","101206793","73","48847296"
"chr2A","52481968","52482134","chr2A","55864510","55864679","4","3382542"
"chr2A","52526313","52526605","chr2A","55819968","55820256","8","3293655"
"chr2A","52902420","52902694","chr2A","55435509","55435782","6","2533089"
"chr2A","53069880","53070027","chr10","33516806","33516941","37","19553074"
"chr2A","53070837","53071133","chr2A","55027679","55027969","15","1956842"
"chr2A","53687734","53688023","chr2A","54427738","54428022","13","740004"
"chr2A","54189764","54190054","chr2A","53924975","53925283","24","264789"
"chr2A","54731439","54731740","chr2A","53389746","53390047","8","1341693"
"chr2A","55550289","55550584","chr2A","52584862","52585160","15","2965427"
"chr2A","56757691","56757989","chr7","140034576","140034880","31","83276885"
"chr2A","57013292","57013466","chr2A","51106983","51107157","3","5906309"
"chr2A","57698539","57698832","chr2A","50452378","50452666","9","7246161"
"chr2A","58550433","58550729","chr2A","49631103","49631382","24","8919330"
"chr2A","58640836","58641143","chr2A","49543244","49543549","11","9097592"
"chr2A","58700139","58700428","chr2A","49486318","49486606","7","9213821"
"chr2A","59402133","59402433","chr2A","48837677","48837969","14","10564456"
"chr2A","59427597","59427757","chr2A","48812319","48812477","7","10615278"
"chr2A","59430572","59430881","chr2A","48809185","48809495","13","10621387"
"chr2A","59442128","59442424","chr12","76085076","76085372","28","16642948"
"chr2A","59468904","59469047","chr2A","48771707","48771842","13","10697197"
"chr2A","59778693","59778995","chr2A","48455068","48455358","16","11323625"
"chr2A","59805129","59805435","chr5","137787950","137788255","40","77982821"
"chr2A","59808880","59809153","chr11","65901032","65901307","42","6092152"
"chr2A","59820115","59820412","chr2A","48417838","48418135","3","11402277"
"chr2A","59852353","59852657","chr2A","48388700","48389002","15","11463653"
"chr2A","60019503","60019793","chr2A","48226015","48226323","21","11793488"
"chr2A","60106249","60106545","chr2A","48137321","48137613","14","11968928"
"chr2A","60462343","60462614","chr2B","225535936","225536208","27","165073593"
"chr2A","60484974","60485269","chr2A","47735984","47736269","15","12748990"
"chr2A","60620741","60620961","chr20","44839149","44839368","26","15781592"
"chr2A","60621144","60621448","chr2A","47599822","47600125","6","13021322"
"chr2A","60665215","60665524","chr2A","47556117","47556439","18","13109098"
"chr2A","60709539","60709802","chr2A","47512779","47513042","8","13196760"
"chr2A","60932992","60933285","chr2A","47238986","47239280","13","13694006"
"chr2A","61306495","61306802","chr2A","46904760","46905067","7","14401735"
"chr2A","61345047","61345345","chr2A","46867364","46867657","11","14477683"
"chr2A","61460964","61461266","chr2A","46756759","46757060","9","14704205"
"chr2A","61560938","61561229","chr2A","46661049","46661342","6","14899889"
"chr2A","61806509","61806800","chr2A","46414334","46414628","14","15392175"
"chr2A","62603891","62604187","chr2A","45615856","45616153","11","16988035"
"chr2A","62777012","62777310","chr2A","45443767","45444055","14","17333245"
"chr2A","62801722","62802028","chr2A","45418934","45419240","5","17382788"
"chr2A","62901051","62901345","chr2A","45316496","45316786","13","17584555"
"chr2A","62943596","62943883","chr2A","45282878","45283172","14","17660718"
"chr2A","63076798","63077096","chr1","54927146","54927439","33","8149652"
"chr2A","63125156","63125447","chr2A","45104683","45104970","11","18020473"
"chr2A","63239589","63239880","chr2A","44992157","44992447","9","18247432"
"chr2A","63294668","63294952","chr2A","44941576","44941863","10","18353092"
"chr2A","63598692","63598972","chr1","130789634","130789918","38","67190942"
"chr2A","63749970","63750276","chr2A","44431841","44432148","5","19318129"
"chr2A","64077151","64077466","chr2A","44128219","44128532","10","19948932"
"chr2A","64113509","64113792","chr2A","44092845","44093120","19","20020664"
"chr2A","64312234","64312532","chr2A","43892634","43892931","10","20419600"
"chr2A","64465168","64465294","chr3","31801467","31801591","20","32663701"
"chr2A","64628650","64628956","chr2A","43574397","43574704","13","21054253"
"chr2A","64731888","64732197","chr2A","43481005","43481302","20","21250883"
"chr2A","64775970","64776184","chr7","136128841","136129061","27","71352871"
"chr2A","65582462","65582781","chr2A","42634306","42634603","39","22948156"
"chr2A","65594259","65594550","chr2A","42622588","42622886","14","22971671"
"chr2A","65896025","65896334","chr2A","42312229","42312537","9","23583796"
"chr2A","67901438","67901680","chr2A","40142907","40143161","26","27758531"
"chr2A","67912015","67912311","chr2A","40132278","40132568","18","27779737"
"chr2A","68237582","68237881","chr2A","39818188","39818491","16","28419394"
"chr2A","68335207","68335508","chr2A","39721682","39721981","5","28613525"
"chr2A","68367478","68367777","chr2A","39689457","39689755","7","28678021"
"chr2A","68464498","68464663","chr3","10408327","10408500","25","58056171"
"chr2A","68464967","68465100","chr17","50036355","50036488","13","18428612"
"chr2A","68472591","68472876","chr2A","39586228","39586511","11","28886363"
"chr2A","68539908","68540213","chr2A","39518244","39518548","14","29021664"
"chr2A","68658520","68658827","chr12","112618984","112619291","53","43960464"
"chr2A","68726926","68727207","chr19","57189923","57190204","34","11537003"
"chr2A","69209998","69210293","chr2A","38830174","38830469","6","30379824"
"chr2A","70612155","70612450","chr2A","37417690","37417979","15","33194465"
"chr2A","71093026","71093320","chr2A","36958527","36958831","18","34134499"
"chr2A","71407219","71407447","chr2A","36661229","36661443","19","34745990"
"chr2A","72399694","72400003","chr2A","35642493","35642803","10","36757201"
"chr2A","72781877","72782171","chr2A","35269217","35269510","19","37512660"
"chr2A","73286809","73287052","chr2A","34775064","34775311","10","38511745"
"chr2A","73307300","73307576","chr2A","34757677","34757953","9","38549623"
"chr2A","73438652","73438936","chr2A","34637335","34637617","11","38801317"
"chr2A","73551550","73551834","chr2A","34470523","34470807","8","39081027"
"chr2A","73871586","73871790","chr2A","34162592","34162796","2","39708994"
"chr2A","73942273","73942568","chr2A","34095478","34095773","5","39846795"
"chr2A","74169586","74169751","chr2A","33874797","33874961","5","40294789"
"chr2A","74262678","74262980","chr10","74433147","74433449","35","170469"
"chr2A","74285269","74285577","chr2A","33761808","33762117","16","40523461"
"chr2A","74327434","74327656","chr2A","33720200","33720413","20","40607234"
"chr2A","74516008","74516301","chr21","32200886","32201178","30","42315122"
"chr2A","74615823","74616127","chr2A","33435410","33435719","6","41180413"
"chr2A","74628665","74628972","chr17","56821225","56821534","34","17807440"
"chr2A","74689120","74689430","chr2A","33362261","33362570","8","41326859"
"chr2A","75051080","75051387","chr2A","33013049","33013351","9","42038031"
"chr2A","75059331","75059622","chr2A","33004554","33004849","11","42054777"
"chr2A","75103389","75103694","chr1","154136761","154137062","29","79033372"
"chr2A","75157514","75157821","chr1","41721583","41721886","33","33435931"
"chr2A","75317120","75317425","chr2A","32110170","32110474","10","43206950"
"chr2A","75332954","75333258","chr2A","32094430","32094726","13","43238524"
"chr2A","75406305","75406615","chr2A","32023990","32024299","9","43382315"
"chr2A","75855664","75855958","chr14","67368596","67368887","39","8487068"
"chr2A","76073228","76073531","chr2A","31355487","31355795","10","44717741"
"chr2A","76662767","76663076","chr2A","30768004","30768307","11","45894763"
"chr2A","77271421","77271728","chr2A","30171088","30171391","10","47100333"
"chr2A","77404609","77404914","chr2A","30030884","30031187","6","47373725"
"chr2A","77729139","77729448","chr2A","29705358","29705659","16","48023781"
"chr2A","77775889","77776177","chr2A","29658637","29658930","13","48117252"
"chr2A","78046281","78046583","chr2A","29386852","29387159","15","48659429"
"chr2A","78344323","78344633","chr2A","29094299","29094609","4","49250024"
"chr2A","78704629","78704935","chr13","51610545","51610850","33","27094084"
"chr2A","79436440","79436732","chr2A","28021054","28021345","6","51415386"
"chr2A","79724833","79725110","chr2A","27754704","27754981","7","51970129"
"chr2A","79783546","79783788","chr20","33373529","33373770","33","46410017"
"chr2A","80095585","80095891","chr2A","27398866","27399164","16","52696719"
"chr2A","80120757","80121059","chr2A","27373249","27373549","8","52747508"
"chr2A","80300240","80300543","chr2A","27192262","27192560","14","53107978"
"chr2A","80443036","80443338","chr2A","27053844","27054140","12","53389192"
"chr2A","80553313","80553602","chr2A","26944459","26944747","11","53608854"
"chr2A","80564251","80564545","chr2A","26933876","26934171","5","53630375"
"chr2A","80589582","80589867","chr2A","26908837","26909122","6","53680745"
"chr2A","80858086","80858382","chr2A","26642612","26642898","20","54215474"
"chr2A","81231084","81231377","chr2A","26289842","26290135","8","54941242"
"chr2A","81425730","81426039","chr3","29299017","29299324","37","52126713"
"chr2A","81538406","81538710","chr2B","207617300","207617598","33","126078894"
"chr2A","81654415","81654717","chr1","190022008","190022311","45","108367593"
"chr2A","81883372","81883494","chr2A","25640340","25640462","4","56243032"
"chr2A","82075622","82075880","chr4","5788721","5788982","30","76286901"
"chr2A","82580337","82580612","chr2A","24971429","24971727","35","57608908"
"chr2A","82965099","82965390","chr2A","24586925","24587214","7","58378174"
"chr2A","83087939","83088098","chr2A","24459791","24459949","9","58628148"
"chr2A","83090253","83090519","chr2A","24457568","24457840","14","58632685"
"chr2A","83158878","83159168","chr2A","24390149","24390442","17","58768729"
"chr2A","83563092","83563387","chr2A","23999475","23999766","13","59563617"
"chr2A","83620976","83621278","chr4","39424762","39425060","41","44196214"
"chr2A","83621474","83621763","chr9","125422164","125422454","31","41800690"
"chr2A","85108969","85109259","chr2A","22514800","22515093","10","62594169"
"chr2A","85133331","85133628","chr2A","22495763","22496062","15","62637568"
"chr2A","85174739","85174970","chr7","154995961","154996183","28","69821222"
"chr2A","86362573","86362873","chr2A","21249509","21249807","10","65113064"
"chr2A","87164717","87165018","chr2A","20484314","20484608","16","66680403"
"chr2A","87304568","87304866","chr2A","20349852","20350152","7","66954716"
"chr2A","87433016","87433325","chr2A","20221774","20222084","11","67211242"
"chr2A","87443432","87443745","chr2A","20211491","20211803","16","67231941"
"chr2A","87644418","87644681","chr2A","20012818","20013086","11","67631600"
"chr2A","88534245","88534549","chr2A","19022067","19022367","11","69512178"
"chr2A","88680586","88680831","chrX","69547600","69547854","41","19132986"
"chr2A","89211868","89212174","chr2A","18342547","18342844","18","70869321"
"chr2A","89584662","89584764","chr3","74951791","74951893","9","14632871"
"chr2A","89701727","89702022","chr2A","17857509","17857803","9","71844218"
"chr2A","90166582","90166862","chr2A","17416358","17416661","30","72750224"
"chr2A","90257585","90257878","chr2A","17320343","17320635","8","72937242"
"chr2A","92002343","92002640","chr2A","15600549","15600845","7","76401794"
"chr2A","92111519","92111828","chr2A","15491751","15492052","19","76619768"
"chr2A","92516316","92516616","chr2A","15063317","15063615","5","77452999"
"chr2A","92592170","92592443","chr2A","14985582","14985853","6","77606588"
"chr2A","92666710","92667022","chr2A","14923694","14923975","38","77743016"
"chr2A","92883199","92883493","chr2A","14704471","14704763","10","78178728"
"chr2A","92922705","92922990","chr4","56840754","56841057","54","36081951"
"chr2A","93033760","93034049","chr18","13781628","13781923","50","79252132"
"chr2A","93958599","93958732","chr16","85233737","85233867","13","8724862"
"chr2A","93959045","93959100","chr1","94342209","94342276","19","383164"
"chr2A","94863872","94864004","chr2A","12740892","12741012","16","82122980"
"chr2A","95634981","95635291","chr2A","11967110","11967423","9","83667871"
"chr2A","96724732","96725029","chr2A","10916364","10916660","3","85808368"
"chr2A","96727279","96727573","chr2A","10913816","10914105","12","85813463"
"chr2A","96786426","96786738","chr2A","10854971","10855283","7","85931455"
"chr2A","97249819","97250116","chr2A","10404120","10404417","8","86845699"
"chr2A","97295040","97295327","chr2A","10359606","10359910","19","86935434"
"chr2A","97336695","97336850","chr2A","62108536","62108667","56","35228159"
"chr2A","97576102","97576408","chr2A","10079277","10079582","8","87496825"
"chr2A","97620879","97621151","chr2A","10034607","10034874","9","87586272"
"chr2A","97663791","97664069","chr1","132955249","132955539","41","35291458"
"chr2A","97839650","97839959","chr2A","9817327","9817635","13","88022323"
"chr2A","97939258","97939549","chr17","77839348","77839643","28","20099910"
"chr2A","98046408","98046711","chr2A","9621723","9622018","26","88424685"
"chr2A","98059636","98059933","chr2A","9608522","9608824","14","88451114"
"chr2A","98225727","98225999","chr2A","9446232","9446504","3","88779495"
"chr2A","98352695","98353003","chr2A","9321685","9321982","26","89031010"
"chr2A","98430576","98430885","chr2A","9256619","9256922","12","89173957"
"chr2A","98694414","98694722","chr2A","8979359","8979651","20","89715055"
"chr2A","98943034","98943334","chr2A","8726226","8726530","13","90216808"
"chr2A","98999113","98999415","chr2A","8726226","8726530","13","90272887"
"chr2A","99138150","99138446","chr4","47218523","47218820","34","51919627"
"chr2A","99641910","99642202","chr2A","8089155","8089441","20","91552755"
"chr2A","100096964","100097269","chr3","37596334","37596638","27","62500630"
"chr2A","100276321","100276615","chr2A","7432835","7433134","11","92843486"
"chr2A","101436510","101436812","chr2A","6296435","6296736","8","95140075"
"chr2A","101796428","101796655","chr2A","5941914","5942141","1","95854514"
"chr2A","102019348","102019646","chr2A","5439723","5440016","24","96579625"
"chr2A","102076285","102076580","chr2A","5439723","5440016","8","96636562"
"chr2A","102278957","102279239","chr2A","5250584","5250866","4","97028373"
"chr2A","102373781","102374082","chr2A","5166299","5166602","11","97207482"
"chr2A","102863271","102863579","chr2A","4634696","4635005","11","98228575"
"chr2A","104064607","104064889","chr2A","3504129","3504405","14","100560478"
"chr2A","104083166","104083464","chr2A","3485485","3485780","20","100597681"
"chr2A","104301494","104301721","chr2A","3276773","3276991","14","101024721"
"chr2A","104958386","104958676","chr2A","2670699","2670993","13","102287687"
"chr2A","105963772","105964066","chr2A","1724046","1724338","11","104239726"
"chr2B","27925","28203","chr2A","112725416","112725709","20","112697491"
"chr2B","552353","552537","chr10","125898516","125898700","20","125346163"
"chr2B","784834","785138","chr2A","113381439","113381743","11","112596605"
"chr2B","848692","848995","chr2A","113444663","113444963","14","112595971"
"chr2B","1118375","1118683","chr2A","113594724","113595031","5","112476349"
"chr2B","1350957","1351242","chr2A","113871581","113871866","9","112520624"
"chr2B","2519546","2519856","chr2B","114324370","114324674","16","111804824"
"chr2B","3147446","3147754","chr2B","114982424","114982727","10","111834978"
"chr2B","3394449","3394742","chr2B","115229347","115229639","13","111834898"
"chr2B","3479334","3479623","chr2B","115311185","115311470","20","111831851"
"chr2B","3854227","3854532","chr2B","115679412","115679713","13","111825185"
"chr2B","4641693","4641865","chr2B","116478746","116478918","5","111837053"
"chr2B","5504631","5504941","chr2B","117358950","117359257","16","111854319"
"chr2B","6791608","6791907","chr17","38693337","38693627","35","31901729"
"chr2B","7258639","7258921","chr2B","119078461","119078748","12","111819822"
"chr2B","8334101","8334408","chr2B","120031380","120031687","10","111697279"
"chr2B","8672676","8672824","chr2B","120365550","120365675","24","111692874"
"chr2B","8866976","8867269","chr2B","120559679","120559968","11","111692703"
"chr2B","9812167","9812418","chr2B","121502304","121502554","5","111690137"
"chr2B","9901041","9901268","chr2B","121590524","121590746","7","111689483"
"chr2B","9909788","9910090","chr2B","121599284","121599577","18","111689496"
"chr2B","10243256","10243561","chr2B","121906546","121906848","14","111663290"
"chr2B","10445419","10445641","chr7","154995961","154996183","27","144550542"
"chr2B","10552149","10552444","chr4","179143446","179143734","39","168591297"
"chr2B","10785603","10785912","chr2B","122630298","122630608","5","111844695"
"chr2B","10935556","10935861","chr2B","122775040","122775334","19","111839484"
"chr2B","11072680","11072970","chr2B","122911145","122911433","7","111838465"
"chr2B","11238385","11238690","chr2B","123074300","123074592","23","111835915"
"chr2B","12440551","12440857","chr2B","124293600","124293906","8","111853049"
"chr2B","12601137","12601388","chr2B","124451036","124451287","5","111849899"
"chr2B","13630826","13631112","chr2B","125420583","125420864","18","111789757"
"chr2B","13754628","13754938","chr2B","125548138","125548438","29","111793510"
"chr2B","13810145","13810452","chr1","198109488","198109804","62","184299343"
"chr2B","14443250","14443545","chr2B","126216441","126216730","16","111773191"
"chr2B","14659851","14660147","chr2B","126438145","126438437","10","111778294"
"chr2B","15124572","15124864","chr2B","126877672","126877970","16","111753100"
"chr2B","15188436","15188740","chr2B","126950169","126950473","6","111761733"
"chr2B","15549016","15549225","chr2B","127330107","127330317","6","111781091"
"chr2B","15596100","15596407","chr2B","127381299","127381601","12","111785199"
"chr2B","15759117","15759421","chr2B","127543175","127543479","6","111784058"
"chr2B","15980221","15980524","chr2B","127743260","127743562","9","111763039"
"chr2B","16215997","16216291","chr2B","127960926","127961214","11","111744929"
"chr2B","16261028","16261336","chr2B","128005938","128006237","14","111744910"
"chr2B","16317335","16317459","chr4","179784821","179784945","26","163467486"
"chr2B","16768450","16768749","chr2B","128480489","128480786","26","111712039"
"chr2B","16776543","16776836","chr2B","128488490","128488780","12","111711947"
"chr2B","16868413","16868699","chr18","74055859","74056160","36","57187446"
"chr2B","16976499","16976798","chr2B","128689766","128690070","14","111713267"
"chr2B","17027376","17027538","chr2B","128740889","128741060","20","111713513"
"chr2B","17027570","17027583","chr16","11796007","11796019","6","5231563"
"chr2B","17027868","17027915","chr5","83764260","83764301","15","66736392"
"chr2B","17042707","17043000","chrX","31294941","31295233","31","14252234"
"chr2B","17099215","17099517","chr2B","128811675","128811972","11","111712460"
"chr2B","17185617","17185922","chr5","162753852","162754159","34","145568235"
"chr2B","17379733","17380025","chr2B","129091542","129091834","6","111711809"
"chr2B","17429751","17430034","chr2B","129140906","129141189","4","111711155"
"chr2B","17713005","17713299","chr2B","129424057","129424358","12","111711052"
"chr2B","18346030","18346189","chr2B","130018880","130019041","3","111672850"
"chr2B","18816605","18816890","chrX","96767512","96767810","49","77950907"
"chr2B","18946782","18947061","chr2B","130619023","130619311","13","111672241"
"chr2B","22380671","22380965","chr2B","131296506","131296802","14","108915835"
"chr2B","22616883","22617179","chr2B","131537242","131537538","8","108920359"
"chr2B","22821211","22821500","chr2B","131734572","131734862","14","108913361"
"chr2B","22899690","22899987","chr2B","131813424","131813721","7","108913734"
"chr2B","22939554","22939836","chr2B","131852009","131852291","6","108912455"
"chr2B","23383059","23383315","chr14","18524204","18524461","24","4858855"
"chr2B","23917589","23917881","chrUn_NW_014017117v1","280","574","16","23917309"
"chr2B","24180989","24181123","chr6","160891113","160891243","16","136710124"
"chr2B","24190405","24190598","chr3","32038286","32038479","53","7847881"
"chr2B","24190624","24190670","chr6","135740359","135740397","20","111549735"
"chr2B","24471440","24471738","chr6","158733127","158733420","54","134261687"
"chr2B","24607481","24607776","chrX","106566617","106566909","29","81959136"
"chr2B","24776069","24776348","chr2B","136959961","136960240","6","112183892"
"chr2B","25628444","25628757","chr2B","137791580","137791888","15","112163136"
"chr2B","26034941","26035244","chr2B","138195373","138195667","24","112160432"
"chr2B","26494343","26494618","chrX","32410031","32410307","40","5915688"
"chr2B","26605246","26605554","chr2B","138765171","138765469","21","112159925"
"chr2B","26629159","26629470","chr2B","138789076","138789384","8","112159917"
"chr2B","26697964","26698262","chr2B","138857600","138857893","11","112159636"
"chr2B","27116842","27117154","chr2B","139260237","139260548","7","112143395"
"chr2B","27151453","27151757","chr18","36949710","36950015","39","9798257"
"chr2B","27169323","27169612","chr2B","139311180","139311465","11","112141857"
"chr2B","27197982","27198281","chr2B","139338020","139338315","7","112140038"
"chr2B","27299486","27299819","chr2B","139437327","139437635","35","112137841"
"chr2B","27431854","27432150","chr2B","139577998","139578290","14","112146144"
"chr2B","27461254","27461534","chr2B","139607863","139608172","33","112146609"
"chr2B","28017400","28017685","chr2B","140168167","140168452","10","112150767"
"chr2B","28085632","28085938","chr2B","140235104","140235414","9","112149472"
"chr2B","28098301","28098609","chr2B","140247747","140248048","9","112149446"
"chr2B","28145345","28145653","chr2B","140294887","140295195","13","112149542"
"chr2B","28300243","28300529","chr5","17171127","17171413","37","11129116"
"chr2B","28883726","28884023","chr2B","141016486","141016781","5","112132760"
"chr2B","28885596","28885904","chr2B","141018336","141018644","9","112132740"
"chr2B","28898810","28899117","chr2B","141031046","141031351","14","112132236"
"chr2B","29462114","29462399","chr2B","141586751","141587059","34","112124637"
"chr2B","29462427","29462446","chr1","192130336","192130352","3","162667909"
"chr2B","30274199","30274484","chr2B","142403302","142403610","27","112129103"
"chr2B","30277083","30277376","chr3","12611691","12611983","39","17665392"
"chr2B","30566939","30567256","chr8","9043702","9044008","42","21523237"
"chr2B","30803192","30803454","chr2B","142923037","142923306","25","112119845"
"chr2B","31390563","31390864","chr2B","143488176","143488471","12","112097613"
"chr2B","31678504","31678810","chr2B","143780458","143780763","7","112101954"
"chr2B","32452228","32452385","chr4","150255426","150255589","31","117803198"
"chr2B","32477222","32477379","chr4","150255426","150255589","30","117778204"
"chr2B","32516981","32517288","chr2B","144602752","144603056","13","112085771"
"chr2B","33067706","33068015","chr2B","145159106","145159418","17","112091400"
"chr2B","34501011","34501313","chr2B","146608205","146608508","6","112107194"
"chr2B","34515404","34515696","chr2B","146621704","146621996","11","112106300"
"chr2B","34584074","34584359","chr2B","146690284","146690564","12","112106210"
"chr2B","35792748","35793030","chr2B","147881792","147882087","25","112089044"
"chr2B","35804676","35804987","chr2B","147893528","147893827","19","112088852"
"chr2B","35810974","35811270","chr2B","147899813","147900121","19","112088839"
"chr2B","35894546","35894853","chr2B","147965050","147965356","8","112070504"
"chr2B","36384448","36384741","chr11","32954569","32954864","27","3429879"
"chr2B","36685296","36685602","chr2B","148765842","148766148","8","112080546"
"chr2B","38472279","38472576","chr1","69568245","69568543","37","31095966"
"chr2B","38472577","38472873","chr14","34143313","34143608","38","4329264"
"chr2B","38627836","38628127","chr2B","150944195","150944488","10","112316359"
"chr2B","38955492","38955822","chr2B","151276488","151276794","29","112320996"
"chr2B","39060701","39060999","chr2B","151374426","151374725","10","112313725"
"chr2B","40696808","40697120","chr2B","153007123","153007427","14","112310315"
"chr2B","41038092","41038393","chr2B","153355195","153355497","9","112317103"
"chr2B","41180098","41180286","chr2B","163945984","163946160","49","122765886"
"chr2B","41634457","41634587","chr2B","153926956","153927082","7","112292499"
"chr2B","42395410","42395712","chr2B","154643496","154643802","10","112248086"
"chr2B","42544600","42544887","chr2B","154790853","154791140","9","112246253"
"chr2B","42852083","42852383","chr2B","155098856","155099155","12","112246773"
"chr2B","42875371","42875678","chr2B","155121997","155122293","23","112246626"
"chr2B","43431913","43432217","chr2B","155900840","155901132","14","112468927"
"chr2B","43495641","43495929","chr2B","155966073","155966360","9","112470432"
"chr2B","43530413","43530708","chrX","2064238","2064533","34","41466175"
"chr2B","43616016","43616318","chr2B","156100165","156100465","5","112484149"
"chr2B","43830526","43830834","chr2B","156260427","156260723","18","112429901"
"chr2B","43932253","43932540","chr18","23433773","23434058","36","20498480"
"chr2B","44300578","44300858","chr2B","156733308","156733602","22","112432730"
"chr2B","44424679","44425000","chr3","160440597","160440904","50","116015918"
"chr2B","44691896","44692159","chr2B","157106411","157106681","13","112414515"
"chr2B","44818885","44819172","chr2B","157230174","157230459","5","112411289"
"chr2B","45125265","45125563","chr2B","157524744","157525047","14","112399479"
"chr2B","45352059","45352349","chr2B","157751853","157752142","10","112399794"
"chr2B","45604364","45604555","chr2B","157983800","157983990","5","112379436"
"chr2B","45787141","45787439","chr2B","158162376","158162674","12","112375235"
"chr2B","46176169","46176468","chr2B","158536078","158536377","8","112359909"
"chr2B","46203558","46203827","chr2B","158563615","158563885","5","112360057"
"chr2B","46646551","46646828","chr2B","159001439","159001713","13","112354888"
"chr2B","46936659","46936966","chr2B","159281798","159282105","6","112345139"
"chr2B","46981563","46981767","chr2B","159326606","159326810","3","112345043"
"chr2B","47137304","47137617","chr2B","159490667","159490961","26","112353363"
"chr2B","47722223","47722531","chr2B","160067577","160067883","10","112345354"
"chr2B","48171703","48172005","chr1","153471690","153471986","53","105299987"
"chr2B","48228727","48229022","chr2B","160547663","160547967","16","112318936"
"chr2B","48396388","48396677","chr2B","160715167","160715455","7","112318779"
"chr2B","51510267","51510441","chr2B","163945984","163946160","4","112435717"
"chr2B","51541134","51541426","chr2B","163977369","163977632","34","112436235"
"chr2B","51641255","51641553","chr2B","164082576","164082869","13","112441321"
"chr2B","51771974","51772272","chr2B","164190111","164190409","4","112418137"
"chr2B","51807881","51808191","chr2B","164232156","164232466","16","112424275"
"chr2B","51940387","51940693","chr2B","164365686","164365992","5","112425299"
"chr2B","52018576","52018854","chr9","106968828","106969107","26","54950252"
"chr2B","52019169","52019469","chr14","87754898","87755196","28","35735729"
"chr2B","52413312","52413608","chr2B","164825906","164826206","10","112412594"
"chr2B","52444403","52444531","chr3","32178841","32178969","16","20265562"
"chr2B","53576250","53576555","chr2B","165957822","165958115","15","112381572"
"chr2B","53733616","53733918","chr2B","166112583","166112883","14","112378967"
"chr2B","54666731","54667022","chr2B","167078634","167078921","9","112411903"
"chr2B","54944451","54944728","chr2B","167356707","167356981","6","112412256"
"chr2B","55055560","55055864","chr2B","167474072","167474376","7","112418512"
"chr2B","55344654","55344947","chr2B","167749512","167749814","18","112404858"
"chr2B","55364077","55364213","chr20","2100794","2100928","11","53263283"
"chr2B","55529238","55529519","chr2B","167934486","167934767","5","112405248"
"chr2B","55920540","55920690","chr11","16774433","16774585","27","39146107"
"chr2B","56092183","56092478","chr2B","168484987","168485289","11","112392804"
"chr2B","56359400","56359697","chr2B","168747712","168748016","14","112388312"
"chr2B","56490683","56490985","chr2B","168873914","168874204","20","112383231"
"chr2B","57295765","57295916","chr2B","169645501","169645628","29","112349736"
"chr2B","57348229","57348523","chr2B","169696936","169697228","7","112348707"
"chr2B","58182369","58182469","chr8","93136564","93136659","18","34954195"
"chr2B","58825974","58826254","chr2B","171268743","171269045","29","112442769"
"chr2B","58980375","58980662","chr2B","171415137","171415424","4","112434762"
"chr2B","60112051","60112349","chr2B","172497357","172497651","12","112385306"
"chr2B","60579494","60579792","chr2B","172957699","172957999","5","112378205"
"chr2B","60630386","60630685","chr2B","173008317","173008615","12","112377931"
"chr2B","60645493","60645797","chr2B","173023423","173023732","15","112377930"
"chr2B","60676671","60676969","chr2B","173054613","173054907","14","112377942"
"chr2B","61926520","61926816","chr2B","174305286","174305589","16","112378766"
"chr2B","61938447","61938748","chr19","49705671","49705964","35","12232776"
"chr2B","61975758","61976067","chr2B","174352900","174353208","6","112377142"
"chr2B","62025062","62025358","chr3","15828123","15828417","35","46196939"
"chr2B","62149356","62149650","chr2B","174524963","174525252","8","112375607"
"chr2B","62256124","62256426","chr2B","174621490","174621784","16","112365366"
"chr2B","63079431","63079731","chr4","75171632","75171933","25","12092201"
"chr2B","63302394","63302688","chr2B","175654398","175654689","8","112352004"
"chr2B","63401792","63402112","chr2B","175754872","175755195","10","112353080"
"chr2B","63456210","63456504","chr4","189545517","189545808","37","126089307"
"chr2B","63499453","63499762","chr2B","175853928","175854232","11","112354475"
"chr2B","63590865","63591171","chr2B","175944993","175945293","26","112354128"
"chr2B","63689722","63689895","chr16","63099489","63099662","58","590233"
"chr2B","63703477","63703774","chr2B","176051787","176052087","17","112348310"
"chr2B","63779082","63779392","chr2B","176124920","176125228","9","112345838"
"chr2B","63895732","63895944","chr2B","176242025","176242255","26","112346293"
"chr2B","64106180","64106441","chr2B","176443056","176443310","18","112336876"
"chr2B","64243667","64243970","chr3","123596179","123596480","31","59352512"
"chr2B","64288014","64288206","chr2B","176643867","176644059","8","112355853"
"chr2B","64377110","64377415","chr2B","176732574","176732873","12","112355464"
"chr2B","64441459","64441762","chr2B","176795748","176796047","14","112354289"
"chr2B","64595130","64595437","chr2B","176944819","176945128","19","112349689"
"chr2B","64931963","64932266","chr2B","177276164","177276440","34","112344201"
"chr2B","65810621","65810928","chr2B","178155166","178155471","15","112344545"
"chr2B","66153385","66153666","chr2B","178486329","178486609","11","112332944"
"chr2B","66274674","66274927","chr4","39983722","39983974","27","26290952"
"chr2B","66330983","66331286","chr2B","178664488","178664796","13","112333505"
"chr2B","66538834","66539143","chr2B","178874360","178874669","7","112335526"
"chr2B","66906796","66907093","chr2B","179260002","179260302","5","112353206"
"chr2B","66916756","66917049","chr2B","179268150","179268449","24","112351394"
"chr2B","67359584","67359864","chr7","97904460","97904743","30","30544876"
"chr2B","67438912","67439211","chr1","40657753","40658051","33","26781159"
"chr2B","67960937","67961221","chr2B","180275903","180276177","15","112314966"
"chr2B","68337372","68337670","chr2B","180913716","180914010","9","112576344"
"chr2B","68822388","68822653","chr2B","181332542","181332803","8","112510154"
"chr2B","69688659","69688956","chr2B","182183656","182183947","9","112494997"
"chr2B","70570746","70570853","chr19","53691378","53691501","31","16879368"
"chr2B","70728655","70728942","chr2B","183159170","183159455","11","112430515"
"chr2B","70836101","70836409","chr2B","183251095","183251402","12","112414994"
"chr2B","70876451","70876769","chr2B","183291320","183291635","12","112414869"
"chr2B","70913150","70913265","chr19","11865892","11866006","20","59047258"
"chr2B","71565495","71565738","chr1","157842911","157843153","38","86277416"
"chr2B","71707434","71707740","chr2B","184079715","184080014","16","112372281"
"chr2B","71832325","71832617","chr2B","184205090","184205386","11","112372765"
"chr2B","72052824","72053122","chr2B","184390122","184390412","15","112337298"
"chr2B","72493090","72493398","chr2B","184830108","184830416","8","112337018"
"chr2B","72601866","72602099","chr2B","184937019","184937250","10","112335153"
"chr2B","73249266","73249400","chr3","47292730","47292861","21","25956536"
"chr2B","73557041","73557171","chr16","85233737","85233867","10","11676696"
"chr2B","73571385","73571483","chr11","64040328","64040415","54","9531057"
"chr2B","73571731","73571896","chr19","59203125","59203283","37","14368606"
"chr2B","74543829","74544127","chr2B","187011394","187011700","13","112467565"
"chr2B","74812722","74813027","chr2B","187269325","187269629","2","112456603"
"chr2B","74883737","74884075","chr2B","187331874","187332200","24","112448137"
"chr2B","74969102","74969410","chr2B","187420242","187420550","8","112451140"
"chr2B","75594471","75594687","chr2B","188033139","188033331","28","112438668"
"chr2B","77241544","77241851","chr2B","189640211","189640518","11","112398667"
"chr2B","77356385","77356586","chr6","152952505","152952710","41","75596120"
"chr2B","77604880","77604931","chr2B","190001307","190001358","0","112396427"
"chr2B","78028879","78029173","chr18","13781628","13781923","29","64247251"
"chr2B","78038714","78038842","chr7","56781207","56781336","16","21257507"
"chr2B","78513503","78513621","chr2B","190862694","190862807","8","112349191"
"chr2B","79542039","79542347","chr2B","191910537","191910845","10","112368498"
"chr2B","79700796","79701052","chr1","160996503","160996748","45","81295707"
"chr2B","79707557","79707849","chr9","130565835","130566130","34","50858278"
"chr2B","79736293","79736600","chr9","112918036","112918339","37","33181743"
"chr2B","80666225","80666548","chr2B","193148820","193149112","39","112482595"
"chr2B","80733383","80733614","chr7","154995961","154996183","60","74262578"
"chr2B","81263058","81263367","chr2B","193773872","193774179","7","112510814"
"chr2B","81986393","81986701","chr2B","194502614","194502918","9","112516221"
"chr2B","82201849","82202149","chr4","85149582","85149881","36","2947733"
"chr2B","82273554","82273845","chr2B","194783294","194783584","12","112509740"
"chr2B","82676707","82676944","chr2B","195180664","195180896","10","112503957"
"chr2B","82947066","82947344","chr2B","195455764","195456043","6","112508698"
"chr2B","83109935","83110216","chr2B","195619265","195619541","11","112509330"
"chr2B","83330657","83330956","chr2B","195831065","195831358","12","112500408"
"chr2B","84001239","84001533","chr2B","196462211","196462502","9","112460972"
"chr2B","84059614","84059906","chr2B","196521895","196522192","14","112462281"
"chr2B","84099985","84100293","chr2B","196562032","196562338","13","112462047"
"chr2B","84439641","84439950","chr2B","196884935","196885244","2","112445294"
"chr2B","84668504","84668652","chr1","222210938","222211086","15","137542434"
"chr2B","85040488","85040644","chr20","510688","510841","26","84529800"
"chr2B","85507830","85508152","chr2B","197930451","197930768","25","112422621"
"chr2B","86823636","86823874","chr2B","199270260","199270499","3","112446624"
"chr2B","88176441","88176710","chr2A","81146527","81146798","38","7029914"
"chr2B","88442467","88442749","chr2B","200879987","200880263","14","112437520"
"chr2B","88846828","88847128","chr2B","201290127","201290424","11","112443299"
"chr2B","88875391","88875673","chr2B","201320457","201320755","18","112445066"
"chr2B","89399643","89399938","chr2B","201834641","201834936","6","112434998"
"chr2B","89612661","89612931","chr2B","202046280","202046542","14","112433619"
"chr2B","89705010","89705283","chr2B","202142893","202143163","10","112437883"
"chr2B","89741146","89741419","chr2B","202142893","202143163","10","112401747"
"chr2B","89752862","89752989","chr3","32178841","32178969","14","57574021"
"chr2B","90203092","90203383","chr10","99318156","99318451","39","9115064"
"chr2B","90241874","90242140","chr2B","202668434","202668700","4","112426560"
"chr2B","90246896","90247195","chr5","37548749","37549056","33","52698147"
"chr2B","90271001","90271301","chr12","37501533","37501826","29","52769468"
"chr2B","90445200","90445496","chr1","93473812","93474110","31","3028612"
"chr2B","90475914","90475986","chr17","25558249","25558316","18","64917665"
"chr2B","90476515","90476592","chr6","20677170","20677228","31","69799345"
"chr2B","91280920","91281294","chr2B","203689814","203690103","95","112408894"
"chr2B","91303816","91304120","chr2B","203712610","203712919","31","112408794"
"chr2B","91435303","91435608","chr2B","203844506","203844811","8","112409203"
"chr2B","91735821","91736040","chr10","26791452","26791704","63","64944369"
"chr2B","92276334","92276503","chr21","31391539","31391702","35","60884795"
"chr2B","92313247","92313542","chr2B","204973421","204973713","4","112660174"
"chr2B","92561161","92561459","chr2B","205221486","205221789","9","112660325"
"chr2B","92704903","92705199","chr2B","205364493","205364789","5","112659590"
"chr2B","93552087","93552239","chr5","179566880","179567028","27","86014793"
"chr2B","93779530","93779660","chr3","47292730","47292861","18","46486800"
"chr2B","93926206","93926499","chr2B","206562850","206563149","16","112636644"
"chr2B","94548579","94548884","chr2B","207172857","207173160","11","112624278"
"chr2B","94805155","94805349","chr17","75832608","75832806","38","18972547"
"chr2B","95036395","95036690","chr2B","207591785","207592083","7","112555390"
"chr2B","95041599","95041891","chr2B","207596980","207597271","5","112555381"
"chr2B","95061913","95062213","chr2B","207617300","207617598","6","112555387"
"chr2B","95067305","95067563","chrX","69547600","69547854","31","25519705"
"chr2B","95143368","95143662","chr2B","207694297","207694591","7","112550929"
"chr2B","95233059","95233364","chr2B","207784283","207784581","15","112551224"
"chr2B","95246915","95247214","chr1","141239412","141239712","33","45992497"
"chr2B","95325189","95325495","chr15","20943865","20944166","31","74381324"
"chr2B","95328883","95329192","chr2B","207879125","207879431","12","112550242"
"chr2B","95380172","95380467","chr4","27530362","27530653","34","67849810"
"chr2B","95391547","95391850","chr2B","207947273","207947580","11","112555726"
"chr2B","95397092","95397384","chr9","119775598","119775904","40","24378506"
"chr2B","95419069","95419221","chr3","61500001","61500152","36","33919068"
"chr2B","95452280","95452391","chrX","47716197","47716312","10","47736083"
"chr2B","95491451","95491783","chr5","136554010","136554321","63","41062559"
"chr2B","95942818","95943120","chr2B","208471862","208472162","10","112529044"
"chr2B","96053494","96053664","chr2B","208582002","208582170","5","112528508"
"chr2B","96084400","96084683","chr2B","208612038","208612347","35","112527638"
"chr2B","96104835","96105073","chr2B","208631204","208631437","7","112526369"
"chr2B","96110117","96110298","chr10","125898516","125898700","23","29788399"
"chr2B","96209209","96209514","chr4","84688813","84689123","41","11520396"
"chr2B","96270761","96271048","chr2B","208793555","208793841","7","112522794"
"chr2B","96388931","96389230","chr2B","208926109","208926406","10","112537178"
"chr2B","96391748","96391908","chr8","2062218","2062376","24","94329530"
"chr2B","96492962","96493254","chr2B","209030331","209030605","23","112537369"
"chr2B","97052121","97052405","chr2B","209564311","209564589","18","112512190"
"chr2B","97954920","97955228","chr2B","210397719","210398027","7","112442799"
"chr2B","98872551","98872857","chr2B","211315118","211315424","14","112442567"
"chr2B","98895926","98896171","chr2B","211338531","211338776","5","112442605"
"chr2B","98908630","98908932","chr2B","211351150","211351451","4","112442520"
"chr2B","99113969","99114266","chr2B","211550708","211551009","13","112436739"
"chr2B","99126273","99126573","chr2B","211563327","211563626","4","112437054"
"chr2B","99140171","99140402","chr2B","211577757","211577988","7","112437586"
"chr2B","99475548","99475833","chr2B","211908676","211908969","13","112433128"
"chr2B","99534006","99534317","chr2B","211966726","211967030","13","112432720"
"chr2B","100202747","100203053","chr2A","89626856","89627164","37","10575891"
"chr2B","100407438","100407730","chr2B","212821478","212821771","7","112414040"
"chr2B","100540275","100540480","chr2B","212943377","212943583","5","112403102"
"chr2B","100630654","100630939","chr10","14595357","14595647","30","86035297"
"chr2B","100681204","100681503","chr9","32392429","32392729","43","68288775"
"chr2B","100749269","100749556","chr2B","213151531","213151819","11","112402262"
"chr2B","100842534","100842777","chr6","35924369","35924612","31","64918165"
"chr2B","100842804","100842941","chr9","89671354","89671492","13","11171450"
"chr2B","101029872","101029998","chr15","41169982","41170108","16","59859890"
"chr2B","101067646","101067910","chr2A","102746173","102746449","46","1678527"
"chr2B","101120292","101120588","chr2B","213499644","213499933","14","112379352"
"chr2B","101204959","101205267","chr2B","213591775","213592081","15","112386816"
"chr2B","101209655","101209934","chr13","82387152","82387440","56","18822503"
"chr2B","101211329","101211473","chr1","157768618","157768730","42","56557289"
"chr2B","101293758","101294037","chr2B","213681259","213681533","8","112387501"
"chr2B","101936502","101936795","chr2B","214624522","214624815","4","112688020"
"chr2B","102055440","102055635","chr10","77214649","77214842","37","24840791"
"chr2B","102588884","102589194","chr2B","215259881","215260166","33","112670997"
"chr2B","103834107","103834223","chr2B","216485958","216486078","9","112651851"
"chr2B","105188008","105188311","chr4","169310924","169311230","93","64122916"
"chr2B","106256662","106256969","chr2B","218911843","218912152","8","112655181"
"chr2B","106349158","106349432","chr2B","218993080","218993377","46","112643922"
"chr2B","106638047","106638356","chr2B","219260334","219260643","6","112622287"
"chr2B","106793139","106793436","chr2B","219415456","219415753","11","112622317"
"chr2B","107056425","107056716","chr1","39817732","39818023","31","67238693"
"chr2B","107451618","107451917","chr2B","220067198","220067496","7","112615580"
"chr2B","107479358","107479663","chr2B","220095027","220095330","9","112615669"
"chr2B","107616183","107616480","chr2B","220231213","220231510","9","112615030"
"chr2B","108052472","108052771","chr2B","220664163","220664463","9","112611691"
"chr2B","108166606","108166899","chr2B","220777215","220777507","7","112610609"
"chr2B","108551260","108551425","chr3","50345462","50345622","32","58205798"
"chr2B","108710936","108711256","chr13","40829296","40829604","38","67881640"
"chr2B","108963818","108964143","chr2B","221660264","221660560","36","112696446"
"chr2B","109257844","109258129","chr2B","221954620","221954910","9","112696776"
"chr2B","109270874","109271023","chr2B","221967659","221967808","1","112696785"
"chr2B","109685150","109685447","chr2B","222359433","222359730","4","112674283"
"chr2B","109742788","109742935","chr2B","222416104","222416256","5","112673316"
"chr2B","109840191","109840499","chr2B","222502480","222502787","6","112662289"
"chr2B","109850339","109850442","chr8","37868456","37868558","7","71981883"
"chr2B","109903094","109903396","chr2B","222562328","222562627","10","112659234"
"chr2B","110344204","110344502","chr2B","223001945","223002246","11","112657741"
"chr2B","111293366","111293655","chr2B","223945763","223946051","10","112652397"
"chr2B","111389411","111389717","chr2B","224041745","224042051","3","112652334"
"chr2B","111477663","111477964","chr1","140452020","140452321","34","28974357"
"chr2B","111563800","111564103","chr2B","224212882","224213184","7","112649082"
"chr2B","111740392","111740701","chr2B","224386125","224386422","21","112645733"
"chr2B","111808990","111809283","chr2B","224455055","224455351","8","112646065"
"chr2B","111950659","111950988","chr2B","224583379","224583721","41","112632720"
"chr2B","112412721","112413020","chr13","99987645","99987944","5","12425076"
"chr2B","112421592","112421889","chr2B","225041134","225041429","16","112619542"
"chr2B","112586088","112586394","chr2B","225209515","225209822","9","112623427"
"chr2B","112746698","112746992","chr2B","225375563","225375855","5","112628865"
"chr2B","112827046","112827336","chr2B","225447317","225447608","28","112620271"
"chr2B","112895189","112895489","chr2B","225514831","225515128","11","112619642"
"chr2B","112916307","112916573","chr2B","225535936","225536208","10","112619629"
"chr2B","112972055","112972361","chr2B","225591245","225591539","22","112619190"
"chr2B","113202875","113203164","chr2B","225810017","225810304","8","112607142"
"chr2B","113463369","113463674","chr9","112918036","112918339","35","545333"
"chr2B","114391277","114391566","chr7","153229310","153229600","40","38838033"
"chr2B","114705968","114706255","chr2B","227310064","227310350","10","112604096"
"chr2B","114781687","114781996","chr12","76136740","76137050","52","38644947"
"chr2B","114840666","114840972","chr2B","227443049","227443357","6","112602383"
"chr2B","114884857","114885149","chr2B","227487617","227487899","16","112602760"
"chr2B","115300855","115301170","chr2B","227893811","227894119","11","112592956"
"chr2B","115681554","115681852","chr2B","228266434","228266731","7","112584880"
"chr2B","116007571","116007870","chr2B","228619846","228620144","10","112612275"
"chr2B","116192915","116193207","chr2B","228804018","228804327","20","112611103"
"chr2B","116420815","116421043","chr2A","63573318","63573545","33","52847497"
"chr2B","116539942","116540237","chr2B","229148178","229148471","12","112608236"
"chr2B","117070142","117070314","chr2B","229648685","229648857","2","112578543"
"chr2B","117188086","117188384","chr2B","229773382","229773684","11","112585296"
"chr2B","117658907","117659212","chr2B","230232110","230232415","6","112573203"
"chr2B","117706406","117706695","chr2B","230279558","230279846","8","112573152"
"chr2B","118313185","118313406","chr2B","230865787","230866006","7","112552602"
"chr2B","118319560","118319817","chr2B","230872144","230872402","9","112552584"
"chr2B","118838423","118838725","chr2B","231609544","231609845","14","112771121"
"chr2B","119546542","119546831","chr2B","232354134","232354430","13","112807592"
"chr2B","120319423","120319712","chr2B","233119973","233120264","13","112800550"
"chr2B","120906782","120907088","chr2B","233691333","233691639","7","112784551"
"chr2B","120950363","120950668","chr14","49949654","49949960","32","71000709"
"chr2B","121219225","121219509","chr2B","233994312","233994594","5","112775087"
"chr2B","121550803","121551094","chr2B","234303030","234303320","8","112752227"
"chr2B","122339683","122339984","chr2B","235078850","235079146","31","112739167"
"chr2B","122691775","122692071","chr10","92406401","92406690","52","30285374"
"chr2B","122871143","122871427","chr2B","235601319","235601603","9","112730176"
"chr2B","123189709","123190014","chr2B","235916409","235916718","13","112726700"
"chr2B","123278185","123278479","chr2B","236004145","236004454","23","112725960"
"chr2B","123287597","123287897","chr2B","236013386","236013686","6","112725789"
"chr2B","123289505","123289797","chr6","43808645","43808938","28","79480860"
"chr2B","123350840","123351146","chr2B","236085868","236086165","19","112735028"
"chr2B","123361404","123361703","chr2B","236085868","236086165","13","112724464"
"chr2B","123806092","123806382","chr6","153298042","153298321","41","29491950"
"chr2B","124333265","124333566","chr2B","237022375","237022668","13","112689110"
"chr2B","124651900","124652227","chr2B","237329859","237330147","49","112677959"
"chr2B","124674998","124675283","chr2B","237348574","237348851","18","112673576"
"chr2B","124838737","124839012","chr2B","237506389","237506664","3","112667652"
"chr2B","125022332","125022633","chr2B","237688539","237688833","11","112666207"
"chr2B","125025840","125026137","chr15","45989516","45989813","26","79036324"
"chr2B","125073895","125074234","chr19","37977444","37977776","56","87096451"
"chr2B","125277256","125277323","chr8","98264661","98264723","11","27012595"
"chr2B","125595276","125595553","chr2B","238221022","238221299","5","112625746"
"chr2B","125914236","125914533","chr2B","238715721","238716015","7","112801485"
"chr2B","125933316","125933609","chr2B","238734931","238735224","8","112801615"
"chr2B","125958065","125958371","chr2B","238758806","238759111","6","112800741"
"chr2B","125978819","125979017","chr11","129744030","129744232","30","3765211"
"chr2B","126023242","126023537","chr2B","238824080","238824371","11","112800838"
"chr2B","126072898","126073204","chr10","72351625","72351937","32","53721273"
"chr2B","126360873","126360920","chr1","15820619","15820669","11","110540254"
"chr2B","126648006","126648314","chr2B","239445575","239445883","16","112797569"
"chr2B","126658807","126659117","chr14","90255864","90256158","67","36402943"
"chr2B","126836008","126836129","chr2B","239622415","239622543","9","112786407"
"chr2B","127205414","127205719","chr2B","239950422","239950724","16","112745008"
"chr2B","127329874","127330172","chr19","40020093","40020391","34","87309781"
"chr2B","127836069","127836433","chr2B","240577794","240578159","13","112741725"
"chr2B","128220691","128220992","chr2B","240956780","240957070","23","112736089"
"chr2B","128766845","128767155","chr13","40829296","40829604","30","87937549"
"chr2B","129972016","129972308","chr2B","242629955","242630243","11","112657939"
"chr2B","130253814","130254123","chr2B","242907826","242908135","12","112654012"
"chr2B","130799423","130799713","chr1","91126197","91126488","27","39673226"
"chr2B","131497080","131497361","chr2B","244148352","244148631","9","112651272"
"chr2B","131620980","131621286","chr2B","244267814","244268120","3","112646834"
"chr2B","131629541","131629840","chr2B","244276125","244276421","8","112646584"
"chr2B","131777484","131777634","chr3","57486945","57487095","24","74290539"
"chr2B","131858134","131858431","chr2B","244492638","244492933","9","112634504"
"chr2B","132109284","132109396","chr8","125724500","125724613","20","6384784"
"chr2B","132259222","132259528","chr2B","244874825","244875131","8","112615603"
"chr2B","132381257","132381397","chr6","43796281","43796415","25","88584976"
"chr2B","132848967","132849273","chr2B","245525439","245525738","32","112676472"
"chr2B","134596312","134596538","chr2B","247279347","247279573","6","112683035"
"chr2B","134683268","134683563","chr2B","247365012","247365307","10","112681744"
"chr2B","134929621","134929755","chr4","141083240","141083376","28","6153619"
"chr2B","134929856","134930031","chr8","126926061","126926230","28","8003795"
"chr2B","135007326","135007492","chr6","152265410","152265599","52","17258084"
"chr2B","135041859","135042135","chr2B","247725012","247725288","6","112683153"
"chr2B","135075978","135076259","chr2B","247760551","247760833","2","112684573"
"chrUn_CABD030130354v1","1069","1365","chr4","106021284","106021581","12","106020215"
"chrUn_CABD030130456v1","3947","4235","chrUn_NW_014015527v1","89164","89442","19","85217"
"chrUn_CABD030130481v1","5703","5833","chr11","70123635","70123764","2","70117932"
"chrUn_CABD030130481v1","6134","6291","chr11","70124064","70124218","5","70117930"
"chrUn_CABD030130656v1","3437","3758","chr2A","12289576","12289895","55","12286139"
"chrUn_CABD030130776v1","4247","4464","chrUn_NW_014014882v1","2506","2716","12","1741"
"chrUn_CABD030130785v1","141","431","chrUn_NW_014015839v1","507","806","19","366"
"chrUn_CABD030131043v1","2228","2538","chr19","22933289","22933583","26","22931061"
"chrUn_CABD030131105v1","3770","3992","chr7","154995961","154996183","31","154992191"
"chrUn_CABD030131106v1","204","495","chr1","106274051","106274340","11","106273847"
"chrUn_CABD030131149v1","1035","1298","chr10","73166500","73166765","41","73165465"
"chrUn_CABD030131451v1","220","360","chr4","9441609","9441738","27","9441389"
"chrUn_CABD030131579v1","1663","1917","chr20","33373529","33373770","48","33371866"
"chrUn_CABD030131819v1","749","1054","chr11","117383282","117383589","37","117382533"
"chrUn_CABD030131854v1","1347","1562","chr5","141054543","141054759","31","141053196"
"chrUn_CABD030132052v1","678","978","chr7","103132333","103132611","30","103131655"
"chrUn_CABD030132069v1","9357","9519","chr16","5181647","5181801","11","5172290"
"chrUn_CABD030132069v1","9820","9952","chr16","5182101","5182233","4","5172281"
"chrUn_CABD030132145v1","4371","4434","chr10","80708476","80708535","12","80704105"
"chrUn_CABD030132238v1","2303","2607","chr1","181855767","181856065","34","181853464"
"chrUn_CABD030132261v1","1","131","chr9","80692679","80692808","16","80692678"
"chrUn_CABD030132430v1","1733","2041","chr11","56158312","56158621","41","56156579"
"chrUn_CABD030132537v1","4685","4994","chr2A","32110170","32110474","45","32105485"
"chrUn_CABD030132561v1","4","179","chr1","45539327","45539499","25","45539323"
"chrUn_CABD030132721v1","1","148","chr10","114278589","114278737","19","114278588"
"chrUn_CABD030132778v1","3356","3592","chr8","105503550","105503803","41","105500194"
"chrUn_CABD030132932v1","2433","2551","chr3","165091452","165091570","17","165089019"
"chrUn_CABD030133033v1","2240","2432","chr6","152952505","152952710","55","152950265"
"chrUn_CABD030133038v1","3296","3354","chr20","29955068","29955124","11","29951772"
"chrUn_CABD030133039v1","1517","1653","chr12","105353510","105353646","17","105351993"
