"chr1","185597802","185598114","chr1","205751745","205752057","5","20153943"
"chr1","11141002","11141313","chr4","175820489","175820798","38","164679487"
"chr1","16252758","16253067","chr1","16297944","16298243","17","45186"
"chr1","41680871","41681016","chr1","41188248","41188393","2","492623"
"chr1","65273597","65273892","chrX","84220319","84220621","48","18946722"
"chr1","75104102","75104384","chr9","90983135","90983416","60","15879033"
"chr1","109838274","109838580","chr1","108497391","108497696","9","1340883"
"chr1","125959989","125960277","chr1","145454991","145455278","3","19495002"
"chr1","137625538","137625822","chr1","158542336","158542630","23","20916798"
"chr1","141426614","141426912","chr1","162504776","162505074","4","21078162"
"chr1","144572296","144572577","chr17","76996132","76996418","49","67576164"
"chr1","145358843","145358959","chr1","166377071","166377187","3","21018228"
"chr1","154009485","154009780","chr1","174886810","174887104","7","20877325"
"chr1","194510817","194511035","chr19","36011814","36012019","31","158499003"
"chr1","204210145","204210457","chr1","224202091","224202394","13","19991946"
"chr1","225967854","225968152","chr1","245977397","245977696","8","20009543"
"chr1","179774","179988","chr15","99533199","99533414","37","99353425"
"chr1","180960","181254","chr16","23699","24001","15","157261"
"chr1","329001","329308","chr1","38854066","38854368","51","38525065"
"chr1","485669","485973","chr8","305659","305960","10","180010"
"chr1","533414","533721","chr1","907253","907562","10","373839"
"chr1","618948","619226","chr5","15830202","15830485","46","15211254"
"chr1","627724","628033","chr1","994042","994334","21","366318"
"chr1","643474","643763","chr1","1010065","1010354","4","366591"
"chr1","644477","644751","chr1","1011059","1011333","4","366582"
"chr1","649789","649924","chr1","1016361","1016495","3","366572"
"chr1","649980","650106","chr1","1016552","1016677","6","366572"
"chr1","650401","650533","chr1","1016972","1017104","5","366571"
"chr1","782497","782800","chr1","16616418","16616718","30","15833921"
"chr1","841886","842196","chr1","1194983","1195291","9","353097"
"chr1","873412","873656","chr1","17034434","17034679","36","16161022"
"chr1","925196","925484","chr1","1276485","1276774","6","351289"
"chr1","965048","965295","chr1","1316054","1316301","4","351006"
"chr1","1028921","1029154","chr1","1379123","1379356","2","350202"
"chr1","1057755","1058049","chr1","1406075","1406366","6","348320"
"chr1","1060452","1060705","chr1","1408763","1409016","8","348311"
"chr1","1075650","1075784","chr1","1424088","1424222","4","348438"
"chr1","1107988","1108291","chr1","1457978","1458280","12","349990"
"chr1","1125191","1125584","chrX","136856121","136856427","92","135730930"
"chr1","1139714","1139971","chr1","1487998","1488255","6","348284"
"chr1","1173047","1173375","chr1","1521700","1522028","8","348653"
"chr1","1193625","1193943","chr1","1483491","1483809","13","289866"
"chr1","1216334","1216643","chr1","1544336","1544635","21","328002"
"chr1","1225767","1226061","chr1","1552739","1553039","12","326972"
"chr1","1231209","1231520","chr1","1557131","1557442","5","325922"
"chr1","1241605","1241854","chr1","1567689","1567929","20","326084"
"chr1","1242256","1242534","chrX","46951325","46951600","51","45709069"
"chr1","1267365","1267654","chr1","1593316","1593600","11","325951"
"chr1","1283403","1283702","chr1","1609226","1609526","11","325823"
"chr1","1283964","1284276","chr16","85732384","85732691","42","84448420"
"chr1","1287756","1288069","chr1","1613161","1613479","32","325405"
"chr1","1330600","1330860","chr19","45493742","45493989","48","44163142"
"chr1","1341392","1341539","chr15","75374216","75374360","18","74032824"
"chr1","1403763","1404075","chr7","74614562","74614875","27","73210799"
"chr1","1408922","1409221","chr10","100079803","100080100","35","98670881"
"chr1","1411072","1411367","chr1","1689705","1690002","9","278633"
"chr1","1469520","1469817","chr1","1802487","1802784","3","332967"
"chr1","1483627","1483908","chr1","1816637","1816920","8","333010"
"chr1","1493308","1493607","chr1","1826135","1826434","1","332827"
"chr1","1501231","1501504","chr1","1831452","1831728","8","330221"
"chr1","1528496","1528802","chr1","1859017","1859317","13","330521"
"chr1","1530356","1530631","chr5","171800607","171800881","38","170270251"
"chr1","1550210","1550494","chr1","1881421","1881699","10","331211"
"chr1","1577657","1577962","chr1","1908010","1908310","11","330353"
"chr1","1617963","1618268","chr14","89080747","89081049","43","87462784"
"chr1","1625323","1625414","chr1","1951789","1951880","0","326466"
"chr1","1668751","1669018","chr1","1989493","1989760","8","320742"
"chr1","1674439","1674732","chr1","1995219","1995511","7","320780"
"chr1","1678605","1678902","chr1","1999535","1999832","5","320930"
"chr1","1681466","1681758","chr1","2002398","2002682","13","320932"
"chr1","1683726","1684037","chr1","2004671","2004980","7","320945"
"chr1","1685943","1686206","chr1","2006904","2007167","4","320961"
"chr1","1690328","1690645","chr1","2011259","2011568","20","320931"
"chr1","1691392","1691697","chr19","16397080","16397388","37","14705688"
"chr1","1692499","1692796","chr1","2013801","2014098","8","321302"
"chr1","1737545","1737851","chr1","2058614","2058919","6","321069"
"chr1","1814444","1814732","chr1","2138654","2138941","5","324210"
"chr1","1817135","1817445","chr15","56816466","56816772","29","54999331"
"chr1","1900829","1901131","chr1","2225461","2225767","6","324632"
"chr1","1910401","1910714","chr1","2235031","2235343","6","324630"
"chr1","1919694","1920001","chr1","2244296","2244603","4","324602"
"chr1","1921170","1921473","chr14","92740905","92741206","39","90819735"
"chr1","1939781","1940077","chr2","48272556","48272851","38","46332775"
"chr1","1942677","1942985","chr5","97661689","97662000","41","95719012"
"chr1","2044442","2044761","chr1","2366519","2366834","7","322077"
"chr1","2067329","2067629","chr1","2389270","2389566","11","321941"
"chr1","2078719","2079014","chr1","2411231","2411531","11","332512"
"chr1","2236868","2237118","chr1","2571745","2571995","4","334877"
"chr1","2245439","2245742","chr1","2580260","2580561","6","334821"
"chr1","2284314","2284623","chr20","57531515","57531828","37","55247201"
"chr1","2491703","2491977","chr1","2788812","2789105","23","297109"
"chr1","2547023","2547334","chr1","2846393","2846703","13","299370"
"chr1","2860643","2860956","chr1","3150274","3150585","11","289631"
"chr1","3341099","3341374","chr12","82846083","82846356","49","79504984"
"chr1","3434018","3434315","chr1","3724737","3725034","6","290719"
"chr1","3450579","3450853","chr1","3740445","3740734","24","289866"
"chr1","3505069","3505339","chr1","3794369","3794639","6","289300"
"chr1","3551171","3551478","chr1","3840231","3840537","8","289060"
"chr1","3553739","3554038","chr1","3842788","3843087","6","289049"
"chr1","3567215","3567470","chr1","3856133","3856382","7","288918"
"chr1","3580336","3580628","chr1","3869069","3869360","8","288733"
"chr1","3593516","3593815","chr1","3877329","3877628","4","283813"
"chr1","3617444","3617751","chr1","3901567","3901874","4","284123"
"chr1","3629548","3629843","chr1","3913855","3914141","13","284307"
"chr1","3632651","3632945","chr1","3916952","3917249","17","284301"
"chr1","3647213","3647551","chr1","3936251","3936550","43","289038"
"chr1","3648677","3648980","chr1","3937684","3937988","9","289007"
"chr1","3653035","3653197","chrX","13809969","13810137","33","10156934"
"chr1","3653230","3653350","chr2","68113856","68113979","24","64460626"
"chr1","3671266","3671548","chr2","26714604","26714886","32","23043338"
"chr1","3671582","3671601","chr12","4790971","4790991","5","1119389"
"chr1","3675867","3676160","chr1","3965016","3965309","1","289149"
"chr1","3684962","3685251","chr1","3974244","3974533","4","289282"
"chr1","3694530","3694840","chr1","3983780","3984090","2","289250"
"chr1","3717884","3718191","chr1","4003158","4003457","14","285274"
"chr1","3745363","3745662","chr1","4052314","4052623","13","306951"
"chr1","3845685","3845958","chr1","4155107","4155380","7","309422"
"chr1","3849027","3849310","chr3","197790643","197790935","54","193941616"
"chr1","3860314","3860622","chr1","4169721","4170031","13","309407"
"chr1","3915146","3915430","chr1","4225407","4225694","6","310261"
"chr1","3920660","3920963","chr6","7069813","7070117","49","3149153"
"chr1","4070438","4070689","chr1","4380262","4380512","9","309824"
"chr1","4097490","4097786","chr16","3287970","3288266","42","809520"
"chr1","4124765","4125056","chr1","4434742","4435033","11","309977"
"chr1","4160035","4160204","chr1","4472886","4473055","3","312851"
"chr1","4160248","4160380","chr1","4473087","4473219","2","312839"
"chr1","4186608","4186876","chr1","4499008","4499279","9","312400"
"chr1","4190498","4190782","chr1","4503262","4503562","27","312764"
"chr1","4229569","4229856","chr1","4539872","4540159","4","310303"
"chr1","4251991","4252289","chr1","4562131","4562429","17","310140"
"chr1","4252854","4253169","chr1","4562993","4563308","7","310139"
"chr1","4326503","4326795","chr1","4635619","4635909","4","309116"
"chr1","4329969","4330114","chr13","51042713","51042874","28","46712744"
"chr1","4330410","4330539","chr17","39340394","39340525","12","35009984"
"chr1","4358923","4359218","chr1","4667933","4668224","11","309010"
"chr1","4716008","4716336","chr1","5021595","5021924","6","305587"
"chr1","4718823","4719134","chr8","90947390","90947700","30","86228567"
"chr1","4824866","4825137","chr5","56079168","56079455","52","51254302"
"chr1","4830267","4830564","chr1","5134604","5134915","19","304337"
"chr1","4886321","4886646","chr6","15165470","15165790","69","10279149"
"chr1","4925390","4925685","chr6","41910827","41911120","42","36985437"
"chr1","4964836","4965153","chr1","5261268","5261579","15","296432"
"chr1","5064011","5064306","chr14","61799829","61800117","40","56735818"
"chr1","5077660","5077941","chr1","5372599","5372892","18","294939"
"chr1","5093340","5093621","chr1","5372599","5372892","18","279259"
"chr1","5327544","5327853","chr1","5625373","5625674","19","297829"
"chr1","5358277","5358575","chr1","5625373","5625674","5","267096"
"chr1","5499087","5499392","chr1","5770311","5770618","18","271224"
"chr1","5544370","5544648","chr1","5821051","5821328","6","276681"
"chr1","5672056","5672331","chr1","5944688","5944981","26","272632"
"chr1","5692650","5692925","chr1","5944688","5944981","26","252038"
"chr1","5714872","5715172","chr12","64378769","64379067","48","58663897"
"chr1","5718846","5719144","chr1","99838286","99838586","46","94119440"
"chr1","5721504","5721813","chr1","5972875","5973184","8","251371"
"chr1","5759831","5760116","chr1","6009859","6010176","36","250028"
"chr1","5766729","5766984","chr8","50649257","50649508","81","44882528"
"chr1","5767274","5767324","chr3","128631139","128631191","6","122863865"
"chr1","5805339","5805628","chr1","6056054","6056344","9","250715"
"chr1","5830511","5830811","chr1","6110948","6111251","13","280437"
"chr1","5830812","5831117","chr1","6111252","6111556","8","280440"
"chr1","5850925","5851233","chr14","89080747","89081049","39","83229822"
"chr1","5854189","5854453","chr7","147206283","147206540","45","141352094"
"chr1","5869117","5869416","chr1","6156255","6156558","10","287138"
"chr1","5898917","5899213","chr1","6187032","6187329","9","288115"
"chr1","5917039","5917310","chr1","6205477","6205750","6","288438"
"chr1","5933715","5934026","chr1","6222139","6222443","13","288424"
"chr1","5940630","5940763","chr1","6229064","6229196","3","288434"
"chr1","5941077","5941210","chr1","6229510","6229637","8","288433"
"chr1","5942460","5942730","chr1","6230920","6231200","13","288460"
"chr1","6032799","6033086","chr1","6316528","6316815","6","283729"
"chr1","6046931","6047185","chr1","6407043","6407297","3","360112"
"chr1","6050486","6050791","chr1","6410663","6410967","14","360177"
"chr1","6053599","6053739","chr1","6413775","6413915","2","360176"
"chr1","6098922","6099212","chr1","6458030","6458316","11","359108"
"chr1","6117208","6117511","chr1","6476189","6476492","5","358981"
"chr1","6134384","6134675","chr1","6493668","6493959","6","359284"
"chr1","6158089","6158217","chr1","45330668","45330797","15","39172579"
"chr1","6170370","6170680","chr1","6529644","6529955","4","359274"
"chr1","6183477","6183609","chr1","6542756","6542879","12","359279"
"chr1","6188834","6189134","chr1","6548139","6548446","15","359305"
"chr1","6200464","6200482","chr1","6558419","6558437","0","357955"
"chr1","6200777","6200929","chr1","6558727","6558885","10","357950"
"chr1","6201239","6201375","chr1","6559193","6559329","3","357954"
"chr1","6213684","6213953","chr3","186770637","186770917","46","180556953"
"chr1","6219416","6219706","chr1","6577254","6577539","13","357838"
"chr1","6242227","6242516","chr8","91768425","91768716","43","85526198"
"chr1","6273744","6273952","chr1","6631346","6631554","4","357602"
"chr1","6276023","6276323","chr1","6633627","6633926","9","357604"
"chr1","6311902","6312213","chr1","6671823","6672134","5","359921"
"chr1","6369200","6369496","chr1","6726596","6726892","14","357396"
"chr1","6379253","6379498","chr1","6736746","6736978","15","357493"
"chr1","6379620","6379924","chr1","6737101","6737413","13","357481"
"chr1","6384219","6384529","chr1","6741815","6742125","8","357596"
"chr1","6390181","6390477","chr1","6747413","6747711","6","357232"
"chr1","6405824","6406129","chr1","6760454","6760759","5","354630"
"chr1","6410150","6410438","chr1","6764788","6765071","9","354638"
"chr1","6414076","6414395","chrX","15615836","15616147","44","9201760"
"chr1","6435200","6435521","chr1","6789805","6790128","6","354605"
"chr1","6437355","6437649","chr1","6791964","6792257","9","354609"
"chr1","6463233","6463535","chr1","229437239","229437542","38","222974006"
"chr1","6473474","6473768","chr18","51066070","51066362","50","44592596"
"chr1","6476644","6476936","chr18","51066070","51066362","56","44589426"
"chr1","6494566","6494870","chr4","82943862","82944170","41","76449296"
"chr1","6503505","6503595","chr9","121501834","121501927","13","114998329"
"chr1","6503883","6504132","chr12","2609842","2610100","42","3894041"
"chr1","6588890","6589175","chr1","6933274","6933559","5","344384"
"chr1","6599342","6599641","chr1","6947378","6947681","8","348036"
"chr1","6639303","6639587","chr1","6984361","6984647","6","345058"
"chr1","6659594","6659914","chr1","7004766","7005071","27","345172"
"chr1","6666040","6666184","chr16","67212794","67212934","38","60546754"
"chr1","6671391","6671678","chr1","235598733","235599026","39","228927342"
"chr1","6685623","6685755","chr8","47466579","47466711","22","40780956"
"chr1","6687082","6687382","chr1","7033586","7033893","10","346504"
"chr1","6733131","6733429","chr1","7079473","7079771","8","346342"
"chr1","6785089","6785209","chr4","109951026","109951146","14","103165937"
"chr1","6785313","6785614","chr1","7128832","7129137","7","343519"
"chr1","6786422","6786706","chr1","7129956","7130238","10","343534"
"chr1","6835268","6835577","chr1","7169515","7169826","5","334247"
"chr1","6906525","6906812","chr1","7240519","7240805","6","333994"
"chr1","6991346","6991657","chr1","7325847","7326158","4","334501"
"chr1","7005055","7005360","chr8","30269277","30269584","40","23264222"
"chr1","7043932","7044196","chr1","7377675","7377946","9","333743"
"chr1","7120068","7120373","chr1","7449489","7449799","11","329421"
"chr1","7207449","7207761","chr1","7533631","7533944","7","326182"
"chr1","7216247","7216554","chr3","23678476","23678786","37","16462229"
"chr1","7266667","7266967","chr1","7593490","7593790","7","326823"
"chr1","7290177","7290425","chr1","7619653","7619903","4","329476"
"chr1","7310117","7310411","chr1","164751034","164751332","47","157440917"
"chr1","7324928","7325237","chr1","7654099","7654408","5","329171"
"chr1","7343012","7343317","chr1","7672414","7672716","8","329402"
"chr1","7359643","7359952","chr1","7688005","7688304","17","328362"
"chr1","7392047","7392352","chr3","71091906","71092216","42","63699859"
"chr1","7401255","7401553","chr1","7729115","7729415","5","327860"
"chr1","7402752","7403039","chr1","7730615","7730901","8","327863"
"chr1","7407351","7407602","chr1","7735216","7735464","8","327865"
"chr1","7415991","7416302","chr1","7744129","7744431","20","328138"
"chr1","7420097","7420399","chr1","7746634","7746936","2","326537"
"chr1","7421347","7421657","chr1","7747907","7748211","9","326560"
"chr1","7428482","7428788","chr1","7755044","7755352","9","326562"
"chr1","7430912","7431182","chrX","44919642","44919909","39","37488730"
"chr1","7438090","7438385","chr1","7764677","7764973","4","326587"
"chr1","7456667","7456953","chr1","7783034","7783324","9","326367"
"chr1","7470131","7470430","chr1","7796315","7796614","4","326184"
"chr1","7478713","7479008","chr1","7804874","7805167","7","326161"
"chr1","7481767","7481845","chr11","7999922","8000000","10","518155"
"chr1","7507623","7507906","chr1","7838405","7838687","6","330782"
"chr1","7517786","7518067","chr1","7848532","7848816","7","330746"
"chr1","7530260","7530558","chr16","10035723","10036022","42","2505463"
"chr1","7561832","7562129","chr14","78007754","78008061","59","70445922"
"chr1","7604242","7604336","chr1","35234526","35234620","13","27630284"
"chr1","7626174","7626453","chr1","7956914","7957196","13","330740"
"chr1","7627121","7627356","chr1","82493118","82493353","31","74865997"
"chr1","7641454","7641752","chr1","7972758","7973055","11","331304"
"chr1","7656793","7657095","chr1","7987409","7987707","14","330616"
"chr1","7663008","7663306","chr1","7993764","7994063","7","330756"
"chr1","7663764","7664061","chr1","7994521","7994812","9","330757"
"chr1","7667436","7667746","chr1","7998250","7998557","8","330814"
"chr1","7670789","7671085","chr1","8002765","8003066","31","331976"
"chr1","7673956","7674263","chr1","8005922","8006226","9","331966"
"chr1","7704657","7704975","chr1","182409942","182410249","52","174705285"
"chr1","7706750","7707042","chr1","8038662","8038954","4","331912"
"chr1","7714661","7714963","chr1","8046605","8046906","2","331944"
"chr1","7730331","7730632","chr1","8062268","8062569","9","331937"
"chr1","7735803","7736107","chr1","8067729","8068033","12","331926"
"chr1","7740136","7740314","chr1","8072092","8072270","6","331956"
"chr1","7740864","7741158","chr1","8072820","8073112","5","331956"
"chr1","7741503","7741814","chr1","8073457","8073763","14","331954"
"chr1","7742210","7742523","chr1","8074155","8074472","12","331945"
"chr1","7750771","7751075","chr1","8082728","8083036","8","331957"
"chr1","7760112","7760381","chr1","8092030","8092319","27","331918"
"chr1","7787682","7787989","chr1","8119520","8119827","5","331838"
"chr1","7798738","7799050","chr16","69845770","69846073","57","62047032"
"chr1","7799060","7799354","chr1","8130637","8130940","12","331577"
"chr1","7803788","7804076","chr1","8135349","8135651","21","331561"
"chr1","7812155","7812439","chr1","8143696","8143989","11","331541"
"chr1","7819261","7819575","chr1","8149846","8150151","21","330585"
"chr1","7820500","7820793","chr1","8151083","8151382","10","330583"
"chr1","7821774","7822078","chr1","8152366","8152664","21","330592"
"chr1","7842540","7842700","chr1","8173185","8173345","3","330645"
"chr1","7842999","7843132","chr1","8173645","8173778","0","330646"
"chr1","7843419","7843722","chr1","8174063","8174362","11","330644"
"chr1","7863877","7864005","chr1","8195339","8195467","3","331462"
"chr1","7866910","7867206","chr1","8198366","8198661","7","331456"
"chr1","7875751","7876043","chr1","8207162","8207453","11","331411"
"chr1","7895444","7895747","chr1","8224050","8224353","12","328606"
"chr1","7899637","7899798","chr2","172406899","172407055","25","164507262"
"chr1","7902890","7903024","chr7","72988293","72988426","5","65085403"
"chr1","7914369","7914649","chr1","8235517","8235797","5","321148"
"chr1","7948453","7948753","chr1","50948521","50948825","58","43000068"
"chr1","7960179","7960507","chr10","6218406","6218732","45","1741773"
"chr1","7960541","7960673","chr1","8280209","8280341","5","319668"
"chr1","7960981","7961034","chr1","8280649","8280702","3","319668"
"chr1","7964750","7965047","chr1","8284424","8284721","7","319674"
"chr1","7971408","7971714","chr1","8291084","8291390","9","319676"
"chr1","7972973","7973280","chr1","8292664","8292968","14","319691"
"chr1","7980032","7980333","chr1","8299718","8300016","9","319686"
"chr1","7984676","7984977","chr1","8304419","8304721","8","319743"
"chr1","7986372","7986674","chr1","8306103","8306412","10","319731"
"chr1","8008011","8008320","chr1","8327749","8328058","3","319738"
"chr1","8022228","8022490","chr1","8341641","8341903","7","319413"
"chr1","8205910","8206073","chr1","8532440","8532595","10","326530"
"chr1","8206365","8206498","chr1","8532895","8533031","5","326530"
"chr1","8228238","8228532","chr1","8553896","8554194","9","325658"
"chr1","8233107","8233391","chr8","120096017","120096299","41","111862910"
"chr1","8258334","8258633","chr1","8584868","8585164","7","326534"
"chr1","8274534","8274826","chr1","8601018","8601317","19","326484"
"chr1","8282137","8282269","chr1","8608804","8608936","1","326667"
"chr1","8284570","8284879","chr2","10070338","10070644","48","1785768"
"chr1","8296527","8296804","chr12","123014424","123014703","29","114717897"
"chr1","8324439","8324738","chr1","8649448","8649746","13","325009"
"chr1","8394861","8395150","chr1","8720775","8721063","7","325914"
"chr1","8422806","8423096","chr1","8747787","8748077","4","324981"
"chr1","8438408","8438712","chr1","8763352","8763655","9","324944"
"chr1","8441433","8441750","chr1","8766259","8766576","8","324826"
"chr1","8446421","8446718","chr17","14483834","14484132","36","6037413"
"chr1","8451311","8451601","chr1","8763352","8763655","23","312041"
"chr1","8456476","8456765","chr1","8778853","8779142","4","322377"
"chr1","8457547","8457715","chr1","8779912","8780091","17","322365"
"chr1","8474697","8474993","chr1","8797092","8797390","8","322395"
"chr1","8478294","8478580","chr1","8800684","8800970","3","322390"
"chr1","8482833","8482969","chr17","75233898","75234033","17","66751065"
"chr1","8483282","8483440","chr12","50180326","50180485","25","41697044"
"chr1","8490951","8491236","chr1","8812366","8812651","6","321415"
"chr1","8492188","8492491","chr1","8813607","8813914","7","321419"
"chr1","8504149","8504435","chr1","8824703","8824989","12","320554"
"chr1","8518625","8518913","chr1","8838970","8839257","8","320345"
"chr1","8519105","8519371","chr1","8839450","8839716","3","320345"
"chr1","8548980","8549234","chr21","35880490","35880748","34","27331510"
"chr1","8571916","8572219","chr1","8894721","8895019","8","322805"
"chr1","8578642","8578801","chr1","8901033","8901204","13","322391"
"chr1","8579114","8579256","chr1","8901552","8901694","1","322438"
"chr1","8580807","8581119","chr1","8903242","8903555","9","322435"
"chr1","8589835","8590169","chr1","8913009","8913343","12","323174"
"chr1","8593600","8593900","chr1","8916739","8917043","9","323139"
"chr1","8594649","8594784","chr1","8917793","8917928","9","323144"
"chr1","8596445","8596721","chr17","44752421","44752700","33","36155976"
"chr1","8607959","8608263","chr1","8931141","8931440","13","323182"
"chr1","8609839","8610124","chr3","32860893","32861175","48","24251054"
"chr1","8613925","8614080","chr6","13755894","13756049","28","5141969"
"chr1","8614385","8614528","chr4","151154434","151154578","19","142540049"
"chr1","8626732","8627033","chr1","8949982","8950283","10","323250"
"chr1","8628576","8628868","chr20","63301033","63301323","40","54672457"
"chr1","8628895","8629185","chr1","8952146","8952436","6","323251"
"chr1","8629414","8629706","chr1","8952664","8952956","7","323250"
"chr1","8632698","8632990","chr1","8955942","8956234","2","323244"
"chr1","8644747","8645050","chr2","158826510","158826814","39","150181763"
"chr1","8647289","8647591","chr1","8970502","8970800","10","323213"
"chr1","8648104","8648404","chr6","110750837","110751133","46","102102733"
"chr1","8655990","8656287","chr1","8979993","8980287","11","324003"
"chr1","8666380","8666676","chr1","8990319","8990618","8","323939"
"chr1","8667279","8667543","chr1","8991220","8991484","3","323941"
"chr1","8675224","8675351","chr1","8999169","8999296","2","323945"
"chr1","8681637","8681868","chr1","9005580","9005811","6","323943"
"chr1","8684655","8684945","chr10","72945654","72945947","38","64260999"
"chr1","8689238","8689371","chr1","9013196","9013329","2","323958"
"chr1","8695714","8696023","chr1","9019642","9019952","5","323928"
"chr1","8705301","8705425","chr1","9028885","9029009","5","323584"
"chr1","8718688","8718815","chrX","21121418","21121544","25","12402730"
"chr1","8720448","8720751","chr1","9044048","9044355","10","323600"
"chr1","8720939","8721250","chr1","9044543","9044854","6","323604"
"chr1","8736061","8736367","chr10","119718125","119718435","45","110982064"
"chr1","8745462","8745774","chr1","9072674","9072991","9","327212"
"chr1","8748752","8749046","chr1","9075961","9076255","9","327209"
"chr1","8759167","8759480","chr1","9086377","9086689","13","327210"
"chr1","8779503","8779784","chr1","9106682","9106963","7","327179"
"chr1","8780324","8780467","chr1","9107503","9107646","2","327179"
"chr1","8780764","8780921","chr1","9107943","9108100","4","327179"
"chr1","8783240","8783549","chr1","9110241","9110550","4","327001"
"chr1","8785581","8785875","chr1","9113662","9113952","9","328081"
"chr1","8804156","8804462","chr1","9121356","9121662","7","317200"
"chr1","8808933","8809215","chr1","9125968","9126254","11","317035"
"chr1","8821079","8821386","chr12","19287797","19288101","45","10466718"
"chr1","8821484","8821779","chr1","9138231","9138524","36","316747"
"chr1","8821817","8822077","chr15","90216599","90216858","48","81394782"
"chr1","8825392","8825701","chr1","9142560","9142871","11","317168"
"chr1","8827497","8827719","chr1","9144697","9144920","2","317200"
"chr1","8829197","8829482","chr1","9146413","9146698","4","317216"
"chr1","8829491","8829684","chr1","9146707","9146900","1","317216"
"chr1","8836264","8836567","chr1","9153459","9153760","7","317195"
"chr1","8850075","8850378","chr5","168429257","168429558","35","159579182"
"chr1","8859718","8860023","chr1","9173512","9173792","29","313794"
"chr1","8862114","8862414","chr1","9175913","9176212","5","313799"
"chr1","8863399","8863518","chr1","9177190","9177308","3","313791"
"chr1","8864381","8864687","chr1","9178172","9178476","6","313791"
"chr1","8875348","8875652","chr1","9189071","9189379","12","313723"
"chr1","8881243","8881550","chr1","9194955","9195262","12","313712"
"chr1","8894477","8894780","chr1","9208237","9208529","18","313760"
"chr1","8898431","8898734","chr1","9212168","9212470","7","313737"
"chr1","8901899","8902192","chr1","9215635","9215928","7","313736"
"chr1","8909070","8909227","chr19","50151999","50152170","34","41242929"
"chr1","8909523","8909658","chr16","88629057","88629192","13","79719534"
"chr1","8911289","8911593","chr1","9224217","9224521","8","312928"
"chr1","8918061","8918352","chr1","9212168","9212470","22","294107"
"chr1","8933198","8933508","chr1","9236380","9236688","7","303182"
"chr1","8942113","8942404","chr1","9245950","9246243","10","303837"
"chr1","8972177","8972454","chr1","9274737","9275014","5","302560"
"chr1","8973791","8974088","chr1","9276384","9276681","5","302593"
"chr1","8974581","8974733","chr3","144485548","144485699","29","135510967"
"chr1","8975034","8975169","chr3","186222561","186222696","10","177247527"
"chr1","9065226","9065521","chr1","9366575","9366872","12","301349"
"chr1","9079816","9080109","chr1","9381366","9381662","8","301550"
"chr1","9091749","9092042","chr1","9393310","9393603","2","301561"
"chr1","9094412","9094708","chr1","9395970","9396266","5","301558"
"chr1","9099838","9100159","chr1","9401292","9401607","9","301454"
"chr1","9101716","9101903","chr1","9403169","9403355","5","301453"
"chr1","9102204","9102338","chr1","9403655","9403789","4","301451"
"chr1","9106262","9106542","chr1","171615936","171616218","46","162509674"
"chr1","9113732","9114024","chr1","9415021","9415312","5","301289"
"chr1","9126775","9127066","chr1","9428045","9428340","8","301270"
"chr1","9135619","9135918","chr1","9436935","9437234","3","301316"
"chr1","9143942","9144250","chr1","9445262","9445571","9","301320"
"chr1","9153834","9153950","chr1","9455137","9455253","1","301303"
"chr1","9156619","9156701","chr1","9457929","9458011","2","301310"
"chr1","9159321","9159614","chr1","9460631","9460932","14","301310"
"chr1","9168120","9168422","chr1","9469421","9469723","6","301301"
"chr1","9174726","9175039","chr1","22834643","22834954","40","13659917"
"chr1","9178455","9178761","chr1","9479718","9480024","5","301263"
"chr1","9179200","9179492","chr1","9480468","9480759","12","301268"
"chr1","9183310","9183606","chr8","125724632","125724928","46","116541322"
"chr1","9186886","9187197","chr1","9489687","9489998","7","302801"
"chr1","9190380","9190643","chr1","9493189","9493448","12","302809"
"chr1","9197624","9197914","chr1","9500427","9500717","6","302803"
"chr1","9201240","9201572","chr1","9504054","9504384","12","302814"
"chr1","9204408","9204713","chr1","9507242","9507546","5","302834"
"chr1","9206990","9207294","chr2","227638979","227639287","42","218431989"
"chr1","9216088","9216225","chr1","9524704","9524841","2","308616"
"chr1","9217812","9218050","chr1","9526437","9526679","8","308625"
"chr1","9221330","9221609","chr1","8235517","8235797","46","985813"
"chr1","9226810","9227121","chr1","9535316","9535627","8","308506"
"chr1","9238667","9238941","chr1","9545701","9545975","5","307034"
"chr1","9243614","9243936","chr1","9550685","9550977","36","307071"
"chr1","9244061","9244362","chr1","9551102","9551404","7","307041"
"chr1","9245181","9245486","chr1","9552225","9552531","6","307044"
"chr1","9256679","9256926","chr1","9563711","9563958","6","307032"
"chr1","9261888","9262185","chr1","9568964","9569259","5","307076"
"chr1","9263633","9263941","chr1","9570703","9571012","5","307070"
"chr1","9270112","9270431","chr1","9577176","9577510","28","307064"
"chr1","9292828","9293142","chr1","9599240","9599554","8","306412"
"chr1","9304898","9305203","chr1","9611195","9611497","8","306297"
"chr1","9325852","9326155","chrX","132894545","132894835","42","123568693"
"chr1","9347562","9347743","chr4","2579213","2579386","30","6768349"
"chr1","9353845","9354155","chr1","9660924","9661234","8","307079"
"chr1","9354501","9354636","chr1","9661579","9661714","1","307078"
"chr1","9354932","9355090","chr1","9662008","9662167","2","307076"
"chr1","9366155","9366460","chr1","9673255","9673560","7","307100"
"chr1","9370266","9370567","chr1","9677364","9677665","9","307098"
"chr1","9386216","9386538","chr1","9693207","9693528","3","306991"
"chr1","9387259","9387552","chr1","9694251","9694544","8","306992"
"chr1","9402703","9402998","chr1","9709726","9710021","5","307023"
"chr1","9405272","9405583","chr1","9712270","9712580","12","306998"
"chr1","9432491","9432734","chr1","9740116","9740359","2","307625"
"chr1","9439273","9439571","chr1","9746898","9747203","11","307625"
"chr1","9442798","9443098","chr2","25095414","25095716","43","15652616"
"chr1","9456404","9456704","chr1","9762961","9763261","5","306557"
"chr1","9457800","9458091","chr1","9764359","9764664","18","306559"
"chr1","9479002","9479313","chr1","9776938","9777237","14","297936"
"chr1","9479317","9479624","chr1","9777240","9777552","15","297923"
"chr1","9485397","9485535","chr15","64726872","64727006","29","55241475"
"chr1","9485748","9485807","chr1","27385786","27385847","7","17900038"
"chr1","9486113","9486282","chr7","45772438","45772607","23","36286325"
"chr1","9487085","9487394","chr1","9784994","9785306","6","297909"
"chr1","9496599","9496890","chr1","9794321","9794608","9","297722"
"chr1","9500177","9500278","chr9","127699941","127700047","17","118199764"
"chr1","9505772","9506057","chr1","9803521","9803819","18","297749"
"chr1","9511763","9511892","chr1","9809499","9809628","2","297736"
"chr1","9512181","9512328","chr1","9809917","9810063","5","297736"
"chr1","9523332","9523642","chr1","9820238","9820544","10","296906"
"chr1","9538412","9538715","chr1","9834876","9835180","9","296464"
"chr1","9544409","9544674","chr1","9840853","9841119","2","296444"
"chr1","9558251","9558546","chr7","101800856","101801151","36","92242605"
"chr1","9559484","9559752","chr1","9855908","9856177","7","296424"
"chr1","9614996","9615295","chr1","9911435","9911722","20","296439"
"chr1","9616922","9617232","chr1","9913330","9913640","2","296408"
"chr1","9638495","9638800","chr13","28280556","28280860","56","18642061"
"chr1","9638815","9639119","chr1","9933945","9934251","6","295130"
"chr1","9643987","9644262","chr1","9939084","9939360","5","295097"
"chr1","9649926","9650235","chr1","9944952","9945261","6","295026"
"chr1","9654506","9654624","chr2","174596624","174596738","17","164942118"
"chr1","9655784","9656079","chr1","9950811","9951104","3","295027"
"chr1","9661575","9661830","chr1","9956162","9956421","10","294587"
"chr1","9671038","9671349","chr1","9965391","9965702","5","294353"
"chr1","9671663","9671958","chr1","9966017","9966312","6","294354"
"chr1","9675155","9675414","chr1","9969509","9969768","3","294354"
"chr1","9679499","9679767","chr1","9973859","9974127","5","294360"
"chr1","9686030","9686316","chr1","9980356","9980642","8","294326"
"chr1","9691359","9691642","chr1","9985674","9985948","26","294315"
"chr1","9693661","9693964","chr1","9987990","9988294","5","294329"
"chr1","9696856","9697137","chr1","9991186","9991469","14","294330"
"chr1","9708135","9708450","chr1","10002488","10002803","5","294353"
"chr1","9710847","9711146","chr2","223061199","223061497","62","213350352"
"chr1","9713989","9714103","chr1","10008329","10008443","2","294340"
"chr1","9714391","9714462","chr1","10008731","10008796","7","294340"
"chr1","9715179","9715474","chr1","10009519","10009814","11","294340"
"chr1","9720736","9720829","chr1","160945353","160945446","18","151224617"
"chr1","9721131","9721341","chr1","173913873","173914090","50","164192742"
"chr1","9726720","9726996","chr2","236059828","236060094","50","226333108"
"chr1","9732672","9732884","chr1","10026752","10026951","22","294080"
"chr1","9734342","9734653","chr17","72846019","72846329","40","63111677"
"chr1","9744200","9744513","chr1","10039426","10039738","6","295226"
"chr1","9746458","9746740","chr1","10041692","10041978","10","295234"
"chr1","9748953","9749226","chr22","21769457","21769733","49","12020504"
"chr1","9759659","9759961","chr1","10055638","10055921","27","295979"
"chr1","9772325","9772595","chr1","10069535","10069793","41","297210"
"chr1","9776286","9776587","chr1","10073440","10073721","29","297154"
"chr1","9782011","9782292","chr1","10079178","10079459","4","297167"
"chr1","9796547","9796849","chr1","10093692","10093994","10","297145"
"chr1","9798631","9798925","chr1","10095788","10096070","18","297157"
"chr1","9799617","9799914","chr1","10096759","10097054","8","297142"
"chr1","9800351","9800654","chr1","10097529","10097832","4","297178"
"chr1","9800702","9800974","chr1","10097880","10098152","9","297178"
"chr1","9801778","9802075","chr1","10098956","10099253","4","297178"
"chr1","9814421","9814732","chr1","10111675","10111978","13","297254"
"chr1","9817310","9817600","chr1","10114582","10114872","1","297272"
"chr1","9817940","9818153","chr14","65391711","65391921","29","55573771"
"chr1","9845483","9845749","chr1","10142853","10143119","2","297370"
"chr1","9848798","9849105","chr20","43527887","43528192","36","33679089"
"chr1","9849841","9850139","chr12","123819701","123819999","38","113969860"
"chr1","9861381","9861693","chr1","10158727","10159037","10","297346"
"chr1","9869182","9869316","chr1","10166506","10166641","1","297324"
"chr1","9869652","9869818","chr1","10166983","10167140","11","297331"
"chr1","9879944","9880178","chr8","16681434","16681664","34","6801490"
"chr1","9900061","9900335","chr20","40202653","40202931","37","30302592"
"chr1","9902091","9902389","chr1","10193659","10193961","6","291568"
"chr1","9903239","9903549","chr1","10194803","10195112","9","291564"
"chr1","9906860","9907158","chr1","10198429","10198725","10","291569"
"chr1","9916950","9917219","chr1","10206953","10207233","39","290003"
"chr1","9918317","9918636","chr6","107021059","107021370","51","97102742"
"chr1","9929368","9929663","chr1","10218426","10218720","5","289058"
"chr1","9931816","9932119","chr1","10221095","10221397","4","289279"
"chr1","9941140","9941449","chr1","10230428","10230735","8","289288"
"chr1","9942091","9942406","chr1","10231379","10231686","16","289288"
"chr1","9945981","9946275","chr4","152788398","152788699","53","142842417"
"chr1","9949153","9949461","chrX","12801597","12801908","58","2852444"
"chr1","9950936","9951225","chr1","10240210","10240507","13","289274"
"chr1","9953899","9954188","chr1","10243135","10243424","9","289236"
"chr1","9962859","9963142","chr11","118947492","118947775","32","108984633"
"chr1","9967717","9967922","chr19","7330726","7330930","28","2636991"
"chr1","9969490","9969781","chr1","10256720","10257010","4","287230"
"chr1","9979814","9980134","chr1","10267008","10267326","13","287194"
"chr1","9986067","9986243","chr1","10273272","10273448","6","287205"
"chr1","9989516","9989812","chr1","10276799","10277098","7","287283"
"chr1","9997079","9997386","chr1","10284405","10284712","5","287326"
"chr1","10007596","10007871","chr1","10294587","10294862","2","286991"
"chr1","10053134","10053360","chr1","10340565","10340791","5","287431"
"chr1","10057487","10057729","chr1","218413090","218413331","45","208355603"
"chr1","10072478","10072745","chr1","10359753","10360033","25","287275"
"chr1","10090460","10090745","chr1","10397639","10397938","17","307179"
"chr1","10109710","10109960","chr1","10394810","10395068","15","285100"
"chr1","10112536","10112821","chr1","10397639","10397938","17","285103"
"chr1","10146208","10146501","chr1","10428521","10428811","9","282313"
"chr1","10153686","10153991","chr1","10435982","10436277","15","282296"
"chr1","10165004","10165295","chr1","10447311","10447602","1","282307"
"chr1","10184189","10184483","chr1","10466679","10466979","14","282490"
"chr1","10200773","10201063","chr11","61263038","61263324","47","51062265"
"chr1","10207679","10207976","chr1","10487786","10488080","11","280107"
"chr1","10224707","10224983","chr1","10504813","10505089","3","280106"
"chr1","10266193","10266490","chr1","10546284","10546584","4","280091"
"chr1","10278588","10278891","chr1","10558454","10558764","16","279866"
"chr1","10287625","10287913","chr1","10567506","10567794","11","279881"
"chr1","10290474","10290772","chr2","48272556","48272851","34","37982082"
"chr1","10294693","10294991","chr1","10573819","10574117","3","279126"
"chr1","10335226","10335531","chr1","10600435","10600743","8","265209"
"chr1","10345708","10346007","chr1","10610966","10611283","28","265258"
"chr1","10354878","10354999","chr8","140581121","140581243","21","130226243"
"chr1","10355058","10355227","chr2","28574382","28574549","34","18219324"
"chr1","10355228","10355554","chr1","10620507","10620833","3","265279"
"chr1","10453450","10453805","chr1","10718859","10719217","10","265409"
"chr1","10464413","10464701","chr1","10729808","10730094","5","265395"
"chr1","10477315","10477618","chr1","10742702","10743004","11","265387"
"chr1","10491795","10492100","chr1","10757506","10757811","12","265711"
"chr1","10492632","10492942","chr1","11315396","11315704","30","822764"
"chr1","10502471","10502777","chr1","10768234","10768517","39","265763"
"chr1","10503125","10503424","chr1","10768860","10769160","4","265735"
"chr1","10503791","10504080","chr1","10769527","10769816","4","265736"
"chr1","10514369","10514664","chr1","10783591","10783893","13","269222"
"chr1","10521610","10521920","chr2","43112477","43112782","41","32590867"
"chr1","10561029","10561319","chr1","10823597","10823888","2","262568"
"chr1","10563618","10563925","chr1","10826227","10826524","16","262609"
"chr1","10585426","10585721","chr3","195823010","195823297","45","185237584"
"chr1","10586887","10587198","chr1","10848727","10849039","9","261840"
"chr1","10589070","10589348","chr1","10850909","10851187","2","261839"
"chr1","10611876","10612184","chr1","10873750","10874053","10","261874"
"chr1","10626285","10626586","chr1","10887859","10888164","12","261574"
"chr1","10634605","10634941","chr1","10896028","10896335","35","261423"
"chr1","10637895","10638193","chr1","10899293","10899591","3","261398"
"chr1","10647577","10647869","chr1","10909017","10909313","16","261440"
"chr1","10663396","10663692","chr1","10925202","10925496","5","261806"
"chr1","10667569","10667864","chr22","36457304","36457603","39","25789735"
"chr1","10670270","10670576","chr1","10931692","10931998","2","261422"
"chr1","10671516","10671816","chr1","10932935","10933234","5","261419"
"chr1","10672528","10672781","chr1","10933996","10934249","5","261468"
"chr1","10676529","10676831","chr9","15490402","15490705","38","4813873"
"chr1","10687844","10688145","chr1","10948943","10949244","8","261099"
"chr1","10688929","10689227","chr1","10950028","10950334","9","261099"
"chr1","10691410","10691698","chr1","10952523","10952811","8","261113"
"chr1","10700540","10700844","chr1","10961662","10961966","4","261122"
"chr1","10701022","10701323","chr1","10962164","10962465","6","261142"
"chr1","10701965","10702275","chr1","10963107","10963418","5","261142"
"chr1","10704429","10704697","chr1","10965580","10965846","6","261151"
"chr1","10709215","10709508","chr1","10970346","10970637","7","261131"
"chr1","10715234","10715369","chr22","39227258","39227393","13","28512024"
"chr1","10715681","10715857","chr19","11234935","11235109","26","519254"
"chr1","10724823","10725114","chr1","10984808","10985103","9","259985"
"chr1","10731059","10731372","chr1","10991095","10991408","15","260036"
"chr1","10737479","10737787","chr2","44289199","44289510","46","33551720"
"chr1","10758709","10759017","chr1","11032627","11032931","9","273918"
"chr1","10759761","10760002","chr1","11033683","11033926","5","273922"
"chr1","10761298","10761583","chr1","11035243","11035528","7","273945"
"chr1","10770363","10770663","chr1","11046012","11046312","4","275649"
"chr1","10772206","10772502","chr2","20372491","20372784","34","9600285"
"chr1","10776222","10776298","chr1","11050754","11050831","2","274532"
"chr1","10780646","10780931","chr1","11055121","11055408","10","274475"
"chr1","10800092","10800393","chr1","11074414","11074716","9","274322"
"chr1","10804855","10805150","chr1","11079397","11079693","11","274542"
"chr1","10817229","10817549","chr1","11091665","11091985","12","274436"
"chr1","10818088","10818393","chr1","11092516","11092818","7","274428"
"chr1","10821827","10822032","chr1","11096244","11096449","4","274417"
"chr1","10826711","10826995","chr1","11101164","11101446","6","274453"
"chr1","10836944","10837256","chr1","11111197","11111509","9","274253"
"chr1","10845428","10845563","chr1","11119149","11119284","2","273721"
"chr1","10845878","10846050","chr1","11119600","11119767","9","273722"
"chr1","10846559","10846843","chr1","11120257","11120517","28","273698"
"chr1","10863205","10863501","chr1","11136845","11137140","6","273640"
"chr1","10866356","10866483","chr1","11139992","11140123","4","273636"
"chr1","10868681","10868984","chr1","11142297","11142596","9","273616"
"chr1","10880106","10880410","chr1","11153787","11154098","11","273681"
"chr1","10882258","10882565","chr1","11155981","11156289","11","273723"
"chr1","10900386","10900667","chr3","9356985","9357248","68","1543401"
"chr1","10902832","10903138","chr1","11175747","11176047","12","272915"
"chr1","10924725","10925015","chr1","11197553","11197842","6","272828"
"chr1","10930117","10930428","chr1","11202931","11203242","5","272814"
"chr1","10937073","10937361","chr1","11209879","11210167","2","272806"
"chr1","10948241","10948538","chr1","11220999","11221294","6","272758"
"chr1","10957363","10957648","chr1","11230141","11230426","5","272778"
"chr1","10966438","10966745","chr1","11239624","11239932","4","273186"
"chr1","10969042","10969347","chr1","11242218","11242528","9","273176"
"chr1","11001845","11002140","chr1","11276382","11276679","8","274537"
"chr1","11003409","11003718","chr1","11277948","11278257","3","274539"
"chr1","11017275","11017565","chr1","11290697","11290987","4","273422"
"chr1","11017904","11018205","chr1","11291326","11291629","10","273422"
"chr1","11029604","11029905","chr1","11303023","11303324","6","273419"
"chr1","11033985","11034291","chr1","11307659","11307971","6","273674"
"chr1","11040606","11040916","chr1","11314250","11314560","0","273644"
"chr1","11041910","11042004","chr10","86837278","86837369","9","75795368"
"chr1","11047748","11048064","chr1","11321229","11321534","15","273481"
"chr1","11052962","11053322","chr1","11326478","11326838","5","273516"
"chr1","11059282","11059582","chr1","11332822","11333121","10","273540"
"chr1","11074092","11074401","chr1","11347712","11348021","7","273620"
"chr1","11079904","11080201","chr1","11353536","11353833","6","273632"
"chr1","11082902","11083222","chr1","11356529","11356849","10","273627"
"chr1","11083369","11083686","chr1","11356996","11357312","7","273627"
"chr1","11084804","11085096","chr1","11358442","11358735","6","273638"
"chr1","11089606","11089902","chr1","11363221","11363527","15","273615"
"chr1","11099892","11100201","chr1","11376188","11376509","15","276296"
"chr1","11106143","11106454","chr5","142261174","142261485","37","131155031"
"chr1","11114095","11114402","chr1","11390047","11390354","7","275952"
"chr1","11123129","11123417","chr14","23161680","23161944","71","12038551"
"chr1","11126330","11126608","chr1","11403083","11403370","18","276753"
"chr1","11127903","11128187","chr1","11404686","11404995","32","276783"
"chr1","11137768","11138061","chr1","11414508","11414796","12","276740"
"chr1","11145098","11145391","chr1","11421809","11422101","4","276711"
"chr1","11148236","11148557","chr1","11424926","11425244","11","276690"
"chr1","11153103","11153397","chr1","11429798","11430095","9","276695"
"chr1","11160740","11161034","chr1","11437455","11437749","3","276715"
"chr1","11182148","11182406","chr1","11458016","11458274","2","275868"
"chr1","11217241","11217534","chr1","11493443","11493736","7","276202"
"chr1","11218915","11219220","chr1","11495113","11495418","5","276198"
"chr1","11292882","11293184","chr4","173146944","173147242","35","161854062"
"chr1","11299298","11299620","chr4","26008272","26008602","47","14708974"
"chr1","11303020","11303316","chr1","11578602","11578898","3","275582"
"chr1","11315316","11315595","chr7","15676589","15676870","38","4361273"
"chr1","11321408","11321696","chr1","11596984","11597296","33","275576"
"chr1","11370777","11371059","chr1","11633227","11633509","4","262450"
"chr1","11371105","11371393","chr1","11633550","11633846","11","262445"
"chr1","11377290","11377616","chr1","11639729","11640032","26","262439"
"chr1","11381729","11382031","chr1","11644186","11644485","7","262457"
"chr1","11401267","11401547","chr17","49680900","49681185","46","38279633"
"chr1","11425350","11425611","chr1","11686441","11686702","4","261091"
"chr1","11434220","11434529","chr1","11695297","11695612","13","261077"
"chr1","11449203","11449408","chr21","26146104","26146306","36","14696901"
"chr1","11456716","11457008","chr2","73340249","73340544","51","61883533"
"chr1","11457843","11458137","chr1","11717003","11717297","5","259160"
"chr1","11458937","11459271","chr1","11718022","11718334","31","259085"
"chr1","11466996","11467301","chr1","11726089","11726393","6","259093"
"chr1","11480318","11480617","chr1","11739269","11739568","3","258951"
"chr1","11500622","11500921","chr1","11759516","11759830","18","258894"
"chr1","11501595","11501904","chr7","27015259","27015567","41","15513664"
"chr1","11511587","11511763","chr7","44758933","44759107","25","33247346"
"chr1","11511789","11511916","chr6","148101878","148102005","14","136590089"
"chr1","11514613","11514924","chr1","11773426","11773737","5","258813"
"chr1","11516191","11516493","chr13","98477390","98477691","36","86961199"
"chr1","11526930","11527239","chr1","11785723","11786032","6","258793"
"chr1","11554542","11554841","chr1","11813393","11813690","6","258851"
"chr1","11555393","11555688","chr1","11814246","11814547","10","258853"
"chr1","11562404","11562694","chr1","11821276","11821566","3","258872"
"chr1","11593816","11594015","chr1","11851710","11851906","7","257894"
"chr1","11595988","11596298","chr1","11853908","11854218","8","257920"
"chr1","11597344","11597647","chr1","11855254","11855555","10","257910"
"chr1","11618946","11619227","chr1","11876700","11876984","17","257754"
"chr1","11629430","11629732","chr1","11886642","11886944","7","257212"
"chr1","11632281","11632574","chr1","11889449","11889754","21","257168"
"chr1","11648873","11649185","chr1","11902634","11902933","16","253761"
"chr1","11686212","11686521","chr12","19287797","19288101","34","7601585"
"chr1","11690180","11690481","chr1","11941986","11942292","20","251806"
"chr1","11693846","11694157","chr1","11945697","11946008","10","251851"
"chr1","11695153","11695431","chr1","11946988","11947266","8","251835"
"chr1","11698950","11699242","chr1","11950800","11951093","3","251850"
"chr1","11699433","11699683","chr1","11951284","11951534","4","251851"
"chr1","11717144","11717435","chr1","11961787","11962086","14","244643"
"chr1","11734520","11734798","chr15","44057138","44057404","44","32322618"
"chr1","11742335","11742643","chr1","11987028","11987342","17","244693"
"chr1","11742664","11742960","chr1","11987348","11987647","6","244684"
"chr1","11772953","11773040","chr1","12018067","12018155","4","245114"
"chr1","11777989","11778295","chr1","12023058","12023359","10","245069"
"chr1","11781924","11782237","chr1","12026996","12027309","3","245072"
"chr1","11788635","11788929","chr1","12033710","12034003","3","245075"
"chr1","11792324","11792632","chr1","12036424","12036731","7","244100"
"chr1","11798216","11798499","chr2","187740574","187740857","44","175942358"
"chr1","11800698","11800996","chr1","12044455","12044753","6","243757"
"chr1","11815599","11815910","chr1","12059038","12059347","9","243439"
"chr1","11828233","11828360","chr1","12071859","12071986","2","243626"
"chr1","11830646","11830951","chr1","12074274","12074579","11","243628"
"chr1","11831345","11831623","chr1","12074975","12075251","9","243630"
"chr1","11834640","11834942","chr1","12078282","12078584","5","243642"
"chr1","11839732","11840031","chr1","12083407","12083706","3","243675"
"chr1","11843481","11843792","chr1","12087156","12087467","5","243675"
"chr1","11849977","11850220","chr1","12093545","12093788","9","243568"
"chr1","11851051","11851356","chr1","12094614","12094924","18","243563"
"chr1","11855648","11855948","chr1","12099144","12099444","6","243496"
"chr1","11857170","11857464","chr1","12100675","12100975","14","243505"
"chr1","11875688","11875820","chr1","12113341","12113473","1","237653"
"chr1","11885141","11885433","chr1","12122836","12123128","4","237695"
"chr1","11892172","11892485","chr1","12129895","12130210","4","237723"
"chr1","11897023","11897326","chr10","103270296","103270602","35","91373273"
"chr1","11901688","11901874","chr1","12139750","12139936","3","238062"
"chr1","11909641","11909947","chr2","158826510","158826814","38","146916869"
"chr1","11915907","11916180","chr6","108284086","108284361","38","96368179"
"chr1","11932496","11932805","chr1","12170665","12170975","5","238169"
"chr1","11932815","11933145","chr12","111370622","111370949","46","99437807"
"chr1","11935980","11936270","chr1","12174268","12174546","16","238288"
"chr1","11937654","11937967","chr1","12175933","12176246","4","238279"
"chr1","11948871","11949173","chr1","12187141","12187452","12","238270"
"chr1","11957846","11958156","chr1","12196019","12196329","9","238173"
"chr1","11958767","11959071","chr12","113841412","113841724","47","101882645"
"chr1","11967924","11968203","chr5","82916320","82916614","70","70948396"
"chr1","11972786","11973054","chr1","12210979","12211247","6","238193"
"chr1","11987803","11988104","chr1","12225963","12226278","19","238160"
"chr1","12008927","12009197","chr1","12247158","12247429","8","238231"
"chr1","12020845","12021124","chr17","38643774","38644051","48","26622929"
"chr1","12024194","12024497","chr1","12262699","12263002","8","238505"
"chr1","12031664","12031962","chr1","12270175","12270479","8","238511"
"chr1","12032870","12033168","chr2","99736609","99736909","33","87703739"
"chr1","12035873","12036073","chr1","12274411","12274611","4","238538"
"chr1","12041963","12042251","chr1","12280501","12280788","5","238538"
"chr1","12046734","12047034","chr3","50244026","50244327","34","38197292"
"chr1","12047421","12047721","chr1","12286076","12286377","6","238655"
"chr1","12050181","12050482","chr1","12288841","12289141","12","238660"
"chr1","12107628","12107908","chr1","12343189","12343469","5","235561"
"chr1","12116422","12116717","chr1","12352009","12352304","7","235587"
"chr1","12125927","12126230","chr1","12361855","12362162","10","235928"
"chr1","12152265","12152569","chr1","12388293","12388608","15","236028"
"chr1","12155556","12155676","chr1","12391580","12391700","4","236024"
"chr1","12185929","12186223","chr1","12421834","12422128","3","235905"
"chr1","12219753","12220013","chr1","12455637","12455897","1","235884"
"chr1","12220472","12220667","chr19","48318096","48318291","20","36097624"
"chr1","12286255","12286533","chr1","12517650","12517928","5","231395"
"chr1","12290397","12290708","chr3","37818252","37818562","47","25527855"
"chr1","12298603","12298914","chr1","12529925","12530238","7","231322"
"chr1","12299573","12299880","chr1","12530903","12531209","10","231330"
"chr1","12371151","12371430","chr1","12607897","12608176","4","236746"
"chr1","12373323","12373626","chr1","12610069","12610376","8","236746"
"chr1","12377019","12377327","chr1","12613763","12614070","6","236744"
"chr1","12388920","12389221","chr1","12625980","12626287","38","237060"
"chr1","12389232","12389539","chr1","12625980","12626287","10","236748"
"chr1","12401347","12401591","chr1","12637425","12637667","5","236078"
"chr1","12407405","12407713","chr1","12643449","12643758","11","236044"
"chr1","12412885","12413177","chr1","12648409","12648702","12","235524"
"chr1","12443526","12443813","chr12","67124829","67125123","43","54681303"
"chr1","12489089","12489392","chr1","12722051","12722349","9","232962"
"chr1","12514048","12514355","chr1","12747065","12747368","14","233017"
"chr1","12519290","12519566","chr1","12752303","12752582","9","233013"
"chr1","12567633","12567916","chr1","12856040","12856315","45","288407"
"chr1","12568939","12569147","chr4","117120687","117120898","41","104551748"
"chr1","12571171","12571410","chr1","13345722","13345961","12","774551"
"chr1","12583214","12583444","chr1","13345722","13345961","31","762508"
"chr1","12622437","12622577","chr1","12874339","12874479","5","251902"
"chr1","12624109","12624249","chr1","12874339","12874479","8","250230"
"chr1","12629778","12630047","chr4","148505881","148506149","47","135876103"
"chr1","12647684","12647959","chr1","12856040","12856315","3","208356"
"chr1","12649903","12650142","chr1","12858262","12858502","16","208359"
"chr1","12667912","12668051","chr1","12874339","12874479","8","206427"
"chr1","12684105","12684407","chr1","224212004","224212300","56","211527899"
"chr1","12689888","12689990","chr1","12891303","12891404","1","201415"
"chr1","12691076","12691383","chr1","12837712","12838019","20","146636"
"chr1","12696238","12696523","chr14","24981279","24981556","55","12285041"
"chr1","12748753","12749033","chr9","83442255","83442534","46","70693502"
"chr1","12750717","12750853","chr19","3137811","3137954","42","9612906"
"chr1","12751123","12751423","chr1","15055195","15055488","53","2304072"
"chr1","12752107","12752174","chr14","74228521","74228588","10","61476414"
"chr1","12766414","12766551","chr10","18602534","18602669","17","5836120"
"chr1","12770268","12770568","chr1","13239185","13239485","10","468917"
"chr1","12775549","12775764","chr3","134383983","134384198","30","121608434"
"chr1","12788251","12788378","chr22","32148296","32148427","19","19360045"
"chr1","12804606","12804910","chrX","134441018","134441318","57","121636412"
"chr1","12806984","12807288","chr1","15055195","15055488","54","2248211"
"chr1","12808868","12809148","chr9","83442255","83442534","46","70633387"
"chr1","12816413","12816582","chr5","65733728","65733886","15","52917315"
"chr1","12823959","12824242","chr22","20773104","20773386","8","7949145"
"chr1","12842529","12842663","chr1","155097151","155097285","13","142254622"
"chr1","12864447","12864675","chr1","13098481","13098707","5","234034"
"chr1","12869047","12869111","chr1","13103197","13103261","2","234150"
"chr1","12877348","12877649","chr5","6433462","6433757","51","6443886"
"chr1","12883446","12883675","chr20","31273821","31274052","49","18390375"
"chr1","12948519","12948811","chr1_KI270766v1_alt","28153","28459","21","12920366"
"chr1","12959861","12960165","chr5","6433462","6433757","54","6526399"
"chr1","12962014","12962125","chr11","10201726","10201843","19","2760288"
"chr1","12962731","12962858","chr22","32148296","32148427","19","19185565"
"chr1","12979067","12979221","chr10","27387278","27387432","23","14408211"
"chr1","12981454","12981749","chr1","13235661","13235969","22","254207"
"chr1","12984037","12984336","chr1","13239185","13239485","12","255148"
"chr1","12988761","12989043","chr22","20773104","20773386","19","7784343"
"chr1","13012991","13013125","chr1","8173645","8173778","17","4839346"
"chr1","13075356","13075458","chr1","12891303","12891404","6","184053"
"chr1","13082240","13082508","chr20","45595737","45596001","47","32513497"
"chr1","13110627","13110866","chr1","13345722","13345961","14","235095"
"chr1","13135186","13135476","chr1","13366289","13366578","4","231103"
"chr1","13136761","13136994","chr1","13006590","13006823","5","130171"
"chr1","13151272","13151451","chrX","71275956","71276132","28","58124684"
"chr1","13161439","13161575","chr5","65734163","65734299","5","52572724"
"chr1","13163989","13164107","chr1","9455137","9455253","14","3708852"
"chr1","13167965","13168096","chr1","13398360","13398491","6","230395"
"chr1","13173029","13173318","chr1","13403516","13403805","9","230487"
"chr1","13174854","13175140","chr15","76082687","76082967","42","62907833"
"chr1","13185857","13186043","chr1","13412131","13412317","2","226274"
"chr1","13188947","13189115","chr11","46442854","46443021","28","33253907"
"chr1","13201938","13202182","chr1","13428182","13428426","4","226244"
"chr1","13249362","13249464","chr1","12891303","12891404","6","358059"
"chr1","13256246","13256514","chr20","45595737","45596001","47","32339491"
"chr1","13286610","13286849","chr1","13345722","13345961","13","59112"
"chr1","13288267","13288343","chr2","222115324","222115399","10","208827057"
"chr1","13314450","13314726","chr1","13366289","13366578","17","51839"
"chr1","13342394","13342704","chr1","12892487","12892771","28","449907"
"chr1","13343784","13343886","chr1","12836528","12836630","11","507256"
"chr1","13349037","13349402","chr1","13392757","13393110","25","43720"
"chr1","13353267","13353386","chr1","9455137","9455253","13","3898130"
"chr1","13359851","13360084","chr6","70460878","70461122","44","57101027"
"chr1","13363588","13363883","chr1","13415083","13415381","4","51495"
"chr1","13376680","13376924","chr1","13428182","13428426","4","51502"
"chr1","13394452","13394738","chr1","13441945","13442229","12","47493"
"chr1","13395138","13395449","chr1","13442631","13442942","15","47493"
"chr1","13395569","13395805","chr1","13443062","13443298","8","47493"
"chr1","13406886","13407027","chr6","166962272","166962415","12","153555386"
"chr1","13408057","13408364","chr1","13455281","13455588","12","47224"
"chr1","13414509","13414648","chr10","87052068","87052208","21","73637559"
"chr1","13444426","13444728","chr2","233427338","233427641","44","219982912"
"chr1","13447989","13448282","chr1","13490148","13490458","18","42159"
"chr1","13480942","13481253","chr1","13523450","13523760","19","42508"
"chr1","13484108","13484368","chr1","13526616","13526879","6","42508"
"chr1","13490997","13491308","chr1","13533471","13533782","8","42474"
"chr1","13516747","13517040","chr1","13558967","13559258","8","42220"
"chr1","13547224","13547503","chr1","13589844","13590127","9","42620"
"chr1","13581428","13581722","chr4","25024232","25024524","30","11442804"
"chr1","13653407","13653703","chr1","13696199","13696491","10","42792"
"chr1","13682295","13682585","chr1","13725214","13725504","4","42919"
"chr1","13889978","13890286","chr1","13931847","13932157","9","41869"
"chr1","14014481","14014810","chr1","14047589","14047919","42","33108"
"chr1","14069941","14070249","chr1","14102915","14103220","9","32974"
"chr1","14169491","14169813","chr5","140157770","140158083","47","125988279"
"chr1","14217128","14217401","chrX","115141626","115141903","50","100924498"
"chr1","14239098","14239385","chr1","14267701","14267981","11","28603"
"chr1","14308244","14308561","chr1","14338192","14338505","13","29948"
"chr1","14318120","14318417","chr1","14348052","14348351","9","29932"
"chr1","14380255","14380546","chr1","14411304","14411595","6","31049"
"chr1","14424633","14424927","chr19","39736493","39736792","29","25311860"
"chr1","14435586","14435878","chr1","14464529","14464820","8","28943"
"chr1","14460796","14461082","chr1","14489448","14489736","14","28652"
"chr1","14496751","14497050","chr1","14524039","14524317","32","27288"
"chr1","14533839","14534075","chr1","14560345","14560594","15","26506"
"chr1","14568794","14569106","chr1","14595396","14595710","15","26602"
"chr1","14664919","14665226","chr16","68844968","68845267","45","54180049"
"chr1","14695222","14695526","chr1","14721872","14722179","11","26650"
"chr1","14705684","14705993","chr1","14732357","14732666","9","26673"
"chr1","14719139","14719456","chr6","155005328","155005638","55","140286189"
"chr1","14735619","14735926","chr1","14763740","14764047","8","28121"
"chr1","14757730","14758019","chr21","25419175","25419465","41","10661445"
"chr1","14763967","14764236","chr1","14790721","14790990","2","26754"
"chr1","14779444","14779755","chr1","14808287","14808597","14","28843"
"chr1","14809697","14809979","chr1","14838639","14838921","4","28942"
"chr1","14831187","14831483","chr1","14860198","14860492","10","29011"
"chr1","14841426","14841735","chr1","14870335","14870638","20","28909"
"chr1","14875974","14876272","chr1","14905061","14905359","10","29087"
"chr1","14878005","14878313","chr10","73378093","73378401","38","58500088"
"chr1","14897571","14897879","chr1","14931155","14931465","10","33584"
"chr1","14915219","14915519","chr1","14948875","14949155","28","33656"
"chr1","14932671","14932877","chr16","46947290","46947502","29","32014619"
"chr1","14955762","14956063","chr1","14989195","14989495","14","33433"
"chr1","14959558","14959693","chr1","14992992","14993126","5","33434"
"chr1","14971982","14972281","chr1","15005504","15005804","8","33522"
"chr1","14983533","14983825","chr1","15857365","15857656","37","873832"
"chr1","15000267","15000568","chr1","15033737","15034038","4","33470"
"chr1","15007180","15007498","chr1","15040939","15041260","11","33759"
"chr1","15013751","15014045","chr1","15047489","15047783","8","33738"
"chr1","15022271","15022590","chr1","15055195","15055488","27","32924"
"chr1","15045187","15045475","chr1","15078134","15078423","8","32947"
"chr1","15049782","15050034","chr1","15082684","15082935","12","32902"
"chr1","15059719","15060039","chr1","15092491","15092774","39","32772"
"chr1","15091382","15091667","chr17","38157127","38157424","49","23065745"
"chr1","15111488","15111786","chr1","15149427","15149724","7","37939"
"chr1","15122356","15122659","chr1","15160266","15160572","12","37910"
"chr1","15124267","15124563","chr1","15162167","15162461","8","37900"
"chr1","15135298","15135594","chr1","15173212","15173520","22","37914"
"chr1","15160714","15161005","chr2","39239808","39240097","33","24079094"
"chr1","15178033","15178349","chr1","15215745","15216057","11","37712"
"chr1","15187261","15187548","chr1","15224898","15225179","15","37637"
"chr1","15191593","15191882","chr1","15229284","15229577","13","37691"
"chr1","15193576","15193674","chr20","35459032","35459130","13","20265456"
"chr1","15193721","15194021","chr1","15231268","15231567","19","37547"
"chr1","15194465","15194774","chr1","15232014","15232315","19","37549"
"chr1","15200426","15200728","chr3","11748912","11749211","33","3451514"
"chr1","15201764","15202075","chr1","15239305","15239616","4","37541"
"chr1","15249279","15249552","chr14","92699856","92700126","33","77450577"
"chr1","15259901","15260189","chr1","15301746","15302034","11","41845"
"chr1","15311105","15311413","chr1","15351064","15351372","5","39959"
"chr1","15328046","15328363","chr1","15367956","15368273","3","39910"
"chr1","15337572","15337869","chr7","75566024","75566320","44","60228452"
"chr1","15356536","15356847","chr1","15396528","15396839","7","39992"
"chr1","15375592","15375904","chr1","15415479","15415789","10","39887"
"chr1","15378086","15378386","chr1","15417976","15418289","14","39890"
"chr1","15385370","15385665","chr1","15425243","15425536","9","39873"
"chr1","15393286","15393581","chr1","15433149","15433444","6","39863"
"chr1","15396616","15396913","chr2","61438330","61438630","46","46041714"
"chr1","15416448","15416760","chr1","15475445","15475757","34","58997"
"chr1","15427151","15427460","chr17","5098205","5098516","36","10328946"
"chr1","15430580","15430877","chr1","15465004","15465308","14","34424"
"chr1","15436820","15437130","chr1","15471265","15471575","10","34445"
"chr1","15442452","15442742","chr5","179692082","179692374","38","164249630"
"chr1","15448226","15448519","chr1","15483646","15483941","9","35420"
"chr1","15449476","15449771","chr1","15484902","15485194","6","35426"
"chr1","15455170","15455471","chr1","15490586","15490882","17","35416"
"chr1","15458873","15459169","chr1","15494284","15494581","7","35411"
"chr1","15470747","15471066","chr1","15506167","15506452","39","35420"
"chr1","15475967","15476278","chr1","15511407","15511703","17","35440"
"chr1","15479319","15479616","chr1","15514724","15515033","14","35405"
"chr1","15483477","15483788","chr1","15518864","15519174","13","35387"
"chr1","15495293","15495585","chr1","15530696","15530987","9","35403"
"chr1","15497944","15498251","chr1","15533345","15533652","8","35401"
"chr1","15504310","15504593","chr1","15539746","15540041","24","35436"
"chr1","15511996","15512291","chr1","15547445","15547741","5","35449"
"chr1","15520128","15520426","chr1","15561403","15561696","6","41275"
"chr1","15531139","15531450","chr1","15572353","15572659","11","41214"
"chr1","15539023","15539318","chr1","15580202","15580503","8","41179"
"chr1","15553214","15553515","chr1","15594420","15594720","3","41206"
"chr1","15553516","15553653","chr1","15594721","15594858","3","41205"
"chr1","15562829","15563059","chr1","15604026","15604256","6","41197"
"chr1","15567645","15567932","chr1","15608369","15608676","24","40724"
"chr1","15568205","15568381","chr1","15608948","15609129","7","40743"
"chr1","15568690","15568821","chr1","15609437","15609568","1","40747"
"chr1","15570867","15571160","chr1","15611519","15611811","8","40652"
"chr1","15578436","15578750","chr1","15619111","15619423","8","40675"
"chr1","15594250","15594381","chr1","38884005","38884141","21","23289755"
"chr1","15596691","15596824","chr3","69766407","69766526","34","54169716"
"chr1","15600631","15600923","chr1","15641190","15641485","6","40559"
"chr1","15602075","15602219","chr1","15642642","15642786","1","40567"
"chr1","15602528","15602615","chr1","15643082","15643166","4","40554"
"chr1","15604337","15604634","chr1","15644895","15645191","4","40558"
"chr1","15638206","15638502","chr1","15678271","15678567","6","40065"
"chr1","15638845","15639151","chr1","15678910","15679217","7","40065"
"chr1","15646394","15646572","chr1","15686469","15686648","4","40075"
"chr1","15646879","15647016","chr1","15686949","15687086","2","40070"
"chr1","15652942","15653242","chr9","69294426","69294727","37","53641484"
"chr1","15657314","15657603","chrX","120541220","120541512","35","104883906"
"chr1","15659288","15659597","chr1","15694747","15695057","6","35459"
"chr1","15666949","15667255","chr1","15702416","15702717","10","35467"
"chr1","15677359","15677620","chr1","15712838","15713099","8","35479"
"chr1","15704910","15705211","chr1","15740279","15740577","13","35369"
"chr1","15709914","15710218","chr19","33824466","33824764","49","18114552"
"chr1","15710844","15711070","chrX","16816065","16816295","33","1105221"
"chr1","15724681","15724900","chr9","38383687","38383909","28","22659006"
"chr1","15732655","15732826","chr1","15762088","15762256","6","29433"
"chr1","15733129","15733248","chr1","15762561","15762680","1","29432"
"chr1","15736962","15737273","chr1","15769934","15770245","1","32972"
"chr1","15740872","15741174","chr1","15773862","15774164","10","32990"
"chr1","15746321","15746623","chr1","15779292","15779602","20","32971"
"chr1","15747248","15747525","chr1","15780204","15780494","18","32956"
"chr1","15751083","15751333","chr14","23169441","23169706","39","7418358"
"chr1","15752657","15752950","chr1","224093175","224093470","31","208340518"
"chr1","15754186","15754469","chr1","15786851","15787134","7","32665"
"chr1","15758022","15758330","chr1","15790215","15790518","13","32193"
"chr1","15772817","15773116","chr1","15804508","15804797","16","31691"
"chr1","15777599","15777909","chr2","232989166","232989476","36","217211567"
"chr1","15778819","15779114","chr2","73340249","73340544","43","57561430"
"chr1","15787025","15787339","chr1","15818777","15819086","11","31752"
"chr1","15793732","15793858","chr1","15824195","15824330","14","30463"
"chr1","15794149","15794311","chr1","15824627","15824786","7","30478"
"chr1","15796307","15796442","chr1","15826792","15826927","2","30485"
"chr1","15803481","15803769","chr17","42708373","42708668","43","26904892"
"chr1","15811952","15812252","chr15","65427469","65427781","61","49615517"
"chr1","15823576","15823711","chr1","15853965","15854100","1","30389"
"chr1","15844629","15844912","chr1","15877284","15877565","11","32655"
"chr1","15847793","15848091","chr1","15880454","15880756","9","32661"
"chr1","15856483","15856795","chr7","95068188","95068495","42","79211705"
"chr1","15868708","15868973","chr19","13638778","13639045","67","2229930"
"chr1","15869005","15869316","chr1","15901361","15901669","9","32356"
"chr1","15880012","15880317","chr1","15907200","15907489","23","27188"
"chr1","15881781","15882083","chr17","69365162","69365460","40","53483381"
"chr1","15884058","15884345","chr17","64210975","64211260","40","48326917"
"chr1","15904199","15904337","chr1","15936656","15936778","16","32457"
"chr1","15905658","15905959","chr1","15938136","15938415","28","32478"
"chr1","15922368","15922674","chr1","15954873","15955179","4","32505"
"chr1","15941871","15942176","chr1","15974573","15974875","7","32702"
"chr1","15947907","15948189","chr1","15980603","15980885","9","32696"
"chr1","15948482","15948599","chrX","21121418","21121544","20","5172936"
"chr1","15952313","15952607","chr1","15985026","15985320","3","32713"
"chr1","15953623","15953913","chr1","15986340","15986630","11","32717"
"chr1","16018319","16018465","chr1","16074741","16074887","2","56422"
"chr1","16018773","16018946","chr1","16075187","16075360","19","56414"
"chr1","16029077","16029362","chrX","19992334","19992629","37","3963257"
"chr1","16031004","16031298","chr1","16085958","16086252","6","54954"
"chr1","16047488","16047797","chr1","16102311","16102620","10","54823"
"chr1","16058818","16059110","chr1","16113648","16113934","9","54830"
"chr1","16066699","16066999","chr1","16121518","16121820","7","54819"
"chr1","16105699","16106002","chr1","16157507","16157808","7","51808"
"chr1","16106715","16107006","chr1","16158521","16158812","6","51806"
"chr1","16108981","16109274","chr1","16160785","16161080","11","51804"
"chr1","16117888","16118178","chr1","16169763","16170053","6","51875"
"chr1","16128247","16128557","chr1","16180148","16180451","13","51901"
"chr1","16128825","16129118","chr10","97016027","97016320","45","80887202"
"chr1","16136409","16136717","chr1","16188291","16188598","4","51882"
"chr1","16145065","16145324","chr7","29841534","29841788","32","13696469"
"chr1","16161668","16161952","chr1","16213776","16214060","0","52108"
"chr1","16168544","16168693","chr1","16220526","16220675","2","51982"
"chr1","16193972","16194269","chr1","16245319","16245613","6","51347"
"chr1","16208105","16208416","chr1","16259483","16259795","6","51378"
"chr1","16222721","16223025","chr2","85589648","85589957","54","69366927"
"chr1","16225124","16225410","chr17","1953575","1953864","35","14271549"
"chr1","16230293","16230599","chr1","16277443","16277747","11","47150"
"chr1","16236354","16236721","chr1","16281649","16281999","22","45295"
"chr1","16243462","16243761","chr1","16288676","16288974","10","45214"
"chr1","16255772","16256030","chr10","72492835","72493092","32","56237063"
"chr1","16263809","16264101","chr1","16308741","16309042","21","44932"
"chr1","16264818","16264968","chr1","16309763","16309913","4","44945"
"chr1","16265264","16265435","chr1","16310212","16310381","4","44948"
"chr1","16265767","16266047","chr1","16310713","16310993","5","44946"
"chr1","16278782","16279083","chr1","16323515","16323821","12","44733"
"chr1","16282964","16283260","chr1","16327704","16328000","4","44740"
"chr1","16288733","16289035","chr1","16332536","16332840","7","43803"
"chr1","16292542","16292847","chr1","16336350","16336655","8","43808"
"chr1","16294959","16295267","chr11","119365885","119366194","43","103070926"
"chr1","16307365","16307671","chr1","16350465","16350757","20","43100"
"chr1","16313298","16313380","chr6","2267616","2267691","21","14045682"
"chr1","16315515","16315800","chr17","76996132","76996418","40","60680617"
"chr1","16318982","16319288","chr1","16365297","16365592","17","46315"
"chr1","16333994","16334150","chr1","16380310","16380466","2","46316"
"chr1","16334456","16334594","chr1","16380768","16380906","1","46312"
"chr1","16334972","16335272","chr1","16381281","16381571","16","46309"
"chr1","16341863","16342144","chr1","16388128","16388405","7","46265"
"chr1","16342411","16342664","chr1","16388679","16388938","9","46268"
"chr1","16347852","16348156","chr1","16408591","16408891","9","60739"
"chr1","16370003","16370300","chr3","128691526","128691824","40","112321523"
"chr1","16384271","16384564","chr20","31978854","31979149","35","15594583"
"chr1","16384645","16384945","chr1","16437770","16438062","18","53125"
"chr1","16411029","16411325","chr1","16462989","16463286","7","51960"
"chr1","16420433","16420726","chr1","16474691","16474986","7","54258"
"chr1","16425616","16425749","chr2","99629022","99629155","16","83203406"
"chr1","16438294","16438362","chr1","16962736","16962806","2","524442"
"chr1","16439693","16439828","chr1","16492671","16492806","6","52978"
"chr1","16443269","16443576","chr1","16916836","16917145","13","473567"
"chr1","16444198","16444520","chr1","16497162","16497478","14","52964"
"chr1","16455729","16456009","chr1","16507911","16508191","4","52182"
"chr1","16458365","16458656","chr1","16510541","16510833","8","52176"
"chr1","16467027","16467283","chr1","145171645","145171900","36","128704618"
"chr1","16469693","16469984","chr1","16510541","16510833","12","40848"
"chr1","16472080","16472365","chr1","16660577","16660862","6","188497"
"chr1","16474738","16475030","chr1","16510541","16510833","8","35803"
"chr1","16518674","16518886","chr1","241645664","241645878","37","225126990"
"chr1","16577160","16577453","chr1","16616418","16616718","11","39258"
"chr1","16587617","16587890","chr1","16474691","16474986","34","112926"
"chr1","16597926","16598231","chr1","6438830","6439135","5","10159096"
"chr1","16606313","16606525","chr1","241645664","241645878","35","225039351"
"chr1","16618984","16619278","chr1","16874481","16874775","10","255497"
"chr1","16625083","16625391","chr1","16874481","16874775","18","249398"
"chr1","16626672","16626989","chr1_KI270713v1_random","27910","28194","45","16598762"
"chr1","16640248","16640557","chr1","16874481","16874775","24","234233"
"chr1","16646831","16647140","chr1","16874481","16874775","25","227650"
"chr1","16648431","16648748","chr1","16531541","16531825","46","116890"
"chr1","16655526","16655830","chr1","16874481","16874775","26","218955"
"chr1","16657122","16657443","chr1","16531541","16531825","51","125581"
"chr1","16667773","16668000","chr2","143189534","143189759","41","126521761"
"chr1","16669274","16669595","chr17","2977464","2977772","56","13691810"
"chr1","16729316","16729552","chr1","16908758","16908994","3","179442"
"chr1","16732899","16733131","chr1","146391286","146391518","5","129658387"
"chr1","16739193","16739498","chr1","16915898","16916192","19","176705"
"chr1","16740474","16740717","chr1","91050544","91050789","31","74310070"
"chr1","16743525","16743696","chr1","16919888","16920070","14","176363"
"chr1","16743998","16744133","chr1","16920357","16920492","2","176359"
"chr1","16752496","16752775","chr1","16928847","16929126","6","176351"
"chr1","16774957","16775229","chr1","16474691","16474986","37","300266"
"chr1","16791340","16791600","chr1","16964104","16964372","16","172764"
"chr1","16792210","16792343","chr1","16964981","16965114","3","172771"
"chr1","16818265","16818558","chrX","119554163","119554455","29","102735898"
"chr1","16834764","16834973","chr16","46947290","46947502","27","30112526"
"chr1","16836973","16837163","chr7","100849038","100849226","21","84012065"
"chr1","16840812","16841075","chr1","17010114","17010377","5","169302"
"chr1","16846419","16846698","chr1","17015728","17016012","15","169309"
"chr1","16848521","16848828","chr1","17017861","17018168","6","169340"
"chr1","16856992","16857296","chr1","17026359","17026662","9","169367"
"chr1","16860514","16860801","chr12","122410459","122410758","43","105549945"
"chr1","16865028","16865273","chr1","17034434","17034679","3","169406"
"chr1","16871416","16871720","chr1","17040848","17041159","16","169432"
"chr1","16874880","16875178","chr1","15857365","15857656","38","1017515"
"chr1","16877629","16877939","chr1","17047075","17047385","9","169446"
"chr1","16893168","16893478","chr17","72846019","72846329","35","55952851"
"chr1","16910387","16910677","chr1","17079794","17080090","7","169407"
"chr1","16947073","16947404","chr22","19543523","19543831","52","2596450"
"chr1","16947474","16947782","chr1","17109486","17109790","15","162012"
"chr1","16965284","16965620","chr1","217868665","217868981","70","200903381"
"chr1","16975466","16975774","chr1","17136820","17137123","10","161354"
"chr1","16977995","16978308","chr2","229452620","229452927","38","212474625"
"chr1","17008361","17008659","chr1","17169238","17169536","5","160877"
"chr1","17014731","17015019","chr1","17175617","17175905","2","160886"
"chr1","17026782","17027097","chr3","69163073","69163384","50","52136291"
"chr1","17030233","17030373","chr16","29476342","29476489","28","12446109"
"chr1","17030399","17030634","chr16","53856506","53856760","55","36826107"
"chr1","17055499","17055806","chr1","17216589","17216896","9","161090"
"chr1","17101561","17101888","chr1","17259071","17259398","4","157510"
"chr1","17118472","17118781","chr1","17276053","17276363","6","157581"
"chr1","17123849","17124159","chr11","61456092","61456402","31","44332243"
"chr1","17133887","17134179","chr1","17291485","17291777","4","157598"
"chr1","17141643","17141879","chr1","17299162","17299398","7","157519"
"chr1","17153229","17153360","chr1","113861546","113861677","16","96708317"
"chr1","17155769","17156074","chr1","17313218","17313519","7","157449"
"chr1","17169732","17170030","chr1","17327529","17327825","7","157797"
"chr1","17174456","17174755","chr1","17332250","17332549","2","157794"
"chr1","17182947","17183251","chr1","17340791","17341093","9","157844"
"chr1","17184897","17185191","chr1","17342693","17342987","10","157796"
"chr1","17197895","17198181","chr1","17353958","17354256","34","156063"
"chr1","17234126","17234383","chr1","17384458","17384719","9","150332"
"chr1","17243207","17243447","chr1","88913980","88914215","47","71670773"
"chr1","17249351","17249655","chr1","17399755","17400060","26","150404"
"chr1","17254717","17254902","chr2","67426306","67426492","22","50171589"
"chr1","17255959","17256270","chr12","8266389","8266720","43","8989570"
"chr1","17266394","17266522","chr1","17413852","17413980","5","147458"
"chr1","17298137","17298436","chr1","17449898","17450195","5","151761"
"chr1","17299189","17299477","chr4","147647521","147647809","35","130348332"
"chr1","17304825","17305123","chr6","43226825","43227123","51","25922000"
"chr1","17305761","17306053","chr1","17456817","17457109","8","151056"
"chr1","17317371","17317497","chr6","15024384","15024505","20","2292987"
"chr1","17318125","17318422","chr1","17468215","17468512","12","150090"
"chr1","17318517","17318823","chr1","17468684","17468990","2","150167"
"chr1","17349138","17349365","chr1","17507571","17507795","9","158433"
"chr1","17350115","17350411","chr1","17508546","17508835","12","158431"
"chr1","17368435","17368716","chr1","17525721","17526030","45","157286"
"chr1","17371816","17372117","chr1","17529001","17529302","3","157185"
"chr1","17384299","17384436","chr1","17541549","17541685","2","157250"
"chr1","17384740","17384917","chr1","17541990","17542168","1","157250"
"chr1","17392741","17393039","chr1","17548647","17548948","5","155906"
"chr1","17401050","17401361","chr1","17557061","17557374","7","156011"
"chr1","17411444","17411737","chr1","17567375","17567667","2","155931"
"chr1","17421109","17421416","chr1","17577037","17577345","2","155928"
"chr1","17423090","17423389","chr1","17579019","17579318","4","155929"
"chr1","17425126","17425431","chr1","17581034","17581339","5","155908"
"chr1","17442352","17442653","chr1","17598103","17598395","15","155751"
"chr1","17445028","17445329","chr1","17600773","17601079","14","155745"
"chr1","17445690","17445992","chr1","17601443","17601745","5","155753"
"chr1","17494549","17494847","chr1","17650451","17650755","10","155902"
"chr1","17571018","17571308","chr1","17725566","17725857","4","154548"
"chr1","17657384","17657684","chr1","17811862","17812156","13","154478"
"chr1","17708989","17709289","chr1","17863030","17863330","4","154041"
"chr1","17744641","17744942","chr1","17939089","17939384","11","194448"
"chr1","17792351","17792652","chr1","17939089","17939384","11","146738"
"chr1","17848950","17849230","chr1","17994958","17995238","6","146008"
"chr1","17851739","17852050","chr1","17997747","17998057","8","146008"
"chr1","17856672","17856996","chr1","18002687","18003000","12","146015"
"chr1","17873445","17873753","chr1","18018808","18019123","13","145363"
"chr1","18058358","18058661","chr1","18203298","18203608","10","144940"
"chr1","18065923","18066234","chr1","18210860","18211171","9","144937"
"chr1","18079835","18080112","chr1","18224784","18225064","8","144949"
"chr1","18132026","18132334","chr1","18274744","18275052","8","142718"
"chr1","18205786","18206084","chr1","18342095","18342393","4","136309"
"chr1","18235052","18235344","chr1","18371290","18371586","8","136238"
"chr1","18283541","18283844","chr1","18418734","18419041","12","135193"
"chr1","18288331","18288632","chr1","18423509","18423815","9","135178"
"chr1","18298437","18298748","chr22","35223170","35223480","39","16924733"
"chr1","18314712","18315018","chr1","18449902","18450209","9","135190"
"chr1","18336667","18336989","chr1","18471870","18472176","22","135203"
"chr1","18352264","18352562","chr1","18487541","18487837","4","135277"
"chr1","18358836","18359105","chr1","18494118","18494387","2","135282"
"chr1","18430574","18430910","chr1","18563082","18563411","35","132508"
"chr1","18431654","18431952","chr1","18564158","18564462","11","132504"
"chr1","18445123","18445361","chr1","18577657","18577894","2","132534"
"chr1","18449211","18449511","chr1","18581796","18582079","23","132585"
"chr1","18452613","18452922","chr1","18585176","18585484","4","132563"
"chr1","18453471","18453781","chr1","18586033","18586345","16","132562"
"chr1","18463730","18464039","chr1","18596192","18596522","29","132462"
"chr1","18478956","18479228","chr1","18610568","18610840","6","131612"
"chr1","18524459","18524758","chr1","18656214","18656517","6","131755"
"chr1","18570439","18570741","chr1","18702051","18702348","8","131612"
"chr1","18575828","18576144","chr1","18707381","18707724","38","131553"
"chr1","18581345","18581637","chr1","18712800","18713092","9","131455"
"chr1","18582482","18582787","chr1","18713930","18714206","35","131448"
"chr1","18644566","18644871","chr1","18776199","18776504","3","131633"
"chr1","18648235","18648529","chr1","18779892","18780171","23","131657"
"chr1","18650376","18650673","chr1","18782026","18782318","15","131650"
"chr1","18665677","18665988","chr1","18797320","18797631","9","131643"
"chr1","18710731","18711035","chr1","18844471","18844781","12","133740"
"chr1","18733773","18734076","chr1","18867546","18867848","6","133773"
"chr1","18736984","18737287","chr1","18870752","18871052","12","133768"
"chr1","18756515","18756819","chr1","18890260","18890564","2","133745"
"chr1","18758004","18758303","chr1","18891746","18892044","4","133742"
"chr1","18760515","18760814","chr1","18894259","18894558","2","133744"
"chr1","18762923","18763232","chr1","18896612","18896916","9","133689"
"chr1","18763577","18763885","chr1","18897261","18897569","2","133684"
"chr1","18780887","18781188","chr1","18914535","18914840","12","133648"
"chr1","18782195","18782497","chr1","18915843","18916133","19","133648"
"chr1","18851022","18851329","chr1","18986591","18986896","12","135569"
"chr1","18854760","18855056","chr1","18990343","18990638","7","135583"
"chr1","18858172","18858479","chr1","18993738","18994043","6","135566"
"chr1","18877838","18878137","chr1","1544336","1544635","28","17333502"
"chr1","18887501","18887782","chr1","19022966","19023244","6","135465"
"chr1","18917026","18917314","chr1","19053050","19053341","6","136024"
"chr1","18927716","18928027","chr1","19063707","19064018","6","135991"
"chr1","18976189","18976255","chr3","48496309","48496367","18","29520120"
"chr1","18976564","18976698","chr4","17627253","17627389","16","1349311"
"chr1","18987779","18988082","chr1","19123170","19123472","10","135391"
"chr1","19007449","19007720","chr1","19142842","19143091","32","135393"
"chr1","19023357","19023652","chr1","19158860","19159156","8","135503"
"chr1","19035518","19035818","chr1","19176091","19176392","3","140573"
"chr1","19054137","19054437","chr1","19176091","19176392","3","121954"
"chr1","19069270","19069570","chr17","61336831","61337131","24","42267561"
"chr1","19101473","19101781","chr1","19215679","19215988","11","114206"
"chr1","19103350","19103614","chr1","19217266","19217529","7","113916"
"chr1","19107871","19108125","chr1","19221790","19222045","5","113919"
"chr1","19114849","19115140","chr1","19228770","19229061","5","113921"
"chr1","19122753","19123059","chr1","19236686","19236991","74","113933"
"chr1","19132229","19132529","chr1","19246109","19246409","4","113880"
"chr1","19132622","19132928","chr14","78007754","78008061","45","58875132"
"chr1","19146053","19146178","chr1","19259938","19260063","0","113885"
"chr1","19162680","19162983","chr1","19276520","19276823","0","113840"
"chr1","19164588","19164850","chr21","35412020","35412288","37","16247432"
"chr1","19177313","19177610","chr1","19302692","19302987","4","125379"
"chr1","19185053","19185335","chr1","19310416","19310698","6","125363"
"chr1","19189536","19189842","chr1","19314898","19315208","9","125362"
"chr1","19203630","19203930","chr1","19328975","19329275","5","125345"
"chr1","19235028","19235328","chr1","19355212","19355512","5","120184"
"chr1","19237964","19238265","chr1","19358136","19358437","6","120172"
"chr1","19263359","19263666","chr1","19383164","19383466","8","119805"
"chr1","19272101","19272429","chr8","122117820","122118140","54","102845719"
"chr1","19276886","19277204","chr1","19396659","19396970","14","119773"
"chr1","19284225","19284486","chr1","19403993","19404258","10","119768"
"chr1","19284491","19284787","chr1","19404262","19404564","13","119771"
"chr1","19303703","19303879","chr3","15446670","15446843","34","3857033"
"chr1","19303880","19304164","chr1","62769807","62770088","47","43465927"
"chr1","19304165","19304299","chr5","177063067","177063199","16","157758902"
"chr1","19308314","19308642","chr3","129634783","129635095","47","110326469"
"chr1","19344095","19344408","chr1","19463898","19464215","8","119803"
"chr1","19367640","19367779","chr1","19487154","19487291","4","119514"
"chr1","19369556","19369856","chr1","19489067","19489367","5","119511"
"chr1","19383533","19383831","chr1","19503085","19503393","15","119552"
"chr1","19389774","19390046","chr1","19509675","19509973","30","119901"
"chr1","19396125","19396430","chr1","19516030","19516341","14","119905"
"chr1","19409340","19409625","chr1","19529207","19529505","21","119867"
"chr1","19413035","19413165","chr1","19532889","19533023","6","119854"
"chr1","19446117","19446373","chr1","19565813","19566069","2","119696"
"chr1","19458958","19459262","chr1","19578637","19578945","8","119679"
"chr1","19463445","19463696","chr1","19583090","19583343","4","119645"
"chr1","19464223","19464505","chr1","19583870","19584156","12","119647"
"chr1","19465015","19465283","chr7","155606204","155606469","42","136141189"
"chr1","19465617","19465917","chr1","19585230","19585534","12","119613"
"chr1","19495204","19495494","chr1","19611690","19611987","13","116486"
"chr1","19519102","19519219","chr1","19635674","19635794","7","116572"
"chr1","19523212","19523501","chr1","19639777","19640066","3","116565"
"chr1","19525417","19525727","chr1","19641969","19642279","7","116552"
"chr1","19532786","19533069","chr1","19649375","19649657","3","116589"
"chr1","19536079","19536367","chr1","19652706","19652994","4","116627"
"chr1","19556645","19556940","chr15","51949418","51949716","31","32392773"
"chr1","19566303","19566585","chr1","19683797","19684060","23","117494"
"chr1","19640709","19640981","chr1","19755122","19755413","25","114413"
"chr1","19644394","19644707","chr1","19758813","19759129","9","114419"
"chr1","19653381","19653688","chr1","19767811","19768113","9","114430"
"chr1","19662895","19663199","chr1","19775902","19776207","2","113007"
"chr1","19663738","19664033","chr1","19776749","19777054","20","113011"
"chr1","19671296","19671599","chr1","19784252","19784555","6","112956"
"chr1","19679710","19680008","chr1","19792766","19793069","15","113056"
"chr1","19689636","19689897","chr8","38361034","38361293","52","18671398"
"chr1","19692256","19692556","chr1","19805287","19805587","5","113031"
"chr1","19705798","19706102","chr1","183299090","183299400","45","163593292"
"chr1","19708226","19708530","chr1","183299090","183299400","45","163590864"
"chr1","19715337","19715570","chr7","75074130","75074360","29","55358793"
"chr1","19717272","19717574","chr1","19825674","19825976","9","108402"
"chr1","19721323","19721640","chr1","19829740","19830052","13","108417"
"chr1","19733767","19734063","chr1","19843627","19843925","8","109860"
"chr1","19746223","19746518","chr17","45299808","45300100","46","25553585"
"chr1","19753061","19753350","chr1","19862799","19863088","2","109738"
"chr1","19765892","19766197","chr1","19875453","19875760","9","109561"
"chr1","19791299","19791597","chr12","122419654","122419946","38","102628355"
"chr1","19815429","19815729","chr9","92052535","92052831","37","72237106"
"chr1","19825382","19825687","chr1","19934735","19935036","11","109353"
"chr1","19828091","19828391","chr1","150373012","150373312","45","130544921"
"chr1","19838126","19838424","chr1","19947399","19947694","7","109273"
"chr1","19838425","19838712","chr1","19947696","19947983","5","109271"
"chr1","19881839","19882162","chr1","19991077","19991375","28","109238"
"chr1","19908630","19908915","chr1","20017173","20017458","6","108543"
"chr1","19914995","19915240","chr10","119671070","119671321","50","99756075"
"chr1","19950227","19950430","chr1","20058892","20059090","12","108665"
"chr1","19963146","19963441","chr1","20071827","20072122","12","108681"
"chr1","19964922","19965203","chr1","20073601","20073881","6","108679"
"chr1","19971631","19971911","chr1","20080324","20080602","5","108693"
"chr1","19998338","19998570","chr1","20106990","20107222","3","108652"
"chr1","20035993","20036305","chr1","20144796","20145108","5","108803"
"chr1","20125475","20125785","chr1","20227426","20227709","31","101951"
"chr1","20137233","20137533","chr1","20239182","20239475","10","101949"
"chr1","20161113","20161433","chr1","20262475","20262786","18","101362"
"chr1","20228046","20228317","chr17","64377362","64377619","42","44149316"
"chr1","20296145","20296370","chr1","20395947","20396184","12","99802"
"chr1","20297330","20297655","chr1","20397146","20397474","15","99816"
"chr1","20327890","20328182","chr1","20427696","20427985","7","99806"
"chr1","20340680","20340986","chr1","20440155","20440464","13","99475"
"chr1","20345358","20345654","chr1","20444834","20445127","10","99476"
"chr1","20348101","20348391","chr1","20447593","20447883","7","99492"
"chr1","20351381","20351681","chr1","20450866","20451163","11","99485"
"chr1","20402965","20403251","chr1","20502549","20502833","9","99584"
"chr1","20409943","20410242","chr1","20509506","20509805","7","99563"
"chr1","20412975","20413273","chr1","20512538","20512839","15","99563"
"chr1","20413312","20413575","chr1","20512865","20513097","34","99553"
"chr1","20419632","20419922","chr7","67242402","67242687","35","46822770"
"chr1","20420781","20420981","chr4","114322903","114323107","30","93902122"
"chr1","20439927","20440061","chr1","20537144","20537278","1","97217"
"chr1","20440376","20440550","chr1","20537593","20537763","8","97217"
"chr1","20444608","20444855","chr1","20541812","20542062","7","97204"
"chr1","20450793","20451075","chr1","20548003","20548285","3","97210"
"chr1","20479329","20479534","chr2","227277718","227277914","44","206798389"
"chr1","20479928","20480232","chr1","20577005","20577309","11","97077"
"chr1","20504254","20504561","chr1","20600474","20600783","14","96220"
"chr1","20554240","20554542","chr6","87486896","87487198","39","66932656"
"chr1","20570173","20570475","chr1","20665395","20665700","10","95222"
"chr1","20577698","20577969","chr1","20672943","20673214","6","95245"
"chr1","20578001","20578013","chr1","90467794","90467805","2","69889793"
"chr1","20581306","20581603","chr1","20676550","20676860","17","95244"
"chr1","20585946","20586230","chr1","20681207","20681491","7","95261"
"chr1","20588083","20588387","chr1","20683373","20683676","10","95290"
"chr1","20598853","20599147","chr1","20695177","20695488","28","96324"
"chr1","20603710","20604018","chr1","20700062","20700370","2","96352"
"chr1","20616370","20616652","chr1","20713010","20713292","5","96640"
"chr1","20639190","20639473","chr1","20735094","20735360","33","95904"
"chr1","20671904","20672197","chr1","20760561","20760854","7","88657"
"chr1","20721498","20721669","chr1","20809977","20810143","9","88479"
"chr1","20721978","20722111","chr1","20810454","20810587","3","88476"
"chr1","20740446","20740732","chr1","20843234","20843545","32","102788"
"chr1","20756801","20757095","chr1","20859598","20859892","5","102797"
"chr1","20758897","20759202","chr1","20861692","20861988","19","102795"
"chr1","20779490","20779786","chr1","20882340","20882649","29","102850"
"chr1","20834430","20834662","chr1","20948729","20948961","2","114299"
"chr1","20849322","20849605","chr1","20963672","20963949","9","114350"
"chr1","20857311","20857605","chr16","3287970","3288266","44","17569341"
"chr1","20858025","20858323","chr1","20972352","20972651","4","114327"
"chr1","20900148","20900427","chr1","21014636","21014934","25","114488"
"chr1","20914653","20914950","chr1","21030905","21031193","15","116252"
"chr1","20920357","20920659","chr14","55392367","55392670","45","34472010"
"chr1","20943478","20943776","chr1","21061742","21062046","11","118264"
"chr1","20945457","20945763","chr1","21063728","21064027","13","118271"
"chr1","20960460","20960757","chr1","21078703","21079000","7","118243"
"chr1","20964085","20964368","chr1","21082328","21082611","4","118243"
"chr1","20968108","20968413","chr1","21086662","21086965","6","118554"
"chr1","20979712","20980021","chr20","3318797","3319112","57","17660915"
"chr1","20991722","20992023","chr1","21107170","21107471","4","115448"
"chr1","20996238","20996539","chr1","21107170","21107471","4","110932"
"chr1","21001427","21001558","chr1","154979881","154980017","15","133978454"
"chr1","21029657","21029963","chr1","21132783","21133083","7","103126"
"chr1","21035107","21035394","chr1","21138541","21138828","5","103434"
"chr1","21059835","21059955","chr1","155106331","155106449","17","134046496"
"chr1","21061644","21061925","chr1","21162469","21162771","24","100825"
"chr1","21065590","21065904","chr1","21166444","21166758","3","100854"
"chr1","21069522","21069807","chr1","21170389","21170685","17","100867"
"chr1","21079675","21079943","chr1","21160904","21161178","12","81229"
"chr1","21081236","21081541","chr1","21162469","21162771","8","81233"
"chr1","21097276","21097570","chr19","23227273","23227580","39","2129997"
"chr1","21099760","21100044","chr1","21180272","21180565","11","80512"
"chr1","21135495","21135801","chr1","21216300","21216601","11","80805"
"chr1","21139698","21139993","chr1","21220513","21220808","12","80815"
"chr1","21144924","21145233","chr1","21225683","21225993","9","80759"
"chr1","21160923","21161234","chr1","21239889","21240198","12","78966"
"chr1","21197116","21197257","chr1","26550482","26550618","15","5353366"
"chr1","21197565","21197862","chr14","58253596","58253893","7","37056031"
"chr1","21225269","21225566","chr1","21291540","21291837","6","66271"
"chr1","21234231","21234521","chr12","50586581","50586871","37","29352350"
"chr1","21245534","21245831","chr1","21311842","21312141","9","66308"
"chr1","21249200","21249504","chr1","21315512","21315812","11","66312"
"chr1","21255328","21255603","chr1","21321636","21321911","3","66308"
"chr1","21257487","21257809","chr2","26447555","26447866","50","5190068"
"chr1","21269886","21270208","chr2","26447555","26447866","51","5177669"
"chr1","21272092","21272367","chr1","21321636","21321911","2","49544"
"chr1","21277969","21278272","chr1","21333550","21333846","11","55581"
"chr1","21284972","21285262","chr1","21340557","21340845","12","55585"
"chr1","21298680","21298985","chr1","21354324","21354629","6","55644"
"chr1","21313919","21314224","chr1","21369405","21369712","11","55486"
"chr1","21319240","21319545","chr16","74287412","74287716","34","52968172"
"chr1","21331865","21332171","chr1","21390168","21390470","6","58303"
"chr1","21338807","21339079","chr1","21397161","21397434","5","58354"
"chr1","21434205","21434475","chr1","21474194","21474466","6","39989"
"chr1","21446054","21446350","chr1","21487033","21487316","17","40979"
"chr1","21449068","21449379","chr1","21490070","21490376","8","41002"
"chr1","21465987","21466291","chr1","21500823","21501125","9","34836"
"chr1","21467775","21468089","chr1","21504805","21505099","27","37030"
"chr1","21482748","21483047","chr1","21519515","21519814","4","36767"
"chr1","21518495","21518791","chr1","21555419","21555717","8","36924"
"chr1","21519732","21520028","chr1","21556657","21556953","4","36925"
"chr1","21541908","21542221","chr1","21578651","21578964","8","36743"
"chr1","21601540","21601846","chr1","21638176","21638485","9","36636"
"chr1","21610566","21610825","chr1","21647218","21647477","4","36652"
"chr1","21643258","21643549","chr1","6056054","6056344","37","15587204"
"chr1","21648893","21649191","chr1","21685321","21685614","11","36428"
"chr1","21671537","21671819","chr1","21707882","21708165","4","36345"
"chr1","21676290","21676588","chr17","7721173","7721473","33","13955117"
"chr1","21682661","21682993","chr1","21718986","21719318","8","36325"
"chr1","21684184","21684503","chr1","21720511","21720828","8","36327"
"chr1","21695289","21695574","chr10","126865608","126865910","42","105170319"
"chr1","21695740","21695981","chr1","21732050","21732291","7","36310"
"chr1","21696824","21697119","chr1","21733134","21733429","6","36310"
"chr1","21722512","21722822","chr1","21758890","21759205","14","36378"
"chr1","21726022","21726335","chr2","96849368","96849678","43","75123346"
"chr1","21729373","21729674","chr1","21765334","21765625","17","35961"
"chr1","21733495","21733788","chr1","21769421","21769710","13","35926"
"chr1","21753313","21753568","chr1","21789126","21789382","8","35813"
"chr1","21766515","21766801","chr1","21802209","21802495","4","35694"
"chr1","21802214","21802517","chr1","21835702","21836006","13","33488"
"chr1","21810155","21810440","chr10","32420997","32421283","39","10610842"
"chr1","21846198","21846496","chr1","21879656","21879952","13","33458"
"chr1","21848205","21848515","chr1","21881662","21881972","11","33457"
"chr1","21859137","21859429","chr1","21892593","21892890","11","33456"
"chr1","21867197","21867430","chr1","21900659","21900892","4","33462"
"chr1","21879227","21879520","chr1","21912699","21912994","13","33472"
"chr1","21885336","21885638","chr1","21919144","21919442","9","33808"
"chr1","21886108","21886401","chr1","21919912","21920205","3","33804"
"chr1","21892078","21892287","chr1","21925895","21926113","14","33817"
"chr1","21896659","21896956","chr1","21930492","21930789","6","33833"
"chr1","21908249","21908542","chr1","21940800","21941098","11","32551"
"chr1","21928822","21929116","chr1","21957704","21957998","7","28882"
"chr1","21934200","21934501","chr1","21963136","21963440","14","28936"
"chr1","21935400","21935698","chr5","393627","393927","43","21541773"
"chr1","21957144","21957414","chr1","21982337","21982605","12","25193"
"chr1","21969121","21969422","chr1","21997079","21997377","12","27958"
"chr1","21975431","21975671","chr5","57032949","57033175","54","35057518"
"chr1","21995018","21995336","chr1","22020061","22020363","32","25043"
"chr1","22006989","22007072","chr1","194351121","194351209","13","172344132"
"chr1","22008913","22009224","chr1","22033340","22033643","19","24427"
"chr1","22010236","22010531","chr1","22034652","22034949","4","24416"
"chr1","22011274","22011445","chr16","81031729","81031902","41","59020455"
"chr1","22020208","22020511","chr1","22044259","22044565","6","24051"
"chr1","22039601","22039917","chr10","15910301","15910599","47","6129300"
"chr1","22039984","22040293","chr1","22061927","22062234","9","21943"
"chr1","22043798","22044055","chr1","22065794","22066039","15","21996"
"chr1","22047161","22047462","chr1","22069171","22069475","12","22010"
"chr1","22131212","22131522","chr1","22152344","22152649","10","21132"
"chr1","22152742","22153042","chr1","22170485","22170783","6","17743"
"chr1","22168537","22168836","chr1","22186542","22186841","9","18005"
"chr1","22169775","22170077","chr1","22187780","22188084","8","18005"
"chr1","22221698","22221876","chr19","44679781","44679957","24","22458083"
"chr1","22221908","22222025","chr1","35676428","35676546","14","13454520"
"chr1","22276069","22276363","chr1","22294651","22294945","5","18582"
"chr1","22292546","22292854","chr11","130373848","130374157","32","108081302"
"chr1","22293718","22294051","chr1","22312288","22312623","8","18570"
"chr1","22329171","22329462","chr1","22348917","22349216","15","19746"
"chr1","22334632","22334940","chr1","22354390","22354698","8","19758"
"chr1","22335117","22335419","chr1","22354874","22355178","6","19757"
"chr1","22348810","22349125","chr1","10963107","10963418","36","11385703"
"chr1","22395976","22396108","chr10","72346625","72346755","14","49950649"
"chr1","22396109","22396413","chr1","22416077","22416381","4","19968"
"chr1","22402745","22402951","chr17","19950021","19950225","36","2452724"
"chr1","22433883","22434203","chr1","22453938","22454252","13","20055"
"chr1","22447419","22447717","chr1","22467476","22467774","4","20057"
"chr1","22450254","22450379","chr5","79877307","79877432","15","57427053"
"chr1","22493021","22493330","chr17_KI270859v1_alt","12697","13004","37","22480324"
"chr1","22525169","22525480","chr1","22541991","22542302","6","16822"
"chr1","22532108","22532429","chr1","22549007","22549292","40","16899"
"chr1","22541172","22541475","chr1","22558074","22558372","10","16902"
"chr1","22578423","22578558","chrX","40265471","40265606","13","17687048"
"chr1","22589078","22589192","chr12","110243868","110243982","16","87654790"
"chr1","22613570","22613870","chr1","22621397","22621707","19","7827"
"chr1","22616467","22616715","chr1","22624328","22624573","11","7861"
"chr1","22620484","22620782","chr16","3287970","3288266","33","19332514"
"chr1","22645583","22645893","chr1","22651446","22651755","9","5863"
"chr1","22663377","22663663","chr1","22669095","22669406","34","5718"
"chr1","22675489","22675783","chr1","22681198","22681492","12","5709"
"chr1","22691333","22691627","chr1","22697219","22697513","5","5886"
"chr1","22710440","22710749","chr1","22716335","22716638","18","5895"
"chr1","22720531","22720836","chr1","22726409","22726721","12","5878"
"chr1","22733297","22733600","chr1","22739208","22739515","14","5911"
"chr1","22743361","22743658","chr1","22749023","22749319","5","5662"
"chr1","22759199","22759482","chr1","22764465","22764745","7","5266"
"chr1","22772788","22773020","chr11","46730065","46730297","33","23957277"
"chr1","22801571","22801877","chr1","205389038","205389348","41","182587467"
"chr1","22828458","22828761","chr1","22834643","22834954","13","6185"
"chr1","22839952","22840252","chr1","22846137","22846445","16","6185"
"chr1","22853321","22853618","chr1","22859514","22859808","12","6193"
"chr1","22892150","22892454","chr1","22897506","22897810","4","5356"
"chr1","22892462","22892776","chr6","107021059","107021370","50","84128597"
"chr1","22899002","22899320","chr4","183006807","183007120","44","160107805"
"chr1","22921998","22922299","chr1","22926979","22927280","8","4981"
"chr1","22936987","22937288","chr1","22942049","22942350","3","5062"
"chr1","22938538","22938832","chr1","22943572","22943884","21","5034"
"chr1","22985547","22985853","chr1","22990128","22990434","2","4581"
"chr1","22987112","22987247","chr10","18602534","18602669","11","4384578"
"chr1","23009110","23009415","chr1","23013169","23013472","7","4059"
"chr1","23050865","23051147","chr1","23042763","23043047","10","8102"
"chr1","23056970","23057281","chr1","23048867","23049176","10","8103"
"chr1","23078431","23078726","chr1","23070190","23070488","6","8241"
"chr1","23104723","23105017","chr1","23096691","23096987","7","8032"
"chr1","23112247","23112558","chr1","23104171","23104483","5","8076"
"chr1","23123633","23123929","chr1","23115549","23115841","6","8084"
"chr1","23126201","23126477","chr1","23118130","23118406","3","8071"
"chr1","23141884","23142168","chr1","23133481","23133764","6","8403"
"chr1","23166468","23166769","chr1","23156099","23156400","3","10369"
"chr1","23176736","23177038","chr1","23166373","23166677","10","10363"
"chr1","23183019","23183325","chr1","23172506","23172814","7","10513"
"chr1","23186586","23186888","chr1","23176063","23176364","8","10523"
"chr1","23194028","23194331","chr1","23183496","23183798","4","10532"
"chr1","23209292","23209567","chr1","23202086","23202392","39","7206"
"chr1","23215849","23216124","chr1","23202086","23202392","39","13763"
"chr1","23222728","23223024","chr1","23210081","23210377","2","12647"
"chr1","23225484","23225785","chr1","23212827","23213125","7","12657"
"chr1","23235377","23235676","chr1","23223057","23223342","23","12320"
"chr1","23238046","23238155","chr1","23225727","23225836","1","12319"
"chr1","23238708","23239042","chr1","23226383","23226723","12","12325"
"chr1","23246037","23246342","chr1","23233698","23234006","7","12339"
"chr1","23247465","23247679","chr1","23235122","23235335","2","12343"
"chr1","23249588","23249874","chr1","23237258","23237526","22","12330"
"chr1","23257906","23258208","chr1","23245885","23246191","10","12021"
"chr1","23259972","23260273","chr1","23247955","23248253","7","12017"
"chr1","23278084","23278372","chr1","23265268","23265557","2","12816"
"chr1","23282726","23283000","chr1","23269891","23270164","5","12835"
"chr1","23287396","23287634","chr12","98549222","98549461","50","75261826"
"chr1","23313874","23314185","chr1","23293289","23293600","8","20585"
"chr1","23318034","23318338","chr1","23297452","23297752","7","20582"
"chr1","23318413","23318711","chr1","23297828","23298127","8","20585"
"chr1","23318944","23319234","chr16","3287970","3288266","40","20030974"
"chr1","23321463","23321678","chr11","678003","678220","47","22643460"
"chr1","23347991","23348289","chr1","23327406","23327718","15","20585"
"chr1","23349044","23349352","chr1","23328513","23328799","25","20531"
"chr1","23385776","23386067","chr1","23365433","23365720","9","20343"
"chr1","23397106","23397425","chr1","23376650","23376965","22","20456"
"chr1","23400089","23400401","chr1","23379625","23379934","6","20464"
"chr1","23400628","23400885","chr1","23380164","23380421","5","20464"
"chr1","23407005","23407179","chr10","72346154","72346330","23","48939149"
"chr1","23407473","23407605","chrY","7258293","7258424","9","16149180"
"chr1","23420402","23420698","chr7","73661296","73661592","6","50240894"
"chr1","23431963","23432270","chr1","23410522","23410829","8","21441"
"chr1","23434580","23434871","chr1","23413137","23413427","9","21443"
"chr1","23440993","23441292","chr1","23419561","23419859","7","21432"
"chr1","23482709","23483015","chr1","23460225","23460536","13","22484"
"chr1","23496902","23497212","chr1","23474573","23474882","7","22329"
"chr1","23513480","23513782","chr1","23487327","23487633","10","26153"
"chr1","23521556","23521852","chr1","23495414","23495698","20","26142"
"chr1","23531699","23532008","chr1","23507236","23507545","8","24463"
"chr1","23534809","23535103","chr1","23510330","23510614","14","24479"
"chr1","23548283","23548551","chr1","23523792","23524072","16","24491"
"chr1","23563857","23564159","chr1","23539412","23539714","2","24445"
"chr1","23565155","23565459","chr1","23540729","23541037","10","24426"
"chr1","23574691","23574986","chr1","23550220","23550518","16","24471"
"chr1","23588985","23589249","chr1","23564549","23564816","10","24436"
"chr1","23607613","23607908","chr1","23583199","23583494","7","24414"
"chr1","23626816","23627042","chr1","23600087","23600312","3","26729"
"chr1","23636914","23637174","chr1","23610167","23610427","2","26747"
"chr1","23643494","23643803","chr1","23616785","23617092","8","26709"
"chr1","23644437","23644741","chr1","23617724","23618019","18","26713"
"chr1","23651111","23651431","chr1","23623752","23624065","12","27359"
"chr1","23658955","23659228","chr1","23631543","23631818","11","27412"
"chr1","23663262","23663571","chr1","23635866","23636168","11","27396"
"chr1","23668609","23668922","chr1","23640696","23641009","7","27913"
"chr1","23683509","23683818","chr1","23656576","23656884","4","26933"
"chr1","23686855","23687155","chr3","9821721","9822022","30","13865134"
"chr1","23692062","23692353","chr1","23665453","23665748","9","26609"
"chr1","23692367","23692653","chr1","23665762","23666055","13","26605"
"chr1","23703464","23703759","chr1","23676971","23677265","4","26493"
"chr1","23713754","23714069","chr1","52232448","52232754","33","28518694"
"chr1","23714812","23715025","chr7","137046281","137046490","34","113331469"
"chr1","23715764","23716068","chr1","23691135","23691439","6","24629"
"chr1","23748686","23748980","chr8","125724632","125724928","32","101975946"
"chr1","23758310","23758573","chr6_GL000251v2_alt","3674582","3674848","44","20083728"
"chr1","23758585","23758637","chr9","3923876","3923929","5","19834709"
"chr1","23764710","23765015","chr1","23741015","23741316","10","23695"
"chr1","23787617","23787896","chr1","23763910","23764190","7","23707"
"chr1","23789232","23789471","chr15","40666440","40666678","27","16877208"
"chr1","23792025","23792324","chr1","23768332","23768630","11","23693"
"chr1","23797367","23797659","chr1","23775897","23776185","9","21470"
"chr1","23802506","23802788","chr7","43889908","43890204","39","20087402"
"chr1","23804910","23805208","chr1","23783456","23783754","5","21454"
"chr1","23827465","23827770","chr1","23805948","23806252","9","21517"
"chr1","23842702","23842997","chr1","23821075","23821373","8","21627"
"chr1","23848281","23848595","chr1","23827302","23827614","14","20979"
"chr1","23865158","23865381","chr1","23842877","23843100","5","22281"
"chr1","23882331","23882622","chr1","23862174","23862465","2","20157"
"chr1","23890245","23890543","chr1","23870082","23870402","24","20163"
"chr1","23904176","23904476","chr4","170070910","170071211","35","146166734"
"chr1","23914405","23914676","chr1","23894521","23894794","7","19884"
"chr1","23922687","23922995","chr1","23899534","23899841","10","23153"
"chr1","23926782","23927089","chr1","23907481","23907791","6","19301"
"chr1","23933403","23933710","chr1","23914086","23914394","9","19317"
"chr1","23940413","23940564","chr7","129805788","129805942","28","105865375"
"chr1","23940619","23940746","chr1","228815803","228815931","15","204875184"
"chr1","23970557","23970865","chr1","23949525","23949832","8","21032"
"chr1","23970903","23971184","chr1","23949835","23950144","31","21068"
"chr1","23974800","23974935","chr1","11268459","11268594","11","12706341"
"chr1","23974936","23975153","chr3","134383983","134384198","31","110409047"
"chr1","24009373","24009670","chr1","23982983","23983283","11","26390"
"chr1","24014732","24014834","chr1","23988359","23988461","0","26373"
"chr1","24026707","24027009","chr1","23997194","23997496","8","29513"
"chr1","24029152","24029451","chr1","23999610","23999901","9","29542"
"chr1","24041086","24041317","chr12","93038404","93038640","31","68997318"
"chr1","24042068","24042381","chr1","24012330","24012638","12","29738"
"chr1","24043158","24043459","chr1","24013413","24013715","5","29745"
"chr1","24047630","24047935","chr1","24017882","24018191","11","29748"
"chr1","24049380","24049685","chr1","24019640","24019937","12","29740"
"chr1","24055145","24055304","chrX","40994318","40994482","23","16939173"
"chr1","24062961","24063256","chr1","24030241","24030538","5","32720"
"chr1","24069097","24069389","chr1","24038021","24038313","9","31076"
"chr1","24070563","24070874","chr1","24039491","24039802","4","31072"
"chr1","24079374","24079641","chr1","24047878","24048145","3","31496"
"chr1","24081915","24082219","chr1","24050475","24050782","10","31440"
"chr1","24084583","24084881","chr1","24053147","24053441","8","31436"
"chr1","24085457","24085765","chr2","158826510","158826814","42","134741053"
"chr1","24086812","24087101","chr11","103372033","103372318","65","79285221"
"chr1","24100035","24100363","chr1","24068695","24069022","11","31340"
"chr1","24158773","24159102","chr1","24126889","24127216","35","31884"
"chr1","24172756","24173061","chr1","24137505","24137816","18","35251"
"chr1","24181571","24181757","chr1","24146330","24146516","3","35241"
"chr1","24181807","24181930","chr1","24146576","24146699","1","35231"
"chr1","24187326","24187654","chr16","7720865","7721202","70","16466461"
"chr1","24202487","24202780","chr1","24167391","24167684","4","35096"
"chr1","24240495","24240777","chr1","24204660","24204942","5","35835"
"chr1","24269333","24269631","chr1","24242450","24242750","7","26883"
"chr1","24272076","24272394","chr1","24245193","24245507","11","26883"
"chr1","24272681","24272975","chr4","70767686","70767978","31","46495005"
"chr1","24306664","24306974","chr1","24279166","24279479","21","27498"
"chr1","24315307","24315626","chr1","24287780","24288097","21","27527"
"chr1","24343502","24343801","chr1","24315975","24316240","40","27527"
"chr1","24387919","24388223","chr1","24360163","24360467","7","27756"
"chr1","24396455","24396764","chr1","24368699","24369004","7","27756"
"chr1","24408296","24408581","chr1","24371896","24372181","3","36400"
"chr1","24441543","24441795","chr1","24405004","24405256","3","36539"
"chr1","24464510","24464803","chr12","50536570","50536857","57","26072060"
"chr1","24480098","24480190","chr1","24443009","24443101","0","37089"
"chr1","24493597","24493792","chr1","24456469","24456669","8","37128"
"chr1","24493873","24494183","chr1","24456749","24457061","11","37124"
"chr1","24499615","24499918","chr1","236025258","236025561","31","211525643"
"chr1","24513543","24513837","chr1","24487767","24488061","2","25776"
"chr1","24518260","24518417","chr18","7129150","7129307","41","17389110"
"chr1","24518448","24518576","chr1","51226830","51226959","19","26708382"
"chr1","24518862","24519153","chr1","24493077","24493369","3","25785"
"chr1","24538611","24538878","chr1","24512102","24512362","10","26509"
"chr1","24543589","24543909","chr1","24517124","24517416","36","26465"
"chr1","24547738","24548042","chr2","158826510","158826814","33","134278772"
"chr1","24558925","24559227","chr1","24533518","24533820","9","25407"
"chr1","24569097","24569400","chr1","24543700","24544003","8","25397"
"chr1","24574677","24574959","chr1","24549301","24549602","22","25376"
"chr1","24580338","24580648","chr1","24554954","24555264","8","25384"
"chr1","24596920","24597214","chr1","24571591","24571883","13","25329"
"chr1","24599446","24599736","chr1","24574129","24574418","5","25317"
"chr1","24603305","24603607","chr6","111502674","111502974","65","86899369"
"chr1","24616621","24616912","chr1","24591276","24591567","3","25345"
"chr1","24621380","24621647","chr1","24596000","24596283","19","25380"
"chr1","24629914","24630045","chr1","24604700","24604831","1","25214"
"chr1","24636087","24636371","chr16","89493134","89493421","33","64857047"
"chr1","24637867","24638153","chr1","24612568","24612864","20","25299"
"chr1","24638633","24638932","chr1","24613344","24613652","15","25289"
"chr1","24646917","24647219","chr1","24621668","24621966","9","25249"
"chr1","24651298","24651600","chr1","24628674","24628976","3","22624"
"chr1","24651865","24652189","chr16","58685428","58685739","42","34033563"
"chr1","24656831","24657088","chr12","93568458","93568715","35","68911627"
"chr1","24661071","24661381","chr1","24637512","24637819","9","23559"
"chr1","24664613","24664904","chr1","24641045","24641336","7","23568"
"chr1","24700536","24700709","chr3","121614293","121614463","35","96913757"
"chr1","24701293","24701428","chr11","47221745","47221880","16","22520452"
"chr1","24706864","24707176","chr1","24682103","24682415","3","24761"
"chr1","24724201","24724494","chr1","24699234","24699527","3","24967"
"chr1","24739079","24739218","chr1","24712599","24712738","3","26480"
"chr1","24745088","24745386","chr1","24718677","24718975","4","26411"
"chr1","24753685","24754000","chr3","61590240","61590534","82","36836555"
"chr1","24760000","24760310","chr6","160000729","160001036","36","135240729"
"chr1","24761352","24761658","chr8","94592878","94593188","35","69831526"
"chr1","24765461","24765766","chr1","24739150","24739463","15","26311"
"chr1","24774784","24775074","chr1","24748493","24748798","18","26291"
"chr1","24775216","24775519","chr1","24748940","24749245","7","26276"
"chr1","24813215","24813352","chr1","24788152","24788289","2","25063"
"chr1","24822354","24822637","chr17","22220343","22220626","45","2602011"
"chr1","24829376","24829684","chr1","24804819","24805113","20","24557"
"chr1","24845553","24845862","chr1","35818342","35818652","42","10972789"
"chr1","24846988","24847292","chr1","24822342","24822636","19","24646"
"chr1","24860827","24860941","chr1","24837732","24837846","2","23095"
"chr1","24878059","24878374","chrX","7551142","7551452","49","17326917"
"chr1","24889055","24889279","chr7","16027119","16027344","36","8861936"
"chr1","24897071","24897372","chrX","21832088","21832393","39","3064983"
"chr1","24898963","24899274","chr1","24875693","24875996","16","23270"
"chr1","24974218","24974520","chr1","24915142","24915444","6","59076"
"chr1","25036353","25036649","chr1","24977226","24977522","10","59127"
"chr1","25066066","25066131","chr8","127292913","127292978","5","102226847"
"chr1","25081127","25081428","chr3","50244026","50244327","38","25162899"
"chr1","25082430","25082730","chr1","25016182","25016492","14","66248"
"chr1","25160030","25160224","chr14","72846131","72846328","49","47686101"
"chr1","25160251","25160264","chr6_GL000252v2_alt","3536802","3536816","1","21623449"
"chr1","25163656","25163972","chr7","25096729","25097037","51","66927"
"chr1","25172063","25172374","chr1","25105574","25105881","20","66489"
"chr1","25184485","25184787","chr1","25117961","25118260","9","66524"
"chr1","25202995","25203289","chr7","104896804","104897099","29","79693809"
"chr1","25231252","25231400","chr11","71984595","71984745","32","46753343"
"chr1","25231439","25231490","chr11","47990978","47991019","36","22759539"
"chr1","25231528","25231646","chr1","32978339","32978455","15","7746811"
"chr1","25245983","25246291","chr1","25177974","25178285","9","68009"
"chr1","25254886","25255185","chr1","25186798","25187107","18","68088"
"chr1","25257177","25257458","chr1","25189064","25189345","12","68113"
"chr1","25275499","25275804","chr1","25207379","25207686","4","68120"
"chr1","25283522","25283816","chr1","25215620","25215910","7","67902"
"chr1","25293208","25293496","chr1","25225246","25225538","8","67962"
"chr1","25296308","25296600","chr1","25228343","25228635","7","67965"
"chr1","25329426","25329725","chr14","67226359","67226659","36","41896933"
"chr1","25332040","25332347","chr1","25261706","25262011","4","70334"
"chr1","25349002","25349294","chr1","25412743","25413032","12","63741"
"chr1","25390771","25391065","chr1","25316338","25316634","11","74433"
"chr1","25392733","25393032","chr1","25318306","25318604","4","74427"
"chr1","25394399","25394695","chr1","25316338","25316634","8","78061"
"chr1","25402833","25403131","chr11","75509681","75509978","43","50106848"
"chr1","25404307","25404584","chr1","25364939","25365216","8","39368"
"chr1","25405522","25405827","chr1","25327176","25327476","13","78346"
"chr1","25421996","25422277","chr1","25345779","25346087","32","76217"
"chr1","25422931","25423236","chr1","25346737","25347041","6","76194"
"chr1","25440213","25440518","chr1","25327176","25327476","10","113037"
"chr1","25441187","25441464","chr1","25364939","25365216","3","76248"
"chr1","25442633","25442931","chr19_GL383574v1_alt","98945","99241","37","25343688"
"chr1","25450046","25450345","chr1","25318306","25318604","11","131740"
"chr1","25452021","25452317","chr1","25316338","25316634","8","135683"
"chr1","25486463","25486765","chr1","25280309","25280605","16","206154"
"chr1","25515830","25516158","chr1","25443970","25444282","17","71860"
"chr1","25523475","25523720","chr9","35414047","35414294","36","9890572"
"chr1","25523761","25523819","chr5","163977615","163977671","9","138453854"
"chr1","25526342","25526644","chr1","25454489","25454781","14","71853"
"chr1","25531357","25531645","chr2","202176204","202176496","42","176644847"
"chr1","25538840","25539140","chr1","25466977","25467277","5","71863"
"chr1","25540696","25541004","chr1","25468835","25469141","4","71861"
"chr1","25560339","25560629","chr1","25488493","25488784","6","71846"
"chr1","25560652","25560969","chr1","25488806","25489120","7","71846"
"chr1","25592386","25592700","chr1","25519893","25520196","15","72493"
"chr1","25598845","25599155","chr1","25526353","25526638","29","72492"
"chr1","25606861","25607052","chr1","25533381","25533572","6","73480"
"chr1","25627020","25627233","chr1","25553570","25553789","14","73450"
"chr1","25649328","25649631","chr1","25575947","25576241","13","73381"
"chr1","25667641","25667931","chr1","25594268","25594558","8","73373"
"chr1","25669289","25669595","chr1","25595898","25596204","6","73391"
"chr1","25674132","25674483","chr1","25600770","25601093","39","73362"
"chr1","25676205","25676512","chr1","25602792","25603099","5","73413"
"chr1","25679529","25679816","chr1","25607752","25608046","9","71777"
"chr1","25703619","25703873","chr1","25631816","25632077","11","71803"
"chr1","25708659","25708960","chr1","25636873","25637177","9","71786"
"chr1","25721415","25721709","chr1","25649643","25649937","7","71772"
"chr1","25727918","25728219","chr1","25656096","25656397","7","71822"
"chr1","25730301","25730594","chr16","57982748","57983038","49","32252447"
"chr1","25746409","25746699","chr3","45586557","45586850","46","19840148"
"chr1","25758274","25758582","chr1","25682756","25683053","17","75518"
"chr1","25766068","25766379","chr1","25691036","25691342","10","75032"
"chr1","25776814","25777113","chr1","25701783","25702087","10","75031"
"chr1","25811318","25811636","chr12","109320328","109320647","64","83509010"
"chr1","25830562","25830840","chr1","226744281","226744567","42","200913719"
"chr1","25849219","25849507","chr1","25762986","25763274","10","86233"
"chr1","25850632","25850941","chr1","25764408","25764716","5","86224"
"chr1","25920293","25920576","chr19","8325297","8325569","54","17594996"
"chr1","25954329","25954636","chr1","25856083","25856393","7","98246"
"chr1","25976236","25976516","chr1","25877664","25877942","9","98572"
"chr1","26010526","26010808","chr1","25911824","25912106","5","98702"
"chr1","26018274","26018573","chr1","25918358","25918656","14","99916"
"chr1","26019218","26019497","chr2","29001503","29001794","50","2982285"
"chr1","26036452","26036752","chr1","25936332","25936633","10","100120"
"chr1","26037467","26037765","chr1","25937347","25937645","3","100120"
"chr1","26050062","26050377","chr1","25951390","25951704","7","98672"
"chr1","26052233","26052494","chr1","25953559","25953820","7","98674"
"chr1","26068878","26069195","chr1","25970185","25970502","6","98693"
"chr1","26105967","26106232","chr1","26007364","26007629","4","98603"
"chr1","26121382","26121683","chr1","26026298","26026592","12","95084"
"chr1","26132349","26132625","chr1","26037257","26037533","3","95092"
"chr1","26151904","26152205","chr1","26056758","26057062","11","95146"
"chr1","26160204","26160486","chr1","26065044","26065323","10","95160"
"chr1","26163713","26163927","chr17","9091979","9092188","27","17071734"
"chr1","26190413","26190715","chr1","26089462","26089764","7","100951"
"chr1","26192216","26192519","chr1","26091271","26091577","8","100945"
"chr1","26199192","26199493","chr1","26098281","26098582","3","100911"
"chr1","26200499","26200800","chr1","26099595","26099896","8","100904"
"chr1","26201356","26201662","chr5","29936207","29936514","40","3734851"
"chr1","26206657","26206969","chr1","26105812","26106129","10","100845"
"chr1","26209964","26210259","chr1","26109125","26109422","8","100839"
"chr1","26235529","26235846","chr1","26134691","26134998","16","100838"
"chr1","26243021","26243290","chr1","26142196","26142466","7","100825"
"chr1","26244950","26245244","chr1","26144145","26144436","5","100805"
"chr1","26253650","26253942","chr1","26152842","26153137","7","100808"
"chr1","26277107","26277418","chrX","18462742","18463053","38","7814365"
"chr1","26281479","26281782","chr1","26180999","26181306","8","100480"
"chr1","26293335","26293533","chr1","26192857","26193055","5","100478"
"chr1","26295288","26295575","chr1","26194806","26195092","4","100482"
"chr1","26308869","26309164","chr1","26208301","26208596","4","100568"
"chr1","26318975","26319267","chr1","26218251","26218542","3","100724"
"chr1","26417030","26417307","chr2","233052550","233052820","71","206635520"
"chr1","26426471","26426766","chr1","26316947","26317257","25","109524"
"chr1","26437210","26437518","chr1","26327665","26327976","13","109545"
"chr1","26458718","26459011","chr1","26348565","26348855","9","110153"
"chr1","26486085","26486392","chr1","26373107","26373414","4","112978"
"chr1","26488839","26489140","chr1","26375861","26376168","14","112978"
"chr1","26525378","26525667","chr1","26408260","26408548","11","117118"
"chr1","26533077","26533391","chr1","26415984","26416291","19","117093"
"chr1","26537074","26537371","chr1","26419966","26420264","4","117108"
"chr1","26554169","26554470","chr1","26437476","26437775","10","116693"
"chr1","26568156","26568324","chr1","26451453","26451621","5","116703"
"chr1","26568607","26568748","chr1","26451905","26452046","0","116702"
"chr1","26598757","26599052","chr1","26478597","26478896","9","120160"
"chr1","26611339","26611611","chr1","26491300","26491572","6","120039"
"chr1","26630894","26631182","chr1","26511021","26511313","8","119873"
"chr1","26640955","26641255","chr1","26521405","26521704","13","119550"
"chr1","26667155","26667321","chr1","26547888","26548054","5","119267"
"chr1","26668557","26668848","chr1","26549289","26549579","6","119268"
"chr1","26668957","26669148","chr1","26549691","26549868","18","119266"
"chr1","26669746","26669882","chr1","26550482","26550618","1","119264"
"chr1","26679027","26679371","chr1","26559365","26559665","46","119662"
"chr1","26685178","26685450","chr1","26568914","26569188","9","116264"
"chr1","26692180","26692467","chr1","26575905","26576192","4","116275"
"chr1","26705245","26705461","chr1","241645664","241645878","26","214940419"
"chr1","26721083","26721394","chr1","26606299","26606610","4","114784"
"chr1","26722693","26722981","chr1","26607898","26608205","22","114795"
"chr1","26726547","26726829","chr1","26612240","26612548","29","114307"
"chr1","26742772","26743079","chr1","26628458","26628765","6","114314"
"chr1","26759002","26759274","chr9","97976626","97976897","44","71217624"
"chr1","26769173","26769483","chr3","45866866","45867171","40","19097693"
"chr1","26770438","26770727","chr1","26653274","26653562","16","117164"
"chr1","26774026","26774335","chr1","26656799","26657112","8","117227"
"chr1","26774477","26774608","chr1","26657254","26657389","6","117223"
"chr1","26774609","26774891","chr1","26657390","26657677","9","117219"
"chr1","26774892","26775053","chr1","26657678","26657839","2","117214"
"chr1","26776762","26777056","chr1","26659545","26659839","4","117217"
"chr1","26777057","26777353","chr1","44351037","44351332","52","17573980"
"chr1","26778080","26778352","chr1","26660868","26661140","2","117212"
"chr1","26781164","26781471","chr1","26663949","26664261","12","117215"
"chr1","26789774","26789899","chr1","26672588","26672713","4","117186"
"chr1","26798627","26798934","chr1","26681439","26681748","45","117188"
"chr1","26800274","26800579","chr12","123819701","123819999","40","97019427"
"chr1","26827560","26827869","chr1","26711115","26711421","11","116445"
"chr1","26842312","26842632","chr1","26725853","26726155","23","116459"
"chr1","26853629","26853932","chr1","26737113","26737417","6","116516"
"chr1","26855104","26855380","chr1","26738581","26738857","4","116523"
"chr1","26872630","26872898","chr7","1258509","1258769","60","25614121"
"chr1","26875702","26876016","chr12","56426554","56426859","55","29550852"
"chr1","26894337","26894632","chr1","26777786","26778087","10","116551"
"chr1","26954241","26954541","chr1","26843507","26843799","16","110734"
"chr1","26954769","26955070","chr1","26844037","26844338","11","110732"
"chr1","26970770","26971088","chr1","26860000","26860317","4","110770"
"chr1","26984526","26984833","chr1","26871976","26872283","5","112550"
"chr1","26996937","26997220","chr10","21023412","21023696","32","5973525"
"chr1","27005053","27005226","chr1","26891539","26891713","2","113514"
"chr1","27005521","27005655","chr1","26892006","26892140","1","113515"
"chr1","27009156","27009439","chrX","53672265","53672557","30","26663109"
"chr1","27012187","27012506","chr2","170903164","170903482","56","143890977"
"chr1","27016298","27016599","chr1","26902767","26903064","10","113531"
"chr1","27017683","27017940","chr1","26904161","26904421","7","113522"
"chr1","27033387","27033682","chr12","31376513","31376818","45","4343126"
"chr1","27038044","27038367","chr1","26924857","26925180","3","113187"
"chr1","27060023","27060168","chr1","26947479","26947624","5","112544"
"chr1","27060463","27060591","chr1","26947923","26948082","33","112540"
"chr1","27066154","27066457","chr6","44155993","44156292","44","17089839"
"chr1","27070377","27070658","chr1","26957811","26958115","28","112566"
"chr1","27076900","27077031","chr1","26964392","26964523","1","112508"
"chr1","27087184","27087297","chr2","28669310","28669418","14","1582126"
"chr1","27092991","27093282","chr1","26979785","26980078","4","113206"
"chr1","27116546","27116845","chr1","27003328","27003628","4","113218"
"chr1","27130704","27130986","chr1","229277867","229278164","43","202147163"
"chr1","27131013","27131139","chr1","27017169","27017284","13","113844"
"chr1","27133264","27133564","chr1","27019407","27019712","9","113857"
"chr1","27134500","27134811","chr1","27020631","27020931","19","113869"
"chr1","27139041","27139341","chr1","27025149","27025445","12","113892"
"chr1","27146371","27146532","chr1","27032444","27032604","5","113927"
"chr1","27146840","27146974","chr1","27032915","27033049","5","113925"
"chr1","27148749","27149045","chr1","27034837","27035145","21","113912"
"chr1","27169186","27169329","chr12","104040985","104041131","24","76871799"
"chr1","27169586","27169715","chr1","150775695","150775822","44","123606109"
"chr1","27170125","27170441","chr1","27055887","27056203","12","114238"
"chr1","27176209","27176523","chr1","27061997","27062311","8","114212"
"chr1","27181381","27181546","chr1","27069193","27069357","17","112188"
"chr1","27181856","27181990","chr1","27069667","27069801","2","112189"
"chr1","27187889","27188187","chr1","27075958","27076260","13","111931"
"chr1","27199979","27200260","chr1","27087128","27087406","8","112851"
"chr1","27206695","27206993","chr20","31978854","31979149","37","4772159"
"chr1","27207358","27207665","chr1","27094444","27094752","7","112914"
"chr1","27209798","27210064","chr1","27096860","27097126","4","112938"
"chr1","27249055","27249216","chr1","27131311","27131467","5","117744"
"chr1","27249509","27249688","chr1","27131764","27131947","7","117745"
"chr1","27250796","27251096","chr1","27133057","27133369","20","117739"
"chr1","27258512","27258806","chr1","27139795","27140092","9","118717"
"chr1","27259639","27259935","chr1","27140928","27141222","5","118711"
"chr1","27276541","27276852","chr18","45857100","45857410","42","18580559"
"chr1","27295332","27295582","chr1","27175496","27175755","9","119836"
"chr1","27295606","27295907","chr1","27175756","27176055","8","119850"
"chr1","27312367","27312521","chr14","58190678","58190833","18","30878311"
"chr1","27313096","27313230","chr1","27188742","27188876","3","124354"
"chr1","27318394","27318676","chr1","27194002","27194318","36","124392"
"chr1","27323107","27323412","chr1","27198764","27199071","2","124343"
"chr1","27342591","27342898","chr1","27214808","27215122","16","127783"
"chr1","27346796","27347046","chr1","27201986","27202201","48","144810"
"chr1","27349709","27349983","chr1","178861897","178862171","45","151512188"
"chr1","27351986","27352285","chr1","27224667","27224964","6","127319"
"chr1","27368688","27368963","chr1","27241891","27242191","28","126797"
"chr1","27390676","27390966","chr1","27264020","27264310","1","126656"
"chr1","27404648","27404938","chr1","27277853","27278142","5","126795"
"chr1","27438863","27439165","chr1","27313867","27314169","6","124996"
"chr1","27442240","27442379","chr1","27317223","27317362","5","125017"
"chr1","27442680","27442846","chr1","27317663","27317829","1","125017"
"chr1","27454868","27455159","chr1","27329820","27330111","6","125048"
"chr1","27496725","27497029","chr1","27371304","27371599","12","125421"
"chr1","27508537","27508598","chr1","27385786","27385847","3","122751"
"chr1","27508892","27508977","chr1","27386141","27386226","0","122751"
"chr1","27526057","27526359","chr1","27402007","27402310","6","124050"
"chr1","27547255","27547538","chr6","105874440","105874739","46","78327185"
"chr1","27550571","27550875","chr1","27426514","27426809","14","124057"
"chr1","27564959","27565255","chr2","127039128","127039421","44","99474169"
"chr1","27565434","27565741","chr3","39921599","39921903","33","12356165"
"chr1","27572369","27572656","chr1","27448569","27448860","9","123800"
"chr1","27573112","27573407","chr1","27449316","27449612","5","123796"
"chr1","27577109","27577403","chr10","97016027","97016320","31","69438918"
"chr1","27580769","27580903","chr1","27457043","27457177","4","123726"
"chr1","27582239","27582540","chr1","27458516","27458815","5","123723"
"chr1","27586797","27587094","chr1","27462822","27463119","13","123975"
"chr1","27599313","27599635","chr8","8460425","8460738","60","19138888"
"chr1","27601329","27601598","chr1","27477970","27478240","5","123359"
"chr1","27603001","27603282","chr1","27480235","27480545","32","122766"
"chr1","27605858","27605977","chr1","27483068","27483187","1","122790"
"chr1","27606277","27606443","chr1","27483487","27483657","4","122790"
"chr1","27615693","27615809","chr5","56556844","56556957","22","28941151"
"chr1","27616058","27616240","chr17","41742517","41742712","37","14126459"
"chr1","27619821","27620119","chr1","27495337","27495632","10","124484"
"chr1","27633222","27633321","chr1","27507053","27507152","4","126169"
"chr1","27642124","27642429","chr1","27514834","27515116","25","127290"
"chr1","27664772","27665082","chr1","27538120","27538432","7","126652"
"chr1","27667953","27668255","chr1","27541309","27541618","9","126644"
"chr1","27734926","27735222","chr1","27607956","27608250","9","126970"
"chr1","27746981","27747271","chr1","27620035","27620325","5","126946"
"chr1","27764737","27765028","chr1","27637606","27637897","9","127131"
"chr1","27768729","27769031","chr14","78007754","78008061","49","50239025"
"chr1","27778280","27778577","chr1","27651495","27651821","36","126785"
"chr1","27790793","27791097","chr1","27664090","27664398","10","126703"
"chr1","27802971","27803263","chr1","27676896","27677190","5","126075"
"chr1","27833890","27833909","chr1","27707118","27707135","2","126772"
"chr1","27833945","27834288","chr1","27707176","27707519","5","126769"
"chr1","27846321","27846456","chr1","27715167","27715302","1","131154"
"chr1","27846768","27846942","chr1","27715614","27715785","6","131154"
"chr1","27853111","27853423","chr1","27722229","27722538","7","130882"
"chr1","27854157","27854455","chr1","27723271","27723568","6","130886"
"chr1","27863906","27864166","chr5","142018922","142019188","32","114155016"
"chr1","27867642","27867982","chr1","27736589","27736926","6","131053"
"chr1","27868626","27868937","chr1","27737570","27737891","13","131056"
"chr1","27878680","27878988","chr1","27747635","27747943","2","131045"
"chr1","27892518","27892818","chr1","27761680","27761980","4","130838"
"chr1","27899068","27899303","chr1","27768271","27768506","3","130797"
"chr1","27900008","27900321","chr1","27769222","27769532","13","130786"
"chr1","27901720","27901952","chr13","29691798","29692027","39","1790078"
"chr1","27911444","27911743","chr5","173394233","173394526","48","145482789"
"chr1","27927782","27928115","chr4","38880903","38881215","72","10953121"
"chr1","27947616","27947919","chr1","27813178","27813474","12","134438"
"chr1","27950322","27950336","chr3","46915131","46915141","4","18964809"
"chr1","27950629","27950804","chr1","27816326","27816502","3","134303"
"chr1","27955684","27956000","chr1","27821735","27822049","8","133949"
"chr1","27958629","27958968","chr3","30933089","30933423","51","2974460"
"chr1","27964147","27964455","chr1","27830195","27830507","8","133952"
"chr1","27977305","27977574","chr1","27843377","27843661","27","133928"
"chr1","27994975","27995272","chr1","27860410","27860707","6","134565"
"chr1","27995907","27996038","chr1","27861343","27861477","5","134564"
"chr1","28035324","28035456","chr1","27899091","27899223","3","136233"
"chr1","28036339","28036637","chr1","27900113","27900411","5","136226"
"chr1","28036903","28037160","chr1","27900675","27900932","3","136228"
"chr1","28042222","28042324","chr2","134725171","134725272","15","106682949"
"chr1","28045838","28046131","chr1","27909436","27909728","7","136402"
"chr1","28055930","28056232","chr1","27919531","27919834","6","136399"
"chr1","28074304","28074495","chr17","27410179","27410360","40","664125"
"chr1","28074794","28074929","chr9","127932866","127933001","11","99858072"
"chr1","28082826","28083134","chr6","107021059","107021370","43","78938233"
"chr1","28094513","28094820","chr2","30783899","30784198","54","2689386"
"chr1","28118592","28118886","chr1","27986400","27986695","5","132192"
"chr1","28128274","28128569","chr1","27995869","27996172","13","132405"
"chr1","28131180","28131475","chr1","27998769","27999068","7","132411"
"chr1","28133189","28133475","chr2","9708502","9708786","47","18424687"
"chr1","28146320","28146620","chr1","28013782","28014082","7","132538"
"chr1","28148775","28149086","chr1","28016246","28016557","5","132529"
"chr1","28156474","28156787","chr1","28023957","28024268","7","132517"
"chr1","28166409","28166563","chr1","28033913","28034067","1","132496"
"chr1","28186683","28186984","chr1","28055463","28055770","7","131220"
"chr1","28194018","28194212","chr6","139205214","139205406","43","111011196"
"chr1","28206186","28206533","chr1","28073300","28073599","68","132886"
"chr1","28209356","28209609","chr1","28076429","28076686","8","132927"
"chr1","28232081","28232146","chr4","86461433","86461498","7","58229352"
"chr1","28235409","28235713","chr1","28102626","28102924","9","132783"
"chr1","28239066","28239388","chr1","28106296","28106613","12","132770"
"chr1","28242663","28242975","chr1","28109886","28110198","9","132777"
"chr1","28246281","28246560","chr1","28113505","28113813","36","132776"
"chr1","28251628","28251846","chr1","28118811","28119029","6","132817"
"chr1","28255417","28255721","chr7","87453174","87453478","51","59197757"
"chr1","28262279","28262567","chr1","28131758","28132046","7","130521"
"chr1","28268376","28268644","chr1","28137835","28138131","32","130541"
"chr1","28271334","28271634","chr1","28140632","28140938","15","130702"
"chr1","28279183","28279455","chr1","28148477","28148751","14","130706"
"chr1","28287870","28288201","chr1","28157135","28157466","4","130735"
"chr1","28295869","28296177","chr1","28165121","28165433","10","130748"
"chr1","28299406","28299706","chr1","28168666","28168967","5","130740"
"chr1","28300446","28300747","chr1","28169718","28170018","7","130728"
"chr1","28308967","28309268","chr1","28178249","28178560","13","130718"
"chr1","28310241","28310543","chr1","28179534","28179818","22","130707"
"chr1","28310946","28311251","chr7","105507037","105507345","31","77196091"
"chr1","28312900","28313208","chr1","28182054","28182359","7","130846"
"chr1","28315947","28316257","chr1","28184629","28184939","9","131318"
"chr1","28318831","28319097","chr5","177652815","177653089","59","149333984"
"chr1","28320862","28321143","chr1","119124211","119124494","45","90803349"
"chr1","28329578","28329889","chr1","28197234","28197550","9","132344"
"chr1","28344208","28344502","chr1","28211875","28212165","11","132333"
"chr1","28346557","28346868","chr1","28214252","28214563","14","132305"
"chr1","28364491","28364785","chr3","141537487","141537781","35","113172996"
"chr1","28376391","28376465","chr1","212185190","212185265","15","183808799"
"chr1","28378041","28378343","chr2","158826510","158826814","38","130448469"
"chr1","28388093","28388390","chr1","28254157","28254454","7","133936"
"chr1","28411749","28412058","chr1","28277206","28277514","34","134543"
"chr1","28418093","28418382","chr1","28283525","28283814","6","134568"
"chr1","28418824","28419054","chr19","4605520","4605748","64","23813304"
"chr1","28422972","28423264","chr1","28288348","28288640","0","134624"
"chr1","28424968","28425275","chr1","28290345","28290647","9","134623"
"chr1","28427838","28428131","chr1","28293199","28293487","10","134639"
"chr1","28437617","28437900","chr1","28303494","28303780","7","134123"
"chr1","28450102","28450403","chr1","44475289","44475589","36","16025187"
"chr1","28454478","28454774","chr17","865703","866000","37","27588775"
"chr1","28462411","28462730","chr3","49624301","49624598","62","21161890"
"chr1","28462870","28463166","chr1","28328414","28328707","10","134456"
"chr1","28474032","28474321","chr1","28345546","28345835","7","128486"
"chr1","28477132","28477363","chr1","28348653","28348884","4","128479"
"chr1","28488727","28489038","chr1","28354957","28355268","8","133770"
"chr1","28505683","28505972","chr1","28371893","28372184","9","133790"
"chr1","28515590","28515892","chr1","28396251","28396552","5","119339"
"chr1","28517855","28518152","chr1","28398537","28398834","4","119318"
"chr1","28520524","28520834","chr1","28400092","28400399","10","120432"
"chr1","28524488","28524637","chr1","28404078","28404249","23","120410"
"chr1","28546245","28546556","chr1","28427244","28427549","10","119001"
"chr1","28570144","28570459","chr1","28450808","28451119","17","119336"
"chr1","28571861","28572161","chr1","28452523","28452825","3","119338"
"chr1","28581360","28581652","chr9","86591803","86592091","33","58010443"
"chr1","28581783","28582008","chr1","28462439","28462662","4","119344"
"chr1","28589096","28589394","chr1","28469774","28470071","11","119322"
"chr1","28597038","28597322","chr1","52231236","52231526","46","23634198"
"chr1","28605859","28606143","chr1","28486585","28486869","7","119274"
"chr1","28611757","28612074","chr1","28492155","28492470","7","119602"
"chr1","28612084","28612382","chr1","28492481","28492785","12","119603"
"chr1","28614545","28614837","chr1","28494376","28494667","6","120169"
"chr1","28631651","28631946","chr1","28511668","28511963","5","119983"
"chr1","28635520","28635830","chr1","28515435","28515745","5","120085"
"chr1","28648109","28648244","chr1","28528038","28528173","2","120071"
"chr1","28648554","28648716","chr1","28528478","28528640","3","120076"
"chr1","28648912","28649265","chr1","28528835","28529180","23","120077"
"chr1","28663776","28664091","chr1","28541484","28541795","15","122292"
"chr1","28664321","28664598","chr1","28542025","28542304","9","122296"
"chr1","28667721","28668011","chr1","28545719","28546009","7","122002"
"chr1","28678151","28678452","chr1","28556180","28556481","7","121971"
"chr1","28682127","28682429","chr1","28560280","28560575","15","121847"
"chr1","28685841","28686131","chr1","28563983","28564273","4","121858"
"chr1","28694258","28694399","chr1","28570029","28570171","5","124229"
"chr1","28703358","28703651","chr1","28579106","28579395","7","124252"
"chr1","28714838","28715124","chr1","28590716","28591011","16","124122"
"chr1","28719744","28720047","chr1","28595626","28595929","6","124118"
"chr1","28726436","28726703","chr1","28601274","28601530","18","125162"
"chr1","28729069","28729379","chr1","28603896","28604204","6","125173"
"chr1","28739459","28739576","chr5","134605523","134605640","11","105866064"
"chr1","28741299","28741597","chr1","28616115","28616425","24","125184"
"chr1","28749662","28749945","chr15","50793568","50793849","29","22043906"
"chr1","28758752","28758886","chr1","28633495","28633630","4","125257"
"chr1","28759197","28759374","chr1","28633934","28634108","4","125263"
"chr1","28767303","28767604","chr12","132990859","132991158","43","104223556"
"chr1","28771824","28772116","chr1","28645689","28645990","12","126135"
"chr1","28777682","28777782","chr1","28651335","28651435","3","126347"
"chr1","28779270","28779574","chr1","28652923","28653230","5","126347"
"chr1","28786196","28786472","chr1","28662118","28662393","8","124078"
"chr1","28804780","28805079","chr1","28682341","28682640","7","122439"
"chr1","28813423","28813731","chr1","28691011","28691319","4","122412"
"chr1","28817349","28817630","chr1","28694962","28695261","29","122387"
"chr1","28828212","28828510","chr1","28705107","28705404","7","123105"
"chr1","28831858","28831958","chr1","28708749","28708849","0","123109"
"chr1","28832267","28832437","chr1","28709158","28709328","6","123109"
"chr1","28844836","28845146","chr1","28721811","28722121","6","123025"
"chr1","28848414","28848727","chr2","231354377","231354681","70","202505963"
"chr1","28850941","28851251","chr1","28727749","28728047","17","123192"
"chr1","28852863","28853156","chr1","28729342","28729635","1","123521"
"chr1","28864523","28864815","chr1","28741005","28741297","8","123518"
"chr1","28864818","28865113","chr1","28741300","28741593","10","123518"
"chr1","28887698","28887970","chr1","28762824","28763126","34","124874"
"chr1","28897429","28897556","chr1","28771968","28772095","3","125461"
"chr1","28897570","28897785","chr1","28772109","28772324","8","125461"
"chr1","28909984","28910247","chr1","28784591","28784855","9","125393"
"chr1","28911413","28911711","chr1","28786041","28786349","11","125372"
"chr1","28912327","28912622","chr1","28786970","28787265","4","125357"
"chr1","28913208","28913501","chr1","28787830","28788122","9","125378"
"chr1","28915558","28915861","chr3","172278645","172278950","35","143363087"
"chr1","28918865","28919163","chr1","28793521","28793816","6","125344"
"chr1","28921262","28921551","chrX","150968542","150968832","34","122047280"
"chr1","28925232","28925539","chr12","117114355","117114659","38","88189123"
"chr1","28941702","28942004","chr1","28817715","28818018","23","123987"
"chr1","28943879","28944183","chr1","23721501","23721808","41","5222378"
"chr1","28944319","28944610","chr3","142117815","142118109","44","113173496"
"chr1","28967015","28967305","chr1","28841718","28842022","19","125297"
"chr1","28979031","28979342","chr10","33413945","33414256","48","4434914"
"chr1","28997362","28997663","chr1","28870240","28870542","6","127122"
"chr1","29026280","29026588","chr1","28900282","28900586","7","125998"
"chr1","29031224","29031527","chr15","50445264","50445569","37","21414040"
"chr1","29042421","29042708","chr1","28916355","28916641","4","126066"
"chr1","29043365","29043662","chr1","31902831","31903133","32","2859466"
"chr1","29045529","29045823","chr7","66166618","66166913","41","37121089"
"chr1","29072772","29073046","chr1","28944535","28944817","10","128237"
"chr1","29081059","29081222","chr1","28952865","28953028","3","128194"
"chr1","29087407","29087702","chr1","28959213","28959516","13","128194"
"chr1","29088035","29088161","chr19","7172761","7172883","21","21915274"
"chr1","29092345","29092639","chr1","28964158","28964451","8","128187"
"chr1","29121357","29121657","chr1","28993647","28993956","23","127710"
"chr1","29165122","29165307","chr1","29037648","29037833","4","127474"
"chr1","29172046","29172356","chr1","29044560","29044875","10","127486"
"chr1","29179112","29179408","chr1","29051615","29051912","7","127497"
"chr1","29186582","29186848","chr1","29058993","29059259","4","127589"
"chr1","29196522","29196773","chr1","29077945","29078232","39","118577"
"chr1","29208558","29208653","chr4","70851764","70851861","12","41643206"
"chr1","29218632","29218901","chr1","29098733","29099002","3","119899"
"chr1","29235030","29235341","chr1","29115111","29115422","10","119919"
"chr1","29236072","29236377","chr1","29116151","29116453","7","119921"
"chr1","29277296","29277607","chr1","29157888","29158182","20","119408"
"chr1","29292883","29293179","chr1","29173454","29173749","5","119429"
"chr1","29295000","29295267","chr1","29175140","29175408","5","119860"
"chr1","29324588","29324889","chr1","29205173","29205483","16","119415"
"chr1","29339554","29339865","chr1","29220109","29220413","16","119445"
"chr1","29346406","29346707","chr3","109392689","109392989","39","80046283"
"chr1","29366104","29366397","chr1","29246621","29246914","5","119483"
"chr1","29384789","29385092","chr1","29265356","29265660","7","119433"
"chr1","29394137","29394430","chr1","29274769","29275065","6","119368"
"chr1","29433942","29434237","chr1","29314584","29314878","4","119358"
"chr1","29468733","29469041","chr7","27015259","27015567","42","2453474"
"chr1","29473646","29473954","chr1","29353640","29353950","15","120006"
"chr1","29575036","29575336","chr1","29442554","29442853","5","132482"
"chr1","29739696","29740007","chr1","29604925","29605242","10","134771"
"chr1","29792532","29792827","chr1","29654923","29655230","21","137609"
"chr1","29799514","29799806","chr1","29662709","29663000","7","136805"
"chr1","29818519","29818834","chr1","29681787","29682105","8","136732"
"chr1","29910091","29910227","chr8","123006591","123006727","21","93096500"
"chr1","29926230","29926538","chr1","29792130","29792439","4","134100"
"chr1","30000831","30001135","chr1","29871510","29871815","7","129321"
"chr1","30028204","30028488","chr8","27596543","27596824","34","2431661"
"chr1","30035350","30035660","chr1","29905757","29906041","32","129593"
"chr1","30057421","30057723","chr1","29927853","29928154","12","129568"
"chr1","30074810","30075119","chr1","29943653","29943960","6","131157"
"chr1","30221024","30221319","chr1","30088489","30088788","12","132535"
"chr1","30294647","30294942","chr1","30160021","30160331","21","134626"
"chr1","30379711","30380008","chr1","30245436","30245733","4","134275"
"chr1","30394245","30394543","chr1","30260021","30260319","7","134224"
"chr1","30467598","30467901","chr1","30333605","30333908","9","133993"
"chr1","30479198","30479497","chr1","30345196","30345493","8","134002"
"chr1","30489747","30490046","chr1","30355691","30355993","11","134056"
"chr1","30683246","30683524","chr1","30530292","30530575","10","152954"
"chr1","30710868","30711175","chr1","30558211","30558518","6","152657"
"chr1","30822822","30823120","chr1","30669583","30669880","9","153239"
"chr1","30840729","30840946","chr1","30688718","30688938","13","152011"
"chr1","30904177","30904465","chr1","30751457","30751746","7","152720"
"chr1","30928608","30928910","chr1","30775928","30776230","8","152680"
"chr1","30938711","30938985","chr1","30785987","30786263","6","152724"
"chr1","30964897","30965175","chr1","30811614","30811900","11","153283"
"chr1","30974360","30974651","chr1","30821111","30821401","7","153249"
"chr1","30979733","30980042","chr3","124541169","124541479","38","93561436"
"chr1","30980941","30981224","chr2","45371399","45371684","38","14390458"
"chr1","30989120","30989427","chr16","72407004","72407305","46","41417884"
"chr1","31007661","31007960","chr1","30854540","30854833","13","153121"
"chr1","31015102","31015271","chr20","47086204","47086375","19","16071102"
"chr1","31056583","31056778","chr1","11851710","11851906","30","19204873"
"chr1","31062525","31062781","chr1","30922981","30923234","8","139544"
"chr1","31066722","31067009","chr1","30927090","30927379","7","139632"
"chr1","31077420","31077731","chr1","161418309","161418616","41","130340889"
"chr1","31077924","31078214","chr1","30938264","30938552","5","139660"
"chr1","31099815","31100119","chr1","30962401","30962711","11","137414"
"chr1","31113150","31113437","chr16","50012784","50013060","44","18899634"
"chr1","31131068","31131369","chr2","172694835","172695136","47","141563767"
"chr1","31170414","31170709","chr2","73340249","73340544","54","42169835"
"chr1","31171414","31171552","chr1","31034370","31034508","1","137044"
"chr1","31183131","31183436","chr3","41890398","41890700","37","10707267"
"chr1","31196157","31196439","chr1","31058688","31058983","18","137469"
"chr1","31198071","31198393","chr1","31060605","31060913","16","137466"
"chr1","31207328","31207632","chr1","31069247","31069554","7","138081"
"chr1","31208589","31208875","chr1","31070510","31070796","8","138079"
"chr1","31209637","31209927","chr1","182107865","182108149","49","150898228"
"chr1","31217574","31217868","chr1","31079500","31079796","6","138074"
"chr1","31232898","31233194","chr4","41783052","41783344","36","10550154"
"chr1","31235504","31235817","chr1","31092105","31092417","4","143399"
"chr1","31237583","31237905","chr3","55779200","55779512","70","24541617"
"chr1","31245443","31245745","chr1","31104313","31104614","9","141130"
"chr1","31252689","31253000","chr12","100246655","100246964","42","68993966"
"chr1","31255185","31255466","chr2","130560580","130560861","27","99305395"
"chr1","31256692","31256795","chr1","12891303","12891404","12","18365389"
"chr1","31262915","31263228","chr1","31121543","31121851","10","141372"
"chr1","31271396","31271699","chr9","121968866","121969169","48","90697470"
"chr1","31274279","31274582","chr1","31133216","31133521","10","141063"
"chr1","31275101","31275391","chr1","31134040","31134331","7","141061"
"chr1","31283785","31284059","chr1","31142795","31143100","39","140990"
"chr1","31296352","31296656","chr1","31156145","31156444","12","140207"
"chr1","31297572","31297874","chr1","31156908","31157206","11","140664"
"chr1","31301294","31301599","chr1","31160611","31160908","14","140683"
"chr1","31309481","31309613","chr1","31168784","31168915","3","140697"
"chr1","31329802","31330104","chr1","31191009","31191306","12","138793"
"chr1","31333195","31333319","chr8","130385184","130385307","14","99051989"
"chr1","31349825","31350123","chr12","56535213","56535514","51","25185388"
"chr1","31354259","31354563","chr1","31216861","31217165","7","137398"
"chr1","31364489","31364780","chr22","31968858","31969147","37","604369"
"chr1","31386534","31386843","chr1","31250227","31250535","10","136307"
"chr1","31387760","31388053","chr1","31251457","31251750","2","136303"
"chr1","31421834","31422128","chr21","44594823","44595122","37","13172989"
"chr1","31428705","31428992","chr2","169826755","169827040","39","138398050"
"chr1","31438583","31438891","chr1","31301946","31302246","17","136637"
"chr1","31441917","31442231","chr19","40652818","40653130","52","9210901"
"chr1","31449554","31449848","chr2","24458618","24458918","52","6990936"
"chr1","31451187","31451446","chr1","31314707","31314966","2","136480"
"chr1","31464745","31465048","chrX","18838764","18839072","47","12625981"
"chr1","31467652","31467958","chr1","31331140","31331445","9","136512"
"chr1","31478530","31478818","chr1","31342057","31342344","6","136473"
"chr1","31487065","31487375","chr1","31350590","31350900","5","136475"
"chr1","31491369","31491673","chr1","31354893","31355199","7","136476"
"chr1","31495699","31496019","chr1","31359234","31359554","5","136465"
"chr1","31512055","31512375","chr1","31375584","31375909","11","136471"
"chr1","31515711","31516002","chr1","17175617","17175905","37","14340094"
"chr1","31519536","31519832","chr1","31383043","31383341","11","136493"
"chr1","31524301","31524489","chr4","82756444","82756632","30","51232143"
"chr1","31527383","31527682","chr1","31388082","31388375","27","139301"
"chr1","31530406","31530701","chr1","31391112","31391407","8","139294"
"chr1","31531292","31531598","chr1","31391992","31392288","18","139300"
"chr1","31532569","31532869","chr1","31393259","31393592","33","139310"
"chr1","31537997","31538280","chr1","31398707","31398994","9","139290"
"chr1","31538468","31538772","chr21","43872179","43872479","32","12333711"
"chr1","31541150","31541438","chr1","31401860","31402148","3","139290"
"chr1","31556000","31556283","chr1","31416712","31417019","25","139288"
"chr1","31580146","31580453","chr1","31440332","31440639","8","139814"
"chr1","31589384","31589672","chr1","31449533","31449818","12","139851"
"chr1","31634142","31634432","chr7","98176563","98176857","34","66542421"
"chr1","31649130","31649414","chr1","31519024","31519308","5","130106"
"chr1","31684583","31684888","chr1","31554751","31555065","15","129832"
"chr1","31686460","31686730","chr1","31556642","31556913","6","129818"
"chr1","31694547","31694781","chr1","31565071","31565305","4","129476"
"chr1","31728614","31728919","chr1","31599180","31599467","22","129434"
"chr1","31729073","31729383","chr1","31599645","31599948","24","129428"
"chr1","31763334","31763643","chr1","31677077","31677388","6","86257"
"chr1","31773004","31773354","chr9","130006161","130006512","74","98233157"
"chr1","31777866","31778164","chr1","31610969","31611263","43","166897"
"chr1","31814679","31814981","chr7","75601999","75602300","60","43787320"
"chr1","31843779","31844088","chr1","31677077","31677388","6","166702"
"chr1","31853898","31854193","chr1","31687100","31687400","11","166798"
"chr1","31877171","31877457","chr1","31710307","31710606","20","166864"
"chr1","31986154","31986459","chr1","31818932","31819241","5","167222"
"chr1","32006336","32006467","chr1","31839137","31839268","0","167199"
"chr1","32008259","32008559","chr1","31841063","31841360","7","167196"
"chr1","32014682","32014983","chr1","31847790","31848091","3","166892"
"chr1","32020016","32020307","chr1","31852880","31853171","3","167136"
"chr1","32026508","32026807","chr1","31859375","31859681","13","167133"
"chr1","32030239","32030529","chr1","31863117","31863407","5","167122"
"chr1","32030843","32031130","chr1","31863721","31864008","11","167122"
"chr1","32032589","32032859","chr1","31865502","31865771","6","167087"
"chr1","32037014","32037294","chr1","31869917","31870209","19","167097"
"chr1","32038378","32038674","chr1","31871293","31871586","7","167085"
"chr1","32046013","32046305","chr1","31878834","31879127","6","167179"
"chr1","32066956","32067181","chr10","5761752","5761974","34","26305204"
"chr1","32068055","32068362","chr1","31900322","31900618","17","167733"
"chr1","32070571","32070808","chr2","42473870","42474111","28","10403299"
"chr1","32103654","32103853","chr16","4121295","4121486","36","27982359"
"chr1","32105978","32106068","chr15","36972469","36972556","10","4866491"
"chr1","32130606","32130898","chr2","39239808","39240097","37","7109202"
"chr1","32133224","32133543","chr1","31964903","31965215","16","168321"
"chr1","32140173","32140466","chr1","31971870","31972171","14","168303"
"chr1","32147341","32147626","chr1","31978525","31978817","10","168816"
"chr1","32166235","32166532","chr1","31997318","31997614","7","168917"
"chr1","32168143","32168319","chr1","31999212","31999388","5","168931"
"chr1","32173945","32174122","chr1","235959729","235959907","34","203785784"
"chr1","32174154","32174273","chr7","22878749","22878867","13","9295405"
"chr1","32185873","32186176","chr1","32016977","32017278","7","168896"
"chr1","32187822","32188157","chr1","32018789","32019122","16","169033"
"chr1","32216202","32216499","chr1","32047161","32047458","8","169041"
"chr1","32240472","32240608","chr1","32070908","32071044","3","169564"
"chr1","32241234","32241402","chr1","32071670","32071840","4","169564"
"chr1","32262115","32262424","chr1","32092477","32092786","3","169638"
"chr1","32263038","32263343","chr1","32093400","32093711","13","169638"
"chr1","32288344","32288630","chr1","32114159","32114452","13","174185"
"chr1","32295177","32295481","chr1","32120869","32121171","6","174308"
"chr1","32304765","32305038","chr1","32130504","32130777","7","174261"
"chr1","32305953","32306020","chr2","169632858","169632925","11","137326905"
"chr1","32309802","32309992","chr1","32134895","32135085","7","174907"
"chr1","32310274","32310404","chr1","32135367","32135497","3","174907"
"chr1","32362753","32363026","chr1","32186926","32187201","5","175827"
"chr1","32369392","32369720","chr1","32193559","32193856","36","175833"
"chr1","32395191","32395497","chr1","32218656","32218962","4","176535"
"chr1","32396709","32397014","chr1","32220171","32220476","2","176538"
"chr1","32401158","32401335","chr1","32224661","32224838","6","176497"
"chr1","32401632","32401773","chr1","32225134","32225275","3","176498"
"chr1","32407037","32407326","chr1","32230558","32230847","2","176479"
"chr1","32414576","32414894","chr2","26447555","26447866","45","5967021"
"chr1","32420079","32420409","chr1","32243449","32243757","31","176630"
"chr1","32434437","32434735","chr1","32259334","32259623","14","175103"
"chr1","32436347","32436463","chr1","32261241","32261362","7","175106"
"chr1","32437073","32437276","chr1","32261980","32262181","25","175093"
"chr1","32437314","32437496","chr1","32262219","32262413","14","175095"
"chr1","32438204","32438486","chr1","32263110","32263393","6","175094"
"chr1","32442539","32442707","chr2","56350291","56350454","23","23907752"
"chr1","32445650","32445854","chr1","32272022","32272226","5","173628"
"chr1","32460980","32461280","chr3","155826105","155826404","45","123365125"
"chr1","32467372","32467509","chr1","32293484","32293621","0","173888"
"chr1","32467811","32467979","chr1","32293919","32294089","4","173892"
"chr1","32468038","32468321","chr1","32294148","32294434","7","173890"
"chr1","32472574","32472869","chr1","32298721","32299016","3","173853"
"chr1","32474154","32474439","chr1","32300301","32300585","8","173853"
"chr1","32478419","32478719","chr1","32304563","32304863","2","173856"
"chr1","32494459","32494770","chr1","32320618","32320929","9","173841"
"chr1","32496116","32496404","chrX","16749634","16749929","37","15746482"
"chr1","32514404","32514671","chr1","32340554","32340821","3","173850"
"chr1","32521542","32521873","chr1","32347628","32347940","26","173914"
"chr1","32524231","32524534","chr1","8130637","8130940","37","24393594"
"chr1","32543179","32543483","chr1","32368701","32368998","13","174478"
"chr1","32556438","32556731","chr1","32381945","32382248","16","174493"
"chr1","32559927","32560214","chr16","20015102","20015389","45","12544825"
"chr1","32584355","32584653","chr20","31978854","31979149","38","605501"
"chr1","32585893","32586191","chr1","32412178","32412476","6","173715"
"chr1","32603002","32603310","chr1","32429040","32429348","16","173962"
"chr1","32615466","32615741","chr1","32441519","32441794","3","173947"
"chr1","32634310","32634633","chr1","32460135","32460460","9","174175"
"chr1","32644077","32644320","chr1","32469901","32470143","3","174176"
"chr1","32646683","32646964","chr1","32472634","32472915","6","174049"
"chr1","32649332","32649644","chr1","32475300","32475612","1","174032"
"chr1","32652258","32652548","chr1","32478230","32478523","7","174028"
"chr1","32661580","32661887","chr1","32487560","32487867","2","174020"
"chr1","32686826","32687125","chr1","32512767","32513066","8","174059"
"chr1","32689908","32690170","chr1","32515846","32516110","8","174062"
"chr1","32708492","32708781","chr20","51361779","51362067","32","18653287"
"chr1","32731135","32731413","chr1","32557020","32557307","10","174115"
"chr1","32734702","32735013","chr1","32560595","32560925","23","174107"
"chr1","32751657","32751786","chr1","32576729","32576858","3","174928"
"chr1","32752835","32752993","chr1","32577912","32578070","6","174923"
"chr1","32753301","32753436","chr1","32578377","32578512","4","174924"
"chr1","32755194","32755501","chr1","32580272","32580568","17","174922"
"chr1","32757955","32758256","chr3","41706546","41706847","43","8948591"
"chr1","32765766","32766067","chr1","32590903","32591208","10","174863"
"chr1","32771030","32771342","chr7","25096729","25097037","50","7674301"
"chr1","32771513","32771817","chr1","32598224","32598535","16","173289"
"chr1","32783591","32783883","chr4","70767686","70767978","35","37984095"
"chr1","32792388","32792683","chr4","112753816","112754110","38","79961428"
"chr1","32799810","32800120","chr1","32626538","32626848","6","173272"
"chr1","32812115","32812408","chr10","93448714","93449003","38","60636599"
"chr1","32812893","32813180","chr1","32638631","32638918","7","174262"
"chr1","32813274","32813573","chr1","32639016","32639321","20","174258"
"chr1","32830700","32831007","chr1","32656347","32656651","16","174353"
"chr1","32846131","32846447","chr1","98475679","98475984","89","65629548"
"chr1","32871473","32871727","chr1","32696794","32697047","7","174679"
"chr1","32912619","32912954","chr7","56095504","56095844","64","23182885"
"chr1","32926791","32927086","chr1","32752582","32752877","3","174209"
"chr1","32937249","32937550","chr1","32762979","32763283","5","174270"
"chr1","32938731","32939036","chr1","32764459","32764764","3","174272"
"chr1","32974910","32975203","chr1","32799987","32800280","5","174923"
"chr1","32977422","32977575","chr1","32802822","32802978","6","174600"
"chr1","32977879","32978031","chr1","32803278","32803431","4","174601"
"chr1","32987983","32988278","chr1","174149943","174150233","40","141161960"
"chr1","32996254","32996563","chr1","32821626","32821932","10","174628"
"chr1","33007997","33008292","chr1","32833356","32833659","14","174641"
"chr1","33014158","33014464","chr1","32839979","32840285","3","174179"
"chr1","33027459","33027756","chr6","107222373","107222670","40","74194914"
"chr1","33096005","33096292","chr15","64086615","64086907","48","30990610"
"chr1","33098503","33098813","chr1","32923283","32923590","8","175220"
"chr1","33106256","33106562","chr1","32930806","32931101","16","175450"
"chr1","33111222","33111509","chr1","32935763","32936048","9","175459"
"chr1","33132986","33133273","chr1","32957553","32957841","11","175433"
"chr1","33144221","33144533","chr1","32968824","32969136","7","175397"
"chr1","33154528","33154646","chr1","32978339","32978455","5","176189"
"chr1","33174013","33174302","chr1","32996079","32996370","5","177934"
"chr1","33198080","33198379","chr1","33020563","33020856","14","177517"
"chr1","33199044","33199335","chr17","42708373","42708668","39","9509329"
"chr1","33200527","33200829","chr1","33022352","33022656","6","178175"
"chr1","33314564","33314861","chr1","33068978","33069275","6","245586"
"chr1","33318167","33318478","chr1","33075191","33075501","12","242976"
"chr1","33319804","33320104","chr1","33076829","33077128","8","242975"
"chr1","33322889","33323150","chr1","33079905","33080166","3","242984"
"chr1","33339519","33339810","chr1","33095846","33096137","7","243673"
"chr1","33344560","33344856","chr16","3287970","3288266","31","30056590"
"chr1","33350741","33351020","chr1","33107005","33107284","5","243736"
"chr1","33352105","33352402","chr1","33108343","33108638","5","243762"
"chr1","33353117","33353394","chr1","33109317","33109626","38","243800"
"chr1","33398795","33399068","chr1","33155098","33155370","11","243697"
"chr1","33477511","33477803","chr1","33232271","33232560","7","245240"
"chr1","33478650","33478944","chr1","33233407","33233703","9","245243"
"chr1","33482029","33482307","chr1","33236799","33237077","8","245230"
"chr1","33530324","33530614","chr1","33285137","33285429","9","245187"
"chr1","33533710","33534027","chr1","33288455","33288765","13","245255"
"chr1","33551502","33551800","chr1","33305482","33305780","3","246020"
"chr1","33708243","33708558","chr4","82943862","82944170","50","49235619"
"chr1","33754208","33754490","chr2","224709077","224709357","47","190954869"
"chr1","33821872","33822137","chr5","137663085","137663356","39","103841213"
"chr1","33823826","33824092","chr1","33570167","33570445","13","253659"
"chr1","33831945","33832254","chr1","33578309","33578612","22","253636"
"chr1","33869857","33870168","chr1","33616229","33616537","11","253628"
"chr1","33895784","33896092","chr1","33642070","33642375","10","253714"
"chr1","34046118","34046418","chr1","33788226","33788527","4","257892"
"chr1","34220529","34220848","chr1","33946621","33946934","21","273908"
"chr1","34592987","34593314","chr1","34304053","34304380","8","288934"
"chr1","34660455","34660731","chr1","34371429","34371710","17","289026"
"chr1","34742373","34742656","chr1","34449145","34449419","14","293228"
"chr1","34918287","34918583","chr1","34623228","34623526","6","295059"
"chr1","34921284","34921592","chr1","34626221","34626523","16","295063"
"chr1","35002032","35002308","chr1","34707282","34707585","30","294750"
"chr1","35007497","35007804","chr1","34712743","34713062","15","294754"
"chr1","35022979","35023290","chr10","119361679","119361990","39","84338700"
"chr1","35028152","35028476","chr1","34733390","34733716","10","294762"
"chr1","35094943","35095169","chr1","34800549","34800775","8","294394"
"chr1","35099677","35099963","chr1","34805460","34805746","4","294217"
"chr1","35106886","35107209","chr1","34812664","34812995","16","294222"
"chr1","35115987","35116160","chr17","60994982","60995154","34","25878995"
"chr1","35129014","35129323","chr1","34834218","34834526","12","294796"
"chr1","35131342","35131616","chr1","34836546","34836820","5","294796"
"chr1","35214030","35214339","chr1","34919497","34919806","2","294533"
"chr1","35235195","35235485","chr1","34939854","34940144","8","295341"
"chr1","35260017","35260306","chr1","34964017","34964306","5","296000"
"chr1","35263792","35264087","chr1","34969019","34969316","7","294773"
"chr1","35264549","35264831","chr20","2227552","2227834","35","33036997"
"chr1","35291582","35291886","chr1","34997300","34997604","2","294282"
"chr1","35319154","35319455","chr1","35024868","35025170","4","294286"
"chr1","35322308","35322609","chr1","35028032","35028329","10","294276"
"chr1","35328679","35328971","chr19","11493062","11493357","42","23835617"
"chr1","35334883","35335169","chr16","58913252","58913551","48","23578369"
"chr1","35335553","35335787","chr1","35041329","35041563","4","294224"
"chr1","35339143","35339445","chr1","35044913","35045212","11","294230"
"chr1","35340275","35340557","chr1","205171972","205172255","40","169831697"
"chr1","35342781","35343088","chr1","35048565","35048873","11","294216"
"chr1","35344010","35344255","chr5","153852525","153852777","36","118508515"
"chr1","35362758","35363043","chr1","35066993","35067278","3","295765"
"chr1","35369598","35369850","chr1","35073825","35074087","11","295773"
"chr1","35390613","35390920","chr1","35093288","35093596","11","297325"
"chr1","35397765","35397980","chr16","46947290","46947502","37","11549525"
"chr1","35399159","35399278","chr1","35101720","35101839","1","297439"
"chr1","35405997","35406306","chr1","35107828","35108138","6","298169"
"chr1","35452045","35452189","chr1","35153978","35154121","3","298067"
"chr1","35452486","35452686","chr1","35154418","35154607","14","298068"
"chr1","35456777","35457005","chr1","35157950","35158190","18","298827"
"chr1","35462405","35462709","chr1","35163382","35163686","6","299023"
"chr1","35465414","35465549","chr1","35166377","35166512","2","299037"
"chr1","35471107","35471386","chr1","35172293","35172566","16","298814"
"chr1","35488157","35488448","chr1","35188675","35188972","16","299482"
"chr1","35498999","35499250","chr1","35199450","35199711","12","299549"
"chr1","35503972","35504255","chr1","35204508","35204790","5","299464"
"chr1","35511342","35511635","chr1","35216291","35216584","6","295051"
"chr1","35512422","35512686","chr1","35217367","35217631","3","295055"
"chr1","35515657","35515949","chr1","35220807","35221099","9","294850"
"chr1","35529371","35529465","chr1","35234526","35234620","1","294845"
"chr1","35529772","35529995","chr1","35234927","35235150","1","294845"
"chr1","35539699","35539994","chr1","35243305","35243600","14","296394"
"chr1","35542910","35543206","chr1","35246547","35246843","3","296363"
"chr1","35546279","35546574","chr3","37158325","37158619","47","1612046"
"chr1","35555172","35555473","chr1","35259177","35259470","13","295995"
"chr1","35561460","35561770","chr1","35264318","35264617","16","297142"
"chr1","35573756","35574052","chr7","98773866","98774161","44","63200110"
"chr1","35580006","35580287","chr1","35282981","35283279","26","297025"
"chr1","35586579","35586899","chr1","35289945","35290265","3","296634"
"chr1","35608605","35608759","chr1","35312733","35312884","4","295872"
"chr1","35609069","35609209","chr1","35313194","35313334","6","295875"
"chr1","35614339","35614646","chr1","35318450","35318757","1","295889"
"chr1","35622751","35623053","chr1","35326858","35327158","3","295893"
"chr1","35632956","35633244","chr1","35337077","35337362","6","295879"
"chr1","35652996","35653265","chr1","35355946","35356215","6","297050"
"chr1","35673963","35674250","chr1","35376919","35377206","6","297044"
"chr1","35700955","35701021","chr1","35403967","35404033","1","296988"
"chr1","35740182","35740464","chr1","35443390","35443673","9","296792"
"chr1","35769057","35769340","chr1","35472310","35472594","7","296747"
"chr1","35777242","35777540","chr1","35480500","35480797","6","296742"
"chr1","35809164","35809475","chr1","35512587","35512895","14","296577"
"chr1","35817665","35817775","chr7","72114099","72114208","12","36296434"
"chr1","35849675","35849984","chr1","35552793","35553098","10","296882"
"chr1","35875668","35875960","chr1","35578810","35579109","9","296858"
"chr1","35895123","35895413","chr1","35598325","35598627","18","296798"
"chr1","35898823","35899125","chr14","21418237","21418532","55","14480586"
"chr1","35901894","35902209","chr19","7582961","7583259","22","28318933"
"chr1","35906507","35906817","chr1","35608083","35608387","16","298424"
"chr1","35909966","35910258","chr1","35611542","35611837","11","298424"
"chr1","35915491","35915790","chr1","35617058","35617347","15","298433"
"chr1","35923073","35923384","chr1","35624471","35624780","9","298602"
"chr1","35960906","35961030","chr1","35662644","35662768","5","298262"
"chr1","35961068","35961244","chr1","35662794","35662974","5","298274"
"chr1","35962958","35963233","chr1","35664687","35664973","19","298271"
"chr1","35969508","35969809","chr1","35671304","35671605","4","298204"
"chr1","35972622","35972927","chr1","35674429","35674735","6","298193"
"chr1","35974611","35974729","chr1","35676428","35676546","4","298183"
"chr1","35975521","35975832","chr1","35677339","35677637","20","298182"
"chr1","35976825","35976911","chr1","35678628","35678714","3","298197"
"chr1","35982851","35983154","chr6","32064204","32064511","42","3918647"
"chr1","35985094","35985393","chr1","35687917","35688216","5","297177"
"chr1","35987623","35987942","chr1","35690464","35690776","15","297159"
"chr1","35992117","35992407","chr1","35695006","35695297","8","297111"
"chr1","36003755","36004032","chr1","35706694","35706960","15","297061"
"chr1","36007052","36007359","chr1","35709978","35710279","11","297074"
"chr1","36019383","36019684","chr1","35721388","35721687","10","297995"
"chr1","36019854","36020163","chr1","35721857","35722169","10","297997"
"chr1","36020623","36020931","chr1","35722632","35722930","14","297991"
"chr1","36036273","36036572","chr1","35735938","35736240","8","300335"
"chr1","36054682","36054981","chr1","35754346","35754619","27","300336"
"chr1","36086165","36086475","chr1","35784855","35785165","16","301310"
"chr1","36087585","36087877","chr16","3287970","3288266","45","32799615"
"chr1","36098490","36098833","chr15","52448931","52449268","54","16350441"
"chr1","36099634","36099929","chr1","35794882","35795175","9","304752"
"chr1","36115970","36116201","chr2","208410965","208411206","43","172294995"
"chr1","36123395","36123697","chr1","35818342","35818652","13","305053"
"chr1","36125331","36125634","chr1","35820352","35820656","4","304979"
"chr1","36126879","36127163","chr1","35821894","35822179","6","304985"
"chr1","36134519","36134820","chr1","35831080","35831380","19","303439"
"chr1","36138448","36138750","chr14","89080747","89081049","33","52942299"
"chr1","36140467","36140779","chr1","35837078","35837383","12","303389"
"chr1","36141488","36141778","chr1","35838065","35838355","5","303423"
"chr1","36142392","36142664","chr14","36903366","36903642","48","760974"
"chr1","36145950","36146241","chr1","35842521","35842816","10","303429"
"chr1","36148673","36148908","chr1","206353365","206353598","33","170204692"
"chr1","36151357","36151668","chr1","35847225","35847535","5","304132"
"chr1","36161584","36161761","chr20","47086204","47086375","23","10924620"
"chr1","36165239","36165395","chr3","142323329","142323481","22","106158090"
"chr1","36175311","36175622","chr1","35847225","35847535","5","328086"
"chr1","36180642","36180943","chr1","35865150","35865454","11","315492"
"chr1","36183321","36183456","chr1","35867991","35868126","4","315330"
"chr1","36207124","36207433","chr1","35891555","35891864","10","315569"
"chr1","36221065","36221352","chr1","35905482","35905765","9","315583"
"chr1","36224388","36224690","chr1","35908817","35909117","8","315571"
"chr1","36231922","36232227","chr1","35916364","35916667","5","315558"
"chr1","36234105","36234421","chr1","35918536","35918855","10","315569"
"chr1","36257032","36257181","chr16","1921841","1921986","23","34335191"
"chr1","36258324","36258610","chr1","35943005","35943290","3","315319"
"chr1","36272767","36273060","chr1","35957445","35957738","8","315322"
"chr1","36273732","36273994","chr17","75511060","75511326","45","39237328"
"chr1","36286495","36286795","chr1","35971157","35971458","5","315338"
"chr1","36319952","36320246","chr1","35995683","35995977","5","324269"
"chr1","36321261","36321563","chr1","35996996","35997306","17","324265"
"chr1","36326303","36326594","chr1","36002027","36002317","10","324276"
"chr1","36341883","36342180","chr16","49050244","49050538","47","12708361"
"chr1","36344893","36345198","chr1","36020634","36020917","34","324259"
"chr1","36356991","36357124","chr1","36032709","36032842","2","324282"
"chr1","36357450","36357636","chr1","36033163","36033352","6","324287"
"chr1","36365094","36365389","chr1","36040791","36041094","9","324303"
"chr1","36368682","36369006","chr1","36044412","36044741","11","324270"
"chr1","36372960","36373249","chr22","35321426","35321698","63","1051534"
"chr1","36374452","36374743","chr1","36050204","36050495","3","324248"
"chr1","36375374","36375473","chr1","36051135","36051234","4","324239"
"chr1","36401429","36401719","chr1","36077647","36077935","9","323782"
"chr1","36403441","36403741","chr17","47939136","47939438","43","11535695"
"chr1","36409550","36409876","chr1","36085475","36085819","23","324075"
"chr1","36444302","36444564","chr1","36120209","36120467","11","324093"
"chr1","36444901","36445206","chr1","36120809","36121105","14","324092"
"chr1","36457258","36457397","chr1","36132763","36132902","3","324495"
"chr1","36457709","36457881","chr1","36133214","36133390","5","324495"
"chr1","36472684","36472817","chr1","36148179","36148312","4","324505"
"chr1","36513512","36513838","chr5","112749951","112750263","57","76236439"
"chr1","36520317","36520449","chr2","171341407","171341537","16","134821090"
"chr1","36525020","36525330","chr1","36198356","36198664","8","326664"
"chr1","36535762","36536059","chr1","36208667","36208966","11","327095"
"chr1","36539486","36539795","chr1","36212409","36212718","13","327077"
"chr1","36547253","36547546","chr1","36220000","36220292","16","327253"
"chr1","36547648","36547744","chr1","36220394","36220490","1","327254"
"chr1","36550247","36550539","chr1","36222858","36223120","33","327389"
"chr1","36558857","36559148","chr1","36231933","36232226","8","326924"
"chr1","36566175","36566479","chr1","36239258","36239566","10","326917"
"chr1","36573974","36574224","chr1","36246280","36246532","24","327694"
"chr1","36575289","36575601","chr1","36247333","36247625","28","327956"
"chr1","36583495","36583829","chr1","36255487","36255798","33","328008"
"chr1","36593869","36594167","chr1","36265874","36266174","11","327995"
"chr1","36595862","36596159","chr1","36267898","36268196","3","327964"
"chr1","36627031","36627346","chr1","36299493","36299808","7","327538"
"chr1","36642927","36643243","chr7","139158032","139158345","41","102515105"
"chr1","36643869","36644005","chr1","36318489","36318625","4","325380"
"chr1","36644323","36644342","chr1","36318948","36318967","0","325375"
"chr1","36696287","36696581","chr1","36370881","36371178","11","325406"
"chr1","36720886","36721144","chr1","36392609","36392866","3","328277"
"chr1","36752444","36752731","chr1","36423953","36424239","5","328491"
"chr1","36765879","36766187","chr1","36437508","36437812","10","328371"
"chr1","36781176","36781484","chr1","36452878","36453183","8","328298"
"chr1","36791318","36791622","chr1","36462961","36463266","8","328357"
"chr1","36802871","36803014","chr1","36474471","36474614","3","328400"
"chr1","36813574","36813889","chr6","47267087","47267399","38","10453513"
"chr1","36834109","36834416","chr1","36505427","36505734","8","328682"
"chr1","36855404","36855701","chr1","36527022","36527343","29","328382"
"chr1","36879180","36879475","chr1","36550696","36550992","9","328484"
"chr1","36923945","36924239","chr1","36595819","36596112","10","328126"
"chr1","36961382","36961690","chr1","36633306","36633614","5","328076"
"chr1","36969216","36969512","chr1","36641181","36641479","5","328035"
"chr1","37013320","37013608","chr1","36684928","36685233","29","328392"
"chr1","37054784","37055085","chr19","47870145","47870446","34","10815361"
"chr1","37231696","37231988","chr16","3287970","3288266","37","33943726"
"chr1","37238196","37238498","chr1","36909295","36909600","9","328901"
"chr1","37316901","37317198","chr1","36988009","36988306","5","328892"
"chr1","37373636","37373945","chr1","37045504","37045813","2","328132"
"chr1","37440884","37441179","chr1","37116295","37116605","16","324589"
"chr1","37513237","37513537","chr1","37188495","37188794","8","324742"
"chr1","37674421","37674728","chr1","37348823","37349101","31","325598"
"chr1","37704122","37704428","chr1","37381238","37381544","7","322884"
"chr1","37720315","37720624","chr6","15140213","15140522","29","22580102"
"chr1","37738638","37738943","chr1","37415189","37415497","5","323449"
"chr1","37740387","37740687","chr3","149793421","149793720","36","112053034"
"chr1","37741348","37741660","chr1","37417911","37418227","14","323437"
"chr1","37744663","37744959","chr1","37421232","37421528","7","323431"
"chr1","37752825","37753135","chr1","37428178","37428490","14","324647"
"chr1","37770129","37770216","chr1","194351121","194351209","10","156580992"
"chr1","37787971","37788278","chr1","37463838","37464145","8","324133"
"chr1","37789475","37789802","chr1","37465347","37465674","6","324128"
"chr1","37792441","37792751","chr1","37468321","37468631","8","324120"
"chr1","37818888","37819195","chr2","10464961","10465258","49","27353927"
"chr1","37849204","37849344","chr1","37524531","37524673","3","324673"
"chr1","37853871","37854140","chr1","37528284","37528557","8","325587"
"chr1","37868145","37868445","chr2","23714573","23714872","43","14153572"
"chr1","37869532","37869831","chr1","37543859","37544162","15","325673"
"chr1","37872865","37873000","chr5","140397745","140397879","14","102524880"
"chr1","37873001","37873299","chr1","37546392","37546702","37","326609"
"chr1","37902693","37902986","chr1","37578158","37578454","6","324535"
"chr1","37967369","37967679","chr1","37637450","37637760","6","329919"
"chr1","37986362","37986650","chr1","37656451","37656736","10","329911"
"chr1","37988759","37988997","chr15","43241715","43241939","42","5252956"
"chr1","37991338","37991654","chr1","37662860","37663167","13","328478"
"chr1","38009643","38009928","chr1","37680412","37680702","12","329231"
"chr1","38017263","38017528","chr1","37688059","37688347","29","329204"
"chr1","38017554","38017675","chr9","4909481","4909606","16","33108073"
"chr1","38034302","38034603","chr1","37702670","37702967","11","331632"
"chr1","38035070","38035368","chr1","37703434","37703732","7","331636"
"chr1","38071016","38071309","chr1","37739414","37739711","8","331602"
"chr1","38079928","38080226","chr1","37747269","37747570","4","332659"
"chr1","38083979","38084263","chr1","37751297","37751585","12","332682"
"chr1","38087779","38088084","chr1","37754794","37755099","4","332985"
"chr1","38093789","38094096","chr1","37760802","37761107","9","332987"
"chr1","38101385","38101708","chr1","37768404","37768698","31","332981"
"chr1","38118415","38118715","chr1","37787585","37787885","7","330830"
"chr1","38127959","38128234","chr1","37797142","37797417","3","330817"
"chr1","38135812","38136108","chr1","37804983","37805280","5","330829"
"chr1","38147266","38147575","chr1","37816393","37816704","8","330873"
"chr1","38157553","38157837","chr1","37826697","37826981","8","330856"
"chr1","38183712","38184008","chr1","37852636","37852930","6","331076"
"chr1","38187563","38187858","chr1","37856492","37856792","6","331071"
"chr1","38200121","38200430","chr1","37868983","37869292","8","331138"
"chr1","38208312","38208605","chr10","122067508","122067797","38","83859196"
"chr1","38209890","38210178","chr11","44617287","44617582","52","6407397"
"chr1","38213414","38213672","chr1","37879521","37879779","5","333893"
"chr1","38238388","38238702","chr1","37906574","37906889","11","331814"
"chr1","38248880","38249099","chr17","75137727","75137948","28","36888847"
"chr1","38256204","38256504","chr3","33027514","33027814","41","5228690"
"chr1","38286914","38286983","chr1","37955265","37955334","1","331649"
"chr1","38288197","38288492","chr1","37956547","37956845","7","331650"
"chr1","38295496","38295800","chr1","37964881","37965184","6","330615"
"chr1","38297591","38297882","chr1","37966973","37967261","5","330618"
"chr1","38308019","38308153","chr1","37977421","37977555","3","330598"
"chr1","38308467","38308644","chr1","37977869","37978046","3","330598"
"chr1","38315388","38315686","chr1","37984809","37985107","6","330579"
"chr1","38340339","38340647","chr1","38009672","38009983","10","330667"
"chr1","38348712","38349016","chr1","38018067","38018370","8","330645"
"chr1","38412556","38412877","chr1","38082140","38082456","6","330416"
"chr1","38417082","38417373","chr1","38086666","38086963","9","330416"
"chr1","38426902","38427208","chr1","38096469","38096795","27","330433"
"chr1","38430374","38430679","chr1","38099958","38100268","13","330416"
"chr1","38436341","38436662","chr1","38082140","38082456","20","354201"
"chr1","38467620","38467906","chr1","38132591","38132877","2","335029"
"chr1","38477007","38477309","chr1","38141993","38142290","9","335014"
"chr1","38500836","38501141","chr1","38165788","38166092","7","335048"
"chr1","38516434","38516711","chr22","40191765","40192028","45","1675331"
"chr1","38577840","38578139","chr1","202921178","202921474","35","164343338"
"chr1","38612509","38612799","chr1","52231236","52231526","48","13618727"
"chr1","38614955","38615264","chr1","38282667","38282972","7","332288"
"chr1","38640704","38641007","chr1","38308067","38308369","7","332637"
"chr1","38680797","38681100","chr1","38308067","38308369","10","372730"
"chr1","38769842","38770143","chr1","38415922","38416226","13","353920"
"chr1","38771167","38771467","chr1","38417252","38417553","7","353915"
"chr1","38791816","38792119","chr1","38437430","38437729","13","354386"
"chr1","38793931","38794216","chr1","38439507","38439792","2","354424"
"chr1","38802330","38802612","chr1","38447881","38448163","7","354449"
"chr1","38814285","38814596","chr1","38459935","38460231","20","354350"
"chr1","38822751","38822886","chr1","38468382","38468517","3","354369"
"chr1","38845571","38845687","chr1","38491017","38491133","2","354554"
"chr1","38881421","38881728","chr1","38526505","38526810","10","354916"
"chr1","38890378","38890693","chr1","38535591","38535905","6","354787"
"chr1","38920959","38921265","chr1","38566099","38566403","8","354860"
"chr1","38989568","38989866","chr1","38627243","38627543","12","362325"
"chr1","39025240","39025534","chr1","38661839","38662133","5","363401"
"chr1","39039688","39039969","chr1","38676282","38676585","31","363406"
"chr1","39046622","39046926","chr13","41373260","41373557","45","2326638"
"chr1","39048103","39048412","chr1","38684682","38684990","11","363421"
"chr1","39052207","39052502","chr1","38688784","38689079","3","363423"
"chr1","39119215","39119511","chr12","122173402","122173698","33","83054187"
"chr1","39119514","39119779","chr1","38755956","38756221","5","363558"
"chr1","39126026","39126328","chr1","38762416","38762718","2","363610"
"chr1","39137641","39137957","chr1","38774059","38774375","7","363582"
"chr1","39182710","39183001","chr1","38833975","38834266","5","348735"
"chr1","39202803","39203110","chr1","38854066","38854368","10","348737"
"chr1","39206425","39206721","chr1","38857680","38857976","8","348745"
"chr1","39207163","39207472","chr1","38858418","38858720","15","348745"
"chr1","39226447","39226739","chr1","38878072","38878362","8","348375"
"chr1","39232330","39232466","chr1","38884005","38884141","2","348325"
"chr1","39233105","39233275","chr1","38884787","38884967","24","348318"
"chr1","39246057","39246258","chr5","93734851","93735056","33","54488794"
"chr1","39246555","39246673","chrX","119967882","119967987","25","80721327"
"chr1","39246685","39246991","chr1","38900766","38901083","13","345919"
"chr1","39260327","39260571","chr1","38915136","38915383","11","345191"
"chr1","39260666","39260914","chr1","38915136","38915383","16","345530"
"chr1","39265179","39265451","chr18","169109","169382","40","39096070"
"chr1","39266732","39267003","chr1","38921127","38921397","9","345605"
"chr1","39281250","39281553","chr5","168429257","168429558","49","129148007"
"chr1","39281935","39282125","chr1","38936292","38936485","7","345643"
"chr1","39282442","39282576","chr1","38936799","38936933","1","345643"
"chr1","39285045","39285326","chr1","38939380","38939662","16","345665"
"chr1","39289769","39290060","chr1","38944092","38944383","8","345677"
"chr1","39295746","39295831","chr1","38950006","38950091","2","345740"
"chr1","39296129","39296297","chr1","38950386","38950554","3","345743"
"chr1","39310767","39311057","chr2","48272556","48272851","35","8961789"
"chr1","39316161","39316460","chr9","108690967","108691263","33","69374806"
"chr1","39326394","39326682","chr1","38973413","38973704","8","352981"
"chr1","39328527","39328848","chr3","197813511","197813830","39","158484984"
"chr1","39329062","39329372","chr7","78967826","78968130","46","39638764"
"chr1","39341922","39342215","chr1","38988932","38989222","13","352990"
"chr1","39342510","39342802","chr5","7832498","7832787","47","31510012"
"chr1","39389443","39389647","chr6","53211328","53211529","38","13821885"
"chr1","39404762","39405060","chr1","39054202","39054500","1","350560"
"chr1","39411678","39411990","chr1","39061088","39061401","8","350590"
"chr1","39416955","39417138","chr1","39066359","39066538","7","350596"
"chr1","39417446","39417571","chr1","39066847","39066972","0","350599"
"chr1","39493051","39493275","chr1","20106990","20107222","49","19386061"
"chr1","39499892","39500000","chr7","128617238","128617348","14","89117346"
"chr1","39503004","39503306","chr1","39149252","39149587","40","353752"
"chr1","39503767","39504057","chr1","39150031","39150317","10","353736"
"chr1","39534379","39534679","chr1","39179734","39180035","9","354645"
"chr1","39534978","39535260","chr1","39180334","39180616","6","354644"
"chr1","39558706","39558947","chr1","39203992","39204233","2","354714"
"chr1","39564534","39564834","chr1","39209808","39210108","3","354726"
"chr1","39565716","39565994","chr4","70767686","70767978","40","31201970"
"chr1","39572110","39572332","chr1","39217293","39217517","5","354817"
"chr1","39572415","39572722","chr1","39217598","39217899","9","354817"
"chr1","39574017","39574324","chr1","39218772","39219079","7","355245"
"chr1","39584682","39584978","chr1","39229739","39230035","4","354943"
"chr1","39594657","39594958","chr1","39241378","39241682","10","353279"
"chr1","39595344","39595640","chr1","7764677","7764973","41","31830667"
"chr1","39606621","39606920","chr1","39253510","39253815","14","353111"
"chr1","39615744","39616037","chr1","39262120","39262422","15","353624"
"chr1","39656790","39657081","chr20","53781017","53781303","9","14124227"
"chr1","39659659","39659933","chr1","39306150","39306427","11","353509"
"chr1","39660410","39660690","chr1","39306894","39307171","5","353516"
"chr1","39705004","39705303","chr1","39351582","39351887","12","353422"
"chr1","39705939","39706180","chr1","39352523","39352764","4","353416"
"chr1","39720676","39720977","chr1","39366944","39367246","8","353732"
"chr1","39727294","39727591","chr1","39373571","39373867","6","353723"
"chr1","39727684","39727990","chr1","39373960","39374266","4","353724"
"chr1","39743108","39743429","chr1","39389352","39389659","18","353756"
"chr1","39757724","39757994","chr1","39404214","39404484","5","353510"
"chr1","39772241","39772539","chr1","39418581","39418875","11","353660"
"chr1","39792186","39792478","chr1","39438510","39438795","12","353676"
"chr1","39818683","39818985","chr1","39464626","39464926","4","354057"
"chr1","39886755","39887061","chr1","39551725","39552031","4","335030"
"chr1","39922752","39923056","chr1","39587828","39588133","6","334924"
"chr1","39925257","39925592","chr3","87538592","87538920","51","47613335"
"chr1","39939276","39939573","chr1","39604959","39605254","9","334317"
"chr1","39947059","39947362","chr1","39612785","39613088","10","334274"
"chr1","39984159","39984467","chr15","56053831","56054139","34","16069672"
"chr1","40019791","40020095","chr1","39724102","39724406","2","295689"
"chr1","40030911","40031195","chr19","40757981","40758261","52","727070"
"chr1","40091460","40091685","chr1","161005453","161005672","35","120913993"
"chr1","40160106","40160381","chr1","39795244","39795523","6","364862"
"chr1","40166074","40166377","chr1","39801205","39801505","9","364869"
"chr1","40189726","40190029","chr1","39823790","39824095","7","365936"
"chr1","40196539","40196784","chr1","39830596","39830843","5","365943"
"chr1","40225481","40225790","chr16","29010791","29011099","52","11214690"
"chr1","40251351","40251444","chr22","41401069","41401164","12","1149718"
"chr1","40286634","40286935","chr1","39914113","39914420","23","372521"
"chr1","40287022","40287219","chr1","39914492","39914715","28","372530"
"chr1","40287824","40287959","chr1","39915322","39915457","5","372502"
"chr1","40288420","40288718","chr1","39915917","39916213","5","372503"
"chr1","40289452","40289730","chr1","39916946","39917224","8","372506"
"chr1","40305928","40306235","chr1","39933392","39933692","13","372536"
"chr1","40317657","40317950","chr1","39945095","39945386","8","372562"
"chr1","40320808","40321080","chr1","39948238","39948507","13","372570"
"chr1","40323671","40323976","chr1","39951711","39952011","13","371960"
"chr1","40351148","40351394","chr1","39979011","39979257","9","372137"
"chr1","40359512","40359804","chr1","39987331","39987623","7","372181"
"chr1","40361584","40361670","chr1","39990586","39990672","1","370998"
"chr1","40365249","40365545","chr1","39994237","39994529","8","371012"
"chr1","40397062","40397345","chr1","40031183","40031466","8","365879"
"chr1","40397684","40397999","chr1","40031800","40032115","3","365884"
"chr1","40411418","40411722","chr1","40043595","40043900","9","367823"
"chr1","40413361","40413668","chr1","40045545","40045852","10","367816"
"chr1","40426459","40426748","chr1","40058444","40058733","9","368015"
"chr1","40431235","40431517","chr1","40063179","40063476","17","368056"
"chr1","40447399","40447709","chr1","40079387","40079695","10","368012"
"chr1","40474577","40474858","chr1","40106428","40106709","13","368149"
"chr1","40489520","40489820","chr1","40121339","40121637","11","368181"
"chr1","40494568","40494862","chr1","40126347","40126640","4","368221"
"chr1","40495266","40495563","chrX","112905655","112905952","44","72410389"
"chr1","40500001","40500237","chrX","54535930","54536165","44","14035929"
"chr1","40500641","40500939","chr1","40126347","40126640","17","374294"
"chr1","40506909","40507208","chr1","10466679","10466979","76","30040230"
"chr1","40508735","40509042","chr1","40139580","40139883","12","369155"
"chr1","40518612","40518909","chr1","40149465","40149765","10","369147"
"chr1","40522880","40523159","chr1","40153723","40154017","26","369157"
"chr1","40549964","40550270","chr1","40181148","40181454","3","368816"
"chr1","40554002","40554209","chr1","40185222","40185429","2","368780"
"chr1","40554759","40555068","chr1","40185873","40186181","13","368886"
"chr1","40572108","40572359","chr1","40203110","40203372","13","368998"
"chr1","40576627","40576917","chrX","54108649","54108942","38","13532022"
"chr1","40585800","40586096","chr1","40216773","40217066","7","369027"
"chr1","40594328","40594636","chr1","40225297","40225595","16","369031"
"chr1","40597062","40597340","chr1","40228023","40228297","9","369039"
"chr1","40599460","40599768","chr11","24943596","24943897","38","15655864"
"chr1","40614261","40614541","chr1","40245228","40245508","3","369033"
"chr1","40616338","40616624","chr1","40247315","40247605","9","369023"
"chr1","40621301","40621596","chr1","40252262","40252568","12","369039"
"chr1","40623350","40623606","chr10","96824077","96824346","44","56200727"
"chr1","40644523","40644807","chr1","93973999","93974283","31","53329476"
"chr1","40649214","40649514","chr1","40280416","40280723","10","368798"
"chr1","40656211","40656522","chr3","129634783","129635095","52","88978572"
"chr1","40656555","40656842","chr1","40287401","40287690","9","369154"
"chr1","40665748","40666053","chrX","7551142","7551452","36","33114606"
"chr1","40676053","40676350","chr1","40306845","40307144","8","369208"
"chr1","40727162","40727465","chr12","105048749","105049047","38","64321587"
"chr1","40860771","40861041","chr19","11080942","11081218","50","29779829"
"chr1","40911977","40912264","chr1","40430760","40431047","7","481217"
"chr1","40913398","40913696","chr6","41701663","41701966","34","788265"
"chr1","40922219","40922503","chr1","40440917","40441194","11","481302"
"chr1","40936366","40936674","chr1","52201375","52201678","45","11265009"
"chr1","40938424","40938562","chr1","40460563","40460701","4","477861"
"chr1","40938857","40939016","chr1","40461000","40461163","5","477857"
"chr1","40967396","40967721","chr1","40485897","40486220","10","481499"
"chr1","40979260","40979562","chr22","28944474","28944773","47","12034786"
"chr1","40981739","40982028","chr1","40501063","40501341","13","480676"
"chr1","40994288","40994588","chr1","40513584","40513887","7","480704"
"chr1","41014596","41014906","chr1","40533821","40534126","8","480775"
"chr1","41020147","41020442","chr1","40537459","40537754","3","482688"
"chr1","41021265","41021509","chr1","40538576","40538850","34","482689"
"chr1","41076124","41076419","chr1","40591040","40591337","6","485084"
"chr1","41096925","41097219","chr1","40611838","40612125","12","485087"
"chr1","41128893","41129203","chr1","40643471","40643778","9","485422"
"chr1","41141138","41141458","chr1","40655723","40656035","14","485415"
"chr1","41157224","41157533","chr1","40671749","40672057","16","485475"
"chr1","41163639","41163943","chr1","40678126","40678426","11","485513"
"chr1","41200612","41200898","chr1","40715122","40715407","4","485490"
"chr1","41220195","41220499","chr1","40733740","40734045","8","486455"
"chr1","41264171","41264463","chr1","40778077","40778367","8","486094"
"chr1","41330533","41330812","chr1","40844477","40844785","36","486056"
"chr1","41343785","41344092","chr1","40857434","40857742","6","486351"
"chr1","41352784","41353084","chr1","40865582","40865885","7","487202"
"chr1","41355499","41355573","chr2","165160169","165160244","10","123804670"
"chr1","41361726","41362013","chr1","40874425","40874708","13","487301"
"chr1","41393426","41393754","chr1","40906061","40906399","15","487365"
"chr1","41415485","41415773","chr1","40939255","40939541","9","476230"
"chr1","41416549","41416873","chr1","40940280","40940586","26","476269"
"chr1","41434328","41434576","chr1","40948257","40948508","12","486071"
"chr1","41443381","41443678","chr1","40957304","40957610","16","486077"
"chr1","41447739","41448049","chr1","40960816","40961125","7","486923"
"chr1","41448231","41448523","chr17","44364554","44364847","39","2916323"
"chr1","41450855","41451014","chr1","40963933","40964092","7","486922"
"chr1","41451317","41451479","chr1","40964396","40964558","2","486921"
"chr1","41469322","41469617","chr1","40982395","40982689","8","486927"
"chr1","41487166","41487474","chr1","41000261","41000551","21","486905"
"chr1","41512557","41512847","chr1","41025628","41025914","12","486929"
"chr1","41516164","41516449","chr1","41029214","41029499","2","486950"
"chr1","41530106","41530402","chr1","41043094","41043393","7","487012"
"chr1","41544287","41544581","chr2","58119216","58119494","52","16574929"
"chr1","41549339","41549471","chr1","41062322","41062459","7","487017"
"chr1","41559789","41560109","chr10","126865608","126865910","55","85305819"
"chr1","41596430","41596736","chr1","41103133","41103441","8","493297"
"chr1","41606383","41606678","chr1","41114684","41114979","6","491699"
"chr1","41756228","41756241","chr1","22369008","22369020","2","19387220"
"chr1","41756276","41756559","chr3","158141816","158142100","31","116385540"
"chr1","41760062","41760373","chr1","41267085","41267395","6","492977"
"chr1","41793081","41793335","chr1","41300107","41300361","5","492974"
"chr1","41794671","41794962","chr1","41301695","41301989","9","492976"
"chr1","41841120","41841435","chr1","41347794","41348101","18","493326"
"chr1","41846849","41846949","chr1","41353504","41353604","3","493345"
"chr1","41887621","41887920","chr1","41392978","41393280","9","494643"
"chr1","41906517","41906797","chr2","47279765","47280044","31","5373248"
"chr1","41906857","41906869","chr2","125546904","125546914","2","83640047"
"chr1","42090187","42090486","chr1","41594221","41594521","4","495966"
"chr1","42094783","42095088","chr7","138614393","138614694","48","96519610"
"chr1","42139416","42139720","chr1","180876354","180876656","50","138736938"
"chr1","42187398","42187647","chr1","41691884","41692141","11","495514"
"chr1","42246184","42246491","chr1","41750704","41751008","7","495480"
"chr1","42267761","42267840","chr12","68895698","68895777","5","26627937"
"chr1","42275285","42275593","chr1","41779488","41779796","1","495797"
"chr1","42282545","42282856","chr1","41786746","41787051","13","495799"
"chr1","42312199","42312505","chr17","78592797","78593098","46","36280598"
"chr1","42337533","42337825","chr1","41841808","41842101","4","495725"
"chr1","42378551","42378839","chr1","41883972","41884260","3","494579"
"chr1","42379964","42380257","chr1","41885384","41885676","7","494580"
"chr1","42520309","42520588","chr1","42023027","42023306","4","497282"
"chr1","42574740","42575045","chr1","42078775","42079063","24","495965"
"chr1","42621379","42621664","chr12","50536570","50536857","44","7915191"
"chr1","42629022","42629322","chr1","42132261","42132571","13","496761"
"chr1","42681626","42681913","chr1","42182510","42182797","0","499116"
"chr1","42706078","42706378","chr1","42206821","42207127","13","499257"
"chr1","42711218","42711494","chr1","42211974","42212250","4","499244"
"chr1","42736839","42737141","chr1","42238030","42238331","6","498809"
"chr1","42755983","42756316","chr1","42257434","42257764","14","498549"
"chr1","42761168","42761481","chr1","42262567","42262880","3","498601"
"chr1","42771986","42772286","chr1","42273392","42273695","13","498594"
"chr1","42797875","42798160","chr1","42299626","42299911","7","498249"
"chr1","42799438","42799737","chr1","42301200","42301501","10","498238"
"chr1","42830682","42830991","chr3","42008131","42008435","50","822551"
"chr1","42835763","42836043","chr1","42331099","42331384","11","504664"
"chr1","42841294","42841579","chr1","42336635","42336920","7","504659"
"chr1","42851999","42852306","chr4","70784202","70784501","47","27932203"
"chr1","42863745","42864049","chr1","42359125","42359426","14","504620"
"chr1","42881654","42881967","chr10","22741832","22742147","40","20139822"
"chr1","42882368","42882622","chr1","42377728","42377986","7","504640"
"chr1","42891198","42891480","chr1","42386598","42386880","11","504600"
"chr1","42891517","42891862","chr5","168311903","168312239","69","125420386"
"chr1","42892791","42893087","chr7","27303356","27303650","44","15589435"
"chr1","42894114","42894407","chr1","42389530","42389824","15","504584"
"chr1","42894610","42894920","chr1","42390027","42390336","7","504583"
"chr1","42913500","42913795","chr1","42408926","42409231","14","504574"
"chr1","42951071","42951359","chr1","42446376","42446665","7","504695"
"chr1","42976690","42976924","chr1","42472031","42472265","4","504659"
"chr1","42998611","42998743","chr2","169849462","169849594","17","126850851"
"chr1","43077616","43077712","chr1","1951789","1951880","17","41125827"
"chr1","43095506","43095814","chr21","32805361","32805661","51","10290145"
"chr1","43106466","43106773","chr1","42595265","42595573","5","511201"
"chr1","43117478","43117735","chr5","149468171","149468430","41","106350693"
"chr1","43121508","43121827","chr1","42610410","42610724","12","511098"
"chr1","43126986","43127292","chr1","42615296","42615602","4","511690"
"chr1","43134220","43134460","chr1","42622538","42622776","8","511682"
"chr1","43153457","43153755","chr16","19473064","19473375","51","23680393"
"chr1","43181384","43181554","chr1","42669422","42669584","10","511962"
"chr1","43191171","43191450","chr4","184842399","184842673","45","141651228"
"chr1","43221217","43221346","chr12","108658216","108658345","12","65436999"
"chr1","43230640","43230952","chr1","42720414","42720726","6","510226"
"chr1","43236947","43237212","chr1","42726568","42726863","34","510379"
"chr1","43271935","43272219","chr1","42759597","42759881","4","512338"
"chr1","43275822","43276132","chr1","42763390","42763700","5","512432"
"chr1","43286360","43286644","chrX","13647276","13647568","49","29639084"
"chr1","43303910","43304207","chr1","42791720","42792017","8","512190"
"chr1","43326753","43326888","chr1","9177190","9177308","43","34149563"
"chr1","43419685","43419967","chr1","37797142","37797417","44","5622543"
"chr1","43429096","43429403","chr1","42919785","42920094","10","509311"
"chr1","43440906","43441200","chr1","42931544","42931852","22","509362"
"chr1","43498261","43498553","chr1","42989062","42989354","8","509199"
"chr1","43508184","43508483","chr2","53977980","53978281","48","10469796"
"chr1","43532682","43532986","chr1","43019592","43019896","5","513090"
"chr1","43539616","43539751","chr1","43026683","43026818","4","512933"
"chr1","43540087","43540255","chr1","43027140","43027308","5","512947"
"chr1","43540508","43540823","chr1","43027576","43027889","6","512932"
"chr1","43600371","43600663","chr1","43092284","43092576","11","508087"
"chr1","43620456","43620741","chr1","43122571","43122856","3","497885"
"chr1","43665385","43665686","chr1","43163335","43163638","9","502050"
"chr1","43687627","43687926","chr16","12406638","12406931","42","31280989"
"chr1","43704460","43704766","chr1","43202503","43202808","10","501957"
"chr1","43717119","43717430","chr1","43212652","43212965","7","504467"
"chr1","43724154","43724443","chr1","43219695","43219984","7","504459"
"chr1","43730379","43730670","chr1","43225891","43226182","7","504488"
"chr1","43736064","43736376","chr1","43231574","43231879","9","504490"
"chr1","43759392","43759536","chr1","43254873","43255017","2","504519"
"chr1","43768957","43769291","chr1","43264329","43264664","14","504628"
"chr1","43771199","43771504","chr1","43266570","43266875","6","504629"
"chr1","43782624","43782918","chr1","43277985","43278279","2","504639"
"chr1","43791574","43791878","chr1","43286957","43287264","9","504617"
"chr1","43794238","43794548","chr1","43289622","43289926","14","504616"
"chr1","43803020","43803326","chr1","43298427","43298733","6","504593"
"chr1","43821996","43822255","chr5","34746405","34746666","37","9075591"
"chr1","43822281","43822415","chr9","133198733","133198868","9","89376452"
"chr1","43846028","43846326","chr1","43343057","43343353","6","502971"
"chr1","43860386","43860685","chr1","43356705","43356992","16","503681"
"chr1","43879926","43880231","chr1","43375308","43375613","2","504618"
"chr1","43918324","43918625","chr17","72846019","72846329","36","28927695"
"chr1","43963171","43963444","chr1","43458865","43459138","6","504306"
"chr1","43964997","43965300","chr1","43460718","43461021","7","504279"
"chr1","43986272","43986572","chr1","43481974","43482276","14","504298"
"chr1","43991708","43992002","chr1","43487402","43487696","11","504306"
"chr1","44003829","44004137","chr4","175645439","175645744","36","131641610"
"chr1","44007350","44007662","chr1","43504806","43505102","27","502544"
"chr1","44020080","44020373","chr1","43517532","43517825","4","502548"
"chr1","44028046","44028349","chr2","218289360","218289646","152","174261314"
"chr1","44060737","44061035","chr1","43557352","43557650","4","503385"
"chr1","44065809","44066102","chr1","43562418","43562711","3","503391"
"chr1","44137856","44138125","chr1","43632727","43633012","24","505129"
"chr1","44142074","44142378","chr1","43636513","43636808","13","505561"
"chr1","44147766","44148059","chr1","43642173","43642466","1","505593"
"chr1","44169895","44170195","chr1","43656330","43656637","9","513565"
"chr1","44186147","44186443","chr2","119307158","119307455","30","75121011"
"chr1","44207869","44208166","chr1","43694235","43694534","6","513634"
"chr1","44223592","44223878","chr1","43710090","43710381","12","513502"
"chr1","44228774","44229073","chr5","146708074","146708370","43","102479300"
"chr1","44233502","44233761","chr1","43719689","43719962","18","513813"
"chr1","44240375","44240672","chr1","43726596","43726893","12","513779"
"chr1","44242858","44243155","chr16","49917562","49917859","52","5674704"
"chr1","44258817","44258889","chr16","8413740","8413825","22","35845077"
"chr1","44300233","44300544","chr1","43784227","43784538","7","516006"
"chr1","44325691","44326000","chr1","43809713","43810022","8","515978"
"chr1","44414883","44415177","chr10","82740552","82740849","65","38325669"
"chr1","44437144","44437429","chr1","43917684","43917967","8","519460"
"chr1","44508082","44508217","chr1","43988240","43988379","5","519842"
"chr1","44508539","44508701","chr1","43988701","43988867","7","519838"
"chr1","44557217","44557521","chr1","44037995","44038306","11","519222"
"chr1","44570296","44570591","chr1","44050635","44050927","8","519661"
"chr1","44577952","44578241","chr1","44060188","44060477","4","517764"
"chr1","44585792","44586087","chr1","44068023","44068317","4","517769"
"chr1","44592779","44592878","chr1","44075014","44075108","5","517765"
"chr1","44594827","44595127","chr1","44077074","44077374","8","517753"
"chr1","44609473","44609764","chr1","44091374","44091661","11","518099"
"chr1","44619554","44619870","chr12","100246655","100246964","41","55627101"
"chr1","44619941","44620065","chr1","44099955","44100079","4","519986"
"chr1","44620093","44620262","chr1","44100117","44100287","2","519976"
"chr1","44629859","44630137","chr2","227054810","227055089","31","182424951"
"chr1","44647405","44647438","chr1","44127557","44127590","2","519848"
"chr1","44647858","44648124","chr1","44128079","44128345","8","519779"
"chr1","44651470","44651761","chr1","44131702","44131993","9","519768"
"chr1","44654018","44654316","chr1","45831781","45832079","43","1177763"
"chr1","44666391","44666699","chr1","44146208","44146528","14","520183"
"chr1","44669252","44669569","chr1","44149092","44149409","5","520160"
"chr1","44675512","44675814","chr1","44155353","44155655","10","520159"
"chr1","44678605","44678900","chr1","44158352","44158644","19","520253"
"chr1","44686239","44686411","chr20","47086204","47086375","25","2399965"
"chr1","44701819","44702123","chr1","44181355","44181661","11","520464"
"chr1","44710207","44710489","chr1","11403083","11403370","58","33307124"
"chr1","44716118","44716433","chr1","44194573","44194888","8","521545"
"chr1","44720467","44720760","chr1","44198532","44198828","8","521935"
"chr1","44725835","44726134","chr1","44203923","44204217","9","521912"
"chr1","44729361","44729654","chr1","44207460","44207747","14","521901"
"chr1","44866241","44866516","chr1","44343958","44344233","5","522283"
"chr1","44873356","44873661","chr1","44351037","44351332","11","522319"
"chr1","44895978","44896283","chr1","44373643","44373953","13","522335"
"chr1","44927923","44928232","chr13","59386338","59386642","54","14458415"
"chr1","44928906","44929192","chr10","114882621","114882903","60","69953715"
"chr1","44938393","44938518","chrX","39991036","39991161","9","4947357"
"chr1","44938891","44939174","chr1","44432945","44433229","5","505946"
"chr1","44969986","44970269","chr1","44432945","44433229","5","537041"
"chr1","44972731","44973032","chr1","44435648","44435950","4","537083"
"chr1","44981538","44981849","chr20","2854512","2854825","49","42127026"
"chr1","44989777","44989909","chr1","44452638","44452771","4","537139"
"chr1","44999129","44999416","chr15","43324335","43324624","45","1674794"
"chr1","45005816","45006113","chr1","44468632","44468929","5","537184"
"chr1","45012450","45012746","chr1","44475289","44475589","8","537161"
"chr1","45015131","45015434","chr16","3287970","3288266","34","41727161"
"chr1","45017805","45018072","chr1","44480620","44480911","38","537185"
"chr1","45019819","45020113","chr1","44482628","44482920","7","537191"
"chr1","45024752","45024873","chr1","44487551","44487672","1","537201"
"chr1","45024917","45025073","chr20","51503859","51504019","26","6478942"
"chr1","45025903","45026204","chr1","44488709","44489029","25","537194"
"chr1","45040178","45040487","chr1","44503052","44503358","10","537126"
"chr1","45066507","45066796","chr1","44529386","44529675","4","537121"
"chr1","45093195","45093492","chr1","44556034","44556331","4","537161"
"chr1","45097730","45098028","chr1","44560562","44560860","4","537168"
"chr1","45108083","45108384","chr1","44570792","44571094","7","537291"
"chr1","45114918","45115063","chr1","44577686","44577829","7","537232"
"chr1","45115354","45115647","chr1","44578137","44578435","10","537217"
"chr1","45195626","45195920","chr1","44658557","44658851","6","537069"
"chr1","45202666","45202975","chr19","53589501","53589810","6","8386835"
"chr1","45214843","45215132","chr1","44675679","44675972","14","539164"
"chr1","45226768","45227066","chr1","44686395","44686693","3","540373"
"chr1","45234859","45235172","chr1","44694498","44694815","7","540361"
"chr1","45239808","45240106","chr1","44699448","44699747","7","540360"
"chr1","45240172","45240494","chr1","44699820","44700128","21","540352"
"chr1","45242016","45242306","chr1","44701647","44701936","7","540369"
"chr1","45263789","45264105","chr1","44720754","44721070","3","543035"
"chr1","45271451","45271761","chr4","151383205","151383513","43","106111754"
"chr1","45287968","45288254","chr1","44764190","44764476","3","523778"
"chr1","45297146","45297454","chr1","44773364","44773670","8","523782"
"chr1","45300883","45301171","chr1","44777086","44777370","13","523797"
"chr1","45305701","45305943","chr1","44781880","44782119","7","523821"
"chr1","45312765","45313063","chr1","44788972","44789271","11","523793"
"chr1","45318819","45319059","chr4","2711667","2711939","35","42607152"
"chr1","45337688","45337998","chr1","44817814","44818072","56","519874"
"chr1","45344874","45345183","chr1","44825128","44825437","3","519746"
"chr1","45360200","45360513","chr1","44840429","44840744","10","519771"
"chr1","45371779","45372090","chr1","44851954","44852263","5","519825"
"chr1","45373838","45374140","chr1","44853995","44854294","7","519843"
"chr1","45378313","45378598","chr9","126192457","126192743","38","80814144"
"chr1","45385508","45385811","chr1","44864936","44865233","10","520572"
"chr1","45412616","45412911","chr1","44889254","44889549","9","523362"
"chr1","45412995","45413192","chr1","44889631","44889828","5","523364"
"chr1","45423543","45423843","chr2","216467190","216467492","39","171043647"
"chr1","45438349","45438644","chr1","44915017","44915311","7","523332"
"chr1","45441384","45441691","chr3","37818252","37818562","45","7623132"
"chr1","45442383","45442682","chr1","44919066","44919366","1","523317"
"chr1","45456135","45456477","chr1","2141311","2141645","47","43314824"
"chr1","45462028","45462305","chr10","62146822","62147106","42","16684794"
"chr1","45465700","45465998","chr1","44935502","44935800","4","530198"
"chr1","45466500","45466799","chr10","32777575","32777867","39","12688925"
"chr1","45480766","45480955","chr19","41138175","41138363","27","4342591"
"chr1","45489957","45490241","chr1","44957493","44957777","7","532464"
"chr1","45510243","45510535","chr1","44977469","44977759","9","532774"
"chr1","45521231","45521535","chr5","82643883","82644178","60","37122652"
"chr1","45525627","45525914","chr1","44993194","44993481","7","532433"
"chr1","45528869","45529177","chr1","43784227","43784538","38","1744642"
"chr1","45534139","45534434","chr1","164751034","164751332","46","119216895"
"chr1","45554323","45554566","chr17","29276390","29276637","30","16277933"
"chr1","45582923","45583140","chr3","134383983","134384198","30","88801060"
"chr1","45605083","45605385","chr1","45032483","45032786","7","572600"
"chr1","45622131","45622396","chr1","45049537","45049802","5","572594"
"chr1","45625139","45625431","chr6","345217","345509","47","45279922"
"chr1","45626133","45626431","chr1","45053480","45053783","14","572653"
"chr1","45626948","45627248","chr1","45054300","45054600","4","572648"
"chr1","45655438","45655744","chr16","68302982","68303286","60","22647544"
"chr1","45658426","45658732","chr1","45086882","45087183","9","571544"
"chr1","45669538","45669834","chr4","70767686","70767978","30","25098148"
"chr1","45691320","45691583","chr1","45120063","45120326","6","571257"
"chr1","45707155","45707450","chr5","146708074","146708370","34","101000919"
"chr1","45750270","45750572","chr1","45173993","45174290","12","576277"
"chr1","45750743","45751037","chr2","96398465","96398762","36","50647722"
"chr1","45785226","45785530","chr1","45208738","45209046","8","576488"
"chr1","45794898","45795196","chr1","45218409","45218707","5","576489"
"chr1","45801889","45802198","chr1","45226378","45226688","9","575511"
"chr1","45807030","45807322","chr1","45231462","45231754","11","575568"
"chr1","45816332","45816638","chr21","44635063","44635369","37","1181269"
"chr1","45831729","45832042","chr1","45256082","45256393","13","575647"
"chr1","45838593","45838862","chr22","42332496","42332766","45","3506097"
"chr1","45859666","45859960","chr1","45283315","45283607","8","576351"
"chr1","45871293","45871595","chr1","45294976","45295286","18","576317"
"chr1","45885637","45885869","chr1","45309352","45309584","2","576285"
"chr1","45892097","45892271","chr1","45315799","45315973","4","576298"
"chr1","45906956","45907085","chr1","45330668","45330797","3","576288"
"chr1","45911863","45912121","chr6","54804182","54804432","39","8892319"
"chr1","45913433","45913741","chr3","41939164","41939459","62","3974269"
"chr1","45923575","45923866","chr1","45347285","45347575","5","576290"
"chr1","45942394","45942677","chr1","45366120","45366386","25","576274"
"chr1","45971201","45971492","chr5","40878912","40879202","38","5092289"
"chr1","45972598","45972893","chr1","45396100","45396395","8","576498"
"chr1","45973305","45973612","chr1","45396806","45397118","10","576499"
"chr1","45974817","45975081","chr1","45398307","45398575","8","576510"
"chr1","46026374","46026686","chr1","45441615","45441920","10","584759"
"chr1","46028048","46028346","chr1","45443283","45443595","20","584765"
"chr1","46042984","46043280","chr1","45458284","45458581","2","584700"
"chr1","46060970","46061243","chr1","45476225","45476498","5","584745"
"chr1","46069236","46069529","chr1","45484454","45484748","18","584782"
"chr1","46070273","46070536","chr20","21307925","21308188","37","24762348"
"chr1","46079678","46079962","chr1","41029214","41029499","37","5050464"
"chr1","46090732","46091056","chr8","56057077","56057396","46","9966345"
"chr1","46125343","46125645","chr1","45538270","45538572","5","587073"
"chr1","46133731","46134040","chr1","45546583","45546895","10","587148"
"chr1","46145029","46145336","chr1","45557913","45558215","7","587116"
"chr1","46147121","46147439","chr1","45559992","45560285","29","587129"
"chr1","46191193","46191464","chr1","45597028","45597299","3","594165"
"chr1","46213081","46213358","chr1","45618943","45619214","10","594138"
"chr1","46224119","46224414","chr1","45629955","45630250","10","594164"
"chr1","46237837","46238136","chr1","45643659","45643965","13","594178"
"chr1","46257247","46257552","chr1","45662770","45663072","8","594477"
"chr1","46262870","46263177","chr1","45668373","45668680","7","594497"
"chr1","46271588","46271900","chr1","45677055","45677363","6","594533"
"chr1","46286414","46286713","chr15","51949418","51949716","32","5663004"
"chr1","46291910","46292209","chr1","45697248","45697551","16","594662"
"chr1","46300328","46300614","chr13","48245044","48245337","44","1944716"
"chr1","46311030","46311305","chr1","45712034","45712314","10","598996"
"chr1","46331387","46331702","chr10","77903147","77903456","58","31571760"
"chr1","46336398","46336697","chr1","45735083","45735382","1","601315"
"chr1","46343791","46344092","chr1","45743729","45744031","6","600062"
"chr1","46348653","46348952","chr1","45775224","45775501","26","573429"
"chr1","46350344","46350476","chr1","45776899","45777032","3","573445"
"chr1","46365784","46366084","chr1","45792698","45792999","4","573086"
"chr1","46369155","46369460","chr1","45796024","45796330","7","573131"
"chr1","46384065","46384353","chr1","45810855","45811150","9","573210"
"chr1","46404958","46405255","chr1","45831781","45832079","6","573177"
"chr1","46426470","46426769","chr1","45853368","45853649","28","573102"
"chr1","46432278","46432513","chr1","45859159","45859399","9","573119"
"chr1","46453730","46454029","chr1","45880699","45880994","15","573031"
"chr1","46469115","46469404","chr1","45896043","45896330","6","573072"
"chr1","46477860","46478156","chr1","45905175","45905469","6","572685"
"chr1","46507049","46507320","chr1","45932400","45932671","6","574649"
"chr1","46546304","46546593","chr1","45966451","45966740","6","579853"
"chr1","46546938","46547226","chr1","45967082","45967369","8","579856"
"chr1","46556175","46556350","chr1","45976317","45976494","5","579858"
"chr1","46559820","46560119","chr1","45980004","45980297","10","579816"
"chr1","46573246","46573536","chr1","45993402","45993692","6","579844"
"chr1","46579871","46580176","chr1","46000032","46000337","7","579839"
"chr1","46592726","46592832","chr15","25539011","25539117","12","21053715"
"chr1","46610304","46610454","chr1","46032848","46032998","5","577456"
"chr1","46610747","46610908","chr1","46033290","46033454","3","577457"
"chr1","46642409","46642722","chr9","72532259","72532571","40","25889850"
"chr1","46684347","46684649","chr1","46104647","46104950","7","579700"
"chr1","46690056","46690218","chr12","31643249","31643414","23","15046807"
"chr1","46690245","46690364","chr1","32978339","32978455","14","13711906"
"chr1","46702656","46702945","chr1","46122378","46122667","4","580278"
"chr1","46708263","46708384","chr4","109951026","109951146","15","63242763"
"chr1","46733132","46733434","chr1","46149528","46149830","4","583604"
"chr1","46740755","46741054","chr7","126966137","126966434","55","80225382"
"chr1","46746236","46746539","chr1","46162619","46162922","2","583617"
"chr1","46751474","46751761","chr1","46167874","46168161","5","583600"
"chr1","46761683","46761978","chr1","46178077","46178368","7","583606"
"chr1","46766882","46767149","chr1","46182428","46182695","3","584454"
"chr1","46788845","46789140","chr1","46198937","46199236","9","589908"
"chr1","46792332","46792641","chr1","46202411","46202724","10","589921"
"chr1","46796971","46797270","chr15","39705719","39706017","47","7091252"
"chr1","46812800","46813121","chr1","46222892","46223217","11","589908"
"chr1","46814689","46814972","chr1","46224778","46225060","7","589911"
"chr1","46819743","46820058","chr1","46229685","46230000","94","590058"
"chr1","46822349","46822630","chr17","44752421","44752700","32","2069928"
"chr1","46824674","46824703","chr1","46234624","46234651","6","590050"
"chr1","46824744","46825027","chr1","46234680","46234963","1","590064"
"chr1","46852284","46852591","chr1","46256862","46257177","15","595422"
"chr1","46859215","46859520","chr1","46263790","46264095","5","595425"
"chr1","46860625","46860840","chr1","46265201","46265416","5","595424"
"chr1","46866810","46867105","chr1","46271374","46271668","6","595436"
"chr1","46877204","46877514","chr1","46281798","46282092","17","595406"
"chr1","46886348","46886653","chr1","46290952","46291223","35","595396"
"chr1","46889497","46889802","chr1","46290952","46291223","35","598545"
"chr1","46890592","46890838","chr1","46292032","46292273","29","598560"
"chr1","46897838","46898119","chr1","46299599","46299877","10","598239"
"chr1","46898300","46898587","chrX","1116549","1116827","58","45781751"
"chr1","46910569","46910878","chr1","46312095","46312404","12","598474"
"chr1","46918217","46918338","chr1","46319679","46319799","3","598538"
"chr1","46931104","46931388","chr1","46333274","46333557","2","597830"
"chr1","46959327","46959655","chrX","1193815","1194140","64","45765512"
"chr1","46967826","46968122","chr1","46367760","46368064","10","600066"
"chr1","46972766","46973074","chr1","46372714","46373020","6","600052"
"chr1","46977122","46977417","chr1","46377057","46377349","6","600065"
"chr1","46978275","46978584","chr1","46378202","46378496","17","600073"
"chr1","47050870","47051172","chr1","46443655","46443955","10","607215"
"chr1","47069997","47070327","chr1","46462810","46463122","24","607187"
"chr1","47082831","47083130","chr9","91372905","91373202","50","44290074"
"chr1","47091658","47091972","chr7","141568563","141568874","36","94476905"
"chr1","47108532","47108784","chr1","46501277","46501566","39","607255"
"chr1","47179349","47179650","chr1","46572223","46572517","13","607126"
"chr1","47180858","47181152","chr1","46573734","46574032","8","607124"
"chr1","47200357","47200665","chr1","46593577","46593884","10","606780"
"chr1","47229875","47230150","chr1","46623250","46623525","1","606625"
"chr1","47240952","47241257","chr1","46634331","46634640","8","606621"
"chr1","47247663","47247975","chr1","46641067","46641377","9","606596"
"chr1","47256409","47256715","chr1","46659967","46660273","5","596442"
"chr1","47257518","47257813","chr1","46661077","46661373","10","596441"
"chr1","47268443","47268707","chr1","46672247","46672514","16","596196"
"chr1","47275791","47276063","chr1","46679634","46679879","34","596157"
"chr1","47278926","47279183","chr1","46682742","46682999","6","596184"
"chr1","47338141","47338425","chr1","46738710","46738994","4","599431"
"chr1","47416120","47416425","chr1","46800330","46800628","14","615790"
"chr1","47461915","47462082","chr1","46843629","46843796","3","618286"
"chr1","47472648","47472815","chr1","47117469","47117636","4","355179"
"chr1","47492514","47492732","chr1","46893968","46894186","3","598546"
"chr1","47620068","47620342","chr1","47031760","47032066","37","588308"
"chr1","47660399","47660704","chr1","47071117","47071423","10","589282"
"chr1","47663691","47663817","chr13","93047743","93047875","17","45384052"
"chr1","47681931","47682134","chr1","47094727","47094941","14","587204"
"chr1","47683792","47684096","chr1","47096627","47096929","7","587165"
"chr1","47838199","47838501","chr1","47249574","47249876","11","588625"
"chr1","47849740","47850050","chr1","47261107","47261414","21","588633"
"chr1","47855196","47855498","chr1","47264958","47265260","9","590238"
"chr1","47875417","47875717","chr1","47284608","47284908","7","590809"
"chr1","47876672","47876982","chr1","47285864","47286173","8","590808"
"chr1","47883693","47883959","chr1","47291599","47291865","3","592094"
"chr1","47888582","47888893","chr1","47296519","47296831","8","592063"
"chr1","47898986","47899280","chr1","47306873","47307171","16","592113"
"chr1","47900882","47901171","chr1","47308772","47309067","8","592110"
"chr1","47917448","47917751","chr1","223433131","223433433","60","175515683"
"chr1","47923901","47924195","chr1","47342989","47343286","11","580912"
"chr1","47928569","47928874","chr1","47347623","47347930","8","580946"
"chr1","47955494","47955666","chr8","65528280","65528466","41","17572786"
"chr1","47977946","47978244","chr1","47382099","47382401","6","595847"
"chr1","47981418","47981697","chr1","47385548","47385851","29","595870"
"chr1","47982900","47983197","chr1","47387067","47387364","3","595833"
"chr1","47987352","47987646","chr1","47391487","47391785","6","595865"
"chr1","47988254","47988552","chr1","47392393","47392686","9","595861"
"chr1","48016010","48016310","chr2","178276372","178276672","34","130260362"
"chr1","48022086","48022394","chr1","47426249","47426557","2","595837"
"chr1","48100640","48100940","chr1","47504129","47504430","5","596511"
"chr1","48545992","48546303","chr1","47949398","47949707","6","596594"
"chr1","48563272","48563551","chr1","47966623","47966904","11","596649"
"chr1","48754537","48754671","chr9","74786917","74787052","14","26032380"
"chr1","49010624","49010929","chr5","97661689","97662000","46","48651065"
"chr1","49304201","49304514","chr19","9865479","9865791","42","39438722"
"chr1","49308927","49309211","chr19","10883736","10884016","38","38425191"
"chr1","49309255","49309265","chr1","20227747","20227758","2","29081508"
"chr1","49400542","49400785","chr1","48797606","48797846","5","602936"
"chr1","49453070","49453380","chr1","48849691","48850002","3","603379"
"chr1","49530046","49530336","chr1","48926298","48926587","8","603748"
"chr1","49539459","49539760","chr2","99736609","99736909","29","50197150"
"chr1","49917017","49917368","chr1","49303451","49303775","34","613566"
"chr1","49942246","49942528","chr1","49329025","49329326","23","613221"
"chr1","50156126","50156431","chr1","49542618","49542925","8","613508"
"chr1","50279945","50280261","chr18","8853365","8853675","42","41426580"
"chr1","50301072","50301372","chr1","49687490","49687801","15","613582"
"chr1","50459051","50459346","chr2","47244639","47244937","52","3214412"
"chr1","50515206","50515498","chr1","49899759","49900051","2","615447"
"chr1","50641128","50641413","chr1","50027131","50027409","9","613997"
"chr1","50643035","50643328","chr1","50029034","50029327","2","614001"
"chr1","50643539","50643833","chr1","50029539","50029833","1","614000"
"chr1","50775327","50775612","chr2","74976824","74977107","42","24201497"
"chr1","50878661","50878957","chr1","50267848","50268145","3","610813"
"chr1","50903772","50904087","chr14","105396489","105396802","53","54492717"
"chr1","50908089","50908376","chr10","62146822","62147106","44","11238733"
"chr1","50981656","50981787","chr1","50358606","50358739","3","623050"
"chr1","51008808","51009123","chr1","50407193","50407498","17","601615"
"chr1","51051513","51051802","chr1","50449913","50450210","12","601600"
"chr1","51057424","51057679","chr1","50455832","50456087","8","601592"
"chr1","51069873","51070031","chr1","50468303","50468459","7","601570"
"chr1","51070324","51070460","chr1","50468759","50468895","3","601565"
"chr1","51080089","51080391","chr1","50478164","50478462","7","601925"
"chr1","51092003","51092245","chr1","91050544","91050789","30","39958541"
"chr1","51120685","51120987","chr1","50513198","50513502","7","607487"
"chr1","51127785","51128085","chr1","26109125","26109422","43","25018660"
"chr1","51135228","51135506","chr1","50534292","50534573","6","600936"
"chr1","51146232","51146508","chr1","50545290","50545566","2","600942"
"chr1","51159086","51159392","chr1","50557911","50558198","33","601175"
"chr1","51189750","51189993","chr3","50063620","50063860","39","1126130"
"chr1","51194418","51194727","chr9","98237892","98238203","44","47043474"
"chr1","51195797","51196095","chr1","50594031","50594332","10","601766"
"chr1","51204314","51204614","chr1","50602504","50602801","6","601810"
"chr1","51238402","51238478","chr5","176344389","176344466","7","125105987"
"chr1","51241070","51241381","chr11_KI270927v1_alt","67064","67372","33","51174006"
"chr1","51250345","51250579","chr1","50665895","50666129","3","584450"
"chr1","51267634","51267930","chr1","50683245","50683543","11","584389"
"chr1","51276110","51276395","chr1","50691251","50691541","11","584859"
"chr1","51309631","51309902","chr1","50733825","50734096","2","575806"
"chr1","51326518","51326820","chr1","50750612","50750922","13","575906"
"chr1","51328995","51329304","chr1","50752677","50752983","5","576318"
"chr1","51346349","51346648","chr1","50769769","50770068","5","576580"
"chr1","51382873","51383154","chr1","46122378","46122667","46","5260495"
"chr1","51387875","51388186","chr1","50815742","50816043","20","572133"
"chr1","51398307","51398602","chr1","50826270","50826566","5","572037"
"chr1","51402091","51402398","chr1","50830099","50830408","6","571992"
"chr1","51454235","51454517","chr12","49429470","49429755","46","2024765"
"chr1","51456151","51456462","chr16","24136866","24137188","50","27319285"
"chr1","51473548","51473833","chr6","97248591","97248872","52","45775043"
"chr1","51482997","51483301","chr1","50911061","50911370","11","571936"
"chr1","51483344","51483634","chr1","50911414","50911704","8","571930"
"chr1","51498442","51498706","chr1","50927299","50927554","9","571143"
"chr1","51519572","51519876","chr1","50948521","50948825","11","571051"
"chr1","51522003","51522307","chr1","50950950","50951253","5","571053"
"chr1","51534341","51534642","chr1","50962100","50962399","8","572241"
"chr1","51560590","51560906","chr1","50988289","50988605","8","572301"
"chr1","51564261","51564572","chr1","50991971","50992282","17","572290"
"chr1","51574625","51574911","chr1","51002310","51002595","13","572315"
"chr1","51581398","51581707","chr1","51009070","51009379","4","572328"
"chr1","51583867","51584172","chr1","51011548","51011845","13","572319"
"chr1","51600439","51600734","chr1","51028080","51028373","6","572359"
"chr1","51613809","51614099","chr1","51039725","51040015","3","574084"
"chr1","51616311","51616604","chr1","51042215","51042508","4","574096"
"chr1","51628426","51628717","chr1","51054270","51054571","14","574156"
"chr1","51629415","51629726","chr1","51055239","51055549","8","574176"
"chr1","51643085","51643390","chr1","51068852","51069159","2","574233"
"chr1","51656148","51656437","chr1","51081928","51082217","1","574220"
"chr1","51661859","51662156","chr1","51087643","51087941","8","574216"
"chr1","51664203","51664505","chr1","51089988","51090290","2","574215"
"chr1","51684932","51685239","chr1","51110687","51110988","11","574245"
"chr1","51689318","51689595","chr1","51115063","51115341","5","574255"
"chr1","51692163","51692477","chr1","51117905","51118214","8","574258"
"chr1","51715077","51715369","chr1","51138696","51138988","6","576381"
"chr1","51718226","51718464","chr1","51141837","51142074","6","576389"
"chr1","51722568","51722862","chr1","51146177","51146472","4","576391"
"chr1","51726575","51726872","chr1","51150192","51150492","8","576383"
"chr1","51739585","51739848","chr20","61368547","61368815","45","9628962"
"chr1","51740205","51740509","chr1","51163830","51164132","12","576375"
"chr1","51747135","51747309","chr1","51170752","51170926","4","576383"
"chr1","51751075","51751342","chr1","51174697","51174964","6","576378"
"chr1","51762544","51762827","chr1","17508546","17508835","38","34253998"
"chr1","51762841","51763136","chr1","51186682","51186967","17","576159"
"chr1","51770705","51771001","chr1","51194486","51194800","20","576219"
"chr1","51771260","51771567","chr12","19287797","19288101","31","32483463"
"chr1","51771678","51771981","chr12","19287797","19288101","31","32483881"
"chr1","51772777","51773086","chr3","10125809","10126112","39","41646968"
"chr1","51774787","51775081","chr1","51197823","51198115","8","576964"
"chr1","51778941","51779244","chr1","51201773","51202073","8","577168"
"chr1","51801884","51802016","chr1","51223465","51223597","1","578419"
"chr1","51803717","51804001","chr1","51225297","51225563","26","578420"
"chr1","51805287","51805416","chr1","51226830","51226959","1","578457"
"chr1","51810744","51811050","chr1","51232294","51232603","7","578450"
"chr1","51812980","51813293","chr1","51234413","51234713","18","578567"
"chr1","51816954","51817259","chr1","51238732","51239028","15","578222"
"chr1","51830050","51830358","chr1","51251798","51252106","11","578252"
"chr1","51832704","51833000","chr1","51254452","51254762","18","578252"
"chr1","51843132","51843439","chr1","51265034","51265341","4","578098"
"chr1","51848411","51848614","chr1","51270331","51270534","5","578080"
"chr1","51852539","51852844","chr1","51274465","51274774","6","578074"
"chr1","51861011","51861298","chr1","51281164","51281459","16","579847"
"chr1","51877049","51877347","chr1","51297216","51297518","11","579833"
"chr1","51889859","51890086","chr1","104667248","104667459","49","52777389"
"chr1","51899779","51900081","chr1","51319679","51319987","11","580100"
"chr1","51907332","51907625","chr1","51327700","51327995","4","579632"
"chr1","51918426","51918560","chr5","140617144","140617279","10","88698718"
"chr1","51930586","51930886","chr1","51350922","51351216","10","579664"
"chr1","51938377","51938672","chr1","51358700","51359003","13","579677"
"chr1","51942678","51942977","chr1","51363016","51363315","5","579662"
"chr1","51948259","51948568","chr1","51368585","51368894","7","579674"
"chr1","51956119","51956422","chr1","51376382","51376685","5","579737"
"chr1","51958867","51959164","chr1","51379126","51379419","9","579741"
"chr1","51959525","51959826","chr1","51379780","51380074","8","579745"
"chr1","51979051","51979349","chr5","32020643","32020945","40","19958408"
"chr1","51979361","51979652","chr1","51399577","51399870","7","579784"
"chr1","52004492","52004799","chr1","51424622","51424929","3","579870"
"chr1","52010137","52010442","chr1","51430287","51430584","16","579850"
"chr1","52017343","52017629","chr1","51437493","51437782","7","579850"
"chr1","52049286","52049597","chr1","51468846","51469157","7","580440"
"chr1","52050804","52051109","chr1","51470363","51470670","12","580441"
"chr1","52056586","52056891","chr1","51470363","51470670","9","586223"
"chr1","52068709","52068976","chr1","51482498","51482765","2","586211"
"chr1","52090669","52090976","chr20","36382518","36382828","40","15708151"
"chr1","52096898","52097183","chr1","51511213","51511498","3","585685"
"chr1","52113710","52114010","chr1","51528591","51528890","9","585119"
"chr1","52115827","52116099","chr1","51530716","51530988","3","585111"
"chr1","52120672","52120951","chr1","51535554","51535862","35","585118"
"chr1","52123099","52123398","chr1","51538009","51538316","16","585090"
"chr1","52126963","52127261","chr2","64564841","64565137","50","12437878"
"chr1","52134644","52134947","chr12","122410459","122410758","39","70275815"
"chr1","52140648","52140960","chr1","51555558","51555870","4","585090"
"chr1","52146131","52146418","chr1","51560968","51561255","4","585163"
"chr1","52148088","52148400","chr1","51562927","51563239","5","585161"
"chr1","52167510","52167793","chr1","51582332","51582629","18","585178"
"chr1","52172249","52172544","chr1","51587095","51587390","7","585154"
"chr1","52178866","52179124","chr1","51591526","51591784","4","587340"
"chr1","52194762","52195073","chr1","51607154","51607461","8","587608"
"chr1","52195914","52196068","chr14","58190678","58190833","19","5994764"
"chr1","52196097","52196227","chr12","112034216","112034343","15","59838119"
"chr1","52211980","52212288","chr1","51624305","51624612","15","587675"
"chr1","52213186","52213490","chr1","51625519","51625823","4","587667"
"chr1","52234221","52234523","chr10","98731003","98731307","44","46496782"
"chr1","52237081","52237220","chr4","82250729","82250864","18","30013648"
"chr1","52253229","52253517","chr1","51649122","51649410","5","604107"
"chr1","52272455","52272768","chr1","51668340","51668652","5","604115"
"chr1","52280385","52280650","chr1","51676178","51676438","10","604207"
"chr1","52284588","52284896","chr1","51680372","51680678","7","604216"
"chr1","52287735","52288040","chr1","51684528","51684833","3","603207"
"chr1","52288548","52288831","chr1","51685414","51685697","10","603134"
"chr1","52322563","52322864","chr1","51720793","51721097","4","601770"
"chr1","52372678","52372982","chr1","51770138","51770442","4","602540"
"chr1","52374772","52375076","chr1","51772231","51772535","6","602541"
"chr1","52375706","52375778","chr4","17626902","17626963","26","34748804"
"chr1","52405704","52405998","chr1","51803195","51803492","5","602509"
"chr1","52421268","52421564","chr1","51819020","51819316","5","602248"
"chr1","52434284","52434594","chr1","51832036","51832346","9","602248"
"chr1","52436544","52436842","chr1","51834300","51834615","22","602244"
"chr1","52437683","52437992","chr1","51835457","51835764","8","602226"
"chr1","52448807","52449108","chr1","51846117","51846413","18","602690"
"chr1","52487279","52487572","chr1","61020327","61020612","51","8533048"
"chr1","52530320","52530648","chr12","110875810","110876123","62","58345490"
"chr1","52532163","52532452","chr1","51929331","51929615","8","602832"
"chr1","52542375","52542656","chr2","61779392","61779676","51","9237017"
"chr1","52546812","52547097","chr2","74976824","74977107","35","22430012"
"chr1","52559115","52559419","chr1","51955400","51955699","10","603715"
"chr1","52565485","52565790","chr2","158826510","158826814","41","106261025"
"chr1","52575579","52575866","chr1","51971899","51972186","9","603680"
"chr1","52586192","52586496","chr1","51982472","51982778","13","603720"
"chr1","52586827","52587088","chr10","97545821","97546084","39","44958994"
"chr1","52587418","52587717","chr1","51983678","51983977","7","603740"
"chr1","52594844","52595156","chr1","51991556","51991868","7","603288"
"chr1","52604264","52604555","chr1","52001000","52001292","7","603264"
"chr1","52613037","52613313","chr1","52010710","52010986","4","602327"
"chr1","52619907","52620205","chr1","52016964","52017273","20","602943"
"chr1","52625863","52626006","chr1","169419298","169419440","17","116793435"
"chr1","52628920","52629055","chr1","52026618","52026753","3","602302"
"chr1","52630136","52630414","chr1","52027846","52028124","4","602290"
"chr1","52640722","52641010","chr1","52038316","52038607","7","602406"
"chr1","52641730","52642022","chr1","52039334","52039629","8","602396"
"chr1","52649650","52649791","chr1","52046594","52046735","1","603056"
"chr1","52651631","52651916","chr1","52048586","52048863","11","603045"
"chr1","52664269","52664564","chr1","52061215","52061510","9","603054"
"chr1","52682620","52682927","chr1","52085568","52085873","8","597052"
"chr1","52696135","52696409","chr20","3488980","3489249","52","49207155"
"chr1","52697321","52697540","chr1","52099916","52100135","5","597405"
"chr1","52704792","52705096","chr16","68844968","68845267","35","16140176"
"chr1","52713962","52714247","chrX","153732886","153733171","31","101018924"
"chr1","52718281","52718573","chr1","52129800","52130091","7","588481"
"chr1","52737014","52737139","chr2","215371682","215371812","23","162634668"
"chr1","52737702","52738000","chr1","52148640","52148938","3","589062"
"chr1","52753236","52753533","chr1","52164211","52164513","14","589025"
"chr1","52782740","52783039","chr11","64666205","64666501","37","11883465"
"chr1","52794846","52795151","chr1","52201375","52201678","7","593471"
"chr1","52795741","52796026","chr1","52203175","52203462","8","592566"
"chr1","52797031","52797326","chr1","52204454","52204748","5","592577"
"chr1","52806705","52807004","chr17","61336831","61337131","38","8530126"
"chr1","52823754","52824040","chr1","52231236","52231526","9","592518"
"chr1","52824964","52825256","chr1","52232448","52232754","17","592516"
"chr1","52834531","52834824","chr1","52242032","52242331","11","592499"
"chr1","52851953","52852253","chr4","48437868","48438165","41","4414085"
"chr1","52855229","52855533","chr1","52262790","52263106","15","592439"
"chr1","52865144","52865398","chr2","27718031","27718286","41","25147113"
"chr1","52871877","52872164","chr1","52279476","52279763","3","592401"
"chr1","52881293","52881607","chr1","52288639","52288955","11","592654"
"chr1","52884629","52884936","chr1","52291999","52292314","14","592630"
"chr1","52887541","52887824","chr1","52294921","52295204","1","592620"
"chr1","52893499","52893807","chr1","52300856","52301159","12","592643"
"chr1","52902599","52902883","chr19","40757981","40758261","62","12144618"
"chr1","52909875","52910142","chr1","52317237","52317509","8","592638"
"chr1","52916243","52916444","chr12","88119517","88119715","31","35203274"
"chr1","52917551","52917695","chr1","16920357","16920492","33","35997194"
"chr1","52917924","52918059","chr11","67092392","67092521","31","14174468"
"chr1","52929371","52929668","chr1","52335852","52336146","7","593519"
"chr1","52929882","52930180","chr1","52336360","52336657","7","593522"
"chr1","52934131","52934441","chr1","52340618","52340933","7","593513"
"chr1","52972063","52972343","chr1","52376237","52376511","10","595826"
"chr1","52978882","52979152","chr1","52383076","52383346","4","595806"
"chr1","52987400","52987709","chr1","52391618","52391927","10","595782"
"chr1","52994061","52994360","chr1","52398268","52398563","7","595793"
"chr1","53005101","53005389","chr1","52409329","52409616","10","595772"
"chr1","53043388","53043671","chr1","93973999","93974283","27","40930611"
"chr1","53088607","53088912","chr1","52499117","52499422","2","589490"
"chr1","53099548","53099859","chr1","52510031","52510344","11","589517"
"chr1","53103660","53103968","chr1","52514159","52514462","10","589501"
"chr1","53110900","53111196","chr1","52521384","52521680","4","589516"
"chr1","53112901","53113204","chr1","52523324","52523626","3","589577"
"chr1","53127496","53127794","chr1","52537954","52538252","5","589542"
"chr1","53135451","53135766","chrX","40456537","40456849","54","12678914"
"chr1","53147075","53147366","chr1","52557474","52557765","4","589601"
"chr1","53149196","53149477","chr1","52559600","52559881","4","589596"
"chr1","53151844","53152092","chr1","52562233","52562476","9","589611"
"chr1","53152751","53153054","chr1","52563132","52563431","12","589619"
"chr1","53167516","53167800","chr1","52577947","52578226","9","589569"
"chr1","53172714","53173013","chr1","52582826","52583127","6","589888"
"chr1","53176660","53176949","chr10","80128035","80128333","39","26951375"
"chr1","53208411","53208722","chr10","18481235","18481546","40","34727176"
"chr1","53211201","53211516","chr1","52621372","52621687","11","589829"
"chr1","53215297","53215621","chr3","139002235","139002543","59","85786938"
"chr1","53216508","53216818","chr1","52626685","52627000","11","589823"
"chr1","53221010","53221311","chr1","52631203","52631504","3","589807"
"chr1","53237176","53237319","chr21","44501168","44501313","17","8736008"
"chr1","53239552","53239821","chr10","35100480","35100780","34","18139072"
"chr1","53241331","53241604","chr20","18576385","18576652","46","34664946"
"chr1","53249687","53249960","chr20","18576385","18576652","46","34673302"
"chr1","53251470","53251760","chr10","35100480","35100780","13","18150990"
"chr1","53255962","53256274","chr1","52654901","52655214","4","601061"
"chr1","53259109","53259401","chr1","52658045","52658339","8","601064"
"chr1","53271391","53271709","chr1","52670282","52670599","8","601109"
"chr1","53287335","53287633","chr1","52685867","52686165","5","601468"
"chr1","53292299","53292573","chr1","52690828","52691102","3","601471"
"chr1","53294745","53295084","chr1","52693296","52693635","4","601449"
"chr1","53296473","53296777","chr1","52695012","52695318","6","601461"
"chr1","53316992","53317295","chr1","52715513","52715809","8","601479"
"chr1","53318847","53319138","chr1","52717010","52717301","4","601837"
"chr1","53320631","53320936","chr1","52718792","52719097","4","601839"
"chr1","53323354","53323482","chr1","52721841","52721967","4","601513"
"chr1","53338925","53339033","chr1","52737071","52737179","0","601854"
"chr1","53340062","53340369","chr1","52738205","52738480","37","601857"
"chr1","53347944","53348241","chrX","18400855","18401152","34","34947089"
"chr1","53353728","53354022","chr1","52751354","52751648","3","602374"
"chr1","53362264","53362555","chr1","52759839","52760129","10","602425"
"chr1","53375576","53375879","chr1","52773192","52773494","3","602384"
"chr1","53377788","53378075","chr1","52775424","52775715","11","602364"
"chr1","53378674","53378965","chr9","112747802","112748090","44","59369128"
"chr1","53383643","53383942","chr17","36353019","36353317","45","17030624"
"chr1","53393524","53393827","chr1","52790970","52791272","7","602554"
"chr1","53407266","53407530","chr7","139485094","139485361","47","86077828"
"chr1","53424677","53424969","chr1","52823853","52824145","6","600824"
"chr1","53436891","53437209","chr1","52835756","52836073","14","601135"
"chr1","53446100","53446413","chr1","52845308","52845623","3","600792"
"chr1","53447631","53447909","chr9","97558463","97558743","33","44110832"
"chr1","53453027","53453329","chr1","52851395","52851698","10","601632"
"chr1","53454003","53454289","chr2","241078832","241079130","55","187624829"
"chr1","53456953","53457123","chr1","52855319","52855489","2","601634"
"chr1","53457561","53457731","chr1","52855319","52855489","14","602242"
"chr1","53473521","53473834","chr1","52872599","52872912","11","600922"
"chr1","53484166","53484481","chr1","52883108","52883423","9","601058"
"chr1","53484497","53484784","chr1","52883439","52883726","3","601058"
"chr1","53511455","53511755","chr5","32322579","32322881","30","21188876"
"chr1","53523365","53523506","chr2","96972825","96972966","46","43449460"
"chr1","53541182","53541483","chr1","52939668","52939969","6","601514"
"chr1","53563890","53564172","chr1","52960769","52961051","3","603121"
"chr1","53568763","53569067","chr1","52965638","52965944","6","603125"
"chr1","53577043","53577362","chr1","52973582","52973901","7","603461"
"chr1","53592295","53592601","chr1","52988676","52988980","10","603619"
"chr1","53622090","53622398","chr18","13637584","13637888","36","39984506"
"chr1","53630950","53631248","chr11","3950135","3950430","34","49680815"
"chr1","53632789","53633107","chr1","53030610","53030929","4","602179"
"chr1","53635483","53635784","chr1","53033323","53033625","7","602160"
"chr1","53636141","53636447","chr1","53033982","53034284","5","602159"
"chr1","53638589","53638886","chr1","53036861","53037142","28","601728"
"chr1","53754513","53754815","chr1","53147794","53148097","8","606719"
"chr1","53770906","53771205","chr1","53164085","53164386","6","606821"
"chr1","53776897","53777211","chr1","53170072","53170383","10","606825"
"chr1","53805838","53806129","chr1","53199063","53199352","4","606775"
"chr1","53821684","53821984","chr1","53213647","53213947","4","608037"
"chr1","53832558","53832701","chr1","109234179","109234323","20","55401621"
"chr1","53845604","53845899","chr16","3287970","3288266","34","50557634"
"chr1","53955034","53955210","chr19","6483044","6483222","24","47471990"
"chr1","53955244","53955369","chrX","9564138","9564265","12","44391106"
"chr1","54008181","54008308","chr1","53389726","53389853","1","618455"
"chr1","54036298","54036607","chr1","53418295","53418617","23","618003"
"chr1","54058472","54058685","chr1","53440504","53440717","4","617968"
"chr1","54087512","54087793","chr1","53469794","53470095","21","617718"
"chr1","54109827","54110136","chr1","53491968","53492277","3","617859"
"chr1","54110147","54110459","chr1","53492288","53492600","13","617859"
"chr1","54133875","54134154","chr1","53516548","53516831","14","617327"
"chr1","54256190","54256499","chr1","53622148","53622456","7","634042"
"chr1","54282810","54283121","chr1","53646528","53646831","11","636282"
"chr1","54309460","54309769","chr1","53673890","53674201","10","635570"
"chr1","54392616","54392920","chr1","53757229","53757530","6","635387"
"chr1","54411083","54411382","chr1","53775956","53776256","9","635127"
"chr1","54423544","54423836","chr17","12528741","12529029","51","41894803"
"chr1","54425991","54426249","chr1","53789822","53790080","10","636169"
"chr1","54434731","54435037","chr1","53798547","53798854","5","636184"
"chr1","54440671","54440971","chr1","53804476","53804776","5","636195"
"chr1","54455835","54456146","chr1","53819972","53820284","6","635863"
"chr1","54461079","54461352","chr10","37932981","37933240","40","16528098"
"chr1","54466042","54466322","chr1","53830172","53830452","2","635870"
"chr1","54473189","54473491","chr1","53837291","53837584","16","635898"
"chr1","54506491","54506600","chr1","151168819","151168930","18","96662328"
"chr1","54507254","54507542","chr1","53874485","53874772","5","632769"
"chr1","54530001","54530325","chr1","53897196","53897511","15","632805"
"chr1","54531273","54531581","chr1","53898463","53898763","17","632810"
"chr1","54533169","54533470","chr1","53900322","53900623","7","632847"
"chr1","54536425","54536716","chr1","53903567","53903858","6","632858"
"chr1","54539501","54539805","chr1","53906642","53906953","12","632859"
"chr1","54541980","54542278","chr2","99736609","99736909","36","45194629"
"chr1","54558677","54558934","chr1","53925819","53926098","28","632858"
"chr1","54583903","54584194","chr1","162217268","162217564","51","107633365"
"chr1","54584498","54584636","chr1","53944225","53944363","3","640273"
"chr1","54584637","54584929","chrX","54108649","54108942","43","475988"
"chr1","54612115","54612413","chr1","53969049","53969366","24","643066"
"chr1","54614290","54614587","chr1","53971239","53971537","5","643051"
"chr1","54620229","54620528","chr1","53977181","53977480","9","643048"
"chr1","54624892","54625190","chr1","53981862","53982160","5","643030"
"chr1","54643282","54643588","chr1","54021225","54021531","9","622057"
"chr1","54676288","54676571","chr1","54021225","54021531","33","655063"
"chr1","54688263","54688569","chr1","54033319","54033624","6","654944"
"chr1","54689433","54689734","chr1","54034492","54034790","10","654941"
"chr1","54690952","54691245","chr1","54036002","54036293","8","654950"
"chr1","54709899","54710200","chr1","54054962","54055264","6","654937"
"chr1","54720779","54721098","chr1","54065797","54066102","19","654982"
"chr1","54730750","54731096","chr1","54075732","54076057","31","655018"
"chr1","54759876","54760176","chr1","54104541","54104841","8","655335"
"chr1","54778873","54779169","chr1","54123364","54123659","8","655509"
"chr1","54785839","54786140","chr1","54130348","54130649","15","655491"
"chr1","54798863","54799178","chr1","54143054","54143365","7","655809"
"chr1","54801992","54802286","chr20","32314258","32314555","32","22487734"
"chr1","54836947","54837256","chr1","54203463","54203775","9","633484"
"chr1","54837583","54837896","chr1","54204102","54204415","4","633481"
"chr1","54865422","54865734","chr1","54231681","54231993","7","633741"
"chr1","54868308","54868441","chr3","183672583","183672712","23","128804275"
"chr1","54888379","54888686","chr1","54254822","54255130","9","633557"
"chr1","54909917","54910213","chr1","54276331","54276633","10","633586"
"chr1","54931043","54931342","chr1","54297348","54297647","4","633695"
"chr1","54941908","54942041","chr1","54308186","54308319","3","633722"
"chr1","54942342","54942515","chr1","54308619","54308794","8","633723"
"chr1","54979297","54979604","chr1","54345860","54346175","29","633437"
"chr1","54988773","54989076","chr1","54355345","54355649","4","633428"
"chr1","55001457","55001746","chr1","54368020","54368313","13","633437"
"chr1","55051816","55052096","chr1","54418153","54418433","3","633663"
"chr1","55052157","55052469","chr1","54418470","54418782","7","633687"
"chr1","55052932","55053127","chr19","12693377","12693561","49","42359555"
"chr1","55053159","55053306","chr2","38657928","38658081","38","16395231"
"chr1","55053807","55054093","chr1","54420092","54420382","8","633715"
"chr1","55057537","55057831","chr1","54423818","54424113","8","633719"
"chr1","55059757","55059918","chr1","54426026","54426192","8","633731"
"chr1","55060238","55060423","chr1","54426505","54426690","3","633733"
"chr1","55071192","55071476","chr1","54437263","54437549","7","633929"
"chr1","55071576","55071885","chr1","54437649","54437954","8","633927"
"chr1","55073160","55073460","chr1","54439234","54439542","13","633926"
"chr1","55125645","55125726","chr7","5458712","5458791","12","49666933"
"chr1","55126023","55126038","chr3","49952021","49952035","6","5174002"
"chr1","55126333","55126466","chr1","54492661","54492792","4","633672"
"chr1","55129269","55129573","chr1","54495598","54495890","27","633671"
"chr1","55140355","55140526","chr1","54508005","54508173","5","632350"
"chr1","55141136","55141280","chr1","54508773","54508915","5","632363"
"chr1","55141296","55141610","chr1","54508926","54509241","8","632370"
"chr1","55147806","55148120","chr1","54515415","54515733","6","632391"
"chr1","55151852","55152164","chr1","54519448","54519760","5","632404"
"chr1","55157982","55158293","chr2","24677062","24677373","48","30480920"
"chr1","55163106","55163407","chr1","54530753","54531059","13","632353"
"chr1","55163890","55164205","chr1","54531542","54531851","13","632348"
"chr1","55184091","55184409","chr1","26134691","26134998","56","29049400"
"chr1","55184419","55184722","chr1","54550859","54551158","9","633560"
"chr1","55186760","55187018","chr1","54553234","54553490","7","633526"
"chr1","55218082","55218354","chrX","54150754","54151012","46","1067328"
"chr1","55223337","55223644","chr1","54616366","54616672","11","606971"
"chr1","55232819","55233156","chr1","54625985","54626319","11","606834"
"chr1","55234267","55234576","chr1","54626851","54627156","29","607416"
"chr1","55236208","55236439","chr20","47159708","47159937","37","8076500"
"chr1","55237857","55238113","chr10","72492835","72493092","31","17254978"
"chr1","55247763","55248045","chr1","54638372","54638652","8","609391"
"chr1","55254677","55254975","chr1","54645275","54645573","1","609402"
"chr1","55265645","55265926","chr5","146022592","146022872","33","90756947"
"chr1","55272202","55272498","chr1","54662255","54662552","12","609947"
"chr1","55279641","55279949","chr1","54669718","54670023","7","609923"
"chr1","55285761","55286051","chr1","54674986","54675275","6","610775"
"chr1","55287179","55287471","chr1","202180907","202181195","48","146893728"
"chr1","55302309","55302587","chr1","54691524","54691803","5","610785"
"chr1","55305249","55305406","chr5","21488812","21488967","22","33816437"
"chr1","55305715","55305842","chr1","16492671","16492806","23","38813044"
"chr1","55307740","55308043","chr1","54696660","54696971","10","611080"
"chr1","55320305","55320611","chr1","54709237","54709517","35","611068"
"chr1","55345129","55345433","chr1","54734067","54734371","8","611062"
"chr1","55373202","55373508","chr1","54762134","54762437","10","611068"
"chr1","55401884","55402184","chrX","44621652","44621951","41","10780232"
"chr1","55431089","55431386","chr1","54818593","54818891","6","612496"
"chr1","55446217","55446518","chr1","54833835","54834137","8","612382"
"chr1","55504815","55505099","chr1","54891181","54891465","5","613634"
"chr1","55537151","55537455","chr1","54923535","54923839","3","613616"
"chr1","55547909","55548201","chr1","54933507","54933804","11","614402"
"chr1","55623965","55624256","chr10","97016027","97016320","44","41392062"
"chr1","55633040","55633341","chr5","122553417","122553716","46","66920377"
"chr1","55692429","55692711","chr1","55074352","55074635","8","618077"
"chr1","55726837","55727126","chr1","55108987","55109276","9","617850"
"chr1","55825602","55825908","chr1","55208346","55208652","7","617256"
"chr1","55836120","55836416","chr5","157653885","157654181","31","101817765"
"chr1","55844225","55844357","chr1","55227003","55227135","1","617222"
"chr1","55845747","55846048","chr1","55228525","55228830","8","617222"
"chr1","55872872","55873184","chr1","55254317","55254633","14","618555"
"chr1","55910787","55911084","chr1","55291761","55292050","14","619026"
"chr1","55963752","55964043","chr1","55344718","55345009","3","619034"
"chr1","56071773","56072064","chr1","55439464","55439755","4","632309"
"chr1","56079281","56079578","chr1","55446945","55447245","8","632336"
"chr1","56213700","56213892","chr1","55581467","55581659","3","632233"
"chr1","56264070","56264367","chr1","55631781","55632082","8","632289"
"chr1","56385777","56386089","chr1","55752631","55752948","12","633146"
"chr1","56472842","56473147","chr1","55840221","55840529","12","632621"
"chr1","56644993","56645298","chr1","56012179","56012460","33","632814"
"chr1","56847153","56847449","chr16","30016057","30016348","57","26831096"
"chr1","56939497","56939800","chr1","56277140","56277444","4","662357"
"chr1","57051411","57051709","chr1","56382293","56382591","3","669118"
"chr1","57070945","57071254","chr1","56401859","56402168","4","669086"
"chr1","57071777","57072064","chr1","56402691","56402978","1","669086"
"chr1","57124455","57124752","chr1","56455728","56456028","12","668727"
"chr1","57138506","57138797","chr1","56469394","56469685","5","669112"
"chr1","57161833","57162137","chr1","56492711","56493017","5","669122"
"chr1","57202136","57202393","chr1","56533054","56533311","5","669082"
"chr1","57211812","57212112","chr10","126865608","126865910","51","69653796"
"chr1","57225823","57225924","chr1","56556782","56556883","3","669041"
"chr1","57263788","57264065","chr1","56594591","56594868","6","669197"
"chr1","57264241","57264537","chr1","56595043","56595346","18","669198"
"chr1","57273790","57274122","chr1","56604645","56604968","18","669145"
"chr1","57290861","57291143","chr1","56622060","56622341","9","668801"
"chr1","57301679","57301811","chr1","56632879","56633011","4","668800"
"chr1","57318616","57318924","chr1","56649813","56650117","11","668803"
"chr1","57358351","57358649","chr1","56689436","56689735","9","668915"
"chr1","57364109","57364388","chr1","56695204","56695490","11","668905"
"chr1","57386053","57386358","chr1","56717146","56717462","20","668907"
"chr1","57533627","57533917","chr1","56859784","56860073","3","673843"
"chr1","57589296","57589618","chr1","56914660","56914977","11","674636"
"chr1","57617322","57617602","chr1","56942421","56942716","27","674901"
"chr1","57722852","57723160","chr1","57045416","57045726","17","677436"
"chr1","57857220","57857533","chr1","57169985","57170298","15","687235"
"chr1","57879254","57879560","chr13","95023925","95024228","47","37144671"
"chr1","57884267","57884583","chr1","57197054","57197366","6","687213"
"chr1","57894200","57894506","chr15","35136028","35136339","35","22758172"
"chr1","57974702","57975010","chr1","57287779","57288095","16","686923"
"chr1","58018686","58018962","chr1","57331952","57332262","40","686734"
"chr1","58049810","58050111","chr1","57376989","57377295","14","672821"
"chr1","58087749","58088050","chr1","57376989","57377295","14","710760"
"chr1","58199932","58200229","chr11","68235457","68235752","38","10035525"
"chr1","58204139","58204437","chr1","57480487","57480784","4","723652"
"chr1","58324186","58324479","chr6","150989997","150990289","41","92665811"
"chr1","58336460","58336751","chr1","57618133","57618430","11","718327"
"chr1","58381105","58381389","chr1","57659694","57659978","4","721411"
"chr1","58487170","58487302","chr1","57765798","57765930","2","721372"
"chr1","58679991","58680272","chr1","56402691","56402978","37","2277300"
"chr1","58707135","58707439","chr1","57984917","57985207","24","722218"
"chr1","58722789","58723100","chr1","58000556","58000870","7","722233"
"chr1","58742985","58743295","chr1","58020723","58021033","11","722262"
"chr1","58836061","58836370","chr1","58113965","58114275","5","722096"
"chr1","58902272","58902554","chr15","76167517","76167797","37","17265245"
"chr1","59017088","59017373","chr1","58287742","58288049","25","729346"
"chr1","59025164","59025481","chr1","58295809","58296116","18","729355"
"chr1","59204517","59204809","chr6","108284086","108284361","49","49079569"
"chr1","59204842","59204852","chr17","19376840","19376850","1","39828002"
"chr1","59308093","59308401","chr1","58541029","58541323","23","767064"
"chr1","59319606","59319732","chr1","58552128","58552254","5","767478"
"chr1","59319786","59319951","chr1","58552564","58552731","5","767222"
"chr1","59364110","59364393","chr1","58596290","58596570","11","767820"
"chr1","59382770","59383088","chr5","11102971","11103281","46","48279799"
"chr1","59420476","59420756","chr1","58648243","58648524","7","772233"
"chr1","59437961","59438266","chr1","58665763","58666070","9","772198"
"chr1","59507507","59507805","chr1","58732866","58733169","13","774641"
"chr1","59705048","59705349","chr1","58915219","58915520","8","789829"
"chr1","59930971","59931282","chr1","59139037","59139348","10","791934"
"chr1","59932215","59932517","chr1","59140235","59140536","5","791980"
"chr1","60041062","60041362","chr1","59247398","59247697","7","793664"
"chr1","60128903","60129212","chr1","59334135","59334443","15","794768"
"chr1","60198193","60198491","chr1","59398248","59398536","15","799945"
"chr1","60256476","60256770","chr16","3287970","3288266","24","56968506"
"chr1","60441745","60441878","chr1","59669570","59669694","10","772175"
"chr1","60493494","60493816","chr1","59721329","59721636","23","772165"
"chr1","60525204","60525512","chr12","116546543","116546857","50","56021339"
"chr1","60568371","60568679","chr11","65703653","65703961","38","5135282"
"chr1","60590014","60590310","chr1","59819139","59819449","20","770875"
"chr1","60639885","60640186","chr1","59869189","59869490","7","770696"
"chr1","60704392","60704663","chr1","59932692","59932964","6","771700"
"chr1","60732392","60732649","chr10","6896284","6896549","41","53836108"
"chr1","60874100","60874396","chr13","73236462","73236757","45","12362362"
"chr1","61006148","61006428","chr1","60239740","60240020","2","766408"
"chr1","61150124","61150417","chr1","60377908","60378199","7","772216"
"chr1","61230280","61230585","chr1","60456377","60456683","7","773903"
"chr1","61259387","61259694","chr1","60485542","60485850","6","773845"
"chr1","61302537","61302846","chr1","60528968","60529251","32","773569"
"chr1","61617305","61617584","chr1","60843882","60844160","9","773423"
"chr1","61656205","61656516","chr2","88031341","88031651","39","26375136"
"chr1","61680580","61680884","chr1","60907177","60907481","5","773403"
"chr1","61718657","61718958","chr1","60944981","60945262","23","773676"
"chr1","61739791","61739969","chr1","60966017","60966195","4","773774"
"chr1","61740269","61740413","chr1","60966492","60966636","4","773777"
"chr1","61793827","61794112","chr1","61020327","61020612","8","773500"
"chr1","61801147","61801456","chr1","61027646","61027955","9","773501"
"chr1","61808224","61808535","chr6","14409295","14409605","37","47398929"
"chr1","61813094","61813376","chr1","61039400","61039682","6","773694"
"chr1","61832895","61833189","chr1","61059106","61059400","2","773789"
"chr1","61837383","61837677","chr1","61063615","61063907","9","773768"
"chr1","61839628","61839935","chr1","61065858","61066164","6","773770"
"chr1","61846144","61846432","chr1","61072238","61072542","20","773906"
"chr1","61912480","61912790","chr1","61138550","61138880","25","773930"
"chr1","61921067","61921371","chr1","61147156","61147450","17","773911"
"chr1","61934583","61934862","chr1","61160919","61161213","19","773664"
"chr1","61946937","61947239","chr1","61173380","61173689","13","773557"
"chr1","61948692","61948993","chr1","61175156","61175441","23","773536"
"chr1","61973351","61973638","chr1","61199713","61199999","7","773638"
"chr1","62044658","62044961","chr1","47949398","47949707","40","14095260"
"chr1","62061934","62062237","chr1","61280962","61281267","8","780972"
"chr1","62064257","62064577","chr22","39295436","39295768","43","22768821"
"chr1","62084944","62085237","chr1","61303993","61304286","4","780951"
"chr1","62117602","62117906","chr1","61333716","61334020","2","783886"
"chr1","62147977","62148100","chr19","1348187","1348308","15","60799790"
"chr1","62168803","62169097","chr1","61384950","61385246","3","783853"
"chr1","62180486","62180766","chr1","61394827","61395128","25","785659"
"chr1","62340271","62340579","chr1","61489234","61489542","2","851037"
"chr1","62349005","62349318","chr1","61497956","61498268","7","851049"
"chr1","62354576","62354870","chr3","183977758","183978052","31","121623182"
"chr1","62391070","62391367","chr1","61540995","61541289","13","850075"
"chr1","62405452","62405763","chr14","39242841","39243152","33","23162611"
"chr1","62463626","62463922","chr20","31978854","31979149","43","30484772"
"chr1","62465677","62465963","chr1","61615736","61616022","5","849941"
"chr1","62484344","62484606","chr18","10069842","10070108","48","52414502"
"chr1","62550920","62551220","chr1","61702368","61702667","13","848552"
"chr1","62561032","62561318","chr1","61712898","61713183","11","848134"
"chr1","62561331","62561642","chr1","61713196","61713509","14","848135"
"chr1","62571594","62571852","chr1","226196358","226196604","39","163624764"
"chr1","62573653","62573944","chr1","61726234","61726527","9","847419"
"chr1","62583898","62584198","chr1","61736022","61736322","6","847876"
"chr1","62593120","62593432","chr1","61745261","61745573","4","847859"
"chr1","62593793","62594100","chr17_KI270909v1_alt","284888","285189","63","62308905"
"chr1","62596111","62596416","chr1","61748247","61748555","15","847864"
"chr1","62598861","62599169","chr1","61750991","61751297","7","847870"
"chr1","62607273","62607563","chrX","23932713","23933004","41","38674560"
"chr1","62628950","62629254","chr1","61780182","61780486","4","848768"
"chr1","62642643","62642953","chr6","107239635","107239941","41","44596992"
"chr1","62655593","62655660","chr2","229975941","229976007","8","167320348"
"chr1","62684544","62684854","chr1","61835395","61835703","9","849149"
"chr1","62686585","62686889","chr1","61837507","61837807","8","849078"
"chr1","62695714","62696012","chr1","61846600","61846897","12","849114"
"chr1","62710957","62711261","chr1","61861858","61862162","6","849099"
"chr1","62717674","62717965","chr1","61868507","61868798","5","849167"
"chr1","62723311","62723587","chr7","29962405","29962688","46","32760906"
"chr1","62729893","62730174","chr1","10095788","10096070","34","52634105"
"chr1","62737369","62737659","chr5","18453905","18454181","60","44283464"
"chr1","62754282","62754581","chr1","61901941","61902239","11","852341"
"chr1","62762758","62763057","chr1","61901941","61902239","11","860817"
"chr1","62794753","62795025","chr1","61936580","61936877","33","858173"
"chr1","62799499","62799779","chr1","61941370","61941650","2","858129"
"chr1","62808314","62808605","chr1","61949625","61949915","7","858689"
"chr1","62808608","62808902","chr1","61949918","61950216","6","858690"
"chr1","62821976","62822269","chr1","61963315","61963608","8","858661"
"chr1","62828356","62828653","chr1","61969696","61969993","8","858660"
"chr1","62835756","62836067","chr7","6489006","6489310","51","56346750"
"chr1","62837453","62837764","chr7","6489006","6489310","49","56348447"
"chr1","62844448","62844733","chr1","61984165","61984461","20","860283"
"chr1","62857145","62857454","chr1","61996732","61997041","8","860413"
"chr1","62858405","62858701","chr1","61998086","61998383","8","860319"
"chr1","62862616","62862918","chr4","170070910","170071211","31","107208294"
"chr1","62876142","62876338","chr22","19334373","19334581","39","43541769"
"chr1","62912955","62913219","chr1","62059340","62059630","37","853615"
"chr1","62917826","62918128","chr1","62064328","62064626","13","853498"
"chr1","62921324","62921611","chr3","110061110","110061404","46","47139786"
"chr1","62931243","62931545","chr1","62064328","62064626","13","866915"
"chr1","62934741","62935028","chr3","110061110","110061404","46","47126369"
"chr1","62947339","62947640","chr1","62080332","62080631","6","867007"
"chr1","62951990","62952245","chr1","62084980","62085235","3","867010"
"chr1","62993518","62993787","chr1","62131873","62132146","12","861645"
"chr1","62996868","62997162","chr1","62135235","62135538","15","861633"
"chr1","63001807","63002102","chr2","24540461","24540758","31","38461346"
"chr1","63007073","63007386","chr1","62145675","62145982","14","861398"
"chr1","63014364","63014531","chr1","62152857","62153024","4","861507"
"chr1","63021078","63021360","chr2","235890163","235890450","48","172869085"
"chr1","63036435","63036742","chr1","62173687","62173994","18","862748"
"chr1","63046962","63047266","chr1","62184205","62184512","12","862757"
"chr1","63048188","63048498","chr1","62185431","62185737","10","862757"
"chr1","63059823","63060114","chr1","62197104","62197396","8","862719"
"chr1","63065263","63065346","chr1","62202579","62202669","8","862684"
"chr1","63065658","63065800","chr1","62202983","62203125","2","862675"
"chr1","63077037","63077326","chr1","62214420","62214708","14","862617"
"chr1","63087689","63088037","chr1","62225007","62225355","7","862682"
"chr1","63088046","63088355","chr6","15140213","15140522","45","47947833"
"chr1","63094878","63095179","chr1","62232222","62232551","33","862656"
"chr1","63096197","63096461","chr1","62233568","62233832","4","862629"
"chr1","63098072","63098322","chr1","62235445","62235695","6","862627"
"chr1","63101261","63101563","chr3","27919695","27919996","46","35181566"
"chr1","63105972","63106269","chr1","62243342","62243636","5","862630"
"chr1","63112637","63112937","chr1","62249982","62250287","9","862655"
"chr1","63117205","63117520","chr1","62254554","62254867","7","862651"
"chr1","63123969","63124270","chr1","62261153","62261459","12","862816"
"chr1","63157603","63157891","chr1","62291608","62291896","6","865995"
"chr1","63169851","63170157","chr1","62303866","62304172","5","865985"
"chr1","63209341","63209639","chr1","62343403","62343705","7","865938"
"chr1","63216656","63216966","chr1","62350819","62351129","7","865837"
"chr1","63217861","63218158","chr1","62352028","62352319","15","865833"
"chr1","63226419","63226711","chr1","62359851","62360142","4","866568"
"chr1","63232694","63232999","chr1","62366145","62366450","8","866549"
"chr1","63236293","63236600","chr1","62369745","62370051","5","866548"
"chr1","63310903","63311205","chr1","62443980","62444280","5","866923"
"chr1","63400951","63401254","chr1","62534005","62534298","15","866946"
"chr1","63401753","63402055","chr1","62534811","62535113","4","866942"
"chr1","63435989","63436290","chr1","62568306","62568604","6","867683"
"chr1","63437407","63437697","chr1","62569723","62570013","7","867684"
"chr1","63497966","63498263","chr1","62630903","62631201","17","867063"
"chr1","63499762","63499998","chr12","93038404","93038640","30","29538642"
"chr1","63522819","63523102","chr1","62655413","62655726","38","867406"
"chr1","63551048","63551330","chr5","179692082","179692374","53","116141034"
"chr1","63579625","63579924","chr1","62708394","62708695","9","871231"
"chr1","63607596","63607896","chr1","62733197","62733500","3","874399"
"chr1","63639833","63640095","chr1","62765353","62765615","5","874480"
"chr1","63643095","63643423","chr1","62768638","62768958","13","874457"
"chr1","63644279","63644560","chr1","62769807","62770088","7","874472"
"chr1","63655397","63655695","chr1","62780890","62781188","11","874507"
"chr1","63657370","63657679","chr1","62782889","62783177","24","874481"
"chr1","63747982","63748289","chr1","62871885","62872195","7","876097"
"chr1","63844582","63844877","chr17","80566978","80567270","8","16722396"
"chr1","63845001","63845308","chr1","62946029","62946343","33","898972"
"chr1","63846042","63846361","chr1","62956249","62956568","23","889793"
"chr1","63857070","63857386","chr1","62956249","62956568","8","900821"
"chr1","63873327","63873645","chr1","62972136","62972454","7","901191"
"chr1","63885718","63885993","chr22","45628912","45629187","46","18256806"
"chr1","63908554","63908839","chr19","12286669","12286947","55","51621885"
"chr1","63924671","63924946","chr1","63025645","63025920","3","899026"
"chr1","63965764","63966068","chr1","63064985","63065289","5","900779"
"chr1","64013376","64013665","chr3","112184356","112184653","48","48170980"
"chr1","64067715","64068027","chr1","63166382","63166692","14","901333"
"chr1","64088288","64088573","chr1","63186458","63186740","9","901830"
"chr1","64131839","64132142","chr1","63229580","63229858","29","902259"
"chr1","64145300","64145608","chr1","63245829","63246136","3","899471"
"chr1","64146877","64147184","chr1","63247403","63247716","17","899474"
"chr1","64151757","64152062","chr1","63252281","63252587","4","899476"
"chr1","64152785","64153084","chr1","63253314","63253612","5","899471"
"chr1","64158014","64158342","chr1","63258550","63258846","33","899464"
"chr1","64169631","64169929","chrX","12573996","12574299","46","51595635"
"chr1","64170515","64170791","chr1","63271021","63271302","8","899494"
"chr1","64184206","64184476","chr1","63284763","63285049","17","899443"
"chr1","64188034","64188342","chr1","63288604","63288912","5","899430"
"chr1","64239086","64239405","chr1","63339721","63340036","8","899365"
"chr1","64241262","64241560","chr1","63343424","63343722","3","897838"
"chr1","64254544","64254839","chr1","63357097","63357392","4","897447"
"chr1","64268312","64268607","chr1","63373014","63373306","8","895298"
"chr1","64270225","64270507","chr1","63374928","63375209","7","895297"
"chr1","64277497","64277757","chr1","63382197","63382457","3","895300"
"chr1","64283334","64283540","chr1","63388012","63388218","4","895322"
"chr1","64317939","64318240","chr1","63423025","63423322","8","894914"
"chr1","64322708","64323029","chr1","63427788","63428109","5","894920"
"chr1","64339877","64340173","chr1","63445003","63445309","12","894874"
"chr1","64340790","64341087","chr1","63445901","63446198","2","894889"
"chr1","64430744","64431059","chr1","63536365","63536680","5","894379"
"chr1","64438339","64438635","chr21","32422793","32423096","48","32015546"
"chr1","64512479","64512738","chr11","82725216","82725475","41","18212737"
"chr1","64553985","64554244","chr11","82725216","82725475","43","18171231"
"chr1","64592318","64592559","chr1","63677217","63677458","7","915101"
"chr1","64597501","64597788","chr1","63682452","63682735","17","915049"
"chr1","64598404","64598722","chr1","63683355","63683673","6","915049"
"chr1","64616405","64616707","chr1","63700047","63700352","12","916358"
"chr1","64687692","64687987","chr1","63771321","63771618","10","916371"
"chr1","64778596","64778894","chr1","63862111","63862418","15","916485"
"chr1","64971853","64972165","chr17","57140824","57141135","52","7831029"
"chr1","65064006","65064316","chr1","64146194","64146505","3","917812"
"chr1","65231838","65232137","chr1","64305311","64305609","7","926527"
"chr1","65268709","65269007","chr1","64342166","64342461","6","926543"
"chr1","65347742","65348065","chr8","100118280","100118600","62","34770538"
"chr1","65412471","65412725","chr1","64588421","64588677","7","824050"
"chr1","65449409","65449710","chr5","32259754","32260056","37","33189655"
"chr1","65470497","65470783","chr1","64646448","64646736","5","824049"
"chr1","65504248","65504544","chr1","64680207","64680499","9","824041"
"chr1","65517557","65517862","chr1","64693554","64693859","6","824003"
"chr1","65518635","65518925","chr7","17061044","17061344","62","48457591"
"chr1","65525409","65525714","chr1","64701358","64701658","18","824051"
"chr1","65551079","65551386","chr1","64727163","64727461","15","823916"
"chr1","65609177","65609467","chr1","64785368","64785668","17","823809"
"chr1","65622612","65622916","chr1","64799436","64799740","3","823176"
"chr1","65702427","65702712","chr1","64880684","64880969","10","821743"
"chr1","65718866","65719164","chr1","64897148","64897447","10","821718"
"chr1","65732300","65732604","chr1","64910552","64910863","13","821748"
"chr1","65736372","65736664","chr1","64914566","64914863","7","821806"
"chr1","65738356","65738654","chr1","64916556","64916856","5","821800"
"chr1","65762058","65762352","chr1","64940317","64940615","7","821741"
"chr1","65775419","65775725","chr1","64953661","64953974","15","821758"
"chr1","65784407","65784716","chr1","64962786","64963095","6","821621"
"chr1","65793184","65793486","chr1","64971563","64971858","11","821621"
"chr1","65811551","65811856","chr1","64990026","64990327","8","821525"
"chr1","65837596","65837906","chr1","65013115","65013422","10","824481"
"chr1","65870776","65870908","chr1","65046717","65046841","9","824059"
"chr1","65910463","65910580","chr1","65085596","65085723","11","824867"
"chr1","65914606","65914913","chr1","65089754","65090095","37","824852"
"chr1","65922991","65923283","chr1","65096880","65097186","22","826111"
"chr1","65923982","65924268","chr1","65097841","65098127","3","826141"
"chr1","65963731","65964035","chr1","65136576","65136882","8","827155"
"chr1","65969933","65970243","chr1","65142793","65143102","8","827140"
"chr1","65973159","65973470","chr1","65146072","65146353","35","827087"
"chr1","65982903","65983219","chr1","65155645","65155959","6","827258"
"chr1","65994142","65994438","chr1","65166851","65167152","10","827291"
"chr1","65999238","65999333","chr14","74167466","74167565","9","8168228"
"chr1","65999359","65999624","chr1","65171786","65172062","19","827573"
"chr1","66000390","66000689","chr1","65172856","65173163","13","827534"
"chr1","66008933","66009223","chr1","65181401","65181687","11","827532"
"chr1","66015311","66015615","chr1","65188113","65188415","3","827198"
"chr1","66023664","66023969","chr1","65196460","65196764","8","827204"
"chr1","66031440","66031735","chr1","65204204","65204500","6","827236"
"chr1","66041338","66041645","chr1","65214110","65214410","11","827228"
"chr1","66047691","66047996","chr1","65220470","65220775","5","827221"
"chr1","66064536","66064843","chr1","65237359","65237661","8","827177"
"chr1","66068160","66068458","chr1","65240922","65241220","4","827238"
"chr1","66073125","66073426","chr1","65245880","65246187","13","827245"
"chr1","66075902","66076195","chr1","65248654","65248943","11","827248"
"chr1","66079493","66079623","chr1","65252238","65252368","1","827255"
"chr1","66083584","66083884","chr1","65256345","65256645","2","827239"
"chr1","66096370","66096665","chr1","65269088","65269383","1","827282"
"chr1","66097962","66098274","chr1","65270665","65270977","8","827297"
"chr1","66108283","66108569","chr1","65280939","65281225","4","827344"
"chr1","66118389","66118687","chr1","65291034","65291332","11","827355"
"chr1","66209511","66209804","chr1","65381270","65381562","9","828241"
"chr1","66220029","66220318","chr1","65391786","65392075","5","828243"
"chr1","66277153","66277248","chr3","153472386","153472477","24","87195233"
"chr1","66365225","66365407","chr5","179853834","179854011","26","113488609"
"chr1","66366623","66366931","chr1","65523301","65523609","3","843322"
"chr1","66402164","66402462","chr1","65557421","65557719","5","844743"
"chr1","66461082","66461348","chr1","65604350","65604616","5","856732"
"chr1","66496986","66497295","chr1","65640765","65641077","11","856221"
"chr1","66546117","66546422","chr1","65689311","65689616","7","856806"
"chr1","66653107","66653432","chr1","65809049","65809360","39","844058"
"chr1","66654190","66654495","chr12","105048749","105049047","35","38394559"
"chr1","66664873","66665186","chr1","65809049","65809360","7","855824"
"chr1","66684051","66684336","chr1","65828260","65828545","2","855791"
"chr1","66810184","66810473","chr1","65953907","65954196","2","856277"
"chr1","66858382","66858680","chr1","66001724","66002022","2","856658"
"chr1","66959255","66959555","chr1","66114633","66114935","11","844622"
"chr1","67131580","67131801","chr1","66279401","66279623","8","852179"
"chr1","67147586","67147877","chr1","66295425","66295719","12","852161"
"chr1","67194208","67194528","chr8","118480943","118481254","58","51286735"
"chr1","67338574","67338873","chr1","8130637","8130940","45","59207937"
"chr1","67405794","67406086","chr1","184898333","184898625","46","117492539"
"chr1","67476537","67476844","chr17","73471318","73471623","51","5994781"
"chr1","67486475","67486780","chr1","66623257","66623550","18","863218"
"chr1","67548429","67548753","chr1","66683696","66684016","6","864733"
"chr1","67656076","67656357","chr1","66793217","66793497","5","862859"
"chr1","67689270","67689559","chr12","56515578","56515867","38","11173692"
"chr1","67693472","67693787","chr1","66830495","66830810","14","862977"
"chr1","67707104","67707390","chr16","57982748","57983038","38","9724356"
"chr1","67727990","67728286","chr1","66865142","66865445","12","862848"
"chr1","67753170","67753430","chr15","83176940","83177206","57","15423770"
"chr1","67753453","67753766","chr19","1476990","1477301","39","66276463"
"chr1","67776862","67777157","chr1","66912201","66912484","16","864661"
"chr1","67778948","67779255","chr1","66937304","66937607","17","841644"
"chr1","67783314","67783617","chr1","66941689","66941987","9","841625"
"chr1","67791678","67791981","chr1","66950105","66950408","6","841573"
"chr1","67795220","67795501","chr17","59402447","59402727","34","8392773"
"chr1","67796299","67796613","chr10","122033870","122034173","38","54237571"
"chr1","67835924","67836231","chr1","66994363","66994668","9","841561"
"chr1","67856979","67857265","chr1","67015390","67015686","17","841589"
"chr1","67865019","67865301","chr1","67023487","67023786","34","841532"
"chr1","67865482","67865780","chr1","67023944","67024245","6","841538"
"chr1","67926033","67926338","chr1","67088239","67088544","14","837794"
"chr1","67928648","67928943","chr1","67090861","67091150","11","837787"
"chr1","67936028","67936337","chr1","67098240","67098527","26","837788"
"chr1","67944141","67944449","chr1","67106365","67106674","7","837776"
"chr1","67950741","67951036","chr1","67112982","67113277","5","837759"
"chr1","67965423","67965674","chr13","21393221","21393471","27","46572202"
"chr1","67966154","67966449","chr1","67128422","67128718","8","837732"
"chr1","67968856","67969170","chr1","67131120","67131434","3","837736"
"chr1","67969980","67970278","chr1","67132239","67132533","12","837741"
"chr1","68001770","68001902","chr1","67164210","67164342","12","837560"
"chr1","68002478","68002780","chr14","89080747","89081049","53","21078269"
"chr1","68025466","68025760","chr1","67187784","67188081","8","837682"
"chr1","68043671","68043964","chr3","59183960","59184256","37","8859711"
"chr1","68056684","68056973","chr1","67219085","67219374","6","837599"
"chr1","68058655","68058938","chr9","130584587","130584875","43","62525932"
"chr1","68063453","68063744","chr17","42708373","42708668","37","25355080"
"chr1","68073209","68073514","chr1","67235383","67235692","10","837826"
"chr1","68095576","68095856","chr1","67257692","67257991","22","837884"
"chr1","68101509","68101759","chr5","179845201","179845448","38","111743692"
"chr1","68105711","68106015","chr5","157653885","157654181","42","89548174"
"chr1","68120063","68120362","chr1","67282151","67282463","19","837912"
"chr1","68122851","68123113","chr1","67284978","67285241","7","837873"
"chr1","68130845","68131141","chr17","42437198","42437495","41","25693647"
"chr1","68146539","68146827","chr1","67308740","67309028","6","837799"
"chr1","68162335","68162465","chr6","154976662","154976798","19","86814327"
"chr1","68163069","68163373","chr1","67325263","67325560","11","837806"
"chr1","68184357","68184658","chr1","67339205","67339507","7","845152"
"chr1","68191063","68191358","chr1","67346379","67346685","15","844684"
"chr1","68199842","68200135","chr1","67355132","67355442","21","844710"
"chr1","68202929","68203224","chr1","67359440","67359731","10","843489"
"chr1","68203614","68203911","chr1","67360120","67360415","9","843494"
"chr1","68207686","68207982","chr1","67364110","67364406","5","843576"
"chr1","68222436","68222738","chr1","67378916","67379218","1","843520"
"chr1","68222749","68223051","chr1","67379229","67379531","2","843520"
"chr1","68235832","68236116","chr1","67392624","67392923","22","843208"
"chr1","68238177","68238488","chr1","67394986","67395296","6","843191"
"chr1","68247597","68247890","chr8","41188531","41188826","44","27059066"
"chr1","68264815","68265098","chr1","67421672","67421951","6","843143"
"chr1","68276395","68276616","chr1","67433298","67433519","1","843097"
"chr1","68291109","68291398","chr1","67448230","67448519","5","842879"
"chr1","68291784","68292089","chr1","67448905","67449210","10","842879"
"chr1","68303182","68303474","chr1","67460272","67460564","5","842910"
"chr1","68309452","68309706","chr1","67466554","67466808","6","842898"
"chr1","68317385","68317696","chr1","67474524","67474833","8","842861"
"chr1","68318020","68318330","chr1","67475157","67475463","13","842863"
"chr1","68320453","68320599","chr1","67477578","67477725","1","842875"
"chr1","68320913","68321074","chr1","67478041","67478202","1","842872"
"chr1","68327665","68327967","chr1","67484810","67485123","23","842855"
"chr1","68329072","68329369","chr1","67486208","67486505","6","842864"
"chr1","68331091","68331392","chr1","67488231","67488529","11","842860"
"chr1","68335187","68335492","chr1","67492332","67492613","31","842855"
"chr1","68336552","68336871","chr1","67493721","67494040","9","842831"
"chr1","68341258","68341560","chr1","67496551","67496854","8","844707"
"chr1","68352879","68353181","chr1","67509599","67509897","8","843280"
"chr1","68353686","68353996","chr1","67510402","67510712","3","843284"
"chr1","68354406","68354699","chr1","67511117","67511410","6","843289"
"chr1","68363259","68363566","chr1","67519793","67520099","6","843466"
"chr1","68364766","68365019","chr2","42607715","42607957","52","25757051"
"chr1","68386001","68386299","chr1","67542273","67542571","9","843728"
"chr1","68457412","68457722","chr1","67613645","67613954","11","843767"
"chr1","68460802","68461094","chr1","67617035","67617331","9","843767"
"chr1","68464009","68464319","chr1","67620252","67620561","10","843757"
"chr1","68464689","68464985","chr1","67620931","67621230","7","843758"
"chr1","68466383","68466686","chr8","107317619","107317930","41","38851236"
"chr1","68494256","68494556","chr1","67650657","67650958","12","843599"
"chr1","68508216","68508519","chr1","67664578","67664882","12","843638"
"chr1","68560303","68560603","chr1","67717234","67717528","16","843069"
"chr1","68590175","68590475","chr1","67747119","67747419","8","843056"
"chr1","68629616","68629898","chr1","67786641","67786922","5","842975"
"chr1","68763345","68763643","chr1","67915870","67916165","11","847475"
"chr1","68770023","68770327","chr1","67922556","67922859","13","847467"
"chr1","68780310","68780534","chr13","106424697","106424926","30","37644387"
"chr1","68790950","68791253","chr1","67943622","67943925","2","847328"
"chr1","68815585","68815879","chr1","224212004","224212300","44","155396419"
"chr1","68945693","68945993","chr1","68094570","68094872","9","851123"
"chr1","69114768","69114919","chr3","13116619","13116768","22","55998149"
"chr1","69115171","69115240","chr19","11083055","11083117","20","58032116"
"chr1","69126696","69126998","chr1","68260957","68261255","9","865739"
"chr1","69140837","69141153","chr1","68275003","68275315","11","865834"
"chr1","69167898","69168198","chr17","79283257","79283560","51","10115359"
"chr1","69180006","69180285","chr1","68315796","68316075","5","864210"
"chr1","69220288","69220578","chr1","68356388","68356680","11","863900"
"chr1","69230980","69231283","chr1","68367090","68367395","11","863890"
"chr1","69244694","69245003","chr1","68380773","68381074","13","863921"
"chr1","69278016","69278336","chr1","68419700","68420016","10","858316"
"chr1","69303818","69304103","chr1","68445531","68445816","11","858287"
"chr1","69385797","69386110","chr1","68527169","68527479","6","858628"
"chr1","69420899","69421183","chr1","68562312","68562598","12","858587"
"chr1","69643926","69644044","chr16","69684569","69684681","25","40643"
"chr1","69644349","69644535","chr3","194538565","194538743","44","124894216"
"chr1","69692963","69693137","chrX","71275956","71276132","27","1582993"
"chr1","69723973","69724272","chr1","68867432","68867731","10","856541"
"chr1","69725837","69726143","chr1","68869297","68869601","7","856540"
"chr1","70081904","70082206","chr1","69206163","69206461","10","875741"
"chr1","70101470","70101755","chr1","69225340","69225625","5","876130"
"chr1","70131574","70131850","chr1","69255137","69255413","7","876437"
"chr1","70368243","70368428","chr1","69509046","69509231","2","859197"
"chr1","70368722","70368742","chr1","69509538","69509558","0","859184"
"chr1","70368850","70368984","chr1","69509666","69509800","1","859184"
"chr1","70493920","70494244","chr1","69633405","69633728","2","860515"
"chr1","70641556","70641864","chr1","69781400","69781709","11","860156"
"chr1","70706663","70706967","chr1","69842917","69843223","9","863746"
"chr1","70755556","70755854","chr1","69891450","69891747","4","864106"
"chr1","70877335","70877619","chr1","70016997","70017281","4","860338"
"chr1","70936370","70936670","chr1","70073919","70074219","2","862451"
"chr1","70945206","70945493","chr1","70082823","70083083","30","862383"
"chr1","70991149","70991448","chr1","70128965","70129262","8","862184"
"chr1","70995422","70995693","chr1","70133222","70133493","1","862200"
"chr1","71006644","71006969","chr9","84281844","84282167","53","13275200"
"chr1","71029787","71030084","chr1","70167617","70167914","5","862170"
"chr1","71046139","71046431","chr1","70183975","70184272","10","862164"
"chr1","71069354","71069653","chr9","113212181","113212484","50","42142827"
"chr1","71077360","71077662","chr6","56373320","56373622","41","14704040"
"chr1","71095697","71096006","chr1","70233230","70233539","7","862467"
"chr1","71118105","71118411","chr1","70255033","70255343","9","863072"
"chr1","71118846","71119150","chr1","12529925","12530238","68","58588921"
"chr1","71127446","71127760","chr3","75843058","75843368","54","4715612"
"chr1","71137557","71137853","chr1","70275680","70275982","10","861877"
"chr1","71140100","71140429","chr1","70278211","70278543","7","861889"
"chr1","71141384","71141683","chr1","70279501","70279802","10","861883"
"chr1","71147294","71147546","chr3","186184447","186184699","38","115037153"
"chr1","71177267","71177411","chr1","70314957","70315101","2","862310"
"chr1","71183083","71183343","chr16","70900211","70900493","64","282872"
"chr1","71203824","71204128","chr1","70341354","70341661","13","862470"
"chr1","71212275","71212576","chr1","70349854","70350155","5","862421"
"chr1","71220815","71221105","chr1","42759597","42759881","63","28461218"
"chr1","71221452","71221754","chr1","70358971","70359277","11","862481"
"chr1","71226785","71227089","chr1","70363995","70364271","31","862790"
"chr1","71238720","71239019","chr1","70376444","70376745","9","862276"
"chr1","71253693","71253991","chr1","70391352","70391650","5","862341"
"chr1","71258832","71259132","chr1","70395687","70395985","7","863145"
"chr1","71260722","71261019","chr1","70397566","70397862","13","863156"
"chr1","71267489","71267780","chr1","70404328","70404617","28","863161"
"chr1","71270746","71271047","chr2","127939608","127939904","51","56668862"
"chr1","71271986","71272263","chr1","70408819","70409094","9","863167"
"chr1","71279612","71279769","chr3","70841393","70841548","22","438219"
"chr1","71280070","71280200","chr21","42896451","42896577","17","28383619"
"chr1","71280488","71280793","chr1","70417278","70417584","7","863210"
"chr1","71281453","71281758","chr1","8130637","8130940","55","63150816"
"chr1","71290969","71291273","chr4","25772790","25773095","33","45518179"
"chr1","71291863","71292160","chr1","70428628","70428911","26","863235"
"chr1","71299273","71299595","chr1","70436033","70436355","9","863240"
"chr1","71317958","71318250","chr4","580416","580706","39","70737542"
"chr1","71333141","71333446","chr1","70469705","70470011","7","863436"
"chr1","71352531","71352831","chr1","70489356","70489656","6","863175"
"chr1","71373630","71373940","chr1","70510433","70510741","7","863197"
"chr1","71375687","71375988","chr14","49606650","49606952","37","21769037"
"chr1","71433736","71433916","chr4","2541834","2542017","49","68891902"
"chr1","71439952","71440263","chr1","70576424","70576731","14","863528"
"chr1","71473359","71473659","chr6","13310356","13310656","31","58163003"
"chr1","71507166","71507462","chr1","70640092","70640382","15","867074"
"chr1","71741429","71741757","chr1","70883781","70884109","3","857648"
"chr1","71750212","71750513","chr1","70892569","70892867","6","857643"
"chr1","71816897","71817181","chr1","70956728","70956996","20","860169"
"chr1","71857110","71857408","chr1","70996990","70997288","8","860120"
"chr1","71889883","71890165","chr1","71029644","71029926","5","860239"
"chr1","71904223","71904502","chr1","71043808","71044115","35","860415"
"chr1","71937625","71937939","chr9","33251467","33251774","56","38686158"
"chr1","71949557","71949854","chr1","71089340","71089633","8","860217"
"chr1","72057124","72057396","chr1","71206489","71206761","7","850635"
"chr1","72138934","72139212","chr1","71276897","71277176","5","862037"
"chr1","72150154","72150465","chr1","71288143","71288453","5","862011"
"chr1","72155310","72155596","chr1","71293314","71293600","3","861996"
"chr1","72175988","72176304","chr3","190626665","190626969","43","118450677"
"chr1","72210549","72210857","chr18","58464669","58464971","55","13745880"
"chr1","72262280","72262575","chr1","71400753","71401043","9","861527"
"chr1","72300881","72301192","chr12","79244425","79244729","59","6943544"
"chr1","72303878","72304179","chr1","71442334","71442635","5","861544"
"chr1","72309861","72310156","chr1","71448317","71448612","11","861544"
"chr1","72312072","72312385","chr1","71450525","71450836","10","861547"
"chr1","72357590","72357899","chr1","71495197","71495506","3","862393"
"chr1","72608524","72608837","chr3","183771719","183772026","74","111163195"
"chr1","72632590","72632883","chr1","71747428","71747724","8","885162"
"chr1","72660884","72661177","chr1","71747428","71747724","7","913456"
"chr1","72689608","72689890","chr1","71775710","71775994","7","913898"
"chr1","72781361","72781660","chr1","71867071","71867372","8","914290"
"chr1","72804207","72804472","chr1","71896036","71896300","5","908171"
"chr1","72806824","72807113","chr7","30013252","30013547","43","42793572"
"chr1","72915470","72915744","chr1","72004309","72004583","5","911161"
"chr1","72982172","72982496","chrX","141256222","141256542","63","68274050"
"chr1","73074598","73074921","chr22","17130699","17131022","49","55943899"
"chr1","73095205","73095497","chr1","72182213","72182505","1","912992"
"chr1","73109833","73110126","chr2","219339906","219340199","46","146230073"
"chr1","73367104","73367373","chr6","18144729","18144998","40","55222375"
"chr1","73372846","73373102","chr1","72467182","72467438","5","905664"
"chr1","73420604","73420897","chr1","72513978","72514271","5","906626"
"chr1","73428929","73429222","chr1","72522384","72522677","5","906545"
"chr1","73525583","73525881","chr1","72618538","72618843","16","907045"
"chr1","73541140","73541438","chr1","72618538","72618843","15","922602"
"chr1","73797673","73797958","chr1","72861717","72862030","34","935956"
"chr1","73829192","73829453","chr1","72893221","72893476","12","935971"
"chr1","73908354","73908656","chr1","72971967","72972266","20","936387"
"chr1","73948189","73948416","chr1","73005963","73006185","15","942226"
"chr1","73960153","73960446","chr1","73023318","73023629","31","936835"
"chr1","74108190","74108501","chr1","73155022","73155328","11","953168"
"chr1","74162723","74162999","chr1","73203166","73203440","10","959557"
"chr1","74367786","74368081","chr1","73405767","73406062","4","962019"
"chr1","74389122","74389424","chr1","73425874","73426178","7","963248"
"chr1","74443913","74444198","chrX","154958624","154958914","46","80514711"
"chr1","74631257","74631537","chr1","73671323","73671629","28","959934"
"chr1","74710685","74711010","chr5","14396444","14396769","56","60314241"
"chr1","74735979","74736280","chr1","73773335","73773632","11","962644"
"chr1","74748123","74748422","chr1","73785494","73785795","9","962629"
"chr1","74869152","74869449","chr1","73906479","73906794","26","962673"
"chr1","75079811","75080084","chr1","74117494","74117767","7","962317"
"chr1","75216113","75216412","chr1","74259500","74259799","5","956613"
"chr1","75369352","75369656","chr15","76183104","76183415","36","813752"
"chr1","75372484","75372775","chr1","74412622","74412913","5","959862"
"chr1","75514227","75514521","chrX","68476466","68476758","43","7037761"
"chr1","75520803","75521115","chr2","225029862","225030174","43","149509059"
"chr1","75779588","75779902","chr1","74820846","74821160","12","958742"
"chr1","75891811","75892114","chr1","74939354","74939657","12","952457"
"chr1","75954301","75954597","chr16","81029567","81029857","59","5075266"
"chr1","75981042","75981344","chr1","75028528","75028829","8","952514"
"chr1","76013873","76014169","chr1","75061402","75061698","8","952471"
"chr1","76188203","76188498","chr1","75230607","75230914","18","957596"
"chr1","76255153","76255435","chr7","32902198","32902474","54","43352955"
"chr1","76257979","76258283","chr1","143472191","143472494","9","67214212"
"chr1","76281423","76281711","chr1","75322032","75322318","7","959391"
"chr1","76294861","76295146","chr1","75336168","75336453","4","958693"
"chr1","76330537","76330838","chr1","75371916","75372216","8","958621"
"chr1","76340147","76340428","chr1","75371916","75372216","27","968231"
"chr1","76384423","76384694","chr1","75424297","75424570","9","960126"
"chr1","76421001","76421300","chr1","75457576","75457870","9","963425"
"chr1","76482288","76482581","chr1","75519276","75519570","7","963012"
"chr1","76621197","76621495","chr15","43537408","43537706","53","33083789"
"chr1","76651783","76652066","chrX","38797532","38797819","39","37854251"
"chr1","76654935","76655052","chr1","75690846","75690963","2","964089"
"chr1","76689151","76689410","chr1","28076429","28076686","49","48612722"
"chr1","76692596","76692875","chr3","107185955","107186232","46","30493359"
"chr1","76698125","76698430","chr1","75735038","75735339","5","963087"
"chr1","76708804","76709109","chr1","75751494","75751798","6","957310"
"chr1","76733769","76734069","chr1","75772358","75772665","13","961411"
"chr1","76750351","76750635","chr1","15907200","15907489","61","60843151"
"chr1","76767112","76767415","chr1","75805377","75805686","19","961735"
"chr1","76774677","76774991","chr1","75809630","75809950","12","965047"
"chr1","76775909","76776223","chr1","75810861","75811175","6","965048"
"chr1","76799542","76799616","chr4","84904870","84904937","15","8105328"
"chr1","76813519","76813805","chr1","75848945","75849231","6","964574"
"chr1","76877417","76877717","chr1","75908149","75908445","8","969268"
"chr1","76904206","76904498","chr1","75934905","75935197","7","969301"
"chr1","76908286","76908557","chr19","54656033","54656308","48","22252253"
"chr1","76933275","76933562","chr1","75964517","75964804","5","968758"
"chr1","76990139","76990401","chr1","76020832","76021094","5","969307"
"chr1","76994090","76994375","chr17","82455520","82455811","39","5461430"
"chr1","77012454","77012751","chr1","76043094","76043391","8","969360"
"chr1","77082134","77082411","chr1","76114661","76114947","13","967473"
"chr1","77091200","77091500","chr1","76123750","76124050","6","967450"
"chr1","77153009","77153269","chr1","76184257","76184517","9","968752"
"chr1","77252486","77252800","chr1","76282748","76283058","7","969738"
"chr1","77426019","77426315","chr1","76455904","76456200","7","970115"
"chr1","77609785","77610094","chr1","76637823","76638127","11","971962"
"chr1","77734813","77735111","chr2","168581023","168581318","51","90846210"
"chr1","77872968","77873258","chr1","76904547","76904838","9","968421"
"chr1","77944713","77945025","chr1","76975809","76976121","5","968904"
"chr1","77961385","77961680","chr17","41721567","41721869","50","36239818"
"chr1","78095577","78095880","chr1","77124327","77124631","12","971250"
"chr1","78113487","78113799","chrX","89455509","89455817","42","11342022"
"chr1","78133881","78134188","chr1","77158009","77158316","7","975872"
"chr1","78192469","78192744","chr1","77212929","77213204","4","979540"
"chr1","78266075","78266366","chr1","77286565","77286853","10","979510"
"chr1","78291842","78292133","chr4","112753816","112754110","37","34461974"
"chr1","78325951","78326243","chr7","25943493","25943780","52","52382458"
"chr1","78372473","78372780","chr1","77393932","77394240","7","978541"
"chr1","78385226","78385519","chr4","82294813","82295105","37","3909587"
"chr1","78405827","78406133","chr1","77425305","77425610","5","980522"
"chr1","78441080","78441383","chr1","77460724","77461022","20","980356"
"chr1","78453049","78453352","chr19","39065640","39065936","48","39387409"
"chr1","78463272","78463565","chr1","77482491","77482785","9","980781"
"chr1","78464646","78464807","chrX","24614966","24615119","21","53849680"
"chr1","78466601","78466897","chr1","77485836","77486136","10","980765"
"chr1","78486340","78486672","chr1","77505586","77505919","11","980754"
"chr1","78494305","78494525","chr1","77513558","77513779","4","980747"
"chr1","78497533","78497841","chr1","77516788","77517096","10","980745"
"chr1","78513926","78514226","chr1","77533234","77533535","9","980692"
"chr1","78527661","78527941","chr1","77546448","77546730","7","981213"
"chr1","78536317","78536601","chr1","77555018","77555302","6","981299"
"chr1","78550410","78550712","chr1","77569055","77569357","3","981355"
"chr1","78561875","78562162","chr1","77580638","77580925","3","981237"
"chr1","78564045","78564351","chr1","77582824","77583131","10","981221"
"chr1","78573516","78573789","chr1","77592328","77592601","2","981188"
"chr1","78607667","78607984","chr1","77625709","77626020","7","981958"
"chr1","78617651","78617955","chr1","77635624","77635928","2","982027"
"chr1","78630839","78631127","chr1","77648850","77649138","3","981989"
"chr1","78648459","78648747","chr1","77666252","77666540","3","982207"
"chr1","78656880","78657220","chr1","77674670","77674972","43","982210"
"chr1","78663837","78664151","chr1","77681600","77681918","13","982237"
"chr1","78673383","78673656","chr1","77691137","77691411","8","982246"
"chr1","78675028","78675319","chr1","77692783","77693075","3","982245"
"chr1","78681462","78681747","chr1","77699239","77699524","3","982223"
"chr1","78708199","78708497","chr1","77725947","77726245","11","982252"
"chr1","78737728","78738021","chr1","77755415","77755707","4","982313"
"chr1","78746999","78747261","chr1","77764656","77764920","8","982343"
"chr1","78751076","78751340","chr1","77768733","77768988","16","982343"
"chr1","78751737","78751841","chr1","179907102","179907211","17","101155365"
"chr1","78753503","78753637","chr1","77771249","77771383","3","982254"
"chr1","78753947","78754121","chr1","77771694","77771862","7","982253"
"chr1","78757715","78758006","chr1","77775456","77775747","8","982259"
"chr1","78760908","78761210","chr1","77778698","77778975","29","982210"
"chr1","78770219","78770529","chr1","77787983","77788302","26","982236"
"chr1","78773779","78774081","chr1","77791560","77791863","5","982219"
"chr1","78775670","78775985","chr1","77793449","77793763","9","982221"
"chr1","78777879","78778157","chr1","77795629","77795903","15","982250"
"chr1","78788306","78788609","chr1","77805518","77805821","10","982788"
"chr1","78796463","78796772","chr1","77815931","77816243","8","980532"
"chr1","78805465","78805782","chr1","77824984","77825304","6","980481"
"chr1","78816141","78816451","chr1","77835667","77835976","4","980474"
"chr1","78832382","78832692","chr1","77851868","77852184","11","980514"
"chr1","78833198","78833499","chr1","77852688","77852989","4","980510"
"chr1","78843379","78843666","chr1","77862685","77862961","14","980694"
"chr1","78848938","78849233","chr1","77868231","77868526","2","980707"
"chr1","78858737","78859035","chr1","77880257","77880555","4","978480"
"chr1","78864187","78864493","chr1","77885749","77886051","16","978438"
"chr1","78872838","78873132","chr1","77895894","77896170","25","976944"
"chr1","78880938","78881243","chr19","8102987","8103287","38","70777951"
"chr1","78892670","78892965","chr4","70767686","70767978","46","8124984"
"chr1","78893085","78893366","chr10","33566823","33567104","36","45326262"
"chr1","78901807","78902102","chr1","77924081","77924376","8","977726"
"chr1","78913415","78913739","chr4","94687999","94688322","60","15774584"
"chr1","78950437","78950729","chr1","77970773","77971060","13","979664"
"chr1","78956144","78956434","chr1","77976500","77976792","5","979644"
"chr1","78989774","78990074","chr9","83507079","83507385","34","4517305"
"chr1","79042099","79042413","chr1","78063603","78063918","3","978496"
"chr1","79043240","79043541","chr1","78064743","78065044","9","978497"
"chr1","79051589","79051883","chr1","78073109","78073401","9","978480"
"chr1","79062592","79062892","chr1","78084232","78084528","6","978360"
"chr1","79079007","79079296","chr1","78100648","78100940","4","978359"
"chr1","79085857","79086157","chr1","78107543","78107854","15","978314"
"chr1","79102974","79103256","chr1","78124724","78124998","13","978250"
"chr1","79437121","79437251","chr1","78448335","78448465","2","988786"
"chr1","79537672","79537975","chr1","121162599","121162910","42","41624927"
"chr1","79559474","79559763","chr1","78576536","78576824","7","982938"
"chr1","79580177","79580444","chr1","78597268","78597540","12","982909"
"chr1","79604277","79604567","chr1","78621281","78621571","6","982996"
"chr1","79606958","79607250","chr1","78623996","78624295","13","982962"
"chr1","79697279","79697531","chr1","78705825","78706073","12","991454"
"chr1","79760998","79761304","chr1","78769539","78769846","3","991459"
"chr1","79911587","79911861","chr1","78937163","78937465","32","974424"
"chr1","80005990","80006329","chr12","95126447","95126760","65","15120457"
"chr1","80007615","80007750","chr1","79032035","79032169","3","975580"
"chr1","80008059","80008246","chr1","79032483","79032667","13","975576"
"chr1","80064551","80064841","chr3","182754370","182754664","54","102689819"
"chr1","80109755","80110050","chr1","79134552","79134847","4","975203"
"chr1","80112525","80112827","chr1","79137320","79137627","16","975205"
"chr1","80117936","80118243","chr10","93434149","93434457","53","13316213"
"chr1","80219793","80220060","chr1","79244407","79244673","10","975386"
"chr1","80251644","80251944","chr1","79277503","79277806","9","974141"
"chr1","80300467","80300777","chr1","79326846","79327156","5","973621"
"chr1","80317422","80317690","chr1","79343888","79344156","1","973534"
"chr1","80332242","80332526","chr1","79358702","79358986","1","973540"
"chr1","80373041","80373342","chr11","121286506","121286805","57","40913465"
"chr1","80653502","80653772","chr1","79680286","79680555","5","973216"
"chr1","80672369","80672681","chr1","79712905","79713217","5","959464"
"chr1","80859030","80859286","chr1","79906976","79907241","16","952054"
"chr1","80877444","80877724","chr1","79946535","79946815","6","930909"
"chr1","81153076","81153386","chr1","80222094","80222404","12","930982"
"chr1","81180267","81180547","chr1","80249363","80249643","7","930904"
"chr1","81184304","81184436","chr7","149438165","149438296","13","68253861"
"chr1","81203641","81203944","chr1","80267116","80267413","20","936525"
"chr1","81258148","81258433","chr1","80321669","80321954","10","936479"
"chr1","81287663","81287940","chr1","80352117","80352390","11","935546"
"chr1","81310162","81310449","chr1","80374415","80374703","8","935747"
"chr1","81323086","81323374","chr1","80387433","80387745","31","935653"
"chr1","81427819","81428123","chr1","80497295","80497599","17","930524"
"chr1","81470663","81470812","chr1","80539364","80539515","7","931299"
"chr1","81470813","81471112","chr1","80539516","80539815","7","931297"
"chr1","81471113","81471257","chr1","80539816","80539954","7","931297"
"chr1","81518511","81518793","chr1","80586556","80586834","9","931955"
"chr1","81528295","81528604","chr1","80597166","80597473","13","931129"
"chr1","81543329","81543635","chr1","80612204","80612505","13","931125"
"chr1","81648798","81649107","chr1","80718776","80719057","34","930022"
"chr1","81763661","81763955","chr1","80829804","80830095","9","933857"
"chr1","81831449","81831717","chr1","80906785","80907053","2","924664"
"chr1","81875886","81876180","chr1","80953255","80953544","15","922631"
"chr1","81879095","81879404","chr1","201785789","201786092","40","119906694"
"chr1","82008699","82008966","chr1","81085659","81085932","10","923040"
"chr1","82049967","82050271","chr1","81111000","81111303","14","938967"
"chr1","82109254","82109270","chr1","81170305","81170321","0","938949"
"chr1","82109313","82109597","chr1","81170356","81170640","7","938957"
"chr1","82111995","82112292","chr1","81173048","81173345","4","938947"
"chr1","82210734","82211023","chr1","81271959","81272248","3","938775"
"chr1","82221446","82221731","chr14","81225150","81225433","46","996296"
"chr1","82225604","82225889","chr1","81284743","81285028","7","940861"
"chr1","82263310","82263608","chr1","81322859","81323157","6","940451"
"chr1","82305092","82305353","chr1","81364701","81364963","7","940391"
"chr1","82367176","82367487","chr15","51949418","51949716","44","30417758"
"chr1","82370237","82370530","chr1","81422253","81422544","10","947984"
"chr1","82468704","82468997","chr1","81525325","81525617","5","943379"
"chr1","82481729","82482033","chr4","56507314","56507614","51","25974415"
"chr1","82488294","82488583","chr1","81545289","81545579","10","943005"
"chr1","82545914","82546043","chr1","81602178","81602307","2","943736"
"chr1","82547737","82548039","chr1","81603960","81604264","4","943777"
"chr1","82575012","82575228","chr3","70586644","70586871","51","11988368"
"chr1","82577061","82577360","chr1","81633314","81633625","19","943747"
"chr1","82580635","82580925","chr1","81636852","81637142","13","943783"
"chr1","82610620","82610924","chr1","81659053","81659361","14","951567"
"chr1","82641554","82641848","chr1","81690211","81690505","10","951343"
"chr1","82646876","82647175","chr1","81695538","81695840","10","951338"
"chr1","82658058","82658354","chr1","81720172","81720471","7","937886"
"chr1","82679736","82680031","chr1","81720172","81720471","8","959564"
"chr1","82685890","82686183","chr1","81730447","81730740","7","955443"
"chr1","82723794","82724094","chr1","81768799","81769092","14","954995"
"chr1","82740252","82740554","chr1","81784446","81784746","8","955806"
"chr1","82817555","82817851","chr1","81861607","81861905","11","955948"
"chr1","82868160","82868468","chr1","81912060","81912371","9","956100"
"chr1","82913648","82913954","chr5","115763900","115764196","50","32850252"
"chr1","82998225","82998531","chr5","115763900","115764196","50","32765675"
"chr1","83047495","83047810","chr17","47791740","47792043","41","35255755"
"chr1","83050501","83050795","chr17","44364554","44364847","45","38685947"
"chr1","83060758","83061067","chr1","82020284","82020593","9","1040474"
"chr1","83093607","83093743","chr2","32148390","32148527","17","50945217"
"chr1","83200897","83201033","chr17","53112194","53112326","22","30088703"
"chr1","83201073","83201283","chrX","96707471","96707670","47","13506398"
"chr1","83207248","83207574","chr1","82163603","82163900","40","1043645"
"chr1","83217014","83217287","chr1","82188526","82188799","6","1028488"
"chr1","83248154","83248470","chr1","82219648","82219960","10","1028506"
"chr1","83253246","83253553","chr1","82224737","82225044","5","1028509"
"chr1","83325732","83326025","chr1","82295195","82295488","6","1030537"
"chr1","83351478","83351759","chr11","123592950","123593230","51","40241472"
"chr1","83370699","83370887","chr4","82756444","82756632","28","614255"
"chr1","83431606","83431913","chr1","82401944","82402258","10","1029662"
"chr1","83494620","83494736","chr1","82465329","82465445","2","1029291"
"chr1","83522633","83522868","chr1","82493118","82493353","8","1029515"
"chr1","83549805","83550110","chr1","82519038","82519342","5","1030767"
"chr1","83580861","83581164","chr1","82550518","82550823","8","1030343"
"chr1","83665582","83665899","chr1","82634989","82635303","9","1030593"
"chr1","83669085","83669385","chr1","82638487","82638785","8","1030598"
"chr1","83732860","83733154","chr1","82703087","82703382","14","1029773"
"chr1","83763234","83763541","chr1","82733104","82733411","14","1030130"
"chr1","83909736","83909984","chr1","3856133","3856382","56","80053603"
"chr1","83973658","83973957","chr1","82943090","82943393","10","1030568"
"chr1","84052613","84052876","chr1","83022330","83022601","12","1030283"
"chr1","84065073","84065335","chr1","83034796","83035058","3","1030277"
"chr1","84268154","84268434","chr7","76705239","76705519","2","7562915"
"chr1","84439112","84439407","chr1","83538924","83539219","3","900188"
"chr1","84521646","84521955","chr17","66047109","66047416","32","18474537"
"chr1","84628037","84628295","chr1","83726923","83727176","7","901114"
"chr1","84710548","84710859","chr1","83809027","83809336","5","901521"
"chr1","84713308","84713605","chr1","83811786","83812077","16","901522"
"chr1","84842399","84842693","chr1","83937206","83937502","12","905193"
"chr1","84888244","84888535","chr1","83983063","83983350","7","905181"
"chr1","85024745","85025055","chr1","84112223","84112536","9","912522"
"chr1","85061811","85062104","chr5","115763900","115764196","43","30702089"
"chr1","85062527","85062853","chr1","84149983","84150309","2","912544"
"chr1","85070601","85070868","chr1","84158066","84158333","6","912535"
"chr1","85098746","85099055","chr1","36040791","36041094","47","49057955"
"chr1","85102190","85102499","chr1","36040791","36041094","46","49061399"
"chr1","85116054","85116332","chr1","84199864","84200142","6","916190"
"chr1","85124055","85124328","chr1","84207866","84208139","4","916189"
"chr1","85130681","85130984","chr1","84214493","84214794","5","916188"
"chr1","85164952","85165257","chr1","84241392","84241697","3","923560"
"chr1","85230286","85230410","chrX","21121418","21121544","16","64108868"
"chr1","85354630","85354924","chr1","84431439","84431733","8","923191"
"chr1","85357454","85357759","chr1","84434253","84434556","7","923201"
"chr1","85393178","85393480","chr12","122904304","122904605","42","37511126"
"chr1","85394907","85395181","chr1","8235517","8235797","67","77159390"
"chr1","85450410","85450711","chr1","84514686","84514988","3","935724"
"chr1","85476047","85476351","chr1","84544556","84544860","5","931491"
"chr1","85500001","85500246","chrX","119518032","119518276","30","34018031"
"chr1","85514738","85515029","chr1","84559339","84559631","6","955399"
"chr1","85531200","85531502","chr11","113949713","113950018","39","28418513"
"chr1","85541155","85541451","chr1","84585474","84585779","17","955681"
"chr1","85598313","85598608","chr1","84640579","84640874","4","957734"
"chr1","85630742","85631037","chr1","84672745","84673035","9","957997"
"chr1","85634715","85635003","chr1","84676714","84677014","16","958001"
"chr1","85691201","85691490","chr19","3391515","3391805","40","82299686"
"chr1","85722207","85722509","chr3","171918990","171919284","51","86196783"
"chr1","85754112","85754407","chr1","84794375","84794664","13","959737"
"chr1","85768538","85768844","chr1","37868983","37869292","53","47899555"
"chr1","85770263","85770550","chr1","84809485","84809778","7","960778"
"chr1","85908025","85908333","chr1","44475289","44475589","40","41432736"
"chr1","85970103","85970397","chr1","85006147","85006446","11","963956"
"chr1","86021145","86021435","chr1","85057126","85057416","2","964019"
"chr1","86067132","86067416","chr1","85103606","85103888","6","963526"
"chr1","86102800","86103108","chr1","85135889","85136197","8","966911"
"chr1","86128911","86129215","chr1","85161446","85161751","4","967465"
"chr1","86201948","86202225","chr1","85234514","85234795","11","967434"
"chr1","86202865","86203117","chr1","85235435","85235687","6","967430"
"chr1","86209482","86209816","chr1","85242050","85242384","7","967432"
"chr1","86216495","86216841","chr1","85242050","85242384","19","974445"
"chr1","86280901","86281142","chr1","85306546","85306787","5","974355"
"chr1","86313089","86313402","chr1","85338759","85339063","13","974330"
"chr1","86408830","86409099","chr17","35572312","35572572","47","50836518"
"chr1","86410192","86410510","chr1","85435781","85436100","7","974411"
"chr1","86437288","86437418","chr1","145548675","145548808","3","59111387"
"chr1","86463775","86464075","chr1","85540676","85540983","13","923099"
"chr1","86497772","86497886","chr1","85574766","85574880","3","923006"
"chr1","86567873","86568051","chr1","85639647","85639825","1","928226"
"chr1","86568345","86568480","chr1","85640116","85640251","6","928229"
"chr1","86624306","86624605","chr19","12270453","12270752","2","74353853"
"chr1","86630475","86630793","chr1","85686988","85687311","11","943487"
"chr1","86634241","86634552","chr1","85690744","85691032","32","943497"
"chr1","86644667","86644912","chr1","85700816","85701061","1","943851"
"chr1","86681814","86682116","chr1","85737563","85737863","11","944251"
"chr1","86684718","86685006","chr1","85740483","85740771","4","944235"
"chr1","86718633","86718959","chr1","85763478","85763794","15","955155"
"chr1","86728705","86729002","chr1","206373090","206373393","7","119644385"
"chr1","86738564","86738847","chr1","85782099","85782387","13","956465"
"chr1","86833273","86833570","chr1","85866493","85866790","4","966780"
"chr1","86850014","86850306","chr1","85883228","85883520","4","966786"
"chr1","86881403","86881714","chr1","85914379","85914690","6","967024"
"chr1","86882677","86882940","chr1","85915656","85915919","3","967021"
"chr1","86922490","86922772","chr1","85960601","85960883","8","961889"
"chr1","87123789","87124107","chr1","86160712","86161031","7","963077"
"chr1","87144740","87145014","chr1","86182656","86182930","5","962084"
"chr1","87320142","87320436","chr1","86359517","86359817","7","960625"
"chr1","87332685","87332966","chr1","86386365","86386687","44","946320"
"chr1","87363390","87363686","chr1","86386365","86386687","29","977025"
"chr1","87439850","87440154","chr1","86444916","86445193","34","994934"
"chr1","87463609","87463896","chr1","86462717","86463004","4","1000892"
"chr1","87535679","87535978","chr1","86530707","86531005","10","1004972"
"chr1","87546268","87546581","chr15","76183104","76183415","37","11363164"
"chr1","87559699","87559847","chr1","86554414","86554564","4","1005285"
"chr1","87585243","87585527","chr1","86575809","86576093","1","1009434"
"chr1","87657403","87657670","chr6","108284086","108284361","30","20626683"
"chr1","87659324","87659619","chr7","144799925","144800220","58","57140601"
"chr1","87696347","87696576","chr1","73005963","73006185","54","14690384"
"chr1","87710056","87710347","chr1","86702883","86703173","4","1007173"
"chr1","87746718","87746997","chr1","8235517","8235797","42","79511201"
"chr1","87747921","87748227","chr1","86739863","86740163","9","1008058"
"chr1","87852150","87852452","chr17","40282905","40283192","61","47569245"
"chr1","87860863","87861166","chr1","86849649","86849967","21","1011214"
"chr1","87878408","87878693","chr1","86867205","86867490","1","1011203"
"chr1","87932326","87932342","chr19","16785542","16785559","2","71146784"
"chr1","87932372","87932622","chr5","150460078","150460327","39","62527706"
"chr1","87957786","87958084","chr1","86944355","86944653","7","1013431"
"chr1","87962516","87962823","chr1","86949101","86949408","8","1013415"
"chr1","87965681","87965969","chr1","86952249","86952537","2","1013432"
"chr1","87983488","87983772","chr1","86970409","86970693","4","1013079"
"chr1","87985209","87985493","chr1","86970409","86970693","4","1014800"
"chr1","88043255","88043551","chr1","87027694","87027988","8","1015561"
"chr1","88208679","88208933","chr1","87185609","87185862","5","1023070"
"chr1","88240416","88240723","chr17_KI270857v1_alt","990321","990631","47","87250095"
"chr1","88264705","88264972","chr1","87241716","87241983","7","1022989"
"chr1","88397515","88397815","chr1","87375058","87375357","7","1022457"
"chr1","88446640","88446936","chr1","87424146","87424445","8","1022494"
"chr1","88500162","88500346","chr1","87477874","87478058","3","1022288"
"chr1","88659579","88659879","chr1","87631497","87631797","3","1028082"
"chr1","88705167","88705465","chr11","118954237","118954529","45","30249070"
"chr1","88744872","88745205","chr1","87716663","87716972","32","1028209"
"chr1","88756813","88757118","chr1","87728561","87728865","4","1028252"
"chr1","88847929","88848234","chr1","87813827","87814133","3","1034102"
"chr1","88868492","88868802","chr1","87834375","87834686","14","1034117"
"chr1","88979201","88979505","chr1","87945927","87946231","6","1033274"
"chr1","89025949","89026228","chr1","87992662","87992941","11","1033287"
"chr1","89158552","89158767","chr1","88122092","88122312","9","1036460"
"chr1","89459787","89460095","chr1","88368829","88369135","9","1090958"
"chr1","89497743","89498057","chr1","88406409","88406722","8","1091334"
"chr1","89700147","89700452","chr1","88606274","88606579","13","1093873"
"chr1","89706795","89706878","chr1","88612918","88613001","0","1093877"
"chr1","89720970","89721251","chr1","88622546","88622827","6","1098424"
"chr1","89722683","89722978","chr1","88624240","88624535","4","1098443"
"chr1","89803285","89803576","chr1","88709060","88709351","6","1094225"
"chr1","89860659","89860944","chr2","11172877","11173162","42","78687782"
"chr1","89871835","89872126","chr1","88776463","88776755","6","1095372"
"chr1","89894762","89895056","chr1","88802329","88802625","9","1092433"
"chr1","89910808","89911109","chr1","88818366","88818676","14","1092442"
"chr1","89932265","89932553","chr1","88839805","88840087","13","1092460"
"chr1","89998734","89999033","chr1","88907003","88907302","5","1091731"
"chr1","90005703","90005949","chr1","88913980","88914215","14","1091723"
"chr1","90024389","90024677","chr1","88934174","88934462","7","1090215"
"chr1","90025205","90025506","chr1","88934990","88935301","12","1090215"
"chr1","90030293","90030576","chr1","88940082","88940371","8","1090211"
"chr1","90100641","90100906","chr7","158567973","158568249","55","68467332"
"chr1","90114042","90114376","chr1","89023830","89024135","40","1090212"
"chr1","90137617","90137938","chr3","2919062","2919377","57","87218555"
"chr1","90189198","90189482","chr1","89102647","89102938","10","1086551"
"chr1","90202615","90202897","chr1","89116031","89116313","8","1086584"
"chr1","90264743","90265030","chr1","89178044","89178331","3","1086699"
"chr1","90451590","90451869","chr1","89381003","89381288","14","1070587"
"chr1","90456162","90456442","chr1","89385542","89385832","15","1070620"
"chr1","90458256","90458557","chr1","89387651","89387952","7","1070605"
"chr1","90619921","90620229","chr1","89537459","89537767","5","1082462"
"chr1","90673820","90674124","chr1","89593093","89593393","7","1080727"
"chr1","90760821","90761122","chr1","89680550","89680860","13","1080271"
"chr1","90774540","90774809","chr1","89694583","89694859","11","1079957"
"chr1","90783335","90783631","chr12","32189699","32189997","43","58593636"
"chr1","90821850","90822165","chr1","89744340","89744653","27","1077510"
"chr1","90853958","90854258","chr7","6452634","6452934","28","84401324"
"chr1","90927880","90928146","chr1","89845442","89845725","23","1082438"
"chr1","90971990","90972293","chr2","158826510","158826814","46","67854520"
"chr1","91012591","91012862","chr1","89930212","89930481","8","1082379"
"chr1","91024160","91024440","chr1","89941760","89942042","2","1082400"
"chr1","91031445","91031754","chr1","89949282","89949587","10","1082163"
"chr1","91046498","91046807","chr1","89964348","89964657","15","1082150"
"chr1","91118638","91118942","chr1","90036557","90036861","8","1082081"
"chr1","91126409","91126707","chr1","90044286","90044581","15","1082123"
"chr1","91166955","91167249","chr9","92052535","92052831","35","885580"
"chr1","91205197","91205552","chr1","90141518","90141840","39","1063679"
"chr1","91209620","91209939","chr1","90145958","90146266","18","1063662"
"chr1","91252572","91252866","chr12","68579605","68579898","47","22672967"
"chr1","91677753","91678070","chr1","90628766","90629082","10","1048987"
"chr1","91715490","91715785","chr1","90662744","90663039","2","1052746"
"chr1","91843886","91844206","chr1","90791156","90791476","8","1052730"
"chr1","91864542","91864846","chr1","90810506","90810810","7","1054036"
"chr1","91906552","91906855","chr1","90852605","90852915","12","1053947"
"chr1","92016460","92016753","chr1","90954412","90954706","7","1062048"
"chr1","92045995","92046230","chr1","90984457","90984692","5","1061538"
"chr1","92078966","92079259","chr1","91016839","91017132","4","1062127"
"chr1","92102316","92102608","chr1","91049259","91049548","7","1053057"
"chr1","92103609","92103853","chr1","91050544","91050789","5","1053065"
"chr1","92113667","92113906","chr1","91060630","91060869","5","1053037"
"chr1","92145275","92145572","chr6","80199803","80200092","60","11945472"
"chr1","92172829","92173119","chr17","68241744","68242043","68","23931085"
"chr1","92198019","92198275","chr1","91140786","91141043","6","1057233"
"chr1","92200509","92200814","chr1","91143290","91143595","4","1057219"
"chr1","92204808","92204945","chr22","29393826","29393976","27","62810982"
"chr1","92271321","92271610","chr1","110422462","110422756","38","18151141"
"chr1","92366198","92366509","chr1","91303843","91304154","4","1062355"
"chr1","92383526","92383838","chr1","91321161","91321469","8","1062365"
"chr1","92415182","92415476","chr10","99400659","99400955","40","6985477"
"chr1","92445946","92446196","chr1","91380472","91380722","2","1065474"
"chr1","92497895","92497992","chrX","104232965","104233063","9","11735070"
"chr1","92569714","92570010","chr1","91506669","91506964","10","1063045"
"chr1","92582194","92582463","chr1","91518808","91519079","4","1063386"
"chr1","92658158","92658440","chr8","27596543","27596824","41","65061615"
"chr1","92747579","92747885","chr1","91678630","91678930","13","1068949"
"chr1","92842574","92842705","chr1","91773097","91773228","1","1069477"
"chr1","92843652","92843944","chr1","91774144","91774435","6","1069508"
"chr1","92857171","92857440","chr1","91787693","91787956","23","1069478"
"chr1","92898511","92898786","chr7","1217592","1217867","38","91680919"
"chr1","92902905","92903218","chr1","91833486","91833801","12","1069419"
"chr1","92928106","92928385","chr2","45118818","45119098","38","47809288"
"chr1","92941181","92941470","chr1","91869383","91869685","16","1071798"
"chr1","92945464","92945760","chr1","91873665","91873967","7","1071799"
"chr1","92953926","92954224","chr1","91882139","91882436","8","1071787"
"chr1","92959073","92959405","chr1","91887237","91887564","11","1071836"
"chr1","92960713","92961024","chr1","91888872","91889184","5","1071841"
"chr1","92965114","92965403","chr1","91893293","91893580","9","1071821"
"chr1","92982618","92982925","chr7","48406591","48406900","40","44576027"
"chr1","92992071","92992179","chr1","23225727","23225836","14","69766344"
"chr1","92995843","92996127","chr1","91921676","91921961","11","1074167"
"chr1","92996938","92997232","chr1","91922790","91923085","4","1074148"
"chr1","93015652","93015687","chr1","91941668","91941700","3","1073984"
"chr1","93015735","93015981","chr1","91941754","91941999","14","1073981"
"chr1","93018739","93019042","chr16","23289674","23289975","34","69729065"
"chr1","93019369","93019679","chr1","91945432","91945742","5","1073937"
"chr1","93020841","93021141","chr1","91946903","91947208","8","1073938"
"chr1","93023401","93023683","chr1","12517650","12517928","34","80505751"
"chr1","93029385","93029692","chr1","91955176","91955480","8","1074209"
"chr1","93034150","93034458","chr1","91957839","91958142","12","1076311"
"chr1","93035799","93036085","chr10","21736298","21736580","51","71299501"
"chr1","93059966","93060250","chr1","160393255","160393539","40","67333289"
"chr1","93069791","93070076","chr1","91989375","91989660","3","1080416"
"chr1","93092985","93093279","chr1","92012629","92012927","11","1080356"
"chr1","93097696","93098003","chr1","92017353","92017660","6","1080343"
"chr1","93101448","93101743","chr1","92021119","92021415","4","1080329"
"chr1","93102701","93102970","chr1","92022363","92022632","1","1080338"
"chr1","93115128","93115429","chr1","92034643","92034943","6","1080485"
"chr1","93167388","93167684","chr1","92081579","92081873","8","1085809"
"chr1","93171129","93171348","chr1","92085310","92085529","3","1085819"
"chr1","93196786","93197084","chr1","92110994","92111292","6","1085792"
"chr1","93205689","93205988","chr1","92119889","92120191","6","1085800"
"chr1","93213219","93213513","chr1","92127553","92127860","16","1085666"
"chr1","93216394","93216700","chr1","92130694","92131003","11","1085700"
"chr1","93253600","93253740","chrX","40265471","40265606","20","52988129"
"chr1","93281268","93281601","chr1","92194261","92194554","41","1087007"
"chr1","93282048","93282164","chr1","92195000","92195116","3","1087048"
"chr1","93285098","93285406","chr1","92198072","92198379","4","1087026"
"chr1","93287219","93287319","chr3","49219040","49219139","17","44068179"
"chr1","93288222","93288527","chr1","92201174","92201479","4","1087048"
"chr1","93298952","93299238","chr1","92211917","92212203","3","1087035"
"chr1","93300933","93301222","chr1","92213908","92214197","4","1087025"
"chr1","93310545","93310852","chr1","92223525","92223833","7","1087020"
"chr1","93326471","93326765","chr1","92239470","92239763","4","1087001"
"chr1","93328474","93328738","chr1","92241498","92241762","7","1086976"
"chr1","93347313","93347575","chr1","92260334","92260628","36","1086979"
"chr1","93372424","93372659","chr1","206353365","206353598","34","112980941"
"chr1","93414428","93414710","chr1","92302003","92302281","5","1112425"
"chr1","93426836","93427130","chr1","92314470","92314762","8","1112366"
"chr1","93434693","93434807","chr2","24250928","24251043","11","69183765"
"chr1","93434808","93435085","chr1","92322283","92322575","74","1112525"
"chr1","93453599","93453899","chr1","164751034","164751332","52","71297435"
"chr1","93456720","93457006","chr1","92344129","92344415","2","1112591"
"chr1","93463238","93463528","chr1","92350658","92350940","15","1112580"
"chr1","93468728","93468851","chr1","92356153","92356276","1","1112575"
"chr1","93491466","93491757","chr1","92379654","92379974","31","1111812"
"chr1","93507143","93507437","chr12","113369905","113370199","52","19862762"
"chr1","93518824","93519128","chr1","92407011","92407315","5","1111813"
"chr1","93519896","93520178","chr1","92408086","92408370","6","1111810"
"chr1","93520204","93520227","chr1","92408396","92408414","5","1111808"
"chr1","93531118","93531419","chr1","92418752","92419051","8","1112366"
"chr1","93531588","93531873","chr1","92419220","92419505","7","1112368"
"chr1","93553144","93553439","chr1","92440783","92441063","20","1112361"
"chr1","93572550","93572835","chr1","92460400","92460681","9","1112150"
"chr1","93574431","93574718","chr1","92462276","92462574","13","1112155"
"chr1","93621078","93621373","chr1","92508331","92508627","5","1112747"
"chr1","93625606","93625915","chr1","92512865","92513176","7","1112741"
"chr1","93626862","93627168","chr17","50897752","50898054","40","42729110"
"chr1","93635088","93635388","chr1","92521410","92521707","10","1113678"
"chr1","93637485","93637807","chr1","92523804","92524126","6","1113681"
"chr1","93640812","93641122","chr1","92527133","92527444","9","1113679"
"chr1","93671407","93671719","chr1","92557727","92558037","10","1113680"
"chr1","93675321","93675593","chr1","92561667","92561935","13","1113654"
"chr1","93689193","93689471","chr1","92575560","92575868","36","1113633"
"chr1","93696831","93697131","chr1","92583227","92583537","20","1113604"
"chr1","93712375","93712458","chr1","92596676","92596759","0","1115699"
"chr1","93728001","93728301","chr1","92612427","92612739","18","1115574"
"chr1","93759083","93759360","chr1","92637124","92637397","8","1121959"
"chr1","93816032","93816337","chr1","92693980","92694286","8","1122052"
"chr1","93835500","93835787","chr1","92713494","92713781","2","1122006"
"chr1","93852975","93853269","chr1","92731043","92731337","3","1121932"
"chr1","93874187","93874470","chr1","92752195","92752478","5","1121992"
"chr1","93877121","93877430","chr1","92755127","92755436","6","1121994"
"chr1","93880955","93881239","chr2","198280704","198281002","54","104399749"
"chr1","93882458","93882759","chr1","92760451","92760750","5","1122007"
"chr1","93888801","93889102","chr1","92766800","92767102","16","1122001"
"chr1","93889794","93890093","chr2","73340249","73340544","38","20549545"
"chr1","93896928","93897219","chr1","92775148","92775441","6","1121780"
"chr1","93924197","93924496","chr1","92802397","92802694","10","1121800"
"chr1","93928583","93928885","chr1","92806785","92807087","7","1121798"
"chr1","93940595","93940905","chr1","92818800","92819110","8","1121795"
"chr1","93979471","93979534","chr12","31269997","31270068","23","62709474"
"chr1","93990438","93990750","chr1","92863771","92864084","12","1126667"
"chr1","93994036","93994316","chr1","92867500","92867805","29","1126536"
"chr1","94001940","94002248","chr1","92875435","92875738","11","1126505"
"chr1","94004954","94005075","chr1","92878417","92878538","4","1126537"
"chr1","94005397","94005572","chr1","92878856","92879030","3","1126541"
"chr1","94045810","94046090","chr1","92897851","92898128","10","1147959"
"chr1","94076570","94076880","chr1","92928680","92928990","0","1147890"
"chr1","94080053","94080363","chr1","92932159","92932458","17","1147894"
"chr1","94085073","94085228","chr5","142305586","142305736","21","48220513"
"chr1","94086284","94086566","chr1","114698477","114698762","46","20612193"
"chr1","94092391","94092683","chr1","92939672","92939961","6","1152719"
"chr1","94107100","94107411","chr1","92954367","92954674","14","1152733"
"chr1","94159381","94159684","chr1","92996518","92996821","2","1162863"
"chr1","94173011","94173310","chr1","93011027","93011326","7","1161984"
"chr1","94206665","94207002","chr1","93045010","93045347","2","1161655"
"chr1","94230156","94230468","chr1","93068453","93068764","7","1161703"
"chr1","94234449","94234748","chr1","93072749","93073049","5","1161700"
"chr1","94247986","94248280","chr1","93086222","93086516","7","1161764"
"chr1","94250355","94250653","chr1","93088575","93088871","5","1161780"
"chr1","94259365","94259666","chr1","93097596","93097895","13","1161769"
"chr1","94270725","94271030","chr4","173146944","173147242","38","78876219"
"chr1","94299444","94299754","chr1","93134962","93135271","8","1164482"
"chr1","94314361","94314466","chr12","96420994","96421101","17","2106633"
"chr1","94326908","94327227","chr1","93162315","93162633","6","1164593"
"chr1","94327941","94328238","chr1","93163347","93163642","7","1164594"
"chr1","94328290","94328590","chr1","93163694","93163997","15","1164596"
"chr1","94341959","94342266","chr1","93177298","93177611","15","1164661"
"chr1","94359973","94360256","chr1","93194886","93195169","5","1165087"
"chr1","94361128","94361429","chr22","28944474","28944773","50","65416654"
"chr1","94430326","94430398","chr1","93265221","93265293","1","1165105"
"chr1","94449281","94449593","chr1","93285149","93285457","6","1164132"
"chr1","94454534","94454847","chr1","93290409","93290716","9","1164125"
"chr1","94480385","94480691","chr1","93316295","93316605","11","1164090"
"chr1","94485218","94485510","chr1","93321250","93321543","8","1163968"
"chr1","94582912","94583222","chr1","93419657","93419968","6","1163255"
"chr1","94630199","94630481","chr1","93466874","93467156","3","1163325"
"chr1","94660861","94661148","chr1","93497632","93497919","3","1163229"
"chr1","94672388","94672672","chr1","93508068","93508352","3","1164320"
"chr1","94680092","94680373","chr1","93517029","93517310","6","1163063"
"chr1","94729819","94730080","chr1","93566766","93567027","4","1163053"
"chr1","94730963","94731272","chr1","93567905","93568212","8","1163058"
"chr1","94756229","94756537","chr3","194427940","194428249","35","99671711"
"chr1","94795256","94795573","chr7","39158890","39159199","55","55636366"
"chr1","94799347","94799661","chr17","68488446","68488755","42","26310901"
"chr1","94808657","94808976","chr1","93643242","93643574","29","1165415"
"chr1","94813932","94814221","chr1","93647784","93648071","11","1166148"
"chr1","94816252","94816537","chr1","93650110","93650395","4","1166142"
"chr1","94827459","94827597","chr1","93661343","93661481","3","1166116"
"chr1","94850946","94851247","chr1","93684724","93685029","11","1166222"
"chr1","94853508","94853817","chr1","93687297","93687606","3","1166211"
"chr1","94873615","94873907","chr1","93707428","93707720","3","1166187"
"chr1","94972383","94972720","chr1","93800292","93800602","43","1172091"
"chr1","95048910","95049212","chr15","51949418","51949716","35","43099492"
"chr1","95080067","95080362","chr1","93904892","93905192","13","1175175"
"chr1","95094037","95094343","chr1","93918934","93919243","14","1175103"
"chr1","95116953","95117252","chr1","93941897","93942196","9","1175056"
"chr1","95128475","95128782","chr1","93953429","93953734","6","1175046"
"chr1","95149035","95149319","chr1","93973999","93974283","7","1175036"
"chr1","95150440","95150741","chr1","93975394","93975695","7","1175046"
"chr1","95178732","95179018","chr1","93999053","93999345","11","1179679"
"chr1","95250986","95251292","chr1","94058355","94058661","3","1192631"
"chr1","95282317","95282622","chr17","5236031","5236341","43","90046286"
"chr1","95360000","95360179","chr4","88482752","88482930","29","6877248"
"chr1","95413303","95413591","chr1","94217252","94217544","8","1196051"
"chr1","95517961","95518253","chr1","94312432","94312727","10","1205529"
"chr1","95652062","95652341","chr1","94439360","94439640","8","1212702"
"chr1","95667028","95667329","chr1","94454655","94454951","9","1212373"
"chr1","95715610","95715826","chr2","219776021","219776239","30","124060411"
"chr1","95737398","95737706","chr1","94523872","94524184","15","1213526"
"chr1","95744832","95745135","chr1","94531290","94531600","19","1213542"
"chr1","95804902","95805174","chr12","132082488","132082759","49","36277586"
"chr1","95808786","95809068","chr2","224453567","224453854","33","128644781"
"chr1","95860184","95860246","chr1","94646848","94646910","1","1213336"
"chr1","95894531","95894828","chr1","94681204","94681501","5","1213327"
"chr1","95958970","95959237","chr5","142018922","142019188","36","46059952"
"chr1","96020445","96020716","chr1","94804841","94805112","9","1215604"
"chr1","96050525","96050816","chr1","21940800","21941098","30","74109725"
"chr1","96156705","96157004","chr1","94940531","94940832","11","1216174"
"chr1","96174001","96174302","chr1","94955332","94955633","8","1218669"
"chr1","96175301","96175597","chr1","94956626","94956922","4","1218675"
"chr1","96179510","96179826","chr16","80907237","80907547","45","15272273"
"chr1","96200808","96201032","chr18","22001516","22001742","28","74199292"
"chr1","96214048","96214336","chr1","94995431","94995719","6","1218617"
"chr1","96220091","96220396","chr1","95001490","95001795","4","1218601"
"chr1","96238735","96239046","chr1","95018254","95018572","13","1220481"
"chr1","96247096","96247290","chr1","95026647","95026841","6","1220449"
"chr1","96269570","96269880","chr2","39164416","39164719","52","57105154"
"chr1","96272876","96273171","chr1","95052576","95052874","11","1220300"
"chr1","96278641","96278945","chr1","95058333","95058636","10","1220308"
"chr1","96291615","96291902","chr3","183977758","183978052","43","87686143"
"chr1","96326915","96327238","chr1","95106419","95106738","11","1220496"
"chr1","96329993","96330286","chr1","95109492","95109788","14","1220501"
"chr1","96334992","96335278","chr1","95114554","95114841","8","1220438"
"chr1","96346617","96346919","chr17","42408791","42409091","36","53937826"
"chr1","96352644","96352939","chr1","95132177","95132478","12","1220467"
"chr1","96355917","96356200","chr1","95135396","95135697","24","1220521"
"chr1","96447970","96448266","chr1","95225345","95225644","10","1222625"
"chr1","96471975","96472277","chr2","88643754","88644046","55","7828221"
"chr1","96473919","96474219","chr1","95251347","95251641","9","1222572"
"chr1","96488747","96489046","chr1","95266221","95266527","13","1222526"
"chr1","96585374","96585666","chr1","95358562","95358854","4","1226812"
"chr1","96652645","96652923","chr1","95425065","95425364","31","1227580"
"chr1","97013234","97013544","chr1","95754903","95755215","6","1258331"
"chr1","97132574","97132865","chr4","112753816","112754110","37","15621242"
"chr1","97256117","97256407","chr1","95991110","95991400","8","1265007"
"chr1","97291040","97291363","chr1","96026111","96026436","7","1264929"
"chr1","97307458","97307753","chr1","96042499","96042806","18","1264959"
"chr1","97480359","97480646","chr1","96214573","96214860","2","1265786"
"chr1","97722854","97723145","chr1","96456475","96456775","13","1266379"
"chr1","97782073","97782367","chr12","95387489","95387782","32","2394584"
"chr1","97786978","97787294","chr1","96521717","96522031","9","1265261"
"chr1","97866669","97866956","chr1","96601524","96601811","10","1265145"
"chr1","97901990","97902279","chr1","96629447","96629732","10","1272543"
"chr1","97932835","97933141","chr1","96659534","96659840","6","1273301"
"chr1","97954705","97955007","chr1","96682301","96682604","9","1272404"
"chr1","97971765","97972069","chr1","96699551","96699855","3","1272214"
"chr1","98002081","98002359","chr1","96729043","96729321","2","1273038"
"chr1","98091941","98092243","chr1","96822963","96823260","10","1268978"
"chr1","98173123","98173400","chr15","41781067","41781341","51","56392056"
"chr1","98216501","98216779","chr16","67379435","67379724","53","30837066"
"chr1","98246469","98246746","chr1","96976824","96977101","8","1269645"
"chr1","98258483","98258772","chr1","96988436","96988724","6","1270047"
"chr1","98404221","98404519","chr1","97133716","97134014","6","1270505"
"chr1","98424946","98425196","chr1","97154475","97154722","9","1270471"
"chr1","98458475","98458782","chr3","44739854","44740162","44","53718621"
"chr1","98650403","98650666","chr1","97365669","97365932","5","1284734"
"chr1","98690283","98690592","chr1","97405507","97405816","4","1284776"
"chr1","98700134","98700403","chr1","97415352","97415621","3","1284782"
"chr1","98842528","98842839","chr1","97557299","97557615","12","1285229"
"chr1","98847951","98848239","chr1","97562730","97563018","6","1285221"
"chr1","98966130","98966439","chr1","97695848","97696157","11","1270282"
"chr1","99001018","99001308","chr1","97730233","97730523","6","1270785"
"chr1","99154697","99155005","chr1","182409942","182410249","52","83255245"
"chr1","99480011","99480306","chr1","98174138","98174437","24","1305873"
"chr1","99530992","99531272","chr1","98223888","98224201","39","1307104"
"chr1","99550794","99551100","chr1","98238375","98238671","22","1312419"
"chr1","99667311","99667421","chr1","98354210","98354320","0","1313101"
"chr1","99702259","99702571","chr1","98389148","98389457","4","1313111"
"chr1","99708795","99709079","chr1","98395685","98395969","4","1313110"
"chr1","99764464","99764727","chr4","38494938","38495198","49","61269526"
"chr1","99789189","99789493","chr1","98475679","98475984","8","1313510"
"chr1","99796477","99796792","chr1","98482944","98483256","11","1313533"
"chr1","99806190","99806488","chr1","98492649","98492953","10","1313541"
"chr1","99853421","99853696","chr1","98530272","98530549","4","1323149"
"chr1","99935817","99935932","chr1","98607819","98607934","5","1327998"
"chr1","99935964","99936153","chr1","98607966","98608155","3","1327998"
"chr1","99986629","99986933","chr11","768820","769122","33","99217809"
"chr1","100037408","100037673","chr1","98711031","98711296","5","1326377"
"chr1","100083866","100084131","chr1","98711031","98711296","6","1372835"
"chr1","100198997","100199216","chr1","98831703","98831922","0","1367294"
"chr1","100281511","100281813","chr20","4817986","4818277","51","95463525"
"chr1","100293702","100293961","chr12","121492348","121492607","31","21198646"
"chr1","100303589","100303813","chr1","98942090","98942340","36","1361499"
"chr1","100330001","100330203","chr1","98942090","98942340","58","1387911"
"chr1","100339831","100340136","chr1","98951981","98952285","5","1387850"
"chr1","100436123","100436416","chr1","99048146","99048440","6","1387977"
"chr1","100639678","100639787","chr1","179907102","179907211","14","79267424"
"chr1","100643278","100643586","chr1","99258539","99258837","13","1384739"
"chr1","100680327","100680633","chr1","99294414","99294713","12","1385913"
"chr1","100749681","100749984","chr6","40474479","40474789","43","60275202"
"chr1","100764557","100764831","chr1","99377016","99377290","4","1387541"
"chr1","100822487","100822788","chr1","99434948","99435252","8","1387539"
"chr1","100929358","100929670","chr1","99546028","99546338","13","1383330"
"chr1","100936664","100936949","chr3","57000551","57000832","31","43936113"
"chr1","100979759","100979845","chr1","99596344","99596430","2","1383415"
"chr1","101061799","101062095","chr1","99678106","99678404","11","1383693"
"chr1","101066589","101066883","chr1","99682737","99683035","7","1383852"
"chr1","101087177","101087409","chr1","99703477","99703709","4","1383700"
"chr1","101102562","101102863","chr1","99718327","99718628","5","1384235"
"chr1","101174156","101174457","chrX","134441018","134441318","61","33266862"
"chr1","101178847","101179160","chr1","99792798","99793111","4","1386049"
"chr1","101188386","101188673","chr1","99802387","99802672","6","1385999"
"chr1","101206153","101206439","chr1","99821135","99821446","31","1385018"
"chr1","101220130","101220446","chr1","99831336","99831653","3","1388794"
"chr1","101233013","101233310","chr1","99844541","99844841","6","1388472"
"chr1","101271457","101271764","chr2","38954634","38954933","63","62316823"
"chr1","101285709","101286004","chr5","179692082","179692374","49","78406373"
"chr1","101301711","101302005","chr1","99911448","99911742","7","1390263"
"chr1","101303210","101303508","chr10","126865608","126865910","50","25562398"
"chr1","101319227","101319527","chr1","99929031","99929330","9","1390196"
"chr1","101323701","101324008","chr1","99933507","99933789","29","1390194"
"chr1","101345747","101346008","chr1","99954998","99955259","3","1390749"
"chr1","101353001","101353312","chr1","99962521","99962832","8","1390480"
"chr1","101362766","101363061","chr1","99972332","99972635","14","1390434"
"chr1","101394258","101394597","chr14","56559459","56559768","71","44834799"
"chr1","101410968","101411237","chr1","100021114","100021383","9","1389854"
"chr1","101438019","101438308","chr20","31978854","31979149","33","69459165"
"chr1","101440633","101440927","chr12","123819701","123819999","50","22379068"
"chr1","101443850","101444031","chr3","184103650","184103826","31","82659800"
"chr1","101444333","101444468","chr12","121920696","121920831","9","20476363"
"chr1","101452737","101452860","chr1","100062803","100062926","0","1389934"
"chr1","101468425","101468720","chr1","100078788","100079083","2","1389637"
"chr1","101470996","101471301","chr1","100081367","100081675","8","1389629"
"chr1","101484845","101485153","chr3","121507445","121507749","51","20022600"
"chr1","101486444","101486739","chr1","100096834","100097129","4","1389610"
"chr1","101489595","101489889","chr1","100099986","100100274","12","1389609"
"chr1","101515719","101516022","chr9","126403951","126404254","55","24888232"
"chr1","101517245","101517565","chr1","100128034","100128331","25","1389211"
"chr1","101523005","101523324","chr1","100133764","100134085","8","1389241"
"chr1","101545169","101545236","chr1","100155906","100155973","4","1389263"
"chr1","101553054","101553353","chr1","100163791","100164090","9","1389263"
"chr1","101577877","101578184","chr1","100189059","100189370","6","1388818"
"chr1","101614345","101614646","chr1","100225545","100225848","3","1388800"
"chr1","101616645","101616956","chr1","100227837","100228149","4","1388808"
"chr1","101617286","101617588","chr1","100228477","100228779","4","1388809"
"chr1","101636803","101637096","chr1","100247822","100248119","13","1388981"
"chr1","101672296","101672591","chr1","100281711","100282004","6","1390585"
"chr1","101673394","101673683","chr1","100282806","100283095","3","1390588"
"chr1","101673757","101674056","chr1","100283161","100283460","5","1390596"
"chr1","101694534","101694825","chr1","44351037","44351332","46","57343497"
"chr1","101732619","101732913","chr1","100341984","100342277","11","1390635"
"chr1","101739561","101739858","chr1","100348913","100349210","3","1390648"
"chr1","101750975","101751272","chr1","100360346","100360644","8","1390629"
"chr1","101776896","101777172","chr1","100385908","100386182","8","1390988"
"chr1","101777527","101777685","chr1","100386537","100386695","1","1390990"
"chr1","101820430","101820710","chr1","100428926","100429206","4","1391504"
"chr1","101938156","101938468","chr1","100546227","100546540","6","1391929"
"chr1","102101687","102101869","chr6","108397021","108397203","34","6295334"
"chr1","102101905","102102017","chr2","157712033","157712136","22","55610128"
"chr1","102155635","102155919","chr20","57453461","57453743","35","44702174"
"chr1","102184724","102185030","chr1","100794508","100794814","4","1390216"
"chr1","102225540","102225826","chr1","100836971","100837259","6","1388569"
"chr1","102301256","102301609","chr9","130006161","130006512","75","27704905"
"chr1","102381480","102381789","chr1","100988564","100988851","25","1392916"
"chr1","102439458","102439733","chr9","20306688","20306975","42","82132770"
"chr1","102468629","102468927","chr1","101072893","101073217","29","1395736"
"chr1","102484810","102485113","chr1","101089125","101089425","10","1395685"
"chr1","102563825","102564131","chr14","49932723","49933025","37","52631102"
"chr1","102600967","102601265","chr1","101206126","101206424","11","1394841"
"chr1","102601789","102602125","chr1","101206944","101207254","40","1394845"
"chr1","102604561","102604864","chr17","47939136","47939438","40","54665425"
"chr1","102608322","102608640","chr1","101213481","101213766","43","1394841"
"chr1","102613968","102614270","chr1","101219082","101219383","8","1394886"
"chr1","102622501","102622647","chr1","101227416","101227558","9","1395085"
"chr1","102622650","102622934","chr1","101227567","101227858","11","1395083"
"chr1","102641520","102641823","chr1","101246699","101247003","3","1394821"
"chr1","102649275","102649580","chr20","37187631","37187942","63","65461644"
"chr1","102649847","102650154","chr1","101255574","101255873","12","1394273"
"chr1","102700561","102700869","chr1","101306167","101306469","10","1394394"
"chr1","102711560","102711885","chr1","101317178","101317501","9","1394382"
"chr1","102720628","102720925","chr1","101326269","101326564","10","1394359"
"chr1","102800921","102801193","chr1","101404008","101404280","5","1396913"
"chr1","102837199","102837497","chr1","101439687","101439985","9","1397512"
"chr1","102852052","102852349","chr1","101454580","101454877","8","1397472"
"chr1","102857100","102857397","chr12","116834851","116835149","38","13977751"
"chr1","102861104","102861411","chr1","101463598","101463906","14","1397506"
"chr1","102879142","102879430","chr1","101483740","101484028","1","1395402"
"chr1","102975828","102976119","chr1","101582118","101582412","5","1393710"
"chr1","103080505","103080774","chr1","101686055","101686324","6","1394450"
"chr1","103228373","103228648","chr1","101831913","101832188","4","1396460"
"chr1","103236953","103237211","chr21","26164608","26164871","53","77072345"
"chr1","103259510","103259797","chr1","101862994","101863273","14","1396516"
"chr1","103295037","103295318","chr1","101917431","101917716","12","1377606"
"chr1","103492787","103492912","chr1","102105004","102105130","3","1387783"
"chr1","103492956","103493120","chr1","102105168","102105332","4","1387788"
"chr1","103514596","103514927","chr1","102122427","102122737","48","1392169"
"chr1","103515643","103515952","chr3","155826105","155826404","53","52310462"
"chr1","103547350","103547631","chr1","102155227","102155508","5","1392123"
"chr1","103766894","103767011","chr1","102375314","102375433","3","1391580"
"chr1","103776311","103776609","chr3","50244026","50244327","40","53532285"
"chr1","103794479","103794757","chr5","127450776","127451058","48","23656297"
"chr1","103983659","103983932","chr19","48223971","48224243","40","55759688"
"chr1","104067073","104067370","chr1","102682361","102682660","10","1384712"
"chr1","104169053","104169338","chr1","102786266","102786562","14","1382787"
"chr1","104194378","104194676","chr1","102811343","102811641","3","1383035"
"chr1","104388961","104389281","chr1","103007576","103007886","14","1381385"
"chr1","104501690","104501995","chr7","98529242","98529552","37","5972448"
"chr1","104567309","104567556","chr7","27009323","27009584","47","77557986"
"chr1","104578653","104578968","chr1","103196100","103196426","24","1382553"
"chr1","104752565","104752876","chr19","49811826","49812135","35","54940739"
"chr1","104758688","104758990","chr1","103434571","103434873","4","1324117"
"chr1","104861367","104861669","chr1","103434571","103434873","4","1426796"
"chr1","104897247","104897525","chr1","103469013","103469256","41","1428234"
"chr1","104962513","104962800","chr10","68398370","68398658","42","36564143"
"chr1","104997960","104998262","chr1","103585136","103585445","17","1412824"
"chr1","105198099","105198373","chr1","103831908","103832212","42","1366191"
"chr1","105244589","105244888","chr4","82943862","82944170","50","22300727"
"chr1","105285744","105286011","chr1","103919753","103920020","5","1365991"
"chr1","105490097","105490397","chr1","104106982","104107278","12","1383115"
"chr1","105540511","105540794","chr1","104155979","104156290","33","1384532"
"chr1","105583921","105584242","chr4","109917615","109917919","65","4333694"
"chr1","105660650","105660955","chr2","216335787","216336090","48","110675137"
"chr1","105686738","105687031","chr1","104287848","104288137","17","1398890"
"chr1","105687384","105687734","chr19","1797451","1797798","56","103889933"
"chr1","105710343","105710657","chr1","104311807","104312117","6","1398536"
"chr1","105860040","105860345","chr1","104458335","104458639","11","1401705"
"chr1","105952538","105952834","chr11","69839223","69839515","64","36113315"
"chr1","106019515","106019725","chr1","104667248","104667459","3","1352267"
"chr1","106079137","106079445","chr1","104725047","104725333","31","1354090"
"chr1","106115802","106116120","chr1","104759217","104759510","29","1356585"
"chr1","106211552","106211858","chr1","104861339","104861640","12","1350213"
"chr1","106229339","106229600","chr1","104884805","104885066","5","1344534"
"chr1","106359528","106359818","chr1","145739580","145739877","49","39380052"
"chr1","106527878","106528143","chr1","105179256","105179512","21","1348622"
"chr1","106556533","106556827","chr1","105207808","105208113","15","1348725"
"chr1","106557194","106557492","chr1","105208457","105208727","36","1348737"
"chr1","106605767","106606080","chr1","105255833","105256146","6","1349934"
"chr1","106698682","106698979","chr1","105355443","105355730","14","1343239"
"chr1","106808572","106808848","chr1","105465938","105466237","29","1342634"
"chr1","106831498","106831795","chr1","105492958","105493266","13","1338540"
"chr1","106848245","106848550","chr10","68170867","68171176","40","38677378"
"chr1","106922542","106922869","chr1","105567533","105567840","24","1355009"
"chr1","106958524","106958817","chr1","105607030","105607323","9","1351494"
"chr1","107153959","107154265","chr1","105788122","105788427","10","1365837"
"chr1","107237337","107237629","chr1","105868804","105869097","12","1368533"
"chr1","107327666","107327995","chr1","105926165","105926474","22","1401501"
"chr1","107426632","107426926","chr1","106023339","106023638","10","1403293"
"chr1","107448495","107448806","chr1","106045355","106045659","15","1403140"
"chr1","107473749","107473874","chr1","106070550","106070678","6","1403199"
"chr1","107579926","107580217","chr1","106158082","106158373","6","1421844"
"chr1","107781301","107781591","chr1","106357676","106357965","9","1423625"
"chr1","107808226","107808523","chr1","106386627","106386942","19","1421599"
"chr1","107854400","107854703","chr1","106434958","106435247","23","1419442"
"chr1","107874934","107875243","chr1","106455097","106455410","9","1419837"
"chr1","107903431","107903749","chr1","106483627","106483945","7","1419804"
"chr1","107912077","107912366","chr1","106492263","106492561","18","1419814"
"chr1","107925933","107926245","chr19","9865479","9865791","44","98060454"
"chr1","108064551","108064853","chr1","235081800","235082102","41","127017249"
"chr1","108089042","108089338","chr1","106674071","106674367","8","1414971"
"chr1","108097704","108098004","chr1","106682732","106683029","16","1414972"
"chr1","108128699","108129008","chr1","106713679","106713987","7","1415020"
"chr1","108199914","108200199","chr1","106782956","106783241","3","1416958"
"chr1","108214132","108214445","chr10","97016027","97016320","52","11198105"
"chr1","108357075","108357364","chr1","106938833","106939122","7","1418242"
"chr1","108443780","108444095","chr1","107025028","107025320","32","1418752"
"chr1","108553819","108554130","chr1","107135025","107135335","2","1418794"
"chr1","108767657","108767941","chr2","26714604","26714886","43","82053053"
"chr1","108853171","108853479","chr1","107433262","107433570","6","1419909"
"chr1","108875907","108876173","chr2","101374129","101374395","2","7501778"
"chr1","108878048","108878361","chr2","241963580","241963890","36","133085532"
"chr1","108892435","108892693","chr1","107469495","107469752","2","1422940"
"chr1","108912568","108912865","chr1","107489669","107489966","4","1422899"
"chr1","108936178","108936480","chr14","102865498","102865799","45","6070680"
"chr1","109009822","109010099","chr1","107587615","107587892","8","1422207"
"chr1","109047679","109047989","chr1","107625255","107625566","5","1422424"
"chr1","109059706","109060025","chr1","107637341","107637660","9","1422365"
"chr1","109079275","109079579","chr1","107656944","107657254","16","1422331"
"chr1","109390009","109390271","chr1","107968372","107968635","6","1421637"
"chr1","109490846","109491162","chr1","108068707","108069019","12","1422139"
"chr1","109573021","109573332","chr1","108150919","108151230","6","1422102"
"chr1","109616111","109616414","chr1","108189531","108189828","10","1426580"
"chr1","109644268","109644554","chr1","108217905","108218189","6","1426363"
"chr1","109664764","109665057","chr1","164751034","164751332","56","55086270"
"chr1","109777065","109777342","chr1","108256640","108256919","5","1520425"
"chr1","109794737","109795030","chr1","164751034","164751332","56","54956297"
"chr1","109821338","109821609","chr1","108481034","108481304","6","1340304"
"chr1","109840772","109841062","chr1","108499744","108499999","36","1341028"
"chr1","109934193","109934492","chr1","108592876","108593175","11","1341317"
"chr1","109981254","109981550","chr1","108641894","108642189","6","1339360"
"chr1","110003102","110003385","chr1","108664032","108664316","7","1339070"
"chr1","110042026","110042325","chr6","13310356","13310656","50","96731670"
"chr1","110064523","110064830","chr1","108724799","108725107","16","1339724"
"chr1","110066765","110067082","chr1","108727044","108727358","29","1339721"
"chr1","110113195","110113503","chr1","108765847","108766152","7","1347348"
"chr1","110129565","110129848","chr1","108781714","108782010","18","1347851"
"chr1","110150193","110150477","chr1","108802115","108802399","6","1348078"
"chr1","110179545","110179837","chr1","108832209","108832524","28","1347336"
"chr1","110188207","110188489","chr1","108840891","108841173","4","1347316"
"chr1","110191398","110191679","chr1","108844081","108844362","3","1347317"
"chr1","110202857","110203154","chr17","44364554","44364847","40","65838303"
"chr1","110212115","110212362","chr1","108864794","108865040","6","1347321"
"chr1","110261345","110261498","chr5","100070127","100070273","28","10191218"
"chr1","110267573","110267875","chr1","108919003","108919307","4","1348570"
"chr1","110268755","110269058","chr1","108920187","108920490","5","1348568"
"chr1","110278298","110278600","chr1","108928720","108929007","20","1349578"
"chr1","110280198","110280510","chr1","108930608","108930904","21","1349590"
"chr1","110281503","110281798","chr1","108931991","108932283","9","1349512"
"chr1","110285285","110285583","chr1","108936086","108936394","25","1349199"
"chr1","110292075","110292375","chr1","108942905","108943207","10","1349170"
"chr1","110295285","110295427","chr1","108945885","108946027","2","1349400"
"chr1","110300547","110300829","chr1","108951125","108951407","4","1349422"
"chr1","110301940","110302241","chr1","108952518","108952823","11","1349422"
"chr1","110308122","110308413","chr1","108958598","108958889","6","1349524"
"chr1","110312109","110312412","chr1","108962588","108962886","10","1349521"
"chr1","110316770","110316805","chr12","6649358","6649394","9","103667412"
"chr1","110317546","110317646","chr16","29661507","29661607","8","80656039"
"chr1","110318455","110318745","chr1","108968931","108969222","9","1349524"
"chr1","110338305","110338595","chr1","108988765","108989056","10","1349540"
"chr1","110345760","110345939","chr1","224117732","224117914","25","113771972"
"chr1","110348885","110349048","chr11","62938126","62938291","38","47410759"
"chr1","110349355","110349526","chr22","38259774","38259939","38","72089581"
"chr1","110349840","110350121","chr1","109001013","109001293","9","1348827"
"chr1","110357437","110357722","chr1","109008620","109008905","8","1348817"
"chr1","110371646","110371950","chr1","109022581","109022885","6","1349065"
"chr1","110383154","110383442","chr7","35103735","35104023","31","75279419"
"chr1","110389222","110389508","chr1","109038695","109039008","29","1350527"
"chr1","110394144","110394415","chr1","109045201","109045515","45","1348943"
"chr1","110394878","110395184","chr1","109045974","109046282","8","1348904"
"chr1","110397672","110397975","chr12","64307369","64307668","40","46090303"
"chr1","110401413","110401529","chr1","109052527","109052643","0","1348886"
"chr1","110409943","110410237","chr5","172172698","172172996","31","61762755"
"chr1","110411000","110411291","chr1","109060475","109060766","0","1350525"
"chr1","110412207","110412424","chr1","109061682","109061899","2","1350525"
"chr1","110419876","110420049","chr1","109070520","109070693","1","1349356"
"chr1","110421957","110422207","chr1","109072781","109073031","6","1349176"
"chr1","110438048","110438346","chr1","109086862","109087160","10","1351186"
"chr1","110448563","110448664","chr1","109097434","109097535","3","1351129"
"chr1","110451967","110452279","chr3","49105375","49105682","49","61346592"
"chr1","110461216","110461527","chr1","109108131","109108442","5","1353085"
"chr1","110463086","110463397","chr1","109108131","109108442","5","1354955"
"chr1","110469211","110469495","chr6","47035949","47036230","45","63433262"
"chr1","110475256","110475536","chr1","109119200","109119483","8","1356056"
"chr1","110481298","110481438","chr1","109125231","109125371","5","1356067"
"chr1","110482531","110482822","chr1","109126478","109126770","5","1356053"
"chr1","110483897","110484208","chr1","109127867","109128172","8","1356030"
"chr1","110493242","110493536","chr1","109137206","109137503","8","1356036"
"chr1","110495812","110496097","chr13","95334377","95334674","52","15161435"
"chr1","110510650","110510945","chr1","109171271","109171562","10","1339379"
"chr1","110515029","110515329","chr1","109175545","109175851","9","1339484"
"chr1","110544498","110544814","chr1","109206012","109206314","18","1338486"
"chr1","110554229","110554536","chr1","109215695","109216003","6","1338534"
"chr1","110636335","110636646","chr1","109291535","109291847","8","1344800"
"chr1","110636647","110636781","chr1","109291848","109291982","2","1344799"
"chr1","110682163","110682453","chr1","109337638","109337923","8","1344525"
"chr1","110704184","110704476","chr1","109355878","109356171","2","1348306"
"chr1","110716314","110716504","chr4","82756444","82756632","24","27959870"
"chr1","110716522","110716829","chr1","109368012","109368316","6","1348510"
"chr1","110733812","110734105","chr3","172116570","172116863","34","61382758"
"chr1","110736469","110736747","chr2","61347398","61347673","31","49389071"
"chr1","110748004","110748311","chr1","109395209","109395520","9","1352795"
"chr1","110761620","110761832","chr3","53663842","53664055","35","57097778"
"chr1","110774134","110774389","chr1","109421256","109421481","35","1352878"
"chr1","110826129","110826418","chr1","109459511","109459803","11","1366618"
"chr1","110826860","110827151","chr1","109460245","109460546","14","1366615"
"chr1","110830045","110830335","chr1","109463444","109463732","7","1366601"
"chr1","110840932","110841213","chr10","119639358","119639637","31","8798426"
"chr1","110860987","110861292","chr1","109494555","109494868","12","1366432"
"chr1","110900473","110900650","chr1","166306299","166306469","31","55405826"
"chr1","110912097","110912397","chr1","109537258","109537544","21","1374839"
"chr1","110930904","110931052","chr9","72198114","72198257","20","38732790"
"chr1","110940689","110940982","chr3","64525606","64525888","57","46415083"
"chr1","110949208","110949500","chr1","109571636","109571928","3","1377572"
"chr1","110983450","110983756","chr1","109596344","109596649","4","1387106"
"chr1","111042504","111042790","chr1","109655224","109655529","23","1387280"
"chr1","111211263","111211514","chr1","109801454","109801702","11","1409809"
"chr1","111223003","111223289","chr1","109813247","109813556","29","1409756"
"chr1","111237161","111237453","chr1","109827401","109827698","16","1409760"
"chr1","111243572","111243852","chr1","109833857","109834133","8","1409715"
"chr1","111281458","111281766","chr1","109871862","109872169","3","1409596"
"chr1","111374693","111374974","chr9","125373181","125373457","43","13998488"
"chr1","111375123","111375433","chr1","150024767","150025077","36","38649644"
"chr1","111378362","111378573","chr1","23235122","23235335","27","88143240"
"chr1","111381113","111381399","chr1","109954960","109955247","2","1426153"
"chr1","111385237","111385511","chr20","4817986","4818277","48","106567251"
"chr1","111439631","111439917","chr1","110013428","110013714","8","1426203"
"chr1","111439998","111440302","chr1","110013795","110014100","6","1426203"
"chr1","111456359","111456595","chr1","82493118","82493353","35","28963241"
"chr1","111464198","111464520","chr1","110036818","110037134","14","1427380"
"chr1","111479802","111480091","chr1","110052479","110052769","12","1427323"
"chr1","111500616","111500803","chr1","110073251","110073439","4","1427365"
"chr1","111507583","111507861","chr1","110080244","110080522","4","1427339"
"chr1","111538854","111539156","chr1","110111467","110111773","11","1427387"
"chr1","111693430","111693497","chr1","35403967","35404033","17","76289463"
"chr1","111695937","111696234","chr1","110264800","110265100","12","1431137"
"chr1","111753809","111754125","chr1","110322926","110323243","5","1430883"
"chr1","111756522","111756823","chr1","110325636","110325936","10","1430886"
"chr1","111765877","111766187","chr2","158826510","158826814","44","47060633"
"chr1","111786187","111786495","chr9","127713497","127713806","52","15927310"
"chr1","111792853","111793155","chr1","110361247","110361556","13","1431606"
"chr1","111793925","111794228","chr1","236025258","236025561","39","124231333"
"chr1","111800907","111801199","chr1","110369318","110369610","2","1431589"
"chr1","111820796","111821086","chr1","110388719","110389009","5","1432077"
"chr1","111827145","111827441","chr1","110395061","110395355","14","1432084"
"chr1","111842626","111842961","chr1","110409622","110409925","34","1433004"
"chr1","111843568","111843863","chr1","110410520","110410813","11","1433048"
"chr1","111855556","111855854","chr1","110422462","110422756","9","1433094"
"chr1","111865811","111866113","chr1","110432686","110432987","9","1433125"
"chr1","111867694","111867996","chr1","110434568","110434851","24","1433126"
"chr1","111887632","111887933","chr1","110449213","110449508","9","1438419"
"chr1","111931700","111931994","chr1","110493533","110493800","28","1438167"
"chr1","111985479","111985741","chr1","110545884","110546146","6","1439595"
"chr1","112084571","112084862","chr1","110644507","110644798","4","1440064"
"chr1","112121781","112122088","chr1","110681855","110682163","4","1439926"
"chr1","112137708","112138010","chr1","110697785","110698093","13","1439923"
"chr1","112233477","112233787","chr1","110792790","110793100","7","1440687"
"chr1","112295118","112295424","chr1","110852934","110853237","10","1442184"
"chr1","112299313","112299486","chr1","238381944","238382120","26","126082631"
"chr1","112299513","112299640","chr11","19193530","19193658","15","93105983"
"chr1","112328772","112329054","chr1","110886567","110886844","13","1442205"
"chr1","112408071","112408383","chr1","110966008","110966321","8","1442063"
"chr1","112420696","112421007","chr1","110977088","110977391","12","1443608"
"chr1","112486587","112486871","chr1","111043053","111043341","14","1443534"
"chr1","112514604","112514897","chr1","111070627","111070920","2","1443977"
"chr1","112549506","112549752","chr1","111107173","111107422","6","1442333"
"chr1","112575628","112575928","chr3","67546453","67546751","37","45029175"
"chr1","112600580","112600884","chr1","111158060","111158368","6","1442520"
"chr1","112680358","112680663","chr1","52232448","52232754","44","60447910"
"chr1","112781735","112782043","chr1","111321351","111321648","17","1460384"
"chr1","112795301","112795612","chrX","15615836","15616147","44","97179465"
"chr1","112899046","112899337","chr2","191532602","191532894","45","78633556"
"chr1","112996301","112996599","chr4","110525994","110526291","49","2470307"
"chr1","113010661","113010973","chr1","111548009","111548319","9","1462652"
"chr1","113113242","113113423","chrX","5233187","5233362","24","107880055"
"chr1","113129054","113129360","chr1","111667403","111667697","19","1461651"
"chr1","113133132","113133434","chr1","111671467","111671773","12","1461665"
"chr1","113150499","113150811","chr1","193027404","193027711","46","79876905"
"chr1","113585119","113585404","chr1","112124003","112124288","7","1461116"
"chr1","113619626","113619923","chr1","112163611","112163909","6","1456015"
"chr1","113739444","113739733","chr1","112273842","112274115","18","1465602"
"chr1","113770610","113770918","chr1","112302004","112302312","7","1468606"
"chr1","113808232","113808443","chr1","112339756","112339968","3","1468476"
"chr1","113837715","113838010","chr3","182754370","182754664","44","68916655"
"chr1","113840779","113841067","chr1","112433312","112433601","5","1407467"
"chr1","113851127","113851412","chr1","112443227","112443512","6","1407900"
"chr1","113851413","113851547","chr1","112443513","112443648","1","1407900"
"chr1","113859454","113859761","chr1","112451490","112451795","4","1407964"
"chr1","113871264","113871565","chr1","112463322","112463617","21","1407942"
"chr1","113894256","113894569","chr1","112488012","112488322","15","1406244"
"chr1","113941316","113941598","chr1","112535091","112535375","2","1406225"
"chr1","113943182","113943481","chr1","112537001","112537298","10","1406181"
"chr1","113945557","113945868","chr17","3731332","3731641","34","110214225"
"chr1","113949741","113950043","chr1","112543587","112543891","9","1406154"
"chr1","113953370","113953675","chr1","11315396","11315704","30","102637974"
"chr1","113975031","113975309","chr1","112570896","112571174","8","1404135"
"chr1","114009859","114010159","chr1","112604026","112604326","2","1405833"
"chr1","114033160","114033452","chr1","112627363","112627666","14","1405797"
"chr1","114045853","114046144","chr1","112641608","112641906","13","1404245"
"chr1","114048078","114048383","chr1","112643839","112644144","8","1404239"
"chr1","114093034","114093328","chr1","112690998","112691298","10","1402036"
"chr1","114147685","114147995","chr1","112741024","112741324","17","1406661"
"chr1","114157668","114157971","chr6","17888542","17888845","37","96269126"
"chr1","114172426","114172670","chr1","112765181","112765425","3","1407245"
"chr1","114181203","114181511","chr1","112775583","112775891","7","1405620"
"chr1","114209102","114209397","chr1","112803493","112803786","7","1405609"
"chr1","114248532","114248841","chr1","112846777","112847087","4","1401755"
"chr1","114248852","114249159","chr1","112847098","112847405","3","1401754"
"chr1","114258675","114258982","chr1","112856933","112857242","10","1401742"
"chr1","114266420","114266732","chr1","112864504","112864806","21","1401916"
"chr1","114268629","114268927","chr1","112866704","112867003","5","1401925"
"chr1","114288346","114288661","chr1","112886148","112886459","9","1402198"
"chr1","114292926","114293225","chr1","112892225","112892524","1","1400701"
"chr1","114310161","114310467","chr11","28736748","28737053","31","85573413"
"chr1","114315405","114315700","chr1","112916649","112916944","4","1398756"
"chr1","114333618","114333907","chr2","39239808","39240097","29","75093810"
"chr1","114343207","114343495","chr1","112944705","112944992","6","1398502"
"chr1","114344785","114344854","chr1","112946290","112946359","0","1398495"
"chr1","114351636","114351941","chr1","112953154","112953452","12","1398482"
"chr1","114356666","114356959","chr1","112958180","112958470","13","1398486"
"chr1","114360604","114360879","chr1","112962073","112962378","34","1398531"
"chr1","114360987","114361079","chr1","112962490","112962582","1","1398497"
"chr1","114361191","114361283","chr1","112962490","112962582","1","1398701"
"chr1","114370325","114370637","chr1","112971635","112971946","8","1398690"
"chr1","114408762","114409058","chr1","116043143","116043432","47","1634381"
"chr1","114410140","114410431","chr1","38661839","38662133","37","75748301"
"chr1","114423436","114423729","chr1","113013561","113013856","9","1409875"
"chr1","114449104","114449395","chr1","113041260","113041549","6","1407844"
"chr1","114453972","114454301","chr1","113046123","113046447","13","1407849"
"chr1","114466663","114466937","chr1","113060218","113060492","5","1406445"
"chr1","114524900","114525202","chr1","113111033","113111335","4","1413867"
"chr1","114533994","114534282","chrX","119554163","119554455","33","5020169"
"chr1","114563554","114563859","chr1","113149960","113150265","2","1413594"
"chr1","114580013","114580322","chr1","113160859","113161168","8","1419154"
"chr1","114582139","114582434","chr1","113162986","113163280","44","1419153"
"chr1","114632967","114633299","chr1","113210759","113211076","34","1422208"
"chr1","114644310","114644615","chr5","123600348","123600650","48","8956038"
"chr1","114650299","114650531","chr15","55640729","55640949","37","59009570"
"chr1","114727271","114727545","chr1","113294555","113294838","18","1432716"
"chr1","114764866","114765135","chr1","113332168","113332437","7","1432698"
"chr1","114952104","114952248","chr1","16074741","16074887","23","98877363"
"chr1","114998180","114998481","chr1","113543582","113543885","6","1454598"
"chr1","115000931","115001233","chr1","113546350","113546636","20","1454581"
"chr1","115044724","115045019","chr17","47939136","47939438","46","67105588"
"chr1","115062428","115062718","chr10","90478078","90478376","60","24584350"
"chr1","115065751","115066043","chr1","113605974","113606266","5","1459777"
"chr1","115079254","115079559","chr1","113616886","113617188","6","1462368"
"chr1","115114926","115115227","chr1","113651489","113651790","5","1463437"
"chr1","115249752","115250058","chr19","23227273","23227580","42","92022479"
"chr1","115273792","115274099","chr1","113800984","113801282","20","1472808"
"chr1","115274782","115275081","chr1","113801961","113802255","7","1472821"
"chr1","115301366","115301644","chr3","150722395","150722672","51","35421029"
"chr1","115312653","115312965","chr1","113839930","113840248","25","1472723"
"chr1","115314303","115314609","chr1","113841597","113841902","3","1472706"
"chr1","115335179","115335457","chr2","43648602","43648879","43","71686577"
"chr1","115353305","115353619","chr1","113884940","113885255","4","1468365"
"chr1","115353793","115354035","chr1","113885430","113885672","10","1468363"
"chr1","115361202","115361455","chr1","113892839","113893091","3","1468363"
"chr1","115374421","115374730","chr1","113906047","113906357","4","1468374"
"chr1","115389505","115389806","chr1","113921120","113921419","17","1468385"
"chr1","115395327","115395616","chr1","113926867","113927156","2","1468460"
"chr1","115407066","115407367","chr1","113938627","113938928","7","1468439"
"chr1","115463250","115463555","chr1","113994896","113995207","13","1468354"
"chr1","115537363","115537644","chr2","200788940","200789230","52","85251577"
"chr1","115716750","115717067","chr7","98857724","98858041","60","16859026"
"chr1","115755745","115756040","chr1","114273980","114274275","2","1481765"
"chr1","115801852","115802153","chr1","114316802","114317109","16","1485050"
"chr1","115832193","115832519","chr1","114343826","114344178","30","1488367"
"chr1","115833541","115833862","chr1","114345200","114345520","2","1488341"
"chr1","115844357","115844694","chr1","114356048","114356380","11","1488309"
"chr1","115845691","115845993","chr1","114357340","114357645","10","1488351"
"chr1","115869945","115870236","chr1","114381216","114381507","4","1488729"
"chr1","115874513","115874793","chr1","114385772","114386060","8","1488741"
"chr1","115888977","115889255","chr1","114400215","114400502","12","1488762"
"chr1","115892879","115893189","chr1","114404136","114404444","6","1488743"
"chr1","115899800","115900068","chr22","38197298","38197568","61","77702502"
"chr1","115938973","115939335","chr1","114450330","114450692","5","1488643"
"chr1","115972329","115972570","chr1","114480953","114481194","5","1491376"
"chr1","115977394","115977679","chr1","114485994","114486279","5","1491400"
"chr1","115978207","115978507","chr1","114486806","114487102","11","1491401"
"chr1","115986006","115986278","chr1","114494939","114495211","4","1491067"
"chr1","116002515","116002820","chr1","114512048","114512352","3","1490467"
"chr1","116013389","116013523","chr1","114522863","114522997","1","1490526"
"chr1","116013745","116014039","chr1","114523219","114523517","7","1490526"
"chr1","116032249","116032471","chr1","114541628","114541850","4","1490621"
"chr1","116038213","116038536","chrX","71065089","71065386","64","44973124"
"chr1","116038907","116039209","chr7","6192530","6192832","41","109846377"
"chr1","116042312","116042620","chr1","114551776","114552084","8","1490536"
"chr1","116069508","116069793","chr1","114578995","114579280","4","1490513"
"chr1","116082412","116082692","chr1","114591904","114592184","2","1490508"
"chr1","116088055","116088352","chr1","114597500","114597797","5","1490555"
"chr1","116089236","116089537","chr1","114598681","114598982","4","1490555"
"chr1","116098452","116098748","chr1","114608002","114608294","10","1490450"
"chr1","116106618","116106926","chr1","114616108","114616414","6","1490510"
"chr1","116115128","116115435","chr1","114624612","114624919","9","1490516"
"chr1","116117024","116117321","chr1","114626508","114626809","8","1490516"
"chr1","116126228","116126528","chr1","114635727","114636027","7","1490501"
"chr1","116134842","116135126","chr1","114641964","114642249","8","1492878"
"chr1","116146043","116146346","chr1","114653117","114653408","21","1492926"
"chr1","116174257","116174567","chr1","114681313","114681623","8","1492944"
"chr1","116181084","116181382","chr1","114688135","114688427","13","1492949"
"chr1","116182499","116182793","chr16","18978346","18978643","43","97204153"
"chr1","116185697","116185824","chr1","44099955","44100079","11","72085742"
"chr1","116186137","116186280","chr18","7129609","7129751","19","109056528"
"chr1","116191819","116192104","chr1","114698477","114698762","5","1493342"
"chr1","116202497","116202804","chr6","15140213","15140522","45","101062284"
"chr1","116203115","116203382","chr11","111946391","111946660","49","4256724"
"chr1","116236794","116237087","chr11","16165616","16165912","42","100071178"
"chr1","116237706","116238005","chr1","114743203","114743502","5","1494503"
"chr1","116248552","116248783","chr1","114754061","114754292","2","1494491"
"chr1","116275441","116275750","chr1","114780959","114781265","5","1494482"
"chr1","116302203","116302296","chr9","121501834","121501927","11","5199631"
"chr1","116321468","116321756","chr3","47497335","47497628","58","68824133"
"chr1","116346204","116346512","chr1","114853576","114853887","10","1492628"
"chr1","116364161","116364485","chr1","114871561","114871885","6","1492600"
"chr1","116402257","116402568","chr1","114905957","114906266","5","1496300"
"chr1","116436445","116436741","chr1","114940098","114940394","5","1496347"
"chr1","116443102","116443429","chr1","114946726","114947048","9","1496376"
"chr1","116498190","116498478","chr1","115005719","115006009","6","1492471"
"chr1","116618547","116618837","chr1","115122441","115122731","3","1496106"
"chr1","116784104","116784395","chr1","115274288","115274581","8","1509816"
"chr1","116879644","116879926","chr1","115357896","115358179","1","1521748"
"chr1","117004973","117005274","chr1","115483088","115483390","7","1521885"
"chr1","117015158","117015475","chr1","115493304","115493615","9","1521854"
"chr1","117071858","117072164","chr1","115555920","115556223","11","1515938"
"chr1","117101321","117101609","chr1","115585458","115585746","8","1515863"
"chr1","117121475","117121768","chr1","115604795","115605085","6","1516680"
"chr1","117188425","117188706","chr1","115673595","115673887","15","1514830"
"chr1","117190037","117190158","chr7","98960791","98960915","18","18229246"
"chr1","117190769","117191060","chr1","115689676","115689967","2","1501093"
"chr1","117246865","117247181","chr1","115743855","115744170","9","1503010"
"chr1","117278087","117278390","chr1","115774878","115775180","9","1503209"
"chr1","117367001","117367310","chr1","115864312","115864620","11","1502689"
"chr1","117372916","117373213","chr1","115870212","115870509","6","1502704"
"chr1","117391360","117391661","chr1","115888146","115888458","13","1503214"
"chr1","117405509","117405815","chr1","115902348","115902645","21","1503161"
"chr1","117491504","117491802","chr1","115988534","115988831","6","1502970"
"chr1","117546605","117546894","chr1","116043143","116043432","3","1503462"
"chr1","117598828","117599117","chr1","116094649","116094938","1","1504179"
"chr1","117705348","117705657","chr1","116200637","116200945","7","1504711"
"chr1","117725566","117725863","chr1","116220781","116221076","9","1504785"
"chr1","117732560","117732843","chr1","116227767","116228074","33","1504793"
"chr1","117755758","117755896","chr1","116250992","116251130","1","1504766"
"chr1","117756200","117756382","chr1","116251424","116251606","8","1504776"
"chr1","117779970","117780273","chr1","116275193","116275501","11","1504777"
"chr1","117862784","117863038","chr1","242734980","242735239","46","124872196"
"chr1","117874908","117875219","chr1","116369515","116369818","14","1505393"
"chr1","117945434","117945748","chr14","76442803","76443115","46","41502631"
"chr1","117949051","117949358","chr1","116442712","116443046","31","1506339"
"chr1","117949368","117949446","chr1","116443056","116443134","3","1506312"
"chr1","117966014","117966312","chr1","116459654","116459949","14","1506360"
"chr1","118063987","118064282","chr1","116555976","116556281","13","1508011"
"chr1","118077610","118077930","chr1","53969049","53969366","56","64108561"
"chr1","118093662","118093929","chr1","116585641","116585919","17","1508021"
"chr1","118132783","118133092","chr8","108056774","108057085","38","10076009"
"chr1","118150594","118150903","chr1","116641220","116641525","17","1509374"
"chr1","118171434","118171729","chr1","116662077","116662369","9","1509357"
"chr1","118178873","118179182","chr1","116669511","116669818","8","1509362"
"chr1","118197618","118197921","chr1","116688275","116688578","11","1509343"
"chr1","118238002","118238298","chr1","116730417","116730716","11","1507585"
"chr1","118281610","118281914","chr1","116773970","116774269","6","1507640"
"chr1","118284426","118284718","chr1","116776788","116777087","14","1507638"
"chr1","118363033","118363327","chr4","6990168","6990462","35","111372865"
"chr1","118386774","118386974","chr18","62137537","62137736","31","56249237"
"chr1","118442780","118443084","chr1","116925153","116925452","7","1517627"
"chr1","118490950","118491172","chr17","38613108","38613337","36","79877842"
"chr1","118528313","118528605","chr1","117008183","117008475","7","1520130"
"chr1","118545125","118545435","chr1","117025081","117025391","3","1520044"
"chr1","118572104","118572408","chr1","117052083","117052388","7","1520021"
"chr1","118584284","118584489","chr1","117064196","117064400","8","1520088"
"chr1","118587327","118587616","chr1","117067250","117067548","17","1520077"
"chr1","118599038","118599342","chr1","117078959","117079263","5","1520079"
"chr1","118605386","118605648","chr1","117085272","117085534","4","1520114"
"chr1","118647582","118647869","chr1","117127489","117127777","5","1520093"
"chr1","118690436","118690743","chr1","145739580","145739877","44","27049144"
"chr1","118697654","118697965","chr1","117176817","117177128","7","1520837"
"chr1","118733522","118733816","chr1","117212343","117212637","8","1521179"
"chr1","118738051","118738340","chr1","117217170","117217459","3","1520881"
"chr1","118774656","118774968","chr1","117253778","117254091","34","1520878"
"chr1","118802819","118803129","chr1","117293857","117294151","25","1508962"
"chr1","118842437","118842723","chr1","117304383","117304669","7","1538054"
"chr1","118847383","118847652","chr1","117309311","117309598","27","1538072"
"chr1","118999508","118999797","chr1","117464085","117464370","9","1535423"
"chr1","119027080","119027368","chr1","117488214","117488494","15","1538866"
"chr1","119032373","119032672","chr1","117493501","117493805","14","1538872"
"chr1","119086560","119086837","chr1","117547632","117547909","6","1538928"
"chr1","119087783","119088079","chr1","117549067","117549363","6","1538716"
"chr1","119231850","119231881","chr3","39031561","39031591","7","80200289"
"chr1","119231945","119232228","chr1","117693786","117694064","8","1538159"
"chr1","119292394","119292693","chr1","117750743","117751042","5","1541651"
"chr1","119343114","119343409","chr1","117801166","117801464","5","1541948"
"chr1","119458093","119458395","chr1","117932918","117933216","13","1525175"
"chr1","119468161","119468450","chr1","117942963","117943252","5","1525198"
"chr1","119469902","119470200","chr1","117944694","117944992","2","1525208"
"chr1","119507180","119507329","chr3","59085214","59085372","33","60421966"
"chr1","119545007","119545322","chr1","118020149","118020461","7","1524858"
"chr1","119607300","119607503","chr1","118083051","118083254","2","1524249"
"chr1","119726725","119727025","chr1","118202534","118202835","5","1524191"
"chr1","119732214","119732517","chr16","3287970","3288266","38","116444244"
"chr1","119735287","119735591","chr16","3287970","3288266","39","116447317"
"chr1","119743205","119743508","chr16","3287970","3288266","38","116455235"
"chr1","119811444","119811701","chr8","85134354","85134619","45","34677090"
"chr1","119993448","119993762","chr1","118429753","118430058","13","1563695"
"chr1","120009923","120010230","chr1","118446150","118446457","10","1563773"
"chr1","120096815","120097125","chr1","118531695","118532005","8","1565120"
"chr1","120097539","120097849","chr1","92954367","92954674","48","27143172"
"chr1","120120300","120120442","chr14","73542155","73542297","19","46578145"
"chr1","120120471","120120633","chr7","67385665","67385825","32","52734806"
"chr1","120319711","120319975","chr1","118760140","118760399","15","1559571"
"chr1","120338494","120338746","chrX","48367896","48368179","39","71970598"
"chr1","120374404","120374688","chr9","131060362","131060644","64","10685958"
"chr1","120434815","120435096","chr1","118892951","118893265","35","1541864"
"chr1","120509104","120509399","chr1","118968212","118968506","6","1540892"
"chr1","120590454","120590749","chr1","119051763","119052059","6","1538691"
"chr1","120594728","120595046","chr1","119056012","119056336","8","1538716"
"chr1","120608889","120609187","chr3","120185811","120186105","52","423078"
"chr1","120621575","120621883","chr5","79214804","79215109","33","41406771"
"chr1","120644245","120644546","chr1","119105629","119105921","14","1538616"
"chr1","120662845","120663128","chr1","119124211","119124494","5","1538634"
"chr1","120679560","120679855","chr1","224212004","224212300","42","103532444"
"chr1","120681719","120682024","chr1","119143195","119143500","5","1538524"
"chr1","120707051","120707183","chr1","119167761","119167893","3","1539290"
"chr1","120719290","120719602","chr1","119187703","119188015","5","1531587"
"chr1","120745437","120745726","chrX","129948988","129949278","37","9203551"
"chr1","120763881","120764190","chr1","119232055","119232365","4","1531826"
"chr1","120795971","120796250","chr10","93448714","93449003","57","27347257"
"chr1","120798128","120798442","chr1","119267412","119267720","13","1530716"
"chr1","120867780","120868066","chr1","119340195","119340481","4","1527585"
"chr1","120872280","120872531","chr3","9536680","9536935","55","111335600"
"chr1","120946749","120947033","chr8","61129956","61130240","61","59816793"
"chr1","120998815","120999113","chr17","38753480","38753778","57","82245335"
"chr1","121138132","121138435","chr9","102480561","102480857","61","18657571"
"chr1","121206567","121206857","chr3","150088148","150088440","43","28881581"
"chr1","121292698","121293048","chr16","87483177","87483518","69","33809521"
"chr1","121318561","121318867","chr1","119776231","119776541","11","1542330"
"chr1","121381524","121381828","chr1","119837797","119838104","39","1543727"
"chr1","121481988","121482300","chr1","119930497","119930784","30","1551491"
"chr1","121689934","121690215","chr1","120140209","120140490","7","1549725"
"chr1","121704522","121704830","chr1","121259189","121259498","8","445333"
"chr1","121805789","121806078","chr1","143930660","143930949","6","22124871"
"chr1","121811973","121812278","chr1","206155353","206155661","11","84343380"
"chr1","121846559","121846855","chr1","121101541","121101837","3","745018"
"chr1","121883427","121883666","chr2","208410965","208411206","50","86527538"
"chr1","121931333","121931423","chr1","121463655","121463745","1","467678"
"chr1","124314217","124314449","chr1","16504893","16505125","17","107809324"
"chr1","124369122","124369410","chr8","72774363","72774648","53","51594759"
"chr1","124370310","124370611","chr1","148427148","148427448","9","24056838"
"chr1","124415525","124415817","chr1","144362915","144363207","16","19947390"
"chr1","124579227","124579534","chr1","121306956","121307262","7","3272271"
"chr1","124587801","124588080","chr5","178447082","178447360","49","53859281"
"chr1","124601374","124601607","chr1","206353365","206353598","6","81751991"
"chr1","124605632","124605941","chr1","144940518","144940818","10","20334886"
"chr1","124680444","124680736","chr8","94939404","94939697","46","29741040"
"chr1","124684134","124684437","chr1","149657568","149657872","20","24973434"
"chr1","124706825","124707101","chr1","120943114","120943390","19","3763711"
"chr1","124708680","124708956","chr1","120943114","120943390","21","3765566"
"chr1","124769738","124770048","chr1","120316310","120316620","6","4453428"
"chr1","124885052","124885298","chr1","91050544","91050789","37","33834508"
"chr1","124977942","124978231","chr1","148914346","148914635","4","23936404"
"chr1","125003925","125004224","chr1","120278615","120278914","4","4725310"
"chr1","125029254","125029556","chr1","148865086","148865388","8","23835832"
"chr1","125044303","125044600","chr1","148849687","148849984","7","23805384"
"chr1","125045595","125045902","chr1","148848387","148848692","6","23802792"
"chr1","125081026","125081335","chr1","120200434","120200743","9","4880592"
"chr1","125142379","125142660","chr1","120140209","120140490","8","5002170"
"chr1","125156419","125156719","chr16","3287970","3288266","34","121868449"
"chr1","125175875","125176167","chr1","120109449","120109741","7","5066426"
"chr1","125234424","125234528","chr5","178850708","178850812","13","53616284"
"chr1","125283979","125284243","chr1","119999600","119999865","9","5284379"
"chr1","125320325","125320578","chr1","148583624","148583881","5","23263299"
"chr1","125322603","125322796","chr11","47658445","47658643","41","77664158"
"chr1","125324945","125325138","chr11","47658445","47658643","40","77666500"
"chr1","125420052","125420173","chr1","146051150","146051269","5","20631098"
"chr1","125443883","125444187","chr1","146026887","146027194","6","20583004"
"chr1","125444638","125444929","chr1","146026162","146026454","6","20581524"
"chr1","125458322","125458594","chr1","146012470","146012744","13","20554148"
"chr1","125459580","125459921","chr1","146011155","146011496","3","20551575"
"chr1","125469343","125469649","chr1","146003712","146004016","6","20534369"
"chr1","125470150","125470387","chr11","111599904","111600150","44","13870246"
"chr1","125472724","125473025","chr1","146000064","146000345","23","20527340"
"chr1","125473814","125474046","chr1","145999024","145999255","5","20525210"
"chr1","125486103","125486410","chr1","145986669","145986975","6","20500566"
"chr1","125544730","125544862","chr4","26500010","26500142","8","99044720"
"chr1","125562385","125562533","chr4","151364329","151364478","17","25801944"
"chr1","125570436","125570737","chr1","145905929","145906228","7","20335493"
"chr1","125587708","125588004","chrX","38297986","38298283","50","87289722"
"chr1","125589202","125589505","chr17","30470372","30470675","49","95118830"
"chr1","125614421","125614710","chr1","145862536","145862824","4","20248115"
"chr1","125632412","125632672","chr1","145844639","145844899","4","20212227"
"chr1","125638088","125638373","chr1","145838990","145839284","15","20200902"
"chr1","125638648","125638958","chr1","145838400","145838715","10","20199752"
"chr1","125641480","125641790","chr1","145835565","145835875","5","20194085"
"chr1","125656207","125656357","chr17","63599480","63599629","19","62056727"
"chr1","125656686","125656980","chr1","156985433","156985723","42","31328747"
"chr1","125658492","125658786","chr1","145819757","145820058","11","20161265"
"chr1","125665839","125666143","chr1","145494466","145494772","7","19828627"
"chr1","125671644","125671950","chr1","145806068","145806375","2","20134424"
"chr1","125676438","125676712","chr16","22659646","22659921","46","103016792"
"chr1","125681328","125681577","chr11","62816957","62817217","55","62864371"
"chr1","125684222","125684442","chr4","10465855","10466074","32","115218367"
"chr1","125687506","125687806","chr1","145790862","145791160","11","20103356"
"chr1","125699217","125699522","chr6","26540329","26540632","49","99158888"
"chr1","125704037","125704349","chr1","145774340","145774650","8","20070303"
"chr1","125711681","125711972","chr8","11383213","11383506","39","114328468"
"chr1","125721642","125721954","chr1","145763416","145763738","13","20041774"
"chr1","125730165","125730452","chr1","145754964","145755248","6","20024799"
"chr1","125730790","125731074","chr1","145754352","145754635","5","20023562"
"chr1","125744275","125744562","chr1","145740850","145741137","2","19996575"
"chr1","125746685","125746982","chr1","145739580","145739877","8","19992895"
"chr1","125751434","125751737","chr1","145734833","145735136","4","19983399"
"chr1","125773114","125773413","chr1","145713167","145713461","6","19940053"
"chr1","125792865","125793135","chr1","145697046","145697316","9","19904181"
"chr1","125851878","125852172","chr1","147956742","147957038","4","22104864"
"chr1","125931676","125931991","chr1","147998598","147998901","16","22066922"
"chr1","125961039","125961134","chr17","19881760","19881859","20","106079279"
"chr1","126000227","126000448","chr2","219776021","219776239","31","93775794"
"chr1","126007736","126007804","chr12","114792386","114792457","9","11215350"
"chr1","126068102","126068225","chr8","30049385","30049497","35","96018717"
"chr1","126068670","126068850","chr12","49406019","49406194","38","76662651"
"chr1","126086887","126087187","chr1","146935580","146935882","6","20848693"
"chr1","126115758","126116072","chr1","148183098","148183408","9","22067340"
"chr1","126151450","126151756","chr1","87424146","87424445","34","38727304"
"chr1","126153203","126153510","chr1","146509201","146509508","6","20355998"
"chr1","126162375","126162458","chr1","146500257","146500343","3","20337882"
"chr1","126251388","126251631","chr12","93038404","93038640","38","33212984"
"chr1","126308500","126308796","chr1","147087278","147087574","3","20778778"
"chr1","126317302","126317618","chr6","107021059","107021370","56","19296243"
"chr1","126341172","126341436","chr1","147116739","147116993","14","20775567"
"chr1","126369977","126370280","chr1","147144010","147144314","9","20774033"
"chr1","126396850","126397141","chr1","147170580","147170880","12","20773730"
"chr1","126414524","126414820","chr1","147188241","147188544","10","20773717"
"chr1","126447563","126447841","chr1","147222088","147222376","16","20774525"
"chr1","126498927","126499180","chr1","147272919","147273177","7","20773992"
"chr1","126516089","126516392","chr1","147290085","147290384","12","20773996"
"chr1","126603993","126604116","chr1","147365199","147365322","2","20761206"
"chr1","126607686","126607989","chr1","147368881","147369183","3","20761195"
"chr1","126635166","126635463","chr2","73340249","73340544","45","53294917"
"chr1","126655806","126656087","chr1","147413905","147414189","9","20758099"
"chr1","126699418","126699535","chr11","114000001","114000117","14","12699417"
"chr1","126699849","126700059","chr17","46231337","46231541","48","80468512"
"chr1","126762650","126762939","chr1","147524354","147524643","5","20761704"
"chr1","126769244","126769549","chr1","147530898","147531210","11","20761654"
"chr1","126788330","126788639","chr1","147548967","147549276","7","20760637"
"chr1","126814904","126815204","chr17","4494131","4494432","37","122320773"
"chr1","126948154","126948452","chr1","147704690","147704988","3","20756536"
"chr1","127088353","127088662","chr1","147840234","147840542","7","20751881"
"chr1","127090580","127090864","chr1","147842444","147842748","27","20751864"
"chr1","127172384","127172693","chr1","147922908","147923227","10","20750524"
"chr1","127215376","127215662","chr3","158141816","158142100","44","30926440"
"chr1","127275961","127276249","chr1","145454991","145455278","3","18179030"
"chr1","127277011","127277106","chr17","19881760","19881859","20","107395251"
"chr1","127284545","127284723","chr1","145461308","145461486","3","18176763"
"chr1","127319226","127319406","chr12","49406019","49406194","38","77913207"
"chr1","127319851","127319974","chr8","30049385","30049497","35","97270466"
"chr1","127371736","127372042","chr1","87424146","87424445","34","39947590"
"chr1","127373489","127373796","chr1","146509201","146509508","6","19135712"
"chr1","127382645","127382731","chr1","146500257","146500343","1","19117612"
"chr1","127385771","127385950","chr14","69239728","69239900","32","58146043"
"chr1","127419223","127419530","chr1","143686927","143687238","34","16267704"
"chr1","127455779","127456046","chr12","64641134","64641396","53","62814645"
"chr1","127482581","127482899","chr1","143686927","143687238","50","16204346"
"chr1","127483622","127483717","chr13","99117638","99117734","22","28365984"
"chr1","127550596","127550890","chr1","148368728","148369020","11","20818132"
"chr1","127556958","127556975","chr1","22369008","22369020","6","105187950"
"chr1","127557002","127557280","chr1","148368728","148369020","37","20811726"
"chr1","127563930","127564221","chrX","136218858","136219150","43","8654928"
"chr1","127571722","127571888","chr2","56350291","56350454","25","71221431"
"chr1","127610707","127611011","chr1","143747086","143747391","8","16136379"
"chr1","127665336","127665406","chr18","57786710","57786780","11","69878626"
"chr1","127726352","127726659","chr1","146368483","146368798","9","18642131"
"chr1","127920371","127920698","chr1","144568874","144569211","18","16648503"
"chr1","127928939","127929156","chr17","9091979","9092188","31","118836960"
"chr1","127981581","127981809","chr1","149481502","149481743","24","21499921"
"chr1","127982652","127982763","chr7","3263535","3263633","24","124719117"
"chr1","128049021","128049325","chr1","143481896","143482200","7","15432875"
"chr1","128062640","128062950","chr2","89633171","89633481","18","38429469"
"chr1","128063393","128063612","chr2","241547690","241547909","39","113484297"
"chr1","128074546","128074850","chr1","144285285","144285591","7","16210739"
"chr1","128079535","128079836","chr2","91694892","91695192","6","36384643"
"chr1","128082157","128082443","chr13","18349849","18350142","23","109732308"
"chr1","128082574","128082885","chr1","143459665","143459975","11","15377091"
"chr1","128170601","128170889","chr4","9778131","9778419","4","118392470"
"chr1","128290395","128290691","chr1","143646184","143646483","14","15355789"
"chr1","128301953","128302241","chr6","7020615","7020897","62","121281338"
"chr1","128330398","128330707","chr1","143686927","143687238","9","15356529"
"chr1","128331464","128331559","chr17","19881760","19881859","21","108449704"
"chr1","128348819","128349142","chr2","63401492","63401812","71","64947327"
"chr1","128353644","128353876","chr1","146391286","146391518","20","18037642"
"chr1","128361212","128361508","chr1","143725463","143725759","7","15364251"
"chr1","128395344","128395641","chr15","45573033","45573327","41","82822311"
"chr1","128404112","128404408","chr1","143758959","143759261","30","15354847"
"chr1","128409157","128409454","chr1","143758959","143759261","27","15349802"
"chr1","128434617","128434908","chr7","152685468","152685760","48","24250851"
"chr1","128461969","128462267","chr1","145151059","145151358","4","16689090"
"chr1","128541218","128541348","chr1","155097151","155097285","17","26555933"
"chr1","128681810","128682065","chr1","121006141","121006396","5","7675669"
"chr1","128683113","128683408","chr1","143790625","143790919","6","15107512"
"chr1","128690048","128690357","chr1","149707656","149707968","8","21017608"
"chr1","128699099","128699240","chr10","72942004","72942146","20","55757095"
"chr1","128750364","128750664","chr1","143860710","143861010","6","15110346"
"chr1","128777127","128777338","chr21","43827735","43827943","37","84949392"
"chr1","128803535","128803840","chr1","143916438","143916736","11","15112903"
"chr1","128871680","128871982","chr11","47660557","47660854","50","81211123"
"chr1","128878242","128878576","chr1","149897501","149897837","5","21019259"
"chr1","128900282","128900456","chr1","149919568","149919743","9","21019286"
"chr1","128900752","128900887","chr1","149920040","149920175","3","21019288"
"chr1","128919240","128919536","chr1","149938179","149938481","9","21018939"
"chr1","128939978","128940286","chr1","149958940","149959249","6","21018962"
"chr1","128945428","128945564","chr1","149964394","149964530","2","21018966"
"chr1","128966182","128966487","chr1","149985126","149985430","3","21018944"
"chr1","128970274","128970577","chr12","2090311","2090617","35","126879963"
"chr1","128976420","128976729","chr1","149995298","149995605","11","21018878"
"chr1","128981824","128982107","chr1","150000697","150000980","5","21018873"
"chr1","128985393","128985527","chr16","56725564","56725698","9","72259829"
"chr1","128996406","128996702","chr1","150015282","150015567","16","21018876"
"chr1","129001345","129001646","chr1","150020254","150020557","6","21018909"
"chr1","129005845","129006126","chr2","45118818","45119098","30","83887027"
"chr1","129019462","129019764","chr1","150038376","150038686","9","21018914"
"chr1","129025258","129025552","chr1","150044204","150044497","10","21018946"
"chr1","129026151","129026448","chr1","150045095","150045393","2","21018944"
"chr1","129035686","129035980","chr14","80476649","80476942","36","48559037"
"chr1","129052719","129053026","chr1","150071505","150071805","9","21018786"
"chr1","129070027","129070336","chr1","150088469","150088778","6","21018442"
"chr1","129078514","129078814","chr1","150097440","150097742","9","21018926"
"chr1","129095266","129095540","chr1","150114206","150114484","8","21018940"
"chr1","129098656","129098945","chr7","98176563","98176857","45","30922093"
"chr1","129099495","129099789","chr1","150118411","150118705","3","21018916"
"chr1","129105945","129106077","chr7","5306501","5306633","11","123799444"
"chr1","129109231","129109531","chr9","125708082","125708378","46","3401149"
"chr1","129111642","129111942","chr9","125708082","125708378","46","3403560"
"chr1","129116605","129116901","chr1","150143309","150143603","8","21026704"
"chr1","129120003","129120296","chr1","150139884","150140203","29","21019881"
"chr1","129120329","129120341","chr1","90467794","90467805","1","38652535"
"chr1","129122296","129122614","chr19","8102987","8103287","51","121019309"
"chr1","129132839","129132851","chr1","90467794","90467805","1","38665045"
"chr1","129132884","129133177","chr1","150139884","150140203","29","21007000"
"chr1","129136279","129136573","chr1","150143309","150143603","10","21007030"
"chr1","129140546","129140834","chr1","150147562","150147850","3","21007016"
"chr1","129151400","129151692","chr1","150158405","150158697","5","21007005"
"chr1","129166633","129166942","chr18","9521339","9521651","10","119645294"
"chr1","129171881","129172176","chr1","150176057","150176349","5","21004176"
"chr1","129181169","129181421","chr19","17678197","17678452","32","111502972"
"chr1","129185394","129185687","chr1","150189381","150189675","2","21003987"
"chr1","129188665","129188964","chr1","150192640","150192938","8","21003975"
"chr1","129192178","129192475","chr1","150195635","150195929","11","21003457"
"chr1","129225066","129225367","chr1","150225388","150225691","9","21000322"
"chr1","129257750","129258033","chr10","62146822","62147106","45","67110928"
"chr1","129268779","129269092","chr1","150275855","150276169","8","21007076"
"chr1","129270148","129270456","chr1","150277216","150277527","9","21007068"
"chr1","129280265","129280565","chr1","150287318","150287619","7","21007053"
"chr1","129282291","129282580","chr1","150289335","150289619","9","21007044"
"chr1","129298788","129299027","chr1","150305597","150305836","3","21006809"
"chr1","129301740","129302038","chr1","150308550","150308847","5","21006810"
"chr1","129310801","129311089","chr1","150317602","150317890","2","21006801"
"chr1","129316572","129316851","chr1","150323365","150323644","6","21006793"
"chr1","129323042","129323312","chr1","150329762","150330059","28","21006720"
"chr1","129338700","129338993","chr1","225821248","225821545","37","96482548"
"chr1","129361925","129362203","chr6","5717937","5718213","34","123643988"
"chr1","129365897","129366006","chr7","128617238","128617348","12","748659"
"chr1","129371412","129371715","chr7","1521168","1521466","43","127850244"
"chr1","129387246","129387543","chr1","150394585","150394880","7","21007339"
"chr1","129401631","129401910","chr1","150406417","150406698","6","21004786"
"chr1","129408512","129408526","chr3","89224887","89224897","4","40183625"
"chr1","129408825","129408956","chr1","182109789","182109928","29","52700964"
"chr1","129415398","129415694","chr1","150420544","150420840","5","21005146"
"chr1","129422047","129422358","chr1","150427191","150427502","8","21005144"
"chr1","129429405","129429714","chr1","150434534","150434843","4","21005129"
"chr1","129443000","129443308","chr1","150448161","150448468","6","21005161"
"chr1","129446173","129446368","chr4","82756444","82756632","33","46689729"
"chr1","129448819","129449123","chr7","27287780","27288084","32","102161039"
"chr1","129472876","129473059","chr1","150479076","150479262","5","21006200"
"chr1","129474975","129475284","chr1","150481499","150481824","21","21006524"
"chr1","129485340","129485656","chr1","150494084","150494391","12","21008744"
"chr1","129485724","129486009","chr1","150494458","150494743","3","21008734"
"chr1","129491571","129491859","chr1","150500314","150500602","6","21008743"
"chr1","129505864","129506158","chr1","150514696","150514988","6","21008832"
"chr1","129514042","129514347","chr15","41203964","41204266","39","88310078"
"chr1","129568683","129568987","chr7","92779971","92780271","38","36788712"
"chr1","129584505","129584805","chr1","150581707","150582008","8","20997202"
"chr1","129603606","129603923","chr2","227396632","227396917","70","97793026"
"chr1","129612060","129612365","chr1","150610967","150611279","13","20998907"
"chr1","129620891","129621178","chr1","150618994","150619285","7","20998103"
"chr1","129623168","129623465","chr1","150621267","150621572","14","20998099"
"chr1","129632576","129632707","chr5","139522562","139522697","13","9889986"
"chr1","129640094","129640223","chr1","150636223","150636344","8","20996129"
"chr1","129644010","129644043","chr11","65710436","65710469","8","63933574"
"chr1","129644459","129644757","chr1","204118006","204118302","71","74473547"
"chr1","129644798","129644990","chr4","2541834","2542017","53","127102964"
"chr1","129654902","129655199","chr1","150651035","150651333","7","20996133"
"chr1","129655234","129655532","chr1","150651368","150651664","11","20996134"
"chr1","129658118","129658431","chrX","7551142","7551452","38","122106976"
"chr1","129686433","129686500","chr3","128151297","128151364","8","1535136"
"chr1","129689628","129689928","chr1","150685433","150685741","12","20995805"
"chr1","129693847","129694125","chr1","150689659","150689938","5","20995812"
"chr1","129695202","129695341","chr1","150691014","150691153","0","20995812"
"chr1","129699316","129699627","chr1","150695124","150695436","10","20995808"
"chr1","129708953","129709263","chr1","150704762","150705044","33","20995809"
"chr1","129711842","129712137","chr1","150707655","150707947","11","20995813"
"chr1","129737999","129738305","chr1","150734359","150734665","4","20996360"
"chr1","129743061","129743326","chr1","150739429","150739662","36","20996368"
"chr1","129781427","129781554","chr1","150775695","150775822","5","20994268"
"chr1","129781864","129782011","chr1","150776136","150776283","3","20994272"
"chr1","129812675","129812964","chr1","150801125","150801418","5","20988450"
"chr1","129833163","129833492","chr1","150821647","150821992","20","20988484"
"chr1","129836109","129836415","chr1","150824444","150824752","7","20988335"
"chr1","129841727","129842031","chr1","150830077","150830381","6","20988350"
"chr1","129844870","129845175","chrX","41273444","41273747","47","88571426"
"chr1","129852230","129852541","chr1","150839959","150840263","13","20987729"
"chr1","129857581","129857881","chr1","150845319","150845619","5","20987738"
"chr1","129873287","129873589","chr1","150860216","150860514","7","20986929"
"chr1","129897380","129897696","chr1","150895330","150895646","4","20997950"
"chr1","129912636","129912802","chr1","150910631","150910798","3","20997995"
"chr1","129913108","129913251","chr1","150911104","150911247","0","20997996"
"chr1","129920564","129920843","chr1","150918954","150919232","10","20998390"
"chr1","129934616","129934927","chr1","150929360","150929681","21","20994744"
"chr1","129956388","129956678","chr1","150948730","150949018","6","20992342"
"chr1","129963553","129963861","chr1","150955807","150956106","14","20992254"
"chr1","129969144","129969438","chr1","150961371","150961666","6","20992227"
"chr1","129977734","129978034","chr9","111486780","111487081","32","18490954"
"chr1","129994489","129994789","chr1","150987446","150987744","5","20992957"
"chr1","129997609","129997900","chr1","150990565","150990860","7","20992956"
"chr1","129999625","129999896","chr10","99721891","99722165","44","30277734"
"chr1","130003262","130003569","chr1","150996122","150996428","10","20992860"
"chr1","130011601","130011883","chr1","151004448","151004731","3","20992847"
"chr1","130017801","130018106","chr1","151010672","151010955","25","20992871"
"chr1","130023110","130023392","chr2","27318366","27318646","43","102704744"
"chr1","130039301","130039609","chr11","33951717","33952019","57","96087584"
"chr1","130061323","130061619","chr1","151053486","151053781","4","20992163"
"chr1","130077456","130077758","chr17","30940310","30940604","35","99137146"
"chr1","130089733","130090049","chr1","151081207","151081519","8","20991474"
"chr1","130112929","130113233","chr1","151108165","151108469","2","20995236"
"chr1","130114602","130114906","chr3","196322693","196322990","49","66208091"
"chr1","130115745","130115903","chr1","151111000","151111158","3","20995255"
"chr1","130128774","130128908","chr1","151123899","151124033","2","20995125"
"chr1","130167879","130168184","chr6","17904186","17904495","45","112263693"
"chr1","130171906","130172216","chr1","151167550","151167861","3","20995644"
"chr1","130173151","130173276","chr1","151168819","151168930","15","20995668"
"chr1","130188320","130188590","chr1","151183491","151183761","3","20995171"
"chr1","130191112","130191407","chr1","151186280","151186578","8","20995168"
"chr1","130204903","130205084","chr1","121204379","121204559","27","9000524"
"chr1","130206702","130207000","chr1","151199331","151199631","10","20992629"
"chr1","130208708","130208998","chr1","151201349","151201637","5","20992641"
"chr1","130214378","130214644","chr1","151214751","151215017","7","21000373"
"chr1","130225427","130225732","chr4","170070910","170071211","55","39845483"
"chr1","130226395","130226703","chr7","140416945","140417252","40","10190550"
"chr1","130227266","130227564","chr1","151227609","151227902","17","21000343"
"chr1","130239290","130239573","chr1","151239256","151239543","9","20999966"
"chr1","130244421","130244729","chr12","112077191","112077495","48","18167230"
"chr1","130280541","130280673","chr1","151280294","151280426","5","20999753"
"chr1","130280982","130281149","chr1","151280738","151280908","6","20999756"
"chr1","130285961","130286252","chr1","151285719","151286010","0","20999758"
"chr1","130304917","130305092","chr1","151304654","151304829","2","20999737"
"chr1","130305396","130305532","chr1","151305129","151305265","2","20999733"
"chr1","130324312","130324616","chr1","151323957","151324260","4","20999645"
"chr1","130333020","130333252","chr10","114731676","114731904","32","15601344"
"chr1","130338020","130338320","chr1","151337719","151338021","7","20999699"
"chr1","130339284","130339595","chr1","151338984","151339290","13","20999700"
"chr1","130351240","130351544","chr1","151350924","151351228","3","20999684"
"chr1","130352936","130353233","chr1","151352619","151352916","4","20999683"
"chr1","130353326","130353622","chr1","151353018","151353332","23","20999692"
"chr1","130353664","130353674","chr2","26809873","26809884","2","103543791"
"chr1","130353779","130354096","chr1","151353466","151353781","4","20999687"
"chr1","130361003","130361308","chr1","151361328","151361633","7","21000325"
"chr1","130366753","130367061","chr7","51273048","51273357","40","79093705"
"chr1","130367562","130367678","chr1","151367850","151367966","2","21000288"
"chr1","130375301","130375604","chr19","16189017","16189318","41","114186284"
"chr1","130376295","130376594","chr2","191532602","191532894","34","61156307"
"chr1","130377319","130377624","chr1","151361328","151361633","7","20984009"
"chr1","130383069","130383377","chr7","51273048","51273357","40","79110021"
"chr1","130383878","130383994","chr1","151367850","151367966","2","20983972"
"chr1","130451629","130451927","chr1","151434027","151434325","3","20982398"
"chr1","130453096","130453389","chr1","151435494","151435793","14","20982398"
"chr1","130455072","130455360","chr1","151437474","151437762","6","20982402"
"chr1","130462831","130462937","chr13","33519385","33519488","15","96943446"
"chr1","130465427","130465759","chr1","151445240","151445579","14","20979813"
"chr1","130466785","130466808","chr2","96973237","96973252","11","33493548"
"chr1","130471096","130471235","chr13","47596531","47596657","22","82874565"
"chr1","130486652","130486936","chr1","151466479","151466765","7","20979827"
"chr1","130487924","130487994","chr1","151467762","151467832","0","20979838"
"chr1","130497953","130498265","chr1","151477795","151478079","33","20979842"
"chr1","130502694","130502930","chr1","151482557","151482792","7","20979863"
"chr1","130503238","130503303","chr1","151483101","151483182","17","20979863"
"chr1","130509091","130509402","chr1","151488970","151489279","10","20979879"
"chr1","130514489","130514766","chr20","4817986","4818277","45","125696503"
"chr1","130528449","130528762","chr1","150024767","150025077","54","19496318"
"chr1","130528780","130529023","chr1","151509660","151509903","5","20980880"
"chr1","130544035","130544333","chr1","151525115","151525412","7","20981080"
"chr1","130561801","130562134","chr5","14396444","14396769","64","116165357"
"chr1","130563903","130564182","chr1","151544317","151544596","3","20980414"
"chr1","130569938","130570242","chr1","151550340","151550644","3","20980402"
"chr1","130598394","130598689","chr1","151576633","151576922","22","20978239"
"chr1","130612190","130612502","chr1","151590387","151590699","9","20978197"
"chr1","130617952","130618243","chr16","3287970","3288266","34","127329982"
"chr1","130623230","130623541","chr1","151603402","151603710","4","20980172"
"chr1","130643422","130643729","chr1","151625225","151625532","3","20981803"
"chr1","130643752","130643993","chr1","151625555","151625801","14","20981803"
"chr1","130643994","130644337","chr1","151625802","151626147","18","20981808"
"chr1","130665294","130665609","chr4","27476382","27476693","50","103188912"
"chr1","130667135","130667486","chr1","151649881","151650187","47","20982746"
"chr1","130702291","130702584","chr1","151682753","151683050","12","20980462"
"chr1","130704352","130704646","chr19","38043058","38043351","39","92661294"
"chr1","130758606","130758912","chr1","151723414","151723720","10","20964808"
"chr1","130769060","130769333","chr1","151733871","151734143","9","20964811"
"chr1","130770646","130770941","chr1","151735461","151735745","13","20964815"
"chr1","130816122","130816428","chr11","3950135","3950430","49","126865987"
"chr1","130826257","130826537","chr1","151782181","151782460","2","20955924"
"chr1","130838949","130839243","chr1","37702670","37702967","44","93136279"
"chr1","130886458","130886771","chr1","151842468","151842780","6","20956010"
"chr1","130892825","130893127","chr1","151848937","151849238","4","20956112"
"chr1","130939112","130939335","chr2","10746076","10746299","37","120193036"
"chr1","130950980","130951276","chr1","151902712","151903007","14","20951732"
"chr1","130962783","130963071","chr1","151911210","151911498","4","20948427"
"chr1","130974103","130974413","chr1","151922004","151922307","16","20947901"
"chr1","130979457","130979761","chr1","151927329","151927631","5","20947872"
"chr1","130981563","130981861","chr1","151929438","151929736","6","20947875"
"chr1","130983591","130983890","chr1","151931473","151931772","3","20947882"
"chr1","131082944","131083252","chr1","152030341","152030649","5","20947397"
"chr1","131101729","131102030","chr1","152047044","152047339","16","20945315"
"chr1","131103650","131103960","chr1","152048955","152049261","9","20945305"
"chr1","131121319","131121626","chr19","23227273","23227580","36","107894046"
"chr1","131177817","131178110","chr1","152122863","152123158","7","20945046"
"chr1","131456370","131456681","chr3","122765299","122765610","49","8691071"
"chr1","131456805","131457091","chr15","50793568","50793849","49","80663237"
"chr1","131480356","131480665","chr1","152429568","152429870","14","20949212"
"chr1","131551210","131551514","chr1","152494040","152494352","14","20942830"
"chr1","131620436","131620734","chr1","37045504","37045813","42","94574932"
"chr1","131876112","131876400","chr1","152813640","152813928","8","20937528"
"chr1","131878986","131879300","chr1","152816517","152816833","13","20937531"
"chr1","131940310","131940591","chr1","152879211","152879520","32","20938901"
"chr1","132005381","132005682","chr1","152944188","152944490","8","20938807"
"chr1","132023159","132023464","chr1","152964133","152964438","8","20940974"
"chr1","132051951","132052257","chr1","152992280","152992591","10","20940329"
"chr1","132230480","132230703","chr3","121338362","121338584","33","10892118"
"chr1","132339606","132339882","chr1","153275290","153275566","5","20935684"
"chr1","132480149","132480443","chr1","211234492","211234787","38","78754343"
"chr1","132554523","132554813","chr1","153481553","153481842","3","20927030"
"chr1","132565062","132565375","chr9","113309922","113310233","46","19255140"
"chr1","132597801","132598102","chr1","153524885","153525186","6","20927084"
"chr1","132631150","132631428","chr5","172259772","172260050","40","39628622"
"chr1","132633572","132633875","chr1","153560600","153560912","15","20927028"
"chr1","132668133","132668421","chr1","153593670","153593959","5","20925537"
"chr1","132668907","132669174","chr1","153594445","153594711","5","20925538"
"chr1","132676840","132677148","chr1","153602410","153602719","9","20925570"
"chr1","132677601","132677778","chr1","153603130","153603307","5","20925529"
"chr1","132694497","132694633","chr8","123006591","123006727","18","9687906"
"chr1","132694942","132695104","chr14","34593405","34593565","27","98101537"
"chr1","132707542","132707844","chr1","153632888","153633191","2","20925346"
"chr1","132714947","132715219","chr4","26301796","26302077","48","106413151"
"chr1","132726810","132727106","chr1","153652165","153652462","6","20925355"
"chr1","132728097","132728399","chr1","153653457","153653759","6","20925360"
"chr1","132728400","132728685","chrX","48649948","48650238","40","84078452"
"chr1","132761736","132762036","chr1","148849687","148849984","33","16087951"
"chr1","132774704","132775006","chr1","153705810","153706112","5","20931106"
"chr1","132780880","132781173","chr1","153711736","153712020","19","20930856"
"chr1","132789389","132789534","chr10","72564999","72565143","43","60224390"
"chr1","132789535","132789802","chr17","36138538","36138803","41","96650997"
"chr1","132789803","132789968","chr8","143165573","143165742","29","10375770"
"chr1","132793610","132793851","chr20","44174492","44174722","39","88619118"
"chr1","132797814","132798103","chr22","31968858","31969147","36","100828956"
"chr1","132832067","132832355","chr1","153755757","153756045","7","20923690"
"chr1","132832404","132832691","chr11","66194943","66195232","49","66637461"
"chr1","132862572","132862885","chr1","153785944","153786241","19","20923372"
"chr1","132887287","132887579","chr1","153810463","153810755","3","20923176"
"chr1","132887892","132888023","chr1","153811068","153811199","1","20923176"
"chr1","132893620","132893871","chr1","153816802","153817051","9","20923182"
"chr1","132904144","132904459","chr9","5911523","5911834","57","126992621"
"chr1","132909140","132909443","chr1","153829818","153830121","6","20920678"
"chr1","132910935","132911230","chr1","153831933","153832227","4","20920998"
"chr1","132914810","132915120","chr1","153835712","153836022","12","20920902"
"chr1","132915358","132915645","chr1","153836260","153836550","10","20920902"
"chr1","132918794","132919094","chr1","153839688","153839982","29","20920894"
"chr1","132923821","132924113","chr1","153846245","153846537","2","20922424"
"chr1","132927868","132928161","chr10","93448714","93449003","42","39479154"
"chr1","132928200","132928492","chr1","153850638","153850932","6","20922438"
"chr1","132932815","132933072","chr19","29940372","29940634","47","102992443"
"chr1","132937522","132937817","chr1","153859893","153860215","33","20922371"
"chr1","132942358","132942647","chr1","153864788","153865077","3","20922430"
"chr1","132949592","132949793","chr1","153871571","153871770","7","20921979"
"chr1","132950059","132950354","chr1","153872036","153872336","14","20921977"
"chr1","132971558","132971852","chr1","153894197","153894481","13","20922639"
"chr1","132978281","132978576","chr12","120284844","120285139","40","12693437"
"chr1","132981062","132981355","chr1","153906128","153906430","27","20925066"
"chr1","132990054","132990353","chr2","216467190","216467492","43","83477136"
"chr1","133000592","133000889","chr1","153924579","153924879","9","20923987"
"chr1","133014119","133014411","chr1","153938127","153938421","7","20924008"
"chr1","133037293","133037629","chr11","32480387","32480717","56","100556906"
"chr1","133062907","133063058","chr12","104040985","104041131","22","29021922"
"chr1","133090692","133091003","chr20","58588417","58588726","34","74502275"
"chr1","133097033","133097344","chr1","154013292","154013603","5","20916259"
"chr1","133097495","133097791","chr1","154013755","154014064","19","20916260"
"chr1","133100364","133100690","chr5","96317182","96317504","55","36783182"
"chr1","133107534","133107835","chr12","12359365","12359661","36","120748169"
"chr1","133112880","133113161","chr1","154028814","154029094","7","20915934"
"chr1","133119953","133120251","chr13","73236462","73236757","50","59883491"
"chr1","133120894","133121089","chr4","87272842","87273014","45","45848052"
"chr1","133121307","133121498","chr3","9822525","9822721","46","123298782"
"chr1","133121812","133121927","chr5","177999883","178000000","19","44878071"
"chr1","133124487","133124793","chr1","154041335","154041613","30","20916848"
"chr1","133139966","133140143","chr17","60994982","60995154","32","72144984"
"chr1","133148842","133149123","chr1","154064795","154065076","6","20915953"
"chr1","133157580","133157904","chr10","25725480","25725802","46","107432100"
"chr1","133162345","133162479","chr12","126714669","126714804","11","6447676"
"chr1","133164592","133164882","chr1","154080392","154080701","26","20915800"
"chr1","133164909","133164920","chr1","22369008","22369020","2","110795901"
"chr1","133168451","133168755","chr1","154084207","154084511","11","20915756"
"chr1","133176582","133176914","chr1","154092379","154092686","40","20915797"
"chr1","133189687","133189972","chr1","154105979","154106289","35","20916292"
"chr1","133209059","133209351","chr1","229437239","229437542","34","96228180"
"chr1","133211568","133211878","chr1","154131793","154132102","17","20920225"
"chr1","133220272","133220582","chr1","154140069","154140378","8","20919797"
"chr1","133222831","133223122","chr1","154142610","154142904","9","20919779"
"chr1","133230658","133230961","chr1","154150446","154150748","9","20919788"
"chr1","133233516","133233821","chr1","202374938","202375243","45","69141422"
"chr1","133249049","133249341","chr2","59751436","59751732","42","73497613"
"chr1","133254220","133254491","chr1","154173708","154173979","4","20919488"
"chr1","133261133","133261444","chr10","119603356","119603656","51","13657777"
"chr1","133270007","133270313","chr1","154189201","154189508","7","20919194"
"chr1","133290135","133290257","chr2","85432249","85432363","42","47857886"
"chr1","133290557","133290692","chr7","149202614","149202750","22","15912057"
"chr1","133295510","133295807","chr1","154214845","154215144","9","20919335"
"chr1","133297898","133298172","chr1","154217535","154217809","5","20919637"
"chr1","133307883","133308190","chr1","154227540","154227847","7","20919657"
"chr1","133311625","133311934","chr17","3743692","3744002","47","129567933"
"chr1","133315865","133316107","chr1","154235520","154235762","7","20919655"
"chr1","133319078","133319386","chr1","154238729","154239040","9","20919651"
"chr1","133330933","133331225","chr1","154250572","154250867","11","20919639"
"chr1","133358011","133358312","chr1","154277748","154278049","5","20919737"
"chr1","133360864","133361024","chr1","154280590","154280751","6","20919726"
"chr1","133361319","133361455","chr1","154281043","154281179","3","20919724"
"chr1","133380644","133380918","chr1","154301383","154301657","3","20920739"
"chr1","133383715","133383991","chr1","154304369","154304680","36","20920654"
"chr1","133386489","133386790","chr1","154307188","154307489","7","20920699"
"chr1","133399801","133400111","chr1","154311265","154311575","3","20911464"
"chr1","133412727","133413023","chr10","28261880","28262176","39","105150847"
"chr1","133438354","133438658","chr1","154357060","154357357","15","20918706"
"chr1","133441067","133441385","chr1","236025258","236025561","53","102584191"
"chr1","133442063","133442366","chr1","154360767","154361066","10","20918704"
"chr1","133450475","133450755","chr1","154369102","154369390","16","20918627"
"chr1","133466543","133466839","chr1","154384435","154384727","8","20917892"
"chr1","133469543","133469858","chr1","154387433","154387746","13","20917890"
"chr1","133478464","133478763","chr1","154397213","154397513","4","20918749"
"chr1","133492347","133492630","chr1","154411060","154411359","24","20918713"
"chr1","133499018","133499334","chr1","154420556","154420831","47","20921538"
"chr1","133513641","133513943","chr1","154435228","154435529","10","20921587"
"chr1","133542063","133542329","chr6","155156373","155156646","37","21614310"
"chr1","133551101","133551329","chr8","80420199","80420427","25","53130902"
"chr1","133553709","133554008","chr2","238257471","238257773","40","104703762"
"chr1","133563072","133563377","chr1","154483710","154484014","11","20920638"
"chr1","133567614","133567919","chr1","154488251","154488556","4","20920637"
"chr1","133594292","133594577","chr1","154514878","154515167","6","20920586"
"chr1","133602338","133602615","chr1","154522924","154523201","3","20920586"
"chr1","133606162","133606297","chr3","108517632","108517767","14","25088530"
"chr1","133614506","133614781","chr1","154535117","154535393","5","20920611"
"chr1","133674109","133674406","chr1","154593883","154594180","6","20919774"
"chr1","133689596","133689728","chr5","176009471","176009603","17","42319875"
"chr1","133706761","133706906","chr1","154625577","154625722","1","20918816"
"chr1","133707210","133707255","chr1","154626025","154626070","0","20918815"
"chr1","133729072","133729139","chr14","74228521","74228588","6","59500551"
"chr1","133748923","133749224","chr1","154668355","154668656","4","20919432"
"chr1","133845404","133845717","chr17","30268755","30269069","61","103576649"
"chr1","133850561","133850843","chr1","154770775","154771057","3","20920214"
"chr1","133878643","133878937","chr1","154798917","154799216","6","20920274"
"chr1","133907269","133907548","chr1","154827519","154827798","6","20920250"
"chr1","133933458","133933750","chr1","154853663","154853954","4","20920205"
"chr1","133934740","133935048","chr1","154854936","154855218","35","20920196"
"chr1","133967400","133967701","chr1","154887559","154887860","4","20920159"
"chr1","133973646","133973921","chr3","170135167","170135450","43","36161521"
"chr1","133974181","133974478","chr2","200982757","200983057","39","67008576"
"chr1","133979267","133979578","chr1","154899576","154899888","8","20920309"
"chr1","133982355","133982662","chr1","154902665","154902972","2","20920310"
"chr1","133986962","133987252","chr1","154907263","154907559","7","20920301"
"chr1","133994731","133995028","chr1","154915028","154915325","9","20920297"
"chr1","133995477","133995771","chr1","154915774","154916068","5","20920297"
"chr1","133996942","133997252","chr1","154917240","154917556","9","20920298"
"chr1","134000067","134000353","chr1","154920375","154920661","8","20920308"
"chr1","134011538","134011654","chr1","154931873","154931988","4","20920335"
"chr1","134013704","134013988","chr1","154934013","154934294","9","20920309"
"chr1","134055907","134056201","chr1","154977120","154977414","4","20921213"
"chr1","134058670","134058806","chr1","154979881","154980017","1","20921211"
"chr1","134059103","134059257","chr1","154980314","154980469","3","20921211"
"chr1","134064504","134064805","chr1","154985405","154985706","2","20920901"
"chr1","134070086","134070378","chr15","51949418","51949716","33","82120668"
"chr1","134075269","134075574","chr1","154995503","154995816","12","20920234"
"chr1","134076359","134076535","chr1","154996601","154996778","2","20920242"
"chr1","134076835","134076969","chr1","154997071","154997205","2","20920236"
"chr1","134101031","134101337","chr1","155020990","155021296","4","20919959"
"chr1","134115757","134116060","chr14","67226359","67226659","33","66889398"
"chr1","134126691","134126996","chr1","155046599","155046900","8","20919908"
"chr1","134148422","134148725","chr22","26361216","26361521","53","107787206"
"chr1","134170304","134170619","chr1","155090669","155090979","9","20920365"
"chr1","134181641","134181776","chr9","133198733","133198868","15","982908"
"chr1","134182566","134182801","chr1","155105364","155105599","3","20922798"
"chr1","134183547","134183665","chr1","155106331","155106449","0","20922784"
"chr1","134183983","134184166","chr1","155106766","155106950","3","20922783"
"chr1","134190170","134190304","chr1","155112991","155113125","3","20922821"
"chr1","134190614","134190810","chr1","155113435","155113635","8","20922821"
"chr1","134192566","134192658","chr1","155115391","155115483","3","20922825"
"chr1","134192897","134193204","chr16","24437008","24437315","51","109755889"
"chr1","134196378","134196685","chr1","155119164","155119471","8","20922786"
"chr1","134222561","134222871","chr17","64267768","64268078","30","69954793"
"chr1","134229777","134230085","chr1","155152507","155152815","10","20922730"
"chr1","134241635","134241945","chr1","155164371","155164689","17","20922736"
"chr1","134245525","134245816","chr4","112753816","112754110","38","21491709"
"chr1","134248403","134248695","chr1","155171138","155171438","12","20922735"
"chr1","134302165","134302484","chr1_GL383519v1_alt","10396","10714","7","134291769"
"chr1","134304425","134304709","chr12","95297838","95298123","40","39006587"
"chr1","134305788","134306076","chr1","155229630","155229913","14","20923842"
"chr1","134345495","134345820","chr1","155270085","155270384","31","20924590"
"chr1","134355375","134355582","chr4","10507420","10507630","44","123847955"
"chr1","134356789","134356908","chr1","6542756","6542879","20","127814033"
"chr1","134377122","134377297","chr1","155302046","155302224","9","20924924"
"chr1","134377611","134377745","chr1","155302537","155302671","2","20924926"
"chr1","134389260","134389562","chr1","155314182","155314478","9","20924922"
"chr1","134420329","134420646","chr7","129813146","129813455","49","4607183"
"chr1","134424323","134424623","chr1","155351268","155351568","3","20926945"
"chr1","134427568","134427867","chr7","102522700","102522992","52","31904868"
"chr1","134439682","134439973","chr1","155372011","155372291","16","20932329"
"chr1","134444205","134444548","chr2","9581865","9582206","56","124862340"
"chr1","134449227","134449530","chr1","155381590","155381915","26","20932363"
"chr1","134449572","134449854","chr1","155381926","155382208","0","20932354"
"chr1","134452797","134453112","chr1","155385162","155385472","15","20932365"
"chr1","134454034","134454344","chr1","155386385","155386693","6","20932351"
"chr1","134459354","134459661","chr1","155389391","155389698","6","20930037"
"chr1","134468307","134468615","chr1","155391673","155391982","10","20923366"
"chr1","134471424","134471732","chr1","155391673","155391982","10","20920249"
"chr1","134484276","134484577","chr1","155405199","155405501","8","20920923"
"chr1","134502819","134503125","chr1","155424971","155425274","14","20922152"
"chr1","134503914","134504223","chr1","155426056","155426368","10","20922142"
"chr1","134507157","134507438","chr2","30304551","30304836","64","104202606"
"chr1","134507872","134508168","chr1","155429981","155430275","7","20922109"
"chr1","134512788","134513063","chr1","155434877","155435152","4","20922089"
"chr1","134515761","134516054","chr1","155437854","155438147","5","20922093"
"chr1","134524294","134524521","chr16","19203209","19203422","46","115321085"
"chr1","134532852","134533132","chrX","53998172","53998454","30","80534680"
"chr1","134540176","134540478","chr1","155461803","155462099","9","20921627"
"chr1","134550480","134550759","chr1","155472010","155472308","23","20921530"
"chr1","134553633","134553921","chr1","155475147","155475433","7","20921514"
"chr1","134569421","134569704","chr1","155490330","155490614","12","20920909"
"chr1","134571857","134572139","chr3","142116930","142117220","66","7545073"
"chr1","134607941","134608244","chr1","155526925","155527228","7","20918984"
"chr1","134611462","134611779","chr1","155530444","155530762","4","20918982"
"chr1","134619008","134619335","chr1","155538014","155538341","4","20919006"
"chr1","134626763","134626898","chr1","155545739","155545874","2","20918976"
"chr1","134626899","134627199","chr1","155545875","155546181","15","20918976"
"chr1","134627200","134627366","chr1","155546182","155546347","4","20918982"
"chr1","134635694","134635986","chr1","155555216","155555518","88","20919522"
"chr1","134652514","134652816","chr6","43395454","43395756","43","91257060"
"chr1","134669928","134670230","chr17","61336831","61337131","37","73333097"
"chr1","134676497","134676802","chr1","155598442","155598745","3","20921945"
"chr1","134680778","134680940","chr16","10204237","10204400","27","124476541"
"chr1","134680966","134681094","chrX","8098043","8098171","13","126582923"
"chr1","134681118","134681417","chr8","28675740","28676048","45","106005378"
"chr1","134681488","134681790","chr18","21086112","21086411","37","113595376"
"chr1","134696490","134696778","chr1","155621035","155621328","11","20924545"
"chr1","134733774","134734072","chr1","155653498","155653793","6","20919724"
"chr1","134742850","134743130","chr1","155662719","155662999","5","20919869"
"chr1","134744596","134744811","chr22","37824139","37824369","31","96920457"
"chr1","134748124","134748438","chr1","155668021","155668334","10","20919897"
"chr1","134755414","134755714","chr17","64686392","64686689","41","70069022"
"chr1","134764281","134764588","chr1","155683367","155683691","23","20919086"
"chr1","134791314","134791485","chr1","155708535","155708701","8","20917221"
"chr1","134791781","134791932","chr1","155709001","155709147","10","20917220"
"chr1","134807949","134808243","chr1","155723757","155724056","7","20915808"
"chr1","134818248","134818556","chr16","85732384","85732691","35","49085864"
"chr1","134824566","134824848","chr1","155738690","155738972","3","20914124"
"chr1","134825084","134825372","chr1","155739219","155739509","9","20914135"
"chr1","134839707","134840007","chr1","155755068","155755368","13","20915361"
"chr1","134840008","134840147","chr8","123006591","123006727","21","11833417"
"chr1","134848348","134848657","chr1","155763721","155764032","12","20915373"
"chr1","134851381","134851684","chr1","155766764","155767067","5","20915383"
"chr1","134855198","134855508","chr1","155770569","155770882","10","20915371"
"chr1","134864153","134864456","chr1","155766764","155767067","5","20902611"
"chr1","134870909","134871192","chr1","155785494","155785779","4","20914585"
"chr1","134873392","134873693","chr1","155787991","155788292","4","20914599"
"chr1","134882956","134883062","chr4","174510834","174510940","11","39627878"
"chr1","134883107","134883288","chr2","96309785","96309964","35","38573322"
"chr1","134897991","134898297","chr1","155812559","155812856","15","20914568"
"chr1","134900266","134900545","chr1","155814827","155815112","10","20914561"
"chr1","134904436","134904737","chr1","155819008","155819308","3","20914572"
"chr1","134905340","134905643","chr1","155819910","155820213","3","20914570"
"chr1","134909681","134909981","chr1","115988534","115988831","46","18921147"
"chr1","134917538","134917729","chr6","139205214","139205406","33","4287676"
"chr1","134924030","134924330","chr1","155839367","155839667","9","20915337"
"chr1","134931389","134931689","chr1","29173454","29173749","42","105757935"
"chr1","134944279","134944573","chr1","155858704","155858993","12","20914425"
"chr1","134949220","134949511","chr1","155863640","155863931","6","20914420"
"chr1","134952597","134952892","chr1","155867065","155867358","5","20914468"
"chr1","134960930","134961221","chr1","155875410","155875701","6","20914480"
"chr1","134971191","134971450","chr1","155885624","155885883","3","20914433"
"chr1","134980154","134980449","chr1","155894422","155894714","9","20914268"
"chr1","134982539","134982819","chr1","226744281","226744567","41","91761742"
"chr1","134987137","134987447","chr3","33033501","33033797","49","101953636"
"chr1","134989758","134989982","chr5","58914365","58914581","50","76075393"
"chr1","134991625","134991922","chr1","155905832","155906128","4","20914207"
"chr1","134995458","134995761","chr9","111486780","111487081","37","23508678"
"chr1","135041458","135041716","chr2","233104007","233104266","37","98062549"
"chr1","135048646","135048977","chr1","155959216","155959547","4","20910570"
"chr1","135074290","135074591","chr1","155984873","155985184","12","20910583"
"chr1","135097161","135097466","chr1","156007366","156007677","10","20910205"
"chr1","135099212","135099344","chr12","51308837","51308968","3","83790375"
"chr1","135101540","135101839","chr1","46573734","46574032","57","88527806"
"chr1","135101973","135102271","chr10","131903185","131903490","13","3198788"
"chr1","135102703","135103003","chr10","131903922","131904219","9","3198781"
"chr1","135113784","135114090","chr1","156018735","156019053","18","20904951"
"chr1","135116530","135116846","chr1","156021482","156021803","11","20904952"
"chr1","135119914","135120132","chr16","46947290","46947502","29","88172624"
"chr1","135123952","135124182","chr20","47159708","47159937","25","87964244"
"chr1","135124594","135124706","chr10","68448987","68449097","19","66675607"
"chr1","135157880","135158176","chr1","156062773","156063076","14","20904893"
"chr1","135166521","135166819","chr1","156071417","156071714","5","20904896"
"chr1","135188354","135188658","chr1","52582826","52583127","46","82605528"
"chr1","135203024","135203296","chr1","156107796","156108066","7","20904772"
"chr1","135212115","135212430","chr1","156116923","156117229","31","20904808"
"chr1","135217125","135217364","chr1","156121874","156122114","3","20904749"
"chr1","135222935","135223234","chr1","145739580","145739877","39","10516645"
"chr1","135237849","135238165","chr1","156142581","156142883","18","20904732"
"chr1","135240627","135240903","chr1","156145344","156145620","8","20904717"
"chr1","135252069","135252352","chr5","154101962","154102248","39","18849893"
"chr1","135258806","135259137","chr1","156163440","156163749","27","20904634"
"chr1","135261588","135261720","chr1","156166210","156166342","3","20904622"
"chr1","135285390","135285694","chr1","156190416","156190720","6","20905026"
"chr1","135311090","135311391","chr1","156216110","156216416","11","20905020"
"chr1","135311587","135311893","chr1","156217444","156217748","9","20905857"
"chr1","135319983","135320286","chr1","156225849","156226152","1","20905866"
"chr1","135382898","135383189","chr1","156286842","156287133","6","20903944"
"chr1","135394731","135395038","chr1","156298310","156298611","8","20903579"
"chr1","135409601","135409904","chr1","156313062","156313363","8","20903461"
"chr1","135418155","135418428","chr1","156321592","156321865","6","20903437"
"chr1","135443062","135443366","chr1","156347970","156348281","19","20904908"
"chr1","135448900","135449090","chr1","156353798","156353988","8","20904898"
"chr1","135463679","135463965","chr1","156368529","156368842","29","20904850"
"chr1","135471402","135471701","chr7","101987931","101988230","43","33483471"
"chr1","135477536","135477819","chr11","86516406","86516690","36","48961130"
"chr1","135480553","135480756","chr3","49206332","49206528","27","86274221"
"chr1","135500883","135501174","chr1","156404638","156404929","4","20903755"
"chr1","135506159","135506470","chr12","119716096","119716408","36","15790063"
"chr1","135542094","135542418","chr1","156445463","156445784","7","20903369"
"chr1","135565833","135566137","chr1","156469253","156469557","5","20903420"
"chr1","135598533","135598845","chr1","156501904","156502213","7","20903371"
"chr1","135613075","135613300","chr1","77513558","77513779","31","58099517"
"chr1","135615408","135615704","chr1","156518318","156518611","7","20902910"
"chr1","135616552","135616860","chr1","156519460","156519768","7","20902908"
"chr1","135626307","135626443","chr1","156529501","156529637","0","20903194"
"chr1","135630896","135631187","chr11","69305474","69305729","56","66325422"
"chr1","135648242","135648390","chr16","14393590","14393747","39","121254652"
"chr1","135653522","135653814","chr1","156554777","156555067","3","20901255"
"chr1","135657693","135657982","chr1","156561174","156561466","5","20903481"
"chr1","135673706","135673995","chr1","156577173","156577463","5","20903467"
"chr1","135675575","135675872","chr1","156579092","156579386","11","20903517"
"chr1","135684894","135685193","chr7","78827887","78828184","36","56857007"
"chr1","135685734","135686037","chr17","20802475","20802775","40","114883259"
"chr1","135686788","135686924","chr12","126714669","126714804","12","8972119"
"chr1","135711290","135711602","chr1","156613634","156613946","8","20902344"
"chr1","135717117","135717434","chr16","85732384","85732691","45","49984733"
"chr1","135720248","135720542","chr1","156621103","156621402","14","20900855"
"chr1","135729218","135729395","chr4","82251156","82251327","25","53478062"
"chr1","135729425","135729542","chr10","128371886","128372005","20","7357539"
"chr1","135730969","135731285","chr1","156631766","156632080","8","20900797"
"chr1","135733227","135733541","chr1","156634018","156634329","8","20900791"
"chr1","135750115","135750401","chr1","156650669","156650955","5","20900554"
"chr1","135785240","135785539","chr1","156685855","156686154","5","20900615"
"chr1","135785600","135785882","chr4","26234711","26234991","31","109550889"
"chr1","135786249","135786568","chr1","156686839","156687151","12","20900590"
"chr1","135801251","135801582","chr1","156701857","156702170","23","20900606"
"chr1","135807807","135808129","chr1","156719748","156720048","26","20911941"
"chr1","135824156","135824433","chr1","156736086","156736363","7","20911930"
"chr1","135860177","135860317","chr11","46477794","46477934","16","89382383"
"chr1","135868183","135868490","chr1","156780046","156780353","6","20911863"
"chr1","135875970","135876280","chr1","156787823","156788133","3","20911853"
"chr1","135876809","135877140","chr1","156788660","156788965","29","20911851"
"chr1","135939562","135939877","chr1","156850535","156850855","11","20910973"
"chr1","135981830","135982131","chr3","193080353","193080651","41","57098523"
"chr1","136007408","136007718","chr1","156918087","156918397","4","20910679"
"chr1","136009416","136009744","chr1","156919454","156919753","33","20910038"
"chr1","136078989","136079227","chr20","44174492","44174722","35","91904497"
"chr1","136148344","136148633","chr1","157055225","157055514","7","20906881"
"chr1","136151711","136152016","chr1","157058540","157058844","6","20906829"
"chr1","136159944","136160254","chr1","157066763","157067073","6","20906819"
"chr1","136172835","136173143","chr1","157079504","157079799","17","20906669"
"chr1","136173394","136173688","chr1","157080065","157080359","8","20906671"
"chr1","136191496","136191778","chr1","157098102","157098395","24","20906606"
"chr1","136203776","136204063","chr1","157110417","157110704","3","20906641"
"chr1","136590976","136591291","chr1","157506751","157507065","8","20915775"
"chr1","136675873","136676172","chr1","157594900","157595199","3","20919027"
"chr1","136824649","136824936","chr1","157748137","157748423","3","20923488"
"chr1","136903435","136903698","chr1","157836979","157837242","6","20933544"
"chr1","136995326","136995610","chr1","157927535","157927819","3","20932209"
"chr1","137030982","137031290","chr1","157963462","157963769","9","20932480"
"chr1","137043594","137043828","chr1","157976100","157976334","3","20932506"
"chr1","137075023","137075316","chr1","158004663","158004956","3","20929640"
"chr1","137087815","137088120","chr1","158017411","158017718","3","20929596"
"chr1","137103180","137103489","chr1","158032761","158033070","3","20929581"
"chr1","137180088","137180385","chr1","158109676","158109970","8","20929588"
"chr1","137191581","137191882","chr1","158121177","158121481","21","20929596"
"chr1","137204978","137205304","chr1","158134537","158134850","17","20929559"
"chr1","137239260","137239527","chr1","158168875","158169161","20","20929615"
"chr1","137364749","137365057","chr1","158273384","158273690","6","20908635"
"chr1","137760822","137761137","chr1","158672815","158673133","14","20911993"
"chr1","137787522","137787641","chr1","158693572","158693691","3","20906050"
"chr1","137787679","137787840","chr1","158693729","158693891","7","20906050"
"chr1","137977208","137977278","chr1","158879309","158879379","3","20902101"
"chr1","138108626","138108905","chr1","159004424","159004703","4","20895798"
"chr1","138115298","138115591","chr1","159011100","159011397","7","20895802"
"chr1","138162306","138162611","chr1","159058072","159058366","16","20895766"
"chr1","138198671","138198979","chr1","159094415","159094723","6","20895744"
"chr1","138241796","138242103","chr1","159137375","159137678","11","20895579"
"chr1","138269411","138269696","chr1","159165001","159165286","6","20895590"
"chr1","138356119","138356417","chr1","159251716","159252014","7","20895597"
"chr1","138401867","138402120","chr1","159285905","159286187","34","20884038"
"chr1","138512889","138513191","chr19","34988630","34988935","42","103524259"
"chr1","138885733","138886048","chr1","159764186","159764500","5","20878453"
"chr1","138948250","138948534","chr1","159988813","159989092","7","21040563"
"chr1","138976790","138977065","chr1","160015207","160015497","22","21038417"
"chr1","139009583","139009871","chr1","160047752","160048040","4","21038169"
"chr1","139018029","139018317","chr1","160047752","160048040","4","21029723"
"chr1","139107054","139107354","chrX","65641248","65641544","48","73465806"
"chr1","139130391","139130693","chr1","160145232","160145536","8","21014841"
"chr1","139139128","139139422","chr1","160154089","160154383","1","21014961"
"chr1","139151023","139151324","chr1","160165988","160166289","5","21014965"
"chr1","139155613","139155914","chr1","160170580","160170884","9","21014967"
"chr1","139181181","139181489","chr1","160196466","160196775","12","21015285"
"chr1","139219854","139220136","chr1","160235143","160235418","10","21015289"
"chr1","139220459","139220773","chr1","160235741","160236038","18","21015282"
"chr1","139252648","139252938","chr1","160287048","160287338","6","21034400"
"chr1","139272837","139273145","chr1","160263342","160263646","8","20990505"
"chr1","139275428","139275707","chr3","69019379","69019666","55","70256049"
"chr1","139277363","139277671","chr19","48402917","48403223","49","90874446"
"chr1","139296560","139296850","chr1","160287048","160287338","6","20990488"
"chr1","139312778","139313089","chr1","160302891","160303202","6","20990113"
"chr1","139330211","139330511","chr1","160320328","160320632","7","20990117"
"chr1","139331378","139331663","chr1","160321506","160321791","4","20990128"
"chr1","139339691","139339970","chr1","160329831","160330112","7","20990140"
"chr1","139355579","139355889","chr1","160345653","160345966","11","20990074"
"chr1","139357590","139357871","chr1","160347632","160347913","6","20990042"
"chr1","139388636","139388938","chr1","160378540","160378842","1","20989904"
"chr1","139390229","139390540","chr1","160380137","160380448","4","20989908"
"chr1","139390685","139390982","chr1","160380593","160380893","7","20989908"
"chr1","139391686","139391992","chr1","160381570","160381873","10","20989884"
"chr1","139443474","139443714","chr1","160432056","160432296","7","20988582"
"chr1","139457850","139458146","chr4","70767686","70767978","30","68690164"
"chr1","139460006","139460296","chr1","160448321","160448618","12","20988315"
"chr1","139464560","139464848","chr1","160452893","160453181","7","20988333"
"chr1","139579543","139579831","chr1","160568610","160568899","9","20989067"
"chr1","139726488","139726764","chr1","160712462","160712764","34","20985974"
"chr1","139730856","139731161","chr1","160716980","160717285","6","20986124"
"chr1","139771855","139772165","chr1","160747398","160747708","9","20975543"
"chr1","139779364","139779658","chr1","160754930","160755224","4","20975566"
"chr1","139844220","139844520","chr1","160828466","160828782","22","20984246"
"chr1","139860360","139860667","chr2","158826510","158826814","46","18966150"
"chr1","139867910","139868199","chr1","160852268","160852557","6","20984358"
"chr1","139875681","139875971","chr1","160859924","160860214","4","20984243"
"chr1","139879080","139879377","chr1","160863325","160863619","14","20984245"
"chr1","139889079","139889209","chr1","160873606","160873736","2","20984527"
"chr1","139898680","139898993","chr1","160882861","160883167","11","20984181"
"chr1","139906109","139906370","chr12","63623717","63623972","42","76282392"
"chr1","139907566","139907641","chr1","160891457","160891532","4","20983891"
"chr1","139938190","139938492","chr1","160916103","160916405","13","20977913"
"chr1","139973897","139973990","chr1","160945353","160945446","1","20971456"
"chr1","139988023","139988313","chr1","160959463","160959754","5","20971440"
"chr1","139991269","139991541","chr12","132082488","132082759","34","7908781"
"chr1","140005306","140005604","chr1","160977254","160977553","9","20971948"
"chr1","140006290","140006601","chr1","160978239","160978552","11","20971949"
"chr1","140016238","140016408","chr1","160993905","160994077","10","20977667"
"chr1","140016711","140016845","chr1","160994387","160994521","2","20977676"
"chr1","140019845","140020140","chr1","160990851","160991147","9","20971006"
"chr1","140022903","140023069","chr1","160993905","160994077","13","20971002"
"chr1","140023372","140023506","chr1","160994387","160994521","2","20971015"
"chr1","140033261","140033545","chr1","161004278","161004560","6","20971017"
"chr1","140033873","140034154","chr1","161004879","161005162","24","20971006"
"chr1","140034433","140034652","chr1","161005453","161005672","3","20971020"
"chr1","140038670","140038921","chr1","161009686","161009950","17","20971016"
"chr1","140040024","140040314","chr1","161011042","161011332","2","20971018"
"chr1","140043649","140043784","chr1","161014658","161014793","1","20971009"
"chr1","140044467","140044635","chr1","161015409","161015605","29","20970942"
"chr1","140045086","140045224","chr1","161016056","161016194","1","20970970"
"chr1","140045539","140045701","chr1","161016508","161016669","4","20970969"
"chr1","140063637","140063943","chr1","161030684","161030994","12","20967047"
"chr1","140074361","140074659","chr1","161040981","161041285","11","20966620"
"chr1","140083646","140083957","chr1","161050296","161050608","13","20966650"
"chr1","140091544","140091845","chr1","161058344","161058654","84","20966800"
"chr1","140095591","140095890","chr1","161062447","161062746","5","20966856"
"chr1","140098159","140098364","chr1","161065071","161065275","5","20966912"
"chr1","140099004","140099256","chr1","161065915","161066164","7","20966911"
"chr1","140128608","140128915","chr1","161095514","161095821","7","20966906"
"chr1","140139867","140140151","chr6","114147604","114147879","45","25992263"
"chr1","140200929","140201211","chr1","161207485","161207755","19","21006556"
"chr1","140204835","140205147","chr1","161211367","161211679","3","21006532"
"chr1","140215145","140215455","chr1","161221639","161221966","28","21006494"
"chr1","140256364","140256655","chr7","140938434","140938726","35","682070"
"chr1","140259113","140259426","chr1","161301723","161302037","9","21042610"
"chr1","140270140","140270455","chr1","161312737","161313026","30","21042597"
"chr1","140298310","140298603","chr1","161354718","161355004","12","21056408"
"chr1","140304434","140304680","chr1","161360831","161361076","5","21056397"
"chr1","140315711","140316020","chr1","161372099","161372399","12","21056388"
"chr1","140319053","140319350","chr1","161375404","161375701","4","21056351"
"chr1","140327746","140328013","chr1","161384114","161384379","6","21056368"
"chr1","140335342","140335638","chr1","161391715","161392017","14","21056373"
"chr1","140359545","140359841","chr1","161415664","161415975","19","21056119"
"chr1","140360055","140360369","chr1","161416174","161416486","6","21056119"
"chr1","140360734","140361026","chr1","161417114","161417397","14","21056380"
"chr1","140361991","140362281","chr1","161418309","161418616","22","21056318"
"chr1","140373670","140373936","chr1","161417114","161417397","21","21043444"
"chr1","140458535","140458602","chr9","130115834","130115902","11","10342701"
"chr1","140505223","140505517","chr1","161577773","161578067","3","21072550"
"chr1","140506383","140506717","chr17","1961646","1961977","57","138544737"
"chr1","140568154","140568324","chr3","32350360","32350524","28","108217794"
"chr1","140568640","140568769","chr2","139250137","139250261","49","1318503"
"chr1","140584150","140584363","chr8","76731929","76732141","32","63852221"
"chr1","140586240","140586532","chr1","161577304","161577597","9","20991064"
"chr1","140591856","140592167","chr16","14407481","14407786","63","126184375"
"chr1","140597589","140597879","chr1","161584749","161585039","4","20987160"
"chr1","140600350","140600630","chr1","161669289","161669569","1","21068939"
"chr1","140634469","140634779","chr1","161700877","161701187","13","21066408"
"chr1","140689822","140690001","chr1","161757751","161757933","5","21067929"
"chr1","140712425","140712716","chr1","161779745","161780036","6","21067320"
"chr1","140730953","140731219","chr1","161798332","161798598","6","21067379"
"chr1","140740493","140740818","chr1","161807866","161808178","21","21067373"
"chr1","140810939","140811236","chr1","161878117","161878414","8","21067178"
"chr1","140819892","140820197","chr1","161887071","161887379","7","21067179"
"chr1","140827614","140827914","chr1","161894957","161895257","3","21067343"
"chr1","140828789","140829051","chr1","161896134","161896396","4","21067345"
"chr1","140861871","140862158","chr1","161930891","161931173","9","21069020"
"chr1","140922139","140922430","chr1","161991453","161991738","12","21069314"
"chr1","140951242","140951526","chr1","162020515","162020810","30","21069273"
"chr1","140997595","140997925","chr1","162066922","162067262","24","21069327"
"chr1","141007285","141007449","chr1","162076584","162076748","5","21069299"
"chr1","141028425","141028738","chr12","99692389","99692700","47","41336036"
"chr1","141051560","141051742","chr1","162121236","162121418","2","21069676"
"chr1","141053564","141053794","chr1","162123237","162123467","5","21069673"
"chr1","141083500","141083800","chr1","162153128","162153428","3","21069628"
"chr1","141149671","141149988","chr1","162217268","162217564","25","21067597"
"chr1","141201011","141201307","chr3","141587430","141587733","50","386419"
"chr1","141275662","141275969","chr17","19712105","19712394","51","121563557"
"chr1","141325715","141326002","chr1","19652706","19652994","36","121673009"
"chr1","141331606","141331886","chr7","153634270","153634551","37","12302664"
"chr1","141341896","141342191","chr10","72986165","72986461","35","68355731"
"chr1","141344939","141345241","chr1","162414004","162414306","6","21069065"
"chr1","141349994","141350286","chr1","162418569","162418861","6","21068575"
"chr1","141365679","141365971","chr1","162430471","162430762","6","21064792"
"chr1","141366971","141367278","chr1","162431764","162432069","6","21064793"
"chr1","141369901","141370168","chr1","162434449","162434717","13","21064548"
"chr1","141378781","141379061","chr3","124319711","124319995","34","17059070"
"chr1","141398053","141398363","chr1","162476296","162476603","13","21078243"
"chr1","141402806","141403108","chr7","75566024","75566320","49","65836782"
"chr1","141425108","141425408","chr3","196322693","196322990","46","54897585"
"chr1","141430581","141430857","chr1","162508135","162508411","5","21077554"
"chr1","141430881","141431159","chr1","162508435","162508714","7","21077554"
"chr1","141432153","141432434","chr1","162509662","162509944","3","21077509"
"chr1","141440947","141441231","chr1","162518415","162518698","3","21077468"
"chr1","141459875","141460142","chr1","162532572","162532849","14","21072697"
"chr1","141460794","141461076","chr1","162533489","162533771","6","21072695"
"chr1","141461143","141461404","chr1","162533838","162534117","23","21072695"
"chr1","141463351","141463654","chr14","83534542","83534841","34","57928809"
"chr1","141463658","141463789","chr22","31880618","31880749","10","109583040"
"chr1","141470051","141470345","chr1","162538063","162538357","7","21068012"
"chr1","141498559","141498859","chr1","162566631","162566927","10","21068072"
"chr1","141499717","141500000","chr1","162567790","162568095","26","21068073"
"chr1","141505651","141505962","chr1","162573683","162573981","18","21068032"
"chr1","141511837","141512147","chr1","162579856","162580166","12","21068019"
"chr1","141516960","141517167","chr1","162584982","162585189","3","21068022"
"chr1","141521843","141522139","chr1","162589695","162589990","6","21067852"
"chr1","141527991","141528303","chr1","162595840","162596152","5","21067849"
"chr1","141540282","141540600","chr1","162608499","162608810","10","21068217"
"chr1","141543945","141544236","chrX","119554163","119554455","34","21989782"
"chr1","141587891","141588137","chr1","17034434","17034679","32","124553457"
"chr1","141626789","141627106","chr1","162689723","162690028","19","21062934"
"chr1","141632306","141632608","chr1","162695233","162695530","11","21062927"
"chr1","141677290","141677593","chr1","162739320","162739606","18","21062030"
"chr1","141725781","141725908","chr2","68113856","68113979","14","73611925"
"chr1","141725940","141726120","chr17","2889681","2889863","27","138836259"
"chr1","141764220","141764526","chr1","162827317","162827623","6","21063097"
"chr1","141945526","141945647","chr2","68113856","68113979","13","73831670"
"chr1","142023078","142023362","chr1","163081857","163082141","4","21058779"
"chr1","142038677","142038860","chr1","163096295","163096478","6","21057618"
"chr1","142169270","142169540","chr1","163221216","163221488","8","21051946"
"chr1","142185469","142185769","chr5","32020643","32020945","57","110164826"
"chr1","142365970","142366252","chr1","163418752","163419035","6","21052782"
"chr1","142692408","142692701","chr11","118563920","118564215","51","24128488"
"chr1","142795893","142796175","chr1","163840326","163840608","3","21044433"
"chr1","142838557","142838828","chr1","163882933","163883204","4","21044376"
"chr1","142866075","142866218","chr1","163910252","163910395","2","21044177"
"chr1","142866464","142866628","chr1","163910641","163910801","8","21044177"
"chr1","143264910","143265218","chr1","164309191","164309500","13","21044281"
"chr1","143356509","143356817","chr1","164401334","164401640","7","21044825"
"chr1","143366924","143367225","chr1","164411788","164412089","5","21044864"
"chr1","143404814","143404914","chr14","74167466","74167565","10","69237348"
"chr1","143451612","143451900","chr20","56712551","56712843","37","86739061"
"chr1","143492673","143492983","chr1","164538254","164538561","11","21045581"
"chr1","143494006","143494300","chr1","164539580","164539874","3","21045574"
"chr1","143527589","143527887","chr1","164569596","164569857","42","21042007"
"chr1","143529931","143530221","chr1","164571919","164572206","8","21041988"
"chr1","143538303","143538601","chr1","164580283","164580580","10","21041980"
"chr1","143549043","143549342","chr1","164591012","164591311","2","21041969"
"chr1","143623539","143623850","chr1","164665274","164665586","10","21041735"
"chr1","143649093","143649397","chr9","109034875","109035181","33","34614218"
"chr1","143709021","143709323","chr1","164751034","164751332","9","21042013"
"chr1","143784440","143784755","chr1","164826393","164826704","13","21041953"
"chr1","143799260","143799580","chr1","164913902","164914223","6","21114642"
"chr1","143819362","143819674","chr1","164934009","164934321","12","21114647"
"chr1","143843212","143843493","chr1","164853922","164854205","13","21010710"
"chr1","143859446","143859763","chr19","9078207","9078526","37","134781239"
"chr1","143916507","143916777","chr17","48214653","48214921","43","95701854"
"chr1","144088172","144088472","chr1","165125379","165125679","10","21037207"
"chr1","144128731","144129026","chr1","165165926","165166222","13","21037195"
"chr1","144136829","144136944","chr1","165174032","165174147","3","21037203"
"chr1","144190038","144190322","chr1","165227258","165227542","5","21037220"
"chr1","144213975","144214272","chr1","165251084","165251381","5","21037109"
"chr1","144257279","144257575","chr1","165294682","165294978","8","21037403"
"chr1","144362078","144362371","chr1","165399337","165399634","5","21037259"
"chr1","144380542","144380847","chr1","165417822","165418140","19","21037280"
"chr1","144433621","144433936","chr1","165470989","165471306","5","21037368"
"chr1","144451578","144451874","chr1","165488967","165489262","4","21037389"
"chr1","144468119","144468429","chr1","165505492","165505801","11","21037373"
"chr1","144578803","144579092","chr1","165603508","165603798","7","21024705"
"chr1","144600598","144600908","chr1","165625391","165625693","13","21024793"
"chr1","144613728","144614035","chr1","165638503","165638809","28","21024775"
"chr1","144619729","144620039","chr1","165644750","165645060","9","21025021"
"chr1","144626653","144626940","chrX","48649948","48650238","37","95976705"
"chr1","144663100","144663410","chr1","165687706","165688016","11","21024606"
"chr1","144671020","144671330","chr1","165694675","165694984","10","21023655"
"chr1","144690087","144690398","chr4","98919550","98919858","39","45770537"
"chr1","144711390","144711680","chr1","165735512","165735812","17","21024122"
"chr1","144713910","144714184","chr1","165738042","165738316","4","21024132"
"chr1","144722867","144723182","chr1","165746980","165747293","5","21024113"
"chr1","144726683","144726990","chr1","165750788","165751095","4","21024105"
"chr1","144729105","144729366","chr12","113207096","113207357","46","31522009"
"chr1","144739184","144739489","chr17","19457491","19457782","57","125281693"
"chr1","144747548","144747861","chr1","165771987","165772296","10","21024439"
"chr1","144749728","144750032","chr1","165774153","165774455","4","21024425"
"chr1","144795170","144795462","chr1","165816589","165816885","8","21021419"
"chr1","144818814","144819087","chr1","165839945","165840218","7","21021131"
"chr1","144827175","144827461","chr1","165848351","165848641","15","21021176"
"chr1","144849361","144849648","chr1","165870827","165871115","7","21021466"
"chr1","144850598","144850900","chr1","44351037","44351332","38","100499561"
"chr1","144859410","144859719","chr1","165880890","165881205","13","21021480"
"chr1","144933568","144933860","chr1","165951526","165951821","5","21017958"
"chr1","144934186","144934479","chr1","165952147","165952450","17","21017961"
"chr1","144939407","144939708","chr1","165957372","165957669","11","21017965"
"chr1","144941343","144941658","chr1","165959304","165959620","10","21017961"
"chr1","144954307","144954607","chr9","36081552","36081849","43","108872755"
"chr1","144968761","144969054","chr1","165990295","165990591","11","21021534"
"chr1","145000860","145001184","chr1","166021179","166021503","12","21020319"
"chr1","145033538","145033834","chr1","166053979","166054275","7","21020441"
"chr1","145111420","145111718","chr1","166130982","166131280","5","21019562"
"chr1","145288292","145288462","chr1","166306299","166306469","1","21018007"
"chr1","145441721","145442013","chr8","51676284","51676576","40","93765437"
"chr1","145585325","145585636","chr1","166603526","166603837","4","21018201"
"chr1","145604567","145604878","chr1","166619148","166619459","6","21014581"
"chr1","145645088","145645383","chr1","166659592","166659893","13","21014504"
"chr1","145661010","145661226","chr1","166676059","166676275","3","21015049"
"chr1","145675800","145675854","chr1","166690940","166690994","0","21015140"
"chr1","145698061","145698368","chr1","166714693","166715000","5","21016632"
"chr1","145711601","145711899","chr1","166728159","166728457","9","21016558"
"chr1","145718791","145719082","chr1","166735309","166735613","19","21016518"
"chr1","145725885","145726168","chr12","19114386","19114672","47","126611499"
"chr1","145799466","145799767","chr1","166825045","166825346","3","21025579"
"chr1","145802461","145802770","chr1","166828041","166828340","15","21025580"
"chr1","145842050","145842335","chr1","166867586","166867875","6","21025536"
"chr1","145964854","145965161","chr14","89080747","89081049","44","56884107"
"chr1","146032113","146032419","chr1","167057917","167058206","25","21025804"
"chr1","146034260","146034568","chr17","72846019","72846329","54","73188241"
"chr1","146097743","146098045","chr8","97417849","97418145","53","48679894"
"chr1","146118426","146118725","chr1","167143301","167143616","22","21024875"
"chr1","146135239","146135531","chr1","167159276","167159574","11","21024037"
"chr1","146139931","146140227","chr1","167159276","167159574","6","21019345"
"chr1","146175380","146175681","chr1","201785789","201786092","34","55610409"
"chr1","146189225","146189526","chr9","125708082","125708378","37","20481143"
"chr1","146209038","146209342","chr1","167224823","167225127","8","21015785"
"chr1","146221967","146222255","chr1","167237774","167238081","24","21015807"
"chr1","146236042","146236360","chr1","167251849","167252153","15","21015807"
"chr1","146247534","146247839","chr1","167261680","167261984","3","21014146"
"chr1","146298318","146298617","chr1","167312238","167312528","14","21013920"
"chr1","146326924","146327217","chr1","167340420","167340726","15","21013496"
"chr1","146350709","146351011","chr13","27874073","27874385","54","118476636"
"chr1","146367712","146368022","chr1","167381604","167381909","11","21013892"
"chr1","146383684","146383964","chr1","167397564","167397844","15","21013880"
"chr1","146432087","146432404","chr1","167444931","167445225","34","21012844"
"chr1","146456063","146456279","chr1","167469029","167469246","4","21012966"
"chr1","146468036","146468336","chr13","24509700","24509999","44","121958336"
"chr1","146534648","146534922","chr1","167547640","167547930","21","21012992"
"chr1","146547486","146547794","chr1","6187032","6187329","54","140360454"
"chr1","146560680","146560820","chr1","167573756","167573900","6","21013076"
"chr1","146561130","146561261","chr1","167574206","167574341","4","21013076"
"chr1","146631645","146631950","chr1","167615777","167616088","13","20984132"
"chr1","146697891","146698190","chr1","167682173","167682467","10","20984282"
"chr1","146717039","146717355","chrX","15615836","15616147","33","131101203"
"chr1","146718249","146718523","chrX","21916298","21916578","36","124801951"
"chr1","146725134","146725438","chr1","167709385","167709682","11","20984251"
"chr1","146741223","146741394","chr1","167725303","167725478","6","20984080"
"chr1","146741701","146741829","chr1","167725784","167725913","2","20984083"
"chr1","146745512","146745792","chr1","167731153","167731435","7","20985641"
"chr1","146756885","146757175","chr1","167741331","167741624","9","20984446"
"chr1","146767181","146767485","chr1","167751389","167751695","6","20984208"
"chr1","146771341","146771639","chr1","167753999","167754297","4","20982658"
"chr1","146775515","146775820","chr1","167757868","167758170","11","20982353"
"chr1","146814273","146814587","chr1","167796567","167796885","12","20982294"
"chr1","146818995","146819301","chr1","167801281","167801577","17","20982286"
"chr1","146825076","146825388","chr1","167807076","167807375","18","20982000"
"chr1","146834313","146834605","chr13","102690139","102690439","39","44144174"
"chr1","146835131","146835405","chr1","167817087","167817361","6","20981956"
"chr1","146842075","146842371","chr1","167824039","167824335","2","20981964"
"chr1","146846718","146847006","chr1","167828680","167828969","7","20981962"
"chr1","146851509","146851808","chr1","167833464","167833763","7","20981955"
"chr1","146853650","146853935","chr1","167835607","167835902","14","20981957"
"chr1","146870443","146870734","chr22","50407065","50407355","35","96463378"
"chr1","146893468","146893772","chr4","96459991","96460295","40","50433477"
"chr1","146901735","146902036","chr1","167882203","167882507","10","20980468"
"chr1","146902541","146902841","chr1","167883037","167883337","11","20980496"
"chr1","146913683","146913972","chr1","167893431","167893719","2","20979748"
"chr1","146961294","146961575","chr1","167939481","167939758","10","20978187"
"chr1","146973133","146973439","chr1","167951293","167951595","7","20978160"
"chr1","146987041","146987360","chr1","167967749","167968030","42","20980708"
"chr1","146989099","146989411","chr1","167969765","167970077","3","20980666"
"chr1","147077565","147077867","chr1","168058563","168058869","7","20980998"
"chr1","147113947","147114252","chr1","168095853","168096160","12","20981906"
"chr1","147159337","147159630","chr1","168141066","168141361","7","20981729"
"chr1","147185392","147185722","chr1","168167417","168167749","10","20982025"
"chr1","147204350","147204659","chr1","168186214","168186523","9","20981864"
"chr1","147219031","147219340","chr1","168186214","168186523","9","20967183"
"chr1","147234074","147234405","chr1","168204059","168204379","19","20969985"
"chr1","147273294","147273616","chr1","168241203","168241492","39","20967909"
"chr1","147281347","147281632","chr1","168249250","168249535","6","20967903"
"chr1","147304370","147304671","chr1","168272307","168272606","6","20967937"
"chr1","147462831","147463136","chr1","168432726","168433030","5","20969895"
"chr1","147473788","147474099","chr1","168444250","168444559","13","20970462"
"chr1","147645186","147645479","chr1","168617381","168617677","10","20972195"
"chr1","147675797","147676079","chr1","168648136","168648444","34","20972339"
"chr1","147730003","147730314","chr1","168702613","168702910","20","20972610"
"chr1","147828004","147828318","chr1","168798177","168798457","39","20970173"
"chr1","147884027","147884336","chr13","75475961","75476270","40","72408066"
"chr1","147941365","147941636","chr1","168911739","168911998","15","20970374"
"chr1","148019219","148019509","chr1","168989210","168989505","10","20969991"
"chr1","148063686","148063766","chr1","169025829","169025909","2","20962143"
"chr1","148066453","148066725","chr1","169028569","169028841","7","20962116"
"chr1","148109581","148109887","chr1","169071499","169071789","23","20961918"
"chr1","148110567","148110885","chr1","169072467","169072814","38","20961900"
"chr1","148112508","148112805","chr1","169074440","169074736","5","20961932"
"chr1","148186078","148186381","chr17","40856816","40857124","44","107329262"
"chr1","148195339","148195633","chr1","169170634","169170930","9","20975295"
"chr1","148285400","148285705","chr1","169266786","169267091","9","20981386"
"chr1","148315336","148315636","chr1","169296974","169297273","7","20981638"
"chr1","148326428","148326722","chr1","169307739","169308036","9","20981311"
"chr1","148333993","148334304","chr1","169315253","169315565","9","20981260"
"chr1","148342610","148342922","chr1","169323836","169324154","24","20981226"
"chr1","148380049","148380331","chr1","169361938","169362220","3","20981889"
"chr1","148414318","148414585","chr1","169396272","169396539","4","20981954"
"chr1","148437358","148437500","chr1","169419298","169419440","3","20981940"
"chr1","148491349","148491477","chr10","18602534","18602669","20","129888815"
"chr1","148494266","148494553","chr1","169476437","169476724","12","20982171"
"chr1","148505513","148505752","chr1","169487692","169487931","4","20982179"
"chr1","148598671","148598960","chr1","169580389","169580670","17","20981718"
"chr1","148628709","148628972","chr1","169610515","169610779","6","20981806"
"chr1","148643392","148643686","chr1","169624473","169624767","1","20981081"
"chr1","148645220","148645476","chr1","169626301","169626556","6","20981081"
"chr1","148646828","148647128","chr1","169627895","169628195","4","20981067"
"chr1","148798370","148798555","chr1","169778451","169778637","5","20980081"
"chr1","148798556","148798859","chr1","169778638","169778934","9","20980082"
"chr1","148798860","148798993","chr1","169778935","169779068","1","20980075"
"chr1","148819482","148819782","chr1","169799552","169799852","2","20980070"
"chr1","148832078","148832371","chr1","169812576","169812870","3","20980498"
"chr1","148838181","148838487","chr1","62369745","62370051","37","86468436"
"chr1","148884112","148884419","chr16","3287970","3288266","37","145596142"
"chr1","148973631","148973942","chr1","169957617","169957926","103","20983986"
"chr1","149009160","149009444","chr16","70900211","70900493","40","78108949"
"chr1","149039298","149039592","chr1","170021435","170021739","17","20982137"
"chr1","149044998","149045310","chr1","170028324","170028636","4","20983326"
"chr1","149099472","149099774","chr1","170082691","170082993","4","20983219"
"chr1","149203456","149203733","chr1","170187737","170188014","4","20984281"
"chr1","149224437","149224731","chr1","170208749","170209047","8","20984312"
"chr1","149313777","149314068","chr1","170299899","170300189","5","20986122"
"chr1","149437503","149437793","chr10","15338747","15339038","59","134098756"
"chr1","149496957","149497250","chr1","170484450","170484743","8","20987493"
"chr1","149501232","149501351","chr1","170488707","170488833","8","20987475"
"chr1","149601325","149601502","chr4","58409312","58409487","33","91192013"
"chr1","149603797","149603898","chr9","30423800","30423899","22","119179997"
"chr1","149685370","149685652","chr1","170684471","170684767","16","20999101"
"chr1","149720886","149721205","chrX","12801597","12801908","58","136919289"
"chr1","149831066","149831361","chr1","170830036","170830328","12","20998970"
"chr1","149968213","149968400","chr1","170976466","170976653","3","21008253"
"chr1","150007856","150008154","chr1","171005071","171005370","9","20997215"
"chr1","150029081","150029390","chr1","171026270","171026572","12","20997189"
"chr1","150178470","150178759","chr1","171173962","171174256","17","20995492"
"chr1","150198236","150198539","chr1","171193777","171194079","5","20995541"
"chr1","150260257","150260548","chr1","171254096","171254388","8","20993839"
"chr1","150321220","150321515","chr1","171315015","171315310","7","20993795"
"chr1","150328761","150329041","chr1","171322571","171322851","7","20993810"
"chr1","150329573","150329869","chr1","171323382","171323678","5","20993809"
"chr1","150348925","150349222","chr1","171343462","171343760","10","20994537"
"chr1","150361673","150361963","chr16","70518696","70518992","43","79842977"
"chr1","150377836","150378134","chrX","9809680","9809975","54","140568156"
"chr1","150386175","150386486","chr1","171385991","171386303","7","20999816"
"chr1","150393405","150393715","chr1","171393228","171393538","4","20999823"
"chr1","150407575","150407830","chr1","171407205","171407466","8","20999630"
"chr1","150413060","150413349","chr1","171412719","171413006","5","20999659"
"chr1","150433286","150433590","chr1","171433178","171433501","32","20999892"
"chr1","150442727","150443036","chr16","58685428","58685739","43","91757299"
"chr1","150458895","150459180","chrX","119505312","119505598","55","30953583"
"chr1","150478286","150478596","chr1","171478382","171478692","9","21000096"
"chr1","150504572","150504915","chr1","171492739","171493049","37","20988167"
"chr1","150508062","150508359","chr6","15135798","15136094","39","135372264"
"chr1","150511353","150511662","chr12","132990859","132991158","44","17520494"
"chr1","150514576","150514856","chr1","171502741","171503021","8","20988165"
"chr1","150517823","150517942","chr1","171506077","171506196","1","20988254"
"chr1","150535478","150535769","chr1","171523754","171524047","5","20988276"
"chr1","150559713","150560028","chr1","171547634","171547951","11","20987921"
"chr1","150590156","150590486","chr13","69405532","69405851","59","81184624"
"chr1","150627508","150627819","chr1","171615936","171616218","34","20988428"
"chr1","150643152","150643456","chr1","171631570","171631874","4","20988418"
"chr1","150651286","150651546","chr1","171639670","171639973","46","20988384"
"chr1","150659462","150659765","chr1","171647898","171648204","7","20988436"
"chr1","150698093","150698311","chr1","92085310","92085529","34","58612783"
"chr1","150719759","150720097","chr1","171708018","171708354","13","20988259"
"chr1","150747627","150747923","chr1","171735890","171736186","6","20988263"
"chr1","150756576","150756845","chr1","171744849","171745118","6","20988273"
"chr1","150783510","150783795","chr1","171770285","171770582","17","20986775"
"chr1","150785884","150786189","chr1","171772670","171772975","5","20986786"
"chr1","150792799","150793105","chr1","171779590","171779902","13","20986791"
"chr1","150825352","150825658","chr1","171779590","171779902","13","20954238"
"chr1","150832104","150832397","chr7","77853399","77853693","43","72978705"
"chr1","150839389","150839694","chr1","171807042","171807352","9","20967653"
"chr1","150846612","150846904","chr1","171814204","171814499","12","20967592"
"chr1","150874937","150875171","chr4","56853678","56853913","37","94021259"
"chr1","150879833","150880133","chr1","171838420","171838726","12","20958587"
"chr1","150938636","150938771","chr1","171894123","171894257","6","20955487"
"chr1","150954094","150954387","chr1","171909159","171909455","9","20955065"
"chr1","150980961","150981265","chr1","171936075","171936374","8","20955114"
"chr1","151152822","151153105","chr1","172106159","172106412","34","20953337"
"chr1","151420886","151421180","chr17","42241446","42241742","49","109179440"
"chr1","151463997","151464313","chr1","172415525","172415829","16","20951528"
"chr1","151536177","151536463","chr2","130922941","130923227","3","20613236"
"chr1","151670916","151671225","chr1","172601208","172601514","7","20930292"
"chr1","151683402","151683694","chr1","172613691","172613982","4","20930289"
"chr1","151711583","151711883","chr1","172641855","172642156","6","20930272"
"chr1","151755324","151755628","chr12","19287797","19288101","35","132467527"
"chr1","151809325","151809608","chr1","172740386","172740693","30","20931061"
"chr1","151862015","151862316","chr20","31978854","31979149","41","119883161"
"chr1","151908781","151909086","chr19","4835320","4835620","56","147073461"
"chr1","152028037","152028346","chr1","172958876","172959182","8","20930839"
"chr1","152072408","152072692","chr1","173002683","173002973","8","20930275"
"chr1","152157156","152157436","chr1","173088769","173089049","2","20931613"
"chr1","152300211","152300517","chr1","173239749","173240055","6","20939538"
"chr1","152347173","152347447","chr17","51012765","51013030","66","101334408"
"chr1","152465632","152465933","chr1","173404635","173404931","10","20939003"
"chr1","152477716","152477965","chr1","161065915","161066164","44","8588199"
"chr1","152523368","152523686","chr1","173462167","173462482","14","20938799"
"chr1","152581123","152581396","chr1","173519867","173520133","17","20938744"
"chr1","152584345","152584656","chr1","173523091","173523401","4","20938746"
"chr1","152598600","152598853","chr1","173537313","173537566","3","20938713"
"chr1","152691541","152691823","chr1","173630568","173630845","10","20939027"
"chr1","152719587","152719887","chr1","173658042","173658352","14","20938455"
"chr1","152810503","152810805","chr1","173745160","173745462","10","20934657"
"chr1","152839768","152840071","chr1","8130637","8130940","45","144709131"
"chr1","152865406","152865715","chr1","173799850","173800159","6","20934444"
"chr1","152890003","152890135","chr1","173845740","173845872","1","20955737"
"chr1","152900236","152900530","chr1","173834799","173835071","25","20934563"
"chr1","152917722","152917854","chr1","173845740","173845872","1","20928018"
"chr1","152921223","152921518","chr1","173849252","173849548","5","20928029"
"chr1","152927086","152927383","chr1","173855106","173855401","6","20928020"
"chr1","152930586","152930888","chr1","173858583","173858882","6","20927997"
"chr1","152936995","152937268","chr1","173864937","173865210","8","20927942"
"chr1","152944793","152945088","chr1","173872726","173873021","7","20927933"
"chr1","152985935","152986246","chr1","173915394","173915705","9","20929459"
"chr1","152990244","152990527","chr1","173919609","173919890","8","20929365"
"chr1","153001123","153001425","chr1","173930510","173930824","15","20929387"
"chr1","153028379","153028681","chr1","173958261","173958564","6","20929882"
"chr1","153035985","153036273","chr4","580416","580706","43","152455569"
"chr1","153041096","153041395","chr7","1521168","1521466","33","151519928"
"chr1","153061586","153061883","chr1","173992150","173992447","10","20930564"
"chr1","153063540","153063842","chr1","173994111","173994412","5","20930571"
"chr1","153079336","153079629","chr1","174009557","174009846","12","20930221"
"chr1","153108830","153108954","chr1","174038845","174038969","2","20930015"
"chr1","153112402","153112696","chr1","174042407","174042709","14","20930005"
"chr1","153119354","153119633","chr3","149228158","149228443","40","3891196"
"chr1","153125022","153125315","chr1","174054964","174055256","6","20929942"
"chr1","153129651","153129953","chr1","174059237","174059537","5","20929586"
"chr1","153141995","153142295","chr1","174073121","174073420","4","20931126"
"chr1","153176785","153177068","chr1","174106618","174106900","8","20929833"
"chr1","153182330","153182622","chr1","92239470","92239763","45","60942860"
"chr1","153190145","153190477","chr1","174119950","174120231","54","20929805"
"chr1","153221393","153221684","chr1","174149943","174150233","5","20928550"
"chr1","153261342","153261640","chr1","174199295","174199591","11","20937953"
"chr1","153266008","153266315","chr1","174203939","174204250","8","20937931"
"chr1","153282449","153282758","chr1","174220385","174220694","8","20937936"
"chr1","153284905","153285037","chr1","174222855","174222987","2","20937950"
"chr1","153285328","153285489","chr1","174223294","174223462","8","20937966"
"chr1","153286221","153286506","chr1","174224193","174224478","9","20937972"
"chr1","153328453","153328752","chr1","174245639","174245935","8","20917186"
"chr1","153334687","153334984","chr1","174251898","174252194","6","20917211"
"chr1","153338302","153338599","chr1","174255527","174255824","3","20917225"
"chr1","153370214","153370514","chr1","174287494","174287792","7","20917280"
"chr1","153388133","153388433","chr1","174305385","174305685","7","20917252"
"chr1","153411117","153411404","chr1","174328488","174328777","4","20917371"
"chr1","153415048","153415330","chrX","106907419","106907702","38","46507629"
"chr1","153422249","153422543","chr1","174339613","174339902","6","20917364"
"chr1","153455034","153455314","chr1","174375783","174376063","3","20920749"
"chr1","153546460","153546752","chr1","174418759","174419049","8","20872299"
"chr1","153568264","153568557","chr1","174440566","174440857","12","20872302"
"chr1","153586343","153586664","chr1","174457478","174457799","9","20871135"
"chr1","153595345","153595619","chr1","174466505","174466786","12","20871160"
"chr1","153666371","153666671","chr1","174534495","174534804","17","20868124"
"chr1","153722616","153722928","chr8","125413056","125413365","45","28309560"
"chr1","153733364","153733646","chr1","174604862","174605144","8","20871498"
"chr1","153790251","153790530","chr1","174662433","174662693","22","20872182"
"chr1","153813397","153813701","chr1","174685552","174685857","11","20872155"
"chr1","153818730","153819027","chr1","174690830","174691127","6","20872100"
"chr1","153858933","153859228","chr1","174730976","174731271","15","20872043"
"chr1","153870480","153870781","chr1","174742237","174742538","2","20871757"
"chr1","153877133","153877432","chr1","174748897","174749201","14","20871764"
"chr1","153887574","153887880","chr1","174759314","174759617","6","20871740"
"chr1","153892101","153892404","chr19","8102987","8103287","40","145789114"
"chr1","153920529","153920840","chr1","174790909","174791213","10","20870380"
"chr1","153923328","153923622","chr1","174793702","174793996","1","20870374"
"chr1","153935064","153935367","chr3","42004093","42004391","40","111930971"
"chr1","153936355","153936653","chr1","174806788","174807086","4","20870433"
"chr1","153944256","153944548","chr1","174814696","174814988","2","20870440"
"chr1","153948277","153948580","chr15","67375783","67376086","40","86572494"
"chr1","153951412","153951556","chr1","174823864","174824007","2","20872452"
"chr1","153951847","153952062","chr1","174824298","174824513","3","20872451"
"chr1","153974948","153975255","chr1","174852532","174852841","6","20877584"
"chr1","153977124","153977419","chr1","174854716","174855037","29","20877592"
"chr1","153985328","153985624","chr1","174862896","174863193","7","20877568"
"chr1","154003894","154004192","chr1","174881493","174881799","14","20877599"
"chr1","154010428","154010724","chr1","174887754","174888051","7","20877326"
"chr1","154011262","154011469","chr1","174888589","174888796","2","20877327"
"chr1","154017417","154017722","chr1","174894751","174895056","4","20877334"
"chr1","154023285","154023480","chr1","174900624","174900817","3","20877339"
"chr1","154028710","154028999","chr1","174906028","174906317","4","20877318"
"chr1","154036107","154036400","chr1","174912981","174913275","5","20876874"
"chr1","154045723","154046029","chr1","174923601","174923908","8","20877878"
"chr1","154048487","154048789","chr6","13310356","13310656","37","140738131"
"chr1","154064543","154064846","chr1","174939274","174939574","10","20874731"
"chr1","154097074","154097367","chrX","121138853","121139148","45","32958221"
"chr1","154103332","154103627","chr1","175001750","175002045","2","20898418"
"chr1","154113404","154113723","chr3","177363822","177364142","54","23250418"
"chr1","154138710","154139016","chr1","175035245","175035551","8","20896535"
"chr1","154150800","154151102","chr1","175047336","175047660","25","20896536"
"chr1","154162882","154163175","chr3","72637917","72638202","41","81524965"
"chr1","154166795","154167094","chr17","45372832","45373134","41","108793963"
"chr1","154178885","154179167","chr1","175075313","175075595","5","20896428"
"chr1","154208169","154208312","chr1","175110893","175111035","2","20902724"
"chr1","154208612","154208793","chr1","175111335","175111516","1","20902723"
"chr1","154209879","154210188","chr1","175112599","175112921","23","20902720"
"chr1","154253624","154253925","chr1","175156660","175156966","13","20903036"
"chr1","154299647","154299959","chr12","120409077","120409391","37","33890570"
"chr1","154321786","154322095","chr1","175224224","175224533","3","20902438"
"chr1","154380329","154380625","chr1","175283114","175283410","3","20902785"
"chr1","154381706","154382012","chr1","175284493","175284798","5","20902787"
"chr1","154434066","154434356","chr1","175336886","175337192","24","20902820"
"chr1","154444590","154444909","chr1","175347417","175347720","21","20902827"
"chr1","154456094","154456387","chr1","175359140","175359444","19","20903046"
"chr1","154823824","154824133","chr1","175722457","175722766","10","20898633"
"chr1","154824141","154824207","chr3","128151297","128151364","11","26672844"
"chr1","154827008","154827294","chr1","175723601","175723888","9","20896593"
"chr1","154870683","154870973","chr1","175767161","175767451","4","20896478"
"chr1","155071870","155072175","chr1","175976271","175976577","7","20904401"
"chr1","155118112","155118350","chr1","176028283","176028526","8","20910171"
"chr1","155131385","155131472","chr7","69241597","69241687","11","85889788"
"chr1","155133230","155133521","chr1","176042754","176043044","6","20909524"
"chr1","155162270","155162550","chr1","176073950","176074226","8","20911680"
"chr1","155246329","155246411","chr1","181115426","181115517","17","25869097"
"chr1","155267350","155267678","chr1","176173706","176174013","29","20906356"
"chr1","155272565","155272641","chr1","176178889","176178969","6","20906324"
"chr1","155272678","155272972","chr1","176179009","176179303","11","20906331"
"chr1","155304020","155304326","chr1","176210317","176210631","11","20906297"
"chr1","155304387","155304660","chr1","176210686","176210959","1","20906299"
"chr1","155319947","155320247","chr1","176226164","176226464","7","20906217"
"chr1","155368646","155368933","chr1","176266563","176266843","12","20897917"
"chr1","155368979","155369286","chr1","176266882","176267192","14","20897903"
"chr1","155374282","155374550","chr1","176271958","176272226","4","20897676"
"chr1","155578887","155579208","chr1","176481693","176482009","10","20902806"
"chr1","155828739","155828985","chr7","55989827","55990089","52","99838912"
"chr1","155851861","155852138","chr14","89596154","89596436","38","66255707"
"chr1","155949653","155949934","chr1","176848772","176849053","4","20899119"
"chr1","155956939","155957263","chr15","90923360","90923667","62","65033579"
"chr1","156007560","156007846","chr1","176906576","176906868","17","20899016"
"chr1","156039854","156040155","chr1","28377238","28377539","40","127662616"
"chr1","156095277","156095547","chr1","176994370","176994638","11","20899093"
"chr1","156137679","156137988","chr2","85589648","85589957","45","70548031"
"chr1","156177442","156177754","chr1","177076515","177076822","11","20899073"
"chr1","156343719","156343853","chr3","101815582","101815716","2","54528137"
"chr1","156389925","156390222","chr1","177285663","177285960","9","20895738"
"chr1","156422860","156423160","chrX","25028031","25028331","45","131394829"
"chr1","156643366","156643649","chrX","129948988","129949278","45","26694378"
"chr1","156647888","156648199","chr3","45569953","45570257","40","111077935"
"chr1","156832046","156832311","chr1","177706722","177706983","10","20874676"
"chr1","157022023","157022329","chr1","177878135","177878439","6","20856112"
"chr1","157086337","157086629","chr7","4224719","4225012","44","152861618"
"chr1","157139482","157139780","chr1","177996612","177996908","9","20857130"
"chr1","157181997","157182283","chr1","178038781","178039066","7","20856784"
"chr1","157242147","157242448","chr1","178099679","178099974","11","20857532"
"chr1","157293478","157293786","chr1","178151121","178151424","11","20857643"
"chr1","157323657","157323958","chr5","157828807","157829102","69","505150"
"chr1","157416097","157416394","chr1","178272647","178272945","1","20856550"
"chr1","157473653","157473959","chr1","178338114","178338429","15","20864461"
"chr1","157506895","157507197","chr6","148883850","148884150","37","8623045"
"chr1","157528089","157528390","chr1","178390387","178390678","17","20862298"
"chr1","157694484","157694799","chr1","178539844","178540159","5","20845360"
"chr1","157698298","157698592","chr1","178543665","178543955","10","20845367"
"chr1","157701351","157701648","chr1","178546693","178547000","14","20845342"
"chr1","157719947","157720225","chr8","27596543","27596824","40","130123404"
"chr1","157725982","157726085","chr11","74090247","74090351","10","83635735"
"chr1","157740916","157741174","chr1","178586293","178586531","24","20845377"
"chr1","157766074","157766392","chr1","178611424","178611731","17","20845350"
"chr1","157770367","157770677","chr1","178615706","178616017","11","20845339"
"chr1","157776978","157777288","chr1","178622213","178622522","6","20845235"
"chr1","157786110","157786412","chr3","41890398","41890700","41","115895712"
"chr1","157790145","157790433","chr1","178635147","178635435","7","20845002"
"chr1","157816306","157816582","chr1","178661292","178661568","6","20844986"
"chr1","157823063","157823381","chr1","178668094","178668398","20","20845031"
"chr1","157834438","157834754","chr1","178678042","178678355","11","20843604"
"chr1","157838195","157838463","chr1","178681798","178682095","36","20843603"
"chr1","157842643","157842828","chr9","98115071","98115256","34","59727572"
"chr1","157842855","157842974","chr7","65200990","65201109","13","92641865"
"chr1","157848026","157848337","chr1","178691627","178691919","27","20843601"
"chr1","157853416","157853711","chr1","178697744","178698039","5","20844328"
"chr1","157858616","157858920","chr1","178702944","178703249","14","20844328"
"chr1","157884353","157884660","chr1","178729934","178730241","6","20845581"
"chr1","157885704","157886018","chr1","178731273","178731582","10","20845569"
"chr1","157902487","157902787","chr1","178748040","178748338","7","20845553"
"chr1","157916184","157916445","chr1","178761552","178761819","9","20845368"
"chr1","157942829","157943126","chr1","178788894","178789206","21","20846065"
"chr1","157949168","157949457","chr1","178794123","178794412","5","20844955"
"chr1","157966444","157966752","chr1","178812929","178813232","8","20846485"
"chr1","157970590","157970878","chr1","178817078","178817371","10","20846488"
"chr1","157987990","157988292","chr1","178834769","178835076","11","20846779"
"chr1","157988599","157988909","chr1","178835381","178835691","6","20846782"
"chr1","158006772","158007041","chr1","178848660","178848929","4","20841888"
"chr1","158020101","158020375","chr1","178861897","178862171","9","20841796"
"chr1","158063421","158063713","chr1","178906091","178906387","9","20842670"
"chr1","158070328","158070640","chr1","178913000","178913310","10","20842672"
"chr1","158085235","158085524","chr3","183977758","183978052","38","25892523"
"chr1","158101374","158101665","chrX","119554163","119554455","37","38547211"
"chr1","158119885","158120176","chr1","178962878","178963160","15","20842993"
"chr1","158124785","158125084","chr1","178967767","178968066","8","20842982"
"chr1","158128071","158128380","chr1","178971068","178971366","15","20842997"
"chr1","158154382","158154669","chr1","179001998","179002285","5","20847616"
"chr1","158160869","158161161","chr19","35865165","35865450","51","122295704"
"chr1","158162737","158163033","chr1","179010319","179010613","7","20847582"
"chr1","158189020","158189297","chr6","108284086","108284361","34","49904934"
"chr1","158208175","158208469","chr1","179057064","179057358","3","20848889"
"chr1","158212480","158212727","chr1","179061077","179061319","22","20848597"
"chr1","158216534","158216809","chr1","179065148","179065426","8","20848614"
"chr1","158221739","158221918","chr5","179853834","179854011","24","21632095"
"chr1","158221929","158222202","chr12","98277192","98277465","36","59944737"
"chr1","158232297","158232596","chr1","179078422","179078721","5","20846125"
"chr1","158242259","158242524","chr1","179088227","179088492","4","20845968"
"chr1","158253155","158253260","chr6","43135806","43135906","15","115117349"
"chr1","158255495","158255788","chr1","179101378","179101670","5","20845883"
"chr1","158270221","158270520","chr7","2447473","2447772","35","155822748"
"chr1","158271243","158271488","chr1","161360831","161361076","49","3089588"
"chr1","158276972","158277280","chr1","179122646","179122959","11","20845674"
"chr1","158277545","158277837","chr1","179123224","179123516","9","20845679"
"chr1","158278791","158279095","chr1","179124465","179124763","12","20845674"
"chr1","158298695","158298827","chr11","62938593","62938727","15","95360102"
"chr1","158311499","158311810","chr1","15760249","15760555","51","142551250"
"chr1","158320066","158320351","chr13","98329380","98329664","47","59990686"
"chr1","158338739","158338979","chr1","179174665","179174906","5","20835926"
"chr1","158339955","158340233","chr20","2227552","2227834","36","156112403"
"chr1","158342208","158342508","chr1","179178116","179178420","7","20835908"
"chr1","158350051","158350343","chr4","580416","580706","36","157769635"
"chr1","158360584","158360885","chr1","179178116","179178420","7","20817532"
"chr1","158383193","158383503","chr1","179217014","179217322","7","20833821"
"chr1","158399403","158399714","chr1","179232390","179232673","35","20832987"
"chr1","158406860","158407165","chr17","63504565","63504874","45","94902295"
"chr1","158408700","158409007","chr2","47550379","47550682","43","110858321"
"chr1","158417099","158417403","chr1","179242623","179242927","12","20825524"
"chr1","158419783","158420087","chr1","179245302","179245604","14","20825519"
"chr1","158427220","158427487","chr1","179252142","179252426","21","20824922"
"chr1","158431877","158432207","chr1","179256751","179257074","13","20824874"
"chr1","158460048","158460315","chr1","179285120","179285396","17","20825072"
"chr1","158469478","158469775","chr1","179294539","179294832","11","20825061"
"chr1","158479489","158479753","chr1","179304679","179304943","2","20825190"
"chr1","158484721","158485007","chrX","53998172","53998454","32","104486549"
"chr1","158501395","158501708","chr1","179326546","179326859","13","20825151"
"chr1","158503606","158503907","chr1","244797456","244797757","50","86293850"
"chr1","158506299","158506430","chr1","179331456","179331587","2","20825157"
"chr1","158508280","158508415","chr1","179333420","179333555","0","20825140"
"chr1","158534693","158534990","chr1","179359826","179360123","8","20825133"
"chr1","158536300","158536593","chr1","179361438","179361731","3","20825138"
"chr1","158541795","158542094","chr1","179366938","179367237","2","20825143"
"chr1","158545994","158546300","chr1","179371146","179371452","8","20825152"
"chr1","158551922","158552220","chr1","179376934","179377231","8","20825012"
"chr1","158558875","158559003","chr1","179383896","179384024","0","20825021"
"chr1","158570023","158570331","chr1","179394308","179394611","12","20824285"
"chr1","158585996","158586287","chr1","179408381","179408674","13","20822385"
"chr1","158609512","158609806","chr1","179432430","179432725","6","20822918"
"chr1","158663440","158663750","chr1","179478818","179479128","5","20815378"
"chr1","158664079","158664352","chr1","179493962","179494250","32","20829883"
"chr1","158683153","158683441","chr1","179493962","179494250","7","20810809"
"chr1","158695663","158695958","chr1","179506451","179506746","7","20810788"
"chr1","158743127","158743425","chr1","179553913","179554213","7","20810786"
"chr1","158801601","158801898","chr1","179612654","179612956","11","20811053"
"chr1","158830847","158831157","chr1","179642090","179642399","12","20811243"
"chr1","158842942","158843253","chr1","179654483","179654796","7","20811541"
"chr1","158850741","158851039","chr4","118707382","118707683","60","40143359"
"chr1","158887897","158888183","chr1","179693522","179693819","15","20805625"
"chr1","158916948","158917224","chr1","179722031","179722307","7","20805083"
"chr1","158927508","158927800","chr1","179732600","179732906","23","20805092"
"chr1","158945288","158945594","chr1","179749570","179749875","10","20804282"
"chr1","158953252","158953526","chr1","179757530","179757835","34","20804278"
"chr1","158971942","158972252","chr1","179776212","179776516","12","20804270"
"chr1","158992882","158993185","chr7","44877521","44877824","36","114115361"
"chr1","159002523","159002798","chr1","179806822","179807102","13","20804299"
"chr1","159006460","159006751","chr1","179810763","179811054","6","20804303"
"chr1","159052704","159052996","chr1","179855897","179856189","4","20803193"
"chr1","159053444","159053721","chr3","15929159","15929438","44","143124285"
"chr1","159093017","159093141","chr13","44548235","44548358","12","114544782"
"chr1","159095067","159095369","chrX","71065089","71065386","42","88029978"
"chr1","159099007","159099304","chr1","179899647","179899944","7","20800640"
"chr1","159106423","159106734","chr6","37812196","37812503","34","121294227"
"chr1","159108441","159108565","chr13","44548235","44548358","12","114560206"
"chr1","159127281","159127576","chr16","78259319","78259617","50","80867962"
"chr1","159146376","159146672","chr1","179948739","179949033","6","20802363"
"chr1","159158813","159159118","chr1","179961164","179961469","10","20802351"
"chr1","159159513","159159804","chr1","179961859","179962146","8","20802346"
"chr1","159199905","159200207","chr1","180002197","180002475","28","20802292"
"chr1","159214289","159214589","chr1","180016661","180016962","5","20802372"
"chr1","159218995","159219298","chr1","180021374","180021673","8","20802379"
"chr1","159236535","159236725","chr16","58374830","58375013","46","100861705"
"chr1","159310547","159310777","chr1","180121599","180121828","5","20811052"
"chr1","159318931","159319231","chr1","180129981","180130282","12","20811050"
"chr1","159331574","159331864","chr1","180142601","180142891","7","20811027"
"chr1","159361503","159361797","chr1","180172524","180172818","3","20811021"
"chr1","159407291","159407587","chr11","118563920","118564215","50","40843371"
"chr1","159485557","159485860","chr1","180296427","180296730","4","20810870"
"chr1","159498498","159498789","chr20","37318798","37319090","33","122179700"
"chr1","159511192","159511495","chr1","67475157","67475463","43","92036035"
"chr1","159605979","159606261","chr7","91944399","91944686","48","67661580"
"chr1","159643158","159643474","chrX","18935609","18935915","65","140707549"
"chr1","159659127","159659426","chr1","180461954","180462252","12","20802827"
"chr1","159677604","159677895","chr1","180480750","180481051","15","20803146"
"chr1","159709586","159709814","chr1","180512692","180512920","0","20803106"
"chr1","159739127","159739391","chr2","219822907","219823178","51","60083780"
"chr1","159749774","159750080","chr1","180546705","180547010","9","20796931"
"chr1","159785322","159785630","chr1","180582248","180582565","18","20796926"
"chr1","159832545","159832858","chr1","180629177","180629485","9","20796632"
"chr1","159870498","159870800","chr1","180668124","180668428","8","20797626"
"chr1","159894319","159894606","chr1","180689882","180690169","6","20795563"
"chr1","159943356","159943666","chr1","180738000","180738310","6","20794644"
"chr1","159945104","159945366","chr12","119963702","119963951","51","39981402"
"chr1","159958624","159958913","chr1","35695006","35695297","54","124263618"
"chr1","159968937","159969188","chr10","48324984","48325235","36","111643953"
"chr1","160005327","160005636","chr1","180803974","180804275","19","20798647"
"chr1","160037525","160037823","chr1","180836077","180836373","6","20798552"
"chr1","160109247","160109505","chr1","180900743","180900995","6","20791496"
"chr1","160119499","160119766","chr1","180910987","180911255","4","20791488"
"chr1","160123403","160123600","chr1","180914905","180915103","10","20791502"
"chr1","160148685","160148973","chr1","180940227","180940515","4","20791542"
"chr1","160171644","160171943","chr1","180963224","180963511","14","20791580"
"chr1","160206836","160207124","chr12","68579605","68579898","38","91627231"
"chr1","160210334","160210594","chr12","50008995","50009263","49","110201339"
"chr1","160219304","160219599","chr1","181010309","181010601","11","20791005"
"chr1","160243923","160244254","chr1","181035019","181035348","7","20791096"
"chr1","160261711","160262019","chr1","181052789","181053095","10","20791078"
"chr1","160263486","160263782","chr1","181054569","181054889","31","20791083"
"chr1","160281297","160281586","chr1","181072472","181072761","6","20791175"
"chr1","160291544","160291847","chr1","181082713","181083016","3","20791169"
"chr1","160292467","160292736","chr1","181083630","181083911","15","20791163"
"chr1","160324215","160324302","chr1","181115426","181115517","6","20791211"
"chr1","160328781","160329067","chr1","181119977","181120263","4","20791196"
"chr1","160330714","160330995","chr1","181121885","181122183","19","20791171"
"chr1","160358411","160358720","chr6_GL000252v2_alt","3305612","3305919","50","157052799"
"chr1","160388274","160388405","chr17","59883570","59883701","13","100504704"
"chr1","160415689","160415966","chr1","181201908","181202190","12","20786219"
"chr1","160441367","160441663","chr1","181229266","181229561","6","20787899"
"chr1","160554422","160554721","chr1","181338084","181338384","14","20783662"
"chr1","160571657","160571938","chr1","181355306","181355587","8","20783649"
"chr1","160613425","160613680","chr1","181397342","181397595","5","20783917"
"chr1","160627698","160627985","chr1","181411612","181411909","16","20783914"
"chr1","160645286","160645585","chr1","181428900","181429199","4","20783614"
"chr1","160719425","160719736","chr2","46064000","46064308","37","114655425"
"chr1","160764841","160765152","chr1","181548120","181548425","7","20783279"
"chr1","160837226","160837527","chr1","181618283","181618584","8","20781057"
"chr1","161110360","161110492","chr2","236149652","236149784","19","75039292"
"chr1","161171414","161171701","chr1","181941304","181941587","7","20769890"
"chr1","161196993","161197297","chr1","181968900","181969204","5","20771907"
"chr1","161199992","161200299","chr1","181971923","181972234","9","20771931"
"chr1","161227357","161227641","chr1","181999245","181999524","12","20771888"
"chr1","161235619","161235933","chr1","182007529","182007843","1","20771910"
"chr1","161271674","161271981","chr1","182043182","182043489","10","20771508"
"chr1","161273421","161273674","chr11","64547143","64547392","37","96726278"
"chr1","161304382","161304682","chr1","182074978","182075277","1","20770596"
"chr1","161336261","161336530","chr19","52289154","52289444","28","109047107"
"chr1","161354563","161354854","chr1","182124140","182124427","9","20769577"
"chr1","161377157","161377456","chr1","182146764","182147067","8","20769607"
"chr1","161390882","161391191","chr1","182160378","182160685","9","20769496"
"chr1","161407036","161407288","chr1","182176499","182176751","6","20769463"
"chr1","161448221","161448343","chr1","182217746","182217868","1","20769525"
"chr1","161459467","161459775","chr9","83925654","83925961","48","77533813"
"chr1","161477591","161477890","chr1","182247142","182247441","4","20769551"
"chr1","161495779","161496068","chr2","215516343","215516636","37","54020564"
"chr1","161525696","161525995","chr1","182295199","182295509","15","20769503"
"chr1","161538430","161538722","chr1","182308046","182308338","3","20769616"
"chr1","161542070","161542364","chr1","182311581","182311878","13","20769511"
"chr1","161550038","161550325","chr1","182319692","182319977","7","20769654"
"chr1","161553104","161553402","chr1","182323067","182323364","10","20769963"
"chr1","161556556","161556853","chrX","54063030","54063324","39","107493526"
"chr1","161570192","161570486","chr1","182341377","182341669","3","20771185"
"chr1","161573279","161573586","chr1","182344442","182344749","6","20771163"
"chr1","161577277","161577581","chr1","182348435","182348739","8","20771158"
"chr1","161582510","161582630","chr9","37397994","37398112","11","124184516"
"chr1","161582658","161582849","chr1","35867487","35867675","33","125715171"
"chr1","161609494","161609805","chr1","182380968","182381279","5","20771474"
"chr1","161626061","161626365","chr1","182397580","182397868","22","20771519"
"chr1","161634453","161634753","chr1","182404165","182404463","9","20769712"
"chr1","161640244","161640553","chr1","182409942","182410249","4","20769698"
"chr1","161643282","161643591","chr1","182412973","182413282","16","20769691"
"chr1","161647753","161648038","chr1","182417442","182417728","5","20769689"
"chr1","161650962","161651262","chr1","182420647","182420944","11","20769685"
"chr1","161653979","161654298","chr1","182420647","182420944","45","20766668"
"chr1","161669483","161669768","chr1","182436129","182436414","6","20766646"
"chr1","161672400","161672711","chr4","151383205","151383513","38","10289195"
"chr1","161688446","161688727","chr1","182456887","182457170","10","20768441"
"chr1","161718786","161719129","chr1","182486311","182486654","9","20767525"
"chr1","161733664","161733969","chr16","85732384","85732691","36","76001280"
"chr1","161766014","161766319","chr1","182534546","182534840","17","20768532"
"chr1","161803260","161803576","chr1","182571744","182572052","13","20768484"
"chr1","161822919","161823225","chr1","182591591","182591878","26","20768672"
"chr1","161927929","161928234","chr1","182694525","182694823","12","20766596"
"chr1","161946619","161946930","chr1","182713172","182713483","13","20766553"
"chr1","161993859","161994140","chr1","182759003","182759284","5","20765144"
"chr1","161994166","161994195","chr14","77807039","77807067","7","84187127"
"chr1","162014613","162014922","chr1","182776470","182776779","3","20761857"
"chr1","162037806","162038095","chr1","182798234","182798522","5","20760428"
"chr1","162056710","162056842","chr1","182833997","182834129","3","20777287"
"chr1","162067434","162067710","chr1","182843964","182844250","12","20776530"
"chr1","162067890","162067991","chr6","35006208","35006291","42","127061682"
"chr1","162068268","162068413","chr1","182844817","182844962","1","20776549"
"chr1","162076796","162077097","chr8","125296393","125296695","40","36780403"
"chr1","162103620","162103913","chr1","182879729","182880023","5","20776109"
"chr1","162141428","162141715","chr1","182907601","182907878","17","20766173"
"chr1","162144718","162145026","chr1","182910882","182911189","9","20766164"
"chr1","162146364","162146650","chrX","71229112","71229404","34","90917252"
"chr1","162152210","162152355","chr1","182917397","182917543","2","20765187"
"chr1","162157204","162157460","chr1","182922324","182922575","11","20765120"
"chr1","162180760","162181059","chr1","182945782","182946082","9","20765022"
"chr1","162184405","162184711","chr1","182949416","182949722","9","20765011"
"chr1","162184814","162185072","chr6","42655196","42655476","57","119529618"
"chr1","162194283","162194578","chr1","182958141","182958433","8","20763858"
"chr1","162202695","162202995","chr1","182966529","182966826","9","20763834"
"chr1","162203464","162203823","chr12","111848735","111849063","79","50354729"
"chr1","162215046","162215238","chr4","183351549","183351732","48","21136503"
"chr1","162219205","162219337","chr1","182982322","182982454","3","20763117"
"chr1","162226067","162226325","chr1","182989495","182989766","26","20763428"
"chr1","162250770","162251069","chr1","183011681","183011971","12","20760911"
"chr1","162259619","162259791","chr1","183020469","183020647","8","20760850"
"chr1","162259792","162260084","chr1","183020648","183020942","9","20760856"
"chr1","162260085","162260226","chr1","183020943","183021084","5","20760858"
"chr1","162275541","162275833","chr1","183036397","183036689","6","20760856"
"chr1","162288622","162288925","chr1","183049456","183049763","11","20760834"
"chr1","162319996","162320263","chr1","183079233","183079527","30","20759237"
"chr1","162322055","162322288","chr1","183081316","183081549","6","20759261"
"chr1","162339837","162340149","chr1","183099085","183099389","15","20759248"
"chr1","162386352","162386652","chr1","183145916","183146210","12","20759564"
"chr1","162432439","162432748","chr1","183182651","183182951","19","20750212"
"chr1","162508171","162508472","chr1","183255663","183255962","9","20747492"
"chr1","162509295","162509563","chr1","183256783","183257051","3","20747488"
"chr1","162551992","162552301","chr1","183299090","183299400","3","20747098"
"chr1","162566352","162566654","chr1","183313487","183313785","11","20747135"
"chr1","162574316","162574620","chr1","183321459","183321762","7","20747143"
"chr1","162579939","162580230","chr1","183327062","183327355","8","20747123"
"chr1","162626404","162626712","chr1","183373613","183373917","7","20747209"
"chr1","162631564","162631850","chr1","183378762","183379047","3","20747198"
"chr1","162634191","162634502","chr1","183381414","183381725","5","20747223"
"chr1","162636984","162637254","chr1","183384200","183384498","34","20747216"
"chr1","162664094","162664374","chr1","183411324","183411603","9","20747230"
"chr1","162681514","162681760","chr12","72080103","72080348","47","90601411"
"chr1","162690806","162691094","chr1","183432860","183433150","8","20742054"
"chr1","162711028","162711339","chr1","183453132","183453445","6","20742104"
"chr1","162718190","162718486","chr1","183460275","183460581","30","20742085"
"chr1","162726632","162726939","chr1","183468725","183469031","18","20742093"
"chr1","162784298","162784584","chr1","183526157","183526453","17","20741859"
"chr1","162792712","162792995","chr1","183534579","183534863","5","20741867"
"chr1","162816012","162816305","chr1","183557882","183558173","7","20741870"
"chr1","162816702","162816995","chr1","183558570","183558863","5","20741868"
"chr1","162826234","162826542","chr1","183568169","183568465","23","20741935"
"chr1","162827676","162827967","chr1","183569599","183569889","7","20741923"
"chr1","162838640","162838763","chr1","59669570","59669694","12","103169070"
"chr1","162897912","162898222","chr1","183638998","183639305","5","20741086"
"chr1","163039044","163039327","chr1","183779266","183779549","6","20740222"
"chr1","163075228","163075525","chr1","183814990","183815287","4","20739762"
"chr1","163241806","163242124","chr1","183981371","183981689","7","20739565"
"chr1","163273481","163273784","chr1","184013033","184013335","4","20739552"
"chr1","163319903","163320215","chr1","184059577","184059870","28","20739674"
"chr1","163326772","163327085","chr1","184066394","184066704","9","20739622"
"chr1","163469789","163470063","chr1","184209485","184209785","33","20739696"
"chr1","163487373","163487675","chr1","184227148","184227446","12","20739775"
"chr1","163499016","163499288","chr1","184238002","184238273","5","20738986"
"chr1","163529282","163529591","chr1","184268299","184268608","7","20739017"
"chr1","163556703","163556976","chr1","184295700","184295988","19","20738997"
"chr1","163592417","163592727","chr1","184331782","184332091","4","20739365"
"chr1","163623255","163623547","chr1","184364662","184364963","11","20741407"
"chr1","163706800","163707096","chr1","184448086","184448382","3","20741286"
"chr1","163727565","163727886","chr1","184468953","184469276","15","20741388"
"chr1","163729219","163729529","chr1","184470597","184470906","18","20741378"
"chr1","163802860","163803158","chr1","184546153","184546451","3","20743293"
"chr1","163824814","163825120","chr1","184564315","184564604","23","20739501"
"chr1","163834530","163834833","chr1","8130637","8130940","34","155703893"
"chr1","163874572","163874907","chr1","184612939","184613236","42","20738367"
"chr1","163907671","163907973","chr1","184647801","184648103","6","20740130"
"chr1","163930148","163930444","chr1","184670219","184670511","10","20740071"
"chr1","163935522","163935818","chr1","184675602","184675901","12","20740080"
"chr1","163949261","163949554","chr1","184688015","184688308","8","20738754"
"chr1","163996314","163996632","chr1","184734187","184734472","37","20737873"
"chr1","164010383","164010693","chr1","184748168","184748478","11","20737785"
"chr1","164034107","164034406","chr1","184773123","184773422","5","20739016"
"chr1","164037792","164038115","chr1","184776813","184777137","6","20739021"
"chr1","164050462","164050751","chr1","184789482","184789770","6","20739020"
"chr1","164054253","164054558","chr1","184793279","184793583","3","20739026"
"chr1","164058430","164058724","chr1","184797138","184797441","13","20738708"
"chr1","164068520","164068816","chr1","184806763","184807069","16","20738243"
"chr1","164069251","164069521","chr1","184807506","184807776","2","20738255"
"chr1","164149221","164149516","chr1","184869548","184869841","4","20720327"
"chr1","164156076","164156378","chr1","184876416","184876703","24","20720340"
"chr1","164164760","164165044","chr1","184885052","184885336","3","20720292"
"chr1","164178019","164178311","chr1","184898333","184898625","5","20720314"
"chr1","164183560","164183856","chr1","184903902","184904195","9","20720342"
"chr1","164184334","164184628","chr1","184904673","184904956","13","20720339"
"chr1","164205689","164205999","chr1","184926227","184926537","4","20720538"
"chr1","164262014","164262311","chr1","184982840","184983138","7","20720826"
"chr1","164290993","164291275","chr1","185011886","185012186","23","20720893"
"chr1","164292865","164292983","chr1","185013768","185013886","5","20720903"
"chr1","164297806","164298114","chr1","185018701","185019007","7","20720895"
"chr1","164308922","164309222","chr1","185029802","185030104","8","20720880"
"chr1","164322940","164323255","chr1","185043808","185044121","12","20720868"
"chr1","164333927","164334224","chr22","35898420","35898722","61","128435507"
"chr1","164334636","164334950","chr1","185055406","185055720","6","20720770"
"chr1","164380826","164381119","chr1","185099052","185099347","10","20718226"
"chr1","164404515","164404816","chr1","185122683","185122983","29","20718168"
"chr1","164413708","164414015","chr1","185131859","185132167","3","20718151"
"chr1","164414084","164414393","chr1","185132236","185132548","11","20718152"
"chr1","164417979","164418285","chr1","185136128","185136433","1","20718149"
"chr1","164448866","164449118","chr1","185166917","185167171","8","20718051"
"chr1","164503646","164503951","chr1","185222475","185222787","12","20718829"
"chr1","164559094","164559389","chr1","185273123","185273409","14","20714029"
"chr1","164578351","164578534","chr11","76505257","76505453","44","88073094"
"chr1","164614539","164614834","chr2","119999538","119999843","14","44615001"
"chr1","164669500","164669807","chr10","29855951","29856250","52","134813549"
"chr1","164713980","164714277","chr1","185430234","185430531","1","20716254"
"chr1","164787264","164787566","chr1","185494560","185494858","10","20707296"
"chr1","164860650","164860987","chr1","185567866","185568201","28","20707216"
"chr1","164967029","164967328","chr1","185671248","185671552","13","20704219"
"chr1","165024163","165024457","chr1","185726797","185727093","11","20702634"
"chr1","165038102","165038409","chr1","185740716","185741022","6","20702614"
"chr1","165044718","165045014","chr1","185747323","185747619","5","20702605"
"chr1","165112815","165113098","chr1","185814693","185814978","3","20701878"
"chr1","165117363","165117612","chr1","14560345","14560594","31","150557018"
"chr1","165131168","165131470","chr1","185832014","185832317","8","20700846"
"chr1","165144345","165144656","chr1","185845211","185845520","9","20700866"
"chr1","165226180","165226490","chr1","185941911","185942222","11","20715731"
"chr1","165263945","165264249","chr1","185978676","185978980","5","20714731"
"chr1","165331018","165331301","chr1","186046197","186046484","10","20715179"
"chr1","165641209","165641515","chr1","186354898","186355203","7","20713689"
"chr1","165707118","165707422","chr1","186421584","186421880","15","20714466"
"chr1","165727406","165727691","chr1","186441937","186442235","21","20714531"
"chr1","165729045","165729301","chr2","69821478","69821747","56","95907567"
"chr1","165735988","165736244","chr2","69821478","69821747","56","95914510"
"chr1","165737598","165737883","chr1","186441937","186442235","21","20704339"
"chr1","165745495","165745802","chr1","186447156","186447448","22","20701661"
"chr1","165751145","165751441","chr1","186452240","186452537","5","20701095"
"chr1","165763221","165763499","chr1","186465622","186465933","34","20702401"
"chr1","165789128","165789418","chr1","186491514","186491806","15","20702386"
"chr1","165813979","165814272","chr1","186516143","186516448","17","20702164"
"chr1","165883843","165884146","chr1","186585941","186586243","11","20702098"
"chr1","165920180","165920473","chr1","186615698","186615991","4","20695518"
"chr1","165929651","165929961","chr7","129928321","129928629","33","36001330"
"chr1","165932365","165932670","chr1","186627979","186628284","7","20695614"
"chr1","165939907","165940214","chr3","183321156","183321467","40","17381249"
"chr1","165952358","165952667","chr1","186647102","186647396","22","20694744"
"chr1","165970623","165970924","chr1","186665301","186665602","11","20694678"
"chr1","165993758","165994048","chr1","186688393","186688692","14","20694635"
"chr1","166014802","166015105","chr1","186709425","186709738","20","20694623"
"chr1","166077369","166077666","chr1","186772554","186772846","12","20695185"
"chr1","166077667","166077802","chr1","186772847","186772982","2","20695180"
"chr1","166083660","166083951","chr8","90562073","90562361","43","75521587"
"chr1","166093291","166093590","chr1","186787576","186787873","11","20694285"
"chr1","166198416","166198716","chr1","186893648","186893948","9","20695232"
"chr1","166202291","166202599","chr1","186897497","186897808","13","20695206"
"chr1","166227872","166227919","chr1","186923134","186923181","0","20695262"
"chr1","166426073","166426392","chr1","187137500","187137811","12","20711427"
"chr1","166457411","166457730","chr1","187137500","187137811","12","20680089"
"chr1","166521528","166521823","chr1","187201017","187201319","12","20679489"
"chr1","166551363","166551375","chr2","224627334","224627346","1","58075971"
"chr1","166551410","166551690","chr1","187230866","187231171","30","20679456"
"chr1","166657186","166657507","chr1","187317421","187317742","6","20660235"
"chr1","166661579","166661794","chr1","187321827","187322042","3","20660248"
"chr1","166711166","166711476","chr1","187361887","187362193","11","20650721"
"chr1","166744119","166744426","chr1","187394883","187395186","10","20650764"
"chr1","166754038","166754341","chr1","187403284","187403562","35","20649246"
"chr1","166776599","166776888","chr1","187425861","187426148","10","20649262"
"chr1","166797610","166797912","chr3","138796102","138796407","39","28001508"
"chr1","166825259","166825561","chr1","187473828","187474136","15","20648569"
"chr1","166862231","166862524","chr4","70767686","70767978","38","96094545"
"chr1","166873684","166873819","chr1","187522330","187522466","3","20648646"
"chr1","166874110","166874296","chr1","187522777","187522942","24","20648667"
"chr1","166897411","166897683","chr1","187545914","187546186","4","20648503"
"chr1","166927184","166927500","chr1","187576375","187576684","15","20649191"
"chr1","166931103","166931410","chr1","187580300","187580607","9","20649197"
"chr1","167008724","167009030","chr1","187613184","187613490","9","20604460"
"chr1","167016027","167016212","chr1","187620853","187621038","3","20604826"
"chr1","167157646","167157943","chr1","187761588","187761887","10","20603942"
"chr1","167198103","167198403","chr1","187803272","187803572","9","20605169"
"chr1","167267346","167267640","chr1","187895601","187895896","11","20628255"
"chr1","167352004","167352300","chr1","187980063","187980359","8","20628059"
"chr1","167449654","167449960","chr1","188078063","188078366","8","20628409"
"chr1","167466596","167466887","chr1","188095105","188095393","9","20628509"
"chr1","167566854","167567160","chr1","188195614","188195914","13","20628760"
"chr1","167761951","167762232","chr1","188391022","188391303","6","20629071"
"chr1","167900863","167901175","chr16","85732384","85732691","45","82168479"
"chr1","167906174","167906484","chr1","188536724","188537032","10","20630550"
"chr1","167928668","167928953","chr1","188553417","188553702","12","20624749"
"chr1","167967062","167967341","chr1","188585502","188585781","5","20618440"
"chr1","168084275","168084487","chr1","188696934","188697140","35","20612659"
"chr1","168191665","168191729","chr12","7705001","7705066","8","160486664"
"chr1","168325514","168325840","chr1","188945014","188945321","26","20619500"
"chr1","168328440","168328724","chr1","188945014","188945321","34","20616574"
"chr1","168383162","168383470","chr1","188999516","188999820","9","20616354"
"chr1","168455115","168455437","chr1","189072268","189072600","15","20617153"
"chr1","168517755","168518036","chr1","189134905","189135185","8","20617150"
"chr1","168612448","168612762","chr1","189229249","189229563","9","20616801"
"chr1","168668487","168668782","chr22","41618083","41618374","38","127050404"
"chr1","168758126","168758478","chr21","30949004","30949335","85","137809122"
"chr1","168796154","168796289","chr1","155097151","155097285","12","13699003"
"chr1","168810684","168810971","chr1","189386432","189386719","5","20575748"
"chr1","168844243","168844481","chr1","189419394","189419633","7","20575151"
"chr1","168934503","168934733","chr1","189509983","189510213","5","20575480"
"chr1","168967031","168967342","chr1","189542473","189542776","16","20575442"
"chr1","168982865","168983089","chr1","189558331","189558555","7","20575466"
"chr1","169000002","169000083","chr12","95352525","95352600","10","73647477"
"chr1","169064198","169064497","chr1","189646903","189647202","14","20582705"
"chr1","169113698","169113923","chr1","88913980","88914215","56","80199718"
"chr1","169212604","169212916","chr2","197886131","197886441","45","28673527"
"chr1","169713658","169713964","chr1","190286937","190287243","6","20573279"
"chr1","169854987","169855277","chr1","190431373","190431643","26","20576386"
"chr1","170018102","170018405","chr1","190594707","190595016","10","20576605"
"chr1","170031649","170031937","chr1","190608380","190608668","3","20576731"
"chr1","170299297","170299575","chr1","190875870","190876148","3","20576573"
"chr1","170393822","170394098","chr1","190975729","190976012","14","20581907"
"chr1","170410236","170410543","chr1","190992136","190992444","3","20581900"
"chr1","170436605","170436909","chr1","191018460","191018764","7","20581855"
"chr1","170509136","170509447","chr1","191091739","191092050","11","20582603"
"chr1","170627754","170628069","chr1","191211113","191211419","18","20583359"
"chr1","170876162","170876450","chr1","191454211","191454501","10","20578049"
"chr1","170924920","170925205","chr1","191503075","191503360","4","20578155"
"chr1","170933345","170933628","chr6","37494806","37495099","44","133438539"
"chr1","170940265","170940576","chr1","191518694","191519005","12","20578429"
"chr1","170947418","170947728","chr1","191525825","191526108","32","20578407"
"chr1","171081915","171082001","chr1","191661171","191661257","1","20579256"
"chr1","171123253","171123532","chr1","191699121","191699399","4","20575868"
"chr1","171200017","171200310","chr1","191775801","191776111","24","20575784"
"chr1","171296548","171296842","chr1","191874718","191875024","19","20578170"
"chr1","171322300","171322596","chr2","42201800","42202099","43","129120500"
"chr1","171560367","171560660","chr1","192134974","192135274","11","20574607"
"chr1","171576327","171576438","chr1","192152105","192152216","0","20575778"
"chr1","171586528","171586810","chr1","192162300","192162582","5","20575772"
"chr1","171732672","171732781","chr12","50347931","50348038","25","121384741"
"chr1","171732810","171732928","chr7","156901239","156901357","24","14831571"
"chr1","171920186","171920428","chr1","192494626","192494868","4","20574440"
"chr1","172097145","172097454","chr1","192697411","192697718","9","20600266"
"chr1","172102444","172102540","chr1","192702713","192702809","2","20600269"
"chr1","172165337","172165625","chr1","192765573","192765861","5","20600236"
"chr1","172177539","172177840","chr1","192777800","192778096","9","20600261"
"chr1","172191259","172191570","chr1","192790746","192791053","10","20599487"
"chr1","172257142","172257437","chr1","192855136","192855430","9","20597994"
"chr1","172259055","172259368","chr2","120603307","120603605","50","51655748"
"chr1","172265397","172265669","chr1","192865548","192865820","3","20600151"
"chr1","172301926","172302211","chr3","32800886","32801170","38","139501040"
"chr1","172303033","172303255","chrX","48841992","48842224","40","123461041"
"chr1","172351104","172351390","chr17","9113881","9114167","47","163237223"
"chr1","172365665","172365973","chr1","192961549","192961858","4","20595884"
"chr1","172370633","172370941","chr1","192961549","192961858","5","20590916"
"chr1","172372683","172372957","chr1","192963606","192963882","6","20590923"
"chr1","172401319","172401615","chr1","192991810","192992106","5","20590491"
"chr1","172419650","172419955","chr1","193010054","193010357","4","20590404"
"chr1","172432026","172432302","chr19","14445625","14445899","39","157986401"
"chr1","172437019","172437326","chr1","193027404","193027711","6","20590385"
"chr1","172459995","172460311","chr1","193050451","193050768","11","20590456"
"chr1","172517633","172517895","chr1","193098260","193098549","31","20580627"
"chr1","172519562","172519870","chr6","20503650","20503953","38","152015912"
"chr1","172532032","172532164","chr7","4965018","4965149","16","167567014"
"chr1","172546052","172546356","chr1","193143828","193144132","10","20597776"
"chr1","172561662","172561962","chr1","193159361","193159661","12","20597699"
"chr1","172564035","172564306","chr1","193162392","193162668","13","20598357"
"chr1","172609687","172609978","chr1","193191392","193191686","11","20581705"
"chr1","172615929","172616230","chr1","193197644","193197947","5","20581715"
"chr1","172617713","172618027","chr1","193199430","193199729","37","20581717"
"chr1","172618601","172618755","chr4","151364329","151364478","21","21254272"
"chr1","172620239","172620539","chr1","193197644","193197947","6","20577405"
"chr1","172655885","172656191","chr1","193230141","193230446","8","20574256"
"chr1","172716972","172717281","chr1","193286816","193287123","8","20569844"
"chr1","172728484","172728794","chr1","193286816","193287123","9","20558332"
"chr1","172771924","172772226","chr1","193321689","193321991","4","20549765"
"chr1","172823256","172823533","chr1","193373064","193373341","10","20549808"
"chr1","172834460","172834763","chr1","193384319","193384617","11","20549859"
"chr1","172837079","172837370","chr10","93448714","93449003","39","79388365"
"chr1","172874518","172874821","chr1","193424081","193424394","13","20549563"
"chr1","172946871","172947130","chr1","193496654","193496913","6","20549783"
"chr1","172947767","172948062","chr1","193497555","193497849","4","20549788"
"chr1","172988178","172988440","chrX","132492244","132492504","47","40495934"
"chr1","173002855","173003166","chr1","193550702","193551012","7","20547847"
"chr1","173033592","173033892","chr1","193581811","193582115","14","20548219"
"chr1","173111162","173111447","chr1","193659492","193659782","18","20548330"
"chr1","173213522","173213805","chr1","193767928","193768211","6","20554406"
"chr1","173280710","173280967","chr1","193835307","193835564","5","20554597"
"chr1","173457318","173457570","chr1","194011460","194011712","2","20554142"
"chr1","173493495","173493797","chr1","194047624","194047926","5","20554129"
"chr1","173543160","173543274","chr3","173224309","173224424","14","318851"
"chr1","173795168","173795256","chr1","194351121","194351209","0","20555953"
"chr1","173800501","173800799","chr2","24540461","24540758","55","149260040"
"chr1","173835067","173835353","chr1","194391220","194391530","30","20556153"
"chr1","173855712","173856018","chr14","78007754","78008061","39","95847958"
"chr1","173867675","173867956","chr1","194421814","194422095","1","20554139"
"chr1","173873717","173874017","chr1","194427863","194428158","8","20554146"
"chr1","173950493","173950774","chr1","194508169","194508451","6","20557676"
"chr1","174002624","174002923","chr1","194559682","194559978","11","20557058"
"chr1","174007268","174007561","chr1","194564576","194564873","8","20557308"
"chr1","174060251","174060538","chr1","194614393","194614675","13","20554142"
"chr1","174244213","174244508","chr1","194796329","194796624","23","20552116"
"chr1","174468921","174469200","chrX","27450221","27450498","51","147018700"
"chr1","174581347","174581650","chr1","195142694","195142997","4","20561347"
"chr1","174786155","174786447","chr10","12310616","12310886","77","162475539"
"chr1","174832667","174832962","chr1","195358534","195358827","9","20525867"
"chr1","175034925","175035235","chr1","195558265","195558574","8","20523340"
"chr1","175045372","175045671","chr1","195568720","195569020","11","20523348"
"chr1","175069842","175070152","chr1","195598397","195598721","17","20528555"
"chr1","175126930","175127217","chr16","29952418","29952705","47","145174512"
"chr1","175161493","175161776","chrX","107670649","107670933","40","67490844"
"chr1","175333607","175333860","chr1","195838777","195839033","10","20505170"
"chr1","175452033","175452331","chr17","62429676","62429970","39","113022357"
"chr1","175526259","175526496","chr1","196015271","196015509","7","20489012"
"chr1","175556297","175556584","chr1","196044188","196044481","14","20487891"
"chr1","175599316","175599626","chr1","196087631","196087941","12","20488315"
"chr1","175695393","175695772","chr1","196212641","196213020","11","20517248"
"chr1","175773878","175774177","chr1","196282844","196283143","5","20508966"
"chr1","175822498","175822811","chr1","196332786","196333088","16","20510288"
"chr1","175873380","175873676","chr1","196384425","196384729","16","20511045"
"chr1","176112664","176112958","chr1","196622366","196622660","5","20509702"
"chr1","176129613","176129909","chr1","196639290","196639589","6","20509677"
"chr1","176132408","176132705","chr1","196642088","196642384","7","20509680"
"chr1","176179341","176179633","chr1","196688623","196688910","7","20509282"
"chr1","176192812","176193121","chr1","196700374","196700683","7","20507562"
"chr1","176234467","176234764","chr1","196742093","196742390","1","20507626"
"chr1","176258901","176259195","chr1","196768450","196768744","9","20509549"
"chr1","176270402","176270708","chr1","196777706","196778011","4","20507304"
"chr1","176314738","176314973","chr1","196826512","196826747","10","20511774"
"chr1","176343413","176343703","chr1","196853134","196853430","14","20509721"
"chr1","176345206","176345337","chr14","69847072","69847202","13","106498134"
"chr1","176355931","176356237","chr1","196866730","196867036","7","20510799"
"chr1","176380429","176380710","chr1","196890977","196891259","8","20510548"
"chr1","176392828","176393124","chr1","196903371","196903667","7","20510543"
"chr1","176448812","176449124","chr1","196948264","196948575","8","20499452"
"chr1","176456108","176456417","chr1","196955567","196955875","9","20499459"
"chr1","176619977","176620275","chr15","72818158","72818457","50","103801819"
"chr1","176650412","176650710","chr15","72818158","72818457","50","103832254"
"chr1","176663374","176663642","chr1","197137512","197137780","8","20474138"
"chr1","176673199","176673495","chr1","197147342","197147638","2","20474143"
"chr1","176673904","176674221","chr1","197148048","197148359","10","20474144"
"chr1","176718670","176718972","chr3","155826105","155826404","38","20892565"
"chr1","176755344","176755658","chr1","197225894","197226204","9","20470550"
"chr1","176879095","176879394","chr1","197341261","197341555","9","20462166"
"chr1","176904083","176904421","chr1","197351060","197351419","28","20446977"
"chr1","176970741","176971042","chr1","197419361","197419662","2","20448620"
"chr1","177030668","177030979","chr1","197484150","197484461","10","20453482"
"chr1","177088519","177088819","chr1","197542918","197543233","19","20454399"
"chr1","177249844","177250150","chr1","197702979","197703285","3","20453135"
"chr1","177296559","177296825","chr1","197751563","197751829","5","20455004"
"chr1","177301311","177301623","chr1","197756293","197756603","9","20454982"
"chr1","177305364","177305663","chr8","116807078","116807372","54","60498286"
"chr1","177311806","177312115","chr1","197766784","197767093","2","20454978"
"chr1","177328038","177328333","chr1","197784209","197784501","11","20456171"
"chr1","177334081","177334382","chr1","42445152","42445449","56","134888929"
"chr1","177337196","177337496","chr2","34243463","34243765","57","143093733"
"chr1","177357123","177357418","chr1","197814809","197815104","6","20457686"
"chr1","177359777","177360069","chr16","30411037","30411333","38","146948740"
"chr1","177416740","177417051","chr6","14409295","14409605","37","163007445"
"chr1","177532791","177533067","chr1","26037257","26037533","32","151495534"
"chr1","177534779","177535067","chr13","97830592","97830879","47","79704187"
"chr1","177559026","177559349","chr1","179256751","179257074","38","1697725"
"chr1","177566555","177566844","chrX","136218858","136219150","39","41347697"
"chr1","177594083","177594334","chr1","198023780","198024038","11","20429697"
"chr1","177633945","177634232","chr1","198063628","198063915","3","20429683"
"chr1","177724439","177724732","chr1","198154338","198154662","35","20429899"
"chr1","177812129","177812205","chr1","198242386","198242473","14","20430257"
"chr1","177812485","177812689","chr1","198242762","198242964","10","20430277"
"chr1","177913285","177913565","chr1","198342984","198343264","4","20429699"
"chr1","177968962","177969256","chr1","198398661","198398958","6","20429699"
"chr1","178003937","178004226","chr1","198433758","198434048","12","20429821"
"chr1","178082174","178082285","chr1","198508610","198508721","4","20426436"
"chr1","178082286","178082359","chr1","198508722","198508795","1","20426436"
"chr1","178138836","178139144","chr1","198571000","198571307","2","20432164"
"chr1","178167985","178168245","chr1","198598067","198598327","6","20430082"
"chr1","178184210","178184515","chr1","198614841","198615152","15","20430631"
"chr1","178202178","178202488","chr1","198632823","198633133","5","20430645"
"chr1","178291465","178291761","chr1","198720332","198720628","5","20428867"
"chr1","178311446","178311753","chr1","198740296","198740597","7","20428850"
"chr1","178339018","178339318","chr1","198767757","198768066","16","20428739"
"chr1","178414254","178414557","chr1","198843549","198843852","7","20429295"
"chr1","178470695","178470974","chr7","148694845","148695122","60","29775850"
"chr1","178506876","178507198","chr1","198920902","198921212","20","20414026"
"chr1","178508332","178508523","chr1","198922333","198922524","4","20414001"
"chr1","178748370","178748646","chr10","48472242","48472524","35","130276128"
"chr1","178794149","178794424","chr1","199212240","199212515","7","20418091"
"chr1","178853141","178853459","chr1","199268931","199269249","7","20415790"
"chr1","179043399","179043686","chr1","199458592","199458903","28","20415193"
"chr1","179173809","179174112","chr1","199568763","199569065","7","20394954"
"chr1","179220152","179220453","chr1","199611084","199611386","3","20390932"
"chr1","179233313","179233610","chr1","199624299","199624596","7","20390986"
"chr1","179263061","179263361","chr1","199653989","199654289","8","20390928"
"chr1","179289738","179290042","chr1","199680356","199680661","9","20390618"
"chr1","179337512","179337761","chr1","199727932","199728170","17","20390420"
"chr1","179351343","179351641","chr1","164751034","164751332","51","14600309"
"chr1","179388654","179388960","chr1","199779560","199779854","16","20390906"
"chr1","179434311","179434618","chr15","40888820","40889131","45","138545491"
"chr1","179441463","179441745","chr1","199828533","199828834","21","20387070"
"chr1","179444395","179444685","chr8","3200273","3200567","38","176244122"
"chr1","179449134","179449433","chr1","199836213","199836512","8","20387079"
"chr1","179461482","179461754","chr1","199843434","199843712","13","20381952"
"chr1","179465184","179465470","chr3","125544071","125544355","51","53921113"
"chr1","179491450","179491760","chr1","199873415","199873725","7","20381965"
"chr1","179495326","179495604","chr1","199877228","199877536","33","20381902"
"chr1","179506836","179507134","chr1","199888300","199888597","6","20381464"
"chr1","179508994","179509291","chr1","199890453","199890748","9","20381459"
"chr1","179527796","179527888","chr1","199907018","199907113","5","20379222"
"chr1","179532047","179532303","chr1","199911582","199911835","7","20379535"
"chr1","179539849","179540148","chr1","199919384","199919675","13","20379535"
"chr1","179543369","179543636","chr1","199925349","199925617","4","20381980"
"chr1","179561276","179561571","chr1","199943212","199943505","6","20381936"
"chr1","179568976","179569276","chr1","199950931","199951235","12","20381955"
"chr1","179583937","179584199","chrX","22466736","22466998","38","157117201"
"chr1","179624417","179624716","chr1","200006417","200006716","6","20382000"
"chr1","179628865","179629166","chr1","200010887","200011176","19","20382022"
"chr1","179631064","179631364","chr2","202978976","202979272","35","23347912"
"chr1","179632923","179633227","chr1","200014830","200015134","6","20381907"
"chr1","179635416","179635732","chr1","200017283","200017590","19","20381867"
"chr1","179638732","179638829","chr1","200020600","200020697","0","20381868"
"chr1","179641649","179641955","chr1","200023510","200023810","12","20381861"
"chr1","179727047","179727353","chr1","200104652","200104962","7","20377605"
"chr1","179732179","179732470","chrX","150968542","150968832","34","28763637"
"chr1","179736257","179736568","chr1","200113899","200114200","19","20377642"
"chr1","179742001","179742293","chr1","200119635","200119908","20","20377634"
"chr1","179759189","179759475","chr2","58119216","58119494","52","121639973"
"chr1","179797008","179797308","chr1","200171467","200171767","7","20374459"
"chr1","179814743","179814974","chr5","15036279","15036508","27","164778464"
"chr1","179828843","179829145","chr16","68844968","68845267","48","110983875"
"chr1","179829159","179829453","chr1","200197548","200197842","3","20368389"
"chr1","179844740","179844875","chr10","5857792","5857927","12","173986948"
"chr1","179860200","179860503","chr1","200228718","200228993","30","20368518"
"chr1","179884477","179884785","chr1","200253049","200253357","9","20368572"
"chr1","179887282","179887586","chr1","200255834","200256137","7","20368552"
"chr1","179902958","179903263","chr11","75812128","75812429","46","104090830"
"chr1","179910434","179910738","chr1","200279114","200279406","20","20368680"
"chr1","179919301","179919628","chr1","200288073","200288400","4","20368772"
"chr1","179936494","179936798","chr1","200305304","200305603","15","20368810"
"chr1","179937908","179938061","chr16","10231127","10231278","31","169706781"
"chr1","179938162","179938374","chrX","19189550","19189763","30","160748612"
"chr1","180008647","180008957","chr1","200377828","200378139","9","20369181"
"chr1","180015469","180015765","chr1","200384680","200384964","19","20369211"
"chr1","180024343","180024646","chr1","200393557","200393858","7","20369214"
"chr1","180060908","180061222","chr2","26447555","26447866","50","153613353"
"chr1","180070467","180070629","chr5","108744443","108744598","36","71326024"
"chr1","180089744","180090031","chr1","200457339","200457627","6","20367595"
"chr1","180109435","180109728","chr1","200476815","200477107","6","20367380"
"chr1","180117136","180117379","chr1","200484477","200484720","5","20367341"
"chr1","180152855","180153147","chr1","200520163","200520457","9","20367308"
"chr1","180157425","180157743","chr1","200524578","200524896","9","20367153"
"chr1","180162810","180163112","chr1","200529983","200530285","7","20367173"
"chr1","180167716","180167931","chr16","46947290","46947502","27","133220426"
"chr1","180172419","180172710","chr1","200549940","200550241","16","20377521"
"chr1","180176533","180176811","chr8","32507718","32507995","37","147668815"
"chr1","180179490","180179784","chr1","200554110","200554406","9","20374620"
"chr1","180185662","180185951","chr1","200560282","200560571","5","20374620"
"chr1","180213777","180214090","chr1","205389038","205389348","51","25175261"
"chr1","180230150","180230449","chr1","200607131","200607437","12","20376981"
"chr1","180239949","180240239","chr1","200616977","200617267","6","20377028"
"chr1","180260537","180260754","chr2","65025285","65025505","31","115235252"
"chr1","180289964","180290251","chr1","200666831","200667112","11","20376867"
"chr1","180306975","180307272","chr1","200682133","200682429","5","20375158"
"chr1","180313799","180314113","chr1","200688843","200689170","20","20375044"
"chr1","180337649","180337946","chr1","200711944","200712241","5","20374295"
"chr1","180344385","180344683","chr1","200718659","200718957","5","20374274"
"chr1","180348230","180348539","chr1","200722523","200722806","36","20374293"
"chr1","180376360","180376656","chr1","200750902","200751201","9","20374542"
"chr1","180378470","180378772","chr1","200753015","200753317","7","20374545"
"chr1","180389344","180389624","chr1","200762905","200763180","9","20373561"
"chr1","180447279","180447578","chr1","200810607","200810905","10","20363328"
"chr1","180450490","180450781","chr1","82163603","82163900","58","98286887"
"chr1","180458318","180458439","chrX","104956340","104956461","16","75501978"
"chr1","180461457","180461761","chr1","200824697","200825001","2","20363240"
"chr1","180462911","180463210","chr1","200826149","200826444","9","20363238"
"chr1","180470046","180470343","chr4","39065356","39065653","50","141404690"
"chr1","180498499","180498788","chr1","200861718","200862016","31","20363219"
"chr1","180500169","180500467","chr1","200865947","200866241","9","20365778"
"chr1","180504756","180505041","chr1","200870519","200870801","8","20365763"
"chr1","180516504","180516802","chr1","200865947","200866241","9","20349443"
"chr1","180521094","180521379","chr1","200870519","200870801","10","20349425"
"chr1","180529494","180529784","chr1","200878882","200879172","6","20349388"
"chr1","180554677","180554967","chr1","200904091","200904387","9","20349414"
"chr1","180565523","180565820","chr3","112184356","112184653","2","68381167"
"chr1","180577489","180577800","chr1","200926414","200926715","13","20348925"
"chr1","180593890","180594170","chr1","200943015","200943309","18","20349125"
"chr1","180602367","180602667","chr17","28857510","28857811","41","151744857"
"chr1","180604207","180604434","chr19","28867611","28867837","34","151736596"
"chr1","180694449","180694761","chr1","201042125","201042437","8","20347676"
"chr1","180698478","180698806","chr1","201046194","201046478","48","20347716"
"chr1","180715481","180715776","chr1","201063299","201063587","20","20347818"
"chr1","180765658","180765926","chr1","201113518","201113799","16","20347860"
"chr1","180782779","180783063","chr1","201130582","201130866","4","20347803"
"chr1","180820934","180821241","chr1","201168437","201168740","10","20347503"
"chr1","180865761","180866049","chr1","201196356","201196644","10","20330595"
"chr1","180872318","180872563","chr1","201202783","201203055","28","20330465"
"chr1","180948260","180948507","chr1","201279816","201280063","5","20331556"
"chr1","181091691","181092013","chr1","22541991","22542302","56","158549700"
"chr1","181103037","181103322","chr1","201434573","201434858","5","20331536"
"chr1","181107319","181107617","chr1","201438883","201439181","4","20331564"
"chr1","181107713","181108021","chr1","201439277","201439580","13","20331564"
"chr1","181111158","181111473","chr1","201442720","201443053","20","20331562"
"chr1","181114035","181114327","chr1","201445610","201445902","10","20331575"
"chr1","181118137","181118418","chr1","201449713","201449994","2","20331576"
"chr1","181170030","181170311","chr11","61479248","61479528","33","119690782"
"chr1","181171181","181171484","chr1","201502854","201503156","5","20331673"
"chr1","181176551","181176837","chr1","201508219","201508499","12","20331668"
"chr1","181178791","181179089","chr1","201510449","201510747","1","20331658"
"chr1","181187063","181187366","chr1","201518778","201519080","4","20331715"
"chr1","181192629","181192934","chr1","201524326","201524633","15","20331697"
"chr1","181194220","181194359","chr1","201525915","201526054","1","20331695"
"chr1","181232584","181232873","chr1","201564333","201564637","18","20331749"
"chr1","181248773","181249070","chr1","201580492","201580789","4","20331719"
"chr1","181258186","181258494","chr1","201589884","201590192","8","20331698"
"chr1","181272687","181272998","chr1","201604395","201604708","10","20331708"
"chr1","181275416","181275718","chr2","127251877","127252180","37","54023539"
"chr1","181275796","181276095","chr1","201607492","201607791","8","20331696"
"chr1","181296247","181296553","chr1","201627268","201627574","7","20331021"
"chr1","181311150","181311215","chr4","63581545","63581610","9","117729605"
"chr1","181312052","181312373","chr1","201580492","201580789","28","20268440"
"chr1","181321487","181321795","chr1","201589884","201590192","8","20268397"
"chr1","181335988","181336303","chr1","201604395","201604708","11","20268407"
"chr1","181338717","181339019","chr2","127251877","127252180","37","54086840"
"chr1","181339097","181339396","chr1","201607492","201607791","8","20268395"
"chr1","181359385","181359715","chr1","201627268","201627574","58","20267883"
"chr1","181374266","181374553","chr1","201643425","201643712","6","20269159"
"chr1","181405647","181405941","chr1","201674755","201675051","14","20269108"
"chr1","181407860","181408164","chr1","201676970","201677272","15","20269110"
"chr1","181408515","181408821","chr1","201677623","201677929","8","20269108"
"chr1","181412584","181412724","chr1","201681693","201681832","3","20269109"
"chr1","181413025","181413197","chr1","201682137","201682308","5","20269112"
"chr1","181417972","181418278","chr1","201677623","201677929","8","20259651"
"chr1","181453782","181453971","chr1","201714021","201714210","3","20260239"
"chr1","181462588","181462888","chr1","201722824","201723124","11","20260236"
"chr1","181500064","181500205","chr1","201760184","201760325","2","20260120"
"chr1","181517417","181517673","chr7","100791434","100791706","45","80725983"
"chr1","181525523","181525825","chr1","201785789","201786092","3","20260266"
"chr1","181545681","181545975","chr18","3708011","3708305","45","177837670"
"chr1","181556718","181557013","chr1","201816675","201816973","7","20259957"
"chr1","181602453","181602743","chr1","201862176","201862466","7","20259723"
"chr1","181611688","181612058","chr1","201871377","201871691","74","20259689"
"chr1","181617589","181617843","chr1","201877219","201877473","9","20259630"
"chr1","181653456","181653757","chr1","201913324","201913625","4","20259868"
"chr1","181676343","181676639","chr18","9740432","9740723","33","171935911"
"chr1","181680315","181680480","chr1","201940586","201940748","5","20260271"
"chr1","181680779","181680986","chr1","201941047","201941256","5","20260268"
"chr1","181706350","181706634","chr1","201966561","201966847","10","20260211"
"chr1","181712627","181712695","chr1","35403967","35404033","9","146308660"
"chr1","181720094","181720404","chr1","201980332","201980642","6","20260238"
"chr1","181727275","181727559","chr1","201987429","201987737","29","20260154"
"chr1","181738056","181738370","chr6","74045311","74045615","57","107692745"
"chr1","181746480","181746790","chr1","202006584","202006888","12","20260104"
"chr1","181766887","181767199","chr9","121968866","121969169","36","59798021"
"chr1","181774276","181774576","chr1","202032738","202033036","6","20258462"
"chr1","181777594","181777891","chr6","44129100","44129395","40","137648494"
"chr1","181780010","181780318","chr1","202038455","202038764","4","20258445"
"chr1","181791630","181791860","chr1","82493118","82493353","38","99298512"
"chr1","181798355","181798646","chr1","202055725","202056016","7","20257370"
"chr1","181800081","181800214","chr1","202057452","202057585","2","20257371"
"chr1","181801553","181801849","chr1","202058924","202059218","9","20257371"
"chr1","181803153","181803435","chr1","202060506","202060788","6","20257353"
"chr1","181812454","181812745","chr1","202067971","202068247","31","20255517"
"chr1","181815786","181816048","chr7","37257308","37257573","31","144558478"
"chr1","181832168","181832465","chr1","202090528","202090826","30","20258360"
"chr1","181847047","181847272","chr8","80420199","80420427","31","101426848"
"chr1","181852420","181852549","chr1","202110578","202110707","3","20258158"
"chr1","181853693","181853795","chr11","59737919","59738020","13","122115774"
"chr1","181865551","181865842","chr1","202124885","202125179","8","20259334"
"chr1","181866389","181866682","chr1","202125727","202126020","7","20259338"
"chr1","181869676","181869979","chr1","202129001","202129308","7","20259325"
"chr1","181880308","181880603","chr1","202139633","202139947","28","20259325"
"chr1","181886467","181886747","chr1","202145832","202146119","9","20259365"
"chr1","181893842","181894117","chr1","202153148","202153423","11","20259306"
"chr1","181915222","181915443","chr1","202175097","202175320","4","20259875"
"chr1","181917432","181917711","chr1","202180907","202181195","22","20263475"
"chr1","181933712","181933909","chr7","131990458","131990670","35","49943254"
"chr1","181938162","181938441","chr1","202180907","202181195","22","20242745"
"chr1","182060021","182060322","chr1","202298978","202299279","11","20238957"
"chr1","182070632","182070933","chr1","202298978","202299279","7","20228346"
"chr1","182082995","182083297","chr1","202311378","202311688","9","20228383"
"chr1","182110993","182111294","chr5","159875907","159876207","41","22235086"
"chr1","182111297","182111597","chr1","202340232","202340538","13","20228935"
"chr1","182134100","182134410","chr1","202363752","202364059","3","20229652"
"chr1","182136595","182136886","chr1","202366238","202366541","16","20229643"
"chr1","182144133","182144438","chr1","202372937","202373235","11","20228804"
"chr1","182146156","182146460","chr1","202374938","202375243","10","20228782"
"chr1","182159393","182159708","chr1","202388190","202388505","8","20228797"
"chr1","182163300","182163607","chr2","61830399","61830704","48","120332901"
"chr1","182192152","182192458","chrY","26349537","26349836","23","155842615"
"chr1","182194484","182194798","chr1","202423673","202423983","11","20229189"
"chr1","182212041","182212336","chr1","202432272","202432566","5","20220231"
"chr1","182255789","182256084","chr1","202476402","202476697","4","20220613"
"chr1","182268180","182268491","chr1","202488749","202489060","4","20220569"
"chr1","182283545","182283837","chr1","202504113","202504406","6","20220568"
"chr1","182304290","182304588","chr9","85893621","85893918","34","96410669"
"chr1","182335399","182335701","chr3","42004093","42004391","38","140331306"
"chr1","182435236","182435524","chr1","202648180","202648468","6","20212944"
"chr1","182498661","182498978","chr16","58685428","58685739","43","123813233"
"chr1","182550120","182550418","chr1","202764355","202764663","13","20214235"
"chr1","182565028","182565330","chr7","4847039","4847341","5","177717989"
"chr1","182569856","182570170","chr1","202780169","202780489","10","20210313"
"chr1","182580606","182580911","chr16","85732384","85732691","38","96848222"
"chr1","182608274","182608582","chr17_KI270859v1_alt","12697","13004","34","182595577"
"chr1","182614181","182614414","chr1","202822866","202823099","3","20208685"
"chr1","182619211","182619442","chr12","68556237","68556460","46","114062974"
"chr1","182621658","182621970","chr1","202831726","202832034","9","20210068"
"chr1","182632359","182632640","chr1","202842432","202842713","7","20210073"
"chr1","182643801","182644083","chrX","4481133","4481414","37","178162668"
"chr1","182668153","182668460","chr1","202870539","202870824","30","20202386"
"chr1","182698511","182698799","chr1","202900582","202900870","2","20202071"
"chr1","182704868","182705166","chr1","202906667","202906961","10","20201799"
"chr1","182719384","182719682","chr1","202921178","202921474","4","20201794"
"chr1","182724045","182724348","chr1","202925824","202926127","2","20201779"
"chr1","182725924","182726221","chr1","202927700","202927997","7","20201776"
"chr1","182733609","182733782","chr1","201682137","201682308","28","18948528"
"chr1","182733783","182734080","chrX","18400855","18401152","34","164332928"
"chr1","182734081","182734226","chr1","109234179","109234323","17","73499902"
"chr1","182736134","182736396","chr1","202937818","202938089","12","20201684"
"chr1","182791840","182792130","chr1","202994963","202995253","4","20203123"
"chr1","182850053","182850361","chr1","203053252","203053568","16","20203199"
"chr1","182925963","182926273","chr1","203132565","203132876","5","20206602"
"chr1","182928777","182929074","chr1","203135377","203135673","3","20206600"
"chr1","182932212","182932518","chr1","203138812","203139118","5","20206600"
"chr1","182934975","182935273","chr1","203141573","203141882","18","20206598"
"chr1","183005803","183006087","chr1","203212413","203212700","6","20206610"
"chr1","183045275","183045563","chr17","6561910","6562198","51","176483365"
"chr1","183046846","183047148","chr1","203248066","203248366","14","20201220"
"chr1","183048622","183048716","chr1","203249836","203249932","3","20201214"
"chr1","183048798","183049084","chr1","203250011","203250297","7","20201213"
"chr1","183079709","183080016","chr1","203280435","203280743","21","20200726"
"chr1","183094505","183094783","chr1","203294403","203294674","15","20199898"
"chr1","183112558","183112868","chr1","203312335","203312634","17","20199777"
"chr1","183120031","183120308","chr1","203319802","203320083","10","20199771"
"chr1","183137343","183137645","chr1","203337106","203337408","5","20199763"
"chr1","183178374","183178683","chr14","93038522","93038826","35","90139852"
"chr1","183185357","183185630","chr6","108284086","108284361","29","74901271"
"chr1","183188567","183188858","chr4","580416","580706","41","182608151"
"chr1","183193702","183193996","chr1","203394797","203395091","6","20201095"
"chr1","183195191","183195504","chr19","7875198","7875509","51","175319993"
"chr1","183199516","183199810","chr1","203400630","203400920","10","20201114"
"chr1","183335751","183336036","chr1","203536176","203536472","18","20200425"
"chr1","183347916","183348203","chr1","203548280","203548567","4","20200364"
"chr1","183353477","183353772","chr1","25937347","25937645","41","157416130"
"chr1","183368453","183368745","chr2","11432090","11432378","40","171936363"
"chr1","183378289","183378600","chr1","203579153","203579464","5","20200864"
"chr1","183384283","183384610","chr1","203585139","203585441","32","20200856"
"chr1","183406724","183407031","chr1","203607627","203607934","7","20200903"
"chr1","183412623","183412907","chr1","203613513","203613819","26","20200890"
"chr1","183421380","183421695","chr1","203622285","203622600","6","20200905"
"chr1","183432428","183432657","chr1","203633483","203633712","3","20201055"
"chr1","183451844","183451961","chr11","114000001","114000117","13","69451843"
"chr1","183496034","183496321","chr1","203695939","203696226","6","20199905"
"chr1","183504535","183504845","chr1","203704468","203704779","8","20199933"
"chr1","183516504","183516814","chr1","203704468","203704779","8","20187964"
"chr1","183525029","183525316","chr1","203695939","203696226","4","20170910"
"chr1","183569146","183569452","chr1","203749728","203750036","7","20180582"
"chr1","183580229","183580529","chr8","73900045","73900338","46","109680184"
"chr1","183582611","183582903","chr10","93448714","93449003","45","90133897"
"chr1","183588865","183589151","chr1","203769107","203769397","12","20180242"
"chr1","183595012","183595313","chr1","203775118","203775417","8","20180106"
"chr1","183599371","183599675","chr1","203779471","203779775","4","20180100"
"chr1","183606482","183606741","chr17","75826297","75826555","46","107780185"
"chr1","183611861","183612171","chr1","203791976","203792285","3","20180115"
"chr1","183612602","183612898","chr20","49509878","49510180","42","134102724"
"chr1","183627567","183627878","chr22","31114685","31114994","38","152512882"
"chr1","183633110","183633411","chr1","203811811","203812116","7","20178701"
"chr1","183636129","183636422","chr1","203814836","203815129","4","20178707"
"chr1","183653414","183653549","chr1","11145668","11145803","13","172507746"
"chr1","183653857","183653994","chr14","58302509","58302650","25","125351348"
"chr1","183665846","183666158","chr1","203844156","203844468","8","20178310"
"chr1","183669546","183669844","chr1","203847854","203848157","11","20178308"
"chr1","183676766","183677057","chr1","203855057","203855349","2","20178291"
"chr1","183698994","183699282","chr3","197341152","197341447","43","13642158"
"chr1","183703148","183703445","chr1","203881677","203881977","10","20178529"
"chr1","183711870","183712159","chr1","203890299","203890606","22","20178429"
"chr1","183712248","183712558","chr2","223830197","223830497","56","40117949"
"chr1","183732585","183732919","chr1","203910791","203911097","31","20178206"
"chr1","183747892","183748192","chr1","203928488","203928787","8","20180596"
"chr1","183750282","183750577","chr1","203930869","203931164","3","20180587"
"chr1","183758424","183758724","chr1","203939020","203939320","9","20180596"
"chr1","183763029","183763321","chr1","203943623","203943924","11","20180594"
"chr1","183790664","183790968","chr3","169561864","169562167","61","14228800"
"chr1","183797930","183798211","chr8","62998294","62998573","41","120799636"
"chr1","183829316","183829603","chr1","204011018","204011303","12","20181702"
"chr1","183844326","183844618","chr1","204034774","204035064","5","20190448"
"chr1","183860134","183860421","chr1","204050606","204050913","24","20190472"
"chr1","183862526","183862822","chr1","204052988","204053272","17","20190462"
"chr1","183874736","183875028","chr1","204064637","204064929","4","20189901"
"chr1","183877864","183878174","chr1","204067815","204068125","7","20189951"
"chr1","183887862","183888174","chr1","204077794","204078114","17","20189932"
"chr1","183901509","183901813","chr1","204090397","204090710","13","20188888"
"chr1","183929128","183929425","chr1","204118006","204118302","14","20188878"
"chr1","183929482","183929765","chr1","204118340","204118642","26","20188858"
"chr1","183943545","183943858","chr12","93301355","93301673","49","90642190"
"chr1","183975759","183976062","chr5","31969226","31969535","50","152006533"
"chr1","183996944","183997251","chr1","204186438","204186729","23","20189494"
"chr1","184011043","184011351","chr1","204200322","204200627","14","20189279"
"chr1","184105693","184105995","chr1","204290708","204291005","8","20185015"
"chr1","184149581","184149886","chr1","204334617","204334922","3","20185036"
"chr1","184156873","184157174","chr1","204341905","204342200","12","20185032"
"chr1","184159292","184159599","chr1","204344318","204344621","10","20185026"
"chr1","184164275","184164583","chr1","204349257","204349562","6","20184982"
"chr1","184167113","184167423","chr1","204352092","204352404","8","20184979"
"chr1","184194529","184194838","chr1","204379514","204379819","12","20184985"
"chr1","184197006","184197296","chr1","204381987","204382279","7","20184981"
"chr1","184375880","184376165","chr19","3843189","3843477","52","180532691"
"chr1","184389333","184389633","chr1","204569900","204570201","6","20180567"
"chr1","184390196","184390493","chr3","149793421","149793720","43","34596775"
"chr1","184411504","184411798","chr1","204590012","204590304","5","20178508"
"chr1","184426453","184426738","chr1","204604914","204605198","9","20178461"
"chr1","184453916","184454214","chr1","204632349","204632647","4","20178433"
"chr1","184479730","184480037","chr1","204657971","204658277","7","20178241"
"chr1","184488419","184488729","chr1","204666681","204666986","12","20178262"
"chr1","184490041","184490328","chr1","204668313","204668600","5","20178272"
"chr1","184511729","184512019","chr1","204690021","204690312","8","20178292"
"chr1","184575372","184575683","chr1","204754299","204754611","7","20178927"
"chr1","184580341","184580681","chr1","204759270","204759612","21","20178929"
"chr1","184589997","184590307","chr1","204768849","204769133","29","20178852"
"chr1","184598580","184598877","chr1","204777408","204777696","12","20178828"
"chr1","184599862","184600056","chr4","52634530","52634724","21","131965332"
"chr1","184613848","184614152","chr1","204792745","204793049","5","20178897"
"chr1","184639261","184639560","chr1","204818386","204818687","8","20179125"
"chr1","184673548","184673858","chr1","204851322","204851632","5","20177774"
"chr1","184720301","184720600","chr1","204897741","204898037","18","20177440"
"chr1","184744597","184744881","chr11","3188287","3188577","44","181556310"
"chr1","184761270","184761578","chr1","204936195","204936500","8","20174925"
"chr1","184835422","184835729","chr1","205010620","205010927","4","20175198"
"chr1","184848136","184848453","chr1","205023353","205023674","35","20175217"
"chr1","184852131","184852255","chr1","205027356","205027484","7","20175225"
"chr1","184908216","184908534","chr11","27974734","27975043","69","156933482"
"chr1","184923330","184923614","chr3","185542926","185543210","35","619596"
"chr1","184931668","184931980","chr1","205104240","205104551","13","20172572"
"chr1","184933749","184934052","chr1","205106313","205106617","8","20172564"
"chr1","184938273","184938564","chr1","205110028","205110319","8","20171755"
"chr1","184960585","184960903","chr1","205133599","205133901","27","20173014"
"chr1","184991042","184991286","chr6","163193881","163194132","40","21797161"
"chr1","185007613","185007896","chr1","205171972","205172255","4","20164359"
"chr1","185008707","185009015","chr1","205173112","205173420","4","20164405"
"chr1","185016971","185017275","chr7","92779971","92780271","54","92237000"
"chr1","185019791","185020094","chr1","205184917","205185212","10","20165126"
"chr1","185028453","185028750","chr1","205193589","205193887","5","20165136"
"chr1","185038037","185038322","chr1","205203205","205203485","10","20165168"
"chr1","185045959","185046069","chr3","57953932","57954044","12","127092027"
"chr1","185048517","185048800","chr5","142407625","142407903","38","42640892"
"chr1","185124075","185124385","chr1","205281863","205282168","13","20157788"
"chr1","185137525","185137840","chr12","56761259","56761563","48","128376266"
"chr1","185139851","185140156","chr1","205297639","205297938","12","20157788"
"chr1","185147940","185148260","chr1","205305700","205306013","11","20157760"
"chr1","185164604","185164841","chr1","205322365","205322603","6","20157761"
"chr1","185187708","185188031","chr1","205345456","205345764","23","20157748"
"chr1","185208410","185208742","chr4","53358267","53358574","30","131850143"
"chr1","185214329","185214629","chr1","205370337","205370627","19","20156008"
"chr1","185233027","185233311","chr19","18888088","18888368","35","166344939"
"chr1","185234010","185234318","chr1","205390075","205390376","17","20156065"
"chr1","185263799","185264083","chr1","205419476","205419765","10","20155677"
"chr1","185264354","185264582","chr5","151616376","151616606","34","33647978"
"chr1","185306422","185306551","chr3","47575144","47575274","16","137731278"
"chr1","185316769","185317079","chr1","205470767","205471077","4","20153998"
"chr1","185324405","185324665","chr1","205478434","205478694","2","20154029"
"chr1","185327192","185327491","chr1","205480180","205480477","6","20152988"
"chr1","185334671","185334968","chr1","205487649","205487946","6","20152978"
"chr1","185343507","185343786","chr1","205496394","205496673","7","20152887"
"chr1","185355951","185356239","chr1","205508867","205509155","4","20152916"
"chr1","185367507","185367819","chr2","28851601","28851908","38","156515906"
"chr1","185368300","185368613","chr1","205521208","205521513","13","20152908"
"chr1","185385160","185385471","chr5","11102971","11103281","36","174282189"
"chr1","185394600","185394889","chr1","205547262","205547558","9","20152662"
"chr1","185397991","185398301","chr1","205550649","205550925","38","20152658"
"chr1","185400106","185400407","chr1","205552878","205553196","22","20152772"
"chr1","185400735","185400955","chr1","205553530","205553750","6","20152795"
"chr1","185404384","185404685","chr1","205557193","205557491","5","20152809"
"chr1","185409799","185410099","chr1","205562636","205562936","11","20152837"
"chr1","185420802","185421106","chr1","205573692","205573996","4","20152890"
"chr1","185470141","185470436","chr1","205621519","205621817","11","20151378"
"chr1","185492523","185492830","chr1","205643915","205644222","4","20151392"
"chr1","185497860","185498170","chr1","205649276","205649570","24","20151416"
"chr1","185514718","185514867","chr17","63599480","63599629","15","121915238"
"chr1","185523146","185523468","chr1","205674305","205674628","9","20151159"
"chr1","185537100","185537404","chr1","205690600","205690903","6","20153500"
"chr1","185545821","185546118","chr4","580416","580706","45","184965405"
"chr1","185546653","185546964","chr12","2090311","2090617","52","183456342"
"chr1","185558711","185559007","chr9","92931038","92931334","34","92627673"
"chr1","185570879","185571158","chr1","205724414","205724693","3","20153535"
"chr1","185571508","185571647","chr1","205725041","205725180","3","20153533"
"chr1","185575425","185575717","chr1","205728976","205729267","9","20153551"
"chr1","185586475","185586776","chr1","205739998","205740304","8","20153523"
"chr1","185599163","185599452","chr1","205753094","205753362","23","20153931"
"chr1","185625776","185626088","chr1","205778307","205778612","13","20152531"
"chr1","185650726","185651022","chr1","205802887","205803182","7","20152161"
"chr1","185663523","185663784","chr1","205815701","205815964","6","20152178"
"chr1","185708899","185709127","chr1","36517947","36518174","29","149190952"
"chr1","185718170","185718460","chr1","205846105","205846395","5","20127935"
"chr1","185734532","185734830","chr1","205865408","205865708","6","20130876"
"chr1","185767524","185767659","chr16","47041320","47041455","11","138726204"
"chr1","185781284","185781419","chr16","47041320","47041455","11","138739964"
"chr1","185794736","185795038","chr1","205916820","205917124","9","20122084"
"chr1","185809395","185809706","chr1","205931466","205931766","18","20122071"
"chr1","185819100","185819412","chr1","205941158","205941470","11","20122058"
"chr1","185927633","185927943","chr1","121162599","121162910","10","64765034"
"chr1","185972804","185973113","chr1","206135875","206136184","7","20163071"
"chr1","185975285","185975615","chr1","206133386","206133696","31","20158101"
"chr1","186004642","186004946","chr1","206104184","206104486","4","20099542"
"chr1","186009512","186009812","chr1","206099323","206099618","12","20089811"
"chr1","186020439","186020743","chr1","206088407","206088704","14","20067968"
"chr1","186042482","186042774","chr1","206066335","206066626","10","20023853"
"chr1","186080346","186080594","chr1","206029304","206029552","3","19948958"
"chr1","186139915","186140191","chr1","144940518","144940818","31","41199397"
"chr1","186196899","186197205","chr2","171464914","171465218","51","14731985"
"chr1","186201777","186202066","chr1","8130637","8130940","60","178071140"
"chr1","186249459","186249772","chr1","206475453","206475753","17","20225994"
"chr1","186317043","186317339","chr1","206540900","206541194","9","20223857"
"chr1","186346301","186346602","chr1","206570110","206570393","23","20223809"
"chr1","186358166","186358464","chr1","206581317","206581611","10","20223151"
"chr1","186378794","186379103","chr1","206601288","206601597","6","20222494"
"chr1","186386300","186386596","chr1","206608771","206609072","11","20222471"
"chr1","186399086","186399398","chr1","206622191","206622498","13","20223105"
"chr1","186400660","186400753","chr5","32007218","32007312","12","154393442"
"chr1","186401123","186401207","chr14","53282084","53282161","26","133119039"
"chr1","186422768","186423075","chr1","206645837","206646149","8","20223069"
"chr1","186443551","186443855","chr1","206666600","206666898","11","20223049"
"chr1","186453897","186454200","chr1","206676926","206677229","8","20223029"
"chr1","186454717","186455023","chr1","206677741","206678048","5","20223024"
"chr1","186490451","186490742","chr1","206713585","206713891","25","20223134"
"chr1","186497258","186497568","chr1","206720353","206720658","9","20223095"
"chr1","186503024","186503319","chr8","33818808","33819100","38","152684216"
"chr1","186513578","186513872","chr1","206736661","206736959","7","20223083"
"chr1","186524501","186524794","chr1","206747628","206747921","7","20223127"
"chr1","186543606","186543914","chr1","206766963","206767271","6","20223357"
"chr1","186544366","186544669","chr1","206767726","206768029","3","20223360"
"chr1","186597594","186597898","chr1","206822920","206823224","7","20225326"
"chr1","186673137","186673454","chr5","32020643","32020945","55","154652494"
"chr1","186710320","186710610","chr1","206933869","206934160","5","20223549"
"chr1","186716177","186716478","chr1","206939716","206940017","5","20223539"
"chr1","186729167","186729468","chr1","206952702","206953015","21","20223535"
"chr1","186735701","186736001","chr1","206959206","206959530","29","20223505"
"chr1","186772661","186772728","chr2","169632858","169632925","11","17139803"
"chr1","186842581","186842881","chr7","148785367","148785663","51","38057214"
"chr1","186865339","186865581","chr1","207087873","207088115","4","20222534"
"chr1","186892092","186892396","chr1","207114486","207114791","4","20222394"
"chr1","186915193","186915473","chr1","207137637","207137917","0","20222444"
"chr1","186922653","186922963","chr1","207145094","207145400","12","20222441"
"chr1","187009007","187009312","chr1","207230984","207231286","5","20221977"
"chr1","187102702","187102999","chr1","207325053","207325352","6","20222351"
"chr1","187126865","187127161","chr1","207349187","207349479","7","20222322"
"chr1","187143660","187143964","chr1","207365697","207365991","11","20222037"
"chr1","187160056","187160340","chr1","207382121","207382405","6","20222065"
"chr1","187161762","187162060","chr1","207383830","207384128","4","20222068"
"chr1","187270069","187270374","chr1","207485949","207486256","8","20215880"
"chr1","187315562","187315860","chr14","103592198","103592491","57","83723364"
"chr1","187328431","187328522","chr10","86837278","86837369","11","100491153"
"chr1","187343553","187343850","chr14","103592198","103592491","55","83751355"
"chr1","187350734","187350864","chr4","138061168","138061298","13","49289566"
"chr1","187367270","187367571","chr1","207541357","207541653","18","20174087"
"chr1","187500960","187501264","chr1","207709554","207709856","5","20208594"
"chr1","187680132","187680442","chr1","207880120","207880430","8","20199988"
"chr1","187698113","187698410","chr1","207898083","207898344","40","20199970"
"chr1","187732384","187732673","chr1","207932314","207932603","6","20199930"
"chr1","187793580","187793885","chr1","207992114","207992419","2","20198534"
"chr1","187918899","187919191","chr1","208116890","208117182","6","20197991"
"chr1","187921607","187921921","chr1","208119601","208119913","9","20197994"
"chr1","187983772","187984061","chr1","208265892","208266181","3","20282120"
"chr1","188107371","188107649","chr17","43743372","43743649","44","144363999"
"chr1","188141293","188141569","chr1","208423321","208423594","11","20282028"
"chr1","188222919","188223228","chr1","208504985","208505294","7","20282066"
"chr1","188482571","188482872","chr1","208763124","208763425","6","20280553"
"chr1","188569925","188570150","chr1","208844403","208844628","11","20274478"
"chr1","188614693","188614997","chr1","208888765","208889069","5","20274072"
"chr1","188709655","188709964","chr1","8130637","8130940","49","180579018"
"chr1","188730762","188731065","chr1","209002931","209003230","12","20272169"
"chr1","188754324","188754623","chr1","209026438","209026737","8","20272114"
"chr1","188856074","188856366","chr19","6202324","6202632","54","182653750"
"chr1","188920636","188920920","chr1","209195451","209195735","6","20274815"
"chr1","188971566","188971877","chr7","758669","758982","38","188212897"
"chr1","188995623","188995937","chr1","209270686","209270993","10","20275063"
"chr1","189004208","189004513","chr1","209279117","209279423","5","20274909"
"chr1","189031905","189032201","chr17","73050463","73050764","43","115981442"
"chr1","189079794","189080108","chr1","209355105","209355419","5","20275311"
"chr1","189103500","189103783","chr1","209378821","209379106","7","20275321"
"chr1","189167545","189167843","chr1","209442797","209443096","6","20275252"
"chr1","189172315","189172622","chr1","209447564","209447872","9","20275249"
"chr1","189185497","189185811","chrX","15615836","15616147","49","173569661"
"chr1","189292618","189292916","chr1","209563495","209563793","8","20270877"
"chr1","189364633","189364940","chr1","209635420","209635701","34","20270787"
"chr1","189371687","189371996","chr1","209642465","209642778","6","20270778"
"chr1","189374666","189374965","chr1","209645435","209645738","9","20270769"
"chr1","189447236","189447553","chr1","209717574","209717898","10","20270338"
"chr1","189458742","189459028","chr1","209729077","209729363","8","20270335"
"chr1","189461373","189461665","chr1","209731719","209732006","7","20270346"
"chr1","189477048","189477123","chr1","243874429","243874504","8","54397381"
"chr1","189499704","189499805","chr14","74167466","74167565","9","115332238"
"chr1","189510521","189510791","chr1","236126786","236127060","46","46616265"
"chr1","189523295","189523596","chr21","36204653","36204953","45","153318642"
"chr1","189577221","189577520","chr1","209820018","209820321","7","20242797"
"chr1","189578859","189579175","chr1","209821662","209821979","3","20242803"
"chr1","189579486","189579748","chr1","209822290","209822552","5","20242804"
"chr1","189651731","189652005","chr1","209893060","209893332","9","20241329"
"chr1","189653853","189654159","chr20","31978854","31979149","46","157674999"
"chr1","189697736","189698031","chr1","209929166","209929466","13","20231430"
"chr1","189698992","189699285","chr1","209930420","209930711","5","20231428"
"chr1","189702835","189703132","chr1","209933674","209933965","12","20230839"
"chr1","189712467","189712733","chr1","209943255","209943537","27","20230788"
"chr1","189825404","189825715","chr1","210056841","210057144","13","20231437"
"chr1","189851180","189851498","chr1","210082975","210083290","7","20231795"
"chr1","189867221","189867495","chr21","26164608","26164871","51","163702613"
"chr1","189884906","189885204","chr1","210116333","210116642","16","20231427"
"chr1","189947461","189947759","chr1","210178884","210179182","6","20231423"
"chr1","189977193","189977494","chr1","210205078","210205383","17","20227885"
"chr1","190049624","190049856","chr1","210276401","210276634","3","20226777"
"chr1","190081663","190081940","chr1","210304846","210305122","11","20223183"
"chr1","190091305","190091598","chr10","72950469","72950756","41","117140836"
"chr1","190097017","190097323","chr1","210320060","210320366","9","20223043"
"chr1","190107903","190108208","chr1","210330815","210331121","4","20222912"
"chr1","190135410","190135720","chr1","210380259","210380564","9","20244849"
"chr1","190138202","190138486","chr1","210383058","210383343","5","20244856"
"chr1","190165244","190165535","chr10","93448714","93449003","39","96716530"
"chr1","190167956","190168219","chr1","210421461","210421744","31","20253505"
"chr1","190180355","190180646","chr10","93448714","93449003","39","96731641"
"chr1","190183067","190183314","chr1","210421461","210421744","46","20238394"
"chr1","190302820","190303120","chr1","210541447","210541748","5","20238627"
"chr1","190306787","190307096","chr16","27371385","27371694","42","162935402"
"chr1","190312040","190312330","chr1","210550676","210550967","8","20238636"
"chr1","190348212","190348510","chr1","210583948","210584240","11","20235736"
"chr1","190478222","190478495","chr1","210708978","210709251","8","20230756"
"chr1","190487029","190487295","chr1","220095075","220095338","36","29608046"
"chr1","190583667","190583956","chr1","210803113","210803401","15","20219446"
"chr1","190634101","190634407","chr1","210850217","210850522","9","20216116"
"chr1","190665568","190665876","chr1","210881018","210881302","27","20215450"
"chr1","190836967","190837267","chr1","211016627","211016943","19","20179660"
"chr1","190862026","190862326","chr1","211041753","211042054","11","20179727"
"chr1","190883534","190883830","chr1","211063459","211063756","9","20179925"
"chr1","190934508","190934810","chr1","211114985","211115287","5","20180477"
"chr1","190959232","190959413","chr1","211139737","211139921","7","20180505"
"chr1","190960511","190960796","chr1","211141018","211141318","23","20180507"
"chr1","190964272","190964569","chr4","32342576","32342873","34","158621696"
"chr1","190971611","190971895","chr1","211153078","211153380","25","20181467"
"chr1","190989375","190989681","chr1","211170874","211171179","9","20181499"
"chr1","191046768","191047106","chr1","211230451","211230789","15","20183683"
"chr1","191050799","191051094","chr1","211234492","211234787","4","20183693"
"chr1","191125340","191125643","chr1","211307207","211307493","21","20181867"
"chr1","191142305","191142607","chr1","211324191","211324489","20","20181886"
"chr1","191154872","191155180","chr1","211336659","211336958","14","20181787"
"chr1","191180637","191180931","chr1","211362403","211362697","9","20181766"
"chr1","191183248","191183362","chr6","139036125","139036240","11","52147123"
"chr1","191185317","191185579","chr5","38021089","38021354","56","153164228"
"chr1","191223133","191223436","chr12","19262232","19262538","41","171960901"
"chr1","191239114","191239410","chr1","211483180","211483473","12","20244066"
"chr1","191264690","191264825","chr1","211506729","211506864","3","20242039"
"chr1","191265133","191265284","chr1","211507177","211507330","3","20242044"
"chr1","191267661","191267970","chr1","211509741","211510050","11","20242080"
"chr1","191279225","191279527","chr1","211520149","211520463","21","20240924"
"chr1","191284874","191285184","chr1","211525801","211526112","7","20240927"
"chr1","191296956","191297243","chr1","211537833","211538119","6","20240877"
"chr1","191304993","191305283","chr1","211545871","211546159","7","20240878"
"chr1","191314987","191315282","chr14","67164499","67164791","37","124150488"
"chr1","191331878","191332178","chr1","211570471","211570768","9","20238593"
"chr1","191347204","191347506","chr1","211585810","211586112","5","20238606"
"chr1","191354978","191355115","chr1","211593568","211593705","5","20238590"
"chr1","191355421","191355584","chr7","100510166","100510330","19","90845255"
"chr1","191371742","191372031","chr1","211610329","211610621","10","20238587"
"chr1","191390950","191391223","chr1","211629751","211630024","13","20238801"
"chr1","191406810","191407109","chr9","129021677","129021977","42","62385133"
"chr1","191410041","191410333","chr1","211648774","211649066","5","20238733"
"chr1","191414004","191414312","chr1","211652756","211653065","12","20238752"
"chr1","191434386","191434689","chr1","211673127","211673440","15","20238741"
"chr1","191441580","191441890","chr1","211680271","211680581","13","20238691"
"chr1","191466349","191466646","chr1","211704907","211705209","12","20238558"
"chr1","191489190","191489499","chr1","211724262","211724563","12","20235072"
"chr1","191490511","191490817","chr18","35053114","35053420","45","156437397"
"chr1","191494204","191494502","chr1","211767137","211767435","4","20272933"
"chr1","191503683","191503990","chr1","211728155","211728460","8","20224472"
"chr1","191537706","191538016","chr4","139522742","139523053","44","52014964"
"chr1","191547193","191547491","chr1","211767137","211767435","4","20219944"
"chr1","191550878","191551185","chr2","158826510","158826814","48","32724368"
"chr1","191551569","191551873","chr1","211771500","211771796","15","20219931"
"chr1","191554217","191554490","chr1","211774133","211774415","17","20219916"
"chr1","191556359","191556609","chr1","211776287","211776537","5","20219928"
"chr1","191568453","191568764","chr1","211788401","211788709","8","20219948"
"chr1","191573501","191573818","chr16","11614288","11614597","33","179959213"
"chr1","191577069","191577372","chr1","211796974","211797277","3","20219905"
"chr1","191581895","191582224","chr1","211801803","211802116","22","20219908"
"chr1","191598632","191598939","chr1","211817827","211818134","8","20219195"
"chr1","191604314","191604609","chr1","211822495","211822793","11","20218181"
"chr1","191605929","191606224","chr11","16165616","16165912","44","175440313"
"chr1","191629075","191629365","chr1","211847394","211847684","2","20218319"
"chr1","191644824","191645124","chr1","211861856","211862156","10","20217032"
"chr1","191645787","191645925","chr1","35867991","35868126","12","155777796"
"chr1","191648105","191648422","chr1","211864328","211864645","10","20216223"
"chr1","191648740","191649021","chr1","211864894","211865204","33","20216154"
"chr1","191653316","191653542","chr11","123406013","123406250","50","68247303"
"chr1","191659924","191660232","chr1","211876128","211876433","6","20216204"
"chr1","191661655","191661959","chr1","211877851","211878154","10","20216196"
"chr1","191662191","191662483","chr1","211878386","211878680","8","20216195"
"chr1","191692992","191693301","chr7","103196258","103196566","42","88496734"
"chr1","191710660","191710991","chr8","32075652","32075972","49","159635008"
"chr1","191716166","191716476","chr1","211930251","211930557","10","20214085"
"chr1","191732143","191732418","chr16","81145791","81146073","43","110586352"
"chr1","191746713","191746991","chr1","211960763","211961041","4","20214050"
"chr1","191747379","191747680","chr1","211961428","211961728","5","20214049"
"chr1","191753122","191753409","chr1","211967181","211967472","8","20214059"
"chr1","191783451","191783753","chr1","211997597","211997893","13","20214146"
"chr1","191789849","191790132","chr1","212004065","212004357","13","20214216"
"chr1","191829161","191829216","chr3","48496309","48496367","15","143332852"
"chr1","191829217","191829512","chr1","212043550","212043850","15","20214333"
"chr1","191829513","191829765","chr2","119399970","119400216","70","72429543"
"chr1","191829996","191830289","chr1","212044324","212044618","6","20214328"
"chr1","191831616","191831742","chr1","212045953","212046075","4","20214337"
"chr1","191884081","191884388","chr1","212099252","212099533","29","20215171"
"chr1","191902019","191902317","chr1","212117156","212117454","7","20215137"
"chr1","191906209","191906484","chr1","212121344","212121619","2","20215135"
"chr1","191910626","191910937","chr2","207924403","207924712","34","16013777"
"chr1","191913386","191913693","chr1","212130734","212131049","9","20217348"
"chr1","191927958","191928271","chr4","27476382","27476693","38","164451576"
"chr1","191936283","191936591","chr1","212154318","212154629","7","20218035"
"chr1","191938396","191938678","chr1","212156428","212156710","8","20218032"
"chr1","191940548","191940837","chr1","212158577","212158866","9","20218029"
"chr1","191957033","191957324","chr1","212174541","212174832","7","20217508"
"chr1","191967680","191967755","chr1","212185190","212185265","2","20217510"
"chr1","191967784","191968048","chr11","45137195","45137457","45","146830589"
"chr1","192029251","192029488","chr16","24307164","24307410","45","167722087"
"chr1","192036183","192036489","chr1","212253419","212253721","9","20217236"
"chr1","192048869","192049160","chr1","212266024","212266297","22","20217155"
"chr1","192097419","192097722","chr1","212314558","212314861","14","20217139"
"chr1","192114684","192114987","chr1","212314558","212314861","14","20199874"
"chr1","192124698","192124990","chr1","212334283","212334574","3","20209585"
"chr1","192126524","192126832","chr1","212336103","212336414","9","20209579"
"chr1","192133382","192133677","chr1","212342956","212343251","10","20209574"
"chr1","192153822","192154134","chr1","212363419","212363730","8","20209597"
"chr1","192193243","192193557","chr1","212401676","212401974","20","20208433"
"chr1","192214164","192214479","chr1","212422133","212422441","14","20207969"
"chr1","192232168","192232478","chr1","212439970","212440281","15","20207802"
"chr1","192235595","192235891","chr1","212443393","212443689","3","20207798"
"chr1","192271969","192272259","chr1","212481652","212481942","10","20209683"
"chr1","192273874","192274174","chr6","148482689","148482986","36","43791185"
"chr1","192289552","192289862","chr1","212499182","212499498","15","20209630"
"chr1","192327041","192327342","chr6","36010534","36010838","39","156316507"
"chr1","192327611","192327911","chr1","212537264","212537562","6","20209653"
"chr1","192335883","192336147","chr1","212544920","212545184","7","20209037"
"chr1","192341891","192342179","chr1","212550940","212551229","3","20209049"
"chr1","192354281","192354569","chr1","212563352","212563663","30","20209071"
"chr1","192373021","192373300","chr1","212580328","212580605","8","20207307"
"chr1","192496619","192496883","chr1","212692473","212692737","3","20195854"
"chr1","192512264","192512549","chr1","212708178","212708461","15","20195914"
"chr1","192537733","192538032","chr2","128130951","128131259","50","64406782"
"chr1","192552441","192552741","chr1","212747761","212748065","8","20195320"
"chr1","192600910","192601206","chr14","103592198","103592491","39","89008712"
"chr1","192607397","192607656","chr12","93568458","93568715","36","99038939"
"chr1","192614171","192614316","chr1","182109340","182109485","24","10504831"
"chr1","192614631","192614800","chr4","47673228","47673391","38","144941403"
"chr1","192615094","192615250","chr19","43685883","43686043","20","148929211"
"chr1","192615531","192615667","chrX","40265471","40265606","17","152350060"
"chr1","192624997","192625286","chr1","212820373","212820662","4","20195376"
"chr1","192627799","192628083","chr1","212823187","212823470","8","20195388"
"chr1","192645812","192646116","chr9","70013108","70013406","52","122632704"
"chr1","192646410","192646712","chr1","212841758","212842060","5","20195348"
"chr1","192681861","192682171","chr1","212865486","212865781","24","20183625"
"chr1","192682199","192682382","chr7","71565836","71566020","38","121116363"
"chr1","192682687","192682822","chr1","11268459","11268594","14","181414228"
"chr1","192687167","192687477","chr3","190626665","190626969","37","2060502"
"chr1","192689442","192689751","chr1","212873025","212873339","17","20183583"
"chr1","192691965","192692263","chr17","4494131","4494432","33","188197834"
"chr1","192706039","192706325","chr1","212889485","212889773","11","20183446"
"chr1","192707682","192707975","chr1","212891127","212891455","40","20183445"
"chr1","192756500","192756587","chr1","212939969","212940056","2","20183469"
"chr1","192778143","192778423","chr1","167828680","167828969","44","24949463"
"chr1","192783306","192783572","chr1","212966782","212967043","11","20183476"
"chr1","192801961","192802244","chr1","212985420","212985716","18","20183459"
"chr1","192812892","192813189","chr2","178276372","178276672","45","14536520"
"chr1","192835530","192835831","chr1","213018934","213019235","5","20183404"
"chr1","192851806","192852090","chr7","74636091","74636382","53","118215715"
"chr1","192880287","192880596","chr4","87111343","87111653","43","105768944"
"chr1","192894589","192894875","chr3","2824674","2824961","36","190069915"
"chr1","192904588","192904886","chr1","213088370","213088662","9","20183782"
"chr1","192912610","192912881","chr1","213096407","213096680","8","20183797"
"chr1","192923147","192923459","chr1","213106934","213107241","13","20183787"
"chr1","192994931","192995229","chr1","213161323","213161620","4","20166392"
"chr1","193026737","193027077","chr1","213193245","213193561","27","20166508"
"chr1","193027142","193027444","chr3","11405980","11406289","61","181621162"
"chr1","193123080","193123389","chr6","107021059","107021370","26","86102021"
"chr1","193144732","193145050","chr1","213311894","213312186","47","20167162"
"chr1","193154870","193155152","chr1","213322024","213322306","5","20167154"
"chr1","193233645","193233952","chr1","213400697","213401006","6","20167052"
"chr1","193267389","193267696","chr2","219264178","219264485","46","25996789"
"chr1","193325326","193325624","chr1","213491266","213491540","31","20165940"
"chr1","193330531","193330836","chr1","213496476","213496778","10","20165945"
"chr1","193433893","193434202","chr1","213598636","213598915","35","20164743"
"chr1","193438890","193439201","chr1","213603578","213603889","6","20164688"
"chr1","193497653","193497957","chr1","213662267","213662577","10","20164614"
"chr1","193506978","193507240","chr1","213671549","213671813","10","20164571"
"chr1","193520807","193521104","chr6","13310356","13310656","34","180210451"
"chr1","193527581","193527875","chr12","122647350","122647651","50","70880231"
"chr1","193573952","193574088","chr19","33218685","33218817","15","160355267"
"chr1","193700975","193701282","chr1","213860798","213861107","11","20159823"
"chr1","193895338","193895647","chr1","214055749","214056060","7","20160411"
"chr1","193941687","193941972","chr6","150625499","150625793","45","43316188"
"chr1","193950931","193951222","chr1","214108392","214108699","25","20157461"
"chr1","193968642","193968930","chr21","36293701","36293993","48","157674941"
"chr1","194081631","194081988","chr1","214238566","214238928","14","20156935"
"chr1","194086153","194086430","chr1","214243089","214243366","8","20156936"
"chr1","194088248","194088541","chr1","214245207","214245500","8","20156959"
"chr1","194127398","194127646","chr1","214284568","214284815","9","20157170"
"chr1","194129311","194129588","chr1","214286489","214286769","8","20157178"
"chr1","194137200","194137502","chr1","214294386","214294688","6","20157186"
"chr1","194211864","194212153","chr1","214368701","214368990","8","20156837"
"chr1","194231535","194231847","chr1","214388396","214388707","5","20156861"
"chr1","194245704","194245997","chr1","214402164","214402459","9","20156460"
"chr1","194249749","194250045","chr1","214406205","214406501","8","20156456"
"chr1","194267246","194267550","chr1","214423700","214424005","7","20156454"
"chr1","194333319","194333616","chr1","214490566","214490828","40","20157247"
"chr1","194360425","194360676","chr1","214517709","214517960","5","20157284"
"chr1","194364712","194365009","chr1","214521937","214522234","15","20157225"
"chr1","194371429","194371717","chr1","214528649","214528947","21","20157220"
"chr1","194401351","194401644","chr1","214558558","214558848","10","20157207"
"chr1","194402683","194402995","chr1","214559887","214560212","20","20157204"
"chr1","194434685","194435012","chr10","2173823","2174150","47","192260862"
"chr1","194435028","194435325","chr1","214600178","214600475","7","20165150"
"chr1","194511396","194511704","chr1","214676209","214676517","6","20164813"
"chr1","194517349","194517657","chr1","214682185","214682493","10","20164836"
"chr1","194564926","194565239","chr1","214713710","214714024","6","20148784"
"chr1","194705210","194705504","chr1","214845572","214845864","8","20140362"
"chr1","194757941","194758239","chr9","65890112","65890402","50","128867829"
"chr1","194857712","194858026","chr1","214998776","214999087","9","20141064"
"chr1","194913045","194913293","chr7","33311581","33311828","34","161601464"
"chr1","194994847","194995134","chr1","215136108","215136397","5","20141261"
"chr1","195100362","195100641","chr1","215238563","215238833","10","20138201"
"chr1","195206936","195207245","chrX","31056421","31056724","63","164150515"
"chr1","195379212","195379464","chr10","12593895","12594146","32","182785317"
"chr1","195435262","195435549","chr1","215643010","215643297","5","20207748"
"chr1","195444112","195444399","chr1","215643010","215643297","5","20198898"
"chr1","195469865","195470158","chr10","86949594","86949875","47","108520271"
"chr1","195588203","195588445","chr1","215787764","215788005","7","20199561"
"chr1","195829520","195829800","chr1","216028106","216028386","9","20198586"
"chr1","195913190","195913506","chr1","216110944","216111260","7","20197754"
"chr1","196102948","196103226","chr1","216300742","216301049","33","20197794"
"chr1","196119801","196119932","chr19","33218685","33218817","11","162901116"
"chr1","196170474","196170780","chr1","216370077","216370386","12","20199603"
"chr1","196279795","196279980","chr1","216475493","216475674","9","20195698"
"chr1","196329900","196330211","chr1","216529831","216530133","16","20199931"
"chr1","196389847","196390116","chr1","216589648","216589926","14","20199801"
"chr1","196469484","196469797","chr1","216653833","216654142","9","20184349"
"chr1","196485158","196485460","chr1","216669604","216669904","5","20184446"
"chr1","196513805","196514122","chr11","93074558","93074872","47","103439247"
"chr1","196532638","196532934","chr1","216696971","216697265","6","20164333"
"chr1","196584148","196584440","chr1","216764277","216764568","10","20180129"
"chr1","196615182","196615318","chr20","36002454","36002590","11","160612728"
"chr1","196810114","196810424","chr1","216986433","216986743","7","20176319"
"chr1","196983523","196983834","chr1","217155436","217155747","4","20171913"
"chr1","197041664","197041948","chr1","217213663","217213947","8","20171999"
"chr1","197091661","197091971","chr1","217263255","217263566","9","20171594"
"chr1","197154043","197154340","chr1","217325375","217325678","11","20171332"
"chr1","197205723","197206014","chr1","217376886","217377177","6","20171163"
"chr1","197217157","197217425","chr1","217388329","217388597","1","20171172"
"chr1","197252239","197252550","chr1","217423420","217423732","11","20171181"
"chr1","197283482","197283775","chr1","217454613","217454927","29","20171131"
"chr1","197304387","197304698","chr1","16916836","16917145","35","180387551"
"chr1","197334784","197335031","chr1","217505820","217506077","12","20171036"
"chr1","197338020","197338278","chr1","217509059","217509317","1","20171039"
"chr1","197372414","197372708","chr7","102621789","102622082","48","94750625"
"chr1","197398616","197398901","chr1","217570127","217570412","3","20171511"
"chr1","197418241","197418538","chr1","217590025","217590321","7","20171784"
"chr1","197448222","197448503","chr1","217618706","217618976","15","20170484"
"chr1","197452079","197452373","chr1","217622547","217622841","2","20170468"
"chr1","197453777","197454056","chr7","17711512","17711794","43","179742265"
"chr1","197462961","197463033","chr1","217633464","217633536","1","20170503"
"chr1","197464916","197465191","chr1","217635422","217635697","4","20170506"
"chr1","197478703","197479001","chr1","217649197","217649495","4","20170494"
"chr1","197493807","197494121","chr1","217664290","217664594","18","20170483"
"chr1","197510179","197510475","chr1","217680643","217680946","11","20170464"
"chr1","197535197","197535515","chr1","217700580","217700903","25","20165383"
"chr1","197535589","197535883","chr1","217700979","217701273","9","20165390"
"chr1","197630806","197631115","chr1","217797240","217797549","8","20166434"
"chr1","197637325","197637636","chr1","217803736","217804045","9","20166411"
"chr1","197696678","197696990","chr1","217863116","217863429","4","20166438"
"chr1","197702266","197702569","chr1","217868665","217868981","19","20166399"
"chr1","197727114","197727283","chr1","217894503","217894670","2","20167389"
"chr1","197727586","197727713","chr1","217894973","217895100","2","20167387"
"chr1","197824651","197824959","chr1","217991070","217991378","10","20166419"
"chr1","197829815","197830085","chr1","217996203","217996473","1","20166388"
"chr1","197881271","197881569","chr1","215593858","215594159","11","17712587"
"chr1","197949946","197950239","chr1","218045702","218045974","22","20095756"
"chr1","198001358","198001464","chr1","23225727","23225836","13","174775631"
"chr1","198008814","198009122","chr1","218102946","218103254","5","20094132"
"chr1","198037517","198037817","chr1","218131728","218132028","6","20094211"
"chr1","198046390","198046699","chr1","218140595","218140906","8","20094205"
"chr1","198089598","198089883","chr1","218184253","218184530","16","20094655"
"chr1","198100572","198100848","chr16","48445487","48445766","56","149655085"
"chr1","198117790","198118078","chr16","3953065","3953352","53","194164725"
"chr1","198179683","198179970","chr22","47483691","47483979","40","150695992"
"chr1","198199466","198199764","chr1","218283843","218284141","4","20084377"
"chr1","198206051","198206366","chr1","46367760","46368064","53","151838291"
"chr1","198251162","198251480","chr1","218327311","218327603","31","20076149"
"chr1","198267756","198268048","chr10","30761865","30762155","45","167505891"
"chr1","198289140","198289439","chr1","218354902","218355199","5","20065762"
"chr1","198341076","198341363","chr1","218404128","218404416","6","20063052"
"chr1","198348495","198348788","chr1","218411588","218411882","4","20063093"
"chr1","198349996","198350237","chr1","218413090","218413331","3","20063094"
"chr1","198373622","198373926","chr18","58214801","58215111","47","140158821"
"chr1","198395875","198396198","chr1","218454001","218454291","38","20058126"
"chr1","198396199","198396515","chr1","218454001","218454291","35","20057802"
"chr1","198406445","198406729","chr1","218464252","218464534","12","20057807"
"chr1","198425227","198425526","chr1","218483041","218483339","14","20057814"
"chr1","198426166","198426471","chr1","218483973","218484256","27","20057807"
"chr1","198433171","198433481","chr1","218490949","218491233","32","20057778"
"chr1","198498806","198499101","chr1","218555656","218555951","5","20056850"
"chr1","198507892","198508194","chr1","218563988","218564265","33","20056096"
"chr1","198549485","198549797","chr1","218606560","218606871","11","20057075"
"chr1","198609290","198609573","chr1","218666594","218666877","3","20057304"
"chr1","198673339","198673610","chr1","218714216","218714487","8","20040877"
"chr1","198758617","198758924","chr1","218798277","218798573","19","20039660"
"chr1","198856973","198857305","chr1","218896791","218897123","6","20039818"
"chr1","198859816","198860104","chr1","218899621","218899920","17","20039805"
"chr1","198904350","198904682","chr1","218896791","218897123","6","19992441"
"chr1","198907174","198907462","chr1","218899621","218899920","17","19992447"
"chr1","199035850","199036147","chr1","219026678","219026973","9","19990828"
"chr1","199139794","199140090","chr15","51949418","51949716","41","147190376"
"chr1","199366879","199367172","chr1","219354202","219354495","7","19987323"
"chr1","199413195","199413493","chr1","219400501","219400799","11","19987306"
"chr1","199620086","199620349","chr1","219595710","219595997","25","19975624"
"chr1","199659070","199659379","chr1","219635044","219635355","9","19975974"
"chr1","199682058","199682348","chr1","219658013","219658305","7","19975955"
"chr1","199691539","199691820","chr1","219667548","219667833","10","19976009"
"chr1","199695442","199695751","chr1","219671455","219671763","6","19976013"
"chr1","199790312","199790615","chr1","219764365","219764671","11","19974053"
"chr1","199822226","199822509","chr1","219796215","219796495","16","19973989"
"chr1","199879775","199880072","chr1","219874191","219874488","8","19994416"
"chr1","199905063","199905368","chr1","219898803","219899103","11","19993740"
"chr1","199905373","199905637","chr1","219899108","219899375","9","19993735"
"chr1","199907849","199908113","chr9","83442255","83442534","49","116465594"
"chr1","199912373","199912670","chr2","73340249","73340544","30","126572124"
"chr1","199939583","199939884","chr1","219931481","219931780","8","19991898"
"chr1","199963453","199963755","chr1","219954399","219954704","8","19990946"
"chr1","199965588","199965720","chr1","219956532","219956664","2","19990944"
"chr1","200012094","200012373","chr1","220001359","220001636","5","19989265"
"chr1","200031670","200031966","chr1","220020885","220021182","7","19989215"
"chr1","200041608","200041900","chr1","220030811","220031106","9","19989203"
"chr1","200054063","200054323","chr14","92699856","92700126","57","107354207"
"chr1","200063334","200063634","chr1","220050926","220051229","9","19987592"
"chr1","200072632","200072932","chr1","220058529","220058828","7","19985897"
"chr1","200100484","200100782","chr1","220086275","220086573","3","19985791"
"chr1","200109244","200109506","chr1","220095075","220095338","9","19985831"
"chr1","200120817","200121130","chr1","220106616","220106930","7","19985799"
"chr1","200124245","200124570","chr1","220110050","220110359","24","19985805"
"chr1","200134247","200134541","chr1","220120382","220120675","17","19986135"
"chr1","200142787","200143087","chr1","220128905","220129181","27","19986118"
"chr1","200145078","200145249","chr1","220131172","220131361","23","19986094"
"chr1","200145556","200145690","chr1","220131651","220131785","0","19986095"
"chr1","200149271","200149565","chr1","220135365","220135659","8","19986094"
"chr1","200150038","200150329","chr1","220136139","220136431","10","19986101"
"chr1","200165990","200166290","chr1","220152076","220152376","1","19986086"
"chr1","200169881","200170173","chr1","220155955","220156250","11","19986074"
"chr1","200173973","200174254","chr5","145195391","145195671","32","54978582"
"chr1","200217242","200217552","chr1","220202661","220202971","4","19985419"
"chr1","200242319","200242624","chr3","149793421","149793720","37","50448898"
"chr1","200290758","200291060","chr4","45680323","45680627","50","154610435"
"chr1","200299270","200299567","chr5","32259754","32260056","45","168039516"
"chr1","200318482","200318762","chr1","220305754","220306032","6","19987272"
"chr1","200337172","200337447","chr1","220324564","220324839","3","19987392"
"chr1","200405021","200405299","chr1","220392470","220392778","40","19987449"
"chr1","200407446","200407734","chr1","220394927","220395215","3","19987481"
"chr1","200426780","200427093","chr3","57411246","57411555","48","143015534"
"chr1","200430044","200430329","chr1","220417324","220417609","2","19987280"
"chr1","200499355","200499675","chr1","220496449","220496769","4","19997094"
"chr1","200559430","200559715","chr1","220557294","220557579","2","19997864"
"chr1","200581141","200581437","chr1","220578845","220579144","6","19997704"
"chr1","200628818","200629105","chr1","220626542","220626834","8","19997724"
"chr1","200639781","200639932","chr10","10024854","10024995","32","190614927"
"chr1","200675791","200676098","chr5","157367752","157368057","32","43308039"
"chr1","200679638","200679908","chr1","220678454","220678724","4","19998816"
"chr1","200730566","200730868","chr1","220729337","220729639","4","19998771"
"chr1","200754998","200755295","chr4","70767686","70767978","37","129987312"
"chr1","200954852","200955144","chr1","220950375","220950690","27","19995523"
"chr1","200955176","200955209","chr13","102888700","102888729","8","98066476"
"chr1","200971876","200972186","chr1","220967750","220968061","12","19995874"
"chr1","200998142","200998382","chr1","220993897","220994149","19","19995755"
"chr1","201015913","201016209","chr1","221013302","221013596","7","19997389"
"chr1","201078315","201078642","chr1","221075398","221075719","16","19997083"
"chr1","201080115","201080431","chr1","221077192","221077496","22","19997077"
"chr1","201151156","201151431","chr1","221147070","221147349","8","19995914"
"chr1","201154494","201154777","chr1","221150438","221150721","6","19995944"
"chr1","201193704","201194000","chr1","221190041","221190336","6","19996337"
"chr1","201299216","201299511","chr1","221295200","221295493","4","19995984"
"chr1","201304931","201305252","chr8","123187850","123188168","54","78117081"
"chr1","201324176","201324467","chr1","221330580","221330870","6","20006404"
"chr1","201410983","201411292","chr1","221417437","221417747","8","20006454"
"chr1","201447420","201447726","chr1","221453667","221453969","14","20006247"
"chr1","201606099","201606375","chr1","221610854","221611124","10","20004755"
"chr1","201628417","201628713","chr1","221633180","221633475","12","20004763"
"chr1","201700208","201700479","chr1","221697679","221697958","15","19997471"
"chr1","201782043","201782341","chr1","221755303","221755601","8","19973260"
"chr1","201829700","201829988","chr1","221802932","221803189","35","19973232"
"chr1","201879185","201879467","chr7","154224861","154225142","40","47654324"
"chr1","201949187","201949487","chr1","221922485","221922787","9","19973298"
"chr1","202017703","202018015","chr1","221997701","221998013","3","19979998"
"chr1","202088686","202088769","chr1","222068694","222068777","3","19980008"
"chr1","202174422","202174723","chr1","222154594","222154906","21","19980172"
"chr1","202208780","202209063","chr1","222189009","222189297","8","19980229"
"chr1","202237115","202237418","chr6","119595300","119595595","46","82641815"
"chr1","202270186","202270470","chr1","222250770","222251051","8","19980584"
"chr1","202489538","202489641","chr3","32826642","32826745","10","169662896"
"chr1","202489652","202489755","chr3","32826642","32826745","10","169663010"
"chr1","202625567","202625698","chr1","229193622","229193753","15","26568055"
"chr1","202627627","202627840","chr7","131990458","131990670","28","70637169"
"chr1","202629618","202629923","chr5","181290159","181290464","3","21339459"
"chr1","202649599","202649894","chr1","222532337","222532629","5","19882738"
"chr1","202659763","202660059","chr1","222542529","222542822","5","19882766"
"chr1","202763808","202764116","chr1","222646139","222646440","16","19882331"
"chr1","202812735","202813028","chr1","222695210","222695503","6","19882475"
"chr1","202819262","202819576","chr1","222701724","222702023","25","19882462"
"chr1","202824161","202824440","chr1","222706587","222706876","16","19882426"
"chr1","202825585","202825879","chr1","222708027","222708319","7","19882442"
"chr1","202832955","202833100","chr1","222715426","222715571","1","19882471"
"chr1","202881344","202881652","chr1","222772473","222772782","10","19891129"
"chr1","202888582","202888871","chr1","222779732","222780021","7","19891150"
"chr1","202915459","202915770","chr1","222806597","222806907","11","19891138"
"chr1","202934054","202934149","chr10","27478128","27478221","9","175455926"
"chr1","203008147","203008452","chr16","15734289","15734587","48","187273858"
"chr1","203054855","203055167","chr1","222949112","222949424","11","19894257"
"chr1","203059421","203059733","chr1","222949112","222949424","12","19889691"
"chr1","203059932","203060235","chr1","222949623","222949926","6","19889691"
"chr1","203065471","203065763","chr1","222955094","222955384","11","19889623"
"chr1","203067679","203067986","chr9","111973382","111973691","30","91094297"
"chr1","203094554","203094840","chr1","222984124","222984422","17","19889570"
"chr1","203120664","203120967","chr1","223010209","223010514","10","19889545"
"chr1","203126312","203126604","chr1","223015837","223016137","14","19889525"
"chr1","203154020","203154329","chr1","223040755","223041064","6","19886735"
"chr1","203156603","203156910","chr1","54587551","54587860","40","148569052"
"chr1","203180456","203180762","chr1","223065784","223066096","12","19885328"
"chr1","203185898","203186205","chr1","223071239","223071535","16","19885341"
"chr1","203210759","203211065","chr1","223095290","223095596","5","19884531"
"chr1","203228411","203228722","chr1","223105050","223105359","9","19876639"
"chr1","203231165","203231434","chr1","223107751","223108047","33","19876586"
"chr1","203238620","203238916","chr1","223115249","223115550","14","19876629"
"chr1","203241674","203241975","chr1","223118265","223118561","15","19876591"
"chr1","203276243","203276551","chr7","31286618","31286923","47","171989625"
"chr1","203324736","203324871","chr1","223201204","223201339","3","19876468"
"chr1","203495035","203495338","chr1","223355080","223355373","19","19860045"
"chr1","203559657","203559968","chr1","223416840","223417153","8","19857183"
"chr1","203576667","203576974","chr1","223433131","223433433","27","19856464"
"chr1","203577759","203578061","chr1","223433131","223433433","2","19855372"
"chr1","203676484","203676779","chr1","223529659","223529951","9","19853175"
"chr1","203678987","203679268","chr1","223532165","223532445","10","19853178"
"chr1","203710785","203711071","chr7","107993141","107993433","41","95717644"
"chr1","203728903","203729142","chr1","223621864","223622104","8","19892961"
"chr1","203760521","203760711","chr19","44679781","44679957","34","159080740"
"chr1","203760745","203760870","chr4","40527462","40527588","14","163233283"
"chr1","203764389","203764694","chr1","223658521","223658828","6","19894132"
"chr1","203802986","203803296","chr1","223697171","223697481","11","19894185"
"chr1","203807958","203808268","chr1","223702144","223702452","12","19894186"
"chr1","203809815","203810113","chr1","223704009","223704307","6","19894194"
"chr1","203831829","203832126","chr16","23761056","23761359","35","180070773"
"chr1","203851299","203851517","chr1","223744579","223744797","4","19893280"
"chr1","203851518","203851786","chr1","223744798","223745056","10","19893280"
"chr1","203852235","203852369","chr1","223745504","223745625","13","19893269"
"chr1","203871217","203871465","chr18","12267551","12267793","37","191603666"
"chr1","203889662","203889911","chr1","223782503","223782752","2","19892841"
"chr1","203897427","203897733","chr1","8130637","8130940","55","195766790"
"chr1","203955771","203956061","chr1","223839658","223839947","5","19883887"
"chr1","203970591","203970719","chr1","223854440","223854568","4","19883849"
"chr1","203971019","203971217","chr1","223854868","223855054","13","19883849"
"chr1","203995565","203995875","chr1","223879547","223879857","8","19883982"
"chr1","204000630","204000924","chr1","223887024","223887317","11","19886394"
"chr1","204052877","204053174","chr1","224048496","224048789","5","19995619"
"chr1","204057124","204057322","chr10","5797569","5797758","57","198259555"
"chr1","204057628","204057773","chr16","2594699","2594842","25","201462929"
"chr1","204061143","204061288","chr16","2594699","2594842","25","201466444"
"chr1","204061594","204061792","chr10","5797569","5797758","57","198264025"
"chr1","204072154","204072440","chr1","224062400","224062686","3","19990246"
"chr1","204075921","204076213","chrX","48649948","48650238","38","155425973"
"chr1","204076631","204076931","chr5","139492231","139492530","28","64584400"
"chr1","204085384","204085688","chr1","224075656","224075956","8","19990272"
"chr1","204086649","204086948","chr16","3287970","3288266","35","200798679"
"chr1","204093282","204093589","chr1","224083490","224083794","7","19990208"
"chr1","204099627","204099921","chr1","224088243","224088553","35","19988616"
"chr1","204103069","204103242","chr16","81031729","81031902","19","123071340"
"chr1","204104009","204104300","chr1","224094237","224094528","6","19990228"
"chr1","204107437","204107729","chr9","113304951","113305234","39","90802486"
"chr1","204111772","204112073","chr1","224103619","224103920","4","19991847"
"chr1","204112192","204112473","chr1","224104039","224104320","4","19991847"
"chr1","204116906","204117191","chr1","185814693","185814978","46","18302213"
"chr1","204125876","204126064","chr1","224117732","224117914","7","19991856"
"chr1","204134645","204134946","chr2","24458618","24458918","47","179676027"
"chr1","204138219","204138509","chr1","224130060","224130350","5","19991841"
"chr1","204144933","204145232","chr1","224136753","224137051","6","19991820"
"chr1","204152039","204152333","chr1","224143866","224144167","11","19991827"
"chr1","204175026","204175336","chr1","224166943","224167254","10","19991917"
"chr1","204181359","204181646","chr1","224173319","224173611","11","19991960"
"chr1","204184505","204184640","chr1","224176517","224176652","1","19992012"
"chr1","204184944","204185118","chr1","224176960","224177134","5","19992016"
"chr1","204185324","204185621","chr1","224177343","224177643","7","19992019"
"chr1","204187989","204188161","chr4","83259160","83259333","22","120928829"
"chr1","204204468","204204768","chr17","7125737","7126027","48","197078731"
"chr1","204217306","204217596","chr1","224209558","224209847","7","19992252"
"chr1","204219747","204220042","chr1","224212004","224212300","9","19992257"
"chr1","204223999","204224308","chr1","224216249","224216557","5","19992250"
"chr1","204225241","204225533","chr1","224217476","224217782","16","19992235"
"chr1","204230786","204231078","chr1","224217476","224217782","16","19986690"
"chr1","204232010","204232319","chr1","224216249","224216557","5","19984239"
"chr1","204233074","204233369","chr1","155894422","155894714","40","48338652"
"chr1","204235020","204235325","chr1","224222623","224222934","12","19987603"
"chr1","204247538","204247850","chr1","224235154","224235466","4","19987616"
"chr1","204259717","204259988","chr1","205380585","205380851","37","1120868"
"chr1","204262113","204262387","chr3","194663977","194664252","60","9598136"
"chr1","204263966","204264259","chr16","3287970","3288266","34","200975996"
"chr1","204269089","204269386","chr1","224256144","224256447","11","19987055"
"chr1","204272007","204272289","chr1","224259094","224259379","11","19987087"
"chr1","204288906","204289191","chr1","224276246","224276537","20","19987340"
"chr1","204305284","204305597","chr1","224292754","224293054","21","19987470"
"chr1","204330164","204330463","chr1","224316856","224317159","8","19986692"
"chr1","204332696","204333027","chr1","224321435","224321772","25","19988739"
"chr1","204344364","204344472","chr1","98354210","98354320","14","105990154"
"chr1","204349661","204349874","chr1","224335173","224335385","6","19985512"
"chr1","204350550","204350863","chr1","224336073","224336387","5","19985523"
"chr1","204353524","204353826","chr1","224339062","224339363","8","19985538"
"chr1","204376973","204377283","chr1","224355039","224355343","7","19978066"
"chr1","204383059","204383359","chr1","224361115","224361417","4","19978056"
"chr1","204399450","204399742","chr1","224377487","224377779","4","19978037"
"chr1","204411775","204412061","chr2","238193225","238193520","54","33781450"
"chr1","204428442","204428744","chr7","117294810","117295112","36","87133632"
"chr1","204473478","204473773","chr1","224452153","224452448","7","19978675"
"chr1","204503382","204503706","chr1","224483391","224483696","23","19980009"
"chr1","204520417","204520720","chr1","224500395","224500694","13","19979978"
"chr1","204529060","204529338","chr1","224509041","224509319","5","19979981"
"chr1","204557956","204558248","chr1","224537958","224538248","5","19980002"
"chr1","204577911","204578204","chr6","13394642","13394932","36","191183269"
"chr1","204720759","204721055","chr1","224706952","224707255","13","19986193"
"chr1","204771615","204771922","chr10","119134351","119134652","39","85637264"
"chr1","204804457","204804756","chr1","224790843","224791140","4","19986386"
"chr1","204811195","204811545","chr1","224797570","224797920","4","19986375"
"chr1","204825869","204826164","chr1","224812268","224812563","6","19986399"
"chr1","204894837","204895136","chr1","224377487","224377779","48","19482650"
"chr1","204896225","204896521","chr16","3287970","3288266","36","201608255"
"chr1","204923285","204923577","chr1","224909440","224909731","5","19986155"
"chr1","205081164","205081453","chr1","225142647","225142936","4","20061483"
"chr1","205099529","205099810","chr1","225374271","225374560","18","20274742"
"chr1","205101066","205101367","chr2","64704454","64704753","46","140396612"
"chr1","205101407","205101703","chr1","225376145","225376441","4","20274738"
"chr1","205104753","205105092","chr21","30949004","30949335","48","174155749"
"chr1","205125581","205125890","chr1","225397764","225398069","16","20272183"
"chr1","205158798","205159072","chr1","225430909","225431182","6","20272111"
"chr1","205161254","205161564","chr1","225433243","225433553","5","20271989"
"chr1","205162769","205163068","chr1","225434761","225435061","7","20271992"
"chr1","205177072","205177383","chr1","225448982","225449293","7","20271910"
"chr1","205178357","205178669","chr1","225450267","225450578","6","20271910"
"chr1","205207739","205208035","chr1","225479637","225479936","10","20271898"
"chr1","205227606","205227916","chr1","225499390","225499699","7","20271784"
"chr1","205234445","205234702","chr1","225506230","225506487","2","20271785"
"chr1","205238935","205239226","chr19","40757981","40758261","50","164480954"
"chr1","205248164","205248462","chr1","225520012","225520309","6","20271848"
"chr1","205281012","205281292","chr1","225552952","225553251","26","20271940"
"chr1","205281332","205281343","chr2","125546904","125546914","2","79734428"
"chr1","205285644","205285938","chr1","225557542","225557834","7","20271898"
"chr1","205288327","205288624","chr1","225560223","225560495","30","20271896"
"chr1","205299214","205299518","chr1","225571097","225571400","5","20271883"
"chr1","205308524","205308813","chr1","225580639","225580931","11","20272115"
"chr1","205312847","205313157","chr1","225584959","225585245","28","20272112"
"chr1","205314666","205314848","chr1","225586744","225586926","6","20272078"
"chr1","205348286","205348585","chr1","225619262","225619561","4","20270976"
"chr1","205358025","205358323","chr1","225629304","225629602","12","20271279"
"chr1","205404954","205405085","chr1","225676034","225676165","3","20271080"
"chr1","205405089","205405392","chr1","225676169","225676474","5","20271080"
"chr1","205407384","205407472","chr1","225678460","225678548","0","20271076"
"chr1","205411184","205411467","chr1","225682194","225682477","5","20271010"
"chr1","205443558","205443861","chr21","43872179","43872479","33","161571379"
"chr1","205464336","205464626","chr1","225734497","225734786","5","20270161"
"chr1","205465517","205465611","chr17","61991406","61991506","22","143474111"
"chr1","205465780","205465979","chr1","28709158","28709328","50","176756622"
"chr1","205481143","205481431","chr1","225758646","225758932","5","20277503"
"chr1","205494059","205494360","chr1","225771466","225771768","4","20277407"
"chr1","205508375","205508691","chr1","225785680","225785985","18","20277305"
"chr1","205513723","205513877","chr1","225791016","225791170","1","20277293"
"chr1","205517168","205517461","chr1","225803791","225804088","10","20286623"
"chr1","205521021","205521321","chr1","225807775","225808072","9","20286754"
"chr1","205534362","205534663","chr1","225821248","225821545","9","20286886"
"chr1","205539278","205539567","chr1","225826182","225826469","8","20286904"
"chr1","205543587","205543881","chr2","73340249","73340544","33","132203338"
"chr1","205575831","205576130","chr1","225863635","225863940","10","20287804"
"chr1","205603749","205604056","chr17","2977464","2977772","38","202626285"
"chr1","205606636","205606919","chr1","225894377","225894661","6","20287741"
"chr1","205635347","205635625","chrX","44791260","44791548","40","160844087"
"chr1","205644565","205644844","chr4","70767686","70767978","35","134876879"
"chr1","205661929","205662255","chr3","49105375","49105682","51","156556554"
"chr1","205670749","205670883","chr19","17635166","17635300","11","188035583"
"chr1","205671194","205671372","chr19","6483044","6483222","21","199188150"
"chr1","205693937","205694235","chr1","225981962","225982259","6","20288025"
"chr1","205698003","205698277","chr1","225986067","225986356","24","20288064"
"chr1","205698963","205699271","chr7","98319549","98319850","44","107379414"
"chr1","205701271","205701578","chr1","225989349","225989653","6","20288078"
"chr1","205716142","205716424","chr1","226004130","226004412","4","20287988"
"chr1","205717898","205718197","chr1","226005888","226006187","8","20287990"
"chr1","205722204","205722514","chr1","226008386","226008696","9","20286182"
"chr1","205723082","205723389","chr3","57411246","57411555","40","148311836"
"chr1","205732193","205732328","chr1","226018351","226018486","1","20286158"
"chr1","205737335","205737639","chr1","236025258","236025561","31","30287923"
"chr1","205753751","205753849","chr20","35459032","35459130","8","170294719"
"chr1","205755333","205755627","chr1","226038070","226038365","9","20282737"
"chr1","205769439","205769677","chr1","226053654","226053892","4","20284215"
"chr1","205772476","205772762","chr19","15030896","15031180","35","190741580"
"chr1","205775006","205775302","chr1","226059080","226059376","6","20284074"
"chr1","205776039","205776331","chr1","226060107","226060403","12","20284068"
"chr1","205793161","205793298","chr1","226077143","226077280","1","20283982"
"chr1","205793595","205793757","chr1","226077577","226077743","5","20283982"
"chr1","205799828","205800139","chr1","226084155","226084466","6","20284327"
"chr1","205803726","205804034","chr1","226088053","226088361","1","20284327"
"chr1","205808066","205808366","chr1","226092384","226092684","7","20284318"
"chr1","205811644","205811950","chr1","226095962","226096264","7","20284318"
"chr1","205819339","205819650","chr1","226103638","226103948","6","20284299"
"chr1","205829649","205829978","chr1","226113925","226114254","3","20284276"
"chr1","205833960","205834267","chr1","226119952","226120262","12","20285992"
"chr1","205840380","205840683","chr1","70892569","70892867","45","134947811"
"chr1","205843909","205844020","chr12","95023025","95023134","23","110820884"
"chr1","205854630","205854716","chr1","226140472","226140558","2","20285842"
"chr1","205854899","205855198","chr1","226140738","226141045","12","20285839"
"chr1","205879986","205880290","chr1","226165165","226165470","9","20285179"
"chr1","205897069","205897359","chr1","226182335","226182625","3","20285266"
"chr1","205911069","205911229","chr14","103431398","103431563","23","102479671"
"chr1","205912369","205912665","chr1","226197540","226197836","6","20285171"
"chr1","205913022","205913321","chr1","226198193","226198492","5","20285171"
"chr1","205919300","205919595","chrX","109621966","109622263","58","96297334"
"chr1","205922216","205922355","chr6","106036679","106036816","20","99885537"
"chr1","205922967","205923139","chr6","37285316","37285491","23","168637651"
"chr1","205924487","205924779","chr1","226207361","226207653","11","20282874"
"chr1","205925342","205925611","chr5","80578532","80578801","51","125346810"
"chr1","205934019","205934329","chr5","29936207","29936514","38","175997812"
"chr1","205947827","205948125","chr1","226230546","226230842","5","20282719"
"chr1","205954967","205955270","chr1","226237667","226237971","12","20282700"
"chr1","205960725","205961016","chr1","226243413","226243717","18","20282688"
"chr1","205961187","205961474","chr1","226243887","226244175","6","20282700"
"chr1","205961483","205961753","chr1","226244184","226244456","6","20282701"
"chr1","205965506","205965819","chr20","47496642","47496947","39","158468864"
"chr1","205974715","205975010","chr16","30411037","30411333","34","175563678"
"chr1","205975970","205976235","chr14","55111663","55111932","43","150864307"
"chr1","205976724","205977011","chr7","43718974","43719267","41","162257750"
"chr1","205982211","205982524","chr1","226264565","226264878","7","20282354"
"chr1","205989673","205989970","chr1","226272052","226272355","11","20282379"
"chr1","206010242","206010518","chr20","17529092","17529375","48","188481150"
"chr1","206013150","206013433","chr1","226295169","226295452","6","20282019"
"chr1","206016572","206016902","chr1","226298579","226298909","6","20282007"
"chr1","206022926","206023192","chr1","226304917","226305183","5","20281991"
"chr1","206036613","206036907","chr1","226318937","226319231","9","20282324"
"chr1","206046960","206047276","chr1","226328183","226328494","7","20281223"
"chr1","206048944","206049254","chr1","226330156","226330466","10","20281212"
"chr1","206053308","206053437","chr1","226334531","226334663","5","20281223"
"chr1","206053579","206053894","chr1","226334802","226335118","5","20281223"
"chr1","206057188","206057457","chr1","226338713","226338976","8","20281525"
"chr1","206064989","206065299","chr1","226346493","226346802","4","20281504"
"chr1","206068022","206068316","chr1","226349532","226349831","11","20281510"
"chr1","206105339","206105639","chr1","226386988","226387284","12","20281649"
"chr1","206123675","206123975","chr1","226405341","226405605","41","20281666"
"chr1","206160375","206160706","chr19","30258683","30259017","43","175901692"
"chr1","206181780","206182075","chr18","50886247","50886543","35","155295533"
"chr1","206234859","206235131","chr1","226513394","226513681","19","20278535"
"chr1","206235701","206236015","chr6","155073157","155073462","43","51162544"
"chr1","206315207","206315504","chr1","226592908","226593203","6","20277701"
"chr1","206392815","206393125","chr1","226669864","226670173","12","20277049"
"chr1","206403202","206403432","chr20","3091514","3091741","39","203311688"
"chr1","206474991","206475299","chr1","226741999","226742307","3","20267008"
"chr1","206477251","206477536","chr1","226744281","226744567","11","20267030"
"chr1","206485803","206486113","chr1","226752827","226753138","4","20267024"
"chr1","206491440","206491736","chr1","226758447","226758749","15","20267007"
"chr1","206498606","206498908","chr1","226765614","226765923","11","20267008"
"chr1","206506027","206506315","chr1","226773068","226773356","5","20267041"
"chr1","206507494","206507763","chr1","226774561","226774830","2","20267067"
"chr1","206522616","206522904","chr1","226789700","226789988","3","20267084"
"chr1","206539406","206539710","chr1","226805913","226806212","13","20266507"
"chr1","206579645","206579897","chr1","226839391","226839645","6","20259746"
"chr1","206603657","206603957","chr1","226861065","226861362","11","20257408"
"chr1","206611718","206612025","chr1","226869186","226869480","24","20257468"
"chr1","206647193","206647475","chr1","226904639","226904950","33","20257446"
"chr1","206694418","206694726","chr9","83925654","83925961","36","122768764"
"chr1","206761792","206762087","chr1","227022150","227022445","8","20260358"
"chr1","206764605","206764910","chr1","227024961","227025266","8","20260356"
"chr1","206800346","206800635","chr1","227060718","227061020","19","20260372"
"chr1","206828374","206828660","chr1","227088738","227089024","11","20260364"
"chr1","206830174","206830472","chr1","227090529","227090827","6","20260355"
"chr1","206914251","206914500","chr1","227176003","227176252","3","20261752"
"chr1","206938910","206939221","chr1","227200149","227200488","36","20261239"
"chr1","206987183","206987467","chr1","227247216","227247500","3","20260033"
"chr1","206993404","206993662","chr15","90216599","90216858","40","116776805"
"chr1","207003227","207003524","chr1","227262951","227263252","10","20259724"
"chr1","207020014","207020312","chr1","227279775","227280073","6","20259761"
"chr1","207024919","207025206","chr1","227284695","227284977","13","20259776"
"chr1","207031484","207031797","chr1","227291267","227291579","8","20259783"
"chr1","207036345","207036653","chr1","227296424","227296728","9","20260079"
"chr1","207071447","207071605","chr1","227321830","227321988","0","20250383"
"chr1","207071906","207072048","chr1","227322296","227322429","11","20250390"
"chr1","207089678","207089976","chr1","227340106","227340406","4","20250428"
"chr1","207096977","207097272","chr1","227347423","227347711","18","20250446"
"chr1","207098294","207098464","chr12","50243916","50244091","29","156854378"
"chr1","207098508","207098585","chr22","28834759","28834829","17","178263749"
"chr1","207107891","207108183","chr1","227358254","227358545","4","20250363"
"chr1","207124139","207124435","chr1","227374375","227374664","14","20250236"
"chr1","207125473","207125768","chr1","227375720","227376015","5","20250247"
"chr1","207129258","207129545","chr1","227379525","227379812","9","20250267"
"chr1","207144139","207144394","chr1","227394399","227394643","16","20250260"
"chr1","207146053","207146364","chr1","227396318","227396610","26","20250265"
"chr1","207166613","207166913","chr1","227416850","227417153","8","20250237"
"chr1","207173575","207173880","chr6_GL000252v2_alt","2066239","2066535","47","205107336"
"chr1","207176532","207176817","chr1","227426753","227427062","30","20250221"
"chr1","207196833","207197112","chr14","24241348","24241628","38","182955485"
"chr1","207203213","207203495","chr1","227453403","227453671","20","20250190"
"chr1","207205424","207205728","chr1","227455583","227455886","2","20250159"
"chr1","207451553","207451848","chr1","62352028","62352319","40","145099525"
"chr1","207497650","207497958","chrX","23190470","23190777","44","184307180"
"chr1","207526727","207527016","chr1","227783573","227783862","3","20256846"
"chr1","207557964","207558261","chr1","227814953","227815253","7","20256989"
"chr1","207598557","207598846","chr2","100177623","100177910","49","107420934"
"chr1","207608234","207608518","chr1","227864264","227864545","12","20256030"
"chr1","207674332","207674609","chr1","227930739","227931013","9","20256407"
"chr1","207706319","207706595","chr1","227962597","227962873","7","20256278"
"chr1","207741535","207741748","chr5","93734851","93735056","34","114006684"
"chr1","207752820","207753148","chr1","227991084","227991404","13","20238264"
"chr1","207790321","207790648","chr1","228028293","228028622","8","20237972"
"chr1","207814364","207814617","chr1","228052190","228052443","3","20237826"
"chr1","207865326","207865637","chr1","228103519","228103807","29","20238193"
"chr1","207873581","207873878","chr1","228111753","228112047","8","20238172"
"chr1","207894577","207894888","chr16","53616790","53617099","53","154277787"
"chr1","207895210","207895521","chr1","6633627","6633926","68","201261583"
"chr1","207951576","207951848","chr1","228191477","228191749","5","20239901"
"chr1","207997520","207997655","chr3","141852998","141853134","13","66144522"
"chr1","208146235","208146539","chr1","228387852","228388156","5","20241617"
"chr1","208224952","208225238","chr1","228466613","228466885","17","20241661"
"chr1","208250679","208250975","chr1","228491447","228491739","11","20240768"
"chr1","208393442","208393735","chr1","228663621","228663932","21","20270179"
"chr1","208395813","208396105","chr1","228665967","228666259","5","20270154"
"chr1","208425417","208425718","chr4","170070910","170071211","53","38354507"
"chr1","208434923","208435219","chr1","228704443","228704748","18","20269520"
"chr1","208435265","208435568","chr1","228704794","228705101","11","20269529"
"chr1","208497831","208498127","chr15","67390486","67390788","36","141107345"
"chr1","208511479","208511778","chr1","228789407","228789706","8","20277928"
"chr1","208537409","208537578","chr7","100510166","100510330","24","108027243"
"chr1","208537579","208537871","chr1","228815507","228815802","6","20277928"
"chr1","208537872","208538000","chr1","228815803","228815931","2","20277931"
"chr1","208562228","208562535","chr1","228840088","228840408","21","20277860"
"chr1","208594631","208594939","chr1","228872815","228873126","13","20278184"
"chr1","208595994","208596276","chr1","228874180","228874464","14","20278186"
"chr1","208793754","208794053","chr1","229073857","229074156","5","20280103"
"chr1","208915138","208915438","chr5","172172698","172172996","34","36742440"
"chr1","208937076","208937368","chr1","229222525","229222818","9","20285449"
"chr1","208961694","208962005","chr14","73413950","73414255","46","135547744"
"chr1","208968365","208968642","chr1","229254027","229254304","8","20285662"
"chr1","208977746","208978039","chr1","229262662","229262957","5","20284916"
"chr1","208992901","208993198","chr1","229277867","229278164","5","20284966"
"chr1","209019747","209020038","chr1","229303090","229303385","7","20283343"
"chr1","209037122","209037419","chr1","229320439","229320742","13","20283317"
"chr1","209102280","209102575","chr1","229406123","229406419","6","20303843"
"chr1","209121679","209121975","chr1","229429349","229429645","8","20307670"
"chr1","209129526","209129832","chr1","229437239","229437542","10","20307713"
"chr1","209143013","209143323","chr17","5098205","5098516","39","204044808"
"chr1","209172120","209172241","chr8","119916145","119916266","16","89255975"
"chr1","209172269","209172388","chr11","47706768","47706887","12","161465501"
"chr1","209180942","209181226","chr1","229489589","229489883","21","20308647"
"chr1","209206811","209207109","chr1","229515482","229515779","11","20308671"
"chr1","209211555","209211829","chr1","229520223","229520497","8","20308668"
"chr1","209215481","209215795","chr1","229524157","229524462","14","20308676"
"chr1","209251525","209251846","chr1","229560605","229560920","10","20309080"
"chr1","209259686","209260000","chr1","8130637","8130940","46","201129049"
"chr1","209274198","209274495","chr1","229582881","229583200","31","20308683"
"chr1","209296100","209296401","chr1","229604945","229605258","20","20308845"
"chr1","209307244","209307542","chr1","229616007","229616310","22","20308763"
"chr1","209370237","209370526","chr1","229679232","229679521","5","20308995"
"chr1","209414537","209414821","chr1","229724166","229724448","9","20309629"
"chr1","209502754","209503048","chr1","229805996","229806286","10","20303242"
"chr1","209537686","209538006","chr3","50765073","50765383","46","158772613"
"chr1","209695980","209696288","chr3","15711693","15711995","53","193984287"
"chr1","209738249","209738541","chr1","222708027","222708319","39","12969778"
"chr1","209788013","209788323","chr1","230089140","230089448","16","20301127"
"chr1","209968897","209969202","chr1","230269189","230269485","14","20300292"
"chr1","209982081","209982382","chr1","230282603","230282897","18","20300522"
"chr1","210012440","210012742","chr1","230312431","230312735","7","20299991"
"chr1","210091212","210091509","chr1","230390742","230391039","7","20299530"
"chr1","210135849","210136044","chr1","175111335","175111516","34","35024514"
"chr1","210136087","210136212","chr5","134237603","134237727","15","75898484"
"chr1","210139530","210139832","chr1","230436981","230437290","14","20297451"
"chr1","210168392","210168698","chr1","230467026","230467328","7","20298634"
"chr1","210188432","210188701","chr21","26164608","26164871","33","184023824"
"chr1","210199211","210199529","chr1","230497843","230498160","7","20298632"
"chr1","210207421","210207737","chr1","230506075","230506390","8","20298654"
"chr1","210244748","210245038","chr1","230543304","230543594","2","20298556"
"chr1","210281675","210281981","chr1","230580341","230580648","8","20298666"
"chr1","210331172","210331472","chr1","230630924","230631214","18","20299752"
"chr1","210336370","210336686","chr1","230636091","230636407","9","20299721"
"chr1","210387816","210388118","chr1","230683788","230684091","8","20295972"
"chr1","210439087","210439406","chr1","230731584","230731895","15","20292497"
"chr1","210529820","210530117","chr1","230822572","230822866","13","20292752"
"chr1","210589154","210589447","chr1","230881828","230882126","7","20292674"
"chr1","210594717","210595060","chr1","230887400","230887727","27","20292683"
"chr1","210617105","210617231","chr1","230909222","230909348","3","20292117"
"chr1","210688676","210688977","chr1","230980327","230980626","9","20291651"
"chr1","210692316","210692630","chr1","230983955","230984274","8","20291639"
"chr1","210697479","210697774","chr1","230989135","230989435","10","20291656"
"chr1","210722929","210723224","chr1","231014000","231014293","9","20291071"
"chr1","210768205","210768489","chr1","231059053","231059336","10","20290848"
"chr1","210839757","210840038","chr1","231132477","231132758","8","20292720"
"chr1","210876033","210876324","chr4","154870162","154870460","42","56005871"
"chr1","210913182","210913491","chr15","88333519","88333829","39","122579663"
"chr1","210940435","210940738","chr1","231228317","231228616","11","20287882"
"chr1","210955446","210955764","chr1","231243311","231243616","16","20287865"
"chr1","210997842","210998152","chr1","231285682","231285993","6","20287840"
"chr1","211034619","211034899","chr1","231322565","231322845","3","20287946"
"chr1","211067707","211068006","chr1","231356078","231356377","12","20288371"
"chr1","211074528","211074824","chr1","231361769","231362062","9","20287241"
"chr1","211087848","211088143","chr1","231375057","231375350","11","20287209"
"chr1","211115374","211115672","chr1","231402438","231402734","10","20287064"
"chr1","211126019","211126287","chr1","231413076","231413344","6","20287057"
"chr1","211145853","211146159","chr1","231432837","231433144","8","20286984"
"chr1","211148210","211148508","chr1","231435184","231435482","4","20286974"
"chr1","211158916","211159228","chr1","231445902","231446205","14","20286986"
"chr1","211168601","211168909","chr1","231455597","231455897","17","20286996"
"chr1","211171210","211171523","chr1","231458194","231458508","10","20286984"
"chr1","211171758","211172007","chr20","49879543","49879795","42","161292215"
"chr1","211191619","211191929","chr1","231478688","231478993","17","20287069"
"chr1","211195658","211195962","chr1","231482729","231483031","8","20287071"
"chr1","211207869","211208180","chr1","231495513","231495815","13","20287644"
"chr1","211238897","211239131","chr1","231525788","231526051","30","20286891"
"chr1","211244049","211244356","chr1","231530953","231531257","9","20286904"
"chr1","211246144","211246440","chr7","149351467","149351762","35","61894677"
"chr1","211250503","211250812","chr19","9865479","9865791","43","201385024"
"chr1","211252955","211253247","chrX","21832088","21832393","44","189420867"
"chr1","211261707","211262016","chr1","231547373","231547690","35","20285666"
"chr1","211267512","211267821","chr19","9865479","9865791","41","201402033"
"chr1","211283000","211283291","chr1","231566849","231567144","11","20283849"
"chr1","211289962","211290228","chr1","231574284","231574553","7","20284322"
"chr1","211296341","211296630","chr1","231580544","231580833","6","20284203"
"chr1","211303103","211303413","chr1","231587279","231587583","10","20284176"
"chr1","211350860","211351160","chr1","231633885","231634183","8","20283025"
"chr1","211406372","211406672","chr1","231689328","231689629","8","20282956"
"chr1","211484414","211484726","chr1","231766008","231766312","11","20281594"
"chr1","211500193","211500508","chr1","231782656","231782963","14","20282463"
"chr1","211505522","211505821","chr1","231788002","231788300","7","20282480"
"chr1","211534727","211535023","chr1","231817090","231817382","10","20282363"
"chr1","211638994","211639286","chrX","141718061","141718368","16","69920933"
"chr1","211667523","211667833","chr1","231942382","231942692","5","20274859"
"chr1","211754567","211754876","chr1","38432311","38432620","6","173322256"
"chr1","211781142","211781478","chr1","232053081","232053419","9","20271939"
"chr1","211797567","211797859","chr1","232069507","232069789","12","20271940"
"chr1","212016698","212016998","chr1","232294526","232294826","6","20277828"
"chr1","212090827","212091138","chr1","232370451","232370762","14","20279624"
"chr1","212103439","212103748","chr4","25772790","25773095","36","186330649"
"chr1","212328533","212328809","chr1","232608071","232608347","3","20279538"
"chr1","212354127","212354439","chr1","232633361","232633640","38","20279234"
"chr1","212372324","212372633","chr1","232651835","232652144","11","20279511"
"chr1","212428365","212428676","chr1","232707853","232708162","12","20279488"
"chr1","212444845","212445139","chr1","232724630","232724939","16","20279785"
"chr1","212554255","212554554","chr1","232844647","232844950","10","20290392"
"chr1","212567462","212567768","chr1","232857846","232858149","11","20290384"
"chr1","212600143","212600286","chr4","53950839","53950982","12","158649304"
"chr1","212638859","212639139","chr1","232929077","232929357","3","20290218"
"chr1","212655315","212655614","chr1","232946619","232946917","4","20291304"
"chr1","212668603","212668908","chr1","232959929","232960238","7","20291326"
"chr1","212716648","212716774","chr1","233007846","233007978","7","20291198"
"chr1","212731465","212731773","chr1","233022686","233022994","12","20291221"
"chr1","212756934","212757237","chr1","233048175","233048470","14","20291241"
"chr1","212766351","212766629","chr1","233057588","233057865","5","20291237"
"chr1","212771713","212771993","chr1","233062954","233063234","4","20291241"
"chr1","212776254","212776543","chr1","233067482","233067772","9","20291228"
"chr1","212840340","212840647","chr7","95631905","95632208","44","117208435"
"chr1","212850111","212850407","chr1","233141385","233141687","11","20291274"
"chr1","212857127","212857403","chr1","233148421","233148701","10","20291294"
"chr1","212863486","212863779","chr1","233154787","233155088","19","20291301"
"chr1","212871898","212872191","chr1","233163204","233163497","8","20291306"
"chr1","212915174","212915468","chr1","233206738","233207018","20","20291564"
"chr1","212983552","212983829","chr1","233275224","233275501","3","20291672"
"chr1","212998345","212998657","chr2","64608585","64608891","40","148389760"
"chr1","213011623","213011933","chr1","233292195","233292508","15","20280572"
"chr1","213027703","213028015","chr2","64608585","64608891","40","148419118"
"chr1","213038062","213038378","chr10","119718125","119718435","47","93319937"
"chr1","213040797","213041108","chr1","233321293","233321597","18","20280496"
"chr1","213173968","213174267","chr1","233440494","233440792","9","20266526"
"chr1","213196355","213196642","chr1","233463017","233463304","3","20266662"
"chr1","213247680","213247993","chr1","233514176","233514489","5","20266496"
"chr1","213290999","213291252","chr1","233554792","233555045","8","20263793"
"chr1","213292602","213292917","chr1","233556399","233556711","11","20263797"
"chr1","213309317","213309530","chr3","53663842","53664055","31","159645475"
"chr1","213405021","213405257","chrX","41971721","41971954","37","171433300"
"chr1","213475390","213475707","chr1","233741225","233741541","13","20265835"
"chr1","213517212","213517520","chr1","77158009","77158316","60","136359203"
"chr1","213599805","213600112","chr1","233860511","233860819","4","20260706"
"chr1","213680926","213681206","chr22","20553591","20553879","67","193127335"
"chr1","213711560","213711864","chr1","233968468","233968784","15","20256908"
"chr1","213741473","213741619","chr1","233993118","233993264","4","20251645"
"chr1","213861653","213861965","chr1","234116500","234116813","10","20254847"
"chr1","213923205","213923513","chr1","234183016","234183316","12","20259811"
"chr1","213982972","213983264","chr21","25419175","25419465","36","188563797"
"chr1","213985717","213986009","chr1","234243071","234243363","4","20257354"
"chr1","213993655","213993946","chr1","234252079","234252369","8","20258424"
"chr1","214017944","214018254","chr6","20607686","20607994","46","193410258"
"chr1","214044474","214044733","chr1","234304171","234304428","6","20259697"
"chr1","214100935","214101239","chr1","234360085","234360389","4","20259150"
"chr1","214102713","214103002","chr1","234361859","234362153","12","20259146"
"chr1","214106048","214106264","chr16","69893624","69893843","26","144212424"
"chr1","214125022","214125321","chr1","234385506","234385797","11","20260484"
"chr1","214126198","214126472","chr19","17547071","17547345","25","196579127"
"chr1","214131574","214131837","chr1","234392087","234392350","11","20260513"
"chr1","214145064","214145362","chr1","234407342","234407633","14","20262278"
"chr1","214148525","214148823","chr1","234410792","234411089","6","20262267"
"chr1","214154055","214154332","chr1","234416311","234416596","15","20262256"
"chr1","214162400","214162535","chr4","140276302","140276438","11","73886098"
"chr1","214162832","214163016","chr15","74456149","74456328","29","139706683"
"chr1","214169906","214170192","chr6","150873679","150873970","44","63296227"
"chr1","214193666","214193918","chr14","34917274","34917524","37","179276392"
"chr1","214204092","214204410","chr1","234466582","234466902","8","20262490"
"chr1","214209583","214209886","chr17","5098205","5098516","37","209111378"
"chr1","214220776","214221068","chr1","234483888","234484180","8","20263112"
"chr1","214221505","214221799","chr1","234484617","234484920","15","20263112"
"chr1","214239508","214239823","chr1","234502442","234502762","12","20262934"
"chr1","214248172","214248514","chr1","234510979","234511280","63","20262807"
"chr1","214263326","214263613","chr1","234526092","234526382","6","20262766"
"chr1","214299118","214299387","chr1","234561849","234562118","9","20262731"
"chr1","214330816","214331118","chr1","234592684","234592999","19","20261868"
"chr1","214375147","214375455","chr1","234636958","234637260","7","20261811"
"chr1","214386265","214386551","chr2","55354144","55354425","38","159032121"
"chr1","214424945","214425247","chr1","234686494","234686799","9","20261549"
"chr1","214430626","214430931","chr6","17875444","17875754","34","196555182"
"chr1","214437408","214437726","chr1","234698976","234699278","28","20261568"
"chr1","214488523","214488811","chr5","94449797","94450086","37","120038726"
"chr1","214502118","214502415","chr1","234762907","234763208","8","20260789"
"chr1","214505552","214505860","chr1","234766374","234766685","16","20260822"
"chr1","214564966","214565265","chr14","58614445","58614748","36","155950521"
"chr1","214588688","214588929","chr1","234850199","234850440","4","20261511"
"chr1","214592250","214592587","chr1","234853744","234854071","13","20261494"
"chr1","214710606","214710913","chr1","234967230","234967537","4","20256624"
"chr1","214742860","214743159","chr8","100459439","100459736","36","114283421"
"chr1","214743603","214743676","chr1","234999597","234999670","3","20255994"
"chr1","214759388","214759684","chr1","235015352","235015649","3","20255964"
"chr1","214760379","214760673","chr1","235016359","235016653","7","20255980"
"chr1","214781252","214781545","chr1","235037374","235037669","7","20256122"
"chr1","214782262","214782565","chr1","235038376","235038677","8","20256114"
"chr1","214783990","214784266","chr1","23631543","23631818","40","191152447"
"chr1","214790897","214791189","chr1","235046991","235047277","16","20256094"
"chr1","214799515","214799836","chr6","107021059","107021370","35","107778456"
"chr1","214809923","214810221","chr1","235081800","235082102","8","20271877"
"chr1","214820446","214820740","chr1","235092260","235092555","6","20271814"
"chr1","214829477","214829721","chr1","235101283","235101527","3","20271806"
"chr1","214834048","214834340","chr1","235105515","235105807","8","20271467"
"chr1","214840903","214841172","chr19","8205527","8205796","62","206635376"
"chr1","214845920","214846243","chr1","235117177","235117490","17","20271257"
"chr1","214888640","214888937","chr1","235159973","235160269","6","20271333"
"chr1","214891372","214891668","chr19","42145653","42145945","35","172745719"
"chr1","214911716","214912023","chr1","235184809","235185116","2","20273093"
"chr1","214946382","214946678","chr1","235218865","235219164","7","20272483"
"chr1","214948401","214948705","chr1","235220891","235221197","9","20272490"
"chr1","214959253","214959563","chr1","235231477","235231787","6","20272224"
"chr1","215032484","215032755","chr1","235313057","235313323","25","20280573"
"chr1","215034758","215035029","chr17","40260215","40260486","38","174774543"
"chr1","215041706","215041988","chr1","235316230","235316515","8","20274524"
"chr1","215048558","215048854","chr1","235323041","235323337","11","20274483"
"chr1","215063154","215063371","chr2","164851424","164851661","54","50211730"
"chr1","215064868","215065043","chr1","235339319","235339498","7","20274451"
"chr1","215078828","215078922","chr9","121501834","121501927","13","93576994"
"chr1","215079228","215079451","chr1","235349419","235349645","38","20270191"
"chr1","215086184","215086484","chr1","235356380","235356678","8","20270196"
"chr1","215086985","215087237","chr12","93568458","93568715","43","121518527"
"chr1","215088000","215088301","chr1","235358216","235358509","12","20270216"
"chr1","215089590","215089887","chr1","235359801","235360100","10","20270211"
"chr1","215090498","215090800","chr1","235360710","235361013","9","20270212"
"chr1","215093444","215093655","chr5","33592996","33593207","32","181500448"
"chr1","215093975","215094290","chr1","235364029","235364342","11","20270054"
"chr1","215109071","215109385","chr1","235378565","235378879","10","20269494"
"chr1","215127864","215128173","chr1","235389842","235390150","9","20261978"
"chr1","215136966","215137266","chr9","128874723","128875024","48","86262243"
"chr1","215155323","215155616","chr1","235413385","235413682","13","20258062"
"chr1","215157804","215157909","chr2","205363863","205363966","16","9793941"
"chr1","215165082","215165384","chr1","235431980","235432282","7","20266898"
"chr1","215166334","215166621","chr1","235433234","235433521","7","20266900"
"chr1","215166622","215166751","chr1","235433522","235433652","3","20266900"
"chr1","215194529","215194823","chr1","235457900","235458195","1","20263371"
"chr1","215196427","215196733","chr1","235459791","235460091","13","20263364"
"chr1","215206210","215206529","chr1","235469545","235469861","8","20263335"
"chr1","215208344","215208642","chr1","235471664","235471962","6","20263320"
"chr1","215212523","215212658","chrX","3981509","3981641","26","211231014"
"chr1","215227352","215227651","chr1","235490235","235490528","13","20262883"
"chr1","215237655","215237941","chr7","66616954","66617244","51","148620701"
"chr1","215248638","215248945","chr1","235511224","235511531","7","20262586"
"chr1","215252073","215252369","chr1","235514722","235515039","23","20262649"
"chr1","215260354","215260647","chr1","235523022","235523314","7","20262668"
"chr1","215263322","215263621","chr1","235526060","235526359","4","20262738"
"chr1","215263875","215264188","chr1","235526613","235526923","8","20262738"
"chr1","215266344","215266639","chr1","235529260","235529555","8","20262916"
"chr1","215279523","215279771","chr1","235542392","235542640","4","20262869"
"chr1","215287660","215287965","chr2","158826510","158826814","41","56461150"
"chr1","215309026","215309311","chr16","3733653","3733941","33","211575373"
"chr1","215310937","215311218","chr1","235574114","235574392","8","20263177"
"chr1","215311650","215311950","chr1","235574824","235575124","6","20263174"
"chr1","215335668","215335964","chr1","235598733","235599026","9","20263065"
"chr1","215336244","215336557","chr1","235599305","235599615","24","20263061"
"chr1","215343844","215344154","chr1","235606936","235607246","15","20263092"
"chr1","215355947","215356259","chr1","235618646","235618955","9","20262699"
"chr1","215358510","215358850","chr1","235621282","235621593","33","20262772"
"chr1","215359688","215359823","chr1","235622432","235622567","2","20262744"
"chr1","215360158","215360326","chr1","235622892","235623059","7","20262734"
"chr1","215361369","215361665","chr1","235624105","235624410","14","20262736"
"chr1","215391850","215392088","chr1","235647678","235647916","3","20255828"
"chr1","215438895","215439211","chr1","235693998","235694314","12","20255103"
"chr1","215450705","215451004","chr3","183977758","183978052","33","31472947"
"chr1","215463935","215464235","chr11","122708292","122708593","45","92755643"
"chr1","215476436","215476736","chr10","126865608","126865910","37","88610828"
"chr1","215525658","215525976","chr1","235773035","235773347","18","20247377"
"chr1","215563481","215563780","chr1","235810862","235811171","16","20247381"
"chr1","215565321","215565612","chr16","46665914","46666203","35","168899407"
"chr1","215624489","215624770","chr1","235872650","235872931","6","20248161"
"chr1","215627788","215628084","chr1","235875938","235876236","8","20248150"
"chr1","215651124","215651444","chr1","235899953","235900269","8","20248829"
"chr1","215665844","215666128","chr1","235913809","235914092","6","20247965"
"chr1","215667129","215667412","chr1","235915092","235915375","3","20247963"
"chr1","215711203","215711337","chr1","235959296","235959430","1","20248093"
"chr1","215711635","215711813","chr1","235959729","235959907","6","20248094"
"chr1","215735174","215735477","chr1","235982871","235983172","13","20247697"
"chr1","215743589","215743878","chr1","235991343","235991632","6","20247754"
"chr1","215775328","215775623","chr1","236022781","236023072","7","20247453"
"chr1","215777807","215778116","chr1","236025258","236025561","10","20247451"
"chr1","215781440","215781737","chr16","3287970","3288266","38","212493470"
"chr1","215789255","215789549","chr1","236037376","236037671","7","20248121"
"chr1","215799332","215799626","chr1","236047746","236048051","16","20248414"
"chr1","215806370","215806679","chr1","236054631","236054941","13","20248261"
"chr1","215851200","215851498","chr1","236098036","236098334","5","20246836"
"chr1","215861793","215862068","chr1","236126786","236127060","7","20264993"
"chr1","215862952","215863248","chr1","236127954","236128270","20","20265002"
"chr1","215901484","215901584","chr8","57834813","57834912","15","158066671"
"chr1","215904997","215905298","chr1","236169758","236170067","15","20264761"
"chr1","215912804","215913112","chr1","236177546","236177855","9","20264742"
"chr1","215931678","215931984","chr1","236196133","236196439","8","20264455"
"chr1","215933288","215933561","chr7","73225330","73225603","34","142707958"
"chr1","215957728","215958022","chr1","236222114","236222411","9","20264386"
"chr1","215958540","215958838","chr19","7287157","7287461","37","208671383"
"chr1","215985475","215985773","chr1","236250190","236250488","4","20264715"
"chr1","215993864","215994168","chr1","236258605","236258909","7","20264741"
"chr1","215997662","215997962","chr1","236262402","236262704","4","20264740"
"chr1","215998500","215998806","chr1","236263242","236263548","4","20264742"
"chr1","215999804","216000000","chr19","48318096","48318291","26","167681708"
"chr1","216029105","216029406","chr1","236292767","236293068","7","20263662"
"chr1","216031299","216031595","chr1","236294959","236295265","12","20263660"
"chr1","216036073","216036376","chr1","236299753","236300056","5","20263680"
"chr1","216053414","216053729","chr1","236317060","236317373","11","20263646"
"chr1","216065996","216066307","chr9","19382845","19383147","34","196683151"
"chr1","216068741","216069048","chr1","236328858","236329167","9","20260117"
"chr1","216071176","216071472","chr1","236331283","236331583","10","20260107"
"chr1","216074369","216074672","chr1","236334464","236334772","15","20260095"
"chr1","216077743","216078038","chr1","236337841","236338141","13","20260098"
"chr1","216080818","216081110","chrX","129948988","129949278","32","86131830"
"chr1","216081799","216082085","chr1","236341900","236342212","29","20260101"
"chr1","216082134","216082457","chr1","236342228","236342531","27","20260094"
"chr1","216083876","216084190","chr1","236343938","236344252","7","20260062"
"chr1","216100369","216100662","chr20","63301033","63301323","44","152799336"
"chr1","216103678","216103916","chr9","87391373","87391610","41","128712305"
"chr1","216113019","216113308","chr1","236373215","236373504","4","20260196"
"chr1","216134239","216134551","chr1","236393384","236393696","9","20259145"
"chr1","216138964","216139247","chr1","236398113","236398396","2","20259149"
"chr1","216140050","216140338","chr1","236399193","236399487","15","20259143"
"chr1","216141432","216141708","chr5","38360880","38361161","63","177780552"
"chr1","216172338","216172650","chr1","236434236","236434539","14","20261898"
"chr1","216180256","216180562","chr1","236442118","236442425","8","20261862"
"chr1","216197032","216197334","chr4","170070910","170071211","51","46126122"
"chr1","216212929","216213131","chr8","73769299","73769502","32","142443630"
"chr1","216223699","216224008","chrX","101256553","101256858","49","114967146"
"chr1","216238087","216238406","chr8","42087223","42087533","59","174150864"
"chr1","216252732","216252994","chr6","60380289","60380553","45","155872443"
"chr1","216258219","216258585","chr9","130006161","130006512","70","86252058"
"chr1","216260937","216261052","chr6","139036125","139036240","11","77224812"
"chr1","216266293","216266593","chr2","233427338","233427641","48","17161045"
"chr1","216270159","216270459","chr1","236519949","236520256","13","20249790"
"chr1","216271750","216272052","chr1","236521547","236521844","6","20249797"
"chr1","216294265","216294569","chr1","236543946","236544250","9","20249681"
"chr1","216327504","216327741","chr1","236577193","236577430","5","20249689"
"chr1","216347597","216347887","chr1","236597257","236597552","10","20249660"
"chr1","216350861","216351155","chr1","236600540","236600834","6","20249679"
"chr1","216377165","216377533","chr1","236626883","236627228","31","20249718"
"chr1","216386599","216386895","chr1","236636417","236636715","12","20249818"
"chr1","216401302","216401610","chr1","236650958","236651245","27","20249656"
"chr1","216412856","216413155","chr1","236662371","236662671","6","20249515"
"chr1","216419598","216419894","chr14","35066407","35066704","38","181353191"
"chr1","216430707","216431009","chr1","236674762","236675059","13","20244055"
"chr1","216467286","216467593","chr1","236711349","236711649","14","20244063"
"chr1","216471767","216472071","chr1","236716836","236717135","13","20245069"
"chr1","216503249","216503532","chr1","12174268","12174546","45","204328981"
"chr1","216521058","216521324","chr1","236767956","236768222","8","20246898"
"chr1","216537550","216537859","chr13","44545695","44546001","46","171991855"
"chr1","216542768","216543055","chr1","236789988","236790275","5","20247220"
"chr1","216545391","216545555","chr1","236792609","236792798","29","20247218"
"chr1","216545864","216546000","chr1","236793109","236793245","3","20247245"
"chr1","216565016","216565312","chr10","103551298","103551603","52","113013718"
"chr1","216587320","216587613","chr3","54783325","54783620","38","161803995"
"chr1","216635625","216635926","chr1","236882392","236882692","11","20246767"
"chr1","216666153","216666461","chr1","236912958","236913266","5","20246805"
"chr1","216669136","216669444","chr2","219603037","219603340","41","2933901"
"chr1","216720965","216721257","chr1","236967760","236968021","36","20246795"
"chr1","216741150","216741445","chr1","236988112","236988408","5","20246962"
"chr1","216744846","216745146","chr5","160609382","160609677","39","56135464"
"chr1","216752146","216752438","chr1","236999034","236999308","22","20246888"
"chr1","216757658","216757955","chr1","237004556","237004861","11","20246898"
"chr1","216834966","216835279","chr1","237092515","237092830","6","20257549"
"chr1","216845028","216845311","chr1","237102575","237102860","8","20257547"
"chr1","216847868","216848079","chr14","65391711","65391921","28","151456157"
"chr1","216961486","216961787","chr10","27255992","27256287","54","189705494"
"chr1","216969842","216970150","chr1","237226764","237227073","5","20256922"
"chr1","216976742","216977061","chr22","40132066","40132371","68","176844676"
"chr1","216996053","216996347","chr1","237252883","237253193","23","20256830"
"chr1","217008466","217008772","chr1","237265315","237265621","4","20256849"
"chr1","217016920","217017221","chr1","237271851","237272152","9","20254931"
"chr1","217078545","217078846","chr1","237336574","237336872","12","20258029"
"chr1","217078955","217079261","chr1","237336969","237337270","9","20258014"
"chr1","217091578","217091880","chr1","237350294","237350601","14","20258716"
"chr1","217138441","217138725","chr1","237396983","237397263","10","20258542"
"chr1","217140376","217140680","chr1","237398912","237399217","7","20258536"
"chr1","217169000","217169297","chr1","237427509","237427812","9","20258509"
"chr1","217176453","217176735","chr1","237434783","237435072","13","20258330"
"chr1","217191676","217191945","chr1","237447955","237448225","15","20256279"
"chr1","217195165","217195475","chr1","237451289","237451598","12","20256124"
"chr1","217225597","217225833","chr1","237480137","237480373","3","20254540"
"chr1","217266027","217266319","chr1","237520754","237521045","6","20254727"
"chr1","217283780","217284086","chr1","237538490","237538798","10","20254710"
"chr1","217309732","217310027","chr1","237564265","237564569","36","20254533"
"chr1","217353733","217354019","chr1","237609377","237609664","7","20255644"
"chr1","217385879","217386179","chr7","6452634","6452934","35","210933245"
"chr1","217434294","217434535","chr1","237690580","237690821","2","20256286"
"chr1","217465692","217465973","chr1","237721515","237721818","26","20255823"
"chr1","217480496","217480615","chr1","9455137","9455253","13","208025359"
"chr1","217502539","217502820","chr1","237721515","237721818","25","20218976"
"chr1","217517311","217517647","chr1","237736179","237736510","6","20218868"
"chr1","217577829","217578127","chr1","145739580","145739877","34","71838249"
"chr1","217601834","217602039","chr10","68964458","68964659","26","148637376"
"chr1","217602203","217602499","chr14","104484483","104484773","85","113117720"
"chr1","217619528","217619813","chr1","237836890","237837182","12","20217362"
"chr1","217637101","217637377","chr1","237854311","237854587","5","20217210"
"chr1","217658881","217659169","chr1","237875763","237876050","12","20216882"
"chr1","217682409","217682716","chr1","237899039","237899346","2","20216630"
"chr1","217755857","217756153","chr6","13310356","13310656","42","204445501"
"chr1","217770020","217770350","chr1","237983996","237984296","32","20213976"
"chr1","217929533","217929843","chr1","238137553","238137866","10","20208020"
"chr1","217968174","217968452","chr1","238176981","238177256","8","20208807"
"chr1","218020562","218020874","chr1","238229523","238229833","17","20208961"
"chr1","218129297","218129597","chr1","238335293","238335592","14","20205996"
"chr1","218155829","218155937","chr1","23225727","23225836","11","194930102"
"chr1","218176973","218177146","chr1","238381944","238382120","10","20204971"
"chr1","218177430","218177565","chr1","238382404","238382539","2","20204974"
"chr1","218203410","218203716","chr1","238408328","238408639","9","20204918"
"chr1","218210589","218210895","chr1","238415488","238415794","6","20204899"
"chr1","218305222","218305511","chr1","238521436","238521725","6","20216214"
"chr1","218485315","218485607","chr1","238704732","238705029","21","20219417"
"chr1","218497316","218497627","chr1","238716784","238717093","8","20219468"
"chr1","218565354","218565646","chr1","238784411","238784703","8","20219057"
"chr1","218582321","218582629","chr1","238800728","238801039","8","20218407"
"chr1","218594027","218594321","chr1","238812435","238812729","10","20218408"
"chr1","218682339","218682632","chr1","238898004","238898305","10","20215665"
"chr1","218771309","218771595","chr1","238985083","238985373","11","20213774"
"chr1","218865576","218865679","chr6","43135806","43135906","20","175729770"
"chr1","218876189","218876497","chr1","239089706","239090016","14","20213517"
"chr1","218997152","218997433","chr1","239217355","239217636","4","20220203"
"chr1","218998914","218999232","chr1","239219104","239219421","5","20220190"
"chr1","219028876","219029189","chr1","239248478","239248802","20","20219602"
"chr1","219038167","219038354","chr1","239257742","239257929","6","20219575"
"chr1","219079942","219080217","chr1","239297818","239298094","12","20217876"
"chr1","219099733","219100030","chr1","239317665","239317962","6","20217932"
"chr1","219139025","219139346","chr5","32077675","32077985","50","187061350"
"chr1","219181992","219182289","chr1","239398241","239398537","14","20216249"
"chr1","219248498","219248804","chr1","239463995","239464298","11","20215497"
"chr1","219313810","219314112","chr1","239529329","239529639","9","20215519"
"chr1","219333964","219334275","chr1","239549374","239549677","16","20215410"
"chr1","219368441","219368737","chr17","43990160","43990468","40","175378281"
"chr1","219373268","219373559","chr1","239588941","239589233","5","20215673"
"chr1","219390943","219391239","chr17","43990160","43990468","40","175400783"
"chr1","219455965","219456263","chr1","239658744","239659036","8","20202779"
"chr1","219481671","219481928","chr9","90715550","90715794","45","128766121"
"chr1","219568192","219568488","chr1","239768768","239769064","7","20200576"
"chr1","219587885","219588180","chr4","70767686","70767978","35","148820199"
"chr1","219590487","219590800","chr1","239791091","239791404","11","20200604"
"chr1","219613993","219614311","chr1","239814757","239815075","7","20200764"
"chr1","219673286","219673585","chr1","239859420","239859715","17","20186134"
"chr1","219681221","219681514","chr1","239867406","239867699","4","20186185"
"chr1","219694801","219694912","chr3","57953932","57954044","14","161740869"
"chr1","219709660","219709944","chr1","239894422","239894732","30","20184762"
"chr1","219734319","219734622","chr1","239919112","239919415","6","20184793"
"chr1","219767869","219768075","chr1","240035909","240036115","4","20268040"
"chr1","219784539","219784839","chr1","240052855","240053156","11","20268316"
"chr1","219815103","219815374","chr1","240073870","240074141","10","20258767"
"chr1","219825898","219826171","chr1","240081695","240081974","14","20255797"
"chr1","219868979","219869265","chr1","240120876","240121163","11","20251897"
"chr1","219875230","219875491","chr1","240127122","240127370","22","20251892"
"chr1","219877634","219877967","chr1","240129506","240129801","42","20251872"
"chr1","219878464","219878773","chr1","240130296","240130602","4","20251832"
"chr1","219886007","219886287","chr1","240137810","240138093","7","20251803"
"chr1","219886622","219886925","chr1","240138418","240138722","5","20251796"
"chr1","219920136","219920410","chr1","240167795","240168064","10","20247659"
"chr1","220067141","220067439","chr1","240313688","240313985","8","20246547"
"chr1","220099314","220099628","chr3","52073183","52073487","43","168026131"
"chr1","220132032","220132349","chr1","240370941","240371259","11","20238909"
"chr1","220169949","220170261","chr1","240409129","240409441","13","20239180"
"chr1","220256660","220256961","chr1","240495959","240496229","36","20239299"
"chr1","220268067","220268352","chr1","240507357","240507631","16","20239290"
"chr1","220281590","220281880","chr1","240520547","240520837","6","20238957"
"chr1","220286535","220286817","chr1","240525498","240525776","12","20238963"
"chr1","220296865","220297175","chr1","240535518","240535828","13","20238653"
"chr1","220309084","220309401","chr1","240546053","240546368","12","20236969"
"chr1","220338280","220338578","chr16","70633858","70634149","38","149704422"
"chr1","220361746","220362041","chr1","240598987","240599283","1","20237241"
"chr1","220369440","220369737","chr12","122448194","122448489","26","97921246"
"chr1","220390978","220391290","chr1","240625751","240626054","21","20234773"
"chr1","220406320","220406600","chr1","240641071","240641352","12","20234751"
"chr1","220410993","220411138","chr1","240645755","240645900","4","20234762"
"chr1","220411404","220411579","chr1","240646198","240646359","15","20234794"
"chr1","220450186","220450482","chr1","240677426","240677719","12","20227240"
"chr1","220465725","220466012","chr1","240692668","240692960","13","20226943"
"chr1","220488011","220488287","chr1","240713605","240713881","9","20225594"
"chr1","220515005","220515305","chr1","240738450","240738751","6","20223445"
"chr1","220522371","220522663","chr1","240745794","240746066","25","20223423"
"chr1","220531651","220531947","chr1","240755178","240755465","13","20223527"
"chr1","220535617","220535846","chr1","240759097","240759326","10","20223480"
"chr1","220556414","220556702","chr1","240780165","240780465","13","20223751"
"chr1","220559178","220559485","chr9","128874723","128875024","48","91684455"
"chr1","220599733","220600037","chr3","149793421","149793720","50","70806312"
"chr1","220653753","220654063","chr3","124739325","124739632","55","95914428"
"chr1","220662643","220662933","chr1","240876680","240876970","5","20214037"
"chr1","220668522","220668817","chr1","240881920","240882214","7","20213398"
"chr1","220721604","220721918","chr1","240934877","240935197","10","20213273"
"chr1","220757339","220757643","chr1","240970704","240971005","19","20213365"
"chr1","220786045","220786333","chr1","240997547","240997837","7","20211502"
"chr1","220795708","220796017","chr1","241006908","241007216","7","20211200"
"chr1","220797423","220797719","chr1","241008631","241008940","18","20211208"
"chr1","220801836","220802139","chr1","241013054","241013362","10","20211218"
"chr1","220805980","220806237","chr1","241017215","241017472","3","20211235"
"chr1","220806727","220807039","chr1","241017966","241018282","25","20211239"
"chr1","220821793","220822076","chr1","241033074","241033357","4","20211281"
"chr1","220833046","220833173","chr17","41981494","41981617","21","178851552"
"chr1","220849643","220849876","chr1","241057633","241057866","9","20207990"
"chr1","220872955","220873265","chr1","241082943","241083253","5","20209988"
"chr1","220877697","220877969","chr1","241087667","241087943","11","20209970"
"chr1","220917332","220917630","chr1","241128302","241128600","4","20210970"
"chr1","220936912","220937240","chr1","241148041","241148350","42","20211129"
"chr1","220938670","220938932","chr1","241149773","241150035","15","20211103"
"chr1","220944013","220944294","chr1","241155116","241155397","11","20211103"
"chr1","220982223","220982498","chr1","241179097","241179387","21","20196874"
"chr1","221067279","221067573","chr1","241264216","241264510","1","20196937"
"chr1","221084640","221084948","chr1","241264216","241264510","32","20179576"
"chr1","221157627","221157922","chr1","241341871","241342173","15","20184244"
"chr1","221190679","221190985","chr1","241375050","241375352","9","20184371"
"chr1","221210027","221210332","chr5","40857802","40858108","37","180352225"
"chr1","221235437","221235742","chr1","241420475","241420783","8","20185038"
"chr1","221266141","221266408","chr7","100791434","100791706","40","120474707"
"chr1","221370250","221370473","chr8","80420199","80420427","37","140950051"
"chr1","221401515","221401823","chr1","241585476","241585782","12","20183961"
"chr1","221402226","221402534","chr1","241586192","241586500","8","20183966"
"chr1","221403506","221403796","chr1","241587467","241587742","22","20183961"
"chr1","221461721","221461935","chr1","241645664","241645878","2","20183943"
"chr1","221552676","221552936","chr1","241735534","241735788","10","20182858"
"chr1","221580396","221580685","chr1","241763428","241763712","12","20183032"
"chr1","221622169","221622464","chr1","241805291","241805600","22","20183122"
"chr1","221630578","221630885","chr1","241813661","241813962","12","20183083"
"chr1","221667484","221667778","chr1","241850830","241851129","15","20183346"
"chr1","221682769","221683045","chr6","51821704","51821985","35","169861065"
"chr1","221684735","221685041","chr1","241868093","241868398","9","20183358"
"chr1","221697679","221697984","chr1","241881024","241881331","8","20183345"
"chr1","221705427","221705725","chr1","241888793","241889084","15","20183366"
"chr1","221713773","221714065","chr1","241897061","241897353","8","20183288"
"chr1","221715378","221715669","chr1","241898687","241898979","7","20183309"
"chr1","221724655","221724949","chr1","241907729","241908021","9","20183074"
"chr1","221726358","221726626","chr1","241909431","241909699","8","20183073"
"chr1","221729932","221730241","chr1","241912793","241913102","4","20182861"
"chr1","221731881","221732164","chr1","241914732","241915032","20","20182851"
"chr1","221734003","221734304","chr1","241916825","241917129","8","20182822"
"chr1","221739114","221739414","chr1","241922426","241922732","9","20183312"
"chr1","221739719","221740011","chr1","241923030","241923322","7","20183311"
"chr1","221746901","221747195","chr1","241929806","241930100","6","20182905"
"chr1","221753957","221754254","chr19","8102987","8103287","49","213650970"
"chr1","221755491","221755807","chr1","241938414","241938731","6","20182923"
"chr1","221756390","221756688","chr6","79553690","79553996","68","142202700"
"chr1","221768610","221768886","chr1","241955600","241955906","33","20186990"
"chr1","221768942","221769243","chr1","241955932","241956227","10","20186990"
"chr1","221776372","221776658","chrX","9396012","9396291","43","212380360"
"chr1","221781993","221782279","chr1","241968950","241969237","11","20186957"
"chr1","221795803","221796103","chr1","241982818","241983099","29","20187015"
"chr1","221796949","221797244","chr1","241983952","241984245","7","20187003"
"chr1","221797764","221797920","chr1","241984765","241984921","4","20187001"
"chr1","221798212","221798355","chr1","241985213","241985357","3","20187001"
"chr1","221798618","221798907","chr1","241985619","241985906","5","20187001"
"chr1","221800127","221800400","chr1","241987093","241987390","25","20186966"
"chr1","221831298","221831550","chr1","242018709","242018962","3","20187411"
"chr1","221981036","221981332","chr1","242109198","242109494","3","20128162"
"chr1","221992157","221992288","chr1","242120325","242120451","8","20128168"
"chr1","222016277","222016583","chr1","242144500","242144806","3","20128223"
"chr1","222052178","222052468","chr1","242179621","242179911","4","20127443"
"chr1","222058762","222059059","chr15","81554398","81554697","30","140504364"
"chr1","222063880","222064180","chr1","242191304","242191604","8","20127424"
"chr1","222074466","222074773","chr1","242201933","242202240","5","20127467"
"chr1","222137848","222138150","chr1","242266095","242266399","4","20128247"
"chr1","222275841","222276093","chr8","40770550","40770803","45","181505291"
"chr1","222276929","222277180","chr7","33311581","33311828","45","188965348"
"chr1","222278335","222278620","chr1","242404876","242405167","6","20126541"
"chr1","222348862","222349157","chr1","242466611","242466906","13","20117749"
"chr1","222359994","222360287","chrX","23010267","23010558","39","199349727"
"chr1","222394393","222394686","chr1","242508799","242509092","3","20114406"
"chr1","222412428","222412708","chr1","242526427","242526707","7","20113999"
"chr1","222413112","222413412","chr1","242527115","242527435","25","20114003"
"chr1","222421037","222421319","chr1","242535045","242535338","19","20114008"
"chr1","222422021","222422220","chr6","139205214","139205406","32","83216807"
"chr1","222451547","222451839","chr1","242561481","242561774","5","20109934"
"chr1","222484267","222484565","chr1","242593140","242593439","9","20108873"
"chr1","222498441","222498721","chr1","242607226","242607506","5","20108785"
"chr1","222547721","222548038","chr1","242646391","242646709","19","20098670"
"chr1","222565287","222565538","chr1","242661709","242661960","2","20096422"
"chr1","222577783","222578054","chr7","92952041","92952309","37","129625742"
"chr1","222591847","222592136","chr1","242688356","242688644","8","20096509"
"chr1","222640690","222640954","chr1","242734980","242735239","9","20094290"
"chr1","222644269","222644578","chr1","242738463","242738768","9","20094194"
"chr1","222684791","222685093","chr1","242778904","242779199","13","20094113"
"chr1","222700953","222701251","chrY","11753792","11754088","14","210947161"
"chr1","222704751","222705061","chr1","242798996","242799304","13","20094245"
"chr1","222741339","222741638","chr1","242835690","242835989","10","20094351"
"chr1","222862837","222863103","chr1","242940888","242941148","16","20078051"
"chr1","222910064","222910383","chr1","242988645","242988964","5","20078581"
"chr1","222945785","222946000","chr16","31046272","31046485","30","191899513"
"chr1","223034075","223034337","chr3","195316935","195317197","40","27717140"
"chr1","223085037","223085348","chr1_KI270763v1_alt","160007","160321","10","222925030"
"chr1","223178903","223179200","chr1","243246227","243246531","16","20067324"
"chr1","223191060","223191351","chr1","243258411","243258702","9","20067351"
"chr1","223194699","223194994","chr1","243262109","243262405","8","20067410"
"chr1","223228952","223229262","chr1","243295985","243296295","6","20067033"
"chr1","223238491","223238776","chr1","243305815","243306107","11","20067324"
"chr1","223245101","223245404","chr1","243312425","243312725","10","20067324"
"chr1","223247396","223247684","chr1","243314719","243315009","6","20067323"
"chr1","223254340","223254629","chr20","63513920","63514209","37","159740420"
"chr1","223261315","223261629","chr1","243328262","243328576","5","20066947"
"chr1","223284235","223284543","chr1","243353209","243353520","11","20068974"
"chr1","223292628","223292936","chr1","243353209","243353520","11","20060581"
"chr1","223302237","223302545","chr1","243353209","243353520","11","20050972"
"chr1","223342694","223342973","chr1","243399530","243399809","7","20056836"
"chr1","223345330","223345565","chr1","243402146","243402381","9","20056816"
"chr1","223394546","223394845","chr1","243451644","243451945","5","20057098"
"chr1","223398180","223398482","chr2","38514107","38514409","38","184884073"
"chr1","223451625","223451926","chr1","243508685","243508966","26","20057060"
"chr1","223509597","223509892","chr3","4209905","4210194","55","219299692"
"chr1","223519745","223520028","chr1","243577163","243577446","4","20057418"
"chr1","223554631","223554923","chr6","151134660","151134949","53","72419971"
"chr1","223568341","223568649","chr1","243625125","243625432","12","20056784"
"chr1","223574530","223574803","chr21","25691748","25692022","41","197882782"
"chr1","223589546","223589836","chr1","243646362","243646654","13","20056816"
"chr1","223610106","223610412","chr1","243666003","243666303","13","20055897"
"chr1","223630739","223631023","chr1","243686652","243686963","31","20055913"
"chr1","223728545","223728830","chr9","36386809","36387095","59","187341736"
"chr1","223761752","223762059","chr1","243817459","243817765","12","20055707"
"chr1","223826878","223826953","chr1","243874429","243874504","0","20047551"
"chr1","223961668","223961950","chr1","244009039","244009318","10","20047371"
"chr1","223967282","223967546","chr1","244014750","244015014","5","20047468"
"chr1","224032136","224032439","chr1","244079774","244080079","11","20047638"
"chr1","224055999","224056298","chr1","244103609","244103898","18","20047610"
"chr1","224094109","224094423","chr1","244141725","244142038","8","20047616"
"chr1","224129926","224130226","chr1","244177732","244178029","7","20047806"
"chr1","224158246","224158546","chr1","244221636","244221925","22","20063390"
"chr1","224205929","224206224","chr1","244269888","244270180","7","20063959"
"chr1","224210739","224211033","chr1","244274703","244274998","5","20063964"
"chr1","224233293","224233594","chr11","119553524","119553824","50","104679769"
"chr1","224258699","224258981","chr4","70767686","70767978","41","153491013"
"chr1","224275195","224275488","chr1","244337568","244337860","6","20062373"
"chr1","224291934","224292236","chr1","244354355","244354660","7","20062421"
"chr1","224295564","224295852","chr1","244357942","244358255","27","20062378"
"chr1","224298848","224299158","chr1","244361219","244361528","7","20062371"
"chr1","224304900","224305208","chr1","244366598","244366901","13","20061698"
"chr1","224312819","224313115","chr1","244374588","244374897","21","20061769"
"chr1","224318345","224318668","chr1","244380118","244380419","29","20061773"
"chr1","224327419","224327698","chr3","183091286","183091561","39","41236133"
"chr1","224402185","224402489","chr1","244460632","244460936","3","20058447"
"chr1","224417069","224417357","chr1","244475245","244475533","8","20058176"
"chr1","224554104","224554410","chr1","244606594","244606900","5","20052490"
"chr1","224556446","224556722","chr1","244608933","244609209","5","20052487"
"chr1","224586145","224586441","chr1","244639405","244639692","12","20053260"
"chr1","224644545","224644808","chr1","244697226","244697493","9","20052681"
"chr1","224650297","224650602","chr1","244703001","244703308","6","20052704"
"chr1","224667505","224667794","chr1","93973999","93974283","46","130693506"
"chr1","224669605","224669867","chr1","244697226","244697493","40","20027621"
"chr1","224670789","224671090","chr4","39065356","39065653","43","185605433"
"chr1","224673630","224673762","chr1","244723985","244724117","2","20050355"
"chr1","224683080","224683342","chr1","244733450","244733712","5","20050370"
"chr1","224694358","224694617","chr1","244743216","244743475","9","20048858"
"chr1","224698749","224699048","chr1","244747602","244747907","15","20048853"
"chr1","224700254","224700514","chr1","244749127","244749387","5","20048873"
"chr1","224703843","224704152","chr1","244752637","244752943","9","20048794"
"chr1","224706679","224706763","chr1","222068694","222068777","14","2637985"
"chr1","224724703","224724902","chr1","244774127","244774329","5","20049424"
"chr1","224725412","224725523","chr1","244774839","244774948","4","20049427"
"chr1","224727896","224728186","chr1","244777343","244777633","9","20049447"
"chr1","224734070","224734380","chr1","244783564","244783867","15","20049494"
"chr1","224737724","224737998","chr1","244787067","244787341","3","20049343"
"chr1","224738031","224738334","chr1","244787374","244787673","8","20049343"
"chr1","224748415","224748723","chr1","244797456","244797757","12","20049041"
"chr1","224749873","224750179","chr1","244798902","244799209","4","20049029"
"chr1","224755454","224755755","chr1","244804545","244804846","3","20049091"
"chr1","224762829","224763128","chr1","244811944","244812237","15","20049115"
"chr1","224763764","224763996","chr10","26478404","26478634","48","198285360"
"chr1","224769214","224769510","chr1","244818298","244818601","30","20049084"
"chr1","224778686","224778987","chr1","244827614","244827918","7","20048928"
"chr1","224781068","224781366","chr1","244830007","244830305","5","20048939"
"chr1","224820980","224821224","chr1","244869536","244869780","6","20048556"
"chr1","224836099","224836393","chr1","244884547","244884847","10","20048448"
"chr1","224838510","224838821","chr1","244886937","244887263","20","20048427"
"chr1","224842039","224842333","chr1","244890481","244890772","12","20048442"
"chr1","224851398","224851699","chr1","8130637","8130940","39","216720761"
"chr1","224857056","224857341","chr1","244909135","244909435","24","20052079"
"chr1","224861890","224862196","chr1","244914000","244914291","17","20052110"
"chr1","224874074","224874352","chr3","15929159","15929438","38","208944915"
"chr1","224876675","224876995","chr1","244928942","244929260","7","20052267"
"chr1","224877666","224877813","chr1","244929931","244930078","8","20052265"
"chr1","224883116","224883274","chr1","244929931","244930078","14","20046815"
"chr1","224888872","224889155","chr12","110701576","110701859","53","114187296"
"chr1","224910604","224910884","chr22","31466131","31466412","31","193444473"
"chr1","224916628","224916915","chr1","244967767","244968053","9","20051139"
"chr1","224924487","224924782","chr1","244975590","244975860","26","20051103"
"chr1","224928188","224928495","chr1","244979293","244979605","13","20051105"
"chr1","224928498","224928631","chr2","96171116","96171249","9","128757382"
"chr1","224931278","224931488","chr1","244982383","244982593","3","20051105"
"chr1","224932353","224932656","chr1","244983458","244983759","10","20051105"
"chr1","224935550","224935849","chr2","48272556","48272851","33","176662994"
"chr1","224936186","224936500","chr1","7747907","7748211","40","217188279"
"chr1","224938838","224939138","chr1","244987198","244987496","12","20048360"
"chr1","224958149","224958418","chr1","245006305","245006582","13","20048156"
"chr1","224958492","224958782","chr17","62429676","62429970","48","162528816"
"chr1","224961655","224961961","chr1","245009853","245010160","2","20048198"
"chr1","224965551","224965861","chr1","245013749","245014061","11","20048198"
"chr1","224985203","224985506","chr1","245033719","245034019","8","20048516"
"chr1","224985806","224986117","chr1","245034323","245034630","10","20048517"
"chr1","224999197","224999273","chr22","32241564","32241635","15","192757633"
"chr1","224999445","224999658","chr4","76827215","76827420","45","148172230"
"chr1","225013571","225013874","chr1","245061824","245062127","7","20048253"
"chr1","225016916","225017118","chr1","245065159","245065352","15","20048243"
"chr1","225033333","225033639","chr1","245081462","245081768","3","20048129"
"chr1","225045864","225046171","chr1","245093417","245093725","6","20047553"
"chr1","225061737","225062046","chr1","245110102","245110385","31","20048365"
"chr1","225064388","225064685","chr6","148482689","148482986","32","76581699"
"chr1","225067522","225067820","chr2","42201800","42202099","39","182865722"
"chr1","225068697","225069016","chr1","245117054","245117353","25","20048357"
"chr1","225073557","225073867","chr1","245121889","245122201","22","20048332"
"chr1","225099617","225099832","chr6","20505021","20505232","34","204594596"
"chr1","225102280","225102588","chr1","245149820","245150124","10","20047540"
"chr1","225115620","225115892","chr1","245163169","245163441","5","20047549"
"chr1","225156726","225157021","chr1","245199488","245199783","5","20042762"
"chr1","225197118","225197401","chr1","245239894","245240171","11","20042776"
"chr1","225204508","225204812","chr1","245247169","245247476","18","20042661"
"chr1","225206836","225207123","chr2","53986343","53986629","66","171220493"
"chr1","225212196","225212483","chr2","53986343","53986629","66","171225853"
"chr1","225214507","225214667","chr12","50180326","50180485","25","175034181"
"chr1","225214693","225214812","chr1","32978339","32978455","12","192236354"
"chr1","225221239","225221532","chr1","245257740","245258032","7","20036501"
"chr1","225236520","225236829","chr1","245273133","245273441","4","20036613"
"chr1","225251406","225251701","chr1","245286826","245287121","5","20035420"
"chr1","225286124","225286425","chr2","27278399","27278713","14","198007725"
"chr1","225302928","225303251","chr6","107021059","107021370","54","118281869"
"chr1","225323836","225324133","chr1","245359013","245359319","13","20035177"
"chr1","225366942","225367234","chr1","245401587","245401893","24","20034645"
"chr1","225372093","225372403","chr1","245406776","245407087","10","20034683"
"chr1","225390864","225391125","chr1","245424157","245424418","4","20033293"
"chr1","225409316","225409609","chr1","245436891","245437186","49","20027575"
"chr1","225438946","225439252","chr1","245466644","245466950","7","20027698"
"chr1","225439915","225440197","chr1","245467613","245467895","3","20027698"
"chr1","225477277","225477570","chr1","245504944","245505237","6","20027667"
"chr1","225489507","225489800","chr1","245517084","245517373","11","20027577"
"chr1","225507483","225507782","chr1","245534782","245535082","4","20027299"
"chr1","225517820","225518123","chr1","245545103","245545401","9","20027283"
"chr1","225525336","225525626","chr1","245552617","245552899","21","20027281"
"chr1","225538107","225538404","chr1","245565275","245565589","23","20027168"
"chr1","225586032","225586326","chr1","245613321","245613615","8","20027289"
"chr1","225589663","225589947","chr9","83442255","83442534","38","142147408"
"chr1","225632072","225632375","chr1_KI270759v1_alt","354068","354370","7","225278004"
"chr1","225641833","225642102","chr1","245665707","245665984","25","20023874"
"chr1","225645137","225645452","chr1","245667879","245668195","5","20022742"
"chr1","225666350","225666649","chr1","245689558","245689857","7","20023208"
"chr1","225769305","225769633","chr1","245784844","245785181","16","20015539"
"chr1","225816702","225816840","chr1","245824435","245824574","2","20007733"
"chr1","225817138","225817316","chr1","245824882","245825053","9","20007744"
"chr1","225890457","225890753","chr1","245897613","245897910","5","20007156"
"chr1","225921261","225921555","chr1","245928391","245928685","6","20007130"
"chr1","225934398","225934698","chr1","245941518","245941822","11","20007120"
"chr1","225942403","225942696","chr1","245949528","245949821","5","20007125"
"chr1","226000182","226000483","chr1","246013177","246013479","6","20012995"
"chr1","226019952","226020253","chr1","246013177","246013479","6","19993225"
"chr1","226055829","226056102","chr1","246063665","246063939","5","20007836"
"chr1","226148557","226148864","chr1","246155699","246156000","12","20007142"
"chr1","226193917","226194221","chr1","246201731","246202034","13","20007814"
"chr1","226220120","226220428","chr1","246227957","246228269","18","20007837"
"chr1","226286685","226286978","chr17","39199335","39199631","32","187087350"
"chr1","226298279","226298538","chr1","246306094","246306355","8","20007815"
"chr1","226311539","226311830","chr8","104852442","104852744","52","121459097"
"chr1","226332603","226332898","chr1","246327913","246328212","10","19995310"
"chr1","226379638","226379821","chr1","246372609","246372792","3","19992971"
"chr1","226382721","226383032","chr1","246375718","246376029","2","19992997"
"chr1","226386660","226386971","chr1","246379718","246380037","21","19993058"
"chr1","226390545","226390849","chr4","88559954","88560259","36","137830591"
"chr1","226392784","226393086","chr12","110263755","110264055","37","116129029"
"chr1","226405919","226406227","chr1","246399012","246399323","12","19993093"
"chr1","226434370","226434668","chr3","50244026","50244327","33","176190344"
"chr1","226443776","226444082","chr1","246431448","246431754","10","19987672"
"chr1","226445721","226446038","chr1","246433386","246433685","25","19987665"
"chr1","226453976","226454286","chr1","246441601","246441907","10","19987625"
"chr1","226477473","226477762","chr19","32600258","32600548","46","193877215"
"chr1","226480122","226480437","chr1","246466887","246467202","8","19986765"
"chr1","226481617","226481913","chr1","246468362","246468658","7","19986745"
"chr1","226495311","226495607","chr1","246480796","246481088","7","19985485"
"chr1","226509017","226509324","chr1","246495660","246495968","7","19986643"
"chr1","226520845","226521193","chr1","246507699","246508046","9","19986854"
"chr1","226568314","226568608","chr9","92052535","92052831","32","134515779"
"chr1","226569510","226569813","chr1","246556992","246557295","9","19987482"
"chr1","226584327","226584623","chr1","246571153","246571449","5","19986826"
"chr1","226594066","226594369","chr1","246580738","246581038","13","19986672"
"chr1","226598712","226599007","chr1","246585368","246585663","5","19986656"
"chr1","226606353","226606663","chr17","9274741","9275050","42","217331612"
"chr1","226613340","226613634","chr1","246594489","246594783","2","19981149"
"chr1","226642954","226643287","chr1","246622826","246623123","41","19979872"
"chr1","226649877","226650178","chr1","246629729","246630030","5","19979852"
"chr1","226653322","226653622","chr1","246633168","246633461","9","19979846"
"chr1","226681292","226681575","chr1","246660445","246660751","26","19979153"
"chr1","226702991","226703321","chr1","246681444","246681739","41","19978453"
"chr1","226705761","226706078","chr1","246684179","246684496","6","19978418"
"chr1","226720273","226720558","chr1","246698158","246698443","4","19977885"
"chr1","226724138","226724446","chr1","246702005","246702315","10","19977867"
"chr1","226726990","226727272","chr1","246704149","246704433","12","19977159"
"chr1","226731267","226731568","chr1","246708461","246708762","6","19977194"
"chr1","226782741","226782905","chr1","162076584","162076748","20","64706157"
"chr1","226784647","226784937","chr1","246737601","246737891","6","19952954"
"chr1","226793589","226793881","chr1","246746559","246746851","3","19952970"
"chr1","226809657","226809953","chr1","246762560","246762865","13","19952903"
"chr1","226825719","226826013","chr1","246778030","246778328","7","19952311"
"chr1","226852466","226852763","chr1","246802901","246803207","17","19950435"
"chr1","226872935","226873223","chr1","246824019","246824307","7","19951084"
"chr1","226876836","226877148","chr1","246827961","246828270","8","19951125"
"chr1","226877521","226877819","chr1","246828639","246828953","20","19951118"
"chr1","226905341","226905622","chr1","246848584","246848856","41","19943243"
"chr1","226926230","226926362","chr1","246868420","246868552","3","19942190"
"chr1","226944224","226944524","chr1","246886055","246886355","4","19941831"
"chr1","226955201","226955495","chr1","246897032","246897325","2","19941831"
"chr1","226994164","226994449","chr1","246935752","246936037","4","19941588"
"chr1","226995963","226996281","chr19","38069659","38069975","41","188926304"
"chr1","227007198","227007500","chr1","246948070","246948372","6","19940872"
"chr1","227023703","227024012","chr1","246964589","246964899","5","19940886"
"chr1","227039819","227040117","chr1","246980418","246980717","13","19940599"
"chr1","227049140","227049408","chr1","246989736","246990004","1","19940596"
"chr1","227053330","227053549","chr1","246993892","246994111","3","19940562"
"chr1","227079506","227079613","chr14","73901290","73901398","18","153178216"
"chr1","227123356","227123668","chr4","27476382","27476693","48","199646974"
"chr1","227126269","227126568","chr1","247068037","247068337","13","19941768"
"chr1","227133462","227133764","chr1","247076659","247076960","4","19943197"
"chr1","227192245","227192540","chr1","247136665","247136960","5","19944420"
"chr1","227213559","227213866","chr1","247157968","247158275","7","19944409"
"chr1","227262808","227263107","chr1","247201102","247201401","9","19938294"
"chr1","227310197","227310515","chr1","247245100","247245418","6","19934903"
"chr1","227331045","227331091","chr11","72796632","72796682","6","154534413"
"chr1","227331677","227331771","chr1","247266507","247266601","0","19934830"
"chr1","227340524","227340777","chr1","247275370","247275628","8","19934846"
"chr1","227344043","227344354","chr1","247278964","247279275","5","19934921"
"chr1","227381182","227381490","chr1","247314742","247315050","2","19933560"
"chr1","227411826","227412123","chr1","247345762","247346056","7","19933936"
"chr1","227413224","227413530","chr7","140416945","140417252","55","86996279"
"chr1","227452341","227452647","chr1","247385950","247386259","13","19933609"
"chr1","227469229","227469526","chr1","247402958","247403255","9","19933729"
"chr1","227498536","227498805","chr1","247434971","247435235","9","19936435"
"chr1","227555287","227555547","chr1","247479259","247479523","6","19923972"
"chr1","227614128","227614438","chr1","247541728","247542038","5","19927600"
"chr1","227678076","227678382","chr1","247604417","247604729","15","19926341"
"chr1","227750208","227750500","chr3","9313407","9313701","54","218436801"
"chr1","227783429","227783718","chr1","247715974","247716262","1","19932545"
"chr1","227804000","227804272","chr1","247739734","247740005","6","19935734"
"chr1","227837943","227838248","chr1","247766716","247767018","8","19928773"
"chr1","227938737","227939035","chr1","247868901","247869199","7","19930164"
"chr1","227955802","227956089","chr4","6935649","6935943","46","221020153"
"chr1","228006420","228006721","chr1","247932057","247932358","7","19925637"
"chr1","228215045","228215330","chr1","248138318","248138603","12","19923273"
"chr1","228245275","228245585","chr1","248304738","248305048","8","20059463"
"chr1","228369052","228369386","chr1","248304738","248305048","32","19935686"
"chr1","228395292","228395520","chr1","248331184","248331412","4","19935892"
"chr1","228510569","228510861","chr1","231361769","231362062","46","2851200"
"chr1","228562839","228563144","chr1","248605104","248605382","30","20042265"
"chr1","228647463","228647765","chr11","116940224","116940530","13","111707239"
"chr1","228708821","228709119","chr1","248741209","248741506","12","20032388"
"chr1","228710608","228710902","chr1","248743183","248743485","18","20032575"
"chr1","228783898","228784206","chr1","248818066","248818375","12","20034168"
"chr1","228795066","228795381","chr1","248829277","248829588","9","20034211"
"chr1","228805497","228805801","chr1","248839733","248840037","8","20034236"
"chr1","228826067","228826361","chr1","248860743","248861039","16","20034676"
"chr1","228833710","228834020","chr1","248868376","248868685","11","20034666"
"chr1","228867448","228867741","chr1","248901987","248902283","11","20034539"
"chr3","118488953","118489250","chr3","116830422","116830718","8","1658531"
"chr3","50855706","50856016","chr4","87111343","87111653","35","36255637"
"chr3","51773239","51773496","chr3","50752534","50752791","3","1020705"
"chr3","54394708","54395015","chr3","53300641","53300947","2","1094067"
"chr3","135659460","135659758","chr3","133597453","133597749","6","2062007"
"chr3","154664779","154665089","chr3","152327337","152327647","4","2337442"
"chr3","163839867","163840170","chr1","37868983","37869292","38","125970884"
"chr3","169738235","169738526","chr3","167062177","167062472","16","2676058"
"chr3","182714258","182714541","chr3","179675566","179675847","6","3038692"
"chr3","187432920","187433042","chr3","184318470","184318592","1","3114450"
"chr3","14789","14942","chr3","75253137","75253292","6","75238348"
"chr3","15250","15384","chr3","37366","37501","6","22116"
"chr3","67960","68236","chr3","87601","87876","10","19641"
"chr3","124002","124296","chr3","144768","145067","10","20766"
"chr3","136584","136868","chr9","72962649","72962933","59","72826065"
"chr3","146859","147169","chr3","167654","167960","7","20795"
"chr3","162455","162767","chr17","61336831","61337131","44","61174376"
"chr3","171219","171518","chr3","188923","189204","27","17704"
"chr3","188516","188801","chr3","206187","206472","10","17671"
"chr3","242213","242511","chr3","259984","260282","5","17771"
"chr3","357859","358167","chr3","359294","359602","10","1435"
"chr3","363802","364101","chr3","366189","366485","16","2387"
"chr3","388958","389259","chr3","391233","391535","15","2275"
"chr3","398629","398932","chr1","174759314","174759617","55","174360685"
"chr3","462315","462612","chr3","454151","454448","9","8164"
"chr3","667176","667478","chr3","645213","645520","10","21963"
"chr3","715551","715846","chr14","21573392","21573683","37","20857841"
"chr3","778072","778379","chr3","756472","756788","22","21600"
"chr3","1044636","1044903","chr3","1014615","1014882","3","30021"
"chr3","1055029","1055321","chr3","1026758","1027052","9","28271"
"chr3","1192675","1192976","chr3","1169954","1170263","32","22721"
"chr3","1199539","1199830","chr3","1169954","1170263","23","29585"
"chr3","1237396","1237655","chr3","1200069","1200332","25","37327"
"chr3","1383740","1384042","chr3","1345120","1345415","9","38620"
"chr3","1409096","1409404","chr3","1370569","1370876","9","38527"
"chr3","1474226","1474517","chr3","1435813","1436109","11","38413"
"chr3","1489661","1489937","chr13","109911643","109911924","73","108421982"
"chr3","1503597","1503908","chr3","1464991","1465302","13","38606"
"chr3","1527014","1527325","chr3","1464991","1465302","10","62023"
"chr3","1656107","1656398","chr9","105236013","105236294","60","103579906"
"chr3","1685311","1685557","chr3","1636967","1637207","17","48344"
"chr3","1696856","1697166","chr3","1649428","1649736","21","47428"
"chr3","1699979","1700254","chr3","1649428","1649736","48","50551"
"chr3","1832232","1832526","chr3","1781775","1782073","12","50457"
"chr3","1918285","1918582","chr3","1867709","1868008","6","50576"
"chr3","1924179","1924466","chr3","1873739","1874026","4","50440"
"chr3","1945963","1946273","chr3","1895466","1895775","12","50497"
"chr3","2262922","2263235","chr6","41701663","41701966","49","39438741"
"chr3","2268016","2268330","chr3","2202826","2203133","18","65190"
"chr3","2341897","2342200","chr3","2276169","2276472","8","65728"
"chr3","2398994","2399278","chr3","2334174","2334458","9","64820"
"chr3","2452175","2452480","chr17","58923912","58924219","46","56471737"
"chr3","2477099","2477391","chr3","2413547","2413840","11","63552"
"chr3","2484906","2485210","chr3","2421248","2421551","12","63658"
"chr3","2548032","2548343","chr3","2481129","2481440","8","66903"
"chr3","2565680","2565970","chr3","2498798","2499087","9","66882"
"chr3","2698161","2698451","chr3","2630159","2630449","8","68002"
"chr3","2705364","2705673","chrX","12801597","12801908","55","10096233"
"chr3","2718579","2718707","chr3","2649847","2649975","1","68732"
"chr3","2727897","2728203","chr3","2659182","2659488","10","68715"
"chr3","2731510","2731822","chr3","2662811","2663121","4","68699"
"chr3","2743174","2743476","chr3","2674477","2674787","12","68697"
"chr3","2744904","2745207","chr3","2676243","2676521","33","68661"
"chr3","2772006","2772308","chr3","2704011","2704321","12","67995"
"chr3","2777188","2777485","chr3","2709632","2709929","7","67556"
"chr3","2804398","2804695","chr3","2736771","2737083","27","67627"
"chr3","2804699","2804992","chr3","2737087","2737380","12","67612"
"chr3","2817196","2817481","chr3","2749161","2749449","7","68035"
"chr3","2826515","2826807","chr3","2758518","2758808","8","67997"
"chr3","2855843","2856114","chr5","73194552","73194832","42","70338709"
"chr3","2857492","2857783","chr3","2789435","2789730","8","68057"
"chr3","2879563","2879889","chr11","116880842","116881167","46","114001279"
"chr3","2892409","2892713","chr3","2824177","2824486","16","68232"
"chr3","2892900","2893186","chr3","2824674","2824961","10","68226"
"chr3","2925620","2925910","chr3","2858444","2858706","35","67176"
"chr3","2942172","2942471","chr3","2874977","2875280","12","67195"
"chr3","2947020","2947332","chr3","2882081","2882393","4","64939"
"chr3","2972772","2973055","chr3","2891182","2891465","5","81590"
"chr3","2994462","2994775","chr3","2912870","2913179","6","81592"
"chr3","2996668","2996957","chr3","2915075","2915365","6","81593"
"chr3","3000519","3000835","chr3","2919062","2919377","10","81457"
"chr3","3063495","3063783","chr3","2981763","2982051","8","81732"
"chr3","3101810","3102107","chr8","41243138","41243436","49","38141328"
"chr3","3156517","3156789","chr5","129677840","129678111","48","126521323"
"chr3","3163379","3163680","chr3","3078552","3078853","8","84827"
"chr3","3164577","3164885","chr3","3079754","3080060","11","84823"
"chr3","3168587","3168887","chr3","3083767","3084072","14","84820"
"chr3","3183177","3183473","chr3","3098412","3098704","9","84765"
"chr3","3184441","3184739","chr3","3099690","3099969","25","84751"
"chr3","3187741","3187926","chr3","3102997","3103182","5","84744"
"chr3","3188792","3189078","chr3","3104052","3104338","5","84740"
"chr3","3205245","3205518","chr3","3120482","3120759","10","84763"
"chr3","3214817","3215082","chr22","21769457","21769733","47","18554640"
"chr3","3233399","3233632","chr8","80420199","80420427","44","77186800"
"chr3","3263767","3264062","chr3","3169986","3170280","15","93781"
"chr3","3311253","3311552","chr3","3215913","3216209","7","95340"
"chr3","3324936","3325238","chr15","51949418","51949716","40","48624482"
"chr3","3349622","3349921","chr3","3254443","3254742","11","95179"
"chr3","3351765","3352071","chr3","3256589","3256895","8","95176"
"chr3","3408520","3408799","chr3","3324586","3324864","6","83934"
"chr3","3556182","3556472","chr3","3447258","3447555","16","108924"
"chr3","3561741","3562036","chr17","74155430","74155726","45","70593689"
"chr3","3570861","3571132","chr1","28601274","28601530","48","25030413"
"chr3","3611111","3611412","chr3","3496950","3497256","8","114161"
"chr3","3767731","3768031","chr3","3653332","3653628","12","114399"
"chr3","3778950","3779233","chr3","3664485","3664768","3","114465"
"chr3","3892646","3892960","chr3","3787417","3787730","15","105229"
"chr3","4054273","4054573","chr1","21919144","21919442","45","17864871"
"chr3","4063660","4063973","chr3","3959256","3959564","14","104404"
"chr3","4079312","4079584","chr3","3976983","3977256","7","102329"
"chr3","4153920","4154229","chr3","4041062","4041371","1","112858"
"chr3","4276537","4276793","chr3","4160239","4160495","3","116298"
"chr3","4336049","4336338","chr3","4209905","4210194","6","126144"
"chr3","4422978","4423281","chr3","4299527","4299830","9","123451"
"chr3","4437981","4438290","chr3","4315765","4316068","12","122216"
"chr3","4464410","4464697","chr3","4342251","4342538","6","122159"
"chr3","4496655","4496941","chr3","4372026","4372311","5","124629"
"chr3","4507708","4508018","chr3","4383097","4383407","5","124611"
"chr3","4561746","4562057","chr3","4437657","4437966","8","124089"
"chr3","4608732","4609007","chr3","4484909","4485181","9","123823"
"chr3","4610072","4610359","chr3","4486249","4486536","4","123823"
"chr3","4629573","4629807","chr20","47159708","47159937","34","42530135"
"chr3","4664882","4665151","chr4","83549739","83550022","55","78884857"
"chr3","4667817","4668021","chr3","4543538","4543742","3","124279"
"chr3","4709703","4710013","chr3","4585426","4585736","7","124277"
"chr3","4732951","4733258","chr3","4608722","4609030","11","124229"
"chr3","4748442","4748747","chr3","4624392","4624693","8","124050"
"chr3","4750867","4751167","chr3","4626828","4627120","10","124039"
"chr3","4754653","4754938","chr3","4630601","4630886","7","124052"
"chr3","4786543","4786825","chr16","4974792","4975076","34","188249"
"chr3","4812143","4812263","chr3","4688063","4688183","2","124080"
"chr3","4814075","4814366","chr3","4689995","4690285","9","124080"
"chr3","4846967","4847274","chr3","4722868","4723175","7","124099"
"chr3","4892913","4893219","chr14","23429394","23429705","38","18536481"
"chr3","4908681","4908988","chr3","4784599","4784909","11","124082"
"chr3","4925594","4925904","chr3","4801482","4801792","3","124112"
"chr3","4966423","4966715","chr3","4842364","4842656","4","124059"
"chr3","4993128","4993424","chr3","4869199","4869495","4","123929"
"chr3","4994578","4994874","chr3","4870681","4870977","4","123897"
"chr3","5018240","5018526","chr3","4894381","4894689","27","123859"
"chr3","5036123","5036426","chr3","4912338","4912641","7","123785"
"chr3","5081748","5082049","chr15","89738833","89739132","54","84657085"
"chr3","5083205","5083583","chr3","4950569","4950882","71","132636"
"chr3","5088537","5088838","chr3","4955829","4956130","8","132708"
"chr3","5092736","5093039","chr3","4960056","4960359","14","132680"
"chr3","5093922","5094234","chr3","4961239","4961551","10","132683"
"chr3","5097937","5098220","chr5","177910455","177910739","46","172812518"
"chr3","5138764","5139050","chr3","5006370","5006681","30","132394"
"chr3","5139082","5139106","chr6","129320160","129320181","3","124181078"
"chr3","5145212","5145517","chr3","5012793","5013093","8","132419"
"chr3","5155115","5155424","chr3","5022733","5023040","8","132382"
"chr3","5158044","5158372","chr3","5025668","5025989","18","132376"
"chr3","5160000","5160298","chr4","152403196","152403496","41","147243196"
"chr3","5160851","5161149","chr3","5028449","5028747","7","132402"
"chr3","5173384","5173667","chr3","5039053","5039339","9","134331"
"chr3","5184711","5185011","chr3","5050367","5050667","9","134344"
"chr3","5188172","5188452","chr3","5053827","5054109","15","134345"
"chr3","5190993","5191287","chr3","5056650","5056947","14","134343"
"chr3","5209823","5210134","chr2","26447555","26447866","37","21237732"
"chr3","5227652","5227936","chr12","93152361","93152653","55","87924709"
"chr3","5232315","5232611","chr3","5097761","5098059","5","134554"
"chr3","5235385","5235679","chr3","5100828","5101120","9","134557"
"chr3","5238839","5239014","chr3","5104298","5104463","16","134541"
"chr3","5239312","5239456","chr3","5104748","5104892","3","134564"
"chr3","5241001","5241310","chr3","5106433","5106728","18","134568"
"chr3","5245780","5246059","chr3","5111190","5111469","12","134590"
"chr3","5250420","5250714","chr3","5117358","5117652","4","133062"
"chr3","5250803","5251113","chr3","5117741","5118054","9","133062"
"chr3","5266196","5266475","chr3","5130535","5130816","9","135661"
"chr3","5273097","5273407","chr3","5137424","5137737","7","135673"
"chr3","5285227","5285521","chr3","5150502","5150782","18","134725"
"chr3","5289467","5289623","chr1","31834347","31834495","36","26544880"
"chr3","5289659","5289782","chr9","122299289","122299413","16","117009630"
"chr3","5290656","5290948","chr3","5155910","5156202","4","134746"
"chr3","5291158","5291463","chr3","5156393","5156715","23","134765"
"chr3","5291469","5291637","chr3","5156721","5156905","17","134748"
"chr3","5292719","5293030","chr3","5157973","5158282","8","134746"
"chr3","5305547","5305858","chr3","5170720","5171031","5","134827"
"chr3","5318755","5319045","chr3","5183757","5184047","7","134998"
"chr3","5334943","5335233","chr3","5199941","5200229","7","135002"
"chr3","5370939","5371173","chr3","5233306","5233542","8","137633"
"chr3","5371890","5372188","chr3","5234431","5234729","2","137459"
"chr3","5396116","5396413","chr3","5259067","5259364","6","137049"
"chr3","5401713","5402019","chr3","5264665","5264971","8","137048"
"chr3","5403152","5403456","chr3","5266104","5266408","5","137048"
"chr3","5449071","5449375","chr3","5313303","5313593","19","135768"
"chr3","5515064","5515345","chr9","96316219","96316502","52","90801155"
"chr3","5630822","5631102","chr3","5483261","5483541","5","147561"
"chr3","5682190","5682484","chr3","5533999","5534296","8","148191"
"chr3","5905461","5905748","chr3","5753860","5754148","5","151601"
"chr3","5988025","5988326","chr3","5825776","5826073","8","162249"
"chr3","6004017","6004124","chr10","74999893","75000000","16","68995876"
"chr3","6024866","6025162","chr3","32437315","32437608","57","26412449"
"chr3","6115635","6115939","chr3","5946632","5946937","6","169003"
"chr3","6285767","6286077","chr3","6105656","6105966","6","180111"
"chr3","6311713","6312014","chr3","6131122","6131410","18","180591"
"chr3","6413652","6413959","chr3","6232172","6232479","12","181480"
"chr3","6545430","6545719","chr3","6368394","6368687","12","177036"
"chr3","6630700","6630970","chr3","6454021","6454272","20","176679"
"chr3","6729429","6729736","chr3","6552132","6552442","10","177297"
"chr3","6753326","6753635","chr3","6576109","6576418","6","177217"
"chr3","6862620","6862919","chr3","6685377","6685657","22","177243"
"chr3","6888439","6888716","chrX","135289335","135289611","39","128400896"
"chr3","6918940","6919023","chr3","6709324","6709407","3","209616"
"chr3","6947955","6948241","chr9","65131160","65131450","48","58183205"
"chr3","6954765","6955055","chr3","6745079","6745375","16","209686"
"chr3","6965932","6966223","chr3","6755877","6756173","8","210055"
"chr3","7012765","7013047","chr7","100285755","100286046","48","93272990"
"chr3","7016623","7016927","chr3","6805921","6806224","8","210702"
"chr3","7029865","7030174","chr3","6817478","6817787","10","212387"
"chr3","7035174","7035478","chr3","6822775","6823075","6","212399"
"chr3","7041606","7041914","chr18","70219164","70219474","40","63177558"
"chr3","7047205","7047523","chr3","6835728","6836018","31","211477"
"chr3","7047748","7048050","chr1","21963136","21963440","54","14915388"
"chr3","7067010","7067305","chr3","6855244","6855539","6","211766"
"chr3","7132579","7132875","chr3","6920273","6920570","6","212306"
"chr3","7139435","7139747","chr3","6927147","6927456","10","212288"
"chr3","7237830","7238121","chr3","7018815","7019106","5","219015"
"chr3","7344869","7345141","chr6","52241099","52241377","44","44896230"
"chr3","7396094","7396390","chr3","7164085","7164381","7","232009"
"chr3","7407531","7407827","chr3","7175537","7175833","9","231994"
"chr3","7410774","7411099","chr3","7178799","7179119","14","231975"
"chr3","7540275","7540577","chr3","7311598","7311894","13","228677"
"chr3","7585252","7585548","chr3","7356298","7356602","16","228954"
"chr3","7587657","7587957","chr3","7358836","7359139","12","228821"
"chr3","7588160","7588460","chr3","7359334","7359638","10","228826"
"chr3","7759547","7759845","chr3","7534013","7534312","17","225534"
"chr3","7811798","7812086","chr3","7586526","7586814","5","225272"
"chr3","7947854","7948151","chr3","7722449","7722741","12","225405"
"chr3","7976056","7976350","chr3","7749898","7750194","9","226158"
"chr3","8073774","8074084","chr3","7846094","7846405","9","227680"
"chr3","8090998","8091299","chr18","549611","549904","41","7541387"
"chr3","8105980","8106291","chr3","7877501","7877812","18","228479"
"chr3","8227177","8227476","chr3","7996455","7996756","5","230722"
"chr3","8386218","8386520","chr3","8157204","8157519","20","229014"
"chr3","8401806","8402108","chr3","8172645","8172950","15","229161"
"chr3","8460361","8460651","chr3","8229529","8229839","24","230832"
"chr3","8502333","8502611","chr8","30891489","30891768","5","22389156"
"chr3","8676881","8677184","chr3","8441533","8441838","4","235348"
"chr3","8732169","8732265","chr22","41401069","41401164","8","32668900"
"chr3","8833692","8833989","chr3","8597939","8598237","10","235753"
"chr3","8891532","8891816","chr12","95297838","95298123","42","86406306"
"chr3","9053285","9053590","chr3","8810260","8810562","12","243025"
"chr3","9075695","9075988","chr4","112793697","112793996","58","103718002"
"chr3","9101716","9102019","chr3","8858837","8859142","8","242879"
"chr3","9108282","9108588","chr3","8865369","8865677","6","242913"
"chr3","9140461","9140766","chr3","8897784","8898089","5","242677"
"chr3","9145250","9145375","chr3","8902614","8902739","2","242636"
"chr3","9145382","9145663","chr3","8902746","8903051","28","242636"
"chr3","9224720","9225010","chr3","8976178","8976463","12","248542"
"chr3","9290339","9290638","chr17","14483834","14484132","37","5193495"
"chr3","9298264","9298625","chr2","7896788","7897115","96","1401476"
"chr3","9373154","9373436","chr3","9123425","9123708","8","249729"
"chr3","9381146","9381454","chr3","9131431","9131741","4","249715"
"chr3","9382915","9383203","chr3","9133200","9133490","7","249715"
"chr3","9414167","9414479","chr3","9164277","9164589","13","249890"
"chr3","9427921","9428228","chr9","69203608","69203911","50","59775687"
"chr3","9491392","9491680","chr8","55952277","55952569","52","46460885"
"chr3","9492930","9493240","chr3","9243354","9243649","20","249576"
"chr3","9495214","9495513","chr3","9245642","9245941","7","249572"
"chr3","9538026","9538330","chr3","9277318","9277630","12","260708"
"chr3","9542339","9542629","chr16","18978346","18978643","41","9436007"
"chr3","9549533","9549831","chr3","9288901","9289198","5","260632"
"chr3","9550459","9550762","chr3","9289826","9290120","11","260633"
"chr3","9558237","9558544","chr3","9297614","9297914","14","260623"
"chr3","9564491","9564797","chr3","9303144","9303443","15","261347"
"chr3","9569229","9569517","chr3","9307873","9308160","6","261356"
"chr3","9574736","9575029","chr3","9313407","9313701","6","261329"
"chr3","9593444","9593728","chr3","9332135","9332419","1","261309"
"chr3","9602971","9603088","chr3","9341681","9341798","3","261290"
"chr3","9622802","9623100","chr3","9362163","9362463","13","260639"
"chr3","9633040","9633341","chr3","9372294","9372593","7","260746"
"chr3","9652067","9652365","chr3","9391257","9391557","6","260810"
"chr3","9687318","9687499","chr1","201714021","201714210","27","192026703"
"chr3","9723322","9723457","chr1","155097151","155097285","9","145373829"
"chr3","9744748","9745051","chr10","119361679","119361990","40","109616931"
"chr3","9750511","9750801","chr3","9482870","9483177","23","267641"
"chr3","9751975","9752277","chr3","9484377","9484671","15","267598"
"chr3","9756539","9756834","chr3","9488863","9489157","7","267676"
"chr3","9759573","9759879","chr3","9491866","9492166","10","267707"
"chr3","9760840","9761143","chr3","9493127","9493428","7","267713"
"chr3","9761651","9761963","chr3","9493939","9494254","7","267712"
"chr3","9763538","9763841","chr3","9496393","9496695","10","267145"
"chr3","9803779","9804037","chr3","9536680","9536935","8","267099"
"chr3","9813809","9814121","chr3","9546032","9546342","7","267777"
"chr3","9826341","9826648","chr3","9558782","9559089","11","267559"
"chr3","9827150","9827448","chr3","9560641","9560946","12","266509"
"chr3","9855356","9855483","chr9","76343377","76343502","23","66488021"
"chr3","9882599","9882909","chr3","9616537","9616843","15","266062"
"chr3","9892813","9893103","chr3","9626855","9627145","6","265958"
"chr3","9894676","9894977","chr3","9628692","9628993","12","265984"
"chr3","9914473","9914770","chr3","9648896","9649190","5","265577"
"chr3","9917275","9917434","chr3","9651675","9651832","4","265600"
"chr3","9917733","9917870","chr3","9652130","9652266","4","265603"
"chr3","9918324","9918554","chr3","9652724","9652954","3","265600"
"chr3","9925878","9926159","chr3","9660262","9660560","26","265616"
"chr3","9970442","9970732","chr3","9702723","9703011","7","267719"
"chr3","9986716","9987022","chr3","9718831","9719135","4","267885"
"chr3","9993134","9993439","chr3","9725253","9725556","6","267881"
"chr3","10024258","10024542","chr3","9756035","9756320","6","268223"
"chr3","10044040","10044329","chr3","9774981","9775268","9","269059"
"chr3","10064182","10064489","chr3","9788830","9789135","8","275352"
"chr3","10071145","10071440","chr3","9795814","9796111","9","275331"
"chr3","10076282","10076458","chr2","199279859","199280036","15","189203577"
"chr3","10087752","10087896","chr3","9812091","9812235","1","275661"
"chr3","10088183","10088351","chr3","9812522","9812690","7","275661"
"chr3","10090616","10090923","chr3","9814956","9815255","18","275660"
"chr3","10097386","10097692","chr3","9821721","9822022","17","275665"
"chr3","10098196","10098371","chr3","9822525","9822721","23","275671"
"chr3","10098437","10098560","chr3","9822787","9822908","3","275650"
"chr3","10112392","10112650","chr3","9836724","9836981","2","275668"
"chr3","10115252","10115543","chr3","9839583","9839876","7","275669"
"chr3","10133617","10133921","chr17","42708373","42708668","45","32574756"
"chr3","10145200","10145504","chr3","9869251","9869549","11","275949"
"chr3","10153342","10153652","chr3","9877380","9877691","10","275962"
"chr3","10161762","10162066","chr3","9888102","9888406","1","273660"
"chr3","10163711","10163988","chr1","37659714","37659986","43","27496003"
"chr3","10170685","10170910","chr2","159606923","159607154","41","149436238"
"chr3","10196387","10196678","chr3","9923269","9923561","8","273118"
"chr3","10200794","10201108","chr3","9927659","9927962","20","273135"
"chr3","10229563","10229861","chr3","9956444","9956742","4","273119"
"chr3","10236917","10237203","chr3","9970928","9971213","5","265989"
"chr3","10238482","10238777","chr3","9972489","9972784","10","265993"
"chr3","10240860","10241190","chr3","9974858","9975164","27","266002"
"chr3","10249168","10249469","chr3","9983150","9983446","11","266018"
"chr3","10284214","10284509","chr3","10018460","10018755","8","265754"
"chr3","10288554","10288844","chr3","9869251","9869549","37","419303"
"chr3","10293539","10293666","chr3","10027936","10028063","1","265603"
"chr3","10303644","10303926","chr3","10038005","10038287","6","265639"
"chr3","10333011","10333309","chr3","10066725","10067023","4","266286"
"chr3","10339251","10339470","chr1","92085310","92085529","33","81746059"
"chr3","10368641","10368927","chr3","10105469","10105771","19","263172"
"chr3","10370805","10370883","chr3","10107665","10107743","2","263140"
"chr3","10374230","10374531","chr3","10111108","10111410","3","263122"
"chr3","10382854","10383154","chr3","10120197","10120494","7","262657"
"chr3","10388486","10388789","chr3","10125809","10126112","7","262677"
"chr3","10393501","10393803","chr3","10130817","10131114","13","262684"
"chr3","10402225","10402534","chr3","10139070","10139373","10","263155"
"chr3","10429154","10429463","chr3","10173540","10173849","2","255614"
"chr3","10441544","10441856","chr3","10185593","10185904","6","255951"
"chr3","10453030","10453146","chr6","139036125","139036240","8","128583095"
"chr3","10453172","10453461","chr3","10197096","10197414","33","256076"
"chr3","10472739","10473041","chr3","10207711","10208014","5","265028"
"chr3","10483128","10483437","chr3","10218142","10218451","9","264986"
"chr3","10488654","10488959","chr3","10229819","10230124","3","258835"
"chr3","10489576","10489888","chr3","10230742","10231054","1","258834"
"chr3","10490134","10490431","chr3","10231295","10231592","1","258839"
"chr3","10492696","10493003","chr3","10233854","10234161","6","258842"
"chr3","10500059","10500202","chrX","46228686","46228830","16","35728627"
"chr3","10500490","10500743","chr3","109380590","109380788","102","98880100"
"chr3","10510684","10510977","chr3","10251392","10251685","6","259292"
"chr3","10514958","10515249","chr3","10255660","10255951","10","259298"
"chr3","10516320","10516601","chr1","12074975","12075251","55","1558655"
"chr3","10530599","10530907","chr6","13411292","13411591","48","2880693"
"chr3","10531502","10531716","chr7","2430669","2430883","44","8100833"
"chr3","10534495","10534802","chr3","10275466","10275748","28","259029"
"chr3","10540709","10540989","chr3","10281700","10281980","5","259009"
"chr3","10554915","10555220","chr3","10295595","10295904","13","259320"
"chr3","10569524","10569835","chr3","10310209","10310520","5","259315"
"chr3","10580638","10580970","chr17","5171884","5172191","65","5408754"
"chr3","10600582","10600882","chr3","10341305","10341610","11","259277"
"chr3","10620152","10620228","chr3","10361240","10361316","1","258912"
"chr3","10701305","10701596","chr3","10441247","10441538","4","260058"
"chr3","10746384","10746667","chr3","10486740","10487027","9","259644"
"chr3","10845238","10845534","chr3","10587383","10587679","10","257855"
"chr3","10863467","10863771","chr3","10605654","10605948","26","257813"
"chr3","10945630","10945928","chr3","10687581","10687883","9","258049"
"chr3","11069391","11069523","chr3","10811674","10811806","4","257717"
"chr3","11139969","11140266","chr3","10887444","10887741","3","252525"
"chr3","11300276","11300556","chr3","11046900","11047180","2","253376"
"chr3","11311720","11312020","chr3","11058404","11058691","23","253316"
"chr3","11320538","11320845","chr6","17904186","17904495","42","6583648"
"chr3","11365145","11365381","chr3","11114609","11114845","2","250536"
"chr3","11386310","11386452","chr6","7563956","7564097","18","3822354"
"chr3","11421050","11421382","chr3","11171110","11171415","38","249940"
"chr3","11466585","11466879","chr3","11216597","11216899","11","249988"
"chr3","11497179","11497482","chr7","75811197","75811500","39","64314018"
"chr3","11519778","11520055","chr3","11267700","11267981","9","252078"
"chr3","11520086","11520125","chr12","121379356","121379397","11","109859270"
"chr3","11544521","11544833","chr3","11293248","11293555","12","251273"
"chr3","11544845","11545147","chr3","11293566","11293866","9","251279"
"chr3","11551181","11551476","chr3","11299929","11300229","11","251252"
"chr3","11594116","11594410","chr3","11342934","11343228","5","251182"
"chr3","11651050","11651196","chr19","47139067","47139206","30","35488017"
"chr3","11652869","11653152","chr3","11399066","11399361","18","253803"
"chr3","11657750","11658051","chr3","11404157","11404433","35","253593"
"chr3","11659602","11659914","chr3","11405980","11406289","10","253622"
"chr3","11676571","11676875","chr3","11422741","11423058","21","253830"
"chr3","11722915","11723218","chr3","11469704","11470009","7","253211"
"chr3","11724964","11725256","chr3","11471742","11472036","6","253222"
"chr3","11737400","11737704","chr3","11484112","11484420","11","253288"
"chr3","11738443","11738736","chr3","11484112","11484420","22","254331"
"chr3","11748269","11748571","chr3","11496848","11497150","5","251421"
"chr3","11758115","11758415","chr3","11506999","11507299","6","251116"
"chr3","11767939","11768228","chr3","11516801","11517092","7","251138"
"chr3","11781812","11782093","chr3","11530719","11531000","5","251093"
"chr3","11828484","11828768","chr3","11577317","11577601","4","251167"
"chr3","11836326","11836614","chr3","11585154","11585446","6","251172"
"chr3","11860782","11861095","chr3","11608870","11609167","20","251912"
"chr3","11886948","11887245","chr3","11634679","11634971","9","252269"
"chr3","11896998","11897297","chr3","11644576","11644875","6","252422"
"chr3","11897791","11898091","chr3","11645692","11645995","11","252099"
"chr3","11904485","11904768","chr3","11652416","11652700","6","252069"
"chr3","11921817","11922124","chr3","11667843","11668143","12","253974"
"chr3","11927728","11928025","chr3","11673732","11674041","18","253996"
"chr3","11937910","11938195","chr3","11683932","11684217","3","253978"
"chr3","11948314","11948613","chr3","11694339","11694638","6","253975"
"chr3","11953467","11953775","chr3","11699525","11699822","16","253942"
"chr3","11957905","11958035","chr3","11703967","11704094","3","253938"
"chr3","11964747","11965042","chr3","11710818","11711113","3","253929"
"chr3","11968288","11968420","chr3","11714409","11714541","1","253879"
"chr3","11980380","11980690","chr3","11726520","11726830","11","253860"
"chr3","12002478","12002668","chr3","11748486","11748678","13","253992"
"chr3","12003064","12003328","chr21","33706054","33706308","29","21702990"
"chr3","12005201","12005505","chr3","11751090","11751391","9","254111"
"chr3","12022131","12022366","chr3","11769115","11769351","6","253016"
"chr3","12025968","12026270","chr3","11772954","11773256","0","253014"
"chr3","12030530","12030826","chr3","11777512","11777807","8","253018"
"chr3","12037217","12037504","chr3","11784221","11784528","31","252996"
"chr3","12056175","12056448","chr3","11802992","11803267","9","253183"
"chr3","12066397","12066693","chr3","11813248","11813551","14","253149"
"chr3","12076353","12076665","chr3","11823255","11823556","16","253098"
"chr3","12076763","12077068","chr3","11823255","11823556","20","253508"
"chr3","12080809","12081118","chr16","11614288","11614597","49","466521"
"chr3","12090000","12090299","chr3","11836464","11836763","4","253536"
"chr3","12091749","12092051","chr3","11838212","11838517","11","253537"
"chr3","12101983","12102236","chr3","11848464","11848718","5","253519"
"chr3","12104483","12104818","chr3","11850997","11851308","25","253486"
"chr3","12108738","12109034","chr3","11855231","11855528","6","253507"
"chr3","12110186","12110360","chr4","119451103","119451281","34","107340917"
"chr3","12110391","12110510","chr6","158743627","158743745","11","146633236"
"chr3","12143279","12143499","chr10","5761752","5761974","31","6381527"
"chr3","12185977","12186275","chr3","11928767","11929060","11","257210"
"chr3","12220893","12221199","chr3","11964881","11965186","3","256012"
"chr3","12306329","12306613","chr3","12057009","12057284","16","249320"
"chr3","12464441","12464743","chr3","12215657","12215959","4","248784"
"chr3","12531649","12531737","chr1","226140472","226140558","13","213608823"
"chr3","12534322","12534623","chr17","3731332","3731641","47","8802990"
"chr3","12537841","12538132","chr3","12285938","12286229","5","251903"
"chr3","12554776","12555075","chr3","12303203","12303500","5","251573"
"chr3","12565239","12565524","chr2","134922999","134923286","36","122357760"
"chr3","12576245","12576380","chr3","12325008","12325142","8","251237"
"chr3","12576687","12576867","chr3","12325452","12325625","15","251235"
"chr3","12613518","12613829","chr3","12362236","12362520","35","251282"
"chr3","12625570","12625876","chr3","12374317","12374623","4","251253"
"chr3","12656063","12656371","chr3","12404522","12404830","3","251541"
"chr3","12684921","12685230","chr3","12433256","12433567","4","251665"
"chr3","12718672","12718993","chr3","169877172","169877487","53","157158500"
"chr3","12742262","12742560","chr3","12490990","12491291","4","251272"
"chr3","12745679","12745982","chr3","12494387","12494700","15","251292"
"chr3","12753495","12753795","chr3","12502265","12502565","9","251230"
"chr3","12760405","12760715","chr20","14781914","14782223","41","2021509"
"chr3","12774825","12775133","chr3","184772401","184772709","45","171997576"
"chr3","12776792","12777110","chr3","12525545","12525862","14","251247"
"chr3","12784508","12784813","chr5","157653885","157654181","57","144869377"
"chr3","12790130","12790403","chr2","88665329","88665602","32","75875199"
"chr3","12793138","12793445","chr3","12540592","12540898","10","252546"
"chr3","12801776","12802068","chr3","12549250","12549542","7","252526"
"chr3","12803721","12804014","chr3","12551213","12551507","10","252508"
"chr3","12805247","12805543","chr3","57955565","57955869","58","45150318"
"chr3","12817393","12817679","chr2","224453567","224453854","46","211636174"
"chr3","12845074","12845359","chr3","12593096","12593380","10","251978"
"chr3","12848161","12848462","chr3","12596185","12596493","12","251976"
"chr3","12857290","12857569","chr3","12605296","12605577","6","251994"
"chr3","12869580","12869882","chr3","12617110","12617414","6","252470"
"chr3","12877144","12877327","chr19","48655250","48655418","53","35778106"
"chr3","12881226","12881491","chr3","12628778","12629043","5","252448"
"chr3","12886100","12886365","chr3","12628778","12629043","5","257322"
"chr3","12897075","12897374","chrX","132910868","132911165","50","120013793"
"chr3","12903764","12904074","chr5","32285076","32285374","124","19381312"
"chr3","12908834","12909133","chr7","68856862","68857164","43","55948028"
"chr3","12909747","12910029","chr3","12652667","12652952","5","257080"
"chr3","12910078","12910372","chr3","12653000","12653294","5","257078"
"chr3","12910542","12910828","chr3","12653464","12653750","7","257078"
"chr3","12918487","12918797","chr3","12661422","12661732","8","257065"
"chr3","12922523","12922660","chr3","12665491","12665628","1","257032"
"chr3","12922972","12923154","chr3","12665928","12666094","21","257044"
"chr3","12934489","12934788","chr6","87465480","87465779","32","74530991"
"chr3","12937600","12937895","chr3","12680203","12680508","14","257397"
"chr3","12938266","12938575","chr3","12680878","12681186","4","257388"
"chr3","12948888","12949023","chr3","12690886","12691021","0","258002"
"chr3","12956221","12956512","chr3","12698247","12698538","8","257974"
"chr3","12973332","12973631","chr3","12714094","12714393","21","259238"
"chr3","12999414","12999715","chr7","4085552","4085853","37","8913862"
"chr3","13017035","13017206","chr3","12757831","12758002","2","259204"
"chr3","13020530","13020839","chr3","12761325","12761633","8","259205"
"chr3","13021865","13022152","chr3","12778933","12779216","15","242932"
"chr3","13027422","13027730","chr3","185355190","185355484","42","172327768"
"chr3","13034661","13034956","chr3","12791787","12792082","3","242874"
"chr3","13043647","13043922","chr3","12800747","12801022","6","242900"
"chr3","13067344","13067644","chr3","12824629","12824932","10","242715"
"chr3","13080806","13081107","chr3","12838125","12838426","7","242681"
"chr3","13128944","13129248","chr3","12889590","12889912","24","239354"
"chr3","13254447","13254762","chr3","13000947","13001257","16","253500"
"chr3","13266544","13266814","chr3","13012965","13013230","13","253579"
"chr3","13370101","13370251","chr3","13116619","13116768","6","253482"
"chr3","13501541","13501849","chr2","27548791","27549099","40","14047250"
"chr3","13554909","13555186","chr3","13298954","13299231","5","255955"
"chr3","13566746","13567020","chr22","47568441","47568717","46","34001695"
"chr3","13569411","13569682","chr15_GL383555v2_alt","191007","191293","41","13378404"
"chr3","13622820","13623119","chr3","13366132","13366431","5","256688"
"chr3","13651871","13652128","chr3","13395360","13395617","2","256511"
"chr3","13654678","13654980","chr3","13398158","13398449","17","256520"
"chr3","13674775","13674919","chr3","13418311","13418455","4","256464"
"chr3","13675252","13675422","chr3","13418815","13418977","17","256437"
"chr3","13699446","13699756","chr3","13442594","13442885","24","256852"
"chr3","13708409","13708700","chr9","92052535","92052831","43","78344126"
"chr3","13730950","13731258","chr3","13472662","13472971","9","258288"
"chr3","13747864","13748174","chr3","13489561","13489871","10","258303"
"chr3","13755450","13755761","chr3","13497168","13497479","12","258282"
"chr3","13756124","13756435","chr3","13497842","13498155","6","258282"
"chr3","13782844","13783141","chr3","13524638","13524935","5","258206"
"chr3","13783144","13783441","chr3","13524938","13525236","6","258206"
"chr3","13800870","13801174","chr2","105871491","105871794","40","92070621"
"chr3","13825646","13825941","chr3","13567362","13567657","3","258284"
"chr3","13873296","13873612","chr3","13641638","13641955","11","231658"
"chr3","13923190","13923498","chr3","13691428","13691736","10","231762"
"chr3","13929695","13929998","chr3","13697991","13698295","6","231704"
"chr3","13986660","13986969","chr3","13751421","13751727","6","235239"
"chr3","14033518","14033820","chr3","13797914","13798201","22","235604"
"chr3","14092135","14092443","chr3","13856536","13856844","7","235599"
"chr3","14147226","14147539","chr3","13912028","13912341","9","235198"
"chr3","14157735","14158018","chr3","13922553","13922861","32","235182"
"chr3","14214935","14215211","chr3","13980486","13980798","38","234449"
"chr3","14244275","14244572","chr3","14012254","14012549","4","232021"
"chr3","14291789","14292075","chr3","14059368","14059654","4","232421"
"chr3","14528930","14529236","chr3","14292036","14292317","28","236894"
"chr3","14563193","14563500","chr3","14326432","14326739","15","236761"
"chr3","14564195","14564513","chr3","14327450","14327764","17","236745"
"chr3","14591641","14591929","chr3","14354474","14354761","9","237167"
"chr3","14668968","14669159","chr2","80159583","80159773","21","65490615"
"chr3","14683297","14683610","chr2","216467190","216467492","49","201783893"
"chr3","14687601","14687895","chr3","14437816","14438144","39","249785"
"chr3","14778729","14779023","chr5","149332115","149332405","46","134553386"
"chr3","14821481","14821711","chr3","14552650","14552880","4","268831"
"chr3","14879997","14880107","chr6","44360146","44360258","24","29480149"
"chr3","14880137","14880346","chr3","72635960","72636150","48","57755823"
"chr3","14881231","14881502","chr3","14612843","14613078","40","268388"
"chr3","14967683","14967994","chr3","14688248","14688559","9","279435"
"chr3","14974230","14974529","chr3","14694789","14695088","5","279441"
"chr3","14975834","14976099","chr3","14696408","14696671","11","279426"
"chr3","14988106","14988390","chr3","14708659","14708943","6","279447"
"chr3","15015792","15016103","chr3","14736285","14736590","14","279507"
"chr3","15016114","15016380","chr3","14736600","14736866","2","279514"
"chr3","15060790","15061076","chr9","35178618","35178909","45","20117828"
"chr3","15064041","15064223","chr3","14784770","14784952","1","279271"
"chr3","15069546","15069851","chr3","14790274","14790576","7","279272"
"chr3","15097284","15097588","chr3","14817199","14817495","13","280085"
"chr3","15120243","15120551","chr3","14840133","14840444","11","280110"
"chr3","15121472","15121780","chr3","14840133","14840444","10","281339"
"chr3","15140559","15140872","chr3","14859275","14859589","10","281284"
"chr3","15251216","15251525","chr3","14972165","14972472","8","279051"
"chr3","15253639","15253952","chr3","14974598","14974903","10","279041"
"chr3","15284730","15285001","chr3","15002979","15003249","6","281751"
"chr3","15308638","15308878","chr19","14049907","14050148","37","1258731"
"chr3","15314714","15314846","chr3","15035613","15035744","4","279101"
"chr3","15315143","15315314","chr3","15036041","15036208","12","279102"
"chr3","15315941","15316225","chr3","15036840","15037126","4","279101"
"chr3","15345786","15346082","chr3","15065793","15066079","16","279993"
"chr3","15346985","15347142","chr3","15066984","15067140","3","280001"
"chr3","15347443","15347573","chr3","15067441","15067571","1","280002"
"chr3","15364078","15364377","chr3","15084111","15084417","15","279967"
"chr3","15380504","15380816","chr3","15100625","15100937","15","279879"
"chr3","15385948","15386242","chr3","15106108","15106399","8","279840"
"chr3","15388538","15388859","chr17","72949145","72949460","52","57560607"
"chr3","15495327","15495598","chr3","15221698","15221964","8","273629"
"chr3","15514487","15514782","chrX","48553899","48554192","44","33039412"
"chr3","15519512","15519825","chr3","15245939","15246237","18","273573"
"chr3","15548280","15548594","chr8","42087223","42087533","38","26538943"
"chr3","15562828","15563066","chr2","25888291","25888534","53","10325463"
"chr3","15600151","15600446","chr3","54783325","54783620","45","39183174"
"chr3","15633657","15633958","chr3","15359286","15359587","9","274371"
"chr3","15633960","15634095","chr3","15359589","15359714","10","274371"
"chr3","15634865","15635161","chr3","15360253","15360549","7","274612"
"chr3","15640502","15640807","chr3","15365878","15366182","7","274624"
"chr3","15648559","15648858","chr2","226596490","226596790","40","210947931"
"chr3","15662748","15663060","chr3","52073183","52073487","41","36410435"
"chr3","15664863","15665164","chr8","140052500","140052796","38","124387637"
"chr3","15665285","15665568","chr3","15390150","15390436","7","275135"
"chr3","15673884","15674180","chr3","15398198","15398493","3","275686"
"chr3","15687577","15687867","chr3","15411774","15412064","8","275803"
"chr3","15700072","15700368","chr5","76248624","76248918","50","60548552"
"chr3","15714292","15714600","chr3","15438515","15438822","8","275777"
"chr3","15732548","15732849","chr3","15456814","15457123","12","275734"
"chr3","15734580","15734866","chr3","15458847","15459143","14","275733"
"chr3","15735199","15735506","chr3","15459479","15459778","14","275720"
"chr3","15834952","15835264","chr3","15559206","15559519","11","275746"
"chr3","15842957","15843290","chr3","15567207","15567518","24","275750"
"chr3","15913889","15914179","chr3","15639828","15640119","4","274061"
"chr3","15917330","15917631","chr3","39921599","39921903","43","24004269"
"chr3","15928007","15928123","chr3","15653905","15654021","2","274102"
"chr3","15931995","15932307","chr3","15657886","15658196","9","274109"
"chr3","15935092","15935402","chr3","15660985","15661293","8","274107"
"chr3","15945707","15946010","chr3","195745525","195745826","40","179799818"
"chr3","15985784","15986102","chr3","15711693","15711995","18","274091"
"chr3","15990078","15990382","chr3","15715982","15716279","12","274096"
"chr3","15995845","15996155","chr3","15721744","15722044","11","274101"
"chr3","16028416","16028700","chr3","15753664","15753948","8","274752"
"chr3","16125661","16125959","chr3","15857286","15857584","5","268375"
"chr3","16172902","16173193","chr3","15902445","15902723","16","270457"
"chr3","16195817","16196096","chr3","15929159","15929438","5","266658"
"chr3","16204273","16204577","chr3","15937609","15937915","5","266664"
"chr3","16219016","16219288","chr3","15952045","15952317","0","266971"
"chr3","16256807","16257117","chr10","103219049","103219346","57","86962242"
"chr3","16282894","16283193","chr2","30783899","30784198","40","14501005"
"chr3","16471162","16471452","chr3","16206095","16206391","12","265067"
"chr3","16483837","16484133","chr3","16218811","16219109","6","265026"
"chr3","16490811","16491089","chr3","16225784","16226065","8","265027"
"chr3","16699808","16700115","chr3","32546126","32546429","39","15846318"
"chr3","16705672","16705979","chr3","16438304","16438615","9","267368"
"chr3","16756791","16757100","chr3","16489627","16489935","5","267164"
"chr3","16873821","16874117","chr3","16603351","16603645","17","270470"
"chr3","17088790","17089101","chr3","16816647","16816958","3","272143"
"chr3","17102197","17102478","chr3","16830039","16830317","9","272158"
"chr3","17175257","17175555","chr3","16902545","16902845","8","272712"
"chr3","17183686","17183985","chr3","16910972","16911273","9","272714"
"chr3","17258562","17258863","chr3","16986401","16986702","4","272161"
"chr3","17298745","17299019","chr3","17026610","17026884","1","272135"
"chr3","17385998","17386297","chr3","17093653","17093952","12","292345"
"chr3","17407242","17407533","chr3","17118311","17118607","11","288931"
"chr3","17436124","17436419","chr3","17147341","17147634","10","288783"
"chr3","17487421","17487733","chr3","17186428","17186739","5","300993"
"chr3","17527544","17527854","chr3","17225157","17225467","6","302387"
"chr3","17753049","17753358","chr3","17440632","17440941","3","312417"
"chr3","17807124","17807423","chr3","17492442","17492733","17","314682"
"chr3","17854811","17855073","chr3","17538900","17539165","12","315911"
"chr3","17857760","17858070","chr15","73205906","73206206","56","55348146"
"chr3","17865400","17865680","chr3","17549648","17549928","5","315752"
"chr3","17874936","17875230","chr3","17559152","17559443","8","315784"
"chr3","17919367","17919626","chr3","17603684","17603943","6","315683"
"chr3","18037038","18037348","chr3","17720830","17721140","8","316208"
"chr3","18071362","18071666","chr3","17754603","17754913","12","316759"
"chr3","18084691","18084994","chr3","17767532","17767818","22","317159"
"chr3","18107383","18107691","chr3","17790605","17790909","8","316778"
"chr3","18168364","18168665","chr3","17851868","17852168","7","316496"
"chr3","18186863","18187159","chr3","17870370","17870673","14","316493"
"chr3","18400335","18400631","chr3","18084224","18084527","14","316111"
"chr3","18501504","18501791","chr3","18183970","18184254","8","317534"
"chr3","18624932","18625249","chr3","44068575","44068880","60","25443643"
"chr3","18893177","18893464","chr3","18508518","18508808","7","384659"
"chr3","18937107","18937208","chr11","118250196","118250302","18","99313089"
"chr3","18942546","18942657","chr7","128491205","128491313","14","109548659"
"chr3","19068987","19069296","chr3","18665388","18665698","14","403599"
"chr3","19141108","19141396","chr3","18733851","18734139","7","407257"
"chr3","19222781","19223074","chr3","18806889","18807194","16","415892"
"chr3","19377459","19377748","chr12","52270257","52270552","37","32892798"
"chr3","19405051","19405342","chr3","18974648","18974938","10","430403"
"chr3","19516280","19516587","chr3","19084873","19085179","6","431407"
"chr3","19577206","19577516","chr3","19152655","19152963","7","424551"
"chr3","19586828","19587129","chr3","19162230","19162535","14","424598"
"chr3","19753307","19753590","chr3","19327306","19327589","5","426001"
"chr3","19758604","19758910","chr3","19332623","19332931","5","425981"
"chr3","19929698","19929956","chr16","54114648","54114894","47","34184950"
"chr3","20113107","20113401","chr3","19692970","19693262","10","420137"
"chr3","20124554","20124846","chr3","19704407","19704699","5","420147"
"chr3","20237443","20237739","chr3","19812736","19813021","13","424707"
"chr3","20306528","20306828","chr7","73124655","73124950","39","52818127"
"chr3","20326905","20327195","chr3","19900649","19900940","3","426256"
"chr3","20337858","20338165","chr10","96863194","96863503","43","76525336"
"chr3","20361548","20361859","chr3","19934915","19935208","25","426633"
"chr3","20363563","20363812","chr3","19936935","19937184","2","426628"
"chr3","20383714","20384007","chr3","19954021","19954314","6","429693"
"chr3","20395111","20395402","chr3","19964934","19965221","12","430177"
"chr3","20424425","20424702","chr3","19993454","19993731","2","430971"
"chr3","20437337","20437473","chr2","54406506","54406642","10","33969169"
"chr3","20440676","20440982","chr3","20005965","20006271","6","434711"
"chr3","20449789","20450101","chr3","20021517","20021825","22","428272"
"chr3","20454457","20454765","chr7","95094598","95094905","43","74640141"
"chr3","20456225","20456527","chr3","20027929","20028227","5","428296"
"chr3","20458047","20458358","chr3","20029762","20030080","11","428285"
"chr3","20460000","20460280","chr3","20031736","20032016","4","428264"
"chr3","20461610","20461909","chr3","20033464","20033759","12","428146"
"chr3","20475992","20476300","chr3","20047607","20047915","7","428385"
"chr3","20478302","20478600","chr2","43148294","43148596","49","22669992"
"chr3","20482184","20482495","chr3","20053790","20054096","15","428394"
"chr3","20487538","20487838","chr3","20059133","20059435","9","428405"
"chr3","20488370","20488666","chr3","183977758","183978052","32","163489388"
"chr3","20505846","20505996","chr8","26435545","26435698","32","5929699"
"chr3","20527725","20528026","chr3","20097531","20097835","9","430194"
"chr3","20532224","20532504","chr3","20102035","20102314","5","430189"
"chr3","20537187","20537484","chr3","20107021","20107330","17","430166"
"chr3","20537531","20537841","chr3","20107021","20107330","31","430510"
"chr3","20570581","20570877","chr3","20140495","20140791","3","430086"
"chr3","20574891","20575202","chr3","20144787","20145096","10","430104"
"chr3","20589843","20590138","chr3","20165770","20166065","2","424073"
"chr3","20656208","20656505","chr3","20231715","20232013","4","424493"
"chr3","20704449","20704610","chr3","20281848","20282009","3","422601"
"chr3","20731494","20731795","chr6","166942056","166942352","45","146210562"
"chr3","20735723","20736030","chr3","20308323","20308631","13","427400"
"chr3","20749123","20749439","chr2","26447555","26447866","50","5698432"
"chr3","20769095","20769429","chr3","20341730","20342042","45","427365"
"chr3","20892784","20893083","chr5","157653885","157654181","47","136761101"
"chr3","21177520","21177817","chr7","108271416","108271710","34","87093896"
"chr3","21186676","21186988","chr3","20714821","20715133","10","471855"
"chr3","21272887","21273181","chr3","20800943","20801236","8","471944"
"chr3","21367880","21368177","chr3","20896401","20896695","9","471479"
"chr3","21398394","21398549","chr1","27131311","27131467","25","5732917"
"chr3","21398857","21399029","chr4","155786267","155786440","20","134387410"
"chr3","21653435","21653720","chr3","21177206","21177495","13","476229"
"chr3","21761092","21761402","chr3","21288313","21288623","2","472779"
"chr3","21852630","21852797","chr5","118423278","118423444","33","96570648"
"chr3","21879701","21880003","chr3","21405210","21405507","14","474491"
"chr3","21918650","21918948","chr3","21444380","21444685","10","474270"
"chr3","21925343","21925646","chr2","197322459","197322764","18","175397116"
"chr3","21966336","21966611","chr3","21492501","21492776","3","473835"
"chr3","22058263","22058566","chr3","21583990","21584278","19","474273"
"chr3","22140344","22140635","chr3","21666796","21667087","7","473548"
"chr3","22372263","22372577","chr3","21895320","21895640","9","476943"
"chr3","22394040","22394329","chr3","21917150","21917439","10","476890"
"chr3","22437825","22438136","chr3","21946550","21946861","7","491275"
"chr3","22518352","22518626","chr3","22033120","22033394","9","485232"
"chr3","22612423","22612646","chrX","16816065","16816295","35","5796358"
"chr3","22629499","22629801","chr3","22144292","22144600","20","485207"
"chr3","22706386","22706660","chr3","22221986","22222264","16","484400"
"chr3","22802490","22802786","chr5","136009899","136010195","46","113207409"
"chr3","22810204","22810501","chr3","22325482","22325779","7","484722"
"chr3","22821662","22821964","chr3","22337250","22337552","7","484412"
"chr3","22871399","22871677","chr3","22386455","22386732","13","484944"
"chr3","22885806","22886084","chr3","22386455","22386732","13","499351"
"chr3","22908935","22909154","chr3","22404659","22404875","10","504276"
"chr3","22981399","22981695","chr3","22474724","22475019","11","506675"
"chr3","23055956","23056066","chr3","22545124","22545234","0","510832"
"chr3","23373139","23373368","chr3","22866153","22866383","6","506986"
"chr3","23474937","23475245","chr3","22993124","22993432","6","481813"
"chr3","23522148","23522453","chr3","22993124","22993432","45","529024"
"chr3","23565677","23565960","chrX","114425300","114425595","40","90859623"
"chr3","23599961","23600127","chr3","23081792","23081963","7","518169"
"chr3","23600161","23600286","chr3","23082002","23082134","11","518159"
"chr3","23660989","23661290","chr3","23141852","23142131","26","519137"
"chr3","23712807","23713091","chr3","23194507","23194791","5","518300"
"chr3","23741452","23741754","chr3","23223187","23223489","6","518265"
"chr3","23744134","23744416","chr3","23225874","23226178","29","518260"
"chr3","23888180","23888481","chr12","51230038","51230339","37","27341858"
"chr3","24026722","24027010","chr3","23510325","23510630","24","516397"
"chr3","24142075","24142387","chr6","151552780","151553086","39","127410705"
"chr3","24156811","24157112","chr3","23632419","23632718","10","524392"
"chr3","24165884","24166016","chr6","13737571","13737704","10","10428313"
"chr3","24195760","24196048","chr3","23666112","23666423","31","529648"
"chr3","24208077","24208408","chr3","23678476","23678786","23","529601"
"chr3","24210404","24210696","chr3","23680772","23681056","14","529632"
"chr3","24223455","24223768","chr3","23693821","23694134","8","529634"
"chr3","24225359","24225676","chr3","23695740","23696044","22","529619"
"chr3","24230755","24231060","chr3","23701173","23701478","4","529582"
"chr3","24237580","24237874","chr3","23707988","23708294","16","529592"
"chr3","24249988","24250111","chr3","23720418","23720541","2","529570"
"chr3","24258451","24258757","chr3","23729228","23729531","6","529223"
"chr3","24276279","24276582","chr3","23747051","23747353","6","529228"
"chr3","24300423","24300721","chr3","23772080","23772373","14","528343"
"chr3","24306141","24306447","chr10","27104118","27104421","45","2797977"
"chr3","24367045","24367350","chr3","23838489","23838799","16","528556"
"chr3","24376724","24377026","chr3","23848187","23848496","10","528537"
"chr3","24423282","24423581","chr3","23893525","23893822","12","529757"
"chr3","24430076","24430393","chr3","23900353","23900669","8","529723"
"chr3","24435580","24435884","chr3","23905877","23906178","14","529703"
"chr3","24438393","24438692","chr3","23909240","23909539","9","529153"
"chr3","24450916","24451215","chr3","23921571","23921874","20","529345"
"chr3","24487559","24487869","chr3","23958668","23958978","6","528891"
"chr3","24489020","24489300","chr3","23960127","23960406","8","528893"
"chr3","24517278","24517581","chr3","23988390","23988695","9","528888"
"chr3","24533734","24534052","chr3","195311525","195311836","41","170777791"
"chr3","24536248","24536530","chr2","62418374","62418646","59","37882126"
"chr3","24536675","24536977","chr3","24008955","24009256","4","527720"
"chr3","24538443","24538732","chr3","24010711","24011000","6","527732"
"chr3","24543929","24544223","chr3","24016191","24016485","5","527738"
"chr3","24564918","24565218","chr3","24037212","24037498","25","527706"
"chr3","24593657","24593950","chr17","38686961","38687261","37","14093304"
"chr3","24604185","24604500","chr2","78551683","78551993","46","53947498"
"chr3","24634091","24634402","chr3","24095725","24096026","15","538366"
"chr3","24721640","24721956","chr3","24183330","24183672","30","538310"
"chr3","24777121","24777410","chr3","24238942","24239241","14","538179"
"chr3","24783812","24784126","chr19","37964483","37964797","35","13180671"
"chr3","24880417","24880711","chr2","48272556","48272851","42","23392139"
"chr3","25007442","25007730","chr3","24465415","24465703","10","542027"
"chr3","25075800","25076103","chr16","69845770","69846073","34","44769970"
"chr3","25115211","25115519","chr3","24574263","24574571","8","540948"
"chr3","25187745","25187946","chr5","95791628","95791845","46","70603883"
"chr3","25269448","25269748","chr3","24727591","24727891","5","541857"
"chr3","25299053","25299352","chr3","24757272","24757585","17","541781"
"chr3","25390633","25390920","chrX","129948988","129949278","50","104558355"
"chr3","25401438","25401701","chr3","24858792","24859066","15","542646"
"chr3","25481180","25481426","chr3","24938978","24939227","10","542202"
"chr3","25566875","25567190","chr3","25024671","25024980","15","542204"
"chr3","25583790","25584096","chr3","25040451","25040757","8","543339"
"chr3","25589807","25590102","chr3","25046459","25046754","7","543348"
"chr3","25611186","25611488","chr3","25067855","25068163","15","543331"
"chr3","25637806","25638104","chr3","113690906","113691206","49","88053100"
"chr3","25647776","25648037","chr3","4160239","4160495","55","21487537"
"chr3","25700665","25700966","chr3","25157392","25157696","13","543273"
"chr3","25712965","25713277","chr3","25168210","25168525","14","544755"
"chr3","25754224","25754532","chr3","25210527","25210834","17","543697"
"chr3","25809217","25809516","chr4","76410190","76410484","47","50600973"
"chr3","25852273","25852556","chr3","25308437","25308747","36","543836"
"chr3","25859411","25859702","chr3","25315625","25315918","7","543786"
"chr3","25950013","25950315","chr3","25401772","25402075","8","548241"
"chr3","25993507","25993802","chr3","25445386","25445675","14","548121"
"chr3","25997891","25998185","chr3","25449745","25450050","14","548146"
"chr3","26051719","26052034","chr3","25500438","25500778","32","551281"
"chr3","26096275","26096545","chr3","25544974","25545244","3","551301"
"chr3","26172935","26173242","chr3","25621707","25622015","8","551228"
"chr3","26221582","26221879","chr3","25670475","25670774","7","551107"
"chr3","26229160","26229454","chr3","25678082","25678375","2","551078"
"chr3","26240190","26240508","chr10","72813451","72813757","70","46573261"
"chr3","26276278","26276575","chr3","25721937","25722238","12","554341"
"chr3","26323396","26323699","chr3","25769078","25769385","10","554318"
"chr3","26368237","26368390","chr3","25813759","25813912","2","554478"
"chr3","26368391","26368698","chr3","25813913","25814223","9","554478"
"chr3","26368699","26368837","chr3","25814224","25814362","1","554475"
"chr3","26420996","26421278","chr3","25865971","25866284","40","555025"
"chr3","26448152","26448311","chr22","21367628","21367787","14","5080524"
"chr3","26523925","26524230","chr3","25967106","25967411","6","556819"
"chr3","26649438","26649723","chr3","26092000","26092293","13","557438"
"chr3","26827621","26827876","chr3","26267777","26268031","10","559844"
"chr3","26868575","26868706","chr1","50358606","50358739","11","23490031"
"chr3","26916749","26917054","chr3","26350053","26350365","14","566696"
"chr3","27140099","27140381","chr3","26568463","26568744","4","571636"
"chr3","27151303","27151612","chr3","26585106","26585411","13","566197"
"chr3","27275686","27276005","chr3","26707072","26707393","17","568614"
"chr3","27415547","27415828","chr3","26853234","26853515","3","562313"
"chr3","27417043","27417339","chr3","26854718","26855013","5","562325"
"chr3","27437254","27437550","chr3","26874908","26875203","11","562346"
"chr3","27670729","27670978","chr14","34917274","34917524","43","7246545"
"chr3","27686740","27687039","chr1","1877019","1877317","37","25809721"
"chr3","27877417","27877696","chr3","27365598","27365878","10","511819"
"chr3","27916039","27916325","chr3","27404090","27404373","10","511949"
"chr3","27931412","27931564","chr3","27419483","27419635","3","511929"
"chr3","27941513","27941793","chr3","27429568","27429848","5","511945"
"chr3","27954361","27954603","chr3","27463933","27464180","37","490428"
"chr3","27959888","27960192","chr3","27447931","27448246","16","511957"
"chr3","27967559","27967806","chr3","27455632","27455879","5","511927"
"chr3","27973586","27973875","chr3","27461678","27461967","5","511908"
"chr3","27975853","27976103","chr3","27463933","27464180","6","511920"
"chr3","27979740","27979955","chr3","27468011","27468218","15","511729"
"chr3","27980560","27980868","chr3","27468830","27469125","16","511730"
"chr3","27986585","27986863","chr3","27474840","27475118","4","511745"
"chr3","27990464","27990787","chr3","27478706","27479027","12","511758"
"chr3","27998848","27999126","chr3","27474840","27475118","4","524008"
"chr3","28002726","28003049","chr3","27478706","27479027","12","524020"
"chr3","28013992","28014274","chr10","28223914","28224204","41","209922"
"chr3","28014494","28014793","chr4","56974370","56974668","47","28959876"
"chr3","28017677","28017948","chr3","27491975","27492239","13","525702"
"chr3","28018174","28018474","chr3","27492466","27492764","10","525708"
"chr3","28019016","28019317","chr3","27493305","27493604","11","525711"
"chr3","28029935","28030199","chr3","27501385","27501649","8","528550"
"chr3","28067549","28067857","chr3","27539617","27539925","3","527932"
"chr3","28092913","28093224","chr3","27566175","27566486","1","526738"
"chr3","28113647","28113951","chr1","164751034","164751332","47","136637387"
"chr3","28119292","28119598","chr3","27594893","27595201","10","524399"
"chr3","28141257","28141607","chr3","27616490","27616839","12","524767"
"chr3","28155434","28155707","chr3","27627098","27627371","4","528336"
"chr3","28163303","28163626","chr3","27634443","27634766","7","528860"
"chr3","28166266","28166536","chr3","27637240","27637510","8","529026"
"chr3","28167832","28168138","chr3","27638807","27639108","14","529025"
"chr3","28177446","28177730","chr1","93973999","93974283","34","65796553"
"chr3","28187394","28187705","chr3","27656463","27656772","8","530931"
"chr3","28194331","28194636","chr3","27663400","27663703","12","530931"
"chr3","28214648","28214960","chr2","119307158","119307455","42","91092510"
"chr3","28215985","28216279","chr3","27685072","27685381","19","530913"
"chr3","28269353","28269618","chr3","27738078","27738346","7","531275"
"chr3","28284256","28284566","chr3","27753397","27753710","11","530859"
"chr3","28295582","28295888","chr3","27764733","27765039","10","530849"
"chr3","28296401","28296682","chr10","35231025","35231310","47","6934624"
"chr3","28298733","28299038","chr3","27767911","27768215","6","530822"
"chr3","28386095","28386367","chr3","27854799","27855071","9","531296"
"chr3","28391470","28391740","chr3","27864545","27864819","9","526925"
"chr3","28405609","28405914","chr3","27878678","27878984","6","526931"
"chr3","28429053","28429339","chr3","27901282","27901579","17","527771"
"chr3","28447449","28447756","chr3","27919695","27919996","9","527754"
"chr3","28456939","28457237","chr3","27932464","27932769","10","524475"
"chr3","28492095","28492393","chr3","27967520","27967819","5","524575"
"chr3","28539132","28539425","chr3","28014595","28014890","10","524537"
"chr3","28565267","28565578","chr3","28040773","28041082","8","524494"
"chr3","28621723","28622027","chr3","28098916","28099220","2","522807"
"chr3","28670293","28670589","chr19","15627196","15627489","45","13043097"
"chr3","28735086","28735395","chr3","28210591","28210878","26","524495"
"chr3","28749885","28750195","chr3","28225093","28225403","4","524792"
"chr3","28779981","28780294","chr3","28255230","28255545","9","524751"
"chr3","28796179","28796439","chr3","28271105","28271361","7","525074"
"chr3","28808289","28808574","chr3","28283232","28283517","5","525057"
"chr3","28808608","28808635","chr3","28283554","28283583","4","525054"
"chr3","28906782","28907072","chr3","28397388","28397678","0","509394"
"chr3","28983985","28984284","chr3","28473194","28473492","8","510791"
"chr3","29018408","29018726","chr3","28508503","28508827","19","509905"
"chr3","29025852","29026120","chr3","28515960","28516228","4","509892"
"chr3","29047266","29047581","chr3","28537099","28537408","9","510167"
"chr3","29111737","29112001","chr3","28601602","28601877","13","510135"
"chr3","29378460","29378738","chr18","12493430","12493705","36","16885030"
"chr3","29494515","29494817","chr3","28988428","28988725","7","506087"
"chr3","29540989","29541288","chr3","29035396","29035693","11","505593"
"chr3","29679655","29679952","chr3","29166601","29166904","13","513054"
"chr3","29732865","29733163","chr9","105112603","105112900","37","75379738"
"chr3","29958835","29959124","chr3","29457440","29457729","0","501395"
"chr3","29996475","29996779","chr3","29495410","29495717","14","501065"
"chr3","30029108","30029394","chr4","13357571","13357852","40","16671537"
"chr3","30044372","30044674","chr3","29543427","29543729","5","500945"
"chr3","30154834","30155001","chr9","66843584","66843754","41","36688750"
"chr3","30155028","30155146","chr8","140581121","140581243","19","110426093"
"chr3","30218667","30218976","chr3","29713773","29714081","9","504894"
"chr3","30305183","30305484","chr3","29792957","29793259","14","512226"
"chr3","30330898","30331191","chr18","55437919","55438219","50","25107021"
"chr3","30486739","30487039","chr3","29963546","29963845","10","523193"
"chr3","30627059","30627368","chr3","30105296","30105601","16","521763"
"chr3","30710214","30710519","chr3","30189472","30189776","3","520742"
"chr3","30969033","30969328","chr3","30442433","30442731","7","526600"
"chr3","31018215","31018488","chr3","30491635","30491902","13","526580"
"chr3","31036877","31037194","chr3","30519762","30520063","21","517115"
"chr3","31041158","31041464","chr18","318489","318791","43","30722669"
"chr3","31083693","31084005","chr3","30555219","30555531","8","528474"
"chr3","31253812","31254083","chr3","30732776","30733047","4","521036"
"chr3","31267004","31267314","chr3","30745985","30746292","13","521019"
"chr3","31327676","31327977","chr3","30807747","30808029","46","519929"
"chr3","31328163","31328465","chr3","30808214","30808511","11","519949"
"chr3","31433461","31433761","chr12","122448194","122448489","35","91014733"
"chr3","31441255","31441567","chr22","23738337","23738649","30","7702918"
"chr3","31463666","31463953","chr3","30955516","30955808","10","508150"
"chr3","31489412","31489715","chr3","30980661","30980964","4","508751"
"chr3","31809791","31810064","chr3","31294293","31294557","15","515498"
"chr3","31878917","31879214","chr15","40761337","40761630","37","8882420"
"chr3","31904146","31904323","chr1","153450370","153450522","76","121546224"
"chr3","31983926","31984204","chr3","31458310","31458588","3","525616"
"chr3","32009332","32009622","chr3","31483485","31483774","3","525847"
"chr3","32072192","32072468","chr3","31547376","31547652","8","524816"
"chr3","32180516","32180824","chr3","4585426","4585736","46","27595090"
"chr3","32211671","32211930","chr3","31685206","31685465","3","526465"
"chr3","32224624","32224932","chr3","31698171","31698479","1","526453"
"chr3","32239820","32240119","chr3","31713386","31713696","14","526434"
"chr3","32287962","32288263","chr3","31761535","31761831","10","526427"
"chr3","32309881","32310172","chr3","31784057","31784348","19","525824"
"chr3","32310402","32310668","chr3","31784584","31784850","11","525818"
"chr3","32336554","32336853","chr3","31807098","31807374","27","529456"
"chr3","32357811","32358112","chr3","31828531","31828832","7","529280"
"chr3","32381862","32382183","chr3","31852566","31852877","13","529296"
"chr3","32397013","32397286","chr3","31867460","31867733","4","529553"
"chr3","32435032","32435326","chr3","31905346","31905649","16","529686"
"chr3","32455226","32455534","chr16","27371385","27371694","43","5083841"
"chr3","32456524","32456687","chrX","5175777","5175937","19","27280747"
"chr3","32509864","32510169","chr5","72889059","72889356","35","40379195"
"chr3","32515896","32515992","chr3","31991164","31991260","2","524732"
"chr3","32516611","32516903","chr3","31991878","31992162","12","524733"
"chr3","32562964","32563276","chr3","138498766","138499075","42","105935802"
"chr3","32593423","32593703","chr3","32065600","32065880","10","527823"
"chr3","32628165","32628452","chr3","32099910","32100203","8","528255"
"chr3","32631342","32631648","chr5","83116609","83116921","46","50485267"
"chr3","32659145","32659441","chr3","32130731","32131052","33","528414"
"chr3","32673454","32673746","chr3","32145037","32145333","5","528417"
"chr3","32709486","32709791","chr3","32183915","32184220","9","525571"
"chr3","32721502","32721812","chr3","32195639","32195950","9","525863"
"chr3","32723041","32723341","chr3","32197179","32197479","5","525862"
"chr3","32779378","32779685","chr3","32247318","32247624","12","532060"
"chr3","32779686","32779820","chr3","32247625","32247759","1","532061"
"chr3","32793028","32793275","chr3","32260940","32261186","4","532088"
"chr3","32820906","32821193","chr10","93448714","93449003","41","60627808"
"chr3","32828974","32829266","chr3","32293269","32293561","3","535705"
"chr3","32830478","32830785","chr3","32294773","32295080","4","535705"
"chr3","32850866","32851157","chr3","32315120","32315429","24","535746"
"chr3","32862249","32862588","chr3","32326508","32326805","53","535741"
"chr3","32880201","32880421","chr2","65025285","65025505","27","32145084"
"chr3","32886208","32886502","chr3","32349726","32350020","4","536482"
"chr3","32886839","32887001","chr3","32350360","32350524","5","536479"
"chr3","32887301","32887435","chr3","32350823","32350957","2","536478"
"chr3","32888379","32888671","chr17","28597135","28597430","41","4291244"
"chr3","32889476","32889797","chr1","201785789","201786092","49","168896313"
"chr3","32908266","32908578","chr14","49932723","49933025","49","17024457"
"chr3","32939566","32939887","chr3","32402090","32402411","3","537476"
"chr3","32942609","32942916","chr3","32404130","32404460","24","538479"
"chr3","32950250","32950331","chr3","32411797","32411878","3","538453"
"chr3","32967572","32967866","chr3","32429297","32429589","16","538275"
"chr3","32976697","32976989","chr3","32437315","32437608","7","539382"
"chr3","32979509","32979812","chr3","32440125","32440418","13","539384"
"chr3","32979890","32980210","chr1","28624465","28624776","64","4355425"
"chr3","33049196","33049384","chr3","32509689","32509877","5","539507"
"chr3","33050836","33051134","chr3","32511327","32511625","6","539509"
"chr3","33056522","33056805","chr1","1816637","1816920","43","31239885"
"chr3","33066512","33066758","chr3","32527061","32527307","2","539451"
"chr3","33067289","33067581","chr10","16462571","16462870","37","16604718"
"chr3","33085389","33085691","chr3","32546126","32546429","6","539263"
"chr3","33094141","33094444","chr3","32554864","32555168","5","539277"
"chr3","33105889","33106206","chr7","71816668","71816980","58","38710779"
"chr3","33114860","33115147","chr3","32574924","32575207","14","539936"
"chr3","33119839","33120133","chr3","32579934","32580225","20","539905"
"chr3","33125186","33125467","chr1","218490949","218491233","45","185365763"
"chr3","33134885","33135204","chr3","32593382","32593700","4","541503"
"chr3","33136216","33136523","chr3","32594710","32595015","11","541506"
"chr3","33140177","33140482","chr3","32598677","32598969","14","541500"
"chr3","33147688","33147946","chr3","32606142","32606401","8","541546"
"chr3","33157914","33158233","chr3","32615580","32615903","10","542334"
"chr3","33178869","33179166","chr3","32637325","32637623","5","541544"
"chr3","33184141","33184278","chr3","32642586","32642723","2","541555"
"chr3","33184365","33184670","chr3","32642810","32643112","12","541555"
"chr3","33188628","33188774","chr21","44501168","44501313","24","11312540"
"chr3","33189107","33189273","chr20","10257735","10257904","26","22931372"
"chr3","33191199","33191497","chr3","32649732","32650032","7","541467"
"chr3","33200513","33200812","chr3","32658954","32659253","4","541559"
"chr3","33208853","33209154","chr3","32668782","32669078","13","540071"
"chr3","33212428","33212738","chr15","42552011","42552323","49","9339583"
"chr3","33219963","33220199","chr3","32678785","32679021","2","541178"
"chr3","33221380","33221689","chr3","32680200","32680507","8","541180"
"chr3","33224818","33225117","chr3","32683621","32683916","9","541197"
"chr3","33237368","33237678","chr16","19473064","19473375","35","13764304"
"chr3","33249588","33249895","chr3","32707890","32708197","5","541698"
"chr3","33254254","33254540","chr15","50690027","50690312","53","17435773"
"chr3","33262910","33263217","chr3","32721052","32721361","10","541858"
"chr3","33264572","33264754","chr3","32722698","32722880","2","541874"
"chr3","33277436","33277771","chr5","154447942","154448275","56","121170506"
"chr3","33284100","33284235","chr1","8917793","8917928","16","24366307"
"chr3","33286420","33286729","chr3","32744869","32745178","4","541551"
"chr3","33290075","33290377","chr8","96087710","96088009","45","62797635"
"chr3","33302647","33302945","chr3","32760847","32761136","13","541800"
"chr3","33312759","33313058","chr3","32771319","32771602","22","541440"
"chr3","33315546","33315833","chr3","32774096","32774384","2","541450"
"chr3","33344644","33344939","chr6","148482689","148482986","46","115138045"
"chr3","33346362","33346646","chr3","32800886","32801170","11","545476"
"chr3","33348219","33348528","chr3","32802733","32803042","4","545486"
"chr3","33368852","33369148","chr3","32824793","32825094","7","544059"
"chr3","33370701","33370804","chr3","32826642","32826745","3","544059"
"chr3","33397775","33398079","chr3","32853725","32854027","9","544050"
"chr3","33404931","33405222","chr3","32860893","32861175","14","544038"
"chr3","33419209","33419494","chr7","72425122","72425413","52","39005913"
"chr3","33423697","33423977","chr3","32880048","32880328","2","543649"
"chr3","33427762","33427895","chr3","32884117","32884249","5","543645"
"chr3","33460413","33460714","chr3","32915394","32915691","9","545019"
"chr3","33477987","33478299","chr3","32926958","32927262","18","551029"
"chr3","33492435","33492720","chr3","32941667","32941960","17","550768"
"chr3","33495793","33496106","chr3","32946736","32947046","6","549057"
"chr3","33506407","33506706","chr3","32957341","32957640","12","549066"
"chr3","33510975","33511260","chr3","32961922","32962203","20","549053"
"chr3","33529892","33530194","chr3","32980809","32981119","11","549083"
"chr3","33530544","33530847","chr3","32981492","32981789","11","549052"
"chr3","33536966","33537271","chr3","32987903","32988207","5","549063"
"chr3","33560476","33560781","chr3","33011362","33011661","15","549114"
"chr3","33576533","33576828","chr3","33027514","33027814","11","549019"
"chr3","33583374","33583646","chr3","33031362","33031640","9","552012"
"chr3","33585481","33585783","chr3","33033501","33033797","8","551980"
"chr3","33603325","33603639","chr3","33051315","33051633","8","552010"
"chr3","33639175","33639457","chr3","33087288","33087570","3","551887"
"chr3","33680391","33680682","chr3","33127755","33128046","6","552636"
"chr3","33683091","33683429","chr3","33130521","33130833","30","552570"
"chr3","33695267","33695555","chr9","130584587","130584875","30","96889320"
"chr3","33702671","33702958","chr3","33149690","33149977","2","552981"
"chr3","33705089","33705372","chr3","33152147","33152430","1","552942"
"chr3","33716630","33716765","chr2","236149652","236149784","15","202433022"
"chr3","33717080","33717243","chr19","33052976","33053139","21","664104"
"chr3","33722987","33723298","chr3","33169908","33170218","12","553079"
"chr3","33734413","33734716","chr3","33180545","33180849","8","553868"
"chr3","33745964","33746269","chr3","33192080","33192392","22","553884"
"chr3","33762441","33762770","chr3","33210863","33211192","8","551578"
"chr3","33821235","33821549","chr11","45377717","45378024","52","11556482"
"chr3","33825211","33825518","chr3","33263373","33263679","7","561838"
"chr3","33836632","33836940","chr3","33263373","33263679","38","573259"
"chr3","33857899","33858199","chr3","33292098","33292398","5","565801"
"chr3","33861863","33862168","chr3","33296060","33296365","4","565803"
"chr3","33864186","33864508","chr3","33298390","33298718","13","565796"
"chr3","33876555","33876841","chr3","33310790","33311076","5","565765"
"chr3","33881834","33882129","chr3","33316062","33316358","6","565772"
"chr3","33886781","33887092","chr3","33321028","33321339","13","565753"
"chr3","33900499","33900820","chr10","89401120","89401420","66","55500621"
"chr3","33906299","33906599","chr3","33340610","33340922","19","565689"
"chr3","33916100","33916402","chr3","33350434","33350735","7","565666"
"chr3","33918282","33918584","chr3","33352615","33352928","16","565667"
"chr3","33928397","33928700","chr3","33363037","33363340","7","565360"
"chr3","33934429","33934743","chr3","33369037","33369351","5","565392"
"chr3","33936581","33936880","chr3","33371161","33371470","15","565420"
"chr3","33944765","33945021","chr3","33379366","33379617","7","565399"
"chr3","33976333","33976631","chr3","33410790","33411090","5","565543"
"chr3","33984750","33984881","chr3","33419213","33419344","1","565537"
"chr3","33987302","33987609","chr10","36917551","36917855","58","2930249"
"chr3","33990299","33990590","chr3","33424764","33425055","4","565535"
"chr3","33994844","33995128","chr16","30016057","30016348","48","3978787"
"chr3","33998568","33998865","chr3","33433062","33433362","11","565506"
"chr3","34007025","34007219","chr3","33441535","33441728","2","565490"
"chr3","34045262","34045532","chr3","33479362","33479643","15","565900"
"chr3","34057301","34057597","chr3","33491432","33491728","5","565869"
"chr3","34060797","34061084","chr3","33494923","33495210","4","565874"
"chr3","34074152","34074442","chr7","140938434","140938726","35","106864282"
"chr3","34079964","34080248","chr3","33513257","33513541","5","566707"
"chr3","34083102","34083360","chr3","33516387","33516645","5","566715"
"chr3","34095190","34095498","chr3","33528480","33528789","6","566710"
"chr3","34100126","34100430","chr3","33533724","33534014","17","566402"
"chr3","34107209","34107481","chr3","33540775","33541056","13","566434"
"chr3","34112071","34112372","chr3","33545638","33545923","20","566433"
"chr3","34115853","34116154","chr11","73954043","73954345","39","39838190"
"chr3","34143566","34143850","chr3","33584267","33584565","23","559299"
"chr3","34157034","34157342","chr3","33597743","33598052","5","559291"
"chr3","34168287","34168577","chr3","33608998","33609288","3","559289"
"chr3","34173948","34174253","chr3","123146842","123147110","82","88972894"
"chr3","34195822","34196109","chr3","33636600","33636900","31","559222"
"chr3","34210328","34210625","chr3","33651101","33651404","15","559227"
"chr3","34226322","34226608","chr3","33667130","33667428","15","559192"
"chr3","34245457","34245745","chr3","33683662","33683953","5","561795"
"chr3","34291047","34291358","chr3","33726140","33726453","14","564907"
"chr3","34308839","34309124","chr3","33743658","33743943","9","565181"
"chr3","34313932","34314241","chr3","33748743","33749051","5","565189"
"chr3","34324497","34324792","chr9","84312543","84312838","40","49988046"
"chr3","34327119","34327421","chr3","33762312","33762613","11","564807"
"chr3","34339268","34339567","chr3","33774452","33774749","12","564816"
"chr3","34342027","34342311","chr17","62429676","62429970","39","28087649"
"chr3","34342391","34342684","chr3","33777582","33777873","12","564809"
"chr3","34345744","34346001","chr19","17678197","17678452","49","16667547"
"chr3","34350311","34350626","chrX","24517211","24517521","39","9833100"
"chr3","34354578","34354919","chrX","10104724","10105060","64","24249854"
"chr3","34365880","34366173","chr5","80485942","80486237","29","46120062"
"chr3","34387534","34387841","chr3","33818098","33818406","10","569436"
"chr3","34404753","34405059","chr3","33835439","33835746","5","569314"
"chr3","34467698","34467980","chr3","33899361","33899643","8","568337"
"chr3","34468019","34468030","chr3","33899673","33899683","1","568346"
"chr3","34547346","34547650","chr3","33978022","33978325","4","569324"
"chr3","34685212","34685469","chr3","34113327","34113583","6","571885"
"chr3","34777608","34777846","chr2","151275043","151275282","31","116497435"
"chr3","34805642","34805926","chr3","34223978","34224286","27","581664"
"chr3","34845135","34845411","chr3","34263828","34264063","49","581307"
"chr3","34883755","34884061","chr3","34302238","34302543","5","581517"
"chr3","34914331","34914635","chr1","121162599","121162910","47","86248268"
"chr3","35062894","35063207","chr7","126758888","126759196","38","91695994"
"chr3","35187197","35187476","chr9","2492023","2492304","43","32695174"
"chr3","35191165","35191451","chr3","34612498","34612785","10","578667"
"chr3","35213278","35213552","chr3","34634583","34634857","1","578695"
"chr3","35308960","35309261","chr1","25280309","25280605","39","10028651"
"chr3","35379578","35379873","chr3","34805685","34805976","7","573893"
"chr3","35408323","35408623","chr3","34834013","34834318","11","574310"
"chr3","35449638","35449922","chr3","34875260","34875544","9","574378"
"chr3","35508014","35508314","chr3","34933785","34934085","1","574229"
"chr3","35702513","35702809","chr3","35100535","35100832","10","601978"
"chr3","35717289","35717596","chr3","35115318","35115626","12","601971"
"chr3","35755752","35756062","chr3","35153960","35154249","27","601792"
"chr3","35843883","35844120","chr3","35242787","35243025","10","601096"
"chr3","35899704","35899998","chr3","35297065","35297355","11","602639"
"chr3","35985392","35985677","chr3","35382933","35383229","15","602459"
"chr3","36215181","36215485","chr3","35576877","35577179","5","638304"
"chr3","36242979","36243268","chr3","35604752","35605041","5","638227"
"chr3","36486769","36487062","chr3","35848931","35849224","3","637838"
"chr3","36501291","36501592","chr3","35863449","35863755","18","637842"
"chr3","36530137","36530445","chr3","35892295","35892591","22","637842"
"chr3","36713908","36714190","chrX","38498170","38498459","46","1784262"
"chr3","36714763","36715042","chr3","36075265","36075544","2","639498"
"chr3","37003390","37003690","chr3","36350485","36350790","13","652905"
"chr3","37020480","37020793","chr3","36367625","36367938","8","652855"
"chr3","37101029","37101309","chr3","36448225","36448520","19","652804"
"chr3","37136676","37136996","chr3","36478485","36478786","26","658191"
"chr3","37136997","37137137","chr3","36478787","36478927","1","658210"
"chr3","37161313","37161641","chr3","36503419","36503732","20","657894"
"chr3","37201958","37202232","chr3","36544195","36544469","5","657763"
"chr3","37388708","37388984","chr3","149182869","149183154","52","111794161"
"chr3","37438045","37438333","chr3","36778944","36779222","18","659101"
"chr3","37453937","37454231","chr3","36793774","36794072","9","660163"
"chr3","37531883","37532180","chr3","36872119","36872415","7","659764"
"chr3","37548073","37548350","chr3","36888776","36889053","3","659297"
"chr3","37572404","37572690","chr3","36913063","36913349","4","659341"
"chr3","37573473","37573787","chr3","36914127","36914439","8","659346"
"chr3","37576701","37577016","chr3","36916800","36917115","7","659901"
"chr3","37588943","37589210","chr3","36929147","36929413","4","659796"
"chr3","37603626","37603916","chr3","36942900","36943190","5","660726"
"chr3","37606843","37607133","chr3","36942900","36943190","12","663943"
"chr3","37616295","37616431","chr3","36952342","36952478","0","663953"
"chr3","37623315","37623612","chr10","14084166","14084445","52","23539149"
"chr3","37627138","37627462","chr3","36963182","36963513","14","663956"
"chr3","37647796","37648084","chr3","36983843","36984131","5","663953"
"chr3","37664395","37664541","chr3","37000310","37000447","11","664085"
"chr3","37664542","37664831","chr1","11403083","11403370","45","26261459"
"chr3","37665944","37666237","chr3","37001953","37002259","19","663991"
"chr3","37716214","37716522","chr3","37052259","37052559","11","663955"
"chr3","37724276","37724581","chr3","37060291","37060602","9","663985"
"chr3","37734438","37734723","chr3","37070454","37070739","3","663984"
"chr3","37759607","37759916","chr3","37095637","37095946","9","663970"
"chr3","37804793","37805007","chr7","16027119","16027344","49","21777674"
"chr3","37820290","37820580","chr2","39239808","39240097","53","1419518"
"chr3","37822716","37823010","chr3","37158325","37158619","4","664391"
"chr3","37825444","37825761","chr3","37161062","37161375","11","664382"
"chr3","37855832","37856016","chr3","37191608","37191792","6","664224"
"chr3","37877821","37878101","chr3","37213602","37213887","9","664219"
"chr3","37883928","37884185","chr9","26101427","26101686","41","11782501"
"chr3","37902870","37903165","chr3","37238831","37239126","8","664039"
"chr3","37905364","37905660","chr3","37241323","37241619","5","664041"
"chr3","37917769","37918063","chr3","37253742","37254031","11","664027"
"chr3","37922292","37922560","chr3","37258359","37258627","6","663933"
"chr3","37926154","37926447","chr12","122410459","122410758","39","84484305"
"chr3","37962486","37962789","chr3","37296567","37296870","6","665919"
"chr3","37974826","37975119","chr3","37308969","37309262","7","665857"
"chr3","37980235","37980517","chr3","37314359","37314642","6","665876"
"chr3","37984391","37984709","chr3","37319399","37319717","3","664992"
"chr3","38006140","38006199","chr4","63581545","63581610","13","25575405"
"chr3","38069875","38070171","chr3","37404471","37404767","0","665404"
"chr3","38071240","38071526","chr12","25016481","25016771","43","13054759"
"chr3","38073756","38074057","chr3","37408357","37408658","3","665399"
"chr3","38074758","38074824","chr4","186043957","186044022","11","147969199"
"chr3","38075104","38075239","chr1","9455137","9455253","32","28619967"
"chr3","38075664","38075965","chr20","18016462","18016758","50","20059202"
"chr3","38086955","38087265","chr3","37421295","37421604","4","665660"
"chr3","38090413","38090724","chr3","37424774","37425085","7","665639"
"chr3","38097257","38097562","chr3","37431584","37431883","9","665673"
"chr3","38115916","38116229","chr2","46064000","46064308","42","7948084"
"chr3","38138065","38138373","chr20","2542955","2543262","37","35595110"
"chr3","38138535","38138838","chr3","37472857","37473165","13","665678"
"chr3","38167905","38168198","chr3","37502214","37502514","8","665691"
"chr3","38180069","38180368","chr3","37514566","37514865","3","665503"
"chr3","38311972","38312258","chr3","37645287","37645572","7","666685"
"chr3","38351152","38351446","chr1","9762961","9763261","43","28588191"
"chr3","38366633","38366934","chr3","37699982","37700283","4","666651"
"chr3","38444604","38444909","chr4","140736261","140736566","26","102291657"
"chr3","38479651","38479949","chr3","37810420","37810715","5","669231"
"chr3","38484559","38484854","chr3","37815327","37815624","5","669232"
"chr3","38487483","38487789","chr3","37818252","37818562","7","669231"
"chr3","38506515","38506811","chr3","37837327","37837624","11","669188"
"chr3","38524313","38524621","chr3","37855077","37855380","12","669236"
"chr3","38527126","38527459","chr3","37857883","37858196","29","669243"
"chr3","38599715","38600017","chr3","37929831","37930135","10","669884"
"chr3","38612236","38612532","chr1","245545103","245545401","51","206932867"
"chr3","38683084","38683379","chr3","38012517","38012816","14","670567"
"chr3","38703874","38704119","chr3","38033299","38033534","19","670575"
"chr3","38712586","38712893","chr3","38041988","38042292","12","670598"
"chr3","38725128","38725441","chr3","38056296","38056609","6","668832"
"chr3","38815025","38815325","chr3","38145283","38145568","23","669742"
"chr3","38837755","38838061","chr3","38152308","38152616","8","685447"
"chr3","38861558","38861843","chr15","73909090","73909379","46","35047532"
"chr3","38919375","38919683","chr13","30861727","30862031","47","8057648"
"chr3","38949488","38949787","chr3","38262867","38263171","7","686621"
"chr3","38970212","38970520","chr3","38283549","38283853","9","686663"
"chr3","39009326","39009608","chr3","38322639","38322918","8","686687"
"chr3","39019274","39019556","chr3","38332647","38332929","4","686627"
"chr3","39024999","39025311","chr3","38338461","38338773","4","686538"
"chr3","39037805","39038139","chr3","38350860","38351199","10","686945"
"chr3","39064409","39064709","chr3","38377438","38377738","9","686971"
"chr3","39071023","39071334","chr10","11868639","11868950","38","27202384"
"chr3","39076451","39076728","chrX","153732886","153733171","39","114656435"
"chr3","39192809","39193096","chr7","154903908","154904202","55","115711099"
"chr3","39200211","39200504","chr3","38505673","38505968","25","694538"
"chr3","39223831","39224120","chr3","38529352","38529639","10","694479"
"chr3","39252937","39253244","chr3","38558394","38558689","15","694543"
"chr3","39273444","39273549","chr3","38578877","38578982","1","694567"
"chr3","39307102","39307401","chr3","38612493","38612771","28","694609"
"chr3","39343797","39343902","chr3","38578877","38578982","1","764920"
"chr3","39427655","39427918","chr2","100191186","100191455","44","60763531"
"chr3","39434201","39434513","chr10","33413945","33414256","63","6020256"
"chr3","39576701","39576994","chr3","38811173","38811466","4","765528"
"chr3","39631858","39632170","chr3","38866207","38866519","10","765651"
"chr3","39747870","39748156","chr3","38978369","38978656","4","769501"
"chr3","39782541","39782837","chr3","39012475","39012774","4","770066"
"chr3","39785860","39786136","chr3","39015749","39016025","7","770111"
"chr3","39801426","39801709","chr3","39031240","39031522","8","770186"
"chr3","39801763","39801789","chr3","39031561","39031591","4","770202"
"chr3","39825440","39825734","chr3","39055205","39055499","6","770235"
"chr3","39848672","39848991","chr3","39078408","39078718","19","770264"
"chr3","39863325","39863594","chr3","39093366","39093635","3","769959"
"chr3","39891985","39892296","chr11","8901220","8901528","39","30990765"
"chr3","39926884","39927146","chr3","39157007","39157269","1","769877"
"chr3","39940696","39940975","chr3","39170800","39171098","25","769896"
"chr3","39963881","39964172","chr3","39194162","39194455","8","769719"
"chr3","39967591","39967609","chr12","106274053","106274069","3","66306462"
"chr3","39967644","39967937","chr3","39198002","39198288","8","769642"
"chr3","39985034","39985320","chr3","39215379","39215665","5","769655"
"chr3","39986538","39986818","chr3","39216883","39217163","13","769655"
"chr3","40017049","40017362","chr3","39245641","39245962","14","771408"
"chr3","40087713","40088005","chr3","39315987","39316283","13","771726"
"chr3","40118891","40119125","chr3","39345727","39345961","2","773164"
"chr3","40127954","40128208","chr3","39354769","39355023","2","773185"
"chr3","40131276","40131579","chr3","39358090","39358401","11","773186"
"chr3","40158499","40158808","chr3","39384789","39385101","12","773710"
"chr3","40163632","40163940","chr1","27003328","27003628","42","13160304"
"chr3","40166696","40166997","chr3","39393003","39393304","7","773693"
"chr3","40171678","40171962","chr2","127801899","127802179","45","87630221"
"chr3","40172151","40172430","chr3","39398466","39398730","18","773685"
"chr3","40177171","40177467","chr3","39403403","39403715","19","773768"
"chr3","40179204","40179485","chr14","20422428","20422719","48","19756776"
"chr3","40182943","40183252","chr3","39409185","39409500","17","773758"
"chr3","40209690","40209974","chr3","39435909","39436187","12","773781"
"chr3","40219419","40219556","chr3","39445525","39445662","0","773894"
"chr3","40221293","40221606","chr3","39447419","39447732","3","773874"
"chr3","40225296","40225561","chr3","39451430","39451695","2","773866"
"chr3","40231900","40232212","chr3","39458031","39458341","9","773869"
"chr3","40235554","40235858","chr3","39461684","39461985","6","773870"
"chr3","40404576","40404881","chr3","39634330","39634635","8","770246"
"chr3","40410780","40411061","chr2","15828233","15828513","47","24582547"
"chr3","40478249","40478542","chr3","39706451","39706744","9","771798"
"chr3","40585212","40585512","chr3","39799737","39800046","14","785475"
"chr3","40638187","40638494","chr3","39852807","39853081","35","785380"
"chr3","40714165","40714379","chr7","131990458","131990670","22","91276293"
"chr3","40746673","40746978","chr3","39945188","39945506","13","801485"
"chr3","40930109","40930424","chr3","40150077","40150390","5","780032"
"chr3","41020068","41020354","chr3","40247529","40247815","3","772539"
"chr3","41055588","41055885","chr3","40282969","40283249","23","772619"
"chr3","41057470","41057763","chr3","40284825","40285122","8","772645"
"chr3","41111284","41111572","chr3","40335307","40335596","7","775977"
"chr3","41117293","41117593","chr3","40341316","40341616","14","775977"
"chr3","41119970","41120260","chr8","69669534","69669831","45","28549564"
"chr3","41128500","41128806","chr5","134089708","134090013","44","92961208"
"chr3","41167988","41168297","chr3","40390955","40391262","11","777033"
"chr3","41198113","41198410","chr3","40421026","40421323","3","777087"
"chr3","41202710","41203029","chr8","142765679","142765992","43","101562969"
"chr3","41210554","41210839","chr3","40433214","40433500","6","777340"
"chr3","41220686","41220955","chr3","40443098","40443367","7","777588"
"chr3","41237836","41238127","chr3","40460252","40460541","12","777584"
"chr3","41271001","41271111","chr3","40491945","40492055","5","779056"
"chr3","41280125","41280306","chr3","40501024","40501206","16","779101"
"chr3","41280606","41280740","chr3","40501526","40501665","7","779080"
"chr3","41290754","41291063","chr3","40511673","40511980","3","779081"
"chr3","41309114","41309184","chr4","83862340","83862406","11","42553226"
"chr3","41311975","41312045","chr4","83862340","83862406","11","42550365"
"chr3","41379767","41380051","chr3","40619087","40619372","11","760680"
"chr3","41601168","41601462","chr3","40842175","40842461","19","758993"
"chr3","41608241","41608543","chr11","20018073","20018374","35","21590168"
"chr3","41643555","41643857","chr3","40884614","40884920","8","758941"
"chr3","41649682","41649989","chr3","40890725","40891033","7","758957"
"chr3","41666021","41666332","chr1","155819910","155820213","44","114153889"
"chr3","41775885","41776187","chr3","41021113","41021437","25","754772"
"chr3","41852386","41852687","chr15","51949418","51949716","36","10097032"
"chr3","42026899","42027180","chr11","61479248","61479528","33","19452349"
"chr3","42080216","42080522","chr3","41320635","41320941","7","759581"
"chr3","42104646","42104953","chr3","41344472","41344781","10","760174"
"chr3","42166774","42167046","chr2","100191186","100191455","57","58024412"
"chr3","42178602","42178906","chr3","41420832","41421117","28","757770"
"chr3","42206600","42206939","chr3","41448878","41449217","1","757722"
"chr3","42212380","42212656","chr3","41454705","41454967","22","757675"
"chr3","42225053","42225349","chr3","41467246","41467541","6","757807"
"chr3","42271433","42271739","chr3","41514973","41515279","8","756460"
"chr3","42351517","42351829","chr4","9551968","9552265","69","32799549"
"chr3","42357314","42357624","chr3","41599555","41599863","8","757759"
"chr3","42406318","42406614","chr3","41648852","41649145","13","757466"
"chr3","42432789","42433096","chr3","41675308","41675619","11","757481"
"chr3","42460518","42460798","chr3","41702845","41703153","35","757673"
"chr3","42464163","42464467","chr3","41706546","41706847","12","757617"
"chr3","42468108","42468413","chr3","41710514","41710809","11","757594"
"chr3","42484176","42484496","chr3","41726627","41726947","6","757549"
"chr3","42506784","42507083","chr3","41749201","41749496","9","757583"
"chr3","42528100","42528407","chr21","25367995","25368297","11","17160105"
"chr3","42561038","42561308","chr16","1517089","1517367","65","41043949"
"chr3","42578016","42578316","chr3","41823881","41824182","13","754135"
"chr3","42591805","42592100","chr3","41837566","41837860","8","754239"
"chr3","42615936","42616221","chr1","164751034","164751332","51","122135098"
"chr3","42619069","42619398","chr3","41864990","41865300","24","754079"
"chr3","42622598","42622877","chr3","41868484","41868787","36","754114"
"chr3","42627771","42628060","chr1","77885749","77886051","56","35257978"
"chr3","42630908","42631215","chr3","41864990","41865300","8","765918"
"chr3","42639532","42639825","chr3","41879835","41880127","8","759697"
"chr3","42645381","42645671","chr3","41885688","41885977","7","759693"
"chr3","42651164","42651241","chr3","10361240","10361316","8","32289924"
"chr3","42685385","42685683","chr3","41923217","41923515","5","762168"
"chr3","42697196","42697394","chr3","41935018","41935182","38","762178"
"chr3","42697705","42697836","chr3","41935529","41935660","1","762176"
"chr3","42700571","42700859","chr3","41938396","41938701","24","762175"
"chr3","42701321","42701618","chr3","41939164","41939459","14","762157"
"chr3","42704410","42704706","chr3","41942238","41942533","8","762172"
"chr3","42710430","42710726","chr3","41948170","41948463","9","762260"
"chr3","42712526","42712814","chr3","41950254","41950542","3","762272"
"chr3","42728795","42729094","chr3","41966550","41966849","4","762245"
"chr3","42736023","42736297","chr3","41973743","41974017","4","762280"
"chr3","42736870","42737116","chr3","41974590","41974836","4","762280"
"chr3","42737984","42738283","chr12","113264397","113264698","48","70526413"
"chr3","42741412","42741720","chr3","41979129","41979438","8","762283"
"chr3","42750385","42750653","chr22","35321426","35321698","39","7428959"
"chr3","42752280","42752602","chr3","41990354","41990649","38","761926"
"chr3","42756097","42756403","chr3","41994100","41994383","30","761997"
"chr3","42766077","42766380","chr3","42004093","42004391","10","761984"
"chr3","42767086","42767388","chr19","10067011","10067310","46","32700075"
"chr3","42768444","42768745","chr3","42006454","42006755","10","761990"
"chr3","42770126","42770430","chr3","42008131","42008435","8","761995"
"chr3","42771312","42771631","chr3","42009317","42009636","4","761995"
"chr3","42783416","42783700","chr3","42021588","42021874","5","761828"
"chr3","42792232","42792516","chr7","140040780","140041067","40","97248548"
"chr3","42802617","42802903","chr3","42039368","42039658","13","763249"
"chr3","42803918","42804215","chr3","42040681","42040977","5","763237"
"chr3","42810363","42810672","chr17","47791740","47792043","51","4981377"
"chr3","42816814","42817118","chr3","42054905","42055219","15","761909"
"chr3","42825299","42825604","chr2","158826510","158826814","44","116001211"
"chr3","42839225","42839525","chr3","42077285","42077585","5","761940"
"chr3","42844266","42844534","chr2","47538489","47538756","36","4694223"
"chr3","42847123","42847419","chr3","42085171","42085468","10","761952"
"chr3","42858170","42858481","chr3","42096242","42096553","9","761928"
"chr3","42863932","42864227","chr3","42101990","42102285","3","761942"
"chr3","42865111","42865414","chr3","42103170","42103474","9","761941"
"chr3","42879918","42880217","chr16","3287970","3288266","39","39591948"
"chr3","42883652","42883946","chr3","42121825","42122115","13","761827"
"chr3","42887659","42887950","chr3","42125848","42126143","8","761811"
"chr3","42903705","42904012","chr3","42141854","42142161","6","761851"
"chr3","42907043","42907344","chr3","42145204","42145500","12","761839"
"chr3","42940489","42940796","chr16","48451922","48452231","46","5511433"
"chr3","42943025","42943322","chr3","42181262","42181559","5","761763"
"chr3","42974639","42974936","chr3","42213055","42213356","6","761584"
"chr3","42995230","42995527","chr3","42233634","42233932","3","761596"
"chr3","43039400","43039673","chr3","42294254","42294527","6","745146"
"chr3","43052588","43052885","chr3","42307462","42307759","5","745126"
"chr3","43056725","43056952","chrX","6925033","6925261","51","36131692"
"chr3","43057189","43057491","chr3","42312029","42312332","9","745160"
"chr3","43068694","43068998","chr3","42323298","42323598","8","745396"
"chr3","43076130","43076258","chr12","110525293","110525425","20","67449163"
"chr3","43076448","43076640","chr9","131922443","131922637","36","88845995"
"chr3","43076645","43076951","chr8","125481652","125481959","47","82405007"
"chr3","43088589","43088889","chr3","42343145","42343445","4","745444"
"chr3","43089307","43089599","chr3","42343863","42344156","8","745444"
"chr3","43097481","43097785","chr3","42350758","42351062","3","746723"
"chr3","43119600","43119903","chr3","42372925","42373227","9","746675"
"chr3","43142531","43142844","chr3","42395795","42396088","27","746736"
"chr3","43173466","43173743","chr3","42426664","42426943","5","746802"
"chr3","43187334","43187664","chr3","42440581","42440880","37","746753"
"chr3","43198734","43198968","chr3","42452580","42452814","1","746154"
"chr3","43234490","43234789","chr3","42482931","42483228","8","751559"
"chr3","43243122","43243433","chr3","42491548","42491874","21","751574"
"chr3","43247593","43247817","chr3","42496017","42496238","6","751576"
"chr3","43270034","43270337","chr3","42518457","42518740","24","751577"
"chr3","43325440","43325743","chr3","42573244","42573547","3","752196"
"chr3","43336470","43336759","chr7","50465380","50465671","39","7128910"
"chr3","43338414","43338721","chr3","42586215","42586518","9","752199"
"chr3","43354772","43355081","chr3","42602746","42603055","4","752026"
"chr3","43355751","43356052","chr3","42603733","42604036","11","752018"
"chr3","43360821","43361126","chr3","42608844","42609148","9","751977"
"chr3","43370432","43370735","chr3","42618439","42618743","5","751993"
"chr3","43384059","43384353","chr3","42632062","42632370","17","751997"
"chr3","43401574","43401698","chr6","15024384","15024505","9","28377190"
"chr3","43421209","43421513","chr3","42669201","42669505","9","752008"
"chr3","43429368","43429640","chr3","42677357","42677629","2","752011"
"chr3","43462502","43462639","chr3","42710574","42710711","3","751928"
"chr3","43462893","43463194","chr3","42710965","42711272","14","751928"
"chr3","43526195","43526490","chr3","42763504","42763805","15","762691"
"chr3","43544089","43544364","chr3","42781580","42781859","13","762509"
"chr3","43558985","43559297","chr17","72846019","72846329","42","29287034"
"chr3","43569793","43570069","chr15","94468643","94468927","48","50898850"
"chr3","43571598","43571895","chr3","42812681","42812988","14","758917"
"chr3","43580282","43580558","chr15","94468643","94468927","48","50888361"
"chr3","43584658","43584930","chr3","42822571","42822843","6","762087"
"chr3","43592422","43592556","chr3","42830281","42830415","3","762141"
"chr3","43605205","43605399","chr4","52634530","52634724","25","9029325"
"chr3","43605938","43606022","chr19","14243794","14243879","9","29362144"
"chr3","43657132","43657398","chr3","42894319","42894583","7","762813"
"chr3","43693538","43693836","chr3","42930142","42930440","7","763396"
"chr3","43792708","43793011","chr3","43030002","43030306","9","762706"
"chr3","43876530","43876581","chr3","43112941","43112999","7","763589"
"chr3","43892592","43892892","chr11","119553524","119553824","51","75660932"
"chr3","43904166","43904415","chr3","43140726","43140972","7","763440"
"chr3","44034150","44034452","chr3","43270509","43270800","17","763641"
"chr3","44035600","44035902","chr3","43271948","43272244","14","763652"
"chr3","44057238","44057540","chr12","110396514","110396814","40","66339276"
"chr3","44059357","44059652","chr3","43295743","43296037","5","763614"
"chr3","44170330","44170627","chr3","43406906","43407202","12","763424"
"chr3","44172182","44172471","chr3","43408748","43409035","9","763434"
"chr3","44176196","44176503","chr3","43412769","43413059","19","763427"
"chr3","44178388","44178692","chr3","43414968","43415275","8","763420"
"chr3","44178951","44179266","chr3","43415527","43415841","8","763424"
"chr3","44182979","44183266","chr3","43419527","43419814","4","763452"
"chr3","44184397","44184686","chr3","43420941","43421230","8","763456"
"chr3","44191511","44191805","chr3","43428057","43428349","13","763454"
"chr3","44239676","44239985","chr3","43475589","43475901","13","764087"
"chr3","44297749","44298053","chr3","43531612","43531918","8","766137"
"chr3","44314331","44314642","chr3","43544511","43544820","8","769820"
"chr3","44352159","44352453","chr3","43573961","43574255","3","778198"
"chr3","44382688","44382976","chr3","43602344","43602635","10","780344"
"chr3","44406225","44406504","chr3","43625941","43626233","17","780284"
"chr3","44406572","44406874","chr3","43626296","43626600","11","780276"
"chr3","44481238","44481536","chr3","43703183","43703478","5","778055"
"chr3","44510195","44510481","chr3","43732149","43732449","19","778046"
"chr3","44528120","44528429","chr3","43750079","43750387","10","778041"
"chr3","44564680","44564983","chr15","99961499","99961801","45","55396819"
"chr3","44574864","44575167","chr3","43788574","43788874","11","786290"
"chr3","44702656","44702997","chr3","43909765","43910084","43","792891"
"chr3","44726186","44726484","chr3","43933246","43933555","17","792940"
"chr3","44768835","44769120","chr3","43976408","43976696","25","792427"
"chr3","44769565","44769850","chr3","43976408","43976696","24","793157"
"chr3","44861616","44861915","chr3","44068575","44068880","8","793041"
"chr3","44940466","44940765","chr3","44139163","44139462","3","801303"
"chr3","45033056","45033357","chr3","44231093","44231394","4","801963"
"chr3","45037176","45037480","chr3","44235214","44235515","4","801962"
"chr3","45049594","45049890","chr3","44247653","44247950","4","801941"
"chr3","45107384","45107649","chr13","25546848","25547129","43","19560536"
"chr3","45170856","45171142","chr3","44356245","44356531","5","814611"
"chr3","45179954","45180246","chr3","44365335","44365626","2","814619"
"chr3","45187990","45188283","chr3","44373384","44373677","6","814606"
"chr3","45195353","45195646","chr3","44373384","44373677","6","821969"
"chr3","45225282","45225587","chr3","44402997","44403283","26","822285"
"chr3","45234366","45234676","chr12","1266392","1266704","54","43967974"
"chr3","45247940","45248255","chr3","44425513","44425824","20","822427"
"chr3","45254355","45254640","chr3","44431909","44432198","9","822446"
"chr3","45256582","45256891","chr3","44434131","44434434","14","822451"
"chr3","45276779","45277080","chr3","44453290","44453594","8","823489"
"chr3","45287679","45287802","chr19","47139067","47139206","29","1851388"
"chr3","45321006","45321304","chr3","44497401","44497699","5","823605"
"chr3","45336858","45337100","chr3","44520226","44520466","4","816632"
"chr3","45376735","45377042","chr3","44558243","44558548","4","818492"
"chr3","45377932","45378220","chr3","44559438","44559726","4","818494"
"chr3","45419885","45420191","chr3","44601320","44601625","6","818565"
"chr3","45427121","45427422","chr3","44608586","44608886","4","818535"
"chr3","45458897","45459208","chr3","44640366","44640677","2","818531"
"chr3","45533985","45534295","chr3","44705202","44705512","7","828783"
"chr3","45565016","45565111","chr3","44736571","44736666","0","828445"
"chr3","45568293","45568441","chr22","29393826","29393976","25","16174467"
"chr3","45575859","45576156","chr3","44746653","44746951","8","829206"
"chr3","45577027","45577327","chr3","44747834","44748137","5","829193"
"chr3","45599508","45599789","chr3","44765852","44766133","1","833656"
"chr3","45619092","45619414","chr3","44782040","44782360","10","837052"
"chr3","45629375","45629503","chr15","77500001","77500130","12","31870626"
"chr3","45629533","45629777","chr1","182922324","182922575","44","137292791"
"chr3","45643499","45643793","chr3","44803852","44804146","3","839647"
"chr3","45649453","45649740","chr3","44809785","44810072","7","839668"
"chr3","45668541","45668839","chr3","44832733","44833031","17","835808"
"chr3","45674282","45674586","chr3","44838462","44838767","9","835820"
"chr3","45682300","45682599","chr3","44846493","44846792","4","835807"
"chr3","45685146","45685263","chr1","9455137","9455253","14","36230009"
"chr3","45719362","45719665","chr3","44877165","44877468","6","842197"
"chr3","45720693","45720974","chr3","44878500","44878781","7","842193"
"chr3","45782696","45782990","chr3","44937991","44938287","7","844705"
"chr3","45842712","45843035","chr3","44998024","44998335","19","844688"
"chr3","45845835","45846122","chr3","45001172","45001454","9","844663"
"chr3","45872655","45872967","chr3","45028274","45028586","3","844381"
"chr3","45889055","45889364","chr3","45044741","45045050","7","844314"
"chr3","45902572","45902788","chr19","45389528","45389745","28","513044"
"chr3","45910107","45910380","chr3","45061705","45061978","6","848402"
"chr3","45920722","45921030","chr3","45072313","45072614","16","848409"
"chr3","45936590","45936884","chr3","45088201","45088498","7","848389"
"chr3","45940189","45940483","chr3","45091800","45092094","5","848389"
"chr3","45950916","45951047","chr3","45102524","45102655","3","848392"
"chr3","46009277","46009559","chr3","45161626","45161908","5","847651"
"chr3","46026607","46026896","chr3","45178951","45179223","25","847656"
"chr3","46049074","46049357","chr3","45205975","45206265","16","843099"
"chr3","46051088","46051375","chr3","45208003","45208291","8","843085"
"chr3","46063687","46063994","chr3","45221003","45221297","19","842684"
"chr3","46064020","46064111","chr10","86837278","86837369","8","40773258"
"chr3","46071218","46071520","chr3","45228407","45228709","4","842811"
"chr3","46106295","46106606","chr3","45264625","45264933","10","841670"
"chr3","46137425","46137727","chr3","45295046","45295355","16","842379"
"chr3","46138104","46138406","chr3","45295046","45295355","16","843058"
"chr3","46196095","46196389","chr3","45329080","45329387","18","867015"
"chr3","46199239","46199541","chr3","45332237","45332539","4","867002"
"chr3","46232134","46232434","chr3","45366977","45367277","5","865157"
"chr3","46238389","46238684","chr17","42708373","42708668","36","3530016"
"chr3","46247948","46248259","chr3","45379518","45379829","7","868430"
"chr3","46255365","46255645","chr5","145195391","145195671","31","98940026"
"chr3","46284122","46284416","chr3","5117358","5117652","30","41166764"
"chr3","46372715","46373028","chr3","45504798","45505112","3","867917"
"chr3","46387595","46387887","chr19","53534295","53534585","34","7146700"
"chr3","46390394","46390704","chr3","45522449","45522758","2","867945"
"chr3","46411509","46411802","chr3","45543454","45543763","20","868055"
"chr3","46437968","46438261","chr3","45569953","45570257","19","868015"
"chr3","46453415","46453708","chr3","45586557","45586850","7","866858"
"chr3","46473581","46473888","chr3","45606786","45607093","10","866795"
"chr3","46475359","46475668","chr3","45608560","45608861","14","866799"
"chr3","46487326","46487567","chr3","45620506","45620747","6","866820"
"chr3","46494537","46494843","chr3","45627726","45628029","8","866811"
"chr3","46510070","46510368","chr1","40591040","40591337","37","5919030"
"chr3","46521806","46522104","chr3","45654921","45655219","6","866885"
"chr3","46527282","46527582","chr3","45660434","45660715","23","866848"
"chr3","46530594","46530731","chr3","45663731","45663868","0","866863"
"chr3","46531040","46531174","chr3","45664171","45664305","5","866869"
"chr3","46542119","46542406","chr3","45675248","45675542","9","866871"
"chr3","46542762","46543043","chr3","45675972","45676255","8","866790"
"chr3","46547508","46547816","chr3","45680731","45681038","13","866777"
"chr3","46553469","46553759","chr3","45686665","45686968","14","866804"
"chr3","46562041","46562337","chr3","45695264","45695560","4","866777"
"chr3","46566218","46566500","chr3","45699539","45699821","7","866679"
"chr3","46567348","46567639","chr3","183830984","183831275","34","137263636"
"chr3","46595383","46595669","chr3","45729102","45729384","9","866281"
"chr3","46617059","46617353","chr3","45750792","45751069","32","866267"
"chr3","46630677","46630991","chr16","11614288","11614597","45","35016389"
"chr3","46702500","46702805","chr3","45836373","45836678","6","866127"
"chr3","47015349","47015649","chr17","32972946","32973244","9","14042403"
"chr3","47137470","47137740","chr3","46241877","46242148","12","895593"
"chr3","47143751","47144061","chr3","46252170","46252478","12","891581"
"chr3","47199147","47199426","chr3","46307939","46308218","3","891208"
"chr3","47201178","47201463","chr3","46309971","46310256","7","891207"
"chr3","47232539","47232788","chr3","46341423","46341672","7","891116"
"chr3","47258712","47259014","chr3","46367569","46367871","3","891143"
"chr3","47373876","47374183","chr3","46479544","46479827","27","894332"
"chr3","47406788","47407080","chr3","46514868","46515161","5","891920"
"chr3","47525943","47526249","chr3","46584377","46584684","10","941566"
"chr3","47604319","47604609","chr3","46661523","46661813","6","942796"
"chr3","47677928","47678235","chr3","46734403","46734708","16","943525"
"chr3","47708065","47708361","chr3","46766952","46767255","11","941113"
"chr3","47711433","47711716","chr3","46770326","46770627","26","941107"
"chr3","47765826","47766118","chr3","55905088","55905374","46","8139262"
"chr3","47785594","47785905","chr3","46848009","46848311","15","937585"
"chr3","47817493","47817778","chr19","34155381","34155675","44","13662112"
"chr3","47818200","47818488","chr3","46880468","46880756","7","937732"
"chr3","47852227","47852365","chr3","46914499","46914632","11","937728"
"chr3","47852651","47852796","chr3","46914921","46915068","6","937730"
"chr3","47852858","47852874","chr3","121635191","121635209","3","73782333"
"chr3","47862309","47862591","chr3","46924563","46924815","33","937746"
"chr3","47865760","47865998","chr3","46928016","46928252","6","937744"
"chr3","47901709","47902023","chr8","118136019","118136329","45","70234310"
"chr3","47911517","47911827","chr3","46975831","46976145","12","935686"
"chr3","47969799","47969879","chr3","47033961","47034041","2","935838"
"chr3","47986264","47986568","chr3","47050724","47051032","16","935540"
"chr3","47994668","47994941","chr3","47059142","47059415","5","935526"
"chr3","48020009","48020305","chr3","47084427","47084724","8","935582"
"chr3","48049440","48049731","chr3","47113555","47113844","4","935885"
"chr3","48050484","48050789","chr3","47114597","47114898","7","935887"
"chr3","48051550","48051836","chr3","47115659","47115945","7","935891"
"chr3","48060969","48061285","chr3","47125037","47125353","3","935932"
"chr3","48063130","48063402","chr3","47126037","47126309","3","937093"
"chr3","48072447","48072737","chr3","47134635","47134923","7","937812"
"chr3","48076122","48076281","chr3","47138275","47138434","3","937847"
"chr3","48076568","48076687","chr3","47138721","47138840","2","937847"
"chr3","48078851","48079149","chr10","93448714","93449003","56","45369863"
"chr3","48093641","48093915","chr11","75303020","75303297","45","27209379"
"chr3","48105852","48106164","chr3","47167692","47168008","8","938160"
"chr3","48109501","48109790","chr3","47171347","47171637","6","938154"
"chr3","48115383","48115692","chr3","47177229","47177533","13","938154"
"chr3","48119923","48120228","chr3","47179406","47179704","13","940517"
"chr3","48130791","48131101","chr3","47190925","47191236","6","939866"
"chr3","48131939","48132246","chr1","181052789","181053095","36","132920850"
"chr3","48134741","48135049","chr3","47194868","47195178","5","939873"
"chr3","48147003","48147313","chr3","47203605","47203910","8","943398"
"chr3","48156349","48156586","chr10","5824605","5824855","47","42331744"
"chr3","48158471","48158781","chr3","47224256","47224563","8","934215"
"chr3","48163936","48164230","chr3","47229738","47230032","6","934198"
"chr3","48168755","48169057","chr3","47234553","47234855","7","934202"
"chr3","48187591","48187895","chr3","47251284","47251581","11","936307"
"chr3","48204965","48205097","chr3","47268941","47269073","5","936024"
"chr3","48205307","48205600","chr5","115763900","115764196","47","67558593"
"chr3","48220077","48220370","chr5","115763900","115764196","47","67543823"
"chr3","48220580","48220712","chr3","47268941","47269073","5","951639"
"chr3","48220781","48221083","chrX","12801597","12801908","57","35419184"
"chr3","48224919","48225220","chr3","47287482","47287784","6","937437"
"chr3","48245797","48246088","chr3","47307082","47307372","7","938715"
"chr3","48252833","48253127","chr17","42544742","42545036","5","5708091"
"chr3","48261949","48262237","chr3","47317887","47318166","11","944062"
"chr3","48274838","48275137","chr3","47330731","47331031","9","944107"
"chr3","48276237","48276553","chr6","43658009","43658321","57","4618228"
"chr3","48297936","48298233","chr3","47353792","47354090","7","944144"
"chr3","48322069","48322370","chr3","47377717","47378018","4","944352"
"chr3","48329758","48330047","chr3","47385395","47385684","1","944363"
"chr3","48340658","48340959","chr3","47396292","47396593","5","944366"
"chr3","48342382","48342676","chr3","47398014","47398306","4","944368"
"chr3","48346654","48346957","chr3","47402272","47402579","7","944382"
"chr3","48386073","48386385","chr6","7017325","7017633","40","41368748"
"chr3","48386675","48386971","chr3","47439127","47439422","4","947548"
"chr3","48392021","48392320","chr3","47444480","47444774","9","947541"
"chr3","48394660","48394945","chr3","47447122","47447407","8","947538"
"chr3","48397520","48397817","chr3","47450000","47450297","6","947520"
"chr3","48410983","48411302","chr11_KI270927v1_alt","67064","67372","50","48343919"
"chr3","48416639","48416927","chr3","47469066","47469354","10","947573"
"chr3","48416939","48417231","chr3","47469366","47469658","4","947573"
"chr3","48419449","48419712","chr3","47471869","47472131","4","947580"
"chr3","48428557","48428834","chr3","47481283","47481560","3","947274"
"chr3","48435770","48436052","chr3","47488510","47488792","8","947260"
"chr3","48444647","48444940","chr3","47497335","47497628","4","947312"
"chr3","48449384","48449688","chr3","47502128","47502439","13","947256"
"chr3","48463769","48464031","chr3","47516564","47516826","5","947205"
"chr3","48464165","48464355","chrX","119276600","119276786","39","70812435"
"chr3","48464669","48464803","chr1","90338377","90338512","12","41873708"
"chr3","48467237","48467380","chr3","47519992","47520135","1","947245"
"chr3","48467683","48467851","chr3","47520433","47520601","0","947250"
"chr3","48468996","48469307","chr3","47521741","47522049","8","947255"
"chr3","48472523","48472832","chr3","47525267","47525576","4","947256"
"chr3","48473797","48474092","chr3","47526542","47526843","12","947255"
"chr3","48487664","48487971","chr7","27015259","27015567","42","21472405"
"chr3","48497748","48498055","chr7","27015259","27015567","42","21482489"
"chr3","48503911","48504220","chr3","47554054","47554356","14","949857"
"chr3","48506054","48506343","chr3","47556190","47556480","8","949864"
"chr3","48513584","48513880","chr3","47563556","47563848","5","950028"
"chr3","48525145","48525275","chr3","47575144","47575274","1","950001"
"chr3","48542909","48543199","chr3","47592820","47593126","19","950089"
"chr3","48543317","48543559","chr2","42473870","42474111","38","6069447"
"chr3","48548628","48548930","chr3","47598548","47598851","6","950080"
"chr3","48578636","48578897","chr3","47628582","47628844","4","950054"
"chr3","48592327","48592636","chr3","47642309","47642592","29","950018"
"chr3","48594544","48594837","chr6","149449442","149449738","39","100854898"
"chr3","48605138","48605434","chr3","47655415","47655711","7","949723"
"chr3","48606352","48606660","chr3","27901282","27901579","52","20705070"
"chr3","48620936","48621225","chr3","47670904","47671198","11","950032"
"chr3","48623140","48623453","chr3","47673103","47673395","28","950037"
"chr3","48629646","48629957","chr3","47679580","47679891","6","950066"
"chr3","48644357","48644657","chr3","47694319","47694620","13","950038"
"chr3","48645823","48646112","chr4","70767686","70767978","42","22121863"
"chr3","48647352","48647656","chr3","47697303","47697601","12","950049"
"chr3","48650584","48650900","chr3","47700512","47700824","15","950072"
"chr3","48679283","48679576","chr3","47728079","47728387","23","951204"
"chr3","48681087","48681376","chr3","47729903","47730195","8","951184"
"chr3","48700232","48700495","chr3","47749042","47749305","5","951190"
"chr3","48713977","48714288","chr3","47760851","47761155","18","953126"
"chr3","48725165","48725451","chr3","47785081","47785375","11","940084"
"chr3","48727269","48727556","chr3","47787191","47787478","6","940078"
"chr3","48727560","48727702","chr3","47787482","47787624","1","940078"
"chr3","48728657","48728759","chr3","47788585","47788688","2","940072"
"chr3","48729049","48729279","chr3","47788984","47789215","11","940065"
"chr3","48756085","48756380","chr3","47801040","47801335","4","955045"
"chr3","48767292","48767588","chr3","47812276","47812571","6","955016"
"chr3","48767748","48767971","chr6","158671492","158671718","31","109903744"
"chr3","48776124","48776424","chr3","47820909","47821255","47","955215"
"chr3","48787800","48788107","chr1","237004556","237004861","43","188216756"
"chr3","48788398","48788722","chr6","46385575","46385884","62","2402823"
"chr3","48811448","48811718","chr3","47856454","47856726","8","954994"
"chr3","48815916","48816129","chr14","65391711","65391921","21","16575795"
"chr3","48832276","48832566","chr3","47878547","47878837","4","953729"
"chr3","48858968","48859255","chr7","136321947","136322242","33","87462979"
"chr3","48872162","48872323","chr3","47917848","47918013","8","954314"
"chr3","48872592","48872729","chr3","47918279","47918419","4","954313"
"chr3","48883488","48883765","chr3","47929071","47929348","5","954417"
"chr3","48891251","48891549","chr3","47938090","47938385","7","953161"
"chr3","48914004","48914297","chr3","47959866","47960160","7","954138"
"chr3","48928302","48928594","chr3","47974144","47974434","4","954158"
"chr3","48935614","48935904","chr3","47981488","47981780","3","954126"
"chr3","48937015","48937312","chr3","47982897","47983203","18","954118"
"chr3","48954806","48955109","chr7","1521168","1521466","37","47433638"
"chr3","48956419","48956661","chr3","48001565","48001800","14","954854"
"chr3","48966119","48966428","chr3","48011265","48011568","13","954854"
"chr3","48971662","48971968","chr3","48016779","48017077","16","954883"
"chr3","48974938","48975067","chr3","48020052","48020181","2","954886"
"chr3","48981514","48981804","chr5","95597612","95597904","37","46616098"
"chr3","48986768","48987062","chr3","48034421","48034716","5","952347"
"chr3","48996857","48997130","chr2","99011168","99011431","42","50014311"
"chr3","49027387","49027682","chr9","92931038","92931334","35","43903651"
"chr3","49031046","49031333","chr3","48071644","48071931","3","959402"
"chr3","49031341","49031599","chr3","48071939","48072197","4","959402"
"chr3","49031628","49031911","chr5","179692082","179692374","39","130660454"
"chr3","49032347","49032632","chr3","48072949","48073213","24","959398"
"chr3","49034700","49034993","chr3","48075243","48075537","17","959457"
"chr3","49038822","49039118","chr3","48079373","48079669","6","959449"
"chr3","49045807","49046107","chr3","48086355","48086657","8","959452"
"chr3","49049039","49049322","chr3","48089616","48089894","15","959423"
"chr3","49073339","49073651","chr3","48099492","48099808","8","973847"
"chr3","49082354","49082642","chr3","48108536","48108825","8","973818"
"chr3","49082648","49082942","chr3","48108834","48109125","6","973814"
"chr3","49085677","49085816","chr19","16318178","16318313","16","32767499"
"chr3","49086127","49086301","chr12","50243916","50244091","28","1157789"
"chr3","49087895","49088035","chr18","31964442","31964580","21","17123453"
"chr3","49091876","49092173","chr3","48117931","48118234","13","973945"
"chr3","49096816","49097118","chr3","48122877","48123179","2","973939"
"chr3","49103770","49104076","chrX","72281049","72281344","35","23177279"
"chr3","49106067","49106144","chr3","48131509","48131586","4","974558"
"chr3","49107865","49108144","chr2","214937217","214937497","43","165829352"
"chr3","49108694","49108985","chr3","48134066","48134359","8","974628"
"chr3","49147405","49147674","chr7","74446679","74446941","51","25299274"
"chr3","49168844","49169029","chr19","48318096","48318291","30","850748"
"chr3","49179971","49180235","chr7","156987824","156988088","40","107807853"
"chr3","49200267","49200538","chr3","48226022","48226293","4","974245"
"chr3","49202893","49203203","chrX","12801597","12801908","42","36401296"
"chr3","49205702","49206015","chr3","48231454","48231767","6","974248"
"chr3","49210277","49210351","chr3","48236027","48236108","7","974250"
"chr3","49219307","49219582","chr3","48246031","48246306","6","973276"
"chr3","49224209","49224343","chr3","48250916","48251050","4","973293"
"chr3","49243989","49244269","chr3","48280360","48280640","3","963629"
"chr3","49246007","49246125","chr3","48281251","48281367","2","964756"
"chr3","49279337","49279648","chr3","48315439","48315747","6","963898"
"chr3","49290584","49290880","chr7","149097702","149097998","44","99807118"
"chr3","49301389","49301694","chr3","48337411","48337716","5","963978"
"chr3","49304546","49304833","chr3","48340574","48340861","8","963972"
"chr3","49304963","49305262","chr3","48340991","48341288","6","963972"
"chr3","49310525","49310829","chr3","48346553","48346857","7","963972"
"chr3","49353456","49353757","chr3","48389374","48389675","2","964082"
"chr3","49354466","49354774","chr8","37819670","37819970","39","11534796"
"chr3","49358144","49358342","chr3","72635960","72636150","47","23277816"
"chr3","49366974","49367312","chr22","29589319","29589646","64","19777655"
"chr3","49408001","49408133","chr3","48441350","48441482","2","966651"
"chr3","49409599","49409895","chr3","48442958","48443265","16","966641"
"chr3","49421488","49421792","chr3","48454857","48455161","6","966631"
"chr3","49422474","49422767","chr3","48455839","48456130","6","966635"
"chr3","49438615","49438886","chr3","48471917","48472203","20","966698"
"chr3","49481512","49481810","chr3","48514267","48514563","7","967245"
"chr3","49497681","49497996","chr3","48530686","48531006","10","966995"
"chr3","49520694","49520989","chr1","17006255","17006550","43","32514439"
"chr3","49591561","49591819","chr3","48625080","48625337","9","966481"
"chr3","49632437","49632550","chr3","48665507","48665620","1","966930"
"chr3","49634002","49634143","chr3","48667072","48667214","3","966930"
"chr3","49634449","49634624","chr3","48667516","48667691","10","966933"
"chr3","49642586","49642885","chr3","48675549","48675845","10","967037"
"chr3","49658592","49658850","chr3","48691534","48691793","5","967058"
"chr3","49671248","49671578","chr3","48703810","48704140","7","967438"
"chr3","49680365","49680654","chr5","14930092","14930384","37","34750273"
"chr3","49681849","49681999","chr3","48714216","48714366","1","967633"
"chr3","49687224","49687387","chr4","47673228","47673391","23","2013996"
"chr3","49687696","49687833","chr17","38628920","38629056","18","11058776"
"chr3","49689827","49690184","chr3","48720082","48720439","14","969745"
"chr3","49708691","49708989","chr3","48740883","48741180","8","967808"
"chr3","49732545","49732842","chr3","48764627","48764923","8","967918"
"chr3","49736406","49736714","chr3","48768416","48768723","7","967990"
"chr3","49736813","49737112","chr3","48768818","48769119","6","967995"
"chr3","49748632","49748943","chr3","48780969","48781285","6","967663"
"chr3","49749006","49749165","chr3","48781348","48781508","5","967658"
"chr3","49749467","49749603","chr3","48781811","48781945","2","967656"
"chr3","49750094","49750414","chr3","48782435","48782755","3","967659"
"chr3","49752748","49752912","chr3","48785092","48785258","2","967656"
"chr3","49753222","49753358","chr3","48785560","48785696","3","967662"
"chr3","49753773","49754053","chr6","79997242","79997516","65","30243469"
"chr3","49756146","49756277","chr3","48788332","48788470","11","967814"
"chr3","49764311","49764582","chrX","124382976","124383244","54","74618665"
"chr3","49764950","49765218","chr3","48797180","48797424","26","967770"
"chr3","49791369","49791653","chr3","48821945","48822231","7","969424"
"chr3","49794065","49794368","chr3","48824663","48824966","4","969402"
"chr3","49798270","49798581","chr3","48828823","48829134","10","969447"
"chr3","49804940","49805232","chr3","48834970","48835270","14","969970"
"chr3","49823930","49824243","chr3","48853106","48853415","7","970824"
"chr3","49826302","49826592","chr3","48855465","48855755","2","970837"
"chr3","49840178","49840407","chr3","48870118","48870347","3","970060"
"chr3","49844212","49844525","chr3","48874765","48875081","9","969447"
"chr3","49845188","49845495","chr2","48570053","48570352","57","1275135"
"chr3","49855048","49855264","chr12","22012770","22012988","49","27842278"
"chr3","49861108","49861402","chr14","57344475","57344770","51","7483367"
"chr3","49873365","49873651","chr3","48904110","48904396","5","969255"
"chr3","49882194","49882484","chr3","48913195","48913483","4","968999"
"chr3","49895828","49896134","chr3","48921428","48921732","15","974400"
"chr3","49900783","49901058","chr2","47279765","47280044","34","2621018"
"chr3","49928482","49928783","chr3","48954917","48955218","9","973565"
"chr3","49932310","49932613","chr17","81658559","81658862","59","31726249"
"chr3","49935691","49935994","chr14","67226359","67226659","37","17290668"
"chr3","49937601","49937887","chr3","48964016","48964306","6","973585"
"chr3","49937900","49938196","chr3","48964319","48964614","9","973581"
"chr3","49939275","49939571","chr3","48965679","48965973","8","973596"
"chr3","49954261","49954506","chr3","48980797","48981042","9","973464"
"chr3","49965794","49966091","chr3","48992324","48992621","0","973470"
"chr3","49967045","49967353","chr16","58685428","58685739","31","8718383"
"chr3","49997075","49997369","chr3","49023663","49023958","10","973412"
"chr3","50013177","50013487","chr3","49039778","49040089","5","973399"
"chr3","50014380","50014676","chr3","49040974","49041270","9","973406"
"chr3","50019296","50019612","chr3","49045902","49046218","13","973394"
"chr3","50022302","50022603","chr3","49048902","49049203","5","973400"
"chr3","50023322","50023623","chr18","58658486","58658789","34","8635164"
"chr3","50031485","50031765","chr3","49058332","49058612","6","973153"
"chr3","50034424","50034739","chr3","49060849","49061164","4","973575"
"chr3","50035756","50036019","chr4","38494938","38495198","57","11540818"
"chr3","50036094","50036362","chr3","49062373","49062657","23","973721"
"chr3","50036388","50036484","chr1","28651335","28651435","12","21385053"
"chr3","50038974","50039279","chr3","49065139","49065445","10","973835"
"chr3","50039843","50040158","chr3","49066003","49066318","6","973840"
"chr3","50045002","50045147","chr3","49071485","49071630","1","973517"
"chr3","50045569","50045807","chr3","49072049","49072300","15","973520"
"chr3","50049180","50049470","chr3","49075659","49075952","9","973521"
"chr3","50072396","50072528","chr3","49097352","49097484","2","975044"
"chr3","50075813","50076081","chr3","49100774","49101039","10","975039"
"chr3","50080418","50080724","chr3","49105375","49105682","11","975043"
"chr3","50135508","50135801","chr3","49161051","49161357","28","974457"
"chr3","50154438","50154706","chr3","49179992","49180260","3","974446"
"chr3","50158775","50159060","chr3","49184315","49184619","23","974460"
"chr3","50159068","50159361","chr3","49184627","49184928","19","974441"
"chr3","50162241","50162420","chr3","49188786","49188961","10","973455"
"chr3","50162721","50162867","chr3","49189269","49189409","10","973452"
"chr3","50175471","50175768","chr8","30172455","30172751","57","20003016"
"chr3","50178948","50179174","chr3","49205332","49205559","6","973616"
"chr3","50183081","50183296","chr3","49206332","49206528","23","976749"
"chr3","50193083","50193196","chr2","28574577","28574696","16","21618506"
"chr3","50197764","50197882","chr9","113458097","113458216","13","63260333"
"chr3","50200730","50200945","chr3","49206332","49206528","23","994398"
"chr3","50226952","50227261","chr1","21940800","21941098","38","28286152"
"chr3","50249653","50249936","chr3","49267707","49267987","9","981946"
"chr3","50250720","50251016","chr3","49268771","49269067","4","981949"
"chr3","50252477","50252770","chr3","49270535","49270822","11","981942"
"chr3","50256297","50256549","chr5","15000742","15000993","54","35255555"
"chr3","50266622","50266910","chr3","49287482","49287770","4","979140"
"chr3","50269322","50269626","chr19","8102987","8103287","57","42166335"
"chr3","50277241","50277531","chr3","49299964","49300256","5","977277"
"chr3","50281339","50281641","chr3","49303751","49304052","6","977588"
"chr3","50286046","50286312","chr3","49307166","49307430","3","978880"
"chr3","50289050","50289311","chr15","50503067","50503324","33","214017"
"chr3","50299635","50299934","chr3","49319631","49319913","19","980004"
"chr3","50306030","50306322","chr3","49326035","49326327","6","979995"
"chr3","50310339","50310649","chr3","49328578","49328888","2","981761"
"chr3","50314327","50314439","chr3","49332567","49332679","3","981760"
"chr3","50332781","50333029","chr3","49350393","49350641","3","982388"
"chr3","50334447","50334720","chr3","49352062","49352338","7","982385"
"chr3","50336714","50337012","chr11","71134440","71134725","53","20797726"
"chr3","50359137","50359449","chr3","49377311","49377623","4","981826"
"chr3","50360057","50360366","chr2","73748496","73748802","51","23388439"
"chr3","50364191","50364481","chr1","61963315","61963608","53","11599124"
"chr3","50374491","50374626","chr3","49390801","49390936","3","983690"
"chr3","50374931","50375103","chr3","49391243","49391412","4","983688"
"chr3","50378202","50378501","chr3","49394349","49394650","11","983853"
"chr3","50381921","50382204","chr3","49398079","49398361","7","983842"
"chr3","50386700","50387004","chr1","39373960","39374266","48","11012740"
"chr3","50417658","50417972","chr3","49427355","49427667","8","990303"
"chr3","50441899","50442199","chr3","49438505","49438809","9","1003394"
"chr3","50442204","50442514","chr3","49438847","49439128","32","1003357"
"chr3","50456562","50456726","chr1","227321830","227321988","31","176865268"
"chr3","50479812","50479992","chr3","49475407","49475582","6","1004405"
"chr3","50482401","50482719","chr3","49477985","49478298","15","1004416"
"chr3","50491443","50491756","chr3","49486876","49487189","3","1004567"
"chr3","50556782","50557071","chr12","56517588","56517882","47","5960806"
"chr3","50583133","50583441","chr3","49574627","49574936","5","1008506"
"chr3","50590995","50591274","chr3","49582987","49583266","1","1008008"
"chr3","50598923","50599195","chr3","49590824","49591093","6","1008099"
"chr3","50610524","50610819","chr3","49602446","49602744","6","1008078"
"chr3","50620667","50621002","chr3","49613482","49613806","21","1007185"
"chr3","50631484","50631790","chr3","49624301","49624598","19","1007183"
"chr3","50641607","50641885","chr3","49634413","49634691","4","1007194"
"chr3","50647685","50647998","chr3","49640486","49640799","4","1007199"
"chr3","50737461","50737622","chr10","119041029","119041191","25","68303568"
"chr3","50737907","50737919","chr3","46915131","46915141","4","3822776"
"chr3","50738648","50738942","chr17","9739286","9739580","29","40999362"
"chr3","50753768","50754045","chr11","95249837","95250104","37","44496069"
"chr3","50754350","50754386","chr11","47990978","47991019","9","2763372"
"chr3","50770796","50771078","chr4","151146541","151146825","56","100375745"
"chr3","50785269","50785580","chr3","49776235","49776548","6","1009034"
"chr3","50826102","50826398","chr7","4384077","4384375","48","46442025"
"chr3","50827241","50827548","chr3","49818472","49818780","5","1008769"
"chr3","50832976","50833108","chr3","49824167","49824305","10","1008809"
"chr3","50835821","50836111","chr3","49826880","49827171","4","1008941"
"chr3","50845061","50845373","chr3","49836209","49836520","13","1008852"
"chr3","50847416","50847708","chr3","49838606","49838898","5","1008810"
"chr3","50857627","50857920","chr3","49848850","49849144","3","1008777"
"chr3","50895383","50895678","chr3","49885820","49886123","10","1009563"
"chr3","50914314","50914620","chr3","49906955","49907258","11","1007359"
"chr3","50921051","50921311","chr3","49913661","49913918","9","1007390"
"chr3","50938111","50938398","chr3","49930379","49930666","5","1007732"
"chr3","50956226","50956519","chr3","49946540","49946834","7","1009686"
"chr3","50960143","50960442","chr3","49950474","49950773","4","1009669"
"chr3","50960881","50961202","chr11","2936058","2936356","65","48024823"
"chr3","50961213","50961397","chr3","49951545","49951717","21","1009668"
"chr3","50961708","50961722","chr3","49952021","49952035","0","1009687"
"chr3","50962022","50962157","chr3","49952329","49952464","0","1009693"
"chr3","50971876","50972179","chr3","49961875","49962171","23","1010001"
"chr3","50973612","50973919","chr3","49963896","49964203","4","1009716"
"chr3","50979675","50979978","chr3","49969941","49970240","7","1009734"
"chr3","51042508","51042658","chr3","50034133","50034283","4","1008375"
"chr3","51042855","51043154","chr3","50034480","50034770","14","1008375"
"chr3","51053417","51053714","chr3","50043203","50043499","10","1010214"
"chr3","51059027","51059316","chr3","50048812","50049100","8","1010215"
"chr3","51074419","51074659","chr3","50063620","50063860","3","1010799"
"chr3","51075340","51075642","chr19","8102987","8103287","38","42972353"
"chr3","51078634","51078934","chr3","50066903","50067212","11","1011731"
"chr3","51080957","51081238","chr2","27437905","27438192","52","23643052"
"chr3","51089237","51089502","chrX","132155215","132155481","47","81065978"
"chr3","51092624","51092928","chr3","50081955","50082257","4","1010669"
"chr3","51105741","51106041","chr3","50094915","50095214","6","1010826"
"chr3","51110254","51110543","chr9","108690967","108691263","36","57580713"
"chr3","51122244","51122484","chr3","50111433","50111673","0","1010811"
"chr3","51156224","51156522","chr3","50145672","50145969","8","1010552"
"chr3","51159604","51159913","chr3","50149040","50149342","13","1010564"
"chr3","51187528","51187659","chr3","50177740","50177874","4","1009788"
"chr3","51189166","51189475","chr3","50179317","50179625","6","1009849"
"chr3","51196994","51197286","chr3","50187145","50187450","18","1009849"
"chr3","51217273","51217585","chr3","50207305","50207617","5","1009968"
"chr3","51243924","51244091","chr10","939842","940012","24","50304082"
"chr3","51244698","51244834","chr2","236102000","236102135","15","184857302"
"chr3","51254199","51254505","chr3","50244026","50244327","11","1010173"
"chr3","51258127","51258439","chr3","50247953","50248262","5","1010174"
"chr3","51292637","51292936","chr3","50282603","50282904","6","1010034"
"chr3","51294784","51295078","chr3","50284754","50285048","7","1010030"
"chr3","51316683","51316988","chr3","50307086","50307389","9","1009597"
"chr3","51340570","51340864","chr3","50333481","50333779","6","1007089"
"chr3","51353019","51353313","chr3","50346230","50346524","6","1006789"
"chr3","51369098","51369411","chr3","50362250","50362562","6","1006848"
"chr3","51428666","51428927","chr20","33106366","33106634","43","18322300"
"chr3","51476987","51477303","chr3","50461457","50461775","5","1015530"
"chr3","51477639","51477923","chr3","50462103","50462387","3","1015536"
"chr3","51477950","51477960","chr3","50462447","50462457","0","1015503"
"chr3","51537042","51537327","chr3","50523016","50523308","11","1014026"
"chr3","51559574","51559883","chr3","50545421","50545728","7","1014153"
"chr3","51590544","51590846","chr14","67164499","67164791","53","15573955"
"chr3","51607883","51608177","chr19","50631156","50631463","49","976727"
"chr3","51675875","51676185","chr3","50661202","50661521","18","1014673"
"chr3","51678485","51678790","chr3","50663822","50664126","8","1014663"
"chr3","51685330","51685628","chr3","50670670","50670969","6","1014660"
"chr3","51694870","51695180","chr3","50680200","50680512","12","1014670"
"chr3","51697326","51697604","chr3","50682657","50682935","10","1014669"
"chr3","51698541","51698630","chr3","50683874","50683963","1","1014667"
"chr3","51711529","51711829","chr3","50696928","50697230","6","1014601"
"chr3","51716949","51717251","chr3","50702367","50702668","8","1014582"
"chr3","51719209","51719525","chr3","50704626","50704928","19","1014583"
"chr3","51733296","51733596","chr3","50717624","50717924","5","1015672"
"chr3","51768297","51768588","chr3","50747582","50747873","3","1020715"
"chr3","51777845","51778146","chr3","50757164","50757470","10","1020681"
"chr3","51836378","51836660","chr7","140425004","140425285","55","88588626"
"chr3","51841769","51842077","chr3","50819681","50819988","7","1022088"
"chr3","51866280","51866571","chr3","50844941","50845231","4","1021339"
"chr3","51868943","51869240","chr3","50847602","50847903","6","1021341"
"chr3","51890716","51891012","chr3","10125809","10126112","46","41764907"
"chr3","52186928","52187211","chr3","51157262","51157545","4","1029666"
"chr3","52244912","52245229","chr3","51215113","51215430","2","1029799"
"chr3","52260534","52260835","chr3","51229169","51229466","10","1031365"
"chr3","52262505","52262703","chr7","132772891","132773091","28","80510386"
"chr3","52264638","52264918","chr3","51233362","51233664","27","1031276"
"chr3","52289858","52290162","chr3","51260704","51261010","8","1029154"
"chr3","52317207","52317502","chr3","51288113","51288412","8","1029094"
"chr3","52371421","52371718","chr3","51344339","51344631","9","1027082"
"chr3","52452214","52452508","chr4","76410190","76410484","47","23957976"
"chr3","52452861","52453156","chr3","51426216","51426509","7","1026645"
"chr3","52457892","52458197","chr3","51431236","51431538","7","1026656"
"chr3","52462423","52462723","chr3","51436984","51437294","33","1025439"
"chr3","52470115","52470390","chr3","51444376","51444651","3","1025739"
"chr3","52472868","52473179","chr3","51447125","51447437","13","1025743"
"chr3","52488132","52488438","chr3","51462141","51462447","1","1025991"
"chr3","52495746","52496049","chr3","51469739","51470029","20","1026007"
"chr3","52500001","52500204","chr6","53211328","53211529","38","711327"
"chr3","52513885","52514022","chr2","85432249","85432363","39","32918364"
"chr3","52514360","52514660","chr3","51489153","51489453","3","1025207"
"chr3","52516762","52517058","chr3","51491569","51491865","7","1025193"
"chr3","52535789","52536089","chr3","51510176","51510470","11","1025613"
"chr3","52547024","52547317","chr3","51520890","51521183","7","1026134"
"chr3","52555849","52556153","chr3","51529661","51529969","7","1026188"
"chr3","52572594","52572876","chr3","51544619","51544900","13","1027975"
"chr3","52579414","52579706","chr3","51551441","51551734","10","1027973"
"chr3","52609242","52609502","chr3","51581130","51581392","6","1028112"
"chr3","52619482","52619784","chr3","51589988","51590289","4","1029494"
"chr3","52626171","52626464","chr7","54705947","54706230","47","2079776"
"chr3","52627041","52627344","chr13","21090569","21090873","31","31536472"
"chr3","52630582","52630950","chr3","51599549","51599917","7","1031033"
"chr3","52683870","52684180","chr3","51660965","51661261","15","1022905"
"chr3","52690006","52690309","chr3","51667166","51667463","14","1022840"
"chr3","52747750","52748053","chr3","51724801","51725110","11","1022949"
"chr3","52759112","52759420","chr3","51736824","51737130","7","1022288"
"chr3","52788144","52788388","chr2","168464217","168464460","46","115676073"
"chr3","52796674","52796816","chr3","51768894","51769036","6","1027780"
"chr3","52833120","52833407","chr3","51804159","51804446","2","1028961"
"chr3","52890313","52890618","chr3","51865585","51865890","1","1024728"
"chr3","52893641","52893928","chr17","74918535","74918827","45","22024894"
"chr3","52896897","52897190","chr3","51870746","51871040","7","1026151"
"chr3","52897712","52897997","chr3","51871562","51871847","1","1026150"
"chr3","52905330","52905643","chr8","42087223","42087533","43","10818107"
"chr3","52935766","52936056","chr3","51909531","51909825","11","1026235"
"chr3","52937251","52937566","chr3","51911006","51911322","12","1026245"
"chr3","52959687","52959983","chr3","51939975","51940272","2","1019712"
"chr3","53029440","53029713","chr3","52009865","52010138","9","1019575"
"chr3","53061136","53061424","chr4","122102176","122102468","49","69041040"
"chr3","53150610","53150913","chr3","52128998","52129301","9","1021612"
"chr3","53154374","53154678","chr3","52132764","52133069","4","1021610"
"chr3","53181663","53181942","chr12","112288047","112288335","52","59106384"
"chr3","53190073","53190373","chr3","52167967","52168267","4","1022106"
"chr3","53190475","53190773","chr3","52168371","52168667","7","1022104"
"chr3","53197817","53198144","chr17","1961646","1961977","62","51236171"
"chr3","53201971","53202277","chr3","52177991","52178290","15","1023980"
"chr3","53203420","53203587","chr3","52179428","52179603","14","1023992"
"chr3","53203893","53204029","chr3","52179910","52180046","2","1023983"
"chr3","53220382","53220679","chr1","77158009","77158316","41","23937627"
"chr3","53223779","53224077","chr3","52199813","52200115","9","1023966"
"chr3","53227231","53227533","chr3","52203259","52203560","4","1023972"
"chr3","53240192","53240491","chr3","52216233","52216532","1","1023959"
"chr3","53241601","53241913","chr3","52217642","52217954","12","1023959"
"chr3","53268387","53268693","chr3","52244585","52244868","26","1023802"
"chr3","53274641","53274941","chr3","52250808","52251109","2","1023833"
"chr3","53275842","53276137","chr3","52252006","52252310","11","1023836"
"chr3","53289019","53289324","chr12","64307369","64307668","48","11018350"
"chr3","53293540","53293856","chr2","48471958","48472268","50","4821582"
"chr3","53306107","53306409","chr3","52282666","52282965","6","1023441"
"chr3","53307253","53307434","chr19","11340808","11340987","25","41966445"
"chr3","53307460","53307532","chr5","177438796","177438852","23","124131336"
"chr3","53309314","53309460","chr3","52285888","52286035","2","1023426"
"chr3","53310769","53311061","chr3","52287326","52287618","5","1023443"
"chr3","53335870","53336042","chr3","52312472","52312645","4","1023398"
"chr3","53336347","53336482","chr3","52312952","52313086","4","1023395"
"chr3","53344238","53344548","chr3","52320792","52321099","7","1023446"
"chr3","53359391","53359695","chr14","49931316","49931621","52","3428075"
"chr3","53416772","53417051","chr20","19903969","19904240","38","33512803"
"chr3","53486464","53486756","chr3","52459441","52459733","5","1027023"
"chr3","53486926","53487236","chr18","880110","880415","38","52606816"
"chr3","53494012","53494320","chr3","52466990","52467298","4","1027022"
"chr3","53495000","53495291","chr3","52467978","52468269","3","1027022"
"chr3","53496654","53496962","chr3","52469632","52469937","11","1027022"
"chr3","53503789","53504087","chr3","52476752","52477051","6","1027037"
"chr3","53535208","53535491","chr3","52508540","52508823","5","1026668"
"chr3","53571629","53571864","chr3","52544489","52544724","1","1027140"
"chr3","53577111","53577411","chr3","52549936","52550241","9","1027175"
"chr3","53599569","53599867","chr3","52572377","52572674","5","1027192"
"chr3","53645628","53645927","chr3","52612623","52612922","3","1033005"
"chr3","53647583","53647892","chr3","52614561","52614870","3","1033022"
"chr3","53674746","53675019","chr3","52640661","52640938","18","1034085"
"chr3","53688433","53688739","chr3","52656382","52656688","5","1032051"
"chr3","53693045","53693355","chr3","52661015","52661324","5","1032030"
"chr3","53707235","53707529","chr3","52673770","52674060","9","1033465"
"chr3","53710692","53710822","chr3","52682786","52682918","3","1027906"
"chr3","53720809","53720939","chr3","52682786","52682918","3","1038023"
"chr3","53732184","53732344","chr3","52692199","52692359","2","1039985"
"chr3","53744308","53744590","chr3","52704177","52704483","53","1040131"
"chr3","53763730","53764025","chr3","52717125","52717424","6","1046605"
"chr3","53766597","53766940","chr18","23100753","23101082","73","30665844"
"chr3","53769858","53770135","chr3","52723268","52723541","5","1046590"
"chr3","53770540","53770820","chr3","52723952","52724232","1","1046588"
"chr3","53788163","53788459","chr8","101056986","101057277","39","47268823"
"chr3","53797299","53797603","chr3","52749126","52749430","1","1048173"
"chr3","53797725","53798030","chr3","52749552","52749857","2","1048173"
"chr3","53798435","53798709","chr3","52750266","52750554","19","1048169"
"chr3","53800801","53801063","chr1","212692473","212692737","42","158891672"
"chr3","53827355","53827661","chr3","52776409","52776715","3","1050946"
"chr3","53865560","53865868","chr3","52814575","52814883","2","1050985"
"chr3","53891709","53891870","chr4","184308621","184308785","24","130416912"
"chr3","53891900","53892028","chrX","9564138","9564265","17","44327762"
"chr3","53919606","53919907","chr3","52868618","52868919","7","1050988"
"chr3","53923571","53923871","chr3","52872624","52872924","3","1050947"
"chr3","53965842","53966143","chr3","52910492","52910788","10","1055350"
"chr3","53987235","53987543","chr3","52931558","52931866","5","1055677"
"chr3","53995026","53995303","chr3","52939310","52939593","8","1055716"
"chr3","54003422","54003719","chr3","52947735","52948033","9","1055687"
"chr3","54015429","54015691","chr3","52955152","52955414","4","1060277"
"chr3","54018600","54018887","chr3","52958309","52958602","7","1060291"
"chr3","54033930","54034167","chr3","52973643","52973880","7","1060287"
"chr3","54034991","54035297","chr3","57432169","57432479","58","3397178"
"chr3","54042710","54043017","chr3","52982447","52982753","4","1060263"
"chr3","54056991","54057131","chr14","95570276","95570412","24","41513285"
"chr3","54057477","54057550","chr12","90803346","90803421","12","36745869"
"chr3","54063930","54064172","chr3","53002901","53003145","9","1061029"
"chr3","54070406","54070699","chr3","53009165","53009457","4","1061241"
"chr3","54094079","54094372","chr3","53033167","53033460","13","1060912"
"chr3","54095207","54095496","chr3","53034298","53034588","9","1060909"
"chr3","54095563","54095850","chr3","53034655","53034942","6","1060908"
"chr3","54096404","54096687","chr3","53035608","53035892","4","1060796"
"chr3","54115160","54115338","chr3","53054890","53055042","31","1060270"
"chr3","54115374","54115483","chr3","53055086","53055195","2","1060288"
"chr3","54125909","54126215","chr3","53065710","53065986","38","1060199"
"chr3","54147223","54147516","chr7","148683386","148683683","33","94536163"
"chr3","54168310","54168620","chr7","74352154","74352461","47","20183844"
"chr3","54176854","54177157","chr3","53116594","53116900","6","1060260"
"chr3","54204523","54204819","chr3","53144276","53144579","18","1060247"
"chr3","54211368","54211650","chr3","53151125","53151416","19","1060243"
"chr3","54224553","54224850","chr3","53164305","53164599","12","1060248"
"chr3","54265708","54266005","chr3","53205531","53205834","12","1060177"
"chr3","54266434","54266757","chr3","53205531","53205834","26","1060903"
"chr3","54286019","54286105","chr3","53209445","53209531","1","1076574"
"chr3","54289215","54289518","chr16","27596741","27597044","44","26692474"
"chr3","54309686","54309980","chr3","53216407","53216710","24","1093279"
"chr3","54364103","54364416","chr10","7500770","7501077","66","46863333"
"chr3","54366299","54366435","chr3","53271615","53271753","3","1094684"
"chr3","54368002","54368311","chr3","53273956","53274266","13","1094046"
"chr3","54400935","54401226","chr3","53306929","53307248","34","1094006"
"chr3","54408623","54408934","chr3","53314662","53314971","8","1093961"
"chr3","54413802","54414096","chr21","42774600","42774897","26","11639202"
"chr3","54420755","54421096","chr3","53327508","53327840","14","1093247"
"chr3","54444862","54445147","chr3","53349530","53349812","8","1095332"
"chr3","54465151","54465401","chr1","7619653","7619903","37","46845498"
"chr3","54486015","54486299","chr3","53390867","53391121","33","1095148"
"chr3","54511053","54511343","chr3","53415795","53416104","23","1095258"
"chr3","54553640","54553876","chr3","53457615","53457852","5","1096025"
"chr3","54576879","54577188","chr3","53480873","53481182","3","1096006"
"chr3","54609406","54609683","chr3","53513364","53513641","10","1096042"
"chr3","54634177","54634475","chr3","53538142","53538456","23","1096035"
"chr3","54636115","54636440","chr3","53540108","53540425","13","1096007"
"chr3","54648397","54648678","chr3","53552378","53552659","8","1096019"
"chr3","54652391","54652694","chr3","53556712","53557014","10","1095679"
"chr3","54659850","54660118","chr3","53564166","53564434","10","1095684"
"chr3","54717711","54717961","chr3","53622045","53622298","10","1095666"
"chr3","54728922","54729185","chr3","53633211","53633468","13","1095711"
"chr3","54732043","54732340","chr3","53636308","53636607","13","1095735"
"chr3","54759805","54760049","chr12","132690563","132690824","48","77930758"
"chr3","54835792","54836065","chr3","53737019","53737286","7","1098773"
"chr3","54844012","54844317","chr3","53745235","53745540","4","1098777"
"chr3","54913468","54913768","chr3","53814660","53814959","11","1098808"
"chr3","54949293","54949594","chr3","53850522","53850800","30","1098771"
"chr3","55017845","55018118","chr3","53919487","53919758","5","1098358"
"chr3","55029167","55029474","chr3","53933193","53933500","6","1095974"
"chr3","55031818","55032104","chr3","53935851","53936152","21","1095967"
"chr3","55049266","55049569","chr3","53953291","53953588","12","1095975"
"chr3","55051153","55051469","chr3","53955169","53955485","8","1095984"
"chr3","55069473","55069769","chr3","53969726","53970016","11","1099747"
"chr3","55091336","55091403","chr3","53992921","53992988","2","1098415"
"chr3","55104733","55105008","chr6","10829841","10830115","43","44274892"
"chr3","55159937","55160230","chr3","54059904","54060197","1","1100033"
"chr3","55161488","55161800","chr3","54061456","54061768","9","1100032"
"chr3","55176791","55177088","chr3","54076722","54077014","10","1100069"
"chr3","55211032","55211326","chr3","54111346","54111639","2","1099686"
"chr3","55345572","55345624","chr3","54245924","54245976","1","1099648"
"chr3","55376019","55376331","chr19","9865479","9865791","43","45510540"
"chr3","55383531","55383812","chr3","54283809","54284090","6","1099722"
"chr3","55446574","55446839","chr3","54334101","54334365","7","1112473"
"chr3","55461132","55461434","chr3","54348726","54349027","8","1112406"
"chr3","55499681","55499972","chr3","54387371","54387658","10","1112310"
"chr3","55545149","55545445","chr2","54395563","54395863","36","1149586"
"chr3","55612270","55612559","chr3","54485569","54485857","6","1126701"
"chr3","55622091","55622385","chr3","54495467","54495757","9","1126624"
"chr3","55640320","55640621","chr3","54513671","54513972","5","1126649"
"chr3","55711727","55712035","chr3","54598008","54598335","37","1113719"
"chr3","55772995","55773143","chr8","143347004","143347151","24","87574009"
"chr3","55773144","55773445","chr3","54650367","54650664","8","1122777"
"chr3","55773446","55773582","chr3","54650665","54650800","2","1122781"
"chr3","55775565","55775858","chr3","54652784","54653077","6","1122781"
"chr3","55780527","55780810","chr3","54657747","54658038","12","1122780"
"chr3","55804031","55804342","chr3","54681255","54681575","19","1122776"
"chr3","55814733","55815042","chr3","54691976","54692277","13","1122757"
"chr3","55819772","55820071","chr6","118909835","118910135","48","63090063"
"chr3","55831051","55831354","chr3","54709012","54709314","9","1122039"
"chr3","55905080","55905361","chr3","54783325","54783620","21","1121755"
"chr3","55963488","55963799","chr3","158728513","158728823","40","102765025"
"chr3","56007964","56008275","chr3","54887144","54887455","1","1120820"
"chr3","56013810","56014096","chr3","54892995","54893282","5","1120815"
"chr3","56019004","56019269","chr1","35217367","35217631","36","20801637"
"chr3","56096428","56096556","chr21","36985351","36985485","16","19111077"
"chr3","56096947","56097239","chr3","55004994","55005279","14","1091953"
"chr3","56128680","56128922","chr3","55036165","55036407","3","1092515"
"chr3","56185151","56185456","chr3","55091168","55091475","8","1093983"
"chr3","56206139","56206421","chr3","55112162","55112443","7","1093977"
"chr3","56211090","56211399","chr3","55117109","55117426","24","1093981"
"chr3","56215798","56216096","chr3","55121826","55122125","6","1093972"
"chr3","56253640","56253910","chr3","55155443","55155713","9","1098197"
"chr3","56273305","56273617","chr3","55175103","55175415","5","1098202"
"chr3","56324905","56325208","chr3","55226874","55227153","29","1098031"
"chr3","56484163","56484461","chr3","55383027","55383325","11","1101136"
"chr3","56507255","56507559","chr3","55405755","55406055","10","1101500"
"chr3","56520981","56521282","chr3","55419516","55419819","6","1101465"
"chr3","56553709","56554019","chr2","113721965","113722272","37","57168256"
"chr3","56606099","56606401","chr3","55503994","55504298","3","1102105"
"chr3","56670788","56671063","chr3","55566443","55566718","3","1104345"
"chr3","56671065","56671345","chr3","55566720","55567000","6","1104345"
"chr3","56674192","56674494","chr3","55569856","55570159","6","1104336"
"chr3","56679346","56679654","chr3","55575005","55575317","9","1104341"
"chr3","56729184","56729491","chr3","55625086","55625395","12","1104098"
"chr3","56883265","56883571","chr3","55779200","55779512","17","1104065"
"chr3","56900444","56900744","chr3","55796424","55796724","5","1104020"
"chr3","56909997","56910291","chr3","55806058","55806356","8","1103939"
"chr3","56958825","56959126","chr3","55851941","55852242","7","1106884"
"chr3","57011915","57012201","chr3","55905088","55905374","5","1106827"
"chr3","57039769","57040069","chr3","55932929","55933238","14","1106840"
"chr3","57043906","57044217","chr3","55937059","55937370","4","1106847"
"chr3","57132549","57132843","chr3","56026058","56026349","9","1106491"
"chr3","57235277","57235571","chr2","38954634","38954933","42","18280643"
"chr3","57242770","57243054","chr3","56134966","56135252","6","1107804"
"chr3","57253796","57254099","chr3","56146005","56146307","5","1107791"
"chr3","57260320","57260592","chr6","136937717","136937987","43","79677397"
"chr3","57358968","57359240","chr3","56245570","56245840","7","1113398"
"chr3","57403868","57404157","chr3","56292302","56292589","6","1111566"
"chr3","57411000","57411301","chr19","8102987","8103287","42","49308013"
"chr3","57417383","57417688","chr3","56305845","56306148","9","1111538"
"chr3","57474124","57474437","chr3","56360626","56360939","6","1113498"
"chr3","57557308","57557548","chr3","56441606","56441846","6","1115702"
"chr3","57562312","57562623","chr3","56446614","56446926","6","1115698"
"chr3","57585116","57585424","chr16","85129494","85129798","37","27544378"
"chr3","57607381","57607659","chr3","56490433","56490710","5","1116948"
"chr3","57652776","57653078","chr10","75448870","75449175","38","17796094"
"chr3","57656513","57656800","chr3","56541415","56541700","10","1115098"
"chr3","57681154","57681458","chr11","66056121","66056421","70","8374967"
"chr3","57681817","57682127","chr11","66056121","66056421","57","8374304"
"chr3","57733191","57733433","chr3","56637295","56637538","5","1095896"
"chr3","57749887","57750189","chr3","56653985","56654277","10","1095902"
"chr3","57752204","57752514","chr5","172085407","172085713","45","114333203"
"chr3","57754542","57754834","chr3","56658635","56658917","13","1095907"
"chr3","57766035","57766336","chr3","56670654","56670969","17","1095381"
"chr3","57774081","57774375","chr19","14958129","14958425","48","42815952"
"chr3","57782500","57782638","chr3","56687139","56687277","6","1095361"
"chr3","57782934","57783111","chr3","56687574","56687751","4","1095360"
"chr3","57803410","57803696","chr1","181201908","181202190","38","123398498"
"chr3","57805677","57805978","chr10","67166825","67167126","51","9361148"
"chr3","57827901","57828036","chr3","56732866","56733001","4","1095035"
"chr3","57828330","57828511","chr3","56733308","56733491","15","1095022"
"chr3","57831819","57832090","chr3","56736811","56737082","6","1095008"
"chr3","57833819","57834118","chr3","56738809","56739108","9","1095010"
"chr3","57863059","57863351","chr3","56767766","56768047","15","1095293"
"chr3","57899406","57899707","chr2","197338441","197338741","47","139439035"
"chr3","57902388","57902686","chr3","56806891","56807185","7","1095497"
"chr3","57905768","57906062","chr3","56810262","56810556","2","1095506"
"chr3","57924442","57924744","chr3","56828923","56829225","4","1095519"
"chr3","57946119","57946393","chr3","56850249","56850551","32","1095870"
"chr3","57951275","57951570","chr3","56855402","56855694","5","1095873"
"chr3","57955390","57955690","chr10","77918129","77918423","46","19962739"
"chr3","58037929","58038215","chr8","42093150","42093439","36","15944779"
"chr3","58041275","58041585","chr3","56944565","56944878","11","1096710"
"chr3","58074442","58074752","chr3","56975136","56975446","6","1099306"
"chr3","58089780","58090014","chr3","56990304","56990550","16","1099476"
"chr3","58099885","58100187","chr14","89080747","89081049","47","30980862"
"chr3","58101386","58101667","chr3","57000551","57000832","3","1100835"
"chr3","58119118","58119422","chr3","57017999","57018298","14","1101119"
"chr3","58158113","58158420","chr3","57057101","57057408","6","1101012"
"chr3","58166252","58166559","chr3","57065173","57065479","5","1101079"
"chr3","58197833","58198127","chr3","57096728","57097021","8","1101105"
"chr3","58206397","58206703","chr3","57105256","57105553","16","1101141"
"chr3","58278542","58278844","chr17","29449559","29449858","38","28828983"
"chr3","58298135","58298426","chr3","57193847","57194139","7","1104288"
"chr3","58306575","58306884","chr3","57202327","57202639","9","1104248"
"chr3","58307807","58308090","chr3","57203553","57203836","4","1104254"
"chr3","58308094","58308205","chr3","57203840","57203951","0","1104254"
"chr3","58310167","58310451","chr3","57205909","57206193","5","1104258"
"chr3","58311215","58311508","chr3","57206960","57207249","8","1104255"
"chr3","58312623","58312902","chr3","57208368","57208647","6","1104255"
"chr3","58312934","58313231","chr3","57208679","57208977","5","1104255"
"chr3","58324695","58325004","chr3","57220421","57220730","4","1104274"
"chr3","58350182","58350481","chr3","57245549","57245842","13","1104633"
"chr3","58367688","58367982","chr3","57262386","57262684","9","1105302"
"chr3","58373080","58373378","chr3","57267810","57268104","11","1105270"
"chr3","58379672","58379965","chr3","57274401","57274693","8","1105271"
"chr3","58382251","58382547","chr3","57276984","57277280","16","1105267"
"chr3","58402607","58402888","chr3","57297360","57297655","18","1105247"
"chr3","58425336","58425648","chr3","57319571","57319883","7","1105765"
"chr3","58439392","58439687","chr3","57333330","57333629","13","1106062"
"chr3","58462824","58463117","chr3","57352807","57353100","9","1110017"
"chr3","58472232","58472527","chr3","57404434","57404744","23","1067798"
"chr3","58479048","58479358","chr3","57411246","57411555","5","1067802"
"chr3","58483568","58483873","chr3","57415780","57416081","15","1067788"
"chr3","58496079","58496365","chr3","57427934","57428227","15","1068145"
"chr3","58500006","58500137","chr18","35272197","35272329","9","23227809"
"chr3","58506284","58506546","chr3","57438671","57438937","8","1067613"
"chr3","58517401","58517705","chr3","57449966","57450263","16","1067435"
"chr3","58521304","58521592","chr3","57453586","57453872","14","1067718"
"chr3","58531153","58531215","chr3","57463435","57463497","1","1067718"
"chr3","58553820","58554052","chr3","57485939","57486171","3","1067881"
"chr3","58572979","58573280","chr16","66384684","66384984","58","7811705"
"chr3","58578664","58578966","chr6","150955496","150955799","56","92376832"
"chr3","58586069","58586387","chr12","104565259","104565566","58","45979190"
"chr3","58586550","58586865","chr3","57518243","57518558","11","1068307"
"chr3","58594078","58594369","chr3","57525754","57526062","22","1068324"
"chr3","58601321","58601626","chr3","57531480","57531791","15","1069841"
"chr3","58619078","58619354","chr3","57549234","57549508","5","1069844"
"chr3","58624438","58624734","chr19","9394625","9394926","51","49229813"
"chr3","58636517","58636815","chr3","57567028","57567326","3","1069489"
"chr3","58641986","58642224","chr3","57572438","57572677","5","1069548"
"chr3","58671026","58671334","chr3","57601736","57602054","24","1069290"
"chr3","58693938","58694211","chr3","57615552","57615825","4","1078386"
"chr3","58699770","58700071","chr3","57621388","57621680","13","1078382"
"chr3","58702784","58702911","chr1","11268459","11268594","15","47434325"
"chr3","58705521","58705821","chr3","57627147","57627443","14","1078374"
"chr3","58721894","58722034","chrX","114661526","114661670","15","55939632"
"chr3","58736914","58737189","chr3","57656676","57656974","26","1080238"
"chr3","58749114","58749405","chr3","57668880","57669171","4","1080234"
"chr3","58752734","58753035","chr3","57672501","57672806","10","1080233"
"chr3","58757029","58757340","chr3","57676812","57677123","9","1080217"
"chr3","58762911","58763221","chr3","57682670","57682977","5","1080241"
"chr3","58768262","58768572","chr3","57687984","57688294","6","1080278"
"chr3","58781562","58781711","chr4","40527290","40527436","44","18254272"
"chr3","58787316","58787626","chr3","57696327","57696611","32","1090989"
"chr3","58788689","58788997","chr3","57697707","57698015","11","1090982"
"chr3","58794278","58794572","chr6","103396214","103396513","60","44601936"
"chr3","58795842","58796180","chr3","57704863","57705201","7","1090979"
"chr3","58802287","58802596","chr2","39046496","39046796","46","19755791"
"chr3","58802650","58802950","chr3","57711882","57712179","7","1090768"
"chr3","58805201","58805340","chr15","89678054","89678192","14","30872853"
"chr3","58808664","58808979","chr3","57717920","57718232","11","1090744"
"chr3","58810391","58810684","chr3","57719651","57719947","7","1090740"
"chr3","58819433","58819749","chr3","57728602","57728925","11","1090831"
"chr3","58831790","58832075","chr3","57740823","57741109","6","1090967"
"chr3","58832914","58833043","chr3","57741952","57742081","0","1090962"
"chr3","58836046","58836353","chr3","57740823","57741109","32","1095223"
"chr3","58839834","58840139","chr3","57750139","57750451","11","1089695"
"chr3","58849631","58849927","chr3","57759943","57760239","6","1089688"
"chr3","58871255","58871563","chr3","57781730","57782020","20","1089525"
"chr3","58877027","58877318","chr3","57787485","57787775","8","1089542"
"chr3","58880601","58880894","chr3","57791078","57791372","4","1089523"
"chr3","58891799","58892081","chr3","57802282","57802565","6","1089517"
"chr3","58895941","58896245","chr3","57806432","57806736","7","1089509"
"chr3","58902624","58902912","chr3","57813096","57813388","9","1089528"
"chr3","58905658","58905971","chr3","57816161","57816443","36","1089497"
"chr3","58919555","58919834","chr3","57830028","57830307","1","1089527"
"chr3","58940968","58941285","chr3","57851465","57851783","11","1089503"
"chr3","58945265","58945564","chr3","57855762","57856063","6","1089503"
"chr3","58948548","58948836","chr3","57859049","57859339","7","1089499"
"chr3","58956378","58956683","chr3","57866894","57867200","2","1089484"
"chr3","58962608","58962911","chr3","57873839","57874142","5","1088769"
"chr3","58985838","58986133","chr3","57901750","57902045","3","1084088"
"chr3","58989361","58989663","chr3","57905279","57905580","5","1084082"
"chr3","59006269","59006573","chr3","57920733","57921027","13","1085536"
"chr3","59031597","59031887","chr3","57947290","57947576","5","1084307"
"chr3","59038219","59038331","chr3","57953932","57954044","0","1084287"
"chr3","59043034","59043308","chr3","57958269","57958547","11","1084765"
"chr3","59049044","59049252","chr3","57957485","57957693","1","1091559"
"chr3","59050728","59050857","chr9","33122863","33122994","14","25927865"
"chr3","59052144","59052438","chr3","130672406","130672703","26","71620262"
"chr3","59054487","59054726","chr3","57965316","57965555","4","1089171"
"chr3","59060606","59060907","chr3","57971431","57971728","9","1089175"
"chr3","59082323","59082622","chr3","57992980","57993278","6","1089343"
"chr3","59086999","59087293","chr12","122173402","122173698","33","63086403"
"chr3","59115050","59115314","chr3","58025677","58025941","5","1089373"
"chr3","59116817","59116956","chr3","58027442","58027581","4","1089375"
"chr3","59135037","59135334","chr3","58045718","58046024","19","1089319"
"chr3","59136888","59137183","chr3","58047568","58047863","3","1089320"
"chr3","59144288","59144593","chr3","58054985","58055279","11","1089303"
"chr3","59160605","59160901","chr3","58071272","58071578","18","1089333"
"chr3","59171927","59172232","chr10","123182927","123183226","43","64011000"
"chr3","59172502","59172786","chr10","100857950","100858229","43","41685448"
"chr3","59196707","59197006","chr3","58098327","58098626","12","1098380"
"chr3","59198997","59199299","chr3","58100586","58100898","16","1098411"
"chr3","59220841","59221142","chr3","58122211","58122512","9","1098630"
"chr3","59225669","59225975","chr3","58127048","58127355","8","1098621"
"chr3","59268697","59268982","chr3","58166844","58167129","7","1101853"
"chr3","59274548","59274857","chr3","58172725","58173036","4","1101823"
"chr3","59278287","59278583","chr3","58176465","58176759","3","1101822"
"chr3","59307533","59307842","chr2","44015685","44015990","56","15291848"
"chr3","59311117","59311385","chr3","58207089","58207357","7","1104028"
"chr3","59316155","59316292","chr1","27861343","27861477","12","31454812"
"chr3","59317943","59318237","chr3","58222838","58223132","8","1095105"
"chr3","59319295","59319599","chr3","58224190","58224498","11","1095105"
"chr3","59321861","59322144","chr3","58226763","58227050","8","1095098"
"chr3","59352057","59352365","chr3","58256899","58257206","10","1095158"
"chr3","59380135","59380428","chr3","58284457","58284750","4","1095678"
"chr3","59398058","59398323","chr3","58304749","58305014","6","1093309"
"chr3","59399052","59399343","chr3","58305743","58306036","12","1093309"
"chr3","59405602","59405902","chr3","58312679","58312980","8","1092923"
"chr3","59411291","59411601","chr3","58318376","58318683","8","1092915"
"chr3","59421093","59421402","chr1","11315396","11315704","31","48105697"
"chr3","59422678","59422975","chr3","58329688","58329986","6","1092990"
"chr3","59432097","59432404","chr3","58339219","58339529","12","1092878"
"chr3","59434263","59434563","chr3","58341281","58341581","4","1092982"
"chr3","59435342","59435644","chr8","25016695","25017004","46","34418647"
"chr3","59439873","59440019","chr19","18634412","18634560","41","40805461"
"chr3","59440020","59440268","chr1","17034434","17034679","31","42405586"
"chr3","59440269","59440341","chr6","138866554","138866627","18","79426285"
"chr3","59441056","59441343","chr3","58347916","58348207","14","1093140"
"chr3","59453772","59454061","chr1","202906667","202906961","47","143452895"
"chr3","59473555","59473844","chr3","58380529","58380818","5","1093026"
"chr3","59475058","59475353","chr3","58382034","58382329","7","1093024"
"chr3","59493626","59493923","chr3","58400631","58400928","4","1092995"
"chr3","59495991","59496291","chr3","58403009","58403305","12","1092982"
"chr3","59500431","59500735","chr1","165774153","165774455","43","106273722"
"chr3","59509522","59509816","chr3","58416628","58416922","7","1092894"
"chr3","59524170","59524455","chr19","43550972","43551265","49","15973198"
"chr3","59525619","59525903","chr3","4209905","4210194","42","55315714"
"chr3","59536109","59536410","chr3","58443209","58443515","11","1092900"
"chr3","59547597","59547881","chr3","58454672","58454944","17","1092925"
"chr3","59550705","59550994","chr3","58457767","58458053","10","1092938"
"chr3","59560577","59560867","chr3","58467676","58467966","2","1092901"
"chr3","59565742","59566045","chr3","58472777","58473077","10","1092965"
"chr3","59568743","59569042","chr3","58475791","58476088","9","1092952"
"chr3","59591908","59592174","chr3","58498961","58499219","12","1092947"
"chr3","59599498","59599797","chr3","58506512","58506812","9","1092986"
"chr3","59611750","59612056","chr12","117114355","117114659","58","57502605"
"chr3","59633095","59633395","chr3","58540011","58540310","7","1093084"
"chr3","59651703","59651982","chr12","31436112","31436396","44","28215591"
"chr3","59668979","59669291","chr3","58578286","58578597","7","1090693"
"chr3","59679404","59679624","chr3","58588729","58588949","2","1090675"
"chr3","59705441","59705718","chr3","58614831","58615105","12","1090610"
"chr3","59712756","59713023","chr4","148505881","148506149","37","88793125"
"chr3","59753593","59753887","chr19","41178185","41178481","32","18575408"
"chr3","59967684","59967984","chr3","58871527","58871827","4","1096157"
"chr3","60092325","60092627","chr3","59011116","59011412","16","1081209"
"chr3","60158154","60158422","chr4","26234711","26234991","44","33923443"
"chr3","60163709","60164001","chr3","59082914","59083207","10","1080795"
"chr3","60166009","60166167","chr3","59085214","59085372","7","1080795"
"chr3","60170327","60170628","chrX","44621652","44621951","34","15548675"
"chr3","60251325","60251622","chr3","59170040","59170336","8","1081285"
"chr3","60264291","60264582","chr3","59183242","59183534","8","1081049"
"chr3","60265011","60265305","chr3","59183960","59184256","8","1081051"
"chr3","60344395","60344687","chr2","67992856","67993148","35","7648461"
"chr3","60358951","60359253","chr3","59281027","59281330","12","1077924"
"chr3","60403329","60403598","chr3","59325503","59325773","4","1077826"
"chr3","60410790","60411056","chr16","31176677","31176939","46","29234113"
"chr3","60444668","60444964","chr3","59362348","59362640","10","1082320"
"chr3","60520318","60520618","chr3","59437244","59437524","24","1083074"
"chr3","60604935","60605224","chr9","66251798","66252084","48","5646863"
"chr3","60727091","60727392","chr3","59643491","59643794","11","1083600"
"chr3","60881110","60881415","chr3","59785313","59785617","12","1095797"
"chr3","60890835","60890919","chr1","156262090","156262171","10","95371255"
"chr3","60951400","60951712","chr3","59839036","59839348","14","1112364"
"chr3","61021824","61022068","chr3","59909336","59909581","4","1112488"
"chr3","61115743","61116018","chr3","60003495","60003766","8","1112248"
"chr3","61138999","61139270","chr3","60026817","60027088","1","1112182"
"chr3","61209103","61209240","chr5","140390598","140390735","29","79181495"
"chr3","61290196","61290470","chr1","60239740","60240020","39","1050456"
"chr3","61294994","61295298","chr3","60183116","60183424","11","1111878"
"chr3","61336350","61336649","chr3","60224703","60225020","26","1111647"
"chr3","61340768","61341083","chr11","8901220","8901528","44","52439548"
"chr3","61342337","61342635","chr3","60230707","60231005","5","1111630"
"chr3","61382771","61383080","chr3","60271119","60271427","7","1111652"
"chr3","61429781","61430089","chr2","26447555","26447866","42","34982226"
"chr3","61448092","61448405","chr1","232651835","232652144","57","171203743"
"chr3","61479702","61479937","chr3","60366189","60366424","4","1113513"
"chr3","61505313","61505629","chr3","60390899","60391215","1","1114414"
"chr3","61521964","61522230","chr3","60407550","60407816","7","1114414"
"chr3","61545328","61545633","chr3","60430930","60431232","9","1114398"
"chr3","61550540","61550852","chr3","60436037","60436349","8","1114503"
"chr3","61614782","61615089","chr3","60500488","60500797","8","1114294"
"chr3","61667987","61668289","chr12","63622644","63622941","34","1954657"
"chr3","61692118","61692416","chr3","60573810","60574107","4","1118308"
"chr3","61764557","61764692","chr4","86871487","86871623","14","25106930"
"chr3","61764987","61765145","chr8","143347004","143347151","31","81582017"
"chr3","61779082","61779395","chr5","71530225","71530543","62","9751143"
"chr3","61834959","61835266","chr3","60722708","60723020","16","1112251"
"chr3","61836938","61837203","chr11","2998943","2999208","36","58837995"
"chr3","61860714","61861013","chr3","60748530","60748829","5","1112184"
"chr3","61897227","61897526","chr6","8512555","8512859","43","53384672"
"chr3","61925199","61925482","chr3","60812176","60812456","10","1113023"
"chr3","61947496","61947808","chr13","33298122","33298432","55","28649374"
"chr3","62063896","62064154","chr15","99195910","99196168","42","37132014"
"chr3","62069039","62069322","chr3","60950535","60950822","11","1118504"
"chr3","62089492","62089756","chr3","60971086","60971352","12","1118406"
"chr3","62146973","62147275","chr2","64293039","64293345","45","2146066"
"chr3","62159580","62159877","chr1","21940800","21941098","33","40218780"
"chr3","62216570","62216875","chr3","61119224","61119513","23","1097346"
"chr3","62249046","62249365","chr3","61151563","61151882","11","1097483"
"chr3","62264861","62265162","chr2","241963580","241963890","38","179698719"
"chr3","62431747","62432047","chr3","61333103","61333398","10","1098644"
"chr3","62438530","62438833","chr3","61339887","61340190","8","1098643"
"chr3","62444066","62444339","chr3","61345391","61345664","6","1098675"
"chr3","62476213","62476512","chr3","61375645","61375947","10","1100568"
"chr3","62488841","62489108","chr3","61388241","61388511","7","1100600"
"chr3","62489490","62489771","chr3","61388893","61389173","12","1100597"
"chr3","62500935","62501243","chr3","61401099","61401408","15","1099836"
"chr3","62508312","62508611","chr3","61408470","61408769","3","1099842"
"chr3","62520826","62521101","chr3","61421038","61421321","9","1099788"
"chr3","62531713","62532018","chr3","61431921","61432226","3","1099792"
"chr3","62549463","62549473","chr1","18714240","18714251","2","43835223"
"chr3","62549508","62549783","chr3","61451782","61452065","12","1097726"
"chr3","62591575","62591854","chr3","61494350","61494661","33","1097225"
"chr3","62595490","62595597","chr10","91581202","91581307","18","28985712"
"chr3","62627759","62628060","chr3","61529570","61529871","10","1098189"
"chr3","62631294","62631595","chr3","61533105","61533405","6","1098189"
"chr3","62642332","62642651","chr3","61544075","61544395","7","1098257"
"chr3","62651586","62651890","chr3","61553324","61553632","8","1098262"
"chr3","62653837","62654133","chr11","47660557","47660854","33","14993280"
"chr3","62679827","62680122","chr3","61581602","61581896","11","1098225"
"chr3","62688483","62688777","chr3","61590240","61590534","5","1098243"
"chr3","62689089","62689291","chr21","27198640","27198844","46","35490449"
"chr3","62697429","62697706","chr3","61599170","61599447","3","1098259"
"chr3","62699407","62699690","chr16","48636321","48636603","47","14063086"
"chr3","62734924","62735053","chr3","61636492","61636621","0","1098432"
"chr3","62740754","62741041","chr3","61643498","61643781","8","1097256"
"chr3","62743351","62743671","chr3","61646109","61646411","26","1097242"
"chr3","62748969","62749251","chr3","61651729","61652011","9","1097240"
"chr3","62807180","62807489","chr3","61717899","61718209","9","1089281"
"chr3","62809383","62809684","chr3","61720122","61720423","7","1089261"
"chr3","62814455","62814666","chr3","61725178","61725389","2","1089277"
"chr3","62823112","62823401","chr3","123736951","123737237","52","60913839"
"chr3","62844236","62844550","chr3","61754982","61755307","17","1089254"
"chr3","62850555","62850868","chr9","127635970","127636280","41","64785415"
"chr3","62852516","62852833","chr3","61763245","61763529","42","1089271"
"chr3","62855910","62856212","chr3","61766618","61766919","6","1089292"
"chr3","62856255","62856562","chr3","61766962","61767261","13","1089293"
"chr3","62865414","62865697","chr3","61775087","61775370","10","1090327"
"chr3","62906413","62906645","chr8","32464893","32465118","45","30441520"
"chr3","62951799","62952129","chr3","61860416","61860743","15","1091383"
"chr3","62996436","62996716","chr3","61908157","61908434","15","1088279"
"chr3","63051981","63052299","chr3","61958117","61958433","11","1093864"
"chr3","63086442","63086737","chr3","61992527","61992821","12","1093915"
"chr3","63093919","63094194","chr3","62000019","62000300","39","1093900"
"chr3","63099611","63099889","chr3","62005691","62006002","38","1093920"
"chr3","63112822","63113117","chr3","62019241","62019542","10","1093581"
"chr3","63172451","63172763","chr3","62112094","62112403","5","1060357"
"chr3","63180822","63181113","chr3","62120469","62120766","13","1060353"
"chr3","63222364","63222660","chr3","62166320","62166635","28","1056044"
"chr3","63272033","63272328","chr3","62215937","62216232","6","1056096"
"chr3","63356566","63356872","chr3","62300218","62300524","1","1056348"
"chr3","63402762","63403075","chr3","62346297","62346610","5","1056465"
"chr3","63405399","63405701","chr3","62348938","62349240","5","1056461"
"chr3","63407597","63407887","chr3","62351149","62351439","6","1056448"
"chr3","63410953","63411250","chr3","62354501","62354798","4","1056452"
"chr3","63440196","63440495","chr3","62383992","62384299","16","1056204"
"chr3","63440636","63440839","chr19","36011814","36012019","30","27428822"
"chr3","63625383","63625681","chr3","62554754","62555052","7","1070629"
"chr3","63653299","63653588","chrX","13715191","13715480","46","49938108"
"chr3","63661043","63661336","chr8","35515403","35515700","39","28145640"
"chr3","63764567","63764879","chr3","62693485","62693800","8","1071082"
"chr3","63827131","63827442","chr13","98477390","98477691","46","34650259"
"chr3","63868523","63868826","chr3","62822561","62822860","10","1045962"
"chr3","63985771","63986080","chr3","62934738","62935050","17","1051033"
"chr3","64005126","64005434","chr3","62954070","62954374","10","1051056"
"chr3","64262816","64263064","chr3","63206331","63206579","3","1056485"
"chr3","64390644","64390941","chr3","63336950","63337256","17","1053694"
"chr3","64401689","64401982","chr3","63345821","63346114","7","1055868"
"chr3","64410866","64411160","chr8","101073332","101073625","32","36662466"
"chr3","64423224","64423520","chr1","246594489","246594783","62","182171265"
"chr3","64524383","64524654","chr3","63468531","63468829","31","1055852"
"chr3","64544990","64545185","chr3","63486013","63486208","5","1058977"
"chr3","64550521","64550809","chr3","63491532","63491820","6","1058989"
"chr3","64552521","64552817","chr3","63493534","63493837","12","1058987"
"chr3","64682528","64682822","chr3","63626012","63626306","5","1056516"
"chr3","64764508","64764787","chr20","34178190","34178473","57","30586318"
"chr3","64765230","64765541","chr3","63713442","63713748","16","1051788"
"chr3","64809051","64809175","chr3","63760868","63760992","4","1048183"
"chr3","64860799","64861089","chr6","10768295","10768593","41","54092504"
"chr3","64875518","64875825","chr13","52126496","52126806","50","12749022"
"chr3","64893806","64894064","chr12","2609842","2610100","48","62283964"
"chr3","64894091","64894387","chr3","63843113","63843417","11","1050978"
"chr3","64898420","64898724","chr3","63847456","63847759","9","1050964"
"chr3","64901169","64901472","chr11","122708292","122708593","43","57807123"
"chr3","64903838","64904146","chr3","63852869","63853179","13","1050969"
"chr3","64917330","64917660","chr3","63867578","63867876","35","1049752"
"chr3","64993454","64993787","chr3","63944782","63945091","26","1048672"
"chr3","65003401","65003708","chr3","63954700","63955008","7","1048701"
"chr3","65042904","65043211","chr3","63994226","63994534","6","1048678"
"chr3","65045638","65045925","chr3","63996975","63997261","9","1048663"
"chr3","65072844","65073140","chr3","64024176","64024467","10","1048668"
"chr3","65086292","65086571","chr3","64037634","64037916","6","1048658"
"chr3","65089380","65089683","chr3","64040729","64041032","6","1048651"
"chr3","65115017","65115326","chr3","64066671","64066981","9","1048346"
"chr3","65360559","65360815","chr3","64310424","64310679","5","1050135"
"chr3","65366939","65367202","chr3","64310424","64310679","53","1056515"
"chr3","65411325","65411634","chr3","64361226","64361525","16","1050099"
"chr3","65461609","65461859","chr3","64410744","64410994","6","1050865"
"chr3","65484902","65485015","chr16","11919419","11919537","19","53565483"
"chr3","65535385","65535651","chr3","64485306","64485572","3","1050079"
"chr3","65554287","65554574","chr3","64504218","64504498","22","1050069"
"chr3","65573392","65573491","chrX","71349526","71349624","11","5776134"
"chr3","65580028","65580301","chr3","64525606","64525888","18","1054422"
"chr3","65596679","65596974","chr3","64535533","64535839","15","1061146"
"chr3","65781632","65781943","chr11","122761780","122762091","43","56980148"
"chr3","65842119","65842420","chr3","64771536","64771837","5","1070583"
"chr3","65859918","65860223","chr3","64795527","64795830","7","1064391"
"chr3","65906355","65906668","chr3","64841821","64842117","27","1064534"
"chr3","66030078","66030376","chr2","48268226","48268528","40","17761852"
"chr3","66063889","66064192","chr3","65002420","65002720","9","1061469"
"chr3","66108511","66108810","chr3","65047083","65047373","25","1061428"
"chr3","66192321","66192614","chr1","51081928","51082217","50","15110393"
"chr3","66365330","66365665","chr8","73110629","73110951","64","6745299"
"chr3","66383896","66384204","chr3","65322695","65323005","10","1061201"
"chr3","66392397","66392697","chr3","65331211","65331500","18","1061186"
"chr3","66440142","66440425","chr3","65378674","65378980","24","1061468"
"chr3","66456795","66457099","chr3","65395360","65395657","12","1061435"
"chr3","66502242","66502542","chr3","65440968","65441257","23","1061274"
"chr3","66516678","66516977","chr3","133092991","133093290","57","66576313"
"chr3","66531450","66531607","chr2","34603109","34603267","35","31928341"
"chr3","66549532","66549841","chr3","65488330","65488640","7","1061202"
"chr3","66582341","66582486","chr3","65527298","65527443","1","1055043"
"chr3","66582805","66582971","chr3","65527762","65527923","9","1055043"
"chr3","66603589","66603883","chr3","65548512","65548821","23","1055077"
"chr3","66620657","66620939","chr3","65565575","65565878","26","1055082"
"chr3","66622713","66623017","chr3","65567555","65567859","7","1055158"
"chr3","66625211","66625222","chr3","65570054","65570065","0","1055157"
"chr3","66625261","66625543","chr3","65570119","65570401","4","1055142"
"chr3","66633761","66634047","chr3","65578638","65578920","11","1055123"
"chr3","66664458","66664750","chr3","65609277","65609569","9","1055181"
"chr3","66679742","66680035","chr2","191532602","191532894","42","124852860"
"chr3","66711557","66711834","chr3","65656717","65657002","13","1054840"
"chr3","66746815","66747104","chr3","65701261","65701552","6","1045554"
"chr3","66790114","66790397","chr3","170135167","170135450","45","103345053"
"chr3","66811698","66811829","chr3","65767324","65767455","3","1044374"
"chr3","66812515","66812806","chr3","65768138","65768434","12","1044377"
"chr3","66835167","66835469","chr3","65790798","65791101","5","1044369"
"chr3","66836553","66836828","chr3","65792184","65792459","3","1044369"
"chr3","66852247","66852320","chr3","65807936","65808009","4","1044311"
"chr3","66866589","66866853","chr3","65822292","65822556","7","1044297"
"chr3","66877411","66877709","chr3","65833123","65833418","11","1044288"
"chr3","66893789","66894088","chr3","65833123","65833418","14","1060666"
"chr3","66904554","66904818","chr3","65822292","65822556","7","1082262"
"chr3","66916918","66917207","chr12","50586581","50586871","35","16330337"
"chr3","66924520","66924773","chr3","65859051","65859304","10","1065469"
"chr3","66978554","66978859","chr3","65912991","65913289","14","1065563"
"chr3","67012073","67012365","chr3","65947933","65948243","31","1064140"
"chr3","67020832","67021125","chr3","65956716","65957009","6","1064116"
"chr3","67022820","67023125","chr1","23156099","23156400","47","43866721"
"chr3","67026685","67026984","chr3","65962553","65962862","20","1064132"
"chr3","67029798","67030099","chr3","65965665","65965948","24","1064133"
"chr3","67045123","67045427","chr3","65980877","65981181","7","1064246"
"chr3","67051113","67051416","chr16","74287412","74287716","45","7236299"
"chr3","67051846","67052145","chr15","89738833","89739132","56","22686987"
"chr3","67055043","67055358","chr3","65991007","65991322","9","1064036"
"chr3","67061003","67061248","chr3","65997877","65998121","8","1063126"
"chr3","67066617","67066901","chr3","66003484","66003768","6","1063133"
"chr3","67075659","67075920","chr3","66012521","66012788","11","1063138"
"chr3","67083127","67083406","chr3","66020158","66020437","9","1062969"
"chr3","67095782","67096040","chr11","64003244","64003505","48","3092538"
"chr3","67106685","67106983","chr3","66043910","66044208","4","1062775"
"chr3","67111141","67111422","chr3","66048395","66048705","35","1062746"
"chr3","67116284","67116605","chr3","66053503","66053822","8","1062781"
"chr3","67123319","67123607","chr3","66060484","66060799","31","1062835"
"chr3","67127008","67127306","chr3","66064514","66064820","20","1062494"
"chr3","67128160","67128458","chr3","66065680","66065974","7","1062480"
"chr3","67131232","67131532","chr3","66068749","66069048","6","1062483"
"chr3","67151600","67151893","chr3","66089132","66089427","16","1062468"
"chr3","67163235","67163382","chr3","66100788","66100935","3","1062447"
"chr3","67170106","67170398","chr3","66107609","66107905","7","1062497"
"chr3","67176420","67176709","chr10","94315505","94315790","54","27139085"
"chr3","67182398","67182687","chr3","66120529","66120821","10","1061869"
"chr3","67190195","67190492","chr3","66128324","66128619","7","1061871"
"chr3","67193633","67193925","chr3","66131772","66132064","9","1061861"
"chr3","67193961","67194274","chr3","66132100","66132413","12","1061861"
"chr3","67199666","67199965","chr3","66137827","66138133","13","1061839"
"chr3","67203358","67203653","chr3","66141516","66141808","12","1061842"
"chr3","67209197","67209475","chr19","10883736","10884016","37","56325461"
"chr3","67222522","67222802","chr3","66160655","66160944","14","1061867"
"chr3","67264149","67264448","chr9","15546638","15546934","37","51717511"
"chr3","67426213","67426527","chr3","66435277","66435598","19","990936"
"chr3","67476284","67476588","chr2","205944006","205944308","52","138467722"
"chr3","67497299","67497602","chr3","66505949","66506251","5","991350"
"chr3","67516047","67516350","chr3","66505949","66506251","6","1010098"
"chr3","67533737","67534021","chr3","66539884","66540171","11","993853"
"chr3","67551626","67551942","chr3","66549668","66549981","10","1001958"
"chr3","67558078","67558390","chr9","126783507","126783817","57","59225429"
"chr3","67559706","67560009","chr4","70869758","70870070","41","3310052"
"chr3","67573365","67573661","chr3","66571335","66571631","8","1002030"
"chr3","67578182","67578461","chr18","3598805","3599072","24","63979377"
"chr3","67616073","67616372","chr3","66611550","66611849","8","1004523"
"chr3","67628940","67629228","chr14","74918894","74919178","37","7289954"
"chr3","67673998","67674296","chr3","66670682","66670996","19","1003316"
"chr3","67693943","67694220","chr3","66690575","66690880","35","1003368"
"chr3","67707683","67707985","chr3","66704370","66704670","9","1003313"
"chr3","67715042","67715363","chr2","171539720","171540030","62","103824678"
"chr3","67729057","67729359","chr18","48586271","48586570","42","19142786"
"chr3","67738782","67739086","chr3","66737042","66737363","23","1001740"
"chr3","67750912","67751204","chr3","66749196","66749487","6","1001716"
"chr3","67781405","67781702","chr3","66779025","66779318","14","1002380"
"chr3","67801514","67801816","chr3","66799158","66799455","8","1002356"
"chr3","67809080","67809379","chr3","66806690","66807001","22","1002390"
"chr3","67827459","67827759","chr3","66824975","66825273","7","1002484"
"chr3","67873035","67873322","chr18","51165971","51166253","58","16707064"
"chr3","67875150","67875390","chr3","66873806","66874044","8","1001344"
"chr3","67918600","67918911","chr3","66914299","66914607","11","1004301"
"chr3","67927306","67927612","chr3","66922971","66923277","8","1004335"
"chr3","67971860","67972164","chr3","66967482","66967787","11","1004378"
"chr3","67981606","67981910","chr3","66977680","66977983","7","1003926"
"chr3","67982978","67983268","chr3","66979057","66979349","5","1003921"
"chr3","67984397","67984689","chr3","66980479","66980773","9","1003918"
"chr3","68061484","68061783","chr3","67066166","67066465","7","995318"
"chr3","68107030","68107334","chr3","67111941","67112242","4","995089"
"chr3","68128970","68129173","chr3","67133901","67134104","4","995069"
"chr3","68171363","68171627","chr14","36903366","36903642","50","31267997"
"chr3","68197427","68197719","chr3","67200368","67200660","6","997059"
"chr3","68214291","68214582","chr3","67217312","67217604","6","996979"
"chr3","68375980","68376264","chr3","67378957","67379241","8","997023"
"chr3","68473986","68474279","chr12","56580231","56580531","10","11893755"
"chr3","68556022","68556320","chr3","67546453","67546751","4","1009569"
"chr3","68571863","68572174","chr1","11315396","11315704","35","57256467"
"chr3","68641493","68641794","chr3","67631346","67631646","11","1010147"
"chr3","68642341","68642629","chr3","67632193","67632482","8","1010148"
"chr3","68646923","68647217","chr16","10732350","10732643","10","57914573"
"chr3","68689531","68689832","chr3","67667818","67668119","9","1021713"
"chr3","68743174","68743466","chr3","67721220","67721514","5","1021954"
"chr3","68753713","68754016","chr3","67727655","67727960","12","1026058"
"chr3","68895413","68895696","chr3","67870869","67871178","32","1024544"
"chr3","68997023","68997340","chr3","67972792","67973096","23","1024231"
"chr3","69027339","69027645","chr3","67996517","67996821","14","1030822"
"chr3","69059226","69059502","chr3","68028053","68028329","1","1031173"
"chr3","69315586","69315874","chr3","68281468","68281757","5","1034118"
"chr3","69353208","69353495","chr3","68322667","68322954","4","1030541"
"chr3","69514468","69514751","chr3","68477383","68477666","8","1037085"
"chr3","69553860","69554152","chr3","68516781","68517073","6","1037079"
"chr3","69559648","69559909","chr3","68522567","68522830","4","1037081"
"chr3","69559910","69560178","chr1","100021114","100021383","35","30461204"
"chr3","69651358","69651654","chr3","68614323","68614632","19","1037035"
"chr3","69659747","69660041","chr3","68622714","68623014","15","1037033"
"chr3","69719378","69719659","chr1","60239740","60240020","51","9479638"
"chr3","69760272","69760553","chr3","68712375","68712652","12","1047897"
"chr3","69791452","69791738","chr3","68743294","68743595","23","1048158"
"chr3","69801449","69801756","chr3","68753335","68753635","14","1048114"
"chr3","69837012","69837328","chr7","27062485","27062796","36","42774527"
"chr3","69867077","69867389","chr3","68818989","68819299","6","1048088"
"chr3","69942695","69942998","chr3","68896898","68897201","5","1045797"
"chr3","69971718","69972009","chr3","68925951","68926241","5","1045767"
"chr3","69985027","69985311","chr3","68939264","68939573","41","1045763"
"chr3","70010960","70011253","chr3","68965197","68965490","7","1045763"
"chr3","70027917","70028200","chr3","68982238","68982547","31","1045679"
"chr3","70036033","70036308","chr3","68990349","68990631","15","1045684"
"chr3","70043048","70043342","chr2","73340249","73340544","39","3297201"
"chr3","70044246","70044540","chr3","68998572","68998866","7","1045674"
"chr3","70053860","70054164","chr3","69007375","69007678","9","1046485"
"chr3","70062559","70062836","chr3","69016302","69016579","8","1046257"
"chr3","70065637","70065925","chr3","69019379","69019666","3","1046258"
"chr3","70078827","70079125","chr3","69032614","69032910","8","1046213"
"chr3","70088264","70088572","chr3","69042030","69042337","6","1046234"
"chr3","70091733","70092010","chr3","69045498","69045775","4","1046235"
"chr3","70112648","70112935","chr3","69066436","69066730","11","1046212"
"chr3","70115560","70115820","chr4","168541492","168541752","47","98425932"
"chr3","70121946","70122248","chr3","69075725","69076031","18","1046221"
"chr3","70138751","70139100","chr3","69092470","69092819","5","1046281"
"chr3","70139800","70140074","chr3","69093515","69093790","10","1046285"
"chr3","70155746","70156046","chr3","69109521","69109822","4","1046225"
"chr3","70186735","70187035","chr4","38625006","38625305","40","31561729"
"chr3","70195473","70195773","chr3","69148992","69149287","9","1046481"
"chr3","70208397","70208688","chr3","69158078","69158369","4","1050319"
"chr3","70213398","70213709","chr3","69163073","69163384","5","1050325"
"chr3","70216401","70216693","chr3","69166107","69166395","10","1050294"
"chr3","70218116","70218421","chr3","69167818","69168128","14","1050298"
"chr3","70227347","70227651","chr3","69177056","69177360","10","1050291"
"chr3","70240566","70240872","chr8","52471699","52472004","50","17768867"
"chr3","70241294","70241606","chr3","69191137","69191448","13","1050157"
"chr3","70266023","70266310","chr3","69215883","69216170","9","1050140"
"chr3","70270710","70270996","chr15","71855151","71855435","43","1584441"
"chr3","70284091","70284389","chr3","69233965","69234262","13","1050126"
"chr3","70285008","70285293","chr3","158141816","158142100","29","87856808"
"chr3","70308198","70308504","chr3","69257829","69258128","8","1050369"
"chr3","70320399","70320677","chr2","62418374","62418646","44","7902025"
"chr3","70342010","70342314","chr10","17816966","17817276","40","52525044"
"chr3","70365525","70365834","chr3","69317467","69317778","14","1048058"
"chr3","70383929","70384217","chr3","69335733","69336021","8","1048196"
"chr3","70391768","70392067","chr3","69343571","69343879","17","1048197"
"chr3","70413722","70414015","chr3","69365502","69365796","17","1048220"
"chr3","70444525","70444812","chr3","69396225","69396521","16","1048300"
"chr3","70469313","70469602","chr4","70767686","70767978","35","298373"
"chr3","70473307","70473601","chr3","69427644","69427958","28","1045663"
"chr3","70475390","70475696","chr3","69429748","69430058","12","1045642"
"chr3","70585622","70585921","chr3","69539908","69540178","38","1045714"
"chr3","70612280","70612582","chr3","69566720","69567018","13","1045560"
"chr3","70642002","70642325","chr3","69596464","69596782","11","1045538"
"chr3","70643672","70643982","chr3","69598128","69598437","15","1045544"
"chr3","70701768","70702075","chr3","69656958","69657255","17","1044810"
"chr3","70711861","70712135","chr19","10883736","10884016","36","59828125"
"chr3","70811012","70811313","chr10","103462890","103463199","43","32651878"
"chr3","70812109","70812371","chr3","69767322","69767584","4","1044787"
"chr3","70864375","70864689","chr3","69819673","69819987","4","1044702"
"chr3","70963202","70963485","chr19","40772830","40773111","48","30190372"
"chr3","71000592","71000901","chr3","69955532","69955841","7","1045060"
"chr3","71018429","71018740","chr3","69973331","69973642","6","1045098"
"chr3","71095464","71095768","chr3","70050854","70051164","7","1044610"
"chr3","71172369","71172666","chr3","70127643","70127940","5","1044726"
"chr3","71355088","71355376","chr3","70310377","70310665","4","1044711"
"chr3","71371602","71371887","chr3","70326871","70327156","7","1044731"
"chr3","71446141","71446445","chr3","70400650","70400960","13","1045491"
"chr3","71617892","71618176","chr3","70571479","70571763","9","1046413"
"chr3","71633035","71633264","chr3","70586644","70586871","3","1046391"
"chr3","71794915","71795116","chr18","51198836","51199029","36","20596079"
"chr3","71859744","71860050","chr4","121797819","121798116","49","49938075"
"chr3","71872361","71872652","chr3","70820104","70820402","15","1052257"
"chr3","71887540","71887854","chr3","70835331","70835645","7","1052209"
"chr3","71935136","71935438","chr3","70882936","70883238","4","1052200"
"chr3","71960873","71961184","chr3","70908001","70908312","4","1052872"
"chr3","71977794","71978091","chr3","70924980","70925277","5","1052814"
"chr3","71978840","71979147","chr3","70926026","70926332","11","1052814"
"chr3","72034673","72034991","chr3","70978985","70979336","51","1055688"
"chr3","72049345","72049643","chr3","70993724","70993998","31","1055621"
"chr3","72138442","72138744","chr3","71081998","71082305","11","1056444"
"chr3","72148353","72148666","chr3","71091906","71092216","7","1056447"
"chr3","72155674","72155949","chr3","71099236","71099511","1","1056438"
"chr3","72169895","72170197","chr5","32259754","32260056","38","39910141"
"chr3","72258064","72258332","chr3","71201365","71201633","5","1056699"
"chr3","72267901","72268200","chr3","71211205","71211505","3","1056696"
"chr3","72273768","72274055","chr3","71217085","71217372","2","1056683"
"chr3","72349491","72349804","chr3","71292321","71292634","3","1057170"
"chr3","72390307","72390581","chr3","71332482","71332756","4","1057825"
"chr3","72401316","72401594","chr3","71343555","71343829","6","1057761"
"chr3","72417487","72417796","chr11","12852441","12852747","42","59565046"
"chr3","72425838","72426118","chr3","71368145","71368426","9","1057693"
"chr3","72432000","72432307","chr3","71374312","71374617","10","1057688"
"chr3","72482469","72482761","chr3","71425133","71425425","9","1057336"
"chr3","72501235","72501527","chr3","71425133","71425425","8","1076102"
"chr3","72515665","72515982","chr12","121699593","121699903","44","49183928"
"chr3","72539672","72539975","chr3","71463081","71463380","7","1076591"
"chr3","72586752","72587034","chr3","71510207","71510489","5","1076545"
"chr3","72700613","72700908","chr3","71624042","71624338","8","1076571"
"chr3","72703716","72704022","chr3","71627462","71627752","20","1076254"
"chr3","72717520","72717829","chr3","71641241","71641549","3","1076279"
"chr3","72720629","72720906","chr3","71644362","71644642","6","1076267"
"chr3","72740888","72741185","chr3","71664611","71664898","11","1076277"
"chr3","72761892","72762185","chr3","71685371","71685662","7","1076521"
"chr3","72797540","72797842","chr9","113240768","113241069","52","40443228"
"chr3","72846565","72846835","chr1","200119635","200119908","56","127273070"
"chr3","72847342","72847626","chr12","111141805","111142098","42","38294463"
"chr3","72858136","72858442","chr3","71772969","71773279","10","1085167"
"chr3","72892393","72892702","chr3","71800639","71800951","12","1091754"
"chr3","72894782","72895050","chr1","244975590","244975860","31","172080808"
"chr3","72895750","72896051","chr3","71803999","71804300","7","1091751"
"chr3","72915964","72916278","chr3","71823980","71824288","15","1091984"
"chr3","72919878","72920182","chr11","108473051","108473356","34","35553173"
"chr3","72925884","72926180","chr3","71833939","71834235","10","1091945"
"chr3","72934467","72934735","chr3","71842529","71842797","3","1091938"
"chr3","72949074","72949373","chr4","127906676","127906976","38","54957602"
"chr3","73009157","73009460","chr3","71917813","71918115","4","1091344"
"chr3","73032723","73032982","chr3","71942034","71942293","6","1090689"
"chr3","73056120","73056426","chr3","71965459","71965767","7","1090661"
"chr3","73073933","73074207","chr3","71983238","71983512","4","1090695"
"chr3","73110499","73110778","chr3","72019916","72020195","9","1090583"
"chr3","73120134","73120440","chr3","72029499","72029802","14","1090635"
"chr3","73129763","73130049","chr3","72038806","72039096","10","1090957"
"chr3","73138282","73138591","chr3","72047833","72048142","10","1090449"
"chr3","73142927","73143201","chr3","72052475","72052749","4","1090452"
"chr3","73144973","73145105","chr3","72054537","72054669","4","1090436"
"chr3","73175315","73175616","chr3","72084676","72084969","13","1090639"
"chr3","73195633","73195927","chr3","72104692","72104988","8","1090941"
"chr3","73254317","73254643","chr3","72163119","72163429","20","1091198"
"chr3","73261828","73262124","chr3","72170621","72170899","21","1091207"
"chr3","73359305","73359605","chr3","72211963","72212262","8","1147342"
"chr3","73366802","73367112","chr3","72219422","72219729","6","1147380"
"chr3","73425303","73425604","chr3","72277924","72278225","5","1147379"
"chr3","73455444","73455756","chr3","72308122","72308435","3","1147322"
"chr3","73495120","73495426","chr1","21940800","21941098","50","51554320"
"chr3","73501022","73501333","chr3","72352878","72353175","22","1148144"
"chr3","73508937","73509070","chr3","72360628","72360761","4","1148309"
"chr3","73509502","73509635","chr3","72360628","72360761","4","1148874"
"chr3","73518807","73519110","chr3","72369987","72370290","8","1148820"
"chr3","73569952","73570211","chr3","72420024","72420285","9","1149928"
"chr3","73575039","73575310","chr3","72425102","72425407","39","1149937"
"chr3","73633875","73634189","chr3","72482108","72482422","5","1151767"
"chr3","73635912","73636221","chr3","72484164","72484463","15","1151748"
"chr3","73636850","73637141","chr3","72485092","72485386","15","1151758"
"chr3","73641181","73641476","chr3","72489423","72489718","6","1151758"
"chr3","73642219","73642520","chr3","72490465","72490767","8","1151754"
"chr3","73643326","73643637","chr2","178161811","178162121","41","104518485"
"chr3","73644786","73645096","chr3","72493035","72493345","9","1151751"
"chr3","73645429","73645720","chr3","72493675","72493969","10","1151754"
"chr3","73653742","73654056","chr3","72501984","72502297","10","1151758"
"chr3","73663742","73664043","chrX","97195379","97195679","41","23531637"
"chr3","73681910","73682185","chr3","72461326","72461607","21","1220584"
"chr3","73685302","73685561","chr3","72521737","72521996","2","1163565"
"chr3","73688601","73688915","chr3","72525020","72525334","1","1163581"
"chr3","73698812","73699132","chr3","72535240","72535559","10","1163572"
"chr3","73716898","73716993","chr3","72551363","72551458","1","1165535"
"chr3","73719937","73720023","chr3","53209445","53209531","8","20510492"
"chr3","73726932","73727240","chr3","72560093","72560404","7","1166839"
"chr3","73735917","73736234","chr3","72569108","72569426","5","1166809"
"chr3","73742575","73742877","chr3","72575762","72576070","18","1166813"
"chr3","73771323","73771627","chr15","39705719","39706017","39","34065604"
"chr3","73780020","73780318","chr3","72611969","72612272","12","1168051"
"chr3","73803974","73804162","chr3","72635960","72636150","4","1168014"
"chr3","73804473","73804609","chr3","72636461","72636597","9","1168012"
"chr3","73805928","73806215","chr3","72637917","72638202","10","1168011"
"chr3","73807339","73807653","chr3","72639394","72639681","37","1167945"
"chr3","73825141","73825446","chr3","72657096","72657398","9","1168045"
"chr3","73834920","73835221","chr3","72666704","72667006","4","1168216"
"chr3","73852265","73852555","chr3","72684077","72684367","2","1168188"
"chr3","73901896","73902206","chr3","72734245","72734555","1","1167651"
"chr3","73923893","73924191","chr9","85892754","85893045","41","11968861"
"chr3","73998786","73999084","chr3","72828413","72828713","11","1170373"
"chr3","74017968","74018267","chr3","72846296","72846595","5","1171672"
"chr3","74023474","74023753","chr3","72851774","72852055","5","1171700"
"chr3","74024914","74025218","chr3","72853250","72853550","16","1171664"
"chr3","74033791","74034090","chr3","72859249","72859548","5","1174542"
"chr3","74037445","74037751","chr3","72862857","72863166","8","1174588"
"chr3","74040439","74040713","chr3","72865850","72866114","17","1174589"
"chr3","74053449","74053725","chr7","46947304","46947583","53","27106145"
"chr3","74060865","74061161","chr3","72886603","72886897","6","1174262"
"chr3","74075854","74076160","chr3","72901555","72901860","13","1174299"
"chr3","74079414","74079699","chr3","72905126","72905411","13","1174288"
"chr3","74083335","74083646","chr3","72909030","72909369","36","1174305"
"chr3","74094046","74094399","chr3","72920123","72920434","49","1173923"
"chr3","74104277","74104546","chr11","100709045","100709300","43","26604768"
"chr3","74118269","74118557","chr3","72944254","72944543","6","1174015"
"chr3","74124209","74124513","chr3","72950180","72950481","9","1174029"
"chr3","74126026","74126293","chr3","72952006","72952263","15","1174020"
"chr3","74127341","74127598","chr3","142065528","142065786","42","67938187"
"chr3","74129800","74130065","chr3","72955796","72956062","5","1174004"
"chr3","74130621","74130908","chr2","233166707","233166997","44","159036086"
"chr3","74137417","74137625","chr19","2373588","2373799","35","71763829"
"chr3","74142077","74142373","chr3","72967967","72968263","4","1174110"
"chr3","74144180","74144468","chr3","72970069","72970357","9","1174111"
"chr3","74145785","74146083","chr3","72971667","72971964","6","1174118"
"chr3","74150020","74150331","chr3","72975920","72976231","11","1174100"
"chr3","74153298","74153606","chr3","72979646","72979949","9","1173652"
"chr3","74163926","74164213","chr3","72989924","72990210","6","1174002"
"chr3","74177949","74178084","chr3","73004000","73004135","5","1173949"
"chr3","74178412","74178684","chr3","73004465","73004745","9","1173947"
"chr3","74181469","74181762","chr3","73007471","73007788","25","1173998"
"chr3","74189163","74189446","chr20","31978854","31979149","40","42210309"
"chr3","74189477","74189617","chr2","70105802","70105941","23","4083675"
"chr3","74189909","74190037","chr3","73015938","73016066","0","1173971"
"chr3","74212984","74213274","chr1","148914346","148914635","31","74701362"
"chr3","74232481","74232812","chr3","73049935","73050264","4","1182546"
"chr3","74252406","74252538","chr9","74786917","74787052","12","534511"
"chr3","74256343","74256653","chr3","73073456","73073753","29","1182887"
"chr3","74267773","74268070","chr3","73084628","73084925","4","1183145"
"chr3","74270064","74270375","chr7","140416945","140417252","51","66146881"
"chr3","74274372","74274671","chr3","73091222","73091523","12","1183150"
"chr3","74295998","74296290","chr3","73112899","73113196","14","1183099"
"chr3","74299389","74299650","chr3","73116300","73116561","2","1183089"
"chr3","74303283","74303590","chr3","73120206","73120514","11","1183077"
"chr3","74308383","74308675","chr3","73125273","73125564","9","1183110"
"chr3","74312918","74313230","chr3","73129803","73130100","19","1183115"
"chr3","74330681","74330984","chr17","61336831","61337131","37","12993850"
"chr3","74333746","74334049","chr3","73149556","73149859","4","1184190"
"chr3","74374670","74374758","chr1","15025841","15025926","13","59348829"
"chr3","74385162","74385465","chr5","58235869","58236167","30","16149293"
"chr3","74401943","74402250","chr3","73218875","73219182","2","1183068"
"chr3","74404439","74404710","chr3","73221362","73221633","6","1183077"
"chr3","74439561","74439863","chr3","73256224","73256525","6","1183337"
"chr3","74573914","74574176","chr3","73386227","73386492","10","1187687"
"chr3","74583508","74583806","chr3","73395941","73396233","15","1187567"
"chr3","74604585","74604857","chr2","11172877","11173162","45","63431708"
"chr3","74627784","74628079","chr3","73439755","73440035","21","1188029"
"chr3","74689865","74690178","chr3","73501733","73502046","7","1188132"
"chr3","74727363","74727663","chr3","73537626","73537923","13","1189737"
"chr3","74822956","74823039","chr2","129510090","129510173","10","54687134"
"chr3","74859483","74859760","chr3","73654441","73654714","10","1205042"
"chr3","74894713","74894989","chr3","73689658","73689938","10","1205055"
"chr3","75008121","75008419","chr3","73806037","73806332","12","1202084"
"chr3","75049072","75049381","chr3","73846670","73846978","8","1202402"
"chr3","75069699","75069993","chr3","73867341","73867634","7","1202358"
"chr3","75075041","75075335","chr3","73872666","73872963","19","1202375"
"chr3","75139145","75139433","chr3","73935796","73936085","5","1203349"
"chr3","75163201","75163499","chr3","73960156","73960443","16","1203045"
"chr3","75240934","75241234","chr3","74037213","74037514","14","1203721"
"chr3","75344443","75344699","chr5","172061971","172062237","65","96717528"
"chr3","75408877","75409170","chr3","74180457","74180764","30","1228420"
"chr3","75477667","75477966","chr20","18016462","18016758","52","57461205"
"chr3","75527537","75527814","chr3","74298946","74299223","3","1228591"
"chr3","75532069","75532355","chr3","74303412","74303697","4","1228657"
"chr3","75537785","75538024","chr3","74309121","74309360","6","1228664"
"chr3","75584820","75585129","chr7","155284215","155284524","46","79699395"
"chr3","75863261","75863565","chr3","74634318","74634622","7","1228943"
"chr3","75873822","75874135","chr3","74644880","74645192","14","1228942"
"chr3","75880151","75880277","chr3","74651138","74651263","4","1229013"
"chr3","75885381","75885673","chr3","74656385","74656677","10","1228996"
"chr3","75886040","75886331","chr3","74657046","74657329","11","1228994"
"chr3","75929335","75929627","chr3","74697153","74697459","18","1232182"
"chr3","75948638","75948954","chr3","74716724","74717039","14","1231914"
"chr3","76001744","76002066","chr4","149102145","149102462","48","73100401"
"chr3","76027165","76027406","chr3","74793857","74794089","20","1233308"
"chr3","76051122","76051402","chr3","74817785","74818065","4","1233337"
"chr3","76127269","76127402","chr3","197233684","197233819","12","121106415"
"chr3","76168075","76168367","chr8","91768425","91768716","37","15600350"
"chr3","76190642","76190952","chr3","74966003","74966313","7","1224639"
"chr3","76293973","76294280","chr3","75071457","75071771","16","1222516"
"chr3","76342610","76342911","chr3","75132292","75132593","6","1210318"
"chr3","76369204","76369474","chr3","75159245","75159515","5","1209959"
"chr3","76383611","76383918","chr3","75071457","75071771","18","1312154"
"chr3","76460625","76460895","chr3","75159245","75159515","6","1301380"
"chr3","76506530","76506817","chr3","75222486","75222773","6","1284044"
"chr3","76537361","76537648","chr3","75222486","75222773","6","1314875"
"chr3","76675595","76675899","chr8","11924330","11924633","22","64751265"
"chr3","76703999","76704308","chr3","75377571","75377873","15","1326428"
"chr3","76750987","76751245","chr6","36824665","36824920","43","39926322"
"chr3","76766743","76767042","chr3","75440543","75440843","7","1326200"
"chr3","76787214","76787545","chr12","8266389","8266720","10","68520825"
"chr3","76788803","76789123","chr4","9656919","9657238","21","67131884"
"chr3","76792751","76793042","chr3","75461216","75461507","6","1331535"
"chr3","76812308","76812611","chr3","75482736","75483038","63","1329572"
"chr3","76825251","76825549","chr3","75491579","75491872","10","1333672"
"chr3","76838183","76838310","chr3","75508642","75508769","4","1329541"
"chr3","76842035","76842329","chr3","75512479","75512773","7","1329556"
"chr3","76844074","76844368","chr3","75512479","75512773","11","1331595"
"chr3","76849086","76849379","chr4","4053574","4053870","14","72795512"
"chr3","76889364","76889661","chr11","71659040","71659338","12","5230324"
"chr3","76902537","76902741","chr3","15124663","15124867","2","61777874"
"chr3","76905153","76905357","chr3","75574356","75574559","10","1330797"
"chr3","76923073","76923366","chr3","75594455","75594748","6","1328618"
"chr3","76925421","76925701","chr2","71031508","71031788","13","5893913"
"chr3","76946728","76947008","chr7","97945141","97945421","17","20998413"
"chr3","77098139","77098411","chr20","29403574","29403846","9","47694565"
"chr3","77146041","77146322","chr22","11553426","11553707","4","65592615"
"chr3","77149584","77149867","chr22","11326979","11327263","22","65822605"
"chr3","77161400","77161614","chr1","241645664","241645878","33","164484264"
"chr3","77174751","77175031","chr3","75722538","75722823","12","1452213"
"chr3","77297600","77297935","chr3","75843058","75843368","27","1454542"
"chr3","77309140","77309455","chr3","125255237","125255546","47","47946097"
"chr3","77309625","77309908","chr3","75855028","75855310","2","1454597"
"chr3","77794509","77794806","chr3","76335174","76335481","15","1459335"
"chr3","78000001","78000278","chr3","76540791","76541089","32","1459210"
"chr3","78093923","78094220","chr3","76634291","76634586","10","1459632"
"chr3","78195210","78195511","chr14","89080747","89081049","56","10885537"
"chr3","78284402","78284485","chrX","119530973","119531057","11","41246571"
"chr3","78310444","78310702","chr3","76849905","76850167","7","1460539"
"chr3","78348088","78348371","chr3","76888087","76888370","4","1460001"
"chr3","78375312","78375631","chr3","76915379","76915697","5","1459933"
"chr3","78381259","78381537","chr3","76921330","76921608","5","1459929"
"chr3","78427638","78427912","chr3","76967231","76967506","5","1460407"
"chr3","78481803","78482065","chr3","77018118","77018380","3","1463685"
"chr3","78485776","78486097","chr3","77022088","77022409","10","1463688"
"chr3","78527990","78528286","chr9","85893621","85893918","40","7365631"
"chr3","78569655","78569960","chr1","3901567","3901874","42","74668088"
"chr3","78607076","78607377","chr3","77143175","77143495","23","1463901"
"chr3","78752558","78752857","chr3","77286257","77286555","9","1466301"
"chr3","78771352","78771647","chr3","77311805","77312101","2","1459547"
"chr3","78794424","78794713","chr3","77335143","77335428","12","1459281"
"chr3","78812890","78813180","chr3","77353520","77353810","5","1459370"
"chr3","78835888","78836182","chr3","77376151","77376456","17","1459737"
"chr3","78885152","78885456","chr3","77425670","77425962","12","1459482"
"chr3","78953203","78953516","chr3","77494295","77494602","20","1458908"
"chr3","79041255","79041569","chrX","84220319","84220621","58","5179064"
"chr3","79129856","79130163","chr3","77666797","77667105","4","1463059"
"chr3","79191016","79191313","chr10","37478971","37479266","50","41712045"
"chr3","79409322","79409610","chr3","77908768","77909059","10","1500554"
"chr3","79426036","79426330","chrX","18756188","18756479","60","60669848"
"chr3","79468003","79468294","chr3","32683621","32683916","34","46784382"
"chr3","79607353","79607628","chr3","78097666","78097935","10","1509687"
"chr3","79643729","79644024","chr3","78133999","78134298","10","1509730"
"chr3","79695509","79695806","chr3","78185845","78186138","10","1509664"
"chr3","79728639","79728948","chr1","11314250","11314560","40","68414389"
"chr3","79746190","79746509","chr3","78236210","78236530","8","1509980"
"chr3","79852661","79852936","chr3","78341955","78342230","2","1510706"
"chr3","79878994","79879313","chr3","78368216","78368524","14","1510778"
"chr3","79919450","79919660","chr21","26146104","26146306","43","53773346"
"chr3","79934723","79934911","chr6","32132889","32133084","41","47801834"
"chr3","80305819","80306120","chr3","78767272","78767565","10","1538547"
"chr3","80345206","80345506","chr3","78806813","78807107","11","1538393"
"chr3","80419025","80419325","chr3","78882813","78883112","8","1536212"
"chr3","80461894","80462193","chr3","78922594","78922895","9","1539300"
"chr3","80468752","80469055","chr3","78929521","78929804","23","1539231"
"chr3","80505426","80505704","chr3","78968269","78968555","13","1537157"
"chr3","80519894","80520182","chr3","78982622","78982910","8","1537272"
"chr3","80526618","80526921","chr11","17188056","17188359","46","63338562"
"chr3","80557690","80558014","chr3","79020410","79020718","19","1537280"
"chr3","80722504","80722790","chr3","79176473","79176759","13","1546031"
"chr3","80760078","80760360","chr3","79213813","79214101","9","1546265"
"chr3","80919321","80919626","chr1","44851954","44852263","56","36067367"
"chr3","81144014","81144328","chrX","12801597","12801908","52","68342417"
"chr3","81385291","81385579","chr3","79836159","79836447","3","1549132"
"chr3","81460406","81460681","chr3","79916181","79916458","8","1544225"
"chr3","81462160","81462470","chr3","79917983","79918288","13","1544177"
"chr3","81528699","81529002","chr3","79987982","79988258","38","1540717"
"chr3","81792737","81793020","chr2","105774012","105774308","74","23981275"
"chr3","81793120","81793393","chr3","80252011","80252284","6","1541109"
"chr3","81893838","81894140","chr3","80356369","80356671","5","1537469"
"chr3","81978582","81978869","chr3","80437346","80437632","7","1541236"
"chr3","82041744","82042030","chr3","80501285","80501571","5","1540459"
"chr3","82050785","82051070","chr3","80510071","80510356","7","1540714"
"chr3","82156815","82157080","chr3","80614411","80614687","20","1542404"
"chr3","82258123","82258416","chr3","80716900","80717200","9","1541223"
"chr3","82348077","82348396","chr3","80808524","80808824","25","1539553"
"chr3","82415763","82416055","chr3","80878354","80878644","8","1537409"
"chr3","82417282","82417600","chr3","80879872","80880198","20","1537410"
"chr3","82623165","82623474","chr3","81101561","81101870","10","1521604"
"chr3","82795597","82795895","chr3","81273739","81274037","7","1521858"
"chr3","82805054","82805343","chr3","81283228","81283517","6","1521826"
"chr3","82813989","82814266","chr3","81292276","81292561","16","1521713"
"chr3","82867346","82867563","chr3","81345980","81346197","3","1521366"
"chr3","82963831","82964146","chr5","176692010","176692319","54","93728179"
"chr3","83023101","83023396","chr3","81501687","81501991","15","1521414"
"chr3","83090084","83090341","chr3","81568155","81568412","5","1521929"
"chr3","83240693","83240973","chrX","10750352","10750630","45","72490341"
"chr3","83268264","83268396","chr20","4215148","4215282","19","79053116"
"chr3","83427985","83428278","chr3","81907978","81908243","33","1520007"
"chr3","83438441","83438740","chr3","81918395","81918695","8","1520046"
"chr3","83529754","83530046","chr3","82009860","82010151","9","1519894"
"chr3","83639013","83639310","chr3","82099877","82100183","19","1539136"
"chr3","83712181","83712472","chr9","37389977","37390265","38","46322204"
"chr3","83776222","83776515","chr3","82240251","82240548","11","1535971"
"chr3","83778932","83779223","chr3","82242964","82243253","12","1535968"
"chr3","83788542","83788796","chr3","82252606","82252859","5","1535936"
"chr3","83819232","83819525","chr6","134922389","134922684","50","51103157"
"chr3","83949631","83949891","chr3","82417643","82417903","8","1531988"
"chr3","83954679","83954990","chr3","82422611","82422923","4","1532068"
"chr3","84002225","84002512","chr3","82473337","82473624","6","1528888"
"chr3","84011463","84011780","chr3","82482513","82482834","8","1528950"
"chr3","84014950","84015233","chr2","24550827","24551112","42","59464123"
"chr3","84094585","84094891","chr3","82562535","82562838","7","1532050"
"chr3","84258102","84258411","chr3","82727375","82727675","13","1530727"
"chr3","84304931","84305209","chr3","82774133","82774409","9","1530798"
"chr3","84321082","84321394","chr17","47791740","47792043","55","36529342"
"chr3","84387165","84387441","chr3","82855394","82855671","4","1531771"
"chr3","84394323","84394640","chr3","82862501","82862806","14","1531822"
"chr3","84446486","84446680","chr2","80159583","80159773","26","4286903"
"chr3","84652009","84652193","chr3","83118577","83118756","8","1533432"
"chr3","84739177","84739478","chr1","200824697","200825001","48","116085520"
"chr3","84825667","84825963","chr3","83292570","83292860","13","1533097"
"chr3","84866097","84866392","chr1","45458284","45458581","41","39407813"
"chr3","84901716","84902020","chr3","83363339","83363645","7","1538377"
"chr3","84918188","84918476","chr15","73909090","73909379","49","11009098"
"chr3","85029443","85029670","chr3","83491280","83491507","3","1538163"
"chr3","85424564","85424853","chr5","179692082","179692374","52","94267518"
"chr3","85477636","85477942","chr3","83928104","83928384","33","1549532"
"chr3","85630181","85630490","chr3","84079128","84079436","5","1551053"
"chr3","85705958","85706234","chr3","84152492","84152756","18","1553466"
"chr3","85781224","85781532","chr3","84227304","84227603","18","1553920"
"chr3","85945856","85946059","chr3","84395430","84395633","3","1550426"
"chr3","86013891","86014205","chr3","84464762","84465076","4","1549129"
"chr3","86027506","86027778","chr4","128925346","128925623","49","42897840"
"chr3","86037416","86037735","chr2","58120170","58120490","53","27917246"
"chr3","86334910","86335211","chr3","84775318","84775617","9","1559592"
"chr3","86344381","86344675","chr3","84775318","84775617","13","1569063"
"chr3","86371832","86372089","chr2","38531648","38531906","43","47840184"
"chr3","86396085","86396325","chr3","84838299","84838539","4","1557786"
"chr3","86412404","86412644","chr3","84838299","84838539","4","1574105"
"chr3","86456778","86457067","chr3","84859659","84859945","12","1597119"
"chr3","86475249","86475553","chr3","84878106","84878385","29","1597143"
"chr3","86539677","86539763","chr6","30537691","30537774","16","56001986"
"chr3","86550456","86550722","chr3","84953484","84953748","9","1596972"
"chr3","86682626","86682914","chr3","85086510","85086804","11","1596116"
"chr3","86711185","86711465","chr3","85116045","85116325","8","1595140"
"chr3","86712054","86712357","chr3","85116922","85117243","36","1595132"
"chr3","86739409","86739688","chr3","85144330","85144620","17","1595079"
"chr3","86763667","86763945","chr3","85168055","85168354","31","1595612"
"chr3","86775642","86775945","chr3","85180235","85180537","23","1595407"
"chr3","86858403","86858715","chr3","85262983","85263292","9","1595420"
"chr3","86877675","86877853","chr14","90328158","90328330","31","3450483"
"chr3","86877889","86878006","chr11","47706768","47706887","19","39171121"
"chr3","86916571","86916860","chr3","15929159","15929438","49","70987412"
"chr3","86942247","86942512","chr3","85346984","85347250","5","1595263"
"chr3","87009127","87009417","chr3","85411839","85412129","7","1597288"
"chr3","87103549","87103862","chr3","85507183","85507488","16","1596366"
"chr3","87114347","87114631","chrX","38498170","38498459","55","48616177"
"chr3","87146867","87147010","chr2","44274027","44274171","25","42872840"
"chr3","87147036","87147147","chr4","145573715","145573833","18","58426679"
"chr3","87194044","87194314","chr3","85596746","85597016","10","1597298"
"chr3","87330291","87330593","chr3","85731966","85732278","29","1598325"
"chr3","87406630","87406952","chr3","85810533","85810839","19","1596097"
"chr3","87418405","87418686","chr3","85822302","85822583","8","1596103"
"chr3","87455659","87455984","chr3","85859209","85859531","11","1596450"
"chr3","87469823","87470117","chr3","85873386","85873680","3","1596437"
"chr3","87596551","87596868","chr3","85999218","85999528","12","1597333"
"chr3","87742871","87743136","chr3","86148619","86148884","4","1594252"
"chr3","87766788","87767087","chr3","86172435","86172730","11","1594353"
"chr3","87888472","87888767","chr3","86287340","86287637","9","1601132"
"chr3","87953615","87953919","chr3","86351286","86351594","13","1602329"
"chr3","87965590","87965902","chr3","86363583","86363892","8","1602007"
"chr3","88016096","88016392","chr3","86412413","86412733","39","1603683"
"chr3","88119417","88119717","chr14","92740905","92741206","53","4621488"
"chr3","88228724","88229004","chr11","86516406","86516690","37","1712318"
"chr3","88400452","88400764","chr3","86788479","86788787","12","1611973"
"chr3","88429160","88429292","chr3","86818999","86819132","5","1610161"
"chr3","88434707","88434986","chr3","86824032","86824311","6","1610675"
"chr3","88445241","88445524","chr3","86835015","86835299","5","1610226"
"chr3","88518390","88518673","chr3","86907932","86908200","21","1610458"
"chr3","88542594","88542892","chr3","86931186","86931492","20","1611408"
"chr3","88832980","88833276","chr12","128688839","128689115","85","39855859"
"chr3","88862575","88862797","chr3","87248373","87248595","4","1614202"
"chr3","88893019","88893309","chr3","87278888","87279181","8","1614131"
"chr3","88904264","88904559","chr3","87290072","87290379","17","1614192"
"chr3","88953638","88953942","chr3","87339404","87339719","49","1614234"
"chr3","88962340","88962642","chr8","39040044","39040348","39","49922296"
"chr3","88974017","88974326","chr6","148296119","148296425","44","59322102"
"chr3","89026452","89026757","chr2","158826510","158826814","33","69800058"
"chr3","89027231","89027546","chr1","9227371","9227678","50","79799860"
"chr3","89046499","89046811","chr14","105396489","105396802","41","16349990"
"chr3","89163564","89163900","chr3","87538592","87538920","10","1624972"
"chr3","89248469","89248766","chr3","87622150","87622447","6","1626319"
"chr3","89249294","89249590","chr3","87622979","87623275","9","1626315"
"chr3","89320841","89321133","chr3","87695373","87695669","8","1625468"
"chr3","89491062","89491370","chr3","87862808","87863115","6","1628254"
"chr3","89522909","89523189","chr3","87894277","87894557","9","1628632"
"chr3","89528223","89528523","chr3","87899584","87899884","7","1628639"
"chr3","89566549","89566838","chr10","97016027","97016320","32","7449478"
"chr3","89597880","89598172","chr3","87967169","87967459","4","1630711"
"chr3","89619022","89619292","chr3","87988599","87988876","13","1630423"
"chr3","89637173","89637485","chr16","3287970","3288266","56","86349203"
"chr3","89642423","89642688","chr3","88011617","88011881","3","1630806"
"chr3","89650320","89650616","chr3","88019547","88019843","1","1630773"
"chr3","89696731","89697023","chr14","75624082","75624381","50","14072649"
"chr3","89704767","89705085","chr1","53969049","53969366","37","35735718"
"chr3","89735273","89735562","chr3","88104859","88105148","4","1630414"
"chr3","89736743","89737056","chr3","88106326","88106642","5","1630417"
"chr3","89767256","89767547","chr3","88136913","88137218","20","1630343"
"chr3","89785209","89785504","chr3","88154861","88155158","5","1630348"
"chr3","89806408","89806424","chr8","18562937","18562953","3","71243471"
"chr3","89806450","89806738","chr3","88175876","88176177","15","1630574"
"chr3","89833115","89833396","chr3","88202576","88202881","27","1630539"
"chr3","89865433","89865743","chr3","88234071","88234374","13","1631362"
"chr3","89911115","89911413","chr3","88279864","88280162","4","1631251"
"chr3","89952965","89953231","chr3","88320136","88320404","11","1632829"
"chr3","89990589","89990837","chr3","88357764","88358013","5","1632825"
"chr3","90046677","90046966","chr3","88415989","88416299","34","1630688"
"chr3","90075744","90076037","chr3","88445170","88445466","12","1630574"
"chr3","90080882","90081155","chr3","88449886","88450168","16","1630996"
"chr3","90089074","90089376","chr3","88458142","88458450","11","1630932"
"chr3","90205648","90205962","chr3","88572067","88572381","3","1633581"
"chr3","90366445","90366687","chr3","88727630","88727872","6","1638815"
"chr3","90592833","90593135","chr7","103321566","103321869","42","12728733"
"chr3","90661452","90661752","chr3","89024263","89024548","24","1637189"
"chr3","90741379","90741643","chr8","42669464","42669729","58","48071915"
"chr3","90850316","90850621","chr3","89197694","89198000","4","1652622"
"chr3","90876972","90877255","chr3","89224567","89224850","8","1652405"
"chr3","90877292","90877302","chr3","89224887","89224897","0","1652405"
"chr3","90902177","90902442","chr12","64641134","64641396","48","26261043"
"chr3","90950316","90950626","chr3","89297753","89298063","5","1652563"
"chr3","90976742","90977063","chr3","89324156","89324485","21","1652586"
"chr3","90980420","90980695","chr13","42361117","42361386","44","48619303"
"chr3","91046738","91047032","chr3","89390317","89390619","15","1656421"
"chr3","91059139","91059419","chr3","89402697","89402977","7","1656442"
"chr3","91156620","91156888","chr3","89490358","89490626","4","1666262"
"chr3","91181217","91181486","chr3","89514822","89515092","28","1666395"
"chr3","91197942","91198232","chr3","89531532","89531822","7","1666410"
"chr3","91222489","91222625","chr3","89556200","89556330","12","1666289"
"chr3","91357510","91357774","chr3","89688890","89689155","6","1668620"
"chr3","91378330","91378640","chr3","89709792","89710093","25","1668538"
"chr3","91388920","91389212","chr3","89720423","89720715","9","1668497"
"chr3","91494122","91494391","chr3","89824334","89824601","8","1669788"
"chr3","91517056","91517370","chr3","89847310","89847590","38","1669746"
"chr3","91778449","91778742","chr3","90113666","90113968","16","1664783"
"chr3","91895784","91896091","chr7","138702203","138702513","46","46806419"
"chr3","91912478","91912639","chr8","66391946","66392100","37","25520532"
"chr3","91913001","91913313","chr3","90248659","90248971","5","1664342"
"chr3","95100954","95101261","chr7","138702203","138702513","37","43601249"
"chr3","95117211","95117325","chr3","93918729","93918843","3","1198482"
"chr3","95164035","95164350","chr3","93965687","93966002","4","1198348"
"chr3","95169411","95169757","chr3","93971060","93971402","15","1198351"
"chr3","95176733","95177041","chr3","93978395","93978704","6","1198338"
"chr3","95185334","95185629","chr19","56006449","56006742","36","39178885"
"chr3","95188640","95188957","chr3","93989991","93990307","6","1198649"
"chr3","95191445","95191602","chrX","115478446","115478601","33","20287001"
"chr3","95191647","95191765","chr5","134605523","134605640","22","39413876"
"chr3","95191773","95192088","chr1","11314250","11314560","41","83877523"
"chr3","95233653","95233951","chr3","94034954","94035257","10","1198699"
"chr3","95315915","95316223","chr3","94116986","94117299","12","1198929"
"chr3","95452099","95452429","chr3","94254631","94254942","25","1197468"
"chr3","95505555","95505837","chr9","88442395","88442682","50","7063160"
"chr3","95684062","95684356","chr3","94490710","94490978","32","1193352"
"chr3","95867258","95867561","chr7","130011580","130011884","40","34144322"
"chr3","95883944","95884247","chr7","130011580","130011884","40","34127636"
"chr3","96114327","96114636","chr3","94910857","94911153","19","1203470"
"chr3","96122608","96122867","chr3","94919110","94919369","6","1203498"
"chr3","96131445","96131699","chr3","94928257","94928511","8","1203188"
"chr3","96471506","96471810","chr3","95264699","95265008","10","1206807"
"chr3","96521920","96522180","chr3","95314764","95315025","6","1207156"
"chr3","96533701","96533982","chr3","95326553","95326834","5","1207148"
"chr3","96622607","96622954","chr2","100834680","100835014","69","4212073"
"chr3","96683984","96684272","chr3","95499026","95499314","9","1184958"
"chr3","96693346","96693594","chr3","95508503","95508751","3","1184843"
"chr3","96806333","96806596","chr3","95619043","95619306","4","1187290"
"chr3","96843962","96844251","chr3","95656379","95656667","6","1187583"
"chr3","96940241","96940546","chr3","95747379","95747667","25","1192862"
"chr3","96962869","96963158","chr3","95768330","95768618","6","1194539"
"chr3","97030609","97030907","chr3","95836884","95837182","5","1193725"
"chr3","97084347","97084630","chr1","211793448","211793731","31","114709101"
"chr3","97087377","97087676","chr3","95893290","95893589","5","1194087"
"chr3","97151593","97151858","chr3","95957880","95958145","6","1193713"
"chr3","97328773","97329069","chr1","39418581","39418875","44","57910192"
"chr3","97344543","97344820","chr3","96149322","96149605","10","1195221"
"chr3","97360196","97360469","chrX","46951325","46951600","41","50408871"
"chr3","97435009","97435315","chr3","96222989","96223299","24","1212020"
"chr3","97470111","97470226","chr3","96256172","96256287","1","1213939"
"chr3","97658694","97658978","chr3","96446207","96446493","11","1212487"
"chr3","98067231","98067499","chr3","96848367","96848635","2","1218864"
"chr3","98109699","98110001","chr3","96890805","96891091","17","1218894"
"chr3","98111120","98111425","chr4","170070910","170071211","41","71959790"
"chr3","98181408","98181709","chr1","26617288","26617580","53","71564120"
"chr3","98312571","98312875","chr2","158826510","158826814","38","60513939"
"chr3","98329800","98330100","chr3","97110527","97110828","8","1219273"
"chr3","98389588","98389885","chr6","149449442","149449738","38","51059854"
"chr3","98543793","98544095","chr3","97319391","97319697","12","1224402"
"chr3","98672498","98672769","chr3","97442303","97442574","4","1230195"
"chr3","98752764","98753060","chr3","97539136","97539444","25","1213628"
"chr3","98883178","98883473","chr3","183977758","183978052","34","85094580"
"chr3","99000956","99001252","chr3","97786066","97786351","16","1214890"
"chr3","99009699","99009976","chr3","97794804","97795081","5","1214895"
"chr3","99055698","99055917","chr1","32272022","32272226","44","66783676"
"chr3","99134792","99135080","chr3","97920542","97920829","8","1214250"
"chr3","99167660","99167957","chr3","97953383","97953682","5","1214277"
"chr3","99200106","99200389","chr3","97985860","97986165","30","1214246"
"chr3","99229658","99229956","chr3","98015217","98015495","24","1214441"
"chr3","99233284","99233595","chr3","98018828","98019138","14","1214456"
"chr3","99235380","99235696","chr3","98020886","98021164","47","1214494"
"chr3","99295879","99296176","chr3","98080127","98080426","9","1215752"
"chr3","99313620","99313930","chr5","151053102","151053409","41","51739482"
"chr3","99319131","99319286","chr1","10166983","10167140","23","89152148"
"chr3","99319314","99319433","chr5","71168316","71168435","14","28150998"
"chr3","99497856","99498151","chr3","98269724","98270020","6","1228132"
"chr3","99609383","99609697","chr3","98386536","98386849","10","1222847"
"chr3","99694131","99694422","chr3","98463974","98464265","5","1230157"
"chr3","99745394","99745686","chr3","98513404","98513696","3","1231990"
"chr3","99773163","99773481","chr3","98538905","98539231","15","1234258"
"chr3","99849124","99849416","chr3","98615538","98615833","8","1233586"
"chr3","99855629","99855941","chr17","64713472","64713781","51","35142157"
"chr3","99877845","99878143","chr3","98643888","98644186","7","1233957"
"chr3","99903152","99903454","chr3","98667024","98667322","11","1236128"
"chr3","99905078","99905384","chr3","98668942","98669237","23","1236136"
"chr3","99935174","99935445","chr7","134805788","134806060","45","34870614"
"chr3","99943187","99943488","chr3","98718000","98718304","7","1225187"
"chr3","99946628","99946896","chr6","108284086","108284361","44","8337458"
"chr3","99961803","99962106","chr7","4968202","4968504","41","94993601"
"chr3","99968676","99968977","chr3","98718000","98718304","7","1250676"
"chr3","99972161","99972466","chr3","98721485","98721796","7","1250676"
"chr3","99982581","99982860","chr3","98731549","98731818","12","1251032"
"chr3","99994033","99994201","chr11","77831695","77831862","33","22162338"
"chr3","99994240","99994370","chr1","242795357","242795481","26","142801117"
"chr3","100006460","100006764","chr3","98757833","98758138","3","1248627"
"chr3","100009959","100010257","chr3","98761326","98761626","5","1248633"
"chr3","100064870","100065134","chr3","98813267","98813531","3","1251603"
"chr3","100082677","100082815","chr16","67212794","67212934","29","32869883"
"chr3","100082841","100082968","chr7","5936219","5936348","21","94146622"
"chr3","100189746","100189948","chr3","98944739","98944941","5","1245007"
"chr3","100262055","100262302","chr17_KI270857v1_alt","1850620","1850864","40","98411435"
"chr3","100428883","100429123","chr1","51373732","51373960","48","49055151"
"chr3","100449579","100449856","chr3","99200685","99200947","22","1248894"
"chr3","100573376","100573663","chr3","99323818","99324101","9","1249558"
"chr3","100664518","100664779","chr3","195316935","195317197","41","94652417"
"chr3","100750408","100750684","chr3","99517521","99517820","27","1232887"
"chr3","100766403","100766711","chrX","125243900","125244207","53","24477497"
"chr3","100897770","100898064","chr3","99662097","99662397","14","1235673"
"chr3","100928712","100929044","chr3","99692878","99693211","7","1235834"
"chr3","100930038","100930338","chr3","99694201","99694501","1","1235837"
"chr3","100979387","100979698","chr3","99750033","99750356","17","1229354"
"chr3","101028490","101028787","chr3","99797273","99797571","5","1231217"
"chr3","101040266","101040580","chr3","99897077","99897382","13","1143189"
"chr3","101049108","101049411","chr8","86624137","86624434","52","14424971"
"chr3","101097516","101097814","chr3","99954544","99954845","15","1142972"
"chr3","101100229","101100523","chr15","51949418","51949716","37","49150811"
"chr3","101135153","101135453","chr3","99954544","99954845","5","1180609"
"chr3","101168388","101168699","chr3","99987247","99987558","6","1181141"
"chr3","101256174","101256499","chr3","100074676","100074993","14","1181498"
"chr3","101338183","101338492","chr15","76183104","76183415","42","25155079"
"chr3","101339036","101339343","chr3","100154690","100154996","10","1184346"
"chr3","101347003","101347301","chr3","100162692","100162990","4","1184311"
"chr3","101359535","101359621","chr3","100175284","100175370","2","1184251"
"chr3","101381089","101381358","chr2","186946236","186946500","38","85565147"
"chr3","101392098","101392400","chr3","100207478","100207781","5","1184620"
"chr3","101396824","101397025","chr3","100212189","100212385","7","1184635"
"chr3","101397335","101397456","chr3","100212694","100212815","2","1184641"
"chr3","101404609","101404906","chr3","100219960","100220255","9","1184649"
"chr3","101406656","101406875","chr3","100222314","100222533","6","1184342"
"chr3","101446193","101446503","chr3","100262443","100262745","13","1183750"
"chr3","101468646","101468949","chr3","100286499","100286795","17","1182147"
"chr3","101468967","101469266","chr3","100286813","100287112","6","1182154"
"chr3","101473450","101473744","chr3","100291301","100291598","9","1182149"
"chr3","101484929","101485239","chr3","100302577","100302887","9","1182352"
"chr3","101499334","101499621","chr3","100316811","100317098","9","1182523"
"chr3","101508824","101509105","chr3","100326279","100326560","3","1182545"
"chr3","101535532","101535835","chr3","100353767","100354071","5","1181765"
"chr3","101539399","101539709","chr3","100357634","100357941","5","1181765"
"chr3","101542083","101542353","chr10","93462096","93462369","46","8079987"
"chr3","101552987","101553288","chr3","100371260","100371566","12","1181727"
"chr3","101565001","101565302","chr3","100383240","100383536","6","1181761"
"chr3","101572308","101572617","chr3","100390546","100390855","9","1181762"
"chr3","101599141","101599454","chr3","100417365","100417678","14","1181776"
"chr3","101671473","101671782","chr3","100483813","100484125","13","1187660"
"chr3","101687218","101687487","chr3","100499598","100499867","1","1187620"
"chr3","101690727","101691022","chr3","100503111","100503404","7","1187616"
"chr3","101802871","101803181","chr3","100612894","100613189","22","1189977"
"chr3","101819672","101819968","chr3","100628366","100628655","11","1191306"
"chr3","101875268","101875574","chr3","100681301","100681605","10","1193967"
"chr3","101907775","101908076","chr3","100714218","100714512","17","1193557"
"chr3","102298471","102298780","chr3","101103864","101104174","4","1194607"
"chr3","102481473","102481771","chr3","101273917","101274215","4","1207556"
"chr3","102490573","102490874","chr3","101283023","101283320","110","1207550"
"chr3","102496108","102496406","chr3","101273917","101274215","4","1222191"
"chr3","102502850","102503160","chr20","698932","699238","43","101803918"
"chr3","102620428","102620717","chr3","101402342","101402635","8","1218086"
"chr3","102739870","102740172","chr3","101496579","101496877","7","1243291"
"chr3","102774927","102775010","chr3","149645379","149645463","14","46870452"
"chr3","102795140","102795265","chr11","114000001","114000117","17","11204861"
"chr3","102811801","102812106","chr20","34287387","34287691","42","68524414"
"chr3","102821256","102821386","chr3","101559463","101559593","4","1261793"
"chr3","102823139","102823444","chr3","101561335","101561645","13","1261804"
"chr3","102845415","102845739","chr8","56057077","56057396","46","46788338"
"chr3","102847659","102847958","chr3","101585889","101586197","15","1261770"
"chr3","102865334","102865615","chr3","101603075","101603356","5","1262259"
"chr3","102879750","102880067","chr3","101617353","101617643","32","1262397"
"chr3","102903651","102903782","chr6","13737571","13737704","12","89166080"
"chr3","102922430","102922737","chr3","101663609","101663915","11","1258821"
"chr3","102927839","102928126","chr3","101669036","101669325","4","1258803"
"chr3","102979979","102980300","chr3","101716298","101716607","23","1263681"
"chr3","102984179","102984493","chr3","101716298","101716607","11","1267881"
"chr3","103037812","103038105","chr3","101772146","101772442","6","1265666"
"chr3","103051225","103051513","chr11","70494314","70494593","45","32556911"
"chr3","103054044","103054338","chr3","101772146","101772442","5","1281898"
"chr3","103058118","103058404","chr3","101776214","101776501","4","1281904"
"chr3","103068885","103069109","chr3","101786941","101787161","7","1281944"
"chr3","103079793","103080106","chr3","101798603","101798919","6","1281190"
"chr3","103091989","103092300","chr1","19063707","19064018","38","84028282"
"chr3","103092903","103093205","chr3","101811728","101812036","10","1281175"
"chr3","103096738","103096872","chr3","101815582","101815716","2","1281156"
"chr3","103097176","103097334","chr3","101816014","101816172","1","1281162"
"chr3","103120578","103120838","chr21","26164608","26164871","43","76955970"
"chr3","103159957","103160259","chr3","101864837","101865140","7","1295120"
"chr3","103173385","103173687","chr3","101878279","101878573","14","1295106"
"chr3","103223931","103224233","chr3","101928451","101928753","2","1295480"
"chr3","103275407","103275540","chr9","96638220","96638355","11","6637187"
"chr3","103277471","103277748","chr3","101973542","101973848","33","1303929"
"chr3","103297583","103297868","chr3","101987614","101987899","2","1309969"
"chr3","103351300","103351600","chr3","102039101","102039392","11","1312199"
"chr3","103434066","103434198","chr3","102120602","102120733","1","1313464"
"chr3","103434768","103435068","chr3","102121302","102121602","9","1313466"
"chr3","103451192","103451478","chr3","102137654","102137940","8","1313538"
"chr3","103686840","103687130","chr3","102372770","102373063","9","1314070"
"chr3","103858384","103858660","chr3","102544513","102544789","1","1313871"
"chr3","103889222","103889528","chr3","102575400","102575699","13","1313822"
"chr3","103942658","103942957","chr3","102628698","102628997","4","1313960"
"chr3","104020677","104020975","chr3","102704662","102704961","20","1316015"
"chr3","104258834","104259124","chr3","102951406","102951700","14","1307428"
"chr3","104384684","104384976","chr3","103079641","103079934","7","1305043"
"chr3","104442517","104442768","chr3","103137710","103137961","4","1304807"
"chr3","104558665","104558993","chr3","103250949","103251298","31","1307716"
"chr3","104578899","104579188","chr3","103272851","103273118","28","1306048"
"chr3","104646561","104646852","chr19","43488804","43489095","43","61157757"
"chr3","104716469","104716760","chr3","103405036","103405324","10","1311433"
"chr3","104799569","104799890","chr3","103485764","103486077","16","1313805"
"chr3","104823917","104824215","chr3","103510096","103510394","6","1313821"
"chr3","104893640","104893918","chr3","103586807","103587085","4","1306833"
"chr3","104917606","104917890","chr3","103610166","103610450","18","1307440"
"chr3","104957773","104958083","chr3","103666573","103666882","9","1291200"
"chr3","105159894","105160210","chr3","103849879","103850191","14","1310015"
"chr3","105211385","105211617","chr3","103901522","103901754","3","1309863"
"chr3","105275635","105275922","chr2","135160390","135160700","30","29884755"
"chr3","105411258","105411568","chr3","104083235","104083545","2","1328023"
"chr3","105613685","105613956","chr1","242526427","242526707","50","136912742"
"chr3","105645227","105645490","chr3","104321964","104322227","9","1323263"
"chr3","105775242","105775326","chr19","5986355","5986436","18","99788887"
"chr3","105775327","105775634","chr3","104452870","104453194","32","1322457"
"chr3","105847985","105848254","chr3","104520937","104521219","18","1327048"
"chr3","105884706","105884994","chr3","104557625","104557911","10","1327081"
"chr3","105916393","105916700","chrX","44879891","44880190","51","61036502"
"chr3","106095008","106095280","chr5","178071533","178071809","50","71976525"
"chr3","106268692","106268983","chr3","104942701","104943000","19","1325991"
"chr3","106459035","106459363","chr3","105117084","105117408","13","1341951"
"chr3","106481690","106481982","chr3","105139742","105140033","9","1341948"
"chr3","106609370","106609659","chr3","105267153","105267458","29","1342217"
"chr3","106671625","106671839","chr16","46947290","46947502","27","59724335"
"chr3","106805754","106806065","chr3","105454654","105454979","19","1351100"
"chr3","106902911","106903245","chr3","105568049","105568390","13","1334862"
"chr3","106907875","106908186","chr3","105573039","105573353","8","1334836"
"chr3","107011613","107011919","chr3","105673068","105673366","13","1338545"
"chr3","107118650","107118727","chr1","10008731","10008796","25","97109919"
"chr3","107121330","107121626","chr3","45059648","45059952","47","62061682"
"chr3","107276277","107276573","chr3","105924215","105924512","10","1352062"
"chr3","107390985","107391248","chr3","106037934","106038197","5","1353051"
"chr3","107428887","107429132","chr3","106079197","106079442","5","1349690"
"chr3","107463341","107463624","chr3","106116579","106116862","9","1346762"
"chr3","107562230","107562526","chr5","79214804","79215109","39","28347426"
"chr3","107698415","107698705","chr3","106351237","106351538","18","1347178"
"chr3","107790645","107790953","chr3","106441145","106441454","7","1349500"
"chr3","107961752","107962074","chr3","106608780","106609101","8","1352972"
"chr3","108112480","108112796","chr3","106761708","106762024","9","1350772"
"chr3","108133358","108133675","chr3","106782561","106782865","19","1350797"
"chr3","108190575","108190910","chr3","106834784","106835088","40","1355791"
"chr3","108213771","108214072","chr3","106854736","106855037","5","1359035"
"chr3","108230297","108230593","chr2","25642757","25643053","39","82587540"
"chr3","108236039","108236324","chr3","106871042","106871315","23","1364997"
"chr3","108241772","108242068","chr2","25642757","25643053","39","82599015"
"chr3","108335997","108336301","chr1","85540676","85540983","56","22795321"
"chr3","108378178","108378489","chr3","107015350","107015631","34","1362828"
"chr3","108398534","108398838","chr3","107035700","107036003","6","1362834"
"chr3","108447690","108447774","chr12","95352525","95352600","13","13095165"
"chr3","108533393","108533693","chr3","107166077","107166378","3","1367316"
"chr3","108553285","108553562","chr3","107185955","107186232","4","1367330"
"chr3","108610880","108611179","chr3","107243601","107243899","11","1367279"
"chr3","108612937","108613067","chr15","60506571","60506703","18","48106366"
"chr3","108645165","108645463","chr3","107278002","107278300","3","1367163"
"chr3","108653760","108654053","chr3","107286603","107286896","4","1367157"
"chr3","108733593","108733910","chr3","107364187","107364502","9","1369406"
"chr3","108738764","108739011","chr3","107369359","107369581","41","1369405"
"chr3","108748395","108748696","chr3","107378970","107379271","7","1369425"
"chr3","108757762","108758044","chr3","107388330","107388613","7","1369432"
"chr3","108760815","108761087","chr3","107391345","107391626","14","1369470"
"chr3","108783065","108783361","chr3","107413620","107413916","3","1369445"
"chr3","108821163","108821471","chr3","107451765","107452072","5","1369398"
"chr3","108823707","108823990","chr3","107454306","107454588","5","1369401"
"chr3","108844740","108845030","chr3","107460637","107460927","4","1384103"
"chr3","108849717","108850003","chr3","107465580","107465866","9","1384137"
"chr3","108851297","108851585","chr3","107467160","107467448","6","1384137"
"chr3","108883539","108883827","chr3","107499418","107499727","27","1384121"
"chr3","108883949","108884255","chr2","129942706","129943015","43","21058757"
"chr3","109025187","109025496","chr3","107641075","107641384","6","1384112"
"chr3","109239647","109239952","chr3","107853132","107853421","27","1386515"
"chr3","109292809","109293121","chr1","13442631","13442942","35","95850178"
"chr3","109380442","109380751","chr3","107997102","107997412","7","1383340"
"chr3","109390876","109391201","chr3","108007352","108007677","6","1383524"
"chr3","109434510","109434832","chr3","108052673","108052999","5","1381837"
"chr3","109580181","109580475","chr3","108198446","108198740","3","1381735"
"chr3","109591971","109592272","chr3","108210333","108210632","6","1381638"
"chr3","109731899","109732212","chr3","108350671","108350984","5","1381228"
"chr3","109857136","109857428","chr3","108467969","108468264","7","1389167"
"chr3","109881760","109881883","chr3","108491960","108492083","2","1389800"
"chr3","109967677","109967977","chr3","108577618","108577918","6","1390059"
"chr3","110123087","110123333","chr3","108717342","108717613","29","1405745"
"chr3","110155719","110156023","chr3","108748423","108748723","13","1407296"
"chr3","110177159","110177463","chr3","108748423","108748723","13","1428736"
"chr3","110260060","110260343","chr3","108829302","108829586","4","1430758"
"chr3","110293020","110293325","chr11","122708292","122708593","35","12415272"
"chr3","110387718","110388013","chr3","108955312","108955621","17","1432406"
"chr3","110406331","110406649","chr5","171991834","171992144","55","61585503"
"chr3","110458850","110459165","chr3","109025367","109025678","7","1433483"
"chr3","110472417","110472707","chr3","109038925","109039215","8","1433492"
"chr3","110502288","110502584","chr3","109068874","109069172","10","1433414"
"chr3","110534170","110534461","chr3","109099962","109100253","4","1434208"
"chr3","110539557","110539811","chr3","109107915","109108197","40","1431642"
"chr3","110542146","110542423","chr3","109107915","109108197","17","1434231"
"chr3","110544811","110545095","chr3","109107915","109108197","10","1436896"
"chr3","110574841","110575151","chr3","109133522","109133832","11","1441319"
"chr3","110599991","110600300","chr17","5519849","5520154","42","105080142"
"chr3","110604488","110604779","chr5","132045312","132045608","45","21440824"
"chr3","110608455","110608746","chr3","109165520","109165804","36","1442935"
"chr3","110652184","110652498","chr3","109211045","109211350","14","1441139"
"chr3","110662788","110663088","chr3","109221669","109221964","14","1441119"
"chr3","110674725","110675029","chr17","2465911","2466212","33","108208814"
"chr3","110708006","110708252","chr3","109266544","109266790","6","1441462"
"chr3","110716920","110717223","chr3","109275438","109275770","35","1441482"
"chr3","110742588","110742894","chr7","135809466","135809753","65","25066878"
"chr3","110745217","110745481","chr7","156987824","156988088","29","46242607"
"chr3","110753712","110753931","chr7","4284022","4284231","38","106469690"
"chr3","110755846","110756129","chr3","109312061","109312348","8","1443785"
"chr3","110774624","110774912","chr3","109331005","109331288","13","1443619"
"chr3","110776739","110777047","chr3","109333060","109333379","16","1443679"
"chr3","110779374","110779592","chr1","223744579","223744797","43","112965205"
"chr3","110779734","110780058","chr3","109335871","109336192","10","1443863"
"chr3","110782789","110783088","chr3","109338910","109339217","32","1443879"
"chr3","110786159","110786455","chr3","109342269","109342560","9","1443890"
"chr3","110808743","110809029","chr19","38043058","38043351","39","72765685"
"chr3","110813172","110813430","chr3","109374659","109374918","2","1438513"
"chr3","110816973","110817265","chr3","109378078","109378369","9","1438895"
"chr3","110819479","110819665","chr3","109380590","109380788","18","1438889"
"chr3","110819979","110820107","chr3","109381098","109381226","1","1438881"
"chr3","110837006","110837310","chr3","109395966","109396268","9","1441040"
"chr3","110839341","110839577","chr10","16312276","16312508","45","94527065"
"chr3","110859295","110859599","chr3","109410917","109411217","10","1448378"
"chr3","110862127","110862418","chr3","109413755","109414046","4","1448372"
"chr3","110865321","110865628","chr3","109416939","109417244","7","1448382"
"chr3","110939135","110939425","chr3","109488392","109488682","7","1450743"
"chr3","110941367","110941657","chr3","109490626","109490915","13","1450741"
"chr3","110997023","110997320","chr3","109545505","109545806","10","1451518"
"chr3","111073839","111074133","chr3","109620032","109620326","8","1453807"
"chr3","111260833","111261118","chr4","580416","580706","53","110680417"
"chr3","111319383","111319693","chr3","109844096","109844403","8","1475287"
"chr3","111338172","111338474","chr3","109863118","109863423","8","1475054"
"chr3","111415941","111415964","chr5","62502784","62502808","4","48913157"
"chr3","111416033","111416309","chr3","109930168","109930447","5","1485865"
"chr3","111446058","111446354","chr3","109959760","109960057","5","1486298"
"chr3","111480404","111480700","chr3","109994804","109995098","14","1485600"
"chr3","111532351","111532662","chr3","110046118","110046429","6","1486233"
"chr3","111537509","111537883","chr18","4512121","4512479","90","107025388"
"chr3","111547358","111547665","chr3","110061110","110061404","18","1486248"
"chr3","111765717","111766021","chr3","110285068","110285343","37","1480649"
"chr3","111768702","111769015","chr3","110288025","110288336","6","1480677"
"chr3","111769170","111769467","chr3","110288491","110288786","14","1480679"
"chr3","112005213","112005518","chr3","110529648","110529953","6","1475565"
"chr3","112098000","112098309","chr3","110622158","110622464","7","1475842"
"chr3","112186531","112186820","chr3","110710225","110710515","8","1476306"
"chr3","112192030","112192327","chr3","110715734","110716041","18","1476296"
"chr3","112405605","112405896","chr3","110924651","110924949","13","1480954"
"chr3","112571876","112572178","chr7","6192530","6192832","35","106379346"
"chr3","112589609","112589909","chr3","111105131","111105432","7","1484478"
"chr3","112612013","112612313","chr20","31978854","31979149","50","80633159"
"chr3","112676408","112676708","chr3","111191831","111192131","7","1484577"
"chr3","112954827","112955078","chr3","111463691","111463944","8","1491136"
"chr3","112978788","112979091","chr3","111487528","111487824","18","1491260"
"chr3","113077146","113077442","chr3","111595880","111596181","10","1481266"
"chr3","113186025","113186322","chr3","111704818","111705116","6","1481207"
"chr3","113306109","113306412","chr2","85267059","85267353","64","28039050"
"chr3","113377080","113377229","chr5","142305586","142305736","18","28928506"
"chr3","113405913","113406208","chr3","111905358","111905651","7","1500555"
"chr3","113415966","113416270","chr3","111915421","111915725","1","1500545"
"chr3","113560705","113561018","chr11","112038563","112038870","39","1522142"
"chr3","113720066","113720371","chr3","112219575","112219880","5","1500491"
"chr3","113726960","113727241","chr3","112226440","112226721","5","1500520"
"chr3","113758990","113759322","chr3","112258427","112258759","6","1500563"
"chr3","113785821","113786114","chr3","112285247","112285540","3","1500574"
"chr3","113793536","113793824","chr3","112292987","112293278","5","1500549"
"chr3","113906394","113906694","chr1","58541029","58541323","47","55365365"
"chr3","113913621","113913921","chr3","112433135","112433437","10","1480486"
"chr3","113935516","113935818","chr17","73094936","73095239","8","40840580"
"chr3","113956588","113956877","chr3","112472415","112472706","8","1484173"
"chr3","113977802","113978088","chr3","112493515","112493801","3","1484287"
"chr3","113982196","113982295","chr1","41353504","41353604","11","72628692"
"chr3","113998877","113999177","chr3","112513739","112514039","2","1485138"
"chr3","114007448","114007728","chr3","112522327","112522607","1","1485121"
"chr3","114049911","114050202","chr3","112565498","112565790","4","1484413"
"chr3","114051717","114052014","chr3","112567312","112567603","11","1484405"
"chr3","114101141","114101450","chr3","112606399","112606723","20","1494742"
"chr3","114121143","114121295","chr3","112622669","112622822","5","1498474"
"chr3","114121328","114121453","chr3","112622848","112622975","2","1498480"
"chr3","114125018","114125330","chr3","185748882","185749192","44","71623864"
"chr3","114167971","114168210","chr3","112671253","112671493","2","1496718"
"chr3","114209139","114209423","chr12","51314064","51314347","34","62895075"
"chr3","114242286","114242593","chr3","11748912","11749211","42","102493374"
"chr3","114259054","114259353","chr15","51949418","51949716","41","62309636"
"chr3","114268835","114269130","chr2","59751436","59751732","36","54517399"
"chr3","114302798","114303110","chr3","112798527","112798839","3","1504271"
"chr3","114396544","114396840","chrX","71229112","71229404","40","43167432"
"chr3","114512565","114512885","chr5","172180509","172180821","57","57667944"
"chr3","114563567","114563867","chr3","113047771","113048078","12","1515796"
"chr3","114575993","114576295","chr3","113058791","113059093","5","1517202"
"chr3","114694186","114694488","chr3","113173833","113174139","13","1520353"
"chr3","114859081","114859372","chr3","113337981","113338284","16","1521100"
"chr3","114863163","114863466","chr3","113342059","113342362","2","1521104"
"chr3","114864143","114864443","chr3","113343052","113343362","14","1521091"
"chr3","114897168","114897468","chr6_GL000250v2_alt","2314193","2314494","44","112582975"
"chr3","114965485","114965783","chr3","113444219","113444520","8","1521266"
"chr3","114973661","114973954","chr3","113452402","113452695","4","1521259"
"chr3","114989616","114989921","chr9","127475734","127476036","48","12486118"
"chr3","115023216","115023509","chr3","113519828","113520123","11","1503388"
"chr3","115029198","115029491","chr7","73736239","73736539","38","41292959"
"chr3","115034170","115034463","chr7","73736239","73736539","34","41297931"
"chr3","115048759","115049077","chr3","197813511","197813830","42","82764752"
"chr3","115066271","115066587","chr1","164401334","164401640","55","49335063"
"chr3","115072109","115072412","chr3","113565250","113565541","18","1506859"
"chr3","115106866","115107153","chr3","113600028","113600315","8","1506838"
"chr3","115143430","115143729","chr3","113636123","113636422","2","1507307"
"chr3","115145117","115145201","chr3","113637794","113637878","1","1507323"
"chr3","115154622","115154944","chr3","113647345","113647667","4","1507277"
"chr3","115169105","115169409","chr3","113661842","113662146","4","1507263"
"chr3","115174096","115174372","chr3","113667608","113667865","20","1506488"
"chr3","115186308","115186605","chr5","58235869","58236167","28","56950439"
"chr3","115191320","115191603","chr10","32080333","32080621","48","83110987"
"chr3","115201600","115201900","chr3","113690906","113691206","3","1510694"
"chr3","115219401","115219699","chr1","26109125","26109422","43","89110276"
"chr3","115240155","115240470","chr3","113728976","113729289","8","1511179"
"chr3","115240733","115241066","chr3","113729534","113729856","21","1511199"
"chr3","115241235","115241518","chr3","113730018","113730304","8","1511217"
"chr3","115255479","115255791","chr14","91962737","91963042","48","23292742"
"chr3","115276973","115277207","chr17","62648122","62648348","36","52628851"
"chr3","115285813","115286120","chr3","113774534","113774839","7","1511279"
"chr3","115297055","115297362","chr21","26193552","26193859","83","89103503"
"chr3","115298139","115298456","chr3","129634783","129635095","48","14336644"
"chr3","115325137","115325400","chr19","12286669","12286947","47","103038468"
"chr3","115326327","115326638","chr3","113814511","113814822","5","1511816"
"chr3","115332531","115332831","chr4","82841142","82841439","40","32491389"
"chr3","115355347","115355612","chr3","113843491","113843756","4","1511856"
"chr3","115367223","115367511","chr3","113855898","113856186","5","1511325"
"chr3","115367834","115367847","chrX","125773550","125773564","2","10405716"
"chr3","115367891","115368181","chr3","113856546","113856837","7","1511345"
"chr3","115368188","115368479","chr3","113856844","113857138","9","1511344"
"chr3","115389467","115389763","chr6","136672720","136673017","42","21283253"
"chr3","115417392","115417690","chr3","113900077","113900363","15","1517315"
"chr3","115420521","115420809","chr14","64567663","64567953","50","50852858"
"chr3","115448495","115448783","chr14","64567663","64567953","50","50880832"
"chr3","115509216","115509396","chr3","113977094","113977274","6","1532122"
"chr3","115525693","115526005","chr3","113993598","113993910","3","1532095"
"chr3","115538272","115538567","chr3","114006167","114006462","8","1532105"
"chr3","115579605","115579898","chr3","114047695","114047987","4","1531910"
"chr3","115607400","115607701","chr3","114075505","114075802","11","1531895"
"chr3","115629848","115630160","chr3","114098827","114099140","7","1531021"
"chr3","115638979","115639259","chr3","114107988","114108264","12","1530991"
"chr3","115642745","115643046","chr3","114111779","114112080","8","1530966"
"chr3","115643977","115644287","chr3","114113009","114113322","13","1530968"
"chr3","115657936","115658242","chr3","114125811","114126117","4","1532125"
"chr3","115720786","115721094","chr3","114188202","114188511","17","1532584"
"chr3","115730178","115730386","chr3","114198228","114198436","2","1531950"
"chr3","115795827","115796126","chr3","114262643","114262942","5","1533184"
"chr3","115903084","115903379","chr3","114364170","114364465","3","1538914"
"chr3","116058926","116059219","chr3","114524720","114525013","7","1534206"
"chr3","116117458","116117755","chr12","122410459","122410758","43","6293001"
"chr3","116228040","116228351","chr3","114687948","114688259","4","1540092"
"chr3","116341207","116341501","chr3","114769777","114770071","4","1571430"
"chr3","116384905","116385208","chr3","53814660","53814959","45","62570245"
"chr3","116528874","116529185","chr3","114958566","114958879","9","1570308"
"chr3","116607361","116607640","chr3","115037303","115037583","6","1570058"
"chr3","116649629","116649915","chr2","26714604","26714886","37","89935025"
"chr3","116720834","116721146","chr3","115149228","115149540","7","1571606"
"chr3","116740685","116740995","chr3","115169128","115169438","9","1571557"
"chr3","116804610","116804920","chr3","115231902","115232212","9","1572708"
"chr3","116834329","116834630","chr3","115258622","115258923","5","1575707"
"chr3","116950787","116951087","chr4","67732460","67732758","37","49218327"
"chr3","116955021","116955323","chr3","115346275","115346569","15","1608746"
"chr3","116978761","116979056","chr3","115370036","115370332","5","1608725"
"chr3","117157643","117157950","chr3","115521533","115521840","4","1636110"
"chr3","117213292","117213587","chr4","70767686","70767978","37","46445606"
"chr3","117267343","117267631","chr3","115631620","115631907","5","1635723"
"chr3","117289919","117290227","chr3","115653158","115653466","8","1636761"
"chr3","117323344","117323657","chr3","115688032","115688318","28","1635312"
"chr3","117332127","117332436","chr3","155826105","155826404","50","38493978"
"chr3","117361165","117361470","chr3","115726156","115726453","13","1635009"
"chr3","117401989","117402288","chr3","115762722","115763014","8","1639267"
"chr3","117491887","117492144","chr3","115848186","115848443","1","1643701"
"chr3","117499758","117500000","chr4","76170576","76170819","35","41329182"
"chr3","117521878","117522182","chr3","115878454","115878753","17","1643424"
"chr3","117543681","117543969","chr3","115900234","115900534","18","1643447"
"chr3","117654110","117654414","chr3","116009912","116010216","4","1644198"
"chr3","117655379","117655428","chr2","35177024","35177069","17","82478355"
"chr3","117706494","117706792","chr3","116062227","116062524","5","1644267"
"chr3","117744411","117744687","chr3","116100103","116100379","3","1644308"
"chr3","117771815","117772125","chr3","45866866","45867171","37","71904949"
"chr3","117847290","117847595","chr3","116202124","116202433","8","1645166"
"chr3","117860602","117860737","chr1","11268459","11268594","14","106592143"
"chr3","117992269","117992568","chr3","116346321","116346620","6","1645948"
"chr3","118064554","118064868","chr3","116420585","116420887","16","1643969"
"chr3","118221188","118221478","chr3","116558891","116559180","5","1662297"
"chr3","118292250","118292546","chr3","116629869","116630165","7","1662381"
"chr3","118344400","118344656","chr3","116684505","116684758","5","1659895"
"chr3","118410564","118410836","chr3","116751219","116751492","8","1659345"
"chr3","118701883","118702191","chr3","117037711","117038024","32","1664172"
"chr3","118703077","118703375","chr2","20372491","20372784","43","98330586"
"chr3","118738305","118738611","chr2","64333929","64334231","48","54404376"
"chr3","118838433","118838688","chr3","117158814","117159054","25","1679619"
"chr3","118850212","118850522","chr20","34722099","34722410","38","84128113"
"chr3","118991089","118991383","chr3","117309440","117309722","13","1681649"
"chr3","119001285","119001580","chr3","117319952","117320247","4","1681333"
"chr3","119056044","119056355","chr3","117374666","117374977","12","1681378"
"chr3","119057878","119058177","chr3","117376500","117376806","13","1681378"
"chr3","119146932","119147240","chr5","94610139","94610456","36","24536793"
"chr3","119163608","119163913","chr3","117482402","117482709","8","1681206"
"chr3","119196172","119196457","chr3","117515149","117515438","6","1681023"
"chr3","119241174","119241461","chr3","117559679","117559975","28","1681495"
"chr3","119251951","119252248","chr3","117570473","117570770","2","1681478"
"chr3","119253059","119253334","chr3","117571581","117571852","21","1681478"
"chr3","119325273","119325562","chr3","117642441","117642732","11","1682832"
"chr3","119394441","119394747","chr3","117711061","117711367","9","1683380"
"chr3","119477979","119478271","chr3","117794820","117795128","20","1683159"
"chr3","119562825","119563132","chr3","117879900","117880207","3","1682925"
"chr3","119797289","119797564","chr9","64033919","64034199","51","55763370"
"chr3","119860988","119861289","chr3","118175065","118175354","22","1685923"
"chr3","119920254","119920564","chr3","118233960","118234264","12","1686294"
"chr3","119936487","119936796","chr3","118250288","118250588","17","1686199"
"chr3","120035234","120035528","chr3","118367763","118368063","13","1667471"
"chr3","120102201","120102493","chr3","118430885","118431188","13","1671316"
"chr3","120140924","120141199","chr3","118466431","118466706","5","1674493"
"chr3","120304933","120305046","chr3","118631754","118631866","4","1673179"
"chr3","120540602","120540893","chr3","118869093","118869388","10","1671509"
"chr3","120644529","120644826","chr3","118981164","118981461","6","1663365"
"chr3","120686810","120687099","chr9","275601","275888","38","120411209"
"chr3","120801652","120801945","chr3","119138403","119138696","5","1663249"
"chr3","120888402","120888739","chr3","119225383","119225714","19","1663019"
"chr3","120897119","120897415","chr3","119237985","119238283","23","1659134"
"chr3","120900990","120901235","chr4","76170576","76170819","26","44730414"
"chr3","120901246","120901491","chr4","76170576","76170819","26","44730670"
"chr3","120905066","120905362","chr3","119237985","119238283","23","1667081"
"chr3","120913742","120914079","chr3","119225383","119225714","19","1688359"
"chr3","120942488","120942799","chr1","202831726","202832034","50","81889238"
"chr3","120955732","120956033","chr3","119277302","119277590","16","1678430"
"chr3","120985313","120985605","chr3","119306273","119306565","5","1679040"
"chr3","121058566","121058789","chr3","119376207","119376430","3","1682359"
"chr3","121092072","121092354","chr3","119412742","119413024","3","1679330"
"chr3","121115499","121115781","chr3","119412742","119413024","3","1702757"
"chr3","121139565","121139855","chr2","53977980","53978281","41","67161585"
"chr3","121188801","121188933","chr10","8029224","8029359","14","113159577"
"chr3","121201650","121201954","chr3","119487306","119487620","15","1714344"
"chr3","121223243","121223534","chr3","119508924","119509215","5","1714319"
"chr3","121225514","121225822","chr3","119511196","119511504","6","1714318"
"chr3","121229228","121229555","chr3","119514908","119515234","5","1714320"
"chr3","121235598","121235863","chr3","119521273","119521538","5","1714325"
"chr3","121243277","121243570","chr3","119528956","119529249","6","1714321"
"chr3","121255121","121255415","chr3","119540767","119541062","7","1714354"
"chr3","121257812","121258076","chr3","119543463","119543725","4","1714349"
"chr3","121258236","121258532","chr3","119543885","119544187","10","1714351"
"chr3","121287578","121287883","chr3","119573121","119573422","8","1714457"
"chr3","121414279","121414584","chr3","119695129","119695422","24","1719150"
"chr3","121506716","121507014","chr15","51949418","51949716","35","69557298"
"chr3","121540072","121540359","chr3","119820352","119820641","6","1719720"
"chr3","121553421","121553719","chr16","3287970","3288266","41","118265451"
"chr3","121621684","121621975","chr3","119902404","119902695","7","1719280"
"chr3","121628302","121628579","chr3","119909010","119909310","24","1719292"
"chr3","121641067","121641338","chr3","119921856","119922127","2","1719211"
"chr3","121644309","121644587","chr19","46577331","46577617","47","75066978"
"chr3","121679739","121680056","chr3","119959507","119959851","32","1720232"
"chr3","121715610","121715907","chr2","24540461","24540758","32","97175149"
"chr3","121746426","121746716","chr3","120026569","120026857","3","1719857"
"chr3","121746953","121747255","chr3","120027093","120027394","8","1719860"
"chr3","121766508","121766813","chr3","120046605","120046910","6","1719903"
"chr3","121776256","121776548","chr3","120056346","120056638","5","1719910"
"chr3","121783658","121783904","chr10","16312276","16312508","45","105471382"
"chr3","121788324","121788617","chr3","120068420","120068721","12","1719904"
"chr3","121792164","121792473","chr3","120072276","120072585","4","1719888"
"chr3","121800100","121800397","chr15","51949418","51949716","36","69850682"
"chr3","121826934","121827194","chr3","120106942","120107202","2","1719992"
"chr3","121844810","121845096","chrX","18956042","18956328","46","102888768"
"chr3","121845187","121845465","chr3","120124849","120125127","3","1720338"
"chr3","121851087","121851373","chr3","120131904","120132190","3","1719183"
"chr3","121852250","121852573","chr3","120133067","120133390","4","1719183"
"chr3","121857447","121857739","chr3","120138261","120138554","3","1719186"
"chr3","121871835","121872128","chrX","48649948","48650238","51","73221887"
"chr3","121889719","121890028","chr19","23227273","23227580","42","98662446"
"chr3","121896604","121896872","chr3","120179346","120179614","4","1717258"
"chr3","121901403","121901697","chr3","120184150","120184447","6","1717253"
"chr3","121903062","121903364","chr3","120185811","120186105","9","1717251"
"chr3","121925603","121925886","chr3","120207765","120208052","13","1717838"
"chr3","121946906","121947032","chr3","120228987","120229113","3","1717919"
"chr3","121977964","121978267","chr3","120259664","120259964","9","1718300"
"chr3","121980318","121980629","chr3","120262003","120262317","8","1718315"
"chr3","121991940","121992124","chr3","120273636","120273818","3","1718304"
"chr3","121992720","121992846","chr3","120274415","120274541","3","1718305"
"chr3","122012206","122012286","chr3","120293848","120293934","7","1718358"
"chr3","122035032","122035285","chr3","120316604","120316857","3","1718428"
"chr3","122076646","122076953","chr3","120345971","120346284","12","1730675"
"chr3","122090181","122090492","chr3","120359852","120360155","12","1730329"
"chr3","122125922","122126216","chr3","120422699","120422994","12","1703223"
"chr3","122131810","122132106","chr5","173394233","173394526","41","51262423"
"chr3","122160347","122160636","chr3","120456673","120456958","7","1703674"
"chr3","122184573","122184723","chr3","120480324","120480473","4","1704249"
"chr3","122235226","122235516","chr3","120530502","120530794","9","1704724"
"chr3","122240652","122240957","chr3","120535899","120536203","5","1704753"
"chr3","122256127","122256262","chr3","120551367","120551502","3","1704760"
"chr3","122256263","122256558","chr3","120551503","120551803","8","1704760"
"chr3","122324243","122324541","chr3","120610788","120611082","9","1713455"
"chr3","122349807","122350115","chr1","205653828","205654141","54","83304021"
"chr3","122411852","122412122","chr3","120687820","120688090","9","1724032"
"chr3","122479827","122480135","chr3","120756644","120756953","4","1723183"
"chr3","122481063","122481348","chr3","120757880","120758167","5","1723183"
"chr3","122501048","122501332","chr3","120777739","120778023","2","1723309"
"chr3","122526059","122526374","chr3","120802858","120803174","7","1723201"
"chr3","122542516","122542808","chr3","120819358","120819652","7","1723158"
"chr3","122721103","122721359","chr3","120999073","120999329","6","1722030"
"chr3","122870289","122870585","chr19","38045096","38045390","35","84825193"
"chr3","122895904","122896194","chr4","70767686","70767978","40","52128218"
"chr3","122901471","122901759","chr3","128127715","128128001","41","5226244"
"chr3","123041808","123042100","chr10","22082594","22082879","46","100959214"
"chr3","123051995","123052287","chr3","121310627","121310919","2","1741368"
"chr3","123079848","123080070","chr3","121338362","121338584","2","1741486"
"chr3","123146678","123146950","chr3","121434871","121435176","40","1711807"
"chr3","123156980","123157256","chr8","73738974","73739252","37","49418006"
"chr3","123179380","123179673","chr1","35695006","35695297","53","87484374"
"chr3","123184579","123184744","chr3","121472942","121473107","2","1711637"
"chr3","123198121","123198416","chr3","121486582","121486885","12","1711539"
"chr3","123198462","123198472","chr2","125546904","125546914","1","2348442"
"chr3","123211502","123211796","chr3","121497442","121497736","3","1714060"
"chr3","123215935","123216214","chr3","121502224","121502503","2","1713711"
"chr3","123246050","123246335","chr3","121544074","121544358","3","1701976"
"chr3","123249672","123249910","chr16","24307164","24307410","36","98942508"
"chr3","123250454","123250693","chr3","121548391","121548630","3","1702063"
"chr3","123251518","123251819","chr12","123443454","123443767","150","191936"
"chr3","123253809","123254095","chr3","121551744","121552038","13","1702065"
"chr3","123255563","123255829","chr3","121553504","121553770","4","1702059"
"chr3","123256846","123257141","chr3","121556761","121557058","4","1700085"
"chr3","123257883","123258173","chr6","154115263","154115551","49","30857380"
"chr3","123263508","123263810","chr3","121569363","121569665","9","1694145"
"chr3","123269743","123270042","chr3","121575632","121575928","6","1694111"
"chr3","123271377","123271680","chr3","121577261","121577557","12","1694116"
"chr3","123271934","123272208","chr3","121577811","121578085","3","1694123"
"chr3","123278986","123279288","chr3","121587057","121587351","18","1691929"
"chr3","123281336","123281614","chr3","121589398","121589675","7","1691938"
"chr3","123285798","123286105","chr3","121593871","121594167","14","1691927"
"chr3","123286150","123286433","chr3","121594212","121594497","4","1691938"
"chr3","123297047","123297319","chr3","121604935","121605231","29","1692112"
"chr3","123302716","123302986","chr3","121610636","121610903","8","1692080"
"chr3","123305925","123306060","chr3","121613851","121613986","1","1692074"
"chr3","123306372","123306545","chr3","121614293","121614463","6","1692079"
"chr3","123309804","123310105","chr3","121617718","121618004","16","1692086"
"chr3","123327735","123327997","chr3","121635297","121635567","15","1692438"
"chr3","123340922","123341204","chr3","121649252","121649534","3","1691670"
"chr3","123344034","123344331","chr3","121652382","121652671","12","1691652"
"chr3","123349186","123349500","chr3","121657534","121657853","11","1691652"
"chr3","123383036","123383338","chr3","121686992","121687283","15","1696044"
"chr3","123431072","123431370","chr3","121736621","121736923","8","1694451"
"chr3","123529156","123529436","chr3","121829925","121830207","5","1699231"
"chr3","123531579","123531881","chr3","121832328","121832626","8","1699251"
"chr3","123539517","123539652","chr3","121841592","121841727","0","1697925"
"chr3","123539959","123540112","chr3","121842034","121842189","6","1697925"
"chr3","123551997","123552307","chr3","121854034","121854334","12","1697963"
"chr3","123565340","123565650","chr3","121866444","121866753","9","1698896"
"chr3","123567222","123567529","chr3","121868317","121868618","9","1698905"
"chr3","123600015","123600307","chr3","121901025","121901315","7","1698990"
"chr3","123608051","123608337","chr3","121909076","121909362","3","1698975"
"chr3","123649978","123650280","chr3","121949814","121950129","16","1700164"
"chr3","123652899","123653158","chr3","121952749","121953008","5","1700150"
"chr3","123728822","123728927","chr4","174510834","174510940","12","50782012"
"chr3","123747300","123747600","chr3","122052569","122052868","2","1694731"
"chr3","123758347","123758605","chr3","122063593","122063850","17","1694754"
"chr3","123861310","123861616","chr3","122159619","122159931","10","1701691"
"chr3","123865884","123866148","chr3","122166461","122166723","4","1699423"
"chr3","123892614","123892915","chr10","31269327","31269630","37","92623287"
"chr3","123931621","123931923","chr3","122229581","122229883","3","1702040"
"chr3","123971961","123972256","chr3","122269846","122270141","4","1702115"
"chr3","123993577","123993871","chr3","122291891","122292185","6","1701686"
"chr3","124006267","124006576","chr1","10252030","10252339","56","113754237"
"chr3","124060147","124060443","chr3","122352381","122352679","9","1707766"
"chr3","124062359","124062672","chr3","122354595","122354908","9","1707764"
"chr3","124125251","124125543","chr3","122417097","122417384","12","1708154"
"chr3","124128635","124128933","chr12","123443454","123443767","84","685181"
"chr3","124138963","124139257","chr3","122431162","122431456","5","1707801"
"chr3","124212607","124212855","chr3","122505020","122505295","33","1707587"
"chr3","124227062","124227373","chr2","230535627","230535935","42","106308565"
"chr3","124227972","124228267","chr3","122520421","122520713","10","1707551"
"chr3","124264459","124264726","chr13","47045932","47046186","63","77218527"
"chr3","124268738","124269019","chr3","122572593","122572874","6","1696145"
"chr3","124282178","124282459","chr3","122572593","122572874","6","1709585"
"chr3","124289273","124289556","chr3","122579697","122579980","5","1709576"
"chr3","124315902","124316038","chr3","122604436","122604572","2","1711466"
"chr3","124316344","124316524","chr3","122604879","122605064","9","1711465"
"chr3","124327961","124328232","chr3","122616328","122616605","12","1711633"
"chr3","124335479","124335790","chr7","73640495","73640806","50","50694984"
"chr3","124340825","124341076","chr8","61798411","61798662","52","62542414"
"chr3","124355119","124355393","chr14","24281927","24282206","50","100073192"
"chr3","124356031","124356293","chr3","122644294","122644540","21","1711737"
"chr3","124357376","124357658","chr3","122645596","122645878","4","1711780"
"chr3","124374228","124374497","chr4","148505881","148506149","37","24131653"
"chr3","124374548","124374559","chr3","136600839","136600849","2","12226291"
"chr3","124411010","124411308","chr3","122690513","122690811","7","1720497"
"chr3","124432601","124432902","chr3","122712241","122712547","14","1720360"
"chr3","124485194","124485505","chr3","122765299","122765610","5","1719895"
"chr3","124506686","124506991","chr3","122789862","122790159","13","1716824"
"chr3","124535512","124535820","chr3","122818664","122818961","17","1716848"
"chr3","124570390","124570686","chr3","122853477","122853773","2","1716913"
"chr3","124587486","124587773","chr3","122870527","122870815","9","1716959"
"chr3","124590132","124590428","chr3","122873184","122873479","7","1716948"
"chr3","124598101","124598383","chr3","122881147","122881424","7","1716954"
"chr3","124613691","124613998","chr3","122896712","122897020","7","1716979"
"chr3","124624988","124625291","chr2","158826510","158826814","54","34201522"
"chr3","124684576","124684882","chr3","122963215","122963522","4","1721361"
"chr3","124698079","124698374","chr3","122976768","122977063","5","1721311"
"chr3","124830437","124830740","chr3","123108282","123108579","9","1722155"
"chr3","124868862","124869169","chr1","147530898","147531210","41","22662036"
"chr3","124947042","124947348","chr3","123221189","123221494","3","1725853"
"chr3","124976078","124976286","chr7","131990458","131990670","27","7014380"
"chr3","125000709","125001001","chr3","123273525","123273818","5","1727184"
"chr3","125061673","125061956","chr3","123334469","123334764","20","1727204"
"chr3","125095509","125095800","chr3","123368314","123368602","13","1727195"
"chr3","125141268","125141579","chr3","123414565","123414857","25","1726703"
"chr3","125182901","125183196","chr3","123456102","123456397","6","1726799"
"chr3","125185363","125185659","chrX","151613990","151614284","44","26428627"
"chr3","125191934","125192066","chr3","123465126","123465257","4","1726808"
"chr3","125211336","125211630","chr3","123484885","123485179","6","1726451"
"chr3","125213703","125213994","chr3","123487258","123487549","4","1726445"
"chr3","125243961","125244256","chr8","39912126","39912419","46","85331835"
"chr3","125245727","125246028","chr3","123515758","123516059","1","1729969"
"chr3","125270126","125270429","chr3","123539289","123539592","6","1730837"
"chr3","125275745","125276056","chr3","123545200","123545486","33","1730545"
"chr3","125276237","125276538","chr3","123545716","123546009","11","1730521"
"chr3","125333714","125334017","chr3","123603035","123603338","3","1730679"
"chr3","125376858","125377142","chr3","123645862","123646146","5","1730996"
"chr3","125398281","125398589","chr3","123667320","123667632","13","1730961"
"chr3","125472279","125472561","chr3","123736951","123737237","14","1735328"
"chr3","125551065","125551357","chr3","123813517","123813808","6","1737548"
"chr3","125558249","125558550","chr3","123820726","123821027","10","1737523"
"chr3","125571580","125571862","chr3","123834063","123834345","2","1737517"
"chr3","125627610","125627909","chr3","123889129","123889423","13","1738481"
"chr3","125654768","125655079","chr3","123915997","123916298","16","1738771"
"chr3","125708564","125708842","chr3","123969327","123969605","7","1739237"
"chr3","125723347","125723629","chr1","45396100","45396395","51","80327247"
"chr3","125847973","125848276","chr3","124112022","124112324","5","1735951"
"chr3","125856759","125857052","chr3","124120831","124121118","14","1735928"
"chr3","125882495","125882796","chr3","124146596","124146904","9","1735899"
"chr3","125902654","125902937","chr3","124166757","124167048","11","1735897"
"chr3","125910077","125910374","chr1","37768404","37768698","39","88141673"
"chr3","125996782","125997098","chr19","44895530","44895846","6","81101252"
"chr3","125998067","125998372","chr19","44894260","44894561","8","81103807"
"chr3","126001990","126002111","chr3","124261056","124261177","3","1740934"
"chr3","126006773","126007083","chr3","124265829","124266139","3","1740944"
"chr3","126060914","126061196","chr3","124319711","124319995","9","1741203"
"chr3","126096834","126097136","chr3","124355710","124356014","5","1741124"
"chr3","126154308","126154598","chr2","218289360","218289646","43","92135052"
"chr3","126224646","126224948","chr3","124484822","124485123","2","1739824"
"chr3","126225423","126225718","chr3","124485598","124485893","5","1739825"
"chr3","126248996","126249293","chr3","124509210","124509507","2","1739786"
"chr3","126266083","126266394","chr1","22834643","22834954","50","103431440"
"chr3","126272339","126272638","chr3","124532524","124532823","2","1739815"
"chr3","126280977","126281278","chr3","124541169","124541479","10","1739808"
"chr3","126281404","126281699","chr3","124541605","124541899","10","1739799"
"chr3","126297881","126298179","chr3","124558281","124558578","8","1739600"
"chr3","126311479","126311790","chr3","124572041","124572354","7","1739438"
"chr3","126327885","126328176","chr3","124588434","124588725","7","1739451"
"chr3","126344735","126345032","chr3","124605289","124605600","17","1739446"
"chr3","126347093","126347348","chr3","124607644","124607899","1","1739449"
"chr3","126421884","126422177","chr3","124681630","124681929","10","1740254"
"chr3","126481660","126481952","chr3","124735697","124735988","3","1745963"
"chr3","126485287","126485596","chr3","124739325","124739632","3","1745962"
"chr3","126520286","126520585","chr3","124772912","124773206","11","1747374"
"chr3","126625551","126625849","chr3","124877852","124878148","10","1747699"
"chr3","126637918","126638215","chr19","5769807","5770105","52","120868111"
"chr3","126643335","126643646","chr3","124908872","124909183","5","1734463"
"chr3","126675740","126676040","chr3","124940787","124941090","9","1734953"
"chr3","126677119","126677404","chr3","124942169","124942455","5","1734950"
"chr3","126683157","126683451","chr3","124948210","124948504","6","1734947"
"chr3","126683980","126684289","chr3","124949038","124949313","37","1734942"
"chr3","126693054","126693361","chr3","124958210","124958518","4","1734844"
"chr3","126711099","126711400","chr3","124976180","124976485","6","1734919"
"chr3","126720701","126720996","chr3","124985788","124986077","13","1734913"
"chr3","126725249","126725563","chr3","124990333","124990638","14","1734916"
"chr3","126726076","126726370","chr3","124991151","124991450","10","1734925"
"chr3","126743387","126743690","chr3","125007911","125008209","16","1735476"
"chr3","126752612","126752906","chr17","42241446","42241742","33","84511166"
"chr3","126785725","126786022","chr3","125050143","125050443","6","1735582"
"chr3","126807067","126807376","chr3","125071460","125071769","2","1735607"
"chr3","126814202","126814506","chr3","125078598","125078908","13","1735604"
"chr3","126851691","126851976","chr3","125114431","125114716","6","1737260"
"chr3","126868348","126868647","chr3","125131388","125131687","4","1736960"
"chr3","126875068","126875350","chr18","12772539","12772820","35","114102529"
"chr3","126895159","126895462","chr3","125158215","125158518","3","1736944"
"chr3","126909960","126910139","chrX","71275956","71276132","22","55634004"
"chr3","126930735","126930974","chr3","125180430","125180669","7","1750305"
"chr3","126989680","126989969","chr2","200788940","200789230","49","73799260"
"chr3","126990732","126991023","chr3","125238346","125238639","4","1752386"
"chr3","127007648","127007972","chr3","125255237","125255546","19","1752411"
"chr3","127012087","127012161","chr3","125259682","125259756","3","1752405"
"chr3","127060402","127060706","chr3","125307654","125307954","13","1752748"
"chr3","127103438","127103742","chr3","125350162","125350462","8","1753276"
"chr3","127106877","127107005","chr15","55365810","55365940","23","71741067"
"chr3","127114816","127115109","chr3","125361550","125361845","8","1753266"
"chr3","127116895","127117193","chr3","125363658","125363948","16","1753237"
"chr3","127125616","127125763","chr8","86157798","86157942","22","40967818"
"chr3","127147583","127147881","chr3","125412217","125412518","6","1735366"
"chr3","127153182","127153467","chr3","125417840","125418137","21","1735342"
"chr3","127159590","127159863","chr3","125423788","125424059","7","1735802"
"chr3","127160687","127160957","chr3","125424883","125425163","16","1735804"
"chr3","127202498","127202803","chr3","125465637","125465942","5","1736861"
"chr3","127211731","127212033","chr3","125473412","125473714","7","1738319"
"chr3","127216093","127216368","chr3","125478096","125478369","5","1737997"
"chr3","127217275","127217559","chr3","125479272","125479556","6","1738003"
"chr3","127223491","127223617","chr9","73444200","73444322","13","53779291"
"chr3","127227881","127228175","chr3","125489844","125490138","3","1738037"
"chr3","127241146","127241455","chr8","22661350","22661657","46","104579796"
"chr3","127243870","127244181","chr3","125504050","125504351","15","1739820"
"chr3","127256390","127256686","chr3","125516559","125516855","2","1739831"
"chr3","127265001","127265078","chr11","32055530","32055607","13","95209471"
"chr3","127277644","127277914","chr3","125533248","125533494","25","1744396"
"chr3","127278521","127278825","chr3","125534101","125534404","6","1744420"
"chr3","127279907","127280194","chr3","125535440","125535773","83","1744467"
"chr3","127281340","127281649","chr1","11315396","11315704","32","115965944"
"chr3","127288031","127288333","chr3","125543621","125543925","8","1744410"
"chr3","127288479","127288757","chr3","125544071","125544355","11","1744408"
"chr3","127294489","127294771","chr3","170135167","170135450","51","42840678"
"chr3","127301651","127301940","chr9","128612644","128612936","32","1310993"
"chr3","127303328","127303639","chr3","125557370","125557677","8","1745958"
"chr3","127305323","127305566","chr3","125559397","125559637","5","1745926"
"chr3","127305664","127305715","chr3","125559735","125559786","0","1745929"
"chr3","127305740","127305785","chr3","125559811","125559856","1","1745929"
"chr3","127306737","127306927","chr3","125560808","125560998","1","1745929"
"chr3","127306938","127307226","chr3","125561009","125561297","2","1745929"
"chr3","127324895","127325217","chr3","125578462","125578785","6","1746433"
"chr3","127329710","127330015","chr3","125583299","125583607","12","1746411"
"chr3","127334355","127334666","chr3","125587940","125588247","10","1746415"
"chr3","127336685","127336979","chr3","125590268","125590564","8","1746417"
"chr3","127339759","127340058","chr3","125593338","125593635","2","1746421"
"chr3","127342620","127342850","chr3","125596506","125596736","8","1746114"
"chr3","127347779","127348081","chr3","125601650","125601948","7","1746129"
"chr3","127357080","127357380","chr3","125610871","125611171","4","1746209"
"chr3","127360950","127361247","chr3","125614737","125615048","20","1746213"
"chr3","127368097","127368370","chr3","125621946","125622219","11","1746151"
"chr3","127382688","127382973","chr3","125636311","125636596","8","1746377"
"chr3","127385768","127386079","chr3","125639391","125639702","6","1746377"
"chr3","127388868","127389163","chr3","125642463","125642759","4","1746405"
"chr3","127389298","127389591","chr3","125642894","125643191","9","1746404"
"chr3","127413774","127414078","chr3","125665451","125665756","9","1748323"
"chr3","127424800","127425108","chr3","125676512","125676818","7","1748288"
"chr3","127454735","127455020","chr3","125705931","125706211","11","1748804"
"chr3","127457063","127457366","chr3","125708274","125708577","11","1748789"
"chr3","127478372","127478652","chr3","125705931","125706211","12","1772441"
"chr3","127539653","127539959","chr3","75560217","75560519","16","51979436"
"chr3","127540550","127540811","chr3","125787135","125787396","7","1753415"
"chr3","127574161","127574381","chr3","75519280","75519500","11","52054881"
"chr3","127581349","127581646","chr8","7160303","7160594","22","120421046"
"chr3","127584362","127584644","chr3","125826646","125826924","9","1757716"
"chr3","127596957","127597084","chr3","125830650","125830777","4","1766307"
"chr3","127613034","127613327","chr4","9078350","9078642","8","118534684"
"chr3","127621198","127621502","chr16","5148973","5149278","22","122472225"
"chr3","127648677","127648993","chr4","9646594","9646908","16","118002083"
"chr3","127658953","127659249","chr3","125878212","125878505","16","1780741"
"chr3","127659846","127660139","chr3","125878212","125878505","7","1781634"
"chr3","127663697","127664043","chr4","3987592","3987917","41","123676105"
"chr3","127685170","127685250","chr11","65938748","65938825","9","61746422"
"chr3","127712891","127713091","chrX","71275956","71276132","39","56436935"
"chr3","127769530","127769802","chr3","125982878","125983150","2","1786652"
"chr3","127798656","127798942","chr3","126010192","126010478","4","1788464"
"chr3","127801750","127802055","chr3","126013278","126013578","9","1788472"
"chr3","127865131","127865416","chr3","126077097","126077408","34","1788034"
"chr3","127887442","127887695","chr3","126099430","126099682","5","1788012"
"chr3","127903857","127904020","chr7","100510166","100510330","25","27393691"
"chr3","127904054","127904182","chr1","92356153","92356276","16","35547901"
"chr3","128196885","128197184","chr3","126403377","126403682","18","1793508"
"chr3","128342625","128342877","chr3","126548043","126548295","7","1794582"
"chr3","128402618","128402925","chr3","126608079","126608386","7","1794539"
"chr3","128460143","128460435","chr5","173394233","173394526","41","44934090"
"chr3","128506202","128506487","chr10","97016027","97016320","41","31490175"
"chr3","128509416","128509716","chr3","126699685","126699987","6","1809731"
"chr3","128546745","128547043","chr3","126737039","126737338","18","1809706"
"chr3","128579277","128579580","chr3","126769502","126769805","6","1809775"
"chr3","128743287","128743592","chr1","67088239","67088544","33","61655048"
"chr3","128750294","128750591","chr3","126936557","126936854","4","1813737"
"chr3","128764146","128764439","chr3","126950457","126950749","8","1813689"
"chr3","128794698","128794953","chr3","126980984","126981239","8","1813714"
"chr3","128907999","128908290","chr3","127093993","127094284","10","1814006"
"chr3","128908700","128909022","chr3","127094686","127095008","7","1814014"
"chr3","128946195","128946447","chr3","127132092","127132344","5","1814103"
"chr3","128975764","128976047","chr3","127163783","127164089","30","1811981"
"chr3","128998644","128998928","chr3","127186006","127186290","6","1812638"
"chr3","129101284","129101560","chr3","127289157","127289433","4","1812127"
"chr3","129132272","129132459","chr19","41138175","41138363","26","87994097"
"chr3","129323962","129324252","chr3","127507114","127507404","3","1816848"
"chr3","129347243","129347543","chr3","11748912","11749211","36","117598331"
"chr3","129369881","129370195","chr3","37818252","37818562","41","91551629"
"chr3","129374507","129374813","chr3","127557730","127558031","10","1816777"
"chr3","129399147","129399453","chr2","158826510","158826814","30","29427363"
"chr3","129403073","129403391","chr6","37812196","37812503","55","91590877"
"chr3","129413207","129413499","chr3","127596835","127597129","5","1816372"
"chr3","129452847","129453149","chrX","21832088","21832393","42","107620759"
"chr3","129456965","129457264","chr3","127640910","127641209","7","1816055"
"chr3","129460157","129460454","chr3","127644109","127644405","4","1816048"
"chr3","129477475","129477778","chr3","127661434","127661736","17","1816041"
"chr3","129582460","129582794","chr3","127758911","127759224","23","1823549"
"chr3","129590414","129590725","chr3","127766789","127767098","15","1823625"
"chr3","129641014","129641309","chr3","197790643","197790935","36","68149629"
"chr3","129662844","129663137","chr3","127839744","127840037","3","1823100"
"chr3","129665746","129666035","chr11","43949533","43949826","35","85716213"
"chr3","129673794","129674096","chr3","127850657","127850960","6","1823137"
"chr3","129690146","129690452","chr3","127864513","127864819","8","1825633"
"chr3","129692232","129692528","chr4","183538697","183538995","42","53846465"
"chr3","129717834","129718123","chr3","127883478","127883762","7","1834356"
"chr3","129770745","129771049","chr3","127936084","127936387","7","1834661"
"chr3","129780331","129780634","chr3","127945679","127945978","14","1834652"
"chr3","129815079","129815361","chr3","127980347","127980629","4","1834732"
"chr3","129838272","129838569","chr3","128003560","128003857","4","1834712"
"chr3","129844233","129844521","chr3","128009552","128009846","10","1834681"
"chr3","129850956","129851266","chr3","128016286","128016594","3","1834670"
"chr3","129864631","129864926","chr3","128029976","128030271","4","1834655"
"chr3","129876565","129876855","chr3","128041855","128042149","10","1834710"
"chr3","129883048","129883345","chr3","128048346","128048643","3","1834702"
"chr3","129966041","129966213","chr14","39286697","39286865","46","90679344"
"chr3","129986450","129986755","chr3","128127715","128128001","20","1858735"
"chr3","130005359","130005664","chr12","121178510","121178813","29","8826849"
"chr3","130048984","130049292","chr3","128181804","128182112","5","1867180"
"chr3","130064451","130064752","chr3","128197271","128197572","4","1867180"
"chr3","130101163","130101481","chr3","128234026","128234352","12","1867137"
"chr3","130103113","130103403","chr3","128235984","128236274","8","1867129"
"chr3","130417775","130417853","chr3","128510901","128510979","1","1906874"
"chr3","130515078","130515384","chr3","128592555","128592842","27","1922523"
"chr3","130518541","130518840","chr3","128596013","128596315","7","1922528"
"chr3","130528879","130529177","chr11","17188056","17188359","48","113340823"
"chr3","130543930","130544213","chr16","30016057","30016348","53","100527873"
"chr3","130553827","130553879","chr3","128631139","128631191","0","1922688"
"chr3","130554193","130554446","chr3","128631505","128631758","1","1922688"
"chr3","130556736","130557009","chr3","128634045","128634342","28","1922691"
"chr3","130600438","130600771","chr3","128678416","128678749","18","1922022"
"chr3","130601096","130601228","chr4","138061168","138061298","14","7460072"
"chr3","130609683","130609856","chr5","31862554","31862727","39","98747129"
"chr3","130610162","130610288","chr17","29442775","29442905","17","101167387"
"chr3","130631437","130631719","chr16","70612789","70613072","44","60018648"
"chr3","130633305","130633601","chr10","15392266","15392561","32","115241039"
"chr3","130636252","130636517","chr3","195300063","195300344","54","64663811"
"chr3","130645941","130646124","chr3","128716606","128716781","10","1929335"
"chr3","130646417","130646544","chr3","128717083","128717210","1","1929334"
"chr3","130667355","130667655","chr3","128745367","128745663","12","1921988"
"chr3","130669772","130670089","chr3","128747756","128748067","11","1922016"
"chr3","130688766","130688898","chr3","128766707","128766839","5","1922059"
"chr3","130692991","130693297","chr3","128770973","128771270","19","1922018"
"chr3","130701037","130701307","chr3","128777743","128778013","3","1923294"
"chr3","130708768","130709048","chr3","128785477","128785766","12","1923291"
"chr3","130712607","130712910","chr3","128789328","128789633","4","1923279"
"chr3","130715672","130715975","chr3","128792395","128792707","16","1923277"
"chr3","130740702","130740966","chr3","128817690","128817953","8","1923012"
"chr3","130799828","130800120","chr3","128876716","128877008","5","1923112"
"chr3","130810054","130810346","chr3","128886927","128887218","4","1923127"
"chr3","130811384","130811679","chr3","128888297","128888593","2","1923087"
"chr3","130820916","130821227","chr3","128897845","128898156","4","1923071"
"chr3","130853968","130854256","chr3","128930479","128930763","7","1923489"
"chr3","130854696","130854931","chr16","89329753","89329995","57","41524943"
"chr3","130858038","130858339","chr3","128934521","128934830","11","1923517"
"chr3","130871793","130872092","chr3","128948529","128948829","5","1923264"
"chr3","130872950","130873250","chr1","10198429","10198725","44","120674521"
"chr3","130896923","130897226","chr19","32624085","32624386","35","98272838"
"chr3","130910611","130910903","chr3","128988259","128988554","8","1922352"
"chr3","130946768","130947077","chr3","129024249","129024560","10","1922519"
"chr3","130960313","130960629","chr1","25105574","25105881","54","105854739"
"chr3","130965941","130966245","chr3","42008131","42008435","46","88957810"
"chr3","130973244","130973536","chr16","49894202","49894489","42","81079042"
"chr3","130981961","130982261","chr1","77885749","77886051","50","53096212"
"chr3","130992734","130993044","chr3","129055633","129055943","3","1937101"
"chr3","130996284","130996599","chr2","26447555","26447866","48","104548729"
"chr3","131028539","131028827","chr3","129111233","129111535","16","1917306"
"chr3","131029257","131029588","chr17","69256442","69256755","63","61772815"
"chr3","131058299","131058558","chr3","129140924","129141183","5","1917375"
"chr3","131062599","131062895","chr19","46641090","46641392","40","84421509"
"chr3","131064470","131064774","chr3","129147095","129147399","4","1917375"
"chr3","131068390","131068611","chr10","5761752","5761974","36","125306638"
"chr3","131083397","131083647","chr3","129164765","129165017","7","1918632"
"chr3","131098881","131099176","chr3","129179589","129179856","35","1919292"
"chr3","131118713","131119017","chr3","129200258","129200561","5","1918455"
"chr3","131120471","131120594","chr1","44099955","44100079","22","87020516"
"chr3","131121893","131122169","chr3","129203415","129203725","36","1918478"
"chr3","131124508","131124817","chr3","129206062","129206359","17","1918446"
"chr3","131134117","131134406","chr3","129214834","129215122","5","1919283"
"chr3","131136821","131137124","chr3","129217544","129217847","2","1919277"
"chr3","131142135","131142441","chr3","129222806","129223105","10","1919329"
"chr3","131153579","131153866","chr3","129234250","129234552","18","1919329"
"chr3","131165443","131165745","chr3","129246058","129246361","4","1919385"
"chr3","131174877","131175180","chr3","129255481","129255783","8","1919396"
"chr3","131182131","131182431","chr3","129262738","129263035","6","1919393"
"chr3","131201118","131201348","chr3","129281717","129281946","5","1919401"
"chr3","131204009","131204310","chr3","129284623","129284924","5","1919386"
"chr3","131209672","131209980","chr3","129290279","129290582","9","1919393"
"chr3","131211204","131211486","chr4","56507314","56507614","49","74703890"
"chr3","131214475","131214757","chr4","56507314","56507614","49","74707161"
"chr3","131216078","131216376","chr3","129296063","129296360","4","1920015"
"chr3","131242538","131242834","chr3","129322680","129322967","11","1919858"
"chr3","131263336","131263408","chr1","212185190","212185265","21","80921854"
"chr3","131276619","131276943","chr17","57140824","57141135","60","74135795"
"chr3","131310795","131311012","chrX","19189550","19189763","27","112121245"
"chr3","131322052","131322245","chr6","143740968","143741161","23","12418916"
"chr3","131405743","131406054","chr3","129466475","129466802","24","1939268"
"chr3","131436084","131436368","chr4","40597314","40597592","53","90838770"
"chr3","131464370","131464658","chr3","122572593","122572874","40","8891777"
"chr3","131478153","131478465","chr2","198420180","198420493","39","66942027"
"chr3","131489253","131489554","chr3","129549672","129549973","4","1939581"
"chr3","131573951","131574261","chr3","129634783","129635095","10","1939168"
"chr3","131578149","131578437","chr3","129638967","129639271","21","1939182"
"chr3","131602018","131602267","chr2","96779284","96779530","45","34822734"
"chr3","131619373","131619676","chr12","64307369","64307668","33","67312004"
"chr3","131641579","131641834","chr3","129702782","129703038","5","1938797"
"chr3","131652678","131652823","chr14","73542155","73542297","23","58110523"
"chr3","131653136","131653308","chr4","2850265","2850432","24","128802871"
"chr3","131701510","131701828","chr3","129757539","129757858","9","1943971"
"chr3","131756046","131756349","chr3","129830930","129831233","5","1925116"
"chr3","131771282","131771350","chr3","129846172","129846240","0","1925110"
"chr3","131777087","131777380","chr3","129856926","129857219","9","1920161"
"chr3","131778535","131778829","chr2","43730401","43730698","48","88048134"
"chr3","131790267","131790569","chr3","129868437","129868739","6","1921830"
"chr3","131808710","131809019","chr3","129886659","129886962","13","1922051"
"chr3","131819578","131819889","chr3","129916087","129916398","8","1903491"
"chr3","131846819","131847118","chr2","28992778","28993078","40","102854041"
"chr3","131865725","131866010","chr2","86259403","86259687","39","45606322"
"chr3","131895091","131895400","chr3","125255237","125255546","45","6639854"
"chr3","131911047","131911326","chr3","129987045","129987324","3","1924002"
"chr3","131918955","131919234","chr3","129987045","129987324","3","1931910"
"chr3","131937158","131937335","chr3","129997419","129997591","8","1939739"
"chr3","131937636","131937773","chr3","129997887","129998024","0","1939749"
"chr3","131950395","131950643","chrX","44910197","44910446","8","87040198"
"chr3","131953095","131953369","chrX","44907471","44907747","13","87045624"
"chr3","131979108","131979390","chr3","130019696","130019979","6","1959412"
"chr3","131992974","131993269","chr3","75375936","75376230","10","56617038"
"chr3","131994729","131995029","chr3","75377571","75377873","7","56617158"
"chr3","132004385","132004674","chr7","6895991","6896279","7","125108394"
"chr3","132007610","132007899","chr3","130051299","130051594","10","1956311"
"chr3","132008267","132008405","chr8","13081388","13081526","14","118926879"
"chr3","132062452","132062736","chr3","130095046","130095330","6","1967406"
"chr3","132078369","132078459","chr1","15025841","15025926","21","117052528"
"chr3","132104894","132105191","chr3","130128679","130128977","5","1976215"
"chr3","132109285","132109579","chr8","8192571","8192868","12","123916714"
"chr3","132140328","132140537","chr5","93734851","93735056","31","38405477"
"chr3","132168158","132168290","chr11","71704679","71704811","1","60463479"
"chr3","132171999","132172288","chr11","67894402","67894699","20","64277597"
"chr3","132176427","132176724","chr11","67894402","67894699","5","64282025"
"chr3","132220909","132221187","chr3","130247114","130247397","10","1973795"
"chr3","132300577","132300875","chr1","145739580","145739877","34","13439003"
"chr3","132302409","132302662","chr3","130326594","130326846","5","1975815"
"chr3","132471624","132471918","chr8","73222682","73222978","39","59248942"
"chr3","132473071","132473375","chr11","119365885","119366194","37","13107186"
"chr3","132649451","132649757","chr3","130672406","130672703","18","1977045"
"chr3","132678301","132678596","chr3","130701230","130701522","5","1977071"
"chr3","132681894","132682218","chr3","130704834","130705130","33","1977060"
"chr3","132726856","132727156","chr3","130737387","130737687","5","1989469"
"chr3","132736852","132736984","chr17","1759082","1759214","12","130977770"
"chr3","132737292","132737429","chr3","130748036","130748172","4","1989256"
"chr3","132741108","132741415","chr3","130751887","130752162","37","1989221"
"chr3","132743634","132743945","chr1","77425305","77425610","54","55318329"
"chr3","132748253","132748567","chr3","130759084","130759397","10","1989169"
"chr3","132764362","132764653","chr3","130775451","130775743","7","1988911"
"chr3","132790260","132790564","chr3","130801066","130801368","15","1989194"
"chr3","132805850","132806160","chr3","130816163","130816473","3","1989687"
"chr3","132827609","132827920","chr15","76183104","76183415","38","56644505"
"chr3","132830790","132831082","chr3","130841071","130841371","20","1989719"
"chr3","132837780","132838087","chr3","130848093","130848398","7","1989687"
"chr3","132850646","132850925","chr3","130860993","130861272","4","1989653"
"chr3","132869650","132869953","chr3","130882199","130882499","8","1987451"
"chr3","132870920","132871225","chr8","47112582","47112889","57","85758338"
"chr3","132942049","132942340","chr3","130954495","130954786","6","1987554"
"chr3","132989198","132989500","chr3","131000821","131001127","14","1988377"
"chr3","133000584","133000891","chr14","54706322","54706634","41","78294262"
"chr3","133060969","133061045","chr10","84106055","84106131","12","48954914"
"chr3","133071921","133072176","chr21","33706054","33706308","48","99365867"
"chr3","133083939","133084242","chr3","131066548","131066869","24","2017391"
"chr3","133107181","133107490","chr3","131089428","131089734","7","2017753"
"chr3","133178776","133179069","chr3","131159484","131159777","9","2019292"
"chr3","133441256","133441511","chr3","131437717","131437974","8","2003539"
"chr3","133446531","133446837","chr7","95094598","95094905","32","38351933"
"chr3","133671307","133671640","chr16","83102912","83103234","58","50568395"
"chr3","133681981","133682266","chr3","131676073","131676358","8","2005908"
"chr3","133779918","133780238","chr1","38774059","38774375","40","95005859"
"chr3","133876955","133877236","chr10","17597156","17597437","10","116279799"
"chr3","133902926","133902982","chr3","131895941","131895997","3","2006985"
"chr3","133930399","133930709","chr3","131923423","131923729","11","2006976"
"chr3","134036085","134036393","chr3","132012157","132012467","14","2023928"
"chr3","134056488","134056764","chr3","132044228","132044504","2","2012260"
"chr3","134093493","134093799","chr3","132081519","132081828","7","2011974"
"chr3","134130449","134130730","chr3","15929159","15929438","40","118201290"
"chr3","134226898","134227180","chr3","132214810","132215092","3","2012088"
"chr3","134278354","134278419","chr3","132267967","132268032","1","2010387"
"chr3","134280500","134280777","chr6","168879428","168879711","48","34598928"
"chr3","134340234","134340569","chr3","132316232","132316553","21","2024002"
"chr3","134377232","134377522","chr3","132352207","132352497","3","2025025"
"chr3","134445590","134445873","chr3","132421460","132421739","14","2024130"
"chr3","134460742","134461048","chr3","132436872","132437178","5","2023870"
"chr3","134478150","134478468","chr3","132454315","132454639","9","2023835"
"chr3","134556196","134556509","chr11","130373848","130374157","42","4182348"
"chr3","134646391","134646669","chr3","132621698","132621996","22","2024693"
"chr3","134682370","134682660","chr3","132657867","132658162","9","2024503"
"chr3","134723566","134723848","chr3","132698901","132699171","16","2024665"
"chr3","134812365","134812628","chr3","132787140","132787411","17","2025225"
"chr3","134868283","134868598","chr3","132832927","132833228","19","2035356"
"chr3","134926882","134927189","chr3","132889306","132889604","13","2037576"
"chr3","134933699","134933966","chr3","132896119","132896398","19","2037580"
"chr3","135126790","135127092","chr3","133092991","133093290","6","2033799"
"chr3","135141762","135142051","chr3","133107951","133108240","6","2033811"
"chr3","135222776","135223042","chr3","133185797","133186066","7","2036979"
"chr3","135329519","135329799","chr3","133288752","133289025","9","2040767"
"chr3","135343149","135343422","chr16","16728369","16728639","42","118614780"
"chr3","135347669","135347982","chr3","133304800","133305113","32","2042869"
"chr3","135436416","135436736","chr3","133392142","133392462","3","2044274"
"chr3","135490879","135491180","chr3","133446139","133446438","7","2044740"
"chr3","135503090","135503399","chr3","133458412","133458721","0","2044678"
"chr3","135527924","135528251","chr3","133483725","133484022","41","2044199"
"chr3","135541381","135541525","chr3","133497509","133497653","1","2043872"
"chr3","135563078","135563359","chr3","133519262","133519553","12","2043816"
"chr3","135564599","135564901","chr3","133520781","133521083","5","2043818"
"chr3","135566635","135566938","chr3","133522818","133523121","3","2043817"
"chr3","135571579","135571882","chr3","133520781","133521083","6","2050798"
"chr3","135573122","135573403","chr3","133519262","133519553","12","2053860"
"chr3","135582461","135582768","chr15","51949418","51949716","49","83633043"
"chr3","135590396","135590699","chr3","133537284","133537585","9","2053112"
"chr3","135593601","135593916","chr3","133540518","133540833","11","2053083"
"chr3","135596944","135597252","chr3","133543855","133544163","4","2053089"
"chr3","135617230","135617289","chr3","128151297","128151364","16","7465933"
"chr3","135620692","135621002","chr3","133561515","133561828","6","2059177"
"chr3","135628607","135628907","chr3","133567254","133567558","8","2061353"
"chr3","135642474","135642764","chr5","94449797","94450086","38","41192677"
"chr3","135647438","135647513","chr3","133585404","133585479","2","2062034"
"chr3","135661051","135661353","chr3","133599064","133599364","9","2061987"
"chr3","135666147","135666431","chr3","133604152","133604436","2","2061995"
"chr3","135674978","135675259","chr3","133612857","133613160","27","2062121"
"chr3","135687074","135687362","chr3","133624971","133625264","21","2062103"
"chr3","135696309","135696624","chr3","173668610","173668923","43","37972301"
"chr3","135712926","135713212","chr3","133650828","133651113","3","2062098"
"chr3","135733514","135733843","chr3","133671502","133671819","20","2062012"
"chr3","135751124","135751241","chr2","47183345","47183459","14","88567779"
"chr3","135751537","135751803","chr4","159397481","159397741","50","23645944"
"chr3","135803021","135803271","chr3","133740380","133740630","9","2062641"
"chr3","135951994","135952292","chr3","133889449","133889743","11","2062545"
"chr3","135952873","135953107","chr3","133890324","133890558","2","2062549"
"chr3","135977675","135977984","chr3","133913550","133913859","7","2064125"
"chr3","135996554","135996836","chr1","60239740","60240020","30","75756814"
"chr3","136011065","136011382","chr3","133946833","133947147","11","2064232"
"chr3","136172915","136173213","chr3","134110251","134110549","7","2062664"
"chr3","136269013","136269301","chr3","134204214","134204503","10","2064799"
"chr3","136308180","136308508","chr3","134241039","134241366","15","2067141"
"chr3","136337254","136337542","chr3","134270752","134271036","7","2066502"
"chr3","136365583","136365887","chr3","134300212","134300516","5","2065371"
"chr3","136384959","136385268","chr12","64891325","64891634","43","71493634"
"chr3","136449106","136449413","chr3","134383631","134383917","22","2065475"
"chr3","136449477","136449694","chr3","134383983","134384198","7","2065494"
"chr3","136450026","136450325","chr3","134384530","134384829","7","2065496"
"chr3","136457308","136457608","chr9","85893621","85893918","42","50563687"
"chr3","136460108","136460425","chr3","134394633","134394964","21","2065475"
"chr3","136565859","136566173","chr3","122159619","122159931","40","14406240"
"chr3","136609944","136610255","chr3","134540768","134541081","7","2069176"
"chr3","136614018","136614164","chr6","109219359","109219505","42","27394659"
"chr3","136614473","136614606","chr9","6656334","6656467","18","129958139"
"chr3","136631155","136631456","chr3","134563422","134563721","10","2067733"
"chr3","136646392","136646690","chr3","134578323","134578629","16","2068069"
"chr3","136839361","136839656","chr3","134816071","134816391","38","2023290"
"chr3","136902522","136902839","chr12","128681655","128681969","57","8220867"
"chr3","137007802","137008107","chr3","134985157","134985457","9","2022645"
"chr3","137116451","137116744","chr3","135093437","135093737","10","2023014"
"chr3","137121752","137122059","chr3","135098730","135099038","8","2023022"
"chr3","137239968","137240203","chrX","141235225","141235460","31","3995257"
"chr3","137344595","137344903","chr3","135317307","135317611","7","2027288"
"chr3","137350376","137350712","chr3","135323535","135323839","34","2026841"
"chr3","137417851","137418071","chr3","135388203","135388423","5","2029648"
"chr3","137594333","137594504","chr7","135624195","135624368","31","1970138"
"chr3","137594536","137594656","chr19","50780727","50780846","17","86813809"
"chr3","137637861","137638170","chr22","26361216","26361521","41","111276645"
"chr3","137734558","137734867","chr3","135692550","135692862","5","2042008"
"chr3","137874017","137874319","chr3","135830863","135831160","10","2043154"
"chr3","137933344","137933643","chr3","135907095","135907394","5","2026249"
"chr3","137974442","137974734","chr3","135946989","135947279","6","2027453"
"chr3","138005323","138005598","chr3","135977724","135977999","5","2027599"
"chr3","138045372","138045664","chr4","76410190","76410484","38","61635182"
"chr3","138088831","138089116","chr3","136061346","136061630","6","2027485"
"chr3","138095445","138095728","chr19","38558509","38558793","51","99536936"
"chr3","138128829","138129120","chr3","136101432","136101725","12","2027397"
"chr3","138148667","138148958","chr3","136120306","136120598","6","2028361"
"chr3","138169576","138169740","chr18","7129150","7129307","42","131040426"
"chr3","138170047","138170197","chr19","43685883","43686043","26","94484164"
"chr3","138172773","138173066","chr3","136143508","136143801","8","2029265"
"chr3","138195392","138195681","chr8","75954487","75954780","38","62240905"
"chr3","138214628","138214919","chr3","136184984","136185275","5","2029644"
"chr3","138233266","138233561","chr3","136204151","136204445","8","2029115"
"chr3","138242190","138242501","chr3","136213121","136213421","13","2029069"
"chr3","138243711","138243956","chr1","22065794","22066039","45","116177917"
"chr3","138244258","138244560","chr3","136215335","136215632","8","2028923"
"chr3","138244881","138245184","chr3","136215966","136216271","4","2028915"
"chr3","138268618","138268913","chr3","136239679","136239966","15","2028939"
"chr3","138273949","138274255","chr3","136244990","136245291","15","2028959"
"chr3","138275935","138276092","chr2","135807846","135807998","22","2468089"
"chr3","138278915","138279227","chr3","136246842","136247153","7","2032073"
"chr3","138295783","138296083","chr3","136263732","136264027","7","2032051"
"chr3","138299010","138299215","chr16","46947290","46947502","26","91351720"
"chr3","138312742","138313038","chr13","21596427","21596723","53","116716315"
"chr3","138319186","138319459","chr3","136286781","136287056","6","2032405"
"chr3","138337560","138337859","chr3","136305467","136305773","10","2032093"
"chr3","138349586","138349873","chr3","136314395","136314682","5","2035191"
"chr3","138354562","138354874","chr3","136319387","136319696","9","2035175"
"chr3","138370010","138370293","chr7","140397214","140397493","39","2027204"
"chr3","138370706","138370982","chr18","10895164","10895450","59","127475542"
"chr3","138380287","138380561","chr20","43986295","43986580","42","94393992"
"chr3","138385071","138385356","chr3","136349872","136350155","9","2035199"
"chr3","138389480","138389773","chr3","136354299","136354601","15","2035181"
"chr3","138390249","138390557","chr3","136355071","136355379","9","2035178"
"chr3","138399235","138399544","chr3","136364073","136364382","4","2035162"
"chr3","138419967","138420264","chr3","136384487","136384784","6","2035480"
"chr3","138429061","138429372","chr3","136393591","136393895","10","2035470"
"chr3","138430780","138431078","chr3","136395341","136395642","10","2035439"
"chr3","138433714","138434021","chr3","136398114","136398417","13","2035600"
"chr3","138435441","138435666","chr3","125596506","125596736","30","12838935"
"chr3","138444871","138445065","chr3","136410702","136410895","3","2034169"
"chr3","138450960","138451154","chr3","136410702","136410895","3","2040258"
"chr3","138455782","138456072","chrX","71065089","71065386","52","67390693"
"chr3","138458432","138458588","chr10","58761002","58761157","32","79697430"
"chr3","138461252","138461528","chr3","136420787","136421063","4","2040465"
"chr3","138464300","138464564","chr3","136423854","136424119","5","2040446"
"chr3","138464774","138465088","chr3","136424329","136424632","18","2040445"
"chr3","138467142","138467271","chr3","136426657","136426786","1","2040485"
"chr3","138467576","138467758","chr3","136427080","136427242","25","2040496"
"chr3","138473008","138473314","chr3","136432495","136432793","24","2040513"
"chr3","138477164","138477449","chr3","136435970","136436255","7","2041194"
"chr3","138477479","138477774","chr3","136436285","136436580","3","2041194"
"chr3","138479428","138479705","chr3","136438232","136438522","16","2041196"
"chr3","138480099","138480411","chr3","136438916","136439229","12","2041183"
"chr3","138485244","138485536","chr3","136444079","136444373","7","2041165"
"chr3","138489844","138490122","chrX","68450426","68450706","41","70039418"
"chr3","138490462","138490771","chr17","9274741","9275050","41","129215721"
"chr3","138495603","138495897","chr3","136454382","136454677","1","2041221"
"chr3","138519362","138519663","chr3","136477810","136478089","23","2041552"
"chr3","138532195","138532470","chr3","136490052","136490326","6","2042143"
"chr3","138537696","138537827","chr3","136495556","136495686","2","2042140"
"chr3","138542266","138542394","chr2","199281124","199281245","29","60738858"
"chr3","138542679","138542810","chr3","136495556","136495686","2","2047123"
"chr3","138548036","138548311","chr3","136490052","136490326","6","2057984"
"chr3","138560265","138560596","chr3","136506349","136506673","16","2053916"
"chr3","138564700","138564993","chr3","136510783","136511071","15","2053917"
"chr3","138570149","138570410","chr3","136516237","136516498","2","2053912"
"chr3","138582418","138582708","chr16","9139511","9139796","59","129442907"
"chr3","138588672","138588981","chr14","93596353","93596664","39","44992319"
"chr3","138590758","138591058","chr3","136537491","136537795","11","2053267"
"chr3","138608684","138608967","chr3","136555402","136555681","10","2053282"
"chr3","138625174","138625562","chr5","166822963","166823310","97","28197789"
"chr3","138645056","138645354","chr3","136589650","136589948","6","2055406"
"chr3","138647705","138648003","chr3","136589650","136589948","6","2058055"
"chr3","138658870","138659181","chrX","7551142","7551452","33","131107728"
"chr3","138660588","138660868","chr3","136602569","136602849","4","2058019"
"chr3","138662601","138662891","chr8","35515403","35515700","46","103147198"
"chr3","138665868","138666170","chr3","136607396","136607699","30","2058472"
"chr3","138671391","138671679","chr3","136613499","136613787","9","2057892"
"chr3","138677457","138677749","chr3","136619476","136619779","17","2057981"
"chr3","138700189","138700481","chr3","136642265","136642565","14","2057924"
"chr3","138701426","138701724","chr1","27025149","27025445","46","111676277"
"chr3","138720156","138720451","chr2","237988166","237988461","32","99268010"
"chr3","138725564","138725806","chr3","136667553","136667795","3","2058011"
"chr3","138729159","138729454","chr3","136671003","136671298","8","2058156"
"chr3","138731972","138732270","chr17","42437198","42437495","41","96294774"
"chr3","138737517","138737666","chr3","136679298","136679446","6","2058219"
"chr3","138737974","138738136","chr3","136679753","136679915","3","2058221"
"chr3","138742698","138742829","chr1","225676034","225676165","15","86933336"
"chr3","138748042","138748335","chr16","68844968","68845267","50","69903074"
"chr3","138773058","138773356","chr3","136713302","136713597","18","2059756"
"chr3","138800069","138800370","chr3","136742432","136742738","11","2057637"
"chr3","138815719","138816028","chr3","136758061","136758370","7","2057658"
"chr3","138822686","138822976","chr3","136765018","136765308","8","2057668"
"chr3","138824363","138824522","chr19","38758447","38758614","35","100065916"
"chr3","138824551","138824665","chr15","89857162","89857276","15","48967389"
"chr3","138827125","138827408","chr3","136769477","136769759","8","2057648"
"chr3","138834349","138834641","chr3","136776396","136776689","2","2057953"
"chr3","138844047","138844338","chr3","136786061","136786382","34","2057986"
"chr3","138853583","138853889","chr8","26192011","26192317","45","112661572"
"chr3","138856876","138857177","chr3","136798709","136799010","5","2058167"
"chr3","138868157","138868448","chr3","136809978","136810268","8","2058179"
"chr3","138873558","138873865","chr3","136815350","136815658","5","2058208"
"chr3","138899287","138899414","chr6","150660077","150660209","21","11760790"
"chr3","138911399","138911714","chr3","136849823","136850138","6","2061576"
"chr3","138926348","138926543","chr3","136864750","136864946","19","2061598"
"chr3","138926853","138926981","chr3","136865256","136865384","3","2061597"
"chr3","138930748","138931051","chr3","136869266","136869569","6","2061482"
"chr3","138931538","138931829","chr3","136870065","136870354","8","2061473"
"chr3","138960800","138961118","chr5","168429257","168429558","41","29468457"
"chr3","138967884","138968169","chr3","136904167","136904452","1","2063717"
"chr3","139000001","139000135","chr6","34603232","34603365","10","104396769"
"chr3","139004929","139005241","chr3","136941107","136941427","13","2063822"
"chr3","139028807","139029105","chr3","136971132","136971430","5","2057675"
"chr3","139040816","139041111","chr3","136983095","136983387","9","2057721"
"chr3","139083637","139083824","chr3","137022970","137023157","1","2060667"
"chr3","139112702","139112996","chr3","137052616","137052911","4","2060086"
"chr3","139171718","139171984","chr19","38098388","38098658","40","101073330"
"chr3","139558619","139558960","chr3","137512998","137513329","16","2045621"
"chr3","139749055","139749349","chr3","137717041","137717339","10","2032014"
"chr3","139927432","139927521","chr3","137894931","137895020","1","2032501"
"chr3","139963095","139963403","chr3","137931530","137931834","12","2031565"
"chr3","140009375","140009674","chr3","137977814","137978094","25","2031561"
"chr3","140035610","140035891","chr3","138003890","138004169","6","2031720"
"chr3","140040373","140040658","chr3","138008645","138008930","6","2031728"
"chr3","140124823","140125096","chr3","138091335","138091609","8","2033488"
"chr3","140167850","140168133","chr3","138133992","138134297","25","2033858"
"chr3","140175904","140176216","chr3","138140161","138140473","7","2035743"
"chr3","140178201","140178510","chr3","138142461","138142771","8","2035740"
"chr3","140179892","140180189","chr2","32332712","32333002","42","107847180"
"chr3","140182085","140182394","chr3","138144884","138145193","6","2037201"
"chr3","140186095","140186384","chr8","39662624","39662924","49","100523471"
"chr3","140186713","140186998","chr3","138149519","138149816","16","2037194"
"chr3","140195881","140196176","chr4","70767686","70767978","40","69428195"
"chr3","140218413","140218723","chr3","138176028","138176339","7","2042385"
"chr3","140219350","140219649","chr3","138176967","138177268","7","2042383"
"chr3","140219820","140220065","chr3","48980797","48981042","42","91239023"
"chr3","140220901","140221198","chr3","138178530","138178826","8","2042371"
"chr3","140264613","140264923","chr3","138220684","138220989","8","2043929"
"chr3","140275857","140276161","chr3","138231962","138232275","13","2043895"
"chr3","140299588","140299746","chr13","23376770","23376929","21","116922818"
"chr3","140313614","140313918","chr3","138267961","138268265","3","2045653"
"chr3","140337253","140337560","chr3","138267961","138268265","35","2069292"
"chr3","140352898","140353190","chr3","138285950","138286242","5","2066948"
"chr3","140390132","140390430","chr3","138323135","138323428","18","2066997"
"chr3","140392425","140392712","chr3","138325395","138325707","30","2067030"
"chr3","140392738","140392841","chr5","129327571","129327674","10","11065167"
"chr3","140393989","140394307","chr3","138326860","138327176","18","2067129"
"chr3","140398850","140399132","chr3","138331713","138331995","5","2067137"
"chr3","140404305","140404598","chr3","138337151","138337449","16","2067154"
"chr3","140407369","140407643","chr3","138340219","138340500","18","2067150"
"chr3","140422789","140423086","chr3","138355649","138355946","8","2067140"
"chr3","140425197","140425507","chr3","138358055","138358357","15","2067142"
"chr3","140442870","140443146","chr3","138375736","138376012","7","2067134"
"chr3","140474869","140475175","chr3","138407013","138407339","26","2067856"
"chr3","140493710","140494019","chr3","138425878","138426188","5","2067832"
"chr3","140496973","140497276","chr3","138430209","138430512","4","2066764"
"chr3","140556371","140556558","chr3","138489478","138489665","2","2066893"
"chr3","140596095","140596386","chr1","93707428","93707720","39","46888667"
"chr3","140606406","140606687","chr3","138539016","138539313","22","2067390"
"chr3","140627661","140627959","chr3","138559452","138559750","1","2068209"
"chr3","140667881","140668016","chr3","138599653","138599788","2","2068228"
"chr3","140668324","140668481","chr3","138600091","138600250","5","2068233"
"chr3","140695314","140695384","chr3","138632543","138632613","0","2062771"
"chr3","140719573","140719859","chr3","138656779","138657065","5","2062794"
"chr3","140743826","140744124","chr3","138681042","138681340","4","2062784"
"chr3","140748618","140748915","chr3","138685855","138686152","6","2062763"
"chr3","140748920","140749224","chr3","138686157","138686461","5","2062763"
"chr3","140756270","140756562","chr4","38676159","38676450","30","102080111"
"chr3","140775487","140775794","chr16","24669942","24670249","45","116105545"
"chr3","140787653","140787960","chr16","24669942","24670249","45","116117711"
"chr3","140794593","140794895","chr3","138716615","138716922","9","2077978"
"chr3","140797210","140797502","chr3","138719236","138719508","33","2077974"
"chr3","140801259","140801548","chr3","138723271","138723560","2","2077988"
"chr3","140817591","140817902","chr3","138740076","138740387","10","2077515"
"chr3","140822850","140823151","chr3","138745340","138745641","5","2077510"
"chr3","140842120","140842408","chr4","40444670","40444958","45","100397450"
"chr3","140856483","140856783","chrX","72281049","72281344","48","68575434"
"chr3","140857050","140857335","chr1","185814693","185814978","41","44957643"
"chr3","140867650","140867841","chr19","6758082","6758275","61","134109568"
"chr3","140868156","140868298","chr4","40527290","40527436","28","100340866"
"chr3","140868469","140868746","chr1","167828680","167828969","52","26960211"
"chr3","140873405","140873702","chr3","138796102","138796407","11","2077303"
"chr3","140884073","140884364","chr3","138806205","138806495","3","2077868"
"chr3","140885021","140885329","chr3","138807152","138807458","8","2077869"
"chr3","140896804","140897084","chr3","138819691","138819973","6","2077113"
"chr3","140910037","140910172","chr4","39675424","39675558","17","101234613"
"chr3","140910479","140910641","chr8","126399311","126399469","31","14511168"
"chr3","140915935","140916209","chr4","148505881","148506149","44","7589946"
"chr3","140918405","140918707","chr3","138840448","138840747","52","2077957"
"chr3","140947715","140948022","chr3","138870376","138870684","8","2077339"
"chr3","140948640","140948784","chr3","138871289","138871433","2","2077351"
"chr3","140955988","140956282","chr3","138878708","138879002","2","2077280"
"chr3","140958259","140958537","chr3","11431119","11431376","48","129527140"
"chr3","140958857","140959145","chr10","32116468","32116759","58","108842389"
"chr3","140960076","140960231","chr3","138882614","138882769","2","2077462"
"chr3","140960564","140960711","chr3","138883102","138883249","1","2077462"
"chr3","140970133","140970250","chr3","138893148","138893269","7","2076985"
"chr3","140971198","140971484","chr3","138894213","138894499","5","2076985"
"chr3","140972221","140972509","chr3","138895241","138895529","7","2076980"
"chr3","140972987","140973295","chr2","158826510","158826814","40","17853523"
"chr3","140973596","140973876","chr10","33566823","33567104","31","107406773"
"chr3","140973931","140973943","chr19","39000476","39000487","1","101973455"
"chr3","140983614","140983916","chr3","138903885","138904195","9","2079729"
"chr3","140997932","140998213","chr3","138918210","138918491","2","2079722"
"chr3","141002445","141002692","chrX","124227263","124227523","50","16775182"
"chr3","141007700","141007824","chr3","138926355","138926486","10","2081345"
"chr3","141007856","141008041","chr3","138926520","138926707","4","2081336"
"chr3","141034588","141034882","chr3","138953019","138953313","4","2081569"
"chr3","141084087","141084388","chr3","139002235","139002543","8","2081852"
"chr3","141096073","141096140","chr3","139008867","139008934","2","2087206"
"chr3","141096220","141096541","chr3","139009014","139009337","3","2087206"
"chr3","141104668","141104946","chr3","139017471","139017750","4","2087197"
"chr3","141109620","141109909","chr3","139022424","139022711","8","2087196"
"chr3","141332224","141332525","chr6","100822256","100822554","53","40509968"
"chr3","141350854","141351144","chr3","139266037","139266327","12","2084817"
"chr3","141380671","141380984","chrX","41252448","41252756","43","100128223"
"chr3","141430399","141430682","chr3","167470551","167470829","54","26040152"
"chr3","141449335","141449628","chr3","139360242","139360544","9","2089093"
"chr3","141548801","141549149","chr1","82157272","82157639","75","59391529"
"chr3","141633711","141634016","chr3","139543207","139543512","6","2090504"
"chr3","141670863","141671153","chr1","6056054","6056344","33","135614809"
"chr3","141815489","141815828","chr3","139717466","139717777","32","2098023"
"chr3","141851122","141851429","chr3","139753131","139753438","4","2097991"
"chr3","142007202","142007440","chr3","139907297","139907534","6","2099905"
"chr3","142114184","142114486","chr3","140014216","140014518","3","2099968"
"chr3","142315963","142316268","chr3","140214158","140214465","10","2101805"
"chr3","142798878","142799184","chr7","150419782","150420086","38","7620904"
"chr3","142863204","142863514","chr3","140778239","140778548","10","2084965"
"chr3","142873862","142874154","chr3","140789410","140789702","11","2084452"
"chr3","142908722","142909025","chr3","140824233","140824535","6","2084489"
"chr3","142965363","142965653","chr16","89493134","89493421","35","53472229"
"chr3","142988253","142988530","chr3","140903870","140904149","7","2084383"
"chr3","143035896","143036201","chr3","140951486","140951794","10","2084410"
"chr3","143043425","143043734","chr3","140959010","140959314","9","2084415"
"chr3","143099354","143099655","chr3","141014523","141014824","10","2084831"
"chr3","143101988","143102154","chr3","141017142","141017308","4","2084846"
"chr3","143102909","143103042","chr3","141018063","141018196","2","2084846"
"chr3","143145283","143145649","chr3","141061698","141062034","40","2083585"
"chr3","143159722","143160038","chrX","70875457","70875779","48","72284265"
"chr3","143233922","143234222","chr3","141154688","141154983","8","2079234"
"chr3","143268575","143268886","chr3","141189417","141189698","33","2079158"
"chr3","143299859","143300140","chr3","141214709","141214990","3","2085150"
"chr3","143338213","143338507","chr3","141253918","141254212","3","2084295"
"chr3","143407240","143407327","chr5","31306489","31306571","12","112100751"
"chr3","143412105","143412413","chr3","141322520","141322828","6","2089585"
"chr3","143526675","143526966","chr3","141436504","141436797","4","2090171"
"chr3","143535627","143535918","chr3","141436504","141436797","4","2099123"
"chr3","143659019","143659320","chr3","141572090","141572391","5","2086929"
"chr3","143674351","143674649","chr3","141587430","141587733","11","2086921"
"chr3","143685744","143686039","chr3","141598803","141599097","6","2086941"
"chr3","143706525","143706839","chr3","141619275","141619579","15","2087250"
"chr3","143709424","143709635","chr14","34695449","34695653","32","109013975"
"chr3","143710390","143710497","chr3","141623137","141623244","3","2087253"
"chr3","143724124","143724430","chr3","141636866","141637171","9","2087258"
"chr3","143726350","143726665","chr3","141639096","141639417","14","2087254"
"chr3","143727582","143727878","chr3","141640334","141640630","6","2087248"
"chr3","143730164","143730445","chr3","141642912","141643194","3","2087252"
"chr3","143766346","143766657","chr3","141679039","141679319","39","2087307"
"chr3","143776479","143776794","chr3","141689128","141689436","12","2087351"
"chr3","143777301","143777605","chr3","141689943","141690246","3","2087358"
"chr3","143800628","143800924","chr3","141711657","141711955","5","2088971"
"chr3","143803089","143803386","chr3","141714120","141714417","6","2088969"
"chr3","143803571","143803814","chr3","141715041","141715300","21","2088530"
"chr3","143814223","143814531","chr3","141725328","141725636","10","2088895"
"chr3","143865617","143865919","chr20","31978854","31979149","48","111886763"
"chr3","143871062","143871379","chr3","141772851","141773167","4","2098211"
"chr3","143890062","143890356","chr3","141792121","141792419","15","2097941"
"chr3","143925754","143926050","chr3","141824341","141824637","5","2101413"
"chr3","143936730","143937053","chr3","141835342","141835666","7","2101388"
"chr3","143938132","143938420","chr3","141836798","141837090","13","2101334"
"chr3","143948587","143948886","chr3","141846507","141846799","12","2102080"
"chr3","143950942","143951247","chr3","141848850","141849157","4","2102092"
"chr3","143953116","143953419","chr2","135595993","135596297","41","8357123"
"chr3","143954572","143954750","chr3","141852538","141852695","21","2102034"
"chr3","143955052","143955188","chr3","141852998","141853134","0","2102054"
"chr3","143957602","143957828","chr15","44465713","44465940","46","99491889"
"chr3","143958464","143958549","chr12","75676348","75676431","19","68282116"
"chr3","143983578","143983888","chr3","141879490","141879789","20","2104088"
"chr3","143997092","143997360","chr3","141893038","141893307","8","2104054"
"chr3","144011394","144011692","chr3","141906184","141906478","10","2105210"
"chr3","144025533","144025788","chr10","91634680","91634929","43","52390853"
"chr3","144035844","144036156","chr3","141930123","141930430","13","2105721"
"chr3","144045185","144045410","chr3","141939140","141939365","2","2106045"
"chr3","144046762","144047069","chr3","141940732","141941024","22","2106030"
"chr3","144050149","144050437","chr3","141944083","141944372","6","2106066"
"chr3","144055864","144056163","chr2","39164416","39164719","40","104891448"
"chr3","144060418","144060711","chr5","79791439","79791733","42","64268979"
"chr3","144061867","144062160","chr8","96581347","96581646","38","47480520"
"chr3","144089015","144089303","chr3","141983355","141983638","13","2105660"
"chr3","144095525","144095808","chr3","141989910","141990193","9","2105615"
"chr3","144097094","144097376","chr3","141991477","141991758","5","2105617"
"chr3","144097379","144097689","chr3","141991761","141992069","6","2105618"
"chr3","144103935","144104234","chr3","141998324","141998631","15","2105611"
"chr3","144127611","144127918","chr3","142023188","142023489","12","2104423"
"chr3","144150173","144150462","chr3","142045613","142045922","22","2104560"
"chr3","144152653","144152961","chr3","142048134","142048447","19","2104519"
"chr3","144155782","144156072","chr3","142051258","142051535","17","2104524"
"chr3","144164449","144164707","chr3","142065528","142065786","3","2098921"
"chr3","144166278","144166330","chr1","33629942","33629997","6","110536336"
"chr3","144170470","144170768","chr3","142069909","142070206","6","2100561"
"chr3","144171729","144172030","chr3","142071162","142071457","17","2100567"
"chr3","144185366","144185663","chr3","142084917","142085214","6","2100449"
"chr3","144191850","144192052","chr1","247265721","247265920","45","103073871"
"chr3","144198413","144198684","chr3","142097818","142098090","8","2100595"
"chr3","144210515","144210811","chr1","200878882","200879172","49","56668367"
"chr3","144212413","144212707","chr3","142111784","142112077","4","2100629"
"chr3","144218174","144218476","chr3","142116930","142117220","13","2101244"
"chr3","144219073","144219367","chr3","142117815","142118109","3","2101258"
"chr3","144224219","144224387","chr2","218381342","218381506","29","74157123"
"chr3","144224687","144224821","chr14","80558588","80558722","17","63666099"
"chr3","144227915","144228210","chr3","142126665","142126964","10","2101250"
"chr3","144254234","144254548","chr3","142142956","142143245","27","2111278"
"chr3","144255395","144255552","chr15","59500001","59500152","21","84755394"
"chr3","144264960","144265268","chr3","142153504","142153813","8","2111456"
"chr3","144268223","144268521","chr3","142156760","142157064","14","2111463"
"chr3","144274718","144275008","chr3","142163278","142163569","9","2111440"
"chr3","144303025","144303305","chr3","142191556","142191836","5","2111469"
"chr3","144305294","144305591","chr3","142194244","142194542","12","2111050"
"chr3","144367233","144367540","chr3","142260449","142260756","6","2106784"
"chr3","144369429","144369733","chr3","142262628","142262932","6","2106801"
"chr3","144374586","144374883","chr3","142267778","142268075","4","2106808"
"chr3","144385178","144385414","chr3","142278358","142278600","11","2106820"
"chr3","144415593","144415880","chr3","142309227","142309515","5","2106366"
"chr3","144421848","144422156","chr3","142315502","142315814","12","2106346"
"chr3","144428296","144428599","chr3","142321106","142321419","13","2107190"
"chr3","144430505","144430657","chr3","142323329","142323481","3","2107176"
"chr3","144459893","144460192","chr3","142352644","142352943","5","2107249"
"chr3","144461822","144462080","chr3","142354572","142354830","3","2107250"
"chr3","144464990","144465305","chr3","142357752","142358067","4","2107238"
"chr3","144496736","144497013","chr9","97558463","97558743","31","46938273"
"chr3","144500194","144500499","chr14","49399162","49399462","54","95101032"
"chr3","144501857","144502151","chr3","142393834","142394126","7","2108023"
"chr3","144515367","144515644","chr3","142407351","142407628","3","2108016"
"chr3","144524182","144524492","chr3","142416195","142416480","29","2107987"
"chr3","144539413","144539548","chr22","17327469","17327603","13","127211944"
"chr3","144565867","144566151","chr3","142452394","142452678","3","2113473"
"chr3","144569193","144569425","chr19","44843710","44843954","52","99725483"
"chr3","144587106","144587387","chr3","142473942","142474226","10","2113164"
"chr3","144614924","144615211","chr1","150147562","150147850","36","5532638"
"chr3","144625505","144625814","chr3","142511374","142511684","1","2114131"
"chr3","144632357","144632637","chr3","142518241","142518521","2","2114116"
"chr3","144662594","144662896","chr16","66384684","66384984","36","78277910"
"chr3","144672548","144672830","chr3","142558241","142558550","29","2114307"
"chr3","144687403","144687701","chr1","32478230","32478523","47","112209173"
"chr3","144689501","144689745","chr3","142575245","142575486","8","2114256"
"chr3","144699130","144699434","chr3","142584876","142585180","3","2114254"
"chr3","144703786","144704076","chr3","142589560","142589850","12","2114226"
"chr3","144706412","144706704","chr3","142592177","142592471","9","2114235"
"chr3","144719688","144719802","chr3","142602843","142602957","1","2116845"
"chr3","144730058","144730354","chr3","142613196","142613517","32","2116862"
"chr3","144737995","144738287","chr3","142617696","142617988","6","2120299"
"chr3","144740585","144740881","chr3","142613196","142613517","42","2127389"
"chr3","144785788","144786095","chr3","142662927","142663234","5","2122861"
"chr3","144792839","144793132","chr3","142655962","142656261","17","2136877"
"chr3","144796379","144796685","chr17","78247719","78248024","46","66548660"
"chr3","144798985","144799278","chr3","142655962","142656261","17","2143023"
"chr3","144806023","144806330","chr3","142662927","142663234","5","2143096"
"chr3","144827899","144828194","chr3","142677364","142677658","4","2150535"
"chr3","144840303","144840607","chr3","142687940","142688247","7","2152363"
"chr3","144866980","144867280","chr3","142714680","142714980","10","2152300"
"chr3","144894117","144894437","chr3","142741881","142742208","15","2152236"
"chr3","144914822","144915117","chr19","5769807","5770105","25","139145015"
"chr3","144957236","144957531","chr3","142804825","142805120","4","2152411"
"chr3","144987600","144987913","chr3","142833177","142833481","17","2154423"
"chr3","145048961","145049252","chr8","41188531","41188826","32","103860430"
"chr3","145059338","145059649","chr3","142904017","142904313","20","2155321"
"chr3","145122640","145122931","chr3","142967172","142967469","10","2155468"
"chr3","145123232","145123533","chr3","142967760","142968061","12","2155472"
"chr3","145131376","145131676","chr3","142975902","142976197","11","2155474"
"chr3","145208669","145208910","chr3","143048634","143048875","7","2160035"
"chr3","145268142","145268445","chr3","143108917","143109211","13","2159225"
"chr3","145271865","145272183","chr3","143112636","143112954","4","2159229"
"chr3","145272806","145273112","chr3","143113571","143113877","7","2159235"
"chr3","145385145","145385456","chr3","143229250","143229561","7","2155895"
"chr3","145423443","145423749","chr2","170393085","170393383","45","24969642"
"chr3","145498196","145498440","chr8","125159732","125159974","34","20338464"
"chr3","145829286","145829412","chr3","143661698","143661824","2","2167588"
"chr3","145986243","145986530","chr3","143818319","143818608","7","2167924"
"chr3","145993943","145994246","chr3","143825977","143826273","11","2167966"
"chr3","146153651","146153947","chr14","36631959","36632257","50","109521692"
"chr3","146257590","146257890","chr3","144068266","144068562","13","2189324"
"chr3","146367893","146368191","chr3","144177419","144177717","10","2190474"
"chr3","146582024","146582314","chr3","144400451","144400757","26","2181573"
"chr3","146640211","146640511","chr3","144458643","144458954","15","2181568"
"chr3","146667082","146667366","chr16","20015102","20015389","28","126651980"
"chr3","146678256","146678580","chr17","63141260","63141580","77","83536996"
"chr3","146749262","146749574","chr3","144568032","144568340","13","2181230"
"chr3","146755154","146755406","chr17","1261090","1261351","53","145494064"
"chr3","146788700","146788967","chr3","144599955","144600224","7","2188745"
"chr3","146859573","146859891","chr15","65427469","65427781","59","81432104"
"chr3","146896303","146896584","chr3","144709609","144709890","3","2186694"
"chr3","146903248","146903542","chr3","144717146","144717440","8","2186102"
"chr3","146913415","146913696","chr3","144727305","144727586","7","2186110"
"chr3","146917705","146918014","chr7","129928321","129928629","46","16989384"
"chr3","147025174","147025465","chr3","144839215","144839506","3","2185959"
"chr3","147168292","147168563","chr3","144978990","144979261","4","2189302"
"chr3","147503227","147503500","chr3","145321499","145321769","6","2181728"
"chr3","147589368","147589661","chr3","145406308","145406630","39","2183060"
"chr3","147779994","147780285","chr3","145599189","145599479","5","2180805"
"chr3","147812191","147812503","chr3","145631027","145631372","38","2181164"
"chr3","147880467","147880724","chr3","145699563","145699821","5","2180904"
"chr3","147914910","147915173","chr3","132698901","132699171","45","15216009"
"chr3","147933174","147933281","chr3","145750476","145750583","3","2182698"
"chr3","148026584","148026876","chr3","145839495","145839787","2","2187089"
"chr3","148055182","148055493","chr3","145868104","145868415","11","2187078"
"chr3","148170730","148171020","chr3","145988058","145988350","11","2182672"
"chr3","148182618","148182930","chr3","146001123","146001435","10","2181495"
"chr3","148219103","148219412","chr3","146037501","146037812","13","2181602"
"chr3","148307118","148307380","chr3","146125465","146125727","11","2181653"
"chr3","148457453","148457744","chr3","146273946","146274237","4","2183507"
"chr3","148497320","148497591","chr3","146313832","146314102","8","2183488"
"chr3","148931072","148931352","chr3","146740079","146740358","4","2190993"
"chr3","148983120","148983273","chr3","146792065","146792221","7","2191055"
"chr3","148983299","148983430","chr3","146792247","146792378","1","2191052"
"chr3","148983656","148983962","chr20","17721380","17721690","34","131262276"
"chr3","149109713","149110003","chr3","146918924","146919206","14","2190789"
"chr3","149205772","149206061","chr12","125753939","125754233","36","23451833"
"chr3","149226419","149226664","chr3","147037059","147037314","13","2189360"
"chr3","149556664","149556811","chr2","25930839","25930985","22","123625825"
"chr3","149557110","149557274","chr19","46681840","46682007","26","102875270"
"chr3","149651870","149652144","chr3","147442245","147442518","6","2209625"
"chr3","149675480","149675803","chr3","122159619","122159931","47","27515861"
"chr3","149755288","149755576","chr3","147542571","147542860","4","2212717"
"chr3","149760528","149760835","chr3","147547813","147548121","7","2212715"
"chr3","149798786","149799098","chr3","147586432","147586744","6","2212354"
"chr3","149935662","149935973","chr3","147716761","147717078","11","2218901"
"chr3","150010239","150010536","chr2","200982757","200983057","35","50972518"
"chr3","150062122","150062410","chr3","147830874","147831162","8","2231248"
"chr3","150156635","150156916","chr3","147925987","147926263","14","2230648"
"chr3","150199380","150199672","chr3","147968937","147969229","8","2230443"
"chr3","150238173","150238491","chr3","148008115","148008448","24","2230058"
"chr3","150488673","150488950","chr9","730410","730696","57","149758263"
"chr3","150492801","150493125","chr3","148252681","148253009","13","2240120"
"chr3","150564877","150565163","chr3","148311534","148311818","13","2253343"
"chr3","150803145","150803440","chr3","148541175","148541473","11","2261970"
"chr3","150804120","150804384","chr3","148542185","148542449","10","2261935"
"chr3","150875226","150875530","chr3","148604399","148604701","6","2270827"
"chr3","150969037","150969341","chr3","148701978","148702276","8","2267059"
"chr3","150992552","150992820","chr6","108284086","108284361","37","42708466"
"chr3","151145463","151145764","chr3","148880329","148880631","13","2265134"
"chr3","151174488","151174786","chr3","148908938","148909234","10","2265550"
"chr3","151218631","151218734","chr3","148990779","148990879","3","2227852"
"chr3","151230551","151230826","chr3","149002741","149003016","11","2227810"
"chr3","151236676","151236971","chr3","149008876","149009174","10","2227800"
"chr3","151300478","151300578","chr8","106604339","106604445","20","44696139"
"chr3","151303370","151303667","chr3","149070763","149071063","13","2232607"
"chr3","151323212","151323503","chr3","149090143","149090434","2","2233069"
"chr3","151328566","151328826","chr3","149095300","149095560","5","2233266"
"chr3","151333962","151334247","chr3","149100747","149101033","5","2233215"
"chr3","151337973","151338281","chr3","149104767","149105074","1","2233206"
"chr3","151348631","151348929","chr3","149115799","149116097","6","2232832"
"chr3","151393922","151394217","chr3","149161509","149161809","8","2232413"
"chr3","151415307","151415592","chr3","149182869","149183154","6","2232438"
"chr3","151426666","151426947","chr3","149194257","149194538","5","2232409"
"chr3","151434370","151434683","chr3","149200495","149200809","5","2233875"
"chr3","151435453","151435765","chr3","149201580","149201894","7","2233873"
"chr3","151462100","151462385","chr3","149228158","149228443","1","2233942"
"chr3","151496472","151496774","chr3","149262614","149262915","4","2233858"
"chr3","151537534","151537823","chr3","149306410","149306699","0","2231124"
"chr3","151572387","151572682","chr3","149345584","149345882","5","2226803"
"chr3","151662151","151662449","chr3","149434753","149435055","18","2227398"
"chr3","151672719","151672950","chr3","149446965","149447197","6","2225754"
"chr3","151674523","151674799","chr3","149448770","149449050","10","2225753"
"chr3","151677206","151677491","chr20","44945864","44946148","46","106731342"
"chr3","151684460","151684770","chr3","149457345","149457655","13","2227115"
"chr3","151696726","151697020","chr3","149469627","149469920","3","2227099"
"chr3","151709647","151709945","chr1","93707428","93707720","47","58002219"
"chr3","151831000","151831316","chr3","149601184","149601497","7","2229816"
"chr3","151832492","151832776","chr3","149602675","149602959","8","2229817"
"chr3","151838219","151838518","chr3","149608389","149608688","8","2229830"
"chr3","151853105","151853206","chr16","25194085","25194186","15","126659020"
"chr3","151853251","151853427","chr19","9661333","9661513","38","142191918"
"chr3","151855245","151855406","chr7","129805788","129805942","24","22049457"
"chr3","151855439","151855563","chr12","108658216","108658345","16","43197223"
"chr3","151871113","151871412","chr3","149640421","149640720","5","2230692"
"chr3","151912823","151913132","chr3","149683412","149683718","22","2229411"
"chr3","151918523","151918821","chr1","145739580","145739877","38","6178943"
"chr3","151936608","151936899","chr3","149710583","149710877","8","2226025"
"chr3","151942264","151942572","chr3","149716102","149716411","9","2226162"
"chr3","151944978","151945289","chr3","149718814","149719125","7","2226164"
"chr3","151974934","151975253","chr3","149747655","149747971","7","2227279"
"chr3","151976298","151976568","chr3","149749019","149749289","5","2227279"
"chr3","151986608","151986900","chr3","149759294","149759586","6","2227314"
"chr3","151987637","151987983","chr3","149760323","149760670","5","2227314"
"chr3","151995974","151996255","chr3","149768561","149768842","10","2227413"
"chr3","151999431","151999726","chr3","149772025","149772319","10","2227406"
"chr3","152004088","152004390","chr3","149776679","149776988","10","2227409"
"chr3","152020513","152020803","chr3","149793421","149793720","13","2227092"
"chr3","152028090","152028399","chr3","149800650","149800959","5","2227440"
"chr3","152034334","152034641","chr10","42272950","42273257","40","109761384"
"chr3","152038052","152038348","chr3","149811351","149811649","7","2226701"
"chr3","152045295","152045603","chr1","63245829","63246136","44","88799466"
"chr3","152081855","152082162","chr11","125679213","125679517","48","26402642"
"chr3","152158226","152158524","chr3","149929925","149930223","10","2228301"
"chr3","152166511","152166806","chr3","149938177","149938472","4","2228334"
"chr3","152317572","152317877","chr3","150088148","150088440","14","2229424"
"chr3","152349906","152350185","chr3","150120528","150120807","7","2229378"
"chr3","152444896","152445217","chr3","150215013","150215326","15","2229883"
"chr3","152448582","152448888","chr3","150218708","150219016","10","2229874"
"chr3","152472133","152472414","chr5","90802235","90802530","53","61669898"
"chr3","152477782","152478086","chr3","150246882","150247185","9","2230900"
"chr3","152560023","152560323","chr3","150329223","150329531","13","2230800"
"chr3","152591541","152591836","chr3","150360656","150360948","12","2230885"
"chr3","152592906","152593207","chr3","150362018","150362319","5","2230888"
"chr3","152664749","152665042","chr3","150434146","150434442","13","2230603"
"chr3","152693295","152693593","chr3","150462625","150462937","16","2230670"
"chr3","152703609","152703914","chr3","150472989","150473292","4","2230620"
"chr3","152704946","152705267","chr3","129466475","129466802","61","23238471"
"chr3","152723035","152723350","chr3","150492448","150492760","30","2230587"
"chr3","152726617","152726893","chr3","150516342","150516617","5","2210275"
"chr3","152730607","152730888","chr3","150496749","150497031","9","2233858"
"chr3","152746046","152746345","chr3","150512198","150512508","17","2233848"
"chr3","152747673","152747959","chr3","150513836","150514122","7","2233837"
"chr3","152750181","152750449","chr3","150516342","150516617","15","2233839"
"chr3","152760053","152760358","chr9","94943637","94943947","44","57816416"
"chr3","152794061","152794357","chr3","150559499","150559794","5","2234562"
"chr3","152807548","152807857","chr3","150572573","150572872","14","2234975"
"chr3","152810794","152811086","chr3","150575807","150576097","7","2234987"
"chr3","152820637","152820927","chr3","150575807","150576097","5","2244830"
"chr3","152833658","152833944","chr3","150593577","150593862","10","2240081"
"chr3","152836958","152837267","chr3","150596877","150597188","6","2240081"
"chr3","152838204","152838486","chr2","24550827","24551112","57","128287377"
"chr3","152846601","152846885","chr3","150606608","150606892","4","2239993"
"chr3","152882644","152882914","chr3","150642667","150642937","7","2239977"
"chr3","152918181","152918475","chr3","150678759","150679058","16","2239422"
"chr3","152941641","152941955","chr17","5098205","5098516","33","147843436"
"chr3","152965421","152965698","chr3","150722395","150722672","4","2243026"
"chr3","152983589","152983840","chr3","150740406","150740673","19","2243183"
"chr3","152989256","152989560","chr3","150746113","150746424","10","2243143"
"chr3","153044184","153044459","chr3","150796893","150797168","11","2247291"
"chr3","153068858","153069166","chr3","150825031","150825339","12","2243827"
"chr3","153111783","153112092","chr3","150867985","150868295","11","2243798"
"chr3","153124555","153124847","chr1","44351037","44351332","35","108773518"
"chr3","153196529","153196805","chr3","150953539","150953817","12","2242990"
"chr3","153213726","153214002","chr3","150953539","150953817","12","2260187"
"chr3","153284365","153284676","chr3","150993835","150994138","16","2290530"
"chr3","153290611","153290922","chr7","43358816","43359125","41","109931795"
"chr3","153574068","153574378","chr3","151261744","151262025","32","2312324"
"chr3","153706742","153707046","chr3","151396346","151396653","7","2310396"
"chr3","153731775","153732079","chr3","151421401","151421707","4","2310374"
"chr3","153802249","153802556","chr3","151491295","151491568","42","2310954"
"chr3","153803436","153803659","chrX","20094602","20094851","54","133708834"
"chr3","153861934","153862226","chr3","151543916","151544208","6","2318018"
"chr3","153887164","153887448","chr3","151569087","151569371","13","2318077"
"chr3","153966760","153967050","chr9","124417431","124417715","38","29549329"
"chr3","153967119","153967132","chr2","189327111","189327124","2","35359992"
"chr3","154028531","154028810","chr3","151700227","151700523","23","2328304"
"chr3","154170076","154170367","chr3","151861492","151861782","7","2308584"
"chr3","154199019","154199324","chr3","151890187","151890492","4","2308832"
"chr3","154241628","154241923","chr3","151932759","151933055","7","2308869"
"chr3","154248381","154248689","chr3","151939529","151939825","16","2308852"
"chr3","154290355","154290532","chr7","100510166","100510330","31","53780189"
"chr3","154290563","154290678","chr16","66334002","66334117","20","87956561"
"chr3","154407444","154407743","chr3","152068867","152069167","9","2338577"
"chr3","154480967","154481255","chr3","152142509","152142795","5","2338458"
"chr3","154484691","154485003","chr3","152146235","152146547","3","2338456"
"chr3","154485520","154485803","chr3","152147036","152147343","26","2338484"
"chr3","154502427","154502731","chr15","89843356","89843656","45","64659071"
"chr3","154511702","154511999","chr3","152171739","152172036","10","2339963"
"chr3","154526448","154526696","chr3","48980797","48981042","44","105545651"
"chr3","154527493","154527811","chr3","138796102","138796407","67","15731391"
"chr3","154556726","154556820","chr3","152217024","152217118","1","2339702"
"chr3","154566661","154566944","chr3","128127715","128128001","39","26438946"
"chr3","154654777","154655066","chr3","152317331","152317619","4","2337446"
"chr3","154664262","154664549","chr3","152326820","152327107","4","2337442"
"chr3","154674813","154675130","chr3","152337338","152337650","15","2337475"
"chr3","154792405","154792695","chr3","152449823","152450118","15","2342582"
"chr3","154910996","154911158","chr3","152565898","152566060","3","2345098"
"chr3","154933438","154933723","chr3","152588408","152588692","6","2345030"
"chr3","154997665","154997976","chr3","152654077","152654386","7","2343588"
"chr3","155031186","155031459","chr17","48443495","48443775","35","106587691"
"chr3","155117261","155117558","chr3","152773252","152773550","9","2344009"
"chr3","155131306","155131602","chr3","152787612","152787916","13","2343694"
"chr3","155135306","155135612","chrX","155948066","155948371","52","812760"
"chr3","155157538","155157837","chr3","152814187","152814486","8","2343351"
"chr3","155219735","155220020","chr3","152876380","152876661","9","2343355"
"chr3","155247334","155247619","chr3","152876380","152876661","9","2370954"
"chr3","155331869","155332158","chr3","152958846","152959135","5","2373023"
"chr3","155363608","155363899","chr3","152989472","152989760","11","2374136"
"chr3","155401377","155401678","chr3","153027139","153027444","7","2374238"
"chr3","155404259","155404557","chr3","153030024","153030316","13","2374235"
"chr3","155417514","155417792","chr3","153042657","153042943","15","2374857"
"chr3","155432710","155433007","chr3","153057869","153058166","5","2374841"
"chr3","155433252","155433398","chr3","153058411","153058557","2","2374841"
"chr3","155436995","155437128","chr15","74532920","74533044","41","80904075"
"chr3","155437154","155437275","chr6","18398574","18398693","14","137038580"
"chr3","155437515","155437798","chr3","153062543","153062827","8","2374972"
"chr3","155449806","155450105","chr3","153074864","153075163","1","2374942"
"chr3","155451692","155451988","chr3","153076735","153077012","30","2374957"
"chr3","155456521","155456821","chr3","153081580","153081880","14","2374941"
"chr3","155464918","155465216","chr3","153089917","153090219","8","2375001"
"chr3","155487127","155487434","chr12","122919882","122920180","53","32567245"
"chr3","155491134","155491424","chr3","153119163","153119458","12","2371971"
"chr3","155492828","155493121","chr3","153120874","153121167","1","2371954"
"chr3","155505480","155505752","chr17","40260215","40260486","34","115245265"
"chr3","155521985","155522287","chr3","153149934","153150237","6","2372051"
"chr3","155525325","155525599","chr3","153153274","153153548","4","2372051"
"chr3","155548608","155548920","chr3","153176738","153177047","8","2371870"
"chr3","155552233","155552546","chr3","153180347","153180660","8","2371886"
"chr3","155558149","155558420","chr3","153185945","153186216","8","2372204"
"chr3","155562422","155562713","chr3","153190259","153190550","7","2372163"
"chr3","155570636","155570929","chr3","153198477","153198770","4","2372159"
"chr3","155605664","155605938","chr11","1668628","1668913","58","153937036"
"chr3","155610060","155610368","chr13","40704915","40705219","44","114905145"
"chr3","155631597","155631877","chr3","153265538","153265817","3","2366059"
"chr3","155645099","155645401","chr3","153279082","153279383","4","2366017"
"chr3","155646236","155646546","chr3","153280219","153280530","11","2366017"
"chr3","155757462","155757767","chr3","153387385","153387691","6","2370077"
"chr3","155836141","155836305","chr3","153465859","153466023","0","2370282"
"chr3","155842661","155842752","chr3","153472386","153472477","2","2370275"
"chr3","155959204","155959515","chr3","153580820","153581127","12","2378384"
"chr3","156065171","156065475","chr3","153659245","153659545","7","2405926"
"chr3","156122025","156122320","chr3","153715945","153716240","6","2406080"
"chr3","156160142","156160425","chr3","153753878","153754161","7","2406264"
"chr3","156375049","156375331","chr5","98979560","98979853","54","57395489"
"chr3","156439479","156439779","chr3","154016670","154016966","9","2422809"
"chr3","156469245","156469548","chr3","154046433","154046736","6","2422812"
"chr3","156514727","156515034","chr3","154090616","154090916","11","2424111"
"chr3","156530348","156530606","chr3","154106189","154106447","9","2424159"
"chr3","156552375","156552669","chr3","154128247","154128535","12","2424128"
"chr3","156554292","156554588","chr3","154130148","154130440","9","2424144"
"chr3","156568129","156568243","chr3","154142253","154142367","1","2425876"
"chr3","156594191","156594498","chr17","2149068","2149374","49","154445123"
"chr3","156615631","156615929","chr3","154186479","154186777","6","2429152"
"chr3","156619372","156619663","chr2","39239808","39240097","40","117379564"
"chr3","156637539","156637839","chr3","154208764","154209066","16","2428775"
"chr3","156663812","156664080","chr3","154237270","154237538","4","2426542"
"chr3","156671573","156671874","chr3_KI270777v1_alt","36715","37016","3","156634858"
"chr3","156682826","156683103","chr3","154256255","154256532","5","2426571"
"chr3","156725297","156725590","chr3","154298990","154299283","8","2426307"
"chr3","156730862","156731153","chr3","154302797","154303088","5","2428065"
"chr3","156806908","156807210","chr3","154378089","154378388","11","2428819"
"chr3","156972614","156972919","chr3","154521191","154521496","6","2451423"
"chr3","157017860","157018156","chr3","154566469","154566745","25","2451391"
"chr3","157078458","157078564","chr1","23225727","23225836","13","133852731"
"chr3","157117856","157118148","chr3","154667638","154667933","12","2450218"
"chr3","157169181","157169490","chr3","154720063","154720372","8","2449118"
"chr3","157193484","157193789","chr3","154744291","154744596","3","2449193"
"chr3","157233560","157233851","chr3","154787508","154787796","5","2446052"
"chr3","157247096","157247393","chr3","154801077","154801374","10","2446019"
"chr3","157282855","157283150","chr3","154836793","154837096","12","2446062"
"chr3","157329551","157329848","chrX","136823661","136823947","59","20505890"
"chr3","157372122","157372416","chr3","154929912","154930206","2","2442210"
"chr3","157416819","157417097","chr3","154974615","154974918","30","2442204"
"chr3","157449420","157449713","chr3","155007230","155007522","8","2442190"
"chr3","157499801","157500000","chr2","227277718","227277914","31","69777917"
"chr3","157517311","157517619","chr3","155074423","155074731","8","2442888"
"chr3","157520807","157520928","chr3","155077924","155078045","1","2442883"
"chr3","157520969","157521117","chr3","155078080","155078231","5","2442889"
"chr3","157532675","157532936","chr3","155089713","155089974","2","2442962"
"chr3","157598509","157598778","chr3","155140411","155140697","37","2458098"
"chr3","157601616","157601888","chr3","155140411","155140697","33","2461205"
"chr3","157613747","157614045","chr3","155152559","155152856","9","2461188"
"chr3","157631286","157631575","chr3","155170056","155170344","4","2461230"
"chr3","157650243","157650548","chr3","155188995","155189299","5","2461248"
"chr3","157711268","157711570","chr3","155250151","155250453","4","2461117"
"chr3","157767246","157767481","chr8","30340316","30340550","45","127426930"
"chr3","157798891","157799194","chr3","155333690","155333992","12","2465201"
"chr3","157855739","157856031","chr3","155390792","155391089","17","2464947"
"chr3","157857486","157857788","chr3","155392542","155392844","13","2464944"
"chr3","157896214","157896506","chr1","70892569","70892867","60","87003645"
"chr3","157923884","157924195","chr3","155458060","155458369","13","2465824"
"chr3","157958904","157959201","chr3","155497717","155498014","10","2461187"
"chr3","157984279","157984386","chr19","41138681","41138793","22","116845598"
"chr3","158021572","158021892","chr20","2543904","2544215","58","155477668"
"chr3","158036230","158036519","chr3","155561793","155562080","8","2474437"
"chr3","158040098","158040420","chr14","23429394","23429705","48","134610704"
"chr3","158118549","158118843","chr6","35593553","35593854","42","122524996"
"chr3","158186758","158187051","chr3","155709996","155710289","5","2476762"
"chr3","158187312","158187618","chr3","155710551","155710849","13","2476761"
"chr3","158192121","158192418","chr1","39418581","39418875","48","118773540"
"chr3","158204190","158204493","chr3","155727392","155727687","13","2476798"
"chr3","158206443","158206747","chr3","155729642","155729943","5","2476801"
"chr3","158219532","158219797","chr11","68765878","68766145","3","89453654"
"chr3","158222017","158222326","chr3","41890398","41890700","45","116331619"
"chr3","158230224","158230409","chr11","68776597","68776782","1","89453627"
"chr3","158232076","158232326","chr11","68778455","68778705","7","89453621"
"chr3","158235005","158235307","chr11","68781338","68781640","8","89453667"
"chr3","158237946","158238053","chr10","68448987","68449097","12","89788959"
"chr3","158238079","158238330","chr11","68784280","68784544","40","89453799"
"chr3","158239104","158239395","chr11","68785283","68785580","12","89453821"
"chr3","158243388","158243688","chr16","57696913","57697212","41","100546475"
"chr3","158255464","158255753","chr11","68801348","68801645","13","89454116"
"chr3","158279485","158279787","chr3","155757330","155757639","13","2522155"
"chr3","158284295","158284603","chr3","155762154","155762464","10","2522141"
"chr3","158306270","158306559","chr3","155784459","155784748","5","2521811"
"chr3","158313929","158314030","chr1","23988359","23988461","17","134325570"
"chr3","158330597","158330893","chr3","155803599","155803892","5","2526998"
"chr3","158333817","158334112","chr3","155806851","155807146","0","2526966"
"chr3","158345736","158345973","chr3","155817989","155818226","7","2527747"
"chr3","158351701","158352014","chr3","155823700","155824013","2","2528001"
"chr3","158354433","158354733","chr3","155826105","155826404","6","2528328"
"chr3","158361250","158361396","chr3","155832546","155832693","4","2528704"
"chr3","158368341","158368661","chr3","155839667","155839962","29","2528674"
"chr3","158373105","158373396","chr3","155844459","155844765","23","2528646"
"chr3","158377517","158377827","chr3","155848904","155849214","5","2528613"
"chr3","158378234","158378513","chr3","155849627","155849908","7","2528607"
"chr3","158380188","158380304","chr3","155851601","155851717","1","2528587"
"chr3","158384578","158384845","chr3","155855987","155856248","11","2528591"
"chr3","158386087","158386359","chr3","155857491","155857763","5","2528596"
"chr3","158388874","158389169","chr3","155860593","155860887","4","2528281"
"chr3","158389221","158389510","chr3","155860939","155861227","9","2528282"
"chr3","158394690","158394991","chr4","170070910","170071211","40","11676220"
"chr3","158403822","158404130","chr3","155874897","155875217","17","2528925"
"chr3","158409197","158409497","chr17","79194326","79194625","48","79214871"
"chr3","158410482","158410786","chr3","155883070","155883374","2","2527412"
"chr3","158444924","158445219","chr3","155918168","155918470","9","2526756"
"chr3","158447693","158448003","chr3","155920960","155921265","9","2526733"
"chr3","158457466","158457768","chr3","155932910","155933219","14","2524556"
"chr3","158467211","158467493","chr3","155942949","155943241","18","2524262"
"chr3","158469800","158470095","chr3","155945541","155945836","6","2524259"
"chr3","158482454","158482757","chr3","155958257","155958560","4","2524197"
"chr3","158484589","158484887","chr3","155960385","155960683","10","2524204"
"chr3","158510411","158510683","chr3","155986353","155986625","3","2524058"
"chr3","158532972","158533234","chr3","156011187","156011449","2","2521785"
"chr3","158550718","158550990","chr16","68986624","68986898","38","89564094"
"chr3","158560236","158560544","chr3","156037951","156038257","4","2522285"
"chr3","158627332","158627634","chr3","156101944","156102253","12","2525388"
"chr3","158632016","158632316","chr3","156106596","156106900","9","2525420"
"chr3","158649632","158649936","chr3","156124207","156124516","9","2525425"
"chr3","158660675","158660982","chr5","79214804","79215109","41","79445871"
"chr3","158693209","158693491","chr7","29962405","29962688","47","128730804"
"chr3","158832382","158832662","chr3","156312455","156312731","20","2519927"
"chr3","158834671","158834962","chr3","156314731","156315022","3","2519940"
"chr3","158894768","158895042","chr5","159534931","159535207","29","640163"
"chr3","158927117","158927427","chr3","156408498","156408807","9","2518619"
"chr3","158987758","158988035","chr3","156469226","156469507","7","2518532"
"chr3","159184626","159184922","chr2","28087657","28087949","48","131096969"
"chr3","159186064","159186354","chr3","156663241","156663524","11","2522823"
"chr3","159193462","159193762","chr3","156670657","156670957","4","2522805"
"chr3","159230329","159230607","chr3","156707580","156707858","8","2522749"
"chr3","159323046","159323343","chr3","156801090","156801381","10","2521956"
"chr3","159582063","159582357","chr3","157055605","157055898","4","2526458"
"chr3","159594012","159594318","chr3","157067586","157067890","11","2526426"
"chr3","159603134","159603457","chr3","157076749","157077073","6","2526385"
"chr3","159703374","159703656","chr3","157177049","157177335","5","2526325"
"chr3","159728192","159728477","chr3","157202128","157202413","6","2526064"
"chr3","159741133","159741439","chr3","157215100","157215416","18","2526033"
"chr3","159768429","159768729","chr3","157242425","157242727","12","2526004"
"chr3","159818598","159818902","chr3","157295673","157295979","7","2522925"
"chr3","159977619","159977915","chr3","157447595","157447894","10","2530024"
"chr3","160044586","160044820","chr9","128079477","128079710","36","31965109"
"chr3","160155766","160155894","chr3","157636797","157636925","2","2518969"
"chr3","160317674","160317968","chr3","157797148","157797442","10","2520526"
"chr3","160345953","160346220","chr3","157825146","157825413","3","2520807"
"chr3","160411211","160411452","chrX","54535930","54536165","45","105875281"
"chr3","160471770","160472076","chr21","25676006","25676316","48","134795764"
"chr3","160569361","160569656","chr3","158042235","158042501","46","2527126"
"chr3","160575977","160576345","chr19","1797451","1797798","68","158778526"
"chr3","160582547","160582852","chr19","8102987","8103287","38","152479560"
"chr3","160604499","160604803","chr7","98808030","98808339","37","61796469"
"chr3","160604806","160605116","chr3","158077149","158077459","9","2527657"
"chr3","160606254","160606572","chr3","158078610","158078931","12","2527644"
"chr3","160663606","160663919","chr3","158135273","158135579","9","2528333"
"chr3","160668016","160668312","chr3","158139637","158139932","5","2528379"
"chr3","160670196","160670476","chr3","158141816","158142100","10","2528380"
"chr3","160688696","160688997","chr3","158158658","158158959","2","2530038"
"chr3","160691531","160691817","chr3","158161480","158161766","7","2530051"
"chr3","160693045","160693346","chr3","158163004","158163305","3","2530041"
"chr3","160697230","160697532","chr1","148849687","148849984","48","11847543"
"chr3","160708276","160708600","chr3","158178114","158178438","7","2530162"
"chr3","160732177","160732470","chr3","158202020","158202313","6","2530157"
"chr3","160778379","160778627","chr3","158248602","158248847","6","2529777"
"chr3","160832610","160832873","chr4","38494938","38495198","44","122337672"
"chr3","160874318","160874600","chr3","158343995","158344277","3","2530323"
"chr3","160893569","160893874","chr3","158363260","158363564","8","2530309"
"chr3","160938666","160938946","chr3","158408750","158409031","5","2529916"
"chr3","161023789","161024095","chr3","158495279","158495585","8","2528510"
"chr3","161082350","161082650","chr3","158553236","158553536","4","2529114"
"chr3","161121006","161121316","chr3","158591156","158591459","11","2529850"
"chr3","161139866","161140163","chr3","158603558","158603855","6","2536308"
"chr3","161222973","161223265","chr3","158686722","158687008","32","2536251"
"chr3","161223741","161224024","chr3","158687483","158687770","9","2536258"
"chr3","161264334","161264643","chr3","158728513","158728823","11","2535821"
"chr3","161266251","161266573","chr9","70457814","70458117","76","90808437"
"chr3","161314116","161314377","chr3","158778269","158778530","6","2535847"
"chr3","161315385","161315696","chr3","158779526","158779837","5","2535859"
"chr3","161320672","161320939","chr3","158783867","158784134","3","2536805"
"chr3","161377924","161378206","chr3","158845209","158845491","5","2532715"
"chr3","161419950","161420274","chr3","158883872","158884197","7","2536078"
"chr3","161655063","161655360","chr3","159114314","159114611","5","2540749"
"chr3","161696799","161697080","chr3","159155157","159155457","24","2541642"
"chr3","161778202","161778366","chr3","159240728","159240892","4","2537474"
"chr3","161784872","161785179","chr3","159247086","159247389","9","2537786"
"chr3","161802429","161802719","chr3","159264648","159264902","37","2537781"
"chr3","161884345","161884618","chr3","159334889","159335162","4","2549456"
"chr3","161895400","161895705","chr3","159345912","159346215","13","2549488"
"chr3","162137595","162137869","chr3","159590322","159590597","7","2547273"
"chr3","162163612","162163809","chr3","159616204","159616401","4","2547408"
"chr3","162183591","162183897","chr3","159636041","159636347","5","2547550"
"chr3","162254134","162254417","chr3","159683067","159683350","3","2571067"
"chr3","162271023","162271332","chr2","218133291","218133590","45","55862268"
"chr3","162297476","162297782","chr3","159725260","159725564","9","2572216"
"chr3","162351802","162352102","chr3","159779386","159779684","6","2572416"
"chr3","162357076","162357368","chr3","159784660","159784952","7","2572416"
"chr3","162362808","162363097","chr3","159790410","159790699","5","2572398"
"chr3","162370872","162371157","chr3","159798476","159798774","21","2572396"
"chr3","162388342","162388621","chr3","159815967","159816246","2","2572375"
"chr3","162480045","162480353","chr3","159908476","159908784","6","2571569"
"chr3","162504575","162504861","chr3","159932674","159932963","6","2571901"
"chr3","162540811","162541140","chr3","159968719","159969057","17","2572092"
"chr3","162583594","162583896","chr1","8130637","8130940","38","154452957"
"chr3","162584052","162584270","chr19","45389528","45389745","31","117194524"
"chr3","162619724","162619856","chr3","160045861","160045993","3","2573863"
"chr3","162621251","162621529","chr3","160047405","160047684","10","2573846"
"chr3","162635821","162636127","chr3","160064002","160064309","6","2571819"
"chr3","162640058","162640369","chr3","160065733","160066058","25","2574325"
"chr3","162673128","162673429","chr3","160094390","160094686","11","2578738"
"chr3","162676305","162676553","chr3","160097559","160097807","5","2578746"
"chr3","162695508","162695758","chr3","160116707","160116958","4","2578801"
"chr3","162733370","162733681","chr16","68302982","68303286","35","94430388"
"chr3","162755349","162755652","chr3","160175845","160176148","9","2579504"
"chr3","162793911","162794209","chr3","160215746","160216042","9","2578165"
"chr3","162796301","162796607","chr1","81668555","81668869","58","81127746"
"chr3","162801674","162801970","chr3","160223488","160223793","25","2578186"
"chr3","162811896","162812194","chr3","160232970","160233267","4","2578926"
"chr3","162813711","162813998","chr3","160234784","160235073","12","2578927"
"chr3","162822458","162822759","chr3","160243451","160243754","13","2579007"
"chr3","162843060","162843356","chr3","160264113","160264408","17","2578947"
"chr3","162843368","162843538","chr11","18382575","18382748","31","144460793"
"chr3","162843564","162843679","chr7","156901239","156901357","20","5942325"
"chr3","162847895","162848189","chr3","160268947","160269244","7","2578948"
"chr3","162848954","162849243","chr4","82294813","82295105","38","80554141"
"chr3","162853591","162853865","chr3","160274658","160274926","9","2578933"
"chr3","162869057","162869354","chr3","160290138","160290435","7","2578919"
"chr3","162908969","162909269","chr3","160328180","160328483","7","2580789"
"chr3","162929797","162930095","chr6","56373320","56373622","33","106556477"
"chr3","162959664","162959936","chr3","160380029","160380301","1","2579635"
"chr3","163007164","163007450","chr3","160427805","160428101","17","2579359"
"chr3","163078332","163078631","chr3","160497133","160497424","14","2581199"
"chr3","163092059","163092327","chr3","160510797","160511089","32","2581262"
"chr3","163093861","163094101","chr3","160512608","160512850","9","2581253"
"chr3","163101914","163102208","chr6","106953332","106953625","53","56148582"
"chr3","163108981","163109280","chr3","160528367","160528665","6","2580614"
"chr3","163115451","163115741","chr3","160533034","160533325","5","2582417"
"chr3","163128617","163128913","chr3","160546236","160546532","6","2582381"
"chr3","163154866","163155147","chr3","160572378","160572660","14","2582488"
"chr3","163162531","163162836","chr3","160580038","160580339","13","2582493"
"chr3","163180171","163180437","chrX","20208434","20208703","47","142971737"
"chr3","163182183","163182481","chr3","160599647","160599945","13","2582536"
"chr3","163188813","163189112","chr3","160606296","160606595","5","2582517"
"chr3","163270174","163270488","chr7","46407840","46408151","38","116862334"
"chr3","163325302","163325602","chr3","160742607","160742907","13","2582695"
"chr3","163334819","163335101","chr17","21098560","21098844","50","142236259"
"chr3","163353954","163354239","chr2","120263563","120263829","62","43090391"
"chr3","163456184","163456440","chr3","160873563","160873816","9","2582621"
"chr3","163561056","163561362","chr3","160970448","160970757","11","2590608"
"chr3","163569110","163569396","chr3","160981779","160982065","5","2587331"
"chr3","163620482","163620768","chr3","161023995","161024282","9","2596487"
"chr3","163635541","163635829","chr3","161044051","161044339","4","2591490"
"chr3","163690507","163690690","chr3","161098432","161098622","8","2592075"
"chr3","163705349","163705632","chr3","161113284","161113568","2","2592065"
"chr3","163801929","163802227","chr8","101073332","101073625","41","62728597"
"chr3","163824387","163824644","chr1","17191071","17191350","64","146633316"
"chr3","163844489","163844757","chr3","161252817","161253093","22","2591672"
"chr3","163875194","163875488","chr3","161283435","161283744","19","2591759"
"chr3","163879534","163879830","chrX","2547241","2547535","49","161332293"
"chr3","163897711","163898047","chr3","161305901","161306232","10","2591810"
"chr3","163898178","163898470","chr3","161306363","161306652","12","2591815"
"chr3","164024287","164024590","chr3","161408504","161408825","22","2615783"
"chr3","164073341","164073478","chr10","940315","940452","24","163133026"
"chr3","164146057","164146143","chr22","21702520","21702606","11","142443537"
"chr3","164156620","164156786","chr19","38746957","38747123","23","125409663"
"chr3","164156813","164156938","chrX","21121418","21121544","14","143035395"
"chr3","164226925","164227211","chr3","161616685","161616965","11","2610240"
"chr3","164279409","164279705","chr3","161669091","161669387","5","2610318"
"chr3","164619426","164619701","chr3","161981477","161981752","11","2637949"
"chr3","164691950","164692253","chr3","162054431","162054734","9","2637519"
"chr3","164808448","164808748","chr3","162171059","162171355","11","2637389"
"chr3","164902490","164902812","chr3","162261354","162261663","18","2641136"
"chr3","164928322","164928630","chr1","44475289","44475589","43","120453033"
"chr3","165044867","165045176","chr2","210358924","210359229","47","45314057"
"chr3","165094581","165094832","chr3","162470550","162470795","12","2624031"
"chr3","165376812","165376934","chr5","131257273","131257396","20","34119539"
"chr3","165450718","165451034","chr3","162813484","162813799","4","2637234"
"chr3","165463605","165463910","chr3","162825539","162825843","12","2638066"
"chr3","165475782","165476099","chr11","76273404","76273727","64","89202378"
"chr3","165524498","165524796","chr3","162886588","162886877","12","2637910"
"chr3","165563416","165563696","chr3","162939963","162940267","33","2623453"
"chr3","165631822","165632132","chr3","163007960","163008268","8","2623862"
"chr3","165709199","165709518","chr3","163086893","163087212","5","2622306"
"chr3","165778811","165779114","chr3","163156480","163156782","10","2622331"
"chr3","165825853","165826129","chr20","319359","319633","61","165506494"
"chr3","165835619","165835925","chr3","163213413","163213720","4","2622206"
"chr3","166061804","166062128","chr3","163440097","163440437","20","2621707"
"chr3","166079630","166079838","chr8","3060152","3060362","56","163019478"
"chr3","166158905","166159201","chr3","163534188","163534482","7","2624717"
"chr3","166169497","166169692","chr3","163544794","163544989","2","2624703"
"chr3","166273282","166273592","chr3","163646004","163646318","8","2627278"
"chr3","166313221","166313523","chr3","163686108","163686406","9","2627113"
"chr3","166344657","166344965","chr3","163717629","163717937","3","2627028"
"chr3","166376466","166376749","chr16","18004198","18004474","44","148372268"
"chr3","166407808","166408086","chr16","81145791","81146073","34","85262017"
"chr3","166422497","166422801","chr3","163797336","163797640","11","2625161"
"chr3","166650151","166650447","chr3","164015150","164015458","20","2635001"
"chr3","166671057","166671339","chr3","164036075","164036357","6","2634982"
"chr3","166682111","166682344","chr3","164047007","164047240","2","2635104"
"chr3","166716560","166716865","chr3","164089764","164090069","5","2626796"
"chr3","166924367","166924672","chr7","76492924","76493224","48","90431443"
"chr3","166987577","166987867","chr3","164361375","164361663","11","2626202"
"chr3","167042009","167042280","chr3","164415985","164416256","1","2626024"
"chr3","167050744","167051054","chr3","164424688","164424996","14","2626056"
"chr3","167054471","167054760","chr1","91989375","91989660","62","75065096"
"chr3","167092012","167092307","chr3","164466155","164466423","30","2625857"
"chr3","167160077","167160392","chr3","164532256","164532565","14","2627821"
"chr3","167227111","167227400","chr3","164601347","164601645","29","2625764"
"chr3","167254995","167255293","chr3","164628021","164628319","3","2626974"
"chr3","167272819","167273093","chr17","40260215","40260486","45","127012604"
"chr3","167406902","167407187","chr16","53114272","53114557","32","114292630"
"chr3","167478954","167479233","chr3","164849653","164849932","6","2629301"
"chr3","167663336","167663596","chr22","42695883","42696139","41","124967453"
"chr3","167696814","167697121","chr3","165085972","165086267","27","2610842"
"chr3","167730113","167730333","chr3","165122476","165122696","6","2607637"
"chr3","167760193","167760481","chr3","165152038","165152326","8","2608155"
"chr3","167832136","167832455","chr3","165223919","165224226","36","2608217"
"chr3","167844677","167844967","chr3","165236468","165236769","15","2608209"
"chr3","167919645","167919965","chr3","165301458","165301772","12","2618187"
"chr3","167925808","167926105","chr3","165307919","165308216","9","2617889"
"chr3","167948368","167948679","chr3","165330458","165330726","49","2617910"
"chr3","168025505","168025806","chr3","165406705","165407007","6","2618800"
"chr3","168188636","168188934","chr4","77070018","77070316","47","91118618"
"chr3","168199434","168199747","chr3","165563576","165563884","12","2635858"
"chr3","168227948","168228249","chr3","165597717","165598025","13","2630231"
"chr3","168239390","168239690","chr22","30813172","30813473","63","137426218"
"chr3","168292948","168293240","chr3","165662766","165663060","9","2630182"
"chr3","168380322","168380642","chr3","165748834","165749150","14","2631488"
"chr3","168407277","168407558","chr3","165771942","165772225","7","2635335"
"chr3","168407597","168407607","chr3","165772255","165772265","0","2635342"
"chr3","168426888","168427092","chr1","40185222","40185429","37","128241666"
"chr3","168444949","168445246","chr3","165807571","165807862","14","2637378"
"chr3","168469690","168469976","chr3","165832308","165832591","9","2637382"
"chr3","168748264","168748557","chr17","78246075","78246366","58","90502189"
"chr3","168761957","168762181","chr2","143189534","143189759","36","25572423"
"chr3","168803252","168803551","chr14","63696007","63696300","59","105107245"
"chr3","168916787","168917018","chr3","166268276","166268508","5","2648511"
"chr3","168947927","168948226","chr3","166299492","166299793","10","2648435"
"chr3","168979330","168979637","chr3","166326237","166326544","8","2653093"
"chr3","169086319","169086578","chr3","166427762","166428021","5","2658557"
"chr3","169132787","169133015","chr3","166473861","166474089","2","2658926"
"chr3","169150399","169150700","chr3","166490272","166490574","8","2660127"
"chr3","169245423","169245723","chr3","166585890","166586192","11","2659533"
"chr3","169261399","169261710","chr3","166601806","166602084","39","2659593"
"chr3","169316106","169316416","chr3","166657629","166657936","12","2658477"
"chr3","169327471","169327649","chr3","166669184","166669362","2","2658287"
"chr3","169361188","169361452","chr3","166703245","166703507","7","2657943"
"chr3","169416304","169416612","chr2","140976491","140976810","47","28439813"
"chr3","169475607","169475912","chr3","166819691","166819996","6","2655916"
"chr3","169712463","169712751","chr3","167036383","167036674","5","2676080"
"chr3","169746296","169746606","chr14","29549604","29549910","42","140196692"
"chr3","169810519","169810835","chr6","37812196","37812503","50","131998323"
"chr3","170009211","170009522","chr3","167334291","167334600","6","2674920"
"chr3","170047144","170047435","chr3","167371932","167372220","11","2675212"
"chr3","170050529","170050846","chr3","167375310","167375611","32","2675219"
"chr3","170148397","170148657","chr3","167470551","167470829","24","2677846"
"chr3","170213482","170213768","chr3","167536397","167536683","5","2677085"
"chr3","170233756","170233896","chr3","167556604","167556744","3","2677152"
"chr3","170234196","170234350","chr3","167557048","167557202","1","2677148"
"chr3","170259836","170260104","chr3","167582677","167582946","5","2677159"
"chr3","170292337","170292640","chr3","167617245","167617548","1","2675092"
"chr3","170341298","170341613","chr3","167654615","167654928","4","2686683"
"chr3","170346026","170346316","chr3","167659292","167659582","2","2686734"
"chr3","170356874","170357175","chr3","167670400","167670702","11","2686474"
"chr3","170443719","170444016","chr3","167757637","167757934","2","2686082"
"chr3","170501240","170501553","chr3","167815380","167815689","7","2685860"
"chr3","170557917","170558224","chr3","167877831","167878137","3","2680086"
"chr3","170584533","170584847","chr3","167902913","167903222","12","2681620"
"chr3","170671668","170671976","chr11","94808959","94809270","51","75862709"
"chr3","170746292","170746630","chr3","168042242","168042578","13","2704050"
"chr3","170826343","170826650","chr16","87580370","87580663","59","83245973"
"chr3","170897662","170897962","chr3","168167906","168168187","31","2729756"
"chr3","171080330","171080619","chr3","168338920","168339206","11","2741410"
"chr3","171114895","171115188","chr3","168368431","168368726","6","2746464"
"chr3","171190215","171190528","chr3","168443400","168443712","8","2746815"
"chr3","171201820","171201903","chr3","168455044","168455127","0","2746776"
"chr3","171293514","171293822","chrX","84220319","84220621","53","87073195"
"chr3","171321241","171321501","chr3","168574297","168574557","5","2746944"
"chr3","171352007","171352263","chr3","168632149","168632428","26","2719858"
"chr3","171383010","171383266","chr3","168632149","168632428","26","2750861"
"chr3","171579350","171579606","chr3","168830331","168830610","28","2749019"
"chr3","171689707","171690019","chr13","20044768","20045072","48","151644939"
"chr3","171747485","171747603","chr3","101583843","101583962","13","70163642"
"chr3","171826124","171826431","chr3","169078725","169079032","6","2747399"
"chr3","171828480","171828818","chr3","169081058","169081363","36","2747422"
"chr3","171843689","171843984","chr3","169096271","169096569","8","2747418"
"chr3","171847472","171847786","chr3","169100105","169100398","26","2747367"
"chr3","171967876","171968143","chr7","6896647","6896900","76","165071229"
"chr3","172005762","172006070","chr3","169257940","169258248","6","2747822"
"chr3","172039963","172040245","chr3","169292071","169292350","16","2747892"
"chr3","172144359","172144666","chr3","169396694","169396995","14","2747665"
"chr3","172159374","172159665","chr10","93448714","93449003","38","78710660"
"chr3","172230190","172230473","chr3","169481300","169481587","8","2748890"
"chr3","172236189","172236495","chr10","97100342","97100645","42","75135847"
"chr3","172240610","172240895","chr3","169492680","169492965","5","2747930"
"chr3","172253690","172253975","chr3","169492680","169492965","5","2761010"
"chr3","172258091","172258397","chr10","97100342","97100645","42","75157749"
"chr3","172325349","172325653","chr3","169561864","169562167","11","2763485"
"chr3","172438208","172438506","chr3","169674524","169674824","10","2763684"
"chr3","172473659","172473914","chr10","48324984","48325235","33","124148675"
"chr3","172530648","172530896","chr11","64958663","64958924","49","107571985"
"chr3","172542497","172542785","chr3","169754138","169754437","19","2788359"
"chr3","172605975","172606255","chr3","169809955","169810238","10","2796020"
"chr3","172606801","172607109","chr3","169810783","169811091","6","2796018"
"chr3","172620519","172620830","chr3","169824501","169824812","4","2796018"
"chr3","172630063","172630345","chr3","169834080","169834362","3","2795983"
"chr3","172633948","172634252","chr3","169837935","169838239","9","2796013"
"chr3","172647250","172647545","chr9","125708082","125708378","48","46939168"
"chr3","172651895","172652161","chr3","169855916","169856182","3","2795979"
"chr3","172654678","172654904","chr8","144770978","144771201","28","27883700"
"chr3","172667037","172667151","chr1","85574766","85574880","16","87092271"
"chr3","172671162","172671470","chr1","50991971","50992282","42","121679191"
"chr3","172673278","172673592","chr3","169877172","169877487","16","2796106"
"chr3","172675952","172676250","chr3","169882709","169883006","5","2793243"
"chr3","172682479","172682781","chr3","169889248","169889549","7","2793231"
"chr3","172690277","172690546","chr3","169897014","169897282","5","2793263"
"chr3","172709609","172709913","chr3","169916364","169916668","5","2793245"
"chr3","172711196","172711490","chr3","169917943","169918237","7","2793253"
"chr3","172777051","172777345","chr20","31978854","31979149","33","140798197"
"chr3","172781788","172782018","chr20","31273821","31274052","41","141507967"
"chr3","172803206","172803510","chr3","170009602","170009907","4","2793604"
"chr3","172820114","172820410","chr3","170026528","170026833","13","2793586"
"chr3","172829829","172830131","chr3","170036771","170037073","6","2793058"
"chr3","172830360","172830676","chr3","170037302","170037624","12","2793058"
"chr3","172845472","172845758","chr3","170051929","170052225","20","2793543"
"chr3","172856785","172857098","chr3","170063252","170063565","9","2793533"
"chr3","172861634","172861946","chr3","170068140","170068453","4","2793494"
"chr3","172865036","172865321","chr2","224453567","224453854","35","51588531"
"chr3","172866173","172866481","chr17","47791740","47792043","37","125074433"
"chr3","172882990","172883291","chr3","170088884","170089184","6","2794106"
"chr3","172906322","172906610","chr3","170112525","170112823","14","2793797"
"chr3","172929001","172929284","chr3","170135167","170135450","5","2793834"
"chr3","172934124","172934417","chr5","65063624","65063925","47","107870500"
"chr3","172939967","172940186","chr2","8593136","8593337","34","164346831"
"chr3","172959848","172960149","chr3","170166042","170166343","4","2793806"
"chr3","172961285","172961595","chr3","170167479","170167775","21","2793806"
"chr3","172971209","172971494","chr3","170177380","170177665","3","2793829"
"chr3","172981890","172982195","chr3","170188215","170188508","21","2793675"
"chr3","173007598","173007906","chr3","170213846","170214157","6","2793752"
"chr3","173023682","173023992","chr3","170224513","170224823","8","2799169"
"chr3","173037761","173038079","chr6_GL000251v2_alt","1758720","1759038","40","171279041"
"chr3","173054963","173055262","chr3","170253815","170254115","5","2801148"
"chr3","173059444","173059732","chr1","21940800","21941098","47","151118644"
"chr3","173061610","173061893","chr3","170260473","170260752","7","2801137"
"chr3","173063618","173063924","chr3","170262472","170262778","8","2801146"
"chr3","173067554","173067845","chr1","93707428","93707720","39","79360126"
"chr3","173075140","173075445","chr3","170274133","170274432","12","2801007"
"chr3","173081456","173081761","chr3","170280450","170280749","16","2801006"
"chr3","173088648","173088949","chr3","170287629","170287935","13","2801019"
"chr3","173089506","173089799","chr3","170288467","170288760","2","2801039"
"chr3","173094685","173095022","chr3","170293645","170293981","5","2801040"
"chr3","173095971","173096274","chr10","102302987","102303286","44","70792984"
"chr3","173096431","173096735","chr3","170295388","170295695","6","2801043"
"chr3","173106776","173107071","chrX","101536596","101536891","2","71570180"
"chr3","173111790","173112082","chr3","170303714","170303992","18","2808076"
"chr3","173117615","173117925","chr17","61018291","61018601","34","112099324"
"chr3","173118557","173118859","chr3","170310486","170310788","11","2808071"
"chr3","173120433","173120737","chr3","170312361","170312666","6","2808072"
"chr3","173123461","173123727","chr3","170315420","170315678","10","2808041"
"chr3","173137646","173137940","chr3","170329447","170329741","14","2808199"
"chr3","173158617","173158900","chr3","170350248","170350531","7","2808369"
"chr3","173159173","173159301","chr3","170350800","170350928","3","2808373"
"chr3","173159949","173160243","chr3","170351576","170351870","4","2808373"
"chr3","173170931","173171215","chr3","170362551","170362826","15","2808380"
"chr3","173179607","173179917","chr3","170371219","170371530","7","2808388"
"chr3","173184414","173184723","chr3","170376037","170376346","9","2808377"
"chr3","173184956","173185259","chr17","20802475","20802775","56","152382481"
"chr3","173189739","173190036","chr3","170381434","170381732","10","2808305"
"chr3","173209445","173209751","chr3","170402114","170402416","12","2807331"
"chr3","173211788","173211923","chr5","140617144","140617279","12","32594644"
"chr3","173213513","173213805","chr3","170406185","170406480","10","2807328"
"chr3","173221884","173222198","chr20","58588417","58588726","50","114633467"
"chr3","173258978","173259052","chr1","243874429","243874504","6","70615451"
"chr3","173267593","173267898","chr3","170455767","170456073","4","2811826"
"chr3","173268991","173269302","chr3","170457175","170457486","9","2811816"
"chr3","173280120","173280429","chr11","122761780","122762091","38","50518340"
"chr3","173316114","173316429","chr3","170504304","170504618","15","2811810"
"chr3","173338477","173338790","chr1","23115549","23115841","65","150222928"
"chr3","173371234","173371543","chr3","170558086","170558410","25","2813148"
"chr3","173438729","173439015","chr3","170625967","170626250","15","2812762"
"chr3","173439341","173439650","chr3","170626576","170626876","14","2812765"
"chr3","173554416","173554704","chr3","170743654","170743943","5","2810762"
"chr3","173567200","173567376","chr3","170756444","170756620","0","2810756"
"chr3","173579935","173580238","chr3","170769175","170769478","6","2810760"
"chr3","173605043","173605345","chr3","170793868","170794170","6","2811175"
"chr3","173641288","173641581","chr3","170830954","170831246","6","2810334"
"chr3","173668098","173668408","chr3","170858181","170858493","7","2809917"
"chr3","173683574","173683871","chr3","170873655","170873963","17","2809919"
"chr3","173721813","173722115","chr16","30913976","30914282","41","142807837"
"chr3","173752944","173753284","chr3","170931254","170931588","15","2821690"
"chr3","173852769","173852816","chr1","186923134","186923181","15","13070365"
"chr3","174120496","174120798","chr3","171301315","171301614","16","2819181"
"chr3","174160232","174160534","chr3","171341191","171341519","32","2819041"
"chr3","174186660","174186941","chr3","171367488","171367769","3","2819172"
"chr3","174211714","174212023","chr17","5098205","5098516","44","169113509"
"chr3","174244952","174245257","chr12","132990859","132991158","38","41254093"
"chr3","174319130","174319440","chr1","205833853","205834147","46","31514723"
"chr3","174384585","174384895","chr3","171554797","171555101","12","2829788"
"chr3","174517486","174517796","chr3","171664460","171664758","23","2853026"
"chr3","174522444","174522743","chr3","171669402","171669700","5","2853042"
"chr3","174538883","174539191","chr3","45627726","45628029","42","128911157"
"chr3","174581194","174581494","chr3","171728029","171728337","13","2853165"
"chr3","174662496","174662809","chr3","171800195","171800508","3","2862301"
"chr3","174663721","174664029","chr3","171801420","171801728","1","2862301"
"chr3","174680967","174681252","chr3","171818669","171818954","2","2862298"
"chr3","174717661","174717806","chr3","171855331","171855476","3","2862330"
"chr3","174732027","174732310","chr3","171869642","171869925","5","2862385"
"chr3","174762108","174762411","chrX","41407231","41407533","34","133354877"
"chr3","174781620","174781914","chr3","171918990","171919284","6","2862630"
"chr3","174813578","174813881","chr3","171945376","171945677","7","2868202"
"chr3","174817094","174817388","chr3","120185811","120186105","47","54631283"
"chr3","174818024","174818133","chr10","27478128","27478221","20","147339896"
"chr3","174823147","174823454","chr3","171951265","171951578","12","2871882"
"chr3","174824090","174824384","chr3","120185811","120186105","47","54638279"
"chr3","174827597","174827900","chr3","171945376","171945677","7","2882221"
"chr3","174862716","174863028","chr3","171987616","171987928","3","2875100"
"chr3","174879463","174879774","chr3","172003246","172003547","14","2876217"
"chr3","174895091","174895404","chr3","172017634","172017946","11","2877457"
"chr3","174986941","174987236","chr3","172116570","172116863","11","2870371"
"chr3","175002742","175003019","chr10","59452920","59453202","45","115549822"
"chr3","175017375","175017673","chr6","148883850","148884150","41","26133525"
"chr3","175059514","175059804","chr2","224845730","224846023","45","49786216"
"chr3","175102065","175102373","chr3","172230211","172230533","22","2871854"
"chr3","175103725","175104024","chr3","172231880","172232180","8","2871845"
"chr3","175150536","175150764","chr20","3834113","3834348","30","171316423"
"chr3","175197637","175197940","chr7","71715255","71715553","38","103482382"
"chr3","175261437","175261560","chr3","172387264","172387397","13","2874173"
"chr3","175349018","175349307","chr3","172469564","172469854","14","2879454"
"chr3","175353460","175353544","chr3","172474004","172474088","1","2879456"
"chr3","175358489","175358715","chr4","139303515","139303740","33","36054974"
"chr3","175361317","175361635","chr3","172481897","172482183","41","2879420"
"chr3","175403685","175404002","chr3","172524463","172524759","25","2879222"
"chr3","175405602","175405913","chr3","172526356","172526655","23","2879246"
"chr3","175497726","175498034","chr3","172618398","172618706","11","2879328"
"chr3","175508332","175508605","chr3","172629042","172629315","6","2879290"
"chr3","175516768","175516903","chr3","172637471","172637606","0","2879297"
"chr3","175517209","175517365","chr3","172637899","172638050","8","2879310"
"chr3","175554260","175554534","chr3","172675028","172675302","7","2879232"
"chr3","175561766","175562110","chr1","143950228","143950557","58","31611538"
"chr3","175564577","175564857","chr3","172684699","172684979","6","2879878"
"chr3","175571763","175572074","chr10","119718125","119718435","37","55853638"
"chr3","175576400","175576710","chr3","172695663","172695973","2","2880737"
"chr3","175620526","175620818","chr3","172743886","172744178","7","2876640"
"chr3","175645082","175645396","chr3","172767725","172768031","18","2877357"
"chr3","175651574","175651873","chr3","172774202","172774498","15","2877372"
"chr3","175653025","175653324","chr3","172775631","172775924","10","2877394"
"chr3","175666592","175666880","chr16","30016057","30016348","59","145650535"
"chr3","175673771","175674037","chr3","172796692","172796958","6","2877079"
"chr3","175683715","175684021","chr3","172806652","172806942","21","2877063"
"chr3","175709705","175709971","chr3","172829615","172829882","7","2880090"
"chr3","175775268","175775578","chr3","172895327","172895633","12","2879941"
"chr3","175799608","175799934","chr3","172919667","172919992","7","2879941"
"chr3","175817146","175817422","chr3","172936683","172936985","29","2880463"
"chr3","175823916","175824176","chr3","172943501","172943761","4","2880415"
"chr3","175842335","175842635","chr3","41706546","41706847","39","134135789"
"chr3","175924893","175925209","chr3","173033723","173034003","41","2891170"
"chr3","175942727","175942861","chr3","173051501","173051635","1","2891226"
"chr3","176031493","176031772","chr1","19649375","19649657","38","156382118"
"chr3","176118555","176118670","chr3","173224309","173224424","3","2894246"
"chr3","176380536","176380855","chr3","173486042","173486361","1","2894494"
"chr3","176422945","176423252","chr3","173529957","173530254","18","2892988"
"chr3","176522366","176522630","chr3","173628709","173628973","3","2893657"
"chr3","176545383","176545689","chr3","173651793","173652093","13","2893590"
"chr3","176557343","176557575","chr15","59145458","59145691","48","117411885"
"chr3","176563686","176563999","chr3","173668610","173668923","8","2895076"
"chr3","176678645","176678926","chr1","23631543","23631818","43","153047102"
"chr3","176698493","176698773","chr3","173803337","173803617","8","2895156"
"chr3","176767103","176767392","chr3","173873091","173873388","13","2894012"
"chr3","176822195","176822489","chr3","173928673","173928969","10","2893522"
"chr3","176846353","176846653","chr7","66944104","66944404","31","109902249"
"chr3","176862268","176862571","chr3","173968688","173969000","16","2893580"
"chr3","176872233","176872531","chr6","161608539","161608839","47","15263694"
"chr3","176879198","176879505","chr3","173985672","173985982","6","2893526"
"chr3","176938439","176938692","chr15","73285130","73285382","26","103653309"
"chr3","177146234","177146540","chr3","174239060","174239368","10","2907174"
"chr3","177245136","177245421","chr3","174339436","174339721","2","2905700"
"chr3","177251262","177251558","chr3","174345546","174345842","4","2905716"
"chr3","177258224","177258478","chr3","174351995","174352249","8","2906229"
"chr3","177262235","177262520","chr3","174355983","174356277","17","2906252"
"chr3","177323013","177323293","chr3","174414152","174414432","12","2908861"
"chr3","177435411","177435686","chr3","174521326","174521601","8","2914085"
"chr3","177440760","177441073","chr3","174526667","174526975","16","2914093"
"chr3","177497021","177497334","chr3","174582586","174582883","22","2914435"
"chr3","177519178","177519473","chrX","42732174","42732473","50","134787004"
"chr3","177538080","177538382","chr3","174624342","174624638","14","2913738"
"chr3","177555943","177556248","chr3","174642221","174642526","5","2913722"
"chr3","177709743","177710030","chr3","174790371","174790661","9","2919372"
"chr3","177711297","177711618","chr3","174791930","174792243","11","2919367"
"chr3","178013493","178013804","chr3","175078017","175078326","7","2935476"
"chr3","178092352","178092484","chr6","107328445","107328575","20","70763907"
"chr3","178202100","178202393","chr3","175268943","175269238","5","2933157"
"chr3","178261177","178261476","chr3","175319538","175319837","8","2941639"
"chr3","178294092","178294394","chr3","175355069","175355369","6","2939023"
"chr3","178321528","178321830","chr17","3776055","3776356","38","174545473"
"chr3","178392330","178392612","chr3","175446259","175446541","6","2946071"
"chr3","178419311","178419593","chr2","28769987","28770272","35","149649324"
"chr3","178479642","178479940","chr10","37478971","37479266","50","141000671"
"chr3","178503200","178503481","chr3","175541727","175542010","9","2961473"
"chr3","178577029","178577328","chr3","175615576","175615862","17","2961453"
"chr3","178727471","178727764","chr3","175768579","175768868","12","2958892"
"chr3","178786273","178786565","chr3","175816484","175816790","18","2969789"
"chr3","178823888","178824204","chr3","175854044","175854326","38","2969844"
"chr3","179072014","179072285","chr3","176102541","176102812","6","2969473"
"chr3","179213216","179213524","chr3","176237990","176238298","8","2975226"
"chr3","179218103","179218383","chr15","48292926","48293207","51","130925177"
"chr3","179311170","179311387","chr16","19203209","19203422","44","160107961"
"chr3","179668429","179668519","chr2","231421729","231421819","18","51753300"
"chr3","179668736","179669064","chr3","176653832","176654156","14","3014904"
"chr3","179803833","179804142","chr14","88942082","88942376","56","90861751"
"chr3","179812937","179813233","chr2","39239808","39240097","57","140573129"
"chr3","179924170","179924463","chr3","151543916","151544208","36","28380254"
"chr3","179975161","179975473","chr3","176952895","176953206","7","3022266"
"chr3","179997575","179997697","chr3","176986773","176986895","8","3010802"
"chr3","179999159","179999458","chr3","176985012","176985310","4","3014147"
"chr3","180013310","180013609","chr3","176985012","176985310","4","3028298"
"chr3","180015070","180015192","chr3","176986773","176986895","8","3028297"
"chr3","180042367","180042663","chr3","177003962","177004256","8","3038405"
"chr3","180052764","180053069","chr3","177014262","177014538","31","3038502"
"chr3","180069857","180070153","chr3","177031335","177031630","5","3038522"
"chr3","180111372","180111670","chr3","177072782","177073080","2","3038590"
"chr3","180134122","180134404","chr3","177095496","177095782","5","3038626"
"chr3","180139069","180139363","chr3","177100429","177100724","7","3038640"
"chr3","180142503","180142779","chr19","14445625","14445899","41","165696878"
"chr3","180150008","180150332","chr3","177111272","177111599","11","3038736"
"chr3","180164441","180164743","chr3","177127937","177128241","10","3036504"
"chr3","180165690","180165989","chr3","177131511","177131801","13","3034179"
"chr3","180167813","180168074","chr3","177133625","177133895","13","3034188"
"chr3","180191266","180191495","chr3","177152914","177153158","16","3038352"
"chr3","180220108","180220387","chr3","177181221","177181497","9","3038887"
"chr3","180224225","180224532","chr3","177185327","177185618","23","3038898"
"chr3","180225725","180225805","chr18","137268","137349","12","180088457"
"chr3","180256976","180257270","chr3","177217942","177218213","33","3039034"
"chr3","180272944","180273247","chr3","177236313","177236616","5","3036631"
"chr3","180278786","180279092","chr3","177242203","177242504","13","3036583"
"chr3","180280450","180280618","chr3","177243870","177244038","4","3036580"
"chr3","180282605","180282907","chr3","177246025","177246336","12","3036580"
"chr3","180290007","180290315","chr3","177253427","177253735","8","3036580"
"chr3","180294649","180294905","chr3","177258071","177258334","11","3036578"
"chr3","180297496","180297777","chr3","177260927","177261207","5","3036569"
"chr3","180359818","180360127","chr3","177324952","177325261","7","3034866"
"chr3","180362342","180362658","chr3","177327485","177327800","8","3034857"
"chr3","180370181","180370476","chr3","177335329","177335624","7","3034852"
"chr3","180389023","180389322","chr3","177353992","177354295","9","3035031"
"chr3","180398907","180399225","chr3","177363822","177364142","5","3035085"
"chr3","180410877","180411183","chr3","177376313","177376611","14","3034564"
"chr3","180412278","180412578","chr3","177377706","177378006","8","3034572"
"chr3","180413937","180414224","chr3","177379355","177379663","26","3034582"
"chr3","180469045","180469397","chr3","177436066","177436395","31","3032979"
"chr3","180486544","180486855","chr3","177453789","177454098","6","3032755"
"chr3","180487976","180488316","chr3","177455208","177455551","7","3032768"
"chr3","180510259","180510563","chr3","177477541","177477847","8","3032718"
"chr3","180524982","180525309","chr3","177492296","177492623","7","3032686"
"chr3","180533280","180533576","chr3","177500598","177500890","11","3032682"
"chr3","180596924","180597219","chr3","177564157","177564457","24","3032767"
"chr3","180636625","180636896","chr3","177603940","177604219","10","3032685"
"chr3","180641247","180641518","chr3","177603940","177604219","10","3037307"
"chr3","180750740","180751046","chr6","75765171","75765476","45","104985569"
"chr3","180776823","180777106","chr3","177739233","177739518","8","3037590"
"chr3","180856620","180856917","chr3","177819194","177819496","12","3037426"
"chr3","180866788","180867072","chr3","177829393","177829677","8","3037395"
"chr3","180914631","180914927","chr3","177876433","177876730","4","3038198"
"chr3","180918952","180919235","chr3","177880776","177881059","7","3038176"
"chr3","180922577","180922859","chr3","177884411","177884712","25","3038166"
"chr3","180963145","180963486","chr1","18707381","18707724","55","162255764"
"chr3","181114601","181114743","chr3","178077822","178077964","3","3036779"
"chr3","181188781","181189072","chr12","122448194","122448489","51","58740587"
"chr3","181220194","181220503","chr3","178183719","178184026","10","3036475"
"chr3","181239264","181239550","chr3","178202752","178203033","13","3036512"
"chr3","181350632","181350932","chr2","30304551","30304836","69","151046081"
"chr3","181555918","181556047","chr8","60712635","60712768","14","120843283"
"chr3","181594694","181594996","chr3","178553538","178553839","5","3041156"
"chr3","181719213","181719507","chr3","178690944","178691236","8","3028269"
"chr3","181744718","181745016","chr3","178716442","178716729","20","3028276"
"chr3","181767817","181768108","chr3","178736988","178737280","4","3030829"
"chr3","181961133","181961410","chr3","178933912","178934189","4","3027221"
"chr3","182127110","182127410","chr3","179094860","179095164","7","3032250"
"chr3","182139314","182139617","chr3","179106991","179107301","18","3032323"
"chr3","182151833","182152136","chr3","179122171","179122474","7","3029662"
"chr3","182184890","182185175","chr1","109537258","109537544","33","72647632"
"chr3","182224552","182224859","chr3","179188931","179189254","21","3035621"
"chr3","182303072","182303359","chr3","179267731","179268018","2","3035341"
"chr3","182308356","182308654","chr3","179273162","179273460","8","3035194"
"chr3","182310944","182311206","chr9","105462521","105462789","44","76848423"
"chr3","182330161","182330458","chr3","179296392","179296690","3","3033769"
"chr3","182338750","182339055","chr3","179304999","179305304","5","3033751"
"chr3","182350649","182350964","chr3","179316878","179317193","5","3033771"
"chr3","182353304","182353604","chr3","179319532","179319832","8","3033772"
"chr3","182385188","182385432","chr3","179350856","179351100","5","3034332"
"chr3","182397077","182397220","chr3","179362712","179362855","2","3034365"
"chr3","182408371","182408641","chr3","179374025","179374295","3","3034346"
"chr3","182421554","182421846","chr3","179387264","179387556","3","3034290"
"chr3","182421875","182422016","chr3","179387585","179387729","12","3034290"
"chr3","182422326","182422482","chr3","179388032","179388188","5","3034294"
"chr3","182432892","182433162","chr1","246989736","246990004","53","64556844"
"chr3","182438741","182439044","chr3","179399202","179399502","8","3039539"
"chr3","182444798","182445087","chr3","179406614","179406914","12","3038184"
"chr3","182455581","182455721","chr2","114477546","114477696","49","67978035"
"chr3","182455733","182456033","chr3","179420136","179420439","11","3035597"
"chr3","182458464","182458764","chr3","179420136","179420439","7","3038328"
"chr3","182469786","182470090","chr2","158826510","158826814","38","23643276"
"chr3","182501111","182501400","chr3","179462557","179462846","10","3038554"
"chr3","182504587","182504886","chr3","179466008","179466310","14","3038579"
"chr3","182512918","182513210","chr3","179474231","179474523","7","3038687"
"chr3","182526150","182526451","chr3","179487769","179488064","12","3038381"
"chr3","182573372","182573667","chr3","179535110","179535405","12","3038262"
"chr3","182593070","182593334","chrX","40713476","40713742","37","141879594"
"chr3","182598428","182598701","chr3","179559456","179559729","5","3038972"
"chr3","182618422","182618720","chr3","179579507","179579802","10","3038915"
"chr3","182630656","182630958","chr12","110263755","110264055","45","72366901"
"chr3","182636972","182637219","chr3","179598142","179598397","15","3038830"
"chr3","182637275","182637292","chr8","134079675","134079690","2","48557600"
"chr3","182638684","182638989","chr3","179599844","179600146","10","3038840"
"chr3","182639202","182639504","chr3","179600359","179600662","8","3038843"
"chr3","182644619","182644919","chr3","179605794","179606091","11","3038825"
"chr3","182668011","182668319","chr3","179628905","179629206","17","3039106"
"chr3","182676051","182676354","chr3","179636930","179637230","11","3039121"
"chr3","182677349","182677641","chr3","179638220","179638512","8","3039129"
"chr3","182677954","182678280","chr3","179638827","179639117","43","3039127"
"chr3","182684315","182684614","chr3","179645131","179645430","6","3039184"
"chr3","182702760","182703023","chr3","179664131","179664393","10","3038629"
"chr3","182729263","182729549","chr11","16165616","16165912","51","166563647"
"chr3","182763665","182763945","chr4","184699669","184699956","46","1936004"
"chr3","182827136","182827435","chr5","156952008","156952305","39","25875128"
"chr3","182839317","182839628","chr3","179802253","179802562","7","3037064"
"chr3","182847067","182847358","chr3","179810003","179810306","18","3037064"
"chr3","182850543","182850845","chr17","56600839","56601141","46","126249704"
"chr3","182908114","182908410","chr3","179871101","179871402","17","3037013"
"chr3","182956481","182956798","chr3","179919713","179920002","81","3036768"
"chr3","182959236","182959547","chr3","179922442","179922753","9","3036794"
"chr3","183033400","183033713","chr3","179993492","179993801","15","3039908"
"chr3","183069499","183069613","chr3","180029204","180029318","3","3040295"
"chr3","183072867","183073160","chr2","224445455","224445748","50","41372588"
"chr3","183159822","183160107","chr3","180119441","180119727","4","3040381"
"chr3","183185822","183186128","chr3","180145449","180145786","40","3040373"
"chr3","183227595","183227896","chr3","180187211","180187513","5","3040384"
"chr3","183316547","183316792","chr3","180276531","180276775","7","3040016"
"chr3","183331173","183331475","chr3","180291134","180291436","7","3040039"
"chr3","183397288","183397592","chr3","180357919","180358228","11","3039369"
"chr3","183536333","183536637","chr3","180492766","180493069","8","3043567"
"chr3","183545978","183546277","chr3","180502409","180502716","15","3043569"
"chr3","183577850","183578138","chr20","47458461","47458747","47","136119389"
"chr3","183785191","183785482","chr3","180731484","180731775","3","3053707"
"chr3","183803618","183803902","chr3","180753054","180753338","5","3050564"
"chr3","183841301","183841588","chr3","180792338","180792634","15","3048963"
"chr3","183872772","183873046","chr3","180823725","180824003","11","3049047"
"chr3","183874531","183874827","chr3","180825486","180825786","10","3049045"
"chr3","183914393","183914688","chr3","180863929","180864223","3","3050464"
"chr3","183939022","183939292","chr3","53850522","53850800","50","130088500"
"chr3","183940160","183940463","chrX","110070034","110070334","34","73870126"
"chr3","183946267","183946560","chr3","180885816","180886108","13","3060451"
"chr3","183977048","183977345","chr3","180916395","180916706","21","3060653"
"chr3","183979904","183980216","chr3","180919273","180919583","11","3060631"
"chr3","184021148","184021444","chr4","76410190","76410484","43","107610958"
"chr3","184046988","184047286","chr3","180986282","180986579","7","3060706"
"chr3","184259095","184259399","chr3","181201754","181202058","8","3057341"
"chr3","184335479","184335774","chr3","181273608","181273902","2","3061871"
"chr3","184403014","184403313","chr3","181341265","181341564","4","3061749"
"chr3","184463974","184464267","chr3","181402828","181403123","4","3061146"
"chr3","184484462","184484744","chr3","181423696","181423978","7","3060766"
"chr3","184561128","184561431","chr3","181500715","181501018","11","3060413"
"chr3","184567832","184568155","chr3","181507467","181507793","3","3060365"
"chr3","184573336","184573663","chr3","181512974","181513301","4","3060362"
"chr3","184695220","184695372","chrX","24614966","24615119","19","160080254"
"chr3","184701560","184701848","chr3","181634830","181635122","29","3066730"
"chr3","184714132","184714384","chr3","106895901","106896152","33","77818231"
"chr3","184740660","184740948","chr3","181673313","181673611","17","3067347"
"chr3","184804345","184804647","chr3","181737311","181737613","4","3067034"
"chr3","184862262","184862566","chr3","181796378","181796682","9","3065884"
"chr3","184866049","184866354","chr3","181800159","181800463","9","3065890"
"chr3","184878318","184878618","chr15","51949418","51949716","38","132928900"
"chr3","184879995","184880298","chr3","181814193","181814488","17","3065802"
"chr3","184883752","184884060","chr3","181817947","181818232","27","3065805"
"chr3","184897694","184897978","chr20","43986295","43986580","34","140911399"
"chr3","184901823","184902087","chr2","136043460","136043732","54","48858363"
"chr3","184903547","184903850","chr3","181837522","181837831","14","3066025"
"chr3","184917939","184918044","chr17","2534793","2534897","17","182383146"
"chr3","184949149","184949439","chr3","181882499","181882785","11","3066650"
"chr3","184958734","184958967","chr3","181892080","181892310","7","3066654"
"chr3","184973562","184973863","chr3","181906825","181907129","10","3066737"
"chr3","184980306","184980603","chr3","181914162","181914463","11","3066144"
"chr3","184997638","184997935","chr1","162217268","162217564","39","22780370"
"chr3","185014178","185014483","chr3","181946650","181946955","6","3067528"
"chr3","185019156","185019460","chr2","73124668","73124968","43","111894488"
"chr3","185036698","185037001","chr3","181969163","181969474","12","3067535"
"chr3","185044378","185044715","chr3","181977010","181977313","42","3067368"
"chr3","185102524","185102822","chr1","15475445","15475757","22","169627079"
"chr3","185106735","185107046","chr3","182037635","182037945","6","3069100"
"chr3","185118084","185118399","chr3","182048997","182049307","11","3069087"
"chr3","185279194","185279477","chr3","182209023","182209306","5","3070171"
"chr3","185320801","185321065","chr3","182250613","182250877","4","3070188"
"chr3","185414820","185415121","chr3","182347504","182347806","5","3067316"
"chr3","185559060","185559375","chr3","182492961","182493282","10","3066099"
"chr3","185663000","185663313","chr3","182600082","182600392","12","3062918"
"chr3","185686534","185686830","chr3","182623638","182623946","24","3062896"
"chr3","185697450","185697749","chr3","182634526","182634825","3","3062924"
"chr3","185709255","185709581","chr3","182649680","182649983","35","3059575"
"chr3","185720041","185720367","chr3","182649680","182649983","35","3070361"
"chr3","185757162","185757478","chr3","182687389","182687698","12","3069773"
"chr3","185775922","185776218","chr3","182705986","182706277","13","3069936"
"chr3","185776219","185776495","chr14","72986558","72986829","42","112789661"
"chr3","185801168","185801466","chr3","182731316","182731613","3","3069852"
"chr3","185821838","185821988","chr1","15853511","15853660","24","169968327"
"chr3","185822019","185822135","chr15","90121956","90122073","14","95700063"
"chr3","185826713","185827026","chr3","182759245","182759553","17","3067468"
"chr3","185830967","185831302","chr3","182763496","182763843","16","3067471"
"chr3","185854315","185854605","chr1","67379229","67379531","49","118475086"
"chr3","185856709","185857000","chr1","67379229","67379531","48","118477480"
"chr3","185910069","185910355","chr3","182839605","182839912","37","3070464"
"chr3","185917459","185917749","chr3","182847051","182847338","9","3070408"
"chr3","185921423","185921705","chr3","182851022","182851304","3","3070401"
"chr3","185986574","185986863","chr3","182908234","182908494","31","3078340"
"chr3","186034464","186034760","chr3","182955930","182956224","9","3078534"
"chr3","186058974","186059265","chr3","182983434","182983722","6","3075540"
"chr3","186072167","186072465","chr3","182996629","182996927","4","3075538"
"chr3","186089470","186089749","chr3","183014724","183015003","6","3074746"
"chr3","186090981","186091278","chr3","183016233","183016530","4","3074748"
"chr3","186109925","186110225","chr3","183034778","183035078","12","3075147"
"chr3","186121536","186121833","chr3","183046403","183046698","9","3075133"
"chr3","186179204","186179310","chr3","49265212","49265321","12","136913992"
"chr3","186182557","186182867","chr3","183107562","183107849","30","3074995"
"chr3","186334198","186334510","chr3","183250304","183250616","2","3083894"
"chr3","186352305","186352599","chr3","183266791","183267085","5","3085514"
"chr3","186363210","186363306","chr3","183277672","183277768","2","3085538"
"chr3","186407694","186407999","chr3","183321156","183321467","12","3086538"
"chr3","186427186","186427492","chr3","183340661","183340947","28","3086525"
"chr3","186461872","186462185","chr3","183371466","183371777","9","3090406"
"chr3","186469175","186469429","chr3","183378736","183378998","15","3090439"
"chr3","186472489","186472799","chr3","183382079","183382359","34","3090410"
"chr3","186502656","186502937","chr3","183419591","183419891","24","3083065"
"chr3","186517200","186517511","chr3","183419591","183419891","16","3097609"
"chr3","186553847","186554152","chr3","183458014","183458316","15","3095833"
"chr3","186579498","186579801","chr3","183482999","183483298","8","3096499"
"chr3","186610408","186610707","chr16","58364432","58364730","36","128245976"
"chr3","186622429","186622732","chr3","183526817","183527128","14","3095612"
"chr3","186625170","186625418","chr3","183529556","183529804","9","3095614"
"chr3","186656340","186656509","chr3","183561510","183561679","1","3094830"
"chr3","186660230","186660516","chr3","183565400","183565689","8","3094830"
"chr3","186697163","186697466","chr1","43686336","43686636","36","143010827"
"chr3","186720618","186720924","chr3","183618057","183618368","9","3102561"
"chr3","186724769","186725072","chr3","183622221","183622528","15","3102548"
"chr3","186748590","186748898","chr3","183646083","183646385","11","3102507"
"chr3","186761781","186762070","chr3","183659251","183659542","10","3102530"
"chr3","186777188","186777318","chr3","183672583","183672712","5","3104605"
"chr3","186777630","186777835","chr3","183673024","183673234","12","3104606"
"chr3","186809664","186809960","chr3","183702163","183702459","6","3107501"
"chr3","186812167","186812442","chrX","46951325","46951600","37","139860842"
"chr3","186816842","186817129","chr3","183709347","183709634","4","3107495"
"chr3","186847526","186847819","chr4","70767686","70767978","30","116079840"
"chr3","186850857","186851165","chr3","183744845","183745150","11","3106012"
"chr3","186871013","186871316","chr3","183763783","183764085","7","3107230"
"chr3","186877149","186877452","chr3","183763783","183764085","7","3113366"
"chr3","186887714","186888010","chr3","183771719","183772026","18","3115995"
"chr3","186906438","186906737","chr12","4551214","4551511","46","182355224"
"chr3","186912691","186912999","chr3","183796987","183797288","13","3115704"
"chr3","186924208","186924505","chr3","183808574","183808879","15","3115634"
"chr3","186951025","186951313","chr3","183830984","183831275","10","3120041"
"chr3","186959437","186959751","chr3","183839436","183839718","34","3120001"
"chr3","186972496","186972788","chr3","183853283","183853572","11","3119213"
"chr3","186980074","186980370","chr3","188205278","188205580","34","1225204"
"chr3","186981012","186981289","chr3","183861786","183862063","4","3119226"
"chr3","186997288","186997582","chr3","183877805","183878090","18","3119483"
"chr3","187012930","187013237","chr3","183893461","183893769","7","3119469"
"chr3","187016788","187017072","chr3","183897347","183897636","17","3119441"
"chr3","187020346","187020641","chr3","183900931","183901225","11","3119415"
"chr3","187021514","187021813","chr3","183902104","183902398","19","3119410"
"chr3","187074431","187074727","chr3","183977758","183978052","28","3096673"
"chr3","187089097","187089401","chr3","183977758","183978052","38","3111339"
"chr3","187091428","187091720","chr5","132045312","132045608","47","55046116"
"chr3","187093640","187093932","chr3","183972653","183972944","5","3120987"
"chr3","187098771","187099070","chr3","183977758","183978052","15","3121013"
"chr3","187124991","187125287","chr3","184004229","184004527","13","3120762"
"chr3","187141194","187141436","chr3","184020450","184020692","4","3120744"
"chr3","187144586","187144895","chr3","184023828","184024133","9","3120758"
"chr3","187166081","187166360","chr19","12286669","12286947","56","174879412"
"chr3","187166796","187167112","chr1","37045504","37045813","39","150121292"
"chr3","187194886","187195189","chr3","184073146","184073449","4","3121740"
"chr3","187211421","187211722","chr3","184088284","184088594","15","3123137"
"chr3","187212239","187212533","chr3","184089116","184089415","11","3123123"
"chr3","187213135","187213451","chr3","184090011","184090333","13","3123124"
"chr3","187214058","187214357","chr3","184090953","184091249","15","3123105"
"chr3","187223863","187224139","chr3","184100960","184101236","6","3122903"
"chr3","187226099","187226244","chr3","184103200","184103347","2","3122899"
"chr3","187230391","187230681","chr3","184107552","184107844","9","3122839"
"chr3","187238374","187238705","chr3","184115505","184115838","7","3122869"
"chr3","187244239","187244538","chr3","184125811","184126107","9","3118428"
"chr3","187248709","187249020","chr3","184130263","184130573","12","3118446"
"chr3","187256801","187257109","chr3","184138345","184138654","7","3118456"
"chr3","187268057","187268197","chr3","184149532","184149672","1","3118525"
"chr3","187269060","187269358","chr11","75569422","75569722","32","111699638"
"chr3","187277347","187277647","chr3","184158763","184159076","15","3118584"
"chr3","187277923","187278231","chr3","184159356","184159661","8","3118567"
"chr3","187323674","187323980","chr3","184205283","184205585","13","3118391"
"chr3","187326863","187327157","chr3","184208488","184208784","14","3118375"
"chr3","187330217","187330513","chr3","184212035","184212332","15","3118182"
"chr3","187362191","187362416","chr3","184246676","184246900","5","3115515"
"chr3","187362716","187362806","chr3","184247204","184247294","2","3115512"
"chr3","187366771","187367066","chr3","184251259","184251552","8","3115512"
"chr3","187372585","187372764","chr3","184257050","184257230","5","3115535"
"chr3","187382973","187383249","chr6","34291513","34291794","58","153091460"
"chr3","187388319","187388617","chr3","184273137","184273417","25","3115182"
"chr3","187394427","187394724","chr3","184279374","184279672","6","3115053"
"chr3","187395635","187395748","chr3","184280582","184280695","2","3115053"
"chr3","187409277","187409563","chr3","184294206","184294492","5","3115071"
"chr3","187419029","187419328","chrX","119412377","119412675","44","68006652"
"chr3","187433043","187433352","chr3","184318593","184318904","10","3114450"
"chr3","187433353","187433544","chr3","184318905","184319105","17","3114448"
"chr3","187438873","187439168","chr3","184324471","184324764","5","3114402"
"chr3","187455090","187455323","chr8","6399100","6399341","36","181055990"
"chr3","187507416","187507696","chr2","135654470","135654748","32","51852946"
"chr3","187510990","187511285","chr3","184396965","184397259","6","3114025"
"chr3","187516709","187517008","chr3","184402665","184402973","14","3114044"
"chr3","187518880","187519191","chr3","184404847","184405159","10","3114033"
"chr3","187522159","187522467","chr3","184408114","184408418","8","3114045"
"chr3","187532876","187533176","chr3","184418664","184418958","11","3114212"
"chr3","187553284","187553596","chr3","184438083","184438393","11","3115201"
"chr3","187578577","187578879","chr3","184463296","184463596","11","3115281"
"chr3","187595453","187595704","chr3","184480223","184480471","6","3115230"
"chr3","187598920","187599234","chr3","184483694","184483994","25","3115226"
"chr3","187599264","187599539","chr3","184484024","184484299","5","3115240"
"chr3","187602598","187602900","chr2","47307699","47308000","50","140294899"
"chr3","187652748","187653055","chr3","184537104","184537411","7","3115644"
"chr3","187670824","187671129","chr10","126865608","126865910","38","60805216"
"chr3","187686604","187686903","chr3","184570942","184571249","14","3115662"
"chr3","187707144","187707272","chr3","184591537","184591669","9","3115607"
"chr3","187761257","187761547","chr3","184644867","184645157","7","3116390"
"chr3","187763435","187763739","chr3","184647045","184647344","6","3116390"
"chr3","187774394","187774698","chr18","13637584","13637888","33","174136810"
"chr3","187783810","187784098","chr16","13377746","13378031","36","174406064"
"chr3","187784126","187784143","chr1","81170305","81170321","4","106613821"
"chr3","187790685","187790845","chr15","42671127","42671286","34","145119558"
"chr3","187812208","187812505","chr3","184695476","184695767","10","3116732"
"chr3","187850219","187850531","chr3","184733501","184733813","4","3116718"
"chr3","187861039","187861346","chr3","184744318","184744611","20","3116721"
"chr3","187888348","187888658","chr3","184772401","184772709","5","3115947"
"chr3","187898299","187898602","chr3","184782138","184782437","7","3116161"
"chr3","187903772","187904071","chr3","184787564","184787863","3","3116208"
"chr3","187904370","187904694","chr3","184788162","184788487","13","3116208"
"chr3","187918773","187919076","chr3","184802758","184803062","12","3116015"
"chr3","187942179","187942472","chr3","184825620","184825915","9","3116559"
"chr3","187960622","187960929","chr3","184844140","184844448","10","3116482"
"chr3","188008581","188008872","chr3","184892225","184892516","6","3116356"
"chr3","188012029","188012325","chr3","184895646","184895933","15","3116383"
"chr3","188042255","188042557","chr3","184925773","184926074","7","3116482"
"chr3","188050736","188051041","chr20","21262336","21262640","53","166788400"
"chr3","188066499","188066781","chr3","184949924","184950206","4","3116575"
"chr3","188078325","188078630","chr3","184961755","184962061","7","3116570"
"chr3","188144300","188144595","chr3","185029568","185029863","5","3114732"
"chr3","188212601","188212895","chr3","185094075","185094376","16","3118526"
"chr3","188260160","188260488","chr3","185140669","185140997","12","3119491"
"chr3","188292492","188292784","chr3","185169975","185170267","9","3122517"
"chr3","188311741","188312043","chr3","185189363","185189666","10","3122378"
"chr3","188319034","188319336","chr3","185189363","185189666","10","3129671"
"chr3","188322601","188322900","chr3","185197793","185198096","12","3124808"
"chr3","188338038","188338336","chr3","185212839","185213146","10","3125199"
"chr3","188346068","188346395","chr10","21023412","21023696","66","167322656"
"chr3","188353390","188353702","chr3","185224218","185224531","8","3129172"
"chr3","188392455","188392756","chr3","185262948","185263248","5","3129507"
"chr3","188404021","188404326","chr4","48726400","48726709","33","139677621"
"chr3","188414434","188414708","chr3","185284434","185284707","7","3130000"
"chr3","188431806","188432124","chr3","185302122","185302428","21","3129684"
"chr3","188444025","188444330","chr3","185314334","185314640","5","3129691"
"chr3","188464119","188464426","chr3","185334599","185334908","4","3129520"
"chr3","188465777","188466084","chr3","185336260","185336566","6","3129517"
"chr3","188467569","188467879","chr3","185338047","185338347","16","3129522"
"chr3","188484721","188485009","chr3","185355190","185355484","11","3129531"
"chr3","188499726","188500000","chr1","35754346","35754619","39","152745380"
"chr3","188502921","188503213","chr3","185373372","185373664","8","3129549"
"chr3","188510490","188510792","chr3","185380951","185381261","16","3129539"
"chr3","188525359","188525656","chr3","185395681","185395978","4","3129678"
"chr3","188525767","188526064","chr3","185396089","185396386","8","3129678"
"chr3","188537941","188538246","chr3","185408282","185408586","11","3129659"
"chr3","188538746","188539027","chr3","185409086","185409367","6","3129660"
"chr3","188571281","188571419","chr3","185441621","185441759","3","3129660"
"chr3","188571723","188571873","chr3","185442057","185442204","6","3129666"
"chr3","188578755","188579057","chr3","185449091","185449394","7","3129664"
"chr3","188589109","188589417","chr3","185462491","185462799","7","3126618"
"chr3","188600674","188600975","chr3","185474041","185474347","11","3126633"
"chr3","188620158","188620469","chr3","185493531","185493840","6","3126627"
"chr3","188626661","188626965","chr6","13310356","13310656","43","175316305"
"chr3","188638375","188638689","chr3","185515516","185515830","8","3122859"
"chr3","188659079","188659365","chr3","185535294","185535579","13","3123785"
"chr3","188666875","188667161","chr3","61421038","61421321","37","127245837"
"chr3","188669804","188670128","chr8","85353960","85354274","43","103315844"
"chr3","188717470","188717774","chr3","185577207","185577508","8","3140263"
"chr3","188719921","188720212","chr3","185579488","185579775","7","3140433"
"chr3","188724781","188725096","chr3","185584540","185584853","10","3140241"
"chr3","188727364","188727675","chr3","185587121","185587432","6","3140243"
"chr3","188737642","188737937","chr3","185595968","185596263","9","3141674"
"chr3","188745499","188745794","chr3","185603840","185604139","6","3141659"
"chr3","188752641","188752935","chr3","185610994","185611288","0","3141647"
"chr3","188777923","188778187","chr3","185636227","185636511","27","3141696"
"chr3","188794518","188794808","chr2","88665329","88665602","52","100129189"
"chr3","188801502","188801797","chr3","185659802","185660096","7","3141700"
"chr3","188803046","188803363","chr19","4835320","4835620","53","183967726"
"chr3","188803901","188804210","chr3","185662196","185662506","4","3141705"
"chr3","188825294","188825592","chr1","37702670","37702967","33","151122624"
"chr3","188826278","188826586","chr3","185684394","185684706","11","3141884"
"chr3","188827997","188828300","chr3","185686102","185686397","25","3141895"
"chr3","188840420","188840731","chr3","185698803","185699113","5","3141617"
"chr3","188845152","188845424","chr9","105462521","105462789","45","83382631"
"chr3","188890604","188890913","chr3","185748882","185749192","9","3141722"
"chr3","188894312","188894617","chr3","185752596","185752896","24","3141716"
"chr3","188912839","188913137","chr3","185771158","185771458","7","3141681"
"chr3","188926717","188927026","chr3","185785019","185785319","15","3141698"
"chr3","188937978","188938275","chr3","185796281","185796586","15","3141697"
"chr3","188941362","188941580","chr3","185800468","185800689","6","3140894"
"chr3","188999606","188999912","chr3","185853592","185853903","74","3146014"
"chr3","189001329","189001459","chr3","185855323","185855453","1","3146006"
"chr3","189001759","189001937","chr3","185855753","185855933","6","3146006"
"chr3","189009393","189009683","chr3","185863894","185864180","7","3145499"
"chr3","189009970","189010268","chr14","20258615","20258920","42","168751355"
"chr3","189012467","189012732","chr11","12726959","12727223","36","176285508"
"chr3","189013893","189014219","chr3","185879232","185879555","12","3134661"
"chr3","189022010","189022142","chr3","185868104","185868236","7","3153906"
"chr3","189027666","189027955","chr1","150300061","150300353","36","38727605"
"chr3","189030151","189030416","chr11","12726959","12727223","36","176303192"
"chr3","189031577","189031903","chr3","185879232","185879555","12","3152345"
"chr3","189038387","189038475","chr5","31306489","31306571","14","157731898"
"chr3","189038513","189038669","chr20","56535073","56535235","27","132503440"
"chr3","189041539","189041692","chrX","24614966","24615119","17","164426573"
"chr3","189042714","189043032","chr13","48128564","48128883","73","140914150"
"chr3","189046849","189047153","chr3","185900984","185901285","7","3145865"
"chr3","189050940","189051243","chr3","185905101","185905407","9","3145839"
"chr3","189053448","189053745","chr3","185907622","185907922","6","3145826"
"chr3","189054808","189055109","chr3","185908983","185909283","10","3145825"
"chr3","189064495","189064768","chr3","185918726","185919000","6","3145769"
"chr3","189103906","189104211","chr3","185958136","185958440","14","3145770"
"chr3","189144689","189144985","chr3","185985361","185985659","3","3159328"
"chr3","189146003","189146314","chr12","117099959","117100264","38","72046044"
"chr3","189151600","189151894","chr3","185992284","185992578","5","3159316"
"chr3","189213300","189213598","chr1","174149943","174150233","39","15063357"
"chr3","189274820","189275123","chr3","186114622","186114927","5","3160198"
"chr3","189288654","189288963","chr3","186128825","186129160","31","3159829"
"chr3","189344507","189344759","chr3","186184447","186184699","3","3160060"
"chr3","189363606","189363888","chr3","186204127","186204409","4","3159479"
"chr3","189381845","189381980","chr3","186222561","186222696","1","3159284"
"chr3","189388542","189388839","chr8","41188531","41188826","27","148200011"
"chr3","189392326","189392628","chr3","186238011","186238324","17","3154315"
"chr3","189408171","189408482","chr3","186238011","186238324","8","3170160"
"chr3","189411442","189411705","chr3","186241291","186241554","2","3170151"
"chr3","189423923","189424195","chr3","186249560","186249832","10","3174363"
"chr3","189448257","189448459","chr3","186274178","186274388","10","3174079"
"chr3","189449120","189449249","chr3","186275049","186275178","1","3174071"
"chr3","189474901","189475191","chr3","186299841","186300136","9","3175060"
"chr3","189501727","189502035","chrX","93219697","93220006","13","96282030"
"chr3","189504188","189504485","chr20","31978854","31979149","41","157525334"
"chr3","189520922","189521220","chr3","186343283","186343582","9","3177639"
"chr3","189572976","189573288","chr3","186395258","186395562","15","3177718"
"chr3","189604757","189605058","chr22","45025971","45026270","38","144578786"
"chr3","189607877","189608187","chr3","186430295","186430592","23","3177582"
"chr3","189614568","189614828","chr3","186436857","186437114","4","3177711"
"chr3","189627293","189627602","chr3","186449579","186449880","12","3177714"
"chr3","189665754","189666063","chr4","87111343","87111653","38","102554411"
"chr3","189669245","189669561","chr19","5980846","5981155","42","183688399"
"chr3","189726617","189726911","chr3","186551693","186551978","14","3174924"
"chr3","189740019","189740327","chr17","38470948","38471252","36","151269071"
"chr3","189743613","189743924","chr3","186568619","186568932","8","3174994"
"chr3","189747340","189747633","chr2","172007699","172007985","34","17739641"
"chr3","189806133","189806443","chr3","186630055","186630359","11","3176078"
"chr3","189833057","189833354","chr3","183977758","183978052","36","5855299"
"chr3","189840952","189841239","chr1","154920375","154920661","7","34920577"
"chr3","189878051","189878359","chr3","186700485","186700793","7","3177566"
"chr3","189893194","189893492","chr17","2977464","2977772","40","186915730"
"chr3","189903908","189904032","chr18","69226033","69226155","20","120677875"
"chr3","189908095","189908366","chr10","69950873","69951148","43","119957222"
"chr3","189915688","189915986","chr3","186737979","186738277","3","3177709"
"chr3","189918690","189918999","chr3","186740999","186741292","21","3177691"
"chr3","189931929","189932210","chr3","186754474","186754754","7","3177455"
"chr3","189939101","189939410","chr3","186761798","186762096","18","3177303"
"chr3","189948228","189948508","chr3","186770637","186770917","1","3177591"
"chr3","189952116","189952426","chr3","186774546","186774857","6","3177570"
"chr3","189956675","189956940","chr3","186779048","186779313","8","3177627"
"chr3","189957309","189957473","chr3","186779679","186779843","3","3177630"
"chr3","189957474","189957753","chr3","186779844","186780123","4","3177630"
"chr3","189957754","189957889","chr3","186780124","186780259","5","3177630"
"chr3","189977143","189977414","chr18","58949417","58949694","52","131027726"
"chr3","189977636","189977938","chr3","186799941","186800256","16","3177695"
"chr3","189990547","189990681","chr3","186814591","186814725","2","3175956"
"chr3","189990983","189991136","chr3","186815031","186815189","10","3175952"
"chr3","189995311","189995610","chr1","193010054","193010357","49","3014743"
"chr3","190007128","190007431","chr3","186831219","186831525","7","3175909"
"chr3","190024448","190024752","chrX","154545554","154545856","35","35478894"
"chr3","190036466","190036763","chr3","186859998","186860294","8","3176468"
"chr3","190044939","190045222","chr3","186862760","186863040","5","3182179"
"chr3","190060486","190060619","chr3","186881779","186881912","2","3178707"
"chr3","190061776","190062071","chr3","186883070","186883369","11","3178706"
"chr3","190066452","190066743","chr3","186889984","186890281","19","3176468"
"chr3","190107987","190108119","chr8","60712635","60712768","24","129395352"
"chr3","190142869","190143172","chr2","158826510","158826814","32","31316359"
"chr3","190161737","190162045","chr3","186976420","186976729","13","3185317"
"chr3","190173861","190174140","chr3","186990054","186990333","11","3183807"
"chr3","190195180","190195414","chr3","187011072","187011296","14","3184108"
"chr3","190215569","190215862","chr3","187031441","187031734","9","3184128"
"chr3","190242760","190243043","chr3","187058659","187058940","5","3184101"
"chr3","190294194","190294487","chrX","68126451","68126744","42","122167743"
"chr3","190295451","190295663","chr3","187113759","187113971","2","3181692"
"chr3","190337938","190338216","chr3","187156428","187156721","21","3181510"
"chr3","190352409","190352718","chr3","187170916","187171225","6","3181493"
"chr3","190438193","190438503","chr3","187249046","187249356","10","3189147"
"chr3","190505185","190505480","chr3","187316175","187316468","6","3189010"
"chr3","190570428","190570689","chr3","187381204","187381465","5","3189224"
"chr3","190602596","190602900","chr3","187410898","187411200","15","3191698"
"chr3","190682119","190682359","chr13","104428709","104428941","47","86253410"
"chr3","190700166","190700473","chr3","187489506","187489815","5","3210660"
"chr3","190710363","190710653","chr8","33817061","33817361","59","156893302"
"chr3","190791616","190791929","chr3","187580969","187581282","3","3210647"
"chr3","190903829","190904117","chr5","179692082","179692374","49","11211747"
"chr3","190908115","190908356","chr3","187696613","187696854","5","3211502"
"chr3","190934563","190934850","chr3","187718517","187718808","6","3216046"
"chr3","190968955","190969258","chr3","187753135","187753436","7","3215820"
"chr3","191018283","191018586","chr3","187797713","187798014","13","3220570"
"chr3","191203030","191203318","chr3","187965449","187965738","7","3237581"
"chr3","191262131","191262427","chr3","188022879","188023177","11","3239252"
"chr3","191267981","191268283","chr3","188028736","188029038","2","3239245"
"chr3","191288005","191288314","chr3","188048769","188049079","7","3239236"
"chr3","191312110","191312414","chr3","188068987","188069288","4","3243123"
"chr3","191317691","191317956","chr3","188074558","188074825","10","3243133"
"chr3","191330499","191330787","chr22","37731469","37731754","48","153599030"
"chr3","191331582","191331881","chr3","188088448","188088749","13","3243134"
"chr3","191336287","191336570","chr9","68857993","68858273","44","122478294"
"chr3","191367096","191367407","chr3","188127748","188128059","14","3239348"
"chr3","191383439","191383737","chr3","188144484","188144782","4","3238955"
"chr3","191440723","191441015","chr3","188201426","188201718","7","3239297"
"chr3","191444794","191445097","chr3","188205278","188205580","4","3239516"
"chr3","191454535","191454832","chr3","188215026","188215325","15","3239509"
"chr3","191470271","191470449","chr20","21565644","21565820","23","169904627"
"chr3","191482064","191482364","chr3","188232352","188232652","18","3249712"
"chr3","191501161","191501462","chr10","102302987","102303286","37","89198174"
"chr3","191508410","191508712","chr3","188260040","188260342","3","3248370"
"chr3","191517995","191518265","chr3","188269681","188269947","12","3248314"
"chr3","191525169","191525482","chr3","125255237","125255546","40","66269932"
"chr3","191529611","191529906","chr3","188281320","188281622","14","3248291"
"chr3","191538954","191539229","chr3","188289997","188290273","8","3248957"
"chr3","191542748","191543050","chr3","188293783","188294083","6","3248965"
"chr3","191555028","191555357","chr3","188306070","188306388","19","3248958"
"chr3","191620213","191620501","chr3","188371642","188371957","30","3248571"
"chr3","191646109","191646408","chr3","188397611","188397913","8","3248498"
"chr3","191802408","191802527","chr3","188532127","188532246","0","3270281"
"chr3","191802559","191802707","chr3","188532274","188532422","3","3270285"
"chr3","191852546","191852728","chr3","188582143","188582327","22","3270403"
"chr3","191852759","191852876","chr3","188582361","188582478","5","3270398"
"chr3","191860393","191860687","chr3","188590291","188590585","6","3270102"
"chr3","191893146","191893443","chr3","188623259","188623556","6","3269887"
"chr3","191974051","191974361","chr4","40881524","40881833","66","151092527"
"chr3","192039601","192039930","chr3","188771267","188771578","27","3268334"
"chr3","192102505","192102689","chr3","3102997","3103182","35","188999508"
"chr3","192102690","192102977","chr1","23631543","23631818","48","168471147"
"chr3","192134710","192134995","chr3","188867358","188867643","5","3267352"
"chr3","192161594","192161826","chr7","143385714","143385944","42","48775880"
"chr3","192163489","192163791","chr3","188896188","188896489","8","3267301"
"chr3","192165171","192165445","chr3","188897866","188898140","12","3267305"
"chr3","192421271","192421348","chr5","176344389","176344466","7","16076882"
"chr3","192520371","192520658","chr3","189244149","189244438","9","3276222"
"chr3","192535670","192535972","chr2","48272556","48272851","50","144263114"
"chr3","192573333","192573636","chr3","189296974","189297280","16","3276359"
"chr3","192654221","192654531","chr3","189378077","189378387","7","3276144"
"chr3","192663407","192663714","chr3","189387294","189387605","7","3276113"
"chr3","192791235","192791536","chr3","189515129","189515430","3","3276106"
"chr3","192932482","192932786","chr3","45866866","45867171","38","147065616"
"chr3","192944746","192945050","chr3","189663519","189663827","9","3281227"
"chr3","192991340","192991612","chr11","61479248","61479528","48","131512092"
"chr3","193138426","193138708","chr3","189849997","189850281","9","3288429"
"chr3","193175000","193175298","chr3","189886927","189887225","8","3288073"
"chr3","193251373","193251653","chr3","189963447","189963743","23","3287926"
"chr3","193325388","193325692","chr3","190034834","190035148","17","3290554"
"chr3","193372034","193372336","chr3","190081972","190082285","18","3290062"
"chr3","193445580","193445866","chr3","190160762","190161069","32","3284818"
"chr3","193447538","193447838","chr3","190162713","190163008","28","3284825"
"chr3","193450627","193450915","chr3","190163944","190164247","23","3286683"
"chr3","193526089","193526393","chr1","202775574","202775879","41","9249485"
"chr3","193528713","193528933","chr3","190234090","190234313","12","3294623"
"chr3","193547276","193547584","chr3","190251229","190251550","22","3296047"
"chr3","193703671","193703875","chr2","62308786","62309000","38","131394885"
"chr3","193924573","193924878","chr3","190626665","190626969","5","3297908"
"chr3","194015746","194016034","chr6","158517340","158517621","48","35498406"
"chr3","194040415","194040716","chr3","190744976","190745281","13","3295439"
"chr3","194041085","194041219","chr2","84979012","84979145","15","109062073"
"chr3","194061253","194061549","chr3","190765449","190765745","11","3295804"
"chr3","194117916","194118028","chr3","190821071","190821183","1","3296845"
"chr3","194140988","194141287","chr3","190845509","190845806","11","3295479"
"chr3","194171337","194171618","chr3","190875790","190876071","2","3295547"
"chr3","194171631","194171912","chr19","47366592","47366873","7","146805039"
"chr3","194174371","194174689","chr19","50605179","50605486","18","143569192"
"chr3","194232878","194233217","chr3","190932761","190933074","35","3300117"
"chr3","194401594","194401872","chr3","191102793","191103072","17","3298801"
"chr3","194460950","194461284","chr3","191161974","191162272","46","3298976"
"chr3","194493573","194493842","chr3","191194547","191194819","6","3299026"
"chr3","194494778","194495088","chr3","191195753","191196072","15","3299025"
"chr3","194513762","194514061","chr3","191214754","191215030","30","3299008"
"chr3","194556423","194556684","chr19","14075930","14076184","9","180480493"
"chr3","194558922","194559213","chr3","191247856","191248133","23","3311066"
"chr3","194614989","194615282","chr3","191303970","191304257","11","3311019"
"chr3","194617660","194617959","chr3","191306632","191306931","8","3311028"
"chr3","194635784","194636078","chr3","191324767","191325061","4","3311017"
"chr3","194681469","194681780","chr3","191370479","191370788","12","3310990"
"chr3","194703898","194704209","chr3","191392729","191393037","10","3311169"
"chr3","194760448","194760751","chr3","191448674","191448973","11","3311774"
"chr3","194867321","194867444","chr3","142263863","142263986","13","52603458"
"chr3","194867472","194867637","chr14","34593405","34593565","25","160274067"
"chr3","195121021","195121324","chr3","191807209","191807512","5","3313812"
"chr3","195279961","195280155","chr3","192000622","192000800","18","3279339"
"chr3","195413801","195414089","chr3","192131870","192132166","15","3281931"
"chr3","195451853","195452166","chr3","192164941","192165254","10","3286912"
"chr3","195459017","195459294","chr3","42426664","42426943","46","153032353"
"chr3","195466458","195466757","chr3","192179550","192179845","8","3286908"
"chr3","195491194","195491519","chr3","192204605","192204909","29","3286589"
"chr3","195505677","195505987","chr3","192219074","192219384","8","3286603"
"chr3","195538766","195539075","chrX","154796120","154796431","44","40742646"
"chr3","195555525","195555836","chr3","192268902","192269219","20","3286623"
"chr3","195586307","195586594","chr3","192298469","192298756","4","3287838"
"chr3","195608381","195608660","chr3","192319315","192319594","8","3289066"
"chr3","195698740","195699035","chr3","192398375","192398669","7","3300365"
"chr3","195786996","195787304","chr3","192482353","192482657","10","3304643"
"chr3","195839061","195839355","chr2","202863015","202863309","47","7023954"
"chr3","195900903","195901185","chr3","192595814","192596094","9","3305089"
"chr3","195937111","195937422","chr3","192633034","192633345","5","3304077"
"chr3","195938935","195939230","chr12","56517588","56517882","36","139421347"
"chr3","195948859","195949170","chr3","192633034","192633345","5","3315825"
"chr3","195950683","195950978","chr12","56517588","56517882","36","139433095"
"chr3","195964982","195965278","chr3","192649549","192649843","13","3315433"
"chr3","195976662","195976950","chr3","192661240","192661532","7","3315422"
"chr3","195982726","195983033","chr3","192667322","192667633","18","3315404"
"chr3","196007691","196008012","chr1","211436066","211436371","59","15428375"
"chr3","196011065","196011344","chr3","192695816","192696097","10","3315249"
"chr3","196133536","196133846","chr20","36382518","36382828","32","159751018"
"chr3","196174707","196175022","chr3","192851478","192851799","14","3323229"
"chr3","196187982","196187999","chr4","5049739","5049753","8","191138243"
"chr3","196192220","196192463","chr3","192869022","192869268","5","3323198"
"chr3","196193601","196193915","chr3","192870409","192870719","12","3323192"
"chr3","196201768","196202078","chr3","192878684","192878991","12","3323084"
"chr3","196250006","196250300","chr3","192926721","192927016","4","3323285"
"chr3","196261275","196261580","chr3","192936365","192936668","7","3324910"
"chr3","196298430","196298722","chr3","192973504","192973796","9","3324926"
"chr3","196299451","196299770","chr3","192974517","192974844","11","3324934"
"chr3","196311449","196311717","chr3","192986547","192986817","8","3324902"
"chr3","196314381","196314702","chr3","134578323","134578629","61","61736058"
"chr3","196358171","196358312","chr3","193031201","193031342","2","3326970"
"chr3","196361040","196361323","chr1","893848","894130","44","195467192"
"chr3","196373881","196374159","chr2","135654470","135654748","26","60719411"
"chr3","196418507","196418805","chr3","193080353","193080651","5","3338154"
"chr3","196448090","196448398","chr3","193109768","193110080","12","3338322"
"chr3","196505018","196505298","chr3","193166755","193167034","10","3338263"
"chr3","196658681","196658977","chr3","193321349","193321645","3","3337332"
"chr3","196750610","196750885","chr3","193412751","193413022","9","3337859"
"chr3","196774041","196774333","chr3","193436458","193436751","8","3337583"
"chr3","196808754","196809054","chr3","193469344","193469644","9","3339410"
"chr3","196913041","196913341","chr3","193574438","193574735","9","3338603"
"chr3","196916289","196916573","chr3","193578013","193578296","7","3338276"
"chr3","196924850","196925157","chr3","193588858","193589165","3","3335992"
"chr3","196988325","196988627","chr3","193652101","193652406","9","3336224"
"chr3","197023046","197023335","chr3","193693359","193693649","5","3329687"
"chr3","197036622","197036938","chr2","158826510","158826814","40","38210112"
"chr3","197047838","197048140","chr3","193717952","193718268","23","3329886"
"chr3","197075564","197075851","chr3","193745657","193745944","5","3329907"
"chr3","197092341","197092648","chr3","193762360","193762663","14","3329981"
"chr3","197106011","197106298","chr3","193745657","193745944","4","3360354"
"chr3","197327246","197327557","chr3","193966392","193966703","13","3360854"
"chr3","197387476","197387780","chr3","194020384","194020688","5","3367092"
"chr3","197408902","197409197","chr10","72986165","72986461","41","124422737"
"chr3","197485539","197485835","chr3","194118530","194118826","5","3367009"
"chr3","197496088","197496381","chr3","194129094","194129394","11","3366994"
"chr3","197512324","197512628","chr3","194145298","194145598","12","3367026"
"chr3","197558111","197558396","chr5","59754048","59754331","43","137804063"
"chr3","197558785","197559099","chr3","194191319","194191633","4","3367466"
"chr3","197576584","197576890","chr3","194209323","194209630","6","3367261"
"chr3","197589730","197590013","chr3","194222604","194222888","9","3367126"
"chr3","197594640","197594945","chr3","194227508","194227809","14","3367132"
"chr3","197597213","197597524","chr3","194230074","194230383","10","3367139"
"chr3","197604153","197604453","chr19","5769807","5770105","49","191834346"
"chr3","197622877","197623183","chr3","194254705","194255002","12","3368172"
"chr3","197638210","197638525","chr3","194254705","194255002","25","3383505"
"chr3","197641606","197641824","chr5","88082470","88082691","46","109559136"
"chr3","197755118","197755405","chr3","194381000","194381287","3","3374118"
"chr3","197755445","197755474","chr3","194381327","194381356","0","3374118"
"chr3","197801499","197801756","chr3","194426726","194426983","7","3374773"
"chr3","197802694","197803004","chr3","194427940","194428249","7","3374754"
"chr3","197812295","197812618","chr3","194437878","194438165","48","3374417"
"chr3","197845799","197846083","chr3","194471369","194471653","3","3374430"
"chr3","197882918","197883215","chr3","194508125","194508408","19","3374793"
"chr3","197886373","197886675","chr3","194511598","194511895","11","3374775"
"chr3","197890772","197891061","chr3","194515974","194516272","14","3374798"
"chr3","197902397","197902691","chr3","194527521","194527769","127","3374876"
"chr3","197903584","197903878","chr3","194528433","194528737","10","3375151"
"chr3","197907104","197907235","chr22","32148296","32148427","10","165758808"
"chr3","197913088","197913222","chr3","194538127","194538261","3","3374961"
"chr3","197913526","197913703","chr3","194538565","194538743","1","3374961"
"chr3","197923255","197923359","chr19","6862577","6862682","15","191060678"
"chr3","197935712","197935996","chr12","51314064","51314347","29","146621648"
"chr3","197944194","197944469","chr2","120263563","120263829","58","77680631"
"chr3","197953504","197953642","chr19","17635166","17635300","13","180318338"
"chr3","197959509","197959833","chr3","190626665","190626969","55","7332844"
"chr3","197960229","197960381","chr3","65527762","65527923","33","132432467"
"chr3","197963344","197963654","chr3","194581696","194581994","18","3381648"
"chr3","197987310","197987599","chr3","194614418","194614706","6","3372892"
"chr3","197993688","197993984","chr3","149793421","149793720","34","48200267"
"chr3","198011427","198011695","chr3","194639631","194639896","7","3371796"
"chr3","198024575","198024873","chr3","194653233","194653529","11","3371342"
"chr3","198034940","198035215","chr3","194663977","194664252","8","3370963"
"chr3","198054675","198054984","chr3","194683813","194684122","2","3370862"
"chr3","198064581","198064883","chr3","194693621","194693922","15","3370960"
"chr3","198083736","198084038","chr3","194712974","194713277","4","3370762"
"chr3","198089569","198089852","chr3","194718835","194719122","9","3370734"
"chr3","198106668","198106964","chr3","194754890","194755186","4","3351778"
"chr3","198115920","198116203","chr3","194764125","194764408","7","3351795"
"chr3","198142306","198142593","chr3","194790670","194790957","6","3351636"
"chr3","198205993","198206303","chr3","194850910","194851231","20","3355083"
"chr3","198208932","198209231","chr3","194853866","194854161","11","3355066"
"chr3","198228533","198228827","chr6","69591021","69591317","48","128637512"
"chr3","198297869","198298243","chr8","124824772","124825091","107","73473097"
"chr3","198330776","198331086","chr4","52262403","52262712","39","146068373"
"chr3","198379078","198379384","chr3","195026200","195026500","14","3352878"
"chr3","198434796","198435072","chr3","195082571","195082846","8","3352225"
"chr3","198503648","198503945","chr3","195151262","195151553","18","3352386"
"chr3","198557206","198557504","chr3","195206488","195206776","23","3350718"
"chr3","198589200","198589501","chr14","58614445","58614748","26","139974755"
"chr3","198600030","198600323","chr3","195245160","195245456","10","3354870"
"chr3","198650868","198651152","chr3","195293563","195293847","11","3357305"
"chr3","198657399","198657712","chr19","9812249","9812560","39","188845150"
"chr3","198660306","198660592","chr3","195302934","195303220","3","3357372"
"chr3","198666600","198666915","chr1","168204059","168204379","49","30462541"
"chr3","198668746","198669068","chr3","195314264","195314568","44","3354482"
"chr3","198671035","198671346","chr3","195311525","195311836","5","3359510"
"chr3","198673737","198674041","chr3","195314264","195314568","9","3359473"
"chr3","198675872","198676187","chr3","195316416","195316694","45","3359456"
"chr3","198676383","198676675","chr3","195316935","195317197","36","3359448"
"chr3","198681082","198681386","chr3","195321611","195321910","14","3359471"
"chr3","198711057","198711366","chr3","195351118","195351416","25","3359939"
"chr3","198712794","198713061","chr3","195352827","195353098","6","3359967"
"chr3","198726283","198726597","chr3","195365842","195366144","21","3360441"
"chr3","198728617","198728902","chr3","195368146","195368431","6","3360471"
"chr3","198734118","198734395","chr3","195373649","195373927","9","3360469"
"chr3","198734595","198734869","chr3","195374119","195374400","13","3360476"
"chr3","198745412","198745705","chr3","195384445","195384739","7","3360967"
"chr3","198748492","198748724","chr15","31432833","31433060","40","167315659"
"chr3","198757494","198757814","chr3","195396506","195396814","20","3360988"
"chr3","198765070","198765368","chr3","195401383","195401679","8","3363687"
"chr3","198769347","198769654","chr10","119843659","119843961","46","78925688"
"chr3","198781685","198781829","chr4","151154434","151154578","19","47627251"
"chr3","198783657","198783938","chr4","147647521","147647809","67","51136136"
"chr3","198786363","198786658","chr3","195420648","195420943","8","3365715"
"chr3","198794820","198795111","chr3","195429106","195429396","2","3365714"
"chr3","198801861","198802175","chr22","36791829","36792137","47","162010032"
"chr3","198818549","198818852","chr3","195452557","195452860","5","3365992"
"chr3","198848683","198848822","chr3","184591537","184591669","24","14257146"
"chr3","198861815","198862108","chr3","195520675","195520968","6","3341140"
"chr3","198874251","198874531","chr3","195533082","195533363","7","3341169"
"chr3","198877713","198877968","chr2","233104007","233104266","43","34226294"
"chr3","198901243","198901545","chr3","195561757","195562058","10","3339486"
"chr3","198915989","198916268","chr3","195576529","195576822","20","3339460"
"chr3","198921930","198922243","chr3","195582459","195582772","4","3339471"
"chr3","198971921","198972225","chr5","230343","230648","12","198741578"
"chr3","198980267","198980577","chr3","195676053","195676362","15","3304214"
"chr3","198989740","198990038","chr3","195682774","195683072","20","3306966"
"chr3","198994117","198994421","chr3","195682774","195683072","24","3311343"
"chr3","199019912","199020220","chr3","195707469","195707775","14","3312443"
"chr3","199055420","199055730","chr3","195734728","195735039","9","3320692"
"chr3","199061127","199061428","chr3_KI270937v1_alt","54123","54425","11","199007004"
"chr3","199066246","199066535","chr3_KI270934v1_alt","48908","49203","13","199017338"
"chr3","199068299","199068598","chr3","195747584","195747878","10","3320715"
"chr3","199088890","199089184","chr3_KI270924v1_alt","28872","29165","11","199060018"
"chr3","199120301","199120598","chr3","195799996","195800291","3","3320305"
"chr3","199141458","199141675","chr2","108714155","108714370","31","90427303"
"chr3","199145836","199146122","chr3","195823010","195823297","18","3322826"
"chr3","199149215","199149376","chr2","120513050","120513208","22","78636165"
"chr3","199149675","199149805","chr19","32836213","32836348","18","166313462"
"chr3","199150014","199150295","chr1","171615936","171616218","53","27534078"
"chr3","199150322","199150342","chr1","6558419","6558437","5","192591903"
"chr3","199167677","199167973","chr3","195840442","195840733","10","3327235"
"chr3","199179426","199179724","chr3","195851632","195851931","2","3327794"
"chr3","199183187","199183483","chr3","195855215","195855506","9","3327972"
"chr3","199211144","199211451","chr3","195882577","195882884","7","3328567"
"chr3","199230980","199231287","chr3","195902336","195902643","12","3328644"
"chr3","199239806","199240105","chr20","31978854","31979149","53","167260952"
"chr3","199244174","199244461","chr3","195915484","195915771","6","3328690"
"chr3","199251003","199251308","chr3","195920058","195920355","9","3330945"
"chr3","199253749","199254033","chr3","195922798","195923080","5","3330951"
"chr3","199359815","199360114","chr10","111327701","111328000","34","88032114"
"chr3","199366333","199366636","chr3","5012793","5013093","54","194353540"
"chr3","199367844","199368130","chr3","196048033","196048318","11","3319811"
"chr3","199376273","199376573","chr3","196056402","196056700","8","3319871"
"chr3","199377518","199377670","chr17","1973385","1973534","43","197404133"
"chr3","199395713","199396047","chr3","196075844","196076172","15","3319869"
"chr3","199400000","199400299","chr3","196080105","196080402","8","3319895"
"chr3","199405875","199406170","chr3","196085961","196086256","4","3319914"
"chr3","199452066","199452360","chr3","196133428","196133718","10","3318638"
"chr3","199455790","199456098","chr3","196137145","196137453","4","3318645"
"chr3","199460438","199460743","chr3","196141756","196142034","33","3318682"
"chr3","199467830","199468083","chr3","196149546","196149799","9","3318284"
"chr3","199469290","199469604","chr3","196151001","196151312","14","3318289"
"chr3","199511043","199511353","chr3","196195091","196195390","16","3315952"
"chr3","199518159","199518467","chr3","196202037","196202340","13","3316122"
"chr3","199520943","199521242","chr3","196204825","196205123","8","3316118"
"chr3","199521800","199522102","chr19","13388246","13388545","42","186133554"
"chr3","199527782","199528067","chr3","196211665","196211950","6","3316117"
"chr3","199529641","199529774","chr3","196213501","196213634","0","3316140"
"chr3","199532711","199532944","chr3","196225040","196225273","5","3307671"
"chr3","199567875","199567944","chr18","57786710","57786780","8","141781165"
"chr3","199574749","199575044","chr3","196252245","196252540","6","3322504"
"chr3","199600850","199601145","chr3","196278699","196279001","8","3322151"
"chr3","199608244","199608427","chr20","43845828","43846000","27","155762416"
"chr3","199610726","199611012","chr3","196288537","196288826","11","3322189"
"chr3","199616905","199617220","chr3","196294726","196295041","4","3322179"
"chr3","199629170","199629476","chr3","196304129","196304432","9","3325041"
"chr3","199635443","199635729","chr3","196310441","196310727","5","3325002"
"chr3","199639321","199639579","chr3","196314224","196314482","6","3325097"
"chr3","199647536","199647837","chr3","196322693","196322990","9","3324843"
"chr3","199658534","199658823","chr3","196333780","196334072","11","3324754"
"chr3","199659477","199659609","chr1","153811068","153811199","13","45848409"
"chr3","199669967","199670287","chr19","6038045","6038352","44","193631922"
"chr3","199682448","199682710","chr12","69665352","69665621","44","130017096"
"chr3","199691768","199692070","chr3","196366901","196367203","5","3324867"
"chr3","199697136","199697444","chr3","196372332","196372639","9","3324804"
"chr3","199720758","199721049","chr3","196395770","196396065","7","3324988"
"chr3","199746979","199747280","chr3","196421917","196422218","4","3325062"
"chr3","199752934","199753237","chr3","196427845","196428122","32","3325089"
"chr3","199758883","199759184","chr3","196433684","196433985","4","3325199"
"chr3","199761186","199761494","chr3","196435987","196436295","0","3325199"
"chr3","199764243","199764538","chr3","196439040","196439346","16","3325203"
"chr3","199773992","199774312","chr14","105396489","105396802","46","94377503"
"chr3","199776003","199776304","chr3","196421917","196422218","3","3354086"
"chr3","199783759","199784085","chr3","53277973","53278289","59","146505786"
"chr3","199787699","199788007","chr6","144366974","144367284","38","55420725"
"chr3","199790783","199791079","chr10","22082594","22082879","61","177708189"
"chr3","199813552","199813858","chr3","196488849","196489155","4","3324703"
"chr3","199817189","199817476","chr3","196492494","196492777","11","3324695"
"chr3","199822829","199822962","chr20","36095272","36095407","15","163727557"
"chr3","199835053","199835186","chr3","196540274","196540407","4","3294779"
"chr3","199835809","199835973","chr3","196541005","196541179","14","3294804"
"chr3","199858870","199859128","chr3","196565293","196565551","5","3293577"
"chr3","199875961","199876290","chr2","235650898","235651214","68","35774937"
"chr3","199909222","199909516","chr6","27473855","27474161","58","172435367"
"chr3","199911579","199911880","chr10","126865608","126865910","38","73045971"
"chr3","199916053","199916371","chr3","196621085","196621402","10","3294968"
"chr3","199918994","199919324","chr16","67500048","67500376","67","132418946"
"chr3","199991955","199992244","chr3","196697202","196697490","10","3294753"
"chr3","199999775","200000000","chr22","26312637","26312869","39","173687138"
"chr3","200029516","200029790","chr3","196729788","196730083","28","3299728"
"chr3","200029892","200030186","chr3","196729788","196730083","4","3300104"
"chr3","200062408","200062741","chr3","196758639","196758957","19","3303769"
"chr3","200071195","200071504","chr3","196768657","196768966","15","3302538"
"chr3","200073161","200073471","chr3","196770636","196770922","27","3302525"
"chr3","200079777","200080083","chr3","196777196","196777503","8","3302581"
"chr3","200082238","200082536","chr3","196779661","196779960","9","3302577"
"chr3","200088542","200088838","chr10","69092512","69092812","42","130996030"
"chr3","200095563","200095860","chr3","196793854","196794151","10","3301709"
"chr3","200100062","200100373","chr3","196798334","196798643","12","3301728"
"chr3","200125018","200125231","chr3","196823584","196823795","4","3301434"
"chr3","200126486","200126781","chr3","196825064","196825359","5","3301422"
"chr3","200128237","200128539","chr3","196826640","196826942","5","3301597"
"chr3","200137297","200137603","chr3","196835984","196836283","12","3301313"
"chr3","200137788","200138090","chr3","196836468","196836766","9","3301320"
"chr3","200145392","200145642","chr3","196845657","196845906","8","3299735"
"chr3","200148105","200148236","chr19","33218685","33218817","15","166929420"
"chr3","200148446","200148753","chr3","196848710","196849021","6","3299736"
"chr3","200157435","200157725","chr3","196855153","196855443","7","3302282"
"chr3","200157805","200158112","chr3","196855525","196855825","9","3302280"
"chr3","200158933","200159236","chr3","196856646","196856949","8","3302287"
"chr3","200161631","200161940","chr3","196858724","196859033","5","3302907"
"chr3","200163076","200163379","chr3","196860166","196860474","15","3302910"
"chr3","200163474","200163736","chr5","172061971","172062237","42","28101503"
"chr3","200195115","200195428","chr3","196892133","196892446","5","3302982"
"chr3","200221253","200221472","chr6","136899065","136899247","63","63322188"
"chr3","200221787","200221929","chr17","30299787","30299918","31","169922000"
"chr3","200255736","200256025","chr3","196980139","196980409","24","3275597"
"chr3","200292139","200292445","chr3","197014384","197014689","5","3277755"
"chr3","200346134","200346429","chr3","197057979","197058279","13","3288155"
"chr3","200348958","200349238","chr3","197060824","197061103","6","3288134"
"chr3","200373432","200373712","chr3","197084806","197085087","7","3288626"
"chr3","200436062","200436383","chr3","197148117","197148432","21","3287945"
"chr3","200483229","200483502","chr3","197193825","197194093","11","3289404"
"chr3","200517379","200517514","chr3","197233684","197233819","1","3283695"
"chr3","200547826","200548137","chr3","197263505","197263814","7","3284321"
"chr3","200565501","200565812","chr3","197281023","197281334","15","3284478"
"chr3","200589973","200590231","chr7","74576663","74576920","38","126013310"
"chr3","200590298","200590572","chr4","2441115","2441391","41","198149183"
"chr3","200605390","200605678","chr3","197322848","197323138","11","3282542"
"chr3","200623815","200624113","chr3","197341152","197341447","9","3282663"
"chr3","200631867","200631938","chr3","197348611","197348682","3","3283256"
"chr3","200632388","200632696","chr3","197349109","197349401","23","3283279"
"chr3","200633344","200633640","chr2","203121371","203121669","45","2488027"
"chr3","200656734","200657043","chr3","197377748","197378051","14","3278986"
"chr3","200712013","200712318","chr3","197440571","197440868","14","3271442"
"chr3","200748913","200749214","chr1","44475289","44475589","37","156273624"
"chr3","200763156","200763453","chr3","197491224","197491515","14","3271932"
"chr3","200807813","200808106","chr5","132045312","132045608","38","68762501"
"chr3","200822450","200822732","chr3","197552934","197553216","5","3269516"
"chr3","200825909","200826214","chr3","197556386","197556679","19","3269523"
"chr3","200826998","200827276","chr3","197557463","197557737","9","3269535"
"chr3","200849950","200850246","chr3","197582834","197583139","18","3267116"
"chr3","200976482","200976599","chr3","197694073","197694190","3","3282409"
"chr3","200984660","200984951","chr3","197702381","197702672","5","3282279"
"chr3","200992123","200992425","chr3","197709887","197710184","10","3282236"
"chr3","200998371","200998661","chr3","197716125","197716424","16","3282246"
"chr3","201004210","201004521","chr3","197721957","197722266","3","3282253"
"chr3","201024139","201024432","chr16","3287970","3288266","35","197736169"
"chr3","201035395","201035574","chr3","197755443","197755611","15","3279952"
"chr3","201035605","201035732","chr3","197755660","197755787","7","3279945"
"chr3","201045131","201045433","chr3","197764850","197765152","9","3280281"
"chr3","201049093","201049377","chr3","197768790","197769064","12","3280303"
"chr3","201052623","201052903","chr3","197772626","197772908","4","3279997"
"chr3","201063402","201063703","chr3","197781032","197781328","12","3282370"
"chr3","201072863","201073158","chr3","197790643","197790935","11","3282220"
"chr3","201086193","201086492","chr3","197803976","197804274","10","3282217"
"chr3","201093928","201094035","chr3","197806744","197806850","2","3287184"
"chr3","201099835","201100048","chr7","131990458","131990670","30","69109377"
"chr3","201100715","201101021","chr3","197813511","197813830","19","3287204"
"chr3","201120597","201120910","chr3","197833238","197833546","18","3287359"
"chr3","201122217","201122519","chr3","197834863","197835165","15","3287354"
"chr3","201127499","201127819","chr3","197840156","197840475","7","3287343"
"chr3","201132473","201132760","chr9","83442255","83442534","53","117690218"
"chr3","201175761","201176065","chr12","122410459","122410758","54","78765302"
"chr3","201207661","201207974","chr3","197919919","197920232","8","3287742"
"chr3","201215604","201215910","chr3","197928342","197928649","17","3287262"
"chr3","201219708","201219993","chr3","197933182","197933465","6","3286526"
"chr3","201220697","201221001","chr12","122410459","122410758","29","78810238"
"chr3","201250518","201250811","chr3","197947929","197948232","18","3302589"
"chr3","201257099","201257394","chr3","149793421","149793720","58","51463678"
"chr3","201279657","201279970","chr3","197988669","197988982","4","3290988"
"chr3","201311371","201311652","chr3","198010166","198010447","7","3301205"
"chr3","201322420","201322726","chr3","198022574","198022882","9","3299846"
"chr3","201329240","201329545","chr3","198029395","198029696","9","3299845"
"chr3","201337317","201337561","chr3","198037411","198037655","2","3299906"
"chr4","4194089","4194414","chr3","53540108","53540425","65","49346019"
"chr4","175112071","175112376","chr4","162417570","162417875","2","12694501"
"chr4","21233462","21233779","chr4","21663940","21664247","16","430478"
"chr4","48103141","48103438","chr4","48227361","48227661","11","124220"
"chr4","71827403","71827693","chr4","56942118","56942410","12","14885285"
"chr4","72220391","72220709","chr4","56556967","56557286","13","15663424"
"chr4","81657744","81658028","chr17","43413932","43414215","54","38243812"
"chr4","96075768","96076078","chrX","97195379","97195679","42","1119611"
"chr4","98041852","98042161","chr4","86938168","86938479","10","11103684"
"chr4","100138804","100139096","chr4","88964634","88964927","4","11174170"
"chr4","109706952","109707267","chr4","98424481","98424795","8","11282471"
"chr4","132775705","132776016","chr4","120903908","120904213","10","11871797"
"chr4","198049755","198050051","chr4","185170066","185170362","4","12879689"
"chr4","58909","59198","chr4","70342","70635","22","11433"
"chr4","209597","209902","chr4","225136","225433","15","15539"
"chr4","308808","309119","chr6","15140213","15140522","38","14831405"
"chr4","309437","309665","chr4","323749","323978","5","14312"
"chr4","328659","328957","chr17","36353019","36353317","52","36024360"
"chr4","343048","343366","chr4","368245","368541","31","25197"
"chr4","356283","356600","chr4","381401","381704","21","25118"
"chr4","391621","391914","chr10","44423563","44423850","55","44031942"
"chr4","437118","437415","chr4","461592","461885","11","24474"
"chr4","532884","533174","chr1","26348565","26348855","37","25815681"
"chr4","554883","555173","chr4","580416","580706","11","25533"
"chr4","586156","586332","chr4","611661","611837","4","25505"
"chr4","610898","611154","chr3","194426726","194426983","46","193815828"
"chr4","670509","670689","chrX","134828212","134828390","23","134157703"
"chr4","671280","671412","chr1","32261241","32261362","29","31589961"
"chr4","672191","672306","chr4","695818","695935","4","23627"
"chr4","674098","674381","chr16","19467492","19467781","39","18793394"
"chr4","706137","706435","chr9","96267158","96267457","39","95561021"
"chr4","731009","731306","chr4","756217","756511","10","25208"
"chr4","781355","781644","chr4","803685","803970","5","22330"
"chr4","821339","821636","chr4","843035","843332","7","21696"
"chr4","858094","858346","chr4","875700","875951","4","17606"
"chr4","884487","884797","chr4","901956","902257","17","17469"
"chr4","917838","918048","chr4","936087","936297","5","18249"
"chr4","921182","921483","chr4","939435","939734","9","18253"
"chr4","925055","925307","chr19","4116251","4116503","32","3191196"
"chr4","968983","969261","chr4","984555","984832","9","15572"
"chr4","1049038","1049166","chr4","1065751","1065879","1","16713"
"chr4","1120213","1120526","chr3","45059648","45059952","50","43939435"
"chr4","1128102","1128406","chr7","140416945","140417252","39","139288843"
"chr4","1140856","1141159","chr7","152739807","152740112","32","151598951"
"chr4","1153008","1153304","chr4","1174218","1174516","7","21210"
"chr4","1163939","1164240","chr13","102690139","102690439","48","101526200"
"chr4","1178525","1178837","chr4","1197767","1198076","11","19242"
"chr4","1184784","1185087","chr4","1203869","1204171","12","19085"
"chr4","1201411","1201710","chr1","164401334","164401640","35","163199923"
"chr4","1214073","1214371","chr4","1232309","1232607","10","18236"
"chr4","1257096","1257384","chr4","1276406","1276695","9","19310"
"chr4","1373096","1373282","chr1","16490173","16490358","25","15117077"
"chr4","1404967","1405269","chr4","1419389","1419694","8","14422"
"chr4","1407627","1407936","chr4","1422059","1422368","4","14432"
"chr4","1533417","1533722","chr4","1585271","1585583","15","51854"
"chr4","1535557","1535851","chr4","1587390","1587684","5","51833"
"chr4","1555141","1555441","chr4","1607017","1607318","6","51876"
"chr4","1564922","1565225","chr4","1616855","1617147","37","51933"
"chr4","1578614","1578914","chr4","1631881","1632181","8","53267"
"chr4","1597022","1597127","chr3","197806744","197806850","13","196209722"
"chr4","1609824","1610133","chr4","1665033","1665339","7","55209"
"chr4","1622475","1622775","chr4","1678540","1678831","18","56065"
"chr4","1657723","1658023","chr4","1710768","1711075","14","53045"
"chr4","1678671","1678961","chr4","1731641","1731933","10","52970"
"chr4","1689658","1689927","chr4","1742549","1742818","3","52891"
"chr4","1744906","1745195","chr4","1791602","1791894","8","46696"
"chr4","1806544","1806839","chr4","1840096","1840385","14","33552"
"chr4","1812000","1812300","chr4","1845536","1845843","12","33536"
"chr4","1812319","1812611","chr4","1845862","1846156","11","33543"
"chr4","1844766","1845080","chrX","24637360","24637667","59","22792594"
"chr4","1850805","1851079","chr4","1884088","1884388","27","33283"
"chr4","1855351","1855662","chr4","1888552","1888864","5","33201"
"chr4","1860311","1860609","chr8","47112582","47112889","54","45252271"
"chr4","1864399","1864701","chr4","1897623","1897925","8","33224"
"chr4","1873424","1873724","chr4","1906655","1906960","9","33231"
"chr4","1886825","1887124","chr4","1921176","1921473","8","34351"
"chr4","1887151","1887454","chr4","1921500","1921803","8","34349"
"chr4","1887517","1887804","chr4","1921867","1922154","9","34350"
"chr4","1893045","1893347","chr4","1927442","1927747","5","34397"
"chr4","1897699","1898000","chr4","139600385","139600689","33","137702686"
"chr4","1901069","1901377","chr4","1935578","1935881","13","34509"
"chr4","1902551","1902848","chr4","1937056","1937353","3","34505"
"chr4","1977707","1978017","chr4","2011754","2012063","4","34047"
"chr4","1986843","1987125","chr4","2020912","2021198","9","34069"
"chr4","2005862","2006157","chr4","2039553","2039846","5","33691"
"chr4","2087727","2088023","chr2","73340249","73340544","34","71252522"
"chr4","2089814","2089949","chr4","2123208","2123343","3","33394"
"chr4","2089950","2090260","chr4","2123344","2123654","7","33394"
"chr4","2090261","2090419","chr4","2123655","2123813","2","33394"
"chr4","2096596","2096894","chr4","2129972","2130256","20","33376"
"chr4","2105413","2105705","chr12","93152361","93152653","43","91046948"
"chr4","2118846","2119160","chr4","2152021","2152337","11","33175"
"chr4","2143498","2143794","chr13","19223358","19223651","40","17079860"
"chr4","2154043","2154354","chr4","2185464","2185772","10","31421"
"chr4","2155853","2156133","chr9","68857993","68858273","35","66702140"
"chr4","2170986","2171270","chr4","2202455","2202753","17","31469"
"chr4","2178212","2178523","chr17","42195297","42195606","46","40017085"
"chr4","2198567","2198849","chr4","2230017","2230299","7","31450"
"chr4","2247735","2248009","chr4","2279173","2279447","14","31438"
"chr4","2280994","2281296","chrX","132297705","132298006","39","130016711"
"chr4","2281847","2282136","chr4","2313588","2313870","13","31741"
"chr4","2319384","2319660","chr4","2351432","2351708","6","32048"
"chr4","2350191","2350491","chr4","2381402","2381705","12","31211"
"chr4","2373752","2374053","chr4","2406091","2406390","10","32339"
"chr4","2407901","2408178","chr4","2441115","2441391","12","33214"
"chr4","2421112","2421275","chr4","2453817","2453986","12","32705"
"chr4","2421590","2421725","chr4","2454301","2454436","7","32711"
"chr4","2421851","2422188","chr4","2454612","2454921","37","32761"
"chr4","2438140","2438439","chr4","2470963","2471266","6","32823"
"chr4","2472550","2472772","chr4","2505724","2505949","8","33174"
"chr4","2483446","2483743","chr4","2517048","2517345","7","33602"
"chr4","2484726","2485006","chr4","2518348","2518628","8","33622"
"chr4","2492856","2493190","chr4","2526716","2527048","12","33860"
"chr4","2508375","2508510","chr4","2542305","2542443","6","33930"
"chr4","2509646","2509969","chr4","2543575","2543895","14","33929"
"chr4","2513178","2513469","chr4","2547106","2547424","35","33928"
"chr4","2513689","2513986","chr4","2547631","2547924","8","33942"
"chr4","2514529","2514818","chr4","2548462","2548756","11","33933"
"chr4","2514988","2515299","chr4","2548925","2549235","13","33937"
"chr4","2523428","2523731","chr4","2558719","2559020","7","35291"
"chr4","2525890","2526188","chr4","2561183","2561481","6","35293"
"chr4","2526201","2526506","chr4","2561494","2561795","9","35293"
"chr4","2541344","2541430","chr4","2576580","2576666","0","35236"
"chr4","2566623","2566922","chr1","145739580","145739877","44","143172957"
"chr4","2583007","2583321","chr2","158826510","158826814","47","156243503"
"chr4","2604361","2604663","chr4","2641040","2641342","7","36679"
"chr4","2641394","2641691","chr4","2678361","2678662","10","36967"
"chr4","2647793","2648095","chr4","2703242","2703544","2","55449"
"chr4","2648833","2649134","chr4","2704284","2704584","6","55451"
"chr4","2661951","2662232","chr4","2715181","2715462","4","53230"
"chr4","2664115","2664419","chr4","2717311","2717615","11","53196"
"chr4","2665245","2665529","chr4","123439212","123439501","54","120773967"
"chr4","2678120","2678226","chr15","101016374","101016485","17","98338254"
"chr4","2709355","2709657","chr4","2760222","2760520","11","50867"
"chr4","2726137","2726436","chr4","2776568","2776867","5","50431"
"chr4","2729662","2729960","chr4","2779798","2780097","14","50136"
"chr4","2751582","2751864","chr4","2801827","2802114","9","50245"
"chr4","2799173","2799343","chr4","2850265","2850432","5","51092"
"chr4","2799636","2799780","chr4","2850725","2850869","4","51089"
"chr4","2825341","2825475","chr4","2876420","2876554","4","51079"
"chr4","2825779","2825944","chr4","2876853","2877019","7","51074"
"chr4","2828726","2828955","chr4","2879783","2880015","6","51057"
"chr4","2831774","2832080","chr4","2882855","2883161","8","51081"
"chr4","2836963","2837268","chr4","2888055","2888378","22","51092"
"chr4","2840065","2840363","chr4","2896760","2897058","3","56695"
"chr4","2873093","2873391","chr4","2896760","2897058","3","23667"
"chr4","2930794","2931097","chr5","32020643","32020945","33","29089849"
"chr4","2932655","2932742","chr4","2969252","2969339","1","36597"
"chr4","2951034","2951167","chr4","2987659","2987792","2","36625"
"chr4","2956770","2957080","chr4","2993392","2993702","5","36622"
"chr4","2987705","2988027","chr4","3024579","3024887","25","36874"
"chr4","3003608","3003913","chr4","3040159","3040470","12","36551"
"chr4","3006555","3006833","chr11","107925419","107925697","51","104918864"
"chr4","3048542","3048832","chr4","3084407","3084702","11","35865"
"chr4","3080165","3080464","chr4","3113332","3113629","7","33167"
"chr4","3094489","3094794","chr4","3127682","3127983","8","33193"
"chr4","3104270","3104549","chr4","3137431","3137708","8","33161"
"chr4","3105461","3105767","chr4","3138605","3138911","3","33144"
"chr4","3123065","3123350","chr4","3156134","3156419","3","33069"
"chr4","3151427","3151709","chr4","3180882","3181181","22","29455"
"chr4","3153418","3153720","chr3","186430295","186430592","57","183276877"
"chr4","3188999","3189293","chr4","3218352","3218644","10","29353"
"chr4","3233985","3234295","chr4","3264196","3264508","18","30211"
"chr4","3304075","3304288","chr4","3332838","3333051","3","28763"
"chr4","3304597","3304683","chr4","3333349","3333437","5","28752"
"chr4","3307063","3307346","chrX","123606310","123606595","33","120299247"
"chr4","3327329","3327642","chr17","50070364","50070674","48","46743035"
"chr4","3365411","3365741","chr2","38320864","38321194","62","34955453"
"chr4","3402027","3402162","chr9","61929443","61929582","5","58527416"
"chr4","3578533","3578715","chr2","99559980","99560161","29","95981447"
"chr4","3675952","3676024","chr11","32055530","32055607","8","28379578"
"chr4","3738613","3738917","chr9","65446474","65446777","5","61707861"
"chr4","3739483","3739702","chr1","92085310","92085529","34","88345827"
"chr4","3750887","3751170","chr9","65431085","65431368","4","61680198"
"chr4","3841715","3842026","chr10","119718125","119718435","45","115876410"
"chr4","3882640","3882956","chr4","3680376","3680694","19","202264"
"chr4","4101538","4101819","chr3","130019696","130019979","11","125918158"
"chr4","4103366","4103649","chr3","125727083","125727366","9","121623717"
"chr4","4142700","4143007","chr4","9147508","9147817","7","5004808"
"chr4","4183658","4183955","chr12","8270030","8270325","11","4086372"
"chr4","4207797","4208103","chr4","4012776","4013078","16","195021"
"chr4","4208752","4209054","chr4","4012776","4013078","11","195976"
"chr4","4211817","4212125","chr4","4012776","4013078","19","199041"
"chr4","4222928","4223233","chr16","5148973","5149278","19","926045"
"chr4","4231311","4231559","chr3","15493802","15494050","35","11262491"
"chr4","4246204","4246331","chr4","9067563","9067690","7","4821359"
"chr4","4264950","4265246","chr4","4053574","4053870","12","211376"
"chr4","4299228","4299504","chr9","90749371","90749647","16","86450143"
"chr4","4319677","4319976","chr4","4198909","4199208","7","120768"
"chr4","4349831","4350120","chr4","4229883","4230171","5","119948"
"chr4","4380502","4380781","chr4","4260570","4260849","7","119932"
"chr4","4384365","4384663","chr4","4264418","4264726","14","119947"
"chr4","4411966","4412268","chr4","4291994","4292296","5","119972"
"chr4","4414339","4414622","chr2","11172877","11173162","41","6758538"
"chr4","4424586","4424881","chr4","4304226","4304517","12","120360"
"chr4","4438697","4439000","chr4","4318334","4318633","15","120363"
"chr4","4443350","4443650","chr4","4322967","4323267","8","120383"
"chr4","4488881","4489189","chr4","4370135","4370444","4","118746"
"chr4","4490141","4490465","chr4","4371455","4371752","43","118686"
"chr4","4495501","4495808","chr1","202366238","202366541","39","197870737"
"chr4","4560694","4561015","chr4","4442344","4442643","29","118350"
"chr4","4714339","4714635","chr8","100459439","100459736","51","95745100"
"chr4","4732920","4733222","chr4","4614422","4614746","30","118498"
"chr4","4738091","4738404","chr4","4619607","4619921","8","118484"
"chr4","4757264","4757458","chr13","24113321","24113521","35","19356057"
"chr4","4766014","4766341","chr4","4647544","4647862","14","118470"
"chr4","4766479","4766728","chr4","4648135","4648390","9","118344"
"chr4","4771790","4772092","chr4","4653427","4653721","14","118363"
"chr4","4788749","4789067","chr4","4692694","4692999","14","96055"
"chr4","4796431","4796568","chr7","108469679","108469814","14","103673248"
"chr4","4806365","4806729","chr4","4679733","4680073","51","126632"
"chr4","4811703","4811992","chr4","4685073","4685367","15","126630"
"chr4","4819343","4819661","chr4","4692694","4692999","14","126649"
"chr4","4829147","4829458","chrX","7551142","7551452","42","2721995"
"chr4","4971893","4972171","chr4","4845257","4845540","12","126636"
"chr4","5004221","5004526","chr4","4877530","4877840","13","126691"
"chr4","5009974","5010342","chr15","43864907","43865259","102","38854933"
"chr4","5094647","5094925","chr4","4967384","4967695","38","127263"
"chr4","5105882","5106192","chr4","4978639","4978943","10","127243"
"chr4","5159846","5160151","chr2","38514107","38514409","37","33354261"
"chr4","5174257","5174428","chr4","5048122","5048296","5","126135"
"chr4","5174717","5174847","chr4","5048597","5048727","1","126120"
"chr4","5191531","5191825","chr4","5065729","5066023","10","125802"
"chr4","5221327","5221610","chr4","5095333","5095619","7","125994"
"chr4","5231745","5232034","chr4","5106021","5106308","9","125724"
"chr4","5316362","5316636","chr4","5184440","5184714","8","131922"
"chr4","5354929","5355225","chr4","5225137","5225430","13","129792"
"chr4","5378228","5378529","chr4","5250308","5250611","8","127920"
"chr4","5443042","5443343","chr4","5324072","5324373","9","118970"
"chr4","5515882","5516184","chr4","5392159","5392465","14","123723"
"chr4","5550088","5550384","chr4","5426423","5426719","22","123665"
"chr4","5597530","5597786","chr4","5475455","5475709","6","122075"
"chr4","5645246","5645552","chr1","201785789","201786092","45","196140543"
"chr4","5716840","5717140","chr4","5579560","5579858","6","137280"
"chr4","5723164","5723469","chr4","5585861","5586161","12","137303"
"chr4","5746491","5746786","chr4","5608532","5608827","6","137959"
"chr4","5761317","5761602","chr4","5623331","5623639","26","137986"
"chr4","5867706","5868001","chr4","5721586","5721882","3","146120"
"chr4","5885196","5885505","chr4","5740189","5740500","12","145007"
"chr4","5931925","5932215","chr4","5784607","5784907","22","147318"
"chr4","5991329","5991447","chr4","5841899","5842017","4","149430"
"chr4","5991699","5991891","chr4","5842267","5842456","6","149432"
"chr4","5995468","5995766","chr3","10605654","10605948","35","4610186"
"chr4","6115741","6116045","chr4","5962990","5963294","7","152751"
"chr4","6197991","6198286","chr6","21825358","21825655","34","15627367"
"chr4","6204789","6205100","chr4","6052365","6052674","9","152424"
"chr4","6227787","6228047","chr4","6072832","6073097","11","154955"
"chr4","6272120","6272425","chr17","77008434","77008737","47","70736314"
"chr4","6281663","6281945","chr4","6122063","6122345","3","159600"
"chr4","6291051","6291355","chr4","6132361","6132666","6","158690"
"chr4","6299732","6300068","chr1","2141311","2141645","52","4158421"
"chr4","6323876","6324177","chr4","6165281","6165600","24","158595"
"chr4","6332630","6332886","chr4","6173795","6174052","7","158835"
"chr4","6398007","6398238","chr4","6239132","6239382","23","158875"
"chr4","6399354","6399609","chr4","6240498","6240753","5","158856"
"chr4","6417277","6417578","chr4","6258306","6258604","9","158971"
"chr4","6417579","6417723","chr4","6258607","6258753","4","158972"
"chr4","6425046","6425363","chr4","6266134","6266446","13","158912"
"chr4","6471999","6472284","chr22","17492989","17493271","32","11020990"
"chr4","6474480","6474805","chr4","6316050","6316371","12","158430"
"chr4","6564139","6564487","chr4","6406449","6406788","11","157690"
"chr4","6581047","6581359","chr4","6423192","6423503","14","157855"
"chr4","6606089","6606162","chr4","6448278","6448351","0","157811"
"chr4","6634742","6635020","chr21","31757918","31758206","62","25123176"
"chr4","6663534","6663851","chr4","6505684","6506003","12","157850"
"chr4","6713222","6713533","chr4","6554578","6554887","5","158644"
"chr4","6740218","6740513","chr4","6582344","6582639","2","157874"
"chr4","6747951","6748244","chr1","21504805","21505099","44","14756854"
"chr4","6748732","6749031","chr4","6590867","6591163","6","157865"
"chr4","6780988","6781273","chr4","6623076","6623362","8","157912"
"chr4","6782283","6782417","chr4","6624379","6624513","2","157904"
"chr4","6797946","6798248","chr4","6640054","6640356","5","157892"
"chr4","6802780","6803060","chr4","6644867","6645154","12","157913"
"chr4","6807772","6808071","chr4","6649868","6650165","8","157904"
"chr4","6848535","6848824","chr5","175028489","175028784","36","168179954"
"chr4","6849322","6849630","chr4","6691495","6691803","3","157827"
"chr4","6860937","6861230","chr19","38043058","38043351","33","31182121"
"chr4","6872585","6872919","chr4","6713964","6714296","8","158621"
"chr4","6891924","6892233","chr4","6732115","6732420","10","159809"
"chr4","6917266","6917550","chr4","6758077","6758362","9","159189"
"chr4","6933998","6934234","chr4","6774508","6774744","5","159490"
"chr4","6990166","6990467","chr4","6830404","6830706","5","159762"
"chr4","6997961","6998264","chr1","26109125","26109422","48","19111164"
"chr4","7009189","7009478","chr2","46081814","46082096","61","39072625"
"chr4","7025648","7025952","chr4","6865291","6865600","8","160357"
"chr4","7031504","7031813","chr3","124739325","124739632","48","117707821"
"chr4","7055476","7055779","chr4","6895140","6895441","6","160336"
"chr4","7094129","7094426","chr4","6935649","6935943","11","158480"
"chr4","7117995","7118302","chr7","140416945","140417252","55","133298950"
"chr4","7132942","7132955","chr4","105825076","105825088","2","98692134"
"chr4","7132995","7133277","chr10","74120537","74120817","38","66987542"
"chr4","7142288","7142530","chr4","6983030","6983271","4","159258"
"chr4","7149305","7149603","chr4","6990168","6990462","6","159137"
"chr4","7201578","7201861","chr4","7039975","7040258","11","161603"
"chr4","7226087","7226348","chr4","7064536","7064798","11","161551"
"chr4","7231541","7231848","chr4","7069937","7070244","2","161604"
"chr4","7240395","7240705","chr4","7078888","7079193","11","161507"
"chr4","7247630","7247922","chr4","7086145","7086438","11","161485"
"chr4","7262069","7262359","chr4","7099487","7099775","6","162582"
"chr4","7265161","7265474","chr4","7102550","7102859","6","162611"
"chr4","7267652","7267942","chr4","7105033","7105323","5","162619"
"chr4","7295084","7295354","chr2","100191186","100191455","46","92896102"
"chr4","7311360","7311669","chr4","7149046","7149355","3","162314"
"chr4","7324793","7325094","chr4","7162296","7162597","4","162497"
"chr4","7337473","7337783","chr4","7174789","7175099","4","162684"
"chr4","7341516","7341816","chr4","7178838","7179144","13","162678"
"chr4","7342996","7343272","chr4","7180328","7180608","14","162668"
"chr4","7413661","7413941","chr4","7249960","7250241","11","163701"
"chr4","7433320","7433613","chr14","35255131","35255428","38","27821811"
"chr4","7531919","7532228","chr4","7369030","7369339","3","162889"
"chr4","7536354","7536647","chr4","7373479","7373791","28","162875"
"chr4","7772475","7772781","chr4","7599812","7600121","5","172663"
"chr4","8068820","8069114","chr4","7887832","7888126","11","180988"
"chr4","8123231","8123521","chr4","7941532","7941821","6","181699"
"chr4","8136393","8136695","chr4","7954868","7955170","6","181525"
"chr4","8139954","8140257","chr14","63779632","63779936","6","55639678"
"chr4","8171223","8171520","chr1","97133716","97134014","57","88962493"
"chr4","8172266","8172565","chr4","7988026","7988322","10","184240"
"chr4","8178109","8178394","chr4","8009385","8009695","28","168724"
"chr4","8218278","8218576","chr4","8049729","8050027","7","168549"
"chr4","8230167","8230457","chr2","232613142","232613432","13","224382975"
"chr4","8403449","8403747","chr4","8210490","8210774","22","192959"
"chr4","8415709","8416013","chr4","8222362","8222671","16","193347"
"chr4","8423967","8424257","chr11","3950135","3950430","42","4473832"
"chr4","8452076","8452373","chr4","8257054","8257363","18","195022"
"chr4","8586830","8587125","chr4","8389823","8390124","10","197007"
"chr4","8712196","8712507","chr4","8521408","8521719","4","190788"
"chr4","8715094","8715410","chr4","8524306","8524623","10","190788"
"chr4","8720758","8721048","chr4","8529977","8530265","6","190781"
"chr4","8764265","8764390","chr4","8570856","8570981","3","193409"
"chr4","8797964","8798224","chr1","226196358","226196604","33","217398394"
"chr4","8856622","8856912","chr4","8662994","8663282","5","193628"
"chr4","8860602","8860746","chr19","18634412","18634560","27","9773810"
"chr4","8861058","8861193","chr11","45759707","45759842","13","36898649"
"chr4","8934057","8934242","chr6","157230265","157230449","36","148296208"
"chr4","8948833","8949158","chr4","3987592","3987917","8","4961241"
"chr4","8971612","8971896","chr4","9683657","9683960","27","712045"
"chr4","9009994","9010272","chr12","119150190","119150470","33","110140196"
"chr4","9010717","9011032","chr4","9721735","9722049","7","711018"
"chr4","9026122","9026375","chr4","9738400","9738645","15","712278"
"chr4","9026742","9027031","chr7","6895991","6896279","14","2130751"
"chr4","9099064","9099404","chr4","9813814","9814155","8","714750"
"chr4","9101135","9101419","chr4","9815888","9816173","2","714753"
"chr4","9138007","9138287","chr4","9852909","9853193","11","714902"
"chr4","9182394","9182692","chr4","9897622","9897920","3","715228"
"chr4","9302624","9302903","chr4","10018263","10018542","3","715639"
"chr4","9302971","9302998","chr4","10018591","10018618","0","715620"
"chr4","9327503","9327788","chr4","10037667","10037952","4","710164"
"chr4","9348464","9348755","chr4","10058586","10058881","9","710122"
"chr4","9355643","9355950","chr4","10065748","10066057","17","710105"
"chr4","9402931","9403244","chr4","10113074","10113385","14","710143"
"chr4","9438057","9438329","chr4","10146541","10146809","21","708484"
"chr4","9691264","9691568","chr4","10367361","10367664","12","676097"
"chr4","9722812","9723105","chr4","10399048","10399340","7","676236"
"chr4","9753996","9754295","chr4","10430425","10430723","6","676429"
"chr4","9759361","9759667","chr4","10435769","10436076","13","676408"
"chr4","9789437","9789654","chr4","10465855","10466074","11","676418"
"chr4","9789655","9789859","chr4","10466076","10466277","7","676421"
"chr4","9800656","9800952","chr4","10477750","10478044","12","677094"
"chr4","9809623","9809762","chr4","10481890","10482018","13","672267"
"chr4","9820773","9821076","chr4","10493035","10493338","6","672262"
"chr4","9822201","9822498","chr4","10494460","10494758","10","672259"
"chr4","9830916","9831207","chr4","10503180","10503473","6","672264"
"chr4","9838130","9838473","chr17","2818294","2818627","57","7019836"
"chr4","9880820","9881124","chr4","10551256","10551564","9","670436"
"chr4","9904933","9905217","chr1","211793448","211793731","40","201888515"
"chr4","9910674","9910964","chr4","10578580","10578871","5","667906"
"chr4","9943840","9944121","chr6","157325881","157326162","32","147382041"
"chr4","10050177","10050471","chr4","10717314","10717608","6","667137"
"chr4","10068687","10068998","chr4","10735809","10736120","5","667122"
"chr4","10145841","10146144","chr4","10814985","10815295","13","669144"
"chr4","10153603","10153899","chr4","10822756","10823038","69","669153"
"chr4","10212031","10212321","chr4","10878448","10878742","11","666417"
"chr4","10346206","10346489","chr5","115175843","115176125","49","104829637"
"chr4","10421332","10421641","chr4","11087461","11087770","11","666129"
"chr4","10592558","10592818","chr4","11258404","11258665","7","665846"
"chr4","10594772","10595067","chr10","119843659","119843961","44","109248887"
"chr4","10626600","10626884","chr10","36025684","36025979","56","25399084"
"chr4","10796048","10796343","chr4","11467690","11467976","14","671642"
"chr4","10799624","10799893","chr4","11471388","11471649","15","671764"
"chr4","10867228","10867540","chr4","11539717","11540042","20","672489"
"chr4","10942509","10942780","chr4","11609544","11609836","31","667035"
"chr4","11000585","11000878","chr4","11670022","11670314","9","669437"
"chr4","11060183","11060455","chr1","244975590","244975860","46","233915407"
"chr4","11110656","11110963","chr4","11778797","11779107","28","668141"
"chr4","11149117","11149381","chr4","11816761","11817042","22","667644"
"chr4","11217067","11217357","chr4","11882273","11882577","23","665206"
"chr4","11252260","11252546","chr4","11917095","11917381","3","664835"
"chr4","11348594","11348882","chr4","12012636","12012924","5","664042"
"chr4","11517540","11517832","chr4","12183371","12183665","13","665831"
"chr4","11875046","11875335","chr4","12540703","12540991","7","665657"
"chr4","11999120","11999411","chr4","12664811","12665102","9","665691"
"chr4","12020622","12020855","chr12","11234675","11234919","44","785947"
"chr4","12062341","12062648","chr4","12732254","12732559","8","669913"
"chr4","12069270","12069584","chr7","74795035","74795350","49","62725765"
"chr4","12110361","12110628","chr4","12780265","12780563","35","669904"
"chr4","12110658","12110675","chr3","121635191","121635209","2","109524533"
"chr4","12278041","12278317","chr4","12948167","12948443","12","670126"
"chr4","12316593","12316858","chr4","12986689","12986958","8","670096"
"chr4","12390358","12390663","chr4","13058049","13058355","6","667691"
"chr4","12447008","12447315","chr4","13116781","13117088","8","669773"
"chr4","12486018","12486312","chr4","13155797","13156091","8","669779"
"chr4","12522816","12523122","chr8","144162390","144162696","55","131639574"
"chr4","12564830","12565081","chr4","13232567","13232818","3","667737"
"chr4","12656335","12656673","chr4","13326232","13326571","7","669897"
"chr4","12690777","12691037","chr4","13357571","13357852","28","666794"
"chr4","12907546","12907811","chr4","13549922","13550187","3","642376"
"chr4","12922991","12923288","chr4","13565424","13565726","8","642433"
"chr4","12931023","12931319","chr17","42708373","42708668","36","29777350"
"chr4","12981882","12982176","chr14","35255131","35255428","37","22273249"
"chr4","13063517","13063804","chr4","13709567","13709854","5","646050"
"chr4","13087259","13087385","chr4","13720125","13720256","11","632866"
"chr4","13337158","13337456","chr4","13969261","13969562","7","632103"
"chr4","13426883","13427172","chr4","14064185","14064471","7","637302"
"chr4","13877266","13877565","chr4","14442589","14442888","6","565323"
"chr4","14023734","14024015","chr4","14591733","14592014","4","567999"
"chr4","14033631","14033921","chr5","55465048","55465339","45","41431417"
"chr4","14066484","14066768","chr4","14634429","14634711","10","567945"
"chr4","14147480","14147787","chr4","14717692","14717999","6","570212"
"chr4","14235708","14235999","chrX","109791881","109792170","35","95556173"
"chr4","14268769","14269067","chr9","96267158","96267457","38","81998389"
"chr4","14303025","14303333","chr4","14866890","14867199","5","563865"
"chr4","14355135","14355391","chr12","63623717","63623972","32","49268582"
"chr4","14369830","14370125","chr4","14935885","14936180","10","566055"
"chr4","14434778","14435038","chr4","14997554","14997814","8","562776"
"chr4","14565381","14565680","chr4","15127330","15127629","4","561949"
"chr4","14617012","14617332","chr4","15170986","15171307","20","553974"
"chr4","14673802","14674106","chr4","15228955","15229257","8","555153"
"chr4","14699048","14699348","chr4","15254637","15254939","10","555589"
"chr4","14733187","14733468","chr4","15254637","15254939","25","521450"
"chr4","14807090","14807414","chr4","15318419","15318741","15","511329"
"chr4","14869329","14869636","chr13","40704915","40705219","39","25835586"
"chr4","14920927","14921220","chr4","15432399","15432694","6","511472"
"chr4","14984780","14985078","chr4","15491405","15491703","9","506625"
"chr4","14986608","14986632","chr5","142231292","142231319","3","127244684"
"chr4","14986666","14986951","chr9","126566875","126567158","65","111580209"
"chr4","15088710","15089016","chr5","115265948","115266239","60","100177238"
"chr4","15090090","15090300","chr12","122683126","122683348","45","107593036"
"chr4","15095041","15095340","chr4","15573291","15573590","4","478250"
"chr4","15112523","15112817","chr4","15590732","15591026","5","478209"
"chr4","15183586","15183880","chr4","15660797","15661090","8","477211"
"chr4","15231094","15231393","chr4","15708597","15708891","14","477503"
"chr4","15260337","15260619","chr4","15736339","15736625","8","476002"
"chr4","15291801","15291933","chr1","146411789","146411919","15","131119988"
"chr4","15293525","15293830","chr4","15769842","15770138","12","476317"
"chr4","15304496","15304793","chr4","15780827","15781124","1","476331"
"chr4","15323876","15324153","chr4","15802576","15802844","10","478700"
"chr4","15387976","15388281","chr4","15873399","15873703","7","485423"
"chr4","15389913","15390207","chr4","15875335","15875634","8","485422"
"chr4","15414204","15414478","chr15","101398919","101399200","44","85984715"
"chr4","15420061","15420373","chr3","11850997","11851308","52","3569064"
"chr4","15422514","15422812","chr4","15903019","15903318","9","480505"
"chr4","15443107","15443341","chr1","39914492","39914715","67","24471385"
"chr4","15443369","15443489","chr10","128371886","128372005","19","112928517"
"chr4","15493231","15493511","chr4","15973179","15973450","16","479948"
"chr4","15535266","15535576","chr4","16015408","16015718","6","480142"
"chr4","15567097","15567388","chr4","16047210","16047503","4","480113"
"chr4","15573723","15574019","chr4","16053813","16054110","8","480090"
"chr4","15583224","15583511","chr4","16063316","16063603","4","480092"
"chr4","15648637","15648986","chr4","16130988","16131347","15","482351"
"chr4","15672635","15672938","chr4","16154999","16155295","12","482364"
"chr4","15674691","15674982","chr4","16157071","16157362","5","482380"
"chr4","15976091","15976394","chr4","16451971","16452265","16","475880"
"chr4","16019652","16019925","chr4","16493536","16493836","33","473884"
"chr4","16166620","16166929","chr4","16644420","16644729","9","477800"
"chr4","16207747","16208060","chr4","16685767","16686059","29","478020"
"chr4","16261497","16261766","chr4","16739305","16739590","21","477808"
"chr4","16265087","16265374","chr4","16743008","16743295","4","477921"
"chr4","16268592","16268900","chr4","16746505","16746796","23","477913"
"chr4","16279989","16280292","chr15","51949418","51949716","44","35669429"
"chr4","16303874","16304180","chr14","47741847","47742157","42","31437973"
"chr4","16346243","16346536","chr4","16822523","16822815","4","476280"
"chr4","16388805","16389114","chr4","16864962","16865270","7","476157"
"chr4","16478810","16479122","chr4","16962448","16962752","16","483638"
"chr4","16541148","16541446","chr4","17023251","17023548","3","482103"
"chr4","16597109","16597419","chr4","17079457","17079761","12","482348"
"chr4","16615644","16615955","chr4","17097967","17098297","29","482323"
"chr4","16617757","16618048","chrX","97285603","97285896","42","80667846"
"chr4","16635236","16635536","chr4","17117489","17117773","21","482253"
"chr4","16799644","16799951","chr4","17261875","17262176","8","462231"
"chr4","16808395","16808689","chr4","17270633","17270927","5","462238"
"chr4","16962192","16962514","chr4","17423970","17424280","20","461778"
"chr4","16967806","16968088","chr4","17429557","17429839","6","461751"
"chr4","16979057","16979348","chr19","23674687","23674985","39","6695630"
"chr4","16984566","16984879","chr4","17440519","17440835","6","455953"
"chr4","17004569","17004736","chr4","17460998","17461161","10","456429"
"chr4","17004763","17004928","chr5","168278486","168278623","49","151273723"
"chr4","17009305","17009583","chr4","17465718","17465986","16","456413"
"chr4","17010470","17010779","chr4","17466869","17467178","4","456399"
"chr4","17028159","17028477","chr12","31376513","31376818","47","14348354"
"chr4","17030901","17031206","chr4","17487368","17487666","10","456467"
"chr4","17076359","17076671","chr4","17534908","17535232","21","458549"
"chr4","17091722","17092031","chr4","17547322","17547633","21","455600"
"chr4","17092669","17092921","chr4","17548263","17548515","8","455594"
"chr4","17097246","17097338","chr1","181115426","181115517","9","164018180"
"chr4","17098503","17098755","chr12","93568458","93568715","35","76469955"
"chr4","17098835","17099145","chr4","17554398","17554708","6","455563"
"chr4","17109248","17109546","chr4","17564813","17565115","6","455565"
"chr4","17112685","17112961","chr2","26714604","26714886","43","9601919"
"chr4","17112998","17113012","chr6_GL000252v2_alt","3536802","3536816","1","13576196"
"chr4","17136249","17136532","chr4","17592814","17593097","7","456565"
"chr4","17146146","17146437","chr4","17602691","17602981","5","456545"
"chr4","17160402","17160690","chr4","17617633","17617915","13","457231"
"chr4","17160761","17161060","chr3","45059648","45059952","56","27898887"
"chr4","17167030","17167326","chr4","17623119","17623415","12","456089"
"chr4","17170817","17170878","chr4","17626902","17626963","0","456085"
"chr4","17171152","17171288","chr4","17627253","17627389","2","456101"
"chr4","17176008","17176320","chr11","86085903","86086211","50","68909895"
"chr4","17178316","17178608","chr4","70767686","70767978","37","53589370"
"chr4","17182689","17182957","chr4","17638865","17639132","5","456176"
"chr4","17192545","17192666","chr8","130385184","130385307","13","113192639"
"chr4","17198690","17198998","chr4","17656392","17656700","9","457702"
"chr4","17210762","17211064","chr4","17668521","17668835","23","457759"
"chr4","17219294","17219585","chr6","49369679","49369964","46","32150385"
"chr4","17294431","17294728","chr16","23289674","23289975","39","5995243"
"chr4","17348387","17348677","chr4","17801137","17801429","9","452750"
"chr4","17366403","17366686","chr4","17815538","17815823","9","449135"
"chr4","17443118","17443428","chr4","17892198","17892507","6","449080"
"chr4","17444720","17445018","chr4","17893800","17894098","3","449080"
"chr4","17540160","17540447","chr4","17988705","17988992","6","448545"
"chr4","17544672","17544964","chr4","17993212","17993504","5","448540"
"chr4","17596683","17596978","chr4","18045628","18045924","4","448945"
"chr4","17600858","17601144","chr4","18049819","18050105","8","448961"
"chr4","17612576","17612857","chr4","18061485","18061766","5","448909"
"chr4","17657394","17657705","chr4","18105954","18106263","4","448560"
"chr4","17809351","17809656","chr4","18261054","18261359","3","451703"
"chr4","17813977","17814263","chr4","147647521","147647809","47","129833544"
"chr4","17862185","17862486","chr4","18310963","18311274","17","448778"
"chr4","18067529","18067827","chr4","18516017","18516323","12","448488"
"chr4","18101680","18101752","chr4","18552699","18552771","3","451019"
"chr4","18206528","18206799","chr4","18680905","18681176","5","474377"
"chr4","18272283","18272582","chr4","18746825","18747120","16","474542"
"chr4","18399652","18399662","chrX","84211347","84211357","1","65811695"
"chr4","18399699","18399990","chr4","18877715","18878023","24","478016"
"chr4","18545008","18545296","chr4","19031726","19032020","9","486718"
"chr4","18586033","18586344","chr4","19072707","19072990","33","486674"
"chr4","18742740","18743023","chr14","35908791","35909072","35","17166051"
"chr4","18779204","18779499","chr10","119695708","119696004","53","100916504"
"chr4","18813876","18814120","chr4","19294055","19294301","6","480179"
"chr4","18946199","18946504","chr6","106516237","106516533","42","87570038"
"chr4","18975225","18975528","chr4","19469138","19469441","7","493913"
"chr4","19019920","19020218","chr4","19513879","19514173","12","493959"
"chr4","19036738","19037022","chr4","19530969","19531253","4","494231"
"chr4","19061248","19061531","chr7","56683311","56683593","43","37622063"
"chr4","19114602","19114909","chr4","19608965","19609268","5","494363"
"chr4","19275927","19276231","chr4","19772117","19772421","6","496190"
"chr4","19459196","19459484","chr4","19924132","19924420","8","464936"
"chr4","19547830","19548102","chr4","20014389","20014661","7","466559"
"chr4","19586212","19586525","chr4","20053965","20054298","26","467753"
"chr4","19614929","19615234","chr4","20083501","20083792","18","468572"
"chr4","19647524","19647817","chr4","20112356","20112625","37","464832"
"chr4","19779151","19779422","chr4","20242836","20243096","16","463685"
"chr4","19821917","19822213","chr2","200916994","200917294","51","181095077"
"chr4","19841857","19842137","chr4","20305591","20305872","30","463734"
"chr4","19857017","19857286","chr4","20320882","20321128","30","463865"
"chr4","19919774","19920072","chr1","52231236","52231526","40","32311462"
"chr4","20037216","20037488","chr4","20501313","20501582","8","464097"
"chr4","20050293","20050598","chr4","20514360","20514665","19","464067"
"chr4","20110453","20110758","chr4","20574505","20574811","5","464052"
"chr4","20120826","20121112","chr4","20584794","20585084","8","463968"
"chr4","20212893","20213165","chr4","20674368","20674640","7","461475"
"chr4","20493781","20494077","chr1","44050635","44050927","60","23556854"
"chr4","20503416","20503727","chr4","20963040","20963355","11","459624"
"chr4","20569325","20569626","chr10","75303832","75304128","53","54734507"
"chr4","20586245","20586559","chr4","21043320","21043638","7","457075"
"chr4","20643023","20643331","chr4","21100269","21100577","3","457246"
"chr4","20679080","20679363","chr4","21137872","21138138","27","458792"
"chr4","20687779","20688062","chr4","21137872","21138138","28","450093"
"chr4","20702008","20702311","chr4","21151971","21152274","5","449963"
"chr4","20715925","20716219","chr4","21172027","21172331","16","456102"
"chr4","20757572","20757882","chr17","47791740","47792043","57","27034168"
"chr4","20774361","20774665","chr4","21224579","21224886","8","450218"
"chr4","20814924","20815209","chr4","21264816","21265099","16","449892"
"chr4","20820822","20821113","chr4","21270707","21271004","10","449885"
"chr4","20826491","20826612","chr11","47706768","47706887","15","26880277"
"chr4","20870725","20871029","chr7","46407840","46408151","51","25537115"
"chr4","20915174","20915444","chr4","21365204","21365478","10","450030"
"chr4","20915525","20915551","chr2","104018482","104018507","5","83102957"
"chr4","21036178","21036459","chr10","21736298","21736580","48","700120"
"chr4","21086109","21086401","chr4","21531382","21531676","11","445273"
"chr4","21120090","21120373","chr4","21558210","21558493","6","438120"
"chr4","21251023","21251328","chr4","21681877","21682192","19","430854"
"chr4","21262292","21262589","chr4","21693279","21693583","16","430987"
"chr4","21346896","21347197","chr1","198720332","198720628","51","177373436"
"chr4","21355436","21355718","chr4","21785309","21785591","7","429873"
"chr4","21363377","21363672","chr4","21793259","21793557","10","429882"
"chr4","21400452","21400747","chr4","21830393","21830692","8","429941"
"chr4","21430463","21430767","chr4","21860129","21860433","5","429666"
"chr4","21448432","21448742","chr4","21878043","21878375","28","429611"
"chr4","21467019","21467298","chr4","21896638","21896904","20","429619"
"chr4","21513088","21513396","chr4","21944262","21944578","14","431174"
"chr4","21583375","21583494","chr4","22014471","22014590","4","431096"
"chr4","21690919","21691198","chr4","22118193","22118475","8","427274"
"chr4","21869414","21869720","chr4","22296834","22297117","27","427420"
"chr4","21923814","21924108","chr10","22082594","22082879","64","158780"
"chr4","21996805","21997121","chr4","22422914","22423232","10","426109"
"chr4","21998682","21998977","chr4","22424791","22425089","8","426109"
"chr4","22024102","22024402","chr4","22450265","22450564","8","426163"
"chr4","22042216","22042517","chr4","22468490","22468782","16","426274"
"chr4","22058050","22058348","chr4","22484323","22484621","2","426273"
"chr4","22080012","22080314","chr7","39893804","39894107","44","17813792"
"chr4","22085310","22085625","chr4","22511885","22512200","5","426575"
"chr4","22106982","22107297","chr3","37818252","37818562","44","15711270"
"chr4","22196817","22197113","chr4","22620941","22621237","7","424124"
"chr4","22199396","22199686","chr4","22623508","22623820","28","424112"
"chr4","22604736","22604985","chr4","23027694","23027943","5","422958"
"chr4","22708144","22708431","chr4","23131431","23131734","22","423287"
"chr4","22767187","22767475","chr4","23190461","23190749","6","423274"
"chr4","22844383","22844668","chr4","23267722","23268015","12","423339"
"chr4","22848098","22848407","chr16","85732384","85732691","36","62884286"
"chr4","23203325","23203619","chr4","23633491","23633797","19","430166"
"chr4","23283901","23284203","chr6","166384242","166384543","14","143100341"
"chr4","23368739","23369044","chr20","33395731","33396033","13","10026992"
"chr4","23370723","23371021","chr20","33397710","33398006","11","10026987"
"chr4","23387609","23387939","chr3","57728602","57728925","56","34340993"
"chr4","23409960","23410094","chr4","23833884","23834017","5","423924"
"chr4","23410709","23410901","chr4","23834308","23834500","11","423599"
"chr4","23482381","23482679","chr4","23906332","23906630","10","423951"
"chr4","23512769","23513060","chr4","23936591","23936882","6","423822"
"chr4","23582055","23582361","chr4","24006052","24006348","14","423997"
"chr4","23611197","23611537","chr21","30949004","30949335","62","7337807"
"chr4","23670986","23671294","chr4","24095116","24095423","7","424130"
"chr4","23689685","23689981","chr4","24113842","24114145","13","424157"
"chr4","23742965","23743280","chr4","24167738","24168054","16","424773"
"chr4","23746356","23746646","chr4","70767686","70767978","33","47021330"
"chr4","23776833","23777104","chr4","24201906","24202177","3","425073"
"chr4","23781483","23781799","chr4","24206554","24206870","7","425071"
"chr4","23883522","23883835","chr4","24308010","24308321","16","424488"
"chr4","23908200","23908492","chrX","23932713","23933004","35","24513"
"chr4","23978115","23978400","chr4","24399792","24400083","13","421677"
"chr4","24018772","24019075","chr4","24440520","24440829","8","421748"
"chr4","24024027","24024328","chr4","24445786","24446091","11","421759"
"chr4","24055153","24055458","chr4","24476913","24477216","5","421760"
"chr4","24063734","24064049","chr4","24485489","24485795","16","421755"
"chr4","24077929","24078226","chr4","24499631","24499936","16","421702"
"chr4","24138898","24139186","chr4","24561869","24562155","10","422971"
"chr4","24143574","24143876","chr4","24566544","24566846","3","422970"
"chr4","24151018","24151309","chr4","24573914","24574228","31","422896"
"chr4","24174244","24174357","chr2","68113856","68113979","24","43939612"
"chr4","24188125","24188434","chr19","5362095","5362402","39","18826030"
"chr4","24192627","24192926","chr17","19938238","19938536","43","4254389"
"chr4","24212832","24213140","chr4","24636519","24636820","16","423687"
"chr4","24239323","24239587","chr4","24658814","24659106","31","419491"
"chr4","24241890","24242191","chr4","24661409","24661710","6","419519"
"chr4","24280218","24280523","chr4","24699769","24700074","3","419551"
"chr4","24335115","24335408","chr4","24754017","24754311","7","418902"
"chr4","24425112","24425392","chr4","24844491","24844771","13","419379"
"chr4","24484646","24484940","chr8","40031373","40031666","54","15546727"
"chr4","24605751","24606049","chr4","25024232","25024524","17","418481"
"chr4","24642818","24643116","chr4","25024232","25024524","17","381414"
"chr4","24681984","24682280","chr20","57511597","57511892","34","32829613"
"chr4","24693044","24693345","chr4","25092676","25092977","5","399632"
"chr4","24698847","24699152","chr4","25098469","25098774","6","399622"
"chr4","24709620","24709910","chr4","25109328","25109619","7","399708"
"chr4","24785749","24786049","chr4","25185072","25185367","10","399323"
"chr4","24802306","24802604","chr4","25198968","25199266","5","396662"
"chr4","24809097","24809398","chr4","25205746","25206048","5","396649"
"chr4","24829241","24829543","chr4","25225831","25226133","5","396590"
"chr4","24858275","24858554","chr4","25253780","25254059","7","395505"
"chr4","24865170","24865477","chr4","25258214","25258509","18","393044"
"chr4","24886168","24886468","chr4","25279200","25279505","9","393032"
"chr4","24892536","24892814","chr4","25285564","25285842","5","393028"
"chr4","24898956","24899261","chr13","99901614","99901924","67","75002658"
"chr4","24902511","24902820","chr4","25295450","25295778","34","392939"
"chr4","24924887","24925202","chr4","25317430","25317734","16","392543"
"chr4","24932324","24932560","chr4","25325321","25325557","3","392997"
"chr4","24942147","24942435","chr4","25335165","25335453","5","393018"
"chr4","24942461","24942749","chr4","25335479","25335772","10","393018"
"chr4","24943469","24943765","chr4","25336488","25336784","7","393019"
"chr4","24978716","24979018","chr4","25369430","25369732","8","390714"
"chr4","24990625","24990928","chr4","25381307","25381611","4","390682"
"chr4","24995524","24995817","chr4","25386216","25386509","8","390692"
"chr4","25002714","25003019","chr10","10730195","10730498","35","14272519"
"chr4","25004779","25005082","chr4","25395445","25395747","5","390666"
"chr4","25021842","25022097","chr4","25412506","25412770","12","390664"
"chr4","25052730","25053034","chr4","25443367","25443671","6","390637"
"chr4","25053848","25054134","chr4","25444513","25444789","17","390665"
"chr4","25072715","25072849","chr4","25463475","25463609","7","390760"
"chr4","25073160","25073337","chr4","25463920","25464097","5","390760"
"chr4","25081899","25082172","chr4","25472677","25472947","10","390778"
"chr4","25087421","25087731","chr4","25492854","25493164","10","405433"
"chr4","25088440","25088694","chrX","132492244","132492504","38","107403804"
"chr4","25094323","25094610","chr4","25500121","25500404","11","405798"
"chr4","25095633","25095935","chr4","25501432","25501724","16","405799"
"chr4","25101052","25101346","chr4","25506801","25507098","6","405749"
"chr4","25103626","25103938","chr10","72813451","72813757","46","47709825"
"chr4","25106449","25106712","chr18","22217000","22217260","44","2889449"
"chr4","25117108","25117398","chr4","25522597","25522891","11","405489"
"chr4","25118224","25118532","chr4","25523718","25524021","11","405494"
"chr4","25128787","25129070","chrX","130087479","130087767","43","104958692"
"chr4","25148138","25148437","chr4","25568754","25569061","17","420616"
"chr4","25154090","25154387","chr4","25574719","25575013","15","420629"
"chr4","25158389","25158693","chr4","25579028","25579318","24","420639"
"chr4","25174593","25174874","chr4","25593254","25593535","7","418661"
"chr4","25176239","25176536","chr4","25594902","25595197","7","418663"
"chr4","25180865","25181161","chr4","25599911","25600203","10","419046"
"chr4","25183394","25183696","chr1","37768404","37768698","62","12585010"
"chr4","25186918","25187189","chr3","73654441","73654714","33","48467523"
"chr4","25188095","25188362","chr4","25607085","25607385","36","418990"
"chr4","25198279","25198574","chr4","25616296","25616596","10","418017"
"chr4","25200495","25200796","chr4","25618512","25618798","21","418017"
"chr4","25209052","25209346","chr4","25626938","25627231","3","417886"
"chr4","25218032","25218314","chr4","25635886","25636168","4","417854"
"chr4","25220113","25220274","chr4","25637963","25638124","2","417850"
"chr4","25220885","25221176","chr4","25638741","25639052","32","417856"
"chr4","25222398","25222691","chr4","25640255","25640548","1","417857"
"chr4","25232039","25232166","chr4","25649966","25650093","1","417927"
"chr4","25251646","25251937","chrX","129948988","129949278","47","104697342"
"chr4","25261179","25261470","chr4","25679407","25679699","8","418228"
"chr4","25263052","25263345","chr12","118049407","118049702","31","92786355"
"chr4","25265664","25265976","chr4","25683893","25684201","11","418229"
"chr4","25267253","25267562","chr4","25685478","25685789","9","418225"
"chr4","25271530","25271805","chr2","112701358","112701633","47","87429828"
"chr4","25272934","25273071","chr4","83529053","83529188","16","58256119"
"chr4","25273381","25273663","chr4","25690965","25691242","8","417584"
"chr4","25279497","25279802","chr4","25697108","25697413","7","417611"
"chr4","25282856","25283166","chr4","25700476","25700780","11","417620"
"chr4","25287289","25287527","chr4","25704905","25705139","11","417616"
"chr4","25289532","25289797","chr4","25707140","25707419","20","417608"
"chr4","25292180","25292478","chr4","25709804","25710106","12","417624"
"chr4","25293813","25294098","chr4","25711430","25711716","8","417617"
"chr4","25294603","25294903","chr4","25712223","25712528","13","417620"
"chr4","25296960","25297241","chrX","4481133","4481414","38","20815827"
"chr4","25299210","25299518","chr4","25716845","25717153","5","417635"
"chr4","25307669","25307962","chr4","25725319","25725613","9","417650"
"chr4","25315123","25315409","chr4","25732758","25733044","4","417635"
"chr4","25316380","25316716","chr17","1961646","1961977","43","23354734"
"chr4","25320368","25320665","chr4","25737891","25738187","11","417523"
"chr4","25326809","25327106","chr4","25744349","25744653","15","417540"
"chr4","25328104","25328408","chr4","25745113","25745412","21","417009"
"chr4","25336726","25337007","chr4","25753702","25753983","4","416976"
"chr4","25337230","25337380","chr11","71529539","71529689","20","46192309"
"chr4","25342120","25342308","chr4","82756444","82756632","29","57414324"
"chr4","25342493","25342774","chr4","25753702","25753983","4","411209"
"chr4","25349424","25349732","chr4","25761943","25762248","9","412519"
"chr4","25353718","25354015","chr4","25766157","25766456","5","412439"
"chr4","25357405","25357701","chr4","25769844","25770140","6","412439"
"chr4","25360350","25360655","chr4","25772790","25773095","3","412440"
"chr4","25368414","25368721","chr4","25780840","25781144","11","412426"
"chr4","25379403","25379663","chr4","25791664","25791927","11","412261"
"chr4","25384282","25384381","chr17","2534793","2534897","15","22849489"
"chr4","25384407","25384673","chr4","25796525","25796796","9","412118"
"chr4","25387052","25387349","chr4","25799077","25799374","2","412025"
"chr4","25400813","25401100","chr2","221957751","221958045","36","196556938"
"chr4","25408907","25409155","chr4","25820779","25821026","4","411872"
"chr4","25424485","25424780","chr4","25836365","25836659","10","411880"
"chr4","25429139","25429447","chr4","25841021","25841333","10","411882"
"chr4","25429787","25430080","chr4","25841673","25841966","2","411886"
"chr4","25436952","25437242","chr4","25848857","25849147","7","411905"
"chr4","25459866","25460162","chr4","25871739","25872043","17","411873"
"chr4","25460223","25460531","chr4","25872104","25872411","11","411881"
"chr4","25484509","25484801","chr4","25896367","25896666","13","411858"
"chr4","25570779","25571051","chr4","25982713","25982998","20","411934"
"chr4","25583344","25583453","chr2","223575593","223575698","16","197992249"
"chr4","25599159","25599487","chr4","26008272","26008602","9","409113"
"chr4","25664270","25664525","chr4","26072318","26072573","4","408048"
"chr4","25671659","25671959","chr19","47870145","47870446","56","22198486"
"chr4","25700565","25700859","chr4","26107618","26107912","8","407053"
"chr4","25702051","25702356","chr4","26109104","26109405","7","407053"
"chr4","25718556","25718850","chr4","26125517","26125813","7","406961"
"chr4","25722884","25723187","chr4","26129857","26130160","9","406973"
"chr4","25748752","25749044","chr8","39063460","39063745","39","13314708"
"chr4","25765999","25766305","chr4","26173128","26173434","5","407129"
"chr4","25770159","25770470","chr4","26177294","26177605","3","407135"
"chr4","25776680","25776983","chr1","8130637","8130940","32","17646043"
"chr4","25782345","25782649","chr4","26189376","26189678","15","407031"
"chr4","25784990","25785285","chr4","26192011","26192306","5","407021"
"chr4","25798657","25798892","chr12","93038404","93038640","29","67239747"
"chr4","25825153","25825462","chr4","26231882","26232191","13","406729"
"chr4","25828000","25828280","chr4","26234711","26234991","9","406711"
"chr4","25847246","25847550","chr17","81658559","81658862","53","55811313"
"chr4","25864906","25865244","chr1","40906061","40906399","49","15041155"
"chr4","25871699","25871996","chr4","26275993","26276299","17","404294"
"chr4","25895491","25895798","chr4","26294598","26294890","18","399107"
"chr4","25903234","25903536","chr4","26301796","26302077","26","398562"
"chr4","25904344","25904623","chr6","108284086","108284361","48","82379742"
"chr4","25995700","25996000","chr4","26393374","26393674","3","397674"
"chr4","26004329","26004613","chr4","26399685","26399966","3","395356"
"chr4","26042673","26042978","chr15","51949418","51949716","43","25906745"
"chr4","26090583","26090883","chr4","26486632","26486932","3","396049"
"chr4","26096593","26096903","chr4","26492899","26493207","8","396306"
"chr4","26103594","26103877","chr12","118969547","118969828","31","92865953"
"chr4","26104406","26104677","chr4","26500647","26500942","34","396241"
"chr4","26190048","26190341","chr1","171523754","171524047","35","145333706"
"chr4","26191747","26192045","chr6","122009547","122009841","45","95817800"
"chr4","26193491","26193739","chr4","26589031","26589279","3","395540"
"chr4","26366214","26366508","chr4","26757020","26757314","6","390806"
"chr4","26371147","26371455","chr4","26761849","26762156","6","390702"
"chr4","26402787","26403096","chr4","26793443","26793745","25","390656"
"chr4","26436400","26436704","chr4","26825920","26826224","2","389520"
"chr4","26529669","26529973","chr4","26908475","26908783","9","378806"
"chr4","26531421","26531733","chr4","26910240","26910551","9","378819"
"chr4","26552021","26552317","chr4","26933912","26934208","6","381891"
"chr4","26594609","26594881","chr4","26976548","26976819","4","381939"
"chr4","26602425","26602732","chr4","26984360","26984665","6","381935"
"chr4","26667452","26667729","chr4","27050262","27050547","18","382810"
"chr4","26669150","26669443","chr4","27051968","27052256","16","382818"
"chr4","26684498","26684774","chr4","27067271","27067551","10","382773"
"chr4","26690648","26690956","chr4","27079511","27079814","11","388863"
"chr4","26716409","26716704","chr4","27105248","27105548","9","388839"
"chr4","26755584","26755894","chr6","17875444","17875754","52","8880140"
"chr4","26760303","26760604","chr4","27149239","27149535","9","388936"
"chr4","26774105","26774402","chr4","27163009","27163306","6","388904"
"chr4","26799769","26800042","chr4","27181029","27181302","7","381260"
"chr4","26805107","26805385","chr4","27186364","27186643","16","381257"
"chr4","26824020","26824311","chr4","27205282","27205573","3","381262"
"chr4","26885597","26885908","chr4","27265866","27266178","8","380269"
"chr4","26963329","26963634","chr4","27342357","27342653","23","379028"
"chr4","27071036","27071347","chr4","27442944","27443254","9","371908"
"chr4","27106120","27106430","chr4","27476382","27476693","10","370262"
"chr4","27156762","27157064","chr4","27527032","27527308","33","370270"
"chr4","27161654","27161956","chr4","27531935","27532237","23","370281"
"chr4","27295908","27296235","chr4","27663843","27664170","3","367935"
"chr4","27419262","27419557","chr4","27784762","27785057","13","365500"
"chr4","27620094","27620395","chr4","27987970","27988268","16","367876"
"chr4","27671845","27672133","chr7","56024805","56025099","50","28352960"
"chr4","27688666","27688960","chr4","28055623","28055907","15","366957"
"chr4","27706830","27707130","chr4","28074069","28074357","23","367239"
"chr4","27759277","27759584","chr4","28126192","28126489","24","366915"
"chr4","27784209","27784474","chr4","28151079","28151344","4","366870"
"chr4","27832872","27833157","chr4","28199112","28199397","3","366240"
"chr4","27921871","27922180","chr4","28294351","28294658","8","372480"
"chr4","27982314","27982615","chr4","28353941","28354240","11","371627"
"chr4","28021492","28021756","chr4","28393067","28393331","2","371575"
"chr4","28034501","28034775","chr4","28405879","28406153","2","371378"
"chr4","28044519","28044838","chr4","28415852","28416171","6","371333"
"chr4","28074309","28074612","chr4","28445757","28446063","10","371448"
"chr4","28074640","28074660","chr1","15853157","15853177","4","12221483"
"chr4","28084553","28084861","chr4","28456017","28456325","7","371464"
"chr4","28255055","28255346","chr4","28643452","28643744","7","388397"
"chr4","28274588","28274883","chr4","28665001","28665296","10","390413"
"chr4","28285961","28286257","chr4","28676207","28676501","14","390246"
"chr4","28337546","28337847","chr4","28729507","28729812","9","391961"
"chr4","28401877","28402162","chr13","98640524","98640808","48","70238647"
"chr4","28420181","28420471","chr17","15164338","15164632","40","13255843"
"chr4","28533577","28533882","chr4","28909943","28910249","13","376366"
"chr4","28679844","28680149","chr4","29056177","29056480","13","376333"
"chr4","28690131","28690428","chr4","29066443","29066740","9","376312"
"chr4","28695899","28696211","chr4","29072208","29072514","16","376309"
"chr4","28725141","28725447","chr4","29101383","29101694","15","376242"
"chr4","28726807","28727117","chr4","29103084","29103394","12","376277"
"chr4","28851260","28851571","chr7","40333355","40333666","44","11482095"
"chr4","28877967","28878234","chr4","29255167","29255434","7","377200"
"chr4","29002614","29002917","chr16","33664274","33664568","50","4661660"
"chr4","29239896","29240196","chr4","29620493","29620798","10","380597"
"chr4","29305985","29306265","chr4","29688982","29689287","32","382997"
"chr4","29393801","29394106","chr1","8130637","8130940","40","21263164"
"chr4","29472142","29472447","chr4","29847269","29847575","8","375127"
"chr4","29518656","29518935","chr4","29894366","29894645","7","375710"
"chr4","29563875","29564179","chr4","29938913","29939217","5","375038"
"chr4","29616965","29617255","chr4","29992236","29992526","8","375271"
"chr4","29650411","29650698","chr4","30025521","30025808","5","375110"
"chr4","29669977","29670279","chr4","30045822","30046143","27","375845"
"chr4","29823434","29823750","chr4","30198762","30199047","35","375328"
"chr4","29833610","29833923","chr4","30208945","30209238","26","375335"
"chr4","30018191","30018482","chr4","30370918","30371204","13","352727"
"chr4","30071577","30071863","chr4","30423417","30423703","0","351840"
"chr4","30140382","30140689","chr4","30492576","30492890","16","352194"
"chr4","30394533","30394810","chr4","30745850","30746127","5","351317"
"chr4","30421533","30421825","chr16","3733653","3733941","48","26687880"
"chr4","30602919","30603258","chr4","30955556","30955848","52","352637"
"chr4","30651955","30652245","chr4","31004428","31004694","30","352473"
"chr4","30682648","30682958","chr4","31035248","31035552","11","352600"
"chr4","30683594","30683890","chr4","31036186","31036487","11","352592"
"chr4","30750711","30751008","chr4","31103329","31103626","9","352618"
"chr4","30763069","30763366","chr4","31103329","31103626","8","340260"
"chr4","30794309","30794596","chr4","31138718","31139003","8","344409"
"chr4","30830495","30830810","chr4","31175025","31175338","7","344530"
"chr4","30844266","30844554","chr4","31188833","31189121","4","344567"
"chr4","30851405","30851712","chr4","31195942","31196234","24","344537"
"chr4","30962949","30963245","chr4","31303770","31304062","14","340821"
"chr4","31054405","31054704","chr21","35851419","35851718","42","4797014"
"chr4","31092167","31092450","chr9","112747802","112748090","39","81655635"
"chr4","31111841","31112086","chr4","31452836","31453081","7","340995"
"chr4","31227748","31227956","chr4","31569975","31570183","6","342227"
"chr4","31244215","31244515","chr4","31585351","31585659","12","341136"
"chr4","31261601","31261874","chr14","96436363","96436644","38","65174762"
"chr4","31273320","31273593","chr12","29680843","29681122","53","1592477"
"chr4","31395093","31395429","chr4","31732149","31732483","9","337056"
"chr4","31477386","31477666","chr4","31811681","31811966","12","334295"
"chr4","31560661","31560933","chr4","31913194","31913466","3","352533"
"chr4","31604732","31605004","chr4","31913194","31913466","4","308462"
"chr4","31839802","31840092","chr4","32152061","32152351","6","312259"
"chr4","31913005","31913269","chr4","32225006","32225270","3","312001"
"chr4","31981979","31982280","chr4","32294809","32295110","3","312830"
"chr4","32029872","32030174","chr4","32342576","32342873","10","312704"
"chr4","32121158","32121454","chr7","75828998","75829290","39","43707840"
"chr4","32251069","32251372","chr4","32563702","32564006","6","312633"
"chr4","32280552","32280846","chr5","140415440","140415737","41","108134888"
"chr4","32336041","32336315","chr4","32648669","32648971","34","312628"
"chr4","32356047","32356345","chr4","32668664","32668962","5","312617"
"chr4","32368988","32369252","chr4","32681606","32681870","3","312618"
"chr4","32460620","32460937","chr4","32769928","32770245","14","309308"
"chr4","32512145","32512453","chr4","32821091","32821400","9","308946"
"chr4","32554103","32554380","chr4","32878889","32879123","45","324786"
"chr4","32601931","32602178","chr4","32926260","32926507","7","324329"
"chr4","32617407","32617682","chr4","32942632","32942927","35","325225"
"chr4","32617999","32618321","chr1","85338759","85339063","75","52720760"
"chr4","32635991","32636285","chr4","32961304","32961599","9","325313"
"chr4","32776627","32776902","chr4","33098140","33098415","5","321513"
"chr4","32891685","32891979","chr4","33212366","33212661","7","320681"
"chr4","32946632","32946943","chr4","33267066","33267377","13","320434"
"chr4","33093333","33093680","chr4","33407217","33407558","19","313884"
"chr4","33167987","33168106","chr9","113458097","113458216","19","80290110"
"chr4","33168158","33168325","chr12","31643249","31643414","24","1524909"
"chr4","33383324","33383631","chr4","33714257","33714565","11","330933"
"chr4","33443082","33443375","chr4","33774182","33774478","4","331100"
"chr4","33462867","33463167","chr12","53116960","53117260","49","19654093"
"chr4","33645304","33645596","chr4","33966366","33966658","6","321062"
"chr4","33674362","33674651","chr10","122067508","122067797","53","88393146"
"chr4","33734369","33734669","chr5","180330038","180330333","47","146595669"
"chr4","33771365","33771630","chr4","34083185","34083468","35","311820"
"chr4","33890596","33890901","chr4","34214488","34214779","21","323892"
"chr4","33905268","33905544","chr4","34214488","34214779","22","309220"
"chr4","34029714","34030011","chr4","34338744","34339040","8","309030"
"chr4","34192913","34193201","chr4","34504187","34504478","10","311274"
"chr4","34283097","34283386","chr4","34596279","34596569","7","313182"
"chr4","34416752","34417054","chr7","5450168","5450471","44","28966584"
"chr4","34462762","34463067","chr4","34784901","34785201","15","322139"
"chr4","34471629","34471912","chr4","34793534","34793842","36","321905"
"chr4","34575377","34575673","chr3","52872624","52872924","35","18297247"
"chr4","34678086","34678383","chr19","36203952","36204248","51","1525866"
"chr4","34788072","34788414","chr4","35116208","35116529","34","328136"
"chr4","34811370","34811643","chr4","35127704","35127975","13","316334"
"chr4","34930679","34930985","chr4","35245680","35245987","15","315001"
"chr4","35014870","35015130","chr20","5853218","5853473","40","29161652"
"chr4","35078815","35079121","chr17","3731332","3731641","41","31347483"
"chr4","35079414","35079720","chr17","3731332","3731641","41","31348082"
"chr4","35228626","35228935","chr2","88672509","88672823","33","53443883"
"chr4","35231515","35231808","chr5","62187489","62187787","53","26955974"
"chr4","35310686","35310980","chr4","35625710","35626007","10","315024"
"chr4","35337149","35337377","chr4","35652157","35652385","7","315008"
"chr4","35378112","35378404","chr4","35693703","35693998","11","315591"
"chr4","35403490","35403789","chr8","106461292","106461585","54","71057802"
"chr4","35547217","35547434","chr4","35854592","35854809","7","307375"
"chr4","35639501","35639783","chr4","35946746","35947028","5","307245"
"chr4","35690745","35691006","chr4","35996540","35996803","8","305795"
"chr4","35799856","35800114","chr4","36105074","36105331","6","305218"
"chr4","35845150","35845442","chr4","36150364","36150653","8","305214"
"chr4","35850821","35851094","chr22","21769457","21769733","41","14081364"
"chr4","35903199","35903499","chr4","36192716","36193016","1","289517"
"chr4","35940138","35940419","chr4","36231055","36231336","6","290917"
"chr4","35954249","35954543","chr4","36245153","36245446","6","290904"
"chr4","35955074","35955398","chr4","36245990","36246299","20","290916"
"chr4","35957557","35957887","chr4","36248449","36248761","21","290892"
"chr4","35968921","35969236","chr9","100375145","100375452","60","64406224"
"chr4","36023696","36024019","chr12","93667061","93667377","64","57643365"
"chr4","36066976","36067264","chr1","75848945","75849231","39","39781969"
"chr4","36312303","36312594","chr4","36596485","36596786","23","284182"
"chr4","36440124","36440426","chr4","36722236","36722538","1","282112"
"chr4","36453922","36454224","chr3","52073183","52073487","36","15619261"
"chr4","36570052","36570331","chr4","36846644","36846928","9","276592"
"chr4","36685249","36685527","chr4","36962203","36962481","8","276954"
"chr4","36716873","36717171","chr4","36995850","36996142","12","278977"
"chr4","36736536","36736771","chr18","45990451","45990682","40","9253915"
"chr4","36765193","36765510","chr16","50176495","50176806","59","13411302"
"chr4","36797205","36797509","chr4","37074495","37074793","10","277290"
"chr4","36885870","36886151","chr4","37160899","37161180","6","275029"
"chr4","37116374","37116661","chr4","37391922","37392207","7","275548"
"chr4","37119182","37119485","chr4","37394800","37395104","16","275618"
"chr4","37204560","37204864","chr4","37480211","37480519","10","275651"
"chr4","37253044","37253347","chr4","37530290","37530598","16","277246"
"chr4","37296175","37296484","chr4","37566267","37566560","32","270092"
"chr4","37296506","37296802","chr4","37566585","37566881","3","270079"
"chr4","37314025","37314329","chr19","8102987","8103287","32","29211038"
"chr4","37324354","37324610","chr4","37597769","37598025","7","273415"
"chr4","37326600","37326894","chr4","37599990","37600291","15","273390"
"chr4","37331951","37332236","chr4","37605481","37605766","3","273530"
"chr4","37335063","37335347","chr4","37608647","37608930","5","273584"
"chr4","37343873","37344182","chr4","37617501","37617803","11","273628"
"chr4","37352548","37352852","chr4","37626196","37626500","4","273648"
"chr4","37370800","37371123","chr4","37644426","37644759","15","273626"
"chr4","37377192","37377435","chr4","37650826","37651076","13","273634"
"chr4","37409158","37409462","chr1","35264318","35264617","38","2144840"
"chr4","37428646","37428950","chr4","37704160","37704472","11","275514"
"chr4","37435387","37435694","chr4","37711112","37711414","11","275725"
"chr4","37457165","37457458","chr4","37732314","37732607","3","275149"
"chr4","37463733","37464016","chr4","37738982","37739264","5","275249"
"chr4","37480050","37480353","chr4","37755295","37755599","8","275245"
"chr4","37480672","37480978","chr4","37755918","37756225","11","275246"
"chr4","37489882","37490185","chr4","37765446","37765749","7","275564"
"chr4","37501582","37501851","chr4","37777154","37777434","27","275572"
"chr4","37543253","37543566","chr4","37819285","37819602","16","276032"
"chr4","37546604","37546899","chr4","37824144","37824453","27","277540"
"chr4","37553684","37553990","chr4","37830912","37831216","8","277228"
"chr4","37573488","37573783","chr4","37850709","37851009","12","277221"
"chr4","37616749","37617001","chr4","37893537","37893789","1","276788"
"chr4","37618644","37618916","chr4","37895434","37895706","11","276790"
"chr4","37623957","37624259","chr4","37900790","37901095","11","276833"
"chr4","37629456","37629764","chr4","37906164","37906447","32","276708"
"chr4","37640616","37640897","chr4","37916789","37917070","7","276173"
"chr4","37643007","37643320","chr4","37919172","37919484","7","276165"
"chr4","37670972","37671265","chr4","37947162","37947456","8","276190"
"chr4","37672153","37672448","chr4","37948345","37948642","4","276192"
"chr4","37680140","37680423","chr4","37956033","37956317","15","275893"
"chr4","37680767","37681059","chr4","37956666","37956960","5","275899"
"chr4","37689882","37690160","chr4","37965768","37966046","4","275886"
"chr4","37705465","37705756","chr4","37980949","37981242","7","275484"
"chr4","37747215","37747516","chr4","38022953","38023259","24","275738"
"chr4","37767184","37767483","chr4","38042255","38042554","2","275071"
"chr4","37777032","37777330","chr4","38052332","38052633","5","275300"
"chr4","37788311","37788605","chr4","38063625","38063915","12","275314"
"chr4","37912448","37912750","chr4","38197715","38198017","14","285267"
"chr4","37927064","37927369","chr4","38212322","38212627","5","285258"
"chr4","37940417","37940735","chr4","38225666","38225986","11","285249"
"chr4","37941327","37941645","chr4","38226587","38226898","13","285260"
"chr4","37967072","37967364","chr4","38252237","38252530","5","285165"
"chr4","37986845","37987152","chr4","38271951","38272251","15","285106"
"chr4","37996978","37997278","chr4","38282099","38282399","1","285121"
"chr4","38020841","38021157","chr4","38306094","38306410","5","285253"
"chr4","38058127","38058427","chr4","38342216","38342515","9","284089"
"chr4","38114279","38114619","chr4","38397956","38398265","33","283677"
"chr4","38165450","38165756","chr12","8705195","8705500","35","29460255"
"chr4","38189986","38190295","chr4","38473631","38473949","22","283645"
"chr4","38212567","38212821","chr4","38494938","38495198","12","282371"
"chr4","38222374","38222677","chr4","38504751","38505059","16","282377"
"chr4","38257600","38257904","chr4","38539957","38540261","6","282357"
"chr4","38265333","38265561","chrX","16816065","16816295","36","21449268"
"chr4","38269718","38270026","chr17","38470948","38471252","49","201230"
"chr4","38270783","38271078","chr4","38553131","38553428","9","282348"
"chr4","38315318","38315623","chr4","38597165","38597468","12","281847"
"chr4","38326551","38326855","chr4","38608348","38608648","10","281797"
"chr4","38343151","38343443","chr4","38625006","38625305","12","281855"
"chr4","38363378","38363693","chr4","38645242","38645556","12","281864"
"chr4","38367589","38367890","chr4","38649448","38649746","9","281859"
"chr4","38368169","38368472","chr4","38650025","38650328","6","281856"
"chr4","38369358","38369640","chr4","38651222","38651501","7","281864"
"chr4","38370012","38370320","chr4","38651872","38652179","7","281860"
"chr4","38373630","38373923","chr4","38655489","38655783","7","281859"
"chr4","38375018","38375300","chr4","38656879","38657161","4","281861"
"chr4","38380053","38380338","chr19","35877212","35877512","56","2502841"
"chr4","38394450","38394741","chr4","38676159","38676450","6","281709"
"chr4","38395248","38395563","chr14","92654033","92654344","42","54258785"
"chr4","38419838","38420112","chr4","38701658","38701933","2","281820"
"chr4","38423871","38424001","chr2","171341407","171341537","9","132917536"
"chr4","38437537","38437842","chr4","38719476","38719783","9","281939"
"chr4","38440249","38440559","chr4","38722189","38722499","9","281940"
"chr4","38454283","38454579","chr4","38736307","38736605","10","282024"
"chr4","38459704","38460031","chr4","38741722","38742012","43","282018"
"chr4","38462533","38462827","chr4","38744540","38744843","18","282007"
"chr4","38473274","38473577","chr4","38756103","38756397","14","282829"
"chr4","38474183","38474316","chr4","38757015","38757148","2","282832"
"chr4","38474317","38474616","chr4","38757149","38757450","11","282832"
"chr4","38481970","38482262","chr4","38764644","38764934","7","282674"
"chr4","38542241","38542544","chr4","38824793","38825096","14","282552"
"chr4","38558773","38559009","chr1","27768271","27768506","48","10790502"
"chr4","38603449","38603773","chr4","38880903","38881215","19","277454"
"chr4","38635574","38635869","chr4","38913395","38913689","11","277821"
"chr4","38636458","38636768","chr4","38914283","38914593","3","277825"
"chr4","38642077","38642376","chr4","38919929","38920228","7","277852"
"chr4","38648624","38648925","chr4","38926458","38926755","8","277834"
"chr4","38714257","38714558","chr4","38972243","38972550","12","257986"
"chr4","38718713","38719001","chr4","38976923","38977203","12","258210"
"chr4","38732567","38732881","chr4","38990831","38991132","23","258264"
"chr4","38747698","38747990","chr8","91768425","91768716","38","53020727"
"chr4","38756287","38756583","chr4","39014478","39014775","11","258191"
"chr4","38771411","38771719","chr2","229452620","229452927","43","190681209"
"chr4","38772509","38772814","chr4","39027746","39028045","18","255237"
"chr4","38786356","38786650","chr10","86850039","86850332","40","48063683"
"chr4","38791593","38791893","chr4","39047137","39047431","10","255544"
"chr4","38800593","38800845","chr4","39056148","39056400","3","255555"
"chr4","38803914","38804168","chr4","39059465","39059719","3","255551"
"chr4","38809806","38810098","chr4","39065356","39065653","10","255550"
"chr4","38812126","38812433","chr4","39067675","39067982","5","255549"
"chr4","38823442","38823735","chr4","39080245","39080536","7","256803"
"chr4","38827628","38827921","chr4","39080245","39080536","7","252617"
"chr4","38841012","38841307","chr4","39093624","39093917","6","252612"
"chr4","38845215","38845516","chr4","39097849","39098152","8","252634"
"chr4","38845624","38845930","chr4","39098260","39098566","3","252636"
"chr4","38866349","38866636","chr4","39117793","39118089","13","251444"
"chr4","38879382","38879686","chr5","168350864","168351161","52","129471482"
"chr4","38880861","38881169","chr4","39132329","39132637","14","251468"
"chr4","38895557","38895860","chr4","39144402","39144709","15","248845"
"chr4","38898384","38898693","chr4","39147217","39147522","9","248833"
"chr4","38901731","38902030","chr4","39150588","39150885","9","248857"
"chr4","38904717","38905029","chr4","39153526","39153845","11","248809"
"chr4","38912664","38913007","chr2","64200775","64201110","68","25288111"
"chr4","38935203","38935504","chr4","39184129","39184435","12","248926"
"chr4","38949596","38949728","chr9","19262734","19262868","21","19686862"
"chr4","38950036","38950197","chr4","47673228","47673391","25","8723192"
"chr4","38959326","38959623","chr4","39208304","39208602","4","248978"
"chr4","39018116","39018414","chr4","39260328","39260640","19","242212"
"chr4","39024570","39024873","chr4","39266802","39267105","3","242232"
"chr4","39028279","39028575","chr4","39270380","39270676","3","242101"
"chr4","39032974","39033268","chr4","39275058","39275356","11","242084"
"chr4","39035689","39035982","chr4","39277772","39278067","10","242083"
"chr4","39052576","39052878","chr4","39294721","39295023","6","242145"
"chr4","39085779","39086010","chr4","39329356","39329587","2","243577"
"chr4","39086176","39086468","chr4","39329753","39330043","12","243577"
"chr4","39099464","39099754","chr4","39343032","39343322","1","243568"
"chr4","39101455","39101747","chr4","39345023","39345316","4","243568"
"chr4","39116452","39116585","chr4","39360085","39360218","5","243633"
"chr4","39116902","39117077","chr4","39360580","39360752","8","243678"
"chr4","39127412","39127708","chr14","67164499","67164791","31","28037087"
"chr4","39151181","39151391","chr16","46947290","46947502","23","7796109"
"chr4","39153367","39153662","chr4","39394384","39394679","6","241017"
"chr4","39153922","39154012","chr1","226140472","226140558","15","186986550"
"chr4","39160719","39160978","chr4","39401580","39401837","6","240861"
"chr4","39177244","39177537","chr4","39418244","39418537","7","241000"
"chr4","39177666","39177972","chr4","39418666","39418972","6","241000"
"chr4","39180468","39180769","chr4","39421468","39421766","17","241000"
"chr4","39180770","39181048","chr4","39421767","39422045","5","240997"
"chr4","39181768","39182067","chr4","39422766","39423066","5","240998"
"chr4","39183632","39183938","chr4","39424627","39424928","8","240995"
"chr4","39187511","39187807","chr13","31174613","31174906","30","8012898"
"chr4","39187828","39188119","chr4","39435129","39435417","9","247301"
"chr4","39198930","39198991","chr4","39446220","39446282","1","247290"
"chr4","39218388","39218679","chr4","39465669","39465957","6","247281"
"chr4","39229885","39230168","chr6","89132568","89132851","61","49902683"
"chr4","39231784","39232059","chrX","4915513","4915796","47","34316271"
"chr4","39234702","39234833","chr4","39482485","39482616","3","247783"
"chr4","39246156","39246414","chr7","45110984","45111249","60","5864828"
"chr4","39252929","39253227","chr4","39500649","39500950","7","247720"
"chr4","39255028","39255195","chr4","39502752","39502913","8","247724"
"chr4","39255489","39255623","chr4","39503214","39503348","6","247725"
"chr4","39263982","39264272","chr4","39511711","39512002","3","247729"
"chr4","39303698","39303988","chr4","39549293","39549572","15","245595"
"chr4","39306794","39307089","chr4","39550907","39551209","28","244113"
"chr4","39308932","39309233","chr4","39553060","39553362","4","244128"
"chr4","39317312","39317631","chr14","73682172","73682488","65","34364860"
"chr4","39321918","39322220","chr4","39567996","39568295","8","246078"
"chr4","39330081","39330152","chr12","114792386","114792457","8","75462305"
"chr4","39331249","39331498","chr5","162618022","162618270","41","123286773"
"chr4","39332343","39332642","chr4","39577431","39577726","9","245088"
"chr4","39334466","39334766","chr4","39579562","39579866","14","245096"
"chr4","39336409","39336764","chr1","51320864","51321173","82","11984455"
"chr4","39339095","39339401","chr4","39584200","39584511","9","245105"
"chr4","39352172","39352474","chr2","31988265","31988562","50","7363907"
"chr4","39367936","39368246","chr4","39616129","39616434","7","248193"
"chr4","39374223","39374529","chr4","39622393","39622699","13","248170"
"chr4","39388046","39388345","chr4","39635891","39636199","16","247845"
"chr4","39391640","39391921","chr4","39639500","39639781","3","247860"
"chr4","39400155","39400426","chr4","39647809","39648086","9","247654"
"chr4","39403353","39403661","chr4","39650699","39651010","12","247346"
"chr4","39408893","39409191","chrX","50757541","50757837","30","11348648"
"chr4","39409829","39409943","chr4","39657174","39657288","0","247345"
"chr4","39424236","39424500","chr4","39677646","39677910","6","253410"
"chr4","39450240","39450532","chr4","39695357","39695648","1","245117"
"chr4","39461311","39461611","chr22","21794170","21794465","45","17667141"
"chr4","39470564","39470778","chr4","39715395","39715609","2","244831"
"chr4","39481742","39482058","chr10","101315231","101315546","61","61833489"
"chr4","39483169","39483286","chr1","154931873","154931988","15","115448704"
"chr4","39483325","39483489","chr10","101456019","101456184","30","61972694"
"chr4","39504241","39504532","chr4","39742468","39742749","20","238227"
"chr4","39513915","39514223","chr1","226741999","226742307","48","187228084"
"chr4","39520666","39520977","chr4","39758397","39758705","12","237731"
"chr4","39522172","39522303","chr22","32148296","32148427","11","7373876"
"chr4","39534219","39534496","chr2","214937217","214937497","47","175402998"
"chr4","39537834","39538128","chr4","39775468","39775761","11","237634"
"chr4","39559242","39559363","chr4","39796414","39796544","9","237172"
"chr4","39565714","39566024","chrX","49083666","49083975","43","9517952"
"chr4","39584221","39584514","chr4","39822000","39822291","5","237779"
"chr4","39592333","39592637","chr4","39830420","39830724","6","238087"
"chr4","39596842","39597126","chr4","39834978","39835244","22","238136"
"chr4","39605128","39605403","chr4","39840779","39841054","6","235651"
"chr4","39630580","39630815","chr4","39865565","39865800","5","234985"
"chr4","39632431","39632748","chr4","39867411","39867728","4","234980"
"chr4","39633351","39633635","chr4","39868344","39868628","4","234993"
"chr4","39634831","39635139","chr4","39869826","39870134","4","234995"
"chr4","39651799","39652090","chr4","39890625","39890910","20","238826"
"chr4","39652847","39653140","chr4","39884981","39885286","18","232134"
"chr4","39659240","39659536","chr2","88000755","88001055","45","48341515"
"chr4","39666594","39666913","chr4","39901258","39901569","13","234664"
"chr4","39690373","39690671","chr8","140052500","140052796","34","100362127"
"chr4","39700669","39700918","chr6","41883376","41883623","42","2182707"
"chr4","39705071","39705384","chr4","39939513","39939826","1","234442"
"chr4","39709368","39709602","chr16","7542573","7542798","37","32166795"
"chr4","39713041","39713317","chr4","39947172","39947473","28","234131"
"chr4","39722130","39722390","chr1","11708330","11708584","39","28013800"
"chr4","39729089","39729225","chr22","39227258","39227393","15","501831"
"chr4","39729524","39729559","chr14","102934562","102934594","14","63205038"
"chr4","39733086","39733385","chr4","39967023","39967327","9","233937"
"chr4","39736105","39736393","chr4","39971469","39971757","3","235364"
"chr4","39745642","39745775","chr8","129957554","129957684","19","90211912"
"chr4","39748167","39748478","chr2","219016290","219016594","46","179268123"
"chr4","39751216","39751508","chr1","15857365","15857656","40","23893851"
"chr4","39751833","39751967","chr12","50651898","50652033","27","10900065"
"chr4","39752267","39752382","chr2","85432249","85432363","33","45679982"
"chr4","39757284","39757407","chr4","39993223","39993346","1","235939"
"chr4","39758253","39758576","chr4","39994193","39994503","18","235940"
"chr4","39759768","39760106","chr4","39995691","39996022","36","235923"
"chr4","39760118","39760347","chr1","25553570","25553789","63","14206548"
"chr4","39760373","39760705","chr4","39995691","39996022","21","235318"
"chr4","39760807","39760878","chr4","39996034","39996105","0","235227"
"chr4","39771544","39771851","chr4","40006648","40006956","4","235104"
"chr4","39774588","39774900","chr4","40009370","40009685","4","234782"
"chr4","39780929","39781150","chr4","40015718","40015939","3","234789"
"chr4","39782349","39782484","chr4","40017138","40017273","2","234789"
"chr4","39782815","39782993","chr4","40017603","40017787","19","234788"
"chr4","39788528","39788819","chr4","40023296","40023587","1","234768"
"chr4","39789273","39789575","chr4","40024041","40024338","12","234768"
"chr4","39790170","39790458","chr4","40024933","40025222","8","234763"
"chr4","39791139","39791447","chr4","40025913","40026218","9","234774"
"chr4","39791755","39792052","chr4","40026522","40026819","7","234767"
"chr4","39803178","39803510","chr4","40038250","40038572","12","235072"
"chr4","39806515","39806759","chr4","40041577","40041821","5","235062"
"chr4","39809707","39810010","chr22","31563577","31563886","46","8246130"
"chr4","39811663","39811972","chr6","107021059","107021370","45","67209396"
"chr4","39812508","39812827","chr4","40047594","40047919","8","235086"
"chr4","39812832","39812969","chr16","28818208","28818343","13","10994624"
"chr4","39813907","39814076","chr8","126399311","126399469","42","86585404"
"chr4","39815081","39815306","chr4","40050121","40050378","37","235040"
"chr4","39832059","39832372","chr4","40072709","40073020","9","240650"
"chr4","39837377","39837508","chr9","19262734","19262868","12","20574643"
"chr4","39841157","39841368","chr4","117120687","117120898","30","77279530"
"chr4","39844162","39844445","chr4","40077164","40077447","3","233002"
"chr4","39845922","39846200","chr4","40078943","40079221","7","233021"
"chr4","39853304","39853603","chr4","40086335","40086634","5","233031"
"chr4","39860463","39860635","chr4","40093416","40093587","5","232953"
"chr4","39860943","39861089","chr4","40093899","40094044","1","232956"
"chr4","39861875","39862105","chr4","40094845","40095075","4","232970"
"chr4","39878642","39878935","chr4","40111622","40111915","6","232980"
"chr4","39893792","39894087","chr4","40126759","40127054","8","232967"
"chr4","39895607","39895873","chr4","40128522","40128818","32","232915"
"chr4","39896270","39896580","chr17","42195297","42195606","39","2299027"
"chr4","39903488","39903779","chr4","40136396","40136686","6","232908"
"chr4","39914519","39914804","chr4","40150385","40150688","19","235866"
"chr4","39915418","39915709","chr4","40151280","40151571","7","235862"
"chr4","39922662","39922942","chr4","40158516","40158784","13","235854"
"chr4","39924055","39924306","chr4","9738400","9738645","40","30185655"
"chr4","39928931","39929182","chr4","9738400","9738645","40","30190531"
"chr4","39930295","39930575","chr4","40158516","40158784","13","228221"
"chr4","39937528","39937819","chr4","40151280","40151571","7","213752"
"chr4","39938433","39938718","chr4","40150385","40150688","19","211952"
"chr4","39948678","39948975","chr4","40171917","40172214","3","223239"
"chr4","39951281","39951559","chr4","40174521","40174814","22","223240"
"chr4","39971619","39971892","chr4","40194241","40194528","19","222622"
"chr4","39991164","39991459","chr4","40213761","40214056","6","222597"
"chr4","40004160","40004463","chr6","89313635","89313939","39","49309475"
"chr4","40004973","40005038","chr4","86461433","86461498","10","46456460"
"chr4","40011129","40011194","chr4","86461433","86461498","10","46450304"
"chr4","40022145","40022444","chr4","40239597","40239896","7","217452"
"chr4","40023049","40023336","chr4","40240495","40240806","31","217446"
"chr4","40056941","40057246","chr4","40273923","40274230","12","216982"
"chr4","40058803","40059164","chr4","139095763","139096126","64","99036960"
"chr4","40076991","40077142","chr4","40293705","40293856","1","216714"
"chr4","40079871","40080163","chr13","112930672","112930960","38","72850801"
"chr4","40097399","40097696","chr4","40313609","40313906","4","216210"
"chr4","40102229","40102524","chr5","180542268","180542564","52","140440039"
"chr4","40104627","40104982","chr19","1797451","1797798","56","38307176"
"chr4","40108616","40108931","chr4","40324861","40325176","13","216245"
"chr4","40169432","40169737","chr4","40382043","40382351","7","212611"
"chr4","40173992","40174292","chr4","40386633","40386933","8","212641"
"chr4","40178851","40179148","chr4","40390944","40391237","10","212093"
"chr4","40181017","40181318","chr19","8102987","8103287","39","32078030"
"chr4","40185039","40185171","chr4","40397138","40397270","5","212099"
"chr4","40202053","40202368","chr4","40413701","40414016","10","211648"
"chr4","40208734","40209070","chr4","40420184","40420484","60","211450"
"chr4","40222308","40222605","chr4","40435267","40435561","8","212959"
"chr4","40238468","40238770","chr4","40449687","40449981","19","211219"
"chr4","40246098","40246349","chr4","40457482","40457734","2","211384"
"chr4","40259358","40259661","chr4","40470739","40471042","9","211381"
"chr4","40270220","40270516","chr4","40481559","40481851","7","211339"
"chr4","40275166","40275279","chr4","40486517","40486629","2","211351"
"chr4","40275946","40276250","chr4","40487292","40487590","14","211346"
"chr4","40299852","40299983","chr4","40510790","40510918","6","210938"
"chr4","40302472","40302777","chr2","171464914","171465218","33","131162442"
"chr4","40305877","40306171","chr4","40517145","40517436","12","211268"
"chr4","40306895","40307212","chr4","40518149","40518474","14","211254"
"chr4","40311762","40312052","chr4","40522968","40523265","14","211206"
"chr4","40315886","40316072","chr4","40527105","40527289","8","211219"
"chr4","40316073","40316219","chr4","40527290","40527436","2","211217"
"chr4","40316248","40316374","chr4","40527462","40527588","0","211214"
"chr4","40316375","40316474","chr4","40527589","40527688","2","211214"
"chr4","40317993","40318331","chr4","40529225","40529543","24","211232"
"chr4","40318332","40318658","chr11","116880842","116881167","51","76562510"
"chr4","40327503","40327811","chr4","40538625","40538934","5","211122"
"chr4","40332378","40332683","chr4","40543512","40543817","4","211134"
"chr4","40337682","40337979","chr8","41188531","41188826","36","850849"
"chr4","40348178","40348475","chr8","41188531","41188826","36","840353"
"chr4","40348607","40348905","chr4","40549097","40549391","10","200490"
"chr4","40362211","40362512","chr4","40562462","40562765","11","200251"
"chr4","40371618","40371921","chr4","40571738","40572042","3","200120"
"chr4","40373328","40373623","chr4","40573461","40573756","0","200133"
"chr4","40378718","40379018","chr4","40578837","40579137","5","200119"
"chr4","40389876","40390119","chr4","40589024","40589267","8","199148"
"chr4","40390263","40390587","chr4","40589403","40589738","15","199140"
"chr4","40392255","40392562","chr4","40591401","40591720","17","199146"
"chr4","40396825","40397143","chr4","40595606","40595925","7","198781"
"chr4","40398533","40398811","chr4","40597314","40597592","5","198781"
"chr4","40399464","40399772","chr16","58913252","58913551","48","18513788"
"chr4","40400195","40400503","chr4","40598973","40599281","11","198778"
"chr4","40407183","40407467","chr4","40605945","40606226","8","198762"
"chr4","40413479","40413760","chr4","40612250","40612531","5","198771"
"chr4","40421177","40421473","chr4","40619916","40620220","15","198739"
"chr4","40423855","40424147","chr4","40622600","40622892","2","198745"
"chr4","40425128","40425404","chr7","56683311","56683593","49","16258183"
"chr4","40438205","40438503","chr11","22695038","22695335","33","17743167"
"chr4","40446288","40446599","chr4","40644359","40644670","8","198071"
"chr4","40447241","40447529","chr4","40645334","40645606","20","198093"
"chr4","40459005","40459138","chr4","40657572","40657705","5","198567"
"chr4","40470183","40470401","chr4","40668771","40668989","3","198588"
"chr4","40491092","40491387","chr3","149161509","149161809","67","108670417"
"chr4","40491901","40492021","chr1","65046717","65046841","24","24554816"
"chr4","40494940","40495248","chr4","40693108","40693416","7","198168"
"chr4","40496394","40496663","chr4","40694565","40694826","14","198171"
"chr4","40500058","40500350","chr4","40698204","40698497","7","198146"
"chr4","40501831","40502075","chr8","118711162","118711408","34","78209331"
"chr4","40502551","40502841","chr4","40700667","40700956","3","198116"
"chr4","40527128","40527397","chr4","40725232","40725501","2","198104"
"chr4","40532425","40532735","chr4","40730047","40730354","12","197622"
"chr4","40533060","40533360","chr3","149793421","149793720","30","109260361"
"chr4","40535578","40535863","chr4","40733203","40733490","5","197625"
"chr4","40539080","40539369","chr5","115763900","115764196","45","75224820"
"chr4","40542546","40542857","chr19","53032168","53032477","49","12489622"
"chr4","40547603","40547899","chr4","40745147","40745443","2","197544"
"chr4","40580852","40581145","chr4","40773401","40773697","6","192549"
"chr4","40589843","40590098","chr4","128621423","128621693","53","88031580"
"chr4","40602733","40602999","chr4","40796087","40796352","4","193354"
"chr4","40606978","40607274","chr4","40800344","40800639","5","193366"
"chr4","40625950","40626250","chr4","40819177","40819485","11","193227"
"chr4","40630684","40630945","chr4","40823921","40824182","4","193237"
"chr4","40659718","40660005","chr4","40852078","40852371","10","192360"
"chr4","40668733","40669031","chr4","40861069","40861361","12","192336"
"chr4","40671290","40671595","chr4","40863611","40863916","15","192321"
"chr4","40673565","40673907","chr4","40866713","40867055","25","193148"
"chr4","40674837","40675144","chr4","40864851","40865157","4","190014"
"chr4","40691582","40691893","chr4","40881524","40881833","8","189942"
"chr4","40706277","40706573","chr4","40896067","40896360","7","189790"
"chr4","40707432","40707741","chr4","40897235","40897532","15","189803"
"chr4","40710660","40710963","chr4","40900455","40900754","10","189795"
"chr4","40714362","40714642","chr4","40904149","40904428","3","189787"
"chr4","40732702","40732998","chr19","51106519","51106816","55","10373817"
"chr4","40738368","40738638","chr4","40928604","40928886","15","190236"
"chr4","40758118","40758423","chr14","50842718","50843018","34","10084600"
"chr4","40758624","40758902","chr1","26348565","26348855","44","14410059"
"chr4","40792817","40793109","chr4","40983582","40983871","10","190765"
"chr4","40813273","40813406","chr4","41004085","41004218","2","190812"
"chr4","40839999","40840317","chr4","41030943","41031259","3","190944"
"chr4","40843076","40843371","chr4","41034329","41034624","6","191253"
"chr4","40894525","40894825","chr4","41087431","41087728","9","192906"
"chr4","40905311","40905516","chr6","132732442","132732645","28","91827131"
"chr4","40905527","40905732","chr6","132732442","132732645","28","91826915"
"chr4","40934204","40934504","chr15","50445264","50445569","33","9511060"
"chr4","40961306","40961613","chr4","41157711","41157996","25","196405"
"chr4","40972799","40973106","chr4","41157711","41157996","25","184912"
"chr4","41034971","41035261","chr4","41208269","41208559","3","173298"
"chr4","41038156","41038465","chr4","41211500","41211781","33","173344"
"chr4","41073282","41073601","chr4","41244344","41244661","3","171062"
"chr4","41090599","41090846","chr15","65430340","65430587","45","24339741"
"chr4","41091077","41091331","chr4","41262668","41262907","26","171591"
"chr4","41093723","41094022","chr4","41265297","41265596","5","171574"
"chr4","41104964","41105254","chr1","17175617","17175905","48","23929347"
"chr4","41111401","41111715","chr4","41281795","41282103","9","170394"
"chr4","41129616","41129901","chr4","41300017","41300302","6","170401"
"chr4","41135645","41135958","chr4","41306058","41306374","10","170413"
"chr4","41138397","41138493","chr13","99117638","99117734","9","57979241"
"chr4","41156964","41157267","chr4","41327186","41327489","4","170222"
"chr4","41167793","41168083","chr4","41338030","41338320","2","170237"
"chr4","41175188","41175461","chr4","41345413","41345686","7","170225"
"chr4","41175837","41176100","chr9","76397445","76397705","53","35221608"
"chr4","41209541","41209855","chr16","50214374","50214681","41","9004833"
"chr4","41222562","41222860","chr4","41392750","41393047","11","170188"
"chr4","41235186","41235385","chr6","28488264","28488462","28","12746922"
"chr4","41259012","41259249","chr4","41422249","41422487","10","163237"
"chr4","41274851","41275137","chr4","41438361","41438637","20","163510"
"chr4","41286897","41287194","chr4","41450520","41450823","11","163623"
"chr4","41299904","41300219","chr4","41463565","41463878","10","163661"
"chr4","41379715","41380012","chr4","41546141","41546438","3","166426"
"chr4","41429302","41429595","chr4","41595778","41596068","8","166476"
"chr4","41457084","41457362","chr4","41623476","41623754","5","166392"
"chr4","41486158","41486484","chr4","41642553","41642878","12","156395"
"chr4","41638302","41638592","chr4","41783052","41783344","8","144750"
"chr4","41659679","41659946","chr4","41804410","41804701","29","144731"
"chr4","41679243","41679541","chr4","41823423","41823721","2","144180"
"chr4","41750964","41751266","chr4","41895117","41895419","4","144153"
"chr4","41767668","41767978","chr4","41911590","41911899","13","143922"
"chr4","41801955","41802268","chr4","41945689","41946002","8","143734"
"chr4","41879884","41879941","chr19","6149808","6149865","23","35730076"
"chr4","41879928","41879985","chr19","6149808","6149865","23","35730120"
"chr4","41883846","41883931","chr19","11136163","11136246","10","30747683"
"chr4","41926878","41927180","chr4","42054073","42054375","7","127195"
"chr4","41969576","41969871","chr4","42096569","42096870","12","126993"
"chr4","42080336","42080642","chr4","42224001","42224307","9","143665"
"chr4","42098845","42099142","chr4","42243002","42243297","9","144157"
"chr4","42116736","42117043","chr18","13637584","13637888","32","28479152"
"chr4","42119173","42119492","chr4","42284840","42285158","10","165667"
"chr4","42132911","42133215","chr4","42298551","42298853","17","165640"
"chr4","42142097","42142398","chr4","42307717","42308014","9","165620"
"chr4","42186021","42186310","chr4","42351754","42352044","7","165733"
"chr4","42203991","42204225","chr5","97147494","97147730","47","54943503"
"chr4","42219752","42220080","chr4","42385285","42385606","15","165533"
"chr4","42220849","42221130","chr10","94315505","94315790","42","52094656"
"chr4","42282356","42282659","chr4","42447179","42447482","1","164823"
"chr4","42283570","42283880","chr4","42448388","42448697","8","164818"
"chr4","42311826","42312127","chrX","44879891","44880190","43","2568065"
"chr4","42313592","42313887","chr4","42478079","42478374","4","164487"
"chr4","42329433","42329672","chr4","42493921","42494162","11","164488"
"chr4","42335585","42335893","chr4","42500083","42500365","30","164498"
"chr4","42342931","42343234","chr4","42507448","42507755","6","164517"
"chr4","42343618","42343908","chr4","42508130","42508424","5","164512"
"chr4","42380012","42380291","chr4","42545694","42545973","6","165682"
"chr4","42436091","42436400","chr4","42601029","42601335","9","164938"
"chr4","42502340","42502609","chr12","98277192","98277465","49","55774852"
"chr4","42588047","42588286","chr2","151275043","151275282","32","108686996"
"chr4","42860770","42861064","chr4","43027830","43028124","1","167060"
"chr4","42934741","42934908","chr3","177243870","177244038","21","134309129"
"chr4","43012509","43012788","chr4","43177191","43177470","8","164682"
"chr4","43249053","43249346","chr4","43417873","43418162","8","168820"
"chr4","43281438","43281773","chr4","43450202","43450537","14","168764"
"chr4","43334012","43334314","chr9","128874723","128875024","34","85540711"
"chr4","43354603","43354896","chrX","19495013","19495310","40","23859590"
"chr4","43359151","43359346","chr3","154210415","154210614","29","110851264"
"chr4","43363689","43363986","chr4","43530007","43530308","8","166318"
"chr4","43428136","43428441","chr4","43617192","43617492","32","189056"
"chr4","43481892","43482100","chr4","43665038","43665243","9","183146"
"chr4","43526159","43526433","chr4","43711193","43711466","10","185034"
"chr4","43558637","43558937","chr4","43741987","43742298","15","183350"
"chr4","43577376","43577675","chr4","43761441","43761741","9","184065"
"chr4","43591026","43591336","chr4","43775028","43775338","5","184002"
"chr4","43648165","43648468","chr4","43831872","43832173","5","183707"
"chr4","43650267","43650568","chr4","43833387","43833688","5","183120"
"chr4","43653159","43653287","chr1","205027356","205027484","41","161374197"
"chr4","43802169","43802472","chr4","43985151","43985454","5","182982"
"chr4","43825580","43825902","chr4","44008565","44008883","10","182985"
"chr4","43865900","43866173","chr4","44047665","44047941","10","181765"
"chr4","43956078","43956359","chr4","44129100","44129385","15","173022"
"chr4","44418771","44419059","chr4","44592290","44592578","5","173519"
"chr4","44431694","44431988","chr4","44605211","44605507","13","173517"
"chr4","44674332","44674464","chr22","41268778","41268910","17","3405554"
"chr4","44810781","44811039","chr4","44982134","44982392","7","171353"
"chr4","45043971","45044277","chr4","45214159","45214463","15","170188"
"chr4","45104693","45104996","chr17","61523328","61523633","5","16418635"
"chr4","45112935","45113193","chr4","45268948","45269207","7","156013"
"chr4","45155747","45156049","chr4","45311736","45312031","16","155989"
"chr4","45171895","45172192","chr4","45326141","45326438","9","154246"
"chr4","45176946","45177239","chr4","45331179","45331472","8","154233"
"chr4","45393225","45393504","chr4","147907863","147908143","33","102514638"
"chr4","45442262","45442566","chr1","237004556","237004861","47","191562294"
"chr4","45520739","45521035","chr4","45671215","45671509","8","150476"
"chr4","45529864","45530171","chr4","45680323","45680627","11","150459"
"chr4","45585665","45585986","chr4","45735569","45735859","34","149904"
"chr4","45587330","45587607","chr4","45737207","45737483","8","149877"
"chr4","45606593","45606897","chr4","45756438","45756741","4","149845"
"chr4","45721172","45721477","chr10","72813451","72813757","37","27092279"
"chr4","45862058","45862366","chr4","46008924","46009237","9","146866"
"chr4","45864256","45864563","chr4","46008924","46009237","12","144668"
"chr4","46088946","46089242","chr4","46219799","46220094","10","130853"
"chr4","46110259","46110557","chr4","46240058","46240360","9","129799"
"chr4","46182607","46182894","chr4","46311817","46312120","23","129210"
"chr4","46297283","46297605","chr4","46428331","46428669","21","131048"
"chr4","46327888","46328198","chr4","46458875","46459185","17","130987"
"chr4","46377637","46377934","chr4","46509415","46509711","11","131778"
"chr4","46398480","46398765","chr4","46530285","46530570","5","131805"
"chr4","46426167","46426451","chr5","71756624","71756901","39","25330457"
"chr4","46561645","46561939","chr4","70767686","70767978","44","24206041"
"chr4","46567707","46568018","chr8","107317619","107317930","46","60749912"
"chr4","46598979","46599286","chr4","46727954","46728260","9","128975"
"chr4","46599422","46599716","chr4","46728391","46728687","7","128969"
"chr4","46604601","46604916","chr6","143710411","143710707","52","97105810"
"chr4","46646469","46646772","chr4","46766419","46766723","16","119950"
"chr4","46649497","46649779","chr4","46769450","46769733","5","119953"
"chr4","46733813","46734110","chr4","46855962","46856258","8","122149"
"chr4","46735969","46736247","chr4","46858115","46858394","8","122146"
"chr4","46759530","46759767","chr4","46881481","46881717","6","121951"
"chr4","46868720","46869022","chr4","46990900","46991202","4","122180"
"chr4","46886283","46886591","chr13","40704915","40705219","66","6181368"
"chr4","46913238","46913548","chr4","47036580","47036889","16","123342"
"chr4","46928782","46929078","chr4","47051847","47052143","4","123065"
"chr4","47162769","47163093","chr4","125587703","125588021","57","78424934"
"chr4","47189358","47189666","chr4","47337523","47337833","17","148165"
"chr4","47295516","47295606","chr4","47443819","47443909","5","148303"
"chr4","47415849","47416161","chr19","53160785","53161094","42","5744936"
"chr4","47426796","47427101","chr4","47574814","47575116","11","148018"
"chr4","47436164","47436439","chr10","100857950","100858229","35","53421786"
"chr4","47454625","47454909","chr19","8042315","8042601","38","39412310"
"chr4","47492687","47492979","chr4","47626994","47627282","14","134307"
"chr4","47498489","47498783","chr4","47632787","47633081","4","134298"
"chr4","47511268","47511544","chr4","47645608","47645884","4","134340"
"chr4","47538770","47538870","chr4","47673079","47673179","2","134309"
"chr4","47538919","47539090","chr4","47673228","47673391","12","134309"
"chr4","47554019","47554310","chr1","17508546","17508835","48","30045473"
"chr4","47599503","47599802","chr4","47732566","47732862","10","133063"
"chr4","47646192","47646291","chr4","47779185","47779284","1","132993"
"chr4","47649112","47649422","chr4","47782103","47782414","8","132991"
"chr4","47776426","47776738","chr4","47909648","47909960","7","133222"
"chr4","47798891","47799188","chrX","71229112","71229404","38","23430221"
"chr4","47817770","47818058","chr4","47952081","47952368","6","134311"
"chr4","47827120","47827403","chr4","47961461","47961744","6","134341"
"chr4","47832687","47832988","chr4","47967021","47967331","11","134334"
"chr4","47835366","47835690","chr22","38621055","38621377","19","9214311"
"chr4","47837931","47838243","chr17","49244348","49244661","39","1406417"
"chr4","47848850","47849141","chr4","47982812","47983103","5","133962"
"chr4","47852151","47852435","chr4","47986132","47986413","7","133981"
"chr4","47864505","47864807","chr4","47998498","47998800","6","133993"
"chr4","47867202","47867492","chr4","48001184","48001474","5","133982"
"chr4","47872615","47872893","chr4","48006631","48006909","4","134016"
"chr4","47884977","47885255","chr4","48019023","48019302","6","134046"
"chr4","47897699","47897988","chr4","48031749","48032038","4","134050"
"chr4","47906212","47906511","chr4","48040265","48040544","24","134053"
"chr4","47915656","47915961","chr4","48050216","48050522","4","134560"
"chr4","47937578","47937901","chr10","93434149","93434457","53","45496571"
"chr4","47944272","47944591","chr4","48070559","48070878","5","126287"
"chr4","47949031","47949318","chr4","580416","580706","38","47368615"
"chr4","47950297","47950588","chr6","159927226","159927516","49","111976929"
"chr4","47970122","47970440","chr4","48096509","48096828","9","126387"
"chr4","47989848","47990153","chr4","48116882","48117187","9","127034"
"chr4","47999384","47999692","chr4","48126502","48126802","11","127118"
"chr4","48005603","48005901","chr4","48132668","48132959","9","127065"
"chr4","48015204","48015495","chr4","48142189","48142480","2","126985"
"chr4","48024489","48024780","chr4","48151495","48151786","5","127006"
"chr4","48026242","48026527","chr1","26037257","26037533","47","21988985"
"chr4","48031604","48031899","chr4","48157521","48157815","5","125917"
"chr4","48048458","48048759","chr4","48174377","48174679","6","125919"
"chr4","48056081","48056382","chr4","48182003","48182299","9","125922"
"chr4","48078053","48078319","chr4","48202284","48202550","8","124231"
"chr4","48090324","48090618","chr3","125561009","125561297","48","77470685"
"chr4","48090981","48091268","chr4","48215226","48215513","5","124245"
"chr4","48105284","48105556","chr4","48229507","48229779","2","124223"
"chr4","48122749","48123042","chr4","112753816","112754110","40","64631067"
"chr4","48135296","48135601","chr4","48258137","48258440","9","122841"
"chr4","48139370","48139663","chr4","48262202","48262496","4","122832"
"chr4","48141980","48142275","chr4","48264642","48264935","10","122662"
"chr4","48174930","48175225","chr4","48323200","48323512","20","148270"
"chr4","48189663","48189956","chr4","48306151","48306455","19","116488"
"chr4","48190793","48190926","chr11","65709534","65709664","30","17518741"
"chr4","48207916","48208237","chr4","48323200","48323512","19","115284"
"chr4","48209871","48210162","chr4","48325145","48325435","4","115274"
"chr4","48257345","48257626","chr4","48377195","48377478","9","119850"
"chr4","48277774","48278066","chr4","48390072","48390341","26","112298"
"chr4","48280812","48280947","chr4","48393091","48393226","2","112279"
"chr4","48314193","48314494","chr4","48437868","48438165","7","123675"
"chr4","48326502","48326797","chr4","48446123","48446420","8","119621"
"chr4","48348848","48349146","chr4","48468196","48468491","7","119348"
"chr4","48352890","48353179","chr4","48472212","48472518","20","119322"
"chr4","48361914","48362211","chr4","48481244","48481541","8","119330"
"chr4","48412996","48413299","chr4","48532376","48532679","4","119380"
"chr4","48480370","48480675","chrX","119539250","119539554","38","71058880"
"chr4","48546450","48546765","chr4","48666080","48666369","32","119630"
"chr4","48550511","48550789","chr4","48670157","48670435","5","119646"
"chr4","48569106","48569411","chr4","48688659","48688962","4","119553"
"chr4","48606772","48607054","chr2","74976824","74977107","32","26370052"
"chr4","48629322","48629613","chr4","48747964","48748255","7","118642"
"chr4","48667888","48668183","chr4","48785849","48786143","6","117961"
"chr4","48668233","48668505","chr4","48786193","48786465","4","117960"
"chr4","48676684","48676993","chr4","48794463","48794776","6","117779"
"chr4","48677594","48677889","chr4","48795377","48795675","9","117783"
"chr4","48708096","48708371","chr4","48825862","48826137","7","117766"
"chr4","48710956","48711137","chr1","224117732","224117914","38","175406776"
"chr4","48724102","48724402","chr4","48839154","48839451","9","115052"
"chr4","48735487","48735790","chr4","48850571","48850874","5","115084"
"chr4","48756951","48757244","chr4","48871627","48871933","17","114676"
"chr4","48767049","48767330","chr4","48881768","48882034","21","114719"
"chr4","48768484","48768771","chr4","48883160","48883450","12","114676"
"chr4","48770262","48770544","chr4","48885007","48885288","5","114745"
"chr4","48780964","48781291","chr4","48895732","48896059","6","114768"
"chr4","48785866","48786139","chr5","1382711","1382981","64","47403155"
"chr4","48792676","48792986","chr4","48907432","48907743","7","114756"
"chr4","48812382","48812679","chr4","48929007","48929299","13","116625"
"chr4","48816572","48816810","chr4","48931987","48932224","7","115415"
"chr4","48818834","48819132","chr4","48934259","48934558","10","115425"
"chr4","48839992","48840266","chr4","48955478","48955752","6","115486"
"chr4","48848143","48848436","chr4","48963643","48963936","4","115500"
"chr4","48855729","48856039","chr4","48971301","48971611","10","115572"
"chr4","48861649","48861935","chr4","48977210","48977491","5","115561"
"chr4","48863925","48864229","chr2","48082565","48082870","42","781360"
"chr4","48864875","48865131","chr4","48980452","48980708","5","115577"
"chr4","48902929","48903225","chr4","49019579","49019879","9","116650"
"chr4","52054835","52055007","chr6","33597339","33597497","41","18457496"
"chr4","53071380","53071585","chr18","62137537","62137736","35","9066157"
"chr4","59630781","59631058","chr4_GL000257v2_alt","368237","368539","32","59262544"
"chr4","59721047","59721325","chr4","68710753","68711030","4","8989706"
"chr4","59849755","59849928","chr20","47086204","47086375","26","12763551"
"chr4","59872123","59872435","chr4_GL000257v2_alt","134080","134367","31","59738043"
"chr4","59880944","59881250","chr2","32996880","32997184","53","26884064"
"chr4","59926052","59926330","chr4","68710753","68711030","6","8784701"
"chr4","60169754","60170050","chr4","68463305","68463600","3","8293551"
"chr4","60170756","60171061","chr4_GL000257v2_alt","155985","156290","11","60014771"
"chr4","60199692","60199979","chr4_GL000257v2_alt","134080","134367","11","60065612"
"chr4","60221134","60221444","chr4_GL000257v2_alt","75255","75565","5","60145879"
"chr4","60227830","60227966","chr4","68375083","68375219","4","8147253"
"chr4","60238847","60239059","chr12","53666026","53666238","29","6572821"
"chr4","60249258","60249553","chr8","125724632","125724928","33","65475374"
"chr4","60253980","60254288","chr7","128377561","128377867","49","68123581"
"chr4","60284414","60284551","chr4","68323446","68323583","1","8039032"
"chr4","60332064","60332332","chr4","68275659","68275927","3","7943595"
"chr4","60364433","60364642","chr4","68244343","68244552","7","7879910"
"chr4","60366122","60366399","chr4","68242559","68242866","34","7876437"
"chr4","60369991","60370304","chr4","68238443","68238754","12","7868452"
"chr4","60425455","60425745","chr4","68182903","68183196","10","7757448"
"chr4","60438673","60438970","chr1","38661839","38662133","59","21776834"
"chr4","60470508","60470819","chr4","68138375","68138684","8","7667867"
"chr4","60522524","60522808","chr4","68091800","68092085","6","7569276"
"chr4","60556866","60557141","chr4","68057003","68057301","28","7500137"
"chr4","60565106","60565383","chr4","68048750","68049023","11","7483644"
"chr4","60661346","60661659","chr2","113721965","113722272","42","53060619"
"chr4","60673275","60673560","chr4","67949579","67949864","6","7276304"
"chr4","60720447","60720760","chr4","67902490","67902803","9","7182043"
"chr4","60837673","60837958","chr4","67787847","67788132","4","6950174"
"chr4","60893106","60893405","chr4","67732460","67732758","13","6839354"
"chr4","60928061","60928368","chr4","67697000","67697301","10","6768939"
"chr4","60955362","60955657","chr4","67669948","67670243","5","6714586"
"chr4","61025832","61026142","chr4","67599630","67599940","7","6573798"
"chr4","61045612","61045891","chr4","67579874","67580153","7","6534262"
"chr4","61046611","61046935","chr4","67578831","67579153","5","6532220"
"chr4","61047818","61048128","chr4","67577640","67577948","12","6529822"
"chr4","61058785","61059092","chr4","67566688","67566995","6","6507903"
"chr4","61060837","61061107","chr4","67564665","67564935","4","6503828"
"chr4","61096108","61096415","chr4","67529317","67529624","1","6433209"
"chr4","61108263","61108554","chr4","67517169","67517460","7","6408906"
"chr4","61124443","61124750","chr4","67501027","67501334","4","6376584"
"chr4","61313968","61314263","chr6","1740275","1740571","38","59573693"
"chr4","61317167","61317471","chr19","8102987","8103287","49","53214180"
"chr4","61434455","61434743","chr4","67205356","67205645","9","5770901"
"chr4","61444758","61445053","chr4","67195190","67195481","14","5750432"
"chr4","61644374","61644687","chr4","67012879","67013191","7","5368505"
"chr4","61671526","61671783","chr4","66986510","66986767","2","5314984"
"chr4","61696317","61696622","chr4","66960285","66960594","11","5263968"
"chr4","61719836","61720109","chr4","66936595","66936868","5","5216759"
"chr4","61722743","61723052","chr4","66933637","66933951","13","5210894"
"chr4","61874439","61874740","chr4","66780346","66780650","7","4905907"
"chr4","61876397","61876709","chr4","66778385","66778695","14","4901988"
"chr4","61909675","61909997","chr3","128234026","128234352","45","66324351"
"chr4","61935639","61935939","chr4","66720796","66721101","9","4785157"
"chr4","61999332","61999626","chr4","66656883","66657213","42","4657551"
"chr4","62003076","62003362","chr4","66652984","66653276","25","4649908"
"chr4","62055317","62055611","chr4","66618878","66619173","10","4563561"
"chr4","62112399","62112710","chr4","66564357","66564665","17","4451958"
"chr4","62312492","62312638","chr9","99000001","99000150","31","36687509"
"chr4","62452628","62452880","chr4","135417270","135417519","45","72964642"
"chr4","62507277","62507568","chr4","66159042","66159334","11","3651765"
"chr4","62626068","62626357","chr4","66042662","66042951","5","3416594"
"chr4","62915287","62915599","chr6","107021059","107021370","52","44105772"
"chr4","62959954","62960251","chr4","65749153","65749446","11","2789199"
"chr4","63259587","63259893","chr2","47550379","47550682","43","15709208"
"chr4","63281422","63281708","chr4","65448366","65448652","0","2166944"
"chr4","63440890","63441196","chr16","20981454","20981725","40","42459436"
"chr4","63558067","63558378","chr4","65176266","65176577","10","1618199"
"chr4","63567835","63568128","chr4","65166479","65166774","13","1598644"
"chr4","63680238","63680548","chr4","65059672","65059982","7","1379434"
"chr4","63689070","63689349","chr4","65044798","65045079","12","1355728"
"chr4","63723327","63723599","chr4","65009914","65010184","6","1286587"
"chr4","63894395","63894691","chr4","64837437","64837729","8","943042"
"chr4","63964756","63965037","chr10","112547297","112547579","39","48582541"
"chr4","63999849","63999945","chr5","142339725","142339820","19","78339876"
"chr4","64030969","64031313","chr5","7673121","7673455","84","56357848"
"chr4","64046659","64046972","chr4","64693794","64694106","7","647135"
"chr4","64059968","64060249","chr4","64680497","64680782","12","620529"
"chr4","64079344","64079631","chr4","64662327","64662615","9","582983"
"chr4","64307274","64307585","chr4","64434791","64435103","12","127517"
"chr4","64451909","64452194","chr4","64293998","64294286","11","157911"
"chr4","64471993","64472299","chr6","106933471","106933781","33","42461478"
"chr4","64540945","64541223","chr4","64212609","64212894","12","328336"
"chr4","64628285","64628517","chr16","84415944","84416164","54","19787659"
"chr4","64636614","64636659","chr7","5656286","5656333","12","58980328"
"chr4","64670021","64670338","chr4","64085245","64085564","11","584776"
"chr4","64862813","64863126","chr12","47036257","47036563","53","17826556"
"chr4","64886171","64886480","chr4","63878759","63879077","19","1007412"
"chr4","64887890","64888199","chr4","63878759","63879077","19","1009131"
"chr4","64922333","64922584","chr4","63843437","63843689","9","1078896"
"chr4","65016827","65017147","chr4","63745827","63746156","23","1271000"
"chr4","65178274","65178555","chr4","63597646","63597927","9","1580628"
"chr4","65196051","65196116","chr4","63581545","63581610","0","1614506"
"chr4","65552666","65552976","chr4","63234284","63234589","12","2318382"
"chr4","65583513","65583815","chr2","158826510","158826814","43","93242997"
"chr4","65652572","65652873","chr4","63129705","63130027","29","2522867"
"chr4","65739879","65740166","chr4","63045668","63045952","15","2694211"
"chr4","65883806","65884088","chr4","62874760","62875043","8","3009046"
"chr4","66069837","66070147","chr4","62692793","62693099","7","3377044"
"chr4","66138628","66138913","chr4","62623218","62623532","36","3515410"
"chr4","66244270","66244582","chr4","62512909","62513236","18","3731361"
"chr4","66315405","66315700","chr4","62441939","62442231","10","3873466"
"chr4","66385141","66385439","chr15","72818158","72818457","40","6433017"
"chr4","66418191","66418489","chr15","72818158","72818457","40","6399967"
"chr4","66459982","66460237","chr4","62330444","62330699","9","4129538"
"chr4","66499110","66499414","chr4","62291137","62291441","12","4207973"
"chr4","66516286","66516595","chr4","62273970","62274277","14","4242316"
"chr4","66575672","66575981","chr4","62216897","62217201","13","4358775"
"chr4","66577484","66577775","chr4","62215093","62215384","8","4362391"
"chr4","66609230","66609522","chr4","62178181","62178479","11","4431049"
"chr4","66731830","66732129","chr4","62057669","62057973","13","4674161"
"chr4","66796099","66796407","chr4","61993282","61993590","10","4802817"
"chr4","66837838","66838139","chr4","170070910","170071211","46","103233072"
"chr4","66840021","66840316","chr5","177007823","177008118","40","110167802"
"chr4","66873605","66873890","chr4","61916692","61916978","5","4956913"
"chr4","66905439","66905639","chr4","61884995","61885195","2","5020444"
"chr4","66922426","66922732","chr19","8102987","8103287","41","58819439"
"chr4","66936437","66936737","chr3","73125273","73125564","42","6188836"
"chr4","66994105","66994385","chr4","61798634","61798914","2","5195471"
"chr4","67149478","67149753","chr4","61637482","61637757","5","5511996"
"chr4","67172927","67173202","chr4","61613463","61613738","12","5559464"
"chr4","67232490","67232803","chr4","61554206","61554495","33","5678284"
"chr4","67246381","67246689","chr4","61540268","61540575","12","5706113"
"chr4","67427881","67428164","chr4","61362019","61362302","2","6065862"
"chr4","67452043","67452351","chr4","61337981","61338290","10","6114062"
"chr4","67472159","67472444","chr19","39214185","39214469","36","28257974"
"chr4","67583784","67584093","chr4","61206700","61206985","32","6377084"
"chr4","67629113","67629390","chr4","61161393","61161670","8","6467720"
"chr4","67635890","67636132","chrX","53120749","53120990","62","14515141"
"chr4","67716106","67716404","chr8","28668866","28669163","48","39047240"
"chr4","67732285","67732570","chr4","61059292","61059611","42","6672993"
"chr4","67732606","67732617","chr12","22630589","22630600","1","45102017"
"chr4","67781981","67782289","chr4","61009758","61010062","9","6772223"
"chr4","67803550","67803858","chr4","60988498","60988806","5","6815052"
"chr4","67981499","67981780","chr4","60807230","60807511","3","7174269"
"chr4","68106608","68106870","chr4","60681920","60682187","11","7424688"
"chr4","68303769","68304057","chr4","60479788","60480076","7","7823981"
"chr4","68312400","68312688","chr4","60471159","60471455","31","7841241"
"chr4","68347353","68347659","chr4","60440501","60440812","12","7906852"
"chr4","68386570","68386884","chr9","127713497","127713806","62","59326927"
"chr4","68416420","68416733","chr4","60358855","60359164","15","8057565"
"chr4","68597201","68597499","chr4","60183731","60184004","32","8413470"
"chr4","68709730","68710075","chr6_GL000256v2_alt","1577491","1577822","61","67132239"
"chr4","68748258","68748572","chr4","60035570","60035883","45","8712688"
"chr4","68792044","68792343","chr4","59979911","59980211","4","8812133"
"chr4","68806038","68806306","chr4","59966004","59966272","7","8840034"
"chr4","68844739","68845057","chr4","59928171","59928482","18","8916568"
"chr4","68982571","68982869","chr4","59794838","59795137","6","9187733"
"chr4","69192602","69192685","chr4","59601077","59601160","2","9591525"
"chr4","69196436","69196747","chr4","59597019","59597328","13","9599417"
"chr4","69198483","69198797","chr4","59594973","59595305","29","9603510"
"chr4","69389269","69389553","chr4","59404442","59404725","9","9984827"
"chr4","69421954","69422250","chr4","59371726","59372022","7","10050228"
"chr4","69429341","69429508","chr11","68005413","68005583","38","1423928"
"chr4","69435466","69435762","chr4","59371726","59372022","7","10063740"
"chr4","69740251","69740551","chr4","59085491","59085797","16","10654760"
"chr4","69785247","69785578","chr4","59038930","59039237","47","10746317"
"chr4","69854127","69854436","chr4","58969829","58970136","11","10884298"
"chr4","69881761","69882047","chr2","39239808","39240097","44","30641953"
"chr4","69973537","69973794","chr4","58818758","58819043","35","11154779"
"chr4","69981847","69982129","chr4","58793315","58793626","31","11188532"
"chr4","70009822","70010076","chr4","58763953","58764207","4","11245869"
"chr4","70264384","70264653","chr4","58507047","58507318","16","11757337"
"chr4","70298657","70298983","chr4","58473666","58473989","14","11824991"
"chr4","70329268","70329562","chr4","58442963","58443257","5","11886305"
"chr4","70362630","70362745","chr4","58409789","58409904","4","11952841"
"chr4","70363047","70363222","chr4","58409312","58409487","8","11953735"
"chr4","70409659","70409928","chr4","58362242","58362511","5","12047417"
"chr4","70443763","70444052","chrX","129867021","129867320","38","59423258"
"chr4","70500343","70500693","chr4","58274535","58274885","8","12225808"
"chr4","70528853","70529149","chr4","58246078","58246380","17","12282775"
"chr4","70548484","70548788","chr4","58224607","58224925","19","12323877"
"chr4","70673328","70673647","chr4","58099379","58099698","4","12573949"
"chr4","70863372","70863655","chr4","57909978","57910262","9","12953394"
"chr4","70953172","70953447","chr4","57820643","57820911","16","13132529"
"chr4","71012469","71012724","chr4","57762213","57762491","36","13250256"
"chr4","71015153","71015454","chr4","57759480","57759783","8","13255673"
"chr4","71043171","71043478","chr4","57731635","57731942","4","13311536"
"chr4","71079261","71079559","chr4","57696926","57697226","14","13382335"
"chr4","71194474","71194770","chr4","57584973","57585268","10","13609501"
"chr4","71272350","71272625","chr4","57506071","57506346","3","13766279"
"chr4","71311534","71311839","chr4","57466851","57467153","10","13844683"
"chr4","71462532","71462817","chr4","57317029","57317313","2","14145503"
"chr4","71538666","71538964","chr4","57234950","57235248","8","14303716"
"chr4","71541021","71541326","chr4","57232607","57232896","24","14308414"
"chr4","71546326","71546624","chr4","57227260","57227562","9","14319066"
"chr4","71657251","71657561","chr4","57111882","57112193","7","14545369"
"chr4","71660010","71660164","chr1","28801226","28801387","29","42858784"
"chr4","71660197","71660299","chr2","233389047","233389164","30","161728850"
"chr4","71675940","71676243","chr12","112293084","112293386","32","40617144"
"chr4","71678597","71678904","chr4","57090555","57090867","10","14588042"
"chr4","71693154","71693443","chr4","57077278","57077577","13","14615876"
"chr4","71700619","71700919","chr22","28944474","28944773","43","42756145"
"chr4","71734966","71735273","chr15","51949418","51949716","32","19785548"
"chr4","71756248","71756548","chr4","57014194","57014494","16","14742054"
"chr4","71765757","71766049","chr4","57004692","57004984","8","14761065"
"chr4","71769307","71769585","chr4","57001179","57001460","9","14768128"
"chr4","71773209","71773495","chr3","149793421","149793720","50","78020212"
"chr4","71777409","71777712","chr4","56993022","56993330","10","14784387"
"chr4","71782851","71783125","chr4","56987619","56987892","7","14795232"
"chr4","71795077","71795377","chr4","56974370","56974668","6","14820707"
"chr4","71799672","71799970","chr4","56969784","56970082","5","14829888"
"chr4","71801537","71801834","chr4","56967920","56968217","6","14833617"
"chr4","71818077","71818365","chr4","56951592","56951880","6","14866485"
"chr4","71819001","71819297","chr4","56950654","56950961","17","14868347"
"chr4","71823804","71824050","chr4","56945908","56946160","17","14877896"
"chr4","71830035","71830310","chr19","2929630","2929917","50","68900405"
"chr4","71832610","71832907","chr3","196322693","196322990","45","124490083"
"chr4","71867374","71867619","chr4","56902153","56902398","3","14965221"
"chr4","71875719","71875920","chr5","172065322","172065524","32","100189603"
"chr4","71896083","71896136","chr9","98123955","98124006","20","26227872"
"chr4","71896443","71896633","chr2","32000052","32000223","63","39896391"
"chr4","71896634","71896919","chrX","23778647","23778941","45","48117987"
"chr4","71896920","71897055","chr22","39227258","39227393","11","32669662"
"chr4","71902348","71902631","chr4","56870617","56870904","9","15031731"
"chr4","71903752","71904047","chr4","56869197","56869492","6","15034555"
"chr4","71904245","71904528","chr4","56868716","56868999","5","15035529"
"chr4","71904934","71905209","chr4","56868031","56868329","25","15036903"
"chr4","71918318","71918558","chr14","35813886","35814122","71","36104432"
"chr4","71919331","71919546","chr4","56853678","56853913","21","15065653"
"chr4","71920069","71920371","chr4","56852838","56853145","11","15067231"
"chr4","71924606","71924897","chr4","56848323","56848614","9","15076283"
"chr4","71931180","71931490","chr4","56841738","56842048","8","15089442"
"chr4","71933688","71933997","chr4","56840154","56840463","14","15093534"
"chr4","71935444","71935748","chr4","56838474","56838775","9","15096970"
"chr4","71936802","71937097","chr4","56837281","56837576","3","15099521"
"chr4","71937812","71938116","chr4","56836263","56836567","8","15101549"
"chr4","71940955","71941253","chr4","56833241","56833540","11","15107714"
"chr4","71942256","71942553","chr4","56831930","56832238","16","15110326"
"chr4","71943314","71943614","chr4","56830893","56831193","6","15112421"
"chr4","71950094","71950379","chr4","56823808","56824089","9","15126286"
"chr4","71965907","71966041","chr10","12095397","12095531","9","59870510"
"chr4","71969122","71969440","chr4","56807044","56807362","7","15162078"
"chr4","71976100","71976341","chr4","56801182","56801423","3","15174918"
"chr4","71978414","71978694","chr4","56798829","56799109","3","15179585"
"chr4","71981943","71982254","chrX","21832088","21832393","35","50149855"
"chr4","71988213","71988513","chr4","56789127","56789423","11","15199086"
"chr4","72003738","72004002","chr4","56774944","56775229","26","15228794"
"chr4","72009504","72009820","chr4","56769168","56769477","16","15240336"
"chr4","72012411","72012722","chr4","56766261","56766572","5","15246150"
"chr4","72014037","72014339","chr19","10859385","10859683","43","61154652"
"chr4","72025017","72025309","chr4","56753654","56753946","2","15271363"
"chr4","72037719","72037858","chr4","56741122","56741262","3","15296597"
"chr4","72045719","72046034","chr4","56732626","56732941","7","15313093"
"chr4","72053708","72054012","chr4","56724644","56724948","7","15329064"
"chr4","72083372","72083673","chr4","56694957","56695266","18","15388415"
"chr4","72098061","72098345","chr1","7240519","7240805","50","64857542"
"chr4","72112858","72113156","chr10","100079803","100080100","36","27966945"
"chr4","72114532","72114838","chr4","56662458","56662776","16","15452074"
"chr4","72130176","72130485","chr2","25382520","25382828","36","46747656"
"chr4","72131357","72131664","chr12","123198528","123198834","47","51067171"
"chr4","72141104","72141396","chr4","40435267","40435561","42","31705837"
"chr4","72162175","72162465","chr4","56614373","56614662","5","15547802"
"chr4","72163976","72164268","chr4","56612576","56612866","7","15551400"
"chr4","72174218","72174528","chr2","158826510","158826814","44","86652292"
"chr4","72193704","72194016","chr4","56582991","56583301","12","15610713"
"chr4","72210100","72210408","chr2","241154406","241154713","51","168944306"
"chr4","72213255","72213556","chr4","56564134","56564438","10","15649121"
"chr4","72220789","72221080","chr4","56556595","56556887","9","15664194"
"chr4","72233360","72233643","chr4","56544009","56544288","9","15689351"
"chr4","72248786","72249080","chr12","110854794","110855090","51","38606008"
"chr4","72256497","72256805","chr7","74362524","74362834","52","2106027"
"chr4","72267741","72268048","chr4","56510775","56511072","17","15756966"
"chr4","72271207","72271507","chr4","56507314","56507614","4","15763893"
"chr4","72273629","72273921","chr4","56504884","56505172","8","15768745"
"chr4","72277384","72277700","chr4","56501126","56501442","4","15776258"
"chr4","72281850","72282131","chr4","56496706","56497002","19","15785144"
"chr4","72284961","72285248","chr4","56493591","56493872","10","15791370"
"chr4","72286720","72286975","chr4","56491854","56492109","3","15794866"
"chr4","72298322","72298597","chr4","56480268","56480559","20","15818054"
"chr4","72303197","72303271","chr4","56475591","56475665","2","15827606"
"chr4","72306233","72306538","chr1","237004556","237004861","44","164698323"
"chr4","72307787","72308069","chr4","56470829","56471100","13","15836958"
"chr4","72312418","72312691","chr6","42655196","42655476","55","29657222"
"chr4","72323671","72323956","chr4","56454876","56455161","2","15868795"
"chr4","72340083","72340394","chr4","56439231","56439536","13","15900852"
"chr4","72340901","72341204","chr4","56438424","56438725","4","15902477"
"chr4","72357314","72357611","chr4","56421989","56422286","4","15935325"
"chr4","72366472","72366773","chr4","56413152","56413454","4","15953320"
"chr4","72381878","72382109","chr1","210276401","210276634","45","137894523"
"chr4","72394406","72394711","chr4","56385603","56385907","5","16008803"
"chr4","72395215","72395526","chr4","56384792","56385081","24","16010423"
"chr4","72398753","72399064","chr4","56381289","56381597","6","16017464"
"chr4","72405516","72405801","chr4","56374098","56374390","10","16031418"
"chr4","72406457","72406759","chr4","56373139","56373442","6","16033318"
"chr4","72418430","72418737","chr4","56361130","56361437","8","16057300"
"chr4","72427178","72427479","chr4","56352394","56352695","2","16074784"
"chr4","72437719","72438014","chr4","56341830","56342137","19","16095889"
"chr4","72453609","72453890","chr4","56325930","56326211","1","16127679"
"chr4","72454465","72454765","chr4","37900790","37901095","46","34553675"
"chr4","72476440","72476745","chr4","56303063","56303370","8","16173377"
"chr4","72480126","72480419","chr2","43730401","43730698","48","28749725"
"chr4","72480851","72481156","chr1","1544336","1544635","37","70936515"
"chr4","72510459","72510763","chr4","56269101","56269401","13","16241358"
"chr4","72539458","72539719","chr4","56239011","56239276","24","16300447"
"chr4","72556274","72556589","chr8","123069755","123070067","42","50513481"
"chr4","72589635","72589949","chr4","56188890","56189203","7","16400745"
"chr4","72616784","72617053","chr4","56161768","56162029","16","16455016"
"chr4","72618339","72618635","chr4","56160186","56160483","3","16458153"
"chr4","72632913","72633230","chr18","9112479","9112783","56","63520434"
"chr4","72633884","72634190","chr4","56144646","56144952","11","16489238"
"chr4","72667239","72667501","chr4","56111555","56111817","3","16555684"
"chr4","72684386","72684667","chr17","76996132","76996418","38","4311746"
"chr4","72697130","72697420","chr4","56081694","56081984","9","16615436"
"chr4","72699366","72699678","chr4","56079436","56079747","6","16619930"
"chr4","72720738","72720986","chr4","56058121","56058368","10","16662617"
"chr4","72720987","72721282","chr1","201785789","201786092","41","129064802"
"chr4","72733683","72733988","chr14","89080747","89081049","47","16347064"
"chr4","72739324","72739611","chr20","35158934","35159217","43","37580390"
"chr4","72752744","72753038","chr4","56025925","56026219","3","16726819"
"chr4","72771153","72771448","chr4","56010068","56010378","22","16761085"
"chr4","72781657","72781834","chr18","63649235","63649401","45","9132422"
"chr4","72782645","72782943","chr3","109392689","109392989","46","36610044"
"chr4","72792537","72792847","chr4","55988378","55988674","19","16804159"
"chr4","72820327","72820615","chr3","5117358","5117652","35","67702969"
"chr4","72826170","72826462","chr4","55954805","55955097","9","16871365"
"chr4","72854870","72855157","chr3","5117358","5117652","36","67737512"
"chr4","72861274","72861566","chr4","55954805","55955097","9","16906469"
"chr4","72893969","72894273","chr4","55922113","55922411","12","16971856"
"chr4","72894701","72895003","chr4","55922113","55922411","10","16972588"
"chr4","72919456","72919720","chr4","55897651","55897915","6","17021805"
"chr4","73020890","73021192","chr4","55800438","55800748","18","17220452"
"chr4","73081709","73082019","chr4_KI270787v1_alt","69199","69509","10","73012510"
"chr4","73142882","73143178","chr4","55686344","55686640","7","17456538"
"chr4","73152419","73152695","chr6","158517340","158517621","44","85364921"
"chr4","73166425","73166726","chr4","55663122","55663421","11","17503303"
"chr4","73217207","73217518","chr4","55606667","55606977","11","17610540"
"chr4","73219359","73219479","chr4","55604705","55604833","9","17614654"
"chr4","73219839","73219954","chr3","180029204","180029318","13","106809365"
"chr4","73228245","73228548","chr4","55595644","55595939","15","17632601"
"chr4","73230799","73230931","chr2","47749041","47749173","14","25481758"
"chr4","73233812","73234126","chr4","55589916","55590221","10","17643896"
"chr4","73250324","73250608","chr4","55573468","55573748","5","17676856"
"chr4","73257351","73257656","chr4","55566416","55566728","13","17690935"
"chr4","73260533","73260657","chr4","55563400","55563523","2","17697133"
"chr4","73266959","73267260","chr4","55556836","55557137","7","17710123"
"chr4","73272720","73272990","chr4","55551084","55551355","11","17721636"
"chr4","73293257","73293559","chr4","55530494","55530791","7","17762763"
"chr4","73313479","73313755","chr7","153634270","153634551","32","80320791"
"chr4","73331149","73331455","chr4","55492563","55492869","4","17838586"
"chr4","73361443","73361735","chr17","38727521","38727815","44","34633922"
"chr4","73362795","73363091","chr9","68635103","68635398","50","4727692"
"chr4","73366882","73367177","chr4","55454333","55454638","22","17912549"
"chr4","73417657","73417968","chr4","55413303","55413614","8","18004354"
"chr4","73420095","73420395","chr4","55410851","55411151","4","18009244"
"chr4","73440943","73441247","chr4","55389102","55389400","11","18051841"
"chr4","73441346","73441659","chr4","55388692","55389005","4","18052654"
"chr4","73441662","73441966","chr4","55388380","55388689","9","18053282"
"chr4","73453934","73454240","chr4","55376229","55376535","6","18077705"
"chr4","73465698","73466003","chr4","55364429","55364734","5","18101269"
"chr4","73468778","73469064","chr4","55361528","55361811","8","18107250"
"chr4","73469090","73469394","chr4","55361200","55361502","10","18107890"
"chr4","73481241","73481540","chr4","55349036","55349335","5","18132205"
"chr4","73509960","73510238","chr9","124417431","124417715","43","50907471"
"chr4","73520536","73520833","chr4","55315663","55315973","17","18204873"
"chr4","73528843","73529142","chr4","55307411","55307707","19","18221432"
"chr4","73554141","73554437","chr4","55282118","55282413","8","18272023"
"chr4","73657674","73657927","chr4","55179541","55179810","20","18478133"
"chr4","73681008","73681310","chr2","38954634","38954933","36","34726374"
"chr4","73696674","73696814","chr4","55141385","55141524","3","18555289"
"chr4","73764345","73764663","chr4","55073237","55073530","27","18691108"
"chr4","73782352","73782648","chr4","55061928","55062221","13","18720424"
"chr4","73786110","73786409","chr4","55054092","55054386","10","18732018"
"chr4","73801667","73801941","chr4","55039994","55040273","10","18761673"
"chr4","73858751","73859065","chr4","54982485","54982799","5","18876266"
"chr4","73963824","73964115","chr4","54878414","54878724","34","19085410"
"chr4","74004250","74004523","chr4","54780868","54781159","29","19223382"
"chr4","74076607","74076901","chr2","73340249","73340544","43","736358"
"chr4","74104685","74104997","chr4","54682418","54682729","6","19422267"
"chr4","74159093","74159400","chr4","54628986","54629290","12","19530107"
"chr4","74162951","74163263","chr4","54625110","54625421","10","19537841"
"chr4","74177348","74177655","chr4","54610863","54611147","27","19566485"
"chr4","74268189","74268457","chr4","54520450","54520730","20","19747739"
"chr4","74269008","74269119","chr2","28669310","28669418","16","45599698"
"chr4","74290619","74290914","chr4","54500700","54500986","10","19789919"
"chr4","74294353","74294634","chr1","22991588","22991870","44","51302765"
"chr4","74297772","74298051","chr4","54493550","54493835","13","19804222"
"chr4","74336560","74336860","chr4","54461646","54461949","7","19874914"
"chr4","74339776","74340060","chr4","54458460","54458745","9","19881316"
"chr4","74340137","74340150","chr4","54458374","54458387","0","19881763"
"chr4","74414274","74414576","chr4","54364534","54364833","7","20049740"
"chr4","74431177","74431465","chr4","54347770","54348058","6","20083407"
"chr4","74483652","74483957","chr4","54293426","54293730","9","20190226"
"chr4","74490726","74491037","chr4","54286320","54286655","26","20204406"
"chr4","74507544","74507864","chr4","54269634","54269951","5","20237910"
"chr4","74515245","74515543","chr4","54261933","54262225","9","20253312"
"chr4","74523504","74523815","chr4","54253680","54253984","11","20269824"
"chr4","74557578","74557835","chr4","54219791","54220048","4","20337787"
"chr4","74565503","74565801","chr4","54211884","54212182","4","20353619"
"chr4","74571513","74571599","chr1","15025841","15025926","14","59545672"
"chr4","74575849","74576141","chr4","54201527","54201819","2","20374322"
"chr4","74581757","74582060","chr4","54195612","54195915","6","20386145"
"chr4","74585192","74585485","chr4","54192182","54192475","2","20393010"
"chr4","74589673","74589942","chr4","54187614","54187880","8","20402059"
"chr4","74593463","74593751","chr1","226744281","226744567","43","152150818"
"chr4","74611292","74611384","chr4","54168594","54168673","14","20442698"
"chr4","74628162","74628440","chr4","54151769","54152047","5","20476393"
"chr4","74632551","74632917","chr4","54147431","54147804","15","20485120"
"chr4","74633597","74633890","chr4","54146459","54146753","8","20487138"
"chr4","74634088","74634399","chr4","54145950","54146261","5","20488138"
"chr4","74636210","74636519","chr4","54143852","54144142","22","20492358"
"chr4","74638034","74638332","chr2","202137316","202137616","43","127499282"
"chr4","74639084","74639360","chr4","54141011","54141288","5","20498073"
"chr4","74653751","74654050","chr4","54126334","54126632","5","20527417"
"chr4","74661523","74661817","chr4","54118558","54118862","15","20542965"
"chr4","74666455","74666767","chr12","93448517","93448833","53","18782062"
"chr4","74689542","74689856","chr4","54090200","54090484","39","20599342"
"chr4","74701223","74701526","chr4","54078511","54078814","6","20622712"
"chr4","74726172","74726461","chr4","54053792","54054086","14","20672380"
"chr4","74759252","74759560","chr4","54031612","54031919","7","20727640"
"chr4","74764705","74764986","chr4","54026252","54026531","4","20738453"
"chr4","74787150","74787445","chr5","180105586","180105887","37","105318436"
"chr4","74805371","74805469","chr4","53985728","53985826","1","20819643"
"chr4","74805470","74805718","chr4","53985481","53985727","3","20819989"
"chr4","74805719","74805735","chr4","53985464","53985480","0","20820255"
"chr4","74810458","74810737","chr4","53980453","53980730","6","20830005"
"chr4","74830510","74830831","chr4","53960402","53960723","4","20870108"
"chr4","74832292","74832589","chr4","53958659","53958956","5","20873633"
"chr4","74836329","74836637","chr8","66683649","66683949","61","8152680"
"chr4","74840259","74840402","chr4","53950839","53950982","5","20889420"
"chr4","74845727","74846017","chr4","53945259","53945550","5","20900468"
"chr4","74853854","74854145","chr4","53937109","53937401","6","20916745"
"chr4","74862352","74862673","chr4","53928185","53928511","14","20934167"
"chr4","74876268","74876559","chr4","53923334","53923625","3","20952934"
"chr4","74878456","74878755","chr4","53921154","53921453","6","20957302"
"chr4","74887811","74888116","chr5","79214804","79215109","36","4326993"
"chr4","74906200","74906470","chr4","53892631","53892901","2","21013569"
"chr4","74953194","74953488","chr4","53843310","53843608","8","21109884"
"chr4","74977960","74978252","chr4","53818997","53819293","10","21158963"
"chr4","75000816","75001122","chr15","68269317","68269623","31","6731499"
"chr4","75038799","75039077","chr4","53758109","53758389","8","21280690"
"chr4","75101392","75101642","chr4","53694440","53694690","8","21406952"
"chr4","75151641","75151954","chr9","130269799","130270110","47","55118158"
"chr4","75221510","75221813","chr4","53574983","53575281","11","21646527"
"chr4","75225463","75225615","chr16","21027558","21027717","26","54197905"
"chr4","75257297","75257600","chr4","53545803","53546106","7","21711494"
"chr4","75262224","75262532","chr4","53540856","53541166","7","21721368"
"chr4","75269708","75269973","chr4","53533407","53533699","33","21736301"
"chr4","75272761","75272993","chr15","35056973","35057206","42","40215788"
"chr4","75278414","75278673","chr4","53525203","53525463","4","21753211"
"chr4","75280290","75280601","chr10","112993775","112994073","49","37713485"
"chr4","75282894","75283189","chr4","53520680","53520976","7","21762214"
"chr4","75328412","75328712","chr4","53476015","53476315","6","21852397"
"chr4","75353766","75354067","chr4","53452320","53452618","11","21901446"
"chr4","75375712","75375989","chr6","813724","814013","50","74561988"
"chr4","75402069","75402353","chr3","128127715","128128001","40","52725646"
"chr4","75405635","75405908","chr4","53398870","53399143","8","22006765"
"chr4","75414520","75414816","chr4","53389942","53390239","8","22024578"
"chr4","75431818","75432104","chr4","53372595","53372881","4","22059223"
"chr4","75444967","75445077","chr17","59217622","59217735","17","16227345"
"chr4","75454308","75454602","chr4","53348718","53349004","14","22105590"
"chr4","75456743","75457051","chr7","27370216","27370506","79","48086527"
"chr4","75527005","75527302","chr4","53269745","53270042","7","22257260"
"chr4","75636687","75636993","chr1","109175545","109175851","51","33538858"
"chr4","75637777","75638059","chr11","123592950","123593230","54","47955173"
"chr4","75682163","75682462","chr4","53119038","53119332","8","22563125"
"chr4","75745370","75745629","chr4","53056902","53057161","5","22688468"
"chr4","75749317","75749598","chr4","53052940","53053238","24","22696377"
"chr4","75797545","75797848","chr4","53004896","53005199","7","22792649"
"chr4","75957844","75958159","chr4","52848535","52848851","13","23109309"
"chr4","75988124","75988431","chr18","47849726","47850026","46","28138398"
"chr4","76005791","76006085","chr4","52794525","52794811","13","23211266"
"chr4","76031831","76032143","chr2","8262384","8262697","46","67769447"
"chr4","76049095","76049406","chr14","92654033","92654344","43","16604938"
"chr4","76057702","76057789","chr22","21702520","21702606","11","54355182"
"chr4","76076989","76077126","chr4","52737427","52737564","2","23339562"
"chr4","76077425","76077606","chr1","38884787","38884967","32","37192638"
"chr4","76092319","76092626","chr4","52723369","52723677","7","23368950"
"chr4","76110721","76111001","chr4","52704992","52705272","9","23405729"
"chr4","76122726","76123026","chr4","52692752","52693051","8","23429974"
"chr4","76135781","76136089","chr4","52679704","52680007","10","23456077"
"chr4","76137708","76138013","chr4","52677785","52678090","6","23459923"
"chr4","76203631","76203926","chr4","52611605","52611899","2","23592026"
"chr4","76236281","76236571","chr4","52580430","52580715","13","23655851"
"chr4","76297996","76298304","chr4","52518094","52518396","9","23779902"
"chr4","76439639","76439946","chr4","52374427","52374739","11","24065212"
"chr4","76496786","76497090","chr1","22044259","22044565","52","54452527"
"chr4","76575788","76576097","chr4","52262403","52262712","10","24313385"
"chr4","76578601","76578862","chr4","52259638","52259899","5","24318963"
"chr4","76636469","76636710","chr4","52200932","52201174","5","24435537"
"chr4","76677566","76677849","chr4","52131407","52131689","11","24546159"
"chr4","76686888","76687189","chr4","52123476","52123779","11","24563412"
"chr4","76805451","76805696","chr4","52005353","52005615","23","24800098"
"chr4","76978864","76979118","chr4","51837895","51838149","3","25140969"
"chr4","80219166","80219455","chr4","69434228","69434520","13","10784938"
"chr4","80365966","80366251","chr4","69584479","69584764","2","10781487"
"chr4","80418153","80418452","chr18","13637584","13637888","38","66780569"
"chr4","80551885","80552153","chr4","69773985","69774273","30","10777900"
"chr4","80704755","80705042","chr5","179692082","179692374","54","98987327"
"chr4","80722243","80722506","chr4","69943205","69943468","3","10779038"
"chr4","80956435","80956749","chr4","98950469","98950778","51","17994034"
"chr4","81152313","81152616","chr4","70379325","70379629","17","10772988"
"chr4","81158967","81159277","chr4","70385992","70386300","6","10772975"
"chr4","81260917","81261215","chr14","39124489","39124781","57","42136428"
"chr4","81265979","81266273","chr4","70497949","70498246","5","10768030"
"chr4","81271915","81272216","chr4","70503874","70504176","8","10768041"
"chr4","81289059","81289369","chr4","70521098","70521408","9","10767961"
"chr4","81289607","81289898","chr5","7832498","7832787","51","73457109"
"chr4","81311408","81311700","chr4","70535492","70535786","9","10775916"
"chr4","81323706","81324009","chr4","70547656","70547971","18","10776050"
"chr4","81346565","81346779","chr15","68246874","68247088","32","13099691"
"chr4","81356873","81357174","chr2","69343415","69343711","56","12013458"
"chr4","81358676","81358835","chr17","45479092","45479237","35","35879584"
"chr4","81395443","81395610","chr17","35079154","35079315","30","46316289"
"chr4","81397352","81397585","chr1","82493118","82493353","29","1095766"
"chr4","81421448","81421581","chr4","70636353","70636486","1","10785095"
"chr4","81424407","81424711","chr4","70639307","70639611","5","10785100"
"chr4","81432254","81432573","chr4","70647164","70647476","21","10785090"
"chr4","81444422","81444727","chr4","70659268","70659579","14","10785154"
"chr4","81448359","81448640","chr4","70663217","70663491","10","10785142"
"chr4","81452541","81452838","chr1","120238210","120238509","41","38785669"
"chr4","81461254","81461556","chr4","70676067","70676369","5","10785187"
"chr4","81461999","81462298","chr4","70676812","70677107","13","10785187"
"chr4","81463232","81463523","chr4","70678044","70678331","8","10785188"
"chr4","81465177","81465477","chr4","70679982","70680286","12","10785195"
"chr4","81465810","81466062","chr4","70680621","70680874","3","10785189"
"chr4","81475805","81476107","chr4","70690811","70691115","6","10784994"
"chr4","81478873","81479149","chr4","70693886","70694163","6","10784987"
"chr4","81481742","81482018","chr4","70693886","70694163","7","10787856"
"chr4","81488128","81488469","chr4","70700280","70700621","8","10787848"
"chr4","81496597","81496897","chr4","70708167","70708460","12","10788430"
"chr4","81499227","81499535","chr4","70710781","70711091","9","10788446"
"chr4","81503742","81504043","chr4","70715300","70715613","19","10788442"
"chr4","81504578","81504878","chr4","70716145","70716445","9","10788433"
"chr4","81516857","81517158","chr4","70729258","70729551","14","10787599"
"chr4","81525335","81525637","chr4","70737677","70737972","10","10787658"
"chr4","81525648","81525957","chr9","84401796","84402104","50","2876148"
"chr4","81530736","81531036","chr4","70743071","70743371","7","10787665"
"chr4","81533529","81533778","chr4","70745804","70746059","12","10787725"
"chr4","81539676","81539811","chr4","70751945","70752080","2","10787731"
"chr4","81554343","81554638","chr4","70766246","70766541","13","10788097"
"chr4","81555784","81556077","chr4","70767686","70767978","6","10788098"
"chr4","81566109","81566420","chr4","70777950","70778262","8","10788159"
"chr4","81567746","81568044","chr7","138702203","138702513","59","57134457"
"chr4","81570804","81571102","chr4","70782631","70782928","3","10788173"
"chr4","81572375","81572673","chr4","70784202","70784501","3","10788173"
"chr4","81587403","81587538","chr4","70799258","70799393","4","10788145"
"chr4","81587539","81587857","chr4","70799394","70799709","12","10788145"
"chr4","81597069","81597401","chrX","121139775","121140086","61","39542706"
"chr4","81601789","81602091","chr4","70813617","70813907","21","10788172"
"chr4","81606307","81606554","chr4","70818031","70818281","11","10788276"
"chr4","81610906","81611213","chr2","31885116","31885419","41","49725790"
"chr4","81614249","81614535","chr4","70825653","70825939","6","10788596"
"chr4","81616114","81616405","chr4","70827503","70827790","11","10788611"
"chr4","81619061","81619354","chr4","70830542","70830834","8","10788519"
"chr4","81622504","81622805","chr1","199914030","199914335","51","118291526"
"chr4","81631991","81632283","chr4","70843796","70844091","5","10788195"
"chr4","81634303","81634609","chr4","70846107","70846407","14","10788196"
"chr4","81634651","81634949","chr5","172026658","172026952","59","90392007"
"chr4","81636019","81636314","chr4","70847823","70848123","10","10788196"
"chr4","81639956","81640053","chr4","70851764","70851861","2","10788192"
"chr4","81641306","81641565","chr7","73000872","73001136","48","8640434"
"chr4","81644503","81644802","chr4","70856305","70856604","7","10788198"
"chr4","81656351","81656657","chr4","70866998","70867304","6","10789353"
"chr4","81659099","81659411","chr4","70869758","70870070","4","10789341"
"chr4","81659927","81660217","chr19","38577515","38577804","36","43082412"
"chr4","81664944","81665239","chr4","70875563","70875859","8","10789381"
"chr4","81670787","81671083","chr4","70881318","70881620","8","10789469"
"chr4","81674438","81674738","chr4","70884972","70885268","9","10789466"
"chr4","81677598","81677867","chr4","70888059","70888325","8","10789539"
"chr4","81678176","81678232","chr19","14628840","14628889","16","67049336"
"chr4","81686700","81686998","chr4","70897188","70897486","2","10789512"
"chr4","81693483","81693794","chr4","70903972","70904282","6","10789511"
"chr4","81695623","81695915","chrX","34641860","34642156","42","47053763"
"chr4","81718699","81718999","chr4","70929171","70929472","8","10789528"
"chr4","81723631","81723935","chr4","70934081","70934385","8","10789550"
"chr4","81725518","81725831","chr21","17401216","17401512","66","64324302"
"chr4","81742231","81742524","chr19","4835320","4835620","35","76906911"
"chr4","81742947","81743252","chr4","70953661","70953966","4","10789286"
"chr4","81744041","81744370","chr4","70954756","70955085","3","10789285"
"chr4","81752004","81752312","chr4","70962717","70963025","2","10789287"
"chr4","81761555","81761861","chr4","70972206","70972513","7","10789349"
"chr4","81763513","81763749","chr4","70974167","70974403","3","10789346"
"chr4","81765249","81765520","chr4","70975902","70976173","7","10789347"
"chr4","81774909","81775216","chr4","70985512","70985819","5","10789397"
"chr4","81785315","81785599","chr3","9970928","9971213","67","71814387"
"chr4","81800313","81800602","chr4","71010937","71011227","5","10789376"
"chr4","81809076","81809382","chr12","64891325","64891634","45","16917751"
"chr4","81834863","81835152","chr4","71041880","71042178","13","10792983"
"chr4","81835687","81835982","chr4","71043022","71043317","3","10792665"
"chr4","81867009","81867317","chr4","71078809","71079118","4","10788200"
"chr4","81880975","81881276","chr4","71093158","71093459","6","10787817"
"chr4","81902492","81902804","chr4","71109529","71109841","11","10792963"
"chr4","81904658","81904962","chr4","71111693","71111996","7","10792965"
"chr4","81920788","81921077","chr1","6726596","6726892","44","75194192"
"chr4","81944084","81944333","chr4","71151779","71152030","8","10792305"
"chr4","81951925","81952224","chr4","71159363","71159662","5","10792562"
"chr4","81956790","81957026","chr1","144944826","144945059","31","62988036"
"chr4","82009433","82009742","chr4","71215898","71216207","7","10793535"
"chr4","82027952","82028271","chr4","71234431","71234733","28","10793521"
"chr4","82043138","82043426","chr4","71249607","71249897","10","10793531"
"chr4","82092611","82092909","chr4","71297586","71297887","6","10795025"
"chr4","82146079","82146214","chr4","71351574","71351708","3","10794505"
"chr4","82171151","82171452","chr8","54402417","54402714","41","27768734"
"chr4","82298617","82298912","chr4","71501965","71502260","8","10796652"
"chr4","82317125","82317288","chr15","77250259","77250421","26","5066866"
"chr4","82317318","82317437","chr6","168623516","168623635","11","86306198"
"chr4","82376362","82376675","chr4","71577558","71577872","10","10798804"
"chr4","82426284","82426566","chr4","71627400","71627705","34","10798884"
"chr4","82426606","82426621","chr2","224627334","224627346","3","142200728"
"chr4","82472925","82473231","chr4","71670371","71670677","8","10802554"
"chr4","82493604","82493908","chr1","110409622","110409925","36","27916018"
"chr4","82639203","82639498","chr4","71832636","71832931","3","10806567"
"chr4","82675024","82675317","chr4","71866809","71867111","17","10808215"
"chr4","82817804","82818065","chr10","54851609","54851869","49","27966195"
"chr4","83326432","83326738","chr4","72512194","72512500","15","10814238"
"chr4","83386500","83386793","chr4","72573634","72573926","9","10812866"
"chr4","83390396","83390703","chr4","72577530","72577808","34","10812866"
"chr4","83816830","83817119","chr4","72995291","72995580","5","10821539"
"chr4","83843728","83844031","chr4","73022236","73022539","5","10821492"
"chr4","83854100","83854381","chr4","73031925","73032234","31","10822175"
"chr4","83871614","83871921","chr4","73049478","73049778","12","10822136"
"chr4","83872929","83873173","chr4","73050789","73051034","4","10822140"
"chr4","83878658","83878962","chr4","73056840","73057144","7","10821818"
"chr4","83878964","83879259","chr4","73057146","73057437","8","10821818"
"chr4","83884391","83884686","chr9","112747802","112748090","62","28863411"
"chr4","83899872","83900000","chr4","73077968","73078096","1","10821904"
"chr4","83900293","83900464","chr4","73078389","73078560","5","10821904"
"chr4","83903769","83904076","chr20","3193371","3193668","54","80710398"
"chr4","83916797","83917097","chr4","73094889","73095189","6","10821908"
"chr4","83923330","83923632","chr4","73101387","73101681","10","10821943"
"chr4","84002362","84002631","chr2","136043460","136043732","61","52041098"
"chr4","84093453","84093745","chr4","73232730","73233022","5","10860723"
"chr4","84126378","84126659","chr4","73267537","73267822","7","10858841"
"chr4","84163905","84164201","chr4","73304378","73304674","7","10859527"
"chr4","84215555","84215860","chr1","43163335","43163638","36","41052220"
"chr4","84380540","84380838","chr4","73522603","73522901","8","10857937"
"chr4","84388425","84388580","chr11","113252644","113252799","24","28864219"
"chr4","84388610","84388737","chrX","39991036","39991161","13","44397574"
"chr4","84437944","84438198","chr4","73578657","73578910","8","10859287"
"chr4","84834302","84834638","chr4","73961129","73961456","14","10873173"
"chr4","84848079","84848358","chr10","74668457","74668745","62","10179622"
"chr4","85021902","85022184","chr3","11729540","11729796","71","73292362"
"chr4","85056870","85057155","chr4","74183384","74183653","22","10873486"
"chr4","85110758","85111015","chr4","74237367","74237627","5","10873391"
"chr4","85129587","85129783","chr4","74256216","74256412","2","10873371"
"chr4","85148060","85148195","chr4","74274016","74274151","2","10874044"
"chr4","85161494","85161783","chr4","74287466","74287752","8","10874028"
"chr4","85211516","85211811","chr4","74337358","74337651","12","10874158"
"chr4","85255072","85255382","chr4","74382023","74382333","7","10873049"
"chr4","85291583","85291823","chr11","126238080","126238319","42","40946497"
"chr4","85303502","85303802","chr1","193384319","193384617","52","108080817"
"chr4","85310723","85310994","chr4","74432078","74432349","6","10878645"
"chr4","85472528","85472828","chr1","193384319","193384617","52","107911791"
"chr4","85514879","85515150","chr4","74574037","74574308","6","10940842"
"chr4","85517109","85517371","chr4","74576261","74576532","15","10940848"
"chr4","85530064","85530346","chr4","74589206","74589488","14","10940858"
"chr4","85599311","85599600","chr4","74659430","74659719","5","10939881"
"chr4","85950312","85950583","chr4","74994527","74994798","1","10955785"
"chr4","86278772","86279080","chr4","75322183","75322491","8","10956589"
"chr4","86354351","86354653","chr4","75397122","75397431","11","10957229"
"chr4","86474623","86474922","chr4","75528769","75529064","9","10945854"
"chr4","86504543","86504856","chr16","48573310","48573620","42","37931233"
"chr4","86533776","86534078","chr4","75587172","75587474","5","10946604"
"chr4","86536708","86537009","chr4","75590433","75590734","5","10946275"
"chr4","86548769","86549072","chr10","72986165","72986461","37","13562604"
"chr4","86554651","86554962","chr4","75608712","75609023","13","10945939"
"chr4","86557114","86557411","chr16","3287970","3288266","35","83269144"
"chr4","86566881","86567174","chr4","75620939","75621235","15","10945942"
"chr4","86573193","86573496","chr4","75627264","75627570","8","10945929"
"chr4","86601822","86602130","chr4","75655984","75656290","9","10945838"
"chr4","86610532","86610798","chr4","75664609","75664868","15","10945923"
"chr4","86622343","86622595","chr4","75676337","75676595","11","10946006"
"chr4","86636494","86636756","chr10","44615638","44615908","55","42020856"
"chr4","86643622","86643940","chr4","75697652","75697961","14","10945970"
"chr4","86685390","86685709","chr4","75739533","75739842","14","10945857"
"chr4","86701729","86702035","chr4","75759312","75759617","6","10942417"
"chr4","86723094","86723390","chr4","75780641","75780945","12","10942453"
"chr4","86732642","86732924","chr4","75789294","75789574","6","10943348"
"chr4","86749230","86749531","chr4","75805990","75806284","14","10943240"
"chr4","86760557","86760869","chr4","75817343","75817656","6","10943214"
"chr4","86765178","86765293","chr4","75821975","75822084","6","10943203"
"chr4","86787664","86787971","chr4","75842704","75843011","5","10944960"
"chr4","86792686","86792965","chr4","75847720","75848000","11","10944966"
"chr4","86794938","86795250","chr4","75849966","75850281","5","10944972"
"chr4","86799950","86800032","chr2","129510090","129510173","13","42710140"
"chr4","86801839","86802141","chr4","75856884","75857189","11","10944955"
"chr4","86815523","86815825","chr4","75870933","75871219","26","10944590"
"chr4","86818460","86818761","chr4","75873825","75874126","11","10944635"
"chr4","86828763","86829057","chr4","75884147","75884438","11","10944616"
"chr4","86861237","86861528","chr4","75916779","75917078","21","10944458"
"chr4","86861912","86862213","chr4","75917462","75917765","9","10944450"
"chr4","86863505","86863794","chr4","75919053","75919341","11","10944452"
"chr4","86877309","86877602","chr4","75932853","75933149","10","10944456"
"chr4","86889034","86889343","chr4","75944465","75944765","9","10944569"
"chr4","86890950","86891197","chr4","75946424","75946671","2","10944526"
"chr4","86916457","86916756","chr4","75971940","75972237","8","10944517"
"chr4","86942572","86942842","chr4","75997617","75997887","8","10944955"
"chr4","86945696","86945985","chr4","76000940","76001237","12","10944756"
"chr4","86983712","86984006","chr1","174149943","174150233","39","87166231"
"chr4","87000313","87000610","chr4","76069387","76069689","8","10930926"
"chr4","87022594","87022894","chr4","76091680","76091980","5","10930914"
"chr4","87055836","87056127","chr4","76125009","76125300","5","10930827"
"chr4","87101180","87101429","chr4","76170576","76170819","38","10930604"
"chr4","87109642","87109950","chr10","126865608","126865910","47","39755966"
"chr4","87120037","87120338","chr4","76189500","76189771","34","10930537"
"chr4","87120577","87120879","chr4","76190010","76190309","8","10930567"
"chr4","87121072","87121371","chr4","76190502","76190785","29","10930570"
"chr4","87122322","87122626","chr14","32971078","32971384","43","54151244"
"chr4","87126669","87126935","chr4","76196090","76196360","8","10930579"
"chr4","87159467","87159778","chr4","76228197","76228508","17","10931270"
"chr4","87319064","87319201","chr4","76387405","76387542","1","10931659"
"chr4","87319513","87319704","chr4","76387841","76388042","11","10931672"
"chr4","87341855","87342157","chr4","76410190","76410484","19","10931665"
"chr4","87344153","87344441","chr4","76412479","76412766","7","10931674"
"chr4","87356437","87356722","chr4","76427260","76427545","3","10929177"
"chr4","87391403","87391697","chr4","76462107","76462381","24","10929296"
"chr4","87443456","87443762","chr4","56950654","56950961","37","30492802"
"chr4","87472966","87473221","chr9","70375306","70375568","53","17097660"
"chr4","87476174","87476458","chr4","76547648","76547932","5","10928526"
"chr4","87495788","87495902","chr4","76567254","76567368","0","10928534"
"chr4","87496109","87496168","chr13","24881739","24881798","5","62614370"
"chr4","87496456","87496477","chr1","6558419","6558437","7","80938037"
"chr4","87501589","87501900","chr4","76572799","76573108","6","10928790"
"chr4","87611145","87611424","chr4","76669339","76669620","9","10941806"
"chr4","87627522","87627814","chr4","76685697","76685989","6","10941825"
"chr4","87642618","87642933","chr4","76700769","76701084","7","10941849"
"chr4","87677509","87677806","chr4","76735558","76735868","18","10941951"
"chr4","87705948","87706260","chr4","76763105","76763415","6","10942843"
"chr4","87728715","87729007","chr4","76785764","76786059","25","10942951"
"chr4","87734858","87735167","chr4","76791917","76792224","7","10942941"
"chr4","87749076","87749377","chr4","76805481","76805780","6","10943595"
"chr4","87754492","87754802","chr4","76810893","76811193","18","10943599"
"chr4","87756946","87757222","chr4","76813354","76813631","5","10943592"
"chr4","87770898","87771105","chr4","76827215","76827420","7","10943683"
"chr4","87774572","87774882","chr4","76832642","76832952","4","10941930"
"chr4","87783613","87783913","chr4","76841636","76841936","8","10941977"
"chr4","87783937","87784245","chr4","43761441","43761741","48","44022496"
"chr4","87794360","87794659","chr4","76852645","76852944","3","10941715"
"chr4","87799395","87799707","chr4","76857698","76858010","5","10941697"
"chr4","87860813","87861080","chr4","76922709","76922976","3","10938104"
"chr4","87866869","87867179","chr4","76928772","76929082","6","10938097"
"chr4","87920347","87920644","chr4","76982213","76982509","5","10938134"
"chr4","87941646","87941929","chr4","77004682","77004966","9","10936964"
"chr4","87948294","87948577","chr4","77004682","77004966","9","10943612"
"chr4","87989453","87989749","chr4","77037080","77037374","6","10952373"
"chr4","87994402","87994713","chr4","77042039","77042349","7","10952363"
"chr4","88013040","88013338","chr4","77060626","77060924","2","10952414"
"chr4","88018171","88018465","chrX","3077357","3077650","45","84940814"
"chr4","88022357","88022654","chr4","77070018","77070316","8","10952339"
"chr4","88032349","88032647","chr1","145739580","145739877","38","57707231"
"chr4","88046183","88046433","chr11","44097508","44097761","55","43948675"
"chr4","88051099","88051398","chr4","77099253","77099552","3","10951846"
"chr4","88052952","88053259","chr4","77101106","77101413","13","10951846"
"chr4","88053267","88053544","chr4","77101421","77101698","4","10951846"
"chr4","88061956","88062267","chr4","77109185","77109486","16","10952771"
"chr4","88071365","88071663","chr4","77118621","77118921","8","10952744"
"chr4","88120331","88120621","chr4","77162377","77162682","25","10957954"
"chr4","88147435","88147737","chr4","77189776","77190079","6","10957659"
"chr4","88287296","88287569","chr4","77329372","77329645","2","10957924"
"chr4","88388776","88389058","chr19","40757981","40758261","47","47630795"
"chr4","88493977","88494282","chr16","11614288","11614597","51","76879689"
"chr4","88505311","88505670","chr4","77539063","77539426","15","10966248"
"chr4","88619542","88619838","chr4","77651396","77651692","3","10968146"
"chr4","88636052","88636359","chr4","77668192","77668504","8","10967860"
"chr4","88711306","88711604","chr4","77743587","77743901","31","10967719"
"chr4","88721089","88721371","chr4","77753389","77753697","36","10967700"
"chr4","88757430","88757712","chr4","77790997","77791279","5","10966433"
"chr4","88774643","88774955","chr4","77808180","77808492","7","10966463"
"chr4","88790363","88790664","chr4","77823863","77824164","1","10966500"
"chr4","88795913","88796182","chr4","77829434","77829703","9","10966479"
"chr4","88797664","88797966","chr12","122410459","122410758","34","33612795"
"chr4","88815964","88816259","chr5","80485942","80486237","42","8330022"
"chr4","88816413","88816698","chr4","77849899","77850179","13","10966514"
"chr4","88831371","88831679","chr4","77864891","77865189","19","10966480"
"chr4","88840621","88840756","chr4","77872450","77872585","4","10968171"
"chr4","88841055","88841212","chr4","77872884","77873041","3","10968171"
"chr4","88843545","88843835","chr1","24037042","24037342","45","64806503"
"chr4","88844138","88844437","chr4","77875972","77876272","9","10968166"
"chr4","88866025","88866255","chr9","69665793","69666019","45","19200232"
"chr4","88871346","88871640","chr4","77898497","77898792","4","10972849"
"chr4","88877117","88877416","chr4","77904274","77904573","8","10972843"
"chr4","88897168","88897528","chr4","77923654","77924014","5","10973514"
"chr4","88940547","88940838","chrX","97285603","97285896","35","8345056"
"chr4","88972293","88972573","chr4","78000581","78000861","4","10971712"
"chr4","89017437","89017713","chr4","78043981","78044249","17","10973456"
"chr4","89028621","89028931","chr4","78060838","78061146","10","10967783"
"chr4","89068231","89068540","chr4","78098272","78098573","19","10969959"
"chr4","89127765","89128068","chr4","78159599","78159902","3","10968166"
"chr4","89150768","89151072","chr4","78182596","78182907","11","10968172"
"chr4","89171251","89171547","chr4","78202409","78202705","4","10968842"
"chr4","89190409","89190682","chr12","107754398","107754672","48","18563989"
"chr4","89211867","89212155","chr4","78242446","78242734","6","10969421"
"chr4","89256324","89256617","chr12","122410459","122410758","39","33154135"
"chr4","89261337","89261659","chr4","78290434","78290749","18","10970903"
"chr4","89266659","89266972","chr19","10326756","10327069","43","78939903"
"chr4","89301630","89301930","chr1","70073919","70074219","2","19227711"
"chr4","89363249","89363533","chr4","78381319","78381589","19","10981930"
"chr4","89417365","89417658","chr15","66010197","66010491","38","23407168"
"chr4","89571180","89571478","chr4","78593202","78593501","12","10977978"
"chr4","89576495","89576797","chr4","78598537","78598839","4","10977958"
"chr4","89598127","89598428","chr4","78620183","78620482","7","10977944"
"chr4","89603400","89603672","chr8","117827533","117827814","53","28224133"
"chr4","89659469","89659772","chr4","78679225","78679528","4","10980244"
"chr4","89667039","89667318","chr4","78686800","78687079","6","10980239"
"chr4","89670630","89670900","chr4","78690394","78690654","21","10980236"
"chr4","89690146","89690163","chr8","97436082","97436097","3","7745936"
"chr4","89690196","89690483","chr4","78710051","78710340","5","10980145"
"chr4","89705394","89705684","chr4","78725374","78725672","13","10980020"
"chr4","89763490","89763768","chr4","78783528","78783806","5","10979962"
"chr4","89807946","89808253","chrX","53501909","53502208","43","36306037"
"chr4","89811623","89811897","chr3","185895558","185895832","42","96083935"
"chr4","89976693","89976989","chr4","78995054","78995351","4","10981639"
"chr4","89983075","89983360","chr4","79001433","79001718","6","10981642"
"chr4","90202467","90202755","chr4","79220104","79220391","10","10982363"
"chr4","90395082","90395369","chr4","79419577","79419864","2","10975505"
"chr4","90513663","90513897","chr4","79538974","79539210","10","10974689"
"chr4","90610757","90611062","chr4","79637839","79638145","7","10972918"
"chr4","90675929","90676220","chr4","79719659","79719950","4","10956270"
"chr4","90681406","90681660","chr4","79725132","79725386","2","10956274"
"chr4","90760828","90761145","chr20","22164612","22164936","71","68596216"
"chr4","90994571","90994827","chr4","80036519","80036802","34","10958052"
"chr4","91026590","91026885","chr4","80068487","80068783","7","10958103"
"chr4","91125797","91126057","chr2","191619749","191620021","65","100493952"
"chr4","91129515","91129810","chr8","37819670","37819970","44","53309845"
"chr4","91206621","91206906","chr4","80246757","80247034","13","10959864"
"chr4","91268827","91269133","chr4","80309104","80309414","11","10959723"
"chr4","91297488","91297793","chr4","80337399","80337697","11","10960089"
"chr4","91312033","91312333","chr4","80352286","80352586","5","10959747"
"chr4","91412046","91412329","chr4","80453559","80453841","7","10958487"
"chr4","91427712","91428012","chr4","80468553","80468854","3","10959159"
"chr4","91478906","91479191","chr4","80519221","80519506","4","10959685"
"chr4","91558235","91558533","chr12","118262545","118262843","44","26704310"
"chr4","91590148","91590444","chr4","80629598","80629901","10","10960550"
"chr4","91616509","91616813","chr4","80654612","80654914","6","10961897"
"chr4","91631757","91632027","chr19","40197344","40197625","48","51434413"
"chr4","91830287","91830573","chr4","80862089","80862375","2","10968198"
"chr4","92010801","92011103","chr4","81043591","81043888","11","10967210"
"chr4","92046644","92046810","chr4","81079236","81079403","6","10967408"
"chr4","92198146","92198446","chr4","81224578","81224872","17","10973568"
"chr4","92318958","92319254","chr4","81320834","81321132","6","10998124"
"chr4","92380175","92380468","chr6","36648426","36648731","44","55731749"
"chr4","92424208","92424521","chr4","81422938","81423246","13","11001270"
"chr4","92478861","92479157","chr4","81475488","81475784","6","11003373"
"chr4","92519078","92519282","chr4","81515507","81515711","4","11003571"
"chr4","92546330","92546448","chr1","102375314","102375433","19","9828984"
"chr4","92573384","92573671","chr4","81567810","81568098","3","11005574"
"chr4","92574680","92574961","chr4","81569110","81569391","3","11005570"
"chr4","92606997","92607283","chr4","81603278","81603564","3","11003719"
"chr4","92630680","92630915","chr4","81627052","81627291","6","11003628"
"chr4","92633501","92633799","chr4","81629900","81630195","7","11003601"
"chr4","92643835","92644146","chr4","81638474","81638784","13","11005361"
"chr4","92655583","92655868","chr4","81657360","81657645","3","10998223"
"chr4","92656146","92656460","chr4","81657924","81658239","4","10998222"
"chr4","92808174","92808470","chr4","81810114","81810403","17","10998060"
"chr4","92836407","92836662","chr4","81838342","81838597","6","10998065"
"chr4","92868054","92868137","chr5","31306489","31306571","13","61561565"
"chr4","92872709","92873020","chr4","81871921","81872231","10","11000788"
"chr4","92878619","92878925","chr14","93038522","93038826","31","159903"
"chr4","93015189","93015485","chr4","82003073","82003368","6","11012116"
"chr4","93028931","93029195","chr4","82018906","82019170","7","11010025"
"chr4","93068701","93068998","chr4","82062395","82062692","6","11006306"
"chr4","93096384","93096692","chr4","82093347","82093661","14","11003037"
"chr4","93098383","93098512","chr2","173200799","173200931","13","80102416"
"chr4","93098543","93098688","chr20","2662978","2663117","38","90435565"
"chr4","93120919","93121214","chr4","82117715","82118010","7","11003204"
"chr4","93200047","93200342","chr4","82195681","82195979","6","11004366"
"chr4","93249178","93249461","chr4","82244484","82244767","8","11004694"
"chr4","93255426","93255561","chr4","82250729","82250864","2","11004697"
"chr4","93255853","93256022","chr4","82251156","82251327","5","11004697"
"chr4","93262542","93262848","chr4","82257778","82258083","5","11004764"
"chr4","93267437","93267724","chr4","82262972","82263259","6","11004465"
"chr4","93276960","93277268","chr4","82270023","82270332","9","11006937"
"chr4","93288829","93289134","chr4","82281868","82282165","8","11006961"
"chr4","93290675","93290946","chr4","82283704","82283975","5","11006971"
"chr4","93301798","93302090","chr4","82294813","82295105","2","11006985"
"chr4","93310832","93311152","chr4","82303848","82304166","20","11006984"
"chr4","93340343","93340653","chr4","82330324","82330632","7","11010019"
"chr4","93343178","93343475","chr5","80485942","80486237","57","12857236"
"chr4","93387302","93387597","chr4","82377347","82377640","5","11009955"
"chr4","93405542","93405677","chr12","93395150","93395285","16","10392"
"chr4","93405975","93406140","chr19","46681840","46682007","25","46724135"
"chr4","93407170","93407475","chr5","55578476","55578777","61","37828694"
"chr4","93407697","93407999","chr4","82400003","82400305","8","11007694"
"chr4","93419208","93419383","chr4","82411184","82411354","9","11008024"
"chr4","93419693","93419828","chr4","82411665","82411800","0","11008028"
"chr4","93420194","93420460","chrX","155105205","155105472","38","61685011"
"chr4","93426698","93426993","chr4","82418685","82418987","11","11008013"
"chr4","93440333","93440620","chr4","82432347","82432634","8","11007986"
"chr4","93442280","93442415","chr4","82434303","82434437","3","11007977"
"chr4","93442721","93442903","chr4","82434739","82434919","10","11007982"
"chr4","93450848","93451124","chr4","82442826","82443102","2","11008022"
"chr4","93451880","93452187","chr4","82443858","82444174","17","11008022"
"chr4","93465640","93465951","chr4","82458225","82458536","4","11007415"
"chr4","93488281","93488575","chr7","27303356","27303650","46","66184925"
"chr4","93520058","93520353","chr4","82519438","82519726","8","11000620"
"chr4","93547977","93548282","chr4","82547308","82547611","5","11000669"
"chr4","93559928","93560251","chr2","238002610","238002930","50","144442682"
"chr4","93563532","93563853","chr17","5098205","5098516","43","88465327"
"chr4","93568384","93568661","chr4","82567681","82567967","11","11000703"
"chr4","93568986","93569289","chr4","82568298","82568598","7","11000688"
"chr4","93572626","93572905","chr4","82571935","82572217","9","11000691"
"chr4","93575790","93576091","chr4","82575130","82575438","12","11000660"
"chr4","93582109","93582418","chr4","82581451","82581760","6","11000658"
"chr4","93617785","93618093","chr4","82610376","82610684","10","11007409"
"chr4","93621797","93622093","chr4","82614381","82614682","13","11007416"
"chr4","93631254","93631552","chr4","82623822","82624127","11","11007432"
"chr4","93643676","93643945","chr21","26164608","26164871","44","67479068"
"chr4","93652550","93652857","chr4","82645031","82645337","11","11007519"
"chr4","93654350","93654648","chr4","82646837","82647124","13","11007513"
"chr4","93686878","93687161","chr4","82678920","82679227","27","11007958"
"chr4","93699056","93699365","chr4","98919550","98919858","32","5220494"
"chr4","93708060","93708342","chr4","82699961","82700242","6","11008099"
"chr4","93723396","93723692","chr4","82714955","82715251","2","11008441"
"chr4","93724983","93725295","chr4","82716534","82716841","21","11008449"
"chr4","93726089","93726396","chr4","82717634","82717941","9","11008455"
"chr4","93734027","93734324","chr4","82725578","82725888","17","11008449"
"chr4","93736183","93736489","chr4","82727702","82728004","11","11008481"
"chr4","93740657","93740943","chr4","82732103","82732389","5","11008554"
"chr4","93752411","93752688","chr2","9380213","9380497","53","84372198"
"chr4","93764983","93765171","chr4","82756444","82756632","4","11008539"
"chr4","93782367","93782657","chr4","82773817","82774104","6","11008550"
"chr4","93839002","93839307","chr4","82830182","82830487","7","11008820"
"chr4","93843982","93844302","chr4","82834842","82835146","20","11009140"
"chr4","93850496","93850758","chr17","1261090","1261351","35","92589406"
"chr4","93852749","93853041","chr6","135099930","135100224","35","41247181"
"chr4","93869018","93869216","chr4","82857996","82858194","3","11011022"
"chr4","93897293","93897565","chr4","82888094","82888373","13","11009199"
"chr4","93912627","93912933","chr4","82903222","82903521","11","11009405"
"chr4","93953278","93953579","chr4","82943862","82944170","14","11009416"
"chr4","93958827","93959110","chr4","82949416","82949696","7","11009411"
"chr4","93959253","93959562","chr4","82949835","82950137","30","11009418"
"chr4","93965001","93965280","chr4","82955090","82955369","5","11009911"
"chr4","93973967","93974268","chr4","82964057","82964346","18","11009910"
"chr4","93974669","93974932","chr8","21663899","21664173","56","72310770"
"chr4","93985001","93985274","chr4","82975076","82975348","4","11009925"
"chr4","93989591","93989892","chr4","82979657","82979966","11","11009934"
"chr4","94003668","94003949","chr4","82993608","82993915","30","11010060"
"chr4","94009626","94009918","chr4","82999506","82999805","10","11010120"
"chr4","94013070","94013368","chr4","83003016","83003314","4","11010054"
"chr4","94015420","94015716","chr5","136689191","136689490","47","42673771"
"chr4","94033505","94033830","chr4","83020774","83021078","27","11012731"
"chr4","94091812","94092054","chr4","83086314","83086555","2","11005498"
"chr4","94108461","94108767","chr4","83102250","83102557","3","11006211"
"chr4","94112700","94113001","chr4","83106336","83106638","7","11006364"
"chr4","94114649","94114938","chr4","83108311","83108600","2","11006338"
"chr4","94126109","94126424","chr4","83119779","83120094","7","11006330"
"chr4","94128433","94128721","chr4","83122103","83122391","3","11006330"
"chr4","94132153","94132450","chr4","83125835","83126127","10","11006318"
"chr4","94133889","94134213","chr17","81658559","81658862","47","12475330"
"chr4","94136020","94136317","chr14","91391497","91391796","35","2744523"
"chr4","94139577","94139878","chr4","83131385","83131688","7","11008192"
"chr4","94148966","94149101","chr4","83140765","83140900","0","11008201"
"chr4","94149392","94149553","chr4","83141192","83141350","5","11008200"
"chr4","94196404","94196713","chr4","83187319","83187628","7","11009085"
"chr4","94209744","94209997","chr4","83200742","83200995","4","11009002"
"chr4","94229304","94229614","chr4","83220239","83220549","2","11009065"
"chr4","94230133","94230400","chr4","83221068","83221335","5","11009065"
"chr4","94240466","94240586","chr4","83231409","83231542","15","11009057"
"chr4","94272988","94273161","chr4","83259160","83259333","2","11013828"
"chr4","94274066","94274297","chr4","83260230","83260461","2","11013836"
"chr4","94279378","94279684","chr4","83265658","83265964","2","11013720"
"chr4","94288070","94288315","chr1","31156666","31156907","39","63131404"
"chr4","94306985","94307293","chr4","83294774","83295082","2","11012211"
"chr4","94311293","94311604","chr4","83299082","83299392","7","11012211"
"chr4","94320069","94320333","chr4","83308126","83308391","8","11011943"
"chr4","94327968","94328279","chr4","83316016","83316326","14","11011952"
"chr4","94331736","94332004","chr4","83319779","83320050","6","11011957"
"chr4","94332237","94332547","chr8","125682879","125683190","49","31350642"
"chr4","94338167","94338281","chr4","83326236","83326359","11","11011931"
"chr4","94360136","94360431","chr4","77060626","77060924","41","17299510"
"chr4","94361794","94362089","chr4","77060626","77060924","44","17301168"
"chr4","94363072","94363376","chr4","83349566","83349877","19","11013506"
"chr4","94363415","94363645","chr4","83349916","83350146","2","11013499"
"chr4","94365364","94365589","chr4","83349916","83350146","8","11015448"
"chr4","94377667","94377957","chr4","83361255","83361541","27","11016412"
"chr4","94380275","94380586","chr4","83363852","83364160","12","11016423"
"chr4","94412781","94413085","chr11","64666205","64666501","37","29746576"
"chr4","94433857","94434154","chr4","83417191","83417501","18","11016666"
"chr4","94437167","94437453","chr4","83420503","83420788","6","11016664"
"chr4","94443208","94443517","chr4","83426555","83426865","11","11016653"
"chr4","94445805","94446109","chr4","83429144","83429447","9","11016661"
"chr4","94456047","94456345","chr4","83439365","83439660","10","11016682"
"chr4","94464629","94464922","chr4","83447928","83448221","6","11016701"
"chr4","94465091","94465387","chr4","83448390","83448684","14","11016701"
"chr4","94495056","94495354","chr4","83480087","83480386","3","11014969"
"chr4","94495829","94496134","chr4","83480849","83481158","15","11014980"
"chr4","94509854","94510145","chr4","83495170","83495461","7","11014684"
"chr4","94531844","94532128","chr4","83514815","83515115","28","11017029"
"chr4","94533709","94534014","chr20","35916462","35916767","36","58617247"
"chr4","94538258","94538575","chr4","83521239","83521555","11","11017019"
"chr4","94546151","94546459","chr4","83529189","83529494","17","11016962"
"chr4","94556859","94557171","chr4","83539876","83540181","15","11016983"
"chr4","94557666","94557978","chr4","83540677","83540988","6","11016989"
"chr4","94560623","94560925","chr4","83543636","83543936","8","11016987"
"chr4","94562963","94563256","chr4","83545991","83546284","3","11016972"
"chr4","94566493","94566660","chr2","189745030","189745200","24","95178537"
"chr4","94566687","94566971","chr4","83549739","83550022","4","11016948"
"chr4","94566972","94567111","chr4","83550023","83550162","0","11016949"
"chr4","94593191","94593510","chr1","246827961","246828270","45","152234770"
"chr4","94594551","94594864","chr4","83577789","83578100","4","11016762"
"chr4","94600819","94601123","chr1","148154760","148155067","51","53553941"
"chr4","94601634","94601923","chr4","83584511","83584800","4","11017123"
"chr4","94602737","94603005","chr4","83585612","83585878","6","11017125"
"chr4","94606951","94607233","chr4","83589810","83590097","13","11017141"
"chr4","94663028","94663317","chr4","83635911","83636199","3","11027117"
"chr4","94671207","94671516","chr4","83644131","83644441","12","11027076"
"chr4","94675766","94676048","chr4","83648690","83648972","1","11027076"
"chr4","94695117","94695417","chr4","83669040","83669335","10","11026077"
"chr4","94704390","94704686","chr4","83678303","83678601","9","11026087"
"chr4","94746884","94747170","chr4","83720396","83720688","16","11026488"
"chr4","94754289","94754597","chr2","148333560","148333870","56","53579271"
"chr4","94814454","94814738","chr4","83789653","83789927","15","11024801"
"chr4","94887797","94887863","chr4","83862340","83862406","0","11025457"
"chr4","94898346","94898625","chr4","83872886","83873157","10","11025460"
"chr4","94959813","94960115","chr4","83934033","83934311","28","11025780"
"chr4","94966759","94966889","chr4","83941033","83941163","1","11025726"
"chr4","95075638","95075902","chr4","84052899","84053175","18","11022739"
"chr4","95079727","95080017","chr8","28391577","28391870","58","66688150"
"chr4","95118887","95119178","chr4","84098475","84098766","5","11020412"
"chr4","95194895","95195195","chr4","84174203","84174505","8","11020692"
"chr4","95313829","95313928","chr13","77511523","77511624","9","17802306"
"chr4","95318791","95319085","chr4","84292767","84293068","9","11026024"
"chr4","95566572","95566858","chr4","84536388","84536673","3","11030184"
"chr4","95579576","95579892","chr4","84549429","84549744","4","11030147"
"chr4","95594742","95595033","chr4","84564588","84564878","10","11030154"
"chr4","95622225","95622544","chr4","84592155","84592472","5","11030070"
"chr4","95623570","95623868","chr4","84593498","84593802","12","11030072"
"chr4","95642762","95643073","chr4","84612709","84613010","19","11030053"
"chr4","95643387","95643688","chr4","84613327","84613628","6","11030060"
"chr4","95654930","95655238","chr4","84624869","84625160","20","11030061"
"chr4","95686079","95686203","chr8","130385184","130385307","11","34699105"
"chr4","95729686","95729972","chr4","84682704","84682999","13","11046982"
"chr4","95762791","95763140","chr4","84712043","84712391","8","11050748"
"chr4","95789217","95789519","chr4","84738315","84738617","7","11050902"
"chr4","95792207","95792513","chr4","84741317","84741614","11","11050890"
"chr4","95846205","95846506","chr4","84795482","84795784","7","11050723"
"chr4","95938648","95938961","chr18","59103964","59104267","54","36834684"
"chr4","95952290","95952417","chr4","84894377","84894504","1","11057913"
"chr4","95952714","95952883","chr4","84894801","84894966","5","11057913"
"chr4","95961256","95961528","chr4","84903347","84903619","8","11057909"
"chr4","95962765","95962832","chr4","84904870","84904937","0","11057895"
"chr4","95962966","95963255","chr4","84905071","84905360","10","11057895"
"chr4","96002320","96002615","chr6","34699385","34699673","62","61302935"
"chr4","96010910","96011208","chr1","52201375","52201678","50","43809535"
"chr4","96027053","96027350","chr10","130186143","130186444","49","34159090"
"chr4","96037417","96037731","chr4","84963142","84963458","9","11074275"
"chr4","96078800","96079098","chr4","85004427","85004736","14","11074373"
"chr4","96093519","96093806","chr6","154115263","154115551","53","58021744"
"chr4","96102042","96102323","chr4","85027698","85027979","9","11074344"
"chr4","96102795","96103085","chr4","85028441","85028731","4","11074354"
"chr4","96104086","96104380","chr4","85029737","85030038","15","11074349"
"chr4","96498350","96498643","chr4","85424604","85424899","7","11073746"
"chr4","96523640","96523946","chr4","85449851","85450151","10","11073789"
"chr4","96558238","96558520","chr4","85484615","85484904","25","11073623"
"chr4","96559314","96559611","chr4","85485739","85486032","8","11073575"
"chr4","96730309","96730577","chr4","85655501","85655768","10","11074808"
"chr4","96845051","96845347","chr4","85771701","85772006","16","11073350"
"chr4","96855092","96855407","chr4","85781752","85782066","8","11073340"
"chr4","96911003","96911300","chr4","85835681","85835972","8","11075322"
"chr4","96967395","96967678","chr4","85894679","85894988","32","11072716"
"chr4","96967710","96967740","chr15","78806129","78806154","5","18161581"
"chr4","96990799","96991079","chr1","37348823","37349101","35","59641976"
"chr4","97073413","97073725","chr4","85997644","85997955","7","11075769"
"chr4","97129055","97129147","chr2","95116751","95116850","16","2012304"
"chr4","97133135","97133418","chr5","141262274","141262570","48","44129139"
"chr4","97387775","97388081","chr4","86299881","86300192","9","11087894"
"chr4","97452490","97452751","chr4","86364699","86364957","9","11087791"
"chr4","97452968","97453245","chr9","83442255","83442534","35","14010713"
"chr4","97548970","97549013","chr5","28063216","28063260","6","69485754"
"chr4","97554655","97554698","chr5","28063216","28063260","6","69491439"
"chr4","97561771","97562063","chr4","86468576","86468882","17","11093195"
"chr4","97616851","97617159","chr1","27019407","27019712","51","70597444"
"chr4","97642343","97642640","chr4","86550417","86550731","25","11091926"
"chr4","97643537","97643838","chr4","86551579","86551904","31","11091958"
"chr4","97672731","97673025","chr4","86580217","86580510","6","11092514"
"chr4","97690594","97690891","chr4","86598152","86598444","11","11092442"
"chr4","97737204","97737511","chr4","39065356","39065653","44","58671848"
"chr4","97752611","97752937","chr4","86659534","86659860","8","11093077"
"chr4","97766685","97766984","chr4","86673712","86674006","9","11092973"
"chr4","97785938","97786231","chr4","86692798","86693093","3","11093140"
"chr4","97810318","97810603","chr4","86717190","86717476","10","11093128"
"chr4","97879960","97880254","chr4","86786821","86787115","4","11093139"
"chr4","97890212","97890345","chr4","86797077","86797210","3","11093135"
"chr4","97890347","97890649","chr4","86797212","86797514","6","11093135"
"chr4","97898674","97898985","chr4","86820227","86820539","15","11078447"
"chr4","97906729","97907041","chr4","86805874","86806185","13","11100855"
"chr4","97910275","97910568","chr4","86809416","86809708","3","11100859"
"chr4","97920783","97921095","chr4","86820227","86820539","16","11100556"
"chr4","97943706","97944014","chr4","86842878","86843170","18","11100828"
"chr4","97958668","97958962","chr4","86857859","86858155","14","11100809"
"chr4","97959784","97960080","chr5","172956656","172956952","37","74996872"
"chr4","97962312","97962435","chr4","86861506","86861629","4","11100806"
"chr4","97972447","97972583","chr4","86871487","86871623","3","11100960"
"chr4","97975680","97975985","chr4","86874730","86875034","8","11100950"
"chr4","97981599","97981873","chr4","87434067","87434343","49","10547532"
"chr4","97985138","97985365","chr4","86883747","86883996","27","11101391"
"chr4","98004246","98004559","chr4","86900986","86901281","25","11103260"
"chr4","98008353","98008648","chr4","86905091","86905403","45","11103262"
"chr4","98010028","98010330","chr4","86906758","86907070","12","11103270"
"chr4","98013390","98013663","chr5","138476052","138476327","51","40462662"
"chr4","98023034","98023293","chr12","93568458","93568715","34","4454576"
"chr4","98027871","98028162","chr4","86924207","86924498","4","11103664"
"chr4","98044498","98044794","chr3","129824054","129824343","41","31779556"
"chr4","98045069","98045344","chr4","86941376","86941651","8","11103693"
"chr4","98066793","98067105","chr3","94254631","94254942","40","3812162"
"chr4","98071905","98072213","chr4","86962883","86963190","4","11109022"
"chr4","98088870","98089155","chr8","28921053","28921337","36","69167817"
"chr4","98092067","98092204","chr4","86983108","86983245","0","11108959"
"chr4","98092509","98092691","chr4","86983558","86983738","5","11108951"
"chr4","98096631","98096917","chr4","86987673","86987963","7","11108958"
"chr4","98109703","98109982","chr4","87002426","87002707","6","11107277"
"chr4","98112302","98112563","chr4","87005017","87005278","4","11107285"
"chr4","98148234","98148548","chr4","87040872","87041176","20","11107362"
"chr4","98180102","98180416","chr1","37748911","37749222","43","60431191"
"chr4","98191853","98192149","chr20","47271697","47271982","50","50920156"
"chr4","98193331","98193619","chr4","87085752","87086037","10","11107579"
"chr4","98213699","98213986","chr4","87106101","87106388","9","11107598"
"chr4","98218620","98218930","chr4","87111343","87111653","8","11107277"
"chr4","98230222","98230510","chr4","87122907","87123193","9","11107315"
"chr4","98234515","98234795","chr4","87127180","87127462","7","11107335"
"chr4","98234821","98234899","chrX","153105667","153105745","9","54870846"
"chr4","98240103","98240419","chr4","87132679","87132995","4","11107424"
"chr4","98265912","98266220","chr4","87158490","87158773","29","11107422"
"chr4","98276269","98276566","chr4","87169023","87169321","7","11107246"
"chr4","98288402","98288679","chr2","58119216","58119494","55","40169186"
"chr4","98293319","98293620","chr4","87186046","87186347","5","11107273"
"chr4","98322064","98322371","chr4","87214791","87215098","7","11107273"
"chr4","98326030","98326330","chr4","87218736","87219036","4","11107294"
"chr4","98333568","98333713","chr10","103896694","103896835","16","5563126"
"chr4","98337050","98337368","chr4","87229413","87229731","12","11107637"
"chr4","98339215","98339511","chr4","87231600","87231895","4","11107615"
"chr4","98340920","98341202","chr4","87233307","87233589","6","11107613"
"chr4","98346996","98347296","chr4","87218736","87219036","10","11128260"
"chr4","98350321","98350573","chr1","52562233","52562476","53","45788088"
"chr4","98360575","98360861","chr17","68638287","68638573","43","29722288"
"chr4","98364760","98365071","chr4","87252449","87252753","30","11112311"
"chr4","98374658","98374942","chr4","87262332","87262617","5","11112326"
"chr4","98385139","98385311","chr4","87272842","87273014","2","11112297"
"chr4","98388165","98388458","chr4","87275866","87276161","10","11112299"
"chr4","98413741","98414047","chr4","87299347","87299654","8","11114394"
"chr4","98421901","98422201","chr4","87307500","87307800","2","11114401"
"chr4","98424250","98424570","chr4","87309878","87310197","9","11114372"
"chr4","98467976","98468277","chr4","87341165","87341463","7","11126811"
"chr4","98473171","98473456","chr19","15030896","15031180","38","83442275"
"chr4","98483177","98483486","chr4","87362243","87362552","9","11120934"
"chr4","98495459","98495757","chr4","87374900","87375195","6","11120559"
"chr4","98496784","98497094","chr4","87376224","87376535","5","11120560"
"chr4","98501580","98501801","chr3","134383983","134384198","35","35882403"
"chr4","98517685","98517985","chr9","127475734","127476036","47","28958049"
"chr4","98530808","98531116","chr4","87411802","87412098","17","11119006"
"chr4","98534271","98534561","chr4","87415232","87415522","5","11119039"
"chr4","98553123","98553399","chr4","87434067","87434343","3","11119056"
"chr4","98556015","98556327","chr4","87436967","87437279","5","11119048"
"chr4","98571066","98571367","chr12","64307369","64307668","33","34263697"
"chr4","98581783","98582080","chr4","87462718","87463013","12","11119065"
"chr4","98585192","98585472","chr18","63458210","63458488","53","35126982"
"chr4","98632981","98633276","chr4","87513912","87514202","13","11119069"
"chr4","98638150","98638447","chr4","87519075","87519371","7","11119075"
"chr4","98642067","98642374","chr5","11102971","11103281","33","87539096"
"chr4","98655571","98655893","chr4","87536435","87536745","17","11119136"
"chr4","98656743","98657046","chr4","87537597","87537901","9","11119146"
"chr4","98672796","98673120","chr4","87553591","87553889","33","11119205"
"chr4","98673249","98673367","chr13","47596531","47596657","22","51076718"
"chr4","98673695","98674004","chr4","87554466","87554770","14","11119229"
"chr4","98674602","98674892","chr17","9524814","9525108","46","89149788"
"chr4","98707198","98707497","chr4","87578623","87578922","12","11128575"
"chr4","98713410","98713707","chr4","87584803","87585100","5","11128607"
"chr4","98739526","98739831","chr4","139688825","139689128","40","40949299"
"chr4","98845881","98846193","chr4","87704781","87705094","8","11141100"
"chr4","98920245","98920538","chr7","101513023","101513307","47","2592778"
"chr4","98941774","98942083","chr4","87806731","87807034","19","11135043"
"chr4","98947895","98948184","chr4","87812838","87813127","1","11135057"
"chr4","98989452","98989755","chr4","87854990","87855295","8","11134462"
"chr4","99003966","99004268","chr4","87869097","87869394","7","11134869"
"chr4","99040481","99040752","chr4","87905525","87905815","24","11134956"
"chr4","99183050","99183358","chr4","88039383","88039683","11","11143667"
"chr4","99209978","99210273","chr4","88066355","88066647","12","11143623"
"chr4","99216357","99216652","chr9","38190007","38190307","44","61026350"
"chr4","99258040","99258337","chr4","88114345","88114644","16","11143695"
"chr4","99285981","99286270","chr4","88142665","88142954","9","11143316"
"chr4","99288973","99289268","chr4","88145658","88145948","13","11143315"
"chr4","99306783","99307094","chr4","88164768","88165078","6","11142015"
"chr4","99331202","99331494","chr16","50928889","50929188","45","48402313"
"chr4","99361107","99361404","chr4","88217379","88217676","5","11143728"
"chr4","99364704","99365012","chr4","88220987","88221293","8","11143717"
"chr4","99392877","99393185","chr4","88249156","88249465","13","11143721"
"chr4","99398225","99398525","chr4","88254454","88254755","9","11143771"
"chr4","99432220","99432516","chr1","21940800","21941098","37","77491420"
"chr4","99436211","99436526","chr4","88293167","88293458","32","11143044"
"chr4","99446832","99447130","chr4","88303772","88304073","9","11143060"
"chr4","99471691","99471985","chr4","88335557","88335853","14","11136134"
"chr4","99476125","99476426","chr4","88339971","88340268","14","11136154"
"chr4","99501342","99501632","chr4","88362684","88362979","10","11138658"
"chr4","99505999","99506313","chr4","88367352","88367666","4","11138647"
"chr4","99508184","99508484","chr4","88369536","88369835","2","11138648"
"chr4","99514819","99515110","chr4","88376203","88376493","9","11138616"
"chr4","99516776","99517068","chr4","88378160","88378477","33","11138616"
"chr4","99524015","99524326","chr4","88386195","88386505","9","11137820"
"chr4","99525972","99526089","chr4","88388151","88388268","2","11137821"
"chr4","99532424","99532610","chr6","107144991","107145177","22","7612567"
"chr4","99537255","99537550","chr4","88399489","88399786","8","11137766"
"chr4","99544499","99544810","chr4","88406747","88407058","2","11137752"
"chr4","99544813","99545130","chr4","88407070","88407379","14","11137743"
"chr4","99559118","99559425","chr4","88421436","88421745","6","11137682"
"chr4","99570120","99570220","chrX","40994483","40994580","14","58575637"
"chr4","99570964","99571280","chr10","119718125","119718435","37","20147161"
"chr4","99576387","99576453","chr4","84904870","84904937","9","14671517"
"chr4","99590043","99590166","chr4","88451118","88451241","0","11138925"
"chr4","99616343","99616412","chr17","30861935","30862004","12","68754408"
"chr4","99622060","99622238","chr4","88482752","88482930","1","11139308"
"chr4","99623876","99624185","chrX","129107789","129108083","61","29483913"
"chr4","99628572","99628878","chr1","10568731","10569039","51","89059841"
"chr4","99658335","99658639","chr4","88518160","88518461","10","11140175"
"chr4","99701766","99702062","chr4","88559954","88560259","13","11141812"
"chr4","99745051","99745342","chr4","88589987","88590278","12","11155064"
"chr4","99745942","99746259","chr4","88590878","88591192","8","11155064"
"chr4","99756980","99757283","chr4","88602119","88602426","11","11154861"
"chr4","99799710","99799993","chr4","88628893","88629176","3","11170817"
"chr4","99801990","99802286","chr4","88631176","88631472","3","11170814"
"chr4","99813824","99814142","chr4","88641837","88642152","12","11171987"
"chr4","99832239","99832546","chr18","13637584","13637888","38","86194655"
"chr4","99843580","99843868","chrX","129948988","129949278","41","30105408"
"chr4","99972847","99972972","chrX","39991036","39991161","11","59981811"
"chr4","99989880","99990175","chr4","88817282","88817576","6","11172598"
"chr4","99990597","99990910","chr4","88817988","88818302","7","11172609"
"chr4","99997948","99998190","chr17","61707850","61708088","36","38290098"
"chr4","99998220","99998360","chr17","32197728","32197872","17","67800492"
"chr4","100023961","100024253","chr4","88850273","88850567","8","11173688"
"chr4","100025855","100026152","chr4","88852161","88852459","5","11173694"
"chr4","100031033","100031341","chr4","88857346","88857649","10","11173687"
"chr4","100061138","100061449","chr4","88887523","88887832","11","11173615"
"chr4","100126835","100127142","chr4","88952666","88952966","9","11174169"
"chr4","100146462","100146754","chr4","88972300","88972600","16","11174162"
"chr4","100177608","100177927","chr4","89003329","89003624","30","11174279"
"chr4","100315941","100316244","chr4","89127033","89127336","11","11188908"
"chr4","100340926","100341214","chr12","95611018","95611307","11","4729908"
"chr4","100383495","100383778","chr20","35230006","35230289","38","65153489"
"chr4","100524761","100525058","chr4","89332939","89333232","8","11191822"
"chr4","100554427","100554729","chr1","70892569","70892867","39","29661858"
"chr4","100694455","100694737","chr4","89524329","89524600","17","11170126"
"chr4","100719682","100719971","chr4","89549532","89549821","7","11170150"
"chr4","100825263","100825558","chr4","89654914","89655206","9","11170349"
"chr4","100915437","100915732","chr4","89745384","89745679","5","11170053"
"chr4","100920064","100920378","chr4","89750067","89750379","22","11169997"
"chr4","101047317","101047582","chr4","89873318","89873576","12","11173999"
"chr4","101117689","101117985","chrX","38498170","38498459","43","62619519"
"chr4","101136480","101136597","chr9","113458097","113458216","23","12321617"
"chr4","101184944","101185225","chr14","74918894","74919178","44","26266050"
"chr4","101237874","101238178","chr15","41203964","41204266","48","60033910"
"chr4","101416813","101417095","chr4","90242025","90242333","33","11174788"
"chr4","101489570","101489883","chr17","5098205","5098516","34","96391365"
"chr4","101492065","101492382","chr3","124457062","124457369","47","22964997"
"chr4","101511012","101511109","chr4","90335819","90335916","2","11175193"
"chr4","101518564","101518806","chr4","90343376","90343641","31","11175188"
"chr4","101575634","101575929","chr14","73431470","73431769","57","28144164"
"chr4","101787076","101787360","chr4","90616399","90616683","1","11170677"
"chr4","101787411","101787438","chr19","51100906","51100929","6","50686505"
"chr4","101791451","101791766","chr4","90620798","90621118","16","11170653"
"chr4","101953791","101954069","chr2","152064394","152064682","51","50110603"
"chr4","101987029","101987334","chr4","90818266","90818576","11","11168763"
"chr4","102204193","102204474","chr2","113699644","113699926","43","11495451"
"chr4","102414133","102414440","chr1","115888146","115888458","46","13474013"
"chr4","102508106","102508398","chr4","91341544","91341836","3","11166562"
"chr4","102509170","102509295","chr16","29617940","29618069","21","72891230"
"chr4","102546963","102547255","chr4","91374714","91375006","4","11172249"
"chr4","102560399","102560485","chr4","91388090","91388179","5","11172309"
"chr4","103005023","103005308","chr4","91842065","91842350","6","11162958"
"chr4","103019681","103019969","chr4","91856761","91857026","30","11162920"
"chr4","103101196","103101509","chr4","91932168","91932472","15","11169028"
"chr4","103301433","103301722","chr1","40287401","40287690","49","63014032"
"chr4","103334962","103335214","chr4","92156583","92156835","4","11178379"
"chr4","103421420","103421723","chr9","121968866","121969169","43","18547446"
"chr4","103463982","103464291","chr4","92284404","92284713","6","11179578"
"chr4","103512105","103512408","chr4","92320474","92320776","4","11191631"
"chr4","103645094","103645395","chr4","92445944","92446245","12","11199150"
"chr4","103647309","103647582","chr4","92448183","92448466","16","11199126"
"chr4","103690251","103690382","chr4","138061168","138061298","16","34370917"
"chr4","103896839","103897156","chr4","92692742","92693050","17","11204097"
"chr4","103911319","103911627","chr4","92692742","92693050","12","11218577"
"chr4","103915689","103915985","chr2","177911602","177911898","46","73995913"
"chr4","104118930","104119231","chr4","92896740","92897041","4","11222190"
"chr4","104254520","104254819","chr1","46104647","46104950","68","58149873"
"chr4","104272026","104272336","chr4","93035106","93035413","12","11236920"
"chr4","104313403","104313660","chr4","93076611","93076873","10","11236792"
"chr4","104343964","104344251","chr1","174418759","174419049","55","70074795"
"chr4","104344495","104344736","chr4","93107549","93107793","10","11236946"
"chr4","104386070","104386365","chr4","93149293","93149591","11","11236777"
"chr4","104387618","104387919","chr4","93150845","93151150","14","11236773"
"chr4","104406786","104407072","chr4","159655106","159655394","51","55248320"
"chr4","104411862","104412170","chr4","93175161","93175469","7","11236701"
"chr4","104423974","104424276","chr4","93187274","93187576","7","11236700"
"chr4","104602012","104602307","chr4","93362939","93363233","6","11239073"
"chr4","104748687","104748990","chr4","93510933","93511236","11","11237754"
"chr4","104771119","104771272","chrX","18364806","18364963","36","86406313"
"chr4","104771332","104771459","chr16","4981284","4981411","11","99790048"
"chr4","104837900","104838203","chr4","93605985","93606289","9","11231915"
"chr4","104891458","104891773","chr4","93671687","93672002","13","11219771"
"chr4","104942098","104942402","chr20","36111504","36111816","37","68830594"
"chr4","105014343","105014652","chr4","93796532","93796845","11","11217811"
"chr4","105098319","105098621","chr19","4604038","4604338","43","100494281"
"chr4","105161654","105161957","chr4","93950200","93950503","4","11211454"
"chr4","105187556","105187856","chr4","93970178","93970480","5","11217378"
"chr4","105201784","105202069","chr4","93984480","93984768","15","11217304"
"chr4","105209558","105209851","chr4","93991792","93992083","7","11217766"
"chr4","105226420","105226727","chr4","94006266","94006570","5","11220154"
"chr4","105251619","105251931","chr12","31659867","31660188","61","73591752"
"chr4","105271771","105272074","chr4","94051838","94052143","7","11219933"
"chr4","105349985","105350298","chr4","94129699","94130011","8","11220286"
"chr4","105383615","105383910","chrX","40894974","40895270","47","64488641"
"chr4","105387799","105388068","chr22","21769457","21769733","40","83618342"
"chr4","105396764","105397039","chr4","94176639","94176914","6","11220125"
"chr4","105397261","105397535","chr4","94177136","94177406","10","11220125"
"chr4","105411395","105411697","chr4","94191260","94191561","6","11220135"
"chr4","105415191","105415487","chr4","94195019","94195309","13","11220172"
"chr4","105438476","105438761","chr4","94218282","94218568","4","11220194"
"chr4","105439019","105439304","chr4","94218826","94219111","3","11220193"
"chr4","105440432","105440738","chr4","94220241","94220547","14","11220191"
"chr4","105459740","105460046","chr16","24280535","24280845","46","81179205"
"chr4","105462199","105462516","chr4","94242025","94242343","10","11220174"
"chr4","105478348","105478636","chr17","68638287","68638573","47","36840061"
"chr4","105538452","105538742","chr4","94318723","94319012","8","11219729"
"chr4","105553331","105553625","chr4","94338142","94338436","3","11215189"
"chr4","105570721","105571015","chr4","94355283","94355577","6","11215438"
"chr4","105589066","105589352","chr2","48272556","48272851","58","57316510"
"chr4","105590003","105590293","chr4","94374525","94374825","15","11215478"
"chr4","105611673","105611992","chr4","94396228","94396547","3","11215445"
"chr4","105613553","105613843","chr4","94397999","94398289","5","11215554"
"chr4","105616839","105617086","chr9","33691021","33691255","61","71925818"
"chr4","105618754","105619062","chr4","94403194","94403500","7","11215560"
"chr4","105641310","105641614","chr19","34988630","34988935","40","70652680"
"chr4","105654130","105654417","chr4","94437668","94437955","11","11216462"
"chr4","105719101","105719400","chr4","94502595","94502894","3","11216506"
"chr4","105727237","105727388","chr4","94510726","94510877","1","11216511"
"chr4","105738868","105739135","chr4","94522373","94522640","4","11216495"
"chr4","105743225","105743531","chr4","94526727","94527034","2","11216498"
"chr4","105749498","105749795","chr4","94532716","94533014","5","11216782"
"chr4","105769923","105770197","chr4","94553139","94553408","17","11216784"
"chr4","105806456","105806755","chr4","94589762","94590078","22","11216694"
"chr4","105821021","105821308","chr4","94604352","94604644","15","11216669"
"chr4","105847316","105847616","chr3","169096271","169096569","38","63248955"
"chr4","105865316","105865592","chr4","94648321","94648599","7","11216995"
"chr4","105865958","105866268","chr2","26447555","26447866","40","79418403"
"chr4","105892894","105893230","chr4","94675901","94676229","20","11216993"
"chr4","105899003","105899288","chr4","94681910","94682195","7","11217093"
"chr4","105905054","105905382","chr4","94687999","94688322","11","11217055"
"chr4","105912100","105912391","chr4","94695049","94695342","11","11217051"
"chr4","105913479","105913783","chr4","94696447","94696747","7","11217032"
"chr4","105931708","105932008","chr4","94715148","94715447","4","11216560"
"chr4","105947975","105948233","chr8","22065561","22065826","47","83882414"
"chr4","105949712","105950016","chr4","94733168","94733472","7","11216544"
"chr4","105953540","105953818","chr4","94737012","94737291","5","11216528"
"chr4","105963316","105963595","chr4","94747233","94747514","6","11216083"
"chr4","105964738","105965015","chr4","94748627","94748904","3","11216111"
"chr4","105985457","105985622","chr3","153465859","153466023","18","47480402"
"chr4","106007603","106007906","chr4","94790985","94791288","7","11216618"
"chr4","106012101","106012386","chr4","94795477","94795753","16","11216624"
"chr4","106012585","106012896","chr4","94795961","94796264","11","11216624"
"chr4","106016341","106016619","chr4","94799708","94799988","6","11216633"
"chr4","106049786","106050067","chr4","94832501","94832796","19","11217285"
"chr4","106087240","106087530","chr4","94868167","94868457","6","11219073"
"chr4","106093844","106093989","chr19","7317251","7317394","19","98776593"
"chr4","106099650","106099950","chr1","109368012","109368316","41","3268362"
"chr4","106160652","106160956","chr4","94941146","94941452","7","11219506"
"chr4","106186692","106186982","chr4","94967477","94967782","22","11219215"
"chr4","106351008","106351288","chr4","26234711","26234991","40","80116297"
"chr4","106364436","106364723","chr6","42832066","42832357","37","63532370"
"chr4","106422594","106422900","chr4","95203456","95203763","7","11219138"
"chr4","106444306","106444582","chr4","95225080","95225356","5","11219226"
"chr4","106455094","106455400","chr4","95233654","95233959","9","11221440"
"chr4","106468212","106468500","chr12","50307200","50307497","57","56161012"
"chr4","106500017","106500298","chr4","95274744","95275025","4","11225273"
"chr4","106521083","106521395","chr4","95295803","95296114","7","11225280"
"chr4","106528701","106528982","chr4","95303396","95303677","5","11225305"
"chr4","106595819","106596113","chr4","95369269","95369563","8","11226550"
"chr4","106896865","106897026","chr1","46033290","46033454","25","60863575"
"chr4","106897058","106897183","chrX","39991036","39991161","11","66906022"
"chr4","107001328","107001612","chr4","95762480","95762764","6","11238848"
"chr4","107141253","107141552","chr4","150341176","150341467","66","43199923"
"chr4","107145488","107145771","chr4","95902172","95902458","8","11243316"
"chr4","107147976","107148238","chr4","95904654","95904916","8","11243322"
"chr4","107259938","107260253","chr4","96009000","96009312","9","11250938"
"chr4","107311613","107311903","chr4","96060367","96060654","12","11251246"
"chr4","107380066","107380377","chr4","96128526","96128833","8","11251540"
"chr4","107601022","107601333","chr4","96349875","96350188","13","11251147"
"chr4","107715411","107715715","chr4","96459991","96460295","9","11255420"
"chr4","108081566","108081689","chrX","110069594","110069718","17","1988028"
"chr4","108182963","108183257","chr4","96921159","96921448","14","11261804"
"chr4","108312806","108313130","chr4","97050549","97050872","6","11262257"
"chr4","108348593","108348899","chr4","97090663","97090969","7","11257930"
"chr4","108480951","108481248","chr4","97200934","97201221","12","11280017"
"chr4","108516042","108516357","chr4","97236709","97237016","14","11279333"
"chr4","108527265","108527554","chr4","97247920","97248246","46","11279345"
"chr4","108801827","108802113","chr4","97516920","97517207","8","11284907"
"chr4","108870825","108870934","chr4","97588103","97588212","4","11282722"
"chr4","108903064","108903340","chr4","97615768","97616048","11","11287296"
"chr4","108992490","108992785","chr4","97711670","97711968","9","11280820"
"chr4","109068767","109069049","chr4","97803557","97803840","8","11265210"
"chr4","109070424","109070715","chr4","97805218","97805510","6","11265206"
"chr4","109252443","109252741","chr4","97988614","97988913","4","11263829"
"chr4","109365335","109365673","chr4","98100653","98100975","18","11264682"
"chr4","109394713","109395020","chr4","98128725","98129033","6","11265988"
"chr4","109526970","109527263","chr1","154915028","154915325","37","45388058"
"chr4","109541459","109541780","chr12","122825343","122825655","47","13283884"
"chr4","109600447","109600755","chr4","98317830","98318140","17","11282617"
"chr4","109602111","109602408","chr4","98319499","98319807","16","11282612"
"chr4","109642969","109643278","chr4","98360790","98361093","8","11282179"
"chr4","109653310","109653586","chr4","98371116","98371395","10","11282194"
"chr4","109654345","109654650","chr4","98372161","98372466","6","11282184"
"chr4","109702849","109703128","chrX","106907419","106907702","53","2795430"
"chr4","109719707","109720005","chr4","98437512","98437807","10","11282195"
"chr4","109727480","109727731","chr4","98445104","98445355","7","11282376"
"chr4","109728120","109728403","chr4","98445741","98446025","5","11282379"
"chr4","109744391","109744706","chr4","98464004","98464311","15","11280387"
"chr4","109764817","109764946","chr4","98484683","98484813","4","11280134"
"chr4","109825815","109826115","chr2","38954634","38954933","48","70871181"
"chr4","109858702","109858973","chr19","40343796","40344075","36","69514906"
"chr4","109865620","109865913","chr4","98585320","98585609","12","11280300"
"chr4","109878477","109878745","chr5","142018922","142019188","46","32140445"
"chr4","109895521","109895719","chr4","98615537","98615730","12","11279984"
"chr4","109950093","109950215","chr4","98670129","98670251","2","11279964"
"chr4","109992502","109992796","chr4","98712307","98712599","8","11280195"
"chr4","110035115","110035396","chr4","98756621","98756934","37","11278494"
"chr4","110052905","110053203","chr11","83084854","83085144","61","26968051"
"chr4","110066329","110066636","chr4","98786573","98786881","5","11279756"
"chr4","110071082","110071388","chr4","98791351","98791655","9","11279731"
"chr4","110079618","110079902","chr11","108483683","108483968","46","1595935"
"chr4","110097107","110097391","chr2","9380213","9380497","35","100716894"
"chr4","110109720","110110028","chr4","98829792","98830100","6","11279928"
"chr4","110192729","110193030","chr4","98910732","98911033","4","11281997"
"chr4","110199759","110200046","chr4","98917794","98918072","14","11281965"
"chr4","110201518","110201821","chr4","98919550","98919858","9","11281968"
"chr4","110209310","110209616","chr4","98927375","98927684","16","11281935"
"chr4","110216944","110217239","chr4","98935011","98935306","4","11281933"
"chr4","110221043","110221332","chr4","98939094","98939380","5","11281949"
"chr4","110222532","110222695","chr1","162076584","162076748","29","51854052"
"chr4","110232593","110232902","chr4","98950469","98950778","5","11282124"
"chr4","110233488","110233791","chr4","98951364","98951665","5","11282124"
"chr4","110243686","110243993","chr1","8130637","8130940","36","102113049"
"chr4","110251767","110252058","chr4","98968308","98968597","6","11283459"
"chr4","110255558","110255852","chr4","98972127","98972422","7","11283431"
"chr4","110261362","110261668","chr4","98976302","98976603","11","11285060"
"chr4","110339400","110339711","chr4","99055109","99055420","8","11284291"
"chr4","110353070","110353355","chr4","99068757","99069032","15","11284313"
"chr4","110359529","110359819","chr1","37421232","37421528","48","72938297"
"chr4","110367631","110367941","chr4","99083318","99083626","11","11284313"
"chr4","110373749","110374063","chr4","99089440","99089754","11","11284309"
"chr4","110411985","110412274","chr4","99128153","99128442","4","11283832"
"chr4","110436930","110437220","chr2","62315802","62316092","34","48121128"
"chr4","110606554","110606835","chr2","26714604","26714886","40","83891950"
"chr4","110615287","110615585","chr4","99340131","99340432","5","11275156"
"chr4","110633563","110633639","chr5","69537529","69537590","23","41096034"
"chr4","110655741","110656016","chr4","99378212","99378487","5","11277529"
"chr4","110736960","110737250","chr4","99460461","99460749","9","11276499"
"chr4","110740972","110741264","chr4","99464418","99464717","15","11276554"
"chr4","110858095","110858404","chr17","75085309","75085618","47","35772786"
"chr4","110985963","110986252","chr4","99706634","99706944","28","11279329"
"chr4","110989800","110990101","chr4","99710486","99710785","10","11279314"
"chr4","111037913","111038206","chr4","99757866","99758159","7","11280047"
"chr4","111042529","111042834","chr4","99762521","99762826","4","11280008"
"chr4","111056136","111056423","chr4","99776131","99776418","5","11280005"
"chr4","111061239","111061541","chr4","99781233","99781534","10","11280006"
"chr4","111071708","111072011","chr4","99791668","99791966","8","11280040"
"chr4","111168235","111168546","chr4","99880311","99880622","3","11287924"
"chr4","111223846","111224136","chr4","99935786","99936076","1","11288060"
"chr4","111228348","111228656","chr4","99940311","99940619","6","11288037"
"chr4","111232601","111232915","chr4","99944561","99944876","8","11288040"
"chr4","111243748","111244038","chr4","99954241","99954531","2","11289507"
"chr4","111251787","111252084","chr4","99962273","99962569","5","11289514"
"chr4","111303145","111303448","chr4","100020754","100021057","5","11282391"
"chr4","111316036","111316146","chr4","100033621","100033731","2","11282415"
"chr4","111401554","111401858","chr4","100111076","100111389","16","11290478"
"chr4","111432309","111432613","chr4","100111076","100111389","16","11321233"
"chr4","111464787","111465055","chr4","100144003","100144263","11","11320784"
"chr4","111465364","111465665","chr4","100144569","100144873","8","11320795"
"chr4","111521622","111521933","chr7","2877826","2878132","39","108643796"
"chr4","111665662","111665974","chr4","100333623","100333935","3","11332039"
"chr4","111676666","111676961","chr4","100344617","100344917","20","11332049"
"chr4","111776351","111776658","chr13","19375399","19375701","40","92400952"
"chr4","111806963","111807260","chr4","100473022","100473326","17","11333941"
"chr4","111972363","111972648","chr4","100626952","100627239","7","11345411"
"chr4","112034745","112035047","chr3","72611969","72612272","41","39422776"
"chr4","112165414","112165726","chr8","65587954","65588260","41","46577460"
"chr4","112295768","112296047","chr4","100952982","100953259","14","11342786"
"chr4","112316817","112317128","chr4","100973489","100973797","16","11343328"
"chr4","112384957","112385262","chr4","101041430","101041733","7","11343527"
"chr4","112481007","112481274","chr4","101136282","101136552","6","11344725"
"chr4","112485806","112486099","chr4","101141116","101141387","29","11344690"
"chr4","112661887","112662153","chr4","101311498","101311764","7","11350389"
"chr4","112674242","112674535","chr4","101323832","101324125","7","11350410"
"chr4","112676246","112676511","chr10","128170654","128170922","37","15494408"
"chr4","112686643","112686956","chr4","101336289","101336600","7","11350354"
"chr4","112712656","112712965","chr14","99179192","99179499","48","13533464"
"chr4","112721536","112721820","chr4","48377195","48377478","56","64344341"
"chr4","112726215","112726520","chr4","101375663","101375968","3","11350552"
"chr4","112729493","112729801","chr10","124253394","124253704","52","11523901"
"chr4","112753673","112753806","chr4","101403071","101403204","3","11350602"
"chr4","112754106","112754275","chr4","101403503","101403667","6","11350603"
"chr4","112833673","112833950","chr4","101476718","101476995","2","11356955"
"chr4","112921894","112922150","chr4","101565650","101565906","5","11356244"
"chr4","112966869","112967167","chr4","101613099","101613380","23","11353770"
"chr4","112968010","112968294","chr4","101614070","101614354","8","11353940"
"chr4","113089037","113089315","chr4","101735357","101735635","1","11353680"
"chr4","113156334","113156635","chr7","150908815","150909116","29","37752481"
"chr4","113187703","113188006","chrX","23679403","23679691","59","89508300"
"chr4","113202063","113202370","chr4","101836200","101836509","5","11365863"
"chr4","113215599","113215918","chr4","101850279","101850582","29","11365320"
"chr4","113242379","113242641","chr21","26164608","26164871","35","87077771"
"chr4","113430229","113430550","chr4","102056726","102057046","13","11373503"
"chr4","113436988","113437285","chr4","102063542","102063839","5","11373446"
"chr4","113504018","113504326","chr4","102130649","102130950","13","11373369"
"chr4","113548694","113548991","chr4","102174132","102174429","8","11374562"
"chr4","113556059","113556368","chr4","102181490","102181811","14","11374569"
"chr4","113561863","113562170","chr4","102187180","102187490","15","11374683"
"chr4","113720537","113720837","chr2","71112434","71112736","48","42608103"
"chr4","113742877","113743177","chr4","102369807","102370096","15","11373070"
"chr4","113860944","113861246","chr4","102490835","102491134","10","11370109"
"chr4","114044286","114044580","chr4","102673230","102673521","11","11371056"
"chr4","114097079","114097192","chr4","102726961","102727076","2","11370118"
"chr4","114131738","114132039","chr4","102762207","102762506","4","11369531"
"chr4","114136458","114136768","chr4","102783381","102783687","11","11353077"
"chr4","114140365","114140668","chr15","42116108","42116405","56","72024257"
"chr4","114163948","114164126","chr2","170790646","170790820","38","56626698"
"chr4","114172729","114173024","chr4","102814297","102814602","14","11358432"
"chr4","114211653","114211958","chr4","102845782","102846087","7","11365871"
"chr4","114213473","114213778","chr4","102845782","102846087","7","11367691"
"chr4","114244175","114244476","chr4","102873842","102874141","8","11370333"
"chr4","114250427","114250647","chr1","241645664","241645878","39","127395237"
"chr4","114252323","114252615","chr6","35520585","35520879","47","78731738"
"chr4","114257029","114257339","chr4","102886600","102886909","4","11370429"
"chr4","114275861","114276076","chr6","149599594","149599817","42","35323733"
"chr4","114284391","114284687","chr4","102911853","102912151","6","11372538"
"chr4","114305701","114305849","chr16_KI270728v1_random","113954","114102","1","114191747"
"chr4","114360434","114360729","chr2","30304551","30304836","58","84055883"
"chr4","114384732","114384992","chr4","103008423","103008682","6","11376309"
"chr4","114397511","114397783","chr4","7180328","7180608","51","107217183"
"chr4","114450111","114450281","chr4","103071195","103071370","10","11378916"
"chr4","114450582","114450716","chr4","103071676","103071810","3","11378906"
"chr4","114647386","114647636","chr4","103269685","103269935","3","11377701"
"chr4","114712919","114713097","chr1","224117732","224117914","30","109404813"
"chr4","114801237","114801519","chr4","103404571","103404854","8","11396666"
"chr4","115012026","115012122","chrX","104232965","104233063","9","10779061"
"chr4","115060603","115060878","chr4","103667842","103668117","4","11392761"
"chr4","115233757","115234065","chr4","103834724","103835030","9","11399033"
"chr4","115292543","115292818","chr12","49905271","49905544","38","65387272"
"chr4","115328302","115328608","chr4","103927465","103927769","4","11400837"
"chr4","115560246","115560520","chr4","104143503","104143780","18","11416743"
"chr4","115811427","115811736","chr4","104392066","104392383","22","11419361"
"chr4","116017832","116018143","chr4","104600365","104600675","7","11417467"
"chr4","116029754","116030064","chr4","104600365","104600675","16","11429389"
"chr4","116069150","116069446","chr5","146708074","146708370","54","30638924"
"chr4","116129395","116129528","chr22","29265078","29265202","25","86864317"
"chr4","116287442","116287743","chr4","104874875","104875170","14","11412567"
"chr4","116422669","116422947","chr4","41623476","41623754","35","74799193"
"chr4","116441297","116441606","chr14","93038522","93038826","46","23402775"
"chr4","116542171","116542447","chr4","105117501","105117787","16","11424670"
"chr4","116554865","116555155","chr8","42093150","42093439","52","74461715"
"chr4","116602075","116602380","chr4","105177801","105178114","19","11424274"
"chr4","116610869","116611173","chr4","105186469","105186771","6","11424400"
"chr4","116645273","116645524","chr4","105213871","105214122","9","11431402"
"chr4","116681990","116682275","chr4","105250697","105250981","5","11431293"
"chr4","116719709","116719986","chr4","105288353","105288629","7","11431356"
"chr4","116775342","116775404","chr7","90499934","90500000","11","26275408"
"chr4","116785569","116785873","chr4","105349513","105349821","10","11436056"
"chr4","116955738","116956014","chr4","105516484","105516762","5","11439254"
"chr4","117131452","117131637","chr3","159616204","159616401","30","42484752"
"chr4","117137677","117137979","chr4","105695848","105696150","6","11441829"
"chr4","117190000","117190299","chr4","105747973","105748272","6","11442027"
"chr4","117228227","117228527","chr4","105786228","105786548","23","11441999"
"chr4","117267126","117267434","chr4","105825135","105825429","19","11441991"
"chr4","117281276","117281567","chr3","4209905","4210194","44","113071371"
"chr4","117290518","117290814","chr4","105848595","105848895","10","11441923"
"chr4","117359141","117359444","chr1","31687100","31687400","55","85672041"
"chr4","117449881","117450031","chr4","106006893","106007054","13","11442988"
"chr4","117450326","117450458","chr4","106007363","106007495","4","11442963"
"chr4","117649037","117649357","chr4","106205462","106205791","15","11443575"
"chr4","117857161","117857471","chr4","106415115","106415441","27","11442046"
"chr4","117946153","117946442","chr4","106507322","106507611","5","11438831"
"chr4","117969700","117969984","chr4","106529076","106529360","5","11440624"
"chr4","118067337","118067648","chr4","106628396","106628706","11","11438941"
"chr4","118073321","118073611","chr4","106634375","106634664","5","11438946"
"chr4","118276148","118276314","chr8","143551098","143551260","28","25274950"
"chr4","118276357","118276475","chr2","85660315","85660433","16","32616042"
"chr4","118277967","118278302","chr4","106835223","106835546","19","11442744"
"chr4","118508520","118508823","chr18","75136236","75136539","46","43372284"
"chr4","118690022","118690318","chr4","107242259","107242555","2","11447763"
"chr4","118721423","118721688","chr4","107273592","107273857","9","11447831"
"chr4","118748447","118748761","chr4","107300581","107300895","9","11447866"
"chr4","118939597","118939910","chr4","107485953","107486253","16","11453644"
"chr4","118978556","118978841","chr4","107525061","107525346","10","11453495"
"chr4","119216378","119216687","chr4","107768655","107768964","12","11447723"
"chr4","119222836","119223141","chr3","129705892","129706189","51","10483056"
"chr4","119260551","119260852","chr4","107827704","107828009","12","11432847"
"chr4","119265937","119266237","chr4","107810110","107810420","11","11455827"
"chr4","119283644","119283947","chr4","107827704","107828009","6","11455940"
"chr4","119382719","119383029","chr4","107926711","107927027","12","11456008"
"chr4","119403964","119404256","chr4","107947986","107948280","5","11455978"
"chr4","119404258","119404552","chr10","33566823","33567104","46","85837435"
"chr4","119426918","119427226","chr4","107970969","107971278","7","11455949"
"chr4","119452801","119453108","chr4","107996614","107996917","9","11456187"
"chr4","119488952","119489244","chr4","108032701","108032993","5","11456251"
"chr4","119495503","119495815","chr4","108039254","108039556","17","11456249"
"chr4","119522266","119522499","chr4","108065916","108066149","6","11456350"
"chr4","119589221","119589530","chr4","108126522","108126827","10","11462699"
"chr4","119593144","119593468","chr4","108130438","108130743","23","11462706"
"chr4","119660587","119660884","chr4","108196042","108196339","3","11464545"
"chr4","119672076","119672375","chr5","172172698","172172996","46","52500622"
"chr4","119675092","119675376","chr4","108210562","108210845","11","11464530"
"chr4","119764216","119764516","chr4","108300749","108301052","8","11463467"
"chr4","119765887","119766164","chr4","108302423","108302700","3","11463464"
"chr4","119773957","119774244","chr4","108309357","108309649","12","11464600"
"chr4","119783387","119783668","chr4","108318803","108319100","20","11464584"
"chr4","119808202","119808514","chr4","108343618","108343929","10","11464584"
"chr4","119821017","119821326","chr4","108356408","108356710","12","11464609"
"chr4","119828466","119828794","chr4","108363868","108364181","23","11464598"
"chr4","119850069","119850374","chr1","19641969","19642279","41","100208100"
"chr4","119911258","119911558","chr11","126692263","126692572","53","6781005"
"chr4","120022080","120022387","chr4","108558047","108558353","4","11464033"
"chr4","120025737","120025859","chr4","108561696","108561818","4","11464041"
"chr4","120026168","120026362","chr4","108562127","108562331","11","11464041"
"chr4","120027676","120027991","chr4","108563628","108563940","27","11464048"
"chr4","120040150","120040450","chr4","108575974","108576276","9","11464176"
"chr4","120040856","120041166","chr4","108576681","108576991","5","11464175"
"chr4","120056439","120056755","chr4","108592446","108592759","12","11463993"
"chr4","120057228","120057522","chr4","108593229","108593523","6","11463999"
"chr4","120061570","120061840","chr4","108597580","108597851","4","11463990"
"chr4","120090587","120090843","chr1","209832613","209832885","62","89742026"
"chr4","120105269","120105566","chr4","108640803","108641107","16","11464466"
"chr4","120107741","120108038","chr4","108643279","108643578","9","11464462"
"chr4","120125865","120126171","chr4","108660935","108661245","11","11464930"
"chr4","120126521","120126832","chr4","108661588","108661898","12","11464933"
"chr4","120135991","120136273","chr4","108671060","108671339","12","11464931"
"chr4","120151690","120151965","chr4","108685910","108686185","7","11465780"
"chr4","120182231","120182512","chr4","108716790","108717071","6","11465441"
"chr4","120193844","120194143","chr4","108728410","108728685","26","11465434"
"chr4","120219071","120219352","chr4","108753460","108753771","34","11465611"
"chr4","120219400","120219424","chr4","21365533","21365557","3","98853867"
"chr4","120231396","120231709","chr4","108765817","108766130","9","11465579"
"chr4","120232406","120232700","chr4","108766836","108767130","4","11465570"
"chr4","120235251","120235536","chr4","108776941","108777226","11","11458310"
"chr4","120237363","120237684","chr14","49606650","49606952","66","70630713"
"chr4","120247838","120248143","chr4","108784673","108784966","19","11463165"
"chr4","120284682","120284777","chr14","74167466","74167565","8","46117216"
"chr4","120288688","120288972","chr4","108826256","108826540","7","11462432"
"chr4","120306361","120306625","chr18","12809901","12810181","56","107496460"
"chr4","120328642","120328948","chr9","127592187","127592490","41","7263545"
"chr4","120335782","120336085","chr4","108872133","108872437","1","11463649"
"chr4","120343518","120343821","chr4","108879443","108879746","12","11464075"
"chr4","120347111","120347395","chr4","108883039","108883323","5","11464072"
"chr4","120406622","120406925","chr4","108942750","108943055","9","11463872"
"chr4","120471283","120471567","chr2","224627377","224627660","50","104156094"
"chr4","120478989","120479280","chr4","109014025","109014317","4","11464964"
"chr4","120584237","120584506","chr4","109105190","109105463","6","11479047"
"chr4","120626503","120626796","chr4","109147536","109147834","7","11478967"
"chr4","120668203","120668533","chr4","109189266","109189570","33","11478937"
"chr4","120679348","120679628","chr4","109200471","109200751","5","11478877"
"chr4","120688641","120688936","chr5","166350494","166350788","43","45661853"
"chr4","120740256","120740557","chr4","109260494","109260795","8","11479762"
"chr4","120820472","120820766","chr4","109357897","109358191","12","11462575"
"chr4","120822686","120822989","chr4","109360120","109360428","15","11462566"
"chr4","120826173","120826461","chr4","109363600","109363888","3","11462573"
"chr4","120827122","120827414","chr4","109364549","109364841","4","11462573"
"chr4","120837958","120838259","chr4","188531274","188531574","39","67693316"
"chr4","120838687","120838993","chr4","109376158","109376462","17","11462529"
"chr4","120864309","120864563","chr4","109396790","109397044","3","11467519"
"chr4","120871502","120871800","chr4","109403980","109404276","8","11467522"
"chr4","120944701","120944998","chr4","109478002","109478301","6","11466699"
"chr4","120970127","120970305","chr4","109503051","109503226","6","11467076"
"chr4","120970603","120970738","chr4","109503524","109503659","2","11467079"
"chr4","120990308","120990589","chr4","109523188","109523485","21","11467120"
"chr4","120997397","120997610","chr12","110682283","110682498","31","10315114"
"chr4","121051291","121051599","chr4","109576842","109577149","11","11474449"
"chr4","121068400","121068696","chr4","109592126","109592422","4","11476274"
"chr4","121104101","121104396","chr4","109624859","109625176","26","11479242"
"chr4","121111849","121112150","chr4","109632616","109632914","4","11479233"
"chr4","121122434","121122727","chr4","109643191","109643484","8","11479243"
"chr4","121173711","121173992","chr3","121686992","121687283","39","513281"
"chr4","121179214","121179525","chr3","45866866","45867171","45","75312348"
"chr4","121182973","121183256","chr4","109704721","109705004","8","11478252"
"chr4","121190750","121191033","chr4","109712510","109712795","12","11478240"
"chr4","121193685","121194013","chr15","92660912","92661252","53","28532773"
"chr4","121205385","121205662","chr4","109727133","109727410","7","11478252"
"chr4","121221426","121221495","chr4","109743128","109743197","2","11478298"
"chr4","121237108","121237409","chr9","111816308","111816609","41","9420800"
"chr4","121250301","121250604","chr5","142261174","142261485","39","21010873"
"chr4","121294679","121294980","chr4","109814370","109814671","5","11480309"
"chr4","121341250","121341526","chr4","109861087","109861337","35","11480163"
"chr4","121401102","121401406","chr4","109917615","109917919","7","11483487"
"chr4","121430352","121430640","chr2","30304551","30304836","45","91125801"
"chr4","121431989","121432287","chr4","109948487","109948785","3","11483502"
"chr4","121434533","121434653","chr4","109951026","109951146","0","11483507"
"chr4","121434689","121434847","chr4","109951202","109951360","2","11483487"
"chr4","121442131","121442423","chr4","109958647","109958938","3","11483484"
"chr4","121484439","121484736","chr15","51949418","51949716","37","69535021"
"chr4","121494393","121494732","chr4","110009953","110010288","8","11484440"
"chr4","121517269","121517574","chr4","110032848","110033163","16","11484421"
"chr4","121523460","121523740","chr8","120096017","120096299","39","1427443"
"chr4","121598004","121598312","chr4","110112591","110112898","2","11485413"
"chr4","121603371","121603671","chr4","110117955","110118257","8","11485416"
"chr4","121611850","121612145","chr16","30016057","30016348","53","91595793"
"chr4","121622006","121622312","chr4","110132545","110132852","8","11489461"
"chr4","121663625","121663926","chr4","110174165","110174465","5","11489460"
"chr4","121676318","121676596","chr4","110186540","110186823","23","11489778"
"chr4","121710976","121711273","chr4","110220845","110221141","3","11490131"
"chr4","121733013","121733320","chr4","110242498","110242796","16","11490515"
"chr4","121734060","121734370","chr4","110243550","110243860","1","11490510"
"chr4","121758984","121759290","chr4","110268188","110268497","12","11490796"
"chr4","121764853","121764988","chr4","110274028","110274163","6","11490825"
"chr4","121781990","121782267","chr1","37348823","37349101","31","84433167"
"chr4","121787388","121787474","chr4","110288220","110288306","2","11499168"
"chr4","121798034","121798311","chr1","37348823","37349101","31","84449211"
"chr4","121799767","121800077","chr4","110300314","110300628","10","11499453"
"chr4","121815305","121815556","chr4","110315832","110316082","9","11499473"
"chr4","121850244","121850539","chr4","110334091","110334394","15","11516153"
"chr4","121892030","121892349","chr4","110375856","110376173","10","11516174"
"chr4","121928228","121928533","chr4","110413589","110413896","6","11514639"
"chr4","121958086","121958384","chr4","110440812","110441118","13","11517274"
"chr4","121979310","121979612","chr4","110463298","110463600","3","11516012"
"chr4","121982417","121982724","chr4","110466416","110466717","16","11516001"
"chr4","122011457","122011743","chr4","110495439","110495724","6","11516018"
"chr4","122041998","122042293","chr4","110525994","110526291","7","11516004"
"chr4","122109902","122110069","chr12","26424588","26424756","32","95685314"
"chr4","122312948","122313249","chr4","110802585","110802886","6","11510363"
"chr4","122581054","122581349","chr4","111069882","111070174","8","11511172"
"chr4","122602002","122602305","chr4","111090841","111091144","9","11511161"
"chr4","122727034","122727324","chr4","111221861","111222153","5","11505173"
"chr4","122815271","122815544","chr10","69950873","69951148","34","52864398"
"chr4","122815896","122816166","chr7","72995685","72995935","26","49820211"
"chr4","122876162","122876440","chr4","111375404","111375698","20","11500758"
"chr4","122920107","122920389","chr4","111419764","111420046","4","11500343"
"chr4","122950592","122950872","chr4","111464759","111465039","7","11485833"
"chr4","123059634","123059899","chr4","111574318","111574586","7","11485316"
"chr4","123239358","123239656","chr4","111741664","111741962","2","11497694"
"chr4","123277204","123277506","chr11","111986364","111986663","43","11290840"
"chr4","123374091","123374348","chr2_KI270768v1_alt","72451","72707","46","123301640"
"chr4","123405709","123405992","chr10","119639358","119639637","39","3766351"
"chr4","123449783","123450083","chr4","111953835","111954132","8","11495948"
"chr4","123551672","123551976","chr4","112055929","112056237","9","11495743"
"chr4","123571418","123571707","chr4","112075688","112075978","9","11495730"
"chr4","123619530","123619833","chr4","112120572","112120881","13","11498958"
"chr4","123636199","123636483","chr4","112137258","112137542","9","11498941"
"chr4","123655963","123656264","chr4","112160129","112160424","9","11495834"
"chr4","123668410","123668707","chr14","22609005","22609297","45","101059405"
"chr4","123696545","123696840","chr4","112201060","112201354","12","11495485"
"chr4","123732832","123733144","chr4","112237446","112237758","9","11495386"
"chr4","123817202","123817491","chr4","112313441","112313730","2","11503761"
"chr4","123837891","123838174","chr4","112334151","112334462","31","11503740"
"chr4","123871703","123872005","chr4","112367905","112368208","5","11503798"
"chr4","123912626","123912931","chr4","112408474","112408773","9","11504152"
"chr4","123915407","123915690","chr4","112411224","112411524","20","11504183"
"chr4","123959505","123959782","chr4","112455306","112455579","9","11504199"
"chr4","123988187","123988493","chr2","197557905","197558206","54","73569718"
"chr4","123998888","123999205","chr4","112496046","112496357","14","11502842"
"chr4","124009060","124009344","chr4","112506164","112506448","7","11502896"
"chr4","124028520","124028830","chr4","112525608","112525916","6","11502912"
"chr4","124030348","124030639","chr4","112527436","112527727","5","11502912"
"chr4","124035639","124035934","chr4","112532892","112533197","12","11502747"
"chr4","124046573","124046699","chr20","2577216","2577340","23","121469357"
"chr4","124054414","124054722","chr4","112551998","112552303","8","11502416"
"chr4","124081514","124081818","chr5","139492231","139492530","54","15410717"
"chr4","124085021","124085313","chr12","27731576","27731868","52","96353445"
"chr4","124093537","124093839","chr4","112594453","112594752","7","11499084"
"chr4","124096024","124096327","chr4","112596933","112597232","11","11499091"
"chr4","124096693","124096983","chr4","112597601","112597885","11","11499092"
"chr4","124097011","124097036","chr15","78806129","78806154","3","45290882"
"chr4","124097877","124098171","chr9","99554771","99555064","51","24543106"
"chr4","124102908","124103205","chr4","112603941","112604235","8","11498967"
"chr4","124106957","124107262","chr4","112611121","112611427","4","11495836"
"chr4","124107801","124108099","chr3","27901282","27901579","30","96206519"
"chr4","124108851","124109148","chr4","112613013","112613309","7","11495838"
"chr4","124120566","124120864","chr4","112622243","112622540","5","11498323"
"chr4","124127729","124128033","chr4","112629390","112629692","3","11498339"
"chr4","124136374","124136509","chr8","13081388","13081526","17","111054986"
"chr4","124147373","124147662","chr4","112638014","112638303","8","11509359"
"chr4","124150031","124150317","chr4","112639952","112640238","3","11510079"
"chr4","124213750","124214050","chr4","112701452","112701753","2","11512298"
"chr4","124214691","124214996","chr4","112702394","112702699","5","11512297"
"chr4","124252139","124252385","chr3","196845657","196845906","50","72593518"
"chr4","124270880","124271176","chr4","112753816","112754110","7","11517064"
"chr4","124284862","124285148","chr4","112767280","112767566","8","11517582"
"chr4","124300585","124300855","chr4","112775245","112775515","2","11525340"
"chr4","124315857","124316165","chr4","112790476","112790786","13","11525381"
"chr4","124319048","124319349","chr4","112793697","112793996","7","11525351"
"chr4","124335758","124335887","chr4","112815050","112815179","2","11520708"
"chr4","124343439","124343738","chr1","70395687","70395985","46","53947752"
"chr4","124353063","124353337","chr4","112832078","112832352","10","11520985"
"chr4","124377534","124377828","chr4","112856446","112856740","6","11521088"
"chr4","124390356","124390666","chr1","63862111","63862418","54","60528245"
"chr4","124402244","124402537","chr9","35016504","35016795","39","89385740"
"chr4","124404108","124404414","chr13","40704915","40705219","35","83699193"
"chr4","124433837","124434131","chr4","112914339","112914631","9","11519498"
"chr4","124506693","124506987","chr4","112992149","112992443","10","11514544"
"chr4","124508258","124508550","chr4","112993713","112994007","10","11514545"
"chr4","124534739","124535041","chr4","113020546","113020840","13","11514193"
"chr4","124543707","124544006","chr2","28846123","28846425","29","95697584"
"chr4","124606901","124607183","chr1","226789700","226789988","50","102182799"
"chr4","124650283","124650566","chr4","113136762","113137037","9","11513521"
"chr4","124669899","124670199","chr1","182976863","182977170","49","58306964"
"chr4","124737453","124737769","chr4","113221378","113221678","22","11516075"
"chr4","124797240","124797528","chr1","185814693","185814978","51","61017453"
"chr4","124913531","124913788","chr4","113393905","113394170","14","11519626"
"chr4","124955433","124955725","chr4","113431297","113431591","14","11524136"
"chr4","125022659","125022955","chr4","113496447","113496746","7","11526212"
"chr4","125057020","125057325","chr14","32971078","32971384","36","92085942"
"chr4","125091598","125091904","chr4","113565369","113565669","7","11526229"
"chr4","125119089","125119393","chr15","59086118","59086418","38","66032971"
"chr4","125125287","125125538","chr4","113598687","113598938","3","11526600"
"chr4","125143862","125144166","chr4","113617186","113617488","5","11526676"
"chr4","125214140","125214442","chr4","113685782","113686076","12","11528358"
"chr4","125219820","125220126","chr4","113691475","113691779","7","11528345"
"chr4","125231068","125231344","chr2","11172877","11173162","54","114058191"
"chr4","125237172","125237466","chr4","113708727","113709021","4","11528445"
"chr4","125258394","125258688","chr4","113708727","113709021","4","11549667"
"chr4","125285137","125285449","chr4","113735170","113735493","21","11549967"
"chr4","125458942","125459230","chr4","113903937","113904229","12","11555005"
"chr4","125647507","125647820","chr19","14694191","14694496","56","110953316"
"chr4","125684443","125684725","chr4","114128163","114128417","29","11556280"
"chr4","125764627","125764938","chr4","114207998","114208309","7","11556629"
"chr4","125883951","125884155","chr4","114322903","114323107","4","11561048"
"chr4","125929339","125929644","chr4","114368082","114368390","9","11561257"
"chr4","126036684","126036957","chr4","114478083","114478361","9","11558601"
"chr4","126197747","126198048","chr4","114628134","114628437","8","11569613"
"chr4","126204730","126204970","chr4","114635128","114635363","6","11569602"
"chr4","126249566","126249859","chr4","114680913","114681222","21","11568653"
"chr4","126362064","126362397","chr4","114793316","114793651","5","11568748"
"chr4","126455770","126456025","chr4","114887957","114888217","11","11567813"
"chr4","126619845","126620106","chr4","115048677","115048938","7","11571168"
"chr4","126646560","126646846","chr4","115069623","115069909","3","11576937"
"chr4","126647760","126648077","chr4","115070823","115071142","9","11576937"
"chr4","126800578","126800701","chr4","115226549","115226672","1","11574029"
"chr4","127487914","127488203","chr4","115881474","115881785","27","11606440"
"chr4","127491342","127491475","chr4","115884904","115885036","4","11606438"
"chr4","127511771","127512060","chr4","115881474","115881785","28","11630297"
"chr4","127515200","127515333","chr4","115884904","115885036","4","11630296"
"chr4","127565924","127566222","chr5","132045312","132045608","49","4479388"
"chr4","127747824","127748132","chr4","116117798","116118106","7","11630026"
"chr4","127844311","127844436","chr4","116213339","116213464","2","11630972"
"chr4","127970583","127970885","chrX","41098140","41098439","41","86872443"
"chr4","127974840","127975099","chr10","66621342","66621614","66","61353498"
"chr4","128136738","128137041","chr4","116507758","116508058","13","11628980"
"chr4","128272078","128272395","chr4","116654240","116654558","15","11617838"
"chr4","128523777","128524086","chr4","116895304","116895584","35","11628473"
"chr4","128535075","128535368","chr4","116906628","116906921","9","11628447"
"chr4","128698378","128698690","chr4","117056752","117057062","8","11641626"
"chr4","128796179","128796437","chr4","117153677","117153938","8","11642502"
"chr4","128864102","128864396","chr4","117212379","117212674","8","11651723"
"chr4","129048236","129048525","chr4","117393096","117393385","5","11655140"
"chr4","129149419","129149716","chr4","117494035","117494336","15","11655384"
"chr4","129245064","129245364","chr19","49555255","49555558","38","79689809"
"chr4","129626158","129626456","chr4","117861349","117861649","16","11764809"
"chr4","129723429","129723710","chr1","154028814","154029094","41","24305385"
"chr4","129749657","129749941","chr8","61129956","61130240","39","68619701"
"chr4","130019617","130019906","chr16","3733653","3733941","43","126285964"
"chr4","130034463","130034731","chr4","118292773","118293020","27","11741690"
"chr4","130044218","130044513","chr9","133174864","133175156","35","3130646"
"chr4","130065647","130065908","chr4","100144003","100144263","51","29921644"
"chr4","130099775","130100085","chr4","118357957","118358279","15","11741818"
"chr4","130108428","130108723","chr16","53433162","53433458","29","76675266"
"chr4","130111478","130111818","chr4","118369742","118370048","43","11741736"
"chr4","130113779","130114083","chr7","98319549","98319850","51","31794230"
"chr4","130120029","130120310","chr4","118378589","118378870","5","11741440"
"chr4","130124962","130125257","chr4","118383500","118383795","7","11741462"
"chr4","130129308","130129603","chr4","118387845","118388136","11","11741463"
"chr4","130178554","130178854","chrY","24348184","24348484","7","105830370"
"chr4","130188183","130188488","chr1","242979004","242979305","7","112790821"
"chr4","130192618","130192921","chr1","242974575","242974878","0","112781957"
"chr4","130238952","130239247","chr4","118505898","118506194","3","11733054"
"chr4","130239977","130240272","chr4","118505898","118506194","5","11734079"
"chr4","130245527","130245829","chr4","118506998","118507300","4","11738529"
"chr4","130307877","130308075","chr19","36011814","36012019","31","94296063"
"chr4","130315512","130315806","chr4","118579204","118579499","3","11736308"
"chr4","130320933","130321226","chr4","118579204","118579499","6","11741729"
"chr4","130491013","130491312","chr4","118690397","118690702","13","11800616"
"chr4","130503122","130503415","chr4","118702495","118702788","2","11800627"
"chr4","130507989","130508294","chr4","118707382","118707683","4","11800607"
"chr4","130508450","130508728","chr4","118707839","118708117","4","11800611"
"chr4","130512960","130513262","chr4","118712336","118712636","6","11800624"
"chr4","130534895","130535200","chr4","118734205","118734511","9","11800690"
"chr4","130537364","130537625","chr4","118736022","118736304","26","11801342"
"chr4","130585200","130585323","chr4","118783921","118784044","0","11801279"
"chr4","130688682","130688992","chr4","118885470","118885781","7","11803212"
"chr4","130760101","130760399","chr4","118942825","118943120","8","11817276"
"chr4","130766750","130767038","chr4","118949461","118949750","5","11817289"
"chr4","130774060","130774365","chr1","231285682","231285993","40","100511622"
"chr4","130828861","130829159","chr17","57332101","57332400","33","73496760"
"chr4","130831070","130831363","chr4","119014141","119014434","5","11816929"
"chr4","130860673","130860977","chr4","119043656","119043964","8","11817017"
"chr4","130871827","130872133","chr4","119055146","119055453","5","11816681"
"chr4","130884784","130885081","chr4","119068129","119068426","4","11816655"
"chr4","131035215","131035509","chr4","119216098","119216394","10","11819117"
"chr4","131077889","131078185","chr4","119258999","119259295","6","11818890"
"chr4","131115019","131115310","chr4","119297455","119297756","11","11817564"
"chr4","131158005","131158300","chr4","119357816","119358110","2","11800189"
"chr4","131177469","131177771","chr4","119373956","119374262","10","11803513"
"chr4","131228015","131228244","chr17","62648122","62648348","39","68579893"
"chr4","131228928","131229143","chr7","131990458","131990670","26","761530"
"chr4","131274888","131275145","chr9","96569629","96569887","65","34705259"
"chr4","131281939","131282259","chr1","77425305","77425610","61","53856634"
"chr4","131283705","131283978","chr4","119501323","119501591","7","11782382"
"chr4","131313695","131313996","chr4","119531275","119531576","4","11782420"
"chr4","131369984","131370297","chr4","119588164","119588476","5","11781820"
"chr4","131528148","131528457","chr4","119746461","119746762","9","11781687"
"chr4","131530025","131530282","chr5","138447625","138447889","48","6917600"
"chr4","131574070","131574378","chr1","8130637","8130940","36","123443433"
"chr4","131740315","131740510","chr1","201714021","201714210","32","69973706"
"chr4","131781810","131782102","chr1","17006255","17006550","51","114775555"
"chr4","131861129","131861422","chr4","120024662","120024954","4","11836467"
"chr4","131878761","131879065","chr4","120042335","120042635","9","11836426"
"chr4","131923653","131923936","chr4","120087017","120087305","9","11836636"
"chr4","131959888","131960193","chr1","9227371","9227678","42","122732517"
"chr4","131995487","131995776","chr6","152333634","152333930","49","20338147"
"chr4","132023396","132023677","chr4","120180115","120180396","4","11843281"
"chr4","132087642","132087929","chr4_KI270788v1_alt","74596","74884","5","132013046"
"chr4","132165420","132165721","chr4","120305405","120305706","3","11860015"
"chr4","132258148","132258465","chr4","120394690","120394992","21","11863458"
"chr4","132448125","132448430","chr4","120582336","120582657","22","11865789"
"chr4","132505105","132505406","chr4","120639532","120639831","5","11865573"
"chr4","132554990","132555303","chr4","37900790","37901095","54","94654200"
"chr4","132593308","132593608","chr4","120727654","120727955","12","11865654"
"chr4","132670970","132671272","chr4","120795631","120795924","14","11875339"
"chr4","132718606","132718893","chr4","120843051","120843338","4","11875555"
"chr4","132736553","132736857","chr4","120861024","120861307","27","11875529"
"chr4","132737066","132737371","chr4","120861516","120861824","12","11875550"
"chr4","132748535","132748833","chr4","120873001","120873299","6","11875534"
"chr4","132761077","132761377","chr4","120885513","120885812","2","11875564"
"chr4","132887781","132888038","chr4","121006881","121007135","10","11880900"
"chr4","132888039","132888279","chr1","12323945","12324188","53","120564094"
"chr4","132919981","132920276","chr4","75932853","75933149","52","56987128"
"chr4","132974448","132974759","chr8","128087748","128088058","41","4886700"
"chr4","132976609","132976896","chr17","75583475","75583769","41","57393134"
"chr4","132986925","132987220","chr9","92052535","92052831","40","40934390"
"chr4","132999128","132999431","chr4","121117564","121117848","26","11881564"
"chr4","133013326","133013611","chr4","121131663","121131934","17","11881663"
"chr4","133040630","133040913","chr4","121158960","121159243","9","11881670"
"chr4","133053427","133053740","chr4","121171723","121172032","14","11881704"
"chr4","133055343","133055636","chr4","121173637","121173930","7","11881706"
"chr4","133130379","133130634","chr21","35880490","35880748","40","97249889"
"chr4","133178303","133178610","chr4","121293826","121294132","6","11884477"
"chr4","133458558","133458891","chr21","30949004","30949335","39","102509554"
"chr4","133528601","133528753","chr4","121645138","121645290","3","11883463"
"chr4","133576298","133576604","chr4","121692954","121693260","9","11883344"
"chr4","133591002","133591261","chr12","93568458","93568715","45","40022544"
"chr4","133605856","133606157","chr4","121722511","121722806","12","11883345"
"chr4","133607285","133607592","chr19","8102987","8103287","31","125504298"
"chr4","133609367","133609659","chr4","121726006","121726312","21","11883361"
"chr4","133614434","133614731","chr4","121733245","121733542","4","11881189"
"chr4","133626116","133626422","chr4","121744929","121745231","8","11881187"
"chr4","133654131","133654420","chr4","121773061","121773362","19","11881070"
"chr4","133676241","133676547","chr4","121795200","121795476","32","11881041"
"chr4","133678872","133679169","chr4","121797819","121798116","0","11881053"
"chr4","133679170","133679465","chr4","121798117","121798412","3","11881053"
"chr4","133704579","133704884","chr4","121819930","121820240","13","11884649"
"chr4","133714770","133715069","chr4","121830128","121830418","9","11884642"
"chr4","133721626","133721934","chr4","121836960","121837262","9","11884666"
"chr4","133722495","133722793","chr7","1521168","1521466","32","132201327"
"chr4","133760038","133760359","chr4","121857797","121858105","17","11902241"
"chr4","133898138","133898451","chr4","121991513","121991822","8","11906625"
"chr4","133914286","133914587","chr4","122007628","122007929","5","11906658"
"chr4","134006714","134007006","chr4","122102176","122102468","7","11904538"
"chr4","134044149","134044484","chr21","36241504","36241839","62","97802645"
"chr4","134061239","134061533","chr4","122155325","122155621","9","11905914"
"chr4","134106056","134106363","chr4","122200297","122200602","7","11905759"
"chr4","134150217","134150490","chr1","11101164","11101446","44","123049053"
"chr4","134185454","134185718","chr4","122278665","122278929","5","11906789"
"chr4","134211423","134211716","chr3","183977758","183978052","37","49766335"
"chr4","134258585","134258896","chr4","122352350","122352659","8","11906235"
"chr4","134276635","134276881","chr4","122370400","122370645","3","11906235"
"chr4","134279389","134279691","chr4","122373154","122373447","11","11906235"
"chr4","134551367","134551453","chr22","21702520","21702606","8","112848847"
"chr4","134557836","134558138","chr1","8130637","8130940","41","126427199"
"chr4","134583737","134584039","chr1","8130637","8130940","41","126453100"
"chr4","134590422","134590508","chr22","21702520","21702606","8","112887902"
"chr4","134653964","134654273","chr4","122685635","122685944","4","11968329"
"chr4","134678037","134678338","chr4","122709649","122709954","9","11968388"
"chr4","134682884","134683006","chr1","52499794","52499911","13","82183090"
"chr4","134731812","134732160","chr4","122763538","122763881","11","11968274"
"chr4","134735977","134736287","chr4","122767699","122768010","6","11968278"
"chr4","134780207","134780533","chr22","45166268","45166585","54","89613939"
"chr4","134783170","134783488","chr4","122816313","122816631","3","11966857"
"chr4","134786054","134786358","chr4","122819197","122819495","12","11966857"
"chr4","134851441","134851765","chr4","122884212","122884536","1","11967229"
"chr4","134874016","134874316","chr4","122907126","122907434","13","11966890"
"chr4","134929040","134929335","chr4","122961508","122961795","18","11967532"
"chr4","134931757","134932058","chr4","122964222","122964518","12","11967535"
"chr4","135146433","135146695","chr4","123169518","123169780","5","11976915"
"chr4","135156876","135157182","chr4","123179938","123180244","7","11976938"
"chr4","135361674","135361981","chr3","71091906","71092216","39","64269768"
"chr4","135362166","135362482","chr4","123384690","123385006","6","11977476"
"chr4","135392291","135392565","chr4","123413738","123414012","1","11978553"
"chr4","135421899","135422188","chr4","123439212","123439501","4","11982687"
"chr4","135431048","135431349","chr4","123448394","123448688","11","11982654"
"chr4","135465025","135465316","chr7","43718974","43719267","42","91746051"
"chr4","135467906","135468216","chr4","123485222","123485532","4","11982684"
"chr4","135476414","135476722","chr4","123493700","123494007","7","11982714"
"chr4","135490470","135490754","chr4","123506874","123507159","5","11983596"
"chr4","135589214","135589521","chr4","123603492","123603799","5","11985722"
"chr4","135609587","135609893","chr4","123608051","123608357","7","12001536"
"chr4","135610191","135610426","chr12","106569120","106569355","28","29041071"
"chr4","135749288","135749589","chr2","23928307","23928594","55","111820981"
"chr4","135822490","135822786","chr4","123830276","123830584","19","11992214"
"chr4","136316277","136316573","chr4","124316778","124317071","9","11999499"
"chr4","136317169","136317452","chr7","140938434","140938726","42","4621265"
"chr4","136389614","136389907","chr4","124387945","124388240","6","12001669"
"chr4","136393341","136393472","chr1","155097151","155097285","14","18703810"
"chr4","136433849","136434151","chr4","124431129","124431404","41","12002720"
"chr4","136458794","136459091","chr4","124452694","124452994","13","12006100"
"chr4","136521335","136521625","chr4","124513450","124513732","11","12007885"
"chr4","136671166","136671470","chrX","119539250","119539554","48","17131916"
"chr4","136746175","136746455","chr3","124319711","124319995","38","12426464"
"chr4","136770102","136770398","chr4","124758243","124758536","9","12011859"
"chr4","136784204","136784531","chr4","124772363","124772703","24","12011841"
"chr4","136788430","136788715","chr4","124776610","124776896","5","12011820"
"chr4","136828426","136828702","chr4","186287312","186287592","47","49458886"
"chr4","136874655","136874952","chr4","124856271","124856564","10","12018384"
"chr4","136911577","136911852","chr4","124893090","124893375","12","12018487"
"chr4","136944390","136944668","chr4","124925809","124926091","7","12018581"
"chr4","136965192","136965426","chr4","124946939","124947173","3","12018253"
"chr4","136973065","136973349","chr2","113699644","113699926","36","23273421"
"chr4","137007696","137007984","chr4","124989400","124989689","8","12018296"
"chr4","137056434","137056740","chr4","125038519","125038836","15","12017915"
"chr4","137072118","137072414","chr16","18978346","18978643","36","118093772"
"chr4","137221023","137221328","chr4","125196981","125197259","30","12024042"
"chr4","137281683","137281827","chr9","72198114","72198257","14","65083569"
"chr4","137393850","137394017","chr15","42671127","42671286","33","94722723"
"chr4","137410807","137411108","chr2","159530689","159530991","43","22119882"
"chr4","137617183","137617502","chr4","125587703","125588021","12","12029480"
"chr4","137621717","137622007","chr4","125592205","125592495","11","12029512"
"chr4","137630379","137630515","chr4","125600860","125600996","2","12029519"
"chr4","137720901","137721210","chr8","58493718","58494026","43","79227183"
"chr4","137727741","137727972","chr4","125698496","125698727","4","12029245"
"chr4","137767661","137767964","chr4","125738077","125738370","16","12029584"
"chr4","137771899","137772190","chr4","125742329","125742619","5","12029570"
"chr4","137789168","137789481","chr4","125759329","125759642","18","12029839"
"chr4","137816595","137816921","chr4","125786643","125786966","13","12029952"
"chr4","137881841","137882135","chr4","125851212","125851506","3","12030629"
"chr4","138012857","138013129","chr4","125980782","125981054","6","12032075"
"chr4","138208037","138208363","chr4","126171325","126171638","17","12036712"
"chr4","138359781","138360032","chr4","126322556","126322805","4","12037225"
"chr4","138505993","138506294","chr4","126469672","126469972","4","12036321"
"chr4","138508267","138508556","chr4","126471917","126472207","3","12036350"
"chr4","138575136","138575431","chr4","126536236","126536531","7","12038900"
"chr4","138658088","138658390","chr4","126618988","126619301","22","12039100"
"chr4","138679164","138679490","chr4","126640082","126640408","11","12039082"
"chr4","138694632","138694946","chr7","25096729","25097037","48","113597903"
"chr4","138779810","138780108","chr4","126740041","126740341","7","12039769"
"chr4","138783966","138784266","chr4","126744172","126744482","15","12039794"
"chr4","138829342","138829646","chr4","126782757","126783056","13","12046585"
"chr4","138845912","138846183","chr14","36903366","36903642","48","101942546"
"chr4","138911609","138911912","chr4","126873016","126873319","8","12038593"
"chr4","138939176","138939474","chr4","126900551","126900856","8","12038625"
"chr4","138988459","138988750","chr4","126946292","126946569","19","12042167"
"chr4","139098987","139099276","chr4","127059061","127059365","33","12039926"
"chr4","139127221","139127517","chr4","127084400","127084693","7","12042821"
"chr4","139262805","139263113","chr4","127220953","127221256","12","12041852"
"chr4","139273023","139273305","chr4","127231165","127231447","2","12041858"
"chr4","139326070","139326306","chr4","127284072","127284308","2","12041998"
"chr4","139580327","139580624","chr17","57829828","57830125","33","81750499"
"chr4","139601075","139601370","chr4","127565816","127566109","4","12035259"
"chr4","139610729","139611024","chr3","123487258","123487549","39","16123471"
"chr4","139623369","139623675","chr4","127588196","127588502","4","12035173"
"chr4","139652974","139653267","chr4","127612882","127613172","10","12040092"
"chr4","139731563","139731778","chr4","127695328","127695543","8","12036235"
"chr4","139764258","139764543","chr3","183977758","183978052","38","44213500"
"chr4","139767590","139767869","chr12","120325233","120325499","52","19442357"
"chr4","139909571","139909867","chr4","127887898","127888207","16","12021673"
"chr4","139928345","139928645","chr4","127906676","127906976","7","12021669"
"chr4","139928672","139928980","chr4","127907003","127907309","11","12021669"
"chr4","139934945","139935255","chr4","127913381","127913690","8","12021564"
"chr4","139951901","139952182","chr4","8210490","8210774","52","131741411"
"chr4","139960278","139960590","chr4","127950776","127951085","7","12009502"
"chr4","139970302","139970602","chr14","50842718","50843018","34","89127584"
"chr4","139972280","139972539","chr4","127962216","127962475","6","12010064"
"chr4","139982443","139982585","chr4","127972563","127972705","0","12009880"
"chr4","139985730","139986003","chr4","127975844","127976117","6","12009886"
"chr4","139996944","139997230","chr4","127987071","127987357","2","12009873"
"chr4","139997301","139997609","chr4","127987428","127987736","3","12009873"
"chr4","140004782","140005068","chr4","127994893","127995179","5","12009889"
"chr4","140024091","140024386","chr4","128011981","128012276","8","12012110"
"chr4","140024894","140025199","chr4","128012784","128013086","8","12012110"
"chr4","140028604","140028901","chr4","128016493","128016791","4","12012111"
"chr4","140029028","140029326","chr4","128016918","128017217","4","12012110"
"chr4","140038901","140039205","chr4","128026779","128027082","9","12012122"
"chr4","140041672","140041968","chr4","128029542","128029838","2","12012130"
"chr4","140069813","140070105","chr4","128057956","128058251","11","12011857"
"chr4","140082272","140082417","chr4","128070682","128070825","5","12011590"
"chr4","140084404","140084701","chr4","181282993","181283289","33","41198589"
"chr4","140085370","140085666","chr4","128073573","128073889","24","12011797"
"chr4","140089050","140089328","chr4","128077217","128077498","10","12011833"
"chr4","140090163","140090443","chr4","128078334","128078612","7","12011829"
"chr4","140100512","140100709","chr4","128087023","128087220","8","12013489"
"chr4","140113140","140113337","chr4","128087023","128087220","8","12026117"
"chr4","140121281","140121478","chr4","128101192","128101386","6","12020089"
"chr4","140121734","140121865","chr4","128101647","128101778","1","12020087"
"chr4","140146035","140146342","chr4","128126114","128126422","4","12019921"
"chr4","140152153","140152439","chr4","128132259","128132545","8","12019894"
"chr4","140153593","140153892","chr4","55922113","55922411","32","84231480"
"chr4","140154718","140155015","chr4","128134823","128135098","22","12019895"
"chr4","140168420","140168726","chr4","128148620","128148926","4","12019800"
"chr4","140171411","140171707","chr4","128151609","128151903","11","12019802"
"chr4","140188124","140188400","chr4","128169659","128169935","4","12018465"
"chr4","140230473","140230610","chr2","173200799","173200931","18","32970326"
"chr4","140244272","140244560","chr10","84250953","84251239","41","55993319"
"chr4","140259901","140260000","chr20","35459032","35459130","15","104800869"
"chr4","140270318","140270616","chr4","128246878","128247174","6","12023440"
"chr4","140297470","140297792","chr4","128274243","128274537","39","12023227"
"chr4","140307214","140307344","chr4","128283977","128284110","10","12023237"
"chr4","140331796","140332100","chr2","23379964","23380259","49","116951832"
"chr4","140344235","140344493","chr12","121492348","121492607","31","18851887"
"chr4","140359628","140359894","chr4","128336463","128336731","12","12023165"
"chr4","140427191","140427466","chr16","14578985","14579267","43","125848206"
"chr4","140500632","140500917","chr4","128458210","128458495","6","12042422"
"chr4","140625393","140625712","chr4","128577442","128577746","20","12047951"
"chr4","140651391","140651681","chr4","128603460","128603749","6","12047931"
"chr4","140671365","140671636","chr4","128621423","128621693","14","12049942"
"chr4","140674230","140674530","chr4","128624299","128624599","17","12049931"
"chr4","140675026","140675332","chr9","127475734","127476036","50","13199292"
"chr4","140679203","140679470","chr4","128629285","128629552","4","12049918"
"chr4","140698669","140698989","chr4","128648697","128649015","8","12049972"
"chr4","140716946","140717256","chr4","128667038","128667348","4","12049908"
"chr4","140746288","140746556","chr4","128696378","128696661","26","12049910"
"chr4","140754867","140755159","chr4","128704973","128705267","5","12049894"
"chr4","140792907","140793205","chr4","128741228","128741523","16","12051679"
"chr4","140795273","140795589","chr4","128743579","128743891","11","12051694"
"chr4","140800985","140801109","chr4","128749195","128749319","1","12051790"
"chr4","140802666","140802977","chr4","128750898","128751212","11","12051768"
"chr4","140804276","140804570","chr4","128752522","128752827","17","12051754"
"chr4","140811991","140812278","chr4","128760264","128760548","6","12051727"
"chr4","140814926","140815234","chr4","128763167","128763476","7","12051759"
"chr4","140815413","140815724","chr4","128763655","128763964","5","12051758"
"chr4","140828114","140828433","chr4","128776358","128776665","17","12051756"
"chr4","140845961","140846270","chr4","128794755","128795065","7","12051206"
"chr4","140868166","140868449","chr2","96910798","96911067","51","43957368"
"chr4","140871426","140871726","chr1","220054605","220054907","7","79183179"
"chr4","140876359","140876659","chr4","173146944","173147242","43","32270585"
"chr4","140896971","140897271","chr4","128845633","128845937","19","12051338"
"chr4","140899513","140899814","chr4","128848176","128848474","13","12051337"
"chr4","140915611","140915899","chr4","128864149","128864437","3","12051462"
"chr4","140945746","140946050","chr4","128891644","128891944","7","12054102"
"chr4","140979109","140979401","chr4","128923172","128923465","8","12055937"
"chr4","140981285","140981562","chr4","128925346","128925623","6","12055939"
"chr4","141093916","141094218","chr4","129041744","129042046","6","12052172"
"chr4","141119660","141119956","chr4","129067514","129067810","9","12052146"
"chr4","141135063","141135367","chr4","129082912","129083216","11","12052151"
"chr4","141521328","141521354","chr4","129461668","129461694","0","12059660"
"chr4","141522058","141522170","chr4","129462398","129462509","2","12059660"
"chr4","141669367","141669687","chr4","129611605","129611924","8","12057762"
"chr4","141727819","141728070","chr4","129665078","129665351","28","12062741"
"chr4","141911316","141911599","chr4","129849624","129849916","17","12061692"
"chr4","142035087","142035425","chr4","129969866","129970167","38","12065221"
"chr4","142102720","142103025","chr4","130042373","130042678","3","12060347"
"chr4","142118270","142118429","chr9","36557231","36557385","38","105561039"
"chr4","142118461","142118548","chr1","146500257","146500343","17","4381796"
"chr4","142240681","142240833","chr4","130181272","130181424","4","12059409"
"chr4","142261749","142262013","chr12","117222269","117222534","59","25039480"
"chr4","142318002","142318129","chr4","130253138","130253265","3","12064864"
"chr4","142344856","142345166","chr21","42828525","42828842","58","99516331"
"chr4","142346709","142347022","chr4","130281974","130282251","53","12064735"
"chr4","142436539","142436815","chr1","26037257","26037533","39","116399282"
"chr4","142487440","142487744","chr4","130427904","130428208","32","12059536"
"chr4","142521989","142522262","chr4","130462339","130462606","15","12059650"
"chr4","142525712","142526009","chr4","130466052","130466349","4","12059660"
"chr4","142602062","142602370","chr4","130544010","130544317","4","12058052"
"chr4","142605068","142605369","chr4","130547017","130547321","11","12058051"
"chr4","142612083","142612381","chr4","130553983","130554292","14","12058100"
"chr4","142622469","142622780","chr4","130564389","130564700","13","12058080"
"chr4","142725286","142725553","chr4","130665413","130665672","10","12059873"
"chr4","142855940","142856251","chr4","130802640","130802951","5","12053300"
"chr4","142960273","142960581","chr4","130912726","130913033","5","12047547"
"chr4","143016146","143016429","chr4","130959300","130959584","5","12056846"
"chr4","143083836","143084132","chr4","131023084","131023381","8","12060752"
"chr4","143231867","143232156","chr4","131175904","131176193","6","12055963"
"chr4","143370248","143370527","chr4","131306055","131306349","20","12064193"
"chr4","143528762","143529041","chr4","131464612","131464888","14","12064150"
"chr4","143617127","143617439","chr4","131551837","131552143","12","12065290"
"chr4","143656985","143657282","chr4","131591066","131591379","23","12065919"
"chr4","143668065","143668366","chr4","131602149","131602445","12","12065916"
"chr4","143833810","143834096","chr9","41570363","41570670","31","102263447"
"chr4","144028394","144028695","chr4","131979628","131979929","5","12048766"
"chr4","144034568","144034861","chr4","131986171","131986461","5","12048397"
"chr4","144183729","144184040","chr4","132138143","132138453","5","12045586"
"chr4","144236753","144237070","chr4","132216794","132217105","11","12019959"
"chr4","144298556","144298849","chr4","132268872","132269165","6","12029684"
"chr4","144355778","144356063","chr4","132323041","132323326","4","12032737"
"chr4","144369174","144369489","chr17","2589757","2590063","62","141779417"
"chr4","144372110","144372408","chr4","132339309","132339607","6","12032801"
"chr4","144373008","144373283","chr4","132340211","132340486","4","12032797"
"chr4","144407157","144407286","chr4","132377173","132377310","8","12029984"
"chr4","144931154","144931433","chr4","132920668","132920947","4","12010486"
"chr4","144951824","144952136","chr4","132941384","132941698","9","12010440"
"chr4","144993086","144993370","chr4","132989071","132989351","10","12004015"
"chr4","145055205","145055532","chr4","133046882","133047209","5","12008323"
"chr4","145228111","145228421","chr4","133218681","133218991","7","12009430"
"chr4","145262409","145262719","chr4","133218681","133218991","7","12043728"
"chr4","145443488","145443757","chr4","133397331","133397597","8","12046157"
"chr4","145468510","145468814","chr4","133422406","133422706","10","12046104"
"chr4","145487072","145487355","chr4","133441031","133441314","6","12046041"
"chr4","145800644","145800917","chr4","133743875","133744172","27","12056769"
"chr4","145820215","145820480","chr4","133763474","133763730","12","12056741"
"chr4","145821277","145821570","chr4","133764527","133764824","8","12056750"
"chr4","146039220","146039531","chr4","133980876","133981174","28","12058344"
"chr4","146090330","146090607","chr4","134025049","134025330","6","12065281"
"chr4","146381201","146381480","chr20","18576385","18576652","51","127804816"
"chr4","146552957","146553259","chr4","134473028","134473331","8","12079929"
"chr4","146596794","146597098","chr4","134516721","134517036","20","12080073"
"chr4","146646408","146646699","chr4","134563002","134563295","8","12083406"
"chr4","146675210","146675521","chr4","134581956","134582268","6","12093254"
"chr4","146740408","146740699","chr4","134634384","134634675","4","12106024"
"chr4","146846323","146846460","chr6_GL000254v2_alt","203071","203203","40","146643252"
"chr4","146846495","146846614","chr19","50780727","50780846","18","96065768"
"chr4","146872241","146872507","chr2","120263563","120263829","58","26608678"
"chr4","146898747","146898963","chr1","240035909","240036115","44","93137162"
"chr4","146906738","146907037","chr4","134795740","134796040","9","12110998"
"chr4","146972389","146972526","chr4","134861418","134861555","2","12110971"
"chr4","147041789","147042096","chr2","134852883","134853191","51","12188906"
"chr4","147140096","147140407","chr15","34884125","34884435","45","112255971"
"chr4","147317251","147317554","chr4","135200894","135201198","9","12116357"
"chr4","147448486","147448766","chr4","135332126","135332411","12","12116360"
"chr4","147533436","147533685","chr4","135417270","135417519","7","12116166"
"chr4","147563041","147563338","chr4","135445506","135445810","11","12117535"
"chr4","147635886","147636195","chr4","135515707","135516017","8","12120179"
"chr4","147740712","147740983","chr10","23635242","23635516","38","124105470"
"chr4","147867866","147868131","chr4","135746536","135746801","5","12121330"
"chr4","147935719","147935999","chr4","135801701","135801981","10","12134018"
"chr4","148086477","148086773","chr4","135953543","135953839","14","12132934"
"chr4","148253959","148254258","chr4","136110491","136110785","18","12143468"
"chr4","148334984","148335295","chr4","136194142","136194451","8","12140842"
"chr4","148434646","148434944","chr4","136292317","136292612","6","12142329"
"chr4","148449615","148449919","chr14","49932723","49933025","57","98516892"
"chr4","148451367","148451471","chr4","136307260","136307364","1","12144107"
"chr4","148532123","148532432","chr4","136390286","136390595","5","12141837"
"chr4","148607958","148608259","chr4","136463329","136463630","6","12144629"
"chr4","148626397","148626684","chr4","37391922","37392207","62","111234475"
"chr4","148628152","148628463","chr4","136483385","136483678","29","12144767"
"chr4","148688330","148688613","chr4","136542342","136542622","10","12145988"
"chr4","148776385","148776698","chr4","136625648","136625948","15","12150737"
"chr4","148797467","148797786","chr15","73416256","73416563","51","75381211"
"chr4","149020950","149021258","chr4","136868990","136869298","8","12151960"
"chr4","149210701","149210992","chr5","149699711","149700008","70","489010"
"chr4","149307365","149307672","chr4","137144022","137144331","14","12163343"
"chr4","149386056","149386322","chr4","137222394","137222660","3","12163662"
"chr4","149492750","149493036","chr4","137328937","137329225","6","12163813"
"chr4","149527278","149527562","chr4","137363450","137363734","3","12163828"
"chr4","149533155","149533464","chr4","137369313","137369623","8","12163842"
"chr4","149548725","149549039","chr4","137384873","137385181","9","12163852"
"chr4","149588523","149588803","chr6","24445045","24445326","48","125143478"
"chr4","149591616","149591926","chr4","137427762","137428072","5","12163854"
"chr4","149610617","149610913","chr4","137446753","137447044","10","12163864"
"chr4","149634981","149635284","chr4","137471334","137471639","6","12163647"
"chr4","149666255","149666557","chr4","137508613","137508916","10","12157642"
"chr4","149667415","149667710","chr4","137509770","137510064","7","12157645"
"chr4","149674230","149674536","chr4","137516590","137516894","15","12157640"
"chr4","149707960","149708290","chr4","137550210","137550541","8","12157750"
"chr4","149724507","149724820","chr4","137566736","137567052","8","12157771"
"chr4","149776685","149776989","chr16","69845770","69846073","49","79930915"
"chr4","149791047","149791328","chr4","137634426","137634707","5","12156621"
"chr4","149957053","149957355","chr4","98927375","98927684","50","51029678"
"chr4","150013821","150014119","chr4","137858686","137858994","19","12155135"
"chr4","150014630","150014920","chr4","70767686","70767978","41","79246944"
"chr4","150021352","150021669","chr4","137866235","137866551","8","12155117"
"chr4","150110593","150110888","chr4","137951663","137951975","20","12158930"
"chr4","150166550","150166845","chr4","138007012","138007307","11","12159538"
"chr4","150221158","150221288","chr4","138061168","138061298","3","12159990"
"chr4","150221389","150221567","chr4","138061399","138061557","28","12159990"
"chr4","150269482","150269785","chr4","138109890","138110193","7","12159592"
"chr4","150288824","150289131","chr4","138128858","138129165","7","12159966"
"chr4","150310229","150310530","chr4","138150346","138150651","8","12159883"
"chr4","150320463","150320758","chr4","112753816","112754110","42","37566647"
"chr4","150404163","150404475","chr4","138246429","138246741","7","12157734"
"chr4","150558337","150558502","chr19","50561969","50562135","24","99996368"
"chr4","150558544","150558664","chr6","15024384","15024505","11","135534160"
"chr4","150572915","150573212","chr4","138402975","138403278","11","12169940"
"chr4","150616192","150616487","chrX","49182826","49183120","59","101433366"
"chr4","150655538","150655851","chr4","138482355","138482658","17","12173183"
"chr4","150964300","150964582","chr4","138774097","138774379","3","12190203"
"chr4","151016405","151016648","chr1","226196358","226196604","40","75179953"
"chr4","151049001","151049278","chr4","138864038","138864315","1","12184963"
"chr4","151090674","151090968","chr4","138904080","138904372","4","12186594"
"chr4","151136588","151136899","chrX","15615836","15616147","38","135520752"
"chr4","151141716","151141944","chr4","138956234","138956459","91","12185482"
"chr4","151153480","151153663","chr3","37191608","37191792","21","113961872"
"chr4","151171300","151171613","chr9","68929657","68929969","40","82241643"
"chr4","151173736","151174037","chr4","138989971","138990264","13","12183765"
"chr4","151174171","151174466","chr4","138990398","138990689","11","12183773"
"chr4","151180364","151180671","chr9","105121171","105121478","43","46059193"
"chr4","151183983","151184209","chr4","139000278","139000504","3","12183705"
"chr4","151196494","151196806","chr4","139012458","139012768","10","12184036"
"chr4","151204817","151205116","chr4","139020784","139021089","17","12184033"
"chr4","151206850","151207150","chr4","139022815","139023115","7","12184035"
"chr4","151208617","151208937","chr4","139024587","139024903","7","12184030"
"chr4","151216813","151217105","chr4","139033083","139033377","7","12183730"
"chr4","151221661","151221957","chr4","139037919","139038196","26","12183742"
"chr4","151245405","151245699","chr4","139061178","139061474","14","12184227"
"chr4","151254563","151254855","chr4","139070298","139070588","7","12184265"
"chr4","151279551","151279689","chr10","10024854","10024995","26","141254697"
"chr4","151279731","151280013","chr11","9303018","9303302","68","141976713"
"chr4","151280362","151280656","chr6","24406492","24406784","54","126873870"
"chr4","151281252","151281530","chr4","139097367","139097646","9","12183885"
"chr4","151288115","151288419","chr4","139104228","139104537","6","12183887"
"chr4","151303733","151304018","chr4","139119769","139120073","20","12183964"
"chr4","151337519","151337828","chr12","50382418","50382728","50","100955101"
"chr4","151341214","151341351","chr8","138226859","138226996","11","13114355"
"chr4","151345093","151345402","chr4","139160681","139160990","7","12184412"
"chr4","151353497","151353802","chr4","139169066","139169366","27","12184431"
"chr4","151370164","151370326","chr4","47673228","47673391","24","103696936"
"chr4","151370360","151370479","chr6","168623516","168623635","15","17253156"
"chr4","151373097","151373406","chr17","39977283","39977591","42","111395814"
"chr4","151391194","151391480","chr4","139203470","139203757","7","12187724"
"chr4","151391481","151391782","chr1","61780182","61780486","39","89611299"
"chr4","151393588","151393897","chr4","139205863","139206174","7","12187725"
"chr4","151398506","151398837","chr4","139210777","139211091","26","12187729"
"chr4","151419954","151420237","chr4","139231917","139232196","10","12188037"
"chr4","151445780","151446080","chr4","139257737","139258038","7","12188043"
"chr4","151468651","151468959","chr4","139280794","139281102","10","12187857"
"chr4","151493613","151493838","chr4","139303515","139303740","2","12190098"
"chr4","151510210","151510362","chr2","136320755","136320900","42","15189455"
"chr4","151510628","151510758","chr9","96256352","96256482","30","55254276"
"chr4","151512541","151512833","chr4","139322698","139322990","4","12189843"
"chr4","151518054","151518355","chr7","129971901","129972202","39","21546153"
"chr4","151521280","151521601","chr4","139331435","139331764","20","12189845"
"chr4","151524928","151525249","chr4","139331435","139331764","20","12193493"
"chr4","151532795","151533089","chr4","139338816","139339110","5","12193979"
"chr4","151534017","151534317","chr16","71639987","71640280","58","79894030"
"chr4","151545761","151546056","chr4","139352113","139352408","3","12193648"
"chr4","151567300","151567615","chr4","139373691","139374004","3","12193609"
"chr4","151573356","151573643","chr4","139379762","139380051","10","12193594"
"chr4","151577079","151577368","chr4","139383481","139383770","5","12193598"
"chr4","151590718","151591007","chr5","179692082","179692374","53","28101364"
"chr4","151628687","151628978","chr7","66166618","66166913","64","85462069"
"chr4","151641839","151642125","chr4","139448433","139448717","9","12193406"
"chr4","151644780","151645078","chr4","139451364","139451673","17","12193416"
"chr4","151659011","151659268","chr4","139463178","139463435","7","12195833"
"chr4","151705172","151705468","chr4","139505307","139505603","4","12199865"
"chr4","151712965","151713272","chr4","139513138","139513443","8","12199827"
"chr4","151722560","151722866","chr4","139522742","139523053","11","12199818"
"chr4","151738084","151738377","chr4","139538331","139538622","6","12199753"
"chr4","151770314","151770612","chr4","139570239","139570537","6","12200075"
"chr4","151771095","151771388","chr4","139571020","139571318","10","12200075"
"chr4","151772274","151772573","chr4","139572199","139572499","8","12200075"
"chr4","151777130","151777438","chr4","139577055","139577363","8","12200075"
"chr4","151779652","151779957","chr4","139579604","139579904","13","12200048"
"chr4","151783287","151783598","chr4","139583246","139583557","5","12200041"
"chr4","151800444","151800742","chr4","139600385","139600689","9","12200059"
"chr4","151814219","151814505","chr4","139614177","139614463","11","12200042"
"chr4","151814594","151814896","chr4","139614558","139614860","5","12200036"
"chr4","151816953","151817234","chr4","139616919","139617212","17","12200034"
"chr4","151819990","151820282","chr4","139619960","139620251","7","12200030"
"chr4","151823892","151824202","chr4","139623854","139624155","16","12200038"
"chr4","151859845","151860140","chr4","139659744","139660036","7","12200101"
"chr4","151871970","151872277","chr4","139671632","139671941","12","12200338"
"chr4","151872934","151873183","chr4","139672599","139672851","8","12200335"
"chr4","151874841","151875133","chr4","139674503","139674794","11","12200338"
"chr4","151885982","151886275","chr4","139685670","139685963","4","12200312"
"chr4","151889139","151889450","chr4","139688825","139689128","15","12200314"
"chr4","151890321","151890611","chr4","139690002","139690291","7","12200319"
"chr4","151931309","151931609","chr4","139727934","139728236","8","12203375"
"chr4","151994454","151994754","chr4","139791216","139791521","12","12203238"
"chr4","152058572","152058855","chr14","36903366","36903642","60","115155206"
"chr4","152087255","152087564","chr4","139879244","139879555","9","12208011"
"chr4","152089675","152089964","chrX","1304995","1305286","41","150784680"
"chr4","152115210","152115340","chr4","139927091","139927222","5","12188119"
"chr4","152125603","152125898","chr16","30411037","30411333","37","121714566"
"chr4","152176982","152177277","chr4","139993070","139993367","7","12183912"
"chr4","152195489","152195775","chr4","140010821","140011112","16","12184668"
"chr4","152200281","152200524","chr7","122962033","122962272","47","29238248"
"chr4","152210912","152211197","chr4","140026268","140026553","11","12184644"
"chr4","152225986","152226298","chr15","71404880","71405188","50","80821106"
"chr4","152275600","152275884","chr4","140090769","140091078","31","12184831"
"chr4","152289218","152289510","chr16","8582608","8582890","64","143706610"
"chr4","152354331","152354643","chr1","201785789","201786092","37","49431458"
"chr4","152391926","152392239","chr5","101322966","101323273","36","51068960"
"chr4","152449898","152450066","chr4","140275817","140275991","14","12174081"
"chr4","152450375","152450511","chr4","140276302","140276438","1","12174073"
"chr4","152527285","152527465","chr15","69278149","69278330","28","83249136"
"chr4","152618505","152618797","chr4","140475804","140476111","19","12142701"
"chr4","152646193","152646503","chr4","140503490","140503800","7","12142703"
"chr4","152725398","152725699","chr4","140581913","140582214","2","12143485"
"chr4","152808692","152808983","chr2","215516343","215516636","49","62707651"
"chr4","152809459","152809765","chr1","201785789","201786092","47","48976330"
"chr4","152833050","152833354","chr4","140672879","140673183","5","12160171"
"chr4","152854190","152854498","chr4","140694289","140694598","4","12159901"
"chr4","152864020","152864333","chr4","140704116","140704430","13","12159904"
"chr4","152878624","152878962","chr4","140718802","140719115","32","12159822"
"chr4","152883135","152883428","chr4","140723340","140723633","5","12159795"
"chr4","152885776","152886099","chr4","140725986","140726301","14","12159790"
"chr4","152888455","152888752","chr4","140728666","140728963","6","12159789"
"chr4","152914220","152914524","chr4","140754332","140754643","9","12159888"
"chr4","152918744","152919033","chr4","140758859","140759148","2","12159885"
"chr4","152921202","152921505","chr4","140761319","140761622","1","12159883"
"chr4","152926465","152926770","chr4","140766528","140766825","15","12159937"
"chr4","152932552","152932854","chr4","140772657","140772959","5","12159895"
"chr4","152933807","152934098","chr12","31735913","31736205","39","121197894"
"chr4","152958380","152958681","chr4","140798564","140798873","18","12159816"
"chr4","152964439","152964747","chr4","140804648","140804940","22","12159791"
"chr4","153033521","153033849","chr4","180310858","180311169","87","27277337"
"chr4","153045028","153045233","chr4","140885697","140885902","3","12159331"
"chr4","153087627","153087919","chr4","140929872","140930164","6","12157755"
"chr4","153111811","153112102","chr4","140954209","140954506","10","12157602"
"chr4","153123647","153123940","chr4","140966055","140966353","12","12157592"
"chr4","153180495","153180785","chr4","141023259","141023552","8","12157236"
"chr4","153255980","153256282","chr4","141101779","141102081","2","12154201"
"chr4","153370555","153370852","chr4","141212922","141213217","7","12157633"
"chr4","153457910","153458223","chr2","127668387","127668698","48","25789523"
"chr4","153462785","153462934","chr9","72198114","72198257","21","81264671"
"chr4","153698891","153699174","chr4","141536745","141537028","5","12162146"
"chr4","153701949","153702251","chr4","141539807","141540109","4","12162142"
"chr4","153706271","153706581","chr4","141544134","141544439","18","12162137"
"chr4","153939605","153939890","chr4","141775504","141775790","6","12164101"
"chr4","154027756","154028037","chr4","141876475","141876756","0","12151281"
"chr4","154170993","154171280","chr16","77924467","77924758","41","76246526"
"chr4","154287993","154288277","chr4","142139322","142139606","3","12148671"
"chr4","154585405","154585484","chr13","34106335","34106417","12","120479070"
"chr4","154606425","154606724","chr4","142451247","142451550","8","12155178"
"chr4","154667929","154668186","chr4","142508313","142508572","4","12159616"
"chr4","154743120","154743426","chr3","41706546","41706847","59","113036574"
"chr4","154752966","154753248","chr4","142595850","142596144","17","12157116"
"chr4","154854744","154855055","chr4","142694091","142694401","8","12160653"
"chr4","154927360","154927671","chr4","142766376","142766676","15","12160984"
"chr4","154998406","154998683","chr4","142836884","142837159","10","12161522"
"chr4","155122273","155122572","chr4","142976854","142977160","14","12145419"
"chr4","155154705","155154985","chr4","143001046","143001340","20","12153659"
"chr4","155162890","155163199","chr15","51628717","51629025","8","103534173"
"chr4","155174505","155174794","chr8","101056986","101057277","36","54117519"
"chr4","155299070","155299364","chr4","143131165","143131459","4","12167905"
"chr4","155339466","155339698","chr4","143165833","143166067","8","12173633"
"chr4","155387259","155387554","chr4","143210307","143210598","10","12176952"
"chr4","155415494","155415717","chr4","143238479","143238698","8","12177015"
"chr4","155416156","155416452","chr4","143239137","143239434","8","12177019"
"chr4","155434006","155434303","chr4","580416","580706","42","154853590"
"chr4","155460686","155460967","chr17","35697682","35697963","39","119763004"
"chr4","155472401","155472690","chr22","36457304","36457603","38","119015097"
"chr4","155483932","155484237","chr4","143305162","143305465","11","12178770"
"chr4","155493958","155494256","chr6","19862517","19862821","47","135631441"
"chr4","155505933","155506240","chr4","143327194","143327497","11","12178739"
"chr4","155509866","155510176","chr4","27476382","27476693","47","128033484"
"chr4","155512641","155512946","chr4","143333894","143334202","9","12178747"
"chr4","155551061","155551187","chr4","143372043","143372158","12","12179018"
"chr4","155595457","155595747","chr4","143416489","143416779","9","12178968"
"chr4","155596384","155596680","chr13","99213820","99214118","35","56382564"
"chr4","155608014","155608323","chr4","143429098","143429403","8","12178916"
"chr4","155641572","155641874","chr4","143462659","143462961","8","12178913"
"chr4","155645383","155645685","chr4","143466481","143466789","11","12178902"
"chr4","155700868","155701165","chr4","143523029","143523326","5","12177839"
"chr4","155708679","155708980","chr4","143530818","143531119","4","12177861"
"chr4","155736134","155736415","chr4","143557974","143558255","2","12178160"
"chr4","155745628","155745931","chr4","143567493","143567802","11","12178135"
"chr4","155751477","155751788","chr4","143573314","143573625","5","12178163"
"chr4","155831781","155832076","chr1","67475157","67475463","53","88356624"
"chr4","155833261","155833556","chr4","143654108","143654403","10","12179153"
"chr4","155986835","155987132","chr4","143780700","143780996","6","12206135"
"chr4","156009047","156009274","chr15","45516587","45516810","42","110492460"
"chr4","156107394","156107644","chr4","143923437","143923687","2","12183957"
"chr4","156148752","156149045","chr20","31978854","31979149","43","124169898"
"chr4","156209643","156209782","chr4","140276302","140276438","17","15933341"
"chr4","156243380","156243683","chr4","144033692","144033996","10","12209688"
"chr4","156338708","156339009","chr2","210262808","210263103","45","53924100"
"chr4","156478030","156478211","chr4","144255609","144255791","8","12222421"
"chr4","156478510","156478635","chr4","144256092","144256217","5","12222418"
"chr4","156551981","156552289","chr4","144326795","144327114","21","12225186"
"chr4","156729036","156729336","chr4","144504321","144504621","5","12224715"
"chr4","156737616","156737735","chr1","10183170","10183289","13","146554446"
"chr4","156743391","156743697","chr4","144533546","144533845","42","12209845"
"chr4","156760639","156760935","chr4","144539765","144540061","5","12220874"
"chr4","156770164","156770186","chr4","28446107","28446127","5","128324057"
"chr4","156770213","156770495","chr4","144549334","144549627","17","12220879"
"chr4","156849304","156849613","chr4","144628415","144628724","4","12220889"
"chr4","156853439","156853753","chr1","8130637","8130940","47","148722802"
"chr4","156886099","156886396","chr4","144663008","144663304","5","12223091"
"chr4","156888156","156888451","chr4","144665085","144665357","28","12223071"
"chr4","156891147","156891440","chr16","70820658","70820948","40","86070489"
"chr4","156945626","156945924","chr4","144722572","144722869","7","12223054"
"chr4","157120461","157120756","chr4","144888679","144888973","4","12231782"
"chr4","157198481","157198791","chr4","144937392","144937698","16","12261089"
"chr4","157301782","157302074","chr4","145038544","145038849","18","12263238"
"chr4","157324812","157325066","chr7","142691119","142691369","41","14633693"
"chr4","157350844","157351150","chr4","145087765","145088070","11","12263079"
"chr4","157359996","157360287","chrX","47478232","47478526","53","109881764"
"chr4","157416855","157417181","chr4","145152716","145153033","32","12264139"
"chr4","157424642","157424929","chr4","145160531","145160818","5","12264111"
"chr4","157433586","157433868","chr4","145169489","145169771","7","12264097"
"chr4","157452684","157452850","chr7","140632865","140633028","20","16819819"
"chr4","157453143","157453279","chr15","59151631","59151766","15","98301512"
"chr4","157455437","157455728","chr4","145191598","145191904","18","12263839"
"chr4","157459716","157460011","chr4","145195852","145196152","12","12263864"
"chr4","157494017","157494327","chr14","81572256","81572569","54","75921761"
"chr4","157498923","157499222","chr1","10111675","10111978","45","147387248"
"chr4","157510090","157510390","chr16","69387855","69388152","36","88122235"
"chr4","157535903","157536206","chr4","145271704","145272007","5","12264199"
"chr4","157538595","157538899","chr4","145274401","145274705","3","12264194"
"chr4","157554840","157555135","chr4","145288993","145289289","7","12265847"
"chr4","157579547","157579838","chr4","145313674","145313964","5","12265873"
"chr4","157587728","157587994","chr4","145321930","145322196","4","12265798"
"chr4","157591928","157592232","chr4","145326117","145326421","5","12265811"
"chr4","157615757","157616050","chr4","145349800","145350093","11","12265957"
"chr4","157619195","157619396","chr12","25362124","25362331","43","132257071"
"chr4","157753032","157753336","chr4","145447239","145447543","5","12305793"
"chr4","157785940","157786225","chr4","145479917","145480188","18","12306023"
"chr4","157833703","157833903","chr4","145527864","145528060","12","12305839"
"chr4","157833935","157833946","chr19","5538599","5538609","3","152295336"
"chr4","157834235","157834373","chr4","145528403","145528541","2","12305832"
"chr4","157856079","157856395","chr4","145550255","145550571","10","12305824"
"chr4","157862235","157862490","chr4","145556449","145556708","12","12305786"
"chr4","157870831","157871054","chr1","189509983","189510213","41","31639152"
"chr4","157875766","157875966","chr4","145527864","145528060","12","12347902"
"chr4","157875998","157876009","chr19","5538599","5538609","3","152337399"
"chr4","157876298","157876436","chr4","145528403","145528541","2","12347895"
"chr4","157898372","157898637","chr18","869995","870260","42","157028377"
"chr4","157912898","157913201","chr4","145565038","145565336","15","12347860"
"chr4","157921367","157921540","chr4","145573492","145573661","11","12347875"
"chr4","157921598","157921716","chr4","145573715","145573833","6","12347883"
"chr4","157933390","157933677","chr4","145585111","145585398","3","12348279"
"chr4","157966290","157966599","chr4","145615932","145616244","13","12350358"
"chr4","157984407","157984619","chrX","19189550","19189763","26","138794857"
"chr4","158039625","158039926","chr11","122708292","122708593","38","35331333"
"chr4","158098171","158098477","chr4","145754654","145754960","4","12343517"
"chr4","158111770","158112058","chr4","145768175","145768464","7","12343595"
"chr4","158126512","158126818","chr4","145754654","145754960","4","12371858"
"chr4","158134107","158134409","chr11","46878275","46878573","42","111255832"
"chr4","158154460","158154676","chr12","57770321","57770529","47","100384139"
"chr4","158199303","158199614","chr2","111234699","111235009","31","46964604"
"chr4","158225017","158225326","chr4","145872595","145872904","6","12352422"
"chr4","158499479","158499779","chr4","146150325","146150627","7","12349154"
"chr4","158513506","158513804","chr4","146164394","146164692","6","12349112"
"chr4","158521357","158521630","chr4","146172238","146172520","14","12349119"
"chr4","158538119","158538405","chr4","147647521","147647809","47","10890598"
"chr4","158545216","158545491","chr4","146196102","146196377","3","12349114"
"chr4","158568772","158569076","chr20","31978854","31979149","52","126589918"
"chr4","158590638","158590954","chr4","146240477","146240764","32","12350161"
"chr4","158717041","158717330","chr4","146374307","146374594","9","12342734"
"chr4","158790110","158790413","chr11_KI270927v1_alt","67064","67372","36","158723046"
"chr4","158883236","158883548","chr4","146548947","146549256","8","12334289"
"chr4","159089969","159090052","chr4","146765417","146765500","3","12324552"
"chr4","159142415","159142695","chr4","146810586","146810867","12","12331829"
"chr4","159186745","159186881","chr4","146855012","146855148","2","12331733"
"chr4","159186882","159187184","chr4","146855149","146855449","4","12331733"
"chr4","159240699","159240995","chr4","146906840","146907136","3","12333859"
"chr4","159544861","159545168","chr4","147211729","147212038","14","12333132"
"chr4","159558239","159558525","chr6","150873679","150873970","44","8684560"
"chr4","159626234","159626532","chr4","147289707","147290005","6","12336527"
"chr4","159699098","159699366","chr4","147364850","147365118","1","12334248"
"chr4","159842790","159843105","chr21","31657373","31657679","48","128185417"
"chr4","159912203","159912532","chr4","147572102","147572409","31","12340101"
"chr4","159913746","159914070","chr4","147573622","147573953","11","12340124"
"chr4","159950110","159950408","chr4","147609687","147609990","7","12340423"
"chr4","159963552","159963848","chr4","147623165","147623460","6","12340387"
"chr4","159982124","159982392","chr5","142018922","142019188","46","17963202"
"chr4","159982674","159982970","chr4","147642244","147642539","9","12340430"
"chr4","159999267","159999328","chrY","6930462","6930515","18","153068805"
"chr4","160018115","160018381","chr4","147676796","147677062","4","12341319"
"chr4","160018765","160019070","chr4","147677446","147677756","14","12341319"
"chr4","160035752","160036046","chr4","147694373","147694665","12","12341379"
"chr4","160056207","160056513","chr4","147715189","147715502","13","12341018"
"chr4","160066115","160066413","chr5","80485942","80486237","47","79580173"
"chr4","160092957","160093257","chr4","147751369","147751666","7","12341588"
"chr4","160100343","160100647","chr4","147758697","147758991","13","12341646"
"chr4","160103687","160103995","chr4","147762006","147762307","13","12341681"
"chr4","160110650","160110954","chr4","147768732","147769037","10","12341918"
"chr4","160112167","160112273","chr20","33869939","33870052","24","126242228"
"chr4","160112274","160112473","chr4","52634530","52634724","32","107477744"
"chr4","160120266","160120551","chr4","147776234","147776519","5","12344032"
"chr4","160147351","160147632","chr4","147792868","147793150","8","12354483"
"chr4","160152910","160153049","chr15","89678054","89678192","16","70474856"
"chr4","160175297","160175589","chr4","147820581","147820889","20","12354716"
"chr4","160235649","160235937","chr5","179692082","179692374","37","19456433"
"chr4","160238323","160238628","chr14","91962737","91963042","38","68275586"
"chr4","160241411","160241703","chr4","147886764","147887056","8","12354647"
"chr4","160262523","160262799","chr4","147907863","147908143","5","12354660"
"chr4","160274209","160274517","chr4","147919568","147919879","11","12354641"
"chr4","160301705","160302008","chr4","147947406","147947702","15","12354299"
"chr4","160316986","160317268","chr4","147962678","147962960","3","12354308"
"chr4","160364951","160365256","chr4","148009124","148009431","8","12355827"
"chr4","160373064","160373338","chr2","219822907","219823178","47","59449843"
"chr4","160416503","160416783","chr4","148055408","148055706","25","12361095"
"chr4","160447484","160447792","chr4","148086454","148086761","3","12361030"
"chr4","160469133","160469430","chr4","148108097","148108402","10","12361036"
"chr4","160575060","160575372","chr4","148208961","148209267","16","12366099"
"chr4","160647337","160647629","chr4","148282037","148282329","6","12365300"
"chr4","160720148","160720438","chr4","148361844","148362138","10","12358304"
"chr4","160866238","160866506","chr4","148505881","148506149","4","12360357"
"chr4","160942351","160942628","chr4","148579654","148579931","13","12362697"
"chr4","161025989","161026289","chr4","148662395","148662697","7","12363594"
"chr4","161070422","161070469","chr7","5656286","5656333","11","155414136"
"chr4","161165816","161166110","chr6","10651255","10651551","52","150514561"
"chr4","161222773","161223077","chr4","148864248","148864537","20","12358525"
"chr4","161258443","161258756","chr4","148887800","148888104","15","12370643"
"chr4","161472606","161472916","chr4","149102145","149102462","17","12370461"
"chr4","161501002","161501243","chr7","77789400","77789637","41","83711602"
"chr4","161597895","161598187","chr4","149228977","149229268","5","12368918"
"chr4","161635980","161636281","chr4","149267949","149268251","5","12368031"
"chr4","161646683","161646964","chr4","149278707","149278988","8","12367976"
"chr4","161719023","161719316","chr4","149351041","149351339","13","12367982"
"chr4","161875613","161875928","chr4","149511237","149511573","23","12364376"
"chr4","161892683","161892966","chr4","149529081","149529364","3","12363602"
"chr4","161961847","161962152","chr8","104852442","104852744","37","57109405"
"chr4","161998057","161998331","chr4","149634000","149634274","7","12364057"
"chr4","162175230","162175518","chr18","23695540","23695826","60","138479690"
"chr4","162257354","162257660","chr4","149880775","149881087","8","12376579"
"chr4","162268724","162269036","chr4","149892107","149892418","7","12376617"
"chr4","162270595","162270936","chr4","149893976","149894315","12","12376619"
"chr4","162335688","162335951","chr4","38494938","38495198","49","123840750"
"chr4","162339883","162340176","chr4","149953063","149953356","3","12386820"
"chr4","162383480","162383775","chr4","149996599","149996905","17","12386881"
"chr4","162417894","162418181","chr4","150030974","150031261","4","12386920"
"chr4","162436078","162436393","chr4","150049172","150049477","18","12386906"
"chr4","162455873","162456188","chr6","151209981","151210292","47","11245892"
"chr4","162505613","162505923","chr21","43751267","43751554","62","118754346"
"chr4","162512533","162512835","chr4","150125608","150125909","6","12386925"
"chr4","162536481","162536791","chr4","150148751","150149064","11","12387730"
"chr4","162545170","162545483","chr4","150157529","150157811","44","12387641"
"chr4","162588632","162588896","chr4","150200853","150201117","2","12387779"
"chr4","162592396","162592690","chr4","150204611","150204904","11","12387785"
"chr4","162602439","162602732","chr4","150214681","150214981","15","12387758"
"chr4","162720914","162721216","chr10","30530750","30531052","43","132190164"
"chr4","162726428","162726719","chr4","150341176","150341467","3","12385252"
"chr4","162758487","162758786","chr4","150382342","150382640","7","12376145"
"chr4","162776228","162776507","chr4","150399702","150399971","18","12376526"
"chr4","162810966","162811281","chr4","6865291","6865600","44","155945675"
"chr4","162877178","162877462","chr7","4540421","4540711","53","158336757"
"chr4","162884452","162884604","chr12","126714669","126714804","30","36169783"
"chr4","162885873","162886172","chr4","150509855","150510154","3","12376018"
"chr4","162914219","162914518","chr4","150537669","150537964","8","12376550"
"chr4","163005348","163005653","chr4","150629357","150629662","6","12375991"
"chr4","163039050","163039330","chr4","150666251","150666530","6","12372799"
"chr4","163050740","163051052","chr4","150677958","150678268","9","12372782"
"chr4","163083665","163083964","chr4","150711238","150711536","13","12372427"
"chr4","163094820","163095127","chr4","150721625","150721916","27","12373195"
"chr4","163116133","163116431","chr4","150742972","150743269","8","12373161"
"chr4","163143247","163143561","chr4","150768928","150769244","16","12374319"
"chr4","163182192","163182496","chr4","150807665","150807949","27","12374527"
"chr4","163206847","163207133","chr4","150832315","150832601","5","12374532"
"chr4","163233057","163233350","chr19","5845550","5845850","50","157387507"
"chr4","163239261","163239557","chr4","150864642","150864935","9","12374619"
"chr4","163243276","163243572","chrX","18462742","18463053","52","144780534"
"chr4","163275857","163276147","chr4","150901016","150901306","7","12374841"
"chr4","163293320","163293620","chr4","150918467","150918767","5","12374853"
"chr4","163296414","163296575","chr4","150921568","150921729","5","12374846"
"chr4","163296870","163297007","chr4","150922023","150922160","1","12374847"
"chr4","163308002","163308274","chr4","150933107","150933382","6","12374895"
"chr4","163335445","163335751","chr2","46064000","46064308","34","117271445"
"chr4","163342642","163342957","chr4","150975248","150975560","15","12367394"
"chr4","163343282","163343605","chr4","150975880","150976203","15","12367402"
"chr4","163356440","163356750","chr4","150988991","150989301","8","12367449"
"chr4","163365182","163365488","chr4","150997695","150998003","7","12367487"
"chr4","163370633","163370931","chr4","151003114","151003418","12","12367519"
"chr4","163380449","163380704","chr12","64626254","64626508","42","98754195"
"chr4","163388366","163388676","chr4","151020758","151021075","15","12367608"
"chr4","163388733","163389028","chr20","31978854","31979149","73","131409879"
"chr4","163391375","163391682","chr4","151023783","151024092","12","12367592"
"chr4","163396773","163396912","chr4","151029172","151029311","2","12367601"
"chr4","163397228","163397396","chr4","151029625","151029793","8","12367603"
"chr4","163401631","163401935","chr4","151034340","151034640","14","12367291"
"chr4","163411277","163411585","chr4","151042864","151043157","20","12368413"
"chr4","163411678","163411974","chr4","151043250","151043546","10","12368428"
"chr4","163429620","163429930","chr4","151057749","151058060","4","12371871"
"chr4","163432767","163432842","chr19","9550571","9550647","7","153882196"
"chr4","163435156","163435451","chr4","151063370","151063664","5","12371786"
"chr4","163436454","163436758","chr4","151064668","151064972","7","12371786"
"chr4","163440042","163440351","chr4","151068280","151068588","13","12371762"
"chr4","163443088","163443382","chr4","151071303","151071600","9","12371785"
"chr4","163450244","163450337","chr4","151078522","151078615","3","12371722"
"chr4","163457777","163458073","chr4","151085167","151085451","16","12372610"
"chr4","163462626","163462942","chr4","151090006","151090319","14","12372620"
"chr4","163470050","163470312","chr4","151097445","151097709","12","12372605"
"chr4","163477874","163477968","chr1","155115391","155115483","17","8362483"
"chr4","163482246","163482527","chr12","120946911","120947190","38","42535335"
"chr4","163483215","163483531","chr4","151110604","151110921","8","12372611"
"chr4","163490981","163491291","chr4","151117808","151118118","8","12373173"
"chr4","163503322","163503614","chr4","151129377","151129669","7","12373945"
"chr4","163504110","163504416","chr8","29256747","29257054","57","134247363"
"chr4","163520472","163520774","chr4","151146541","151146825","23","12373931"
"chr4","163524836","163525146","chr4","151150956","151151260","12","12373880"
"chr4","163526386","163526689","chr4","151152517","151152813","13","12373869"
"chr4","163527701","163527872","chr4","151153957","151154128","2","12373744"
"chr4","163528176","163528323","chr4","151154434","151154578","3","12373742"
"chr4","163528501","163528792","chr4","151154760","151155051","7","12373741"
"chr4","163529346","163529637","chr4","151155604","151155898","8","12373742"
"chr4","163537588","163537899","chr4","151163569","151163882","12","12374019"
"chr4","163551210","163551525","chr4","151177332","151177647","13","12373878"
"chr4","163583178","163583476","chr4","151209282","151209579","12","12373896"
"chr4","163595341","163595631","chr4","151222668","151222966","11","12372673"
"chr4","163605540","163605830","chr4","151231902","151232192","9","12373638"
"chr4","163620268","163620566","chr4","151245605","151245901","13","12374663"
"chr4","163625851","163626161","chr4","151251187","151251499","9","12374664"
"chr4","163638478","163638772","chr4","151265565","151265884","46","12372913"
"chr4","163664925","163665149","chr4","151288465","151288693","8","12376460"
"chr4","163686972","163687260","chr4","151310581","151310872","4","12376391"
"chr4","163713213","163713516","chr4","151336517","151336820","2","12376696"
"chr4","163716718","163717020","chr4","151340008","151340311","4","12376710"
"chr4","163718423","163718663","chr4","151341709","151341947","5","12376714"
"chr4","163729033","163729324","chr1","150118411","150118705","43","13610622"
"chr4","163741222","163741371","chr4","151364329","151364478","0","12376893"
"chr4","163742459","163742773","chr4","151365456","151365763","19","12377003"
"chr4","163744336","163744645","chr4","151367312","151367613","15","12377024"
"chr4","163748602","163748903","chr4","151371585","151371883","6","12377017"
"chr4","163752841","163753149","chr4","151375810","151376114","9","12377031"
"chr4","163760261","163760569","chr4","151383205","151383513","7","12377056"
"chr4","163766117","163766421","chr6","33970148","33970457","54","129795969"
"chr4","163770679","163770972","chr4","151395473","151395764","4","12375206"
"chr4","163788916","163789221","chr4","151413449","151413754","6","12375467"
"chr4","163825308","163825621","chr4","151450764","151451077","10","12374544"
"chr4","163880054","163880358","chr4","151496564","151496861","34","12383490"
"chr4","163939785","163940092","chr4","151558255","151558532","33","12381530"
"chr4","163993380","163993691","chr4","151608035","151608344","7","12385345"
"chr4","163997726","163998030","chr4","151612377","151612681","3","12385349"
"chr4","164002108","164002396","chr4","151616755","151617043","9","12385353"
"chr4","164002955","164003258","chr4","151617604","151617899","16","12385351"
"chr4","164158803","164159103","chr6","87486896","87487198","55","76671907"
"chr4","164188649","164188954","chr4","54118558","54118862","37","110070091"
"chr4","164202133","164202439","chr7","51273048","51273357","68","112929085"
"chr4","164255472","164255769","chr4","151868490","151868814","33","12386982"
"chr4","164331275","164331581","chr4","151932075","151932387","14","12399200"
"chr4","164486380","164486662","chr4","152087831","152088113","1","12398549"
"chr4","164580945","164581256","chr4","152173126","152173437","12","12407819"
"chr4","164599130","164599424","chr4","152191291","152191585","8","12407839"
"chr4","164638793","164639091","chr4","152230863","152231160","14","12407930"
"chr4","164639099","164639230","chr12","51308837","51308968","11","113330262"
"chr4","164641158","164641457","chr4","152233091","152233396","10","12408067"
"chr4","164769644","164769923","chr4","152361697","152361988","20","12407947"
"chr4","164811545","164811847","chr4","152403196","152403496","8","12408349"
"chr4","164840920","164841215","chr4","152432526","152432822","6","12408394"
"chr4","164846791","164847082","chr4","152438396","152438687","1","12408395"
"chr4","164927033","164927333","chr4","152517988","152518288","3","12409045"
"chr4","164941604","164941901","chr4","152532904","152533203","7","12408700"
"chr4","164952114","164952421","chr4","152543439","152543746","9","12408675"
"chr4","164963700","164964010","chr4","152555223","152555539","17","12408477"
"chr4","164989579","164989877","chr4","152581129","152581426","12","12408450"
"chr4","165006889","165007016","chr4","152598200","152598323","8","12408689"
"chr4","165008695","165008833","chr19","14769108","14769247","34","150239587"
"chr4","165009498","165009804","chr4","152600801","152601107","4","12408697"
"chr4","165010412","165010738","chr4","152601760","152602041","48","12408652"
"chr4","165016724","165017018","chr4","152608033","152608329","8","12408691"
"chr4","165020613","165020926","chr4","152611860","152612159","17","12408753"
"chr4","165032349","165032654","chr7","150419782","150420086","43","14612567"
"chr4","165034158","165034460","chr4","152625402","152625700","7","12408756"
"chr4","165060251","165060379","chr4","152651189","152651317","1","12409062"
"chr4","165066579","165066879","chr16","68844968","68845267","48","96221611"
"chr4","165082342","165082642","chr4","152673294","152673598","12","12409048"
"chr4","165121168","165121337","chr10","71871141","71871315","28","93250027"
"chr4","165121382","165121473","chr4","126988521","126988615","15","38132861"
"chr4","165121515","165121827","chr4","152712185","152712492","12","12409330"
"chr4","165127246","165127556","chr4","152718211","152718518","7","12409035"
"chr4","165141502","165141813","chr4","152732664","152732971","10","12408838"
"chr4","165187945","165188257","chr4","152781224","152781536","5","12406721"
"chr4","165189749","165190036","chr4","152783031","152783314","5","12406718"
"chr4","165194673","165194973","chr4","152787944","152788240","8","12406729"
"chr4","165195131","165195432","chr4","152788398","152788699","3","12406733"
"chr4","165229908","165230203","chr4","152823499","152823804","18","12406409"
"chr4","165230427","165230729","chr4","152824031","152824332","5","12406396"
"chr4","165264386","165264687","chr4","152858022","152858308","25","12406364"
"chr4","165300159","165300441","chr4","152893954","152894234","8","12406205"
"chr4","165350650","165350941","chr4","152945464","152945756","4","12405186"
"chr4","165352122","165352423","chr4","152946937","152947239","5","12405185"
"chr4","165353630","165353935","chr17","47791740","47792043","38","117561890"
"chr4","165360629","165360907","chr4","152955499","152955777","4","12405130"
"chr4","165390985","165391300","chr4","152985764","152986078","10","12405221"
"chr4","165443079","165443394","chr4","152985764","152986078","10","12457315"
"chr4","165590493","165590792","chr4","153127253","153127552","9","12463240"
"chr4","165613522","165613816","chr4","153150244","153150538","4","12463278"
"chr4","165641433","165641740","chr10","7521555","7521856","58","158119878"
"chr4","165644142","165644426","chr4","153180493","153180777","9","12463649"
"chr4","165663596","165663887","chr4","153199941","153200230","12","12463655"
"chr4","165667260","165667563","chr4","153203610","153203891","35","12463650"
"chr4","165693972","165694278","chr4","153239825","153240133","13","12454147"
"chr4","165705506","165705812","chr4","153239825","153240133","13","12465681"
"chr4","165716425","165716735","chr1","245149820","245150124","47","79433395"
"chr4","165728278","165728577","chr4","153261140","153261439","2","12467138"
"chr4","165771052","165771360","chr3","15660985","15661293","34","150110067"
"chr4","165776584","165776874","chr4","153309631","153309927","12","12466953"
"chr4","165837104","165837395","chr4","153370000","153370291","4","12467104"
"chr4","165837626","165837922","chr4","153370522","153370818","4","12467104"
"chr4","165856410","165856718","chr4","153389350","153389660","7","12467060"
"chr4","165868884","165869142","chr4","153401910","153402168","2","12466974"
"chr4","165877411","165877704","chr4","153410709","153411002","6","12466702"
"chr4","165881904","165882194","chr7","158423540","158423810","63","7458364"
"chr4","165897865","165898156","chrX","129948988","129949278","39","35948877"
"chr4","165905873","165905992","chr9","113458097","113458216","21","52447776"
"chr4","165915877","165916133","chr4","153449086","153449327","16","12466791"
"chr4","165924604","165924909","chr4","153457769","153458071","10","12466835"
"chr4","165930314","165930583","chr2","86051976","86052244","53","79878338"
"chr4","165941507","165941758","chr4","153474600","153474855","11","12466907"
"chr4","165992175","165992469","chr4","153525345","153525639","3","12466830"
"chr4","165994127","165994405","chr4","153527293","153527571","5","12466834"
"chr4","166024810","166025081","chr10","75190976","75191255","50","90833834"
"chr4","166040600","166040881","chr4","153574607","153574887","6","12465993"
"chr4","166066794","166067086","chr4","153600829","153601123","10","12465965"
"chr4","166070655","166070963","chr4","153604694","153605002","7","12465961"
"chr4","166114004","166114312","chr4","153643967","153644274","7","12470037"
"chr4","166126985","166127318","chr4","153657098","153657430","109","12469887"
"chr4","166141187","166141479","chr5","140415440","140415737","61","25725747"
"chr4","166308438","166308741","chr4","153833161","153833460","11","12475277"
"chr4","166374849","166375163","chr4","153899394","153899707","5","12475455"
"chr4","166518290","166518595","chr10","132683711","132684014","41","33834579"
"chr4","166617333","166617645","chr4","154124247","154124556","10","12493086"
"chr4","166757529","166757650","chr16","25059476","25059588","25","141698053"
"chr4","166757942","166758071","chr1","19318666","19318799","22","147439276"
"chr4","166922662","166922948","chr4","154428641","154428926","11","12494021"
"chr4","166944966","166945252","chr4","154428641","154428926","11","12516325"
"chr4","166963326","166963628","chr4","154447010","154447312","7","12516316"
"chr4","166972131","166972422","chr4","154455808","154456101","6","12516323"
"chr4","167010317","167010617","chr4","154520408","154520712","13","12489909"
"chr4","167144524","167144792","chr2","112225535","112225802","49","54918989"
"chr4","167224026","167224297","chr4","154679228","154679499","7","12544798"
"chr4","167287775","167288079","chr4","154743204","154743513","9","12544571"
"chr4","167354084","167354364","chr4","154811702","154811980","7","12542382"
"chr4","167412662","167412960","chr4","154870162","154870460","4","12542500"
"chr4","167425675","167425917","chr1","85700816","85701061","52","81724859"
"chr4","167483895","167484150","chr4","154940979","154941237","5","12542916"
"chr4","167519294","167519600","chr4","154976682","154976987","11","12542612"
"chr4","167592168","167592474","chr4","155049864","155050172","4","12542304"
"chr4","167607252","167607547","chr4","155064917","155065206","17","12542335"
"chr4","167642407","167642707","chr4","155097424","155097723","9","12544983"
"chr4","167649343","167649647","chr4","155104332","155104636","5","12545011"
"chr4","167818401","167818713","chr4","155274046","155274357","7","12544355"
"chr4","167875868","167876180","chr4","155335494","155335806","9","12540374"
"chr4","167897311","167897603","chr4","155355979","155356276","15","12541332"
"chr4","167930317","167930634","chr4","155389155","155389485","23","12541162"
"chr4","168007592","168007886","chr4","7099487","7099775","42","160908105"
"chr4","168112831","168113125","chr4","155572613","155572907","5","12540218"
"chr4","168165862","168166140","chr3","72170621","72170899","39","95995241"
"chr4","168183003","168183279","chr4","155641717","155642015","26","12541286"
"chr4","168246285","168246582","chr4","127906676","127906976","57","40339609"
"chr4","168316631","168316928","chr4","580416","580706","49","167736215"
"chr4","168327606","168327787","chr4","155786267","155786440","10","12541339"
"chr4","168328103","168328238","chr4","155786773","155786906","5","12541330"
"chr4","168340192","168340474","chr4","155798853","155799135","3","12541339"
"chr4","168502782","168503072","chr4","155961854","155962144","5","12540928"
"chr4","168540011","168540316","chr4","155999012","155999314","13","12540999"
"chr4","168564667","168564965","chr4","156023703","156024000","7","12540964"
"chr4","168566132","168566425","chr4","156025164","156025459","8","12540968"
"chr4","168628547","168628828","chr4","156090985","156091289","25","12537562"
"chr4","168667414","168667720","chr4","156129363","156129668","5","12538051"
"chr4","168749478","168749768","chr5","55465048","55465339","37","113284430"
"chr4","168772544","168772869","chr4","156232499","156232803","35","12540045"
"chr4","168774799","168774938","chr5","139522562","139522697","28","29252237"
"chr4","168992237","168992533","chr4","156448855","156449155","13","12543382"
"chr4","168993191","168993526","chr4","156449805","156450119","28","12543386"
"chr4","169059433","169059720","chr18","22095991","22096277","45","146963442"
"chr4","169315665","169315972","chr4","156777824","156778131","2","12537841"
"chr4","169372736","169373041","chr4","156831440","156831741","10","12541296"
"chr4","169439943","169440227","chr4","156899537","156899820","5","12540406"
"chr4","169534255","169534564","chr4","156993646","156993955","8","12540609"
"chr4","169567815","169568115","chr9","131822407","131822702","48","37745408"
"chr4","169603685","169603994","chr4","157063253","157063561","7","12540432"
"chr4","169639754","169640054","chr4","157099341","157099635","10","12540413"
"chr4","169666253","169666513","chr4","157125652","157125908","6","12540601"
"chr4","169695903","169696215","chr4","157155128","157155426","20","12540775"
"chr4","169791711","169792007","chr14","30340173","30340471","49","139451538"
"chr4","170015902","170016202","chr4","157479241","157479539","7","12536661"
"chr4","170156712","170157024","chr4","157612146","157612443","31","12544566"
"chr4","170282515","170282801","chr4","157737313","157737599","1","12545202"
"chr4","170406654","170406946","chr4","157863374","157863672","15","12543280"
"chr4","170519653","170519944","chr4","157985541","157985832","2","12534112"
"chr4","170528337","170528459","chr4","88451118","88451241","19","82077219"
"chr4","170548528","170548841","chr4","158014314","158014623","10","12534214"
"chr4","170552478","170552775","chr2","200676318","200676614","34","30123840"
"chr4","170725402","170725701","chr4","158203029","158203327","6","12522373"
"chr4","170772927","170773231","chr7","758669","758982","61","170014258"
"chr4","170915457","170915764","chr4","158388931","158389238","3","12526526"
"chr4","170949527","170949834","chr4","158388931","158389238","3","12560596"
"chr4","170991187","170991442","chr4","158445421","158445676","6","12545766"
"chr4","171033954","171034289","chrX","154972683","154973012","59","16061271"
"chr4","171100245","171100535","chr15","58958219","58958509","35","112142026"
"chr4","171117107","171117242","chr7","105540561","105540697","10","65576546"
"chr4","171151631","171151892","chr4","158590197","158590458","7","12561434"
"chr4","171211705","171211991","chr4","158648833","158649112","13","12562872"
"chr4","171213382","171213674","chr4","158650488","158650780","4","12562894"
"chr4","171286665","171286975","chr4","158723935","158724252","9","12562730"
"chr4","171296157","171296433","chr4","158733464","158733734","13","12562693"
"chr4","171303871","171304181","chr4","158737522","158737832","9","12566349"
"chr4","171320169","171320467","chr4","158755580","158755888","15","12564589"
"chr4","171320562","171320811","chr4","158755983","158756232","2","12564579"
"chr4","171321517","171321806","chr4","158756933","158757231","14","12564584"
"chr4","171326652","171326924","chr8","133425371","133425644","55","37901281"
"chr4","171345391","171345694","chr4","158780752","158781061","13","12564639"
"chr4","171346145","171346450","chr4","158781512","158781817","5","12564633"
"chr4","171368621","171368930","chr11","74537365","74537666","38","96831256"
"chr4","171381228","171381349","chr10","113077914","113078035","17","58303314"
"chr4","171401417","171401726","chr4","158836520","158836838","22","12564897"
"chr4","171403112","171403402","chrX","118815776","118816070","49","52587336"
"chr4","171431226","171431538","chr3","45569953","45570257","36","125861273"
"chr4","171440381","171440693","chr3","45569953","45570257","36","125870428"
"chr4","171504542","171504819","chr4","158931584","158931861","5","12572958"
"chr4","171505977","171506230","chr4","158933025","158933278","7","12572952"
"chr4","171572407","171572706","chr4","159000483","159000785","8","12571924"
"chr4","171584025","171584314","chr4","159005774","159006063","5","12578251"
"chr4","171603345","171603615","chr4","159025190","159025460","4","12578155"
"chr4","171606976","171607271","chr3","32683621","32683916","36","138923355"
"chr4","171608626","171608958","chr4","159030464","159030796","1","12578162"
"chr4","171612030","171612335","chr4","159033866","159034171","6","12578164"
"chr4","171625625","171625936","chr4","159046562","159046872","4","12579063"
"chr4","171642079","171642351","chr4","159063277","159063550","3","12578802"
"chr4","171655698","171655992","chr4","159078836","159079134","10","12576862"
"chr4","171660802","171661106","chr3","183977758","183978052","46","12316956"
"chr4","171671169","171671455","chr18","51165971","51166253","52","120505198"
"chr4","171726342","171726649","chr17","36754961","36755271","61","134971381"
"chr4","171756772","171757083","chr4","159182374","159182695","19","12574398"
"chr4","171762755","171763058","chr4","159188382","159188692","13","12574373"
"chr4","171858820","171859147","chr4","159279672","159279984","23","12579148"
"chr4","171939696","171939975","chr4","159362065","159362344","2","12577631"
"chr4","171943554","171943835","chr2","30075670","30075951","33","141867884"
"chr4","171955561","171955871","chr4","159377409","159377702","21","12578152"
"chr4","171975603","171975860","chr4","159397481","159397741","9","12578122"
"chr4","171994647","171994941","chr4","159416542","159416833","9","12578105"
"chr4","172019394","172019524","chr7","98275307","98275403","55","73744087"
"chr4","172020297","172020412","chr4","159427972","159428087","3","12592325"
"chr4","172047807","172047926","chr4","56567470","56567587","15","115480337"
"chr4","172047953","172048096","chr19","11488002","11488151","23","160559951"
"chr4","172067171","172067454","chr4","159473528","159473811","2","12593643"
"chr4","172069933","172070214","chr18","57578687","57578973","42","114491246"
"chr4","172176083","172176340","chr22","11156897","11157159","37","161019186"
"chr4","172177790","172178094","chr4","159578681","159578982","8","12599109"
"chr4","172237340","172237636","chr1","55631781","55632082","46","116605559"
"chr4","172254350","172254638","chr4","159655106","159655394","5","12599244"
"chr4","172317109","172317398","chr5","61015286","61015581","45","111301823"
"chr4","172321881","172322159","chr4","159726112","159726424","36","12595769"
"chr4","172343208","172343492","chr4","159747381","159747690","29","12595827"
"chr4","172587859","172588154","chr4","159982642","159982937","3","12605217"
"chr4","172594109","172594393","chr4","159988886","159989161","15","12605223"
"chr4","172603340","172603626","chr4","159998113","159998399","6","12605227"
"chr4","172613453","172613733","chr4","160008255","160008550","31","12605198"
"chr4","172772500","172772709","chr4","160168637","160168846","6","12603863"
"chr4","172795818","172796131","chr4","160193235","160193552","10","12602583"
"chr4","173006221","173006528","chr1","62145675","62145982","34","110860546"
"chr4","173048716","173049009","chr4","160434464","160434757","4","12614252"
"chr4","173200977","173201260","chr4","160565193","160565476","10","12635784"
"chr4","173276619","173276896","chr4","160640850","160641122","11","12635769"
"chr4","173310078","173310169","chr4","160671494","160671585","2","12638584"
"chr4","173386331","173386610","chr4","160737627","160737904","6","12648704"
"chr4","173442984","173443202","chr1","23235122","23235335","38","150207862"
"chr4","173448761","173449052","chr4","160789511","160789804","5","12659250"
"chr4","173478293","173478586","chr4","160819115","160819407","7","12659178"
"chr4","173527845","173528173","chr4","160868068","160868394","16","12659777"
"chr4","173551050","173551303","chr4","160890859","160891111","6","12660191"
"chr4","173718234","173718533","chr4","161056402","161056673","36","12661832"
"chr4","173725547","173725851","chr4","161063839","161064144","8","12661708"
"chr4","173824764","173825054","chr4","161158968","161159257","8","12665796"
"chr4","173997360","173997626","chr4","161301573","161301843","14","12695787"
"chr4","174073225","174073521","chr4","161377270","161377563","7","12695955"
"chr4","174182362","174182679","chr4","161485856","161486165","19","12696506"
"chr4","174285062","174285355","chr4","161587892","161588185","4","12697170"
"chr4","174286171","174286328","chr4","161588998","161589162","11","12697173"
"chr4","174286649","174286784","chr4","161589482","161589617","2","12697167"
"chr4","174353765","174354053","chr4","161658184","161658471","9","12695581"
"chr4","174412563","174412844","chr19","35537794","35538079","41","138874769"
"chr4","174480898","174481180","chrX","53998172","53998454","42","120482726"
"chr4","174682148","174682449","chr4","161986268","161986569","3","12695880"
"chr4","174725918","174726237","chr4","162029902","162030219","10","12696016"
"chr4","174743585","174743900","chr4","162048046","162048360","5","12695539"
"chr4","174753223","174753516","chr4","162057664","162057956","5","12695559"
"chr4","174753984","174754280","chr4","162058424","162058727","12","12695560"
"chr4","174783926","174784024","chrX","104232965","104233063","13","70550961"
"chr4","174840874","174841178","chr4","162146777","162147081","3","12694097"
"chr4","174887550","174887671","chr17","41981494","41981617","16","132906056"
"chr4","174888121","174888242","chr17","41981494","41981617","14","132906627"
"chr4","175030183","175030477","chr4","162335277","162335570","3","12694906"
"chr4","175081451","175081733","chr4","162386783","162387069","10","12694668"
"chr4","175177896","175178185","chr4","162483460","162483759","15","12694436"
"chr4","175323152","175323495","chr5","65253813","65254144","67","110069339"
"chr4","175348478","175348755","chr4","162652006","162652283","5","12696472"
"chr4","175356624","175356948","chr13","41167417","41167736","56","134189207"
"chr4","175382162","175382483","chr4","162685906","162686222","8","12696256"
"chr4","175427934","175428235","chr4","162737751","162738052","2","12690183"
"chr4","175513316","175513598","chr4","162818581","162818862","20","12694735"
"chr4","175581742","175582048","chr4","162886916","162887218","10","12694826"
"chr4","175606809","175607103","chr4","162912017","162912306","6","12694792"
"chr4","175688556","175688837","chr4","162997183","162997468","9","12691373"
"chr4","175773932","175774232","chr4","163075895","163076195","6","12698037"
"chr4","175817099","175817395","chr4","163120894","163121190","1","12696205"
"chr4","175834290","175834593","chr3","39921599","39921903","48","135912691"
"chr4","175974181","175974459","chr4","163275601","163275879","8","12698580"
"chr4","176016400","176016686","chr4","163311026","163311312","4","12705374"
"chr4","176067631","176067942","chr4","163360378","163360688","14","12707253"
"chr4","176199017","176199316","chr4","163490180","163490479","7","12708837"
"chr4","176205693","176205806","chr4","163496838","163496951","2","12708855"
"chr4","176210126","176210435","chr4","163500200","163500510","6","12709926"
"chr4","176231247","176231534","chr4","163521299","163521586","5","12709948"
"chr4","176248903","176249207","chr4","163539002","163539320","17","12709901"
"chr4","176338454","176338762","chr4","163643031","163643356","22","12695423"
"chr4","176363126","176363422","chr4","163667631","163667925","5","12695495"
"chr4","176420309","176420431","chr6","15024384","15024505","12","161395925"
"chr4","176490782","176491083","chr4","163741303","163741598","8","12749479"
"chr4","176499236","176499536","chr4","163749782","163750078","12","12749454"
"chr4","176515412","176515708","chr10","48943599","48943894","47","127571813"
"chr4","176524788","176525089","chr4","163774503","163774795","13","12750285"
"chr4","176531355","176531657","chr1","222449755","222450056","39","45918400"
"chr4","176532795","176533106","chr4","163782389","163782698","85","12750406"
"chr4","176863266","176863553","chr11","14196768","14197054","60","162666498"
"chr4","176872895","176873206","chr4","164116976","164117287","6","12755919"
"chr4","176914373","176914682","chr9","86632855","86633155","52","90281518"
"chr4","177010164","177010476","chr4","164259261","164259572","12","12750903"
"chr4","177048620","177048909","chr4","164296383","164296669","7","12752237"
"chr4","177131766","177132065","chr4","164373353","164373654","7","12758413"
"chr4","177297393","177297656","chr4","164543200","164543457","11","12754193"
"chr4","177421614","177421904","chr4","164678380","164678670","4","12743234"
"chr4","177481835","177482134","chr4","164738791","164739090","5","12743044"
"chr4","177510978","177511225","chr4","164762435","164762692","14","12748543"
"chr4","177547497","177547800","chr16","10187778","10188088","53","167359719"
"chr4","177553726","177554033","chr4","164806433","164806740","2","12747293"
"chr4","177559227","177559521","chr4","164811918","164812224","17","12747309"
"chr4","177564079","177564380","chr4","164816780","164817082","9","12747299"
"chr4","177565523","177565828","chr1","150024767","150025077","42","27540756"
"chr4","177597796","177598105","chr15","65320235","65320542","40","112277561"
"chr4","177616488","177616797","chr4","70710781","70711091","39","106905707"
"chr4","177633341","177633645","chr4","164885126","164885430","7","12748215"
"chr4","177642264","177642532","chr4","164894041","164894309","5","12748223"
"chr4","177647360","177647659","chr4","164899308","164899611","12","12748052"
"chr4","177658173","177658456","chr11","116883652","116883945","37","60774521"
"chr4","177659289","177659596","chr4","164910537","164910838","14","12748752"
"chr4","177667485","177667787","chr4","164965006","164965309","6","12702479"
"chr4","177670023","177670287","chr4","164967870","164968134","4","12702153"
"chr4","177672989","177673287","chr4","164970818","164971100","23","12702171"
"chr4","177674834","177675109","chr4","164972512","164972787","7","12702322"
"chr4","177676214","177676501","chr4","164973888","164974175","4","12702326"
"chr4","177683938","177684217","chr4","164979474","164979753","8","12704464"
"chr4","177747150","177747487","chr2","9581865","9582206","65","168165285"
"chr4","177747794","177747913","chr4","165054567","165054696","10","12693227"
"chr4","177757457","177757751","chr8","93644900","93645186","66","84112557"
"chr4","177758194","177758489","chr4","165064989","165065284","5","12693205"
"chr4","177763870","177764152","chr4","165071291","165071592","25","12692579"
"chr4","177774304","177774576","chr4","165081691","165081963","5","12692613"
"chr4","177774580","177774880","chr4","165081967","165082267","3","12692613"
"chr4","177780186","177780491","chr4","165086419","165086724","11","12693767"
"chr4","177784407","177784711","chr4","165090623","165090929","17","12693784"
"chr4","177785868","177786175","chr4","165092113","165092421","17","12693755"
"chr4","177801673","177801983","chr4","165119684","165119994","10","12681989"
"chr4","177816165","177816472","chr4","165133747","165134056","12","12682418"
"chr4","177816829","177817139","chr4","165134413","165134725","15","12682416"
"chr4","177817986","177818296","chr4","165139748","165140050","19","12678238"
"chr4","177826885","177827195","chr4","165139748","165140050","19","12687137"
"chr4","177828042","177828352","chr4","165134413","165134725","15","12693629"
"chr4","177828709","177829016","chr4","165133747","165134056","12","12694962"
"chr4","177854561","177854839","chr4","165161450","165161728","7","12693111"
"chr4","177856218","177856518","chr4","165163115","165163416","11","12693103"
"chr4","177856766","177857070","chr4","165163665","165163971","13","12693101"
"chr4","177862516","177862806","chr4","165169458","165169748","7","12693058"
"chr4","177863564","177863863","chr4","165170509","165170805","12","12693055"
"chr4","177874292","177874601","chr4","165180995","165181305","11","12693297"
"chr4","177890621","177890928","chr4","165197332","165197630","13","12693289"
"chr4","177952054","177952356","chr4","119373956","119374262","10","58578098"
"chr4","177954280","177954586","chr4","165261330","165261638","7","12692950"
"chr4","177968797","177969105","chr4","165275840","165276149","7","12692957"
"chr4","177996514","177996823","chr3","196459318","196459625","40","18462804"
"chr4","178010289","178010585","chr12","95387489","95387782","40","82622800"
"chr4","178035321","178035629","chr17","2977464","2977772","36","175057857"
"chr4","178042511","178042817","chr4","165349526","165349832","8","12692985"
"chr4","178049986","178050288","chr4","165357011","165357319","15","12692975"
"chr4","178089902","178090214","chr4","165396376","165396683","8","12693526"
"chr4","178118496","178118788","chr4","165424880","165425176","12","12693616"
"chr4","178208827","178209156","chr4","165514349","165514675","11","12694478"
"chr4","178259599","178259857","chr4","165565751","165566010","4","12693848"
"chr4","178349996","178350142","chr17","63599480","63599629","18","114750516"
"chr4","178357659","178357970","chr4","165667150","165667460","11","12690509"
"chr4","178372783","178373074","chr4","165682328","165682619","5","12690455"
"chr4","178391997","178392108","chr4","165701483","165701594","1","12690514"
"chr4","178409110","178409413","chr4","165718600","165718902","5","12690510"
"chr4","178452116","178452419","chr4","165718600","165718902","5","12733516"
"chr4","178484078","178484364","chr4","165770530","165770816","5","12713548"
"chr4","178486071","178486336","chr4","165772531","165772799","10","12713540"
"chr4","178635648","178635931","chr4","165908927","165909210","3","12726721"
"chr4","178692092","178692327","chr4","165962834","165963080","18","12729258"
"chr4","178725292","178725582","chr4","165996328","165996626","14","12728964"
"chr4","178755039","178755330","chr4","166026106","166026401","12","12728933"
"chr4","178760411","178760698","chr4","166031364","166031666","19","12729047"
"chr4","178790065","178790372","chr4","166061234","166061544","12","12728831"
"chr4","178827013","178827317","chr4","166098052","166098355","6","12728961"
"chr4","178909219","178909557","chr10","92777381","92777710","80","86131838"
"chr4","179081343","179081663","chr4","166353027","166353324","28","12728316"
"chr4","179116008","179116387","chr10","97711201","97711548","90","81404807"
"chr4","179174187","179174472","chr4","166443224","166443509","6","12730963"
"chr4","179204468","179204590","chr5","126824863","126824987","20","52379605"
"chr4","179291314","179291613","chr4","166551654","166551956","7","12739660"
"chr4","179476776","179476990","chr2","219776021","219776239","35","40299245"
"chr4","179477668","179477974","chr4","166739233","166739539","5","12738435"
"chr4","179526539","179526834","chr8","66411905","66412198","36","113114634"
"chr4","179684177","179684465","chr4","166943864","166944152","8","12740313"
"chr4","179788557","179788804","chr4","167047772","167048019","2","12740785"
"chr4","179992114","179992248","chr4","167250006","167250140","5","12742108"
"chr4","180033716","180034025","chr4","167296212","167296521","0","12737504"
"chr4","180037214","180037513","chr4","167299717","167300016","3","12737497"
"chr4","180050349","180050646","chr4","167312809","167313106","2","12737540"
"chr4","180065117","180065413","chr4","167329209","167329520","22","12735908"
"chr4","180359744","180360036","chr4","167622032","167622324","5","12737712"
"chr4","180466103","180466386","chr4","167732693","167732976","1","12733410"
"chr4","180470599","180470878","chr4","167737188","167737468","5","12733411"
"chr4","180839634","180839920","chr4","168112010","168112296","6","12727624"
"chr4","180840369","180840668","chr4","168112741","168113052","17","12727628"
"chr4","181034515","181034797","chr4","168294519","168294801","4","12739996"
"chr4","181066495","181066794","chr12","56426554","56426859","48","124639941"
"chr4","181120658","181120961","chr4","168377009","168377291","27","12743649"
"chr4","181148601","181148893","chr4","168405013","168405307","7","12743588"
"chr4","181275620","181275907","chr11","65105118","65105404","51","116170502"
"chr4","181287948","181288230","chr4","168541492","168541752","35","12746456"
"chr4","181384275","181384573","chr4","168637663","168637968","13","12746612"
"chr4","181421600","181421885","chr4","168673929","168674214","4","12747671"
"chr4","181427459","181427775","chr4","168680196","168680510","8","12747263"
"chr4","181462103","181462382","chr4","168709228","168709507","5","12752875"
"chr4","181514312","181514648","chr2","157764193","157764507","76","23750119"
"chr4","181515031","181515324","chr4","168762192","168762488","7","12752839"
"chr4","181527436","181527726","chr4","168774446","168774746","15","12752990"
"chr4","181532881","181533178","chr4","168779904","168780198","9","12752977"
"chr4","181535603","181535913","chr4","168782628","168782938","9","12752975"
"chr4","181545685","181545963","chr4","168792757","168793049","34","12752928"
"chr4","181568305","181568612","chr4","168814766","168815069","11","12753539"
"chr4","181604862","181605169","chr4","168851364","168851665","15","12753498"
"chr4","181614026","181614308","chr4","168860543","168860825","2","12753483"
"chr4","181655356","181655647","chr4","168901577","168901868","6","12753779"
"chr4","181737069","181737374","chr4","168971272","168971583","10","12765797"
"chr4","181746381","181746682","chr4","168980454","168980756","4","12765927"
"chr4","181747064","181747373","chr4","168981118","168981428","9","12765946"
"chr4","181785671","181785982","chr4","169019740","169020051","8","12765931"
"chr4","181827732","181827985","chr5","153852525","153852777","31","27975207"
"chr4","181842119","181842375","chr4","169075375","169075631","5","12766744"
"chr4","181849416","181849712","chr4","169083091","169083392","9","12766325"
"chr4","181877405","181877660","chr4","169111026","169111281","8","12766379"
"chr4","181885478","181885795","chr1","44851954","44852263","50","137033524"
"chr4","181923789","181924097","chr4","169157732","169158036","16","12766057"
"chr4","181969066","181969364","chr4","56507314","56507614","37","125461752"
"chr4","181974804","181975101","chr4","169209012","169209303","13","12765792"
"chr4","181987943","181988231","chr2","39239808","39240097","34","142748135"
"chr4","181995718","181996022","chr4","169229924","169230221","12","12765794"
"chr4","182044733","182045025","chr5","112889830","112890126","47","69154903"
"chr4","182046300","182046625","chr4","169278019","169278356","17","12768281"
"chr4","182047937","182048250","chr4","169279667","169279967","17","12768270"
"chr4","182048910","182049224","chr4","169280627","169280941","2","12768283"
"chr4","182053822","182054096","chr4","169285546","169285820","5","12768276"
"chr4","182060988","182061315","chr4","169290296","169290605","42","12770692"
"chr4","182073117","182073408","chr4","169302119","169302413","7","12770998"
"chr4","182168954","182169231","chr17","60650269","60650551","38","121518685"
"chr4","182175806","182176095","chr4","169405822","169406111","6","12769984"
"chr4","182179489","182179800","chr4","169409483","169409794","6","12770006"
"chr4","182193104","182193390","chr1","203212413","203212700","39","21019309"
"chr4","182204159","182204459","chr4","169434203","169434512","12","12769956"
"chr4","182209802","182210119","chr4","169439846","169440142","31","12769956"
"chr4","182217602","182217898","chr4","169447601","169447897","1","12770001"
"chr4","182291069","182291143","chr13","20278373","20278443","17","162012696"
"chr4","182356721","182357029","chr4","169608777","169609088","11","12747944"
"chr4","182373103","182373411","chr4","169608777","169609088","11","12764326"
"chr4","182374336","182374616","chr4","169610013","169610301","13","12764323"
"chr4","182374622","182374931","chr4","169610307","169610612","11","12764315"
"chr4","182391014","182391133","chr4","169626696","169626815","3","12764318"
"chr4","182408557","182408843","chr4","169644259","169644541","9","12764298"
"chr4","182436857","182437031","chr4","169672265","169672439","3","12764592"
"chr4","182454492","182454799","chr15","78855543","78855852","48","103598949"
"chr4","182472869","182473158","chr4","169709402","169709690","5","12763467"
"chr4","182506127","182506415","chr4","169742819","169743112","12","12763308"
"chr4","182511678","182511975","chr4","169748373","169748671","7","12763305"
"chr4","182516321","182516618","chr4","169753029","169753333","9","12763292"
"chr4","182523946","182524233","chr4","169760666","169760953","6","12763280"
"chr4","182524938","182525238","chr4","169761654","169761958","11","12763284"
"chr4","182539662","182539923","chr4","169776388","169776682","38","12763274"
"chr4","182557155","182557454","chr4","169793710","169794014","16","12763445"
"chr4","182570407","182570743","chr4","169806949","169807286","2","12763458"
"chr4","182587580","182587871","chr4","169824889","169825188","16","12762691"
"chr4","182628495","182628656","chr12","51220405","51220564","17","131408090"
"chr4","182628692","182628809","chr11","114000001","114000117","15","68628691"
"chr4","182633569","182633880","chr4","169864333","169864642","8","12769236"
"chr4","182647624","182647922","chr4","48437868","48438165","37","134209756"
"chr4","182723198","182723497","chr4","169955570","169955869","9","12767628"
"chr4","182724627","182724938","chrX","47732934","47733241","54","134991693"
"chr4","182731281","182731574","chr1","156985433","156985723","47","25745848"
"chr4","182747315","182747564","chr4","169980685","169980935","9","12766630"
"chr4","182837248","182837529","chr4","170042829","170043110","11","12794419"
"chr4","182842993","182843322","chr4","170050770","170051094","12","12792223"
"chr4","182844019","182844321","chr4","170051795","170052093","10","12792224"
"chr4","182845870","182846100","chr4","170053646","170053875","5","12792224"
"chr4","182863091","182863392","chr4","170070910","170071211","8","12792181"
"chr4","182867783","182867834","chr2","35177024","35177069","15","147690759"
"chr4","182976773","182977085","chr4","170180476","170180788","4","12796297"
"chr4","183016626","183016920","chr4","170217278","170217571","2","12799348"
"chr4","183072503","183072634","chr1","11268459","11268594","14","171804044"
"chr4","183076786","183076929","chr2","109052657","109052799","17","74024129"
"chr4","183250704","183250840","chr4","170460715","170460856","8","12789989"
"chr4","183270262","183270550","chr4","170482782","170483070","8","12787480"
"chr4","183448283","183448578","chr1","43686336","43686636","53","139761947"
"chr4","183686865","183687113","chr4","170906267","170906515","8","12780598"
"chr4","183768149","183768444","chrX","15387107","15387396","48","168381042"
"chr4","183783664","183783968","chr4","171001039","171001343","5","12782625"
"chr4","183793119","183793411","chr4","171010520","171010811","9","12782599"
"chr4","183802877","183803107","chr13","29691798","29692027","47","154111079"
"chr4","184001055","184001355","chr4","171219479","171219789","19","12781576"
"chr4","184028495","184028766","chr4","171244219","171244501","16","12784276"
"chr4","184127392","184127674","chr4","171349805","171350087","6","12777587"
"chr4","184272864","184273168","chr5","172800864","172801167","41","11472000"
"chr4","184403043","184403350","chr2","20147749","20148055","53","164255294"
"chr4","184423631","184423919","chr6","36553938","36554229","64","147869693"
"chr4","184451939","184452261","chr4","171677704","171678011","24","12774235"
"chr4","184524631","184524928","chr8","11956751","11957043","35","172567880"
"chr4","184524939","184525200","chr13","35019288","35019551","49","149505651"
"chr4","184557909","184558213","chr17","43603656","43603959","47","140954253"
"chr4","184605643","184605962","chr4","171828615","171828934","3","12777028"
"chr4","184627156","184627429","chr4","171849967","171850246","8","12777189"
"chr4","184651350","184651648","chr4","171874193","171874489","6","12777157"
"chr4","184718168","184718446","chr4","171940540","171940818","8","12777628"
"chr4","184719727","184719833","chr4","171942109","171942224","12","12777618"
"chr4","184902105","184902418","chr4","172118418","172118730","7","12783687"
"chr4","184936066","184936341","chr4","172151991","172152277","14","12784075"
"chr4","184954243","184954545","chr4","172170509","172170812","5","12783734"
"chr4","185059604","185059883","chr4","172275677","172275956","7","12783927"
"chr4","185228027","185228307","chr4","172443164","172443464","26","12784863"
"chr4","185415690","185415780","chr3","184247204","184247294","13","1168486"
"chr4","185418036","185418099","chr5","69537529","69537590","16","115880507"
"chr4","185498512","185498784","chr4","172708079","172708353","9","12790433"
"chr4","185504384","185504692","chr8","120062863","120063168","33","65441521"
"chr4","185550348","185550654","chr4","172756362","172756655","19","12793986"
"chr4","185595638","185595933","chr4","172802514","172802813","7","12793124"
"chr4","185623870","185624169","chr4","172830881","172831187","20","12792989"
"chr4","185636745","185637051","chr4","172843778","172844084","1","12792967"
"chr4","185651500","185651604","chr4","172858548","172858653","3","12792952"
"chr4","185786495","185786818","chr2","10324811","10325132","52","175461684"
"chr4","185807953","185808103","chr4","173012856","173013006","3","12795097"
"chr4","185842763","185843079","chr4","173047483","173047795","9","12795280"
"chr4","185883814","185884111","chr2","74215611","74215908","41","111668203"
"chr4","185945471","185945770","chr4","173146944","173147242","3","12798527"
"chr4","185974306","185974612","chr4","173175796","173176101","8","12798510"
"chr4","186131170","186131442","chr4","173331057","173331329","6","12800113"
"chr4","186142717","186142987","chr4","173342630","173342900","4","12800087"
"chr4","186152045","186152353","chr4","173351960","173352271","11","12800085"
"chr4","186174339","186174631","chr4","173374288","173374580","3","12800051"
"chr4","186209620","186209924","chr4","173409589","173409888","10","12800031"
"chr4","186266223","186266491","chr4","173463264","173463527","17","12802959"
"chr4","186369419","186369723","chr4","173566898","173567205","9","12802521"
"chr4","186448603","186448850","chr4","173649107","173649348","9","12799496"
"chr4","186483409","186483717","chr4","173684947","173685254","10","12798462"
"chr4","186543013","186543297","chr4","173744301","173744587","12","12798712"
"chr4","186682834","186683141","chr4","173894567","173894884","15","12788267"
"chr4","186715244","186715554","chr4","173926918","173927228","12","12788326"
"chr4","186788675","186788984","chr4","173970522","173970831","8","12818153"
"chr4","186838279","186838571","chr4","174018367","174018660","7","12819912"
"chr4","186901706","186901998","chr4","174082107","174082399","10","12819599"
"chr4","186914433","186914724","chr4","174094832","174095123","4","12819601"
"chr4","186989545","186989844","chr4","174168929","174169222","16","12820616"
"chr4","187088606","187088900","chr4","174269404","174269696","5","12819202"
"chr4","187149736","187150043","chr4","174318804","174319107","9","12830932"
"chr4","187255655","187255951","chr4","174421953","174422254","13","12833702"
"chr4","187260637","187260931","chr4","174426927","174427215","21","12833710"
"chr4","187318841","187319154","chr20","37187631","37187942","39","150131210"
"chr4","187343743","187343849","chr4","174510834","174510940","1","12832909"
"chr4","187393111","187393409","chr4","174559181","174559476","9","12833930"
"chr4","187468754","187469035","chr4","174617032","174617312","8","12851722"
"chr4","187481696","187482006","chr4","174629981","174630295","5","12851715"
"chr4","187554125","187554412","chr8","28921053","28921337","57","158633072"
"chr4","187561575","187561833","chr4","174711446","174711731","32","12850129"
"chr4","187653518","187653801","chr4","174809452","174809736","7","12844066"
"chr4","187661734","187662020","chr4","174817620","174817906","4","12844114"
"chr4","187683511","187683817","chr4","174839404","174839710","3","12844107"
"chr4","187874670","187874979","chr4","175036738","175037047","3","12837932"
"chr4","187923768","187924065","chr4","175085668","175085965","6","12838100"
"chr4","187971987","187972283","chr4","175132994","175133304","19","12838993"
"chr4","188039391","188039677","chr2","200788940","200789230","55","12749549"
"chr4","188044116","188044405","chr4","175204751","175205040","4","12839365"
"chr4","188074509","188074812","chr4","175238080","175238382","5","12836429"
"chr4","188150048","188150325","chr4","175314489","175314766","11","12835559"
"chr4","188155270","188155586","chr4","175320007","175320323","9","12835263"
"chr4","188204124","188204422","chr4","175368870","175369168","6","12835254"
"chr4","188256590","188256935","chr4","175424761","175425069","58","12831829"
"chr4","188265420","188265668","chr4","175433587","175433835","3","12831833"
"chr4","188318111","188318390","chr5","13907149","13907428","30","174410962"
"chr4","188368798","188369118","chr4","175537547","175537868","8","12831251"
"chr4","188389923","188390209","chr4","175557789","175558075","5","12832134"
"chr4","188429971","188430244","chr4","175597430","175597734","36","12832541"
"chr4","188446899","188447197","chr2","105101468","105101765","57","83345431"
"chr4","188469041","188469327","chr4","175636514","175636801","11","12832527"
"chr4","188477976","188478281","chr4","175645439","175645744","4","12832537"
"chr4","188535764","188536042","chr4","175703191","175703470","9","12832573"
"chr4","188559487","188559757","chr4","175726727","175726997","8","12832760"
"chr4","188583900","188584189","chr4","175750584","175750866","11","12833316"
"chr4","188654616","188654926","chr4","175820489","175820798","10","12834127"
"chr4","188694896","188695189","chr4","175864810","175865110","9","12830086"
"chr4","188744325","188744628","chr4","175914315","175914619","8","12830010"
"chr4","188758609","188758911","chr4","175927603","175927905","14","12831006"
"chr4","188798454","188798734","chr4","175966133","175966405","14","12832321"
"chr4","188896917","188897219","chr4","176062343","176062627","23","12834574"
"chr4","188961965","188962265","chr4","176127295","176127595","6","12834670"
"chr4","188975560","188975829","chr4","176141463","176141732","6","12834097"
"chr4","188986784","188987074","chr4","176152674","176152946","23","12834110"
"chr4","189039344","189039647","chr4","176199974","176200285","14","12839370"
"chr4","189051824","189052102","chr4","176211587","176211858","9","12840237"
"chr4","189064441","189064738","chr4","176225592","176225888","10","12838849"
"chr4","189082500","189082785","chr4","176243492","176243797","35","12839008"
"chr4","189087951","189088258","chr4","176248959","176249266","4","12838992"
"chr4","189090916","189091212","chr3","197790643","197790935","35","8699727"
"chr4","189094744","189094993","chr19","4116251","4116503","45","184978493"
"chr4","189193738","189194034","chr4","176354625","176354926","11","12839113"
"chr4","189270065","189270351","chr4","176427709","176427996","6","12842356"
"chr4","189373044","189373353","chr4","176513526","176513838","12","12859518"
"chr4","189498895","189499207","chr9","35985878","35986184","51","153513017"
"chr4","189506485","189506746","chr8","17606887","17607152","43","171899598"
"chr4","189545064","189545353","chr4","176678395","176678686","8","12866669"
"chr4","189582216","189582534","chr15","65320235","65320542","37","124261981"
"chr4","189671071","189671399","chr4","176803132","176803458","24","12867939"
"chr4","189689906","189690214","chr3","45866866","45867171","34","143823040"
"chr4","189718556","189718862","chr4","176852363","176852674","11","12866193"
"chr4","189732646","189732868","chr4","176866123","176866344","7","12866523"
"chr4","189810594","189810866","chr4","176944739","176945011","2","12865855"
"chr4","189869106","189869416","chr4","177003107","177003415","12","12865999"
"chr4","189941789","189942053","chr4","177076488","177076752","2","12865301"
"chr4","189982982","189983290","chr4","177120329","177120636","6","12862653"
"chr4","190010912","190011218","chr4","177145875","177146182","3","12865037"
"chr4","190033665","190033968","chr4","177168658","177168961","2","12865007"
"chr4","190060593","190060853","chr17","43429022","43429277","44","146631571"
"chr4","190085576","190085863","chr4","177224570","177224856","5","12861006"
"chr4","190146607","190146916","chr4","177276794","177277103","8","12869813"
"chr4","190155931","190156219","chr21","25419175","25419465","44","164736756"
"chr4","190166902","190167195","chr4","177297105","177297397","3","12869797"
"chr4","190222663","190222758","chr11","123209527","123209621","13","67013136"
"chr4","190235992","190236292","chr4","177353766","177354065","6","12882226"
"chr4","190244648","190244948","chr4","177353766","177354065","6","12890882"
"chr4","190289858","190290180","chr4","177394596","177394918","9","12895262"
"chr4","190298187","190298473","chr4","177402927","177403213","4","12895260"
"chr4","190305490","190305813","chr4","177410213","177410536","10","12895277"
"chr4","190318003","190318296","chr4","177422856","177423148","3","12895147"
"chr4","190318442","190318745","chr2","110995218","110995521","38","79323224"
"chr4","190352275","190352569","chr4","177456825","177457124","14","12895450"
"chr4","190356698","190357005","chr4","177461222","177461530","6","12895476"
"chr4","190365462","190365746","chr4","177469970","177470252","3","12895492"
"chr4","190456811","190457120","chr4","177560872","177561180","4","12895939"
"chr4","190486734","190487021","chr4","177590805","177591113","27","12895929"
"chr4","190487776","190488015","chr4","177591856","177592095","3","12895920"
"chr4","190554392","190554673","chr4","177658625","177658906","11","12895767"
"chr4","190563102","190563416","chr17","17335640","17335931","63","173227462"
"chr4","190604396","190604682","chrX","47052774","47053061","44","143551622"
"chr4","190714222","190714285","chr4","186043957","186044022","9","4670265"
"chr4","190805619","190805925","chr4","177912335","177912633","13","12893284"
"chr4","190861891","190862187","chr10","34819199","34819503","61","156042692"
"chr4","190998597","190998909","chr4","178103383","178103695","7","12895214"
"chr4","191052055","191052383","chr4","178156872","178157195","10","12895183"
"chr4","191261398","191261692","chr4","178359443","178359737","5","12901955"
"chr4","191264875","191265181","chr4","178363216","178363522","7","12901659"
"chr4","191323559","191323852","chr4","178420642","178420935","6","12902917"
"chr4","191354643","191354940","chr4","178451341","178451639","6","12903302"
"chr4","191444716","191445026","chr4","178541003","178541311","10","12903713"
"chr4","191453411","191453717","chr4","178549697","178550003","5","12903714"
"chr4","191468703","191468991","chr4","178565020","178565308","7","12903683"
"chr4","191613123","191613427","chr4","178710364","178710668","6","12902759"
"chr4","191643476","191643779","chr4","178740666","178740969","4","12902810"
"chr4","191723588","191723882","chr4","178820500","178820797","8","12903088"
"chr4","191729445","191729749","chr4","178826361","178826671","8","12903084"
"chr4","191735266","191735515","chr4","178832171","178832420","4","12903095"
"chr4","191738973","191739282","chr4","178835875","178836189","10","12903098"
"chr4","191750948","191751252","chr4","178847114","178847410","18","12903834"
"chr4","191806662","191806945","chr20","38675865","38676155","48","153130797"
"chr4","191834989","191835278","chrX","75085852","75086146","38","116749137"
"chr4","191869586","191869873","chr4","178968683","178968957","19","12900903"
"chr4","191872174","191872451","chr4","178971250","178971549","27","12900924"
"chr4","191878717","191879011","chr4","178977726","178978011","9","12900991"
"chr4","191898004","191898303","chr4","178996950","178997249","6","12901054"
"chr4","192051179","192051487","chr4","179150478","179150793","16","12900701"
"chr4","192072259","192072534","chr4","179175359","179175634","6","12896900"
"chr4","192090548","192090857","chr4","179194193","179194489","15","12896355"
"chr4","192392149","192392443","chr14","96379038","96379309","88","96013111"
"chr4","192515419","192515729","chr8","104852442","104852744","66","87662977"
"chr4","192527352","192527595","chr4","179635964","179636208","13","12891388"
"chr4","192539824","192540090","chr7","74885537","74885801","38","117654287"
"chr4","192646417","192646712","chr4","179756478","179756781","13","12889939"
"chr4","192686750","192687062","chr4","179796817","179797127","3","12889933"
"chr4","192742982","192743285","chr2","158826510","158826814","43","33916472"
"chr4","192909632","192909927","chr4","179995810","179996105","10","12913822"
"chr4","193234486","193234796","chr4","180310858","180311169","10","12923628"
"chr4","193339025","193339197","chr4","180408445","180408618","8","12930580"
"chr4","193339269","193339390","chr4","180408678","180408797","6","12930591"
"chr4","193368285","193368594","chr3","15660985","15661293","37","177707300"
"chr4","193374346","193374652","chr4","180444184","180444490","9","12930162"
"chr4","193387635","193387909","chr4","180457140","180457412","9","12930495"
"chr4","193388265","193388584","chr4","180457777","180458093","13","12930488"
"chr4","193437610","193437888","chr2","32863040","32863317","40","160574570"
"chr4","193476170","193476355","chr4","180546620","180546803","4","12929550"
"chr4","193476356","193476643","chr10","79947410","79947703","37","113528946"
"chr4","193476644","193476748","chr4","180547099","180547203","2","12929545"
"chr4","193521754","193522064","chr4","180592418","180592717","21","12929336"
"chr4","193529565","193529855","chr4","180600266","180600556","2","12929299"
"chr4","193581166","193581455","chr4","180651932","180652221","5","12929234"
"chr4","193584274","193584579","chr4","180655064","180655372","6","12929210"
"chr4","193612888","193613174","chr4","180683674","180683961","3","12929214"
"chr4","193647110","193647368","chr4","180709038","180709298","2","12938072"
"chr4","193664702","193665004","chr4","180726864","180727172","9","12937838"
"chr4","193669423","193669727","chr1","231689328","231689629","41","38019905"
"chr4","193698706","193699020","chr4","180756918","180757230","7","12941788"
"chr4","193836252","193836551","chr4","180895641","180895940","5","12940611"
"chr4","193870924","193871230","chr4","180930753","180931060","11","12940171"
"chr4","193874696","193874997","chr4","180934841","180935136","16","12939855"
"chr4","193919771","193920060","chr4","180982120","180982411","8","12937651"
"chr4","193954078","193954386","chr4","181016980","181017291","7","12937098"
"chr4","194004918","194005210","chr4","181067650","181067942","8","12937268"
"chr4","194023774","194024052","chr17","64405359","64405642","41","129618415"
"chr4","194108547","194108842","chr4","181170458","181170753","11","12938089"
"chr4","194145873","194146174","chr4","181207804","181208105","7","12938069"
"chr4","194166547","194166834","chr1","109015340","109015627","45","85151207"
"chr4","194168586","194168898","chr4","181230127","181230438","7","12938459"
"chr4","194222400","194222696","chr4","181282993","181283289","5","12939407"
"chr4","194479613","194479881","chr11","116634393","116634669","57","77845220"
"chr4","194481817","194482062","chr4","181527388","181527602","35","12954429"
"chr4","194548883","194549187","chr4","181595149","181595454","4","12953734"
"chr4","194597665","194597972","chr4","181643800","181644094","22","12953865"
"chr4","194781328","194781639","chr4","181828573","181828885","16","12952755"
"chr4","194810220","194810528","chr4","181857433","181857773","40","12952787"
"chr4","194838772","194839063","chr4","181886049","181886356","29","12952723"
"chr4","194865130","194865439","chr4","181886049","181886356","44","12979081"
"chr4","194929135","194929438","chr4","181974286","181974589","9","12954849"
"chr4","194949912","194950224","chr4","181995007","181995319","6","12954905"
"chr4","194991826","194992122","chr4","182037146","182037447","7","12954680"
"chr4","195005180","195005491","chr4","182050522","182050830","7","12954658"
"chr4","195020242","195020552","chr4","182065028","182065333","13","12955214"
"chr4","195025534","195025819","chr4","182070337","182070622","8","12955197"
"chr4","195047331","195047592","chr4","182092062","182092319","5","12955269"
"chr4","195116985","195117262","chr1","93973999","93974283","33","101142986"
"chr4","195154499","195154761","chr4","182199182","182199443","7","12955317"
"chr4","195198862","195199169","chr4","182243112","182243414","12","12955750"
"chr4","195230023","195230308","chr4","182274838","182275123","9","12955185"
"chr4","195245973","195246268","chr4","182290825","182291120","5","12955148"
"chr4","195255148","195255449","chr4","182299913","182300212","4","12955235"
"chr4","195265940","195266249","chr1","77635624","77635928","35","117630316"
"chr4","195427097","195427400","chr4","182469433","182469734","10","12957664"
"chr4","195473658","195473952","chr4","182516609","182516904","5","12957049"
"chr4","195507643","195507939","chr4","182550939","182551240","8","12956704"
"chr4","195525888","195526195","chr4","182569273","182569582","10","12956615"
"chr4","195538015","195538321","chr6","27473855","27474161","36","168064160"
"chr4","195546221","195546529","chr4","182589691","182589999","2","12956530"
"chr4","195598541","195598851","chr1","37748911","37749222","36","157849630"
"chr4","195666346","195666656","chr4","182708970","182709281","11","12957376"
"chr4","195697013","195697316","chr4","182739754","182740057","4","12957259"
"chr4","195725819","195726122","chr4","182739754","182740057","5","12986065"
"chr4","195755731","195756004","chr4","182777548","182777835","20","12978183"
"chr4","195835997","195836303","chr4","182859383","182859687","6","12976614"
"chr4","195849210","195849311","chr4","182872669","182872768","2","12976541"
"chr4","195853538","195853839","chr4","182876995","182877275","25","12976543"
"chr4","195981592","195981901","chr4","183006807","183007120","11","12974785"
"chr4","195989122","195989418","chr4","183014173","183014469","3","12974949"
"chr4","196002512","196002754","chr4","183027604","183027846","5","12974908"
"chr4","196033085","196033385","chr4","183056838","183057138","8","12976247"
"chr4","196068083","196068374","chr4","183091025","183091316","10","12977058"
"chr4","196070981","196071306","chr4","183093941","183094266","5","12977040"
"chr4","196082286","196082557","chr4","183104907","183105178","4","12977379"
"chr4","196186936","196187235","chr4","183209239","183209536","12","12977697"
"chr4","196202250","196202561","chr4","183224551","183224860","8","12977699"
"chr4","196208969","196209267","chr4","183231259","183231569","24","12977710"
"chr4","196210353","196210654","chr2","178276372","178276672","41","17933981"
"chr4","196280053","196280359","chr4","183302782","183303080","12","12977271"
"chr4","196317892","196318183","chr18","21909617","21909917","37","174408275"
"chr4","196327457","196327640","chr4","183351549","183351732","3","12975908"
"chr4","196373991","196374301","chr10","73086651","73086959","36","123287340"
"chr4","196383865","196384168","chrX","84929525","84929819","39","111454340"
"chr4","196398488","196398790","chr4","183410865","183411171","14","12987623"
"chr4","196411073","196411377","chr4","183423433","183423735","5","12987640"
"chr4","196412392","196412693","chr4","183424750","183425054","7","12987642"
"chr4","196448491","196448787","chr4","183461020","183461315","7","12987471"
"chr4","196449879","196450168","chr4","183462404","183462694","9","12987475"
"chr4","196474349","196474653","chr4","183501740","183502043","7","12972609"
"chr4","196489161","196489457","chr4","183516566","183516863","16","12972595"
"chr4","196494810","196495108","chr8","27418748","27419040","35","169076062"
"chr4","196510429","196510725","chr4","183538697","183538995","8","12971732"
"chr4","196516924","196517257","chr1","34812664","34812995","46","161704260"
"chr4","196517271","196517573","chr4","183545526","183545823","10","12971745"
"chr4","196561044","196561347","chr19_GL949746v1_alt","958542","958851","37","195602502"
"chr4","196565880","196566174","chr4","183592329","183592624","11","12973551"
"chr4","196571985","196572317","chr4","183597767","183598098","6","12974218"
"chr4","196574897","196575190","chr4","183600689","183600982","3","12974208"
"chr4","196579631","196579928","chr11","8669362","8669659","35","187910269"
"chr4","196585867","196586148","chr4","183611124","183611405","9","12974743"
"chr4","196639499","196639797","chr4","183686140","183686436","6","12953359"
"chr4","196640338","196640636","chr4","183686140","183686436","6","12954198"
"chr4","196672158","196672464","chr3","124739325","124739632","56","71932833"
"chr4","196686759","196686890","chr15","42431781","42431913","15","154254978"
"chr4","196692830","196693133","chr4","183734088","183734398","23","12958742"
"chr4","196699036","196699351","chr4","183739897","183740213","6","12959139"
"chr4","196726890","196727145","chr4","183767644","183767898","11","12959246"
"chr4","196734536","196734671","chr4","183775326","183775461","4","12959210"
"chr4","196739842","196740145","chr4","183780637","183780945","10","12959205"
"chr4","196744163","196744462","chr4","183784957","183785259","157","12959206"
"chr4","196745147","196745451","chr4","183785944","183786243","16","12959203"
"chr4","196779319","196779440","chr4","183820102","183820223","3","12959217"
"chr4","196796395","196796692","chr4","183837461","183837758","4","12958934"
"chr4","196799737","196800022","chr4","183840878","183841162","4","12958859"
"chr4","196911912","196912216","chr4","183953576","183953865","18","12958336"
"chr4","196973951","196974247","chr9","112747802","112748090","50","84226149"
"chr4","196987759","196988035","chr4","184029878","184030154","6","12957881"
"chr4","197008644","197008887","chr1","226196358","226196604","39","29187714"
"chr4","197134668","197134970","chr4","184241551","184241853","3","12893117"
"chr4","197156906","197157195","chr4","184261744","184262033","6","12895162"
"chr4","197161753","197162050","chr4","184266600","184266901","12","12895153"
"chr4","197203343","197203478","chr4","184308218","184308354","3","12895125"
"chr4","197235651","197235960","chr4","184339095","184339404","8","12896556"
"chr4","197239536","197239837","chr1","155405199","155405501","8","41834337"
"chr4","197246530","197246836","chr4","184346374","184346696","24","12900156"
"chr4","197304934","197305228","chr4","184404961","184405244","17","12899973"
"chr4","197316709","197317017","chr4","184416764","184417072","5","12899945"
"chr4","197319827","197320116","chr12","55892592","55892880","41","141427235"
"chr4","197487458","197487749","chr4","184595739","184596030","12","12891719"
"chr4","197498699","197498993","chr4","184630521","184630815","6","12868178"
"chr4","197529466","197529746","chr4","184661425","184661705","4","12868041"
"chr4","197543613","197543912","chr4","184675547","184675845","5","12868066"
"chr4","197549626","197549944","chr4","184681555","184681873","5","12868071"
"chr4","197550414","197550718","chr22","42391663","42391969","49","155158751"
"chr4","197555143","197555439","chr4","184687074","184687370","5","12868069"
"chr4","197560422","197560726","chr4","184692192","184692501","10","12868230"
"chr4","197567913","197568200","chr4","184699669","184699956","4","12868244"
"chr4","197576200","197576494","chr4","184707942","184708244","14","12868258"
"chr4","197581366","197581663","chr4","184713110","184713407","9","12868256"
"chr4","197639527","197639813","chr4","184770846","184771133","2","12868681"
"chr4","197649633","197649925","chr4","184780957","184781253","11","12868676"
"chr4","197670141","197670275","chr15","64283648","64283782","15","133386493"
"chr4","197690324","197690539","chr12","111043531","111043711","54","86646793"
"chr4","197703384","197703680","chr4","184824124","184824420","7","12879260"
"chr4","197716330","197716621","chr4","184837239","184837527","8","12879091"
"chr4","197721363","197721374","chr3","63620262","63620273","1","134101101"
"chr4","197721458","197721731","chr4","184842399","184842673","16","12879059"
"chr4","197725119","197725418","chr4","184846059","184846359","10","12879060"
"chr4","197741373","197741682","chr3","41890398","41890700","33","155850975"
"chr4","197781277","197781586","chr4","184889101","184889412","15","12892176"
"chr4","197783615","197783912","chr4","184891257","184891552","6","12892358"
"chr4","197848485","197848799","chr4","184977287","184977601","5","12871198"
"chr4","197859994","197860283","chr4","184981589","184981903","33","12878405"
"chr4","197869380","197869665","chr4","184991087","184991372","1","12878293"
"chr4","197877043","197877327","chr4","184998777","184999068","14","12878266"
"chr4","197885963","197886241","chr4","185007737","185008015","4","12878226"
"chr4","197906525","197906836","chr4","185028228","185028535","18","12878297"
"chr4","197916286","197916584","chr4","185037970","185038269","7","12878316"
"chr4","197922625","197922922","chr4","185044287","185044585","8","12878338"
"chr4","197938777","197939058","chr14","103310057","103310338","51","94628720"
"chr4","197984124","197984373","chr4","185104213","185104462","2","12879911"
"chr4","197999541","197999814","chr2","203203199","203203474","56","5203658"
"chr4","198013068","198013366","chr4","185133499","185133793","9","12879569"
"chr4","198015288","198015572","chr4","185135698","185135982","5","12879590"
"chr4","198034723","198034989","chr6","112925408","112925684","52","85109315"
"chr4","198035574","198035874","chr4","185155967","185156267","8","12879607"
"chr4","198038706","198039026","chr4","185159071","185159358","45","12879635"
"chr4","198044829","198044951","chr6","18398574","18398693","24","179646255"
"chr4","198055153","198055476","chr7","78028573","78028872","72","120026580"
"chr4","198076038","198076338","chr4","185196192","185196482","11","12879846"
"chr4","198078018","198078307","chr4","78710051","78710340","52","119367967"
"chr4","198078322","198078617","chr4","185199091","185199387","10","12879231"
"chr4","198079595","198079889","chr4","185200359","185200652","6","12879236"
"chr4","198080282","198080582","chr4","185201042","185201343","12","12879240"
"chr4","198081527","198081800","chrX","46951325","46951600","48","151130202"
"chr4","198093488","198093810","chr19","14755152","14755466","61","183338336"
"chr4","198127208","198127486","chr4","185251012","185251294","8","12876196"
"chr4","198137999","198138299","chr4","185261174","185261472","5","12876825"
"chr4","198143242","198143537","chr4","185266366","185266661","5","12876876"
"chr4","198144323","198144622","chr4","185267446","185267745","6","12876877"
"chr4","198148215","198148423","chr4","185271340","185271548","6","12876875"
"chr4","198154436","198154736","chr4","185281735","185282039","13","12872701"
"chr4","198174381","198174690","chr4","185301577","185301886","6","12872804"
"chr4","198209404","198209665","chr4","185334057","185334335","19","12875347"
"chr4","198219397","198219691","chr4","185343938","185344238","14","12875459"
"chr4","198244631","198244946","chr4","185369228","185369543","2","12875403"
"chr4","198265592","198265911","chr4","185390229","185390546","7","12875363"
"chr4","198268312","198268594","chr4","185392946","185393228","5","12875366"
"chr4","198269349","198269660","chr4","185393977","185394285","7","12875372"
"chr4","198300126","198300417","chr4","185422867","185423157","9","12877259"
"chr4","198304917","198305220","chr12","105048749","105049047","35","93256168"
"chr4","198305739","198306033","chr4","185428292","185428587","8","12877447"
"chr4","198449393","198449678","chr4","185564902","185565191","7","12884491"
"chr4","198519946","198520249","chr4","185635874","185636158","22","12884072"
"chr4","198554240","198554538","chr2","24540461","24540758","31","174013779"
"chr4","198580771","198581054","chr4","185696458","185696741","3","12884313"
"chr4","198582506","198582833","chr4","185698194","185698519","10","12884312"
"chr4","198625460","198625734","chr4","185741394","185741663","15","12884066"
"chr4","198630308","198630618","chr4","185746307","185746617","10","12884001"
"chr4","198671456","198671770","chr10","61811123","61811422","52","136860333"
"chr4","198684567","198684864","chr4","185799921","185800215","7","12884646"
"chr4","198775212","198775515","chr6","87486896","87487198","26","111288316"
"chr4","198803637","198803933","chr8","101073332","101073625","45","97730305"
"chr4","198820469","198820769","chr11","65030502","65030802","50","133789967"
"chr4","198836653","198836947","chr4","185952029","185952326","12","12884624"
"chr4","198843960","198844268","chr4","185959366","185959669","13","12884594"
"chr4","198855491","198855792","chr4","185970935","185971238","8","12884556"
"chr4","198856964","198857268","chr4","185972406","185972710","5","12884558"
"chr4","198869545","198869856","chr4","185983728","185984035","8","12885817"
"chr4","198925880","198925945","chr4","186043957","186044022","1","12881923"
"chr4","198943223","198943508","chr4","186061302","186061589","9","12881921"
"chr4","198968053","198968369","chr4","186085843","186086163","12","12882210"
"chr4","198974138","198974446","chr1","199914030","199914335","46","939892"
"chr4","198999378","198999672","chr4","186131066","186131358","17","12868312"
"chr4","199011823","199012100","chr4","186143543","186143820","0","12868280"
"chr4","199121926","199122236","chr4","186253818","186254131","18","12868108"
"chr4","199133499","199133832","chr21","36241504","36241839","56","162891995"
"chr4","199146170","199146473","chr15","63691185","63691491","55","135454985"
"chr4","199155680","199155958","chr4","186287312","186287592","7","12868368"
"chr4","199198840","199199012","chr1","149919568","149919743","24","49279272"
"chr4","199199041","199199159","chr2","96309367","96309484","17","102889674"
"chr4","199219884","199220086","chr3","4543538","4543742","30","194676346"
"chr4","199227835","199227980","chr4","186358869","186359014","4","12868966"
"chr4","199286437","199286719","chr4","186415613","186415895","1","12870824"
"chr4","199339317","199339604","chr4","186466698","186466985","3","12872619"
"chr4","199346316","199346612","chr4","186473678","186473965","13","12872638"
"chr4","199347536","199347834","chr4","186474880","186475178","7","12872656"
"chr4","199510603","199510891","chr4","186639861","186640148","5","12870742"
"chr4","199567520","199567812","chr1","150004278","150004568","50","49563242"
"chr4","199583063","199583364","chr4","186711636","186711937","5","12871427"
"chr4","199630429","199630735","chr4","186758359","186758669","9","12872070"
"chr4","199646813","199647115","chr16","68302982","68303286","32","131343831"
"chr4","199687404","199687697","chr4","186815230","186815523","5","12872174"
"chr4","199688568","199688862","chr4","186816394","186816685","13","12872174"
"chr4","199774816","199775116","chr4","186913999","186914297","21","12860817"
"chr4","199802584","199802894","chr4","186941575","186941885","5","12861009"
"chr4","199885348","199885653","chrX","132193096","132193395","58","67692252"
"chr4","199915872","199916170","chr4","187067712","187068022","18","12848160"
"chr4","199916269","199916575","chr4","187068117","187068431","14","12848152"
"chr4","199944233","199944354","chr4","187092335","187092456","3","12851898"
"chr4","200019003","200019270","chr4","148505881","148506149","44","51513122"
"chr4","200072277","200072567","chr4","187218590","187218880","6","12853687"
"chr4","200308676","200308916","chr4","187443084","187443324","4","12865592"
"chr4","200432131","200432413","chr4","187566002","187566285","5","12866129"
"chr4","200515500","200515804","chr4","187652617","187652921","9","12862883"
"chr4","200717820","200718128","chr4","187842125","187842431","11","12875695"
"chr4","200789273","200789560","chr13","98640524","98640808","46","102148749"
"chr4","200814636","200814895","chr4","187939644","187939903","3","12874992"
"chr4","200828452","200828661","chr16","67232840","67233055","29","133595612"
"chr4","200857948","200858257","chr4","187980864","187981173","7","12877084"
"chr4","200882789","200883089","chr4","188004319","188004619","5","12878470"
"chr4","200908137","200908412","chr4","188028760","188029035","4","12879377"
"chr4","200910688","200910983","chr4","188031338","188031645","20","12879350"
"chr4","200927087","200927380","chr4","188047648","188047941","5","12879439"
"chr4","200936339","200936640","chr4","188056937","188057233","9","12879402"
"chr4","200951230","200951538","chr17","9274741","9275050","36","191676489"
"chr4","200974416","200974702","chr5","14975432","14975728","45","185998984"
"chr4","200977539","200977875","chr4","188096657","188096955","42","12880882"
"chr4","200985292","200985593","chr4","188104360","188104661","2","12880932"
"chr4","201003486","201003774","chr4","188122163","188122452","9","12881323"
"chr4","201012971","201013284","chr2","95188876","95189168","62","105824095"
"chr4","201015846","201016143","chr4","188134497","188134789","10","12881349"
"chr4","201019185","201019397","chrX","1092403","1092613","24","199926782"
"chr4","201031577","201031865","chr12","122045101","122045387","41","78986476"
"chr4","201053352","201053646","chr22","17344089","17344390","13","183709263"
"chr4","201054857","201054931","chr22","17345603","17345677","0","183709254"
"chr4","201059523","201059818","chr4","188164341","188164638","8","12895182"
"chr4","201070052","201070352","chr20","63489501","63489800","37","137580551"
"chr4","201117887","201118188","chr4","188222632","188222941","15","12895255"
"chr4","201153356","201153653","chr4","188255500","188255796","12","12897856"
"chr4","201173272","201173562","chr4","188276264","188276554","10","12897008"
"chr4","201241280","201241418","chr4","188343827","188343965","6","12897453"
"chr4","201273080","201273425","chr4","188377047","188377371","25","12896033"
"chr4","201302027","201302339","chr4","188403595","188403908","8","12898432"
"chr4","201330012","201330322","chr4","188431608","188431913","16","12898404"
"chr4","201366538","201366840","chr4","188471671","188471979","15","12894867"
"chr4","201419141","201419434","chr4","188516714","188517008","7","12902427"
"chr4","201485703","201485999","chr4","188580480","188580780","12","12905223"
"chr4","201503343","201503626","chr4","188597512","188597808","18","12905831"
"chr4","201576661","201576984","chr4","188669928","188670247","11","12906733"
"chr4","201626048","201626329","chr4","188720427","188720690","30","12905621"
"chr4","201787479","201787790","chr4","188884642","188884953","6","12902837"
"chr4","201798574","201798867","chr4","188895619","188895922","19","12902955"
"chr4","201811819","201812104","chr4","188909430","188909717","8","12902389"
"chr4","201820916","201821224","chr4","188918532","188918834","7","12902384"
"chr4","201898908","201899192","chrX","24386832","24387114","39","177512076"
"chr4","201904447","201904751","chr4","189004569","189004873","5","12899878"
"chr4","201928483","201928778","chr4","189023555","189023849","12","12904928"
"chr4","201937871","201938168","chr4","189032943","189033241","4","12904928"
"chr4","202164891","202165178","chr4","189246907","189247182","16","12917984"
"chr4","202352671","202352964","chr4","189431477","189431773","13","12921194"
"chr4","202361367","202361635","chr20","3488980","3489249","39","198872387"
"chr4","202476155","202476441","chr21","9800444","9800751","27","192675711"
"chr4","202489216","202489451","chr21","9787404","9787639","2","192701812"
"chr4","202640837","202641135","chr21","9672947","9673242","16","192967890"
"chr4","202819682","202819962","chrX","101134742","101135025","45","101684940"
"chr4","202845943","202846218","chr4","189870102","189870376","6","12975841"
"chr4","203002004","203002301","chr4","189961410","189961707","3","13040594"
"chr5","4194160","4194338","chr17","78807826","78808003","8","74613666"
"chr5","5635860","5636144","chr17","77401464","77401744","10","71765604"
"chr5","6553591","6553900","chr17","76460883","76461194","13","69907292"
"chr5","7077814","7078085","chr17","75957096","75957354","19","68879282"
"chr5","25558780","25559067","chr20","37754812","37755098","51","12196032"
"chr5","32243623","32243957","chr17","51145944","51146251","33","18902321"
"chr5","35258310","35258578","chr17","48214653","48214921","4","12956343"
"chr5","38272806","38273074","chr17","45163602","45163870","2","6890796"
"chr5","41025329","41025635","chrX","41339909","41340207","44","314580"
"chr5","44302151","44302433","chr17","39259702","39260006","26","5042449"
"chr5","59899652","59899915","chr2","210479323","210479583","45","150579671"
"chr5","109313882","109314179","chr5","126040302","126040601","13","16726420"
"chr5","115474154","115474462","chr5","132035431","132035734","11","16561277"
"chr5","124256179","124256500","chr19","35749512","35749834","69","88506667"
"chr5","163708642","163708935","chr1","116662077","116662369","45","47046565"
"chr5","57295","57599","chr17_KI270860v1_alt","54612","54922","13","2683"
"chr5","85136","85434","chr17","83017341","83017637","6","82932205"
"chr5","175552","175832","chr17_KI270860v1_alt","166562","166817","33","8990"
"chr5","176872","177161","chr17","82933618","82933911","11","82756746"
"chr5","188996","189258","chr17","82922129","82922391","7","82733133"
"chr5","278382","278687","chr22","42470030","42470336","52","42191648"
"chr5","318003","318309","chr17","82787955","82788261","6","82469952"
"chr5","321900","322204","chr17","82783843","82784146","8","82461943"
"chr5","345531","345826","chr17","82759876","82760173","9","82414345"
"chr5","351919","352225","chr17","82753441","82753752","9","82401522"
"chr5","356389","356691","chr17","82749383","82749683","7","82392994"
"chr5","369526","369822","chr10","102540369","102540662","38","102170843"
"chr5","371020","371217","chr17","82737621","82737813","13","82366601"
"chr5","371499","371588","chr17","82737254","82737342","8","82365755"
"chr5","381266","381569","chr15","51949418","51949716","39","51568152"
"chr5","409316","409426","chr3","22545124","22545234","14","22135808"
"chr5","409790","410100","chr17","82706206","82706511","11","82296416"
"chr5","414591","414887","chr12","122448194","122448489","36","122033603"
"chr5","478112","478332","chr1","92085310","92085529","32","91607198"
"chr5","479462","479732","chr17","82637896","82638166","6","82158434"
"chr5","486149","486440","chr1","26348565","26348855","32","25862416"
"chr5","497833","498138","chr17","82621045","82621352","14","82123212"
"chr5","528901","529193","chr17","82589764","82590059","22","82060863"
"chr5","536755","536834","chr17","82581775","82581854","3","82045020"
"chr5","537144","537314","chr17","82581309","82581478","8","82044165"
"chr5","539130","539436","chr7","95631905","95632208","35","95092775"
"chr5","547805","548116","chr17","82568728","82569039","6","82020923"
"chr5","605456","605754","chr17","82517435","82517727","10","81911979"
"chr5","606413","606730","chr17","82516454","82516763","16","81910041"
"chr5","622304","622596","chr17","82500929","82501226","8","81878625"
"chr5","658339","658545","chr18","23520810","23521017","28","22862471"
"chr5","658845","658982","chr1","174821","174957","37","484024"
"chr5","664177","664504","chr17","82467476","82467803","8","81803299"
"chr5","665233","665533","chr17","82466446","82466752","11","81801213"
"chr5","671551","671837","chr17","82460186","82460474","10","81788635"
"chr5","676201","676493","chr17","82455520","82455811","8","81779319"
"chr5","697712","697988","chr17","82433162","82433439","10","81735450"
"chr5","702813","703109","chr17","82427988","82428284","4","81725175"
"chr5","727588","727893","chr17","82402153","82402462","11","81674565"
"chr5","734254","734565","chr17","47791740","47792043","55","47057486"
"chr5","737991","738293","chr17","82391344","82391620","32","81653353"
"chr5","746985","747274","chr20","49683860","49684150","40","48936875"
"chr5","788134","788414","chr17","82341638","82341918","8","81553504"
"chr5","821122","821424","chr17","82308258","82308557","11","81487136"
"chr5","863724","864030","chr17","82265179","82265478","10","81401455"
"chr5","915148","915428","chr18","11929493","11929772","36","11014345"
"chr5","919573","919640","chr19","57646539","57646608","10","56726966"
"chr5","938521","938831","chr6","107021059","107021370","38","106082538"
"chr5","942632","942924","chr17","82189568","82189860","7","81246936"
"chr5","946691","947000","chr12","49429775","49430080","50","48483084"
"chr5","949342","949653","chr17","82182674","82182985","10","81233332"
"chr5","977458","977762","chr17","82156030","82156313","28","81178572"
"chr5","990503","990766","chr17","82143817","82144075","13","81153314"
"chr5","1002891","1003225","chr12","111370622","111370949","58","110367731"
"chr5","1008675","1008972","chr17","82125379","82125675","6","81116704"
"chr5","1023617","1023922","chr2","47550379","47550682","34","46526762"
"chr5","1158448","1158746","chr17","81981969","81982267","4","80823521"
"chr5","1158750","1159035","chr17","81981680","81981965","3","80822930"
"chr5","1188884","1189169","chr17","81950000","81950285","9","80761116"
"chr5","1189335","1189467","chr17","81949703","81949835","9","80760368"
"chr5","1247562","1247691","chr17","81893392","81893521","1","80645830"
"chr5","1247934","1248080","chr17","81893013","81893149","13","80645079"
"chr5","1264463","1264586","chr5","57227367","57227493","38","55962904"
"chr5","1264888","1264898","chr11","64908582","64908593","6","63643694"
"chr5","1265191","1265313","chr2","85432249","85432363","40","84167058"
"chr5","1325472","1325778","chr17","81733334","81733640","7","80407862"
"chr5","1328048","1328210","chr2","169605354","169605514","32","168277306"
"chr5","1328513","1328648","chr1","211497393","211497528","22","210168880"
"chr5","1349446","1349690","chr17","81706260","81706507","7","80356814"
"chr5","1350782","1350996","chr17","81704953","81705174","9","80354171"
"chr5","1376918","1377217","chr17","81678564","81678859","9","80301646"
"chr5","1386685","1386999","chr17","81668870","81669189","13","80282185"
"chr5","1393237","1393525","chr17","81662341","81662629","6","80269104"
"chr5","1395660","1395963","chr17","81658559","81658862","3","80262899"
"chr5","1413423","1413709","chr17","81640891","81641176","7","80227468"
"chr5","1432057","1432241","chr17","81624449","81624624","18","80192392"
"chr5","1432550","1432685","chr17","81624003","81624138","2","80191453"
"chr5","1449163","1449467","chr17","81605366","81605662","20","80156203"
"chr5","1468421","1468518","chr17","81586003","81586105","6","80117582"
"chr5","1468523","1468831","chr5","96738040","96738329","59","95269517"
"chr5","1480033","1480147","chr17","81574736","81574850","5","80094703"
"chr5","1493620","1493883","chr17","81560993","81561256","3","80067373"
"chr5","1494494","1494787","chr12","107689463","107689757","41","106194969"
"chr5","1499304","1499592","chr17","81555325","81555613","7","80056021"
"chr5","1512288","1512587","chr17","36286026","36286325","43","34773738"
"chr5","1526519","1526800","chr17","81526350","81526631","5","79999831"
"chr5","1536920","1537226","chr17","81515837","81516143","7","79978917"
"chr5","1556513","1556807","chr17","81497672","81497977","23","79941159"
"chr5","1623436","1623732","chr17","81422015","81422310","6","79798579"
"chr5","1639943","1640257","chr17","81405079","81405365","39","79765136"
"chr5","1664342","1664654","chr15","56816466","56816772","44","55152124"
"chr5","1679025","1679318","chr17","81367899","81368187","18","79688874"
"chr5","1687382","1687615","chr1","241866180","241866412","25","240178798"
"chr5","1693536","1693628","chr17","81353633","81353725","1","79660097"
"chr5","1779102","1779331","chr17","81269232","81269461","3","79490130"
"chr5","1792572","1792851","chr17","81255714","81255991","6","79463142"
"chr5","1809608","1809772","chr8","63160004","63160169","26","61350396"
"chr5","1809804","1809921","chr1","244774839","244774948","24","242965035"
"chr5","1897509","1897814","chr17","81151993","81152297","8","79254484"
"chr5","1902001","1902285","chr4","8529977","8530265","62","6627976"
"chr5","1903557","1903854","chr18","23603844","23604139","42","21700287"
"chr5","1912313","1912616","chr17","81136977","81137277","8","79224664"
"chr5","2001631","2001935","chr22","42391663","42391969","29","40390032"
"chr5","2007032","2007328","chr14","96871812","96872104","57","94864780"
"chr5","2037143","2037441","chr17","81014081","81014379","5","78976938"
"chr5","2076135","2076438","chr12","118361453","118361757","42","116285318"
"chr5","2106663","2106967","chr6","107021059","107021370","31","104914396"
"chr5","2134738","2135042","chr17","80917112","80917413","10","78782374"
"chr5","2242001","2242300","chr17","80809190","80809490","14","78567189"
"chr5","2245239","2245538","chr17","80809190","80809490","14","78563951"
"chr5","2321117","2321393","chr17","80746940","80747241","28","78425823"
"chr5","2336809","2337102","chr3","188867358","188867643","64","186530549"
"chr5","2353441","2353730","chr3","169875079","169875365","40","167521638"
"chr5","2413915","2414204","chr17","80655100","80655373","28","78241185"
"chr5","2446412","2446722","chr14","102562992","102563299","48","100116580"
"chr5","2457771","2458046","chr17","80611277","80611552","8","78153506"
"chr5","2459570","2459865","chr17","80609464","80609758","2","78149894"
"chr5","2484649","2484942","chrX","65641248","65641544","41","63156599"
"chr5","2497192","2497502","chr1","231285682","231285993","34","228788490"
"chr5","2500665","2500962","chr17","80566978","80567270","10","78066313"
"chr5","2505234","2505534","chr17","80562502","80562804","16","78057268"
"chr5","2510076","2510409","chr1","51668340","51668652","59","49158264"
"chr5","2510532","2510781","chr14","34917274","34917524","42","32406742"
"chr5","2516547","2516849","chr17","80533758","80534036","26","78017211"
"chr5","2516851","2517134","chr17","80533443","80533726","6","78016592"
"chr5","2517822","2518063","chr17","80532514","80532755","2","78014692"
"chr5","2519752","2520060","chr8","56057077","56057396","47","53537325"
"chr5","2543063","2543356","chr17","80507433","80507753","32","77964370"
"chr5","2555535","2555606","chr22","32241564","32241635","11","29686029"
"chr5","2557704","2557989","chr17","80493867","80494155","14","77936163"
"chr5","2658105","2658384","chr4","186287312","186287592","49","183629207"
"chr5","2661225","2661522","chr17","80391761","80392067","13","77730536"
"chr5","2711556","2711845","chr17","80341808","80342097","4","77630252"
"chr5","2714674","2714945","chr17","80338701","80338973","2","77624027"
"chr5","2722551","2722843","chr4","70767686","70767978","37","68045135"
"chr5","2745818","2746134","chr17","80305600","80305918","5","77559782"
"chr5","2751214","2751481","chr17","80300269","80300543","10","77549055"
"chr5","2756413","2756701","chr17","80296024","80296313","5","77539611"
"chr5","2775270","2775578","chr17","80277315","80277617","10","77502045"
"chr5","2784774","2785079","chr17","80267815","80268120","6","77483041"
"chr5","2794993","2795302","chr17","80256221","80256530","1","77461228"
"chr5","2798896","2799035","chr17","80255158","80255297","1","77456262"
"chr5","2825330","2825636","chr17","80229420","80229729","14","77404090"
"chr5","2826931","2827221","chr17","80228142","80228431","5","77401211"
"chr5","2838727","2839018","chr17","80216047","80216339","8","77377320"
"chr5","2854437","2854567","chr22","32148296","32148427","11","29293859"
"chr5","2864143","2864452","chr17","80190333","80190641","10","77326190"
"chr5","2873581","2873863","chr19","34992443","34992719","45","32118862"
"chr5","2876792","2876929","chr3","12665491","12665628","22","9788699"
"chr5","2876930","2877222","chr17","80177414","80177705","6","77300484"
"chr5","2877223","2877416","chr10","12095843","12096033","45","9218620"
"chr5","2881404","2881698","chr17","80172873","80173177","17","77291469"
"chr5","2886829","2887133","chr17","80167103","80167398","11","77280274"
"chr5","2918597","2918896","chr17","80135614","80135929","21","77217017"
"chr5","2974719","2975016","chr17","80081102","80081387","38","77106383"
"chr5","2975919","2976197","chr17","80079944","80080223","9","77104025"
"chr5","2978586","2978881","chr17","80077244","80077539","5","77098658"
"chr5","3012356","3012652","chr17","80042123","80042419","5","77029767"
"chr5","3013253","3013540","chr17","80041226","80041522","35","77027973"
"chr5","3015377","3015681","chr17","80039085","80039390","4","77023708"
"chr5","3050424","3050722","chr5","35011192","35011480","50","31960768"
"chr5","3085827","3086131","chr17","79969660","79969964","9","76883833"
"chr5","3087496","3087797","chr17","79968004","79968305","5","76880508"
"chr5","3090421","3090734","chr17","79965073","79965381","9","76874652"
"chr5","3148101","3148420","chr17","79910402","79910722","1","76762301"
"chr5","3157595","3157897","chr4","70611203","70611505","47","67453608"
"chr5","3162282","3162574","chr17","79896118","79896421","33","76733836"
"chr5","3190976","3191284","chr17","79869686","79869991","8","76678710"
"chr5","3192665","3192966","chr17","79867998","79868299","4","76675333"
"chr5","3213166","3213477","chr17","79847034","79847346","5","76633868"
"chr5","3290713","3291021","chr17","79770525","79770833","10","76479812"
"chr5","3296467","3296784","chr17","79761244","79761561","3","76464777"
"chr5","3299800","3300108","chr17","79757951","79758255","7","76458151"
"chr5","3302848","3303130","chrX","137602789","137603072","43","134299941"
"chr5","3326008","3326282","chr17","79731816","79732090","4","76405808"
"chr5","3340061","3340361","chr17","79717717","79718017","14","76377656"
"chr5","3369610","3369907","chr17","79688218","79688517","5","76318608"
"chr5","3426269","3426559","chr2","238110944","238111226","43","234684675"
"chr5","3447252","3447518","chr17","79536105","79536356","21","76088853"
"chr5","3493589","3493887","chr17","79491798","79492096","7","75998209"
"chr5","3581407","3581665","chr10","91634680","91634929","38","88053273"
"chr5","3650115","3650418","chr17","79337495","79337797","6","75687380"
"chr5","3678451","3678733","chr17","79308837","79309120","12","75630386"
"chr5","3687353","3687642","chr1","26348565","26348855","40","22661212"
"chr5","3703776","3704076","chr17","79283257","79283560","11","75579481"
"chr5","3739814","3740112","chr17","79247311","79247611","4","75507497"
"chr5","3758167","3758461","chr17","79229275","79229584","18","75471108"
"chr5","3758465","3758753","chr17","79228946","79229262","35","75470481"
"chr5","3762135","3762434","chr17","79225289","79225589","10","75463154"
"chr5","3774654","3774940","chr17","79212870","79213156","2","75438216"
"chr5","3789820","3790127","chr17","79197377","79197684","17","75407557"
"chr5","3792873","3793180","chr17","79194326","79194625","11","75401453"
"chr5","3807514","3807787","chr12","118514194","118514467","7","114706680"
"chr5","3818841","3819053","chr17","75137727","75137948","33","71318886"
"chr5","3838979","3839282","chr17","79160701","79161004","1","75321722"
"chr5","3930803","3931082","chr1","67127651","67127934","34","63196848"
"chr5","3936108","3936406","chr17","79064465","79064763","5","75128357"
"chr5","3965034","3965344","chr17","79035436","79035730","21","75070402"
"chr5","3969470","3969746","chr3","56752075","56752356","49","52782605"
"chr5","3972041","3972353","chr17","79030588","79030900","14","75058547"
"chr5","4011224","4011531","chr17","78989979","78990289","6","74978755"
"chr5","4017666","4017945","chr17","78984742","78985021","7","74967076"
"chr5","4023607","4023901","chr17","78978782","78979073","17","74955175"
"chr5","4041928","4042230","chr17","78959567","78959876","12","74917639"
"chr5","4055811","4055940","chr17","78945926","78946055","0","74890115"
"chr5","4056275","4056442","chr17","78945440","78945606","3","74889165"
"chr5","4070201","4070497","chr16","81235227","81235523","41","77165026"
"chr5","4074845","4075171","chr6","21404379","21404689","48","17329534"
"chr5","4089307","4089612","chr17","78911764","78912073","12","74822457"
"chr5","4093417","4093722","chr9","126403951","126404254","46","122310534"
"chr5","4102558","4102865","chr17","78898728","78899034","7","74796170"
"chr5","4106266","4106572","chr17","78894999","78895305","5","74788733"
"chr5","4113075","4113387","chr17","78888148","78888457","19","74775073"
"chr5","4113850","4114142","chr17","78887388","78887684","15","74773538"
"chr5","4129980","4130292","chr17","78871172","78871481","11","74741192"
"chr5","4132897","4133208","chr17","78868239","78868550","7","74735342"
"chr5","4140430","4140679","chr17","78861599","78861847","8","74721169"
"chr5","4141224","4141528","chr17","78860755","78861055","9","74719531"
"chr5","4142605","4142918","chr17","78859378","78859691","2","74716773"
"chr5","4144197","4144510","chr17","78857788","78858101","10","74713591"
"chr5","4150996","4151234","chr17","78851075","78851313","12","74700079"
"chr5","4155700","4155985","chr17","78846436","78846721","6","74690736"
"chr5","4156629","4156934","chr17","78845491","78845793","8","74688862"
"chr5","4159779","4160092","chr17","78842316","78842621","17","74682537"
"chr5","4167299","4167584","chr17","78834443","78834728","6","74667144"
"chr5","4185379","4185681","chr17","78816344","78816650","7","74630965"
"chr5","4192026","4192294","chr17","78809854","78810112","18","74617828"
"chr5","4209129","4209428","chr17","78792714","78793015","5","74583585"
"chr5","4218909","4219173","chr7","156987824","156988088","30","152768915"
"chr5","4224141","4224435","chr17","78778021","78778330","24","74553880"
"chr5","4225778","4226075","chr17","78776376","78776678","11","74550598"
"chr5","4229324","4229618","chr17","78772838","78773132","6","74543514"
"chr5","4231006","4231173","chr17","78771283","78771450","5","74540277"
"chr5","4231475","4231609","chr17","78770846","78770980","2","74539371"
"chr5","4238313","4238610","chr17","78763829","78764125","5","74525516"
"chr5","4246808","4247067","chr17","78755174","78755432","3","74508366"
"chr5","4250209","4250456","chr17","78751808","78752035","25","74501599"
"chr5","4259425","4259690","chr7","74885537","74885801","34","70626112"
"chr5","4289123","4289421","chr20","31978854","31979149","60","27689731"
"chr5","4300363","4300664","chr17","78700521","78700824","8","74400158"
"chr5","4307512","4307806","chr17","78693341","78693650","24","74385829"
"chr5","4344716","4345011","chr19","12286669","12286947","56","7941953"
"chr5","4347474","4347767","chr17","78653228","78653519","7","74305754"
"chr5","4356757","4357058","chr17","78643977","78644279","10","74287220"
"chr5","4365164","4365446","chr17","78635636","78635919","5","74270472"
"chr5","4369327","4369542","chr2","219776021","219776239","27","215406694"
"chr5","4375155","4375459","chr17","78625243","78625546","12","74250088"
"chr5","4375569","4375669","chr17","78625033","78625133","4","74249464"
"chr5","4397452","4397760","chr1","147922908","147923227","34","143525456"
"chr5","4412487","4412792","chr17","78592797","78593098","13","74180310"
"chr5","4417865","4418185","chr17","78587896","78588209","25","74170031"
"chr5","4419763","4420034","chr17","78585667","78585947","16","74165904"
"chr5","4420065","4420096","chr15","78806129","78806154","7","74386064"
"chr5","4421818","4422128","chr17","78583587","78583897","2","74161769"
"chr5","4450528","4450818","chr17","78554192","78554466","30","74103664"
"chr5","4451461","4451736","chr17","78553284","78553566","20","74101823"
"chr5","4455296","4455598","chr4","152532904","152533203","38","148077608"
"chr5","4458628","4458924","chr17","78547618","78547917","9","74088990"
"chr5","4481517","4481813","chr17","78521124","78521420","3","74039607"
"chr5","4485572","4485870","chr5","149332115","149332405","39","144846543"
"chr5","4489165","4489461","chr17","78513436","78513734","12","74024271"
"chr5","4496480","4496581","chr6","151150090","151150195","20","146653610"
"chr5","4496592","4496703","chr15","101016374","101016485","17","96519782"
"chr5","4503712","4504010","chr17","78513436","78513734","12","74009724"
"chr5","4528303","4528610","chr4","140475804","140476111","34","135947501"
"chr5","4529951","4530262","chr17","78480067","78480377","15","73950116"
"chr5","4543905","4544201","chr17","78464264","78464560","9","73920359"
"chr5","4550453","4550596","chr17","78457960","78458103","5","73907507"
"chr5","4550898","4550953","chr17","78457602","78457657","1","73906704"
"chr5","4552197","4552508","chr17","78456018","78456326","21","73903821"
"chr5","4561566","4561877","chr17","78446633","78446943","7","73885067"
"chr5","4566468","4566759","chr17","78441809","78442095","16","73875341"
"chr5","4582430","4582724","chr17","78425757","78426061","16","73843327"
"chr5","4590274","4590577","chr17","78417929","78418229","10","73827655"
"chr5","4606473","4606737","chr17","78404280","78404540","12","73797807"
"chr5","4614590","4614824","chr17","78404280","78404540","36","73789690"
"chr5","4625526","4625818","chr17","78389623","78389914","11","73764097"
"chr5","4643087","4643209","chr17","78372180","78372300","5","73729093"
"chr5","4643508","4643703","chr17","78371685","78371880","8","73728177"
"chr5","4667106","4667407","chr17","78350741","78351036","14","73683635"
"chr5","4676627","4676941","chr17","78341153","78341469","8","73664526"
"chr5","4686670","4686996","chr17","78331217","78331545","9","73644547"
"chr5","4696643","4696943","chr17","78321189","78321503","23","73624546"
"chr5","4697641","4697948","chr1","8130637","8130940","37","3432996"
"chr5","4704546","4704854","chr17","78313324","78313628","122","73608778"
"chr5","4707970","4708280","chr17","78309929","78310246","13","73601959"
"chr5","4729596","4729908","chr17","78288815","78289126","9","73559219"
"chr5","4731470","4731757","chr2","241536849","241537143","45","236805379"
"chr5","4742547","4742841","chr17","78275840","78276131","17","73533293"
"chr5","4745349","4745651","chr17","78273431","78273738","12","73528082"
"chr5","4755702","4756007","chr3","50244026","50244327","35","45488324"
"chr5","4757903","4758197","chr17","78262119","78262413","12","73504216"
"chr5","4772289","4772592","chr17","78247719","78248024","9","73475430"
"chr5","4773468","4773777","chr17","78246548","78246854","15","73473080"
"chr5","4773963","4774250","chr17","78246075","78246366","5","73472112"
"chr5","4774280","4774577","chr1","229428731","229429028","54","224654451"
"chr5","4789458","4789754","chr17","78229595","78229890","5","73440137"
"chr5","4809756","4810050","chr8","38136810","38137105","11","33327054"
"chr5","4810055","4810363","chr12","123443454","123443767","114","118633399"
"chr5","4818435","4818729","chr17","78203742","78204042","8","73385307"
"chr5","4819112","4819405","chr17","78203056","78203355","20","73383944"
"chr5","4821946","4822225","chr17","78200142","78200435","23","73378196"
"chr5","4829560","4829850","chr4","102673230","102673521","37","97843670"
"chr5","4831214","4831348","chr17","75233898","75234033","12","70402684"
"chr5","4831650","4831817","chrX","71065822","71065992","29","66234172"
"chr5","4837064","4837339","chr17","78182858","78183133","4","73345794"
"chr5","4857221","4857516","chr17","78162789","78163084","3","73305568"
"chr5","4858543","4858814","chr17","78161588","78161867","11","73303045"
"chr5","4859521","4859833","chr17","78160585","78160881","27","73301064"
"chr5","4865864","4866170","chr17","78152801","78153107","5","73286937"
"chr5","4866336","4866627","chr18","57836295","57836587","41","52969959"
"chr5","4868645","4868935","chr3","183977758","183978052","45","179109113"
"chr5","4905658","4905892","chr17","78116038","78116274","6","73210380"
"chr5","4911905","4912156","chr17","78110230","78110467","18","73198325"
"chr5","4927954","4928265","chr17","78094429","78094738","6","73166475"
"chr5","4933430","4933724","chr17","78088960","78089267","14","73155530"
"chr5","4959433","4959709","chr17","78062964","78063248","18","73103531"
"chr5","4986899","4987154","chr9","104949279","104949539","56","99962380"
"chr5","5015986","5016314","chr17","78006813","78007144","8","72990827"
"chr5","5034775","5035088","chr17","77987666","77987979","7","72952891"
"chr5","5074927","5075215","chr17","77950307","77950592","12","72875380"
"chr5","5077489","5077804","chr17","77947715","77948008","30","72870226"
"chr5","5148400","5148705","chr17","77876703","77876993","19","72728303"
"chr5","5158838","5159128","chr17","77866212","77866499","14","72707374"
"chr5","5169454","5169758","chr17","77856171","77856484","18","72686717"
"chr5","5180992","5181307","chr17","77843321","77843619","27","72662329"
"chr5","5188156","5188285","chr17","77836346","77836475","3","72648190"
"chr5","5204760","5205069","chr17","77819144","77819456","14","72614384"
"chr5","5224007","5224177","chr4","150921568","150921729","115","145697561"
"chr5","5224178","5224363","chr17","77799901","77800070","19","72575723"
"chr5","5224364","5224482","chrX","104232965","104233063","39","99008601"
"chr5","5226695","5226970","chr17","77797397","77797673","18","72570702"
"chr5","5236621","5236902","chr17","77788076","77788361","22","72551455"
"chr5","5275727","5276018","chr17","77748846","77749137","3","72473119"
"chr5","5292801","5293096","chr17","77731719","77732020","12","72438918"
"chr5","5324803","5325111","chr17","77699823","77700128","12","72375020"
"chr5","5337168","5337453","chr17","77687556","77687837","6","72350388"
"chr5","5401674","5401950","chr17","77624049","77624327","8","72222375"
"chr5","5411546","5411858","chr17","77614111","77614423","8","72202565"
"chr5","5419918","5420219","chr17","77605719","77605992","32","72185801"
"chr5","5496091","5496393","chr17","77541619","77541916","14","72045528"
"chr5","5500888","5501198","chr17","77536830","77537140","9","72035942"
"chr5","5518785","5519089","chr4","39275058","39275356","44","33756273"
"chr5","5523835","5523855","chr17","77513972","77513992","1","71990137"
"chr5","5523886","5524171","chr17","77513636","77513921","7","71989750"
"chr5","5551802","5552081","chr17","77485838","77486115","12","71934036"
"chr5","5589021","5589327","chr17","77448195","77448501","10","71859174"
"chr5","5593694","5594006","chr17","77443511","77443823","6","71849817"
"chr5","5606034","5606326","chr2","99736609","99736909","50","94130575"
"chr5","5606864","5607173","chr17","77430709","77431019","8","71823845"
"chr5","5614546","5614844","chr17","77423038","77423335","5","71808492"
"chr5","5625460","5625753","chr17","77411849","77412153","15","71786389"
"chr5","5691396","5691722","chr17","77349086","77349416","8","71657690"
"chr5","5695793","5696090","chr17","77344690","77344996","18","71648897"
"chr5","5700312","5700622","chr17","77340130","77340440","11","71639818"
"chr5","5702539","5702841","chr17","77337915","77338213","12","71635376"
"chr5","5712132","5712430","chr12","122448194","122448489","34","116736062"
"chr5","5726300","5726592","chr17","77314181","77314482","27","71587881"
"chr5","5743769","5744065","chr17","77296570","77296868","6","71552801"
"chr5","5746187","5746495","chr17","77294137","77294440","11","71547950"
"chr5","5771432","5771733","chr17","77268875","77269178","7","71497443"
"chr5","5780424","5780712","chr16","3287970","3288266","39","2492454"
"chr5","5787899","5788204","chr17","77252159","77252463","8","71464260"
"chr5","5788833","5789106","chr17","77251255","77251536","19","71462422"
"chr5","5800020","5800331","chr17","77240490","77240792","64","71440470"
"chr5","5807651","5807915","chr17","77197618","77197905","25","71389967"
"chr5","5817855","5818144","chr17","77187388","77187677","10","71369533"
"chr5","5832630","5832922","chrX","1304995","1305286","51","4527635"
"chr5","5834628","5834858","chr19","18876057","18876285","30","13041429"
"chr5","5842398","5842694","chr17","9113881","9114167","58","3271483"
"chr5","5842959","5843270","chr17","77166558","77166867","4","71323599"
"chr5","5848320","5848639","chr17","77161205","77161525","9","71312885"
"chr5","5852842","5853135","chr17","77156293","77156590","13","71303451"
"chr5","5856066","5856372","chr17","77153059","77153365","6","71296993"
"chr5","5874405","5874725","chr17","77134436","77134758","5","71260031"
"chr5","5885413","5885717","chr17","77123415","77123712","17","71238002"
"chr5","5906385","5906687","chr18","59103964","59104267","47","53197579"
"chr5","5910346","5910630","chr17","77099487","77099771","2","71189141"
"chr5","5921607","5921844","chr17","77087474","77087684","31","71165867"
"chr5","5926189","5926503","chr17","77084989","77085301","18","71158800"
"chr5","5929403","5929703","chr17","77081796","77082096","5","71152393"
"chr5","5943210","5943318","chr3","49265212","49265321","11","43322002"
"chr5","5943609","5943711","chr7","101183525","101183615","21","95239916"
"chr5","5943744","5943880","chr1","11268459","11268594","10","5324715"
"chr5","5945039","5945344","chr17","77062590","77062895","5","71117551"
"chr5","5947167","5947465","chr17","77060568","77060866","9","71113401"
"chr5","5949184","5949517","chr17","77058514","77058845","6","71109330"
"chr5","5958404","5958690","chr17","77048551","77048837","6","71090147"
"chr5","5965805","5966109","chr17","77041306","77041600","20","71075501"
"chr5","5985704","5985994","chr17","77015280","77015575","11","71029576"
"chr5","5995275","5995554","chr17","77014744","77015011","21","71019469"
"chr5","6001547","6001850","chr17","77008434","77008737","4","71006887"
"chr5","6002439","6002749","chr17","77007540","77007841","14","71005101"
"chr5","6003309","6003620","chr17","77006635","77006980","41","71003326"
"chr5","6014815","6015125","chr1","92928680","92928990","30","86913865"
"chr5","6024320","6024642","chr17","76985193","76985515","9","70960873"
"chr5","6025425","6025721","chr17","76984105","76984401","10","70958680"
"chr5","6043946","6044260","chr17","76965564","76965878","6","70921618"
"chr5","6048593","6048891","chr17","76960954","76961222","39","70912361"
"chr5","6054088","6054304","chr17","76955557","76955773","7","70901469"
"chr5","6067350","6067637","chr17","76942246","76942548","22","70874896"
"chr5","6128067","6128372","chr17","76886762","76887063","13","70758695"
"chr5","6148540","6148862","chr17","76866408","76866735","12","70717868"
"chr5","6155164","6155429","chr17","76859862","76860128","6","70704698"
"chr5","6179600","6179880","chr17","76836491","76836779","21","70656891"
"chr5","6180321","6180614","chr17","76835769","76836058","11","70655448"
"chr5","6195196","6195496","chr17","76823533","76823832","4","70628337"
"chr5","6202915","6203220","chr2","85589648","85589957","47","79386733"
"chr5","6207538","6207838","chr17","76809744","76810048","9","70602206"
"chr5","6208245","6208550","chr17","76809033","76809332","12","70600788"
"chr5","6208624","6208914","chr17","76808647","76808961","31","70600023"
"chr5","6214856","6215028","chr17","76802598","76802769","5","70587742"
"chr5","6217994","6218248","chr17","76799415","76799672","6","70581421"
"chr5","6225860","6226151","chr17","76792125","76792416","6","70566265"
"chr5","6233445","6233743","chr17","76784613","76784921","16","70551168"
"chr5","6240826","6241053","chr1","88913980","88914215","55","82673154"
"chr5","6254893","6255201","chr17","76763257","76763563","12","70508364"
"chr5","6263051","6263346","chr7","66944104","66944404","40","60681053"
"chr5","6264567","6264891","chr17","76753391","76753715","4","70488824"
"chr5","6265570","6265883","chr17","76752398","76752695","25","70486828"
"chr5","6285651","6285801","chr8","26435545","26435698","30","20149894"
"chr5","6286089","6286233","chr18","7129609","7129751","17","843520"
"chr5","6288006","6288300","chr17","76730010","76730302","7","70442004"
"chr5","6293978","6294271","chr17","76724127","76724420","4","70430149"
"chr5","6298822","6299116","chr17","76719294","76719587","7","70420472"
"chr5","6305015","6305305","chr17","76713107","76713397","3","70408092"
"chr5","6313378","6313657","chr17","76704519","76704804","9","70391141"
"chr5","6314560","6314838","chr17","76703340","76703618","6","70388780"
"chr5","6315315","6315604","chr2","24550827","24551112","52","18235512"
"chr5","6337372","6337608","chrX","54535930","54536165","37","48198558"
"chr5","6343791","6344088","chr17","76668784","76669081","10","70324993"
"chr5","6344209","6344503","chr17","76668369","76668663","4","70324160"
"chr5","6345619","6345925","chr17","76666979","76667279","10","70321360"
"chr5","6349355","6349660","chr17","76663227","76663533","5","70313872"
"chr5","6353441","6353615","chr17","76659277","76659478","32","70305836"
"chr5","6353920","6354035","chr17","76658854","76658969","1","70304934"
"chr5","6358807","6359119","chr17","76653023","76653328","12","70294216"
"chr5","6369038","6369336","chr17","76642649","76642942","16","70273611"
"chr5","6372424","6372721","chr12","111141805","111142098","38","104769381"
"chr5","6377604","6377866","chr17","76635376","76635665","36","70257772"
"chr5","6398635","6398948","chr17","76615748","76616040","28","70217113"
"chr5","6413745","6414042","chr17","76603430","76603739","22","70189685"
"chr5","6422866","6423172","chr17","76594321","76594627","4","70171455"
"chr5","6456829","6457124","chr17","76571312","76571607","6","70114483"
"chr5","6488614","6488913","chr17","76526228","76526529","12","70037614"
"chr5","6500001","6500191","chr6","27446863","27447056","22","20946862"
"chr5","6509394","6509694","chr17","76505742","76506055","16","69996348"
"chr5","6529030","6529312","chr17","76486122","76486404","5","69957092"
"chr5","6532266","6532496","chr17","76482889","76483119","7","69950623"
"chr5","6534189","6534485","chr17","76480072","76480386","21","69945883"
"chr5","6556772","6557046","chr17","76455732","76456040","40","69898960"
"chr5","6573973","6574257","chr15","51949418","51949716","46","45375445"
"chr5","6579602","6579887","chr17","76431231","76431523","17","69851629"
"chr5","6581586","6581894","chr7","97984104","97984412","42","91402518"
"chr5","6596028","6596307","chr17","76415523","76415795","13","69819495"
"chr5","6608249","6608559","chr1","99831336","99831653","55","93223087"
"chr5","6619224","6619525","chr17","76392672","76392964","17","69773448"
"chr5","6623299","6623525","chr17","76388660","76388891","9","69765361"
"chr5","6641776","6642088","chr17","76368947","76369255","12","69727171"
"chr5","6645825","6646121","chr17","76364904","76365198","13","69719079"
"chr5","6649627","6649939","chr17","76368947","76369255","12","69719320"
"chr5","6705401","6705710","chr17","76309991","76310296","6","69604590"
"chr5","6706660","6706959","chr17","76308748","76309046","10","69602088"
"chr5","6708820","6709109","chr17","76306604","76306899","12","69597784"
"chr5","6709494","6709827","chr1","2141311","2141645","52","4568183"
"chr5","6712529","6712826","chrX","109794599","109794888","43","103082070"
"chr5","6714109","6714407","chr1","240677426","240677719","45","233963317"
"chr5","6716781","6717076","chr17","76298620","76298915","7","69581839"
"chr5","6720035","6720326","chr17","76295373","76295664","4","69575338"
"chr5","6720615","6720788","chr12","49406019","49406194","35","42685404"
"chr5","6757199","6757523","chr17","76261319","76261648","11","69504120"
"chr5","6771208","6771515","chr17","76247151","76247450","11","69475943"
"chr5","6798327","6798646","chr17","76222077","76222363","42","69423750"
"chr5","6807160","6807459","chr17","76213289","76213587","3","69406129"
"chr5","6832842","6833158","chr17","76187582","76187897","12","69354740"
"chr5","6836230","6836531","chr17","76183908","76184207","7","69347678"
"chr5","6840678","6840974","chr17","76179410","76179703","11","69338732"
"chr5","6853499","6853797","chr17","76169580","76169880","7","69316081"
"chr5","6860482","6860790","chr17","76163186","76163494","32","69302704"
"chr5","6875122","6875424","chr19","10859385","10859683","51","3984263"
"chr5","6890461","6890750","chr17","76133273","76133557","8","69242812"
"chr5","6895116","6895417","chr17","76128597","76128901","11","69233481"
"chr5","6896095","6896170","chr17","76127845","76127920","1","69231750"
"chr5","6925158","6925451","chr5","96701526","96701820","54","89776368"
"chr5","6927057","6927353","chr17","76094966","76095253","14","69167909"
"chr5","6953646","6953956","chr17","76069106","76069416","12","69115460"
"chr5","6980118","6980415","chr17","76042587","76042884","3","69062469"
"chr5","6980437","6980750","chr9","94932474","94932783","57","87952037"
"chr5","6986947","6987248","chr17","76036110","76036411","3","69049163"
"chr5","7002926","7003222","chr17","76021059","76021355","12","69018133"
"chr5","7006651","7006947","chr17","76021059","76021355","7","69014408"
"chr5","7010835","7011132","chr17","76016931","76017228","13","69006096"
"chr5","7015717","7015977","chr10","72492835","72493092","35","65477118"
"chr5","7033453","7033739","chr17","75999351","75999630","16","68965898"
"chr5","7043092","7043389","chr15","52123544","52123841","45","45080452"
"chr5","7056497","7056793","chr17","75976992","75977295","12","68920495"
"chr5","7073300","7073399","chr17","75961783","75961882","3","68888483"
"chr5","7073694","7073834","chr17","75961338","75961487","13","68887644"
"chr5","7086191","7086497","chr17","75948851","75949159","10","68862660"
"chr5","7088187","7088496","chr17","75946859","75947169","8","68858672"
"chr5","7096049","7096346","chr17","75939014","75939317","10","68842965"
"chr5","7117987","7118283","chr17","75916849","75917145","9","68798862"
"chr5","7126093","7126397","chr17","75908695","75909004","13","68782602"
"chr5","7131680","7131986","chr17","75903127","75903433","4","68771447"
"chr5","7152927","7153232","chr17","75880965","75881265","13","68728038"
"chr5","7163710","7163986","chr17","75870200","75870476","5","68706490"
"chr5","7170804","7171068","chr17","75863172","75863436","8","68692368"
"chr5","7173027","7173278","chr17","75860956","75861208","6","68687929"
"chr5","7174637","7174940","chr17","75859293","75859600","8","68684656"
"chr5","7195706","7196009","chr17","75838218","75838518","13","68642512"
"chr5","7196872","7197181","chr17","75837057","75837365","5","68640185"
"chr5","7207738","7207997","chr17","75826297","75826555","1","68618559"
"chr5","7219752","7220051","chr17","75814220","75814511","15","68594468"
"chr5","7229782","7230078","chr17","75804176","75804472","6","68574394"
"chr5","7238453","7238765","chr6","14409295","14409605","41","7170842"
"chr5","7246236","7246526","chr17","75787544","75787844","14","68541308"
"chr5","7264765","7265076","chr17","75768949","75769253","10","68504184"
"chr5","7282720","7282976","chr17","75751502","75751758","3","68468782"
"chr5","7287570","7287864","chr17","75746658","75746950","5","68459088"
"chr5","7295202","7295503","chr19","45867508","45867808","42","38572306"
"chr5","7307788","7308089","chr17","75726450","75726756","12","68418662"
"chr5","7317714","7318008","chr17","75716284","75716578","5","68398570"
"chr5","7350143","7350443","chr17","75683034","75683344","15","68332891"
"chr5","7355775","7356086","chr17","75677433","75677728","23","68321658"
"chr5","7358974","7359286","chr17","75674283","75674595","4","68315309"
"chr5","7360586","7360895","chr17","75672675","75672983","11","68312089"
"chr5","7368622","7368932","chr17","75664631","75664942","14","68296009"
"chr5","7381942","7382195","chr19","42014501","42014752","30","34632559"
"chr5","7389271","7389573","chr17","75644026","75644328","3","68254755"
"chr5","7440162","7440430","chr17","75593359","75593635","16","68153197"
"chr5","7448895","7449180","chr17","75585144","75585429","5","68136249"
"chr5","7450562","7450857","chr17","75583475","75583769","9","68132913"
"chr5","7454416","7454503","chr12","68895698","68895777","13","61441282"
"chr5","7458471","7458607","chr17","75576277","75576413","2","68117806"
"chr5","7466302","7466613","chr3","66806690","66807001","46","59340388"
"chr5","7471415","7471716","chr17","75562567","75562869","6","68091152"
"chr5","7477105","7477363","chr17","75556775","75557033","6","68079670"
"chr5","7482156","7482451","chr17","75552200","75552493","11","68070044"
"chr5","7482514","7482804","chr17","75551847","75552137","9","68069333"
"chr5","7483855","7484149","chr19","37997286","37997586","40","30513431"
"chr5","7487259","7487570","chr17","75547543","75547838","19","68060284"
"chr5","7494940","7495248","chr17","75539597","75539906","9","68044657"
"chr5","7497133","7497430","chr19","38043058","38043351","35","30545925"
"chr5","7499421","7499729","chr17","75539597","75539906","9","68040176"
"chr5","7507099","7507410","chr17","75547543","75547838","19","68040444"
"chr5","7515402","7515707","chr17","75529198","75529504","10","68013796"
"chr5","7525075","7525375","chr17","75519564","75519871","11","67994489"
"chr5","7531526","7531797","chr17","75513157","75513427","13","67981631"
"chr5","7533647","7533924","chr17","75511060","75511326","14","67977413"
"chr5","7559974","7560271","chr17","75484755","75485053","6","67924781"
"chr5","7561261","7561478","chr15","99533199","99533414","41","91971938"
"chr5","7570766","7571063","chr17","75473833","75474129","7","67903067"
"chr5","7573169","7573419","chr17","75471477","75471728","6","67898308"
"chr5","7573622","7573865","chr17","75470719","75470920","46","67897097"
"chr5","7574163","7574253","chr17","75470333","75470423","1","67896170"
"chr5","7595439","7595736","chr17","75448908","75449202","5","67853469"
"chr5","7598595","7598906","chr17","75445735","75446051","12","67847140"
"chr5","7602939","7603236","chr17","75441407","75441704","7","67838468"
"chr5","7606938","7607239","chr17","75437398","75437693","12","67830460"
"chr5","7618140","7618436","chrX","23932713","23933004","36","16314573"
"chr5","7624551","7624838","chr17","75421052","75421334","10","67796501"
"chr5","7636282","7636583","chr17","75409480","75409787","11","67773198"
"chr5","7644913","7645118","chr8","132334200","132334403","39","124689287"
"chr5","7647507","7647832","chr17","75400481","75400806","3","67752974"
"chr5","7652178","7652475","chr17","75395833","75396137","10","67743655"
"chr5","7659917","7660224","chr17","75388095","75388402","1","67728178"
"chr5","7660847","7661128","chr17","75387197","75387468","16","67726350"
"chr5","7661957","7662253","chr17","75386122","75386417","4","67724165"
"chr5","7678562","7678858","chr17","75369573","75369867","11","67691011"
"chr5","7701315","7701599","chr17","75346579","75346862","9","67645264"
"chr5","7726899","7727197","chr17","75321170","75321476","14","67594271"
"chr5","7731414","7731676","chr15","35135447","35135721","52","27404033"
"chr5","7737023","7737160","chr2","25841566","25841701","14","18104543"
"chr5","7740512","7740640","chr17","75307770","75307898","0","67567258"
"chr5","7740940","7741113","chr17","75307301","75307470","7","67566361"
"chr5","7751289","7751412","chr19","35663660","35663776","24","27912371"
"chr5","7788664","7788970","chr17","75250481","75250782","7","67461817"
"chr5","7809087","7809386","chr2","158826510","158826814","43","151017423"
"chr5","7809538","7809808","chr4","147676796","147677062","44","139867258"
"chr5","7818969","7819254","chr17","75220582","75220863","9","67401613"
"chr5","7824958","7825262","chr17","75214577","75214880","8","67389619"
"chr5","7826291","7826550","chr17","75213330","75213586","5","67387039"
"chr5","7828532","7828823","chr17","75211004","75211302","17","67382472"
"chr5","7834665","7834993","chr14","21531711","21532028","59","13697046"
"chr5","7835115","7835411","chr17","75211004","75211302","33","67375889"
"chr5","7841804","7842116","chr17","75197547","75197842","30","67355743"
"chr5","7842184","7842478","chr17","75197170","75197466","7","67354986"
"chr5","7843701","7844002","chr17","75195648","75195954","10","67351947"
"chr5","7846587","7846722","chr17","75193335","75193470","1","67346748"
"chr5","7859665","7859939","chr17","75180059","75180333","8","67320394"
"chr5","7863973","7864276","chr17","75175622","75175932","14","67311649"
"chr5","7865472","7865771","chr17","75174107","75174406","9","67308635"
"chr5","7870547","7870845","chr5","32259754","32260056","38","24389207"
"chr5","7872675","7872958","chr18","21434193","21434482","58","13561518"
"chr5","7875611","7875889","chr2","74976824","74977107","33","67101213"
"chr5","7897811","7898072","chr17","75143278","75143539","2","67245467"
"chr5","7901877","7902166","chr17","75141792","75142081","4","67239915"
"chr5","7904296","7904592","chr6","1740275","1740571","33","6164021"
"chr5","7905990","7906284","chr6","1740275","1740571","33","6165715"
"chr5","7943585","7943866","chr17","75096842","75097125","7","67153257"
"chr5","7951543","7951842","chr17","75089473","75089776","12","67137930"
"chr5","7955683","7955989","chr17","75085309","75085618","7","67129626"
"chr5","7967768","7968061","chr17","75073282","75073575","3","67105514"
"chr5","7968066","7968188","chr17","75073148","75073277","10","67105082"
"chr5","7973448","7973734","chr17","75067577","75067863","2","67094129"
"chr5","7988486","7988677","chr17","75052724","75052918","10","67064238"
"chr5","7988963","7989096","chr17","75052305","75052438","0","67063342"
"chr5","7990845","7991127","chr17","75050281","75050562","7","67059436"
"chr5","7997477","7997771","chr17","75043330","75043632","11","67045853"
"chr5","8008870","8009178","chr2","25456561","25456867","39","17447691"
"chr5","8024613","8024909","chr17","75015205","75015501","4","66990592"
"chr5","8043707","8044018","chr17","74997088","74997377","32","66953381"
"chr5","8045261","8045567","chr17","74995495","74995802","5","66950234"
"chr5","8055178","8055476","chr17","74985715","74986013","6","66930537"
"chr5","8057843","8058125","chr17","74983085","74983369","9","66925242"
"chr5","8058200","8058211","chr17","74982994","74983005","0","66924794"
"chr5","8061834","8062149","chr17","74979155","74979446","32","66917321"
"chr5","8106683","8106974","chr17","74934692","74934984","6","66828009"
"chr5","8114601","8114927","chr17","74926748","74927074","13","66812147"
"chr5","8122855","8123151","chr17","74918535","74918827","14","66795680"
"chr5","8148444","8148752","chr17","74897878","74898186","6","66749434"
"chr5","8155388","8155486","chr3","153472386","153472477","19","145316998"
"chr5","8159134","8159364","chr17","74886259","74886489","8","66727125"
"chr5","8159671","8159757","chr17","74885872","74885958","2","66726201"
"chr5","8160621","8160918","chr17","74884715","74885007","11","66724094"
"chr5","8174548","8174857","chr17","74870792","74871105","7","66696244"
"chr5","8175107","8175404","chr17","74870235","74870541","53","66695128"
"chr5","8218062","8218362","chr17","74827299","74827595","9","66609237"
"chr5","8233982","8234283","chr17","74811439","74811740","3","66577457"
"chr5","8256717","8257027","chr17","74789249","74789563","14","66532532"
"chr5","8279484","8279767","chr17","74766219","74766502","4","66486735"
"chr5","8289753","8290055","chr17","74755948","74756248","8","66466195"
"chr5","8299509","8299807","chrX","84220319","84220621","49","75920810"
"chr5","8323826","8324111","chr17","74718015","74718298","10","66394189"
"chr5","8327183","8327465","chr17","74713929","74714236","30","66386746"
"chr5","8330690","8330822","chr19","46791197","46791329","9","38460507"
"chr5","8331125","8331209","chr12","75676348","75676431","7","67345223"
"chr5","8341340","8341652","chr17","74699859","74700171","7","66358519"
"chr5","8352308","8352443","chr17","74689025","74689160","2","66336717"
"chr5","8354775","8355053","chr17","74686395","74686681","19","66331620"
"chr5","8355973","8356271","chr17","74685189","74685487","3","66329216"
"chr5","8357067","8357392","chr17","74684083","74684392","24","66327016"
"chr5","8366031","8366330","chr1","99838286","99838586","33","91472255"
"chr5","8368270","8368537","chr17","74674427","74674694","6","66306157"
"chr5","8368585","8368881","chr17","74674085","74674379","7","66305500"
"chr5","8369538","8369843","chr17","74673123","74673428","5","66303585"
"chr5","8381889","8381988","chr17","78625033","78625133","12","70243144"
"chr5","8382014","8382295","chr17","74660799","74661093","22","66278785"
"chr5","8383584","8383894","chr19","9865479","9865791","49","1481895"
"chr5","8394540","8394669","chr17","74649315","74649444","4","66254775"
"chr5","8401356","8401631","chr17","74643301","74643577","9","66241945"
"chr5","8408774","8409072","chr17","74635879","74636176","8","66227105"
"chr5","8414345","8414656","chr17","74630248","74630560","9","66215903"
"chr5","8419540","8419845","chr10","102049265","102049564","44","93629725"
"chr5","8423992","8424251","chr17","74620813","74621071","5","66196821"
"chr5","8428982","8429280","chr17","74615804","74616102","4","66186822"
"chr5","8489482","8489613","chr17","74554553","74554684","3","66065071"
"chr5","8535480","8535729","chr17","74510967","74511216","2","65975487"
"chr5","8535946","8536240","chr10","93448714","93449003","49","84912768"
"chr5","8547764","8548076","chr17","74498600","74498913","9","65950836"
"chr5","8550585","8550874","chr17","74495781","74496068","14","65945196"
"chr5","8552586","8552897","chr19","9865479","9865791","30","1312893"
"chr5","8556026","8556195","chr1","28952865","28953028","23","20396839"
"chr5","8561237","8561546","chr17","74486934","74487243","12","65925697"
"chr5","8564813","8565122","chr2","128130951","128131259","38","119566138"
"chr5","8567400","8567712","chr17","74480736","74481048","2","65913336"
"chr5","8578666","8578968","chr15","51949418","51949716","38","43370752"
"chr5","8592197","8592485","chr17","74456494","74456791","13","65864297"
"chr5","8600342","8600657","chr17","74448386","74448678","30","65848044"
"chr5","8606826","8607137","chr17","74441997","74442302","11","65835171"
"chr5","8607879","8608159","chr17","74440997","74441297","25","65833118"
"chr5","8610600","8610909","chr17","74438253","74438559","11","65827653"
"chr5","8631478","8631767","chr3","24010711","24011000","49","15379233"
"chr5","8635557","8635856","chr17","74412907","74413200","15","65777350"
"chr5","8638947","8639237","chr17","74409523","74409807","11","65770576"
"chr5","8642837","8643148","chr17","74405593","74405903","4","65762756"
"chr5","8671790","8672093","chr17","74376524","74376831","11","65704734"
"chr5","8688871","8689208","chr17","74359392","74359688","45","65670521"
"chr5","8701108","8701410","chr2","158826510","158826814","31","150125402"
"chr5","8707328","8707617","chr17","74341053","74341342","2","65633725"
"chr5","8711494","8711811","chr17","74336815","74337132","7","65625321"
"chr5","8714833","8714940","chr2","28669310","28669418","10","19954477"
"chr5","8714966","8715245","chr17","74333362","74333644","27","65618396"
"chr5","8716825","8717121","chr17","74331579","74331876","5","65614754"
"chr5","8735835","8736123","chr17","74307385","74307674","5","65571550"
"chr5","8749224","8749525","chr20","31978854","31979149","35","23229630"
"chr5","8751143","8751441","chr17","74291868","74292164","12","65540725"
"chr5","8757041","8757324","chr1","156985433","156985723","40","148228392"
"chr5","8763499","8763785","chr17","74279541","74279828","7","65516042"
"chr5","8765885","8766194","chr17","74277105","74277414","15","65511220"
"chr5","8767554","8767859","chr17","74275445","74275740","15","65507891"
"chr5","8778523","8778810","chr17","74264510","74264798","8","65485987"
"chr5","8779604","8779887","chr17","74263450","74263733","3","65483846"
"chr5","8805300","8805606","chr17","74237622","74237932","12","65432322"
"chr5","8806043","8806331","chr9","127254502","127254783","50","118448459"
"chr5","8807298","8807616","chr17","74235608","74235924","13","65428310"
"chr5","8818228","8818528","chr17","74224718","74225023","16","65406490"
"chr5","8824624","8824923","chr17","74218948","74219239","17","65394324"
"chr5","8852214","8852516","chr17","47939136","47939438","44","39086922"
"chr5","8855487","8855797","chr2","158826510","158826814","46","149971023"
"chr5","8860972","8861278","chr17","74184478","74184784","11","65323506"
"chr5","8876835","8877128","chr17","74168565","74168858","6","65291730"
"chr5","8889994","8890291","chr17","74155430","74155726","8","65265436"
"chr5","8906455","8906758","chr17","74138901","74139205","4","65232446"
"chr5","8911613","8911931","chrX","54260711","54261029","49","45349098"
"chr5","8965048","8965176","chr7","42094325","42094453","16","33129277"
"chr5","9010102","9010419","chr17","74038825","74039142","4","65028723"
"chr5","9012319","9012626","chr17","74036614","74036915","10","65024295"
"chr5","9029205","9029500","chr17","74019699","74019992","5","64990494"
"chr5","9077982","9078273","chr1","45458284","45458581","33","36380302"
"chr5","9155611","9155921","chr10","110130574","110130885","45","100974963"
"chr5","9156193","9156503","chr17","73898259","73898560","13","64742066"
"chr5","9173727","9173946","chr9","69665793","69666019","40","60492066"
"chr5","9186826","9187115","chr17","73881386","73881673","24","64694560"
"chr5","9214035","9214340","chr17","73847289","73847590","12","64633254"
"chr5","9235561","9235838","chr17","73825687","73825967","8","64590126"
"chr5","9241821","9242025","chr17","73817170","73817374","9","64575349"
"chr5","9283845","9284158","chr17","73778000","73778311","23","64494155"
"chr5","9319952","9320047","chr13","99117638","99117734","13","89797686"
"chr5","9333011","9333300","chr5","64075102","64075387","46","54742091"
"chr5","9345052","9345328","chr7","37257308","37257573","49","27912256"
"chr5","9359447","9359745","chr17","73702514","73702817","9","64343067"
"chr5","9388246","9388527","chr17","73673018","73673283","24","64284772"
"chr5","9404713","9404943","chr20","44174492","44174722","30","34769779"
"chr5","9422761","9423062","chr16","3287970","3288266","37","6134791"
"chr5","9425143","9425456","chr17","73636407","73636726","14","64211264"
"chr5","9426551","9426854","chr17","73634985","73635287","7","64208434"
"chr5","9442634","9442941","chr17","73618885","73619188","10","64176251"
"chr5","9496413","9496721","chr17","73564543","73564850","11","64068130"
"chr5","9500621","9500922","chr17","73560334","73560639","6","64059713"
"chr5","9503665","9503962","chr17","73557307","73557602","7","64053642"
"chr5","9551014","9551303","chr17","73510503","73510792","2","63959489"
"chr5","9585463","9585722","chr8","139569342","139569602","41","129983879"
"chr5","9589963","9590268","chr17","73471318","73471623","4","63881355"
"chr5","9636022","9636313","chr17","73425515","73425806","4","63789493"
"chr5","9640852","9641138","chr17","73420675","73420960","10","63779823"
"chr5","9644398","9644703","chr17","73417122","73417428","14","63772724"
"chr5","9648998","9649236","chr17","73412634","73412872","4","63763636"
"chr5","9651419","9651719","chr17","73410304","73410616","23","63758885"
"chr5","9652584","9652870","chr17","73409200","73409478","14","63756616"
"chr5","9660259","9660543","chr2","26551006","26551290","31","16890747"
"chr5","9662420","9662714","chr17","73400653","73400947","5","63738233"
"chr5","9667193","9667461","chrX","46899456","46899741","65","37232263"
"chr5","9670996","9671308","chr17","73392273","73392568","28","63721277"
"chr5","9673520","9673802","chr17","73389766","73390048","6","63716246"
"chr5","9676317","9676634","chr17","73386940","73387259","13","63710623"
"chr5","9680525","9680840","chr19","3707444","3707751","48","5973081"
"chr5","9688755","9689053","chr17","73374472","73374767","8","63685717"
"chr5","9694486","9694791","chr17","73368728","73369029","10","63674242"
"chr5","9696217","9696517","chr17","73367000","73367298","6","63670783"
"chr5","9714750","9715024","chr17","73347086","73347360","5","63632336"
"chr5","9722604","9722906","chr17","73339218","73339520","8","63616614"
"chr5","9741703","9742011","chr17","73322153","73322449","16","63580450"
"chr5","9756097","9756380","chr17","73307753","73308041","11","63551656"
"chr5","9766284","9766588","chr22","17583662","17583955","45","7817378"
"chr5","9770130","9770441","chr17","73297647","73297958","3","63527517"
"chr5","9773539","9773745","chr3","47920330","47920540","35","38146791"
"chr5","9783396","9783696","chr17","73282959","73283287","37","63499563"
"chr5","9788820","9789121","chr17","73277551","73277852","8","63488731"
"chr5","9789907","9790190","chr10","114805894","114806174","42","105015987"
"chr5","9794876","9795155","chr17","73271489","73271768","3","63476613"
"chr5","9813284","9813549","chr17","73253079","73253344","7","63439795"
"chr5","9836726","9837041","chr17","73229584","73229894","12","63392858"
"chr5","9849336","9849501","chr20","56535073","56535235","29","46685737"
"chr5","9849529","9849656","chr6","48122313","48122438","12","38272784"
"chr5","9852726","9853024","chr2","42201800","42202099","30","32349074"
"chr5","9861555","9861866","chr17","73204881","73205163","30","63343326"
"chr5","9870878","9871087","chr17","73195632","73195841","11","63324754"
"chr5","9885058","9885176","chr6","158743627","158743745","11","148858569"
"chr5","9885628","9885936","chr17","73185792","73186095","15","63300164"
"chr5","9891006","9891303","chr17","73180368","73180667","8","63289362"
"chr5","9892178","9892381","chr6","32132889","32133084","34","22240711"
"chr5","9893234","9893530","chr17","73151778","73152070","24","63258544"
"chr5","9895654","9895896","chr17","73149414","73149656","7","63253760"
"chr5","9942412","9942712","chr17","73109360","73109662","6","63166948"
"chr5","9947060","9947370","chr20","47496642","47496947","49","37549582"
"chr5","9950434","9950740","chr17","73100101","73100406","8","63149667"
"chr5","9964596","9964904","chr17","73086539","73086847","8","63121943"
"chr5","9985933","9986235","chr5","157653885","157654181","33","147667952"
"chr5","9996446","9996708","chr17","73054565","73054827","3","63058119"
"chr5","10001505","10001817","chr17","73050463","73050764","13","63048958"
"chr5","10004249","10004546","chr17","73047686","73047990","26","63043437"
"chr5","10011208","10011514","chr17","73040705","73041014","10","63029497"
"chr5","10017648","10017930","chr10","104407711","104407995","36","94390063"
"chr5","10022326","10022621","chr2","48272556","48272851","34","38250230"
"chr5","10027162","10027468","chr17","73024706","73025015","9","62997544"
"chr5","10046180","10046304","chr2","199281124","199281245","39","189234944"
"chr5","10046305","10046523","chr4","40699986","40700191","40","30653681"
"chr5","10046524","10046701","chr3","177243870","177244038","46","167197346"
"chr5","10061952","10062264","chr17","72990415","72990727","17","62928463"
"chr5","10063622","10063725","chr20","45988030","45988133","15","35924408"
"chr5","10065801","10065901","chr17","72986744","72986844","3","62920943"
"chr5","10098286","10098587","chr17","72955294","72955607","19","62857008"
"chr5","10104412","10104724","chr17","72949145","72949460","5","62844733"
"chr5","10119875","10120160","chr17","72933527","72933817","8","62813652"
"chr5","10126350","10126660","chr17","72927046","72927361","11","62800696"
"chr5","10134704","10135010","chr17","72918782","72919088","5","62784078"
"chr5","10143154","10143450","chr17","72910344","72910644","12","62767190"
"chr5","10146291","10146600","chr17","72907209","72907518","7","62760918"
"chr5","10173539","10173849","chr17","72882795","72883095","19","62709256"
"chr5","10178261","10178538","chr9","131795950","131796225","40","121617689"
"chr5","10202127","10202429","chr17_KI270859v1_alt","30881","31180","15","10171246"
"chr5","10218564","10218870","chr17","72847121","72847423","7","62628557"
"chr5","10219662","10219960","chr17_KI270859v1_alt","12697","13004","16","10206965"
"chr5","10256000","10256304","chr17","72809792","72810093","11","62553792"
"chr5","10264555","10264865","chr17","72801219","72801526","7","62536664"
"chr5","10274558","10274859","chr17","72791173","72791474","4","62516615"
"chr5","10286311","10286612","chr17","72784063","72784365","11","62497752"
"chr5","10291189","10291481","chr11","118563920","118564215","48","108272731"
"chr5","10325471","10325767","chr17","72744845","72745141","5","62419374"
"chr5","10328404","10328696","chr17","72741919","72742211","11","62413515"
"chr5","10345295","10345601","chr17","72739130","72739420","18","62393835"
"chr5","10362701","10363002","chr17","72721688","72721986","7","62358987"
"chr5","10368721","10369013","chr17","72715704","72715996","7","62346983"
"chr5","10381700","10381991","chr17","72685757","72686045","8","62304057"
"chr5","10393805","10394112","chr17","72673783","72674088","6","62279978"
"chr5","10417475","10417727","chr17","72649640","72649892","5","62232165"
"chr5","10434069","10434383","chr17","72633003","72633318","15","62198934"
"chr5","10436748","10437046","chr16","28440885","28441182","53","18004137"
"chr5","10454166","10454471","chr17","72612936","72613241","7","62158770"
"chr5","10458154","10458444","chr17","72608970","72609260","2","62150816"
"chr5","10467495","10467808","chr17","72599465","72599775","5","62131970"
"chr5","10520498","10520802","chr17","72546733","72547033","8","62026235"
"chr5","10534562","10534878","chr17","72532248","72532561","14","61997686"
"chr5","10540789","10541093","chr17","72526017","72526326","12","61985228"
"chr5","10554958","10555236","chr17","72512326","72512631","32","61957368"
"chr5","10566460","10566770","chr17","74710577","74710884","34","64144117"
"chr5","10584438","10584748","chr17","72482598","72482908","6","61898160"
"chr5","10588778","10589068","chr17","72478325","72478633","22","61889547"
"chr5","10614880","10615178","chr17","72451964","72452236","31","61837084"
"chr5","10660318","10660605","chr17","72410189","72410476","5","61749871"
"chr5","10729601","10729890","chr16","3464023","3464311","53","7265578"
"chr5","10788170","10788472","chr17","72288586","72288887","7","61500416"
"chr5","10828537","10828836","chr17","72248318","72248617","10","61419781"
"chr5","10847479","10847604","chr20","51757191","51757317","14","40909712"
"chr5","10904585","10904855","chr7","100791434","100791706","34","89886849"
"chr5","10915872","10916172","chr17","72163019","72163319","7","61247147"
"chr5","10965423","10965705","chrX","53998172","53998454","31","43032749"
"chr5","11017663","11017969","chr17","72060825","72061105","33","61043162"
"chr5","11108352","11108639","chr17","71967255","71967543","6","60858903"
"chr5","11110653","11110859","chr17","71965036","71965242","0","60854383"
"chr5","11181841","11182137","chr17","71893134","71893430","4","60711293"
"chr5","11214354","11214657","chr17","71860924","71861229","10","60646570"
"chr5","11235213","11235524","chr17","71839470","71839759","28","60604257"
"chr5","11241922","11242205","chr17","71832786","71833084","22","60590864"
"chr5","11291034","11291317","chr17","71783906","71784214","33","60492872"
"chr5","11307904","11308199","chr17","71766930","71767237","20","60459026"
"chr5","11459853","11460125","chr17","71575143","71575417","7","60115290"
"chr5","11495899","11496188","chr17","71540167","71540454","25","60044268"
"chr5","11530921","11531219","chr20","63513920","63514209","41","51982999"
"chr5","11541783","11542084","chr17","71495995","71496291","13","59954212"
"chr5","11562692","11562983","chr17","71475085","71475375","3","59912393"
"chr5","11706100","11706391","chr7","6555661","6555943","53","5150439"
"chr5","11735307","11735637","chr17","71303822","71304117","43","59568515"
"chr5","11823564","11823858","chr17","71214909","71215204","38","59391345"
"chr5","11885462","11885735","chr17","71153013","71153284","8","59267551"
"chr5","11927966","11928282","chr17","71110747","71111051","26","59182781"
"chr5","11982769","11983077","chr17","71055461","71055754","25","59072692"
"chr5","11991795","11992090","chr17","71046420","71046722","16","59054625"
"chr5","12044821","12045133","chr17","70990881","70991192","7","58946060"
"chr5","12229556","12229865","chr17","70814638","70814940","9","58585082"
"chr5","12230516","12230832","chr17","70813678","70813959","38","58583162"
"chr5","12260124","12260435","chr17","70783957","70784238","36","58523833"
"chr5","12311036","12311349","chr13","39809155","39809472","55","27498119"
"chr5","12385885","12386184","chr3","72657096","72657398","54","60271211"
"chr5","12434597","12434888","chr2","127452409","127452695","51","115017812"
"chr5","12435587","12435810","chr16","30883594","30883816","38","18448007"
"chr5","12490674","12490976","chr17","70557192","70557494","10","58066518"
"chr5","12513987","12514268","chr17","62720861","62721143","52","50206874"
"chr5","12520287","12520590","chr1","202366238","202366541","51","189845951"
"chr5","12596757","12597055","chr17","70446974","70447268","10","57850217"
"chr5","12654844","12655139","chr17","70388916","70389211","7","57734072"
"chr5","12659429","12659735","chr17","70384673","70384979","5","57725244"
"chr5","12767605","12767922","chr17","70286884","70287194","10","57519279"
"chr5","12775322","12775634","chr13","43136575","43136886","51","30361253"
"chr5","12788387","12788670","chr17","70267004","70267291","6","57478617"
"chr5","12806648","12806957","chr17","70248669","70248979","12","57442021"
"chr5","12828514","12828807","chr17","70226744","70227037","13","57398230"
"chr5","12849195","12849497","chr17","70205950","70206252","11","57356755"
"chr5","13110224","13110469","chr17","69947251","69947499","7","56837027"
"chr5","13138860","13139163","chr1","151186280","151186578","54","138047420"
"chr5","13156898","13157201","chr2","158826510","158826814","38","145669612"
"chr5","13165401","13165720","chr17","69887704","69888002","28","56722303"
"chr5","13170380","13170680","chr14","88465185","88465483","36","75294805"
"chr5","13193649","13193953","chr6","22103146","22103449","52","8909497"
"chr5","13215842","13216141","chr17","69837284","69837582","8","56621442"
"chr5","13227484","13227787","chr17","69825642","69825946","6","56598158"
"chr5","13260608","13260909","chr17","69792500","69792801","4","56531892"
"chr5","13370103","13370386","chr17","69685415","69685697","5","56315312"
"chr5","13472425","13472676","chr17","69601681","69601932","2","56129256"
"chr5","13511947","13512255","chr17","69562778","69563088","4","56050831"
"chr5","13513897","13514205","chr17","69562778","69563088","4","56048881"
"chr5","13548044","13548347","chr17","69528577","69528888","11","55980533"
"chr5","13562833","13563116","chr1","45458284","45458581","45","31895451"
"chr5","13580239","13580371","chr19","33218685","33218817","11","19638446"
"chr5","13587436","13587725","chr17","69491156","69491443","5","55903720"
"chr5","13598907","13599193","chr17","69479706","69479997","9","55880799"
"chr5","13605847","13606153","chr1","162217268","162217564","51","148611421"
"chr5","13610782","13611095","chr17","69467760","69468065","15","55856978"
"chr5","13614180","13614496","chr17","69464357","69464673","13","55850177"
"chr5","13614866","13615091","chr8","11890066","11890281","36","1724800"
"chr5","13633992","13634310","chr17","69430045","69430362","7","55796053"
"chr5","13653565","13653843","chr17","69410475","69410761","15","55756910"
"chr5","13664438","13664739","chr17","69399430","69399732","5","55734992"
"chr5","13667238","13667534","chr17","69396634","69396930","7","55729396"
"chr5","13668986","13669292","chr17","69395205","69395509","6","55726219"
"chr5","13680220","13680544","chr17","69385206","69385531","11","55704986"
"chr5","13691954","13692272","chr5","54663128","54663435","53","40971174"
"chr5","13704228","13704514","chr2","70727613","70727893","60","57023385"
"chr5","13705244","13705540","chr12","53685858","53686155","42","39980614"
"chr5","13710640","13710902","chr17","69356624","69356900","20","55645984"
"chr5","13716752","13717062","chr7","74391538","74391841","43","60674786"
"chr5","13722989","13723120","chr17","69344435","69344566","0","55621446"
"chr5","13843974","13844268","chr17","69257083","69257376","3","55413109"
"chr5","13844594","13844907","chr17","69256442","69256755","4","55411848"
"chr5","13878903","13879178","chr17","69222074","69222351","4","55343171"
"chr5","13970274","13970571","chr17","69130034","69130329","11","55159760"
"chr5","14058493","14058801","chr17","69041423","69041728","9","54982930"
"chr5","14077653","14077972","chr10","93434149","93434457","44","79356496"
"chr5","14274057","14274371","chr17","68842668","68842981","11","54568611"
"chr5","14282012","14282288","chr3","53065710","53065986","43","38783698"
"chr5","14299958","14300250","chr17","68817089","68817388","12","54517131"
"chr5","14312985","14313288","chr2","233427338","233427641","57","219114353"
"chr5","14314818","14315105","chr17","68802211","68802505","13","54487393"
"chr5","14349256","14349551","chr17","68769952","68770248","5","54420696"
"chr5","14409947","14410236","chr17","68709265","68709589","38","54299318"
"chr5","14484090","14484399","chr17","68641066","68641367","14","54156976"
"chr5","14535553","14535566","chr1","20227747","20227758","3","5692194"
"chr5","14535606","14535886","chr17","68584035","68584317","6","54048429"
"chr5","14540453","14540739","chr16","6304607","6304896","9","8235846"
"chr5","14576425","14576681","chr17","68554145","68554399","4","53977720"
"chr5","14633573","14633846","chr17","68496053","68496341","27","53862480"
"chr5","14640065","14640333","chr17","68489587","68489854","13","53849522"
"chr5","14640930","14641241","chr17","68488446","68488755","9","53847516"
"chr5","14643511","14643804","chr17","68485745","68486038","1","53842234"
"chr5","14674168","14674467","chr17","68455080","68455380","2","53780912"
"chr5","14675779","14676084","chr17","68453469","68453771","13","53777690"
"chr5","14676968","14677269","chr17","68452283","68452584","14","53775315"
"chr5","14691976","14692291","chr17","68436724","68437006","53","53744748"
"chr5","14702999","14703294","chr17","68426539","68426834","9","53723540"
"chr5","14704941","14705242","chr17","68424594","68424895","8","53719653"
"chr5","14734960","14735265","chr17","68396003","68396316","16","53661043"
"chr5","14735740","14735968","chr17","68395306","68395528","10","53659566"
"chr5","14737130","14737187","chr17","68394090","68394147","1","53656960"
"chr5","14737381","14737695","chr17","68393585","68393897","4","53656204"
"chr5","14754175","14754471","chr17","68376863","68377161","8","53622688"
"chr5","14758134","14758464","chr17","68372878","68373212","9","53614744"
"chr5","14766006","14766312","chr17","68365028","68365337","9","53599022"
"chr5","14773113","14773425","chr8","59046576","59046888","53","44273463"
"chr5","14775167","14775471","chr17","68355877","68356181","4","53580710"
"chr5","14777348","14777642","chr17","68353707","68354001","6","53576359"
"chr5","14820092","14820389","chr9","100853431","100853729","35","86033339"
"chr5","14821017","14821270","chr15","43678174","43678425","50","28857157"
"chr5","14834496","14834797","chr21","35970915","35971223","47","21136419"
"chr5","14848574","14848886","chr17","68284126","68284421","24","53435552"
"chr5","14849783","14849868","chr8","27791633","27791715","14","12941850"
"chr5","14857882","14858172","chr17","68277435","68277724","8","53419553"
"chr5","14870069","14870369","chr11","73196857","73197156","40","58326788"
"chr5","14873883","14874154","chr14","63671155","63671427","49","48797272"
"chr5","14891559","14891852","chr17","68244298","68244586","8","53352739"
"chr5","14933131","14933382","chr17","68203654","68203905","6","53270523"
"chr5","14964824","14965087","chr17","68172791","68173054","7","53207967"
"chr5","14998465","14998696","chr8","80420199","80420427","31","65421734"
"chr5","15030744","15030984","chr17","68108666","68108906","6","53077922"
"chr5","15054994","15055301","chr17","64713472","64713781","22","49658478"
"chr5","15063157","15063328","chr4","88482752","88482930","29","73419595"
"chr5","15063354","15063463","chr2","85432249","85432363","29","70368895"
"chr5","15066697","15067022","chr17","68067692","68068002","22","53000995"
"chr5","15067130","15067438","chr17","64727315","64727629","47","49660185"
"chr5","15070362","15070666","chr17","68064047","68064352","6","52993685"
"chr5","15072051","15072345","chr17","68062380","68062664","14","52990329"
"chr5","15092956","15093246","chr2","71112434","71112736","47","56019478"
"chr5","15093278","15093618","chr17","68020941","68021245","39","52927663"
"chr5","15105626","15105911","chr17","68028700","68028985","4","52923074"
"chr5","15113053","15113341","chr17","68021275","68021576","22","52908222"
"chr5","15113373","15113713","chr17","68020941","68021245","39","52907568"
"chr5","15120275","15120409","chr1","155097151","155097285","10","139976876"
"chr5","15122413","15122712","chr3","49624301","49624598","46","34501888"
"chr5","15124885","15125206","chr17","45590045","45590357","53","30465160"
"chr5","15128847","15129137","chr17","68005221","68005514","8","52876374"
"chr5","15133001","15133293","chr17","68001169","68001489","34","52868168"
"chr5","15134037","15134345","chr17","68000005","68000309","8","52865968"
"chr5","15134528","15134641","chr6","107142877","107142994","21","92008349"
"chr5","15137316","15137550","chr17","67996766","67997000","6","52859450"
"chr5","15142116","15142252","chr9","127932866","127933001","11","112790750"
"chr5","15148643","15148933","chr17","67985294","67985584","4","52836651"
"chr5","15162785","15163077","chr17","67971086","67971378","4","52808301"
"chr5","15168463","15168754","chr17","67965422","67965714","7","52796959"
"chr5","15175863","15176162","chr17","67958050","67958343","16","52782187"
"chr5","15191683","15191997","chr17","67942018","67942333","6","52750335"
"chr5","15192544","15192844","chr17","67941169","67941467","10","52748625"
"chr5","15211373","15211684","chr11","94808959","94809270","50","79597586"
"chr5","15213010","15213306","chr17","67921750","67922046","6","52708740"
"chr5","15213532","15213813","chr17","67921244","67921525","2","52707712"
"chr5","15213818","15214132","chr17","67920925","67921239","12","52707107"
"chr5","15226324","15226539","chr5","131060735","131060958","44","115834411"
"chr5","15229640","15229934","chr17","67905129","67905420","9","52675489"
"chr5","15236705","15236989","chr17","67898088","67898372","7","52661383"
"chr5","15252073","15252380","chrX","154135189","154135499","60","138883116"
"chr5","15303845","15304144","chr17","67833568","67833865","4","52529723"
"chr5","15304665","15304802","chr3","185594887","185595022","15","170290222"
"chr5","15321954","15322247","chr17","67823268","67823558","6","52501314"
"chr5","15322438","15322718","chr13","100190401","100190684","46","84867963"
"chr5","15328842","15329129","chr17","67816383","67816670","1","52487541"
"chr5","15330071","15330361","chr17","67815140","67815430","8","52485069"
"chr5","15335133","15335418","chr17","67810099","67810384","3","52474966"
"chr5","15336427","15336709","chr17","67808797","67809079","1","52472370"
"chr5","15336857","15337157","chr7","2447473","2447772","32","12889384"
"chr5","15344399","15344690","chr6","13394642","13394932","30","1949757"
"chr5","15347160","15347453","chr17","67798022","67798307","11","52450862"
"chr5","15349129","15349427","chr17","67796046","67796344","2","52446917"
"chr5","15350009","15350310","chr17","67795157","67795464","14","52445148"
"chr5","15350528","15350832","chr17","67794636","67794929","16","52444108"
"chr5","15353232","15353544","chr17","67791925","67792235","7","52438693"
"chr5","15357555","15357815","chr17","67787621","67787884","4","52430066"
"chr5","15365563","15365874","chr18","51294481","51294786","48","35928918"
"chr5","15369562","15369866","chr17","67775760","67776054","12","52406198"
"chr5","15374513","15374794","chr21","17457248","17457531","45","2082735"
"chr5","15375125","15375439","chr17","67770188","67770502","2","52395063"
"chr5","15381139","15381429","chr17","67764204","67764492","7","52383065"
"chr5","15388224","15388529","chr17","67757300","67757601","7","52369076"
"chr5","15388596","15388865","chr17","67756965","67757233","6","52368369"
"chr5","15399271","15399572","chrX","46568481","46568773","48","31169210"
"chr5","15400925","15401226","chr17","67744615","67744910","11","52343690"
"chr5","15405597","15405885","chr17","67739954","67740244","11","52334357"
"chr5","15416756","15417010","chr17","67727683","67727943","9","52310927"
"chr5","15425402","15425587","chr17","67719117","67719303","8","52293715"
"chr5","15432895","15433196","chr17","67711551","67711839","17","52278656"
"chr5","15439151","15439445","chr17","67705324","67705620","5","52266173"
"chr5","15440506","15440806","chr17","67703964","67704254","15","52263458"
"chr5","15460732","15461018","chr10","84250953","84251239","38","68790221"
"chr5","15472480","15472782","chr17","67671931","67672232","9","52199451"
"chr5","15473984","15474257","chr3","45061705","45061978","33","29587721"
"chr5","15478572","15478865","chr17","67665846","67666142","7","52187274"
"chr5","15479770","15480071","chr17","67664622","67664929","13","52184852"
"chr5","15483884","15484171","chr11","85533040","85533323","34","70049156"
"chr5","15493979","15494290","chr17","67650442","67650750","6","52156463"
"chr5","15495011","15495130","chr17","67649603","67649722","2","52154592"
"chr5","15505784","15506083","chr14","67226359","67226659","27","51720575"
"chr5","15515150","15515463","chr17","67630718","67631012","26","52115568"
"chr5","15516601","15516929","chr17","67629268","67629576","25","52112667"
"chr5","15518016","15518270","chr17","67627915","67628201","41","52109899"
"chr5","15524048","15524354","chr17","67621227","67621507","31","52097179"
"chr5","15527155","15527473","chr17","67618079","67618386","19","52090924"
"chr5","15528032","15528328","chr17","67617224","67617520","5","52089192"
"chr5","15530864","15531164","chr17","67614389","67614689","8","52083525"
"chr5","15531696","15531961","chr17","67613574","67613837","8","52081878"
"chr5","15540738","15541034","chr17","67604501","67604791","8","52063763"
"chr5","15541577","15541884","chr17","67603649","67603958","10","52062072"
"chr5","15547906","15548215","chr17","67597272","67597580","6","52049366"
"chr5","15551824","15552121","chr17","67593389","67593686","8","52041565"
"chr5","15557218","15557525","chr17","67587996","67588303","6","52030778"
"chr5","15561939","15562237","chr17","67583306","67583604","3","52021367"
"chr5","15567918","15568172","chr17","67577328","67577582","7","52009410"
"chr5","15581977","15582265","chr17","67561174","67561468","15","51979197"
"chr5","15583537","15583834","chr17","67559605","67559902","2","51976068"
"chr5","15594830","15595126","chr17","67548309","67548605","6","51953479"
"chr5","15597840","15598108","chr17","67545325","67545593","3","51947485"
"chr5","15607266","15607526","chr17","67536266","67536526","2","51929000"
"chr5","15613798","15614103","chr17","67529664","67529969","7","51915866"
"chr5","15635735","15636030","chr17","67507409","67507708","21","51871674"
"chr5","15652434","15652740","chr17","67497854","67498169","20","51845420"
"chr5","15664631","15664931","chr17","67489736","67490036","4","51825105"
"chr5","15672534","15672826","chr17","67469932","67470222","8","51797398"
"chr5","15678595","15678893","chr17","67463913","67464209","9","51785318"
"chr5","15687058","15687337","chr17","67455429","67455740","39","51768371"
"chr5","15704751","15705062","chr17","67437786","67438095","11","51733035"
"chr5","15712333","15712611","chr17","67430230","67430508","4","51717897"
"chr5","15722814","15723129","chr17","67419624","67419944","17","51696810"
"chr5","15727569","15727875","chr17","67414871","67415179","6","51687302"
"chr5","15732941","15733250","chr1","3901567","3901874","48","11831374"
"chr5","15741216","15741540","chr17","67400915","67401234","11","51659699"
"chr5","15749514","15749818","chr17","67392838","67393153","19","51643324"
"chr5","15768399","15768694","chr17","67373967","67374264","69","51605568"
"chr5","15769924","15770064","chr17","67372568","67372708","5","51602644"
"chr5","15773148","15773453","chr17","67369192","67369497","3","51596044"
"chr5","15774063","15774359","chr6","167020640","167020932","46","151246577"
"chr5","15777465","15777772","chr13","100655017","100655322","40","84877552"
"chr5","15779686","15779974","chr17","67361301","67361589","10","51581615"
"chr5","15788054","15788342","chr17","67361301","67361589","9","51573247"
"chr5","15791391","15791698","chr17","67357917","67358220","15","51566526"
"chr5","15794352","15794652","chr17","67354708","67354998","15","51560356"
"chr5","15807851","15808150","chr17","67341188","67341494","14","51533337"
"chr5","15818958","15819257","chr17","67330466","67330766","8","51511508"
"chr5","15827930","15828232","chr17","67321650","67321950","11","51493720"
"chr5","15833262","15833558","chr17","67316509","67316806","10","51483247"
"chr5","15836631","15836890","chr17","67313184","67313444","7","51476553"
"chr5","15840886","15840992","chr13","33519385","33519488","12","17678499"
"chr5","15846152","15846446","chr17","67303933","67304224","8","51457781"
"chr5","15847430","15847710","chr17","67302672","67302952","4","51455242"
"chr5","15851567","15851866","chr17","67298515","67298814","7","51446948"
"chr5","15856038","15856119","chr17","67294370","67294451","2","51438332"
"chr5","15867784","15868026","chr5","15896029","15896278","37","28245"
"chr5","15877025","15877324","chr5","172956656","172956952","32","157079631"
"chr5","15880822","15881122","chr2","158826510","158826814","40","142945688"
"chr5","15886818","15887129","chr17","67264933","67265247","9","51378115"
"chr5","15899746","15900044","chr17","67250771","67251069","2","51351025"
"chr5","15901698","15902006","chr17","67248803","67249111","8","51347105"
"chr5","15917147","15917360","chr14","55305454","55305663","48","39388307"
"chr5","15918287","15918585","chr17","67232852","67233149","6","51314565"
"chr5","15980518","15980816","chr17","67170545","67170841","5","51190027"
"chr5","16024375","16024530","chr8","126399311","126399469","34","110374936"
"chr5","16024566","16024687","chrX","39991036","39991161","15","23966470"
"chr5","16056904","16057178","chr19","32542955","32543233","53","16486051"
"chr5","16066089","16066360","chr14","34749822","34750104","54","18683733"
"chr5","16088544","16088817","chr17","67062161","67062435","17","50973617"
"chr5","16110402","16110701","chr17","67040152","67040451","4","50929750"
"chr5","16133326","16133623","chr12","116952743","116953037","43","100819417"
"chr5","16135743","16136053","chr17","67014656","67014966","4","50878913"
"chr5","16141785","16142038","chr17","67008708","67008961","5","50866923"
"chr5","16153654","16153957","chr17","66997535","66997843","10","50843881"
"chr5","16188657","16188949","chr17","66961880","66962176","11","50773223"
"chr5","16189408","16189708","chr2","53977980","53978281","39","37788572"
"chr5","16230635","16230930","chr1","202124885","202125179","39","185894250"
"chr5","16236898","16237185","chr17","66913246","66913513","24","50676348"
"chr5","16242128","16242414","chr17","66908044","66908351","29","50665916"
"chr5","16261208","16261453","chr17","66889011","66889256","9","50627803"
"chr5","16281114","16281422","chr17","66869074","66869383","15","50587960"
"chr5","16331730","16332041","chr17","66816872","66817181","7","50485142"
"chr5","16378296","16378594","chr17","66771007","66771304","7","50392711"
"chr5","16381213","16381487","chr17","66767956","66768243","25","50386743"
"chr5","16386398","16386702","chr17","66762788","66763089","12","50376390"
"chr5","16387772","16388028","chr17","66761467","66761723","2","50373695"
"chr5","16392522","16392831","chr17","66756645","66756962","17","50364123"
"chr5","16414651","16414951","chr17","66733515","66733815","6","50318864"
"chr5","16424808","16425103","chr17","66723351","66723647","11","50298543"
"chr5","16428648","16428946","chr17","66719489","66719786","5","50290841"
"chr5","16459917","16460033","chr7","156901239","156901357","17","140441322"
"chr5","16489381","16489516","chr12","26985215","26985350","16","10495834"
"chr5","16504462","16504776","chr17","66648812","66649127","9","50144350"
"chr5","16595756","16596053","chr17","66568033","66568319","15","49972277"
"chr5","16611221","16611517","chr12","122448194","122448489","40","105836973"
"chr5","16620267","16620562","chr17","66543930","66544226","5","49923663"
"chr5","16668353","16668631","chr17","66496664","66496942","2","49828311"
"chr5","16674413","16674717","chr17","66490575","66490879","2","49816162"
"chr5","16675207","16675516","chr17","66489773","66490080","6","49814566"
"chr5","16740384","16740689","chr17","66428497","66428803","12","49688113"
"chr5","16750495","16750792","chr17","66418441","66418735","15","49667946"
"chr5","16764200","16764510","chr17","66404743","66405049","8","49640543"
"chr5","16784387","16784639","chr17","66383710","66383962","6","49599323"
"chr5","16785750","16786036","chr17","66382310","66382596","6","49596560"
"chr5","16789743","16790050","chr17","66378618","66378915","23","49588875"
"chr5","16824195","16824324","chr17","66344375","66344504","3","49520180"
"chr5","16839842","16840141","chr17","66328516","66328815","3","49488674"
"chr5","16872942","16873079","chr17","66295605","66295742","0","49422663"
"chr5","16873905","16874210","chr17","66294473","66294781","10","49420568"
"chr5","16883588","16883879","chr17","66287536","66287831","10","49403948"
"chr5","16888880","16889189","chr17","66282318","66282627","10","49393438"
"chr5","16892714","16892994","chr17","66278797","66279077","9","49386083"
"chr5","16896605","16896895","chr17","66274896","66275186","6","49378291"
"chr5","16900153","16900450","chr17","66271374","66271671","7","49371221"
"chr5","16903410","16903714","chr17","66267114","66267414","9","49363704"
"chr5","16904499","16904797","chr11","122708292","122708593","39","105803793"
"chr5","16906947","16907245","chr17","66263579","66263897","29","49356632"
"chr5","16908293","16908602","chr17","66262234","66262542","11","49353941"
"chr5","16930789","16931083","chr17","66242513","66242805","9","49311724"
"chr5","16935954","16936263","chr17","66237310","66237632","22","49301356"
"chr5","16939504","16939653","chr4","151364329","151364478","22","134424825"
"chr5","16941071","16941338","chr8","12928673","12928948","41","4012398"
"chr5","16950541","16950847","chr17","66220912","66221250","37","49270371"
"chr5","16959076","16959381","chr17","66212373","66212678","9","49253297"
"chr5","16975996","16976274","chr17","66195448","66195730","8","49219452"
"chr5","16982870","16983169","chr17","66189219","66189518","6","49206349"
"chr5","17001640","17001949","chr17","66170483","66170789","11","49168843"
"chr5","17019792","17019953","chr8","26437376","26437542","26","9417584"
"chr5","17019979","17020098","chr19","50780727","50780846","15","33760748"
"chr5","17023452","17023758","chr17","66150200","66150530","33","49126748"
"chr5","17041712","17042007","chr17","66131887","66132198","21","49090175"
"chr5","17061952","17062235","chr10","21023412","21023696","38","3961460"
"chr5","17071222","17071509","chrX","129948988","129949278","46","112877766"
"chr5","17082667","17082948","chr17","66094056","66094358","24","49011389"
"chr5","17083694","17083987","chr17","66093048","66093339","8","49009354"
"chr5","17128241","17128549","chr17","66047109","66047416","9","48918868"
"chr5","17145267","17145594","chr4","168680196","168680510","63","151534929"
"chr5","17148101","17148385","chr17","66032016","66032300","7","48883915"
"chr5","17158441","17158768","chr4","168680196","168680510","63","151521755"
"chr5","17210876","17211144","chr17","65981565","65981833","11","48770689"
"chr5","17388187","17388469","chr17","65804866","65805147","6","48416679"
"chr5","17416895","17417184","chr17","65775506","65775801","10","48358611"
"chr5","17438842","17439120","chr17","65754328","65754606","3","48315486"
"chr5","17476218","17476495","chr17","65725332","65725607","8","48249114"
"chr5","17483006","17483351","chr1","120659896","120660197","81","103176890"
"chr5","17526304","17526621","chr1","104155979","104156290","56","86629675"
"chr5","17530305","17530616","chr17","65677631","65677938","9","48147326"
"chr5","17531898","17532199","chr17","65676057","65676349","13","48144159"
"chr5","17532750","17532911","chr17","65675342","65675503","2","48142592"
"chr5","17568655","17568964","chr17","65643301","65643598","20","48074646"
"chr5","17571812","17572101","chr17","65640155","65640453","16","48068343"
"chr5","17600911","17601223","chr17","65596437","65596750","7","47995526"
"chr5","17606161","17606474","chr17","65591206","65591517","16","47985045"
"chr5","17619162","17619469","chr17","65578163","65578470","4","47959001"
"chr5","17619556","17619602","chr1","186923134","186923181","10","169303578"
"chr5","17623606","17623902","chr17","65573743","65574040","14","47950137"
"chr5","17627407","17627717","chr17","65569923","65570231","11","47942516"
"chr5","17683553","17683850","chr17","65515092","65515391","8","47831539"
"chr5","17702364","17702671","chr17","65497253","65497557","9","47794889"
"chr5","17703527","17703846","chr17","65479934","65480260","32","47776407"
"chr5","17746973","17747271","chr17","65436279","65436584","13","47689306"
"chr5","17767364","17767673","chr17","65415867","65416180","12","47648503"
"chr5","17784447","17784734","chr17","65398779","65399066","5","47614332"
"chr5","17796343","17796644","chr17","65386856","65387157","5","47590513"
"chr5","17805482","17805791","chr17","65377724","65378017","23","47572242"
"chr5","17806535","17806842","chr17","65376665","65376963","11","47570130"
"chr5","17813328","17813642","chr17","65369869","65370180","12","47556541"
"chr5","17814034","17814340","chr1","8130637","8130940","44","9683397"
"chr5","17821015","17821325","chr17","65362218","65362500","36","47541203"
"chr5","17825391","17825686","chr17","65357833","65358128","6","47532442"
"chr5","17840289","17840597","chr17","65342927","65343258","27","47502638"
"chr5","17845158","17845468","chr17","65338116","65338428","5","47492958"
"chr5","17881736","17882047","chr17","65299755","65300060","9","47418019"
"chr5","17885258","17885513","chr17","65296246","65296491","12","47410988"
"chr5","17900825","17901135","chr17","65280607","65280916","7","47379782"
"chr5","17926459","17926754","chr17","65255054","65255346","10","47328595"
"chr5","17931855","17932170","chr6","157668402","157668723","51","139736547"
"chr5","17936911","17937224","chr17","65244619","65244930","13","47307708"
"chr5","17950133","17950435","chr17","65234500","65234787","21","47284367"
"chr5","17974855","17975133","chr17","65209797","65210075","3","47234942"
"chr5","17986388","17986662","chr17","65198260","65198553","25","47211872"
"chr5","18035093","18035402","chr2","26447555","26447866","39","8412462"
"chr5","18038573","18038863","chr17","65147588","65147890","20","47109015"
"chr5","18039537","18039839","chr17","65146613","65146914","17","47107076"
"chr5","18053450","18053762","chr3","57411246","57411555","34","39357796"
"chr5","18057485","18057796","chr17","65128367","65128678","6","47070882"
"chr5","18059236","18059579","chr17","65126588","65126904","31","47067352"
"chr5","18084153","18084451","chr17","65101777","65102074","3","47017624"
"chr5","18093940","18094243","chr17","65091986","65092286","20","46998046"
"chr5","18109812","18110096","chr17","65076330","65076614","2","46966518"
"chr5","18110691","18110811","chr17","65075617","65075735","6","46964926"
"chr5","18110849","18111020","chr17","65075359","65075539","15","46964510"
"chr5","18113878","18114183","chr17","65072208","65072511","8","46958330"
"chr5","18119669","18119976","chr17","65066501","65066807","9","46946832"
"chr5","18128913","18129233","chr17","65057262","65057581","9","46928349"
"chr5","18137083","18137375","chr17","65049107","65049399","1","46912024"
"chr5","18141389","18141693","chr17","65044774","65045072","7","46903385"
"chr5","18143732","18144026","chr17","65042455","65042748","10","46898723"
"chr5","18169821","18170109","chr17","65016373","65016661","8","46846552"
"chr5","18177981","18178276","chr17","65008264","65008556","9","46830283"
"chr5","18178535","18178781","chr1","161065915","161066164","51","142887380"
"chr5","18184053","18184360","chr17","65002084","65002380","18","46818031"
"chr5","18205606","18205931","chr17","64981668","64981999","24","46776062"
"chr5","18208214","18208498","chr17","64979104","64979392","9","46770890"
"chr5","18224096","18224392","chrX","97285603","97285896","53","79061507"
"chr5","18224972","18225243","chr14","63671155","63671427","49","45446183"
"chr5","18227063","18227334","chr17","44036840","44037116","54","25809777"
"chr5","18227427","18227739","chr17","64961096","64961410","11","46733669"
"chr5","18228814","18229013","chr13","45057698","45057902","28","26828884"
"chr5","18268323","18268542","chr17_GL000258v2_alt","492566","492785","0","17775757"
"chr5","18289176","18289483","chr12","55879683","55879994","9","37590507"
"chr5","18294573","18294878","chr17_GL000258v2_alt","240551","240860","11","18054022"
"chr5","18326124","18326396","chr17","46320305","46320577","4","27994181"
"chr5","18353639","18353937","chr5","172956656","172956952","40","154603017"
"chr5","18364721","18364954","chr6","13142186","13142403","43","5222535"
"chr5","18395489","18395786","chr2","24540461","24540758","37","6144972"
"chr5","18428664","18428744","chr13","34106335","34106417","11","15677671"
"chr5","18444530","18444835","chr17","64759281","64759586","6","46314751"
"chr5","18475126","18475419","chr17","64733732","64734025","3","46258606"
"chr5","18476688","18476992","chr17","64731891","64732186","18","46255203"
"chr5","18478039","18478357","chr17","64730511","64730807","28","46252472"
"chr5","18481237","18481553","chr17","64727315","64727629","7","46246078"
"chr5","18481662","18481971","chr17","64726900","64727206","13","46245238"
"chr5","18484005","18484299","chrX","9860433","9860723","44","8623572"
"chr5","18510469","18510776","chr17","64713472","64713781","9","46203003"
"chr5","18512022","18512339","chr2","10867105","10867410","55","7644917"
"chr5","18518309","18518609","chr17","64705940","64706241","6","46187631"
"chr5","18521815","18522126","chr17","64702430","64702741","6","46180615"
"chr5","18528717","18528863","chr10","38673681","38673829","16","20144964"
"chr5","18538096","18538395","chr17","64686392","64686689","4","46148296"
"chr5","18549156","18549467","chr10","5927790","5928096","38","12621366"
"chr5","18550913","18551209","chr17","64674013","64674309","6","46123100"
"chr5","18558110","18558427","chr17","64667139","64667463","13","46109029"
"chr5","18562282","18562589","chr17","64663857","64664165","7","46101575"
"chr5","18571246","18571506","chr17","64655643","64655903","3","46084397"
"chr5","18575546","18575859","chr17","64651293","64651601","18","46075747"
"chr5","18576321","18576599","chr17","17370132","17370420","40","1206189"
"chr5","18581022","18581321","chr17","64646071","64646356","19","46065049"
"chr5","18587812","18588129","chr17","64639295","64639591","29","46051483"
"chr5","18588922","18589056","chr17","64638366","64638500","4","46049444"
"chr5","18589057","18589355","chr17","64638043","64638365","32","46048986"
"chr5","18589541","18589829","chr17","64637575","64637863","11","46048034"
"chr5","18594932","18595026","chr5","13398632","13398724","15","5196300"
"chr5","18601177","18601448","chr10","12959872","12960152","41","5641305"
"chr5","18601671","18601939","chr17","64625992","64626281","27","46024321"
"chr5","18619823","18620129","chr17","64607689","64607996","6","45987866"
"chr5","18649256","18649532","chr17","64582903","64583171","12","45933647"
"chr5","18656208","18656497","chr17","64575923","64576212","5","45919715"
"chr5","18656969","18657272","chr17","64575150","64575452","9","45918181"
"chr5","18663281","18663572","chr17","64568720","64569009","12","45905439"
"chr5","18683140","18683432","chrX","133866917","133867210","33","115183777"
"chr5","18704753","18705041","chrX","120691595","120691879","46","101986842"
"chr5","18706383","18706671","chr17","64525060","64525338","17","45818677"
"chr5","18711013","18711291","chr17","64520459","64520732","9","45809446"
"chr5","18713576","18713869","chr17","64517883","64518176","4","45804307"
"chr5","18748938","18749251","chr17","64487332","64487642","11","45738394"
"chr5","18752728","18753017","chr5","61015286","61015581","56","42262558"
"chr5","18754845","18755162","chr17","64481591","64481915","25","45726746"
"chr5","18767772","18768069","chr17","64469402","64469698","8","45701630"
"chr5","18769527","18769790","chr17","64467694","64467959","5","45698167"
"chr5","18779535","18779604","chr17","64457838","64457907","0","45678303"
"chr5","18785703","18786002","chr17","64451652","64451945","8","45665949"
"chr5","18791001","18791227","chr17","64446464","64446690","11","45655463"
"chr5","18798102","18798399","chr17","64439308","64439605","3","45641206"
"chr5","18800186","18800479","chr7","129222510","129222803","35","110422324"
"chr5","18808689","18808984","chr17","64430912","64431209","7","45622223"
"chr5","18824602","18824918","chr17","64415828","64416144","2","45591226"
"chr5","18825906","18826147","chr12","93038404","93038640","36","74212498"
"chr5","18829970","18830281","chr17","64410179","64410490","13","45580209"
"chr5","18834818","18835103","chr17","64405359","64405642","6","45570541"
"chr5","18835544","18835840","chr17","64404612","64404911","8","45569068"
"chr5","18839904","18840211","chr17","64400259","64400573","15","45560355"
"chr5","18842739","18843035","chr17","64397424","64397729","15","45554685"
"chr5","18854616","18854909","chrX","109791881","109792170","48","90937265"
"chr5","18863478","18863731","chr17","64377362","64377619","9","45513884"
"chr5","18864106","18864400","chr17","64376693","64376987","6","45512587"
"chr5","18872243","18872551","chr17","64368574","64368882","9","45496331"
"chr5","18892094","18892426","chr17","64348399","64348736","11","45456305"
"chr5","18893401","18893711","chr17","64347236","64347545","15","45453835"
"chr5","18894314","18894610","chr17","64346340","64346635","4","45452026"
"chr5","18898766","18899072","chr17","64341868","64342175","12","45443102"
"chr5","18900770","18901078","chr1","77158009","77158316","67","58257239"
"chr5","18906939","18907207","chr17","64333699","64333977","13","45426760"
"chr5","18925826","18926144","chr17","64314741","64315060","9","45388915"
"chr5","18928976","18929144","chr17","64311769","64311937","5","45382793"
"chr5","18929830","18930124","chr8","27418748","27419040","30","8488918"
"chr5","18932661","18932971","chr17","64307964","64308239","45","45375303"
"chr5","18934880","18935175","chr17","64305735","64306026","9","45370855"
"chr5","18942476","18942777","chr17","64297899","64298197","6","45355423"
"chr5","18944913","18945048","chr17","64295633","64295768","1","45350720"
"chr5","18945814","18946112","chr17","64294531","64294850","27","45348717"
"chr5","18949769","18950074","chr17","64290653","64290936","32","45340884"
"chr5","18957328","18957616","chr17","64283090","64283387","14","45325762"
"chr5","18958979","18959288","chr17","64281426","64281737","12","45322447"
"chr5","18961341","18961497","chr16","71947921","71948076","31","52986580"
"chr5","18961536","18961653","chr6","18398574","18398693","16","562962"
"chr5","18963640","18963919","chr19","17547071","17547345","43","1416569"
"chr5","18972452","18972768","chr17","64267768","64268078","10","45295316"
"chr5","18991582","18991886","chr17","64248766","64249059","20","45257184"
"chr5","19029521","19029806","chr17","64210975","64211260","2","45181454"
"chr5","19041214","19041518","chr17","64199232","64199531","10","45158018"
"chr5","19050714","19051028","chr17","64189700","64190039","33","45138986"
"chr5","19068739","19069045","chr17","64171697","64172009","14","45102958"
"chr5","19077314","19077623","chr3","45586557","45586850","56","26509243"
"chr5","19105818","19106116","chr17","64137449","64137754","11","45031631"
"chr5","19115271","19115577","chr17","64128004","64128310","14","45012733"
"chr5","19117792","19118097","chrX","46979874","46980179","39","27862082"
"chr5","19131192","19131498","chr17","64112086","64112394","5","44980894"
"chr5","19143283","19143585","chr17","64100489","64100781","12","44957206"
"chr5","19215966","19216268","chr6","107239635","107239941","34","88023669"
"chr5","19220502","19220816","chrX","71069659","71069968","37","51849157"
"chr5","19231728","19232025","chr17","64012316","64012613","5","44780588"
"chr5","19248486","19248773","chr5","80485942","80486237","31","61237456"
"chr5","19257795","19258108","chr1","77625709","77626020","42","58367914"
"chr5","19274443","19274752","chr17","63969633","63969942","13","44695190"
"chr5","19278994","19279290","chr17","63965047","63965343","2","44686053"
"chr5","19286304","19286614","chr17","63957722","63958033","18","44671418"
"chr5","19308935","19309245","chr1","22834643","22834954","51","3525708"
"chr5","19316989","19317310","chr8","140334368","140334688","39","121017379"
"chr5","19323804","19324105","chr17","63920281","63920583","8","44596477"
"chr5","19364257","19364561","chr17","63912396","63912699","16","44548139"
"chr5","19372495","19372775","chr17","63912396","63912699","47","44539901"
"chr5","19378378","19378686","chr17","63901464","63901772","23","44523086"
"chr5","19407666","19407948","chr17","63844821","63845113","20","44437155"
"chr5","19436896","19437198","chr17","63814676","63814980","10","44377780"
"chr5","19443413","19443722","chr17","63808164","63808473","2","44364751"
"chr5","19447929","19448232","chr17","63803637","63803949","15","44355708"
"chr5","19449272","19449386","chrX","120844023","120844134","20","101394751"
"chr5","19450120","19450346","chr17","63801528","63801754","3","44351408"
"chr5","19460411","19460719","chr17","63791302","63791610","4","44330891"
"chr5","19461075","19461246","chr17","63790771","63790942","3","44329696"
"chr5","19461537","19461674","chr17","63790343","63790480","1","44328806"
"chr5","19471931","19472239","chr17","63791302","63791610","4","44319371"
"chr5","19479310","19479615","chr17","63783783","63784090","8","44304473"
"chr5","19520293","19520489","chr17","63748216","63748412","2","44227923"
"chr5","19536951","19537244","chr17","63734361","63734655","6","44197410"
"chr5","19538827","19539092","chr8","42669464","42669729","43","23130637"
"chr5","19540659","19540739","chr17","63730861","63730941","1","44190202"
"chr5","19541042","19541206","chr17","63730398","63730558","5","44189356"
"chr5","19549950","19550248","chr17","63721437","63721743","18","44171487"
"chr5","19553788","19553923","chr17","63717776","63717912","1","44163988"
"chr5","19554224","19554401","chr17","63717298","63717475","5","44163074"
"chr5","19555307","19555608","chr17","63716096","63716395","24","44160789"
"chr5","19563264","19563536","chr17","63708191","63708466","6","44144927"
"chr5","19601256","19601570","chr10","119718125","119718435","50","100116869"
"chr5","19608984","19609283","chr17","63663221","63663515","6","44054237"
"chr5","19609530","19609852","chr17","63662651","63662974","11","44053121"
"chr5","19611158","19611442","chr17","63661065","63661346","5","44049907"
"chr5","19615847","19616153","chr5","150528509","150528815","50","130912662"
"chr5","19616234","19616528","chr17","63655948","63656240","6","44039714"
"chr5","19625732","19626016","chr17","63644227","63644510","5","44018495"
"chr5","19627580","19627880","chr17","63642379","63642680","5","44014799"
"chr5","19640831","19641123","chr17","63629124","63629424","13","43988293"
"chr5","19665333","19665628","chr17","63604732","63605030","9","43939399"
"chr5","19666642","19666942","chrX","9860433","9860723","43","9806209"
"chr5","19667542","19667666","chr15","77500001","77500130","14","57832459"
"chr5","19667693","19667966","chr6","150693057","150693316","47","131025364"
"chr5","19668191","19668508","chr17","63601973","63602291","18","43933782"
"chr5","19670843","19670992","chr17","63599480","63599629","3","43928637"
"chr5","19673554","19673857","chr17","63596613","63596919","17","43923059"
"chr5","19707523","19707739","chr17","63548999","63549215","3","43841476"
"chr5","19715449","19715755","chr17","63541287","63541591","11","43825838"
"chr5","19727919","19728230","chr17","63528829","63529134","12","43800910"
"chr5","19752172","19752481","chr17","63504565","63504874","3","43752393"
"chr5","19768633","19768768","chr17","63487953","63488088","1","43719320"
"chr5","19789950","19790065","chr17","63466628","63466743","1","43676678"
"chr5","19819367","19819657","chr22","40794628","40794918","43","20975261"
"chr5","19830506","19830809","chr6","74045311","74045615","42","54214805"
"chr5","19865220","19865475","chr17","63410624","63410889","13","43545404"
"chr5","19906254","19906604","chr17","63369554","63369902","11","43463300"
"chr5","19969014","19969308","chr17","63310166","63310460","5","43341152"
"chr5","20018682","20018953","chr7","71998575","71998851","59","51979893"
"chr5","20021794","20022088","chr4","8529977","8530265","47","11491817"
"chr5","20033707","20033871","chr17","63245861","63246025","3","43212154"
"chr5","20034173","20034307","chr17","63245426","63245560","2","43211253"
"chr5","20051527","20051834","chr17","63227855","63228162","9","43176328"
"chr5","20058860","20059156","chr17","63220420","63220719","14","43161560"
"chr5","20059268","20059567","chr9","128874723","128875024","36","108815455"
"chr5","20063236","20063531","chr17","63216053","63216348","7","43152817"
"chr5","20094155","20094334","chr17","63185213","63185392","5","43091058"
"chr5","20101962","20102254","chr17","63176982","63177290","19","43075020"
"chr5","20136597","20136906","chr17","63141260","63141580","16","43004663"
"chr5","20137117","20137417","chr17","63140749","63141049","8","43003632"
"chr5","20163024","20163321","chr17","63122455","63122752","6","42959431"
"chr5","20200439","20200719","chr17","63075538","63075818","6","42875099"
"chr5","20262526","20262822","chr5","550432","550730","42","19712094"
"chr5","20314439","20314752","chr17","62973031","62973331","22","42658592"
"chr5","20330855","20330953","chr2","216543717","216543816","21","196212862"
"chr5","20331252","20331440","chr15","31512981","31513170","42","11181729"
"chr5","20333244","20333554","chr17","62954249","62954568","15","42621005"
"chr5","20334182","20334471","chr17","62953338","62953630","8","42619156"
"chr5","20339988","20340279","chr17","62947519","62947807","8","42607531"
"chr5","20341022","20341308","chr17","62946488","62946776","3","42605466"
"chr5","20341883","20342193","chr17","62945605","62945915","6","42603722"
"chr5","20378025","20378333","chr17","62909410","62909720","6","42531385"
"chr5","20391032","20391169","chr17","62896655","62896788","9","42505623"
"chr5","20415321","20415639","chr17","62874727","62875044","5","42459406"
"chr5","20417050","20417186","chr17","62873198","62873335","5","42456148"
"chr5","20417484","20417644","chr17","62872740","62872902","8","42455256"
"chr5","20435626","20435922","chr3","5131395","5131690","37","15304231"
"chr5","20439510","20439813","chr17","62851833","62852136","5","42412323"
"chr5","20441408","20441707","chr17","62849941","62850237","8","42408533"
"chr5","20446533","20446833","chr17","62844687","62844997","13","42398154"
"chr5","20455886","20456186","chr17","62835308","62835612","13","42379422"
"chr5","20458486","20458795","chr17","62832674","62832983","8","42374188"
"chr5","20461426","20461721","chr17","62829747","62830042","4","42368321"
"chr5","20468767","20469032","chr17","62822431","62822695","3","42353664"
"chr5","20482416","20482744","chr17","62808986","62809310","13","42326570"
"chr5","20485816","20486091","chr17","62805648","62805915","28","42319832"
"chr5","20495460","20495746","chr4","1276406","1276695","42","19219054"
"chr5","20510571","20510796","chr2","134342498","134342737","49","113831927"
"chr5","20519594","20519896","chr9","114726897","114727195","38","94207303"
"chr5","20521523","20521819","chr17","62769413","62769713","9","42247890"
"chr5","20523469","20523782","chr17","62767448","62767754","11","42243979"
"chr5","20525410","20525459","chr2","35177024","35177069","14","14651614"
"chr5","20531885","20532170","chr2","70365928","70366214","39","49834043"
"chr5","20533264","20533543","chr17","62758119","62758368","33","42224855"
"chr5","20538258","20538572","chr17","62753113","62753406","25","42214855"
"chr5","20539633","20539941","chr17","62751739","62752047","17","42212106"
"chr5","20548006","20548312","chr3","71091906","71092216","43","50543900"
"chr5","20549347","20549658","chr17","62742007","62742319","17","42192660"
"chr5","20552317","20552611","chr17","62739017","62739335","30","42186700"
"chr5","20557402","20557698","chr17","62733903","62734200","6","42176501"
"chr5","20558591","20558901","chr17","62732711","62733012","15","42174120"
"chr5","20560047","20560344","chr17","62731267","62731564","5","42171220"
"chr5","20569316","20569613","chr17","62722001","62722299","11","42152685"
"chr5","20570468","20570747","chr17","62720861","62721143","8","42150393"
"chr5","20576543","20576838","chr17","62714751","62715046","8","42138208"
"chr5","20580742","20581045","chr17","62710551","62710860","12","42129809"
"chr5","20600014","20600314","chr17","62691496","62691794","8","42091482"
"chr5","20617120","20617429","chr17","62673503","62673809","6","42056383"
"chr5","20617935","20618247","chr11","120048365","120048676","36","99430430"
"chr5","20621112","20621433","chr17","62669518","62669847","13","42048406"
"chr5","20625518","20625837","chr17","62665118","62665441","12","42039600"
"chr5","20638764","20639061","chr2","99736609","99736909","48","79097845"
"chr5","20642289","20642515","chr17","62648122","62648348","3","42005833"
"chr5","20694730","20695016","chr17","62598938","62599224","0","41904208"
"chr5","20699523","20699815","chr17","62594126","62594420","5","41894603"
"chr5","20699849","20700146","chr17","62593792","62594089","12","41893943"
"chr5","20710889","20711204","chr17","62583083","62583394","11","41872194"
"chr5","20717030","20717341","chr17","62576952","62577264","8","41859922"
"chr5","20719845","20720150","chr17","62574510","62574815","3","41854665"
"chr5","20722469","20722776","chr17","62571887","62572194","2","41849418"
"chr5","20724947","20725196","chr1","11120257","11120517","42","9604690"
"chr5","20729942","20730112","chr19","12694192","12694356","22","8035750"
"chr5","20730416","20730550","chrX","70113971","70114106","18","49383555"
"chr5","20737544","20737654","chr17","62561401","62561511","2","41823857"
"chr5","20738226","20738289","chr2","96791152","96791203","19","76052926"
"chr5","20742859","20743075","chr17","62555997","62556214","3","41813138"
"chr5","20744486","20744797","chr17","62554293","62554605","8","41809807"
"chr5","20745581","20745710","chrX","39991036","39991161","17","19245455"
"chr5","20782181","20782468","chr7","128572827","128573125","19","107790646"
"chr5","20782634","20782945","chr7","128572356","128572665","9","107789722"
"chr5","20839235","20839534","chr17","62462656","62462955","8","41623421"
"chr5","20862170","20862327","chr7","128491617","128491779","10","107629447"
"chr5","20862633","20862734","chr7","128491205","128491313","7","107628572"
"chr5","20875465","20875759","chr7","128482539","128482833","5","107607074"
"chr5","20880206","20880489","chr1","8235517","8235797","40","12644689"
"chr5","20924958","20925237","chr17","62376191","62376469","12","41451233"
"chr5","20932489","20932794","chr17","62368752","62369056","9","41436263"
"chr5","20949402","20949619","chr17","62351884","62352102","1","41402482"
"chr5","20955584","20955697","chr17","62346088","62346209","8","41390504"
"chr5","20963302","20963594","chr17","62338212","62338503","3","41374910"
"chr5","20974130","20974387","chr17","62314452","62314710","6","41340322"
"chr5","20974452","20974762","chr17","62314078","62314389","9","41339626"
"chr5","21069815","21069967","chr7","138691900","138692057","35","117622085"
"chr5","21075542","21075745","chr19","36011814","36012019","43","14936272"
"chr5","21081688","21081923","chr5","67325069","67325305","36","46243381"
"chr5","21085412","21085708","chr17","62216173","62216469","8","41130761"
"chr5","21095306","21095475","chr16","66465940","66466113","27","45370634"
"chr5","21098698","21098860","chr17","62203880","62204038","6","41105182"
"chr5","21099155","21099293","chr17","62203448","62203586","0","41104293"
"chr5","21099830","21100139","chr17","62202602","62202911","5","41102772"
"chr5","21108409","21108528","chr17","62194200","62194319","3","41085791"
"chr5","21113364","21113655","chr17","62189067","62189360","5","41075703"
"chr5","21123434","21123748","chr8","108056774","108057085","39","86933340"
"chr5","21133179","21133516","chr17","62169501","62169831","11","41036322"
"chr5","21143309","21143594","chr17","62159420","62159707","7","41016111"
"chr5","21146634","21146935","chr17","62156084","62156385","3","41009450"
"chr5","21160607","21160912","chr17","62142333","62142638","11","40981726"
"chr5","21166622","21166924","chr8","80099510","80099809","39","58932888"
"chr5","21169092","21169376","chr17","62133895","62134178","5","40964803"
"chr5","21170364","21170666","chr17","62132573","62132878","11","40962209"
"chr5","21171279","21171398","chr17","62131855","62131964","12","40960576"
"chr5","21171701","21171886","chr17","62131364","62131549","3","40959663"
"chr5","21179929","21180183","chr17","62123202","62123461","11","40943273"
"chr5","21187326","21187604","chr17","62115680","62115958","5","40928354"
"chr5","21199795","21200099","chr17","62103826","62104130","8","40904031"
"chr5","21201417","21201731","chr17","62102191","62102503","7","40900774"
"chr5","21202763","21203065","chr17","62100863","62101159","9","40898100"
"chr5","21260720","21261007","chr1","119124211","119124494","32","97863491"
"chr5","21262497","21262815","chr19","48699872","48700179","59","27437375"
"chr5","21267719","21268009","chr17","62037693","62037985","7","40769974"
"chr5","21270568","21270883","chr17","62034833","62035150","11","40764265"
"chr5","21272548","21272849","chr4","40386633","40386933","40","19114085"
"chr5","21285689","21285997","chrX","18400855","18401152","43","2884834"
"chr5","21294329","21294625","chr17","62009940","62010230","12","40715611"
"chr5","21298984","21299261","chr17","62005328","62005605","4","40706344"
"chr5","21312832","21312967","chr17","61991808","61991943","3","40678976"
"chr5","21313267","21313369","chr17","61991406","61991506","3","40678139"
"chr5","21330758","21331031","chr16","21961677","21961952","40","630919"
"chr5","21334834","21335143","chr17","61969592","61969899","12","40634758"
"chr5","21349438","21349729","chr17","61954495","61954786","5","40605057"
"chr5","21366489","21366787","chr17","61937186","61937480","8","40570697"
"chr5","21386405","21386700","chr3","183977758","183978052","37","162591353"
"chr5","21389415","21389575","chr17","61915380","61915536","12","40525965"
"chr5","21389902","21390037","chr17","61914922","61915057","2","40525020"
"chr5","21396539","21396834","chr17","61908133","61908428","1","40511594"
"chr5","21410936","21411225","chr17","61893414","61893707","10","40482478"
"chr5","21415462","21415764","chr3","42004093","42004391","40","20588631"
"chr5","21418466","21418773","chr17","61887771","61888071","9","40469305"
"chr5","21444718","21445012","chr17","61860387","61860677","6","40415669"
"chr5","21447659","21447951","chr17","61857442","61857740","12","40409783"
"chr5","21450684","21450979","chr17","61854425","61854724","8","40403741"
"chr5","21477714","21478001","chr17","61827447","61827734","6","40349733"
"chr5","21484456","21484764","chr17","61820668","61820978","5","40336212"
"chr5","21493458","21493761","chr17","61811670","61811973","7","40318212"
"chr5","21514121","21514428","chr17","61791208","61791513","4","40277087"
"chr5","21535735","21536032","chr17","61779674","61779945","37","40243939"
"chr5","21582671","21582967","chr17","61732697","61732993","2","40150026"
"chr5","21583383","21583717","chr17","61731949","61732280","10","40148566"
"chr5","21600438","21600709","chr17","61714929","61715200","4","40114491"
"chr5","21603744","21604050","chr5","142261174","142261485","40","120657430"
"chr5","21607564","21607802","chr17","61707850","61708088","5","40100286"
"chr5","21612293","21612602","chr17","42195297","42195606","44","20583004"
"chr5","21627398","21627655","chr17","61689057","61689315","8","40061659"
"chr5","21636536","21636845","chr17","61680061","61680366","6","40043525"
"chr5","21647385","21647673","chr17","61667281","61667569","8","40019896"
"chr5","21660356","21660659","chr19","8102987","8103287","33","13557369"
"chr5","21677121","21677444","chr17","61637422","61637733","16","39960301"
"chr5","21686387","21686689","chr17","61628186","61628483","12","39941799"
"chr5","21701134","21701445","chr17","61613434","61613745","4","39912300"
"chr5","21706568","21706845","chr17","61608101","61608379","3","39901533"
"chr5","21707374","21707663","chr17","61607266","61607554","2","39899892"
"chr5","21710722","21711023","chr17","61603664","61603963","5","39892942"
"chr5","21741292","21741519","chr17","61573205","61573432","5","39831913"
"chr5","21742338","21742641","chr17","61572082","61572386","4","39829744"
"chr5","21754493","21754799","chr6","18216069","18216371","51","3538424"
"chr5","21756599","21756899","chr17","61557516","61557822","9","39800917"
"chr5","21759539","21759821","chr17","61554593","61554875","7","39795054"
"chr5","21794585","21794896","chr17","61499382","61499693","4","39704797"
"chr5","21812195","21812506","chr17","61481757","61482066","9","39669562"
"chr5","21816278","21816616","chr17","61477659","61477971","30","39661381"
"chr5","21844893","21845205","chr17","61449051","61449363","5","39604158"
"chr5","21848595","21848901","chr17","61445351","61445657","7","39596756"
"chr5","21852273","21852555","chr14","65208830","65209113","34","43356557"
"chr5","21860710","21861016","chr17","61433196","61433504","6","39572486"
"chr5","21864173","21864485","chr6","107021059","107021370","37","85156886"
"chr5","21919712","21919998","chr17","61374188","61374470","10","39454476"
"chr5","21928013","21928309","chr17","61365862","61366156","3","39437849"
"chr5","21936374","21936665","chr17","61357808","61358102","10","39421434"
"chr5","21962082","21962385","chr17","61336831","61337131","9","39374749"
"chr5","21971227","21971525","chr17","61327511","61327809","4","39356284"
"chr5","22004903","22005189","chr17","61293768","61294054","6","39288865"
"chr5","22019202","22019494","chr17","61278952","61279246","10","39259750"
"chr5","22030645","22030939","chr17","61267456","61267750","7","39236811"
"chr5","22057902","22058200","chr17","61240369","61240668","6","39182467"
"chr5","22131799","22132099","chr17","61166392","61166693","9","39034593"
"chr5","22160067","22160357","chr17","61139954","61140244","5","38979887"
"chr5","22187563","22187838","chr5","173636730","173637003","39","151449167"
"chr5","22200026","22200333","chr17","61095473","61095765","20","38895447"
"chr5","22225974","22226250","chr10","119639358","119639637","30","97413384"
"chr5","22235782","22236000","chr17","61059744","61059962","3","38823962"
"chr5","22242718","22243027","chr6","14409295","14409605","47","7833423"
"chr5","22251304","22251598","chr17","61042606","61042919","23","38791302"
"chr5","22272970","22273274","chr10","17601034","17601333","48","4671936"
"chr5","22275728","22276012","chr17","61018291","61018601","31","38742563"
"chr5","22298680","22298815","chr17","60995462","60995597","3","38696782"
"chr5","22299127","22299299","chr17","60994982","60995154","2","38695855"
"chr5","22308255","22308537","chr17","60985753","60986036","9","38677498"
"chr5","22312699","22312997","chr17","60981283","60981582","2","38668584"
"chr5","22320305","22320583","chr17","60973613","60973891","6","38653308"
"chr5","22327213","22327503","chr17","60966663","60966944","12","38639450"
"chr5","22328641","22328923","chr8","125724632","125724928","39","103395991"
"chr5","22354653","22354957","chr17","60939149","60939453","3","38584496"
"chr5","22369639","22369934","chr5","128153273","128153571","40","105783634"
"chr5","22375933","22376240","chr17","60911290","60911597","4","38535357"
"chr5","22393681","22393989","chr17","60893601","60893908","9","38499920"
"chr5","22397139","22397441","chr17","60890172","60890474","4","38493033"
"chr5","22422757","22423059","chr17","60867101","60867405","11","38444344"
"chr5","22471907","22472203","chr17","60817856","60818153","7","38345949"
"chr5","22480785","22481070","chr17","60809002","60809287","9","38328217"
"chr5","22490466","22490808","chr17","68372878","68373212","59","45882412"
"chr5","22512642","22512914","chr17","60781318","60781590","3","38268676"
"chr5","22527021","22527326","chr17","60767341","60767646","4","38240320"
"chr5","22551955","22552259","chr17","60742427","60742733","8","38190472"
"chr5","22566803","22567110","chr1","8130637","8130940","43","14436166"
"chr5","22570209","22570504","chr12","122410459","122410758","37","99840250"
"chr5","22570505","22570793","chr17","60724142","60724442","25","38153637"
"chr5","22571395","22571681","chr20","47271697","47271982","39","24700302"
"chr5","22577405","22577712","chr17","60717206","60717514","3","38139801"
"chr5","22579144","22579436","chr17","60715486","60715778","8","38136342"
"chr5","22579520","22579792","chr17","60715123","60715402","10","38135603"
"chr5","22582734","22583039","chr17","60711881","60712186","2","38129147"
"chr5","22590073","22590365","chr17","60704559","60704851","10","38114486"
"chr5","22592940","22593265","chr17","60701678","60701997","12","38108738"
"chr5","22595432","22595719","chr17","60699233","60699520","4","38103801"
"chr5","22610443","22610744","chr17","60682520","60682821","7","38072077"
"chr5","22614065","22614349","chr17","60678946","60679229","3","38064881"
"chr5","22616480","22616786","chr17","60676288","60676599","10","38059808"
"chr5","22624801","22625078","chr17","60667993","60668271","3","38043192"
"chr5","22625346","22625609","chr1","241909431","241909699","43","219284085"
"chr5","22635593","22635890","chr17","60661999","60662296","3","38026406"
"chr5","22657014","22657307","chr17","60643875","60644177","12","37986861"
"chr5","22657789","22658063","chrX","46951325","46951600","49","24293536"
"chr5","22666767","22667044","chr17","60634130","60634407","6","37967363"
"chr5","22667883","22668190","chr17","60633000","60633307","9","37965117"
"chr5","22684301","22684613","chr5","115763900","115764196","58","93079599"
"chr5","22688015","22688312","chr17","60611421","60611718","6","37923406"
"chr5","22688413","22688707","chr17","60611026","60611320","3","37922613"
"chr5","22694628","22694928","chr17","60604807","60605107","12","37910179"
"chr5","22710823","22711116","chr17","60588692","60588985","2","37877869"
"chr5","22713891","22714196","chr17","60585624","60585929","6","37871733"
"chr5","22714956","22715251","chr10","13402701","13402999","47","9312255"
"chr5","22717562","22717854","chr17","60581963","60582255","10","37864401"
"chr5","22730576","22730875","chr17","60570533","60570833","6","37839957"
"chr5","22737639","22737935","chr17","60564180","60564478","6","37826541"
"chr5","22759546","22759843","chr17","60544208","60544503","8","37784662"
"chr5","22763917","22764222","chr17","60539856","60540160","2","37775939"
"chr5","22767232","22767533","chr17","60536565","60536866","8","37769333"
"chr5","22787930","22788230","chr17","60515884","60516189","12","37727954"
"chr5","22789002","22789321","chr12","47704370","47704677","53","24915368"
"chr5","22814607","22814935","chrX","153978753","153979087","47","131164146"
"chr5","22846065","22846378","chr17","60458153","60458464","12","37612088"
"chr5","22851037","22851320","chr17","60453201","60453484","2","37602164"
"chr5","22852741","22853030","chr17","60451466","60451778","23","37598725"
"chr5","22854418","22854709","chr17","60449806","60450095","12","37595388"
"chr5","22865795","22866111","chr7","74795035","74795350","41","51929240"
"chr5","22873734","22874040","chr17","60430474","60430780","6","37556740"
"chr5","22878427","22878700","chr17","60414081","60414354","6","37535654"
"chr5","22884078","22884369","chr17","60408386","60408677","6","37524308"
"chr5","22884646","22884960","chr7","129064350","129064660","39","106179704"
"chr5","22887755","22888040","chr17","60404898","60405183","2","37517143"
"chr5","22891211","22891346","chr17","60401596","60401731","0","37510385"
"chr5","22891551","22891750","chr13","73079901","73080077","56","50188350"
"chr5","22892029","22892181","chr1","60966492","60966636","38","38074463"
"chr5","22936719","22937027","chr17","60360847","60361155","4","37424128"
"chr5","22946379","22946675","chr17","60354765","60355061","5","37408386"
"chr5","22947891","22948187","chr17","60354765","60355061","6","37406874"
"chr5","22949192","22949494","chr17","60353460","60353755","16","37404268"
"chr5","22956584","22956706","chr17","60347653","60347775","1","37391069"
"chr5","22957014","22957180","chr17","60347185","60347351","3","37390171"
"chr5","22978255","22978560","chr17","60333318","60333622","8","37355063"
"chr5","22986100","22986414","chr17","60325139","60325447","17","37339039"
"chr5","23012321","23012589","chr4","158733464","158733734","51","135721143"
"chr5","23012990","23013289","chr9","4956494","4956789","36","18056496"
"chr5","23014479","23014750","chr11","95249837","95250104","51","72235358"
"chr5","23015154","23015453","chr10","80128035","80128333","38","57112881"
"chr5","23016698","23017008","chr17","60307090","60307400","8","37290392"
"chr5","23024822","23025135","chr12","30919126","30919426","45","7894304"
"chr5","23060120","23060253","chr17","60266954","60267088","3","37206834"
"chr5","23060552","23060730","chr17","60266481","60266655","5","37205929"
"chr5","23065543","23065851","chr17","60261365","60261673","11","37195822"
"chr5","23074062","23074344","chr1","93973999","93974283","32","70899937"
"chr5","23083866","23084151","chr2","11172877","11173162","46","11910989"
"chr5","23096321","23096627","chr17","60232163","60232472","7","37135842"
"chr5","23099954","23100241","chr1","68315796","68316075","62","45215842"
"chr5","23121952","23122249","chr8","42614597","42614886","46","19492645"
"chr5","23123130","23123428","chr17","60212752","60213052","8","37089622"
"chr5","23183913","23184194","chr17","60153056","60153351","18","36969143"
"chr5","23186564","23186850","chr19","8343728","8344017","43","14842836"
"chr5","23203135","23203438","chr17","60133822","60134125","1","36930687"
"chr5","23226917","23227228","chr17","60110050","60110361","6","36883133"
"chr5","23254689","23254989","chr17","60082307","60082607","5","36827618"
"chr5","23360411","23360544","chr17","59987268","59987401","1","36626857"
"chr5","23362756","23363075","chr16","24669942","24670249","59","1307186"
"chr5","23372838","23373102","chr17","59974710","59974973","4","36601872"
"chr5","23376313","23376449","chr17","59967287","59967423","2","36590974"
"chr5","23378091","23378406","chr17","59965337","59965652","3","36587246"
"chr5","23382927","23383227","chr17","59960529","59960822","53","36577602"
"chr5","23383299","23383418","chrX","39991036","39991161","17","16607737"
"chr5","23426941","23427236","chr17","59920702","59920997","5","36493761"
"chr5","23428851","23429109","chr17","59918827","59919088","4","36489976"
"chr5","23435982","23436329","chr1","62225007","62225355","59","38789025"
"chr5","23436546","23436688","chr17","59911001","59911144","3","36474455"
"chr5","23440714","23440992","chr17","59906383","59906661","4","36465669"
"chr5","23445088","23445389","chr17","59902101","59902396","13","36457013"
"chr5","23446008","23446040","chr1_KI270766v1_alt","9326","9360","4","23436682"
"chr5","23446310","23446603","chr17","59900880","59901152","108","36454570"
"chr5","23452387","23452695","chr17","59894596","59894904","4","36442209"
"chr5","23457578","23457891","chr17","59889385","59889698","6","36431807"
"chr5","23457964","23458264","chr17","59889011","59889312","5","36431047"
"chr5","23462319","23462628","chr17","59884639","59884935","19","36422320"
"chr5","23462988","23463288","chr17","59883979","59884279","8","36420991"
"chr5","23463546","23463677","chr17","59883570","59883701","0","36420024"
"chr5","23463986","23464153","chr17","59883095","59883262","1","36419109"
"chr5","23464164","23464467","chr17","59882782","59883084","2","36418618"
"chr5","23464664","23464977","chr17","59882273","59882585","11","36417609"
"chr5","23467509","23467800","chr16","57982748","57983038","39","34515239"
"chr5","23477154","23477461","chr17","59870079","59870400","19","36392925"
"chr5","23481032","23481285","chr1","204845238","204845485","58","181364206"
"chr5","23482479","23482760","chr17","59865276","59865580","24","36382797"
"chr5","23483602","23483700","chr19","6862577","6862682","13","16621025"
"chr5","23493442","23493576","chr17","59853017","59853151","3","36359575"
"chr5","23493577","23493868","chr6","149449442","149449738","46","125955865"
"chr5","23501889","23502202","chr17","59844392","59844697","14","36342503"
"chr5","23517445","23517752","chr17","59828835","59829142","3","36311390"
"chr5","23522547","23522843","chr17","59822327","59822624","8","36299780"
"chr5","23534704","23535013","chr17","59810145","59810453","4","36275441"
"chr5","23535678","23535977","chr17","59809004","59809296","12","36273326"
"chr5","23553053","23553320","chr17","59791492","59791763","9","36238439"
"chr5","23554008","23554302","chr17","59790508","59790802","6","36236500"
"chr5","23562605","23562892","chr17","59781921","59782208","2","36219316"
"chr5","23564345","23564494","chr17","59780310","59780459","2","36215965"
"chr5","23575487","23575797","chr17","59768840","59769147","5","36193353"
"chr5","23578115","23578410","chr17","59766223","59766518","2","36188108"
"chr5","23590498","23590810","chr2","241963580","241963890","38","218373082"
"chr5","23596171","23596471","chr17","59749515","59749809","11","36153344"
"chr5","23598268","23598565","chr17","59747398","59747710","22","36149130"
"chr5","23610813","23611099","chr17","59734903","59735190","2","36124090"
"chr5","23612263","23612572","chr7","138764788","138765093","42","115152525"
"chr5","23621496","23621773","chr3","158141816","158142100","51","134520320"
"chr5","23681766","23682063","chrX","18673363","18673659","47","5008403"
"chr5","23691883","23692184","chr17","59654175","59654476","2","35962292"
"chr5","23712846","23713136","chr17","59633209","59633509","12","35920363"
"chr5","23721571","23721889","chr20","58588417","58588726","48","34866846"
"chr5","23734208","23734478","chr17","59612070","59612358","20","35877862"
"chr5","23746430","23746722","chr17","59599829","59600123","6","35853399"
"chr5","23755207","23755516","chr11","74358608","74358914","48","50603401"
"chr5","23757183","23757475","chr17","59599829","59600123","6","35842646"
"chr5","23774248","23774545","chr17","59569047","59569329","22","35794799"
"chr5","23779014","23779313","chr17","59564269","59564569","7","35785255"
"chr5","23784624","23784948","chr17","59558625","59558908","46","35774001"
"chr5","23792943","23793254","chr6","37812196","37812503","34","14019253"
"chr5","23799584","23799881","chr17","59543851","59544144","14","35744267"
"chr5","23809553","23809847","chr17","59533533","59533843","21","35723980"
"chr5","23818578","23818887","chr12","119946005","119946312","37","96127427"
"chr5","23829525","23829832","chr17","59513632","59513949","14","35684107"
"chr5","23831030","23831338","chr17","59512133","59512435","14","35681103"
"chr5","23832114","23832420","chr17","59511052","59511357","11","35678938"
"chr5","23844309","23844618","chr17","59497130","59497440","6","35652821"
"chr5","23851646","23851905","chr10","72492835","72493092","39","48641189"
"chr5","23856452","23856763","chr17","59484641","59484952","13","35628189"
"chr5","23861291","23861545","chr17","59479828","59480080","10","35618537"
"chr5","23874793","23874933","chr17","59466177","59466317","3","35591384"
"chr5","23878451","23878761","chrX","1692012","1692309","56","22186439"
"chr5","23879053","23879337","chr17","59461047","59461357","34","35581994"
"chr5","23883276","23883574","chr17","59456769","59457077","21","35573493"
"chr5","23901576","23901883","chr17","59438501","59438804","11","35536925"
"chr5","23910176","23910464","chr17","59429877","59430143","23","35519701"
"chr5","23911272","23911581","chr14","76442803","76443115","35","52531531"
"chr5","23921647","23921954","chr17","59418365","59418673","7","35496718"
"chr5","23937275","23937555","chr17","59402447","59402727","1","35465172"
"chr5","23958066","23958360","chr17","59380270","59380569","14","35422204"
"chr5","23958459","23958769","chr17","59379882","59380171","27","35421423"
"chr5","23975046","23975343","chr19","50015315","50015608","39","26040269"
"chr5","23977516","23977814","chr17","59360832","59361130","5","35383316"
"chr5","23979427","23979738","chr17","59358912","59359223","8","35379485"
"chr5","23989034","23989323","chr17","59349352","59349641","10","35360318"
"chr5","24011918","24012220","chr17","59326168","59326470","4","35314250"
"chr5","24016481","24016789","chr17","59321648","59321956","4","35305167"
"chr5","24018808","24018912","chr17","59319515","59319622","5","35300707"
"chr5","24019964","24020254","chr17","59318176","59318469","10","35298212"
"chr5","24023332","24023663","chr17","59315026","59315347","18","35291694"
"chr5","24024988","24025283","chr17","59313403","59313700","6","35288415"
"chr5","24032565","24032860","chr17","59305518","59305817","10","35272953"
"chr5","24041897","24042147","chr17","59296584","59296835","8","35254687"
"chr5","24043170","24043453","chr17","59295279","59295562","5","35252109"
"chr5","24049164","24049454","chr17","59288865","59289155","6","35239701"
"chr5","24053392","24053684","chr17","59284625","59284917","2","35231233"
"chr5","24055353","24055646","chr17","59282672","59282965","3","35227319"
"chr5","24059093","24059386","chr17","59278964","59279257","6","35219871"
"chr5","24060517","24060828","chr4","188531274","188531574","51","164470757"
"chr5","24073358","24073650","chr17","59264848","59265140","8","35191490"
"chr5","24076994","24077253","chr17","59261006","59261265","6","35184012"
"chr5","24078156","24078462","chr17","65299755","65300060","47","41221599"
"chr5","24098573","24098714","chr10","12373795","12373935","22","11724778"
"chr5","24099073","24099386","chr11","43535872","43536184","57","19436799"
"chr5","24108911","24109205","chr17","59227888","59228193","14","35118977"
"chr5","24117897","24118195","chr17","59219060","59219371","20","35101163"
"chr5","24119041","24119223","chr17","59218032","59218214","3","35098991"
"chr5","24119520","24119633","chr17","59217622","59217735","0","35098102"
"chr5","24134844","24135048","chr9","135943138","135943336","33","111808294"
"chr5","24135615","24135889","chr17","59203579","59203852","7","35067964"
"chr5","24147792","24148053","chr1","3856133","3856382","53","20291659"
"chr5","24148388","24148695","chr17","59196368","59196675","6","35047980"
"chr5","24156293","24156570","chr17","59189052","59189327","5","35032759"
"chr5","24158041","24158320","chr17","59187292","59187571","6","35029251"
"chr5","24158400","24158700","chr16","48171683","48171963","92","24013283"
"chr5","24163003","24163295","chr17","9739286","9739580","37","14423717"
"chr5","24175050","24175331","chrX","140154068","140154349","35","115979018"
"chr5","24181235","24181369","chr17","59160436","59160572","8","34979201"
"chr5","24184087","24184390","chr1","159137375","159137678","47","134953288"
"chr5","24210576","24210872","chr17","59138428","59138731","12","34927852"
"chr5","24214172","24214473","chr17","59134832","59135132","7","34920660"
"chr5","24220000","24220288","chr17","59122328","59122616","0","34902328"
"chr5","24226202","24226503","chr17","59116093","59116394","8","34889891"
"chr5","24229059","24229357","chr17","59113239","59113539","8","34884180"
"chr5","24237476","24237785","chr17","59104812","59105121","8","34867336"
"chr5","24270586","24270876","chr17","59073299","59073589","5","34802713"
"chr5","24271410","24271725","chr17","59072446","59072761","6","34801036"
"chr5","24275015","24275287","chr17","59069065","59069337","2","34794050"
"chr5","24308083","24308398","chr17","59036831","59037116","37","34728748"
"chr5","24315158","24315285","chr9","107335969","107336093","19","83020811"
"chr5","24323505","24323805","chr17","59021110","59021411","5","34697605"
"chr5","24331463","24331750","chr4","94218826","94219111","37","69887363"
"chr5","24334122","24334403","chr8","141125373","141125656","37","116791251"
"chr5","24348140","24348402","chr2","80234050","80234310","64","55885910"
"chr5","24348436","24348739","chr17","58996191","58996488","15","34647755"
"chr5","24367021","24367313","chr17","58977753","58978028","19","34610732"
"chr5","24384299","24384592","chr7","68852295","68852598","35","44467996"
"chr5","24413997","24414295","chr17","58932187","58932481","5","34518190"
"chr5","24417284","24417362","chr19","9550571","9550647","6","14866713"
"chr5","24497776","24497912","chr17","58842007","58842143","3","34344231"
"chr5","24498216","24498401","chr17","58841522","58841702","8","34343306"
"chr5","24506254","24506536","chr17","58832809","58833087","6","34326555"
"chr5","24508372","24508681","chr17","58830675","58830984","9","34322303"
"chr5","24518226","24518532","chr17","58819144","58819448","12","34300918"
"chr5","24524820","24525131","chr17","58812555","58812866","3","34287735"
"chr5","24526514","24526818","chr17","58810853","58811157","7","34284339"
"chr5","24535574","24535881","chr17","58801750","58802057","2","34266176"
"chr5","24538643","24538950","chr17","58798685","58798994","5","34260042"
"chr5","24544973","24545266","chr17","58792354","58792647","2","34247381"
"chr5","24549314","24549583","chr17","58788052","58788321","6","34238738"
"chr5","24553253","24553557","chr17","58784042","58784322","29","34230789"
"chr5","24558869","24559153","chr10","114882621","114882903","51","90323752"
"chr5","24567207","24567514","chr8","124414554","124414855","40","99847347"
"chr5","24591968","24592259","chr5","126545266","126545554","61","101953298"
"chr5","24594623","24594924","chr17","58742988","58743290","9","34148365"
"chr5","24604568","24604857","chr17","58733027","58733314","2","34128459"
"chr5","24608020","24608327","chr17","58729563","58729870","4","34121543"
"chr5","24623603","24623897","chr17","58713985","58714276","10","34090382"
"chr5","24624056","24624355","chr17","58713527","58713824","8","34089471"
"chr5","24635206","24635503","chr17","58702407","58702709","12","34067201"
"chr5","24654340","24654621","chr17","58683091","58683394","25","34028751"
"chr5","24655159","24655457","chr1","22033340","22033643","41","2621819"
"chr5","24655843","24656148","chr17","58681568","58681873","5","34025725"
"chr5","24662078","24662375","chr3","196322693","196322990","40","171660615"
"chr5","24662539","24662850","chr17","58674388","58674675","30","34011849"
"chr5","24664185","24664482","chr17","58672730","58673031","5","34008545"
"chr5","24667460","24667765","chr17","58669452","58669756","6","34001992"
"chr5","24674509","24674698","chr16","81412513","81412704","61","56738004"
"chr5","24674817","24675104","chr17","58658388","58658680","15","33983571"
"chr5","24685015","24685327","chr17","58647683","58647998","5","33962668"
"chr5","24687734","24688052","chr17","58644971","58645287","14","33957237"
"chr5","24688384","24688690","chr17","58644331","58644638","8","33955947"
"chr5","24691974","24692271","chr19","42046888","42047187","49","17354914"
"chr5","24694541","24694848","chr11","47051685","47051991","54","22357144"
"chr5","24702237","24702537","chr17","58635422","58635729","14","33933185"
"chr5","24708117","24708414","chr17","10163114","10163425","20","14545003"
"chr5","24709156","24709462","chr17","58635422","58635729","17","33926266"
"chr5","24710443","24710748","chr17","58634131","58634444","21","33923688"
"chr5","24711203","24711341","chr17","58633548","58633686","5","33922345"
"chr5","24744736","24745043","chr17","58614208","58614483","42","33869472"
"chr5","24758446","24758739","chr17","58606746","58607036","16","33848300"
"chr5","24770804","24771096","chr10","72492835","72493092","66","47722031"
"chr5","24781516","24781805","chr17","58594351","58594648","20","33812835"
"chr5","24794904","24795201","chr17","58582563","58582863","6","33787659"
"chr5","24806806","24807106","chr17","58570617","58570930","14","33763811"
"chr5","24810893","24811202","chr17","58566517","58566828","9","33755624"
"chr5","24822018","24822332","chr17","58555325","58555639","4","33733307"
"chr5","24823613","24823917","chr17","58553729","58554035","10","33730116"
"chr5","24828253","24828564","chr17","58549082","58549389","6","33720829"
"chr5","24854997","24855286","chr17","58522378","58522683","22","33667381"
"chr5","24865355","24865655","chr17","58511985","58512285","4","33646630"
"chr5","24871123","24871424","chr17","58506187","58506488","6","33635064"
"chr5","24875563","24875840","chr17","58501778","58502085","35","33626215"
"chr5","24888233","24888523","chr12","50586581","50586871","37","25698348"
"chr5","24891896","24892198","chr3","196322693","196322990","39","171430797"
"chr5","24894919","24895229","chr17","58482427","58482736","6","33587508"
"chr5","24895644","24895940","chr17","58481719","58482015","6","33586075"
"chr5","24905140","24905430","chr17","58471866","58472156","4","33566726"
"chr5","24926762","24927066","chr17","58450054","58450363","9","33523292"
"chr5","24953845","24954143","chr17","58422695","58422995","8","33468850"
"chr5","24969469","24969779","chr17","58407070","58407379","3","33437601"
"chr5","24992921","24993186","chr9","132750150","132750417","28","107757229"
"chr5","25082061","25082356","chr17","58293829","58294123","9","33211768"
"chr5","25115093","25115391","chr14","71729037","71729335","52","46613944"
"chr5","25187403","25187715","chr17","58183919","58184228","9","32996516"
"chr5","25203123","25203434","chr17","58168195","58168506","11","32965072"
"chr5","25218689","25218983","chr17","32951177","32951468","55","7732488"
"chr5","25242204","25242526","chr17","58127351","58127669","11","32885147"
"chr5","25313214","25313351","chr17","58055966","58056103","0","32742752"
"chr5","25313640","25313806","chr17","58055520","58055680","10","32741880"
"chr5","25334921","25335205","chr17","58034161","58034445","5","32699240"
"chr5","25347596","25347860","chr17","58021490","58021754","4","32673894"
"chr5","25351983","25352276","chr4","118383500","118383795","38","93031517"
"chr5","25358345","25358643","chr17","58010837","58011135","3","32652492"
"chr5","25424177","25424494","chr17","57947518","57947831","9","32523341"
"chr5","25433141","25433443","chr17","57938961","57939266","12","32505820"
"chr5","25450758","25451056","chr17","57921831","57922129","8","32471073"
"chr5","25461123","25461438","chr17","57911491","57911806","5","32450368"
"chr5","25465087","25465380","chr17","57907564","57907857","3","32442477"
"chr5","25484480","25484789","chr1","161807866","161808178","42","136323386"
"chr5","25491169","25491309","chr11","68369548","68369684","22","42878379"
"chr5","25493056","25493374","chr2","69690227","69690538","37","44197171"
"chr5","25515125","25515406","chr17","57856592","57856873","9","32341467"
"chr5","25517604","25517771","chr3","15290550","15290713","23","10227054"
"chr5","25517804","25517929","chr12","118100088","118100213","10","92582284"
"chr5","25527112","25527413","chr17","57844883","57845183","9","32317771"
"chr5","25527504","25527820","chr17","57844478","57844793","5","32316974"
"chr5","25530298","25530595","chr17","57841679","57841976","6","32311381"
"chr5","25534320","25534628","chr17","57838007","57838317","12","32303687"
"chr5","25542542","25542839","chr17","57829828","57830125","5","32287286"
"chr5","25559168","25559453","chr17","57813189","57813483","33","32254021"
"chr5","25608410","25608673","chr1","212692473","212692737","35","187084063"
"chr5","25630112","25630399","chr17","57742763","57743048","8","32112651"
"chr5","25707512","25707817","chr17","57664237","57664545","12","31956725"
"chr5","25723726","25724057","chr2","10324811","10325132","52","15398915"
"chr5","25769241","25769552","chr9","130073744","130074056","46","104304503"
"chr5","25772921","25773218","chr17","57598665","57598962","3","31825744"
"chr5","25786741","25787028","chr17","57584833","57585120","4","31798092"
"chr5","25832665","25832955","chr2","202978976","202979272","33","177146311"
"chr5","25851368","25851675","chr17","57520659","57520964","8","31669291"
"chr5","25897266","25897581","chr17","57474694","57475015","32","31577428"
"chr5","25910458","25910744","chr17","57461534","57461820","0","31551076"
"chr5","25918981","25919276","chr17","57453003","57453300","6","31534022"
"chr5","25921572","25921865","chr17","57450405","57450697","5","31528833"
"chr5","25934192","25934498","chr17","4042675","4042981","9","21891517"
"chr5","25965141","25965411","chr17","57412070","57412337","8","31446929"
"chr5","25988101","25988404","chr10","126865608","126865910","37","100877507"
"chr5","25998485","25998619","chr17","57378562","57378696","3","31380077"
"chr5","25998929","25999064","chr17","57378117","57378252","2","31379188"
"chr5","26010997","26011286","chr7","25943493","25943780","55","67504"
"chr5","26013425","26013713","chr17","57363456","57363737","12","31350031"
"chr5","26038816","26039118","chr17","57338082","57338383","6","31299266"
"chr5","26044794","26044994","chr3","4543538","4543742","30","21501256"
"chr5","26058021","26058317","chr17","57317867","57318163","5","31259846"
"chr5","26065625","26065917","chr17","57310333","57310625","7","31244708"
"chr5","26156938","26157222","chr17","57218044","57218328","5","31061106"
"chr5","26157846","26158139","chr17","57217128","57217421","12","31059282"
"chr5","26173256","26173551","chr17","57201698","57201993","10","31028442"
"chr5","26195602","26195900","chr17","57179280","57179575","4","30983678"
"chr5","26205101","26205394","chr21","31757918","31758206","46","5552817"
"chr5","26217277","26217583","chr17","57157627","57157936","13","30940350"
"chr5","26218578","26218868","chr17","57156347","57156637","12","30937769"
"chr5","26223640","26223931","chr17","57151280","57151571","5","30927640"
"chr5","26227177","26227463","chr17","57147751","57148037","8","30920574"
"chr5","26234064","26234408","chr17","57140824","57141135","38","30906760"
"chr5","26240957","26241171","chr7","131990458","131990670","27","105749501"
"chr5","26247885","26248190","chr17","57127081","57127385","6","30879196"
"chr5","26255567","26255869","chr17","57119432","57119740","6","30863865"
"chr5","26273802","26274047","chr17","57101227","57101494","24","30827425"
"chr5","26274645","26274828","chr17","57100464","57100647","1","30825819"
"chr5","26274880","26275004","chr17","57100304","57100428","2","30825424"
"chr5","26300575","26300869","chr17","57074385","57074670","15","30773810"
"chr5","26312606","26312922","chr17","57062360","57062675","6","30749754"
"chr5","26314436","26314738","chr16","3287970","3288266","28","23026466"
"chr5","26325850","26326148","chr17","57049014","57049309","8","30723164"
"chr5","26339758","26340047","chr15","56053831","56054139","53","29714073"
"chr5","26347806","26347939","chr17","57018656","57018785","8","30670850"
"chr5","26355975","26356282","chr17","57022080","57022387","7","30666105"
"chr5","26359549","26359695","chr2","224916114","224916258","17","198556565"
"chr5","26388136","26388421","chr17","56989668","56989953","5","30601532"
"chr5","26393886","26394199","chr17","56983906","56984217","7","30590020"
"chr5","26401482","26401761","chr17","56976382","56976661","3","30574900"
"chr5","26419222","26419380","chr17","56964899","56965048","11","30545677"
"chr5","26419580","26419938","chr17","56964343","56964697","7","30544763"
"chr5","26421882","26422159","chr17","56962131","56962399","11","30540249"
"chr5","26422257","26422550","chr17","56961731","56962025","5","30539474"
"chr5","26424059","26424358","chr17","56959935","56960234","2","30535876"
"chr5","26438272","26438570","chr17","56945728","56946015","18","30507456"
"chr5","26452180","26452459","chr17","56931856","56932133","6","30479676"
"chr5","26460374","26460674","chr17","56923654","56923950","5","30463280"
"chr5","26484166","26484460","chr17","56899932","56900226","2","30415766"
"chr5","26498648","26498948","chr17","56886034","56886335","1","30387386"
"chr5","26509731","26510036","chr17","56878508","56878810","9","30368777"
"chr5","26521416","26521721","chr17","56878508","56878810","8","30357092"
"chr5","26546832","26547133","chr17","56847339","56847633","11","30300507"
"chr5","26550659","26550964","chr17","56843515","56843814","10","30292856"
"chr5","26568205","26568483","chr17","56825975","56826253","5","30257770"
"chr5","26640271","26640572","chr17","56753902","56754203","8","30113631"
"chr5","26670923","26671223","chr17","56722983","56723278","8","30052060"
"chr5","26689041","26689348","chr16","57418321","57418621","55","30729280"
"chr5","26750616","26750899","chr17","56646451","56646734","4","29895835"
"chr5","26788248","26788382","chr17","56609442","56609576","2","29821194"
"chr5","26796676","26796982","chr17","56600839","56601141","17","29804163"
"chr5","26810998","26811302","chr17","56586685","56586995","14","29775687"
"chr5","26859397","26859681","chr17","56538313","56538597","4","29678916"
"chr5","26930808","26931120","chr17","56466825","56467134","14","29536017"
"chr5","26950736","26951046","chr17","56446939","56447249","9","29496203"
"chr5","27001799","27002092","chr17","56396167","56396460","9","29394368"
"chr5","27002392","27002688","chr16","66537881","66538178","35","39535489"
"chr5","27009697","27009996","chr17","56388127","56388431","13","29378430"
"chr5","27144263","27144563","chr17","56253456","56253757","5","29109193"
"chr5","27255564","27255876","chr17","56138498","56138810","8","28882934"
"chr5","27336371","27336660","chr17","56057504","56057796","7","28721133"
"chr5","27608567","27608856","chr17","55787366","55787654","6","28178799"
"chr5","27623633","27623928","chr17","55772305","55772596","8","28148672"
"chr5","27770886","27771189","chr17_GL000258v2_alt","1063055","1063353","48","26707831"
"chr5","27788392","27788715","chr17","55608761","55609079","12","27820369"
"chr5","27802255","27802559","chr17","55595011","55595328","27","27792756"
"chr5","27817495","27817786","chr17","55579769","55580059","4","27762274"
"chr5","27890622","27890978","chr9","123079187","123079538","60","95188565"
"chr5","27907264","27907549","chr17","55483657","55483927","21","27576393"
"chr5","27914368","27914666","chr17","55476568","55476866","5","27562200"
"chr5","27957168","27957478","chr17","55434297","55434607","6","27477129"
"chr5","27974274","27974384","chr17","55417257","55417367","1","27442983"
"chr5","27982621","27982914","chr17","55408721","55409014","3","27426100"
"chr5","27984346","27984585","chr17","55407047","55407286","4","27422701"
"chr5","27984588","27984887","chr5","115763900","115764196","61","87779312"
"chr5","27984890","27985032","chr17","55406599","55406741","5","27421709"
"chr5","27985230","27985531","chr17","55406113","55406414","7","27420883"
"chr5","27987289","27987585","chr17","55404073","55404368","2","27416784"
"chr5","28029241","28029548","chr17","55363927","55364234","4","27334686"
"chr5","28033321","28033625","chr1","19063707","19064018","45","8969614"
"chr5","28086112","28086433","chr17","55307148","55307468","6","27221036"
"chr5","28104802","28105103","chr19","3059240","3059547","52","25045562"
"chr5","28105221","28105532","chr17","55288136","55288447","4","27182915"
"chr5","28121783","28122095","chr12","4455711","4456020","33","23666072"
"chr5","28181048","28181371","chr17","55211790","55212119","24","27030742"
"chr5","28267305","28267550","chr2","151275043","151275282","41","123007738"
"chr5","28342147","28342452","chr17","55054205","55054507","6","26712058"
"chr5","28392496","28392805","chr17","55003891","55004198","5","26611395"
"chr5","28407908","28408204","chr17","54988492","54988789","11","26580584"
"chr5","28453035","28453169","chr19","33218685","33218817","13","4765650"
"chr5","28462421","28462719","chr17","54934714","54935016","12","26472293"
"chr5","28465596","28465899","chr1","239463995","239464298","43","210998399"
"chr5","28466537","28466859","chr17","54930558","54930847","38","26464021"
"chr5","28501663","28501965","chr17","54896334","54896632","8","26394671"
"chr5","28509818","28510128","chr17","54890698","54891005","9","26380880"
"chr5","28761473","28761781","chr17","54647075","54647387","12","25885602"
"chr5","28893078","28893352","chr17","54532841","54533115","7","25639763"
"chr5","28894284","28894588","chr17","54531599","54531903","7","25637315"
"chr5","28959654","28959936","chr17","54477257","54477538","9","25517603"
"chr5","28962297","28962607","chr2","69414336","69414642","10","40452039"
"chr5","28963345","28963650","chr17","54477257","54477538","26","25513912"
"chr5","29133874","29134130","chr17","54299005","54299266","14","25165131"
"chr5","29135950","29136252","chr17","54296868","54297172","13","25160918"
"chr5","29136826","29137131","chr17","54295988","54296293","4","25159162"
"chr5","29141033","29141225","chr1","16490173","16490358","32","12650860"
"chr5","29141799","29142104","chr17","54295988","54296293","4","25154189"
"chr5","29271478","29271758","chr17","54167795","54168074","6","24896317"
"chr5","29311782","29312120","chr17","54134677","54134984","35","24822895"
"chr5","29345353","29345646","chr17","54101664","54101955","12","24756311"
"chr5","29393814","29394099","chr17","54053131","54053416","2","24659317"
"chr5","29412843","29413099","chr17","54034122","54034381","9","24621279"
"chr5","29470575","29470871","chr17","53976441","53976742","9","24505866"
"chr5","29526333","29526637","chr3","73112899","73113196","76","43586566"
"chr5","29812447","29812759","chr17","53621587","53621898","5","23809140"
"chr5","29880958","29881260","chr17","53553350","53553651","6","23672392"
"chr5","29962833","29963139","chr17","53473317","53473623","4","23510484"
"chr5","29979735","29979812","chr3","128510901","128510979","14","98531166"
"chr5","29979814","29980070","chr17","53456409","53456671","12","23476595"
"chr5","30195223","30195520","chr4","122102176","122102468","57","91906953"
"chr5","30254247","30254535","chr1","227396318","227396610","44","197142071"
"chr5","30255017","30255287","chr17","53189094","53189365","5","22934077"
"chr5","30336479","30336611","chr17","53112194","53112326","2","22775715"
"chr5","30385085","30385395","chr17","53062499","53062805","11","22677414"
"chr5","30577388","30577652","chr14","34917274","34917524","63","4339886"
"chr5","30616961","30617094","chr17","1631086","1631219","2","28985875"
"chr5","30688868","30689151","chr17","52772166","52772474","29","22083298"
"chr5","30732796","30733077","chr17","52728202","52728510","34","21995406"
"chr5","30757605","30757721","chr8","26489945","26490057","21","4267660"
"chr5","30757751","30757943","chr17","52703422","52703614","9","21945671"
"chr5","30900676","30900978","chr17","52571398","52571700","6","21670722"
"chr5","30944212","30944520","chr17","52528076","52528383","12","21583864"
"chr5","30964273","30964575","chr17","52508064","52508358","12","21543791"
"chr5","31243784","31244071","chr17","52246431","52246726","15","21002647"
"chr5","31474958","31475247","chr17","52016631","52016924","6","20541673"
"chr5","31593233","31593511","chrX","153732886","153733171","54","122139653"
"chr5","31712077","31712390","chr17","51787483","51787793","11","20075406"
"chr5","31713322","31713603","chr17","51786274","51786555","9","20072952"
"chr5","31857347","31857656","chr5","142261174","142261485","33","110403827"
"chr5","31913567","31913879","chr17","51485189","51485500","3","19571622"
"chr5","31979606","31979903","chr17","51416447","51416746","9","19436841"
"chr5","31980632","31980927","chr17","51415423","51415717","8","19434791"
"chr5","31985809","31986104","chr10","97016027","97016320","48","65030218"
"chr5","31991676","31991981","chr17","51404247","51404556","16","19412571"
"chr5","31996277","31996586","chr17","51399644","51399951","10","19403367"
"chr5","32000879","32001170","chr1","150394585","150394880","53","118393706"
"chr5","32020446","32020760","chr17","51375431","51375739","12","19354985"
"chr5","32038700","32038992","chr17","51357236","51357535","15","19318536"
"chr5","32051018","32051344","chr17","51344872","51345199","4","19293854"
"chr5","32082253","32082555","chr17","51312510","51312812","4","19230257"
"chr5","32103659","32103965","chr17","51291454","51291768","12","19187795"
"chr5","32114496","32114786","chr17","51280532","51280822","6","19166036"
"chr5","32123331","32123629","chr17","51271667","51271967","26","19148336"
"chr5","32133425","32133723","chr17","51264688","51264982","9","19131263"
"chr5","32134063","32134385","chr1","205389038","205389348","49","173254975"
"chr5","32162044","32162342","chr17","51236246","51236544","1","19074202"
"chr5","32172563","32172861","chr5","91300874","91301177","52","59128311"
"chr5","32175955","32176227","chr17","51223556","51223835","14","19047601"
"chr5","32176273","32176555","chr3","24245631","24245910","51","7930642"
"chr5","32181242","32181546","chr17","51218247","51218556","8","19037005"
"chr5","32188613","32188908","chr17","51210868","51211162","7","19022255"
"chr5","32196047","32196328","chr17","51203416","51203696","4","19007369"
"chr5","32198867","32199161","chr13","42915250","42915544","39","10716383"
"chr5","32200655","32200946","chr17","51198804","51199095","5","18998149"
"chr5","32202394","32202636","chr17","51197122","51197364","9","18994728"
"chr5","32211900","32212212","chr17","51187569","51187878","5","18975669"
"chr5","32233877","32234158","chr17","51154957","51155258","24","18921080"
"chr5","32237942","32238107","chr1","155546182","155546347","29","123308240"
"chr5","32238415","32238551","chr1","26550482","26550618","17","5687933"
"chr5","32245069","32245378","chr17","51142332","51142639","6","18897263"
"chr5","32253794","32254073","chr1","26037257","26037533","35","6216537"
"chr5","32259984","32260277","chr4","70767686","70767978","36","38507702"
"chr5","32274435","32274735","chr17","51114670","51114965","11","18840235"
"chr5","32286619","32286916","chr17","51102508","51102802","8","18815889"
"chr5","32293021","32293324","chr17","51096074","51096378","9","18803053"
"chr5","32303364","32303672","chr17","51079232","51079538","12","18775868"
"chr5","32304951","32305250","chr15","92966629","92966924","48","60661678"
"chr5","32336232","32336522","chr17","51051438","51051728","1","18715206"
"chr5","32350359","32350647","chr16","50074341","50074639","43","17723982"
"chr5","32356776","32357062","chr13","53679695","53679979","47","21322919"
"chr5","32360575","32360874","chr17","51027150","51027450","6","18666575"
"chr5","32362704","32362998","chr17","51025037","51025346","25","18662333"
"chr5","32369728","32370005","chr17","51018090","51018374","13","18648362"
"chr5","32387363","32387652","chr17","51000456","51000732","17","18613093"
"chr5","32396942","32397233","chr1","143916438","143916736","53","111519496"
"chr5","32399914","32400211","chr17","50987934","50988231","8","18588020"
"chr5","32407656","32407967","chrX","18462742","18463053","34","13944914"
"chr5","32417616","32417918","chr17","50970236","50970536","5","18552620"
"chr5","32444891","32445185","chr17","44364554","44364847","48","11919663"
"chr5","32456063","32456357","chr17","44364554","44364847","48","11908491"
"chr5","32461017","32461313","chr16","3287970","3288266","51","29173047"
"chr5","32476715","32477027","chr17","50920340","50920651","9","18443625"
"chr5","32494891","32495205","chr17","50902276","50902592","5","18407385"
"chr5","32507466","32507752","chr17","50889112","50889416","24","18381646"
"chr5","32509799","32509877","chr17","50886983","50887061","3","18377184"
"chr5","32510649","32510933","chr17","50885919","50886211","16","18375270"
"chr5","32512945","32513240","chr17","50883610","50883904","4","18370665"
"chr5","32523970","32524268","chr17","50872297","50872595","5","18348327"
"chr5","32536008","32536132","chr2","85432249","85432363","39","52896241"
"chr5","32536391","32536552","chr4","140276302","140276438","37","107739911"
"chr5","32537935","32538234","chr2","24540461","24540758","40","7997474"
"chr5","32572158","32572464","chr17","50825504","50825810","9","18253346"
"chr5","32578993","32579306","chr17","50818640","50818954","7","18239647"
"chr5","32589583","32589887","chr17","50808018","50808327","12","18218435"
"chr5","32590897","32591207","chr17","50806676","50806987","3","18215779"
"chr5","32592395","32592699","chr17","50805185","50805488","8","18212790"
"chr5","32593596","32593845","chr17","50804029","50804278","7","18210433"
"chr5","32601871","32602164","chr17","50795694","50795988","4","18193823"
"chr5","32614781","32615086","chr17","50782730","50783047","14","18167949"
"chr5","32626210","32626517","chr17","50769729","50770036","3","18143519"
"chr5","32635916","32636203","chr17","50760056","50760343","7","18124140"
"chr5","32636308","32636603","chr17","50759650","50759951","10","18123342"
"chr5","32639634","32639930","chr17","50756329","50756624","10","18116695"
"chr5","32653610","32653894","chr17","50742374","50742658","4","18088764"
"chr5","32660089","32660380","chr17","50735852","50736143","1","18075763"
"chr5","32665353","32665652","chr17","50730659","50730958","6","18065306"
"chr5","32671206","32671503","chr17","50724750","50725057","16","18053544"
"chr5","32671693","32671989","chr17","50724242","50724540","9","18052549"
"chr5","32678872","32679175","chr17","50717043","50717346","6","18038171"
"chr5","32681796","32682049","chr17","50714141","50714427","42","18032345"
"chr5","32682319","32682368","chr17","78457602","78457657","21","45775283"
"chr5","32689293","32689607","chr1","11315396","11315704","62","21373897"
"chr5","32693810","32694099","chr17","50702123","50702412","6","18008313"
"chr5","32697039","32697345","chr17","50698859","50699176","13","18001820"
"chr5","32702075","32702374","chr17","50693849","50694149","5","17991774"
"chr5","32707303","32707482","chr17","50688756","50688917","22","17981453"
"chr5","32707513","32707633","chr17","50688605","50688725","2","17981092"
"chr5","32708029","32708291","chr17","50687943","50688208","10","17979914"
"chr5","32715114","32715408","chr17","50680793","50681087","4","17965679"
"chr5","32719021","32719325","chr17","50676909","50677181","40","17957888"
"chr5","32723314","32723622","chr12","113264397","113264698","65","80541083"
"chr5","32724179","32724497","chr17","50671703","50672021","8","17947524"
"chr5","32724908","32725187","chr17","50671000","50671283","9","17946092"
"chr5","32744750","32744817","chr14","74228521","74228588","8","41483771"
"chr5","32747121","32747423","chr17","50648833","50649128","14","17901712"
"chr5","32756691","32756995","chr17","50639761","50640063","7","17883070"
"chr5","32798480","32798781","chr17","50598023","50598328","8","17799543"
"chr5","32883766","32884075","chr17","50515980","50516289","1","17632214"
"chr5","32886659","32886981","chr14","21531711","21532028","56","11354948"
"chr5","32903139","32903452","chr17","50496340","50496652","9","17593201"
"chr5","32903669","32903969","chr17","50495817","50496123","9","17592148"
"chr5","32912980","32913286","chr17","50486498","50486801","7","17573518"
"chr5","32949369","32949656","chr17","50450232","50450516","4","17500863"
"chr5","32952343","32952630","chr7","143276568","143276851","45","110324225"
"chr5","32953371","32953573","chr17","50446319","50446521","4","17492948"
"chr5","32955326","32955636","chr17","50444271","50444572","15","17488945"
"chr5","32971102","32971410","chr17","50428503","50428811","6","17457401"
"chr5","32971411","32971717","chr17","50428205","50428502","13","17456794"
"chr5","32988632","32988940","chr17","50411247","50411551","10","17422615"
"chr5","32990477","32990779","chr6","44937210","44937504","44","11946733"
"chr5","33010040","33010351","chr17","50389815","50390127","10","17379775"
"chr5","33049682","33049973","chr17","50350284","50350575","4","17300602"
"chr5","33050046","33050343","chr17","50349901","50350207","11","17299855"
"chr5","33060168","33060470","chr17","50339791","50340098","7","17279623"
"chr5","33070666","33070782","chr9","127699941","127700047","20","94629275"
"chr5","33072587","33072885","chr17","50327386","50327666","22","17254799"
"chr5","33083412","33083692","chr17","50320870","50321181","36","17237458"
"chr5","33084509","33084640","chr17","50319975","50320106","2","17235466"
"chr5","33087537","33087831","chr6","148482689","148482986","60","115395152"
"chr5","33091346","33091644","chr17","50327386","50327666","22","17236040"
"chr5","33093449","33093565","chr9","127699941","127700047","20","94606492"
"chr5","33112872","33112992","chr11","10201726","10201843","13","22911146"
"chr5","33171056","33171372","chr17","50250337","50250632","30","17079281"
"chr5","33175020","33175154","chr12","126714669","126714804","10","93539649"
"chr5","33178049","33178348","chr17","50243566","50243868","7","17065517"
"chr5","33178741","33179056","chr17","50242864","50243173","10","17064123"
"chr5","33216555","33216871","chr17","50250337","50250632","22","17033782"
"chr5","33223342","33223641","chr17","50243566","50243868","6","17020224"
"chr5","33224034","33224349","chr17","50242864","50243173","10","17018830"
"chr5","33243046","33243341","chr17","50224008","50224304","4","16980962"
"chr5","33290648","33290953","chr17","50176371","50176676","6","16885723"
"chr5","33292674","33292806","chr17","50174515","50174646","1","16881841"
"chr5","33304659","33304944","chr17","50163150","50163406","32","16858491"
"chr5","33310098","33310409","chr17","50157596","50157907","1","16847498"
"chr5","33346336","33346641","chr2","158826510","158826814","35","125480174"
"chr5","33360351","33360646","chr17","50107299","50107594","8","16746948"
"chr5","33373957","33374252","chr17","50093695","50094002","16","16719738"
"chr5","33381649","33381951","chr17","50083955","50084259","8","16702306"
"chr5","33395179","33395489","chr17","50070364","50070674","10","16675185"
"chr5","33441385","33441597","chr17","50025669","50025881","2","16584284"
"chr5","33464591","33464890","chr17","50003195","50003499","9","16538604"
"chr5","33539054","33539345","chr17","49938374","49938668","7","16399320"
"chr5","33559400","33559712","chr17","49917997","49918295","20","16358597"
"chr5","33596960","33597270","chr17","49879993","49880303","1","16283033"
"chr5","33600123","33600435","chr17","49876828","49877139","6","16276705"
"chr5","33624207","33624482","chr17","49853054","49853352","29","16228847"
"chr5","33632781","33633073","chr10","93448714","93449003","34","59815933"
"chr5","33633662","33633950","chr17","49843601","49843889","1","16209939"
"chr5","33663412","33663738","chr17","49813867","49814191","10","16150455"
"chr5","33683024","33683319","chr17","49794289","49794584","3","16111265"
"chr5","33694922","33695225","chr17","49782409","49782711","10","16087487"
"chr5","33708949","33709200","chr5","153852525","153852777","33","120143576"
"chr5","33721276","33721580","chr17","49756634","49756946","13","16035358"
"chr5","33725046","33725349","chr17","49752864","49753162","13","16027818"
"chr5","33750826","33751133","chr17","49727121","49727429","6","15976295"
"chr5","33753409","33753707","chr17","49724551","49724878","33","15971142"
"chr5","33765795","33766106","chr17","49711863","49712164","15","15946068"
"chr5","33791570","33791884","chr17","49686064","49686380","7","15894494"
"chr5","33798780","33798951","chr1","31999212","31999388","27","1799568"
"chr5","33804391","33804700","chr17","49675738","49676044","7","15871347"
"chr5","33808582","33808716","chr17","49671724","49671858","0","15863142"
"chr5","33812797","33813096","chr17","49667308","49667607","8","15854511"
"chr5","33829661","33829973","chr17","49647462","49647780","11","15817801"
"chr5","33830874","33831139","chr17","49646282","49646534","17","15815408"
"chr5","33836233","33836447","chr3","134383983","134384198","25","100547750"
"chr5","33837164","33837460","chr17","49639969","49640265","4","15802805"
"chr5","33841511","33841808","chr17","49635633","49635933","6","15794122"
"chr5","33863607","33863903","chr17","49605408","49605703","5","15741801"
"chr5","33875120","33875399","chr17","49593930","49594237","33","15718810"
"chr5","33912575","33912884","chr17","49560217","49560527","7","15647642"
"chr5","33914237","33914528","chr10","36698481","36698771","37","2784244"
"chr5","33921793","33921927","chr17","49551125","49551259","2","15629332"
"chr5","33922235","33922404","chr17","49550648","49550817","1","15628413"
"chr5","33939432","33939756","chr17","49533232","49533555","10","15593800"
"chr5","33940846","33941145","chr17","49531827","49532126","3","15590981"
"chr5","33954902","33955203","chr17","49517780","49518081","3","15562878"
"chr5","34033111","34033324","chr17","49437681","49437892","10","15404570"
"chr5","34050116","34050423","chr17","49420599","49420889","23","15370483"
"chr5","34069404","34069710","chr17","49401302","49401610","12","15331898"
"chr5","34075607","34075732","chr1","59669570","59669694","13","25593963"
"chr5","34076272","34076578","chr1","231285682","231285993","39","197209410"
"chr5","34094453","34094719","chr17","49377395","49377662","6","15282942"
"chr5","34097108","34097288","chr3","61836737","61836911","35","27739629"
"chr5","34097316","34097434","chr6","18398574","18398693","17","15698742"
"chr5","34098613","34098867","chr17","49373193","49373432","18","15274580"
"chr5","34117067","34117359","chr17","49354721","49355025","17","15237654"
"chr5","34129248","34129541","chr17","49342886","49343181","8","15213638"
"chr5","34131832","34132144","chr17","49340275","49340579","19","15208443"
"chr5","34135774","34136071","chr17","49336324","49336624","7","15200550"
"chr5","34137597","34137891","chr17","49334497","49334793","11","15196900"
"chr5","34160500","34160802","chr17","49312160","49312465","9","15151660"
"chr5","34163441","34163619","chr3","15446670","15446843","29","18716771"
"chr5","34163645","34163766","chr6","15024384","15024505","17","19139261"
"chr5","34165937","34166227","chr17","49306764","49307052","9","15140827"
"chr5","34169419","34169721","chr17","49303248","49303539","14","15133829"
"chr5","34169983","34170289","chr17","49302680","49302986","3","15132697"
"chr5","34188935","34189217","chr5","84811184","84811465","34","50622249"
"chr5","34189851","34190150","chr15","51949418","51949716","35","17759567"
"chr5","34218575","34218872","chr17","49254659","49254966","15","15036084"
"chr5","34222506","34222799","chr17","49250792","49251083","4","15028286"
"chr5","34225664","34225963","chr17","49247583","49247882","2","15021919"
"chr5","34225976","34226286","chr17","49247269","49247572","16","15021293"
"chr5","34228876","34229185","chr17","49244348","49244661","9","15015472"
"chr5","34229714","34230015","chr17","49243510","49243811","7","15013796"
"chr5","34230154","34230469","chr17","49243068","49243369","17","15012914"
"chr5","34232438","34232508","chr17","49241085","49241145","10","15008647"
"chr5","34241352","34241429","chr1","243874429","243874504","8","209633077"
"chr5","34274542","34274850","chr17","49199638","49199945","8","14925096"
"chr5","34279062","34279197","chr17","49195283","49195418","2","14916221"
"chr5","34279198","34279495","chr9","19321563","19321856","46","14957635"
"chr5","34287644","34287937","chr17","49186550","49186852","10","14898906"
"chr5","34289347","34289643","chr17","49184843","49185138","5","14895496"
"chr5","34296513","34296819","chr17","49177715","49178021","5","14881202"
"chr5","34311336","34311644","chr17","49162627","49162935","3","14851291"
"chr5","34318675","34318962","chr17","49155028","49155320","31","14836353"
"chr5","34320190","34320494","chr1","8130637","8130940","42","26189553"
"chr5","34321332","34321597","chr17","49152393","49152657","4","14831061"
"chr5","34323111","34323411","chr17","49149364","49149663","5","14826253"
"chr5","34329528","34329839","chr17","49142967","49143278","3","14813439"
"chr5","34333257","34333544","chr17","49139240","49139525","5","14805983"
"chr5","34337908","34338218","chr17","49134580","49134890","3","14796672"
"chr5","34338849","34339159","chr17","49133631","49133913","32","14794782"
"chr5","34340983","34341295","chr17","49131498","49131810","5","14790515"
"chr5","34364132","34364410","chr17","49120531","49120809","7","14756399"
"chr5","34365540","34365644","chr1","41353504","41353604","17","6987964"
"chr5","34368750","34369055","chr17","49099224","49099529","1","14730474"
"chr5","34378117","34378422","chr17","49089949","49090254","7","14711832"
"chr5","34397300","34397383","chr10","110160300","110160383","7","75763000"
"chr5","34398994","34399297","chr17","49070799","49071100","6","14671805"
"chr5","34402088","34402397","chr17","49067704","49068011","12","14665616"
"chr5","34412862","34413160","chr10","126865608","126865910","36","92452746"
"chr5","34414411","34414562","chr17","49057008","49057148","17","14642597"
"chr5","34414854","34415018","chr17","49056546","49056710","4","14641692"
"chr5","34437944","34438262","chr17","49033324","49033641","4","14595380"
"chr5","34439780","34440077","chr17","49031490","49031802","21","14591710"
"chr5","34440165","34440450","chrX","118505023","118505326","57","84064858"
"chr5","34441123","34441434","chr1","24017882","24018191","40","10423241"
"chr5","34448852","34449150","chr9","92052535","92052831","37","57603683"
"chr5","34496168","34496373","chr7","16440455","16440661","31","18055713"
"chr5","34497596","34497870","chr1","92637124","92637397","35","58139528"
"chr5","34498770","34499004","chr19","48313961","48314195","29","13815191"
"chr5","34500691","34500962","chr17","48979407","48979678","0","14478716"
"chr5","34501296","34501579","chr17","48978800","48979109","30","14477504"
"chr5","34509000","34509300","chr17","48971087","48971383","8","14462087"
"chr5","34512309","34512610","chr17","48967770","48968072","10","14455461"
"chr5","34523493","34523783","chr17","48957155","48957431","41","14433662"
"chr5","34526099","34526358","chr17","48955224","48955483","4","14429125"
"chr5","34526478","34526755","chr1","200119635","200119908","38","165593157"
"chr5","34530756","34531068","chr17","48950518","48950827","10","14419762"
"chr5","34531380","34531664","chr17","48949915","48950203","9","14418535"
"chr5","34534882","34535212","chr17","48946472","48946781","26","14411590"
"chr5","34540046","34540346","chr17","48941688","48941990","9","14401642"
"chr5","34556198","34556508","chr17","48925001","48925311","12","14368803"
"chr5","34557373","34557617","chr17","48923894","48924136","5","14366521"
"chr5","34558725","34559016","chr17","48922487","48922778","3","14363762"
"chr5","34578828","34579134","chr17","48902091","48902396","5","14323263"
"chr5","34589758","34590064","chr17","48890689","48890996","13","14300931"
"chr5","34595540","34595810","chr17","48884961","48885231","8","14289421"
"chr5","34603527","34603805","chr17","48877017","48877295","7","14273490"
"chr5","34611741","34612026","chr17","48868533","48868818","3","14256792"
"chr5","34635618","34635903","chr17","48844860","48845145","7","14209242"
"chr5","34658600","34658887","chrX","136673874","136674163","50","102015274"
"chr5","34661954","34662246","chr17","48817851","48818144","3","14155897"
"chr5","34672566","34672727","chr12","31643249","31643414","23","3029317"
"chr5","34673026","34673163","chr2","32148390","32148527","17","2524636"
"chr5","34675387","34675640","chr3","186184447","186184699","32","151509060"
"chr5","34679751","34680020","chrX","27450221","27450498","50","7229530"
"chr5","34695153","34695462","chr17","48783435","48783729","19","14088282"
"chr5","34697505","34697816","chr17","48781040","48781346","9","14083535"
"chr5","34700554","34700864","chr17","48777994","48778304","5","14077440"
"chr5","34705282","34705568","chr9","69085213","69085505","54","34379931"
"chr5","34715265","34715568","chr17","48763515","48763826","12","14048250"
"chr5","34738597","34738917","chr17","48740181","48740497","18","14001584"
"chr5","34764773","34765068","chr17","48714119","48714412","4","13949346"
"chr5","34768673","34768987","chr17","48710195","48710508","4","13941522"
"chr5","34799371","34799513","chr17","48681366","48681508","2","13881995"
"chr5","34812925","34813212","chr17","48667709","48667996","3","13854784"
"chr5","34827162","34827462","chr17","48653408","48653711","6","13826246"
"chr5","34849210","34849457","chrX","54023029","54023276","1","19173819"
"chr5","34958580","34958868","chr17","48511362","48511650","4","13552782"
"chr5","34988043","34988329","chr17","48482223","48482536","29","13494180"
"chr5","35004877","35005167","chr17","48465467","48465755","6","13460590"
"chr5","35026273","35026557","chr1","26348565","26348855","34","8677708"
"chr5","35026891","35027190","chr17","48443495","48443775","28","13416604"
"chr5","35059274","35059554","chr17","48411118","48411398","5","13351844"
"chr5","35060989","35061289","chr17","48409384","48409686","6","13348395"
"chr5","35066543","35066853","chr22","40396310","40396619","37","5329767"
"chr5","35199380","35199677","chr17","48274107","48274406","7","13074727"
"chr5","35200928","35201231","chr15","51949418","51949716","42","16748490"
"chr5","35204968","35205265","chr17","48268494","48268791","5","13063526"
"chr5","35227287","35227597","chr17","48245694","48246003","7","13018407"
"chr5","35252340","35252647","chr17","48220575","48220882","8","12968235"
"chr5","35292758","35293025","chr17","48197436","48197702","9","12904678"
"chr5","35301688","35302002","chr17","48189663","48189977","9","12887975"
"chr5","35302657","35302957","chr17","48188717","48189021","4","12886060"
"chr5","35336422","35336726","chr17","48154777","48155081","6","12818355"
"chr5","35357979","35358295","chr17","48132776","48133092","7","12774797"
"chr5","35393842","35394151","chr17","48096490","48096799","2","12702648"
"chr5","35395903","35396197","chr17","48094156","48094445","22","12698253"
"chr5","35409735","35410016","chr17","48079124","48079405","6","12669389"
"chr5","35424006","35424306","chr17","48068039","48068344","21","12644033"
"chr5","35426250","35426532","chr17","48065795","48066077","2","12639545"
"chr5","35450190","35450481","chr17","48044065","48044354","5","12593875"
"chr5","35451784","35452080","chr17","48042465","48042761","3","12590681"
"chr5","35453372","35453665","chr17","48040868","48041172","14","12587496"
"chr5","35476331","35476634","chr17","48017908","48018211","2","12541577"
"chr5","35477341","35477656","chr17","48016866","48017145","42","12539525"
"chr5","35483593","35483901","chr17","48010664","48010966","9","12527071"
"chr5","35488701","35489018","chr17","48005592","48005909","5","12516891"
"chr5","35495594","35495892","chr20","31978854","31979149","43","3516740"
"chr5","35505967","35506099","chr17","47988493","47988625","4","12482526"
"chr5","35547212","35547327","chr17","47947826","47947941","2","12400614"
"chr5","35547637","35547652","chr8","134079675","134079690","2","98532038"
"chr5","35555736","35556035","chr17","47939136","47939438","9","12383400"
"chr5","35557634","35557918","chr2","11172877","11173162","33","24384757"
"chr5","35562178","35562479","chr3","117482402","117482709","46","81920224"
"chr5","35563527","35563830","chr17","47931060","47931363","7","12367533"
"chr5","35573415","35573713","chr17","47921253","47921551","4","12347838"
"chr5","35584829","35585134","chr4","107810110","107810420","38","72225281"
"chr5","35586127","35586419","chr17","47908562","47908854","8","12322435"
"chr5","35604297","35604632","chr17","47893097","47893433","10","12288800"
"chr5","35609228","35609550","chr8","56057077","56057396","52","20447849"
"chr5","35636195","35636499","chr17","47861451","47861755","2","12225256"
"chr5","35668097","35668425","chr17","47829608","47829924","18","12161511"
"chr5","35668746","35669057","chr17","47828981","47829292","4","12160235"
"chr5","35670122","35670424","chr17","47827615","47827921","7","12157493"
"chr5","35705979","35706286","chr17","47791740","47792043","16","12085761"
"chr5","35713088","35713393","chr17","47784433","47784745","15","12071345"
"chr5","35715083","35715391","chr3","17225157","17225467","48","18489926"
"chr5","35717241","35717550","chr17","47780292","47780600","76","12063051"
"chr5","35731955","35732230","chr17","47765651","47765923","5","12033696"
"chr5","35744461","35744745","chr2","106063589","106063871","39","70319128"
"chr5","35745007","35745306","chr17","47753026","47753325","10","12008019"
"chr5","35746300","35746621","chr12","2090311","2090617","47","33655989"
"chr5","35757579","35757865","chr17","47740452","47740738","7","11982873"
"chr5","35760423","35760720","chr17","47737631","47737924","17","11977208"
"chr5","35767910","35768207","chr10","121392194","121392498","37","85624284"
"chr5","35778541","35778844","chr17","47722748","47723043","13","11944207"
"chr5","35822676","35822979","chr2","112047087","112047390","40","76224411"
"chr5","35832140","35832443","chr17","47669121","47669424","5","11836981"
"chr5","35834144","35834423","chr17","47667147","47667420","9","11833003"
"chr5","35853348","35853655","chr17","47647966","47648269","13","11794618"
"chr5","35862667","35862934","chr17","47638721","47638989","7","11776054"
"chr5","35865878","35866177","chr17","47635492","47635784","10","11769614"
"chr5","35904937","35905239","chr17","47596766","47597062","16","11691829"
"chr5","35918394","35918697","chr17","47583303","47583604","5","11664909"
"chr5","35943553","35943848","chr17","47558128","47558427","6","11614575"
"chr5","35956504","35956664","chr22","32959409","32959565","39","2997095"
"chr5","35956665","35956961","chr17","36272996","36273293","11","316331"
"chr5","35956962","35957110","chr3","144485548","144485699","30","108528586"
"chr5","35994080","35994374","chr17_KI270857v1_alt","2316651","2316945","6","33677429"
"chr5","36027607","36027888","chr19","10883736","10884016","33","25143871"
"chr5","36028212","36028526","chrX","103363450","103363767","40","67335238"
"chr5","36067207","36067491","chr1","35082336","35082630","49","984871"
"chr5","36092816","36093129","chr17","47411810","47412118","8","11318994"
"chr5","36150205","36150490","chr17","47353286","47353595","31","11203081"
"chr5","36161821","36162114","chr17","47341366","47341660","5","11179545"
"chr5","36194400","36194708","chr17","47314091","47314395","5","11119691"
"chr5","36200652","36200928","chr17","47307884","47308160","5","11107232"
"chr5","36226032","36226337","chr17","47280351","47280656","5","11054319"
"chr5","36257048","36257181","chr17","47250683","47250816","0","10993635"
"chr5","36257462","36257658","chr17","47250208","47250402","4","10992746"
"chr5","36273343","36273651","chr17","47234206","47234487","30","10960863"
"chr5","36290467","36290761","chr17","47217177","47217470","3","10926710"
"chr5","36304713","36304971","chr17","47202971","47203229","1","10898258"
"chr5","36305654","36305956","chr17","47201983","47202285","1","10896329"
"chr5","36308623","36308927","chr14","32971078","32971384","47","3337545"
"chr5","36314386","36314688","chr17","47193267","47193567","2","10878881"
"chr5","36347621","36347917","chr17","47160228","47160525","7","10812607"
"chr5","36372791","36373093","chr9","130836542","130836846","37","94463751"
"chr5","36377257","36377558","chr17","47128029","47128330","6","10750772"
"chr5","36379756","36380053","chr17","47125236","47125545","28","10745480"
"chr5","36380707","36381011","chr2","241602359","241602665","33","205221652"
"chr5","36398077","36398209","chr17","47106904","47107036","1","10708827"
"chr5","36402123","36402411","chr17","47102715","47103004","4","10700592"
"chr5","36403294","36403468","chr17","47101670","47101837","8","10698376"
"chr5","36403469","36403767","chr17","47101371","47101669","2","10697902"
"chr5","36403768","36403906","chr17","47101232","47101370","1","10697464"
"chr5","36407063","36407363","chr17","47097698","47097998","2","10690635"
"chr5","36407663","36407967","chr5","171152128","171152430","56","134744465"
"chr5","36415776","36416080","chr17","47087966","47088270","3","10672190"
"chr5","36417289","36417599","chr1","44373643","44373953","38","7956354"
"chr5","36498486","36498769","chr15","89579344","89579625","55","53080858"
"chr5","36571761","36572072","chr17","46903000","46903307","9","10331239"
"chr5","36575625","36575801","chrX","46228866","46229038","32","9653241"
"chr5","36575842","36575972","chr10","100583000","100583128","20","64007158"
"chr5","36581810","36582111","chr17","46892929","46893232","8","10311119"
"chr5","36582824","36583128","chr1","67088239","67088544","34","30505415"
"chr5","36587932","36588240","chr17","46886808","46887116","2","10298876"
"chr5","36600138","36600426","chr17","46874589","46874877","5","10274451"
"chr5","36601304","36601436","chr17","46873579","46873711","1","10272275"
"chr5","36605275","36605466","chr2","11377743","11377936","24","25227532"
"chr5","36612302","36612607","chr8","94592878","94593188","40","57980576"
"chr5","36617669","36617973","chr17","46857187","46857498","10","10239518"
"chr5","36619173","36619460","chr17","46855701","46855988","4","10236528"
"chr5","36646157","36646468","chr17","46828191","46828502","1","10182034"
"chr5","36647672","36647966","chr17_KI270908v1_alt","1346203","1346497","2","35301469"
"chr5","36651017","36651304","chr17","46823452","46823739","0","10172435"
"chr5","36670481","36670787","chr17","46804076","46804386","20","10133595"
"chr5","36675149","36675460","chr17","46799437","46799747","4","10124288"
"chr5","36683372","36683674","chr17","46791207","46791506","9","10107835"
"chr5","36694648","36694943","chr17_GL000258v2_alt","1765647","1765942","3","34929001"
"chr5","36713091","36713403","chr17","46761321","46761634","6","10048230"
"chr5","36716715","36717012","chr17_GL000258v2_alt","1743595","1743891","5","34973120"
"chr5","36738826","36739116","chr17","46735665","46735955","2","9996839"
"chr5","36779818","36780033","chrX","19189550","19189763","29","17590268"
"chr5","36814609","36814889","chr17","46440475","46440754","2","9625866"
"chr5","36840145","36840445","chr17","46414904","46415204","6","9574759"
"chr5","36854014","36854155","chr17","46403318","46403459","1","9549304"
"chr5","36855259","36855556","chr17_GL000258v2_alt","1605526","1605828","6","35249733"
"chr5","36859310","36859603","chr17","46397860","46398142","14","9538550"
"chr5","36876560","36876863","chr7","101204574","101204883","35","64328014"
"chr5","36890342","36890636","chr8","39334318","39334605","51","2443976"
"chr5","36897845","36898141","chr17_GL000258v2_alt","1560874","1561166","8","35336971"
"chr5","36942891","36943189","chr17","46541253","46541551","5","9598362"
"chr5","36984325","36984573","chr1","182922324","182922575","30","145937999"
"chr5","37000010","37000290","chr17","46440475","46440754","3","9440465"
"chr5","37019529","37019653","chr9","37844239","37844368","16","824710"
"chr5","37039313","37039619","chr17","46388914","46389220","5","9349601"
"chr5","37060739","37061063","chr17","46585021","46585333","19","9524282"
"chr5","37061767","37062074","chr2","96915113","96915417","51","59853346"
"chr5","37064602","37064913","chr17_GL000258v2_alt","387799","388108","10","36676803"
"chr5","37071010","37071306","chr17_GL000258v2_alt","1560874","1561166","8","35510136"
"chr5","37071954","37072237","chr17","46355945","46356232","7","9283991"
"chr5","37073207","37073505","chr17","46354671","46354960","10","9281464"
"chr5","37111653","37111961","chr17","46315915","46316223","2","9204262"
"chr5","37154390","37154620","chr17","46265816","46266046","2","9111426"
"chr5","37156182","37156312","chr3","51768894","51769036","33","14612712"
"chr5","37156449","37156564","chr17","46263880","46263995","2","9107431"
"chr5","37156870","37157171","chr17","46263271","46263572","4","9106401"
"chr5","37158196","37158483","chr17_GL000258v2_alt","1204320","1204607","4","35953876"
"chr5","37164728","37165038","chr17_GL000258v2_alt","1198461","1198771","7","35966267"
"chr5","37179444","37179673","chr1","36517947","36518174","37","661497"
"chr5","37181232","37181357","chr1","59669570","59669694","14","22488338"
"chr5","37189373","37189489","chr17","46230903","46231018","3","9041530"
"chr5","37201351","37201486","chr17_GL000258v2_alt","569145","569280","1","36632206"
"chr5","37201610","37201899","chr17_GL000258v2_alt","569404","569692","2","36632206"
"chr5","37209739","37210040","chr17","46209492","46209793","2","8999753"
"chr5","37217523","37217815","chr1","62243342","62243636","56","25025819"
"chr5","37229617","37229922","chr17","46189601","46189926","28","8959984"
"chr5","37263741","37264037","chr17_GL000258v2_alt","631543","631840","6","36632198"
"chr5","37269946","37270254","chr17_GL000258v2_alt","638098","638397","14","36631848"
"chr5","37272494","37272789","chr10","72942969","72943261","43","35670475"
"chr5","37283770","37284068","chr17","46134558","46134855","6","8850788"
"chr5","37288423","37288735","chr12","114227041","114227345","54","76938618"
"chr5","37299973","37300264","chr17_GL000258v2_alt","667084","667375","5","36632889"
"chr5","37300522","37300630","chr11","66010489","66010601","15","28709967"
"chr5","37345266","37345567","chr17","46076213","46076515","11","8730947"
"chr5","37352518","37352812","chr17_GL000258v2_alt","719475","719769","3","36633043"
"chr5","37359192","37359497","chr17","46062768","46063074","5","8703576"
"chr5","37372579","37372660","chr17_GL000258v2_alt","738984","739065","2","36633595"
"chr5","37375628","37375934","chr19","8926983","8927290","50","28448645"
"chr5","37385201","37385498","chr17_GL000258v2_alt","751602","751897","5","36633599"
"chr5","37428419","37428699","chr17","45993412","45993692","0","8564993"
"chr5","37441603","37441951","chr17_GL000258v2_alt","807903","808230","25","36633700"
"chr5","37463030","37463325","chr17_GL000258v2_alt","829264","829559","1","36633766"
"chr5","37474272","37474567","chr17_GL000258v2_alt","829264","829559","1","36645008"
"chr5","37487518","37487815","chr17_KI270908v1_alt","647686","647989","8","36839832"
"chr5","37494317","37494617","chr17","45938811","45939113","5","8444494"
"chr5","37499890","37499999","chr15","58787183","58787293","12","21287293"
"chr5","37501334","37501639","chr17","45931805","45932112","7","8430471"
"chr5","37507138","37507444","chr1","27019407","27019712","37","10487731"
"chr5","37513799","37514112","chr17_GL000258v2_alt","869195","869508","5","36644604"
"chr5","37530543","37530839","chr17_GL000258v2_alt","885860","886156","6","36644683"
"chr5","37541145","37541443","chr17","45891453","45891751","6","8350308"
"chr5","37543399","37543685","chr17_GL000258v2_alt","898752","899039","7","36644647"
"chr5","37573773","37574080","chr22","41483375","41483683","42","3909602"
"chr5","37578130","37578439","chr17","45854513","45854818","10","8276383"
"chr5","37592282","37592566","chr17","45842887","45843190","22","8250605"
"chr5","37594292","37594583","chr7","487598","487888","32","37106694"
"chr5","37603189","37603363","chrX","30605782","30605950","19","6997407"
"chr5","37603396","37603478","chr6","27682319","27682405","13","9921077"
"chr5","37633201","37633502","chr17_GL000258v2_alt","985825","986125","7","36647376"
"chr5","37654740","37655052","chr17_GL000258v2_alt","1007088","1007398","3","36647652"
"chr5","37705099","37705401","chr17","45732189","45732491","2","8027090"
"chr5","37716588","37716910","chr6","88974441","88974758","55","51257853"
"chr5","37717366","37717640","chr17_GL000258v2_alt","1071036","1071310","11","36646330"
"chr5","37741283","37741594","chr17","45693000","45693314","9","7951717"
"chr5","37782206","37782511","chr17","45652339","45652633","13","7870133"
"chr5","37790642","37790921","chr17","45644855","45645134","1","7854213"
"chr5","37791418","37791727","chr17","45644044","45644354","8","7852626"
"chr5","37794677","37794965","chr17_GL000258v2_alt","1146868","1147154","5","36647809"
"chr5","37795617","37795927","chr17","45639867","45640148","36","7844250"
"chr5","37802068","37802355","chr17","45633322","45633609","4","7831254"
"chr5","37814367","37814670","chr17","45611828","45612131","5","7797461"
"chr5","37814985","37815276","chr17_GL000258v2_alt","1177317","1177618","12","36637668"
"chr5","37819136","37819261","chr1","59669570","59669694","15","21850434"
"chr5","37829130","37829422","chr17_GL000258v2_alt","538702","538994","3","37290428"
"chr5","37866442","37866721","chr17","46501193","46501474","11","8634751"
"chr5","37897868","37898175","chr17","46315915","46316223","3","8418047"
"chr5","37929989","37930278","chr17","45493267","45493556","5","7563278"
"chr5","38008048","38008346","chr17","45422899","45423199","7","7414851"
"chr5","38009046","38009362","chr17","45421884","45422200","10","7412838"
"chr5","38013566","38013847","chr13","19729255","19729550","43","18284311"
"chr5","38017086","38017382","chr17_GL000258v2_alt","104333","104630","9","37912753"
"chr5","38017905","38018201","chr17_GL000258v2_alt","104333","104630","9","37913572"
"chr5","38053051","38053342","chr17","45379817","45380109","5","7326766"
"chr5","38057967","38058274","chr17","45374871","45375178","3","7316904"
"chr5","38058541","38058836","chr17","45374295","45374600","11","7315754"
"chr5","38060000","38060295","chr17","45372832","45373134","13","7312832"
"chr5","38068169","38068475","chr17","45365200","45365506","4","7297031"
"chr5","38077930","38078241","chr17","45355488","45355799","7","7277558"
"chr5","38079251","38079569","chr17","45354148","45354464","15","7274897"
"chr5","38092682","38092982","chr17","45340668","45340966","9","7247986"
"chr5","38093813","38094140","chr17","45339530","45339841","25","7245717"
"chr5","38096033","38096363","chr17","45337328","45337639","24","7241295"
"chr5","38101713","38102007","chr17","45331833","45332129","10","7230120"
"chr5","38105509","38105815","chr17","45328051","45328358","5","7222542"
"chr5","38107424","38107717","chr2","73340249","73340544","31","35232825"
"chr5","38109991","38110285","chr1","9075961","9076255","33","29034030"
"chr5","38129547","38129848","chr10","28261880","28262176","40","9867667"
"chr5","38133747","38134039","chr17","45299808","45300100","3","7166061"
"chr5","38148151","38148462","chr17","45285344","45285655","6","7137193"
"chr5","38152909","38153214","chr17","45280615","45280910","11","7127706"
"chr5","38175363","38175654","chr17","45258645","45258935","3","7083282"
"chr5","38180607","38180900","chr17","45253410","45253703","11","7072803"
"chr5","38199623","38199933","chr17","45234383","45234692","8","7034760"
"chr5","38214288","38214582","chr17","45219777","45220073","6","7005489"
"chr5","38217085","38217316","chr4","25704905","25705139","32","12512180"
"chr5","38217342","38217448","chr19","53999057","53999165","9","15781715"
"chr5","38220976","38221281","chr17","45213288","45213592","3","6992312"
"chr5","38222518","38222795","chr17","45211775","45212052","5","6989257"
"chr5","38233393","38233689","chr5","172172698","172172996","36","133939305"
"chr5","38234304","38234601","chr5","172172698","172172996","35","133938394"
"chr5","38240436","38240741","chr17","45196397","45196692","15","6955961"
"chr5","38248637","38248943","chr17","45188204","45188504","10","6939567"
"chr5","38253614","38253905","chr17","45183236","45183527","5","6929622"
"chr5","38256440","38256701","chr17","45179824","45180085","7","6923384"
"chr5","38269297","38269601","chr17","45167046","45167352","10","6897749"
"chr5","38308994","38309229","chr17","45126352","45126602","18","6817358"
"chr5","38309967","38310277","chr17","45125318","45125625","8","6815351"
"chr5","38310347","38310549","chr17","45125046","45125248","3","6814699"
"chr5","38310550","38310666","chr17","45124929","45125045","3","6814379"
"chr5","38313606","38313868","chr17","45121709","45121974","10","6808103"
"chr5","38344232","38344532","chr14","36903366","36903642","57","1440866"
"chr5","38356079","38356373","chr17","45080772","45081066","3","6724693"
"chr5","38363649","38363935","chr17","45073141","45073429","6","6709492"
"chr5","38366281","38366555","chr17","45068218","45068493","6","6701937"
"chr5","38370881","38371172","chr17","45063614","45063905","4","6692733"
"chr5","38390049","38390349","chr17","45045451","45045751","2","6655402"
"chr5","38399397","38399695","chr17","45033466","45033764","5","6634069"
"chr5","38427085","38427386","chr17","45002015","45002318","7","6574930"
"chr5","38432050","38432358","chr17","44997040","44997349","11","6564990"
"chr5","38440283","38440563","chr17","44988792","44989072","3","6548509"
"chr5","38455751","38456031","chr17","44973466","44973766","24","6517715"
"chr5","38467539","38467848","chr17","44961320","44961604","26","6493781"
"chr5","38472300","38472609","chr17","44956486","44956795","2","6484186"
"chr5","38474038","38474321","chr17","44954786","44955057","13","6480748"
"chr5","38488935","38489201","chr17","44939810","44940076","5","6450875"
"chr5","38505003","38505310","chr17","44923766","44924073","1","6418763"
"chr5","38535205","38535510","chr17","44893784","44894090","15","6358579"
"chr5","38536364","38536659","chr17","44892632","44892926","3","6356268"
"chr5","38537231","38537423","chr17","44891867","44892059","3","6354636"
"chr5","38543026","38543321","chr10","80128035","80128333","42","41585009"
"chr5","38546730","38547041","chr17","44882237","44882547","6","6335507"
"chr5","38551085","38551396","chr17","44877850","44878165","6","6326765"
"chr5","38590151","38590455","chr17","67298515","67298814","42","28708364"
"chr5","38618304","38618616","chr17","44816493","44816804","5","6198189"
"chr5","38629099","38629295","chr17","44806002","44806195","6","6176903"
"chr5","38651822","38652116","chr17","44783083","44783377","4","6131261"
"chr5","38671232","38671541","chr17","44763708","44764016","4","6092476"
"chr5","38679577","38679855","chr17","44755411","44755702","16","6075834"
"chr5","38680019","38680317","chr17","44754941","44755245","9","6074922"
"chr5","38682558","38682828","chr17","44752421","44752700","16","6069863"
"chr5","38690856","38691153","chr17","44744130","44744426","6","6053274"
"chr5","38692838","38693136","chr17","44742122","44742431","25","6049284"
"chr5","38699592","38699889","chr17","44735391","44735685","17","6035799"
"chr5","38700166","38700460","chr17","44734823","44735114","10","6034657"
"chr5","38706148","38706451","chr17","44728818","44729122","3","6022670"
"chr5","38708147","38708446","chr17","44726817","44727122","16","6018670"
"chr5","38714241","38714541","chr17","44720865","44721164","4","6006624"
"chr5","38732615","38732892","chr17","44702229","44702506","6","5969614"
"chr5","38747620","38747924","chr17","44687161","44687465","2","5939541"
"chr5","38762849","38763124","chr17","44672007","44672282","4","5909158"
"chr5","38782030","38782200","chr17","44653356","44653526","2","5871326"
"chr5","38782500","38782630","chr17","44652929","44653058","4","5870429"
"chr5","38788503","38788801","chr17","44646786","44647096","19","5858283"
"chr5","38801702","38801998","chr17","44633593","44633886","8","5831891"
"chr5","38811232","38811515","chr19","8042315","8042601","35","30768917"
"chr5","38812538","38812832","chr17","44622873","44623168","6","5810335"
"chr5","38822486","38822770","chr17","44612925","44613209","14","5790439"
"chr5","38823086","38823416","chr17","44612292","44612622","7","5789206"
"chr5","38825826","38826118","chr17","44609576","44609854","18","5783750"
"chr5","38852270","38852567","chr4","70767686","70767978","35","31915416"
"chr5","38860938","38861231","chr4","27079511","27079814","56","11781427"
"chr5","38862244","38862545","chr13","40704915","40705219","41","1842671"
"chr5","38865927","38866231","chr17","44571307","44571611","6","5705380"
"chr5","38885851","38886020","chr3","15446670","15446843","37","23439181"
"chr5","38886318","38886453","chr2","32148390","32148527","10","6737928"
"chr5","38892090","38892381","chr4","173146944","173147242","51","134254854"
"chr5","38904889","38905181","chr17","44532491","44532783","7","5627602"
"chr5","38908277","38908452","chr1","46843629","46843796","33","7935352"
"chr5","38910040","38910176","chr13","18218211","18218343","26","20691829"
"chr5","38923418","38923721","chr17","44517044","44517339","14","5593626"
"chr5","38923915","38924217","chr17","44516549","44516850","8","5592634"
"chr5","38924781","38925085","chr17","44515684","44515988","7","5590903"
"chr5","38925870","38926184","chr17","44514592","44514905","11","5588722"
"chr5","38959567","38959858","chr17","44481840","44482130","4","5522273"
"chr5","38963606","38963922","chr17","44477809","44478125","8","5514203"
"chr5","38973421","38973697","chr17","44468004","44468272","14","5494583"
"chr5","38994513","38994809","chr17","44446839","44447135","7","5452326"
"chr5","39008802","39009110","chr17","44431089","44431400","5","5422287"
"chr5","39009250","39009350","chr22","41401069","41401164","11","2391819"
"chr5","39027572","39027855","chr17","44413643","44413919","12","5386071"
"chr5","39033537","39033832","chr17","44407658","44407956","13","5374121"
"chr5","39039447","39039750","chr17","44401723","44402034","10","5362276"
"chr5","39047283","39047602","chr17","44393907","44394222","10","5346624"
"chr5","39064645","39064951","chr17","44376602","44376912","8","5311957"
"chr5","39076671","39076960","chr17","44364554","44364847","13","5287883"
"chr5","39097300","39097601","chr3","122645596","122645878","39","83548296"
"chr5","39100891","39101203","chr17","44342272","44342584","5","5241381"
"chr5","39103698","39103974","chr17","44339506","44339783","4","5235808"
"chr5","39108036","39108333","chr22","30411464","30411761","42","8696572"
"chr5","39140454","39140756","chr10","104392640","104392939","41","65252186"
"chr5","39141915","39142215","chr17","44302029","44302331","8","5160114"
"chr5","39146593","39146926","chr1","238597208","238597540","46","199450615"
"chr5","39156746","39157048","chr17","44287201","44287503","5","5130455"
"chr5","39158754","39158892","chr3","179353366","179353506","21","140194612"
"chr5","39160833","39161146","chr17","44283098","44283411","3","5122265"
"chr5","39163024","39163357","chr3","87538592","87538920","47","48375568"
"chr5","39169323","39169619","chr17","44274643","44274939","7","5105320"
"chr5","39170334","39170643","chr17","44273621","44273916","20","5103287"
"chr5","39181058","39181365","chr17","44264178","44264482","6","5083120"
"chr5","39208958","39209267","chr1","51320864","51321173","46","12111906"
"chr5","39210031","39210337","chr17","44233002","44233304","10","5022971"
"chr5","39210783","39211075","chr17","44232248","44232542","5","5021465"
"chr5","39215032","39215330","chr17","44227995","44228293","2","5012963"
"chr5","39216971","39217287","chr17","44226049","44226365","8","5009078"
"chr5","39271465","39271775","chr6","2812446","2812756","36","36459019"
"chr5","39287462","39287759","chr17","44157440","44157714","30","4869978"
"chr5","39288063","39288198","chr17","44156963","44157097","2","4868900"
"chr5","39291109","39291399","chr17","44153768","44154059","3","4862659"
"chr5","39297450","39297790","chr17","44147425","44147735","35","4849975"
"chr5","39309444","39309758","chr17","44135540","44135857","11","4826096"
"chr5","39313495","39313640","chr17","44131664","44131809","5","4818169"
"chr5","39342301","39342594","chr17","44104039","44104332","5","4761738"
"chr5","39356008","39356163","chr17","44089775","44089950","22","4733767"
"chr5","39356466","39356600","chr17","44089328","44089462","0","4732862"
"chr5","39377510","39377814","chr17","44068217","44068519","5","4690707"
"chr5","39381314","39381614","chr17","44064458","44064750","12","4683144"
"chr5","39383198","39383466","chr17","44062605","44062873","8","4679407"
"chr5","39394164","39394451","chr17","44051826","44052121","14","4657662"
"chr5","39395471","39395772","chr17","44050517","44050818","5","4655046"
"chr5","39405450","39405698","chr17_KI270857v1_alt","1850620","1850864","42","37554830"
"chr5","39409354","39409630","chr17","44036840","44037116","2","4627486"
"chr5","39417842","39418138","chr17","44027894","44028190","3","4610052"
"chr5","39444619","39444912","chr17","44016176","44016470","4","4571557"
"chr5","39462516","39462826","chr10","114619185","114619495","45","75156669"
"chr5","39471442","39471728","chr17","43990160","43990468","25","4518718"
"chr5","39472786","39473096","chr17","43988751","43989061","11","4515965"
"chr5","39493192","39493484","chr17","43968530","43968826","9","4475338"
"chr5","39496188","39496496","chr17","43965508","43965817","18","4469320"
"chr5","39498451","39498759","chr17","43963227","43963533","9","4464776"
"chr5","39503349","39503640","chr17","43958387","43958679","7","4455038"
"chr5","39516509","39516642","chr17","43945498","43945631","2","4428989"
"chr5","39531419","39531723","chr17","43930465","43930769","3","4399046"
"chr5","39532622","39532936","chr17","43929252","43929566","7","4396630"
"chr5","39558499","39558787","chr15","82723092","82723382","50","43164593"
"chr5","39577377","39577684","chr17","43868909","43869219","20","4291532"
"chr5","39582491","39582797","chr6","41701663","41701966","48","2119172"
"chr5","39583243","39583545","chr17","43863014","43863318","7","4279771"
"chr5","39604289","39604595","chr17","43841640","43841919","35","4237351"
"chr5","39605891","39606080","chr17","43840213","43840404","5","4234322"
"chr5","39610760","39611043","chr12","50586581","50586871","39","10975821"
"chr5","39611866","39612003","chr19","33218685","33218817","16","6393181"
"chr5","39621108","39621335","chr10","72593319","72593543","38","32972211"
"chr5","39628351","39628627","chr12","41790451","41790738","37","2162100"
"chr5","39629987","39630292","chr17","43818643","43818949","25","4188656"
"chr5","39690780","39691081","chr17","43764259","43764560","3","4073479"
"chr5","39693100","39693281","chr1","38884787","38884967","40","808313"
"chr5","39702958","39703241","chr17","43752174","43752481","30","4049216"
"chr5","39711773","39712050","chr17","43743372","43743649","6","4031599"
"chr5","39768778","39769071","chr19","2870465","2870757","42","36898313"
"chr5","39776830","39777127","chr17","43679038","43679340","12","3902208"
"chr5","39786775","39787073","chr7","78827887","78828184","35","39041112"
"chr5","39815670","39815976","chr17","43653142","43653439","16","3837472"
"chr5","39846641","39846951","chr2","170735599","170735906","37","130888958"
"chr5","39865742","39866036","chr17","43603656","43603959","11","3737914"
"chr5","39866467","39866775","chr17","43602925","43603225","11","3736458"
"chr5","39874252","39874560","chr17","43595016","43595314","17","3720764"
"chr5","39876435","39876749","chr17","43592819","43593133","4","3716384"
"chr5","39878490","39878796","chr17","43590777","43591081","8","3712287"
"chr5","39896324","39896616","chr17","43572972","43573264","4","3676648"
"chr5","39897208","39897317","chr17","43572275","43572384","2","3675067"
"chr5","39901029","39901332","chr17","43568230","43568534","4","3667201"
"chr5","39903485","39903789","chr17","43565777","43566071","14","3662292"
"chr5","39946706","39946994","chr17","43520965","43521262","13","3574259"
"chr5","39964303","39964468","chr9","85877464","85877625","36","45913161"
"chr5","39964767","39964901","chr16","56725564","56725698","21","16760797"
"chr5","39985845","39986150","chr17","43482568","43482861","17","3496723"
"chr5","39994302","39994604","chr17","43474129","43474426","12","3479827"
"chr5","40002618","40002907","chr17","43465878","43466167","4","3463260"
"chr5","40011287","40011545","chr7","129516244","129516508","47","89504957"
"chr5","40015562","40015859","chr17","43447134","43447420","19","3431572"
"chr5","40027198","40027472","chr17","43435595","43435869","5","3408397"
"chr5","40035118","40035395","chr17","43428486","43428763","7","3393368"
"chr5","40070284","40070578","chr17","43393374","43393660","11","3323090"
"chr5","40081214","40081497","chr17","43382386","43382669","7","3301172"
"chr5","40089900","40090013","chr17","43373848","43373961","1","3283948"
"chr5","40096531","40096828","chr17","43367221","43367518","11","3270690"
"chr5","40110444","40110740","chr17","43357501","43357799","6","3247057"
"chr5","40141174","40141473","chr9","121968866","121969169","35","81827692"
"chr5","40150318","40150622","chr17","43218379","43218667","21","3068061"
"chr5","40154808","40154924","chr17","28900211","28900328","11","11254597"
"chr5","40161922","40162204","chr8","38369814","38370093","42","1792108"
"chr5","40186407","40186711","chr15","51949418","51949716","36","11763011"
"chr5","40190272","40190577","chr17","43178367","43178676","8","2988095"
"chr5","40195346","40195648","chr17","43173285","43173584","8","2977939"
"chr5","40213546","40213821","chr17","43155547","43155822","5","2942001"
"chr5","40219834","40219969","chr17","43149400","43149534","2","2929566"
"chr5","40235271","40235577","chr17","43133626","43133934","6","2898355"
"chr5","40238614","40238911","chr17","43130316","43130613","3","2891702"
"chr5","40250171","40250454","chr17","43118762","43119042","8","2868591"
"chr5","40250522","40250881","chr17","7371562","7371903","77","32878960"
"chr5","40268185","40268487","chr1","10568731","10569039","46","29699454"
"chr5","40271971","40272101","chr17","43097472","43097602","1","2825501"
"chr5","40273164","40273473","chr17","43096096","43096406","9","2822932"
"chr5","40273954","40274259","chr2","99736609","99736909","48","59462655"
"chr5","40289504","40289800","chr17","43083159","43083455","8","2793655"
"chr5","40304275","40304571","chr17","43083159","43083455","8","2778884"
"chr5","40316722","40316938","chr16","46947290","46947502","30","6630568"
"chr5","40320572","40320649","chr11","65938748","65938825","7","25618176"
"chr5","40326200","40326496","chr17","43083159","43083455","8","2756959"
"chr5","40335824","40336138","chr17","43048504","43048817","9","2712680"
"chr5","40339529","40339835","chr15","65320235","65320542","33","24980706"
"chr5","40361330","40361622","chr17","43022606","43022898","3","2661276"
"chr5","40367933","40368079","chr17","43016736","43016881","5","2648803"
"chr5","40376967","40377253","chrX","106907419","106907702","37","66530452"
"chr5","40379363","40379665","chr17","43005123","43005423","9","2625760"
"chr5","40396426","40396725","chrX","32965210","32965512","35","7431216"
"chr5","40400434","40400702","chr19","55403731","55404000","38","15003297"
"chr5","40402684","40402986","chr8","119888579","119888881","48","79485895"
"chr5","40415758","40416057","chr7","3405803","3406107","52","37009955"
"chr5","40416165","40416232","chr1","35403967","35404033","9","5012198"
"chr5","40417111","40417408","chr17","42968249","42968547","5","2551138"
"chr5","40427493","40427775","chr17","42957477","42957768","14","2529984"
"chr5","40430569","40430867","chr17","42954072","42954369","6","2523503"
"chr5","40433376","40433652","chr17","42951289","42951565","6","2517913"
"chr5","40440591","40440893","chr17","42944986","42945288","9","2504395"
"chr5","40443442","40443741","chr17","42942445","42942740","10","2499003"
"chr5","40448609","40448909","chr4","17079457","17079761","42","23369152"
"chr5","40450467","40450672","chr1","11851710","11851906","30","28598757"
"chr5","40459106","40459376","chr17","42928229","42928499","9","2469123"
"chr5","40460589","40460897","chr17","42926703","42927016","13","2466114"
"chr5","40467772","40468067","chr17","42919519","42919809","11","2451747"
"chr5","40468994","40469299","chr17","42918285","42918592","7","2449291"
"chr5","40474504","40474802","chr17","42912796","42913102","10","2438292"
"chr5","40493603","40493914","chr17","42893783","42894095","12","2400180"
"chr5","40510715","40511019","chr17","42876905","42877209","6","2366190"
"chr5","40514092","40514392","chr17","42873654","42873951","5","2359562"
"chr5","40518798","40519085","chr17","42868954","42869241","5","2350156"
"chr5","40522634","40522939","chr17","42865096","42865401","7","2342462"
"chr5","40526733","40527023","chr8","35372128","35372421","50","5154605"
"chr5","40600548","40600843","chr17","42786397","42786692","10","2185849"
"chr5","40615257","40615543","chr17","42771697","42771981","11","2156440"
"chr5","40616580","40616883","chr17","42770358","42770661","1","2153778"
"chr5","40617009","40617320","chr17","42769912","42770227","14","2152903"
"chr5","40629387","40629680","chr17","42757861","42758154","6","2128474"
"chr5","40654578","40654905","chr17","42736553","42736851","38","2081975"
"chr5","40656161","40656329","chr17","42735143","42735311","1","2078982"
"chr5","40663065","40663360","chr17","42727821","42728116","4","2064756"
"chr5","40682517","40682812","chr17","42708373","42708668","4","2025856"
"chr5","40683503","40683626","chr17","42707559","42707682","2","2024056"
"chr5","40683627","40683919","chr17","42707265","42707558","6","2023638"
"chr5","40728917","40729218","chr17","42662324","42662619","12","1933407"
"chr5","40738345","40738636","chr17","42652917","42653208","2","1914572"
"chr5","40743568","40743835","chr17","42647287","42647581","34","1903719"
"chr5","40746436","40746744","chr17","42644367","42644675","2","1897931"
"chr5","40748827","40749120","chr17","42641997","42642288","7","1893170"
"chr5","40750112","40750411","chr17","42640708","42641006","9","1890596"
"chr5","40755476","40755752","chr6","135507214","135507497","50","94751738"
"chr5","40759487","40759772","chr17","42631139","42631422","8","1871652"
"chr5","40762909","40763194","chr17","42631139","42631422","8","1868230"
"chr5","40790125","40790429","chr17","42602035","42602337","7","1811910"
"chr5","40794694","40794993","chr17","42597621","42597929","11","1802927"
"chr5","40798751","40799043","chr14","98106772","98107070","52","57308021"
"chr5","40802746","40803039","chr17","42589919","42590211","2","1787173"
"chr5","40811880","40812215","chr17","42580757","42581067","37","1768877"
"chr5","40834407","40834682","chr17","42558247","42558520","6","1723840"
"chr5","40843239","40843533","chr17","42544742","42545036","5","1701503"
"chr5","40875144","40875428","chr17","42511253","42511538","4","1636109"
"chr5","40887008","40887300","chr17","42501744","42502058","25","1614736"
"chr5","40891958","40892263","chr17","42497021","42497321","17","1605063"
"chr5","40892438","40892721","chr17","42496559","42496842","5","1604121"
"chr5","40896519","40896812","chr17","42492734","42493026","8","1596215"
"chr5","40905507","40905642","chr17","42483882","42484017","1","1578375"
"chr5","40905643","40905949","chr17","42483575","42483881","4","1577932"
"chr5","40905950","40906102","chr17","42483412","42483574","12","1577462"
"chr5","40907371","40907659","chr3","4209905","4210194","42","36697466"
"chr5","40910303","40910604","chr17","42478911","42479209","8","1568608"
"chr5","40918065","40918362","chr17","42472052","42472351","8","1553987"
"chr5","40943340","40943642","chr20","37614573","37614876","40","3328767"
"chr5","40950802","40951076","chr17","42439546","42439844","27","1488744"
"chr5","40951121","40951223","chr9","86302511","86302615","29","45351390"
"chr5","40951224","40951518","chr17","42439143","42439433","7","1487919"
"chr5","40951519","40951774","chr2","241323175","241323406","71","200371656"
"chr5","40953162","40953456","chr17","42437198","42437495","10","1484036"
"chr5","40953457","40953745","chr17","42436909","42437197","9","1483452"
"chr5","40956081","40956378","chr17","42434262","42434559","6","1478181"
"chr5","40971058","40971340","chr17","42419303","42419610","31","1448245"
"chr5","40973201","40973510","chr17","42417172","42417474","8","1443971"
"chr5","40976501","40976801","chr17","42413892","42414198","10","1437391"
"chr5","40977436","40977752","chr17","42412919","42413235","7","1435483"
"chr5","40977757","40977968","chr3","134383983","134384198","35","93406226"
"chr5","40981468","40981771","chr17","42408791","42409091","13","1427323"
"chr5","40983896","40984200","chr17","42406372","42406676","5","1422476"
"chr5","40989047","40989333","chr17","42401288","42401574","6","1412241"
"chr5","41008639","41008912","chr17","42383083","42383356","1","1374444"
"chr5","41013448","41013747","chr17","42378244","42378546","9","1364796"
"chr5","41023302","41023572","chr17","42368451","42368721","0","1345149"
"chr5","41059848","41060158","chr17","42336971","42337281","7","1277123"
"chr5","41068693","41068986","chr17","42328405","42328698","2","1259712"
"chr5","41077829","41078127","chr17","42319260","42319568","14","1241431"
"chr5","41078128","41078428","chr17","42318959","42319259","5","1240831"
"chr5","41080873","41081167","chr17","42316224","42316517","4","1235351"
"chr5","41094452","41094767","chr17","42302652","42302965","7","1208200"
"chr5","41116364","41116537","chr16","81031729","81031902","22","39915365"
"chr5","41143506","41143793","chr17","42260918","42261207","6","1117412"
"chr5","41154720","41155007","chr18","8731718","8732008","43","32423002"
"chr5","41155260","41155565","chr17","42249110","42249415","2","1093850"
"chr5","41162509","41162807","chr17","42241446","42241742","10","1078937"
"chr5","41171760","41172071","chr17","42232232","42232548","13","1060472"
"chr5","41175088","41175315","chr1","51373732","51373960","27","10198644"
"chr5","41190983","41191274","chr17","42216691","42216978","10","1025708"
"chr5","41194785","41195085","chr17","42213545","42213827","22","1018760"
"chr5","41204617","41204916","chr17","42203627","42203926","4","999010"
"chr5","41205303","41205599","chr17","42202944","42203240","10","997641"
"chr5","41213045","41213355","chr17","42195297","42195606","9","982252"
"chr5","41223304","41223591","chr12","49905271","49905544","52","8681967"
"chr5","41223630","41223648","chr1","205550972","205550991","3","164327342"
"chr5","41227062","41227369","chr17","42182356","42182640","28","955294"
"chr5","41240149","41240439","chr17","42169077","42169379","13","928928"
"chr5","41247333","41247577","chr2","53957959","53958206","42","12710626"
"chr5","41263803","41264056","chr17","42145513","42145766","1","881710"
"chr5","41265890","41266175","chr17","42143355","42143640","2","877465"
"chr5","41286270","41286566","chr5","149864244","149864531","12","108577974"
"chr5","41286568","41286818","chr17","42123466","42123725","10","836898"
"chr5","41293531","41293845","chr17","3632972","3633280","60","37660559"
"chr5","41307382","41307670","chr17","42102801","42103087","3","795419"
"chr5","41319869","41320173","chr17","42090278","42090584","6","770409"
"chr5","41353254","41353565","chr17","42059610","42059921","7","706356"
"chr5","41380218","41380326","chr1","23225727","23225836","9","18154491"
"chr5","41388211","41388512","chr17","42024491","42024791","5","636280"
"chr5","41407150","41407288","chr17","42006180","42006318","4","599030"
"chr5","41407541","41407731","chr17","42005738","42005931","6","598197"
"chr5","41409208","41409513","chr17","42003951","42004257","7","594743"
"chr5","41416342","41416656","chr17","41996520","41996810","26","580178"
"chr5","41426829","41427112","chr17","41986080","41986363","10","559251"
"chr5","41428058","41428363","chr17","41984824","41985127","14","556766"
"chr5","41433606","41433785","chr15","74427436","74427615","33","32993830"
"chr5","41454637","41454945","chr18","13637584","13637888","31","27817053"
"chr5","41462443","41462754","chr17","41950698","41951009","9","488255"
"chr5","41462777","41463064","chr17","41950386","41950675","8","487609"
"chr5","41466317","41466327","chr17","41947148","41947158","0","480831"
"chr5","41466632","41466812","chr17","41946665","41946845","1","480033"
"chr5","41467590","41467882","chr17","41945617","41945909","5","478027"
"chr5","41481815","41482125","chr17","41934031","41934340","11","452216"
"chr5","41484308","41484589","chr17","41931555","41931836","7","447247"
"chr5","41487976","41488276","chr12","122723636","122723932","56","81235660"
"chr5","41516818","41517115","chr17","41898993","41899290","7","382175"
"chr5","41530886","41531179","chr17","41884874","41885179","16","353988"
"chr5","41532161","41532476","chr17","41883573","41883887","23","351412"
"chr5","41553345","41553647","chr17","41863184","41863495","13","309839"
"chr5","41560577","41560856","chr17","41856010","41856289","7","295433"
"chr5","41560897","41561202","chr17","41855675","41855975","21","294778"
"chr5","41561207","41561495","chr17","41855382","41855670","5","294175"
"chr5","41570069","41570334","chr17","41846565","41846830","4","276496"
"chr5","41583251","41583553","chr6","148883850","148884150","33","107300599"
"chr5","41590712","41591016","chr17","41828332","41828636","1","237620"
"chr5","41592323","41592628","chr2","158826510","158826814","40","117234187"
"chr5","41595828","41596122","chr17","41823981","41824273","5","228153"
"chr5","41616801","41617085","chr17","41802278","41802552","14","185477"
"chr5","41621052","41621192","chr17","41798167","41798307","0","177115"
"chr5","41621496","41621664","chr17","41797696","41797862","7","176200"
"chr5","41623392","41623693","chr17","41795639","41795940","7","172247"
"chr5","41626704","41627012","chr17","41792323","41792629","6","165619"
"chr5","41638645","41638958","chr17","41780412","41780726","9","141767"
"chr5","41656934","41657227","chr9","84312543","84312838","48","42655609"
"chr5","41658835","41659085","chr17","41759932","41760182","3","101097"
"chr5","41662405","41662701","chr17","41756318","41756614","4","93913"
"chr5","41669183","41669475","chr17","41748571","41748865","9","79388"
"chr5","41670067","41670272","chr17","41747773","41747979","5","77706"
"chr5","41670567","41670673","chr17","41747372","41747478","1","76805"
"chr5","41674887","41675004","chr17","41743025","41743142","2","68138"
"chr5","41675316","41675511","chr17","41742517","41742712","4","67201"
"chr5","41678679","41678978","chr17","41739047","41739346","4","60368"
"chr5","41687695","41687994","chr17","41728939","41729239","11","41244"
"chr5","41695065","41695367","chr17","41721567","41721869","5","26502"
"chr5","41699424","41699725","chr17","41717212","41717514","11","17788"
"chr5","41711940","41712233","chr17","41704650","41704945","7","7290"
"chr5","41716067","41716347","chr17","41700520","41700829","31","15547"
"chr5","41721058","41721190","chr17","41697043","41697175","4","24015"
"chr5","41733069","41733356","chr17","41684933","41685220","9","48136"
"chr5","41734947","41735253","chr9","88319352","88319665","39","46584405"
"chr5","41736862","41737159","chr17","41681132","41681432","5","55730"
"chr5","41743466","41743774","chr12","120617070","120617378","40","78873604"
"chr5","41771948","41772211","chr14","73433170","73433430","40","31661222"
"chr5","41831253","41831510","chr12","2609842","2610100","48","39221411"
"chr5","41831769","41832020","chr4","40041577","40041821","44","1790192"
"chr5","41840809","41841109","chr17","18416218","18416511","13","23424591"
"chr5","41850196","41850419","chr17","68395306","68395528","40","26545110"
"chr5","41911571","41911866","chr17","41528711","41529006","5","382860"
"chr5","41913707","41914016","chr17","41526563","41526872","2","387144"
"chr5","42069388","42069693","chr17","41367422","41367728","3","701966"
"chr5","42121787","42122086","chr17","41317492","41317799","13","804295"
"chr5","42127841","42128120","chr17","41311451","41311730","10","816390"
"chr5","42146283","42146573","chr17","41293461","41293749","7","852822"
"chr5","42150011","42150144","chr17","41289889","41290022","1","860122"
"chr5","42150912","42151196","chr17","41288837","41289121","6","862075"
"chr5","42172147","42172441","chr5","172956656","172956952","37","130784509"
"chr5","42202955","42203219","chr17_JH159148v1_alt","70307","70571","6","42132648"
"chr5","42275157","42275457","chr17","57829828","57830125","34","15554671"
"chr5","42304863","42305165","chr17","41158125","41158427","2","1146738"
"chr5","42314870","42315148","chr17","41148293","41148571","6","1166577"
"chr5","42338166","42338455","chr17","41125845","41126134","3","1212321"
"chr5","42407222","42407508","chr17","41058003","41058288","2","1349219"
"chr5","42479126","42479405","chr17","40988148","40988427","5","1490978"
"chr5","42569403","42569690","chr17","40898620","40898907","1","1670783"
"chr5","42589244","42589510","chr17","40878798","40879064","3","1710446"
"chr5","42611196","42611504","chr17","40856816","40857124","3","1754380"
"chr5","42631917","42632210","chr17","40836288","40836581","6","1795629"
"chr5","42670702","42671012","chr20","17721380","17721690","33","24949322"
"chr5","42680414","42680700","chr17","40787778","40788064","5","1892636"
"chr5","42681509","42681806","chr17","40786677","40786976","5","1894832"
"chr5","42682945","42683236","chr17","40785229","40785520","10","1897716"
"chr5","42686796","42687086","chr17","40781439","40781727","7","1905357"
"chr5","42699646","42699941","chr17","40769161","40769456","9","1930485"
"chr5","42745436","42745738","chr17","40723347","40723646","7","2022089"
"chr5","42753959","42754267","chr11","94299272","94299579","41","51545313"
"chr5","42768803","42769093","chr17","40702031","40702340","24","2066772"
"chr5","42790872","42791183","chr17","40679966","40680274","7","2110906"
"chr5","42877676","42877964","chr17","40593377","40593670","9","2284299"
"chr5","42879169","42879477","chr2","48268226","48268528","35","5389057"
"chr5","42948819","42949131","chr4","175820489","175820798","35","132871670"
"chr5","42965456","42965755","chr17","40507716","40508014","6","2457740"
"chr5","42967241","42967539","chr17","40505924","40506225","13","2461317"
"chr5","42975863","42976171","chr17","40497323","40497634","9","2478540"
"chr5","42990786","42990948","chr17","40482631","40482794","3","2508155"
"chr5","42991000","42991122","chr17","40482462","40482585","4","2508538"
"chr5","43002615","43002915","chr17","40470670","40470967","10","2531945"
"chr5","43004476","43004773","chr17","40468797","40469102","14","2535679"
"chr5","43035342","43035629","chrX","107670649","107670933","40","64635307"
"chr5","43051031","43051343","chr17","40423809","40424091","32","2627222"
"chr5","43052709","43052991","chr17","40422143","40422424","7","2630566"
"chr5","43060870","43061062","chr17","40413727","40413919","2","2647143"
"chr5","43064681","43064992","chr17","40409798","40410108","3","2654883"
"chr5","43076392","43076543","chr1","16220526","16220675","20","26855866"
"chr5","43076859","43076991","chr9","128282900","128283032","13","85206041"
"chr5","43077017","43077258","chr8","40039709","40039950","34","3037308"
"chr5","43078619","43078910","chr17","40395614","40395906","9","2683005"
"chr5","43079893","43080189","chr17","40394336","40394632","2","2685557"
"chr5","43080459","43080740","chr17","40393813","40394087","11","2686646"
"chr5","43083584","43083878","chr1","21940800","21941098","33","21142784"
"chr5","43088367","43088665","chr17","40385842","40386141","6","2702525"
"chr5","43096550","43096843","chr17","40382015","40382310","5","2714535"
"chr5","43097335","43097625","chr17","40381233","40381526","8","2716102"
"chr5","43098867","43098999","chr17","40379846","40379978","2","2719021"
"chr5","43100761","43101067","chr2","158826510","158826814","36","115725749"
"chr5","43109156","43109434","chrX","53998172","53998454","36","10889016"
"chr5","43112983","43113294","chr17","40365494","40365806","9","2747489"
"chr5","43173366","43173659","chr17","40305026","40305323","8","2868340"
"chr5","43201183","43201431","chr14","49959680","49959927","29","6758497"
"chr5","43212959","43213248","chr17","40270986","40271275","6","2941973"
"chr5","43220368","43220644","chr17","40263562","40263839","9","2956806"
"chr5","43223674","43223980","chr2","158826510","158826814","34","115602836"
"chr5","43229871","43230167","chr17","40254020","40254316","4","2975851"
"chr5","43231530","43231821","chr17","40252382","40252673","11","2979148"
"chr5","43236359","43236656","chr17","40247519","40247819","11","2988840"
"chr5","43236657","43236950","chr17","40247208","40247518","20","2989449"
"chr5","43237772","43238061","chr17","40246094","40246385","5","2991678"
"chr5","43243803","43244100","chr17","40240064","40240359","7","3003739"
"chr5","43246486","43246794","chr17","40237235","40237541","6","3009251"
"chr5","43251409","43251534","chr10","18602534","18602669","20","24648875"
"chr5","43251535","43251836","chr17","40232180","40232491","15","3019355"
"chr5","43251837","43252025","chr9","98115071","98115256","37","54863234"
"chr5","43254605","43254905","chr17","40229422","40229721","10","3025183"
"chr5","43256129","43256430","chr2","158826510","158826814","41","115570381"
"chr5","43268191","43268488","chr17","40214718","40215015","4","3053473"
"chr5","43281751","43282046","chr17","40202334","40202633","13","3079417"
"chr5","43287437","43287707","chr17","40196811","40197075","11","3090626"
"chr5","43296306","43296612","chr17","40187913","40188214","10","3108393"
"chr5","43298231","43298398","chr17","40185814","40185979","5","3112417"
"chr5","43298659","43298799","chr17","40185398","40185548","13","3113261"
"chr5","43301892","43302194","chr17","40182311","40182613","4","3119581"
"chr5","43308688","43308979","chr17","40175536","40175827","9","3133152"
"chr5","43317304","43317440","chr17","40165223","40165359","2","3152081"
"chr5","43317746","43317907","chr17","40164751","40164922","10","3152995"
"chr5","43319234","43319536","chr2","27419164","27419467","50","15900070"
"chr5","43322644","43322941","chr17","40159712","40160015","15","3162932"
"chr5","43322944","43323268","chrX","364572","364895","78","42958372"
"chr5","43336643","43336769","chr17","40145798","40145924","2","3190845"
"chr5","43345746","43346053","chr17","40137010","40137318","5","3208736"
"chr5","43354378","43354681","chr17","40128367","40128679","10","3226011"
"chr5","43365643","43365935","chr17","40117835","40118127","8","3247808"
"chr5","43374033","43374325","chr17","40109256","40109555","9","3264777"
"chr5","43395278","43395577","chr17","40087761","40088060","3","3307517"
"chr5","43397766","43398056","chr17","40085340","40085630","5","3312426"
"chr5","43433315","43433618","chr17","40049868","40050176","5","3383447"
"chr5","43437718","43438050","chr17","40045167","40045473","27","3392551"
"chr5","43453866","43454152","chr17","40029207","40029493","5","3424659"
"chr5","43473476","43473771","chr17","40009705","40010004","10","3463771"
"chr5","43476943","43477247","chr17","40006231","40006534","5","3470712"
"chr5","43481355","43481612","chr12","93568458","93568715","35","50087103"
"chr5","43505909","43506222","chr17","39977283","39977591","18","3528626"
"chr5","43524624","43524932","chr17","39958584","39958892","7","3566040"
"chr5","43528631","43528928","chr17","39954627","39954930","14","3574004"
"chr5","43546442","43546752","chr17","39936840","39937151","11","3609602"
"chr5","43551655","43551964","chr17","39931647","39931948","14","3620008"
"chr5","43568327","43568462","chr17","39915136","39915271","3","3653191"
"chr5","43569975","43570253","chr17","39913346","39913624","6","3656629"
"chr5","43570449","43570765","chr17","39912824","39913140","8","3657625"
"chr5","43575848","43576147","chr10","6253760","6254048","43","37322088"
"chr5","43582087","43582381","chr17","39901165","39901463","9","3680922"
"chr5","43586094","43586414","chr17","39896995","39897315","4","3689099"
"chr5","43592365","43592655","chr3","138878708","138879002","39","95286343"
"chr5","43607269","43607589","chr17","39875884","39876218","20","3731385"
"chr5","43607592","43607877","chr17","39875594","39875881","6","3731998"
"chr5","43609179","43609490","chr17","39873982","39874292","16","3735197"
"chr5","43634159","43634380","chr2","65025285","65025505","31","21391126"
"chr5","43656264","43656562","chr17","39826994","39827296","5","3829270"
"chr5","43680424","43680732","chr17","39804157","39804465","25","3876267"
"chr5","43687176","43687225","chr2","47229662","47229702","19","3542486"
"chr5","43687282","43687588","chr17","39795400","39795706","1","3891882"
"chr5","43718875","43719183","chr17","39763842","39764154","8","3955033"
"chr5","43729174","43729441","chr17","39753443","39753698","15","3975731"
"chr5","43734303","43734604","chr17","39748575","39748876","6","3985728"
"chr5","43766749","43766899","chr17","39718518","39718668","4","4048231"
"chr5","43771634","43771943","chr17","39713469","39713772","13","4058165"
"chr5","43773937","43774226","chr17","39711200","39711491","3","4062737"
"chr5","43827601","43827898","chr17","39657244","39657541","6","4170357"
"chr5","43839437","43839540","chr6","43135806","43135906","16","703631"
"chr5","43850052","43850362","chr17","39634914","39635252","32","4215138"
"chr5","43868805","43869087","chr17","39616218","39616501","4","4252587"
"chr5","43869913","43870218","chr17","39615087","39615392","4","4254826"
"chr5","43914735","43915020","chr17","39587358","39587641","8","4327377"
"chr5","43915417","43915731","chr17","39586633","39586947","4","4328784"
"chr5","43917791","43918122","chr17","39584243","39584567","15","4333548"
"chr5","43924036","43924336","chr17","39560732","39561032","6","4363304"
"chr5","43932025","43932311","chr17","39552725","39553011","1","4379300"
"chr5","43934076","43934274","chr17","39550747","39550945","9","4383329"
"chr5","43955991","43956294","chr17","39528331","39528634","2","4427660"
"chr5","43965073","43965342","chr17","39519332","39519574","31","4445741"
"chr5","43977483","43977813","chr2","201351662","201352000","47","157374179"
"chr5","43978163","43978473","chr17","39506213","39506515","12","4471950"
"chr5","43983673","43983980","chr17","39500733","39501035","11","4482940"
"chr5","43985203","43985516","chr17","40856816","40857124","40","3128387"
"chr5","43985875","43986184","chr17","39498213","39498522","13","4487662"
"chr5","43990763","43991079","chr17","39493303","39493624","11","4497460"
"chr5","43991082","43991387","chr17","39492986","39493302","17","4498096"
"chr5","43994034","43994332","chr17","39490086","39490384","4","4503948"
"chr5","43994932","43995062","chr17","39489370","39489500","3","4505562"
"chr5","43995350","43995490","chr17","39488939","39489079","2","4506411"
"chr5","43996515","43996823","chr16","48354197","48354507","51","4357682"
"chr5","44001224","44001527","chr17","39482910","39483208","9","4518314"
"chr5","44009322","44009626","chr17","39474830","39475134","1","4534492"
"chr5","44012180","44012485","chr17","39471973","39472283","9","4540207"
"chr5","44025349","44025481","chr17","39458907","39459039","2","4566442"
"chr5","44025779","44026086","chr17","39458259","39458568","5","4567520"
"chr5","44026087","44026283","chr17","39458042","39458258","27","4568045"
"chr5","44029820","44030102","chr17","39454230","39454512","6","4575590"
"chr5","44044485","44044772","chr17","39439661","39439961","20","4604824"
"chr5","44054070","44054357","chr17","39430104","39430391","5","4623966"
"chr5","44058000","44058290","chr17","39426178","39426476","11","4631822"
"chr5","44061692","44061983","chr1","153831933","153832227","32","109770241"
"chr5","44070748","44071041","chr17","39413269","39413560","9","4657479"
"chr5","44072776","44073074","chr17","39411339","39411637","3","4661437"
"chr5","44080997","44081246","chr17","39403170","39403423","14","4677827"
"chr5","44089345","44089640","chr17","39394557","39394858","18","4694788"
"chr5","44098286","44098571","chr17","39386347","39386629","5","4711939"
"chr5","44120850","44121144","chr3","183977758","183978052","40","139856908"
"chr5","44122091","44122384","chr17","39362622","39362917","9","4759469"
"chr5","44127193","44127473","chr17","39358401","39358710","33","4768792"
"chr5","44132747","44133023","chr17","39352401","39352723","50","4780346"
"chr5","44136573","44136649","chr5","60954665","60954743","10","16818092"
"chr5","44145095","44145229","chr17","39340394","39340525","4","4804701"
"chr5","44145518","44145682","chr17","39339945","39340102","9","4805573"
"chr5","44146483","44146763","chr17","39338899","39339186","41","4807584"
"chr5","44156915","44157218","chr17","39326883","39327185","6","4830032"
"chr5","44163240","44163540","chr17","44364554","44364847","54","201314"
"chr5","44168998","44169302","chr17","39314791","39315095","5","4854207"
"chr5","44169433","44169740","chr17","39314352","39314660","17","4855081"
"chr5","44173105","44173415","chr17","39310704","39311013","7","4862401"
"chr5","44184003","44184303","chr17","39299816","39300116","8","4884187"
"chr5","44186088","44186380","chr17","39297744","39298035","4","4888344"
"chr5","44188536","44188816","chr17","39295275","39295553","5","4893261"
"chr5","44192359","44192665","chr17","39291427","39291734","3","4900932"
"chr5","44195823","44196126","chr17","39287969","39288267","12","4907854"
"chr5","44204927","44205215","chr17","39278872","39279164","12","4926055"
"chr5","44205243","44205544","chr17","39278549","39278844","8","4926694"
"chr5","44213569","44213864","chr17","39270266","39270561","1","4943303"
"chr5","44298615","44298913","chr20","18016462","18016758","51","26282153"
"chr5","44300137","44300222","chr17","39261930","39262015","2","5038207"
"chr5","44318609","44318912","chr17","39242761","39243059","9","5075848"
"chr5","44320222","44320516","chr17","39241158","39241458","9","5079064"
"chr5","44337233","44337534","chr17","39146067","39146370","9","5191166"
"chr5","44345985","44346281","chr17","39137281","39137577","6","5208704"
"chr5","44351890","44352197","chr17","39131342","39131650","6","5220548"
"chr5","44352678","44352983","chr17","39130556","39130861","4","5222122"
"chr5","44361412","44361695","chr17","39122121","39122406","9","5239291"
"chr5","44362671","44363044","chr4","139095763","139096126","94","94733092"
"chr5","44391862","44392153","chr17","39091687","39091982","10","5300175"
"chr5","44394868","44395180","chr17","39088660","39088972","9","5306208"
"chr5","44406680","44406813","chr17","39077033","39077167","4","5329647"
"chr5","44418295","44418428","chr17","39077033","39077167","4","5341262"
"chr5","44424675","44424982","chr17","39062251","39062559","6","5362424"
"chr5","44428010","44428144","chr17","39059384","39059518","2","5368626"
"chr5","44433045","44433337","chrX","135394238","135394528","47","90961193"
"chr5","44471634","44471926","chr17","39015870","39016163","7","5455764"
"chr5","44474359","44474693","chr17","39013136","39013438","36","5461223"
"chr5","44482907","44483198","chr17","39004933","39005226","6","5477974"
"chr5","44484070","44484381","chr17","39003756","39004066","6","5480314"
"chr5","44494234","44494545","chr17","38993622","38993932","8","5500612"
"chr5","44502806","44503115","chr17","38985186","38985495","2","5517620"
"chr5","44505572","44505881","chr17","38982420","38982729","4","5523152"
"chr5","44508333","44508639","chr17","38979693","38979999","6","5528640"
"chr5","44509494","44509789","chr17","38978549","38978846","24","5530945"
"chr5","44513148","44513443","chr17","38974723","38975018","10","5538425"
"chr5","44514092","44514373","chr17","38973794","38974078","6","5540298"
"chr5","44514438","44514750","chr17","38973421","38973733","4","5541017"
"chr5","44519064","44519288","chr1","45494675","45494897","53","975611"
"chr5","44528529","44528836","chr17","38959301","38959608","3","5569228"
"chr5","44542931","44543210","chr2","39239808","39240097","40","5303123"
"chr5","44547468","44547765","chr15","51949418","51949716","29","7401950"
"chr5","44549728","44549857","chr1","113861546","113861677","12","69311818"
"chr5","44561872","44562077","chr12","110454432","110454645","31","65892560"
"chr5","44574069","44574339","chr17","38917887","38918156","6","5656182"
"chr5","44575652","44575953","chr17","38916278","38916572","14","5659374"
"chr5","44597165","44597473","chr2","46064000","46064308","47","1466835"
"chr5","44603594","44603887","chr2","73340249","73340544","38","28736655"
"chr5","44612704","44613026","chr17","38879146","38879456","13","5733558"
"chr5","44615500","44615786","chr17","38876377","38876662","3","5739123"
"chr5","44627774","44628066","chr17","38862935","38863226","4","5764839"
"chr5","44646306","44646593","chr2","158902433","158902715","59","114256127"
"chr5","44646629","44646764","chr17","38844293","38844431","8","5802336"
"chr5","44647614","44647746","chr17","38843302","38843434","2","5804312"
"chr5","44651645","44651755","chr18","74555710","74555818","16","29904065"
"chr5","44654155","44654439","chr17","38837897","38838181","3","5816258"
"chr5","44655444","44655758","chr17","38836579","38836894","4","5818865"
"chr5","44663911","44664214","chr17","38828513","38828816","6","5835398"
"chr5","44671113","44671418","chr17","38821279","38821584","7","5849834"
"chr5","44672727","44673023","chr17","38819675","38819970","3","5853052"
"chr5","44674706","44674882","chr17","38817814","38817993","7","5856892"
"chr5","44675190","44675327","chr17","38817369","38817506","1","5857821"
"chr5","44677128","44677418","chr16","57696913","57697212","40","13019785"
"chr5","44679294","44679378","chr14","47874408","47874489","20","3195114"
"chr5","44679404","44679528","chr6","18398574","18398693","16","26280830"
"chr5","44699526","44699819","chr17","38792934","38793228","5","5906592"
"chr5","44721984","44722274","chr17","38772590","38772880","2","5949394"
"chr5","44737471","44737765","chr17","38757238","38757532","1","5980233"
"chr5","44744401","44744704","chr17","38753480","38753778","11","5990921"
"chr5","44753517","44753826","chr17","38744344","38744653","7","6009173"
"chr5","44774711","44775014","chr2","241963580","241963890","57","197188869"
"chr5","44802622","44802917","chr3","183977758","183978052","37","139175136"
"chr5","44805040","44805346","chr17","38692900","38693206","9","6112140"
"chr5","44807985","44808292","chr17","38686961","38687261","32","6121024"
"chr5","44811068","44811374","chr17","38692900","38693206","9","6118168"
"chr5","44815032","44815339","chr17","38686961","38687261","32","6128071"
"chr5","44835688","44835972","chr17","38666956","38667240","1","6168732"
"chr5","44836915","44837196","chr17","38665776","38666060","20","6171139"
"chr5","44840092","44840387","chrX","31550899","31551197","41","13289193"
"chr5","44847536","44847733","chr17","47250208","47250402","36","2402672"
"chr5","44847760","44847889","chr7","42094325","42094453","14","2753435"
"chr5","44853284","44853591","chr17","38649698","38650003","8","6203586"
"chr5","44860169","44860458","chr17","38643774","38644051","17","6216395"
"chr5","44867397","44867690","chr17","38636534","38636831","9","6230863"
"chr5","44870784","44871094","chr19","1185240","1185544","12","43685544"
"chr5","44871900","44872199","chr17","38633240","38633539","5","6238660"
"chr5","44872552","44872788","chr2","151275043","151275282","35","106402491"
"chr5","44886332","44886468","chr17","38628920","38629056","4","6257412"
"chr5","44888503","44888833","chr8","100578685","100579021","54","55690182"
"chr5","44889910","44890201","chr17","38625166","38625465","12","6264744"
"chr5","44895343","44895645","chr17_KI270857v1_alt","2656497","2656800","1","42238846"
"chr5","44897442","44897732","chr12","51230038","51230339","46","6332596"
"chr5","44903540","44903811","chr4","126946292","126946569","43","82042752"
"chr5","44975725","44976012","chr17_KI270857v1_alt","2575052","2575344","10","42400673"
"chr5","44978563","44978862","chr17","38536908","38537207","6","6441655"
"chr5","44991417","44991645","chr8","80420199","80420427","34","35428782"
"chr5","44992842","44993159","chr17","38523503","38523828","17","6469339"
"chr5","44998103","44998316","chr6","85670907","85671118","31","40672804"
"chr5","45000318","45000532","chr3","134383983","134384198","31","89383665"
"chr5","45001345","45001559","chr3","134383983","134384198","29","89382638"
"chr5","45014463","45014747","chr17","38506993","38507276","6","6507470"
"chr5","45024778","45025074","chr16","32001009","32001285","25","13023769"
"chr5","45056717","45057030","chr17_KI270857v1_alt","2508246","2508560","13","42548471"
"chr5","45058715","45058929","chrX","19189550","19189763","27","25869165"
"chr5","45083299","45083593","chr17","38447161","38447467","18","6636138"
"chr5","45090452","45090737","chr17","38440033","38440316","8","6650419"
"chr5","45108050","45108359","chr17","38427181","38427491","10","6680869"
"chr5","45111870","45112182","chr17_KI270857v1_alt","2458673","2458985","9","42653197"
"chr5","45146715","45146977","chr17","75826297","75826555","55","30679582"
"chr5","45156275","45156391","chr17_KI270857v1_alt","2406522","2406638","1","42749753"
"chr5","45156684","45156874","chr17","38371104","38371277","17","6785580"
"chr5","45160291","45160598","chr17","38367366","38367673","2","6792925"
"chr5","45177220","45177511","chr17","38341837","38342128","6","6835383"
"chr5","45186437","45186733","chr12","64113126","64113422","47","18926689"
"chr5","45202573","45202739","chr17","38316528","38316694","2","6886045"
"chr5","45210542","45210843","chr17","38308431","38308739","12","6902111"
"chr5","45213404","45213705","chr17_KI270857v1_alt","2340679","2340973","17","42872725"
"chr5","45260131","45260262","chr14","58376331","58376460","19","13116200"
"chr5","45288658","45288887","chr17","61707850","61708088","69","16419192"
"chr5","45361289","45361553","chr17","62224043","62224308","7","16862754"
"chr5","45378399","45378522","chr1","39066847","39066972","14","6311552"
"chr5","45436255","45436545","chr17","37914946","37915239","7","7521309"
"chr5","45456729","45457016","chr17","37899232","37899519","3","7557497"
"chr5","45457718","45457994","chr17_KI270857v1_alt","2136869","2137116","30","43320849"
"chr5","45460059","45460361","chr3","88019547","88019843","44","42559488"
"chr5","45473658","45473964","chr17","37881942","37882248","8","7591716"
"chr5","45488976","45489282","chr17","37870356","37870652","15","7618620"
"chr5","45498851","45499146","chr19","46422011","46422306","8","923160"
"chr5","45510142","45510387","chr19","54303896","54304143","33","8793754"
"chr5","45616792","45617086","chr17","37756525","37756817","4","7860267"
"chr5","45657851","45658163","chr17","37715850","37716162","5","7942001"
"chr5","45664484","45664803","chr3","184138345","184138654","50","138473861"
"chr5","45698127","45698448","chr17_KI270857v1_alt","1914690","1915010","4","43783437"
"chr5","45721413","45721719","chr17","37652295","37652606","12","8069118"
"chr5","45734970","45735275","chr17_KI270857v1_alt","1877857","1878165","5","43857113"
"chr5","45753651","45753880","chr17","37619102","37619331","3","8134549"
"chr5","45765224","45765506","chr17","37607508","37607790","1","8157716"
"chr5","45776920","45777215","chr17","37595757","37596054","3","8181163"
"chr5","45779489","45779781","chr17","37593132","37593420","11","8186357"
"chr5","45782761","45783066","chr3","124146596","124146904","45","78363835"
"chr5","45784388","45784691","chr17_KI270857v1_alt","1827429","1827734","7","43956959"
"chr5","45788959","45789256","chr17","37583691","37583994","16","8205268"
"chr5","45804732","45805027","chr6","138683931","138684228","46","92879199"
"chr5","45831027","45831324","chr17","37540628","37540933","11","8290399"
"chr5","45862260","45862551","chr17_KI270857v1_alt","1748497","1748788","2","44113763"
"chr5","45863045","45863329","chr17","37508453","37508735","10","8354592"
"chr5","45874344","45874630","chr17","37497154","37497440","7","8377190"
"chr5","45874840","45875014","chr17","37496767","37496944","4","8378073"
"chr5","45875307","45875456","chr17","37496324","37496473","4","8378983"
"chr5","45886997","45887290","chr17","37484535","37484829","5","8402462"
"chr5","45889156","45889461","chr17","37482355","37482663","8","8406801"
"chr5","45890551","45890831","chr17","37480984","37481265","3","8409567"
"chr5","45910205","45910503","chr9","121968866","121969169","51","76058661"
"chr5","45914566","45914864","chr17","37459275","37459582","12","8455291"
"chr5","45916641","45916939","chr17","37457174","37457480","12","8459467"
"chr5","45918000","45918196","chr1","11851710","11851906","26","34066290"
"chr5","45921714","45922004","chr17","37452122","37452411","57","8469592"
"chr5","45928565","45928864","chr17","37445263","37445565","8","8483302"
"chr5","45933015","45933314","chr20","31978854","31979149","40","13954161"
"chr5","45936421","45936714","chr12","110191889","110192185","36","64255468"
"chr5","45937436","45937737","chr17","37436357","37436658","2","8501079"
"chr5","45940136","45940429","chr17","37433671","37433966","6","8506465"
"chr5","45946080","45946376","chr17","37427698","37427992","6","8518382"
"chr5","45959061","45959329","chr17","37407659","37407888","42","8551402"
"chr5","45968057","45968348","chr17_KI270857v1_alt","1637746","1638037","2","44330311"
"chr5","45970083","45970379","chr17_KI270857v1_alt","1635709","1636005","4","44334374"
"chr5","45982234","45982535","chr17","37387445","37387745","5","8594789"
"chr5","45984502","45984810","chr9","127502404","127502712","33","81517902"
"chr5","45988044","45988334","chr17","37374914","37375204","1","8613130"
"chr5","45989701","45989989","chr17","37373257","37373545","5","8616444"
"chr5","45998005","45998296","chr17_KI270857v1_alt","1600987","1601264","17","44397018"
"chr5","46009604","46009912","chr17","37353359","37353665","3","8656245"
"chr5","46018685","46018995","chr17","37344276","37344586","4","8674409"
"chr5","46020796","46021099","chr5","78024562","78024862","41","32003766"
"chr5","46033803","46034099","chr17","37329358","37329657","6","8704445"
"chr5","46058216","46058464","chr17","37308657","37308905","3","8749559"
"chr5","46060110","46060404","chr17","37306702","37306997","8","8753408"
"chr5","46086840","46087149","chr2","9837001","9837306","43","36249839"
"chr5","46100528","46100830","chr1","200750902","200751201","37","154650374"
"chr5","46108424","46108724","chr17","37259881","37260181","7","8848543"
"chr5","46131795","46132089","chr17","37236543","37236860","29","8895252"
"chr5","46178194","46178502","chr17","37190147","37190453","8","8988047"
"chr5","46210932","46211233","chr2","24540461","24540758","44","21670471"
"chr5","46213954","46214245","chr17","37154496","37154796","15","9059458"
"chr5","46218161","46218453","chr17","37150260","37150552","5","9067901"
"chr5","46251858","46252170","chr15","44462701","44463004","59","1789157"
"chr5","46278314","46278591","chr2","235700518","235700799","7","189422204"
"chr5","46292399","46292694","chr17","37080893","37081183","12","9211506"
"chr5","46296375","46296677","chr17","37076902","37077203","9","9219473"
"chr5","46299856","46300140","chr17","37073437","37073723","7","9226419"
"chr5","46301360","46301664","chr6","28108090","28108395","43","18193270"
"chr5","46314671","46314961","chr17","37058680","37058980","13","9255991"
"chr5","46345433","46345735","chr22","17306193","17306495","48","29039240"
"chr5","46349271","46349564","chr17","37024677","37024969","5","9324594"
"chr5","46361529","46361825","chr17","37012061","37012352","11","9349468"
"chr5","46380600","46380902","chr17","36983347","36983648","5","9397253"
"chr5","46390106","46390411","chr17","36973789","36974096","13","9416317"
"chr5","46407151","46407460","chr12","121178510","121178813","47","74771359"
"chr5","46479736","46480036","chr17","36884066","36884366","3","9595670"
"chr5","46513895","46514203","chr17","36854289","36854588","14","9659606"
"chr5","46518400","46518709","chr17","36848799","36849106","5","9669601"
"chr5","46547173","46547444","chr2","233052550","233052820","54","186505377"
"chr5","46570337","46570643","chr17_KI270857v1_alt","1033127","1033423","17","45537210"
"chr5","46589915","46590045","chr17","36777073","36777209","10","9812842"
"chr5","46596822","46597108","chr17_KI270857v1_alt","1006277","1006568","12","45590545"
"chr5","46602277","46602557","chr17","36764571","36764851","4","9837706"
"chr5","46609961","46610263","chr17_KI270857v1_alt","993283","993582","4","45616678"
"chr5","46611784","46612096","chr17","36756085","36756397","7","9855699"
"chr5","46612918","46613227","chr17","36754961","36755271","12","9857957"
"chr5","46629847","46630154","chr1","8130637","8130940","45","38499210"
"chr5","46633759","46634036","chr17","36734022","36734299","7","9899737"
"chr5","46662857","46663135","chr17","36708485","36708763","2","9954372"
"chr5","46682868","46683180","chr17_KI270857v1_alt","923883","924193","7","45758985"
"chr5","46697821","46698161","chr17_KI270857v1_alt","908919","909230","34","45788902"
"chr5","46772001","46772300","chr17","36627675","36627975","11","10144326"
"chr5","46780298","46780598","chr17","36619386","36619682","6","10160912"
"chr5","46793391","46793693","chr11","108212243","108212542","15","61418852"
"chr5","46806161","46806423","chr17","36594425","36594714","31","10211736"
"chr5","46806459","46806470","chr3","69016246","69016256","1","22209787"
"chr5","46819969","46820265","chr4","48437868","48438165","43","1617899"
"chr5","46828187","46828463","chr17","36573112","36573388","5","10255075"
"chr5","46863082","46863372","chr1","148914346","148914635","36","102051264"
"chr5","46883748","46884061","chr17","36518190","36518518","21","10365558"
"chr5","46889770","46889947","chr1","201682137","201682308","27","154792367"
"chr5","46889987","46890111","chr6","15024384","15024505","20","31865603"
"chr5","46904821","46905105","chr17","36497049","36497334","6","10407772"
"chr5","46917705","46918015","chrX","9436470","9436770","55","37481235"
"chr5","46921541","46921681","chr17","36480492","36480632","0","10441049"
"chr5","46939447","46939735","chrX","153732886","153733171","32","106793439"
"chr5","46966831","46966954","chr1","39066847","39066972","14","7899984"
"chr5","47011142","47011432","chr17","36403922","36404215","6","10607220"
"chr5","47031950","47032255","chr3","45866866","45867171","49","1165084"
"chr5","47032637","47032760","chr1","39066847","39066972","14","7965790"
"chr5","47037662","47037911","chr17","36356567","36356813","10","10681095"
"chr5","47045647","47045861","chr6","13142186","13142403","27","33903461"
"chr5","47049588","47049699","chr1","52737071","52737179","20","5687483"
"chr5","47088574","47088697","chr1","39066847","39066972","14","8021727"
"chr5","47106260","47106371","chr1","52737071","52737179","20","5630811"
"chr5","47122924","47123217","chr17","36203009","36203332","32","10919915"
"chr5","47134230","47134539","chr17_KI270909v1_alt","140012","140321","1","46994218"
"chr5","47158410","47158675","chr17","36138538","36138803","7","11019872"
"chr5","47162848","47163152","chr17","36130902","36131209","6","11031946"
"chr5","47197660","47197985","chr17","36096420","36096745","6","11101240"
"chr5","47259932","47260219","chr17_KI270857v1_alt","270513","270800","6","46989419"
"chr5","47280013","47280317","chr17","36015755","36016057","6","11264258"
"chr5","47348489","47348799","chr17","35948484","35948792","11","11400005"
"chr5","47350366","47350692","chr17","35946580","35946887","26","11403786"
"chr5","47361172","47361326","chr1","26550482","26550618","36","20810690"
"chr5","47361327","47361595","chr9","105462521","105462789","38","58101194"
"chr5","47361596","47361795","chr3","100576465","100576648","114","53214869"
"chr5","47369774","47370085","chr17","35927159","35927471","4","11442615"
"chr5","47404714","47404957","chr17","35891720","35891965","9","11512994"
"chr5","47408560","47408850","chr17","35887886","35888180","8","11520674"
"chr5","47409157","47409463","chr6","152352391","152352703","42","104943234"
"chr5","47424549","47424847","chr1","220152076","220152376","30","172727527"
"chr5","47444107","47444415","chr17","35852132","35852442","11","11591975"
"chr5","47463321","47463620","chr17","35832877","35833170","10","11630444"
"chr5","47491726","47491887","chr17","35804503","35804671","13","11687223"
"chr5","47492177","47492307","chr17","35804086","35804216","1","11688091"
"chr5","47495615","47495749","chr17","35800920","35801054","1","11694695"
"chr5","47502627","47502744","chr17","35790706","35790823","1","11711921"
"chr5","47503212","47503512","chr17","35793817","35794117","9","11709395"
"chr5","47506505","47506622","chr17","35790706","35790823","1","11715799"
"chr5","47507264","47507564","chr17","35793817","35794117","9","11713447"
"chr5","47510557","47510674","chr17","35790706","35790823","1","11719851"
"chr5","47512058","47512329","chr17","35790061","35790362","31","11721997"
"chr5","47514602","47514822","chr17","75137727","75137948","30","27623125"
"chr5","47517076","47517369","chr17","35790061","35790362","13","11727015"
"chr5","47519667","47519960","chr16","5324182","5324476","38","42195485"
"chr5","47536381","47536678","chr17","35768530","35768827","5","11767851"
"chr5","47543772","47544075","chr17","35761100","35761410","12","11782672"
"chr5","47546475","47546780","chr17","35758414","35758693","29","11788061"
"chr5","47549018","47549321","chr17","35756459","35756767","15","11792559"
"chr5","47551184","47551479","chr20","49790774","49791069","38","2239590"
"chr5","47598228","47598514","chr17","35707458","35707748","8","11890770"
"chr5","47608050","47608333","chr17","35697682","35697963","8","11910368"
"chr5","47611108","47611423","chr17","35694594","35694909","7","11916514"
"chr5","47617024","47617323","chr1","62243342","62243636","49","14626318"
"chr5","47622917","47623204","chr17","35682890","35683177","7","11940027"
"chr5","47623816","47624095","chr17","35681992","35682274","5","11941824"
"chr5","47653995","47654305","chr17","35649945","35650248","9","12004050"
"chr5","47655655","47655671","chr17","35648563","35648579","0","12007092"
"chr5","47655721","47656005","chr17","35648234","35648517","4","12007487"
"chr5","47657356","47657646","chr19","3391515","3391805","44","44265841"
"chr5","47659146","47659451","chr2","158826510","158826814","48","111167364"
"chr5","47671055","47671336","chr17","35633865","35634147","4","12037190"
"chr5","47682505","47682807","chr17","35622666","35622964","9","12059839"
"chr5","47688119","47688419","chr17","35617059","35617358","11","12071060"
"chr5","47705902","47706210","chr17","35600073","35600381","2","12105829"
"chr5","47706348","47706659","chr17","35599622","35599935","8","12106726"
"chr5","47713826","47714124","chr17","35592542","35592840","7","12121284"
"chr5","47732364","47732671","chr2","25299649","25299960","34","22432715"
"chr5","47734080","47734347","chr17","35572312","35572572","11","12161768"
"chr5","47735025","47735389","chr18","78907607","78907963","75","31172582"
"chr5","47745690","47746000","chr17","35539046","35539332","30","12206644"
"chr5","47752465","47752730","chr14","23169441","23169706","38","24583024"
"chr5","47761968","47762197","chr11","64447288","64447517","28","16685320"
"chr5","47770324","47770580","chr10","72492835","72493092","32","24722511"
"chr5","47779816","47780158","chr17","35542108","35542419","56","12237708"
"chr5","47786546","47786856","chr17","35539046","35539332","28","12247500"
"chr5","47789956","47790256","chr17","35535655","35535955","3","12254301"
"chr5","47852648","47852882","chr17","35473939","35474173","3","12378709"
"chr5","47861607","47861925","chr17","35464861","35465179","5","12396746"
"chr5","47874040","47874336","chr17","35452431","35452727","6","12421609"
"chr5","47926115","47926415","chr17","35400512","35400818","10","12525603"
"chr5","47937716","47938015","chr17","35385322","35385621","7","12552394"
"chr5","47982351","47982661","chr11","19825011","19825321","43","28157340"
"chr5","48060389","48060688","chr17","35263541","35263841","9","12796848"
"chr5","48079371","48079592","chr17","35244644","35244865","1","12834727"
"chr5","48103710","48104012","chr17","35220266","35220568","4","12883444"
"chr5","48116782","48117085","chr17","35207172","35207452","27","12909610"
"chr5","48147036","48147342","chr17","35172243","35172548","27","12974793"
"chr5","48174290","48174611","chr17","35142880","35143163","41","13031410"
"chr5","48178750","48179041","chr17","35138437","35138743","22","13040313"
"chr5","48182401","48182712","chr15","34468010","34468311","46","13714391"
"chr5","48193907","48194233","chr17","35123456","35123771","18","13070451"
"chr5","48198620","48198927","chr17","35118741","35119048","7","13079879"
"chr5","48205691","48205999","chr17","35103797","35104105","5","13101894"
"chr5","48212359","48212643","chr3","158687483","158687770","32","110475124"
"chr5","48218033","48218335","chr17","35091469","35091771","3","13126564"
"chr5","48225999","48226310","chr17","35083499","35083807","11","13142500"
"chr5","48230490","48230651","chr17","35079154","35079315","2","13151336"
"chr5","48230809","48231120","chr17","35078686","35078996","7","13152123"
"chr5","48235089","48235400","chr17","35078686","35078996","7","13156403"
"chr5","48235558","48235719","chr17","35079154","35079315","2","13156404"
"chr5","48239899","48240208","chr17","35083499","35083807","107","13156400"
"chr5","48243925","48244225","chr15","67390486","67390788","41","19146561"
"chr5","48244591","48244889","chr17","35071336","35071633","4","13173255"
"chr5","48245006","48245308","chr17","35070915","35071219","10","13174091"
"chr5","48274990","48275290","chr17","35041735","35042035","3","13233255"
"chr5","48286299","48286389","chr1","47359721","47359811","12","926578"
"chr5","48301834","48302128","chr17","35014966","35015266","11","13286868"
"chr5","48313472","48313787","chr17","35003304","35003614","14","13310168"
"chr5","48332024","48332320","chr17","34984775","34985071","17","13347249"
"chr5","48364357","48364658","chr17","34953671","34953977","12","13410686"
"chr5","48372420","48372706","chr5","94449797","94450086","34","46077377"
"chr5","48373139","48373437","chr17","34947700","34948000","8","13425439"
"chr5","48388072","48388365","chr17","34932789","34933081","6","13455283"
"chr5","48406850","48407157","chr17","34913999","34914290","30","13492851"
"chr5","48424026","48424326","chr17","34906787","34907087","8","13517239"
"chr5","48442299","48442576","chr17","34888521","34888798","2","13553778"
"chr5","48460372","48460674","chr17","34870508","34870805","7","13589864"
"chr5","48495205","48495507","chr17","34834593","34834893","7","13660612"
"chr5","48596445","48596737","chr17","34733773","34734065","5","13862672"
"chr5","48914184","48914478","chr17","34415643","34415937","8","14498541"
"chr5","48935654","48935952","chr17","34394272","34394570","7","14541382"
"chr5","48941323","48941616","chr4","168792757","168793049","50","119851434"
"chr5","48954689","48954999","chr17","34375292","34375604","8","14579397"
"chr5","48975068","48975341","chr17","34355064","34355331","11","14620004"
"chr5","49007091","49007388","chr17","34326467","34326768","6","14680624"
"chr5","49023764","49024050","chr17","34309887","34310166","11","14713877"
"chr5","49240237","49240514","chr17","34123800","34124100","25","15116437"
"chr5","49292527","49292816","chr17","34071549","34071840","6","15220978"
"chr5","49416870","49417215","chr17","33951573","33951893","30","15465297"
"chr5","49467709","49467978","chr17","33895155","33895424","7","15572554"
"chr5","49632007","49632304","chr17","33732626","33732937","18","15899381"
"chr5","49754345","49754628","chr17","33610169","33610452","5","16144176"
"chr5","49809625","49809867","chr17","33558824","33559056","15","16250801"
"chr5","49850932","49851229","chr17","33517130","33517415","18","16333802"
"chr5","49871409","49871703","chr17","33496604","33496917","26","16374805"
"chr5","49930464","49930768","chr17","33449761","33450068","9","16480703"
"chr5","49942375","49942668","chr17","33437520","33437813","5","16504855"
"chr5","49946085","49946394","chr17","33433474","33433783","6","16512611"
"chr5","49948278","49948543","chr17","33431325","33431590","8","16516953"
"chr5","49989518","49989821","chr17","33390031","33390332","13","16599487"
"chr5","49999556","49999866","chr17","33379965","33380275","10","16619591"
"chr5","50002486","50002762","chr17","33377069","33377349","5","16625417"
"chr5","50031925","50032220","chr17","33347821","33348120","6","16684104"
"chr5","50055865","50056143","chr2","26714604","26714886","32","23341261"
"chr5","50063007","50063155","chr17","33316439","33316587","3","16746568"
"chr5","50078255","50078577","chr4","125587703","125588021","66","75509448"
"chr5","50124123","50124423","chr17","33255029","33255339","34","16869094"
"chr5","50140404","50140645","chr17","33238781","33239032","16","16901623"
"chr5","50156428","50156738","chr17","33223172","33223482","7","16933256"
"chr5","50193763","50194057","chr17","33186115","33186410","4","17007648"
"chr5","50205730","50206026","chr17","33174140","33174435","8","17031590"
"chr5","50230325","50230605","chr15","59883903","59884184","56","9653578"
"chr5","50263746","50264057","chr17","33117164","33117475","5","17146582"
"chr5","50348809","50349117","chr17","33032441","33032747","6","17316368"
"chr5","50358346","50358650","chr19","23227273","23227580","38","27131073"
"chr5","50365275","50365568","chr17","33004951","33005239","10","17360324"
"chr5","50391742","50391983","chr17","32978553","32978794","3","17413189"
"chr5","50392210","50392516","chr17","32978012","32978325","12","17414198"
"chr5","50397253","50397553","chr17","32972946","32973244","9","17424307"
"chr5","50419034","50419329","chr17","32951177","32951468","9","17467857"
"chr5","50422111","50422418","chr4","1419389","1419694","52","49002722"
"chr5","50451547","50451843","chr17","32920130","32920427","6","17531417"
"chr5","50454883","50455074","chr17","32916877","32917097","32","17538006"
"chr5","50588970","50589262","chr17","32782654","32782947","6","17806316"
"chr5","50607991","50608286","chr17","32763641","32763936","5","17844350"
"chr5","50622171","50622453","chr17","32749449","32749731","1","17872722"
"chr5","50624045","50624350","chr17","32747555","32747857","11","17876490"
"chr5","50636462","50636756","chr17","32735189","32735482","18","17901273"
"chr5","50645483","50645791","chr17","32726137","32726448","4","17919346"
"chr5","50646393","50646697","chr17","32725237","32725556","21","17921156"
"chr5","50657981","50658254","chr11","68173055","68173336","50","17515074"
"chr5","50670983","50671294","chr17","32700662","32700971","10","17970321"
"chr5","50699399","50699709","chr17","32669885","32670194","6","18029514"
"chr5","50714609","50714904","chr17","32654674","32654975","10","18059935"
"chr5","50721364","50721671","chr17","32647932","32648239","6","18073432"
"chr5","50780856","50781159","chr16","30913976","30914282","45","19866880"
"chr5","50806297","50806605","chr17","32563200","32563516","22","18243097"
"chr5","50820729","50821033","chr17","32548707","32549012","6","18272022"
"chr5","50821297","50821605","chr19","4835320","4835620","57","45985977"
"chr5","50825658","50825948","chr17","32543801","32544092","3","18281857"
"chr5","50828798","50829094","chr17","32540644","32540944","6","18288154"
"chr5","50833389","50833699","chr17","32536024","32536334","6","18297365"
"chr5","50894905","50895180","chr8","59095417","59095697","42","8200512"
"chr5","50895671","50895981","chr10","112806281","112806585","46","61910610"
"chr5","50896071","50896350","chr1","23775897","23776185","52","27120174"
"chr5","50899446","50899729","chr7","40320108","40320392","42","10579338"
"chr5","50906545","50906824","chr13","38792065","38792353","42","12114480"
"chr5","50935786","50936108","chr17","32435475","32435796","22","18500311"
"chr5","50937204","50937528","chr17","32435475","32435796","8","18501729"
"chr5","50952860","50953125","chr17","32419810","32420074","2","18533050"
"chr5","50953605","50953906","chr17","32419028","32419329","6","18534577"
"chr5","50956616","50956748","chr17","32416177","32416309","3","18540439"
"chr5","50961267","50961583","chr17","32411617","32411933","8","18549650"
"chr5","50975460","50975768","chr17","32398114","32398407","19","18577346"
"chr5","50985319","50985599","chr17","32387372","32387650","7","18597947"
"chr5","51013837","51014142","chr17","32358792","32359101","10","18655045"
"chr5","51023306","51023611","chr17","32349302","32349607","0","18674004"
"chr5","51029033","51029209","chr17","32342654","32342828","5","18686379"
"chr5","51061765","51062042","chr4","165772531","165772799","48","114710766"
"chr5","51064848","51065161","chr2","241963580","241963890","49","190898732"
"chr5","51074306","51074611","chr2","196135500","196135800","39","145061194"
"chr5","51097648","51097959","chr17","32273730","32274035","12","18823918"
"chr5","51115559","51115867","chr2","166756553","166756864","44","115640994"
"chr5","51116626","51116925","chr17","32254141","32254446","9","18862485"
"chr5","51123038","51123339","chr17","32247374","32247684","13","18875664"
"chr5","51135215","51135514","chr8","60840622","60840917","49","9705407"
"chr5","51141921","51142265","chr17","32228548","32228870","41","18913373"
"chr5","51150015","51150288","chr17","32220553","32220823","6","18929462"
"chr5","51172914","51173058","chr17","32197728","32197872","1","18975186"
"chr5","51181709","51182008","chr17","32189727","32190006","27","18991982"
"chr5","51228092","51228388","chr17","32147048","32147344","7","19081044"
"chr5","51228394","51228660","chr19","6201751","6202007","47","45026643"
"chr5","51230880","51231156","chr17","32144269","32144544","5","19086611"
"chr5","51235793","51236086","chr17","32139327","32139619","4","19096466"
"chr5","51242982","51243250","chr17","32132121","32132389","4","19110861"
"chr5","51253594","51253764","chr1","8901033","8901204","28","42352561"
"chr5","51254088","51254224","chr17","32121305","32121441","2","19132783"
"chr5","51259968","51260271","chr17","32115244","32115547","13","19144724"
"chr5","51261002","51261261","chr17","32114255","32114518","12","19146747"
"chr5","51294988","51295189","chr2","80159583","80159773","27","28864595"
"chr5","51301475","51301781","chr17","30661327","30661632","48","20640148"
"chr5","51301997","51302295","chr17","30660797","30661109","23","20641200"
"chr5","51340533","51340819","chr17","32036006","32036292","6","19304527"
"chr5","51375981","51376194","chr3","134383983","134384198","35","83008002"
"chr5","51376832","51377110","chr17","32005219","32005497","13","19371613"
"chr5","51384683","51384983","chr17","31997382","31997687","11","19387301"
"chr5","51391310","51391611","chr1","9212168","9212470","59","42179142"
"chr5","51409955","51410249","chr17","30765442","30765736","6","20644513"
"chr5","51412655","51412791","chr17","31969452","31969589","2","19443203"
"chr5","51417245","51417553","chr2","9276531","9276833","12","42140714"
"chr5","51419516","51419772","chr12","2609842","2610100","31","48809674"
"chr5","51425270","51425573","chr17","31960574","31960877","5","19464696"
"chr5","51427906","51428039","chr17","30753395","30753528","2","20674511"
"chr5","51428345","51428520","chr17","31957233","31957406","4","19471112"
"chr5","51428679","51428962","chr17","31956791","31957074","4","19471888"
"chr5","51429977","51430252","chr17","31956791","31957074","13","19473186"
"chr5","51434179","51434482","chr5","150403577","150403883","39","98969398"
"chr5","51434968","51435225","chr12","121492348","121492607","39","70057380"
"chr5","51436093","51436396","chr5","150403577","150403883","42","98967484"
"chr5","51440081","51440381","chr17","30745350","30745651","13","20694731"
"chr5","51463815","51464119","chr17","31925803","31926107","6","19538012"
"chr5","51493444","51493749","chr17","31896072","31896377","8","19597372"
"chr5","51495534","51495824","chr17","21631797","21632092","48","29863737"
"chr5","51496372","51496546","chr17","31893277","31893450","2","19603095"
"chr5","51496547","51496794","chr2","230198597","230198859","51","178702050"
"chr5","51496795","51496930","chr17","31892891","31893026","1","19603904"
"chr5","51499500","51499796","chr17","31890334","31890627","10","19609166"
"chr5","51499835","51500000","chr3","153465859","153466023","29","101966024"
"chr5","51502168","51502468","chr17","31887680","31887987","20","19614488"
"chr5","51508538","51508846","chr17","31881260","31881571","9","19627278"
"chr5","51510447","51510725","chrX","46951325","46951600","52","4559122"
"chr5","51512145","51512437","chr17","31877686","31877984","12","19634459"
"chr5","51512440","51512573","chr17","31877550","31877684","3","19634890"
"chr5","51515174","51515472","chr17","31874650","31874949","9","19640524"
"chr5","51517212","51517407","chr17","31872719","31872914","2","19644493"
"chr5","51529160","51529468","chr17","31860550","31860859","12","19668610"
"chr5","51533668","51533951","chr17","31856060","31856343","3","19677608"
"chr5","51535621","51535914","chr5","82916320","82916614","56","31380699"
"chr5","51558826","51559114","chr17","31829451","31829740","5","19729375"
"chr5","51564434","51564733","chr17","31823846","31824146","6","19740588"
"chr5","51569243","51569538","chr17","31819033","31819327","6","19750210"
"chr5","51578795","51578931","chr17","31809639","31809775","4","19769156"
"chr5","51579261","51579396","chr11","32303366","32303481","71","19275895"
"chr5","51590645","51590785","chr17","31797811","31797951","3","19792834"
"chr5","51591096","51591267","chr17","31797328","31797499","2","19793768"
"chr5","51592369","51592684","chr17","31795912","31796189","45","19796457"
"chr5","51596419","51596726","chr1","165694675","165694984","42","114098256"
"chr5","51598504","51598815","chr17","31789274","31789579","9","19809230"
"chr5","51631656","51631956","chr17","31756155","31756455","4","19875501"
"chr5","51645507","51645788","chr17","31742568","31742844","9","19902939"
"chr5","51651693","51651973","chr17","31736386","31736669","6","19915307"
"chr5","51653537","51653847","chr17","31734499","31734809","4","19919038"
"chr5","51658641","51658935","chr14","87730158","87730455","41","36071517"
"chr5","51670622","51670922","chr17","31717391","31717686","12","19953231"
"chr5","51676203","51676498","chr17","31711838","31712142","14","19964365"
"chr5","51687789","51688086","chr3","10605654","10605948","31","41082135"
"chr5","51699750","51700088","chr17","31688300","31688611","32","20011450"
"chr5","51705853","51706129","chr5","171800607","171800881","42","120094754"
"chr5","51727241","51727460","chr17","31661259","31661475","9","20065982"
"chr5","51738709","51738998","chr17","31649767","31650072","25","20088942"
"chr5","51740464","51740757","chr17","31648009","31648302","3","20092455"
"chr5","51757122","51757401","chr17","31631370","31631649","5","20125752"
"chr5","51757848","51758150","chr17","31630587","31630889","8","20127261"
"chr5","51760893","51761167","chr17","31627571","31627845","3","20133322"
"chr5","51775289","51775595","chr17","31613241","31613547","4","20162048"
"chr5","51782157","51782473","chr17","31606419","31606737","10","20175738"
"chr5","51792674","51792961","chr17","31593252","31593538","4","20199422"
"chr5","51796128","51796424","chr17","31589827","31590122","2","20206301"
"chr5","51800003","51800312","chr17","31585925","31586234","4","20214078"
"chr5","51822481","51822778","chr8","42087223","42087533","52","9735258"
"chr5","51834224","51834512","chr17","31551870","31552157","6","20282354"
"chr5","51883117","51883414","chr17","31503023","31503319","10","20380094"
"chr5","51905586","51905898","chr17","31480508","31480823","10","20425078"
"chr5","51909925","51910220","chr3","136204151","136204445","33","84294226"
"chr5","51911558","51911770","chr19","34251178","34251389","25","17660380"
"chr5","51913288","51913596","chr17","31474390","31474692","12","20438898"
"chr5","51922915","51923213","chr15","99948939","99949237","42","48026024"
"chr5","51925019","51925328","chr17","31462626","31462935","8","20462393"
"chr5","51933081","51933361","chr17","31454614","31454894","1","20478467"
"chr5","51933402","51933696","chr17","31454279","31454573","6","20479123"
"chr5","51937386","51937627","chr17","31450363","31450601","6","20487023"
"chr5","51966549","51966854","chr17","31421217","31421514","15","20545332"
"chr5","51977528","51977697","chr17","31410432","31410601","2","20567096"
"chr5","51987658","51987969","chr17","31399431","31399742","5","20588227"
"chr5","51991187","51991499","chr17","31395900","31396212","10","20595287"
"chr5","52008247","52008531","chr17","31379111","31379403","18","20629136"
"chr5","52019192","52019491","chr17","31368140","31368427","15","20651052"
"chr5","52039308","52039418","chr17","31344791","31344901","2","20694517"
"chr5","52041606","52041886","chr17","31342316","31342597","10","20699290"
"chr5","52042646","52042933","chr8","129790907","129791191","42","77748261"
"chr5","52061379","52061711","chr17","31322197","31322531","9","20739182"
"chr5","52071538","52071771","chr12","109213128","109213363","38","57141590"
"chr5","52076124","52076435","chr17","31308140","31308440","16","20767984"
"chr5","52085605","52085863","chr2","96323453","96323722","55","44237848"
"chr5","52088313","52088601","chr17","31284839","31285128","4","20803474"
"chr5","52088856","52089165","chr17","31284271","31284584","5","20804585"
"chr5","52126492","52126784","chr5","36353335","36353626","45","15773157"
"chr5","52134151","52134273","chrX","103094610","103094734","14","50960459"
"chr5","52137751","52138057","chr21","35851419","35851718","52","16286332"
"chr5","52167131","52167234","chrX","104232965","104233063","17","52065834"
"chr5","52178590","52178875","chr17","31198633","31198918","2","20979957"
"chr5","52225414","52225629","chr16","46947290","46947502","35","5278124"
"chr5","52226998","52227292","chr17","31160094","31160387","12","21066904"
"chr5","52233011","52233216","chr13","24113321","24113521","28","28119690"
"chr5","52264223","52264515","chr14","55204535","55204826","39","2940312"
"chr5","52307317","52307600","chr16","74840196","74840483","46","22532879"
"chr5","52309402","52309694","chr17","31102834","31103126","5","21206568"
"chr5","52313263","52313584","chr15","42503369","42503669","67","9809894"
"chr5","52336749","52337034","chr17","31079058","31079344","7","21257691"
"chr5","52341220","52341528","chr17","31074549","31074857","7","21266671"
"chr5","52346278","52346568","chr17","31069514","31069804","1","21276764"
"chr5","52358167","52358470","chr17","31057618","31057926","10","21300549"
"chr5","52358481","52358773","chr17","31057618","31057926","19","21300863"
"chr5","52358774","52359079","chr17","31057307","31057617","7","21301467"
"chr5","52359490","52359800","chr17","3731332","3731641","40","48628158"
"chr5","52362261","52362551","chr17","31053844","31054131","6","21308417"
"chr5","52412237","52412541","chr17","31005332","31005631","12","21406905"
"chr5","52415269","52415403","chr1","38884005","38884141","8","13531264"
"chr5","52423514","52423782","chr21","33706054","33706308","50","18717460"
"chr5","52428963","52429245","chr19","36951673","36951930","93","15477290"
"chr5","52437483","52437763","chr17","30977368","30977653","7","21460115"
"chr5","52445614","52445879","chr17","30969730","30970019","26","21475884"
"chr5","52461178","52461484","chr6","41701663","41701966","44","10759515"
"chr5","52466244","52466527","chr17","30952364","30952675","31","21513880"
"chr5","52466562","52466573","chr3","63620262","63620273","0","11153700"
"chr5","52472556","52472834","chr17","30946237","30946517","11","21526319"
"chr5","52478458","52478754","chr17","30940310","30940604","9","21538148"
"chr5","52488685","52488990","chr5","139732846","139733151","34","87244161"
"chr5","52490542","52490827","chr17","30928214","30928498","6","21562328"
"chr5","52493050","52493318","chr17","30925763","30926031","2","21567287"
"chr5","52504213","52504506","chr17","30914534","30914831","6","21589679"
"chr5","52506440","52506750","chr9","127832067","127832374","45","75325627"
"chr5","52511802","52512094","chr16","3287970","3288266","52","49223832"
"chr5","52524923","52525224","chr17","30895393","30895705","15","21629530"
"chr5","52528195","52528495","chr17","30892143","30892447","10","21636052"
"chr5","52528632","52528955","chr17","30891683","30892006","2","21636949"
"chr5","52535855","52536165","chr17","30884417","30884728","6","21651438"
"chr5","52538986","52539259","chr17","30881334","30881602","9","21657652"
"chr5","52556611","52556909","chr17","30863665","30863964","5","21692946"
"chr5","52558630","52558699","chr17","30861935","30862004","1","21696695"
"chr5","52558822","52559106","chr17","30861520","30861811","13","21697302"
"chr5","52563971","52564198","chr17","30856449","30856676","3","21707522"
"chr5","52571415","52571723","chr17","30848861","30849169","1","21722554"
"chr5","52583677","52584017","chr17","30836570","30836866","45","21747107"
"chr5","52586558","52586860","chr17","30833683","30833981","10","21752875"
"chr5","52606395","52606683","chr17","30813975","30814263","7","21792420"
"chr5","52615454","52615750","chr17","30804902","30805197","11","21810552"
"chr5","52623471","52623777","chr3","23678476","23678786","42","28944995"
"chr5","52629929","52630064","chr17","30791371","30791506","1","21838558"
"chr5","52630348","52630512","chr17","30790921","30791085","4","21839427"
"chr5","52696110","52696403","chr19","14189934","14190224","12","38506176"
"chr5","52702956","52703256","chr19","14196337","14196638","13","38506619"
"chr5","52717788","52718107","chr19","14211265","14211576","21","38506523"
"chr5","52732524","52732817","chr17","30690709","30691014","16","22041815"
"chr5","52735091","52735363","chr17","30688141","30688440","28","22046950"
"chr5","52738010","52738305","chr19","14230047","14230342","11","38507963"
"chr5","52740793","52741077","chrX","9396012","9396291","42","43344781"
"chr5","52744788","52745090","chr19","14236483","14236785","7","38508305"
"chr5","52746927","52747232","chr19","14238617","14238922","5","38508310"
"chr5","52748504","52748801","chr1","224212004","224212300","40","171463500"
"chr5","52766250","52766527","chr17","30661327","30661632","37","22104923"
"chr5","52773325","52773623","chr19","14284809","14285107","8","38488516"
"chr5","52776683","52776978","chr17","30650571","30650865","6","22126112"
"chr5","52792060","52792316","chr19","14298889","14299155","16","38493171"
"chr5","52850006","52850317","chr17","30598605","30598938","35","22251401"
"chr5","52859212","52859515","chr17","72846019","72846329","52","19986807"
"chr5","52942620","52942919","chr17","30516715","30517014","5","22425905"
"chr5","52970417","52970714","chr17","30489102","30489398","6","22481315"
"chr5","52970979","52971277","chr17","30488534","30488837","9","22482445"
"chr5","52979674","52979951","chr17","30480027","30480330","29","22499647"
"chr5","52989329","52989628","chr17","30470372","30470675","10","22518957"
"chr5","53001055","53001356","chr17","30458585","30458888","7","22542470"
"chr5","53080863","53081173","chr17","30402284","30402594","6","22678579"
"chr5","53112725","53113016","chr17","30371647","30371957","26","22741078"
"chr5","53118510","53118807","chr17","30365859","30366155","8","22752651"
"chr5","53136013","53136312","chr17","30348883","30349186","8","22787130"
"chr5","53142182","53142481","chr17","30342605","30342907","4","22799577"
"chr5","53146283","53146588","chr17","30338531","30338816","23","22807752"
"chr5","53164014","53164304","chr17","30320862","30321157","7","22843152"
"chr5","53165874","53166159","chr2","214937217","214937497","39","161771343"
"chr5","53169016","53169308","chr17","30315977","30316267","8","22853039"
"chr5","53171073","53171357","chr17","30313929","30314213","6","22857144"
"chr5","53174813","53175094","chr2","26714604","26714886","31","26460209"
"chr5","53178674","53178972","chr17","30306285","30306582","5","22872389"
"chr5","53180433","53180752","chr17","30304506","30304824","6","22875927"
"chr5","53185326","53185452","chr17","30299787","30299918","6","22885539"
"chr5","53186909","53187114","chr12","94606358","94606558","42","41419449"
"chr5","53188156","53188254","chr5","113362218","113362325","22","60174062"
"chr5","53196257","53196557","chr17","30288683","30288987","9","22907574"
"chr5","53216185","53216308","chr12","24932663","24932803","30","28283522"
"chr5","53216336","53216463","chr16","22113397","22113524","10","31102939"
"chr5","53279873","53280017","chr17","30205963","30206107","1","23073910"
"chr5","53290414","53290718","chr17","30195254","30195558","3","23095160"
"chr5","53307011","53307313","chr3","43406906","43407202","45","9900105"
"chr5","53312749","53313043","chr20","36900251","36900545","37","16412498"
"chr5","53317405","53317702","chr7","98176563","98176857","38","44859158"
"chr5","53351064","53351363","chr5","171530092","171530390","54","118179028"
"chr5","53357406","53357700","chrX","132886853","132887145","52","79529447"
"chr5","53404307","53404612","chr17","30082391","30082691","7","23321916"
"chr5","53447616","53447911","chr17","14483834","14484132","34","38963782"
"chr5","53481627","53481917","chr17","30008311","30008601","7","23473316"
"chr5","53547329","53547602","chr17","29942769","29943042","6","23604560"
"chr5","53549313","53549621","chr17","29940758","29941062","7","23608555"
"chr5","53571299","53571599","chr17","29918655","29918954","5","23652644"
"chr5","53582045","53582346","chr17","29908483","29908793","16","23673562"
"chr5","53607265","53607554","chr17","29889167","29889470","16","23718098"
"chr5","53635749","53636048","chr17","29860744","29861044","6","23775005"
"chr5","53636061","53636357","chr17","29860439","29860731","7","23775622"
"chr5","53650478","53650767","chr17","29846041","29846333","6","23804437"
"chr5","53653241","53653559","chr17","29843253","29843574","12","23809988"
"chr5","53672783","53673087","chr17","29823598","29823900","5","23849185"
"chr5","53683652","53683934","chr17","29813101","29813383","1","23870551"
"chr5","53730596","53730870","chr6","44265873","44266144","56","9464723"
"chr5","53746635","53746932","chr17","29750156","29750453","10","23996479"
"chr5","53754157","53754455","chr17","29742640","29742934","7","24011517"
"chr5","53760947","53761227","chr17","29735835","29736115","5","24025112"
"chr5","53761347","53761649","chrX","97195379","97195679","36","43434032"
"chr5","53765345","53765634","chr17","29731473","29731733","33","24033872"
"chr5","53784256","53784536","chr17","29712522","29712821","29","24071734"
"chr5","53789347","53789646","chr17","29707529","29707825","10","24081818"
"chr5","53800919","53801206","chr17","29693324","29693611","3","24107595"
"chr5","53806185","53806484","chr19","13388246","13388545","41","40417939"
"chr5","53807147","53807446","chr17","29688874","29689171","5","24118273"
"chr5","53812577","53812882","chr17","29684200","29684503","8","24128377"
"chr5","53823505","53823808","chr17","29673288","29673585","7","24150217"
"chr5","53839849","53840134","chr17","29656982","29657266","8","24182867"
"chr5","53848251","53848393","chr17","29648715","29648857","0","24199536"
"chr5","53856072","53856278","chr17","29641004","29641210","4","24215068"
"chr5","53859935","53860182","chr17","29637112","29637359","4","24222823"
"chr5","53927133","53927420","chr17","29569918","29570205","5","24357215"
"chr5","53932057","53932367","chr17","29564974","29565266","23","24367083"
"chr5","53937979","53938276","chr17","29559075","29559374","4","24378904"
"chr5","53942382","53942675","chr17","29554622","29554916","10","24387760"
"chr5","53955982","53956291","chr17","29541098","29541409","3","24414884"
"chr5","53966938","53967231","chr17","29529585","29529877","6","24437353"
"chr5","53968470","53968781","chr17","29528024","29528347","16","24440446"
"chr5","53970092","53970388","chr17","29526420","29526713","10","24443672"
"chr5","53995939","53996238","chr12","111141805","111142098","57","57145866"
"chr5","53996755","53997045","chr17","29499230","29499526","7","24497525"
"chr5","53997337","53997639","chr17","29498636","29498938","3","24498701"
"chr5","53999391","53999532","chr1","11268459","11268594","19","42730932"
"chr5","53999826","53999995","chr4","2876853","2877019","31","51122973"
"chr5","54003422","54003722","chr16","53433162","53433458","45","570260"
"chr5","54009999","54010285","chr17","29486346","29486646","15","24523653"
"chr5","54015777","54016075","chr17","29480587","29480906","24","24535190"
"chr5","54022530","54022848","chr17","29473716","29474034","11","24548814"
"chr5","54022952","54023209","chr1","28601274","28601530","45","25421678"
"chr5","54031522","54031826","chr17","29464823","29465120","7","24566699"
"chr5","54037647","54037982","chr17","29458686","29459019","18","24578961"
"chr5","54042018","54042307","chr17","29454921","29455210","4","24587097"
"chr5","54047426","54047725","chr17","29449559","29449858","3","24597867"
"chr5","54049651","54049941","chr17","29447348","29447638","3","24602303"
"chr5","54061832","54062092","chr3","182974006","182974272","39","128912174"
"chr5","54062251","54062459","chr17","29427313","29427521","2","24634938"
"chr5","54064394","54064685","chr17","29425082","29425372","3","24639312"
"chr5","54065699","54065992","chr3","73125273","73125564","66","19059574"
"chr5","54069435","54069717","chr1","40287401","40287690","57","13782034"
"chr5","54073177","54073460","chr7","130463132","130463429","57","76389955"
"chr5","54078984","54079266","chr17","29414985","29415267","3","24663999"
"chr5","54079393","54079676","chr17","29414556","29414858","22","24664837"
"chr5","54079718","54080003","chr17","29414264","29414549","2","24665454"
"chr5","54081929","54082233","chr17","29412038","29412342","3","24669891"
"chr5","54082589","54082878","chr17","29411391","29411692","17","24671198"
"chr5","54085447","54085743","chr17","29408223","29408515","10","24677224"
"chr5","54091073","54091205","chr17","29402755","29402887","2","24688318"
"chr5","54096801","54097101","chr17","29396716","29397011","10","24700085"
"chr5","54107202","54107459","chr17","29388634","29388891","3","24718568"
"chr5","54143632","54143916","chr17","29351946","29352265","38","24791686"
"chr5","54146894","54147195","chr17","29348706","29349004","7","24798188"
"chr5","54158777","54159089","chr17","29334125","29334437","4","24824652"
"chr5","54163570","54163862","chr17","29329379","29329663","10","24834191"
"chr5","54167022","54167319","chr17","29325833","29326130","5","24841189"
"chr5","54167838","54168137","chr4","70843796","70844091","40","16675958"
"chr5","54168918","54169226","chr17","29323933","29324237","6","24844985"
"chr5","54175344","54175640","chr17","29317508","29317812","8","24857836"
"chr5","54179442","54179734","chr17","29313401","29313693","9","24866041"
"chr5","54182519","54182830","chr17","29310303","29310613","14","24872216"
"chr5","54184055","54184343","chr17","29308790","29309078","3","24875265"
"chr5","54187633","54187937","chr17","29305207","29305513","16","24882426"
"chr5","54188731","54189016","chr17","29304128","29304413","3","24884603"
"chr5","54202255","54202557","chr17","29290376","29290664","21","24911879"
"chr5","54202751","54203008","chr17","29289926","29290183","3","24912825"
"chr5","54211699","54212028","chr17","29281013","29281342","4","24930686"
"chr5","54212033","54212331","chr17","29280705","29281008","14","24931328"
"chr5","54217172","54217419","chr17","29276390","29276637","3","24940782"
"chr5","54217773","54218056","chr17","29275747","29276030","5","24942026"
"chr5","54241679","54241944","chr17","29248728","29248971","30","24992951"
"chr5","54252288","54252592","chr17","29238080","29238387","8","25014208"
"chr5","54258194","54258503","chr6","56373320","56373622","38","2115126"
"chr5","54259405","54259715","chr17","29230978","29231288","5","25028427"
"chr5","54261115","54261427","chr17","29229271","29229580","8","25031844"
"chr5","54262869","54263173","chr17","29227514","29227832","18","25035355"
"chr5","54272491","54272798","chr17","29217894","29218202","6","25054597"
"chr5","54283706","54283987","chr17","29206675","29206982","28","25077031"
"chr5","54288624","54288920","chr20","43986295","43986580","43","10302329"
"chr5","54295046","54295347","chrX","2742020","2742319","40","51553026"
"chr5","54296008","54296299","chr17","29191317","29191608","2","25104691"
"chr5","54299178","54299461","chr11","75303020","75303297","52","21003842"
"chr5","54299609","54299891","chr17","29187803","29188117","37","25111806"
"chr5","54299892","54300194","chr17","29187493","29187802","18","25112399"
"chr5","54305629","54305927","chr19","46642173","46642470","36","7663456"
"chr5","54312441","54312573","chr17","29175135","29175251","17","25137306"
"chr5","54312861","54313151","chr17","29174534","29174824","5","25138327"
"chr5","54318477","54318564","chr17","29168815","29168902","1","25149662"
"chr5","54347278","54347584","chr17","29142801","29143107","3","25204477"
"chr5","54354156","54354464","chr18","35757205","35757510","49","18596951"
"chr5","54382427","54382729","chr18","13637584","13637888","33","40744843"
"chr5","54419544","54419839","chr17","29072244","29072537","9","25347300"
"chr5","54460583","54460895","chr17","29031273","29031582","10","25429310"
"chr5","54501903","54502170","chr17","28990280","28990563","21","25511623"
"chr5","54548915","54549216","chr2","64333929","64334231","42","9785014"
"chr5","54556999","54557323","chr17","28935260","28935571","16","25621739"
"chr5","54564508","54564803","chr17","28927829","28928124","2","25636679"
"chr5","54588519","54588824","chr6","20503650","20503953","46","34084869"
"chr5","54592253","54592370","chr17","28900211","28900328","0","25692042"
"chr5","54592680","54592872","chr17","28899712","28899901","5","25692968"
"chr5","54622545","54622855","chr17","28873562","28873862","15","25748983"
"chr5","54626778","54627039","chr17","28868857","28869115","6","25757921"
"chr5","54638099","54638400","chr17","28857510","28857811","6","25780589"
"chr5","54652619","54652916","chr17","28844819","28845116","1","25807800"
"chr5","54669935","54670239","chr17","28826069","28826370","8","25843866"
"chr5","54682021","54682332","chr17","28814455","28814766","10","25867566"
"chr5","54682591","54682859","chr17","28813928","28814196","7","25868663"
"chr5","54686487","54686781","chr17","28809986","28810289","13","25876501"
"chr5","54689067","54689373","chr17","28807379","28807685","1","25881688"
"chr5","54693327","54693610","chr17","28805265","28805548","4","25888062"
"chr5","54695575","54695882","chr17","28802997","28803305","4","25892578"
"chr5","54696479","54696780","chr7","2683896","2684188","41","52012583"
"chr5","54704533","54704813","chr17","28795158","28795437","20","25909375"
"chr5","54704864","54705155","chr17","28794812","28795107","10","25910052"
"chr5","54705445","54705753","chr17","28794217","28794519","15","25911228"
"chr5","54709021","54709075","chr2","35177024","35177069","17","19531997"
"chr5","54709683","54709969","chr17","28805265","28805548","20","25904418"
"chr5","54714694","54714987","chr4","70767686","70767978","37","16052992"
"chr5","54716092","54716387","chr17","28783515","28783808","14","25932577"
"chr5","54724488","54724633","chr9","35543624","35543768","19","19180864"
"chr5","54757331","54757637","chr2","158826510","158826814","35","104069179"
"chr5","54781386","54781521","chr17","28713815","28713950","4","26067571"
"chr5","54781822","54781902","chr17","28713433","28713511","3","26068389"
"chr5","54785340","54785613","chr17","28709715","28709988","6","26075625"
"chr5","54800373","54800663","chr17","28694718","28695009","6","26105655"
"chr5","54815747","54815983","chr12","93038404","93038640","29","38222657"
"chr5","54825455","54825747","chr5","69508346","69508640","38","14682891"
"chr5","54825749","54825879","chr17","28669522","28669652","2","26156227"
"chr5","54828596","54828893","chr17","28666551","28666856","14","26162045"
"chr5","54830936","54831197","chr17","28664226","28664508","27","26166710"
"chr5","54831223","54831343","chr19","50780727","50780846","11","4050496"
"chr5","54865149","54865459","chr17","28630494","28630783","36","26234655"
"chr5","54866013","54866148","chr17","28629779","28629914","2","26236234"
"chr5","54866471","54866641","chr17","28629300","28629456","16","26237171"
"chr5","54886441","54886704","chr17","28609033","28609303","8","26277408"
"chr5","54895767","54895938","chr17","28602091","28602262","6","26293676"
"chr5","54900612","54900907","chr17","28597135","28597430","7","26303477"
"chr5","54902255","54902549","chr17","28595466","28595760","9","26306789"
"chr5","54904263","54904548","chr17","28593468","28593751","7","26310795"
"chr5","54931085","54931383","chr17","28566594","28566892","2","26364491"
"chr5","54931387","54931700","chr17","28566276","28566590","8","26365111"
"chr5","54931938","54932221","chr17","28565748","28566031","3","26366190"
"chr5","54955916","54956203","chr17","28541833","28542121","8","26414083"
"chr5","54993338","54993646","chr1","31859375","31859681","60","23133963"
"chr5","55015077","55015414","chr5","91275357","91275680","58","36260280"
"chr5","55020259","55020562","chr17","28476875","28477178","5","26543384"
"chr5","55032066","55032370","chr17","28464405","28464705","12","26567661"
"chr5","55034042","55034355","chr17","28462416","28462729","4","26571626"
"chr5","55036695","55036999","chr17","28459796","28460101","15","26576899"
"chr5","55043494","55043783","chr17","28448817","28449104","6","26594677"
"chr5","55051898","55052181","chr17","28441170","28441437","17","26610728"
"chr5","55068578","55068881","chr17","28424409","28424718","9","26644169"
"chr5","55069380","55069628","chr17","28423662","28423910","2","26645718"
"chr5","55071967","55072277","chr17","28421038","28421317","38","26650929"
"chr5","55079588","55079879","chr17","28413074","28413366","3","26666514"
"chr5","55082377","55082483","chr17","28417210","28417316","1","26665167"
"chr5","55084291","55084567","chr1","27514834","27515116","34","27569457"
"chr5","55086325","55086616","chr17","28413074","28413366","3","26673251"
"chr5","55109855","55110126","chr17","28389604","28389875","3","26720251"
"chr5","55121765","55122056","chr17","28377706","28377997","8","26744059"
"chr5","55137748","55137885","chr17","28362380","28362512","7","26775368"
"chr5","55169941","55170109","chr17","28330085","28330255","6","26839856"
"chr5","55170415","55170550","chr17","28329644","28329779","1","26840771"
"chr5","55177657","55177964","chr17","28322236","28322543","10","26855421"
"chr5","55198849","55199116","chr17","28301144","28301413","5","26897705"
"chr5","55213557","55213867","chr17","28279689","28279999","3","26933868"
"chr5","55245731","55246032","chr17","28244898","28245197","3","27000833"
"chr5","55247566","55247692","chr17","28243238","28243364","3","27004328"
"chr5","55286335","55286623","chr17","28210044","28210331","5","27076291"
"chr5","55288472","55288776","chr6","110082062","110082362","46","54793590"
"chr5","55289167","55289463","chr17","28206866","28207160","8","27082301"
"chr5","55293860","55293944","chr3","113637794","113637878","8","58343934"
"chr5","55294191","55294205","chr17","28202114","28202128","0","27092077"
"chr5","55297681","55297968","chr17","28198338","28198624","6","27099343"
"chr5","55313304","55313584","chr22","33412002","33412287","40","21901302"
"chr5","55318514","55318792","chr3","185895558","185895832","33","130577044"
"chr5","55340655","55340944","chr17","28157199","28157490","6","27183456"
"chr5","55343073","55343383","chr17","28154752","28155062","3","27188321"
"chr5","55358921","55359195","chr1","37348823","37349101","38","18010098"
"chr5","55373132","55373435","chr10","67166825","67167126","44","11793693"
"chr5","55389614","55389899","chr17","28107952","28108232","7","27281662"
"chr5","55411803","55412106","chr17","28085458","28085758","8","27326345"
"chr5","55434848","55435139","chr17","28062589","28062880","4","27372259"
"chr5","55438583","55438875","chr12","107527279","107527571","45","52088696"
"chr5","55447444","55447726","chr12","123297078","123297352","51","67849634"
"chr5","55468501","55468794","chr17","28029776","28030070","3","27438725"
"chr5","55484291","55484594","chr17","28014008","28014311","4","27470283"
"chr5","55488844","55489120","chr17","28009467","28009759","22","27479377"
"chr5","55494559","55494858","chr17","28003739","28004038","7","27490820"
"chr5","55511038","55511338","chr17","27987315","27987612","6","27523723"
"chr5","55549351","55549648","chr17","27948817","27949113","6","27600534"
"chr5","55589672","55589974","chr16","22632141","22632440","36","32957531"
"chr5","55595390","55595692","chr17","27902793","27903093","7","27692597"
"chr5","55613161","55613446","chr17","27883390","27883673","6","27729771"
"chr5","55619593","55619897","chr17","27876919","27877229","13","27742674"
"chr5","55697171","55697480","chr17","27801256","27801565","5","27895915"
"chr5","55702296","55702600","chr17","27796176","27796498","22","27906120"
"chr5","55708390","55708683","chr4","70767686","70767978","42","15059296"
"chr5","55721992","55722297","chr17","27776395","27776699","4","27945597"
"chr5","55732443","55732695","chr17","27766765","27767024","9","27965678"
"chr5","55772607","55772768","chr17","27728252","27728406","13","28044355"
"chr5","55773068","55773203","chr17","27727817","27727952","2","28045251"
"chr5","55797713","55798004","chr10","74880625","74880915","47","19082912"
"chr5","55843718","55844008","chr17","27659988","27660285","12","28183730"
"chr5","55894185","55894479","chr17","27613806","27614100","5","28280379"
"chr5","55947076","55947370","chr12","52270257","52270552","53","3676819"
"chr5","55964786","55965077","chr17","27547711","27548011","15","28417075"
"chr5","56009330","56009403","chr17","27503422","27503500","6","28505908"
"chr5","56011028","56011308","chr7","63565594","63565882","50","7554566"
"chr5","56028056","56028345","chr17","27484232","27484521","3","28543824"
"chr5","56043897","56044191","chr17","27468236","27468528","5","28575661"
"chr5","56065599","56065898","chr17","27448423","27448723","6","28617176"
"chr5","56069427","56069715","chr2","238110944","238111226","57","182041517"
"chr5","56105231","56105521","chr10","58708003","58708291","56","2602772"
"chr5","56105524","56105799","chr9","34656035","34656330","72","21449489"
"chr5","56126616","56126898","chr17","27389303","27389585","3","28737313"
"chr5","56126952","56126977","chr17","27389230","27389255","0","28737722"
"chr5","56132460","56132776","chr17","27383550","27383858","15","28748910"
"chr5","56146555","56146836","chr14","34917274","34917524","72","21229281"
"chr5","56158223","56158542","chr17","27358434","27358753","8","28799789"
"chr5","56166244","56166421","chr17","27350570","27350747","1","28815674"
"chr5","56169430","56169718","chr2","202707422","202707710","4","146537992"
"chr5","56181141","56181437","chr19","42046888","42047187","47","14134253"
"chr5","56187494","56187801","chr17","27334204","27334514","8","28853290"
"chr5","56190012","56190287","chr17","27331726","27332003","10","28858286"
"chr5","56194572","56194876","chr17","27327135","27327441","5","28867437"
"chr5","56203516","56203809","chr17","27318192","27318488","11","28885324"
"chr5","56205604","56205894","chr18","57795888","57796181","46","1590284"
"chr5","56210090","56210404","chr17","27311668","27311947","39","28898422"
"chr5","56219603","56219906","chr17","27302129","27302432","2","28917474"
"chr5","56224303","56224583","chr9","131353615","131353900","63","75129312"
"chr5","56228811","56229112","chr17","27292930","27293237","10","28935881"
"chr5","56230131","56230430","chr17","27291610","27291910","3","28938521"
"chr5","56233996","56234117","chr17","27287913","27288036","5","28946083"
"chr5","56242332","56242679","chr17","27279380","27279718","12","28962952"
"chr5","56246055","56246170","chr17","27275849","27275964","2","28970206"
"chr5","56260916","56261222","chr17","27260733","27261035","7","29000183"
"chr5","56264722","56264971","chr17","27256971","27257233","18","29007751"
"chr5","56272729","56272996","chr17","27248922","27249189","7","29023807"
"chr5","56307978","56308287","chr17","27225423","27225731","6","29082555"
"chr5","56311397","56311721","chr8","100118280","100118600","56","43806883"
"chr5","56669306","56669583","chr9","133018659","133018949","54","76349353"
"chr5","56773823","56774122","chr17","22479116","22479415","6","34294707"
"chr5","56780521","56780807","chr17","22479116","22479415","29","34301405"
"chr5","56813637","56813920","chr17","22445972","22446254","3","34367665"
"chr5","56814827","56815117","chr17","21521404","21521691","24","35293423"
"chr5","56906058","56906146","chr1","47359721","47359811","14","9546337"
"chr5","56931809","56932104","chr17","22319310","22319605","5","34612499"
"chr5","56939290","56939593","chr17","22312093","22312392","11","34627197"
"chr5","56942377","56942602","chr17","22309072","22309298","4","34633305"
"chr5","56943297","56943626","chr17","22308257","22308582","11","34635040"
"chr5","57019497","57019793","chr1","222708027","222708319","48","165688530"
"chr5","57040296","57040605","chr17","22225363","22225672","4","34814933"
"chr5","57047276","57047572","chr17","22219143","22219446","13","34828133"
"chr5","57050843","57051117","chr17","22215577","22215863","31","34835266"
"chr5","57051521","57051778","chrX","136710024","136710281","34","79658503"
"chr5","57052265","57052566","chr17","22214791","22215090","7","34837474"
"chr5","57055567","57055847","chr17","22211496","22211776","9","34844071"
"chr5","57087935","57088215","chr13","62948875","62949156","7","5860940"
"chr5","57090453","57090733","chr13","62948875","62949156","23","5858422"
"chr5","57158514","57158811","chr17","22064552","22064845","10","35093962"
"chr5","57162219","57162312","chr17","22067383","22067476","0","35094836"
"chr5","57166088","57166156","chr1","235999932","236000000","5","178833844"
"chr5","57167816","57168123","chr17","22071162","22071467","13","35096654"
"chr5","57175976","57176111","chr17","21625401","21625536","1","35550575"
"chr5","57176414","57176576","chr20","26123192","26123366","20","31053222"
"chr5","57278133","57278421","chr17","21521404","21521691","15","35756729"
"chr5","57386259","57386554","chr17","21721416","21721712","9","35664843"
"chr5","57453342","57453672","chr5","81008116","81008449","93","23554774"
"chr5","57524793","57525089","chr17","21762013","21762310","10","35762780"
"chr5","57565098","57565221","chr17","21292653","21292776","0","36272445"
"chr5","57593879","57594171","chr3","121686992","121687283","50","64093113"
"chr5","57594518","57594828","chr17","21263037","21263349","11","36331481"
"chr5","57633076","57633409","chr6","31826198","31826537","66","25806878"
"chr5","57661083","57661391","chr1","9062590","9062897","51","48598493"
"chr5","57664408","57664708","chr17","21206215","21206516","7","36458193"
"chr5","57667181","57667469","chr17","21203435","21203723","6","36463746"
"chr5","57674221","57674499","chr11","123592950","123593230","42","65918729"
"chr5","57685233","57685529","chr17","21185692","21185986","11","36499541"
"chr5","57691627","57691924","chr2","48272556","48272851","39","9419071"
"chr5","57705244","57705577","chr15","85750036","85750376","71","28044792"
"chr5","57722700","57722990","chr17","21148465","21148759","11","36574235"
"chr5","57729055","57729184","chr17","21143227","21143356","1","36585828"
"chr5","57750514","57750827","chr17","21119152","21119466","13","36631362"
"chr5","57762596","57762886","chr8","37692160","37692454","42","20070436"
"chr5","57772923","57773233","chr17","21102764","21103074","5","36670159"
"chr5","57777142","57777426","chr17","21098560","21098844","4","36678582"
"chr5","57783836","57784127","chr17","21091855","21092149","11","36691981"
"chr5","57827361","57827645","chr17","21050446","21050735","6","36776915"
"chr5","57830945","57831233","chr17","21046979","21047265","9","36783966"
"chr5","57844991","57845291","chr17","21033754","21034048","12","36811237"
"chr5","57855125","57855410","chr8","39912126","39912419","53","17942999"
"chr5","57945149","57945266","chr17","20933378","20933495","3","37011771"
"chr5","57945744","57945940","chr17","20932697","20932905","19","37013047"
"chr5","57956739","57957033","chr17","20921530","20921822","7","37035209"
"chr5","57979572","57979862","chr17","20890133","20890423","4","37089439"
"chr5","58035745","58036041","chr17","20823424","20823721","8","37212321"
"chr5","58036192","58036496","chr17","62207254","62207560","9","4171062"
"chr5","58041150","58041447","chr2","25642757","25643053","37","32398393"
"chr5","58046104","58046400","chr17","20815220","20815524","16","37230884"
"chr5","58053074","58053384","chr9","83925654","83925961","43","25872580"
"chr5","58054157","58054439","chr17","20807222","20807503","5","37246935"
"chr5","58068097","58068399","chr17","20792039","20792329","26","37276058"
"chr5","58068638","58068891","chr17","47470543","47470820","29","10598095"
"chr5","58078191","58078498","chr17","20783516","20783828","7","37294675"
"chr5","58079632","58079913","chr8","26522026","26522308","37","31557606"
"chr5","58081650","58081782","chr8","47466579","47466711","10","10615071"
"chr5","58094352","58094647","chr17","20767699","20767994","5","37326653"
"chr5","58095583","58095819","chr17","20766522","20766773","20","37329061"
"chr5","58097120","58097399","chr17","20764943","20765222","7","37332177"
"chr5","58100929","58101219","chr17","20761124","20761414","5","37339805"
"chr5","58105875","58106011","chr17","20756343","20756479","1","37349532"
"chr5","58110512","58110808","chr17","20751828","20752122","6","37358684"
"chr5","58149664","58149959","chr17","20711515","20711796","38","37438149"
"chr5","58187662","58187956","chr1","176179009","176179303","11","117991347"
"chr5","58188375","58188675","chr17","20662635","20662934","8","37525740"
"chr5","58243122","58243429","chr17","15758722","15759027","7","42484400"
"chr5","58275126","58275423","chr17","20541136","20541434","4","37733990"
"chr5","58288486","58288779","chr17","18416218","18416511","6","39872268"
"chr5","58385260","58385567","chr17","16801335","16801646","5","41583925"
"chr5","58474435","58474732","chr17","20317260","20317558","6","38157175"
"chr5","58487657","58487966","chr1","44851954","44852263","54","13635703"
"chr5","58493256","58493390","chr2","47749041","47749173","11","10744215"
"chr5","58500089","58500380","chr17","20291553","20291843","6","38208536"
"chr5","58501226","58501514","chr17","20290499","20290787","3","38210727"
"chr5","58502406","58502690","chr17","20289321","20289605","1","38213085"
"chr5","58507771","58508069","chr7","130463132","130463429","53","71955361"
"chr5","58632758","58633052","chr17","20158948","20159243","12","38473810"
"chr5","58651231","58651506","chr7","42294329","42294606","42","16356902"
"chr5","58705881","58706169","chr17","20076211","20076499","4","38629670"
"chr5","58714110","58714386","chr21","25691748","25692022","56","33022362"
"chr5","58722741","58723006","chr1","100021114","100021383","35","41298373"
"chr5","58748869","58749162","chr17","20036136","20036429","5","38712733"
"chr5","58770042","58770344","chr17","20013495","20013797","4","38756547"
"chr5","58778459","58778734","chr17","20005107","20005377","8","38773352"
"chr5","58795469","58795729","chr12","93568458","93568715","39","34772989"
"chr5","58798543","58798850","chr2","74422514","74422818","68","15623971"
"chr5","58806707","58807004","chr10","69166845","69167141","38","10360138"
"chr5","58808127","58808395","chr17","19982446","19982716","6","38825681"
"chr5","58817777","58818037","chr18","2497471","2497736","42","56320306"
"chr5","58837415","58837723","chr17","19954942","19955251","7","38882473"
"chr5","58838619","58838917","chr17","19953751","19954049","4","38884868"
"chr5","58842443","58842647","chr17","19950021","19950225","3","38892422"
"chr5","58855051","58855350","chr17","19938238","19938536","6","38916813"
"chr5","58856056","58856367","chr17","19937220","19937531","6","38918836"
"chr5","58861198","58861496","chr17","19932169","19932471","14","38929029"
"chr5","58863670","58863950","chr17","19934733","19935009","28","38928937"
"chr5","58866163","58866474","chr17","19937220","19937531","5","38928943"
"chr5","58867972","58868267","chr17","19928596","19928891","8","38939376"
"chr5","58874854","58875165","chr17","19937220","19937531","5","38937634"
"chr5","58878615","58878738","chr17","19922420","19922543","2","38956195"
"chr5","58878955","58879031","chr17","19922128","19922204","3","38956827"
"chr5","58881457","58881753","chr17","19919402","19919727","35","38962055"
"chr5","58889230","58889385","chr17","19912569","19912724","0","38976661"
"chr5","58889680","58889821","chr17","19912133","19912274","2","38977547"
"chr5","58898724","58899030","chr17","19903209","19903515","4","38995515"
"chr5","58921124","58921320","chr17","19882123","19882305","20","39039001"
"chr5","58921590","58921689","chr17","19881760","19881859","0","39039830"
"chr5","58930544","58930851","chr17","19873821","19874132","8","39056723"
"chr5","58934989","58935283","chr17","19869383","19869676","5","39065606"
"chr5","58935286","58935595","chr17","19869068","19869380","12","39066218"
"chr5","58940205","58940517","chr17","19864186","19864485","24","39076019"
"chr5","58955496","58955807","chr8","42087223","42087533","40","16868273"
"chr5","58958846","58959135","chr4","70767686","70767978","37","11808840"
"chr5","58966980","58967288","chr17","19839383","19839690","9","39127597"
"chr5","58972424","58972626","chr1","11851710","11851906","30","47120714"
"chr5","58973317","58973619","chr17","19830746","19831043","9","39142571"
"chr5","58975276","58975538","chr17","19828828","19829090","1","39146448"
"chr5","58978670","58978945","chr17","19825428","19825702","5","39153242"
"chr5","58979900","58980195","chr17","19824178","19824474","7","39155722"
"chr5","58992614","58992921","chr17","19811433","19811741","3","39181181"
"chr5","59052134","59052430","chr17","19751711","19752015","10","39300423"
"chr5","59073468","59073776","chr17","19730454","19730762","4","39343014"
"chr5","59073777","59073898","chr17","19730332","19730453","2","39343445"
"chr5","59078064","59078349","chr17","19726027","19726328","27","39352037"
"chr5","59093166","59093454","chr17","19712105","19712394","3","39381061"
"chr5","59121950","59122225","chr17","19688584","19688856","13","39433366"
"chr5","59128482","59128731","chr19","34574338","34574588","42","24554144"
"chr5","59143022","59143328","chr7","95094598","95094905","44","35951576"
"chr5","59144050","59144374","chr16","53364385","53364700","40","5779665"
"chr5","59152115","59152428","chr17","19658443","19658771","133","39493672"
"chr5","59160773","59161089","chr17","19649895","19650210","7","39510878"
"chr5","59213008","59213299","chr17","19594664","19594975","26","39618344"
"chr5","59232814","59233094","chr17","19574655","19574935","5","39658159"
"chr5","59247832","59248140","chr17","19559524","19559832","3","39688308"
"chr5","59267905","59268216","chr17","19542780","19543091","10","39725125"
"chr5","59281812","59282123","chr17","19528810","19529121","3","39753002"
"chr5","59283691","59283990","chr17","19524278","19524579","6","39759413"
"chr5","59304232","59304361","chr17","19503829","19503958","3","39800403"
"chr5","59311258","59311569","chr17","19498860","19499173","12","39812398"
"chr5","59326258","59326548","chr17","19483856","19484154","13","39842402"
"chr5","59330815","59331123","chr17","19479274","19479576","9","39851541"
"chr5","59340487","59340610","chr17","19468465","19468588","2","39872022"
"chr5","59352302","59352600","chr17","19457491","19457782","11","39894811"
"chr5","59400488","59400790","chr17","19408481","19408789","11","39992007"
"chr5","59402052","59402347","chr12","50941893","50942181","59","8460159"
"chr5","59404946","59405279","chr17","19403962","19404295","6","40000984"
"chr5","59438970","59439252","chr17","19376491","19376787","22","40062479"
"chr5","59440451","59440742","chr17","19375016","19375305","9","40065435"
"chr5","59464653","59464955","chr17","19350835","19351138","4","40113818"
"chr5","59500020","59500318","chr17","19315490","19315784","9","40184530"
"chr5","59504927","59505238","chr17","19310568","19310877","10","40194359"
"chr5","59521714","59522016","chr12","112293084","112293386","35","52771370"
"chr5","59525816","59526118","chr17","19289725","19290020","12","40236091"
"chr5","59553564","59553852","chr17","19261906","19262194","3","40291658"
"chr5","59561177","59561473","chr17","19254274","19254566","11","40306903"
"chr5","59561581","59561882","chr17","19253860","19254161","1","40307721"
"chr5","59562739","59563032","chr10","35231025","35231310","56","24331714"
"chr5","59565342","59565647","chr17","19250097","19250395","18","40315245"
"chr5","59572018","59572162","chr17","19243693","19243837","2","40328325"
"chr5","59572465","59572629","chr17","19243221","19243384","3","40329244"
"chr5","59575297","59575590","chr17","19240251","19240545","9","40335046"
"chr5","59587565","59587856","chr17","19101998","19102304","18","40485567"
"chr5","59610950","59611100","chr17","19079476","19079626","1","40531474"
"chr5","59676972","59677280","chr17","19140292","19140601","10","40536680"
"chr5","59690735","59690969","chr17","19047705","19047939","5","40643030"
"chr5","59692556","59692687","chr3","61636492","61636621","11","1943936"
"chr5","59702032","59702321","chr17","19058966","19059255","7","40643066"
"chr5","59714842","59715133","chr17","19101998","19102304","17","40612844"
"chr5","59767213","59767447","chr17","19047705","19047939","5","40719508"
"chr5","59771029","59771335","chr11","62972949","62973248","57","3201920"
"chr5","59781069","59781284","chr17","9091979","9092188","29","50689090"
"chr5","59807716","59808024","chr1","114551776","114552084","44","54744060"
"chr5","59820938","59821245","chr7","27287780","27288084","34","32533158"
"chr5","59842267","59842387","chr17","18974191","18974311","1","40868076"
"chr5","59842681","59842844","chr17","18973702","18973873","9","40868979"
"chr5","59877173","59877386","chr4","33295005","33295215","44","26582168"
"chr5","59896163","59896276","chr11","75887747","75887863","21","15991584"
"chr5","59896307","59896459","chr17","18917395","18917546","3","40978912"
"chr5","59898829","59899128","chr17","18914730","18915025","6","40984099"
"chr5","59902831","59903132","chr15","79955966","79956267","2","20053135"
"chr5","59911087","59911397","chr17","18910137","18910445","9","41000950"
"chr5","59914699","59915024","chr17","18906521","18906846","3","41008178"
"chr5","59916987","59917277","chr17","18904255","18904545","12","41012732"
"chr5","59928722","59928913","chr1","11851710","11851906","34","48077012"
"chr5","59929230","59929525","chr10","99400659","99400955","29","39471429"
"chr5","59938127","59938428","chr17","18883988","18884289","6","41054139"
"chr5","59960040","59960359","chr19","16251825","16252142","44","43708215"
"chr5","59970822","59971128","chr17","18853789","18854101","13","41117033"
"chr5","60102713","60103009","chr17","15641847","15642143","1","44460866"
"chr5","60128759","60129064","chr17","18696578","18696884","6","41432181"
"chr5","60232359","60232666","chr17","5171884","5172191","10","55060475"
"chr5","60241104","60241353","chr17","18505257","18505535","31","41735847"
"chr5","60259378","60259646","chr14","92699856","92700126","37","32440478"
"chr5","60359895","60360102","chrX","19189550","19189763","24","41170345"
"chr5","60366558","60366853","chr15","25778877","25779174","36","34587681"
"chr5","60366854","60366980","chr12","118100088","118100213","12","57733234"
"chr5","60370402","60370537","chr17","18373382","18373517","3","41997020"
"chr5","60373586","60373892","chr17","18370044","18370347","5","42003542"
"chr5","60377642","60377938","chr9","92052535","92052831","41","31674893"
"chr5","60379046","60379189","chr16","11639713","11639854","19","48739333"
"chr5","60379486","60379646","chr12","26424588","26424756","32","33954898"
"chr5","60381700","60382014","chr17","18362309","18362623","6","42019391"
"chr5","60382835","60383009","chr17","18361328","18361502","3","42021507"
"chr5","60383320","60383455","chr17","18360888","18361023","2","42022432"
"chr5","60410701","60410996","chr17","18333947","18334241","6","42076754"
"chr5","60414510","60414802","chr17","18330142","18330435","6","42084368"
"chr5","60420036","60420342","chr17","49635633","49635933","46","10784403"
"chr5","60436104","60436378","chr4","5184440","5184714","39","55251664"
"chr5","60456725","60457026","chr17","18287252","18287553","4","42169473"
"chr5","60464130","60464418","chr17","18279869","18280156","6","42184261"
"chr5","60474689","60474990","chr17","18269314","18269616","6","42205375"
"chr5","60491040","60491340","chr17","18252879","18253157","25","42238161"
"chr5","60524013","60524147","chr17","18220079","18220213","4","42303934"
"chr5","60524454","60524646","chr17","18219582","18219772","4","42304872"
"chr5","60528223","60528520","chr8","55350728","55351040","57","5177495"
"chr5","60531138","60531379","chr17","18212856","18213097","2","42318282"
"chr5","60547235","60547544","chr5","63712321","63712624","45","3165086"
"chr5","60563169","60563468","chr17","18180494","18180789","7","42382675"
"chr5","60567734","60568033","chr17","18176568","18176834","35","42391166"
"chr5","60568993","60569309","chr17","18175291","18175595","18","42393702"
"chr5","60598845","60599130","chrX","112973460","112973750","48","52374615"
"chr5","60611957","60612248","chr17","18133666","18133957","2","42478291"
"chr5","60653067","60653346","chr17","18091304","18091583","5","42561763"
"chr5","60657567","60657880","chr17","18086872","18087185","4","42570695"
"chr5","60665694","60665980","chr17","18078750","18079037","7","42586944"
"chr5","60667068","60667366","chr17","18077358","18077657","4","42589710"
"chr5","60696495","60696780","chr17","18048207","18048492","5","42648288"
"chr5","60698762","60699067","chr17","18045613","18045919","11","42653149"
"chr5","60711102","60711397","chr17","18033087","18033382","6","42678015"
"chr5","60714703","60714957","chr17","18029580","18029833","9","42685123"
"chr5","60721096","60721393","chr12","122410459","122410758","37","61689363"
"chr5","60723579","60723857","chr2","24550827","24551112","46","36172752"
"chr5","60731824","60732125","chr7","67040564","67040863","47","6308740"
"chr5","60732430","60732694","chr17","18011832","18012093","8","42720598"
"chr5","60791649","60791914","chr3","66012521","66012788","36","5220872"
"chr5","60794480","60794775","chr17","17950163","17950458","4","42844317"
"chr5","60796286","60796591","chr17","17948367","17948661","12","42847919"
"chr5","60797943","60798232","chr17","17946732","17947019","9","42851211"
"chr5","60826825","60827120","chr17","17900250","17900551","12","42926575"
"chr5","60855502","60855808","chr17","17871388","17871694","8","42984114"
"chr5","60920530","60920827","chr2","24540461","24540758","29","36380069"
"chr5","61034446","61034746","chr17","17695518","17695821","7","43338928"
"chr5","61041757","61042062","chr17","17688203","17688506","15","43353554"
"chr5","61089401","61089705","chr6","73950588","73950895","44","12861187"
"chr5","61094232","61094541","chr5","101322966","101323273","44","40228734"
"chr5","61108054","61108361","chr17","17618563","17618870","5","43489491"
"chr5","61111070","61111373","chr17","17615556","17615863","9","43495514"
"chr5","61167100","61167401","chr17","17562529","17562830","7","43604571"
"chr5","61256892","61257185","chr17","17473808","17474105","8","43783084"
"chr5","61261046","61261339","chr17","17469636","17469929","2","43791410"
"chr5","61261637","61261947","chr17","17469015","17469338","15","43792622"
"chr5","61264622","61264927","chr17","17466039","17466344","2","43798583"
"chr5","61281023","61281141","chr11","114000001","114000117","16","52718978"
"chr5","61281893","61282188","chr17","17451657","17451964","23","43830236"
"chr5","61319430","61319763","chr17","17411244","17411562","21","43908186"
"chr5","61348074","61348382","chr17","17382690","17382995","9","43965384"
"chr5","61360652","61360939","chr17","17370132","17370420","5","43990520"
"chr5","61367936","61368013","chr19","54093906","54093993","16","7274030"
"chr5","61369965","61370278","chr17","17360813","17361128","6","44009152"
"chr5","61417874","61418189","chr17","17310555","17310871","2","44107319"
"chr5","61434553","61434842","chr10","93448714","93449003","38","32014161"
"chr5","61448207","61448349","chr10","119040590","119040724","17","57592383"
"chr5","61450602","61450913","chr17","17277864","17278165","20","44172738"
"chr5","61458689","61458978","chr10","93448714","93449003","38","31990025"
"chr5","61486381","61486677","chr17","17265402","17265696","12","44220979"
"chr5","61501815","61502108","chr17","17230915","17231208","5","44270900"
"chr5","61502464","61502753","chr17","17230269","17230558","6","44272195"
"chr5","61525620","61525724","chr19","6862577","6862682","17","54663043"
"chr5","61538801","61538949","chrX","114661526","114661670","21","53122725"
"chr5","61539240","61539538","chr17","17194557","17194855","8","44344683"
"chr5","61642494","61642783","chr17","17094620","17094907","8","44547874"
"chr5","61711045","61711351","chr17","17026166","17026475","11","44684879"
"chr5","61724537","61724847","chr17","15758722","15759027","18","45965815"
"chr5","61733686","61733759","chr4","84904870","84904937","13","23171184"
"chr5","61758281","61758588","chr9","133026842","133027148","38","71268561"
"chr5","61775873","61776193","chr17","16962225","16962541","10","44813648"
"chr5","61791564","61791873","chr17","16946576","16946881","14","44844988"
"chr5","61817796","61818031","chr17","16919676","16919921","14","44898120"
"chr5","62051071","62051380","chr17","16689195","16689493","15","45361876"
"chr5","62103586","62103894","chr17","16641272","16641581","9","45462314"
"chr5","62132794","62133080","chr17","16612059","16612345","5","45520735"
"chr5","62160804","62161109","chr19","6760094","6760407","31","55400710"
"chr5","62186927","62187234","chr17","16559957","16560261","6","45626970"
"chr5","62261513","62261779","chrX","77834359","77834633","56","15572846"
"chr5","62301593","62301842","chr17","16447340","16447585","13","45854253"
"chr5","62336300","62336595","chr17","16412805","16413098","5","45923495"
"chr5","62344718","62344990","chr17","16404432","16404704","6","45940286"
"chr5","62353603","62353912","chr17","22225363","22225672","5","40128240"
"chr5","62355338","62355498","chr17","16394008","16394168","7","45961330"
"chr5","62358680","62358953","chr17","22220343","22220626","22","40138337"
"chr5","62364934","62365221","chr17","16383723","16383998","16","45981211"
"chr5","62377339","62377650","chr17","16371447","16371759","7","46005892"
"chr5","62377952","62378254","chr17","16370863","16371147","20","46007089"
"chr5","62389933","62390250","chr17","16358865","16359182","5","46031068"
"chr5","62392259","62392566","chr17","16356534","16356841","8","46035725"
"chr5","62421059","62421118","chr17","16332727","16332786","1","46088332"
"chr5","62423313","62423613","chr17","16330227","16330525","7","46093086"
"chr5","62432583","62432887","chr17","16320936","16321237","7","46111647"
"chr5","62443658","62443964","chr17","16309797","16310136","39","46133861"
"chr5","62462231","62462485","chr17","16290080","16290336","10","46172151"
"chr5","62490318","62490610","chr17","16261941","16262233","5","46228377"
"chr5","62506866","62507164","chr8","94754789","94755087","7","32247923"
"chr5","62511064","62511316","chr17","16242695","16242907","41","46268369"
"chr5","62516189","62516497","chr7","92595885","92596186","47","30079696"
"chr5","62516608","62516914","chr17","16237102","16237407","5","46279506"
"chr5","62519528","62519809","chr12","122448194","122448489","44","59928666"
"chr5","62526988","62527315","chr1","244610745","244611059","54","182083757"
"chr5","62527804","62528114","chr17","16227099","16227408","23","46300705"
"chr5","62533061","62533189","chr17","16221919","16222047","3","46311142"
"chr5","62533489","62533588","chr2","134725171","134725272","31","72191682"
"chr5","62535071","62535368","chr17","16219564","16219861","8","46315507"
"chr5","62535955","62536269","chr17","16218678","16218979","15","46317277"
"chr5","62538430","62538727","chr17","16216219","16216513","11","46322211"
"chr5","62561669","62561973","chr17","16195190","16195499","12","46366479"
"chr5","62575875","62576179","chr17","16180877","16181180","9","46394998"
"chr5","62581752","62582057","chr17","16175086","16175387","21","46406666"
"chr5","62583953","62584229","chr17","16172944","16173220","4","46411009"
"chr5","62596928","62597225","chr17","16157977","16158273","4","46438951"
"chr5","62598726","62599040","chr2","158826510","158826814","43","96227784"
"chr5","62599839","62600137","chr17","16155070","16155369","16","46444769"
"chr5","62616593","62616893","chr17","16138303","16138603","7","46478290"
"chr5","62621924","62622236","chr17","16132957","16133268","9","46488967"
"chr5","62641173","62641503","chr17","16113611","16113916","28","46527562"
"chr5","62643664","62643967","chr17","16111320","16111641","25","46532344"
"chr5","62760579","62760882","chr17","15993949","15994252","4","46766630"
"chr5","62793395","62793691","chr17","15955718","15956008","10","46837677"
"chr5","62799858","62800153","chr15","51949418","51949716","42","10850440"
"chr5","62813256","62813568","chr17","15935867","15936183","10","46877389"
"chr5","62814329","62814638","chr17","15934821","15935106","27","46879508"
"chr5","62818847","62819155","chrX","12801597","12801908","45","50017250"
"chr5","62850757","62851067","chr17","15898948","15899246","13","46951809"
"chr5","62857470","62857576","chr17","15892469","15892581","7","46965001"
"chr5","62865161","62865472","chr17","15885432","15885735","11","46979729"
"chr5","62880247","62880490","chr6","57513612","57513856","58","5366635"
"chr5","62893901","62894202","chr17","15854927","15855230","8","47038974"
"chr5","62902344","62902654","chr17","15846482","15846793","9","47055862"
"chr5","62930021","62930327","chr17","15805110","15805414","11","47124911"
"chr5","62958365","62958658","chr1","156985433","156985723","53","94027068"
"chr5","63030840","63031121","chr17","15685470","15685752","4","47345370"
"chr5","63066781","63067083","chr17","15644184","15644486","4","47422597"
"chr5","63080746","63081036","chr17","15632107","15632404","13","47448639"
"chr5","63169630","63169792","chr2","218776804","218776946","36","155607174"
"chr5","63170085","63170237","chr5","37485705","37485858","33","25684380"
"chr5","63192681","63192935","chr14","63403145","63403410","51","210464"
"chr5","63212504","63212803","chr5","80670839","80671137","4","17458335"
"chr5","63227987","63228238","chr5","80686298","80686565","24","17458311"
"chr5","63233414","63233551","chr22","42488274","42488412","13","20745140"
"chr5","63239707","63239978","chr5","80700098","80700369","5","17460391"
"chr5","63242336","63242609","chr5","80702730","80703003","1","17460394"
"chr5","63251443","63251753","chr5","80711645","80711953","10","17460202"
"chr5","63270758","63271063","chr5","80730895","80731202","6","17460137"
"chr5","63323521","63323826","chr5","80783933","80784239","4","17460412"
"chr5","63329166","63329472","chr19","4924827","4925126","42","58404339"
"chr5","63335582","63335822","chr5","80795767","80795998","16","17460185"
"chr5","63345412","63345699","chr5","80805594","80805886","19","17460182"
"chr5","63375350","63375646","chr5","80835633","80835929","6","17460283"
"chr5","63386903","63387186","chr1","92302003","92302281","45","28915100"
"chr5","63429579","63429890","chr5","80887187","80887498","9","17457608"
"chr5","63430087","63430396","chr5","80887739","80888018","35","17457652"
"chr5","63513359","63513648","chr5","80972486","80972774","5","17459127"
"chr5","63521221","63521532","chr5","80980358","80980670","6","17459137"
"chr5","63549000","63549308","chr2","199511028","199511333","32","135962028"
"chr5","63642106","63642417","chr5","81102413","81102715","17","17460307"
"chr5","63691855","63692153","chr5","81151998","81152301","14","17460143"
"chr5","63739077","63739387","chr5","81199611","81199919","14","17460534"
"chr5","63754485","63754646","chr5","81215058","81215219","7","17460573"
"chr5","63756980","63757156","chr1","224757961","224758138","29","161000981"
"chr5","63757463","63757585","chr5","81218041","81218163","0","17460578"
"chr5","63824180","63824430","chr12","28039332","28039582","39","35784848"
"chr5","63881316","63881639","chr5","81342900","81343223","8","17461584"
"chr5","63893115","63893392","chr5","81354705","81354983","7","17461590"
"chr5","63899158","63899468","chr5","81360781","81361103","18","17461623"
"chr5","63934134","63934364","chr8","102533377","102533605","36","38599243"
"chr5","63953518","63953819","chr5","81415947","81416246","17","17462429"
"chr5","63981739","63981888","chr4","151154434","151154578","14","87172695"
"chr5","63981914","63982148","chr10","16312276","16312508","37","47669638"
"chr5","64000384","64000649","chr5","81463418","81463683","6","17463034"
"chr5","64016226","64016525","chr8","54428039","54428336","40","9588187"
"chr5","64018888","64019177","chr5","81481950","81482242","5","17463062"
"chr5","64029095","64029399","chr10","52425908","52426215","33","11603187"
"chr5","64124274","64124557","chr5","81587450","81587733","7","17463176"
"chr5","64198835","64199153","chr5","81664111","81664425","11","17465276"
"chr5","64213732","64214030","chr5","81679005","81679306","7","17465273"
"chr5","64229808","64230102","chr5","81698530","81698820","9","17468722"
"chr5","64240753","64241047","chr5","81698530","81698820","9","17457777"
"chr5","64289047","64289341","chr5","81738883","81739193","25","17449836"
"chr5","64319832","64320116","chr19","47245088","47245365","40","17074744"
"chr5","64462689","64462979","chr5","81913161","81913451","7","17450472"
"chr5","64467060","64467161","chr5","81917533","81917634","4","17450473"
"chr5","64477471","64477770","chr5","81927391","81927699","13","17449920"
"chr5","64481181","64481474","chr5","81931099","81931392","3","17449918"
"chr5","64532083","64532411","chr5","81986763","81987088","7","17454680"
"chr5","64533767","64534056","chr5","81988444","81988733","3","17454677"
"chr5","64537749","64538040","chr5","81992412","81992703","7","17454663"
"chr5","64558004","64558309","chr5","82012651","82012945","22","17454647"
"chr5","64622218","64622499","chr5","82075654","82075934","7","17453436"
"chr5","64623608","64623900","chr5","82077043","82077335","2","17453435"
"chr5","64693981","64694284","chr5","82147166","82147469","7","17453185"
"chr5","64736515","64736823","chr5","82189616","82189924","4","17453101"
"chr5","64827342","64827650","chrX","49083666","49083975","39","15743676"
"chr5","64831364","64831673","chr5","82282943","82283259","14","17451579"
"chr5","65011307","65011577","chr5","82464279","82464536","16","17452972"
"chr5","65107419","65107709","chr5","82554960","82555249","11","17447541"
"chr5","65196028","65196320","chr5","82643883","82644178","13","17447855"
"chr5","65470230","65470524","chr5","82916320","82916614","0","17446090"
"chr5","65599071","65599387","chr5","83046796","83047112","5","17447725"
"chr5","65621831","65622116","chr5","83067523","83067802","9","17445692"
"chr5","65637702","65638018","chr5","83080246","83080542","35","17442544"
"chr5","65644846","65645138","chr5","83087381","83087674","6","17442535"
"chr5","65687274","65687583","chr5","83116609","83116921","13","17429335"
"chr5","65693034","65693343","chr5","83116609","83116921","13","17423575"
"chr5","65739315","65739666","chr5","83162935","83163246","44","17423620"
"chr5","65742688","65742781","chr10","86837278","86837369","13","21094590"
"chr5","65752147","65752440","chr3","134110251","134110549","50","68358104"
"chr5","65825499","65825817","chr5","83233606","83233923","7","17408107"
"chr5","65894329","65894625","chr5","83302931","83303233","10","17408602"
"chr5","65981477","65981773","chr5","83394598","83394894","3","17413121"
"chr5","66108080","66108375","chrX","134441018","134441318","29","68332938"
"chr5","66252785","66253092","chr5","83649438","83649748","8","17396653"
"chr5","66259450","66259761","chr5","83656046","83656353","6","17396596"
"chr5","66267794","66268085","chr5","83664388","83664677","7","17396594"
"chr5","66374551","66374828","chr5","83771327","83771604","7","17396776"
"chr5","66410267","66410539","chr5","83807051","83807350","30","17396784"
"chr5","66441534","66441838","chr5","83835384","83835687","8","17393850"
"chr5","66511067","66511362","chr5","83904831","83905129","7","17393764"
"chr5","66544768","66545063","chr5","83938396","83938687","7","17393628"
"chr5","66573448","66573754","chr6","22403673","22403986","53","44169775"
"chr5","66614396","66614705","chr5","84008831","84009111","49","17394435"
"chr5","66639156","66639461","chr3","57411246","57411555","56","9227910"
"chr5","66959041","66959332","chr5","84354375","84354669","8","17395334"
"chr5","66962279","66962587","chr5","84357607","84357907","10","17395328"
"chr5","66972174","66972460","chr5","84367501","84367787","1","17395327"
"chr5","67009233","67009515","chr5","84404693","84404975","10","17395460"
"chr5","67139593","67139884","chr12","122919882","122920180","56","55780289"
"chr5","67162789","67162836","chr2","35177024","35177069","11","31985765"
"chr5","67171004","67171186","chr1","16490173","16490358","25","50680831"
"chr5","67183913","67184195","chr9","730410","730696","47","66453503"
"chr5","67238961","67239253","chr5","84618986","84619280","7","17380025"
"chr5","67298633","67298920","chr5","84678721","84679013","10","17380088"
"chr5","67404271","67404580","chr5","84777129","84777427","15","17372858"
"chr5","67438735","67439016","chr5","84811184","84811465","1","17372449"
"chr5","67445393","67445697","chr5","84817843","84818148","7","17372450"
"chr5","67471024","67471304","chr2","177830318","177830601","34","110359294"
"chr5","67471357","67471368","chr3","63620262","63620273","0","3851095"
"chr5","67495864","67496138","chr5","87033399","87033673","55","19537535"
"chr5","67500575","67500871","chr5","84873041","84873333","10","17372466"
"chr5","67563056","67563287","chr14","63797512","63797741","33","3765544"
"chr5","67566912","67567219","chr5","84933790","84934098","4","17366878"
"chr5","67615767","67616078","chr5","132196579","132196888","45","64580812"
"chr5","67680481","67680776","chr5","85044441","85044735","11","17363960"
"chr5","67909813","67910069","chr4","79725132","79725386","34","11815319"
"chr5","67958380","67958666","chr3","2824674","2824961","47","65133706"
"chr5","68017276","68017555","chr5","85374982","85375261","6","17357706"
"chr5","68068448","68068748","chr5","85426428","85426736","16","17357980"
"chr5","68583582","68583884","chr1","212401676","212401974","50","143818094"
"chr5","68750878","68751135","chr5","86103418","86103674","9","17352540"
"chr5","68842939","68843239","chr5","86193816","86194122","9","17350877"
"chr5","68868811","68869088","chr5","86219406","86219684","4","17350595"
"chr5","68985108","68985388","chr5","86348452","86348732","6","17363344"
"chr5","69124696","69124984","chr5","86470519","86470807","5","17345823"
"chr5","69131992","69132296","chr5","86477818","86478113","12","17345826"
"chr5","69322060","69322346","chr5","86665418","86665697","10","17343358"
"chr5","69416538","69416653","chr3","173224309","173224424","14","103807771"
"chr5","69420039","69420340","chr5","86759047","86759349","8","17339008"
"chr5","69470421","69470717","chr15","51949418","51949716","34","17521003"
"chr5","69643299","69643576","chr5","86956390","86956667","1","17313091"
"chr5","69740376","69740650","chr5","87033399","87033673","7","17293023"
"chr5","69812038","69812308","chr5","87103064","87103345","12","17291026"
"chr5","69875892","69876183","chr5","87153765","87154055","4","17277873"
"chr5","69878905","69879169","chr5","87156778","87157044","8","17277873"
"chr5","69890473","69890758","chr5","87168346","87168627","10","17277873"
"chr5","69895336","69895630","chr5","87173163","87173457","1","17277827"
"chr5","69918939","69919216","chr5","87196752","87197029","6","17277813"
"chr5","69963652","69963933","chr2","231023968","231024248","52","161060316"
"chr5","69967196","69967504","chr5","87244785","87245094","6","17277589"
"chr5","70008156","70008476","chr2","233236522","233236828","53","163228366"
"chr5","70009427","70009733","chr5","87281574","87281880","6","17272147"
"chr5","70013849","70014115","chr5","87285999","87286266","2","17272150"
"chr5","70023560","70023849","chr5","87295823","87296116","15","17272263"
"chr5","70032216","70032508","chr5","87304471","87304766","9","17272255"
"chr5","70142812","70143085","chr5","87414951","87415223","6","17272139"
"chr5","70165115","70165398","chr5","87437252","87437535","4","17272137"
"chr5","70234742","70235030","chr5","87504824","87505112","8","17270082"
"chr5","70379725","70380038","chr5","87649374","87649684","9","17269649"
"chr5","70415974","70416272","chr5","87685676","87685974","6","17269702"
"chr5","70469685","70469984","chr5","87739725","87740012","19","17270040"
"chr5","70543294","70543408","chr5","87811230","87811344","1","17267936"
"chr5","70712345","70712650","chr5","87955190","87955487","15","17242845"
"chr5","70786268","70786550","chr5","88028321","88028603","8","17242053"
"chr5","70841467","70841721","chr5","88082470","88082691","37","17241003"
"chr5","71021440","71021724","chr5","88256994","88257270","11","17235554"
"chr5","71060662","71060931","chr5","88296188","88296457","5","17235526"
"chr5","71086628","71086931","chr17","9274741","9275050","54","61811887"
"chr5","71111121","71111429","chrX","17299959","17300263","45","53811162"
"chr5","71189884","71190188","chr5","88421791","88422096","8","17231907"
"chr5","71304547","71304856","chr5","88535279","88535579","13","17230732"
"chr5","71348749","71349059","chr5","88580821","88581135","10","17232072"
"chr5","71392386","71392663","chr5","88626115","88626391","5","17233729"
"chr5","71395010","71395221","chrX","19189550","19189763","29","52205460"
"chr5","71477404","71477699","chr5","88705517","88705810","7","17228113"
"chr5","71481402","71481636","chr5","88709521","88709755","2","17228119"
"chr5","71552986","71553298","chr5","88781690","88781997","9","17228704"
"chr5","71559474","71559804","chr5","88788179","88788509","39","17228705"
"chr5","71688344","71688643","chr7","67319651","67319945","13","4368693"
"chr5","71733688","71733969","chr5","88961657","88961938","5","17227969"
"chr5","71737475","71737732","chr5","88965439","88965695","6","17227964"
"chr5","71804425","71804723","chr5","89034020","89034331","21","17229595"
"chr5","71838602","71838890","chr5","89068224","89068539","31","17229622"
"chr5","71878294","71878581","chr5","89107828","89108114","6","17229534"
"chr5","71971680","71971981","chr5","89198800","89199101","3","17227120"
"chr5","71974825","71975115","chr5","89201949","89202241","15","17227124"
"chr5","72240368","72240677","chr5","89467294","89467612","12","17226926"
"chr5","72327720","72328023","chr5","89554895","89555197","8","17227175"
"chr5","72374847","72375153","chr5","89601872","89602174","7","17227025"
"chr5","72415067","72415366","chr5","89640269","89640568","5","17225202"
"chr5","72423456","72423740","chr5","89648666","89648950","7","17225210"
"chr5","72447412","72447715","chr5","89672649","89672953","8","17225237"
"chr5","72456224","72456516","chr5","89681485","89681774","6","17225261"
"chr5","72591315","72591626","chr5","89825649","89825955","7","17234334"
"chr5","72724725","72725066","chr4","40866713","40867055","80","31858012"
"chr5","72788367","72788664","chr5","90020042","90020339","6","17231675"
"chr5","72837660","72837966","chr3","53556712","53557014","45","19280948"
"chr5","73012726","73012854","chr5","90244394","90244522","1","17231668"
"chr5","73056185","73056479","chr5","90286664","90286962","8","17230479"
"chr5","73095965","73096182","chr5","90330792","90331009","10","17234827"
"chr5","73101257","73101541","chr5","90336038","90336348","32","17234781"
"chr5","73148343","73148635","chr5","90383172","90383464","2","17234829"
"chr5","73181332","73181644","chr5","90416464","90416777","5","17235132"
"chr5","73216270","73216579","chr5","90450640","90450946","12","17234370"
"chr5","73220250","73220567","chr3","129634783","129635095","49","56414533"
"chr5","73220635","73220949","chr1","118429753","118430058","50","45209118"
"chr5","73235607","73235901","chr5","90466857","90467151","9","17231250"
"chr5","73244454","73244756","chr4","175645439","175645744","38","102400985"
"chr5","73252275","73252494","chr5","90483523","90483742","0","17231248"
"chr5","73258034","73258340","chr5","90489259","90489566","5","17231225"
"chr5","73262444","73262749","chr5","90493677","90494010","34","17231233"
"chr5","73274690","73274973","chr5","90505955","90506237","15","17231265"
"chr5","73357713","73358025","chr5","90587545","90587858","10","17229832"
"chr5","73406651","73406954","chr19","5769807","5770105","54","67636844"
"chr5","73420552","73420849","chr5","90649491","90649788","4","17228939"
"chr5","73495248","73495533","chr5","90724243","90724528","7","17228995"
"chr5","73573342","73573637","chr5","90802235","90802530","3","17228893"
"chr5","73591517","73591817","chr5","90824934","90825236","12","17233417"
"chr5","73609104","73609375","chr5","90842450","90842728","11","17233346"
"chr5","73646147","73646436","chr5","90879665","90879954","4","17233518"
"chr5","73829637","73829934","chr3","109221669","109221964","47","35392032"
"chr5","73871914","73872233","chr2","71493571","71493881","52","2378343"
"chr5","73887950","73888253","chr4","127906676","127906976","39","54018726"
"chr5","73905837","73906129","chr5","91138773","91139066","4","17232936"
"chr5","73916645","73916955","chr5","91149550","91149861","7","17232905"
"chr5","73939546","73939854","chr5","91172510","91172822","8","17232964"
"chr5","73947512","73947814","chr5","91180491","91180793","17","17232979"
"chr5","73950251","73950474","chr5","91183218","91183441","3","17232967"
"chr5","73990158","73990469","chr5","91222762","91223074","4","17232604"
"chr5","74007204","74007491","chr5","91239809","91240096","6","17232605"
"chr5","74008834","74009138","chr5","91241436","91241740","6","17232602"
"chr5","74009305","74009583","chr6","157320468","157320743","48","83311163"
"chr5","74013900","74014224","chr5","91246492","91246812","13","17232592"
"chr5","74017134","74017436","chr5","91249751","91250055","4","17232617"
"chr5","74018239","74018560","chr5","91250860","91251185","16","17232621"
"chr5","74032885","74033179","chr5","91265604","91265898","7","17232719"
"chr5","74037137","74037405","chr5","91269810","91270096","21","17232673"
"chr5","74041342","74041518","chrX","30605782","30605950","20","43435560"
"chr5","74042310","74042596","chr5","91276471","91276761","5","17234161"
"chr5","74048741","74049043","chr5","91283178","91283479","4","17234437"
"chr5","74061808","74062117","chr5","91296215","91296524","6","17234407"
"chr5","74064946","74065262","chr5","91299317","91299630","13","17234371"
"chr5","74066504","74066801","chr5","91300874","91301177","12","17234370"
"chr5","74066807","74066930","chr5","91301185","91301308","2","17234378"
"chr5","74073913","74074215","chr5","91308274","91308569","16","17234361"
"chr5","74074425","74074726","chr5","91308788","91309086","12","17234363"
"chr5","74081190","74081481","chr5","91315562","91315853","8","17234372"
"chr5","74082143","74082425","chr5","91316526","91316804","9","17234383"
"chr5","74085941","74086056","chr5","91320393","91320509","5","17234452"
"chr5","74106419","74106727","chr5","91338165","91338473","5","17231746"
"chr5","74110850","74111138","chr5","91342400","91342688","9","17231550"
"chr5","74123872","74124177","chr5","91355945","91356250","5","17232073"
"chr5","74126810","74126943","chr1","160994387","160994521","17","86867577"
"chr5","74127255","74127452","chr1","199923847","199924043","41","125796592"
"chr5","74158254","74158565","chr5","91398604","91398908","12","17240350"
"chr5","74161930","74162211","chr5","91401612","91401893","2","17239682"
"chr5","74170123","74170410","chr5","91409799","91410084","5","17239676"
"chr5","74183778","74184057","chr3","9970928","9971213","50","64212850"
"chr5","74205938","74206235","chr10","121255591","121255887","52","47049653"
"chr5","74210869","74211151","chrX","54354815","54355088","38","19856054"
"chr5","74226495","74226777","chrX","54354815","54355088","38","19871680"
"chr5","74241844","74242155","chr1","151842468","151842780","43","77600624"
"chr5","74299306","74299606","chr5","91537365","91537663","10","17238059"
"chr5","74314722","74315026","chr7","42656263","42656564","49","31658459"
"chr5","74337548","74337848","chr5","91575675","91575970","12","17238127"
"chr5","74345472","74345767","chr5","91583582","91583874","10","17238110"
"chr5","74418338","74418647","chr5","91656220","91656514","17","17237882"
"chr5","74422974","74423264","chr2","9380213","9380497","47","65042761"
"chr5","74494886","74495198","chr5","91732781","91733097","9","17237895"
"chr5","74518756","74519097","chr21","30949004","30949335","51","43569752"
"chr5","74610450","74610738","chr5","91844715","91845003","8","17234265"
"chr5","74611006","74611301","chr20","31978854","31979149","33","42632152"
"chr5","74714763","74715077","chr6","170270698","170271009","52","95555935"
"chr5","74956015","74956308","chr5","92173059","92173354","7","17217044"
"chr5","75374334","75374507","chr1","109233685","109233862","31","33859351"
"chr5","75374552","75374671","chr6","18398574","18398693","22","56975978"
"chr5","75424766","75425077","chr7","25096729","25097037","30","50328037"
"chr5","75425429","75425721","chr9","76684757","76685051","48","1259328"
"chr5","75479010","75479239","chr5","92690901","92691130","2","17211891"
"chr5","75527020","75527331","chr5","92738826","92739137","8","17211806"
"chr5","75690240","75690561","chr9","118528405","118528731","45","42838165"
"chr5","76011576","76011893","chr6","107021059","107021370","39","31009483"
"chr5","76122227","76122526","chr5","93337848","93338147","9","17215621"
"chr5","76207896","76208193","chr1","24037042","24037342","44","52170854"
"chr5","76214082","76214387","chr5","93426044","93426347","3","17211962"
"chr5","76245816","76246126","chr5","93458728","93459038","3","17212912"
"chr5","76288103","76288395","chr10","114511375","114511664","34","38223272"
"chr5","76326721","76327008","chr5","93538997","93539284","3","17212276"
"chr5","76336275","76336597","chr5","93548581","93548898","8","17212306"
"chr5","76524511","76524716","chr5","93734851","93735056","4","17210340"
"chr5","76566162","76566449","chr5","93776496","93776796","20","17210334"
"chr5","76633559","76633852","chr5","93844164","93844468","16","17210605"
"chr5","76661354","76661663","chr5","93871943","93872247","12","17210589"
"chr5","76739235","76739485","chr5","93950411","93950661","2","17211176"
"chr5","76796534","76796834","chr5","94007493","94007791","13","17210959"
"chr5","76818017","76818305","chr3","184294206","184294492","53","107476189"
"chr5","76838654","76838953","chr8","28391577","28391870","39","48447077"
"chr5","76840938","76841246","chr5","94051812","94052120","3","17210874"
"chr5","76842890","76843195","chr5","94053761","94054066","5","17210871"
"chr5","76848460","76848754","chr5","94059341","94059647","13","17210881"
"chr5","76924997","76925248","chr5","94122144","94122395","1","17197147"
"chr5","77308762","77309063","chr5","94469171","94469471","7","17160409"
"chr5","77352458","77352756","chr5","94505078","94505378","6","17152620"
"chr5","77419551","77419855","chr5","94573271","94573571","7","17153720"
"chr5","77435919","77436226","chr5","94589987","94590294","12","17154068"
"chr5","77454193","77454374","chr5","94608250","94608451","22","17154057"
"chr5","77454416","77454435","chr8","97751903","97751916","7","20297487"
"chr5","77454461","77454609","chr5","139455695","139455841","24","62001234"
"chr5","77456115","77456432","chr5","94610139","94610456","3","17154024"
"chr5","77465919","77466205","chr5","94619888","94620170","6","17153969"
"chr5","77829280","77829579","chr5","94930268","94930572","14","17100988"
"chr5","77885675","77885980","chr5","94986505","94986810","5","17100830"
"chr5","77953684","77953951","chr5","95054802","95055065","7","17101118"
"chr5","78083477","78083773","chr5","95176243","95176539","2","17092766"
"chr5","78106734","78107035","chr5","95199577","95199878","3","17092843"
"chr5","78229896","78230184","chr17","59264848","59265140","42","18965048"
"chr5","78297250","78297540","chr5","95389100","95389390","3","17091850"
"chr5","78319265","78319573","chr5","95409150","95409458","7","17089885"
"chr5","78434942","78435240","chr5","95524884","95525182","4","17089942"
"chr5","78436532","78436820","chr5","95526470","95526762","8","17089938"
"chr5","78449622","78449925","chr5","95539562","95539861","6","17089940"
"chr5","78486615","78486747","chr5","95576605","95576735","7","17089990"
"chr5","78506579","78506876","chr5","95597612","95597904","8","17091033"
"chr5","78604870","78605172","chr5","95695316","95695618","6","17090446"
"chr5","78612958","78613264","chr5","95703352","95703656","7","17090394"
"chr5","78626644","78626710","chr1","35403967","35404033","6","43222677"
"chr5","78653770","78654060","chr5","95743714","95744008","12","17089944"
"chr5","78678133","78678434","chr1","174759314","174759617","45","96081181"
"chr5","78702423","78702642","chr5","95791628","95791845","7","17089205"
"chr5","78705604","78705912","chr5","95794821","95795118","14","17089217"
"chr5","78716636","78716823","chr5","95805826","95806013","7","17089190"
"chr5","78717127","78717262","chr5","95806320","95806455","5","17089193"
"chr5","78718365","78718668","chr5","95807553","95807853","9","17089188"
"chr5","78720885","78721204","chr5","95810074","95810392","8","17089189"
"chr5","78747864","78748178","chr5","95837065","95837377","8","17089201"
"chr5","78760014","78760309","chr5","95849213","95849508","9","17089199"
"chr5","78782247","78782542","chr16","3287970","3288266","45","75494277"
"chr5","78825552","78825846","chr10","32116468","32116759","52","46709084"
"chr5","78901945","78902139","chr14","72846131","72846328","43","6055814"
"chr5","78920366","78920666","chr16","3287970","3288266","39","75632396"
"chr5","79078108","79078398","chr5","96159865","96160155","5","17081757"
"chr5","79257568","79257885","chr5","96317182","96317504","14","17059614"
"chr5","79265289","79265589","chr5","96324924","96325223","6","17059635"
"chr5","79265842","79266150","chr5","96325471","96325779","13","17059629"
"chr5","79316736","79317043","chr5","96376432","96376739","7","17059696"
"chr5","79557052","79557344","chr1","204668313","204668600","57","125111261"
"chr5","79603915","79604220","chr5","96638124","96638435","12","17034209"
"chr5","79610514","79610816","chr5","96644694","96644996","5","17034180"
"chr5","79626906","79627217","chr5","96661132","96661443","20","17034226"
"chr5","79666955","79667246","chr5","96701526","96701820","6","17034571"
"chr5","79704300","79704589","chr5","96738040","96738329","5","17033740"
"chr5","79812912","79813227","chr5","96836190","96836501","15","17023278"
"chr5","79824778","79825091","chr5","96848037","96848350","6","17023259"
"chr5","79874955","79875235","chr5","96897915","96898197","5","17022960"
"chr5","79933116","79933421","chr5","96955333","96955638","7","17022217"
"chr5","79961182","79961481","chr5","96983445","96983744","2","17022263"
"chr5","80125727","80125963","chr5","97147494","97147730","4","17021767"
"chr5","80204070","80204356","chr5","97225920","97226216","23","17021850"
"chr5","80320395","80320691","chr5","97323448","97323740","16","17003053"
"chr5","80345438","80345748","chr5","97348473","97348795","18","17003035"
"chr5","80371417","80371672","chr5","97374479","97374734","5","17003062"
"chr5","80456661","80456797","chr5","97459197","97459333","1","17002536"
"chr5","80503361","80503656","chr5","97505946","97506242","24","17002585"
"chr5","80553483","80553793","chr5","97551551","97551862","5","16998068"
"chr5","80565950","80566258","chr22","42665947","42666257","31","37900003"
"chr5","80667242","80667553","chr5","97661689","97662000","13","16994447"
"chr5","80844576","80844870","chr5","97850597","97850891","7","17006021"
"chr5","80903575","80903869","chr5","97908677","97908969","12","17005102"
"chr5","80966055","80966354","chr5","97971173","97971481","13","17005118"
"chr5","81271261","81271568","chr9","83925654","83925961","46","2654393"
"chr5","81456078","81456380","chr5","98469731","98470036","10","17013653"
"chr5","81596063","81596316","chr5","98627778","98628032","9","17031715"
"chr5","81618528","81618825","chr5","98650362","98650659","5","17031834"
"chr5","81639629","81639939","chr5","98650362","98650659","18","17010733"
"chr5","81647777","81647926","chr12","104040985","104041131","20","22393208"
"chr5","81741467","81741767","chr5","98750475","98750775","3","17009008"
"chr5","81753838","81754143","chr5","98762854","98763159","4","17009016"
"chr5","81789016","81789306","chr5","98798077","98798368","8","17009061"
"chr5","81842307","81842596","chr5","98852019","98852307","6","17009712"
"chr5","81852228","81852505","chr5","98861904","98862181","5","17009676"
"chr5","81886204","81886454","chr5","98895925","98896167","12","17009721"
"chr5","81914995","81915300","chr4","170070910","170071211","38","88155915"
"chr5","81937751","81938027","chr5","98948916","98949192","2","17011165"
"chr5","81952732","81953028","chr5","98972389","98972685","9","17019657"
"chr5","81972514","81972810","chr5","98972389","98972685","6","16999875"
"chr5","81979618","81979909","chr5","98979560","98979853","10","16999942"
"chr5","82006372","82006689","chr5","99026912","99027260","36","17020540"
"chr5","82036972","82037274","chr5","99057259","99057560","4","17020287"
"chr5","82054631","82054926","chr5","99074693","99074996","13","17020062"
"chr5","82064763","82065057","chr5","99084796","99085094","10","17020033"
"chr5","82128313","82128606","chr15","51446033","51446319","54","30682280"
"chr5","82136902","82137184","chr5","99161772","99162045","22","17024870"
"chr5","82139121","82139421","chr5","99163980","99164280","9","17024859"
"chr5","82244534","82244777","chr4","6983030","6983271","33","75261504"
"chr5","82312796","82313101","chr5","99338498","99338802","12","17025702"
"chr5","82409590","82409893","chr5","99439901","99440208","10","17030311"
"chr5","82464945","82465242","chr5","99512922","99513218","7","17047977"
"chr5","82476862","82476998","chr10","18602534","18602669","9","63874328"
"chr5","82564560","82564846","chr5","99605857","99606141","9","17041297"
"chr5","82609507","82609804","chr5","99647846","99648142","6","17038339"
"chr5","82610930","82611219","chr5","99649272","99649568","16","17038342"
"chr5","82941039","82941346","chr9","21758161","21758468","58","61182878"
"chr5","82945451","82945723","chr5","99983762","99984033","10","17038311"
"chr5","83037401","83037692","chr14","43574364","43574654","45","39463037"
"chr5","83111517","83111801","chr5","99533189","99533473","6","16421672"
"chr5","83178656","83178988","chr5","100442520","100442858","11","17263864"
"chr5","83222478","83222763","chr5","100494577","100494862","3","17272099"
"chr5","83250239","83250550","chr5","100523210","100523521","7","17272971"
"chr5","83307993","83308078","chr5","100581471","100581556","0","17273478"
"chr5","83311943","83312236","chr5","100585420","100585713","3","17273477"
"chr5","83412487","83412619","chr5","100673249","100673381","2","17260762"
"chr5","83414318","83414621","chr1","110369318","110369610","62","26955000"
"chr5","83436454","83436747","chr8","73222682","73222978","37","10213772"
"chr5","83603500","83603824","chr5","100850955","100851260","27","17247455"
"chr5","83656016","83656328","chr5","100850955","100851260","16","17194939"
"chr5","83915738","83916057","chr3","37818252","37818562","47","46097486"
"chr5","83959289","83959532","chr5","101142379","101142622","6","17183090"
"chr5","84147838","84148156","chr5","101322966","101323273","23","17175128"
"chr5","84176787","84177093","chr5","101351601","101351896","13","17174814"
"chr5","84183816","84184110","chr5","101358232","101358526","2","17174416"
"chr5","84202460","84202731","chr5","101376827","101377100","6","17174367"
"chr5","84202767","84202787","chr4","28446107","28446127","5","55756660"
"chr5","84490353","84490645","chr5","101641314","101641606","7","17150961"
"chr5","84529027","84529294","chr15","98635294","98635564","50","14106267"
"chr5","84543153","84543450","chr5","101694582","101694880","7","17151429"
"chr5","84692463","84692745","chr5","101842832","101843128","18","17150369"
"chr5","84718051","84718337","chr2","171335433","171335724","39","86617382"
"chr5","84765815","84766103","chr5","101905870","101906158","2","17140055"
"chr5","84769866","84770162","chr5","32285076","32285374","42","52484790"
"chr5","84771452","84771749","chr5","101911462","101911753","8","17140010"
"chr5","84805337","84805634","chr5","101946087","101946384","6","17140750"
"chr5","85033388","85033700","chr16","6266432","6266741","42","78766956"
"chr5","85044474","85044770","chr5","102167836","102168131","7","17123362"
"chr5","85058979","85059258","chr5","102181869","102182147","6","17122890"
"chr5","85083676","85083979","chr5","102206192","102206499","6","17122516"
"chr5","85118603","85118902","chr5","102243903","102244202","5","17125300"
"chr5","85130607","85130910","chr5","102255924","102256228","6","17125317"
"chr5","85147483","85147782","chr5","102272674","102272971","10","17125191"
"chr5","85168545","85168711","chr5","102293746","102293912","3","17125201"
"chr5","85169008","85169145","chr5","102294209","102294345","4","17125201"
"chr5","85176447","85176723","chr5","102301654","102301937","15","17125207"
"chr5","85273808","85274096","chr5","102398189","102398477","2","17124381"
"chr5","85303467","85303751","chr5","102427865","102428168","20","17124398"
"chr5","85352913","85353209","chr5","102477127","102477423","3","17124214"
"chr5","85511227","85511539","chr5","102635127","102635439","5","17123900"
"chr5","85523201","85523508","chr2","26447555","26447866","33","59075646"
"chr5","85578887","85579193","chr5","102697792","102698098","11","17118905"
"chr5","85708590","85708891","chr5","102828057","102828360","8","17119467"
"chr5","85799698","85799999","chr5","102916729","102917033","8","17117031"
"chr5","85975866","85976141","chr5","103090010","103090290","8","17114144"
"chr5","85999383","85999696","chr5","103113522","103113821","21","17114139"
"chr5","86011568","86011830","chr5","103125637","103125899","2","17114069"
"chr5","86040280","86040612","chr5","103155407","103155721","23","17115127"
"chr5","86100324","86100629","chr5","103215464","103215783","19","17115140"
"chr5","86367944","86368080","chr1","35867991","35868126","14","50499953"
"chr5","86422947","86423250","chr5","103538666","103538972","11","17115719"
"chr5","86454995","86455299","chr5","103570660","103570968","7","17115665"
"chr5","86669605","86669749","chr16","30898448","30898592","14","55771157"
"chr5","86673291","86673548","chr5","103771207","103771464","3","17097916"
"chr5","86852564","86852870","chr5","103962814","103963120","2","17110250"
"chr5","86877977","86878272","chr5","103988275","103988568","7","17110298"
"chr5","86893313","86893638","chr5","104002982","104003300","17","17109669"
"chr5","87120482","87120784","chr5","104222511","104222795","25","17102029"
"chr5","87167466","87167741","chr2","177203932","177204213","40","90036466"
"chr5","87192049","87192379","chr1","23376650","23376965","48","63815399"
"chr5","87217908","87218215","chr1","9227371","9227678","40","77990537"
"chr5","87220344","87220647","chr5","104320258","104320561","11","17099914"
"chr5","87651818","87652121","chr5","104761398","104761698","6","17109580"
"chr5","87782272","87782699","chr4","139095763","139096126","126","51313491"
"chr5","87792355","87792619","chr7","74446679","74446941","46","13345676"
"chr5","87837378","87837629","chrX","17759273","17759527","40","70078105"
"chr5","87910106","87910384","chr5","105026128","105026432","29","17116022"
"chr5","88032254","88032560","chr2","65555585","65555877","65","22476669"
"chr5","88038367","88038675","chr5","105151300","105151609","4","17112933"
"chr5","88099327","88099468","chr5","178321847","178321980","34","90222520"
"chr5","88099505","88099628","chr9","76343377","76343502","15","11756128"
"chr5","88108300","88108596","chr5","105218685","105218982","14","17110385"
"chr5","88227266","88227577","chr5","105337946","105338257","9","17110680"
"chr5","88232466","88232751","chr7","121545171","121545448","51","33312705"
"chr5","88236509","88236839","chr5","105347113","105347443","3","17110604"
"chr5","88335190","88335478","chr5","105446289","105446574","8","17111099"
"chr5","88357358","88357681","chr5","105468245","105468556","21","17110887"
"chr5","88398695","88399051","chr5","105468245","105468556","72","17069550"
"chr5","88445317","88445590","chr5","105520763","105521023","19","17075446"
"chr5","88552716","88552982","chr5","105628356","105628620","5","17075640"
"chr5","88588707","88588989","chr5","105663951","105664261","32","17075244"
"chr5","88705870","88706167","chr5","105781425","105781721","5","17075555"
"chr5","88748736","88749012","chr5","105824267","105824561","26","17075531"
"chr5","88768256","88768548","chr5","105843743","105844035","2","17075487"
"chr5","88896656","88896964","chr5","105955296","105955605","5","17058640"
"chr5","88998804","88999077","chr5","106054390","106054664","5","17055586"
"chr5","89066751","89067070","chr5","106118093","106118424","15","17051342"
"chr5","89073784","89074030","chr12","93038404","93038640","44","3964620"
"chr5","89085995","89086116","chr5","106127034","106127155","4","17041039"
"chr5","89086166","89086344","chr5","106127189","106127360","9","17041023"
"chr5","89128578","89128838","chr5","106170834","106171094","2","17042256"
"chr5","89166326","89166599","chr5","106208123","106208399","11","17041797"
"chr5","89243049","89243310","chr5","106289795","106290057","5","17046746"
"chr5","89262777","89263083","chr5","106309649","106309958","9","17046872"
"chr5","89350072","89350363","chr5","106395046","106395337","16","17044974"
"chr5","89411170","89411455","chr5","106456191","106456478","14","17045021"
"chr5","89435753","89436036","chr5","106480745","106481022","9","17044992"
"chr5","89508621","89508929","chr5","106553568","106553873","6","17044947"
"chr5","89532725","89533040","chr1","201785789","201786092","43","112253064"
"chr5","89542272","89542578","chr5","106587676","106587985","5","17045404"
"chr5","89550722","89551017","chr5","106596178","106596472","11","17045456"
"chr5","89573480","89573758","chr5","106618621","106618903","10","17045141"
"chr5","89741672","89741976","chr5","106790603","106790912","11","17048931"
"chr5","89824000","89824313","chr5","106885885","106886193","21","17061885"
"chr5","89829121","89829413","chr5","106890981","106891273","6","17061860"
"chr5","89947669","89947998","chr5","107008970","107009292","15","17061301"
"chr5","90315108","90315395","chr5","107362675","107362971","18","17047567"
"chr5","90347450","90347731","chr5","107395032","107395338","29","17047582"
"chr5","90436534","90436831","chr5","107482028","107482322","7","17045494"
"chr5","90452440","90452725","chr5","107497928","107498215","9","17045488"
"chr5","90471103","90471355","chr21","33706054","33706308","40","56765049"
"chr5","90491236","90491381","chr5","107537212","107537357","3","17045976"
"chr5","90494863","90495173","chr4","175820489","175820798","36","85325626"
"chr5","90554182","90554493","chr5","107600485","107600787","14","17046303"
"chr5","90583138","90583444","chr5","107629775","107630078","9","17046637"
"chr5","90594463","90594761","chr5","107641076","107641371","6","17046613"
"chr5","90598044","90598352","chr5","107644692","107645000","7","17046648"
"chr5","90968258","90968578","chr14","73682172","73682488","46","17286086"
"chr5","91043231","91043530","chr5","108086561","108086860","6","17043330"
"chr5","91085546","91085840","chr5","108127966","108128263","5","17042420"
"chr5","91128061","91128358","chr20","31978854","31979149","30","59149207"
"chr5","91137750","91138009","chr7","74885537","74885801","35","16252213"
"chr5","91141657","91141826","chr5","108184132","108184301","1","17042475"
"chr5","91142100","91142238","chr5","108184607","108184768","24","17042507"
"chr5","91205058","91205367","chr5","108222673","108222973","16","17017615"
"chr5","91206986","91207319","chr5","108224591","108224927","7","17017605"
"chr5","91277079","91277391","chr5","108293759","108294066","12","17016680"
"chr5","91315958","91316257","chr5","108332595","108332895","6","17016637"
"chr5","91381014","91381313","chr5","108332595","108332895","6","16951581"
"chr5","91443296","91443603","chr5","108388552","108388858","10","16945256"
"chr5","91455534","91455727","chr4","114322903","114323107","35","22867369"
"chr5","91806121","91806447","chr5","108732116","108732433","14","16925995"
"chr5","91818581","91818736","chr5","108744443","108744598","0","16925862"
"chr5","91819067","91819371","chr5","108744929","108745222","17","16925862"
"chr5","91874054","91874320","chr5","108799832","108800101","9","16925778"
"chr5","91937219","91937512","chr5","108863123","108863416","4","16925904"
"chr5","91952039","91952318","chr10","70627089","70627370","44","21324950"
"chr5","91977844","91977991","chr9","35543624","35543768","20","56434220"
"chr5","92004708","92004987","chr5","108930634","108930913","10","16925926"
"chr5","92037259","92037567","chr5","108963281","108963589","7","16926022"
"chr5","92042075","92042375","chr5","108968107","108968405","4","16926032"
"chr5","92051819","92052105","chr5","108977841","108978144","23","16926022"
"chr5","92377734","92377894","chr5","109317728","109317892","8","16939994"
"chr5","92377928","92378046","chr5","109317918","109318036","2","16939990"
"chr5","92380048","92380355","chr5","109320041","109320348","3","16939993"
"chr5","92418468","92418749","chr5","109380526","109380826","34","16962058"
"chr5","92418760","92419070","chr5","109380828","109381140","8","16962068"
"chr5","92424251","92424535","chr5","109358563","109358849","5","16934312"
"chr5","92452457","92452757","chr5","109392279","109392578","18","16939822"
"chr5","92460432","92460728","chr5","109400008","109400307","23","16939576"
"chr5","92480850","92481158","chr5","109412357","109412660","10","16931507"
"chr5","92501715","92502017","chr5","109433113","109433415","6","16931398"
"chr5","92517319","92517633","chr5","109448682","109448992","19","16931363"
"chr5","92550699","92551004","chr5","109481741","109482031","18","16931042"
"chr5","92557252","92557383","chr5","109488439","109488570","3","16931187"
"chr5","92563505","92563765","chr5","109494696","109494956","4","16931191"
"chr5","92582849","92583166","chr5","109513777","109514086","23","16930928"
"chr5","92669527","92669807","chr5","109600108","109600388","2","16930581"
"chr5","92678569","92678859","chr5","109608223","109608513","7","16929654"
"chr5","92794690","92794999","chr5","109722407","109722714","9","16927717"
"chr5","92917158","92917455","chr5","109842807","109843105","6","16925649"
"chr5","93414831","93415079","chr5","110345325","110345572","5","16930494"
"chr5","93419160","93419442","chr5","110349663","110349977","40","16930503"
"chr5","93477830","93478127","chr5","110408310","110408605","9","16930480"
"chr5","93575388","93575692","chr5","110505496","110505805","13","16930108"
"chr5","93617813","93618124","chr5","110547717","110548025","12","16929904"
"chr5","93688026","93688349","chr3","182754370","182754664","78","89066344"
"chr5","93745864","93746200","chr10","34736639","34736976","49","59009225"
"chr5","93747254","93747585","chr19","16251825","16252142","77","77495429"
"chr5","94114278","94114585","chr5","111042005","111042283","33","16927727"
"chr5","94184999","94185299","chr5","111115939","111116248","20","16930940"
"chr5","94191851","94192139","chr5","111122835","111123119","10","16930984"
"chr5","94431916","94432197","chr5","111369082","111369363","7","16937166"
"chr5","94457753","94458063","chr5","111394931","111395266","31","16937178"
"chr5","94470651","94470930","chr5","111407844","111408117","12","16937193"
"chr5","94480051","94480337","chr5","111417228","111417515","11","16937177"
"chr5","94492371","94492686","chr5","111429485","111429807","18","16937114"
"chr5","94513330","94513643","chr5","111450037","111450350","7","16936707"
"chr5","94566060","94566370","chr5","111502187","111502498","7","16936127"
"chr5","94579220","94579400","chr5","111515391","111515571","6","16936171"
"chr5","94671079","94671391","chr5","111607244","111607555","8","16936165"
"chr5","94715805","94716008","chr18","23146303","23146504","38","71569502"
"chr5","94721370","94721669","chr5","111657171","111657474","7","16935801"
"chr5","94894436","94894611","chr5","111826659","111826834","2","16932223"
"chr5","94938542","94938841","chr5","111870148","111870447","5","16931606"
"chr5","95034827","95035118","chr2","39239808","39240097","37","55795019"
"chr5","95036974","95037231","chr10","72492835","72493092","39","22544139"
"chr5","95148055","95148335","chr5","112075387","112075667","6","16927332"
"chr5","95222257","95222520","chr5","112145005","112145279","18","16922748"
"chr5","95226380","95226667","chr5","112149195","112149482","2","16922815"
"chr5","95230138","95230442","chr17","38753480","38753778","48","56476658"
"chr5","95241744","95242067","chr5","112164572","112164857","48","16922828"
"chr5","95289504","95289802","chr5","112212289","112212594","20","16922785"
"chr5","95416411","95416698","chr5","112339544","112339835","10","16923133"
"chr5","95557772","95558069","chr5","112480804","112481101","4","16923032"
"chr5","95565339","95565635","chr5","112488361","112488657","5","16923022"
"chr5","95571557","95571838","chr5","112494588","112494869","9","16923031"
"chr5","95658309","95658603","chr5","112579075","112579381","17","16920766"
"chr5","95680805","95681117","chr5","112601611","112601919","15","16920806"
"chr5","95685772","95686065","chr5","112606580","112606873","7","16920808"
"chr5","95703385","95703680","chr17","6724379","6724676","41","88979006"
"chr5","95710601","95710893","chr5","112629313","112629584","24","16918712"
"chr5","95735096","95735390","chr5","112654418","112654696","18","16919322"
"chr5","95738273","95738580","chr10","44722239","44722546","36","51016034"
"chr5","95748420","95748702","chr5","112667715","112668022","33","16919295"
"chr5","95800733","95801048","chr5","112719207","112719522","7","16918474"
"chr5","95802659","95802967","chr5","112721132","112721440","9","16918473"
"chr5","95804725","95805007","chr4","855687","855978","51","94949038"
"chr5","95816734","95817034","chr5","112735194","112735477","21","16918460"
"chr5","95832586","95832886","chr5","112749951","112750263","17","16917365"
"chr5","95855121","95855420","chr5","32285076","32285374","35","63570045"
"chr5","95859214","95859520","chr5","112776564","112776873","13","16917350"
"chr5","95864421","95864688","chr5","112781764","112782007","34","16917343"
"chr5","95876804","95877057","chr5","112794126","112794379","3","16917322"
"chr5","95890368","95890667","chr5","112806852","112807152","4","16916484"
"chr5","95891389","95891696","chr5","112807873","112808181","13","16916484"
"chr5","95894476","95894679","chr5","112810803","112811025","23","16916327"
"chr5","95911757","95912037","chr19","7319782","7320074","63","88591975"
"chr5","95919181","95919484","chr5","112835573","112835872","10","16916392"
"chr5","95973347","95973638","chr5","112889830","112890126","8","16916483"
"chr5","95981334","95981635","chr5","112897777","112898080","33","16916443"
"chr5","95989959","95990259","chr5","112910021","112910322","7","16920062"
"chr5","95996996","95997313","chrX","114425300","114425595","108","18428304"
"chr5","96010461","96010758","chr5","112925938","112926228","10","16915477"
"chr5","96013970","96014049","chr18","137268","137349","6","95876702"
"chr5","96022140","96022402","chr5","112935613","112935894","24","16913473"
"chr5","96022483","96022787","chr5","112935981","112936284","10","16913498"
"chr5","96029771","96029899","chr5","112944844","112944972","5","16915073"
"chr5","96036438","96036738","chr5","112951018","112951322","13","16914580"
"chr5","96047255","96047549","chr5","112963510","112963804","6","16916255"
"chr5","96090749","96091035","chr5","113006852","113007139","8","16916103"
"chr5","96135207","96135507","chr5","113046191","113046491","5","16910984"
"chr5","96229202","96229481","chr5","113138033","113138310","4","16908831"
"chr5","96238487","96238787","chr5","32259754","32260056","38","63978733"
"chr5","96262913","96263160","chr1","11951284","11951534","39","84311629"
"chr5","96319345","96319651","chr5","113224086","113224392","9","16904741"
"chr5","96461739","96462036","chr12","122448194","122448489","34","25986455"
"chr5","96470684","96470991","chr5","113370935","113371241","5","16900251"
"chr5","96473644","96473947","chr2","46064000","46064308","54","50409644"
"chr5","96496111","96496380","chr5","113396351","113396620","4","16900240"
"chr5","96599373","96599661","chr20","31978854","31979149","43","64620519"
"chr5","96675962","96676251","chr5","113570112","113570401","2","16894150"
"chr5","96676506","96676801","chrX","18400855","18401152","43","78275651"
"chr5","96679927","96680147","chr7","87543066","87543289","38","9136861"
"chr5","96694346","96694637","chr5","113588635","113588924","6","16894289"
"chr5","96880400","96880732","chr5","113755080","113755376","42","16874680"
"chr5","96968524","96968818","chr5","113842444","113842717","28","16873920"
"chr5","97045469","97045776","chr5","113916607","113916914","8","16871138"
"chr5","97120595","97120891","chr5","113991419","113991715","12","16870824"
"chr5","97220535","97220846","chr7","23367719","23368029","47","73852816"
"chr5","97387084","97387401","chr5","114249270","114249586","6","16862186"
"chr5","97389645","97389956","chr5","114251869","114252178","7","16862224"
"chr5","97429882","97430195","chr5","114289370","114289676","11","16859488"
"chr5","97432876","97432986","chr3","22545124","22545234","15","74887752"
"chr5","97490642","97490946","chr5","114345779","114346081","12","16855137"
"chr5","97526922","97527243","chr5","114383465","114383767","31","16856543"
"chr5","97595521","97595820","chr5","114446465","114446760","13","16850944"
"chr5","97605872","97606178","chr1","70892569","70892867","36","26713303"
"chr5","97636554","97636866","chr5","114483263","114483575","4","16846709"
"chr5","97682036","97682338","chr5","114528479","114528781","6","16846443"
"chr5","97748253","97748530","chr20","53191381","53191670","58","44556872"
"chr5","97778266","97778369","chr13","77511523","77511624","12","20266743"
"chr5","98187299","98187551","chr5","115026291","115026554","18","16838992"
"chr5","98188794","98189102","chr18","50960446","50960749","34","47228348"
"chr5","98272396","98272693","chr5","115112862","115113161","9","16840466"
"chr5","98291949","98292169","chr17","61670334","61670545","50","36621615"
"chr5","98336625","98336936","chr5","115175843","115176125","35","16839218"
"chr5","98376661","98376939","chr5","115215015","115215295","9","16838354"
"chr5","98377790","98378083","chr5","115216146","115216439","5","16838356"
"chr5","98387267","98387564","chr5","115225650","115225947","5","16838383"
"chr5","98406227","98406519","chr5","115244599","115244891","10","16838372"
"chr5","98427598","98427889","chr5","115265948","115266239","2","16838350"
"chr5","98456798","98457050","chr5","115289730","115289982","5","16832932"
"chr5","98511917","98512045","chr5","115344889","115345017","2","16832972"
"chr5","98515794","98516072","chr16","53289992","53290280","55","45225802"
"chr5","98548691","98548968","chr5","115381706","115381978","12","16833015"
"chr5","98603329","98603549","chr5","115438837","115439059","6","16835508"
"chr5","98651392","98651677","chr5","115485661","115485953","10","16834269"
"chr5","98855284","98855567","chr5","115698845","115699124","15","16843561"
"chr5","98856048","98856223","chr16","81031729","81031902","25","17824319"
"chr5","98881436","98881727","chr5","115722456","115722739","17","16841020"
"chr5","98898448","98898739","chrX","44879891","44880190","49","54018557"
"chr5","98997915","98998260","chr5","115838807","115839141","16","16840892"
"chr5","99014252","99014521","chr5","115855069","115855338","2","16840817"
"chr5","99063613","99063859","chr5","115903845","115904092","4","16840232"
"chr5","99078284","99078576","chr5","115918537","115918829","5","16840253"
"chr5","99099308","99099599","chr5","115939701","115939992","8","16840393"
"chr5","99150413","99150699","chr5","115990584","115990870","11","16840171"
"chr5","99219481","99219790","chr5","116060152","116060450","24","16840671"
"chr5","99277266","99277574","chr5","116117457","116117765","6","16840191"
"chr5","99358191","99358479","chr1","209751146","209751437","61","110392955"
"chr5","99658324","99658619","chr5","116487582","116487877","6","16829258"
"chr5","99809899","99810210","chr5","116633465","116633776","9","16823566"
"chr5","99869469","99869770","chr5","116692997","116693299","8","16823528"
"chr5","99901941","99902225","chr5","116726506","116726790","5","16824565"
"chr5","99932992","99933277","chr5","116757618","116757903","4","16824626"
"chr5","99955386","99955696","chr5","116780160","116780463","18","16824774"
"chr5","99955697","99956002","chr6","107239635","107239941","43","7283938"
"chr5","99970256","99970538","chr5","116796794","116797076","5","16826538"
"chr5","100000389","100000689","chr5","116827612","116827909","8","16827223"
"chr5","100350327","100350610","chr5","117176739","117177039","23","16826412"
"chr5","100520230","100520535","chr5","117349838","117350143","6","16829608"
"chr5","100552287","100552599","chr5","117382224","117382536","5","16829937"
"chr5","100569757","100570053","chr5","117399724","117400021","8","16829967"
"chr5","100577847","100578141","chr5","117407824","117408118","7","16829977"
"chr5","100602318","100602614","chr5","117432232","117432543","21","16829914"
"chr5","100914221","100914469","chr5","117747356","117747604","4","16833135"
"chr5","101081211","101081540","chr16","24280535","24280845","63","76800676"
"chr5","101114335","101114614","chr5","117964306","117964593","20","16849971"
"chr5","101143506","101143743","chr5","117993557","117993795","6","16850051"
"chr5","101369839","101370132","chr5","118216783","118217080","9","16846944"
"chr5","101469205","101469520","chr5","118318766","118319083","10","16849561"
"chr5","101556185","101556467","chr5","118405253","118405535","10","16849068"
"chr5","101574558","101574724","chr5","118423278","118423444","3","16848720"
"chr5","101659119","101659224","chr18","26452966","26453072","19","75206153"
"chr5","101677994","101678299","chr5","118515451","118515756","9","16837457"
"chr5","101828290","101828580","chr5","118665210","118665494","11","16836920"
"chr5","101940501","101940788","chr4","580416","580706","43","101360085"
"chr5","102004934","102005090","chr7","141542773","141542930","25","39537839"
"chr5","102006722","102007041","chr8","97609649","97609960","64","4397073"
"chr5","102012031","102012348","chr5","118850182","118850507","12","16838151"
"chr5","102053437","102053745","chr5","118879325","118879633","7","16825888"
"chr5","102074340","102074652","chr5","118899793","118900106","4","16825453"
"chr5","102082051","102082349","chr5","118907449","118907743","13","16825398"
"chr5","102092301","102092596","chr5","118917690","118917972","17","16825389"
"chr5","102099778","102100073","chr7","30013252","30013547","30","72086526"
"chr5","102122656","102122907","chr5","118946760","118947011","8","16824104"
"chr5","102139866","102140198","chr5","118963928","118964236","30","16824062"
"chr5","102153388","102153682","chr5","118978724","118979018","6","16825336"
"chr5","102174984","102175278","chr5","118978724","118979018","6","16803740"
"chr5","102190292","102190560","chr5","119003746","119004014","3","16813454"
"chr5","102216640","102216938","chr5","119029505","119029805","5","16812865"
"chr5","102217731","102218043","chr5","119030595","119030903","13","16812864"
"chr5","102231615","102231917","chr5","119044540","119044842","10","16812925"
"chr5","102269988","102270296","chr5","119075228","119075538","11","16805240"
"chr5","102283025","102283316","chr5","119084129","119084419","14","16801104"
"chr5","102292069","102292320","chr5","119093184","119093435","8","16801115"
"chr5","102319774","102320047","chr5","119119535","119119810","7","16799761"
"chr5","102358124","102358438","chr5","119152966","119153277","7","16794842"
"chr5","102364282","102364541","chr5","119159134","119159396","9","16794852"
"chr5","102364774","102365068","chr5","36364267","36364559","39","66000507"
"chr5","102368551","102368734","chr5","119163407","119163591","2","16794856"
"chr5","102369023","102369157","chr5","119163875","119164009","7","16794852"
"chr5","102389321","102389608","chr5","119183471","119183758","5","16794150"
"chr5","102428802","102429097","chr5","159406267","159406561","33","56977465"
"chr5","102456265","102456572","chr5","119250214","119250528","12","16793949"
"chr5","102463397","102463689","chr3","182754370","182754664","45","80290973"
"chr5","102473228","102473357","chr3","184591537","184591669","17","82118309"
"chr5","102487044","102487341","chr5","119276114","119276417","11","16789070"
"chr5","102495321","102495594","chr16","5053108","5053382","40","97442213"
"chr5","102515670","102515941","chr5","119310553","119310821","9","16794883"
"chr5","102522700","102522983","chr5","119317614","119317896","10","16794914"
"chr5","102662291","102662597","chr5","119454615","119454921","7","16792324"
"chr5","102677245","102677526","chr3","128127715","128128001","38","25450470"
"chr5","102858897","102859210","chr5","119651063","119651377","9","16792166"
"chr5","102933984","102934288","chr5","119725559","119725863","1","16791575"
"chr5","103286842","103287143","chr5","120076398","120076711","16","16789556"
"chr5","103366729","103366961","chr16","7542573","7542798","37","95824156"
"chr5","103410911","103411210","chr5","120200790","120201088","9","16789879"
"chr5","103489811","103490116","chr5","120268365","120268670","10","16778554"
"chr5","103531813","103532107","chr5","120307965","120308254","7","16776152"
"chr5","103548019","103548328","chr5","120324166","120324471","6","16776147"
"chr5","103566463","103566766","chr1","101463598","101463906","56","2102865"
"chr5","103589245","103589569","chr5","120364088","120364408","12","16774843"
"chr5","103627325","103627624","chr5","120401710","120401993","23","16774385"
"chr5","103664395","103664701","chr5","120437491","120437794","8","16773096"
"chr5","103682054","103682345","chr1","37702670","37702967","52","65979384"
"chr5","103761817","103762110","chr5","120535520","120535817","7","16773703"
"chr5","103811390","103811683","chr5","120585329","120585630","24","16773939"
"chr5","103860339","103860633","chr5","120634362","120634656","13","16774023"
"chr5","103897603","103897918","chrX","123738880","123739199","52","19841277"
"chr5","103959860","103960122","chr5","120736298","120736530","36","16776438"
"chr5","103986555","103986837","chr5","120763154","120763433","11","16776599"
"chr5","104091572","104091879","chr5","120867118","120867423","12","16775546"
"chr5","104117231","104117522","chr5","120892827","120893118","5","16775596"
"chr5","104155414","104155691","chr5","120930794","120931070","6","16775380"
"chr5","104280988","104281291","chr5","121057878","121058188","15","16776890"
"chr5","104507313","104507563","chr5","121280438","121280693","13","16773125"
"chr5","104644700","104644996","chr5","121418620","121418916","7","16773920"
"chr5","104731980","104732264","chr5","121507389","121507670","15","16775409"
"chr5","104956212","104956382","chr5","121730343","121730513","4","16774131"
"chr5","105070828","105071121","chr5","121844980","121845273","6","16774152"
"chr5","105281008","105281316","chr5","122043204","122043515","7","16762196"
"chr5","105322891","105323196","chr2","24540461","24540758","48","80782430"
"chr5","105380111","105380281","chr4","5048122","5048296","50","100331989"
"chr5","105380560","105380690","chr8","60712635","60712768","20","44667925"
"chr5","105392975","105393061","chr16","6988688","6988760","37","98404287"
"chr5","105451031","105451342","chr1","182409942","182410249","54","76958911"
"chr5","105586086","105586389","chr5","122351255","122351566","12","16765169"
"chr5","105600520","105600822","chr5","122365397","122365700","6","16764877"
"chr5","105641116","105641422","chr5","122410541","122410847","3","16769425"
"chr5","105644812","105645114","chr5","122414230","122414529","5","16769418"
"chr5","105730849","105731143","chr5","122501978","122502271","8","16771129"
"chr5","105751046","105751354","chr5","122522145","122522455","7","16771099"
"chr5","105773383","105773710","chr5","122544507","122544829","13","16771124"
"chr5","105782344","105782642","chr5","122553417","122553716","3","16771073"
"chr5","105843065","105843371","chr5","122610978","122611276","13","16767913"
"chr5","105844394","105844699","chr5","122612307","122612612","4","16767913"
"chr5","105872201","105872506","chr5","122642535","122642834","16","16770334"
"chr5","105879291","105879596","chr5","122649347","122649627","27","16770056"
"chr5","105907095","105907405","chr5","122677210","122677520","9","16770115"
"chr5","105909136","105909426","chr3","121589398","121589675","39","15680262"
"chr5","105919310","105919612","chr5","122689446","122689752","10","16770136"
"chr5","105926502","105926785","chr5","122696567","122696849","3","16770065"
"chr5","105926816","105926828","chr5","122696900","122696912","0","16770084"
"chr5","105945601","105945902","chr5","122713471","122713772","4","16767870"
"chr5","105980975","105981274","chr5","122748859","122749158","9","16767884"
"chr5","105997928","105998228","chr5","122765473","122765776","10","16767545"
"chr5","106027707","106027964","chr6","161931154","161931412","37","55903447"
"chr5","106032767","106033019","chr6","88591332","88591581","51","17441435"
"chr5","106046707","106046984","chr5","122803857","122804134","3","16757150"
"chr5","106047909","106047984","chr16","6988574","6988653","17","99059335"
"chr5","106048278","106048408","chr6","53165230","53165363","44","52883048"
"chr5","106084366","106084658","chr5","122841828","122842106","24","16757462"
"chr5","106093689","106093996","chr5","122851157","122851464","3","16757468"
"chr5","106103586","106103865","chr5","122861058","122861337","5","16757472"
"chr5","106109004","106109274","chr5","122866174","122866448","7","16757170"
"chr5","106127098","106127397","chr5","122884242","122884550","15","16757144"
"chr5","106131713","106132003","chr17","1953575","1953864","39","104178138"
"chr5","106135770","106136063","chr5","122892772","122893065","4","16757002"
"chr5","106138862","106139157","chr5","122895867","122896162","2","16757005"
"chr5","106206085","106206371","chr5","122962952","122963238","2","16756867"
"chr5","106300758","106301067","chr19","37964483","37964797","34","68336275"
"chr5","106312442","106312743","chr5","123069887","123070189","8","16757445"
"chr5","106317249","106317547","chr6","1740275","1740571","31","104576974"
"chr5","106352812","106353094","chr1","6933274","6933559","50","99419538"
"chr5","106401363","106401659","chr5","123197908","123198204","7","16796545"
"chr5","106403624","106403930","chr5","123200168","123200475","6","16796544"
"chr5","106428174","106428458","chr5","123224678","123224962","4","16796504"
"chr5","106444524","106444816","chr15","42116108","42116405","40","64328416"
"chr5","106513407","106513712","chr5","123311662","123311971","10","16798255"
"chr5","106606500","106606785","chr5","123402422","123402708","5","16795922"
"chr5","106619666","106619955","chr5","123415592","123415881","2","16795926"
"chr5","106647429","106647711","chr5","123443175","123443472","24","16795746"
"chr5","106675036","106675352","chr5","123473764","123474078","8","16798728"
"chr5","106740677","106740957","chr5","123525315","123525593","18","16784638"
"chr5","106756034","106756330","chr5","123540637","123540927","12","16784603"
"chr5","106756838","106757126","chr5","123541435","123541723","3","16784597"
"chr5","106785724","106786029","chr5","123570343","123570655","9","16784619"
"chr5","106815737","106816040","chr5","123600348","123600650","6","16784611"
"chr5","106838056","106838324","chr5","123622827","123623074","29","16784771"
"chr5","106998774","106999080","chr5","123769061","123769364","12","16770287"
"chr5","107426267","107426570","chr5","124188212","124188508","13","16761945"
"chr5","107441073","107441369","chr5","124202953","124203249","6","16761880"
"chr5","107479537","107479834","chr5","124240397","124240694","3","16760860"
"chr5","107481583","107481906","chr5","124242434","124242759","10","16760851"
"chr5","107512181","107512495","chr5","124272637","124272951","15","16760456"
"chr5","107631537","107631849","chr5","124391798","124392112","11","16760261"
"chr5","107712077","107712370","chrX","23932713","23933004","37","83779364"
"chr5","107791389","107791688","chr5","124551450","124551745","9","16760061"
"chr5","107806348","107806638","chr5","124566518","124566799","15","16760170"
"chr5","107817821","107818131","chr5","124577996","124578309","21","16760175"
"chr5","108008536","108008832","chr5","124759031","124759327","8","16750495"
"chr5","108017115","108017432","chr5","124768094","124768411","10","16750979"
"chr5","108019219","108019493","chr2","61347398","61347673","39","46671821"
"chr5","108047637","108047930","chr5","124798717","124799010","5","16751080"
"chr5","108062391","108062700","chr5","124813459","124813757","16","16751068"
"chr5","108063725","108064009","chr5","124814783","124815067","4","16751058"
"chr5","108100328","108100593","chr5","124851609","124851875","3","16751281"
"chr5","108106231","108106527","chr5","124857480","124857773","6","16751249"
"chr5","108128734","108128915","chr3","136495995","136496170","31","28367261"
"chr5","108129538","108129700","chr3","179388032","179388188","29","71258494"
"chr5","108148515","108148811","chr12","122173402","122173698","51","14024887"
"chr5","108153191","108153501","chr5","124904568","124904867","23","16751377"
"chr5","108166240","108166530","chr5","124917622","124917912","5","16751382"
"chr5","108183728","108184039","chr6","148296119","148296425","38","40112391"
"chr5","108191262","108191571","chr5","124934288","124934597","5","16743026"
"chr5","108192421","108192713","chr5","124935446","124935736","6","16743025"
"chr5","108210296","108210595","chr5","124953316","124953627","18","16743020"
"chr5","108341418","108341719","chr5","125085275","125085579","10","16743857"
"chr5","108380083","108380382","chr5","125124014","125124313","2","16743931"
"chr5","108424452","108424753","chr5","125152272","125152582","14","16727820"
"chr5","108447266","108447553","chr5","125175243","125175543","19","16727977"
"chr5","108625232","108625536","chr5","125350545","125350860","21","16725313"
"chr5","108626494","108626796","chr5","125351820","125352099","27","16725326"
"chr5","108645075","108645393","chr1","205389038","205389348","38","96743963"
"chr5","108824081","108824372","chr5","125557364","125557665","22","16733283"
"chr5","108846392","108846667","chr4","87226281","87226561","54","21620111"
"chr5","108889275","108889578","chr1","80497295","80497599","6","28391980"
"chr5","108905122","108905429","chr5","125640888","125641198","10","16735766"
"chr5","109265633","109265926","chr5","125992594","125992885","11","16726961"
"chr5","109318526","109318806","chr13","95464733","95465005","49","13853793"
"chr5","109335292","109335593","chr5","126061813","126062116","7","16726521"
"chr5","109368512","109368817","chr7","51294009","51294294","57","58074503"
"chr5","109482657","109482961","chr5","126194949","126195253","5","16712292"
"chr5","109622751","109623051","chr5","126331686","126331986","10","16708935"
"chr5","109682265","109682488","chr5","126391116","126391340","6","16708851"
"chr5","109711175","109711475","chr5","126422200","126422498","7","16711025"
"chr5","109716968","109717233","chr5","126427955","126428220","7","16710987"
"chr5","109728297","109728598","chr5","126439315","126439618","14","16711018"
"chr5","109737152","109737366","chr3","135388203","135388423","33","25651051"
"chr5","109747257","109747564","chr5","126458153","126458460","5","16710896"
"chr5","109756135","109756396","chr5","126467008","126467269","7","16710873"
"chr5","109773775","109774072","chr5","126484585","126484883","3","16710810"
"chr5","109800507","109800816","chr5","126511528","126511836","9","16711021"
"chr5","109817223","109817494","chr5","126528303","126528574","5","16711080"
"chr5","109859471","109859552","chr17","75470333","75470423","16","34389138"
"chr5","109865515","109865813","chr5","126577574","126577865","10","16712059"
"chr5","109874601","109874905","chr5","126586803","126587106","6","16712202"
"chr5","109875998","109876287","chr5","126588199","126588486","9","16712201"
"chr5","109878446","109878744","chr12","64307369","64307668","54","45571077"
"chr5","109885927","109886246","chr5","126598085","126598378","30","16712158"
"chr5","109898575","109898879","chr5","126610702","126611006","2","16712127"
"chr5","109901991","109902286","chr5","126614116","126614411","2","16712125"
"chr5","109905322","109905628","chr5","126617475","126617779","11","16712153"
"chr5","109911848","109912144","chr5","126624009","126624308","8","16712161"
"chr5","109913153","109913456","chr5","126625315","126625611","17","16712162"
"chr5","109914166","109914294","chr5","126626317","126626457","13","16712151"
"chr5","109914600","109914767","chr5","126626762","126626915","16","16712162"
"chr5","109918790","109919073","chr5","126630965","126631245","8","16712175"
"chr5","109919947","109920092","chr10","119040590","119040724","34","9120643"
"chr5","109935244","109935563","chr5","126652800","126653120","4","16717556"
"chr5","109943772","109944052","chr5","126661280","126661591","41","16717508"
"chr5","109957902","109958199","chr5","126675767","126676071","10","16717865"
"chr5","109960270","109960575","chr5","126678137","126678446","8","16717867"
"chr5","109960603","109960900","chr5","126678474","126678771","6","16717871"
"chr5","109967906","109968216","chr5","126685751","126686062","11","16717845"
"chr5","109970069","109970379","chr5","126687918","126688229","10","16717849"
"chr5","109977025","109977329","chr5","126694886","126695190","5","16717861"
"chr5","109982420","109982705","chr5","126700399","126700684","3","16717979"
"chr5","109985470","109985777","chr5","126703453","126703750","16","16717983"
"chr5","109991729","109992029","chr5","126709734","126710030","8","16718005"
"chr5","109992709","109993005","chr5","126710711","126711007","5","16718002"
"chr5","109997276","109997582","chr5","126715268","126715569","8","16717992"
"chr5","109998029","109998326","chr5","126716015","126716312","3","16717986"
"chr5","110010147","110010462","chr1","11315396","11315704","47","98694751"
"chr5","110020516","110020782","chr5","126738615","126738887","10","16718099"
"chr5","110025205","110025525","chr5","126743299","126743605","18","16718094"
"chr5","110038850","110039146","chr5","126756608","126756911","14","16717758"
"chr5","110042382","110042680","chr5","126760141","126760440","11","16717759"
"chr5","110047170","110047483","chr5","126764727","126765040","4","16717557"
"chr5","110057093","110057389","chr5","126774635","126774930","6","16717542"
"chr5","110057506","110057595","chr15","36972469","36972556","11","73085037"
"chr5","110075711","110076011","chr5","126788356","126788656","3","16712645"
"chr5","110078496","110078797","chr2","151385614","151385916","33","41307118"
"chr5","110091377","110091670","chrX","72281049","72281344","47","37810328"
"chr5","110092023","110092324","chr5","126803550","126803850","6","16711527"
"chr5","110096330","110096640","chr5","126807859","126808171","6","16711529"
"chr5","110107934","110108214","chr5","126819506","126819786","4","16711572"
"chr5","110113656","110113780","chr5","126824863","126824987","4","16711207"
"chr5","110143508","110143784","chr5","126850246","126850523","5","16706738"
"chr5","110145736","110146035","chr5","126852469","126852768","8","16706733"
"chr5","110164981","110165274","chr5","126871713","126872010","9","16706732"
"chr5","110169932","110170226","chr5","126876657","126876948","11","16706725"
"chr5","110239977","110240278","chr5","126946089","126946390","4","16706112"
"chr5","110302112","110302233","chr6","15024384","15024505","8","95277728"
"chr5","110302259","110302535","chr5","127005921","127006221","26","16703662"
"chr5","110319805","110320114","chr5","127023449","127023733","32","16703644"
"chr5","110330827","110331127","chr5","127034802","127035105","13","16703975"
"chr5","110374893","110375196","chr5","127078973","127079280","8","16704080"
"chr5","110453435","110453721","chr5","127152841","127153127","7","16699406"
"chr5","110519465","110519747","chr5","127238073","127238355","6","16718608"
"chr5","110578883","110579166","chr3","52508540","52508823","40","58070343"
"chr5","110584958","110585256","chr5","127303061","127303355","9","16718103"
"chr5","110601454","110601751","chrX","134637566","134637861","37","24036112"
"chr5","110700653","110700883","chr12","93038404","93038640","39","17662249"
"chr5","110729264","110729577","chr5","127450776","127451058","37","16721512"
"chr5","110746957","110747223","chr5","127468377","127468643","7","16721420"
"chr5","110889924","110890229","chr5","127613104","127613409","2","16723180"
"chr5","110909960","110910259","chr5","127633433","127633732","6","16723473"
"chr5","110991587","110991869","chr5","127714387","127714669","5","16722800"
"chr5","111050161","111050454","chr5","127772179","127772483","16","16722018"
"chr5","111065839","111066102","chr5","127787833","127788103","15","16721994"
"chr5","111123971","111124247","chr1","77212929","77213204","40","33911042"
"chr5","111129152","111129428","chr1","77212929","77213204","40","33916223"
"chr5","111170908","111171214","chr5","127887046","127887349","74","16716138"
"chr5","111173559","111173884","chr10","34038073","34038399","48","77135486"
"chr5","111220044","111220328","chr5","127929922","127930206","6","16709878"
"chr5","111229223","111229527","chr5","127939111","127939412","15","16709888"
"chr5","111276146","111276446","chr5","127985927","127986227","6","16709781"
"chr5","111294323","111294624","chr5","128004096","128004391","10","16709773"
"chr5","111365707","111366019","chr2","113721965","113722272","41","2356258"
"chr5","111369874","111370177","chr1","211877851","211878154","58","100507977"
"chr5","111420337","111420474","chr5","128130129","128130266","0","16709792"
"chr5","111420747","111420920","chr5","128130536","128130708","5","16709789"
"chr5","111443475","111443773","chr5","128153273","128153571","3","16709798"
"chr5","111495941","111496277","chr5","128219989","128220310","17","16724048"
"chr5","111527328","111527623","chr3","11887080","11887377","40","99640248"
"chr5","111529549","111529841","chrX","18400855","18401152","39","93128694"
"chr5","111705809","111706097","chr5","128430563","128430851","5","16724754"
"chr5","111830310","111830423","chr7","139536023","139536138","13","27705713"
"chr5","111836004","111836093","chr1","225678460","225678548","21","113842456"
"chr5","112038155","112038450","chr5","128721763","128722058","8","16683608"
"chr5","112117748","112118008","chr5","128789942","128790223","29","16672194"
"chr5","112322727","112323078","chr5","128993826","128994176","5","16671099"
"chr5","112407450","112407759","chr5","129081018","129081318","20","16673568"
"chr5","112458751","112459040","chr5","129131209","129131498","6","16672458"
"chr5","112500842","112501147","chr5","129175295","129175600","7","16674453"
"chr5","112620981","112621225","chr5","129294309","129294557","6","16673328"
"chr5","112644445","112644689","chr5","129327706","129327952","10","16683261"
"chr5","112701528","112701833","chr5","129383785","129384088","7","16682257"
"chr5","112732768","112733078","chr5","129415001","129415312","9","16682233"
"chr5","112746321","112746602","chr5","129428530","129428811","8","16682209"
"chr5","112755774","112756082","chr5","129438310","129438607","25","16682536"
"chr5","112807153","112807260","chr4","174510834","174510940","12","61703681"
"chr5","112838806","112838998","chr2","80159583","80159773","31","32679223"
"chr5","112852362","112852643","chr5","129428530","129428811","8","16576168"
"chr5","112861816","112862124","chr5","129438310","129438607","25","16576494"
"chr5","112956465","112956764","chr5","129532817","129533113","14","16576352"
"chr5","112980112","112980430","chr5","129557316","129557633","6","16577204"
"chr5","113079948","113080257","chr1","46659967","46660273","57","66419981"
"chr5","113102738","113103009","chr5","129677840","129678111","5","16575102"
"chr5","113125822","113126123","chr5","129699140","129699444","12","16573318"
"chr5","113130099","113130393","chr12","111141805","111142098","51","1988294"
"chr5","113146096","113146347","chr8","27602783","27603037","38","85543313"
"chr5","113157445","113157752","chr3","72901555","72901860","32","40255890"
"chr5","113235794","113236091","chr5","129810308","129810613","14","16574514"
"chr5","113366720","113367021","chr5","129947347","129947651","16","16580627"
"chr5","113405995","113406303","chr7","104904369","104904679","54","8501626"
"chr5","113552037","113552341","chr5","130133490","130133801","9","16581453"
"chr5","113571613","113571908","chr5","130152945","130153240","5","16581332"
"chr5","113612320","113612630","chr3","57411246","57411555","43","56201074"
"chr5","113662411","113662722","chr5","130241789","130242095","15","16579378"
"chr5","113739870","113740157","chr5","130318903","130319190","2","16579033"
"chr5","113753333","113753634","chr5","130332414","130332720","9","16579081"
"chr5","113774081","113774390","chr5","130353051","130353348","15","16578970"
"chr5","113898378","113898447","chr12","14000004","14000057","24","99898374"
"chr5","113959208","113959504","chr5","130538064","130538363","14","16578856"
"chr5","113990911","113991091","chr17","27410179","27410360","36","86580732"
"chr5","113991418","113991544","chr5","81218041","81218163","22","32773377"
"chr5","114040695","114040947","chr5","130619673","130619932","14","16578978"
"chr5","114154788","114155086","chr5","130716376","130716677","9","16561588"
"chr5","114171859","114172155","chr5","130739586","130739882","6","16567727"
"chr5","114284266","114284563","chr5","130846145","130846441","19","16561879"
"chr5","114327850","114328139","chr5","130892885","130893176","3","16565035"
"chr5","114370858","114371149","chr5","130940738","130941030","8","16569880"
"chr5","114377632","114377937","chr5","130947524","130947825","8","16569892"
"chr5","114472284","114472573","chr5","131036631","131036920","7","16564347"
"chr5","114474247","114474549","chr1","21940800","21941098","47","92533447"
"chr5","114496254","114496477","chr5","131060735","131060958","2","16564481"
"chr5","114497980","114498293","chr5","131062447","131062761","8","16564467"
"chr5","114540773","114541032","chr5","131108795","131109054","6","16568022"
"chr5","114545093","114545416","chr5","131113115","131113440","4","16568022"
"chr5","114564195","114564494","chr5","131132259","131132553","7","16568064"
"chr5","114577996","114578287","chr5","131145729","131146020","5","16567733"
"chr5","114579043","114579253","chr14","52797316","52797525","29","61781727"
"chr5","114579588","114579861","chr5","131146778","131147049","4","16567190"
"chr5","114613363","114613639","chr5","131181009","131181303","24","16567646"
"chr5","114621076","114621375","chr5","131188865","131189160","11","16567789"
"chr5","114630791","114631092","chr5","131198569","131198870","4","16567778"
"chr5","114640402","114640599","chr5","131208234","131208431","1","16567832"
"chr5","114643010","114643322","chr5","131210842","131211136","34","16567832"
"chr5","114652725","114653025","chr17","41748571","41748865","50","72904154"
"chr5","114664866","114665168","chr5","131231780","131232085","8","16566914"
"chr5","114670202","114670500","chr5","131236438","131236723","22","16566236"
"chr5","114678170","114678463","chr5","131244429","131244723","10","16566259"
"chr5","114690978","114691101","chr5","131257273","131257396","3","16566295"
"chr5","114708957","114709250","chr15","40877135","40877424","36","73831822"
"chr5","114712853","114713041","chr15","30202801","30202997","35","84510052"
"chr5","114734729","114734910","chr5","131301995","131302185","20","16567266"
"chr5","114735215","114735351","chr5","131302479","131302615","1","16567264"
"chr5","114752812","114753133","chr5","131320103","131320423","7","16567291"
"chr5","114753168","114753460","chr5","131320459","131320749","3","16567291"
"chr5","114796409","114796724","chr5","131363680","131363995","4","16567271"
"chr5","114807941","114808256","chr5","131375957","131376254","21","16568016"
"chr5","114820008","114820294","chr10","97016027","97016320","32","17803981"
"chr5","114822400","114822692","chr5","131390403","131390685","15","16568003"
"chr5","114843421","114843720","chr12","122410459","122410758","44","7567038"
"chr5","114848587","114848882","chrX","70470235","70470529","37","44378352"
"chr5","114850203","114850498","chr5","131417936","131418234","76","16567733"
"chr5","114877425","114877730","chr5","131463297","131463595","13","16585872"
"chr5","114890770","114890964","chr5","131476637","131476831","1","16585867"
"chr5","114930179","114930432","chr5","131516109","131516341","26","16585930"
"chr5","114943149","114943436","chr19","17548645","17548933","36","97394504"
"chr5","114958641","114958930","chr5","131544692","131544981","7","16586051"
"chr5","115000684","115000965","chr5","131586371","131586641","14","16585687"
"chr5","115002793","115003067","chr5","131588472","131588769","29","16585679"
"chr5","115003125","115003415","chr5","131588792","131589080","5","16585667"
"chr5","115004454","115004759","chr5","131590119","131590421","7","16585665"
"chr5","115010201","115010503","chr5","131595871","131596171","5","16585670"
"chr5","115032650","115032960","chr5","131618349","131618657","4","16585699"
"chr5","115048310","115048620","chr5","131618349","131618657","4","16570039"
"chr5","115050779","115051098","chr5","131633449","131633768","6","16582670"
"chr5","115084595","115084877","chr5","131667615","131667887","17","16583020"
"chr5","115104094","115104398","chr2","28229579","28229886","44","86874515"
"chr5","115114608","115114917","chr5","131697684","131697998","9","16583076"
"chr5","115134826","115135135","chr5","131717900","131718204","17","16583074"
"chr5","115199444","115199552","chr5","131782854","131782962","5","16583410"
"chr5","115254491","115254773","chr21","34635885","34636165","47","80618606"
"chr5","115263434","115263734","chr5","131828163","131828463","2","16564729"
"chr5","115281975","115282248","chr22","40191765","40192028","64","75090210"
"chr5","115315768","115315945","chr5","131879920","131880097","1","16564152"
"chr5","115316249","115316386","chr5","131880403","131880541","1","16564154"
"chr5","115338163","115338464","chr5","131902152","131902453","8","16563989"
"chr5","115358982","115359265","chr1","96601524","96601811","45","18757458"
"chr5","115372336","115372612","chr5","131936595","131936870","8","16564259"
"chr5","115380879","115381169","chr5","131943836","131944127","9","16562957"
"chr5","115464514","115464824","chr5","132027499","132027808","9","16562985"
"chr5","115484035","115484340","chr5","132045312","132045608","12","16561277"
"chr5","115486418","115486709","chr5","132047674","132047986","25","16561256"
"chr5","115490673","115490985","chr5","132051935","132052248","12","16561262"
"chr5","115545081","115545392","chr5","132106382","132106698","12","16561301"
"chr5","115569599","115569899","chr11","74537365","74537666","33","41032234"
"chr5","115571365","115571569","chr5","132131888","132132092","2","16560523"
"chr5","115573445","115573743","chr5","132133984","132134281","5","16560539"
"chr5","115583588","115583672","chr5","132144127","132144211","1","16560539"
"chr5","115611772","115612078","chr5","132170475","132170767","18","16558703"
"chr5","115628687","115628983","chr5","132177939","132178234","7","16549252"
"chr5","115632247","115632558","chr5","132182013","132182324","14","16549766"
"chr5","115639339","115639639","chr5","132189151","132189454","11","16549812"
"chr5","115646475","115646784","chr5","132196579","132196888","7","16550104"
"chr5","115746880","115747191","chr5","132297036","132297345","7","16550156"
"chr5","115771421","115771725","chr5","132321626","132321912","26","16550205"
"chr5","115780853","115781138","chr5","132331075","132331353","9","16550222"
"chr5","115791451","115791746","chr5","132341666","132341957","9","16550215"
"chr5","115822788","115823075","chr5","132373355","132373642","7","16550567"
"chr5","115871708","115872016","chr5","132422229","132422537","3","16550521"
"chr5","115881984","115882282","chr5","132432518","132432817","8","16550534"
"chr5","115891345","115891644","chr5","132441852","132442150","6","16550507"
"chr5","115904441","115904732","chr5","132454644","132454931","8","16550203"
"chr5","115992062","115992375","chr5","132538167","132538453","31","16546105"
"chr5","116068994","116069063","chr2","142884957","142885024","9","26815963"
"chr5","116069065","116069341","chr2","224709077","224709357","43","108640012"
"chr5","116073128","116073429","chr5","132613595","132613896","4","16540467"
"chr5","116082835","116083122","chr5","132623197","132623484","7","16540362"
"chr5","116092426","116092732","chr5","132633092","132633403","13","16540666"
"chr5","116104150","116104404","chr5","132644776","132645029","5","16540626"
"chr5","116154302","116154610","chr5","132695163","132695471","5","16540861"
"chr5","116157874","116158171","chr5","132698730","132699037","14","16540856"
"chr5","116173091","116173363","chr5","174555254","174555528","35","58382163"
"chr5","116177486","116177785","chr5","132718309","132718608","3","16540823"
"chr5","116187643","116187926","chr5","132728454","132728739","4","16540811"
"chr5","116194414","116194710","chr21","36364772","36365070","37","79829642"
"chr5","116201411","116201712","chr5","132742460","132742764","13","16541049"
"chr5","116202448","116202756","chr5","132743501","132743803","12","16541053"
"chr5","116204100","116204392","chr5","132745168","132745433","27","16541068"
"chr5","116207934","116208240","chr5","132748974","132749280","6","16541040"
"chr5","116229563","116229846","chr2","39239808","39240097","37","76989755"
"chr5","116255504","116255812","chr5","132796587","132796895","4","16541083"
"chr5","116257374","116257681","chr5","132798472","132798794","22","16541098"
"chr5","116258899","116259208","chr5","132800022","132800328","9","16541123"
"chr5","116300207","116300448","chr5","132841317","132841559","2","16541110"
"chr5","116305378","116305669","chr5","132846490","132846781","2","16541112"
"chr5","116310856","116311164","chr5","132851941","132852249","1","16541085"
"chr5","116311177","116311476","chr3","183977758","183978052","45","67666581"
"chr5","116316447","116316541","chr6","37085082","37085176","13","79231365"
"chr5","116316812","116316944","chrX","53410831","53410945","38","62905981"
"chr5","116317073","116317345","chr5","132858041","132858313","1","16540968"
"chr5","116328556","116328851","chr5","132869516","132869798","15","16540960"
"chr5","116372978","116373288","chr5","132913946","132914256","11","16540968"
"chr5","116377165","116377415","chr5","132918111","132918377","20","16540946"
"chr5","116398052","116398230","chr22","38665759","38665941","33","77732293"
"chr5","116423559","116423862","chr5","132964212","132964515","6","16540653"
"chr5","116427305","116427600","chr5","132967621","132967917","5","16540316"
"chr5","116431128","116431423","chr13","100607236","100607532","39","15823892"
"chr5","116432444","116432728","chr2","130560580","130560861","35","14128136"
"chr5","116433375","116433687","chr5","132973526","132973838","6","16540151"
"chr5","116433796","116434086","chr5","132973947","132974237","2","16540151"
"chr5","116435375","116435665","chr5","132975485","132975789","20","16540110"
"chr5","116439318","116439628","chr5","132981755","132982065","4","16542437"
"chr5","116452757","116453052","chr5","132993447","132993742","3","16540690"
"chr5","116454568","116454706","chr5","132995251","132995388","1","16540683"
"chr5","116454872","116455157","chr5","132995554","132995837","13","16540682"
"chr5","116460422","116460743","chr5","133001106","133001418","12","16540684"
"chr5","116460782","116461074","chr4","39065356","39065653","50","77395426"
"chr5","116463046","116463338","chrX","118506384","118506673","40","2043338"
"chr5","116468667","116468968","chr5","133009336","133009636","4","16540669"
"chr5","116471173","116471490","chr10","46639032","46639342","52","69832141"
"chr5","116471953","116472149","chr3","49206332","49206528","24","67265621"
"chr5","116474458","116474768","chr5","133015078","133015378","13","16540620"
"chr5","116483300","116483598","chr1","174759314","174759617","36","58276014"
"chr5","116487532","116487831","chr4","122102176","122102468","46","5614644"
"chr5","116488571","116488866","chr5","133029914","133030210","9","16541343"
"chr5","116494573","116494865","chr5","133035990","133036282","6","16541417"
"chr5","116495125","116495213","chr5","133036542","133036630","2","16541417"
"chr5","116495517","116495694","chr5","133036940","133037117","1","16541423"
"chr5","116513235","116513519","chr5","133053675","133053959","6","16540440"
"chr5","116513758","116514052","chr5","133054195","133054502","18","16540437"
"chr5","116526465","116526531","chr19","8158027","8158095","13","108368438"
"chr5","116528774","116529071","chr5","133069255","133069550","4","16540481"
"chr5","116553886","116554169","chr5","133093813","133094096","6","16539927"
"chr5","116560126","116560405","chr5","133100089","133100368","2","16539963"
"chr5","116561977","116562283","chr5","133101922","133102230","4","16539945"
"chr5","116575009","116575318","chr5","133116045","133116353","8","16541036"
"chr5","116590928","116591104","chr5","133132008","133132146","40","16541080"
"chr5","116591136","116591328","chr5","133132184","133132376","4","16541048"
"chr5","116604191","116604485","chr5","133145055","133145349","4","16540864"
"chr5","116617496","116617674","chr2","96309785","96309964","31","20307711"
"chr5","116618019","116618133","chr3","154142253","154142367","20","37524234"
"chr5","116630720","116631012","chr5","133171676","133171968","5","16540956"
"chr5","116637200","116637500","chr5","133178170","133178465","10","16540970"
"chr5","116645355","116645661","chr2","179694648","179694956","46","63049293"
"chr5","116648147","116648440","chr4","2202455","2202753","42","114445692"
"chr5","116663539","116663836","chr5","133204550","133204852","9","16541011"
"chr5","116690451","116690743","chr2","74119074","74119370","45","42571377"
"chr5","116720241","116720374","chr5","133261576","133261709","0","16541335"
"chr5","116720375","116720682","chr5","133261710","133262009","10","16541335"
"chr5","116733621","116733912","chr5","133274980","133275260","22","16541359"
"chr5","116773585","116773874","chr4","580416","580706","37","116193169"
"chr5","116805984","116806293","chr5","133347349","133347658","3","16541365"
"chr5","116876120","116876431","chr5","133417677","133417988","3","16541557"
"chr5","116971424","116971728","chr5","133512816","133513120","3","16541392"
"chr5","117140407","117140705","chr5","133688127","133688425","6","16547720"
"chr5","117200705","117200988","chr5","133748288","133748571","2","16547583"
"chr5","117266339","117266643","chr5","133809084","133809387","8","16542745"
"chr5","117330823","117331123","chr5","133860066","133860362","13","16529243"
"chr5","117358498","117358796","chr5","133887769","133888069","9","16529271"
"chr5","117375355","117375643","chr5","133904411","133904699","8","16529056"
"chr5","117385959","117386249","chr5","133915027","133915308","15","16529068"
"chr5","117402871","117403173","chr5","133931983","133932261","29","16529112"
"chr5","117418716","117419013","chr5","133948475","133948773","6","16529759"
"chr5","117420061","117420349","chr5","133949844","133950133","7","16529783"
"chr5","117445336","117445655","chr5","133975465","133975757","34","16530129"
"chr5","117446148","117446445","chr5","133976225","133976521","10","16530077"
"chr5","117457116","117457370","chr5","133987397","133987651","3","16530281"
"chr5","117472457","117472752","chr5","134002683","134002978","14","16530226"
"chr5","117501444","117501672","chr12","93038404","93038640","25","24463040"
"chr5","117507949","117508089","chr21","46359108","46359251","23","71148841"
"chr5","117508386","117508547","chr7","101183067","101183225","35","16325319"
"chr5","117510275","117510585","chr5","134042478","134042786","5","16532203"
"chr5","117516041","117516346","chr5","134048268","134048572","5","16532227"
"chr5","117525018","117525311","chr5","134057198","134057491","10","16532180"
"chr5","117528964","117529257","chr5","134060872","134061164","8","16531908"
"chr5","117534088","117534392","chr3","124739325","124739632","53","7205237"
"chr5","117537226","117537531","chr5","134067840","134068144","4","16530614"
"chr5","117555222","117555525","chr5","134085911","134086214","5","16530689"
"chr5","117559006","117559316","chr5","134089708","134090013","6","16530702"
"chr5","117590569","117590877","chr5","134121302","134121611","9","16530733"
"chr5","117628591","117628748","chr5","134159390","134159547","5","16530799"
"chr5","117629044","117629178","chr5","134159847","134159981","5","16530803"
"chr5","117649434","117649692","chr1","209822290","209822552","48","92172856"
"chr5","117665731","117666002","chr7","135216877","135217151","55","17551146"
"chr5","117680575","117680872","chr5","134207123","134207420","7","16526548"
"chr5","117681047","117681288","chr5","134207595","134207836","2","16526548"
"chr5","117684010","117684282","chr5","134210562","134210834","5","16526552"
"chr5","117688755","117689075","chr5","134215288","134215604","11","16526533"
"chr5","117689723","117690022","chr5","134216259","134216557","4","16526536"
"chr5","117693635","117693794","chr13","23376770","23376929","19","94316865"
"chr5","117706642","117706945","chr5","134233592","134233890","9","16526950"
"chr5","117710979","117711103","chr5","134237603","134237727","2","16526624"
"chr5","117711274","117711579","chr5","134237898","134238204","6","16526624"
"chr5","117712577","117712741","chr5","134239198","134239351","15","16526621"
"chr5","117713047","117713182","chr5","134239657","134239792","1","16526610"
"chr5","117723682","117723991","chr5","134250336","134250632","17","16526654"
"chr5","117731979","117732272","chr9","37882851","37883144","34","79849128"
"chr5","117733873","117734162","chr4","70767686","70767978","41","46966187"
"chr5","117766836","117767121","chr5","134297948","134298233","7","16531112"
"chr5","117807293","117807586","chr5","134338408","134338699","6","16531115"
"chr5","117807759","117808066","chrX","7551142","7551452","37","110256617"
"chr5","117821190","117821493","chr5","134352302","134352599","10","16531112"
"chr5","117823871","117824162","chr5","134354973","134355256","12","16531102"
"chr5","117854816","117855130","chr5","134387787","134388101","4","16532971"
"chr5","117877207","117877479","chr5","134410150","134410424","8","16532943"
"chr5","117883299","117883599","chr3","151543916","151544208","43","33660617"
"chr5","117892359","117892671","chr5","134427464","134427770","17","16535105"
"chr5","117895552","117895865","chr5","134430656","134430961","13","16535104"
"chr5","117900893","117901186","chr5","134435988","134436281","4","16535095"
"chr5","117909832","117910142","chr5","134442513","134442819","8","16532681"
"chr5","117932318","117932606","chr5","134464517","134464812","12","16532199"
"chr5","117963985","117964289","chr5","134496561","134496865","9","16532576"
"chr5","117970140","117970441","chr5","134502710","134503010","6","16532570"
"chr5","117986739","117987025","chr5","134519321","134519606","5","16532582"
"chr5","117999049","117999345","chrX","68126451","68126744","41","49872598"
"chr5","118017584","118017797","chr2","9582563","9582774","32","108435021"
"chr5","118030255","118030516","chr5","134563075","134563334","7","16532820"
"chr5","118052164","118052484","chr5","134584959","134585279","7","16532795"
"chr5","118057922","118058234","chr21","17423415","17423732","70","100634507"
"chr5","118061251","118061561","chr5","134594018","134594328","12","16532767"
"chr5","118069827","118070137","chr5","134602597","134602907","8","16532770"
"chr5","118072754","118072871","chr5","134605523","134605640","2","16532769"
"chr5","118086156","118086213","chrY","6930462","6930515","13","111155694"
"chr5","118089534","118089834","chr5","157653885","157654181","39","39564351"
"chr5","118092593","118092827","chr14","73837327","73837546","63","44255266"
"chr5","118095198","118095503","chr5","134624626","134624924","11","16529428"
"chr5","118100565","118100676","chr5","134629981","134630092","2","16529416"
"chr5","118101084","118101389","chr5","134630502","134630808","8","16529418"
"chr5","118103854","118104153","chr5","134633240","134633535","7","16529386"
"chr5","118127106","118127399","chr5","134657987","134658279","5","16530881"
"chr5","118137422","118137615","chr5","134667932","134668125","1","16530510"
"chr5","118138249","118138553","chr17","75191973","75192277","60","42946276"
"chr5","118142159","118142458","chr5","134673488","134673759","34","16531329"
"chr5","118145144","118145433","chr1","46573734","46574032","43","71571410"
"chr5","118149064","118149368","chr2","99736609","99736909","33","18412455"
"chr5","118153154","118153458","chr5","134684431","134684736","12","16531277"
"chr5","118157387","118157698","chr5","134688668","134688979","4","16531281"
"chr5","118169983","118170111","chr5","134701018","134701146","0","16531035"
"chr5","118171722","118171733","chr1","104107305","104107315","1","14064417"
"chr5","118171760","118172041","chr5","134702754","134703064","34","16530994"
"chr5","118179815","118180132","chr5","134710854","134711167","7","16531039"
"chr5","118187671","118187977","chr5","134718690","134718998","8","16531019"
"chr5","118188079","118188389","chr5","134719102","134719406","11","16531023"
"chr5","118189638","118189946","chr5","134720622","134720930","1","16530984"
"chr5","118198552","118198640","chr5","134729549","134729637","0","16530997"
"chr5","118204639","118204937","chr5","134735640","134735937","5","16531001"
"chr5","118222285","118222532","chr5","134753203","134753481","37","16530918"
"chr5","118230066","118230360","chr2","33688410","33688708","48","84541656"
"chr5","118234109","118234317","chrX","19460763","19460967","38","98773346"
"chr5","118234628","118234643","chr1","22369008","22369020","8","95865620"
"chr5","118243744","118244031","chr20","31978854","31979149","51","86264890"
"chr5","118248930","118249219","chr20","36450220","36450511","46","81798710"
"chr5","118264294","118264586","chr5","134793412","134793704","5","16529118"
"chr5","118270829","118271125","chr5","134799954","134800247","11","16529125"
"chr5","118284201","118284502","chr3","45866866","45867171","42","72417335"
"chr5","118308347","118308644","chr5","134835368","134835666","6","16527021"
"chr5","118312693","118313008","chr5","134839692","134839995","18","16526999"
"chr5","118323971","118324269","chr5","134849648","134849956","17","16525677"
"chr5","118341984","118342291","chr5","134867672","134867978","4","16525688"
"chr5","118352226","118352360","chr5","134878075","134878209","1","16525849"
"chr5","118352869","118353168","chr5","134878718","134879018","9","16525849"
"chr5","118353947","118354238","chr5","134879795","134880094","13","16525848"
"chr5","118364323","118364615","chr5","134889230","134889522","3","16524907"
"chr5","118365483","118365794","chr5","134890397","134890709","4","16524914"
"chr5","118372337","118372620","chr5","134897265","134897548","4","16524928"
"chr5","118377605","118377900","chr14","102865498","102865799","51","15512107"
"chr5","118378178","118378475","chr5","134903133","134903422","14","16524955"
"chr5","118383499","118383734","chr1","42472031","42472265","57","75911468"
"chr5","118432056","118432353","chr5","134981209","134981506","11","16549153"
"chr5","118435666","118435965","chr6","149449442","149449738","40","31013776"
"chr5","118473606","118473917","chr5","135022777","135023092","11","16549171"
"chr5","118570876","118571171","chr16","3287970","3288266","38","115282906"
"chr5","118721467","118721761","chr5","135270852","135271146","9","16549385"
"chr5","118852539","118852727","chr5","135403438","135403626","1","16550899"
"chr5","118959790","118960097","chr5","135504821","135505122","11","16545031"
"chr5","118962644","118962944","chr5","135507683","135507986","8","16545039"
"chr5","119018371","119018669","chr5","135563387","135563686","6","16545016"
"chr5","119070269","119070563","chr5","135611227","135611526","11","16540958"
"chr5","119199220","119199463","chr5","135740205","135740448","7","16540985"
"chr5","119202021","119202333","chr5","65063624","65063925","50","54138397"
"chr5","119203304","119203598","chr5","135744354","135744636","18","16541050"
"chr5","119217885","119218178","chr5","135759830","135760130","14","16541945"
"chr5","119356880","119357181","chr5","135893330","135893626","13","16536450"
"chr5","119392781","119393008","chr16","67276275","67276501","33","52116506"
"chr5","119397083","119397383","chr5","135933650","135933976","37","16536567"
"chr5","119473340","119473641","chr5","136009899","136010195","11","16536559"
"chr5","119560805","119561099","chr5","136096379","136096677","9","16535574"
"chr5","119628444","119628758","chr8","124824772","124825091","46","5196328"
"chr5","119683931","119684225","chr4","580416","580706","41","119103515"
"chr5","119706005","119706304","chr5","136241549","136241855","10","16535544"
"chr5","119853183","119853481","chr5","136388854","136389153","4","16535671"
"chr5","120033366","120033672","chr5","136573452","136573758","8","16540086"
"chr5","120097269","120097555","chr5","136636587","136636888","19","16539318"
"chr5","120150346","120150645","chr5","136689191","136689490","3","16538845"
"chr5","120208403","120208714","chr5","136740702","136741011","10","16532299"
"chr5","120403929","120404215","chr3","5117358","5117652","39","115286571"
"chr5","120529725","120530026","chr5","137064946","137065247","6","16535221"
"chr5","120681853","120682149","chr5","137216429","137216718","11","16534576"
"chr5","120754436","120754746","chr5","137283432","137283744","8","16528996"
"chr5","120794783","120795085","chr5","137324163","137324465","2","16529380"
"chr5","120811254","120811574","chr5","137340600","137340903","25","16529346"
"chr5","120959133","120959428","chr5","137488095","137488390","9","16528962"
"chr5","120988346","120988646","chr5","137518893","137519192","9","16530547"
"chr5","121017925","121018217","chr5","137556941","137557231","15","16539016"
"chr5","121133379","121133677","chr5","137663085","137663356","32","16529706"
"chr5","121192427","121192712","chr16","3287970","3288266","46","117904457"
"chr5","121226976","121227196","chr5","137757332","137757553","3","16530356"
"chr5","121253183","121253473","chr5","137781964","137782247","13","16528781"
"chr5","121277923","121278223","chr5","137798355","137798651","9","16520432"
"chr5","121280387","121280576","chr14","72846131","72846328","67","48434256"
"chr5","121291772","121292078","chr5","137811020","137811326","0","16519248"
"chr5","121307505","121307787","chr5","137826746","137827028","2","16519241"
"chr5","121332695","121332985","chr3","183977758","183978052","35","62645063"
"chr5","121340355","121340655","chr5","137854058","137854351","14","16513703"
"chr5","121348920","121349235","chr5","137862574","137862890","3","16513654"
"chr5","121365567","121365882","chr5","137862574","137862890","3","16497007"
"chr5","121367263","121367485","chr5","137879014","137879235","4","16511751"
"chr5","121383830","121384123","chr5","137895608","137895894","14","16511778"
"chr5","121400616","121400916","chr5","137912366","137912666","3","16511750"
"chr5","121402107","121402289","chr11","19126325","19126502","46","102275782"
"chr5","121402324","121402441","chr1","224758165","224758283","21","103355841"
"chr5","121409334","121409631","chr5","137921079","137921376","8","16511745"
"chr5","121411251","121411562","chr5","137923000","137923314","7","16511749"
"chr5","121422830","121423124","chr5","137934527","137934817","10","16511697"
"chr5","121437800","121438122","chr10","75448870","75449175","52","45988930"
"chr5","121452326","121452660","chr5","137964076","137964411","6","16511750"
"chr5","121452688","121452976","chr5","137964439","137964731","10","16511751"
"chr5","121453130","121453427","chr5","137964885","137965182","5","16511755"
"chr5","121470083","121470384","chr5","137981504","137981801","5","16511421"
"chr5","121482096","121482411","chr5","137993501","137993816","9","16511405"
"chr5","121505077","121505377","chr5","138015422","138015726","6","16510345"
"chr5","121540256","121540557","chr12","49410070","49410375","45","72130186"
"chr5","121561872","121562194","chr5","138066912","138067233","5","16505040"
"chr5","121576117","121576413","chr5","138080041","138080340","5","16503924"
"chr5","121594169","121594180","chr5","138098103","138098114","0","16503934"
"chr5","121594469","121594648","chr5","138098403","138098582","9","16503934"
"chr5","121597781","121598080","chr5","138101717","138102015","7","16503936"
"chr5","121601277","121601570","chr5","138105493","138105787","7","16504216"
"chr5","121615312","121615493","chr5","138119020","138119193","13","16503708"
"chr5","121615804","121615940","chr5","138119498","138119634","0","16503694"
"chr5","121619073","121619290","chr1","241645664","241645878","30","120026591"
"chr5","121621921","121622219","chr5","138125615","138125913","4","16503694"
"chr5","121626804","121626937","chr5","138130507","138130640","6","16503703"
"chr5","121647614","121647824","chr14","65391711","65391921","20","56255903"
"chr5","121668614","121668905","chr5","138173116","138173410","5","16504502"
"chr5","121685693","121685985","chr5","138190187","138190482","10","16504494"
"chr5","121705213","121705516","chr5","138209927","138210232","6","16504714"
"chr5","121722779","121723076","chr5","138227468","138227765","5","16504689"
"chr5","121725135","121725433","chr5","138229716","138230016","9","16504581"
"chr5","121727898","121728190","chr5","138232481","138232774","10","16504583"
"chr5","121731544","121731838","chr5","138236111","138236408","7","16504567"
"chr5","121741621","121741925","chr5","138246195","138246500","9","16504574"
"chr5","121744920","121745219","chr15","81554398","81554697","34","40190522"
"chr5","121751074","121751379","chr3","37929831","37930135","45","83821243"
"chr5","121774161","121774427","chr5","138284400","138284666","4","16510239"
"chr5","121779924","121780190","chr5","138284400","138284666","4","16504476"
"chr5","121780389","121780656","chr5","138284867","138285134","14","16504478"
"chr5","121791782","121792119","chrX","1193815","1194140","63","120597967"
"chr5","121794417","121794728","chr5","138299214","138299525","9","16504797"
"chr5","121797205","121797496","chr5","138302005","138302296","3","16504800"
"chr5","121813415","121813701","chr5","138318048","138318333","4","16504633"
"chr5","121818506","121818652","chr7","77011377","77011521","17","44807129"
"chr5","121820562","121820859","chr20","4817986","4818277","43","117002576"
"chr5","121832018","121832331","chr15","45573033","45573327","48","76258985"
"chr5","121832544","121832853","chr5","138327864","138328166","15","16495320"
"chr5","121834533","121834837","chr5","138327864","138328166","10","16493331"
"chr5","121835042","121835368","chr4","86906758","86907070","55","34928284"
"chr5","121870685","121870998","chr5","138363909","138364218","15","16493224"
"chr5","121872502","121872796","chrX","34641860","34642156","44","87230642"
"chr5","121909479","121909806","chr5","138397555","138397876","11","16488076"
"chr5","121928269","121928579","chr5","138416308","138416610","11","16488039"
"chr5","121928789","121929073","chr5","138416836","138417120","3","16488047"
"chr5","121930026","121930319","chr5","138418070","138418379","20","16488044"
"chr5","121934392","121934697","chr5","138422355","138422661","9","16487963"
"chr5","121937764","121938061","chr5","138425727","138426024","6","16487963"
"chr5","121953673","121953980","chr5","138441644","138441947","9","16487971"
"chr5","121959652","121959916","chr5","138447625","138447889","7","16487973"
"chr5","121964182","121964482","chr5","138452329","138452626","12","16488147"
"chr5","121968095","121968390","chrX","65641248","65641544","39","56326847"
"chr5","122002980","122003258","chr5","138496638","138496916","4","16493658"
"chr5","122021422","122021727","chr5","138515148","138515451","8","16493726"
"chr5","122036867","122037151","chr5","138530580","138530864","6","16493713"
"chr5","122044484","122044770","chr5","138538203","138538489","1","16493719"
"chr5","122057023","122057289","chr5","138550744","138551008","13","16493721"
"chr5","122063554","122063625","chr5","138557265","138557336","1","16493711"
"chr5","122083822","122084100","chr5","138577518","138577796","8","16493696"
"chr5","122085113","122085245","chr5","138578835","138578966","7","16493722"
"chr5","122095812","122096145","chrX","111909002","111909331","69","10186810"
"chr5","122106122","122106421","chr5","138599309","138599601","12","16493187"
"chr5","122121108","122121440","chr5","138614276","138614586","30","16493168"
"chr5","122126691","122126993","chr5","138619817","138620121","4","16493126"
"chr5","122129661","122129970","chr5","138622787","138623087","13","16493126"
"chr5","122132555","122132855","chr5","138626842","138627132","22","16494287"
"chr5","122142230","122142541","chr5","138637718","138638029","8","16495488"
"chr5","122142775","122143075","chr5","138638263","138638563","10","16495488"
"chr5","122170119","122170422","chr5","138665594","138665905","13","16495475"
"chr5","122176659","122176958","chr1","241586192","241586500","44","119409533"
"chr5","122179744","122179906","chr5","138675219","138675381","4","16495475"
"chr5","122201102","122201393","chr6","17499125","17499420","49","104701977"
"chr5","122205347","122205644","chr5","138689089","138689386","4","16483742"
"chr5","122206371","122206657","chr5","138690107","138690392","4","16483736"
"chr5","122219907","122220165","chr8","127671658","127671924","40","5451751"
"chr5","122222387","122222702","chr5","138706154","138706461","12","16483767"
"chr5","122227053","122227364","chr3","183321156","183321467","28","61094103"
"chr5","122227629","122227900","chr5","138711377","138711638","17","16483748"
"chr5","122255846","122256125","chr5","138740458","138740776","43","16484612"
"chr5","122258507","122258798","chr5","138743104","138743400","10","16484597"
"chr5","122261510","122261809","chr19","10859385","10859683","36","111402125"
"chr5","122276467","122276762","chr5","138760372","138760665","9","16483905"
"chr5","122277339","122277624","chr5","138761238","138761529","11","16483899"
"chr5","122284372","122284664","chr5","138768260","138768551","5","16483888"
"chr5","122301777","122301962","chr5","138785554","138785739","1","16483777"
"chr5","122302024","122302126","chr5","138785791","138785893","1","16483767"
"chr5","122314171","122314288","chr5","138799038","138799156","3","16484867"
"chr5","122330443","122330740","chr5","138816701","138816999","5","16486258"
"chr5","122351444","122351627","chr5","138838017","138838200","1","16486573"
"chr5","122374376","122374659","chr10","99400659","99400955","50","22973717"
"chr5","122417694","122418003","chr5","138907010","138907319","1","16489316"
"chr5","122497277","122497583","chr5","138980923","138981233","13","16483646"
"chr5","122503463","122503712","chr1","52460225","52460483","57","70043238"
"chr5","122505596","122505731","chr5","138989268","138989403","2","16483672"
"chr5","122513911","122514196","chr5","138997573","138997858","5","16483662"
"chr5","122537374","122537676","chr5","139026320","139026622","5","16488946"
"chr5","122552520","122552839","chr5","139041523","139041842","11","16489003"
"chr5","122594470","122594751","chr5","139086683","139086964","9","16492213"
"chr5","122640504","122640804","chr16","3287970","3288266","32","119352534"
"chr5","122700130","122700286","chr14","72939072","72939230","23","49761058"
"chr5","122725793","122726080","chr5","139198840","139199145","28","16473047"
"chr5","122729309","122729574","chr6","88591332","88591581","49","34137977"
"chr5","122735361","122735665","chr5","139208399","139208702","7","16473038"
"chr5","122736152","122736452","chr5","139209195","139209495","5","16473043"
"chr5","122743369","122743614","chr6","32244682","32244929","48","90498687"
"chr5","122745364","122745665","chr5","139218663","139218954","13","16473299"
"chr5","122749471","122749765","chr19","14174536","14174835","23","108574935"
"chr5","122758570","122758872","chr5","139233536","139233839","7","16474966"
"chr5","122758902","122759204","chr5","139233536","139233839","15","16474634"
"chr5","122773857","122774172","chr5","139249514","139249830","3","16475657"
"chr5","122776785","122777062","chr5","139252785","139253069","11","16476000"
"chr5","122793092","122793379","chr5","139269077","139269364","4","16475985"
"chr5","122794653","122794954","chr5","139270610","139270911","4","16475957"
"chr5","122810595","122810890","chr5","139286563","139286857","6","16475968"
"chr5","122814210","122814464","chr5","139290179","139290434","8","16475969"
"chr5","122825391","122825681","chr5","139301324","139301621","15","16475933"
"chr5","122837975","122838262","chr5","139313903","139314216","32","16475928"
"chr5","122846999","122847275","chr5","139323629","139323903","9","16476630"
"chr5","122855270","122855513","chr5","139331869","139332131","26","16476599"
"chr5","122859629","122859929","chr7","2261151","2261454","59","120598478"
"chr5","122877375","122877689","chr5","139356598","139356908","11","16479223"
"chr5","122879922","122880212","chr5","139359143","139359436","5","16479221"
"chr5","122880464","122880716","chr5","139359688","139359956","21","16479224"
"chr5","122882459","122882748","chr5","139361663","139361955","11","16479204"
"chr5","122883005","122883195","chr5","139362212","139362405","7","16479207"
"chr5","122883499","122883628","chr5","139362710","139362839","1","16479211"
"chr5","122891600","122891887","chrX","48649948","48650238","33","74241652"
"chr5","122893960","122894273","chr5","139373170","139373478","7","16479210"
"chr5","122942785","122943089","chr5","139410758","139411068","11","16467973"
"chr5","122967788","122968103","chr5","139448058","139448375","8","16480270"
"chr5","122969071","122969369","chr5","139449340","139449638","3","16480269"
"chr5","122974794","122974934","chr5","139455695","139455841","8","16480901"
"chr5","122975232","122975359","chr5","139456146","139456273","1","16480914"
"chr5","122977672","122977982","chr5","139458565","139458875","4","16480893"
"chr5","122984656","122984960","chr3","39921599","39921903","53","83063057"
"chr5","122997975","122998260","chr5","139478948","139479233","3","16480973"
"chr5","123008138","123008449","chr5","139489041","139489349","13","16480903"
"chr5","123011324","123011621","chr5","139492231","139492530","7","16480907"
"chr5","123021136","123021474","chr5","139498449","139498779","14","16477313"
"chr5","123022361","123022498","chr15","89678054","89678192","13","33344307"
"chr5","123039619","123039928","chr5","139514929","139515240","27","16475310"
"chr5","123061687","123061990","chrX","53097351","53097652","42","69964336"
"chr5","123066585","123066836","chr16","57492205","57492458","44","65574380"
"chr5","123070036","123070330","chr5","139541017","139541312","5","16470981"
"chr5","123070787","123070920","chr5","139541772","139541905","1","16470985"
"chr5","123074750","123075048","chr5","139545728","139546026","8","16470978"
"chr5","123075813","123076109","chr5","139546488","139546785","4","16470675"
"chr5","123085546","123085855","chr22","35223170","35223480","40","87862376"
"chr5","123097912","123098209","chr5","139567530","139567833","9","16469618"
"chr5","123103014","123103313","chr5","139572645","139572939","12","16469631"
"chr5","123109719","123109923","chr4","10507420","10507630","26","112602299"
"chr5","123110235","123110376","chr5","139579447","139579589","7","16469212"
"chr5","123113866","123114159","chr5","139589279","139589553","20","16475413"
"chr5","123124381","123124679","chr5","139599800","139600097","6","16475419"
"chr5","123128721","123129015","chr5","139604141","139604436","6","16475420"
"chr5","123143550","123143843","chr5","139619118","139619410","8","16475568"
"chr5","123148139","123148441","chr3","181977010","181977313","40","58828871"
"chr5","123181164","123181447","chr5","139656741","139657024","6","16475577"
"chr5","123242181","123242477","chr5","139717492","139717794","12","16475311"
"chr5","123245878","123246180","chr5","139721208","139721510","8","16475330"
"chr5","123257531","123257811","chr19","40197344","40197625","25","83060187"
"chr5","123259890","123260173","chr5","139735200","139735483","2","16475310"
"chr5","123260258","123260567","chr5","139735568","139735877","4","16475310"
"chr5","123279160","123279469","chr6","17875444","17875754","49","105403716"
"chr5","123305830","123306137","chr5","139780432","139780740","12","16474602"
"chr5","123318288","123318593","chr5","139792940","139793243","12","16474652"
"chr5","123458862","123459166","chr5","139932993","139933296","9","16474131"
"chr5","123465185","123465485","chr5","139939264","139939574","18","16474079"
"chr5","123492941","123493229","chr5","139972445","139972733","12","16479504"
"chr5","123505591","123505866","chr5","139985079","139985356","7","16479488"
"chr5","123510840","123511143","chr20","53690091","53690392","47","69820749"
"chr5","123571333","123571626","chr5","140046204","140046499","8","16474871"
"chr5","123596535","123596838","chr20","53690091","53690392","47","69906444"
"chr5","123693384","123693684","chr5","140167917","140168217","5","16474533"
"chr5","123695296","123695602","chr5","140169826","140170105","30","16474530"
"chr5","123697234","123697543","chr5","140171778","140172087","6","16474544"
"chr5","123736987","123737260","chr5","140211665","140211944","6","16474678"
"chr5","123771538","123771838","chr5","140250935","140251235","6","16479397"
"chr5","123781474","123781782","chr5","140260880","140261185","7","16479406"
"chr5","123789396","123789685","chr5","140268374","140268664","5","16478978"
"chr5","123798963","123799265","chr1","8130637","8130940","42","115668326"
"chr5","123821064","123821347","chr5","140300045","140300328","3","16478981"
"chr5","123834997","123835256","chr19","45493742","45493989","42","78341255"
"chr5","123841439","123841733","chr14","92740905","92741206","62","31100534"
"chr5","123849936","123850216","chr5","140328680","140328962","4","16478744"
"chr5","123861243","123861529","chr5","140340013","140340297","2","16478770"
"chr5","123896989","123897297","chr2","84188369","84188677","35","39708620"
"chr5","123902067","123902228","chr5","140390150","140390302","12","16488083"
"chr5","123902229","123902525","chr11","118954237","118954529","32","4947992"
"chr5","123902526","123902668","chr5","140390598","140390735","7","16488072"
"chr5","123902820","123903108","chr5","140390899","140391187","4","16488079"
"chr5","123907473","123907781","chr5","140387212","140387510","13","16479739"
"chr5","123913502","123913810","chr5","140387212","140387510","13","16473710"
"chr5","123918175","123918463","chr5","140390899","140391187","4","16472724"
"chr5","123918615","123918757","chr5","140390598","140390735","7","16471983"
"chr5","123918758","123919054","chr11","118954237","118954529","32","4964521"
"chr5","123919055","123919216","chr5","140390150","140390302","12","16471095"
"chr5","123919705","123919827","chr5","140389006","140389123","6","16469301"
"chr5","123919893","123920058","chr5","140389175","140389340","1","16469282"
"chr5","123920868","123921029","chr5","140390150","140390302","12","16469282"
"chr5","123921030","123921326","chr11","118954237","118954529","33","4966793"
"chr5","123921327","123921469","chr5","140390598","140390735","7","16469271"
"chr5","123921621","123921909","chr5","140390899","140391187","4","16469278"
"chr5","123926294","123926602","chr5","140387212","140387510","13","16460918"
"chr5","123930387","123930521","chr5","140397745","140397879","0","16467358"
"chr5","123931595","123931731","chr2","86575507","86575636","26","37356088"
"chr5","123931732","123932023","chr5","140399842","140400140","13","16468110"
"chr5","123932024","123932156","chr8","144341474","144341608","21","20409450"
"chr5","123947293","123947593","chr5","140415440","140415737","12","16468147"
"chr5","123964055","123964188","chr5","140435701","140435834","2","16471646"
"chr5","123965777","123966085","chr5","140437421","140437726","10","16471644"
"chr5","123974778","123975079","chr5","140446367","140446668","5","16471589"
"chr5","123992255","123992577","chr5","140463649","140463971","6","16471394"
"chr5","124027721","124028032","chr5","140500365","140500678","9","16472644"
"chr5","124054092","124054396","chr12","56535213","56535514","50","67518879"
"chr5","124072508","124072815","chr5","140543683","140543987","5","16471175"
"chr5","124075800","124076096","chr5","140546943","140547208","35","16471143"
"chr5","124104644","124104931","chr5","140575769","140576058","6","16471125"
"chr5","124106782","124106916","chr5","140577911","140578045","3","16471129"
"chr5","124133916","124134198","chr5","140602481","140602763","1","16468565"
"chr5","124139279","124139588","chr5","140607780","140608089","6","16468501"
"chr5","124146337","124146472","chr5","140617144","140617279","3","16470807"
"chr5","124146759","124146946","chr5","140617566","140617748","8","16470807"
"chr5","124157635","124157944","chr5","140628432","140628739","3","16470797"
"chr5","124178375","124178689","chr5","140649200","140649514","11","16470825"
"chr5","124178747","124179009","chr5","140649572","140649832","7","16470825"
"chr5","124185179","124185460","chr5","140656203","140656479","10","16471024"
"chr5","124211241","124211543","chr5","140681383","140681685","3","16470142"
"chr5","124226453","124226756","chr5","140687821","140688103","29","16461368"
"chr5","124238000","124238279","chr14","74737096","74737374","37","49500904"
"chr5","124259092","124259378","chr5","140730512","140730798","4","16471420"
"chr5","124267315","124267612","chr5","140738732","140739029","6","16471417"
"chr5","124306302","124306610","chr5","140776966","140777274","4","16470664"
"chr5","124307988","124308289","chr5","140778656","140778956","1","16470668"
"chr5","124308559","124308869","chr5","140779248","140779539","27","16470689"
"chr5","124461355","124461672","chr5","140924607","140924896","35","16463252"
"chr5","124537967","124538069","chr22","37810815","37810917","1","86727152"
"chr5","124560493","124560783","chr3","179638827","179639117","49","55078334"
"chr5","124569098","124569433","chr5","141031478","141031778","40","16462380"
"chr5","124607131","124607432","chr5","141069216","141069517","7","16462085"
"chr5","124608550","124608852","chr5","141070627","141070925","11","16462077"
"chr5","124618635","124618922","chr2","39239808","39240097","38","85378827"
"chr5","124621296","124621588","chr5","141083599","141083891","7","16462303"
"chr5","124666907","124667203","chr5","141128778","141129076","10","16461871"
"chr5","124679985","124680274","chr19","8042315","8042601","44","116637670"
"chr5","124693203","124693498","chr5","141154951","141155252","11","16461748"
"chr5","124742534","124742818","chr12","124851609","124851890","60","109075"
"chr5","124806633","124806915","chr5","141262274","141262570","15","16455641"
"chr5","124810380","124810671","chr5","141269518","141269809","0","16459138"
"chr5","124826144","124826428","chr20","62608846","62609130","41","62217298"
"chr5","124840271","124840550","chr5","141299498","141299777","8","16459227"
"chr5","124869974","124870096","chr5","141328847","141328969","3","16458873"
"chr5","124888612","124888913","chr1","35264318","35264617","39","89624294"
"chr5","124893820","124894120","chr5","141352708","141353006","5","16458888"
"chr5","124920606","124920897","chr5","141379922","141380199","15","16459316"
"chr5","124946108","124946476","chr5","141405387","141405777","30","16459279"
"chr5","124991170","124991483","chr5","141450007","141450312","19","16458837"
"chr5","125008408","125008709","chr5","141467051","141467352","6","16458643"
"chr5","125038947","125039240","chr5","141497541","141497835","4","16458594"
"chr5","125072987","125073294","chr5","141531480","141531787","7","16458493"
"chr5","125083382","125083704","chr5","141541406","141541713","29","16458024"
"chr5","125095052","125095319","chr5","141553008","141553275","6","16457956"
"chr5","125135769","125136050","chr5","141593816","141594096","5","16458047"
"chr5","125143234","125143520","chr5","141601304","141601587","7","16458070"
"chr5","125165939","125166225","chr5","141601304","141601587","5","16435365"
"chr5","125348409","125348558","chr19","12686830","12686974","15","112661579"
"chr5","125370968","125371271","chr5","141820621","141820923","11","16449653"
"chr5","125379481","125379786","chr5","141829149","141829456","9","16449668"
"chr5","125434471","125434768","chr5","141884276","141884585","14","16449805"
"chr5","125437199","125437501","chr5","141887019","141887329","12","16449820"
"chr5","125463031","125463349","chr5","141912644","141912946","19","16449613"
"chr5","125550615","125550915","chr5","141999573","141999874","5","16448958"
"chr5","125559486","125559783","chr5","142008445","142008740","8","16448959"
"chr5","125570353","125570644","chr1","26348565","26348855","28","99221788"
"chr5","125623895","125624039","chr9","72198114","72198257","14","53425781"
"chr5","125640321","125640626","chr16","69845770","69846073","52","55794551"
"chr5","125644796","125645091","chr5","142059120","142059415","1","16414324"
"chr5","125652916","125653255","chr5","142067277","142067616","12","16414361"
"chr5","125660326","125660612","chrX","140681677","140681968","40","15021351"
"chr5","125662787","125663087","chr5","142079847","142080144","9","16417060"
"chr5","125664304","125664614","chr5","142081386","142081696","13","16417082"
"chr5","125666222","125666524","chr5","142083314","142083618","12","16417092"
"chr5","125667928","125668237","chr5","78904678","78904989","55","46763250"
"chr5","125673331","125673630","chr5","142090436","142090735","4","16417105"
"chr5","125675392","125675712","chr5","142092501","142092821","11","16417109"
"chr5","125676003","125676299","chr5","142093126","142093425","7","16417123"
"chr5","125684700","125684955","chr5","142101828","142102084","7","16417128"
"chr5","125685009","125685299","chr5","142102140","142102430","2","16417131"
"chr5","125694993","125695298","chr5","142111787","142112095","8","16416794"
"chr5","125706184","125706480","chr5","142122966","142123262","5","16416782"
"chr5","125720041","125720336","chr14","55714091","55714384","38","70005950"
"chr5","125725861","125726145","chr5","142142646","142142940","16","16416785"
"chr5","125756405","125756696","chr5","142172391","142172687","33","16415986"
"chr5","125758496","125758797","chr5","142174495","142174791","8","16415999"
"chr5","125780310","125780616","chr5","142195756","142196062","7","16415446"
"chr5","125781831","125781938","chr5","142197457","142197564","0","16415626"
"chr5","125782990","125783243","chr5","142198617","142198872","8","16415627"
"chr5","125784113","125784423","chr5","142199736","142200049","9","16415623"
"chr5","125792352","125792663","chr5","142207951","142208249","18","16415599"
"chr5","125799880","125800179","chr5","142215428","142215727","3","16415548"
"chr5","125804009","125804257","chr5","142219542","142219785","12","16415533"
"chr5","125815454","125815737","chr5","142230972","142231256","3","16415518"
"chr5","125815780","125815800","chr1","6558419","6558437","5","119257361"
"chr5","125832128","125832406","chr2","135654470","135654748","38","9822342"
"chr5","125846031","125846225","chr18","51198836","51199029","20","74647195"
"chr5","125847734","125848047","chr5","142262872","142263180","12","16415138"
"chr5","125857870","125858170","chr5","142273029","142273330","4","16415159"
"chr5","125860001","125860312","chrX","15615836","15616147","36","110244165"
"chr5","125863417","125863731","chr5","142278367","142278682","16","16414950"
"chr5","125873228","125873531","chr5","142288197","142288500","5","16414969"
"chr5","125884926","125885235","chr5","142300025","142300336","15","16415099"
"chr5","125887402","125887535","chr5","142302523","142302656","3","16415121"
"chr5","125890465","125890615","chr5","142305586","142305736","1","16415121"
"chr5","125894502","125894797","chr5","142309619","142309913","6","16415117"
"chr5","125924267","125924372","chr5","142339336","142339441","1","16415069"
"chr5","125924662","125924757","chr5","142339725","142339820","0","16415063"
"chr5","125946935","125947247","chr5","142361566","142361868","14","16414631"
"chr5","125949426","125949727","chr6","148482689","148482986","49","22533263"
"chr5","125975099","125975347","chr19_GL949746v1_alt","285312","285559","35","125689787"
"chr5","125977963","125978208","chr5","142392181","142392426","1","16414218"
"chr5","125993215","125993493","chr5","142407625","142407903","6","16414410"
"chr5","126032358","126032655","chr5","142448255","142448544","15","16415897"
"chr5","126035726","126036018","chr5","142451617","142451909","4","16415891"
"chr5","126061612","126061898","chr5","142477504","142477800","18","16415892"
"chr5","126071062","126071361","chr19","48289701","48289999","39","77781361"
"chr5","126083536","126083815","chr5","142497758","142498037","5","16414222"
"chr5","126119157","126119454","chr5","142533386","142533688","7","16414229"
"chr5","126146865","126147160","chr5","142558960","142559265","10","16412095"
"chr5","126151580","126151885","chr5","142563829","142564131","6","16412249"
"chr5","126177408","126177673","chr5","142588049","142588314","3","16410641"
"chr5","126235884","126236177","chr5","142647797","142648108","25","16411913"
"chr5","126280533","126280828","chr2","159259033","159259324","49","32978500"
"chr5","126315325","126315635","chr10","86738376","86738685","35","39576949"
"chr5","126329813","126330116","chr5","142741718","142742029","15","16411905"
"chr5","126350886","126351193","chr5","142762790","142763085","16","16411904"
"chr5","126354792","126355091","chr5","142766688","142766982","9","16411896"
"chr5","126376151","126376458","chr5","142787993","142788300","6","16411842"
"chr5","126441336","126441654","chr5","142853173","142853490","9","16411837"
"chr5","126477433","126477730","chr5","142889331","142889623","15","16411898"
