"chr1","17563421","17563718","chr14","17411553","17411846","6","151868"
"chr1","95158074","95158370","chr20","7476956","7477250","37","87681118"
"chr1","162941","163162","chr7","95647538","95647759","30","95484597"
"chr1","279490","279795","chr14","311370","311684","20","31880"
"chr1","293738","293921","chr14","319199","319400","23","25461"
"chr1","328124","328411","chr14","353560","353845","2","25436"
"chr1","394149","394449","chr14","417456","417755","13","23307"
"chr1","448967","448989","chr9","32916732","32916748","12","32467765"
"chr1","449015","449200","chr12","57375913","57376086","45","56926898"
"chr1","449467","449605","chr1","93393191","93393319","24","92943724"
"chr1","466248","466421","chr20","51080553","51080725","39","50614305"
"chr1","466723","466903","chr6","76965850","76966031","26","76499127"
"chr1","486589","486875","chr4","41367017","41367302","45","40880428"
"chr1","559751","559914","chr16","70198814","70198977","28","69639063"
"chr1","715023","715267","chr14","751224","751472","12","36201"
"chr1","725933","726066","chr14","762537","762668","6","36604"
"chr1","726071","726250","chr14","762672","762853","7","36601"
"chr1","728127","728436","chr12","36444891","36445198","38","35716764"
"chr1","742005","742099","chr1","26387777","26387878","16","25645772"
"chr1","1134017","1134322","chr13","103378952","103379257","34","102244935"
"chr1","1351021","1351331","chr14","1288409","1288718","15","62612"
"chr1","1351447","1351642","chr8","36229874","36230068","33","34878427"
"chr1","1351736","1351866","chr14","1288834","1288965","7","62902"
"chr1","1388598","1388895","chrX","25734220","25734518","33","24345622"
"chr1","1478088","1478335","chr12","71527027","71527267","45","70048939"
"chr1","1478668","1478964","chr14","1342883","1343179","7","135785"
"chr1","1540789","1541059","chr15","42404397","42404671","42","40863608"
"chr1","1611731","1612040","chr14","1473007","1473304","27","138724"
"chr1","1615311","1615578","chr20","17809837","17810111","51","16194526"
"chr1","2232175","2232479","chr14","2081606","2081910","8","150569"
"chr1","2825269","2825557","chr14","2673380","2673676","13","151889"
"chr1","3047095","3047353","chr14","2886599","2886861","12","160496"
"chr1","3373520","3373664","chr7","129520645","129520795","22","126147125"
"chr1","3629112","3629277","chr2","76874715","76874871","27","73245603"
"chr1","3831489","3831775","chr14","3661506","3661815","29","169983"
"chr1","4227715","4228010","chr14","4055785","4056070","15","171930"
"chr1","4319520","4319685","chr8","6116673","6116831","23","1797153"
"chr1","4571441","4571729","chr14","4389476","4389768","10","181965"
"chr1","4649515","4649823","chr14","4465931","4466243","23","183584"
"chr1","4810791","4810925","chr14","4634694","4634828","11","176097"
"chr1","4810926","4811233","chr14","4634829","4635133","16","176097"
"chr1","4840936","4841201","chr15","42404397","42404671","41","37563461"
"chr1","4856715","4857032","chr3","65694235","65694540","42","60837520"
"chr1","5184671","5184960","chr7","159089062","159089347","49","153904391"
"chr1","5381411","5381726","chr14","5192440","5192754","9","188971"
"chr1","5435440","5435772","chr14","5244461","5244771","28","190979"
"chr1","5535090","5535457","chr14","5341256","5341557","75","193834"
"chr1","5554022","5554182","chr13","55735420","55735574","31","50181398"
"chr1","5557757","5558046","chr14","5363906","5364195","12","193851"
"chr1","5653839","5654131","chr2","102443899","102444195","38","96790060"
"chr1","5669585","5669767","chr1","12852950","12853134","27","7183365"
"chr1","5708899","5709183","chr14","5521408","5521695","14","187491"
"chr1","5712700","5712999","chr14","5525213","5525517","10","187487"
"chr1","6035952","6036245","chr13","22861492","22861782","39","16825540"
"chr1","6084899","6085124","chr14","5896801","5897033","16","188098"
"chr1","6260205","6260432","chr14","6077617","6077844","4","182588"
"chr1","6284480","6284773","chr14","6100163","6100458","9","184317"
"chr1","6322863","6323170","chr14","6148272","6148573","21","174591"
"chr1","6417012","6417292","chr14","6236054","6236327","13","180958"
"chr1","6425615","6425916","chr14","6244675","6244968","9","180940"
"chr1","6500922","6501223","chr14","6323373","6323670","12","177549"
"chr1","6540026","6540334","chr14","6361319","6361643","20","178707"
"chr1","6644396","6644701","chr14","6465741","6466046","3","178655"
"chr1","6728399","6728699","chr14","6552876","6553174","7","175523"
"chr1","6800898","6801196","chr7","161195069","161195366","32","154394171"
"chr1","6920347","6920646","chr6","36434613","36434915","36","29514266"
"chr1","6946481","6946767","chr14","6773448","6773735","11","173033"
"chr1","7059162","7059380","chr14","6888632","6888850","2","170530"
"chr1","7099028","7099328","chr14","6928851","6929160","33","170177"
"chr1","7122674","7122978","chr14","6952044","6952353","12","170630"
"chr1","7124345","7124634","chr1","203810691","203810984","44","196686346"
"chr1","7130297","7130599","chr3","105196896","105197209","47","98066599"
"chr1","7133534","7133839","chr12","6396661","6396970","51","736873"
"chr1","7163077","7163244","chr20","54157538","54157707","32","46994461"
"chr1","7163544","7163642","chr14","61802851","61802940","27","54639307"
"chr1","7272285","7272566","chr14","7102775","7103056","7","169510"
"chr1","7276480","7276649","chr14","7106991","7107158","7","169489"
"chr1","7466390","7466682","chr14","7294347","7294638","6","172043"
"chr1","7505114","7505404","chr14","7353573","7353868","8","151541"
"chr1","7510947","7511248","chr10","65766672","65766974","37","58255725"
"chr1","7562471","7562816","chr2","172520565","172520867","69","164958094"
"chr1","7597621","7597853","chr14","7442667","7442899","2","154954"
"chr1","7599969","7600276","chr9","59779919","59780220","47","52179950"
"chr1","7621776","7622079","chr16","22835073","22835370","36","15213297"
"chr1","7628506","7628785","chr14","7474111","7474396","10","154395"
"chr1","7654806","7654923","chr1","115571102","115571221","24","107916296"
"chr1","7683258","7683482","chr14","7526367","7526591","2","156891"
"chr1","7691748","7691824","chr13","14955669","14955743","20","7263921"
"chr1","7691837","7692031","chr10","14821565","14821743","37","7129728"
"chr1","7695307","7695436","chr14","7538013","7538142","2","157294"
"chr1","7700367","7700671","chr14","7542856","7543159","10","157511"
"chr1","7796001","7796288","chr14","7640122","7640425","22","155879"
"chr1","7823029","7823326","chr1","219537197","219537489","34","211714168"
"chr1","7886127","7886436","chr14","7709333","7709642","13","176794"
"chr1","7920585","7920871","chr2","124915010","124915294","48","116994425"
"chr1","8052422","8052705","chr14","7887512","7887824","33","164910"
"chr1","8068611","8068907","chr14","7903984","7904280","9","164627"
"chr1","8247951","8248107","chr3","34678444","34678597","21","26430493"
"chr1","8328390","8328688","chr5","99663653","99663952","34","91335263"
"chr1","8512262","8512314","chr8","118526342","118526403","16","110014080"
"chr1","8517378","8517675","chr10","62516388","62516689","50","53999010"
"chr1","8545032","8545217","chr14","8367942","8368101","32","177090"
"chr1","8562370","8562677","chr14","8395549","8395871","20","166821"
"chr1","8643629","8643644","chr9","32916732","32916748","11","24273103"
"chr1","8643954","8644113","chr6","132712830","132712998","26","124068876"
"chr1","8728908","8728966","chr16","51701031","51701090","11","42972123"
"chr1","8757485","8757789","chr14","8591548","8591843","14","165937"
"chr1","8792525","8792794","chr14","8626874","8627143","5","165651"
"chr1","8822906","8822968","chr16","51701031","51701090","9","42878125"
"chr1","8869495","8869676","chr14","103810952","103811129","39","94941457"
"chr1","8870020","8870139","chr19","33511369","33511488","12","24641349"
"chr1","8876954","8877019","chr8","127225590","127225654","24","118348636"
"chr1","9039152","9039453","chr1","31284534","31284833","38","22245382"
"chr1","9059676","9059963","chr14","8901423","8901704","14","158253"
"chr1","9065297","9065592","chr14","8907578","8907881","26","157719"
"chr1","9067559","9067860","chr14","8909787","8910088","5","157772"
"chr1","9085923","9086124","chr6","29397315","29397516","29","20311392"
"chr1","9133528","9133845","chr14","8979355","8979680","17","154173"
"chr1","9200489","9200769","chr14","9047000","9047282","9","153489"
"chr1","9285484","9285653","chr14","9137182","9137351","2","148302"
"chr1","9374228","9374389","chr7","109090487","109090649","18","99716259"
"chr1","9442697","9442995","chr14","9291158","9291448","15","151539"
"chr1","9451286","9451587","chr14","9304257","9304558","11","147029"
"chr1","9504200","9504511","chr14","9361266","9361577","33","142934"
"chr1","9886751","9886898","chr16","43210636","43210789","26","33323885"
"chr1","10019218","10019509","chr3","20226207","20226495","41","10206989"
"chr1","10039919","10040046","chr9","34765214","34765343","23","24725295"
"chr1","10040364","10040538","chr16","2876351","2876520","34","7164013"
"chr1","10049885","10050010","chr1","134324751","134324881","20","124274866"
"chr1","10260756","10261044","chr14","10116153","10116443","14","144603"
"chr1","10269992","10270294","chr14","10126329","10126634","7","143663"
"chr1","10373255","10373368","chr16","32697047","32697154","31","22323792"
"chr1","10373662","10373814","chr1","170198659","170198810","30","159824997"
"chr1","10387353","10387658","chr14","10239995","10240303","7","147358"
"chr1","10462015","10462305","chr16","8083840","8084135","34","2378175"
"chr1","10466875","10467181","chr14","10316322","10316636","27","150553"
"chr1","10505437","10505730","chr14","10351560","10351866","22","153877"
"chr1","10513523","10513827","chr14","10360010","10360313","16","153513"
"chr1","10517891","10518180","chr14","10364382","10364671","3","153509"
"chr1","10529608","10529923","chr1","215492199","215492509","44","204962591"
"chr1","10606634","10606950","chr14","10456144","10456462","10","150490"
"chr1","10609832","10610133","chr7","38962613","38962910","40","28352781"
"chr1","10639630","10639951","chr1","9293724","9294032","47","1345906"
"chr1","10698364","10698615","chr1","83898695","83898947","38","73200331"
"chr1","10904992","10905298","chr14","10732767","10733074","18","172225"
"chr1","10930867","10930966","chr14","61802851","61802940","31","50871984"
"chr1","10937127","10937436","chr1","136414644","136414940","51","125477517"
"chr1","10957084","10957391","chr14","10786283","10786592","12","170801"
"chr1","10967360","10967668","chr1","33389434","33389724","59","22422074"
"chr1","11017748","11017979","chr1","64171499","64171728","45","53153751"
"chr1","11026794","11027073","chr9","115815931","115816212","35","104789137"
"chr1","11077999","11078187","chr3","46053436","46053645","58","34975437"
"chr1","11078202","11078390","chr3","46053436","46053645","58","34975234"
"chr1","11108721","11109026","chr14","10935197","10935508","9","173524"
"chr1","11118234","11118500","chr14","10943659","10943925","3","174575"
"chr1","11137491","11137774","chr14","10960662","10960966","32","176829"
"chr1","11143709","11143953","chr2","87143660","87143902","54","75999951"
"chr1","11148967","11149271","chr14","10969775","10970077","11","179192"
"chr1","11204188","11204496","chr4","41500500","41500801","43","30296312"
"chr1","11232473","11232737","chr14","11060622","11060882","11","171851"
"chr1","11244553","11244852","chr14","11073665","11073976","26","170888"
"chr1","11247401","11247698","chr14","11076137","11076432","7","171264"
"chr1","11249530","11249833","chr14","11079739","11080046","19","169791"
"chr1","11267585","11267884","chr14","11100472","11100771","3","167113"
"chr1","11269161","11269462","chr9","84418579","84418877","50","73149418"
"chr1","11285988","11286268","chr4","153173836","153174115","36","141887848"
"chr1","11335656","11335835","chr7","150892935","150893104","30","139557279"
"chr1","11335927","11336225","chr7","38962613","38962910","37","27626686"
"chr1","11406355","11406645","chr16","19883882","19884171","37","8477527"
"chr1","11420375","11420676","chr14","11260946","11261244","12","159429"
"chr1","11424613","11424901","chr14","11267221","11267526","27","157392"
"chr1","11471516","11471817","chr1","56106334","56106635","29","44634818"
"chr1","11660872","11661159","chr14","11541078","11541363","5","119794"
"chr1","11685060","11685374","chr14","11567334","11567646","12","117726"
"chr1","11713054","11713354","chr5","103473770","103474069","39","91760716"
"chr1","11754262","11754568","chr8","52443386","52443692","41","40689124"
"chr1","11781877","11782185","chr1","37689627","37689933","41","25907750"
"chr1","11800611","11800769","chr12","59239946","59240109","24","47439335"
"chr1","11801065","11801135","chr2","51005632","51005699","14","39204567"
"chr1","11808897","11809070","chr7","159988918","159989092","31","148180021"
"chr1","11811429","11811736","chr14","11696383","11696687","5","115046"
"chr1","11839235","11839525","chr14","11725537","11725827","4","113698"
"chr1","11941740","11941939","chr14","11827412","11827611","2","114328"
"chr1","12027581","12027868","chr16","22333231","22333523","40","10305650"
"chr1","12063261","12063566","chr14","11949304","11949611","11","113957"
"chr1","12198213","12198525","chrX","28745828","28746133","41","16547615"
"chr1","12217825","12218103","chr14","12107674","12107975","33","110151"
"chr1","12384011","12384328","chr14","12281468","12281783","10","102543"
"chr1","12395406","12395695","chr14","12293917","12294202","13","101489"
"chr1","12447939","12448245","chr14","12351491","12351809","17","96448"
"chr1","12466262","12466573","chr14","12369383","12369695","21","96879"
"chr1","12489776","12490070","chr14","12394774","12395065","10","95002"
"chr1","12587598","12587739","chr2","1470791","1470932","14","11116807"
"chr1","12668564","12668883","chr14","12534908","12535223","25","133656"
"chr1","12668884","12669060","chr1","19775982","19776154","27","7107098"
"chr1","12955594","12955897","chr14","12829530","12829831","14","126064"
"chr1","13033764","13034069","chr12","36444891","36445198","40","23411127"
"chr1","13215987","13216294","chr14","13078876","13079182","6","137111"
"chr1","13221938","13222224","chr14","13084195","13084490","20","137743"
"chr1","13374508","13374779","chr14","13252190","13252459","13","122318"
"chr1","13411524","13411740","chr1","99736925","99737136","29","86325401"
"chr1","13452008","13452142","chr14","13330501","13330635","1","121507"
"chr1","13926085","13926226","chr6","118045458","118045604","25","104119373"
"chr1","13929667","13929826","chr8","18175404","18175556","27","4245737"
"chr1","13937453","13937762","chr14","13809421","13809729","28","128032"
"chr1","13975027","13975242","chr14","13844078","13844296","18","130949"
"chr1","13984122","13984400","chr13","43308203","43308489","56","29324081"
"chr1","14020529","14020824","chr14","13889715","13890010","6","130814"
"chr1","14027862","14028149","chr14","13896830","13897117","6","131032"
"chr1","14054483","14054714","chr14","7330330","7330559","28","6724153"
"chr1","14054797","14054936","chr1","30028124","30028263","18","15973327"
"chr1","14072396","14072656","chr14","13938500","13938760","9","133896"
"chr1","14072999","14073160","chr2","147378559","147378730","30","133305560"
"chr1","14130619","14130915","chr1","203971002","203971296","63","189840383"
"chr1","14296068","14296351","chr14","14161248","14161535","14","134820"
"chr1","14332054","14332354","chr14","14206002","14206302","13","126052"
"chr1","14339455","14339579","chr7","114727185","114727311","22","100387730"
"chr1","14339682","14339772","chr14","118844532","118844613","21","104504850"
"chr1","14407013","14407339","chr14","14281345","14281657","22","125668"
"chr1","14462678","14462948","chr1","162630443","162630704","53","148167765"
"chr1","14752564","14752918","chr5","34249818","34250173","85","19497254"
"chr1","14762742","14762961","chr14","14642679","14642896","25","120063"
"chr1","15315410","15315720","chr14","15176487","15176767","36","138923"
"chr1","15355284","15355529","chr3","151449255","151449500","49","136093971"
"chr1","15386039","15386108","chr15","38389824","38389887","22","23003785"
"chr1","15400945","15401165","chr14","15262929","15263132","21","138016"
"chr1","15417192","15417492","chr14","15281828","15282130","10","135364"
"chr1","15431746","15432048","chr14","15296384","15296684","11","135362"
"chr1","15437293","15437426","chrX","101901062","101901192","17","86463769"
"chr1","15437724","15437898","chr1","19775982","19776154","35","4338258"
"chr1","15460936","15461240","chr14","15325732","15326037","8","135204"
"chr1","15477134","15477437","chr6","173551711","173552010","37","158074577"
"chr1","15480851","15481161","chr14","15341657","15341965","16","139194"
"chr1","15568580","15568863","chr14","15426907","15427185","10","141673"
"chr1","15628634","15628898","chr14","15486711","15486979","14","141923"
"chr1","15630482","15630783","chr1","29687849","29688145","37","14057367"
"chr1","15641725","15641959","chr9","45525747","45525982","54","29884022"
"chr1","15674193","15674410","chr14","15533255","15533495","24","140938"
"chr1","15699083","15699382","chr14","15555312","15555605","13","143771"
"chr1","15741759","15741904","chr15","20512745","20512884","28","4770986"
"chr1","15793730","15793832","chr10","15069049","15069136","23","724681"
"chr1","15838582","15838884","chr14","15685509","15685814","11","153073"
"chr1","15894679","15894977","chr14","15739432","15739731","5","155247"
"chr1","16088034","16088320","chr14","15924713","15924999","5","163321"
"chr1","16093160","16093471","chr14","15929844","15930156","10","163316"
"chr1","16214353","16214663","chr14","16048019","16048293","43","166334"
"chr1","16590616","16590919","chr14","16388370","16388675","17","202246"
"chr1","17135103","17135401","chr14","17001883","17002179","6","133220"
"chr1","17140594","17140911","chr14","17007381","17007678","30","133213"
"chr1","17144817","17145096","chr14","17011576","17011854","16","133241"
"chr1","17314264","17314551","chr14","17176867","17177146","13","137397"
"chr1","17332369","17332467","chr8","46065071","46065165","23","28732702"
"chr1","17332466","17332539","chr19","11197941","11198018","14","6134525"
"chr1","17349974","17350268","chr14","17212117","17212419","23","137857"
"chr1","17357448","17357729","chr4","153173836","153174115","32","135816388"
"chr1","17384600","17384732","chr10","73050153","73050283","11","55665553"
"chr1","17385044","17385225","chr11","15461497","15461686","27","1923547"
"chr1","17468124","17468421","chr14","17318723","17319019","9","149401"
"chr1","17548228","17548514","chr14","17399826","17400089","27","148402"
"chr1","17551891","17552158","chr3","141101935","141102193","71","123550044"
"chr1","17556947","17557264","chr14","17404944","17405255","13","152003"
"chr1","17565737","17565975","chr5","78756152","78756392","41","61190415"
"chr1","17565987","17566052","chr5","89598423","89598483","16","72032436"
"chr1","17571002","17571293","chr10","27594987","27595275","29","10023985"
"chr1","17634792","17635072","chr14","17485965","17486254","26","148827"
"chr1","17672698","17672900","chr1","2126878","2127087","39","15545820"
"chr1","17672900","17673101","chr7","63422659","63422869","38","45749759"
"chr1","17784382","17784667","chr14","17639645","17639928","9","144737"
"chr1","17862765","17862974","chr7","159849912","159850120","43","141987147"
"chr1","17898844","17899136","chr14","17764448","17764737","14","134396"
"chr1","17912803","17913074","chr7","147295736","147296025","73","129382933"
"chr1","17941418","17941723","chr14","17806747","17807047","13","134671"
"chr1","17948118","17948427","chr14","17814169","17814474","15","133949"
"chr1","17955457","17955755","chr12","90194154","90194456","34","72238697"
"chr1","18086249","18086547","chr4","17927339","17927636","39","158910"
"chr1","18093684","18093983","chr1","42353131","42353436","34","24259447"
"chr1","18097991","18098270","chr4","22363750","22364029","42","4265759"
"chr1","18176039","18176333","chr14","18046298","18046599","15","129741"
"chr1","18271519","18271799","chr3","12839612","12839895","38","5431907"
"chr1","18310588","18310895","chr14","18184474","18184776","8","126114"
"chr1","18389159","18389419","chr20","17600889","17601158","49","788270"
"chr1","18409438","18409736","chr14","18284249","18284552","15","125189"
"chr1","18591813","18592112","chr14","18445789","18446081","32","146024"
"chr1","18592113","18592243","chr4","21810577","21810704","24","3218464"
"chr1","18592758","18593056","chr18","41253368","41253669","36","22660610"
"chr1","18593841","18594141","chr14","18444566","18444869","9","149275"
"chr1","18635918","18636047","chr16","42121210","42121339","18","23485292"
"chr1","18665309","18665575","chr15","6438791","6439051","31","12226518"
"chr1","18688581","18688875","chr14","18547795","18548091","11","140786"
"chr1","18709952","18710248","chr10","27594987","27595275","43","8885035"
"chr1","18723504","18723804","chr14","18582189","18582488","8","141315"
"chr1","18738106","18738287","chr7","67333687","67333879","37","48595581"
"chr1","18752094","18752504","chr20","26247523","26247905","103","7495429"
"chr1","18827459","18827564","chr14","18684217","18684322","1","143242"
"chr1","18846382","18846671","chr4","14605184","14605475","38","4241198"
"chr1","18852318","18852603","chr14","18709512","18709794","7","142806"
"chr1","18878953","18879262","chr14","311370","311684","46","18567583"
"chr1","18919582","18919879","chr3","87683648","87683945","44","68764066"
"chr1","18926505","18926799","chr14","18784482","18784775","9","142023"
"chr1","18970053","18970368","chr14","18828095","18828412","12","141958"
"chr1","19003009","19003328","chr14","18861219","18861548","24","141790"
"chr1","19142551","19142865","chr14","18994476","18994789","9","148075"
"chr1","19171137","19171276","chr9","6292875","6293012","20","12878262"
"chr1","19353035","19353332","chr14","19207674","19207951","25","145361"
"chr1","19387011","19387307","chr9","5849715","5850009","36","13537296"
"chr1","19521862","19522156","chr14","98777900","98778195","39","79256038"
"chr1","19558200","19558310","chr8","6612809","6612917","17","12945391"
"chr1","19559476","19559755","chrX","37331111","37331393","38","17771635"
"chr1","19790522","19790676","chr14","19634013","19634175","16","156509"
"chr1","20004078","20004345","chr1","162630443","162630704","46","142626365"
"chr1","20007550","20007819","chr14","19846245","19846553","45","161305"
"chr1","20154597","20154902","chr14","19985620","19985926","6","168977"
"chr1","20230813","20231121","chr14","20063394","20063703","10","167419"
"chr1","20238822","20239134","chr9","27491096","27491410","40","7252274"
"chr1","20285951","20286219","chr14","20118790","20119058","7","167161"
"chr1","20546351","20546570","chr3","179636688","179636888","64","159090337"
"chr1","20572102","20572415","chr14","20390932","20391246","18","181170"
"chr1","20615408","20615602","chr14","20432673","20432867","8","182735"
"chr1","20769241","20769542","chr8","124953535","124953832","44","104184294"
"chr1","20835617","20835922","chrX","27805021","27805338","51","6969404"
"chr1","21069721","21070017","chr14","20869619","20869916","7","200102"
"chr1","21150782","21151084","chr14","20949266","20949546","26","201516"
"chr1","21318629","21318943","chr14","21112712","21113021","7","205917"
"chr1","21471840","21472141","chr16","2306737","2307037","28","19165103"
"chr1","21498658","21498808","chr6","173021290","173021438","28","151522632"
"chr1","21526319","21526595","chr4","145283909","145284188","33","123757590"
"chr1","21611878","21612170","chr14","21395886","21396177","9","215992"
"chr1","21858163","21858468","chr14","21637930","21638225","25","220233"
"chr1","21892575","21892872","chr14","21671448","21671750","10","221127"
"chr1","22013426","22013651","chr14","21790677","21790896","16","222749"
"chr1","22336002","22336389","chr20","65667844","65668200","95","43331842"
"chr1","22582602","22582922","chr14","22351348","22351668","24","231254"
"chr1","22648036","22648335","chr14","22415831","22416126","37","232205"
"chr1","22917472","22917735","chr14","22679725","22679988","10","237747"
"chr1","23028215","23028471","chr14","22785536","22785796","31","242679"
"chr1","23211168","23211464","chr14","22990692","22990987","15","220476"
"chr1","23310806","23311110","chr14","23095429","23095727","13","215377"
"chr1","23400923","23401221","chr14","23173043","23173337","12","227880"
"chr1","23794899","23795196","chrX","7286644","7286945","35","16508255"
"chr1","23833741","23834048","chr1","217518692","217519008","47","193684951"
"chr1","23925706","23926002","chr1","101043006","101043300","42","77117300"
"chr1","24721987","24722308","chr11","117708438","117708766","44","92986451"
"chr1","24745601","24745888","chr14","24478632","24478932","43","266969"
"chr1","24922179","24922244","chr19","8747990","8748060","15","16174189"
"chr1","25009862","25010080","chr2","168708879","168709094","54","143699017"
"chr1","25108990","25109122","chr14","24824060","24824192","5","284930"
"chr1","25284853","25284922","chr8","96982902","96982971","18","71698049"
"chr1","25331816","25332120","chr4","17927339","17927636","45","7404477"
"chr1","25520601","25520908","chr14","25221473","25221783","21","299128"
"chr1","25622379","25622644","chr14","25317733","25318013","27","304646"
"chr1","25639396","25639637","chr14","25333630","25333856","22","305766"
"chr1","25759681","25759831","chr14","25450225","25450380","14","309456"
"chr1","25941663","25941966","chr4","24575132","24575437","40","1366531"
"chr1","26131889","26132198","chr14","25810389","25810694","16","321500"
"chr1","26317063","26317366","chr11","805472","805771","49","25511591"
"chr1","26342718","26343025","chr14","26013913","26014221","10","328805"
"chr1","26468843","26469145","chr14","26149031","26149333","14","319812"
"chr1","26591128","26591425","chr14","26256328","26256625","25","334800"
"chr1","26675966","26676226","chr14","26335093","26335353","11","340873"
"chr1","26691991","26692271","chr1","139397060","139397335","49","112705069"
"chr1","26956835","26957126","chrX","92885237","92885527","35","65928402"
"chr1","27207788","27208091","chr8","93088851","93089153","9","65881063"
"chr1","27622594","27622739","chr7","17304241","17304386","35","10318353"
"chr1","28342212","28342389","chr14","31856154","31856328","41","3513942"
"chr1","28498027","28498325","chr14","28141206","28141513","14","356821"
"chr1","28872752","28873046","chr14","28502040","28502342","35","370712"
"chr1","28873057","28873151","chr2","102238119","102238214","13","73365062"
"chr1","29319326","29319638","chr2","28666618","28666924","49","652708"
"chr1","29363381","29363683","chr14","28974018","28974319","7","389363"
"chr1","29368330","29368590","chr2","126909211","126909476","47","97540881"
"chr1","29415040","29415342","chr11","52155340","52155636","47","22740300"
"chr1","29673135","29673429","chr14","29278668","29278975","21","394467"
"chr1","29999631","29999916","chr14","29597764","29598035","26","401867"
"chr1","30197509","30197541","chr13","37700709","37700746","20","7503200"
"chr1","30197639","30197916","chr8","66389590","66389861","57","36191951"
"chr1","30420187","30420485","chr14","30026393","30026683","16","393794"
"chr1","30877085","30877391","chr14","30471637","30471943","5","405448"
"chr1","30972837","30973144","chr14","30559883","30560187","17","412954"
"chr1","31042050","31042330","chr15","91001050","91001325","56","59959000"
"chr1","31047766","31048055","chr14","30635055","30635350","16","412711"
"chr1","31146121","31146430","chr14","30729885","30730195","17","416236"
"chr1","31180908","31181207","chr14","30766791","30767092","9","414117"
"chr1","31207470","31207780","chr14","30791910","30792216","15","415560"
"chr1","31214812","31215118","chr5","85727208","85727512","44","54512396"
"chr1","31215716","31215988","chr9","14113601","14113874","38","17102115"
"chr1","31234712","31235008","chr14","30818483","30818779","12","416229"
"chr1","32030205","32030508","chr14","31646176","31646478","9","384029"
"chr1","32093038","32093340","chr14","31709650","31709953","10","383388"
"chr1","32261777","32262069","chr14","31908158","31908451","8","353619"
"chr1","32339218","32339496","chr14","31986278","31986557","15","352940"
"chr1","32347306","32347596","chr14","31994543","31994824","16","352763"
"chr1","32382194","32382478","chr14","32029687","32029972","5","352507"
"chr1","32468366","32468667","chr4","143882101","143882401","35","111413735"
"chr1","32523870","32524166","chr8","93313106","93313401","36","60789236"
"chr1","32592380","32592676","chr14","32234672","32234968","9","357708"
"chr1","32638500","32638804","chr9","54721483","54721784","43","22082983"
"chr1","32654257","32654548","chr14","32294426","32294718","7","359831"
"chr1","32660765","32661041","chr14","32300568","32300822","32","360197"
"chr1","32662837","32663127","chr14","32302660","32302951","10","360177"
"chr1","32694048","32694352","chr14","32335229","32335524","17","358819"
"chr1","32703972","32704277","chr14","32345397","32345702","21","358575"
"chr1","32705177","32705386","chr10","49987070","49987274","34","17281893"
"chr1","32737145","32737330","chr14","32380114","32380308","16","357031"
"chr1","32879759","32880044","chr14","32523430","32523710","10","356329"
"chr1","32920136","32920443","chr14","32563946","32564250","14","356190"
"chr1","33021229","33021516","chr14","32656969","32657257","18","364260"
"chr1","33095978","33096316","chr14","32732482","32732793","42","363496"
"chr1","33107211","33107517","chr14","32743686","32743988","15","363525"
"chr1","33202640","33202872","chr20","3472401","3472631","34","29730239"
"chr1","33231213","33231358","chr4","41177678","41177819","27","7946465"
"chr1","33231387","33231498","chr7","48718403","48718507","19","15487016"
"chr1","33270710","33270873","chr14","32908147","32908309","3","362563"
"chr1","33580985","33581276","chr14","33218670","33218963","12","362315"
"chr1","33622101","33622379","chr3","119535970","119536254","44","85913869"
"chr1","33670148","33670452","chr14","33305242","33305547","9","364906"
"chr1","33671200","33671483","chr14","33306212","33306495","4","364988"
"chr1","33833068","33833341","chr14","33478773","33479041","12","354295"
"chr1","33875609","33875915","chr14","33520943","33521239","21","354666"
"chr1","33967779","33968087","chr14","33620115","33620422","14","347664"
"chr1","34024643","34024946","chr14","33674820","33675120","12","349823"
"chr1","34385996","34386253","chr1","128096754","128097013","52","93710758"
"chr1","35217510","35217771","chr14","34888926","34889185","6","328584"
"chr1","35602159","35602289","chr6","174378395","174378524","13","138776236"
"chr1","35904058","35904360","chr14","35605146","35605438","20","298912"
"chr1","35938853","35939173","chr7","54832635","54832943","48","18893782"
"chr1","36076569","36076850","chr20","26211185","26211483","49","9865384"
"chr1","36330688","36330999","chr14","36055084","36055396","10","275604"
"chr1","36526187","36526449","chr14","36248976","36249235","12","277211"
"chr1","36740900","36741182","chr18","38000001","38000287","34","1259101"
"chr1","36834076","36834385","chr14","36571530","36571836","12","262546"
"chr1","36840999","36841083","chr4","45000002","45000084","10","8159003"
"chr1","37301846","37302082","chr1","196438385","196438586","66","159136539"
"chr1","37599917","37600217","chr8","93313106","93313401","43","55713189"
"chr1","37646132","37646410","chr20","17809837","17810111","54","19836295"
"chr1","37839240","37839541","chr3","12962418","12962725","48","24876822"
"chr1","37869438","37869740","chr1","181999026","181999329","47","144129588"
"chr1","37910213","37910514","chr14","37672731","37673040","22","237482"
"chr1","37995062","37995348","chr14","37757921","37758207","7","237141"
"chr1","38072985","38073248","chr13","8787760","8788014","39","29285225"
"chr1","38131748","38132036","chr14","37902378","37902674","14","229370"
"chr1","38177786","38178104","chr14","37954914","37955231","19","222872"
"chr1","38412322","38412616","chr14","38189656","38189950","8","222666"
"chr1","38698499","38698618","chr19","33511369","33511488","13","5187130"
"chr1","38835279","38835587","chr6","168144381","168144684","42","129309102"
"chr1","38892997","38893296","chr14","38677145","38677443","6","215852"
"chr1","38924203","38924477","chr16","50309902","50310180","52","11385699"
"chr1","39371576","39371873","chr14","39173021","39173297","34","198555"
"chr1","39608160","39608448","chr7","155788835","155789119","48","116180675"
"chr1","39663327","39663629","chr14","39492030","39492341","19","171297"
"chr1","39667353","39667647","chr14","39496080","39496391","32","171273"
"chr1","39669090","39669388","chr7","145155503","145155800","45","105486413"
"chr1","39983716","39983995","chr4","153173836","153174115","38","113190120"
"chr1","40071450","40071749","chr13","37729429","37729733","42","2342021"
"chr1","40174760","40175069","chr16","1192695","1192995","42","38982065"
"chr1","40320292","40320602","JH680363","4843","5155","20","40315449"
"chr1","40363507","40363792","chr14","40172949","40173235","8","190558"
"chr1","40391961","40392229","chr14","40201562","40201832","14","190399"
"chr1","40410516","40410789","chr9","14113601","14113874","46","26296915"
"chr1","40660913","40661215","chr14","40469718","40470023","22","191195"
"chr1","40696946","40697248","chr14","41159732","41160044","31","462786"
"chr1","40703353","40703647","chr3","157496628","157496926","49","116793275"
"chr1","40843627","40843939","chr14","41009606","41009914","17","165979"
"chr1","41690290","41690594","chr14","41522953","41523263","16","167337"
"chr1","41757472","41757809","chr14","41589883","41590193","52","167589"
"chr1","41777103","41777381","chr14","41609358","41609641","13","167745"
"chr1","41804801","41805122","chr14","41631089","41631393","27","173712"
"chr1","42380712","42380997","chr14","42210534","42210819","7","170178"
"chr1","42655683","42655969","chr11","63416676","63416961","46","20760993"
"chr1","42751034","42751335","chr14","42575256","42575558","15","175778"
"chr1","43267689","43267972","chr7","150044818","150045121","62","106777129"
"chr1","43319929","43320190","chr14","43176553","43176844","39","143376"
"chr1","43383528","43383846","chr14","43268907","43269231","13","114621"
"chr1","43963594","43963887","chr14","43856545","43856839","19","107049"
"chr1","44001630","44001925","chr14","43894432","43894727","5","107198"
"chr1","44291922","44292249","chr14","44188960","44189271","22","102962"
"chr1","44469796","44470091","chr14","44370093","44370400","21","99703"
"chr1","44538513","44538778","chr14","44430110","44430372","7","108403"
"chr1","44606330","44606431","chr13","125359330","125359442","34","80753000"
"chr1","44734096","44734381","chr14","44628115","44628388","29","105981"
"chr1","45132675","45132956","chr14","45024033","45024342","36","108642"
"chr1","45133008","45133022","chr9","32916732","32916748","10","12216276"
"chr1","46117377","46117706","chr1","181896576","181896897","60","135779199"
"chr1","46239361","46239667","chr14","46200505","46200811","10","38856"
"chr1","46268646","46268945","chr6","172177218","172177517","45","125908572"
"chr1","46317423","46317693","chr4","41467287","41467553","53","4850136"
"chr1","46334811","46335019","chr20","23572796","23572997","38","22762015"
"chr1","46342553","46342838","chr2","100919954","100920248","41","54577401"
"chr1","46377266","46377433","chr16","58051185","58051354","29","11673919"
"chr1","46377730","46377746","chr9","32916732","32916748","12","13460998"
"chr1","46379476","46379764","chr14","46345079","46345382","23","34397"
"chr1","46389598","46389887","chr14","46358450","46358751","21","31148"
"chr1","46391753","46392063","chr1","41727504","41727807","40","4664249"
"chr1","46412368","46412652","chr14","46380229","46380513","8","32139"
"chr1","46429374","46429678","chr14","46397842","46398146","7","31532"
"chr1","46564980","46565186","chr12","63803462","63803675","37","17238482"
"chr1","46613458","46613763","chr14","46595172","46595481","18","18286"
"chr1","46767204","46767514","chr14","46764518","46764806","27","2686"
"chr1","46855767","46856070","chr14","46874117","46874427","23","18350"
"chr1","46993178","46993496","chr14","47011203","47011523","23","18025"
"chr1","47548545","47548844","chr14","47571204","47571500","35","22659"
"chr1","47594130","47594452","chr7","3930681","3930993","47","43663449"
"chr1","47678126","47678424","chr14","47692618","47692913","15","14492"
"chr1","47679740","47680039","chr14","47694496","47694794","10","14756"
"chr1","47705661","47705934","chr12","39694107","39694381","41","8011554"
"chr1","47717904","47718197","chr14","47732378","47732670","12","14474"
"chr1","47734442","47734740","chr14","47748676","47748972","13","14234"
"chr1","47770843","47771143","chr5","94774406","94774706","42","47003563"
"chr1","47838031","47838306","chr14","47854186","47854468","15","16155"
"chr1","47867713","47867870","chr15","94208278","94208435","25","46340565"
"chr1","47868001","47868141","chr1","34955401","34955536","22","12912600"
"chr1","47881883","47882104","chr14","47897771","47897988","18","15888"
"chr1","47896615","47896909","chr1","181999026","181999329","34","134102411"
"chr1","47900998","47901310","chr14","47913712","47914021","10","12714"
"chr1","47907334","47907627","chr12","52588111","52588404","30","4680777"
"chr1","47990547","47990852","chr14","48006140","48006441","9","15593"
"chr1","48000599","48000907","chr14","48016372","48016681","10","15773"
"chr1","48012511","48012807","chr14","48028790","48029089","11","16279"
"chr1","48223512","48223810","chr14","48243052","48243351","8","19540"
"chr1","48272119","48272414","chr9","118778775","118779045","81","70506656"
"chr1","48366004","48366134","chr8","38181713","38181843","13","10184291"
"chr1","48452600","48452853","chr14","48483967","48484220","6","31367"
"chr1","48769006","48769024","chr13","77378324","77378343","12","28609318"
"chr1","48769062","48769349","chr14","48807140","48807428","5","38078"
"chr1","48965633","48965852","chr14","49010912","49011104","34","45279"
"chr1","49068132","49068441","chr14","49115330","49115622","24","47198"
"chr1","49748210","49748449","chr14","49797675","49797921","9","49465"
"chr1","50450971","50451259","chr14","50531696","50531988","11","80725"
"chr1","50486979","50487263","chr14","50563677","50563961","8","76698"
"chr1","50524579","50524593","chr9","32916732","32916748","12","17607847"
"chr1","50525318","50525462","chr14","56055810","56055957","36","5530492"
"chr1","50595310","50595592","chr14","50671396","50671690","17","76086"
"chr1","51130714","51130973","chr14","51224347","51224604","12","93633"
"chr1","51226649","51226921","chr14","51319684","51319956","7","93035"
"chr1","51229347","51229649","chr14","51322375","51322676","5","93028"
"chr1","51363845","51364177","chr1","113667944","113668268","72","62304099"
"chr1","51388984","51389262","chr14","51488545","51488823","6","99561"
"chr1","51627759","51628049","chr14","51728688","51728976","9","100929"
"chr1","51640090","51640366","chr14","51741149","51741436","23","101059"
"chr1","51823042","51823322","chr4","103536406","103536699","54","51713364"
"chr1","51970541","51970840","chr14","52072281","52072572","26","101740"
"chr1","52010111","52010324","chr14","52111868","52112078","4","101757"
"chr1","52082288","52082382","chr14","52184062","52184157","2","101774"
"chr1","52483875","52484167","chr18","15131537","15131838","36","37352338"
"chr1","52739291","52739594","chr14","52845581","52845889","31","106290"
"chr1","52742648","52742930","chr1","17939242","17939535","58","34803406"
"chr1","52782925","52783202","chr1","16705632","16705915","30","36077293"
"chr1","53648233","53648514","chr14","53778409","53778711","29","130176"
"chr1","53831704","53832011","chr14","53964617","53964919","14","132913"
"chr1","53946082","53946337","chr14","54093716","54093971","4","147634"
"chr1","54012233","54012539","chr14","54158074","54158372","19","145841"
"chr1","54023535","54023833","chr14","54168646","54168944","7","145111"
"chr1","54088026","54088296","chr10","86397206","86397477","37","32309180"
"chr1","54700597","54700895","chr14","54850905","54851204","8","150308"
"chr1","54843610","54843907","chr14","54992376","54992672","8","148766"
"chr1","54986706","54987015","chr4","111169416","111169723","39","56182710"
"chr1","55164617","55164931","chr14","55314698","55315009","12","150081"
"chr1","55237336","55237591","chr14","55386506","55386762","7","149170"
"chr1","55275412","55275718","chr16","10989286","10989594","40","44286126"
"chr1","55296211","55296514","chr14","55443552","55443855","10","147341"
"chr1","55313435","55313654","chr12","40269904","40270125","28","15043531"
"chr1","55316272","55316568","chr14","55463836","55464131","8","147564"
"chr1","55333985","55334279","chr14","55477661","55477955","10","143676"
"chr1","55339328","55339565","chrX","32551098","32551332","43","22788230"
"chr1","55339824","55340107","chr14","55495882","55496166","10","156058"
"chr1","55350458","55350594","chr14","55493750","55493886","0","143292"
"chr1","55366402","55366601","chr13","961348","961554","64","54405054"
"chr1","55403773","55403941","chr10","80391906","80392066","28","24988133"
"chr1","55403942","55404241","chr9","24720274","24720574","48","30683668"
"chr1","55404242","55404377","chr11","74966065","74966200","18","19561823"
"chr1","55415833","55416126","chr14","55569803","55570096","14","153970"
"chr1","55418505","55418635","chr9","61929700","61929830","10","6511195"
"chr1","55437086","55437369","chr14","55592188","55592471","2","155102"
"chr1","55438346","55438617","chr20","66358182","66358460","55","10919836"
"chr1","55471414","55471702","chr14","55627101","55627389","8","155687"
"chr1","55485918","55486205","chr14","55650024","55650290","23","164106"
"chr1","55489293","55489462","chr8","6116673","6116831","36","49372620"
"chr1","55489753","55489882","chr4","101391615","101391756","32","45901862"
"chr1","55531663","55531949","chr14","55688078","55688368","11","156415"
"chr1","55584851","55585158","chr14","55745015","55745322","14","160164"
"chr1","55655433","55655645","chr14","55817458","55817681","15","162025"
"chr1","55690711","55691012","chr14","55852155","55852455","12","161444"
"chr1","55711598","55711771","chr7","58056502","58056683","29","2344904"
"chr1","55711802","55711927","chr1","125213986","125214113","18","69502184"
"chr1","55848417","55848712","chr20","26211185","26211483","44","29637232"
"chr1","55867214","55867507","chr2","55220108","55220404","37","647106"
"chr1","55895786","55895989","chr9","86064269","86064461","51","30168483"
"chr1","56007665","56007964","chr14","56167231","56167527","14","159566"
"chr1","56033166","56033454","chr11","108027697","108027986","44","51994531"
"chr1","56106480","56106780","chr14","56266107","56266399","20","159627"
"chr1","56163959","56164252","chr7","19100666","19100960","51","37063293"
"chr1","56196019","56196320","chr14","56352998","56353297","7","156979"
"chr1","56214439","56214624","chr7","58056502","58056683","38","1842063"
"chr1","56688355","56688664","chr14","56794880","56795188","9","106525"
"chr1","56801534","56801832","chr14","56906499","56906797","9","104965"
"chr1","58006463","58006745","chr11","118949958","118950247","39","60943495"
"chr1","58051141","58051453","chr14","58132052","58132358","14","80911"
"chr1","58128143","58128386","chr14","58283038","58283289","11","154895"
"chr1","58343648","58343928","chr14","58501516","58501801","9","157868"
"chr1","60797284","60797373","chr6","17112044","17112129","27","43685240"
"chr1","60806280","60806587","chr14","59321835","59322142","5","1484445"
"chr1","60818136","60818422","chr14","59331777","59332063","7","1486359"
"chr1","60830511","60830798","chr1","152579678","152579974","62","91749167"
"chr1","60886879","60887077","chr19","28254311","28254505","43","32632568"
"chr1","61010642","61010783","chr14","59494052","59494196","5","1516590"
"chr1","61091406","61091733","chr14","59578774","59579080","33","1512632"
"chr1","61124959","61125273","chr13","72339460","72339771","43","11214501"
"chr1","61168404","61168704","chr14","59672106","59672404","8","1496298"
"chr1","61499033","61499321","chr14","60051654","60051944","9","1447379"
"chr1","61763627","61763827","chr7","120481862","120482053","40","58718235"
"chr1","61780569","61780867","chr20","26211185","26211483","53","35569384"
"chr1","61982646","61982949","chr14","60504504","60504807","11","1478142"
"chr1","62018706","62019005","chr14","60540077","60540376","11","1478629"
"chr1","62154451","62154761","chr1","90895622","90895927","55","28741171"
"chr1","62189741","62190051","chr14","60718108","60718413","16","1471633"
"chr1","62295739","62296026","chr14","60822358","60822645","3","1473381"
"chr1","62492676","62492975","chr14","61034749","61035054","16","1457927"
"chr1","62646871","62647068","chr3","96661500","96661681","37","34014629"
"chr1","62691660","62691962","chr14","61236396","61236702","8","1455264"
"chr1","62716761","62717064","chr14","61261440","61261739","10","1455321"
"chr1","62771282","62771571","chr13","125308365","125308653","36","62537083"
"chr1","62815795","62815984","chr5","142039789","142039979","41","79223994"
"chr1","62816018","62816141","chr1","125213986","125214113","15","62397968"
"chr1","62833835","62834051","chr14","61378975","61379194","7","1454860"
"chr1","62921473","62921783","chr14","61470612","61470919","13","1450861"
"chr1","62948886","62949102","chr4","33553246","33553458","38","29395640"
"chr1","62955702","62955995","chr14","61504447","61504739","12","1451255"
"chr1","62971442","62971663","chr18","12679863","12680106","64","50291579"
"chr1","62977817","62978123","chr14","61526364","61526669","13","1451453"
"chr1","63106543","63106596","chr16","51701031","51701090","11","11405512"
"chr1","63106908","63107051","chr4","41177678","41177819","31","21929230"
"chr1","63116526","63116821","chr14","61670861","61671158","8","1445665"
"chr1","63227443","63227735","chr4","27134375","27134681","42","36093068"
"chr1","63247349","63247473","chr14","61803457","61803566","15","1443892"
"chr1","63364844","63365129","chr14","61924998","61925282","10","1439846"
"chr1","63439837","63440138","chr14","62001512","62001817","8","1438325"
"chr1","63499832","63500000","chr13","41164706","41164868","46","22335126"
"chr1","63500120","63500412","chr14","62062632","62062926","7","1437488"
"chr1","63610196","63610415","chr12","63803462","63803675","43","193266"
"chr1","63698125","63698434","chr14","62263256","62263565","5","1434869"
"chr1","63793790","63794095","chr14","62355360","62355671","15","1438430"
"chr1","64035212","64035507","chr14","62598498","62598806","18","1436714"
"chr1","64047991","64048294","chr14","62611253","62611550","11","1436738"
"chr1","64083058","64083358","chr14","62646913","62647215","7","1436145"
"chr1","64099009","64099274","chr14","62662201","62662472","11","1436808"
"chr1","64111696","64111995","chr14","62675212","62675513","11","1436484"
"chr1","64315831","64316131","chr14","62884766","62885068","12","1431065"
"chr1","64501886","64502187","chr14","63081099","63081399","11","1420787"
"chr1","64564920","64565246","chr14","63143749","63144070","15","1421171"
"chr1","64704551","64704863","chr14","63283742","63284056","9","1420809"
"chr1","64941293","64941577","chr11","124352922","124353201","56","59411629"
"chr1","64970559","64970857","chr14","63547641","63547939","10","1422918"
"chr1","65033739","65033969","chr14","63603351","63603580","8","1430388"
"chr1","65053302","65053608","chr6","31775811","31776113","53","33277491"
"chr1","65057456","65057756","chr1","86258769","86259070","36","21201313"
"chr1","65097190","65097490","chr14","63683046","63683347","9","1414144"
"chr1","65102869","65103166","chr14","63688421","63688721","11","1414448"
"chr1","65109595","65109744","chr4","52283470","52283609","22","12826125"
"chr1","65156285","65156590","chr14","63743592","63743899","10","1412693"
"chr1","65163807","65164107","chr14","63751470","63751781","20","1412337"
"chr1","65172758","65173049","chr11","84452711","84453003","36","19279953"
"chr1","65186055","65186228","chrX","50867026","50867196","35","14319029"
"chr1","65191337","65191628","chr14","63778179","63778478","14","1413158"
"chr1","65308899","65309193","chr14","63899474","63899771","10","1409425"
"chr1","65389720","65390024","chr14","63988926","63989230","4","1400794"
"chr1","65842875","65843171","chr14","64449805","64450104","11","1393070"
"chr1","65908216","65908379","chr14","64514899","64515072","19","1393317"
"chr1","65983930","65984224","chr14","64590207","64590501","9","1393723"
"chr1","65992243","65992512","chr14","64598602","64598883","19","1393641"
"chr1","66003001","66003172","chr2","146371689","146371866","44","80368688"
"chr1","66003456","66003595","chr11","74966065","74966200","29","8962609"
"chr1","66229772","66230074","chr14","64846118","64846426","14","1383654"
"chr1","66312611","66312685","chr16","929496","929570","14","65383115"
"chr1","66327464","66327740","chr5","11820106","11820389","46","54507358"
"chr1","66344454","66344744","chr20","51242106","51242393","35","15102348"
"chr1","66383330","66383544","chr12","63803462","63803675","37","2579868"
"chr1","66887212","66887526","chr14","65510655","65510962","12","1376557"
"chr1","66921862","66922176","chr14","65544612","65544923","7","1377250"
"chr1","67043848","67044139","chr14","65666625","65666916","8","1377223"
"chr1","67182167","67182464","chr14","65810660","65810959","8","1371507"
"chr1","67208979","67209281","chr2","42815086","42815389","38","24393893"
"chr1","67264251","67264540","chr14","65896169","65896457","4","1368082"
"chr1","67276781","67277089","chr14","65908259","65908571","17","1368522"
"chr1","67506826","67507143","chr14","66137952","66138258","24","1368874"
"chr1","67583147","67583429","chr4","133457834","133458118","48","65874687"
"chr1","67612552","67612869","chr14","66243391","66243708","13","1369161"
"chr1","67637912","67638041","chr6","174378395","174378524","13","106740483"
"chr1","67648535","67648803","chr14","66280022","66280296","10","1368513"
"chr1","68182746","68182956","chr14","66819839","66820048","5","1362907"
"chr1","68399345","68399647","chr6","32264602","32264902","42","36134743"
"chr1","68435991","68436290","chr14","67074609","67074912","13","1361382"
"chr1","68522843","68523144","chr14","67164516","67164815","10","1358327"
"chr1","68527186","68527478","chr14","67169576","67169884","21","1357610"
"chr1","68568374","68568682","chr14","67209991","67210296","12","1358383"
"chr1","68716464","68716772","chr2","135426664","135426969","44","66710200"
"chr1","68789351","68789677","chr14","67442820","67443127","25","1346531"
"chr1","68859583","68859884","chr14","67508158","67508462","12","1351425"
"chr1","68880610","68880907","chr14","67529559","67529856","4","1351051"
"chr1","68953211","68953430","chr14","67602221","67602438","8","1350990"
"chr1","68979297","68979603","chr14","67629101","67629406","16","1350196"
"chr1","69093926","69094194","chr2","152060688","152060961","48","82966762"
"chr1","69100572","69100872","chr14","67749270","67749570","7","1351302"
"chr1","69119330","69119611","chr14","67768138","67768419","7","1351192"
"chr1","69230873","69231173","chr14","67882363","67882666","15","1348510"
"chr1","69265181","69265495","chr14","67920696","67921010","8","1344485"
"chr1","69272066","69272361","chr14","67927205","67927498","14","1344861"
"chr1","69327023","69327324","chr14","67982999","67983287","24","1344024"
"chr1","69510361","69510668","chr14","68168530","68168842","11","1341831"
"chr1","69597959","69598269","chr14","68256656","68256952","19","1341303"
"chr1","69659872","69660180","chr14","68318270","68318576","6","1341602"
"chr1","69668197","69668493","chr14","68326599","68326900","9","1341598"
"chr1","70171866","70172172","chr15","99400201","99400514","43","29228335"
"chr1","70912999","70913314","chr14","69613608","69613922","5","1299391"
"chr1","71014998","71015297","chr14","69714077","69714386","24","1300921"
"chr1","71088961","71089156","chr11","121763616","121763804","36","50674655"
"chr1","71435322","71435627","chr14","70157060","70157349","26","1278262"
"chr1","71492901","71493243","chr14","70213913","70214223","45","1278988"
"chr1","71617860","71618141","chr14","70340181","70340462","7","1277679"
"chr1","71710732","71711031","chr4","124559977","124560276","36","52849245"
"chr1","71761852","71762147","chr14","70492940","70493228","9","1268912"
"chr1","71851666","71851959","chr14","70584406","70584713","32","1267260"
"chr1","72234126","72234419","chr14","70981702","70981995","8","1252424"
"chr1","72712942","72713241","chr14","71470857","71471156","5","1242085"
"chr1","73213204","73213472","chr14","71994613","71994881","3","1218591"
"chr1","73431108","73431390","chr16","66577538","66577819","43","6853570"
"chr1","73620183","73620517","chr14","72402495","72402833","14","1217688"
"chr1","73625245","73625461","chr2","91320504","91320729","46","17695259"
"chr1","73932548","73932840","chr14","72723214","72723506","12","1209334"
"chr1","74244881","74245179","chr14","73036784","73037088","16","1208097"
"chr1","74280754","74280918","chr14","73073502","73073663","6","1207252"
"chr1","74437211","74437520","chr1","64014673","64014982","42","10422538"
"chr1","74604622","74604914","chr14","73405538","73405835","13","1199084"
"chr1","74859960","74860266","chr7","128884186","128884494","45","54024226"
"chr1","75255975","75256238","chr14","74059235","74059499","7","1196740"
"chr1","75430437","75430755","chr14","74234702","74235016","14","1195735"
"chr1","75490506","75490673","chr16","53323371","53323545","40","22167135"
"chr1","75498428","75498742","chr14","74296426","74296750","22","1202002"
"chr1","75707825","75708130","chr14","74496178","74496481","5","1211647"
"chr1","75740203","75740354","chr15","90542832","90542978","21","14802629"
"chr1","76167742","76168003","chr14","74940426","74940686","9","1227316"
"chr1","76696104","76696413","chr14","75466761","75467067","12","1229343"
"chr1","76757676","76757980","chr14","75539232","75539534","11","1218444"
"chr1","76822390","76822674","chr14","75600224","75600508","4","1222166"
"chr1","76908492","76908654","chr7","18280763","18280901","40","58627729"
"chr1","77043729","77044028","chr14","75822950","75823243","11","1220779"
"chr1","77154055","77154231","chr16","29072841","29073006","45","48081214"
"chr1","77422408","77422495","chr8","9375780","9375870","13","68046628"
"chr1","77457396","77457681","chr15","97061406","97061689","42","19604010"
"chr1","77486083","77486390","chr14","76258044","76258350","11","1228039"
"chr1","77570355","77570669","chr14","76342353","76342665","9","1228002"
"chr1","77573186","77573470","chr14","76345173","76345439","24","1228013"
"chr1","77698019","77698294","chr1","145169343","145169619","42","67471324"
"chr1","78156826","78157159","chr10","75398684","75399002","65","2758142"
"chr1","78241737","78242045","chr14","76986230","76986538","10","1255507"
"chr1","78258062","78258363","chr14","77003059","77003354","14","1255003"
"chr1","78304684","78304978","chr14","77049115","77049424","23","1255569"
"chr1","78307932","78308229","chr20","36033026","36033323","40","42274906"
"chr1","78308238","78308547","chr14","77052495","77052806","11","1255743"
"chr1","78319058","78319346","chr1","170874036","170874329","48","92554978"
"chr1","78326134","78326444","chr14","77071038","77071326","35","1255096"
"chr1","78380015","78380301","chr13","23820100","23820388","37","54559915"
"chr1","78443717","78443981","chr14","77187318","77187582","4","1256399"
"chr1","79148313","79148653","chr14","77890180","77890485","39","1258133"
"chr1","79653079","79653377","chr14","78407308","78407614","20","1245771"
"chr1","79799760","79800075","chr14","78557311","78557629","24","1242449"
"chr1","80048905","80049205","chr6","60822482","60822782","39","19226423"
"chr1","80370074","80370212","chr15","48089903","48090048","40","32280171"
"chr1","80523643","80523930","chr10","27594987","27595275","37","52928656"
"chr1","80582301","80582587","chr7","143313077","143313356","50","62730776"
"chr1","80693603","80693806","chr14","79435410","79435612","6","1258193"
"chr1","81009331","81009616","chr10","16408690","16408989","64","64600641"
"chr1","81073772","81074083","chr14","79679267","79679573","20","1394505"
"chr1","81465715","81465996","chr18","38000001","38000287","53","43465714"
"chr1","81467595","81467890","chr14","80028743","80029038","6","1438852"
"chr1","81816871","81817171","chr14","80367491","80367789","30","1449380"
"chr1","81842664","81842877","chr4","25733321","25733536","34","56109343"
"chr1","82054776","82054838","chr5","27820659","27820719","15","54234117"
"chr1","82067836","82068157","chr9","76551466","76551787","47","5516370"
"chr1","82384249","82384550","chr14","80903280","80903581","21","1480969"
"chr1","82499137","82499307","chr10","69739671","69739841","33","12759466"
"chr1","82722344","82722498","chr14","81239688","81239842","4","1482656"
"chr1","83044232","83044514","chr9","118511614","118511893","44","35467382"
"chr1","83211050","83211351","chr14","81740796","81741107","16","1470254"
"chr1","83729601","83729888","chr14","82270700","82271003","47","1458901"
"chr1","84159835","84160120","chr14","82696982","82697275","19","1462853"
"chr1","84336012","84336313","chr14","82880608","82880909","7","1455404"
"chr1","84619862","84620168","chr14","83148751","83149058","6","1471111"
"chr1","84703493","84703790","chr14","83231444","83231736","14","1472049"
"chr1","84931465","84931619","chr1","170198659","170198810","26","85267194"
"chr1","85069414","85069714","chr14","83593019","83593319","14","1476395"
"chr1","85140475","85140607","chr14","83668459","83668598","16","1472016"
"chr1","85176201","85176381","chr5","72620572","72620744","32","12555629"
"chr1","85389611","85389923","chr6","138444935","138445228","69","53055324"
"chr1","85534649","85534944","chr1","218083470","218083765","36","132548821"
"chr1","85639341","85639603","chr14","84174079","84174370","42","1465262"
"chr1","85743859","85744167","chr14","84276998","84277298","13","1466861"
"chr1","85753056","85753358","chr14","84286183","84286476","13","1466873"
"chr1","85780130","85780303","chr10","27411919","27412087","26","58368211"
"chr1","85805007","85805303","chr14","84338633","84338939","18","1466374"
"chr1","85876172","85876560","chr14","84410389","84410701","98","1465783"
"chr1","86156276","86156384","chr14","84680318","84680427","4","1475958"
"chr1","86175804","86175879","chr4","45488506","45488575","16","40687298"
"chr1","86402331","86402610","chr14","84917223","84917500","12","1485108"
"chr1","86433636","86433908","chr14","84947905","84948171","9","1485731"
"chr1","86540129","86540186","chr16","51701031","51701090","12","34839098"
"chr1","86734299","86734620","chr14","85238048","85238368","25","1496251"
"chr1","86780821","86781102","chr14","85283659","85283968","35","1497162"
"chr1","87198002","87198313","chr14","85687969","85688280","3","1510033"
"chr1","87414780","87415079","chr14","85898691","85898991","13","1516089"
"chr1","87419751","87420060","chr6","143155072","143155376","36","55735321"
"chr1","87473325","87473634","chr14","85953404","85953712","12","1519921"
"chr1","87903067","87903210","chr19","6350826","6350968","28","81552241"
"chr1","88010126","88010431","chr11","6589712","6590013","43","81420414"
"chr1","88636046","88636376","chr14","87107296","87107584","53","1528750"
"chr1","88654932","88655237","chr14","87125547","87125850","12","1529385"
"chr1","88705575","88705715","chr19","7705492","7705631","19","81000083"
"chr1","88822550","88822851","chr14","87231211","87231518","24","1591339"
"chr1","89094875","89095169","chr14","87508862","87509156","11","1586013"
"chr1","89127707","89127984","chr14","87542004","87542280","16","1585703"
"chr1","89533779","89534111","chr19","9817547","9817855","60","79716232"
"chr1","89573987","89574257","chr14","87979454","87979725","17","1594533"
"chr1","89687561","89687845","chr14","88085820","88086135","38","1601741"
"chr1","89822317","89822620","chr12","39811653","39811952","47","50010664"
"chr1","90168950","90169201","chr14","88479065","88479309","11","1689885"
"chr1","90487971","90488157","chr13","27962178","27962378","54","62525793"
"chr1","90519733","90520043","chr14","88808865","88809178","14","1710868"
"chr1","90550891","90551191","chr14","88841495","88841794","10","1709396"
"chr1","90716802","90716948","chr14","89001010","89001161","15","1715792"
"chr1","90855166","90855479","chr14","89141233","89141519","37","1713933"
"chr1","90999406","90999703","chr14","89281022","89281327","25","1718384"
"chr1","91436797","91436855","chr6","92853909","92853958","27","1417112"
"chr1","91481623","91481735","chr3","169410230","169410340","20","77928607"
"chr1","91975058","91975344","chr14","90236234","90236520","10","1738824"
"chr1","91996600","91996761","chr7","28621481","28621637","29","63375119"
"chr1","92055100","92055391","chr14","90313481","90313799","45","1741619"
"chr1","92062970","92063130","chr6","118045458","118045604","45","25982488"
"chr1","92074494","92074554","chr18","27974374","27974429","16","64100120"
"chr1","92089242","92089554","chr14","90345746","90346055","12","1743496"
"chr1","92341401","92341635","chr14","90588609","90588838","12","1752792"
"chr1","92381856","92381896","chr10","61963419","61963461","11","30418437"
"chr1","92535821","92535936","chr14","90784042","90784157","2","1751779"
"chr1","92723065","92723338","chr14","90975554","90975827","10","1747511"
"chr1","92880360","92880653","chr14","91114654","91114947","11","1765706"
"chr1","92909584","92909714","chr6","74452348","74452476","14","18457236"
"chr1","92911142","92911432","chr3","83610987","83611284","36","9300155"
"chr1","93050932","93051236","chr14","19207674","19207951","69","73843258"
"chr1","93204557","93204878","chr14","91448642","91448946","45","1755915"
"chr1","93343620","93343918","chr14","91585090","91585388","3","1758530"
"chr1","93544549","93544600","chr15","7554399","7554450","13","85990150"
"chr1","93552661","93552925","chr14","91790380","91790645","10","1762281"
"chr1","93553704","93554016","chr14","91791421","91791736","13","1762283"
"chr1","93614341","93614436","chr6","50039572","50039667","14","43574769"
"chr1","93686047","93686353","chr14","91921073","91921370","24","1764974"
"chr1","93830806","93831127","chr14","92067010","92067337","18","1763796"
"chr1","94301636","94301935","chr14","92516075","92516368","20","1785561"
"chr1","94465473","94465775","chr14","92681730","92682035","13","1783743"
"chr1","94515004","94515289","chr1","185490436","185490721","38","90975432"
"chr1","94593747","94594016","chr14","92806055","92806336","24","1787692"
"chr1","94630130","94630440","chr14","92836820","92837130","6","1793310"
"chr1","95446181","95446476","chr14","93633870","93634147","36","1812311"
"chr1","95469942","95469960","chr13","77378324","77378343","13","18091618"
"chr1","95470063","95470342","chr14","93660761","93661071","39","1809302"
"chr1","95477679","95477890","chr5","46219978","46220187","33","49257701"
"chr1","95478066","95478104","chr19","2058570","2058609","9","93419496"
"chr1","95686508","95686779","chr14","93875352","93875623","4","1811156"
"chr1","95686787","95687004","chr3","84638441","84638651","48","11048346"
"chr1","95784355","95784541","chr14","93974920","93975102","14","1809435"
"chr1","95971905","95972211","chr14","94164647","94164949","9","1807258"
"chr1","96044595","96044902","chr8","102446324","102446633","43","6401729"
"chr1","96170702","96170712","chr9","32916732","32916748","11","63253970"
"chr1","96170742","96171024","chr15","97061406","97061689","43","890664"
"chr1","96318237","96318545","chr14","94503735","94504052","16","1814502"
"chr1","96404704","96404996","chr14","94594044","94594330","12","1810660"
"chr1","96531988","96532279","chr1","21962202","21962509","46","74569786"
"chr1","96743773","96744053","chr14","94751925","94752205","7","1991848"
"chr1","96883563","96883891","chrX","12910196","12910513","70","83973367"
"chr1","97028487","97028794","chr7","146739898","146740196","42","49711411"
"chr1","97128678","97128968","chr14","95141117","95141423","24","1987561"
"chr1","97438191","97438337","chr14","95451987","95452131","6","1986204"
"chr1","97519510","97519807","chr14","95524183","95524487","12","1995327"
"chr1","97529033","97529198","chr1","161578156","161578321","26","64049123"
"chr1","97630867","97630916","chr13","1581395","1581445","14","96049472"
"chr1","97640665","97640930","chr14","95640106","95640401","38","2000559"
"chr1","97985825","97986133","chr1","207757074","207757374","46","109771249"
"chr1","98348064","98348150","chr5","53193496","53193582","12","45154568"
"chr1","98371913","98372053","chr2","77839763","77839912","31","20532150"
"chr1","98372054","98372235","chr20","66727640","66727807","45","31644414"
"chr1","98817148","98817441","chr14","96680488","96680774","20","2136660"
"chr1","99190236","99190544","chr1","144579665","144579970","40","45389429"
"chr1","99249268","99249576","chr14","97106340","97106646","22","2142928"
"chr1","99285814","99286121","chr14","97140969","97141277","24","2144845"
"chr1","99304627","99304791","chrX","16562455","16562622","27","82742172"
"chr1","99309026","99309320","chr14","97166329","97166628","14","2142697"
"chr1","99361727","99361956","chr14","97219892","97220131","20","2141835"
"chr1","99412172","99412482","chr9","121838680","121838991","45","22426508"
"chr1","99487460","99487759","chr14","97343789","97344089","16","2143671"
"chr1","99488637","99488936","chr14","97344966","97345264","12","2143671"
"chr1","99558015","99558347","chr15","36080728","36081056","58","63477287"
"chr1","99571226","99571487","chr1","130526796","130527066","59","30955570"
"chr1","99745179","99745471","chr14","97594667","97594968","22","2150512"
"chr1","99820628","99820932","chr14","97670395","97670704","12","2150233"
"chr1","99830275","99830598","chr14","113687861","113688171","54","13857586"
"chr1","99915683","99915860","chr14","54604248","54604431","30","45311435"
"chr1","99918844","99919141","chr1","27513704","27514001","36","72405140"
"chr1","100118482","100118776","chr14","97960671","97960965","11","2157811"
"chr1","100141080","100141388","chr14","97983299","97983589","24","2157781"
"chr1","100167150","100167430","chr8","50187264","50187547","41","49979886"
"chr1","100316805","100317119","chr11","118727844","118728154","55","18411039"
"chr1","100567750","100568149","chr7","131313035","131313424","134","30745285"
"chr1","100935248","100935543","chr14","98777900","98778195","15","2157348"
"chr1","101273183","101273476","chr14","99130284","99130577","14","2142899"
"chr1","101421690","101421888","chr14","99280036","99280240","9","2141654"
"chr1","101540173","101540468","chr16","19031584","19031879","37","82508589"
"chr1","101603563","101603699","chr14","99464168","99464298","9","2139395"
"chr1","101635895","101636186","chr14","99496777","99497068","6","2139118"
"chr1","101651689","101651989","chr7","156498389","156498685","33","54846700"
"chr1","101684947","101685113","chr4","35616638","35616804","25","66068309"
"chr1","101685395","101685545","chr1","12474894","12475046","25","89210501"
"chr1","101707112","101707423","chr12","6396661","6396970","51","95310451"
"chr1","101713342","101713630","chr14","99573472","99573754","15","2139870"
"chr1","101787273","101787553","chr8","94324615","94324894","37","7462658"
"chr1","102009004","102009153","chr14","99867416","99867565","2","2141588"
"chr1","102135642","102135749","chr14","99993133","99993240","1","2142509"
"chr1","102209975","102210179","chr14","100066448","100066654","10","2143527"
"chr1","102282486","102282823","chrX","45903433","45903777","68","56379053"
"chr1","102561279","102561442","chr2","50073640","50073802","21","52487639"
"chr1","102561443","102561737","chr14","100686996","100687295","44","1874447"
"chr1","102593615","102593933","chr14","100717035","100717356","15","1876580"
"chr1","102715143","102715424","chr14","100834562","100834824","40","1880581"
"chr1","102864120","102864403","chr14","100981226","100981507","8","1882894"
"chr1","102987505","102987810","chr14","101102061","101102366","10","1885444"
"chr1","103035969","103036257","chr14","101149956","101150251","24","1886013"
"chr1","103339742","103340046","chr14","101455200","101455504","8","1884542"
"chr1","103369001","103369141","chr15","22833331","22833468","17","80535670"
"chr1","103385061","103385236","chr14","101499584","101499758","3","1885477"
"chr1","103406636","103406937","chr14","101525447","101525746","12","1881189"
"chr1","103476225","103476440","chr14","101596683","101596896","8","1879542"
"chr1","103678903","103678988","chr13","103651745","103651827","17","27158"
"chr1","103689512","103689724","chr12","95388668","95388877","40","8300844"
"chr1","103689725","103689819","chr2","144342143","144342235","15","40652418"
"chr1","103775372","103775421","chr2","47576719","47576770","9","56198653"
"chr1","103809757","103810051","chr1","29784506","29784800","37","74025251"
"chr1","103935471","103935762","chr9","56014155","56014453","48","47921316"
"chr1","104429249","104429559","chr14","102518962","102519252","28","1910287"
"chr1","105141718","105141866","chr2","1470791","1470932","22","103670927"
"chr1","105241518","105241825","chr14","103314180","103314475","20","1927338"
"chr1","105245269","105245565","chr14","103317700","103318012","32","1927569"
"chr1","105277002","105277251","chr14","103349090","103349365","43","1927912"
"chr1","105737811","105738109","chr14","103786709","103787018","16","1951102"
"chr1","105765965","105766140","chr14","103810952","103811129","6","1955013"
"chr1","105776799","105777098","chr14","103821598","103821885","23","1955201"
"chr1","105790863","105791165","chr14","103835697","103835997","14","1955166"
"chr1","105876225","105876470","chr14","103920743","103920990","4","1955482"
"chr1","106058510","106058828","chr10","75398684","75399002","52","30659826"
"chr1","106073850","106074155","chr14","104107368","104107674","7","1966482"
"chr1","106109230","106109383","chr14","104142494","104142643","10","1966736"
"chr1","106166263","106166570","chr14","104198582","104198881","20","1967681"
"chr1","106316616","106316964","chr16","17019053","17019375","71","89297563"
"chr1","106626218","106626426","chr11","15461497","15461686","52","91164721"
"chr1","106770265","106770556","chr14","104778562","104778849","15","1991703"
"chr1","106976163","106976391","chr12","40269904","40270125","34","66706259"
"chr1","107078202","107078351","chrX","64729355","64729497","21","42348847"
"chr1","107149556","107149861","chr3","37104935","37105243","39","70044621"
"chr1","107226256","107226561","chr14","105226795","105227097","12","1999461"
"chr1","107576959","107577253","chr14","105574163","105574456","13","2002796"
"chr1","107727224","107727257","chr19","2058570","2058609","9","105668654"
"chr1","107862606","107862918","chr3","2543698","2543993","75","105318908"
"chr1","108028215","108028384","chr9","123005861","123006027","26","14977646"
"chr1","108028413","108028609","chr1","209000139","209000313","52","100971726"
"chr1","108081204","108081500","chr20","22183442","22183738","53","85897762"
"chr1","108147273","108147560","chr14","106134604","106134907","21","2012669"
"chr1","108291588","108291895","chr9","123486746","123487049","42","15195158"
"chr1","108339766","108340073","chr14","106325913","106326223","14","2013853"
"chr1","108345974","108346255","chr19","37139106","37139386","36","71206868"
"chr1","108353975","108354268","chr14","106339889","106340182","5","2014086"
"chr1","108369886","108370154","chr14","106355662","106355935","11","2014224"
"chr1","108436697","108436975","chr14","106419461","106419739","9","2017236"
"chr1","108458803","108459102","chr14","106441300","106441598","9","2017503"
"chr1","108481535","108481862","chr1","184169186","184169479","74","75687651"
"chr1","109694887","109695190","chr14","107652418","107652711","16","2042469"
"chr1","109840196","109840485","chr14","107793390","107793678","10","2046806"
"chr1","109841105","109841415","chr14","107794300","107794588","35","2046805"
"chr1","109955952","109956280","chr3","51597285","51597618","55","58358667"
"chr1","109970166","109970405","chr18","12679863","12680106","46","97290303"
"chr1","109981963","109982288","chr3","77691222","77691523","71","32290741"
"chr1","109998304","109998604","chr14","107954839","107955149","21","2043465"
"chr1","110113512","110113687","chr19","15224275","15224444","30","94889237"
"chr1","110123153","110123442","chr14","108075649","108075927","25","2047504"
"chr1","110160467","110160772","chr14","108116576","108116886","13","2043891"
"chr1","110168127","110168261","chr10","73050153","73050283","26","37117974"
"chr1","110168546","110168701","chr1","124136547","124136699","48","13968001"
"chr1","110226768","110227058","chr14","108182162","108182451","8","2044606"
"chr1","110305829","110306127","chr7","112856761","112857059","35","2550932"
"chr1","110315417","110315545","chr16","51073224","51073359","30","59242193"
"chr1","110316246","110316543","chr14","108273086","108273385","7","2043160"
"chr1","110326708","110326998","chr14","108285326","108285615","5","2041382"
"chr1","110328150","110328450","chr14","108287075","108287375","7","2041075"
"chr1","110328507","110328811","chr14","108287075","108287375","40","2041432"
"chr1","110354869","110355159","chr5","153019407","153019691","41","42664538"
"chr1","110364533","110364827","chr14","108323021","108323317","10","2041512"
"chr1","110420273","110420577","chr19","1074823","1075116","45","109345450"
"chr1","110441355","110441638","chr14","108404776","108405054","14","2036579"
"chr1","110514474","110514783","chr14","108479919","108480228","9","2034555"
"chr1","110547102","110547396","chr14","108512641","108512937","7","2034461"
"chr1","110596395","110596693","chr4","51116259","51116568","38","59480136"
"chr1","110738374","110738676","chr14","108709076","108709382","8","2029298"
"chr1","110760956","110761120","chr1","19775982","19776154","28","90984974"
"chr1","110761410","110761454","chr19","42483575","42483613","10","68277835"
"chr1","110952227","110952343","chr1","26387777","26387878","29","84564450"
"chr1","110960595","110960912","chr14","108920532","108920831","24","2040063"
"chr1","111039679","111039974","chr14","108996762","108997058","14","2042917"
"chr1","111607019","111607317","chr3","83610987","83611284","34","27996032"
"chr1","111619217","111619467","chr14","109557700","109557929","28","2061517"
"chr1","111657336","111657644","chr14","109596203","109596510","12","2061133"
"chr1","111842342","111842612","chr14","109778294","109778577","19","2064048"
"chr1","111888351","111888657","chr14","109824509","109824815","11","2063842"
"chr1","111967330","111967648","chr11","115755714","115756022","41","3788384"
"chr1","112509594","112509891","chr14","110412611","110412903","13","2096983"
"chr1","112623191","112623547","chr6","144034088","144034441","77","31410897"
"chr1","112717539","112717820","chr14","110626921","110627202","7","2090618"
"chr1","112788763","112789059","chr14","110695510","110695808","13","2093253"
"chr1","112991975","112992287","chr15","21016622","21016933","44","91975353"
"chr1","113106588","113106802","chr14","110999783","110999999","7","2106805"
"chr1","113162914","113163179","chr9","107952221","107952490","38","5210693"
"chr1","113163203","113163503","chr14","111055571","111055875","17","2107632"
"chr1","113204171","113204259","chr18","18706330","18706415","19","94497841"
"chr1","113369961","113370258","chr14","111253854","111254146","9","2116107"
"chr1","113462772","113462782","chr9","32916732","32916748","11","80546040"
"chr1","113462853","113463122","chr14","111345215","111345501","25","2117638"
"chr1","113500619","113500933","chr14","111386575","111386883","16","2114044"
"chr1","113655440","113655742","chr14","111535537","111535840","13","2119903"
"chr1","113707943","113708234","chr14","111586679","111586970","13","2121264"
"chr1","113832721","113832986","chr14","111709209","111709484","15","2123512"
"chr1","113919109","113919265","chr2","87570557","87570723","35","26348552"
"chr1","113968509","113968806","chr14","111837614","111837924","24","2130895"
"chr1","114062093","114062393","chr14","111933010","111933313","18","2129083"
"chr1","114132435","114132671","chr7","64381746","64381980","44","49750689"
"chr1","114152660","114152819","chr4","6664487","6664644","30","107488173"
"chr1","114388086","114388377","chr14","112254055","112254346","3","2134031"
"chr1","114390947","114391077","chr1","113374605","113374734","14","1016342"
"chr1","114412519","114412747","chr14","112277844","112278072","7","2134675"
"chr1","114426775","114427015","chr13","63985538","63985765","51","50441237"
"chr1","114469288","114469593","chr14","112330842","112331145","10","2138446"
"chr1","114472097","114472356","chr7","106099268","106099526","35","8372829"
"chr1","114480191","114480474","chr14","112342164","112342450","9","2138027"
"chr1","114486100","114486113","chr9","32916732","32916748","9","81569368"
"chr1","114486402","114486564","chr1","161578156","161578321","28","47091754"
"chr1","114520000","114520270","chr14","112390359","112390648","29","2129641"
"chr1","114611637","114611776","chr2","1470791","1470932","25","113140846"
"chr1","114611778","114611852","chr13","14955669","14955743","12","99656109"
"chr1","114828434","114828532","JH682351","440","535","20","114827994"
"chr1","114863151","114863305","chr13","15246143","15246298","24","99617008"
"chr1","114890494","114890785","chrX","122068895","122069169","57","7178401"
"chr1","115151028","115151184","chr14","113004573","113004720","15","2146455"
"chr1","115307337","115307685","chr14","113186901","113187215","43","2120436"
"chr1","115504313","115504429","chr14","18216434","18216552","12","97287879"
"chr1","115750809","115751116","chr14","113642950","113643259","14","2107859"
"chr1","115854093","115854318","chr14","113743166","113743398","9","2110927"
"chr1","115919756","115919974","chr1","202123535","202123748","36","86203779"
"chr1","115943270","115943580","chr14","113831477","113831786","12","2111793"
"chr1","116000436","116000746","chr14","113889270","113889574","21","2111166"
"chr1","116089682","116089897","chr14","113972413","113972628","4","2117269"
"chr1","116310270","116310542","chr14","114182431","114182740","46","2127839"
"chr1","116391583","116391832","chr8","2915610","2915849","50","113475973"
"chr1","116614803","116615098","chr14","114481545","114481847","14","2133258"
"chr1","116678521","116678823","chr14","114544941","114545250","16","2133580"
"chr1","116718306","116718597","chr13","86285933","86286217","44","30432373"
"chr1","116720989","116721285","chr14","114589985","114590276","13","2131004"
"chr1","116790271","116790562","chr14","114660689","114660979","10","2129582"
"chr1","117037115","117037284","chr15","27288087","27288254","25","89749028"
"chr1","117226828","117227136","chr14","115116324","115116631","15","2110504"
"chr1","117372479","117372776","chr14","115262513","115262823","22","2109966"
"chr1","117429323","117429587","chr14","115320588","115320852","11","2108735"
"chr1","117447192","117447424","chr14","115338320","115338540","22","2108872"
"chr1","117640316","117640476","chr14","115527591","115527763","19","2112725"
"chr1","117820080","117820371","chr14","115705270","115705562","7","2114810"
"chr1","118490400","118490611","chr14","116357702","116357898","21","2132698"
"chr1","118550907","118551029","chr14","116416323","116416445","4","2134584"
"chr1","118717840","118718124","chr14","116577240","116577547","30","2140600"
"chr1","118968385","118968690","chr14","116822441","116822746","14","2145944"
"chr1","119020853","119021063","chr14","116874021","116874232","6","2146832"
"chr1","119963264","119963544","chr14","68806406","68806686","3","51156858"
"chr1","120060614","120060911","chr10","31480620","31480919","47","88579994"
"chr1","120468993","120469381","chr14","118284840","118285149","91","2184153"
"chr1","120611891","120612187","chr9","24166465","24166759","36","96445426"
"chr1","120613446","120613566","chr14","118432215","118432335","6","2181231"
"chr1","120685725","120686020","chr14","118511228","118511526","10","2174497"
"chr1","120708109","120708396","chr14","118532740","118533016","17","2175369"
"chr1","120727155","120727462","chr14","118551950","118552249","12","2175205"
"chr1","120754379","120754677","chr11","118949958","118950247","55","1804421"
"chr1","120899956","120900120","chr19","69361","69523","29","120830595"
"chr1","120915908","120916164","chr14","118736178","118736434","2","2179730"
"chr1","120928589","120928881","chr14","118748784","118749073","12","2179805"
"chr1","121025489","121025574","chr14","118844532","118844613","10","2180957"
"chr1","121119700","121120014","chr14","118932317","118932628","13","2187383"
"chr1","121124279","121124619","chr14","118932317","118932628","36","2191962"
"chr1","121185670","121185728","chr19","8747990","8748060","17","112437680"
"chr1","121196593","121196748","chr4","153267515","153267663","27","32070922"
"chr1","121225450","121225746","chr14","119032151","119032447","19","2193299"
"chr1","121232619","121232900","chr14","19207674","19207951","31","102024945"
"chr1","121255440","121255706","chr14","119061739","119062004","13","2193701"
"chr1","121284862","121285167","chr14","119092092","119092385","24","2192770"
"chr1","121364745","121365003","chr6","135961426","135961681","40","14596681"
"chr1","121385169","121385471","chr14","119202216","119202517","9","2182953"
"chr1","121396855","121397124","chr11","108235475","108235736","46","13161380"
"chr1","121447713","121448021","chr1","22001594","22001900","41","99446119"
"chr1","121476364","121476657","chr14","119295874","119296166","7","2180490"
"chr1","121690504","121690786","chr6","136818052","136818333","43","15127548"
"chr1","121706631","121706855","chr14","119521808","119522032","7","2184823"
"chr1","121970725","121971015","chr14","119789719","119790011","11","2181006"
"chr1","122161770","122162064","chr14","119990981","119991287","18","2170789"
"chr1","122206015","122206306","chr14","120036856","120037147","14","2169159"
"chr1","122530719","122531023","chr14","120364073","120364377","8","2166646"
"chr1","122570763","122571072","chr14","120403540","120403847","11","2167223"
"chr1","122976241","122976513","chr16","71411383","71411656","44","51564858"
"chr1","123073379","123073691","chr14","120906355","120906654","20","2167024"
"chr1","123660266","123660403","chr14","121477160","121477296","3","2183106"
"chr1","123856881","123857183","chr14","121668187","121668489","11","2188694"
"chr1","124016725","124016954","chr20","45176902","45177129","32","78839823"
"chr1","124080148","124080440","chr1","163982460","163982753","43","39902312"
"chr1","124097179","124097444","chr14","121901415","121901668","17","2195764"
"chr1","124533645","124533930","chr14","122341992","122342271","23","2191653"
"chr1","124662794","124663094","chr14","122465461","122465754","20","2197333"
"chr1","125134033","125134344","chr14","122922473","122922784","8","2211560"
"chr1","125188446","125188741","chr14","122975987","122976281","9","2212459"
"chr1","125319027","125319337","chr14","123104333","123104642","8","2214694"
"chr1","125333981","125334204","chr14","123118809","123119031","4","2215172"
"chr1","125745723","125745850","chr3","66348111","66348234","33","59397612"
"chr1","125745898","125746146","chr3","10313321","10313560","49","115432577"
"chr1","125862121","125862427","chr1","14099590","14099897","43","111762531"
"chr1","125891479","125891788","chr14","123658839","123659139","27","2232640"
"chr1","125902848","125902938","chr12","2589726","2589822","18","123313122"
"chr1","125924858","125925081","chr8","24578072","24578299","42","101346786"
"chr2","14548758","14549058","chr6","131769846","131770146","40","117221088"
"chr2","33685241","33685529","chr10","35787962","35788260","13","2102721"
"chr2","41549551","41549865","chr10","45393780","45394095","12","3844229"
"chr2","219623","219918","chr10","253491","253788","9","33868"
"chr2","269124","269425","chr10","309126","309422","15","40002"
"chr2","300426","300711","chr10","341627","341912","17","41201"
"chr2","302171","302474","chr16","19889407","19889704","37","19587236"
"chr2","379650","379949","chr10","428986","429280","16","49336"
"chr2","417590","417892","chr10","466505","466800","12","48915"
"chr2","417893","417965","chr20","459004","459074","9","41111"
"chr2","465812","466111","chr1","142211698","142211999","43","141745886"
"chr2","513161","513468","chr10","566847","567153","12","53686"
"chr2","671511","671801","chr8","5993548","5993837","30","5322037"
"chr2","680074","680381","chr10","741384","741692","12","61310"
"chr2","695437","695749","chr20","71237757","71238066","57","70542320"
"chr2","696059","696376","chr1","47966964","47967278","44","47270905"
"chr2","731775","732082","chr10","793247","793551","10","61472"
"chr2","818649","818887","chr13","29284998","29285219","51","28466349"
"chr2","1110172","1110349","chr10","78426870","78427045","17","77316698"
"chr2","1169503","1169699","chr10","1260984","1261176","12","91481"
"chr2","1267787","1267937","chr1","30028124","30028263","35","28760337"
"chr2","1268273","1268437","chr1","37016418","37016583","41","35748145"
"chr2","1355842","1356161","chr10","1447447","1447744","32","91605"
"chr2","1359258","1359558","chr10","71880315","71880618","35","70521057"
"chr2","1419688","1419984","chr10","1511435","1511730","8","91747"
"chr2","1852919","1853243","chr10","1940596","1940920","28","87677"
"chr2","1968981","1969263","chr10","2060602","2060884","5","91621"
"chr2","1970335","1970636","chr10","65800388","65800693","38","63830053"
"chr2","2054062","2054362","chr18","15131537","15131838","41","13077475"
"chr2","2367901","2368176","chr10","2464208","2464481","7","96307"
"chr2","2611679","2611975","chr10","2755261","2755557","11","143582"
"chr2","3023403","3023687","chr10","3168032","3168316","8","144629"
"chr2","3876637","3876935","chr10","4020370","4020678","23","143733"
"chr2","4135769","4136069","chr10","4275615","4275918","7","139846"
"chr2","4350315","4350610","chr10","4492154","4492456","13","141839"
"chr2","4532732","4533055","chr10","4674600","4674916","19","141868"
"chr2","4712557","4712857","chr3","2700015","2700316","37","2012542"
"chr2","4857653","4857834","chr10","5004284","5004465","7","146631"
"chr2","5133199","5133500","chr10","5277945","5278251","12","144746"
"chr2","5370386","5370690","chr10","5521059","5521358","18","150673"
"chr2","5455846","5456142","chr19","48912857","48913165","53","43457011"
"chr2","5690205","5690510","chr10","5839347","5839663","19","149142"
"chr2","5762610","5762875","chr10","84583903","84584162","45","78821293"
"chr2","6166199","6166382","chr10","6321389","6321572","3","155190"
"chr2","6195801","6195977","chr10","6350310","6350486","7","154509"
"chr2","6374611","6374911","chr10","6533095","6533395","7","158484"
"chr2","6412898","6413254","chr7","24537561","24537897","68","18124663"
"chr2","6633065","6633358","chr10","6791527","6791819","7","158462"
"chr2","6643138","6643317","chr1","19775982","19776154","24","13132844"
"chr2","6657729","6658030","chr10","6816180","6816486","18","158451"
"chr2","6688771","6689063","chr10","6852204","6852510","20","163433"
"chr2","6783726","6784034","chr4","33634818","33635130","40","26851092"
"chr2","6824407","6824712","chr10","6986722","6987028","6","162315"
"chr2","7215185","7215488","chr10","7367476","7367765","29","152291"
"chr2","7341060","7341347","chr6","127506214","127506496","47","120165154"
"chr2","7401342","7401548","chr10","7555728","7555934","9","154386"
"chr2","7402498","7402660","chr6","11250974","11251145","38","3848476"
"chr2","7402971","7403026","chr16","51701031","51701090","9","44298060"
"chr2","7410970","7411277","chr11","15878049","15878353","41","8467079"
"chr2","7511686","7511977","chr10","7672036","7672328","11","160350"
"chr2","7535411","7535567","chr10","7698127","7698257","27","162716"
"chr2","7552463","7552764","chr7","118252567","118252867","54","110700104"
"chr2","7630202","7630391","chr7","38728341","38728535","27","31098139"
"chr2","7656366","7656674","chr10","7816018","7816326","8","159652"
"chr2","7715337","7715627","chr10","7874702","7874992","8","159365"
"chr2","7847219","7847565","chr8","120139498","120139827","73","112292279"
"chr2","8151974","8152282","chr1","68104295","68104604","44","59952321"
"chr2","8294533","8294819","chr11","116983856","116984146","37","108689323"
"chr2","8675087","8675413","chr10","8849060","8849361","38","173973"
"chr2","8829100","8829386","chr10","9005494","9005777","11","176394"
"chr2","8892878","8893187","chr3","17037816","17038124","49","8144938"
"chr2","9233759","9234078","chr1","17988490","17988802","38","8754731"
"chr2","9397969","9398265","chr10","9581964","9582269","21","183995"
"chr2","9413861","9414136","chr10","9597398","9597684","19","183537"
"chr2","9437243","9437541","chr10","9620938","9621245","21","183695"
"chr2","9486142","9486425","chr1","33389434","33389724","41","23903292"
"chr2","9691741","9692044","chr9","107157958","107158261","36","97466217"
"chr2","9694305","9694617","chr10","9882815","9883100","41","188510"
"chr2","9887310","9887617","chr10","10073422","10073714","24","186112"
"chr2","9957608","9957909","chr10","10143204","10143505","13","185596"
"chr2","9996646","9996955","chr10","10182480","10182794","25","185834"
"chr2","10223021","10223338","chr10","10409731","10410045","8","186710"
"chr2","10228784","10229053","chr13","102610525","102610803","43","92381741"
"chr2","10242401","10242673","chr10","10430098","10430369","9","187697"
"chr2","10244399","10244693","chr10","10432093","10432380","16","187694"
"chr2","10265856","10266164","chr10","10452934","10453243","14","187078"
"chr2","10285288","10285416","chr10","10472689","10472817","3","187401"
"chr2","10311618","10311712","chr13","107362377","107362464","31","97050759"
"chr2","10326943","10327247","chr10","65904178","65904486","42","55577235"
"chr2","10356461","10356703","chr18","12679863","12680106","39","2323402"
"chr2","10383156","10383455","chr2","42556049","42556347","37","32172893"
"chr2","10418812","10419103","chr5","173793593","173793881","35","163374781"
"chr2","10488464","10488772","chr10","10695328","10695635","14","206864"
"chr2","10502244","10502419","chr3","41676489","41676661","28","31174245"
"chr2","10502781","10502841","chr16","51701031","51701090","10","41198250"
"chr2","10519565","10519873","chr10","6852204","6852510","43","3667361"
"chr2","10573184","10573479","chr8","97655253","97655543","60","87082069"
"chr2","10652806","10653101","chr9","71562572","71562860","44","60909766"
"chr2","10683823","10684100","chr10","10892512","10892789","6","208689"
"chr2","10776901","10777199","chr10","10985505","10985806","19","208604"
"chr2","10802827","10803140","chr10","11011420","11011737","14","208593"
"chr2","10882303","10882593","chr10","11089921","11090207","15","207618"
"chr2","10979776","10979945","chr10","11186307","11186480","8","206531"
"chr2","11118626","11118767","chr2","29245743","29245886","26","18127117"
"chr2","11299822","11300050","chr10","11504991","11505226","21","205169"
"chr2","11374961","11375239","chr10","11579538","11579815","6","204577"
"chr2","11661073","11661364","chr10","11875935","11876237","16","214862"
"chr2","11777198","11777501","chr10","11990420","11990725","21","213222"
"chr2","11806235","11806521","chr10","12018159","12018458","22","211924"
"chr2","11940705","11940997","chr10","12149337","12149626","12","208632"
"chr2","11949390","11949687","chrX","51079701","51080001","44","39130311"
"chr2","12049306","12049601","chr10","12264133","12264428","17","214827"
"chr2","12058128","12058296","chr1","46366478","46366642","26","34308350"
"chr2","12062627","12062922","chr10","12278370","12278671","16","215743"
"chr2","12066041","12066206","chr12","59239946","59240109","33","47173905"
"chr2","12066516","12066653","chr6","151225508","151225637","26","139158992"
"chr2","12077647","12077949","chr3","90725905","90726186","74","78648258"
"chr2","12134273","12134445","chr10","12356069","12356241","6","221796"
"chr2","12166491","12166722","chr10","12389224","12389403","63","222733"
"chr2","12207640","12207937","chr7","126508413","126508707","40","114300773"
"chr2","12213478","12213767","JH683180","8980","9269","9","12204498"
"chr2","12248254","12248542","chrX","25734220","25734518","45","13485966"
"chr2","12252221","12252524","chr10","12459826","12460133","18","207605"
"chr2","12267322","12267537","chr10","12473507","12473722","3","206185"
"chr2","12274947","12275254","chr10","12481200","12481510","10","206253"
"chr2","12311287","12311588","chr1","26493506","26493804","34","14182219"
"chr2","12388349","12388652","chr10","12595383","12595682","12","207034"
"chr2","12767672","12767954","chr10","12975683","12975988","36","208011"
"chr2","12929131","12929418","chr10","13131684","13131976","13","202553"
"chr2","13048147","13048390","chr18","27131709","27131958","45","14083562"
"chr2","13063308","13063600","chr16","3905182","3905470","48","9158126"
"chr2","13072722","13072972","chr10","13275976","13276227","8","203254"
"chr2","13115744","13116052","chr10","13320042","13320353","15","204298"
"chr2","13215123","13215427","chr10","13413610","13413925","23","198487"
"chr2","13231937","13232245","chr2","75361681","75361996","42","62129744"
"chr2","13249145","13249442","chr2","50526342","50526636","35","37277197"
"chr2","13270847","13271158","chr10","13468899","13469206","13","198052"
"chr2","13284736","13285036","chr10","13483239","13483534","14","198503"
"chr2","13306751","13307029","chr10","13505722","13506020","42","198971"
"chr2","13342342","13342503","chr19","5520379","5520548","28","7821963"
"chr2","13342777","13342835","chr16","51701031","51701090","8","38358254"
"chr2","13487567","13487929","chr10","13689687","13690038","22","202120"
"chr2","13490936","13491091","chr2","148844712","148844866","22","135353776"
"chr2","13561942","13562242","chr10","13764885","13765160","36","202943"
"chr2","13586805","13586946","chr4","101391615","101391756","21","87804810"
"chr2","13587246","13587403","chrX","62196973","62197131","24","48609727"
"chr2","13644617","13644928","chr10","13846856","13847171","24","202239"
"chr2","13803142","13803444","chr10","14005908","14006189","29","202766"
"chr2","13850266","13850590","chr13","73438384","73438694","48","59588118"
"chr2","13892706","13892994","chr10","14096691","14096975","9","203985"
"chr2","13972423","13972711","chr9","71562572","71562860","33","57590149"
"chr2","13974411","13974540","chr10","58172899","58173028","17","44198488"
"chr2","14010071","14010379","chr10","14211887","14212194","10","201816"
"chr2","14014464","14014763","chr12","36770840","36771140","38","22756376"
"chr2","14042364","14042656","chr16","18181019","18181316","30","4138655"
"chr2","14049402","14049701","chr10","14237303","14237603","8","187901"
"chr2","14112331","14112627","chr10","14303244","14303530","22","190913"
"chr2","14148961","14149264","chr10","14340032","14340329","10","191071"
"chr2","14205168","14205478","chr10","14404792","14405102","6","199624"
"chr2","14307086","14307343","chr10","14507908","14508165","15","200822"
"chr2","14335465","14335755","chr10","14538196","14538487","6","202731"
"chr2","14345340","14345643","chr10","14548572","14548857","27","203232"
"chr2","14600678","14600864","chr3","71744862","71745051","36","57144184"
"chr2","14600896","14600913","chr9","32916732","32916748","13","18315836"
"chr2","14614562","14614743","chr10","14821565","14821743","16","207003"
"chr2","14628657","14628766","chr10","14835359","14835473","11","206702"
"chr2","14704274","14704569","chr10","14912942","14913234","27","208668"
"chr2","14721985","14722282","chr10","14943476","14943768","22","221491"
"chr2","14764945","14765248","chr2","176864663","176864968","39","162099718"
"chr2","14789621","14789963","chr7","15126312","15126645","63","336691"
"chr2","14811320","14811628","chr10","15026659","15026969","8","215339"
"chr2","14825684","14825899","chr5","2104049","2104263","36","12721635"
"chr2","14851694","14851994","chr11","99517200","99517499","40","84665506"
"chr2","14888497","14888794","chr10","15109580","15109872","27","221083"
"chr2","14961893","14962034","chr2","55063458","55063595","19","40101565"
"chr2","14983932","14984233","chr10","15206916","15207215","7","222984"
"chr2","15007598","15007894","chr10","15231514","15231813","11","223916"
"chr2","15034232","15034522","chr10","15259523","15259813","2","225291"
"chr2","15061478","15061788","chr10","15287410","15287693","32","225932"
"chr2","15071761","15072059","chr10","15290577","15290876","15","218816"
"chr2","15441537","15441834","chr10","15663747","15664044","4","222210"
"chr2","16056778","16057067","chr15","97061406","97061689","35","81004628"
"chr2","16122766","16123004","chr5","155254872","155255103","49","139132106"
"chr2","16130355","16130652","chr10","16408690","16408989","12","278335"
"chr2","16313310","16313538","chr10","16593589","16593829","12","280279"
"chr2","16357138","16357284","chr18","70868466","70868597","61","54511328"
"chr2","16364452","16364733","chr10","16656521","16656806","7","292069"
"chr2","16389818","16390125","chr10","16681952","16682263","14","292134"
"chr2","16413428","16413665","chr5","157471312","157471542","54","141057884"
"chr2","16427812","16428138","chrX","100723034","100723356","46","84295222"
"chr2","16435424","16435734","chr10","16729675","16729985","5","294251"
"chr2","16520454","16520745","chr10","16889456","16889745","18","369002"
"chr2","16523837","16524145","chr7","157069473","157069776","55","140545636"
"chr2","16530840","16530976","chr2","1470791","1470932","17","15060049"
"chr2","16540019","16540338","chr1","92367868","92368140","91","75827849"
"chr2","16590753","16591057","chr10","16957871","16958175","15","367118"
"chr2","16626730","16627027","chr3","83610987","83611284","52","66984257"
"chr2","16664810","16665105","chr10","17029826","17030120","7","365016"
"chr2","16671864","16672149","chr10","17037060","17037345","9","365196"
"chr2","17232073","17232397","chr9","76551466","76551787","47","59319393"
"chr2","17370713","17371032","chr10","17767975","17768289","19","397262"
"chr2","17379819","17380138","chr10","17767975","17768289","19","388156"
"chr2","17417258","17417562","chr10","17805130","17805416","34","387872"
"chr2","17589401","17589699","chr10","17977544","17977844","16","388143"
"chr2","17679124","17679412","chr10","18067850","18068138","12","388726"
"chr2","17726205","17726515","chr10","18115179","18115495","26","388974"
"chr2","17738040","17738211","chr10","18127077","18127254","13","389037"
"chr2","17950226","17950526","chr10","18347820","18348122","8","397594"
"chr2","17959133","17959389","chr15","6438791","6439051","44","11520342"
"chr2","18003621","18003913","chr10","18400543","18400832","12","396922"
"chr2","18008715","18009015","chr10","18405952","18406258","12","397237"
"chr2","18030917","18031214","chr10","72361645","72361943","41","54330728"
"chr2","18034933","18035106","chr10","18431579","18431752","15","396646"
"chr2","18056027","18056325","chr10","18453308","18453619","21","397281"
"chr2","18088310","18088621","chr10","18483863","18484174","9","395553"
"chr2","18159526","18159822","chr10","18562427","18562722","11","402901"
"chr2","18236837","18237145","chr10","18639013","18639319","5","402176"
"chr2","18259482","18259789","chr10","18669313","18669614","16","409831"
"chr2","18442818","18443031","chrX","1042911","1043129","33","17399907"
"chr2","18521902","18522211","chr1","86909122","86909425","49","68387220"
"chr2","18595656","18595950","chr10","19020969","19021263","6","425313"
"chr2","18784806","18785118","chr10","19213448","19213758","6","428642"
"chr2","18785699","18785811","chr10","19214340","19214458","7","428641"
"chr2","18828885","18829155","chr10","19259652","19259931","19","430767"
"chr2","19100097","19100407","chr10","19529173","19529482","21","429076"
"chr2","19149103","19149384","chr10","19577220","19577516","22","428117"
"chr2","19171461","19171600","chr10","19599997","19600136","2","428536"
"chr2","19242627","19242923","chr10","19669375","19669670","4","426748"
"chr2","19257504","19257797","chr10","19684311","19684605","11","426807"
"chr2","19307482","19307769","chr10","19736997","19737288","14","429515"
"chr2","19348880","19349194","chr12","26778753","26779059","48","7429873"
"chr2","19362524","19362822","chr10","19793301","19793601","7","430777"
"chr2","19377774","19378074","chr10","19806028","19806328","11","428254"
"chr2","19445746","19446048","chr10","19873249","19873548","32","427503"
"chr2","19477443","19477743","chr10","19905983","19906282","8","428540"
"chr2","19530841","19531125","chr10","19960943","19961235","18","430102"
"chr2","19644456","19644753","chr8","25409576","25409869","40","5765120"
"chr2","19937337","19937648","chr10","20369921","20370232","17","432584"
"chr2","19970809","19970991","chr10","20403510","20403688","11","432701"
"chr2","20025933","20026212","chr10","20456222","20456509","18","430289"
"chr2","20026494","20026796","chr10","20456801","20457107","10","430307"
"chr2","20046907","20047203","chr10","20475942","20476247","16","429035"
"chr2","20058192","20058236","chr16","929066","929111","11","19129126"
"chr2","20080449","20080753","chr10","20514424","20514736","16","433975"
"chr2","20131793","20132101","chr10","20568476","20568776","17","436683"
"chr2","20140880","20141171","chr10","20577710","20577989","28","436830"
"chr2","20144643","20144960","chr10","20580949","20581269","13","436306"
"chr2","20146940","20147188","chr10","20583199","20583447","11","436259"
"chr2","20159501","20159791","chr10","20608464","20608754","4","448963"
"chr2","20160574","20160878","chr10","20609519","20609824","7","448945"
"chr2","20215688","20215982","chrX","41614249","41614541","47","21398561"
"chr2","20249289","20249597","chr10","20697879","20698190","13","448590"
"chr2","20313433","20313719","chr10","3168032","3168316","43","17145401"
"chr2","20493495","20493794","chr10","20926526","20926808","28","433031"
"chr2","20571566","20571878","chr10","21007575","21007893","18","436009"
"chr2","20780032","20780283","chr10","21216527","21216778","2","436495"
"chr2","21270603","21270906","chr10","21711359","21711662","9","440756"
"chr2","21389392","21389696","chr10","21830438","21830748","14","441046"
"chr2","21689417","21689684","chr10","22134037","22134301","10","444620"
"chr2","21696284","21696499","chr10","22140835","22141054","6","444551"
"chr2","21942021","21942302","chr10","22388706","22388987","6","446685"
"chr2","21976055","21976274","chr10","22423966","22424188","14","447911"
"chr2","22032899","22033192","chr10","22480074","22480367","11","447175"
"chr2","22080809","22081105","chr10","22531864","22532170","23","451055"
"chr2","22105639","22105943","chr10","22559303","22559612","15","453664"
"chr2","22175464","22175650","chr5","42587294","42587474","38","20411830"
"chr2","22175962","22176096","chr11","74966065","74966200","13","52790103"
"chr2","22343307","22343585","chr10","22800033","22800308","11","456726"
"chr2","22403016","22403330","chr10","22862613","22862926","12","459597"
"chr2","22418117","22418410","chr11","13993220","13993517","39","8424897"
"chr2","22446783","22447072","chr9","29942387","29942672","37","7495604"
"chr2","22457843","22458133","chr10","22917810","22918113","21","459967"
"chr2","22493704","22493923","chr20","51402009","51402231","38","28908305"
"chr2","22519676","22519985","chr10","22977679","22977983","11","458003"
"chr2","22537079","22537298","chr10","22995041","22995264","6","457962"
"chr2","22684432","22684603","chr17","1200203","1200372","32","21484229"
"chr2","22721276","22721570","chr10","23171741","23172035","3","450465"
"chr2","22739152","22739344","chr10","23188750","23188950","12","449598"
"chr2","22768474","22768772","chr4","16602824","16603130","52","6165650"
"chr2","22778114","22778414","chr10","23230691","23230985","18","452577"
"chr2","22778855","22779164","chr10","23231441","23231736","19","452586"
"chr2","22789063","22789269","chr10","23239579","23239783","7","450516"
"chr2","22844237","22844373","chr3","44985113","44985255","33","22140876"
"chr2","22850055","22850223","chr10","23277765","23277933","3","427710"
"chr2","23541738","23542050","chr10","23973524","23973823","22","431786"
"chr2","23594167","23594449","chr10","24016363","24016664","29","422196"
"chr2","23893820","23894124","chr10","24316659","24316963","6","422839"
"chr2","23900909","23900934","chr7","145790583","145790608","16","121889674"
"chr2","23900968","23901105","chr15","28215201","28215331","26","4314233"
"chr2","23958904","23959142","chr10","24385915","24386153","6","427011"
"chr2","24001212","24001503","chr10","24428686","24428966","16","427474"
"chr2","24149423","24149727","chr10","24574557","24574870","23","425134"
"chr2","24250923","24251207","chr10","24675523","24675808","18","424600"
"chr2","24493293","24493582","chr10","24924698","24924989","31","431405"
"chr2","24767158","24767468","chr10","25201426","25201741","15","434268"
"chr2","24782572","24782874","chr10","25216943","25217244","19","434371"
"chr2","24829628","24829874","chr10","25260707","25260954","8","431079"
"chr2","24953539","24953762","chr10","25386772","25386995","4","433233"
"chr2","25013358","25013634","chr10","25448271","25448538","13","434913"
"chr2","25057421","25057715","chr10","25492273","25492576","23","434852"
"chr2","25139709","25140007","chr10","25571796","25572096","10","432087"
"chr2","25141573","25141857","chr10","27594987","27595275","44","2453414"
"chr2","25220451","25220751","chr4","16602824","16603130","50","8617627"
"chr2","25551705","25552016","chr10","25982852","25983163","17","431147"
"chr2","25563960","25564255","chr10","25995095","25995391","12","431135"
"chr2","25631709","25632013","chr10","26063327","26063630","7","431618"
"chr2","25756639","25756928","chr10","26189400","26189678","15","432761"
"chr2","25832691","25833004","chr16","40386842","40387152","40","14554151"
"chr2","26190781","26191080","chr10","26618146","26618448","12","427365"
"chr2","26202935","26203063","chr15","7139680","7139810","13","19063255"
"chr2","26206006","26206303","chr10","26633690","26633987","11","427684"
"chr2","26370459","26370530","chr10","26797944","26798014","3","427485"
"chr2","26558055","26558340","chr10","26989201","26989489","8","431146"
"chr2","26572447","26572744","chr10","27003274","27003571","1","430827"
"chr2","26767146","26767319","chrX","108306188","108306359","31","81539042"
"chr2","26767621","26767737","chr10","14835359","14835473","26","11932262"
"chr2","26769274","26769568","chr10","44164163","44164457","12","17394889"
"chr2","27624905","27625203","chr6","36953962","36954264","36","9329057"
"chr2","27679343","27679651","chr10","43239010","43239317","8","15559667"
"chr2","27680787","27681089","chr10","43237560","43237861","9","15556773"
"chr2","27709322","27709627","chr1","43206634","43206939","40","15497312"
"chr2","27715590","27715879","chr10","43202327","43202616","6","15486737"
"chr2","27784652","27784934","chr3","12839612","12839895","33","14945040"
"chr2","28056671","28056985","chr12","14273839","14274149","35","13782832"
"chr2","28161575","28161742","chr16","70198814","70198977","28","42037239"
"chr2","28248978","28249232","chr10","42662485","42662739","7","14413507"
"chr2","28512511","28512801","chr10","42394226","42394520","25","13881715"
"chr2","28623303","28623584","chr10","42284721","42284999","14","13661418"
"chr2","28628990","28629285","chr17","81148375","81148670","45","52519385"
"chr2","29408923","29409037","chr3","54081690","54081804","16","24672767"
"chr2","29677373","29677674","chr10","41236314","41236619","14","11558941"
"chr2","30096352","30096549","chr10","40818463","40818684","29","10722111"
"chr2","30138262","30138560","chr10","40777091","40777383","12","10638829"
"chr2","30225592","30225897","chr10","40689857","40690174","35","10464265"
"chr2","30250888","30251180","chr9","60792156","60792455","39","30541268"
"chr2","30406624","30406924","chr11","50097127","50097433","46","19690503"
"chr2","30704804","30705102","chr10","40207352","40207653","11","9502548"
"chr2","30879056","30879368","chr10","40031539","40031852","7","9152483"
"chr2","30903406","30903699","chr10","40006778","40007098","34","9103372"
"chr2","30934084","30934236","chr10","39976429","39976587","14","9042345"
"chr2","31081487","31081776","chr10","39823261","39823565","22","8741774"
"chr2","31624447","31624726","chr20","29320881","29321165","41","2303566"
"chr2","31791079","31791301","chr1","34161844","34162068","35","2370765"
"chr2","32071525","32071828","chr10","38835919","38836224","8","6764394"
"chr2","32197527","32197699","chr10","38710696","38710871","14","6513169"
"chr2","32209086","32209202","chr1","53538756","53538871","41","21329670"
"chr2","32209507","32209637","chr15","7139680","7139810","16","25069827"
"chr2","32366434","32366751","chr10","38540090","38540407","9","6173656"
"chr2","32374597","32374763","chr1","191784249","191784400","51","159409652"
"chr2","32395344","32395652","chr10","38512877","38513180","21","6117533"
"chr2","32435564","32435788","chr10","38470330","38470544","17","6034766"
"chr2","32526595","32526889","chr20","104321","104629","54","32422274"
"chr2","32555733","32556028","chr10","38349178","38349472","3","5793445"
"chr2","32659670","32659965","chr10","38225332","38225629","14","5565662"
"chr2","32738818","32739129","chr10","38141480","38141767","42","5402662"
"chr2","32931882","32932177","chrX","138000717","138001018","51","105068835"
"chr2","32939022","32939038","chr7","145790583","145790608","13","112851561"
"chr2","32939064","32939347","chr10","37936965","37937279","39","4997901"
"chr2","32951223","32951396","chr11","130874532","130874697","31","97923309"
"chr2","32956415","32956712","chrX","25734220","25734518","36","7222195"
"chr2","33023971","33024257","chr10","37850129","37850415","13","4826158"
"chr2","33039474","33039775","chr10","37829992","37830299","16","4790518"
"chr2","33042125","33042437","chr10","37827355","37827643","29","4785230"
"chr2","33086635","33086931","chr1","16705632","16705915","48","16381003"
"chr2","33237941","33238255","chr10","37636039","37636349","12","4398098"
"chr2","33271135","33271460","chr10","37603158","37603481","9","4332023"
"chr2","33301836","33302148","chr10","37574170","37574481","11","4272334"
"chr2","33640039","33640266","chr14","17223211","17223435","35","16416828"
"chr2","33657113","33657409","chr10","35757988","35758280","9","2100875"
"chr2","33667178","33667453","chr10","35769895","35770170","13","2102717"
"chr2","33667793","33667957","chr13","89745393","89745560","28","56077600"
"chr2","33668263","33668395","chr9","61929700","61929830","18","28261437"
"chr2","33730938","33731208","chr10","35836318","35836608","30","2105380"
"chr2","33741880","33742180","chr10","35844129","35844423","17","2102249"
"chr2","33744957","33745117","chr13","31083193","31083357","27","2661764"
"chr2","33765202","33765490","chr10","35868049","35868336","15","2102847"
"chr2","33770242","33770551","chr1","59820437","59820745","37","26050195"
"chr2","33773790","33774089","chr10","35876639","35876938","6","2102849"
"chr2","33787977","33788280","chr1","29151098","29151407","45","4636879"
"chr2","33790363","33790666","chr10","35895220","35895525","6","2104857"
"chr2","33824603","33824895","chr10","35938927","35939218","11","2114324"
"chr2","33858640","33858948","chr10","35973595","35973903","9","2114955"
"chr2","34160989","34161285","chr10","36281956","36282249","12","2120967"
"chr2","34207399","34207705","chr2","144217349","144217649","48","110009950"
"chr2","34223236","34223529","chr4","112779874","112780170","38","78556638"
"chr2","34474081","34474392","chr7","50541841","50542143","41","16067760"
"chr2","34480264","34480435","chr1","152824194","152824363","32","118343930"
"chr2","34480773","34480897","chr2","60232972","60233096","20","25752199"
"chr2","34503612","34503917","chr10","36607639","36607946","8","2104027"
"chr2","34524799","34525054","chr10","36638778","36639054","32","2113979"
"chr2","34545897","34546201","chr10","36657971","36658276","8","2112074"
"chr2","34567163","34567454","chr10","36680108","36680403","18","2112945"
"chr2","34593135","34593439","chr10","36705490","36705785","19","2112355"
"chr2","34716253","34716560","chr10","36837728","36838033","3","2121475"
"chr2","34763284","34763596","chr10","36885863","36886176","19","2122579"
"chr2","34817839","34818117","chr10","36940270","36940548","8","2122431"
"chr2","34824214","34824445","chr10","36946671","36946907","13","2122457"
"chr2","35168280","35168446","chr5","35273347","35273505","25","105067"
"chr2","35239076","35239388","chr2","149003574","149003882","40","113764498"
"chr2","35267417","35267694","chr7","16195662","16195959","45","19071755"
"chr2","35577586","35577895","chr14","63751470","63751781","51","28173884"
"chr2","35627332","35627634","chr10","32936190","32936492","27","2691142"
"chr2","35828875","35829186","chr15","13366172","13366483","39","22462703"
"chr2","35904224","35904516","chr10","32650860","32651166","19","3253364"
"chr2","35940401","35940676","chr10","32618740","32619015","5","3321661"
"chr2","35980252","35980423","chr3","41676489","41676661","33","5696237"
"chr2","35980711","35980853","chrX","65491826","65491967","22","29511115"
"chr2","35997084","35997239","chr16","47371877","47372035","21","11374793"
"chr2","35997533","35997661","chr1","35347068","35347199","21","650465"
"chr2","36006316","36006646","chr10","32541401","32541732","6","3464915"
"chr2","36035265","36035547","chr10","32511064","32511356","15","3524201"
"chr2","36054871","36055158","chr16","73551936","73552224","44","37497065"
"chr2","36109364","36109518","chr10","32431268","32431422","1","3678096"
"chr2","36112532","36112835","chr10","32427955","32428256","13","3684577"
"chr2","36121420","36121732","chr10","32417996","32418307","9","3703424"
"chr2","36139845","36140101","chr4","41467287","41467553","57","5327442"
"chr2","36201928","36202238","chr10","32337090","32337401","9","3864838"
"chr2","36433190","36433407","chr10","32105919","32106129","11","4327271"
"chr2","36596828","36597129","chr10","31940620","31940926","21","4656208"
"chr2","36722788","36722994","chr3","107481872","107482081","41","70759084"
"chr2","36723301","36723330","chr7","15018539","15018575","13","21704762"
"chr2","36791591","36791824","chr10","31747828","31748059","12","5043763"
"chr2","36916916","36916972","chr5","89598423","89598483","9","52681507"
"chr2","36917271","36917419","chr4","41177678","41177819","18","4260407"
"chr2","37020172","37020466","chr1","179189054","179189355","37","142168882"
"chr2","37047648","37047943","chrX","43418250","43418544","41","6370602"
"chr2","37060853","37061153","chr10","31480620","31480919","9","5580233"
"chr2","37066429","37066674","chr2","157978199","157978446","42","120911770"
"chr2","37087318","37087469","chr1","109093491","109093637","21","72006173"
"chr2","37106229","37106551","chr10","31435635","31435958","6","5670594"
"chr2","37126290","37126595","chr7","133095296","133095601","28","95969006"
"chr2","37126649","37126952","chrX","51079701","51080001","41","13953052"
"chr2","37197937","37198228","chr10","31338354","31338647","10","5859583"
"chr2","37590221","37590526","chr10","30947828","30948129","11","6642393"
"chr2","37677680","37677972","chr10","30861970","30862262","8","6815710"
"chr2","37678376","37678688","chr10","30861261","30861555","25","6817115"
"chr2","37696717","37697030","chr10","30841505","30841788","44","6855212"
"chr2","37699212","37699501","chr4","103555475","103555768","44","65856263"
"chr2","37724917","37725276","chr5","34249818","34250173","79","3475099"
"chr2","37744656","37744957","chr1","102106956","102107256","48","64362300"
"chr2","37749954","37750254","chr10","30783811","30784111","8","6966143"
"chr2","37778109","37778389","chr10","30754714","30755015","24","7023395"
"chr2","37780141","37780412","chr10","30748201","30748480","40","7031940"
"chr2","37783429","37783727","chr20","3990225","3990526","41","33793204"
"chr2","37806518","37806622","chr10","30717496","30717600","6","7089022"
"chr2","37807474","37807769","chr10","30716348","30716641","7","7091126"
"chr2","37836208","37836516","chr9","59510265","59510569","48","21674057"
"chr2","37869666","37869840","chr10","30652182","30652356","7","7217484"
"chr2","37910815","37911114","chr10","30610424","30610723","12","7300391"
"chr2","37928487","37928712","chr10","30592896","30593124","7","7335591"
"chr2","38010294","38010592","chr10","30512281","30512582","13","7498013"
"chr2","38026339","38026519","chr10","30496245","30496425","2","7530094"
"chr2","38030249","38030338","chr5","46017555","46017658","28","7987306"
"chr2","38040762","38041058","chr10","30482069","30482364","8","7558693"
"chr2","38077988","38078341","chr1","154115111","154115456","86","116037123"
"chr2","38091254","38091369","chr13","42929451","42929566","19","4838197"
"chr2","38178882","38179151","chr10","30341055","30341324","9","7837827"
"chr2","38282126","38282445","chr10","30233180","30233480","28","8048946"
"chr2","38374170","38374477","chr10","30145472","30145765","25","8228698"
"chr2","38389442","38389770","chr10","30129605","30129906","32","8259837"
"chr2","38434576","38434906","chr12","74266998","74267321","63","35832422"
"chr2","38541985","38542276","chr10","29980741","29981034","12","8561244"
"chr2","38587495","38587796","chr10","29934521","29934831","28","8652974"
"chr2","38601702","38601887","chr1","30670207","30670384","38","7931495"
"chr2","38602189","38602201","chr9","32916732","32916748","9","5685457"
"chr2","38606094","38606399","chr10","29913488","29913792","8","8692606"
"chr2","38638707","38638867","chr1","31438797","31438959","23","7199910"
"chr2","38651499","38651833","chr10","29869315","29869654","16","8782184"
"chr2","38672528","38672825","chr7","38962613","38962910","50","290085"
"chr2","38676041","38676348","chr10","29845508","29845806","16","8830533"
"chr2","38689800","38690090","chr10","29832491","29832787","14","8857309"
"chr2","38731419","38731724","chr10","29790526","29790836","22","8940893"
"chr2","38802771","38803073","chr10","29716957","29717263","14","9085814"
"chr2","38811604","38811881","chr2","172148639","172148912","35","133337035"
"chr2","38849920","38850081","chr10","29669654","29669815","6","9180266"
"chr2","39130798","39131111","chr10","29387009","29387324","13","9743789"
"chr2","39193228","39193338","chr3","125529974","125530082","22","86336746"
"chr2","39193632","39193760","chr13","26738522","26738652","16","12455110"
"chr2","39262254","39262497","chr5","35824220","35824476","46","3438034"
"chr2","39312990","39313288","chr10","29204721","29205025","17","10108269"
"chr2","39411007","39411180","chr10","29109438","29109611","3","10301569"
"chr2","39419422","39419731","chr10","29099472","29099779","18","10319950"
"chr2","39443185","39443488","chr1","42353131","42353436","34","2909946"
"chr2","39443491","39443784","chr6","57664063","57664358","57","18220572"
"chr2","39474661","39474960","chr4","11988422","11988716","48","27486239"
"chr2","40487731","40487832","chr1","161676598","161676704","18","121188867"
"chr2","40487833","40487996","chr19","17186615","17186779","17","23301218"
"chr2","40488298","40488431","chr10","73050153","73050283","18","32561855"
"chr2","40585682","40585862","chr3","53918411","53918603","33","13332729"
"chr2","40585873","40586067","chr8","36229874","36230068","23","4355999"
"chr2","40622355","40622635","chr3","167522623","167522906","44","126900268"
"chr2","40735826","40736099","chr10","44582076","44582380","37","3846250"
"chr2","41042047","41042355","chr10","44886327","44886637","17","3844280"
"chr2","41061259","41061599","chr10","44905593","44905941","22","3844334"
"chr2","41465356","41465629","chr10","45314345","45314638","25","3848989"
"chr2","41492214","41492523","chr10","45339323","45339632","5","3847109"
"chr2","41710552","41710770","chr10","45548557","45548776","7","3838005"
"chr2","41805960","41806243","chr10","45646332","45646641","35","3840372"
"chr2","41984816","41985108","chr3","124831374","124831670","38","82846558"
"chr2","42435314","42435517","chr10","46282149","46282354","13","3846835"
"chr2","42614429","42614719","chr10","46479550","46479837","47","3865121"
"chr2","42778434","42778601","chr9","26580472","26580636","19","16197962"
"chr2","42778631","42778770","chr1","30028124","30028263","24","12750507"
"chr2","42832783","42833090","chr11","30574524","30574825","43","12258259"
"chr2","42931427","42931616","chr10","46787510","46787695","7","3856083"
"chr2","42941319","42941629","chr10","46796768","46797078","16","3855449"
"chr2","43204864","43205157","chr10","47066717","47067009","4","3861853"
"chr2","43232021","43232310","chr10","47094034","47094321","8","3862013"
"chr2","43297699","43297998","chr10","47157982","47158277","13","3860283"
"chr2","43320884","43321104","chr10","47185956","47186185","21","3865072"
"chr2","43378822","43379129","chr10","47243608","47243908","12","3864786"
"chr2","43581170","43581476","chr10","47452215","47452528","10","3871045"
"chr2","43585301","43585600","chr10","47456343","47456651","20","3871042"
"chr2","43632414","43632729","chr10","47503435","47503749","12","3871021"
"chr2","43691893","43692070","chr10","47562698","47562876","8","3870805"
"chr2","44125597","44125876","chr14","100981226","100981507","43","56855629"
"chr2","44301898","44302112","chr10","48173899","48174114","5","3872001"
"chr2","44479661","44479864","chr4","112150195","112150407","38","67670534"
"chr2","44511460","44511757","chr3","106437635","106437933","35","61926175"
"chr2","44589918","44590222","chr10","48469260","48469568","9","3879342"
"chr2","44843214","44843509","chr10","48724939","48725236","14","3881725"
"chr2","44882118","44882429","chr10","48763811","48764124","13","3881693"
"chr2","45057560","45057740","chr15","70323083","70323259","27","25265523"
"chr2","45498419","45498735","chr10","49385606","49385910","23","3887187"
"chr2","45507750","45508072","chr10","49394882","49395206","18","3887132"
"chr2","45516286","45516591","chr15","96307514","96307814","65","50791228"
"chr2","45627183","45627479","chr4","112821610","112821902","45","67194427"
"chr2","45823108","45823415","chr9","61836882","61837185","45","16013774"
"chr2","45962131","45962435","chr10","49690713","49691011","16","3728582"
"chr2","46138883","46139172","chr10","49868358","49868649","11","3729475"
"chr2","46258078","46258455","chrX","43422314","43422660","88","2835764"
"chr2","46571164","46571336","chr5","97497589","97497761","28","50926425"
"chr2","46599798","46600103","chr10","50333266","50333571","10","3733468"
"chr2","46600304","46600594","chr10","50333772","50334065","17","3733468"
"chr2","46627960","46628177","chr2","34801519","34801741","41","11826441"
"chr2","46629564","46629699","chr11","74966065","74966200","18","28336501"
"chr2","46645306","46645614","chr10","50379131","50379425","21","3733825"
"chr2","46851960","46852256","chr10","50586101","50586391","17","3734141"
"chr2","46897836","46898137","chr10","50632555","50632855","12","3734719"
"chr2","46905299","46905317","chr13","77378324","77378343","11","30473025"
"chr2","46905629","46905794","chr16","70198814","70198977","25","23293185"
"chr2","46953113","46953418","chr10","50686859","50687174","44","3733746"
"chr2","47014343","47014622","chr11","100422907","100423179","51","53408564"
"chr2","47038929","47039234","chr10","50772229","50772534","10","3733300"
"chr2","47075663","47075832","chr16","58051185","58051354","20","10975522"
"chr2","47084463","47084688","chr8","28287781","28288005","45","18796682"
"chr2","47123461","47123744","chrX","37331111","37331393","42","9792350"
"chr2","47140782","47141008","chr10","50875261","50875485","7","3734479"
"chr2","47259951","47260262","chr10","35520239","35520543","42","11739712"
"chr2","47296735","47297059","chr10","51031791","51032113","13","3735056"
"chr2","47350605","47350779","chr10","51084484","51084649","16","3733879"
"chr2","48552584","48552873","chr10","52257908","52258198","10","3705324"
"chr2","48912355","48912593","chr10","52620618","52620859","20","3708263"
"chr2","48943588","48943892","chr10","52652634","52652934","16","3709046"
"chr2","48967419","48967576","chr10","52676655","52676810","7","3709236"
"chr2","49030854","49030901","chrX","46380611","46380655","16","2650243"
"chr2","49031186","49031359","chr10","52743045","52743213","5","3711859"
"chr2","49031536","49031868","chr12","34076286","34076616","45","14955250"
"chr2","49075273","49075550","chr10","52789687","52789950","20","3714414"
"chr2","49141203","49141503","chr10","52860803","52861102","6","3719600"
"chr2","49372373","49372532","chr10","53099814","53099975","8","3727441"
"chr2","49463182","49463485","chr3","2700015","2700316","49","46763167"
"chr2","49504300","49504600","chr10","53232022","53232318","7","3727722"
"chr2","49587949","49588236","chr10","53315580","53315866","5","3727631"
"chr2","49637488","49637765","chr10","53363345","53363639","22","3725857"
"chr2","49693565","49693846","chr10","53419127","53419437","37","3725562"
"chr2","49747418","49747725","chr10","53473353","53473662","12","3725935"
"chr2","49866090","49866305","chr4","102082155","102082388","68","52216065"
"chr2","50290498","50290642","chr2","1470791","1470932","14","48819707"
"chr2","50303897","50304137","chr10","54027877","54028117","7","3723980"
"chr2","50424824","50425127","chr10","54149404","54149708","6","3724580"
"chr2","50645103","50645387","chr1","185490436","185490721","44","134845333"
"chr2","50675491","50675796","chr10","54398313","54398614","15","3722822"
"chr2","50903302","50903605","chr10","54627387","54627690","16","3724085"
"chr2","50911027","50911200","chr10","54635113","54635280","10","3724086"
"chr2","51074066","51074368","chr13","100072689","100072985","42","48998623"
"chr2","51738485","51738759","chr10","55441061","55441363","35","3702576"
"chr2","51812077","51812386","chr6","162309910","162310221","47","110497833"
"chr2","52437510","52437818","chr1","23063417","23063730","26","29374093"
"chr2","52443072","52443352","chr1","23066657","23066968","44","29376415"
"chr2","52570029","52570330","chr11","47484789","47485086","44","5085240"
"chr2","52627274","52627571","chr2","86962550","86962847","38","34335276"
"chr2","52693785","52694075","chr16","4799199","4799484","44","47894586"
"chr2","52883113","52883409","chr16","7638577","7638878","49","45244536"
"chr2","52944048","52944313","chr15","6438791","6439051","38","46505257"
"chr2","53619480","53619676","chr3","28410464","28410663","40","25209016"
"chr2","53863670","53863954","chr10","35483345","35483630","8","18380325"
"chr2","53905992","53906288","chr13","37759276","37759570","34","16146716"
"chr2","53911681","53911955","chr10","35428408","35428682","8","18483273"
"chr2","53924229","53924535","chr10","35415657","35415966","15","18508572"
"chr2","54279056","54279348","chr7","63558520","63558814","40","9279464"
"chr2","54319117","54319412","chr8","124953535","124953832","42","70634418"
"chr2","54459476","54459748","chr16","6986959","6987232","39","47472517"
"chr2","55178791","55179100","chr4","38051245","38051555","31","17127546"
"chr2","55284937","55285164","chr10","34091119","34091355","19","21193818"
"chr2","55432659","55432963","chr10","33928413","33928712","18","21504246"
"chr2","55478967","55479260","chr10","33881646","33881930","19","21597321"
"chr2","55879382","55879686","chr10","35520239","35520543","41","20359143"
"chr2","55965749","55966034","chr10","33385248","33385561","38","22580501"
"chr2","55994596","55994910","chr10","33356046","33356352","18","22638550"
"chr2","56037319","56037628","chr3","12962418","12962725","40","43074901"
"chr2","56114912","56115180","chr10","29005732","29006000","6","27109180"
"chr2","56125915","56126130","chr10","28994873","28995097","19","27131042"
"chr2","56172692","56172979","chr1","31261228","31261523","48","24911464"
"chr2","56195810","56196083","chr10","28924881","28925151","6","27270929"
"chr2","56324664","56324966","chr10","28793590","28793893","10","27531074"
"chr2","56368227","56368534","chr10","28749982","28750286","11","27618245"
"chr2","56371534","56371841","chrX","51216662","51216972","39","5154872"
"chr2","56429219","56429527","chr10","28689578","28689889","9","27739641"
"chr2","56453321","56453613","chr19","14974181","14974476","33","41479140"
"chr2","56476071","56476358","chr10","28657178","28657468","11","27818893"
"chr2","56502850","56503015","chr10","28630194","28630359","4","27872656"
"chr2","56599018","56599301","chr10","28533122","28533404","9","28065896"
"chr2","56619378","56619529","chr8","9495973","9496130","28","47123405"
"chr2","56619819","56619944","chr10","28509595","28509720","6","28110224"
"chr2","56646484","56646766","chr10","28458749","28459032","9","28187735"
"chr2","56652795","56653074","chr10","28451779","28452058","5","28201016"
"chr2","56657896","56658196","chr5","174041357","174041657","38","117383461"
"chr2","56662829","56663128","chr14","18184474","18184776","56","38478355"
"chr2","56669413","56669555","chr6","132836210","132836351","25","76166797"
"chr2","56669761","56669944","chr3","41676489","41676661","39","14993272"
"chr2","56677290","56677509","chr10","28421578","28421807","15","28255712"
"chr2","56678720","56679020","chr10","28420122","28420418","11","28258598"
"chr2","56687613","56687930","chr10","28409877","28410184","23","28277736"
"chr2","56709603","56709889","chr10","28337722","28338009","11","28371881"
"chr2","56711554","56711851","chr10","28335766","28336056","12","28375788"
"chr2","56719212","56719516","chr10","28328361","28328654","25","28390851"
"chr2","56746939","56747104","chr10","28299924","28300089","5","28447015"
"chr2","56766559","56766853","chr16","22835073","22835370","34","33931486"
"chr2","56820095","56820382","chr10","28230658","28230945","7","28589437"
"chr2","56858979","56859277","chr10","28178975","28179275","8","28680004"
"chr2","56867677","56867848","chr10","28183678","28183871","27","28683999"
"chr2","56868170","56868184","chr9","32916732","32916748","10","23951438"
"chr2","56875320","56875630","chr10","28170971","28171274","16","28704349"
"chr2","56895188","56895482","chr10","28151086","28151385","13","28744102"
"chr2","56944442","56944757","chr10","28098982","28099303","17","28845460"
"chr2","56961650","56961901","chr10","28081595","28081846","7","28880055"
"chr2","57263860","57264154","chr3","106437635","106437933","57","49173775"
"chr2","57357940","57358242","chr10","27683394","27683689","12","29674546"
"chr2","57363553","57363864","chr10","27678115","27678421","12","29685438"
"chr2","57444467","57444755","chr10","27594987","27595275","6","29849480"
"chr2","57455520","57455667","chr10","27584129","27584285","11","29871391"
"chr2","57493261","57493573","chr10","27434934","27435220","33","30058327"
"chr2","57505241","57505547","chr12","80500631","80500931","38","22995390"
"chr2","57515324","57515620","chr10","27411190","27411480","12","30104134"
"chr2","57544919","57545206","chr10","27377998","27378285","13","30166921"
"chr2","57562771","57563074","chr10","27359308","27359601","16","30203463"
"chr2","57642736","57642916","chr10","27274433","27274610","11","30368303"
"chr2","57685514","57685809","chr10","27228765","27229061","3","30456749"
"chr2","57783339","57783625","chr3","12119396","12119682","12","45663943"
"chr2","57820637","57820919","chr3","12153451","12153733","3","45667186"
"chr2","58177067","58177378","chr10","28689578","28689889","44","29487489"
"chr2","58235045","58235330","chr16","9317807","9318089","40","48917238"
"chr2","58276743","58277045","chr3","12610045","12610349","6","45666698"
"chr2","58505981","58506284","chr3","12839612","12839895","28","45666369"
"chr2","58547190","58547458","chr3","12879851","12880147","32","45667339"
"chr2","58558442","58558640","chr6","14150302","14150499","32","44408140"
"chr2","58570592","58570885","chr3","12904932","12905225","6","45665660"
"chr2","58607078","58607374","chr3","12938358","12938673","41","45668720"
"chr2","58630811","58631111","chr3","12962418","12962725","13","45668393"
"chr2","58693259","58693490","chr3","13025580","13025811","10","45667679"
"chr2","58698335","58698592","chr3","13030537","13030794","14","45667798"
"chr2","58713859","58714163","chr6","14003891","14004189","46","44709968"
"chr2","58725770","58726082","chr3","13061292","13061604","11","45664478"
"chr2","58788391","58788556","chr6","136330570","136330734","27","77542179"
"chr2","58909166","58909465","chr12","20975960","20976259","36","37933206"
"chr2","58941405","58941716","chr1","10600195","10600501","40","48341210"
"chr2","59234481","59234768","chr7","37889200","37889494","63","21345281"
"chr2","59237021","59237325","chr3","13584757","13585048","25","45652264"
"chr2","59303814","59304123","chr3","13651289","13651594","14","45652525"
"chr2","59373381","59373679","chr3","13722448","13722746","8","45650933"
"chr2","59428373","59428669","chr3","13779018","13779314","8","45649355"
"chr2","59519137","59519439","chr3","13869929","13870232","8","45649208"
"chr2","59526159","59526462","chr3","13877983","13878291","9","45648176"
"chr2","59560559","59560862","chr3","13912297","13912596","26","45648262"
"chr2","59952104","59952402","chr3","14304575","14304858","25","45647529"
"chr2","60025980","60026127","chr3","14377273","14377414","11","45648707"
"chr2","60127509","60127819","chr3","14482260","14482569","15","45645249"
"chr2","60152283","60152569","chr15","82707577","82707867","39","22555294"
"chr2","60281795","60282116","chrX","12910196","12910513","35","47371599"
"chr2","60370686","60370990","chr3","14748337","14748636","23","45622349"
"chr2","60389121","60389395","chr13","53811182","53811468","41","6577939"
"chr2","60401957","60402253","chr8","27479124","27479422","44","32922833"
"chr2","60468979","60469133","chr2","77839763","77839912","30","17370784"
"chr2","60500001","60500169","chr1","128958235","128958392","33","68458234"
"chr2","60513483","60513695","chr3","14890053","14890265","4","45623430"
"chr2","60541716","60542002","chr3","14918275","14918555","12","45623441"
"chr2","60569047","60569329","chr3","171610616","171610898","37","111041569"
"chr2","60570549","60570769","chr16","3997014","3997233","29","56573535"
"chr2","60679929","60680165","chr9","45525747","45525982","44","15154182"
"chr2","60771259","60771568","chr3","15152440","15152747","14","45618819"
"chr2","61017246","61017545","chr3","15397778","15398081","18","45619468"
"chr2","61074831","61075125","chr3","15454101","15454399","10","45620730"
"chr2","61557525","61557827","chr3","15842072","15842375","15","45715453"
"chr2","61702661","61702938","chr2","68439713","68439998","48","6737052"
"chr2","61781868","61782026","chr14","101315793","101315951","36","39533925"
"chr2","61854561","61854685","chr12","95132654","95132778","13","33278093"
"chr2","62105691","62105998","chr3","16432136","16432440","18","45673555"
"chr2","62206097","62206368","chr3","16534317","16534588","7","45671780"
"chr2","62215379","62215687","chr5","58205220","58205529","38","4010159"
"chr2","62229234","62229544","chr3","16557254","16557564","7","45671980"
"chr2","62704704","62705012","chr3","17037816","17038124","11","45666888"
"chr2","62870404","62870537","chr11","74966065","74966200","10","12095661"
"chr2","62870840","62871009","chr7","58056502","58056683","37","4814338"
"chr2","63153754","63154042","chr14","106134604","106134907","52","42980850"
"chr2","63272275","63272577","chr3","17617707","17618004","9","45654568"
"chr2","63372711","63373009","chr9","5849715","5850009","46","57522996"
"chr2","63619279","63619598","chr9","11855378","11855687","52","51763901"
"chr2","63739447","63739752","chr3","18094515","18094819","8","45644932"
"chr2","63959699","63960020","chr3","18322216","18322518","30","45637483"
"chr2","64028014","64028191","chr2","130193416","130193594","28","66165402"
"chr2","64097682","64098005","chr3","18461491","18461814","9","45636191"
"chr2","64354073","64354408","chr1","160157148","160157463","68","95803075"
"chr2","64371385","64371687","chr3","18746316","18746643","35","45625069"
"chr2","64372060","64372345","chr3","18747030","18747312","13","45625030"
"chr2","64544019","64544327","chr3","18912542","18912834","21","45631477"
"chr2","64869164","64869355","chr3","19242540","19242731","5","45626624"
"chr2","65457004","65457312","chr3","19830139","19830440","22","45626865"
"chr2","65503428","65503732","chr3","19875930","19876240","18","45627498"
"chr2","65711012","65711237","chr1","72919673","72919892","29","7208661"
"chr2","65845863","65846152","chr3","20226207","20226495","10","45619656"
"chr2","65898003","65898297","chr3","20278273","20278567","11","45619730"
"chr2","66100192","66100500","chr3","20480994","20481307","25","45619198"
"chr2","66101744","66102062","chr13","102489163","102489479","40","36387419"
"chr2","66148483","66148791","chr3","20529338","20529643","7","45619145"
"chr2","66160406","66160734","chrX","12910196","12910513","50","53250210"
"chr2","66303569","66303857","chr3","20696659","20696939","21","45606910"
"chr2","66317617","66317905","chr17","77537028","77537314","48","11219411"
"chr2","66394161","66394459","chr3","20787174","20787473","16","45606987"
"chr2","66467122","66467427","chr18","49686859","49687158","51","16780263"
"chr2","66578369","66578643","chr3","20923251","20923527","15","45655118"
"chr2","66610225","66610532","chr1","13175932","13176238","44","53434293"
"chr2","66701765","66702057","chr3","21045161","21045453","6","45656604"
"chr2","66739898","66740187","chr5","97228218","97228495","55","30488320"
"chr2","67344897","67345210","chr3","21698508","21698829","24","45646389"
"chr2","67412716","67413001","chr13","125339761","125340051","42","57927045"
"chr2","67511856","67512151","chr12","14816176","14816470","35","52695680"
"chr2","67527082","67527376","chr3","21875781","21876084","22","45651301"
"chr2","67634116","67634418","chr3","21986299","21986599","20","45647817"
"chr2","67665212","67665364","chr3","22018565","22018718","8","45646647"
"chr2","67675899","67676220","chr3","22029574","22029890","24","45646325"
"chr2","67703425","67703714","chr3","22055903","22056194","5","45647522"
"chr2","67809722","67810026","chr3","22161282","22161582","15","45648440"
"chr2","68186315","68186613","chr3","22536807","22537101","13","45649508"
"chr2","68408997","68409303","chr3","22750138","22750445","7","45658859"
"chr2","68440578","68440886","chr3","22781033","22781340","12","45659545"
"chr2","68442732","68443039","chr3","22783186","22783477","31","45659546"
"chr2","68484123","68484397","chr3","22824388","22824662","16","45659735"
"chr2","68485552","68485838","chr3","22826160","22826446","11","45659392"
"chr2","68513599","68513918","chr3","22846959","22847284","32","45666640"
"chr2","68562327","68562632","chr3","22896020","22896326","5","45666307"
"chr2","68571647","68571937","chr3","22904139","22904428","18","45667508"
"chr2","68692866","68693176","chr3","23024519","23024830","16","45668347"
"chr2","68848537","68848827","chr3","23200100","23200389","19","45648437"
"chr2","68915448","68915753","chr3","23268007","23268300","31","45647441"
"chr2","69586608","69586912","chr6","28643467","28643769","25","40943141"
"chr2","69852705","69853002","chr20","67849583","67849880","43","2003122"
"chr2","70077538","70077846","chr3","24152992","24153302","8","45924546"
"chr2","70136483","70136790","chr3","24237282","24237586","15","45899201"
"chr2","70145188","70145278","chrX","62719211","62719304","25","7425977"
"chr2","70185804","70186139","chr3","24288386","24288693","37","45897418"
"chr2","70217993","70218173","chr10","30496245","30496425","38","39721748"
"chr2","70705739","70706041","chr3","24807912","24808218","15","45897827"
"chr2","71003564","71003837","chr3","25104406","25104654","29","45899158"
"chr2","71224922","71225222","chr3","25328495","25328815","41","45896427"
"chr2","71279875","71280140","chr3","25383925","25384178","19","45895950"
"chr2","71486549","71486831","chr3","25590183","25590477","26","45896366"
"chr2","71869821","71870103","chr3","25980052","25980333","10","45889769"
"chr2","72023507","72023807","chr3","26139020","26139324","22","45884487"
"chr2","72278347","72278647","chr3","26406769","26407058","29","45871578"
"chr2","72443979","72444264","chr15","97061406","97061689","48","24617427"
"chr2","72595218","72595525","chr9","123486746","123487049","34","50891528"
"chr2","72635881","72636051","chr3","26749845","26750017","8","45886036"
"chr2","72736357","72736641","chr3","26851505","26851795","8","45884852"
"chr2","72805438","72805599","chr3","26935757","26935911","12","45869681"
"chr2","73087729","73087982","chr10","85826598","85826852","59","12738869"
"chr2","73250508","73250700","chr3","27371510","27371679","25","45878998"
"chr2","73276402","73276713","chr3","27396311","27396619","31","45880091"
"chr2","73469506","73469810","chr3","27587376","27587670","22","45882130"
"chr2","73513355","73513604","chr19","11690073","11690324","39","61823282"
"chr2","73531794","73532075","chr10","77350859","77351141","35","3819065"
"chr2","73558553","73558805","chr3","27675972","27676236","20","45882581"
"chr2","73797830","73798114","chr18","48897234","48897517","45","24900596"
"chr2","74269743","74269945","chr3","28410464","28410663","14","45859279"
"chr2","74420825","74421124","chr3","28570762","28571051","21","45850063"
"chr2","74667021","74667302","chr15","97061406","97061689","35","22394385"
"chr2","74873555","74873882","chr3","8246683","8246996","66","66626872"
"chr2","74894455","74894746","chr3","29042922","29043213","7","45851533"
"chr2","74897947","74898237","chr1","43934107","43934410","36","30963840"
"chr2","74926275","74926567","chr18","2904261","2904551","34","72022014"
"chr2","74998344","74998636","chr3","29145806","29146101","31","45852538"
"chr2","75012700","75013002","chr3","29155760","29156068","22","45856940"
"chr2","75044351","75044658","chr7","129858559","129858866","42","54814208"
"chr2","75074829","75075054","chr3","29223914","29224135","13","45850915"
"chr2","75088782","75089088","chr10","71880315","71880618","42","3208467"
"chr2","75100203","75100503","chr6","40270354","40270656","13","34829849"
"chr2","75125842","75126133","chr3","29275011","29275298","15","45850831"
"chr2","75132847","75132980","chr1","113374605","113374734","14","38241758"
"chr2","75349182","75349498","chr3","29502640","29502953","10","45846542"
"chr2","75439779","75440070","chr10","12149337","12149626","57","63290442"
"chr2","75586856","75587160","chrX","90750093","90750394","22","15163237"
"chr2","75931750","75932045","chr3","30091873","30092179","26","45839877"
"chr2","76179121","76179408","chr3","30339216","30339504","21","45839905"
"chr2","76426343","76426363","chr9","32916732","32916748","15","43509611"
"chr2","76426418","76426609","chr3","30611146","30611354","25","45815272"
"chr2","76484123","76484265","chr7","151114237","151114379","10","74630114"
"chr2","76684207","76684509","chrX","25734220","25734518","43","50949987"
"chr2","77177551","77177600","chr3","56269274","56269325","18","20908277"
"chr2","77424163","77424416","chr3","31622022","31622275","11","45802141"
"chr2","77508954","77509240","chr3","31706447","31706735","19","45802507"
"chr2","77891377","77891699","chr3","32092383","32092701","19","45798994"
"chr2","77897243","77897391","chr4","69296279","69296425","22","8600964"
"chr2","77963635","77963943","chr3","32163033","32163341","11","45800602"
"chr2","78254110","78254415","chr3","32471712","32472021","16","45782398"
"chr2","78288611","78288893","chr12","13201205","13201488","36","65087406"
"chr2","78420845","78421148","chr8","41464148","41464457","75","36956697"
"chr2","78432086","78432398","chr14","15631610","15631918","45","62800476"
"chr2","78438843","78439086","JH681382","34190","34461","43","78404653"
"chr2","78459307","78459610","chr11","19598005","19598307","37","58861302"
"chr2","78998105","78998403","chr3","11583065","11583338","31","67415040"
"chr2","79698943","79699229","chr3","10886078","10886377","18","68812865"
"chr2","79962028","79962318","chr3","10587534","10587826","19","69374494"
"chr2","80003072","80003204","chrX","101901062","101901192","16","21897990"
"chr2","80131392","80131691","chr3","10417981","10418280","16","69713411"
"chr2","80208925","80209223","chr3","10338280","10338590","27","69870645"
"chr2","80233948","80234258","chr19","48411999","48412298","39","31821949"
"chr2","80301785","80302093","chr3","10242201","10242509","18","70059584"
"chr2","80302363","80302651","chr3","10241637","10241925","6","70060726"
"chr2","80360188","80360489","chr3","10177674","10177974","11","70182514"
"chr2","80396960","80397262","chr11","118949958","118950247","47","38552998"
"chr2","80442480","80442682","chr3","10095279","10095481","6","70347201"
"chr2","80590192","80590476","chr3","9942544","9942832","20","70647648"
"chr2","80736670","80736968","chr3","9800953","9801257","9","70935717"
"chr2","80738292","80738586","chr3","9799337","9799642","16","70938955"
"chr2","80813760","80814055","chr3","9720540","9720836","18","71093220"
"chr2","80977310","80977620","chr3","9555327","9555634","14","71421983"
"chr2","80982077","80982378","chr3","9550841","9551142","10","71431236"
"chr2","80988883","80989192","chr3","9543334","9543671","41","71445549"
"chr2","80997088","80997324","chrX","125653898","125654128","29","44656810"
"chr2","81028772","81028902","chr3","9499097","9499227","3","71529675"
"chr2","81085218","81085440","chr16","64553039","64553258","38","16532179"
"chr2","81272252","81272442","chr3","9254138","9254329","7","72018114"
"chr2","81363908","81364198","chr3","9164825","9165104","18","72199083"
"chr2","81597633","81597921","chr9","55799302","55799592","36","25798331"
"chr2","81687759","81687806","chr3","8840486","8840533","1","72847273"
"chr2","81947033","81947308","chr3","8578136","8578432","28","73368897"
"chr2","81957986","81958267","chr3","8567260","8567539","17","73390726"
"chr2","82031053","82031359","chr3","8489815","8490130","16","73541238"
"chr2","82041929","82042224","chr4","103555475","103555768","46","21513546"
"chr2","82061644","82061938","chr6","74188407","74188695","41","7873237"
"chr2","82093571","82093864","chr3","8427580","8427873","6","73665991"
"chr2","82228681","82228809","chr3","66348111","66348234","22","15880570"
"chr2","82273537","82273839","chr3","8246683","8246996","29","74026854"
"chr2","82391461","82391621","chr3","8126932","8127090","7","74264529"
"chr2","82491690","82491980","chr3","8027934","8028209","19","74463756"
"chr2","82778274","82778580","chr12","14273839","14274149","41","68504435"
"chr2","83135850","83136137","chr3","7378930","7379217","5","75756920"
"chr2","83198431","83198720","chr3","7317104","7317412","25","75881327"
"chr2","83211016","83211316","chr3","7304011","7304305","12","75907005"
"chr2","83220969","83221270","chr3","7294185","7294489","8","75926784"
"chr2","83247217","83247500","chr9","71562572","71562860","44","11684645"
"chr2","83294261","83294559","chr3","7219188","7219482","10","76075073"
"chr2","83344431","83344605","chr10","78426870","78427045","35","4917561"
"chr2","84191668","84191901","chr3","6299794","6300022","22","77891874"
"chr2","84507219","84507524","chr2","171467714","171468022","41","86960495"
"chr2","84616379","84616658","chr5","34695653","34695933","35","49920726"
"chr2","84692635","84692898","chr1","217326211","217326478","42","132633576"
"chr2","84747093","84747387","chr5","42794074","42794374","37","41953019"
"chr2","85036819","85037119","chr3","5458665","5458965","10","79578154"
"chr2","85127015","85127306","chr3","5368387","5368678","19","79758628"
"chr2","85165998","85166283","chr3","5328795","5329084","19","79837203"
"chr2","85365632","85365880","chr4","48772398","48772630","53","36593234"
"chr2","85399508","85399810","chr20","26211185","26211483","40","59188323"
"chr2","85750360","85750668","chr10","71880315","71880618","39","13870045"
"chr2","85750974","85751118","chr3","4752206","4752352","8","80998768"
"chr2","85821734","85822034","chr3","4678507","4678814","20","81143227"
"chr2","85934252","85934527","chr3","4566458","4566732","8","81367794"
"chr2","86016841","86017140","chr11","118949958","118950247","39","32933117"
"chr2","86069536","86069842","chr16","7638577","7638878","41","78430959"
"chr2","86703895","86704178","chr13","55042528","55042817","55","31661367"
"chr2","86711705","86712001","chr3","3779774","3780070","11","82931931"
"chr2","86728242","86728512","chr3","3760890","3761183","35","82967352"
"chr2","86739561","86739847","chr13","22861492","22861782","50","63878069"
"chr2","86778130","86778181","chr2","42056795","42056838","14","44721335"
"chr2","86790043","86790163","chr11","8710315","8710436","17","78079728"
"chr2","86805919","86806136","chr3","3678035","3678252","5","83127884"
"chr2","86810140","86810255","chr3","43168812","43168927","30","43641328"
"chr2","86859114","86859397","chr3","3619933","3620227","20","83239181"
"chr2","86887407","86887710","chr3","3590735","3591036","15","83296672"
"chr2","86895450","86895754","chr18","12383296","12383602","36","74512154"
"chr2","86947392","86947678","chr3","3530534","3530823","17","83416858"
"chr2","87004359","87004647","chr3","3470467","3470733","38","83533892"
"chr2","87053124","87053241","chrX","104464779","104464890","18","17411655"
"chr2","87097864","87098135","chr4","133457834","133458118","52","46359970"
"chr2","87285737","87286033","chr3","3186784","3187086","28","84098953"
"chr2","87346327","87346622","chr3","3125972","3126266","13","84220355"
"chr2","87464274","87464533","chr3","3009576","3009835","14","84454698"
"chr2","87487370","87487679","chr3","2986536","2986845","4","84500834"
"chr2","87496068","87496441","chrX","44426862","44427214","86","43069206"
"chr2","87499389","87499697","chr3","2983298","2983608","15","84516091"
"chr2","87646091","87646395","chr3","2814836","2815143","31","84831255"
"chr2","87672486","87672796","chr3","2785673","2785980","14","84886813"
"chr2","87758101","87758401","chr3","2700015","2700316","15","85058086"
"chr2","87794947","87795243","chr3","2662628","2662940","25","85132319"
"chr2","87864181","87864311","chr16","42121210","42121339","16","45742971"
"chr2","87909544","87909835","chr3","2543698","2543993","15","85365846"
"chr2","87929794","87930093","chr15","90917621","90917918","29","2987827"
"chr2","87970036","87970238","chr7","120481862","120482053","36","32511826"
"chr2","87978946","87978986","chr10","86377102","86377133","19","1601844"
"chr2","87997889","87998022","chr14","24824060","24824192","18","63173829"
"chr2","88038599","88038777","chr3","2404252","2404425","15","85634347"
"chr2","88095963","88096262","chr5","100542024","100542319","46","12446061"
"chr2","88105738","88106044","chrX","28745828","28746133","37","59359910"
"chr2","88125647","88125951","chr3","2315954","2316251","19","85809693"
"chr2","88160226","88160526","chr3","2280911","2281212","30","85879315"
"chr2","88348092","88348405","chr3","2089909","2090222","8","86258183"
"chr2","88360668","88360910","chr3","127662993","127663237","38","39302325"
"chr2","88768993","88769285","chr7","155788835","155789119","37","67019842"
"chr2","90054057","90054344","chr3","87683648","87683945","44","2370409"
"chr2","90084358","90084660","chr1","123896657","123896955","34","33812299"
"chr2","90117471","90117770","chr3","264159","264458","8","89853312"
"chr2","90120952","90121260","chr3","261398","261708","12","89859554"
"chr3","53054","53357","chr17","63945","64247","10","10891"
"chr3","103303","103614","chr9","19903600","19903904","49","19800297"
"chr3","115040","115363","chr11","104204635","104204939","57","104089595"
"chr3","189005","189180","chr12","8726849","8727016","35","8537844"
"chr3","189210","189259","chr20","17131192","17131244","17","16941982"
"chr3","245025","245154","chr8","125526153","125526282","14","125281128"
"chr3","270385","270698","chr17","295184","295498","10","24799"
"chr3","359474","359782","chr17","387499","387807","7","28025"
"chr3","373135","373407","chr17","401769","402042","9","28634"
"chr3","387113","387409","chrX","25734220","25734518","31","25347107"
"chr3","438079","438208","chr20","61247127","61247256","23","60809048"
"chr3","456731","456863","chr17","482345","482482","8","25614"
"chr3","605441","605624","chr11","31300826","31301006","31","30695385"
"chr3","657707","657997","chr17","717216","717506","8","59509"
"chr3","676834","677084","chr15","23219416","23219680","48","22542582"
"chr3","722886","723175","chr19","1074823","1075116","46","351937"
"chr3","738680","738960","chr16","64472090","64472369","35","63733410"
"chr3","863338","863614","chr11","8688450","8688725","40","7825112"
"chr3","908169","908334","chr17","975668","975846","19","67499"
"chr3","983864","984070","chr16","16854738","16854946","45","15870874"
"chr3","992478","992769","chr17","1062674","1062964","16","70196"
"chr3","1150753","1151049","chr17","1238176","1238467","12","87423"
"chr3","1181230","1181394","chr17","1264231","1264395","4","83001"
"chr3","1182124","1182343","chr10","90905310","90905528","43","89723186"
"chr3","1183176","1183403","chr8","24578072","24578299","51","23394896"
"chr3","1183404","1183676","chr14","40201562","40201832","40","39018158"
"chr3","1183921","1184216","chr17","1251193","1251487","14","67272"
"chr3","1323613","1323936","chr17","1413927","1414240","23","90314"
"chr3","1360701","1361030","chr10","58633405","58633709","36","57272704"
"chr3","1365367","1365650","chr10","58629161","58629444","27","57263794"
"chr3","1400878","1401175","JH682855","4827","5134","36","1396051"
"chr3","1402668","1402999","JH682855","4827","5134","61","1397841"
"chr3","1406958","1407241","chr17","1466688","1466970","20","59730"
"chr3","1433246","1433470","chrX","129381253","129381485","51","127948007"
"chr3","1537687","1537987","chr17","1613386","1613670","30","75699"
"chr3","1550466","1550762","chr17","1627016","1627295","23","76550"
"chr3","1581533","1581663","chr17","1660216","1660338","9","78683"
"chr3","1607410","1607697","chr17","1695268","1695551","9","87858"
"chr3","1689223","1689524","chr17","1771384","1771672","19","82161"
"chr3","1690073","1690356","chr17","1772149","1772450","31","82076"
"chr3","2134819","2135124","chr17","2221994","2222300","21","87175"
"chr3","2307197","2307505","chr17","2390281","2390593","13","83084"
"chr3","2535518","2535806","chr17","2613937","2614231","30","78419"
"chr3","2697360","2697655","chr1","101368002","101368302","50","98670642"
"chr3","2760238","2760523","chr17","2835482","2835766","8","75244"
"chr3","2864128","2864413","chr17","2943551","2943836","10","79423"
"chr3","3287478","3287775","chr17","3340765","3341062","10","53287"
"chr3","3615624","3615895","chr17","3676694","3676964","9","61070"
"chr3","3690850","3691153","chr17","3756225","3756527","21","65375"
"chr3","3961061","3961333","chr17","4039471","4039743","10","78410"
"chr3","4010248","4010548","chr17","4091111","4091416","21","80863"
"chr3","4021956","4022031","chr16","929496","929570","17","3092460"
"chr3","4272353","4272658","chr17","4348917","4349214","13","76564"
"chr3","4282393","4282684","chr17","4358852","4359141","4","76459"
"chr3","4380501","4380627","chr17","4460172","4460295","11","79671"
"chr3","4617609","4617863","chr17","4710126","4710374","15","92517"
"chr3","4643844","4644156","chr4","44252730","44253036","45","39608886"
"chr3","4667739","4668044","chr1","124687580","124687882","36","120019841"
"chr3","4787054","4787334","chr17","4894065","4894343","11","107011"
"chr3","4917595","4917875","chr17","5024007","5024319","49","106412"
"chr3","5056213","5056440","chr17","5166673","5166901","6","110460"
"chr3","5116382","5116692","chr17","5228171","5228480","14","111789"
"chr3","5147032","5147266","chr20","45176902","45177129","43","40029870"
"chr3","5381739","5382031","chr4","25786415","25786711","38","20404676"
"chr3","5459670","5459987","chr17","5574025","5574339","20","114355"
"chr3","5464971","5465252","chr17","5579637","5579944","36","114666"
"chr3","5514772","5515044","chr17","5629233","5629504","14","114461"
"chr3","5534629","5534898","chr17","5648780","5649048","10","114151"
"chr3","5537749","5538043","chr17","5651914","5652208","21","114165"
"chr3","5590896","5591193","chr17","5710797","5711094","6","119901"
"chr3","5770470","5770767","chr1","163867101","163867402","51","158096631"
"chr3","6234527","6234751","chr17","6362117","6362341","14","127590"
"chr3","6353363","6353541","chr2","33656565","33656717","50","27303202"
"chr3","6591040","6591363","chr17","6729929","6730261","26","138889"
"chr3","6630672","6630987","chr17","6770098","6770412","17","139426"
"chr3","6649184","6649466","chr17","6788810","6789114","34","139626"
"chr3","6808091","6808391","chr17","6952898","6953198","11","144807"
"chr3","6849484","6849786","chr17","6993326","6993632","13","143842"
"chr3","6918255","6918545","chr17","7051873","7052158","14","133618"
"chr3","7034074","7034374","chr17","7167578","7167885","12","133504"
"chr3","7070085","7070364","chr11","105903071","105903355","46","98832986"
"chr3","7130903","7131202","chr3","162453743","162454042","41","155322840"
"chr3","7152091","7152354","chr17","7289104","7289396","34","137013"
"chr3","7190426","7190720","chr17","7334234","7334527","11","143808"
"chr3","7203652","7203948","chr17","7338020","7338318","17","134368"
"chr3","7205127","7205419","chr17","7339834","7340127","8","134707"
"chr3","7265264","7265533","chr17","7400931","7401226","32","135667"
"chr3","7272408","7272689","chr17","7408577","7408858","5","136169"
"chr3","7273953","7274137","chr10","14229756","14229940","48","6955803"
"chr3","7312534","7312793","chr1","202369567","202369834","52","195057033"
"chr3","7370663","7370705","chr12","37991215","37991256","7","30620552"
"chr3","7705385","7705608","chr17","7840724","7840946","5","135339"
"chr3","7756064","7756337","chr17","7888725","7888991","10","132661"
"chr3","8147063","8147366","chr17","8274527","8274830","2","127464"
"chr3","8212104","8212423","chr17","8339705","8340016","18","127601"
"chr3","8212490","8212771","chr17","8339705","8340016","46","127215"
"chr3","8384198","8384411","chr7","16100618","16100821","45","7716420"
"chr3","8594913","8595224","chr17","8727169","8727483","4","132256"
"chr3","8746368","8746653","chr17","8893306","8893612","35","146938"
"chr3","8824957","8825245","chr17","8977990","8978278","20","153033"
"chr3","8901869","8902188","chr17","9054767","9055086","8","152898"
"chr3","8940558","8940866","chr17","9093774","9094081","10","153216"
"chr3","9208500","9208812","chr12","44956348","44956657","37","35747848"
"chr3","9226709","9227000","chr17","9382249","9382557","28","155540"
"chr3","9285939","9286212","chr15","99225197","99225468","49","89939258"
"chr3","9302721","9303012","chrX","21253751","21254039","43","11951030"
"chr3","9455573","9455878","chr17","9610200","9610507","11","154627"
"chr3","9459525","9459813","chr17","9614138","9614432","17","154613"
"chr3","9498080","9498320","chr17","9652193","9652436","7","154113"
"chr3","9555909","9556206","chr17","9707915","9708194","28","152006"
"chr3","9558742","9558905","chr16","32682137","32682310","31","23123395"
"chr3","9559202","9559343","chr13","9395618","9395761","23","163584"
"chr3","9571312","9571635","chr9","87213846","87214165","52","77642534"
"chr3","9593123","9593425","chr17","9744054","9744353","19","150931"
"chr3","9885989","9886300","chr1","43206634","43206939","57","33320645"
"chr3","9984431","9984722","chr17","10133013","10133311","18","148582"
"chr3","10222119","10222398","chr17","10373932","10374211","7","151813"
"chr3","10393051","10393349","chr17","10556685","10556994","28","163634"
"chr3","10424649","10424769","chr9","30574677","30574805","19","20150028"
"chr3","10435708","10435868","chr17","10606758","10606918","4","171050"
"chr3","10495902","10496200","chr17","10677317","10677611","9","181415"
"chr3","10635504","10635802","chr17","10820806","10821106","20","185302"
"chr3","10720859","10721185","chr17","10929236","10929553","17","208377"
"chr3","10742867","10743171","chr17","10949665","10949969","16","206798"
"chr3","10750167","10750470","chr6","36434613","36434915","36","25684446"
"chr3","10863207","10863510","chr17","11072203","11072512","16","208996"
"chr3","10947328","10947643","chr17","11155284","11155586","18","207956"
"chr3","10965428","10965710","chr17","11173974","11174256","9","208546"
"chr3","11027575","11027883","chr17","11236922","11237192","50","209347"
"chr3","11041453","11041754","chr6","67069515","67069812","38","56028062"
"chr3","11125207","11125522","chr17","11334297","11334608","12","209090"
"chr3","11144565","11144860","chr17","11353632","11353925","12","209067"
"chr3","11342164","11342451","chr17","11550390","11550677","6","208226"
"chr3","11350908","11351211","chr17","11551259","11551562","12","200351"
"chr3","11373731","11373903","chr1","67193023","67193194","29","55819292"
"chr3","11480608","11480903","chr17","11688731","11689029","11","208123"
"chr3","11515610","11515895","chr1","30438144","30438433","55","18922534"
"chr3","11575503","11575817","chr4","32480381","32480687","50","20904878"
"chr3","11670493","11670790","chr2","171955578","171955877","41","160285085"
"chr3","11959508","11959814","chr17","12144641","12144951","18","185133"
"chr3","12284277","12284569","chr17","12472781","12473043","36","188504"
"chr3","12487288","12487577","chr1","190780024","190780311","56","178292736"
"chr3","12867097","12867362","chr17","13078150","13078415","9","211053"
"chr3","12935788","12936096","chr17","13148683","13148991","12","212895"
"chr3","13116053","13116335","chr17","13342078","13342359","8","226025"
"chr3","13205692","13205985","chr15","105626428","105626724","37","92420736"
"chr3","13243713","13244049","chr17","13469741","13470056","28","226028"
"chr3","13478837","13479139","chr17","13704772","13705077","13","225935"
"chr3","13520657","13520966","chr17","13748530","13748850","21","227873"
"chr3","13597678","13597910","chr17","13836122","13836357","17","238444"
"chr3","13731997","13732283","chr17","13972275","13972562","7","240278"
"chr3","13894290","13894463","chr17","14134787","14134961","10","240497"
"chr3","14519275","14519432","chr17","14774723","14774901","26","255448"
"chr3","14677259","14677549","chr17","14924709","14925001","15","247450"
"chr3","14838206","14838508","chr17","15085617","15085918","7","247411"
"chr3","14856633","14856942","chr17","15102904","15103211","17","246271"
"chr3","14880173","14880477","chr17","15127578","15127882","9","247405"
"chr3","14884293","14884587","chr17","15131644","15131938","8","247351"
"chr3","15001083","15001254","chr1","47026703","47026870","35","32025620"
"chr3","15191639","15191890","chr15","56759119","56759369","34","41567480"
"chr3","15269485","15269803","chr17","15518825","15519134","27","249340"
"chr3","15494382","15494643","chr13","107191546","107191806","48","91697164"
"chr3","15556239","15556516","chr1","124987621","124987896","68","109431382"
"chr3","15575125","15575245","chr17","15821997","15822127","12","246872"
"chr3","15973126","15973346","chr17","16227399","16227621","12","254273"
"chr3","16287145","16287454","chr17","16543583","16543894","14","256438"
"chr3","16675213","16675521","chr17","16951525","16951831","16","276312"
"chr3","16701653","16701825","chr17","16978199","16978365","8","276546"
"chr3","16723419","16723730","chr4","16602824","16603130","46","120595"
"chr3","16930351","16930657","chr17","17186971","17187276","26","256620"
"chr3","16989773","16990057","chr2","152224666","152224949","37","135234893"
"chr3","17098245","17098535","chr17","17363331","17363623","10","265086"
"chr3","17176619","17176922","chr17","17442454","17442770","27","265835"
"chr3","17329314","17329613","chr1","115267243","115267542","42","97937929"
"chr3","17331118","17331422","chr17","17597050","17597354","12","265932"
"chr3","17337185","17337475","chr17","17603362","17603666","25","266177"
"chr3","17958300","17958581","chr17","18233039","18233350","44","274739"
"chr3","17970345","17970441","chr16","32777746","32777838","16","14807401"
"chr3","18269143","18269455","chr17","18534933","18535245","12","265790"
"chr3","18363267","18363575","chr17","18629726","18630034","10","266459"
"chr3","18437839","18438087","chr19","45316900","45317140","39","26879061"
"chr3","18501795","18502097","chr17","18770392","18770693","15","268597"
"chr3","18703886","18704187","chr17","18974074","18974375","11","270188"
"chr3","18728046","18728196","chr11","30992530","30992678","32","12264484"
"chr3","18728511","18728645","chr1","134324751","134324881","20","115596240"
"chr3","18744425","18744694","chr17","19015040","19015321","28","270615"
"chr3","18838168","18838395","chr17","19111816","19112023","27","273648"
"chr3","18927852","18928156","chr13","103378952","103379257","32","84451100"
"chr3","19016779","19017043","chr12","44928730","44929007","62","25911951"
"chr3","19060902","19061202","chr17","19335788","19336088","18","274886"
"chr3","19168101","19168408","chr17","19453709","19454010","22","285608"
"chr3","19188502","19188791","chr17","1524433","1524732","50","17664069"
"chr3","19196121","19196293","chr17","19521802","19521991","24","325681"
"chr3","19223860","19224154","chr17","19551142","19551438","12","327282"
"chr3","19224221","19224504","chr12","41553520","41553801","30","22329299"
"chr3","19328189","19328476","chr17","19656625","19656911","7","328436"
"chr3","19376344","19376655","chr17","19705290","19705601","10","328946"
"chr3","19413936","19414231","chr17","19744898","19745200","16","330962"
"chr3","19442464","19442725","chr17","19779941","19780200","13","337477"
"chr3","19500176","19500473","chr17","19840505","19840808","16","340329"
"chr3","19524559","19524654","chr16","53240396","53240486","23","33715837"
"chr3","19526566","19526650","chr10","15069049","15069136","12","4457517"
"chr3","19599748","19600023","chr17","19937852","19938127","3","338104"
"chr3","19836841","19837176","chr17","20164932","20165242","34","328091"
"chr3","20108781","20109080","chr17","20437280","20437579","11","328499"
"chr3","20161337","20161647","chr17","20489769","20490080","8","328432"
"chr3","20373688","20373998","chr17","20724044","20724354","4","350356"
"chr3","20404832","20405131","chr17","20756291","20756592","15","351459"
"chr3","20423948","20424239","chr17","20774702","20774990","12","350754"
"chr3","20758255","20758562","chr17","21118910","21119229","26","360655"
"chr3","20837013","20837323","chr17","21200854","21201166","10","363841"
"chr3","21087338","21087629","chr17","21454953","21455240","17","367615"
"chr3","21292934","21293231","chr4","82958131","82958428","37","61665197"
"chr3","21590790","21591091","chr17","21982879","21983180","14","392089"
"chr3","21709977","21710275","chr4","68671582","68671879","37","46961605"
"chr3","21857445","21857746","chr17","22259828","22260130","12","402383"
"chr3","21963070","21963365","chr17","22368238","22368538","11","405168"
"chr3","22136633","22136943","chr17","22538817","22539126","8","402184"
"chr3","22412589","22412856","chr17","22812725","22812992","10","400136"
"chr3","22477740","22478035","chr17","22875154","22875449","25","397414"
"chr3","22609166","22609332","chr4","103351435","103351601","25","80742269"
"chr3","22640180","22640488","chr6","131769846","131770146","48","109129666"
"chr3","22695595","22695793","chr17","23089103","23089301","6","393508"
"chr3","22728814","22729121","chr17","23124342","23124640","22","395528"
"chr3","22815080","22815386","chr17","23216962","23217265","16","401882"
"chr3","22877976","22878255","chr16","64472090","64472369","34","41594114"
"chr3","22886107","22886401","chr17","23272951","23273245","17","386844"
"chr3","22968299","22968586","chr17","23352461","23352750","12","384162"
"chr3","23069623","23069768","chr11","7793789","7793933","28","15275834"
"chr3","23071932","23072258","chr17","23459631","23459968","39","387699"
"chr3","23080290","23080617","chr17","23459631","23459968","40","379341"
"chr3","23190347","23190607","chr17","23572525","23572813","36","382178"
"chr3","23206812","23207091","chr17","23588657","23588936","5","381845"
"chr3","23218654","23218946","chrX","44377513","44377820","47","21158859"
"chr3","23256538","23256762","chr17","23638493","23638723","9","381955"
"chr3","23278862","23279164","chr17","23661900","23662205","20","383038"
"chr3","23335344","23335579","chr15","81334484","81334714","44","57999140"
"chr3","23452995","23453156","chr17","65443209","65443362","31","41990214"
"chr3","23477841","23478146","chr16","50210124","50210424","43","26732283"
"chr3","23754535","23754836","chr17","24125840","24126137","19","371305"
"chr3","23852046","23852186","chr17","24226938","24227076","2","374892"
"chr3","24095242","24095527","chr5","112094166","112094451","40","87998924"
"chr3","24147064","24147369","chr1","101368002","101368302","39","77220938"
"chr3","24312812","24313109","chr17","24690952","24691263","21","378140"
"chr3","24421895","24422137","chr17","24802162","24802395","14","380267"
"chr3","24456011","24456315","chr2","5999410","5999718","46","18456601"
"chr3","24470819","24471109","chr17","24846429","24846719","18","375610"
"chr3","24484593","24484778","chr5","42587294","42587474","29","18102701"
"chr3","24511296","24511585","chr17","24882666","24882955","8","371370"
"chr3","24623267","24623588","chr17","24996497","24996827","26","373230"
"chr3","24719781","24719957","chr14","7760783","7760966","37","16958998"
"chr3","24913636","24913863","chr17","25280339","25280566","8","366703"
"chr3","24923789","24923908","chr3","161107993","161108133","31","136184204"
"chr3","24947490","24947819","chr17","25315835","25316155","15","368345"
"chr3","25141772","25142068","chr2","176864663","176864968","44","151722891"
"chr3","25341475","25341783","chr17","25696435","25696718","35","354960"
"chr3","25612869","25613172","chr17","25985815","25986124","15","372946"
"chr3","25766227","25766525","chr14","64449805","64450104","34","38683578"
"chr3","26034868","26035176","chr17","26420594","26420902","13","385726"
"chr3","26059670","26059979","chr17","26445471","26445779","8","385801"
"chr3","26060850","26061155","chr17","26446654","26446958","9","385804"
"chr3","26095943","26096250","chr17","26482283","26482590","9","386340"
"chr3","26225298","26225487","chr17","26612613","26612788","17","387315"
"chr3","26399596","26399752","chr12","19037809","19037962","29","7361787"
"chr3","26400064","26400197","chr11","74966065","74966200","12","48566001"
"chr3","26913752","26914039","chr17","27302002","27302289","8","388250"
"chr3","26966445","26966746","chr17","27353371","27353674","13","386926"
"chr3","27214111","27214452","chr17","27603590","27603898","44","389479"
"chr3","27365797","27366085","chr4","112821610","112821902","34","85455813"
"chr3","27469821","27470123","chr17","27854533","27854833","19","384712"
"chr3","27503827","27504131","chr3","48389210","48389510","42","20885383"
"chr3","27537381","27537660","chr17","27920529","27920839","35","383148"
"chr3","27588494","27588798","chr17","27974543","27974851","8","386049"
"chr3","27618894","27619184","chr17","28004176","28004464","8","385282"
"chr3","27733000","27733290","chr17","28117040","28117323","24","384040"
"chr3","27750271","27750549","chr12","90437962","90438241","45","62687691"
"chr3","27844235","27844536","chr17","28226423","28226713","19","382188"
"chr3","27846235","27846548","chr17","28228451","28228760","15","382216"
"chr3","27886060","27886352","chr17","28268008","28268271","36","381948"
"chr3","27899895","27900124","chr17","28281976","28282192","18","382081"
"chr3","27950100","27950427","chr17","28333614","28333912","42","383514"
"chr3","27955767","27956053","chr16","64472090","64472369","40","36516323"
"chr3","27998855","27999075","chr17","28378404","28378632","13","379549"
"chr3","28058377","28058686","chr17","28439597","28439908","11","381220"
"chr3","28627529","28627823","chr17","29009047","29009336","12","381518"
"chr3","28934283","28934612","chr11","117708438","117708766","60","88774155"
"chr3","29000501","29000802","chr17","29391649","29391945","9","391148"
"chr3","29166945","29167249","chr17","29560713","29561017","12","393768"
"chr3","29197128","29197432","chr17","29588125","29588431","11","390997"
"chr3","29232737","29233006","chr17","29624886","29625149","8","392149"
"chr3","29316096","29316394","chr17","29708469","29708770","13","392373"
"chr3","29431728","29432003","chr17","29822763","29823038","7","391035"
"chr3","29500754","29501055","chr17","29884926","29885208","25","384172"
"chr3","29773529","29773840","chr17","30165307","30165609","19","391778"
"chr3","29925041","29925275","chr17","30315149","30315380","11","390108"
"chr3","29959115","29959399","chr17","30348188","30348471","11","389073"
"chr3","30057784","30058092","chr17","30447959","30448266","11","390175"
"chr3","30080419","30080698","chr16","25124257","25124537","37","4956162"
"chr3","30095041","30095329","chr17","30632594","30632884","14","537553"
"chr3","30111023","30111289","chr17","30616492","30616789","37","505469"
"chr3","30177589","30177914","chr17","30546952","30547274","13","369363"
"chr3","30184223","30184548","chr17","30546952","30547274","13","362729"
"chr3","30195412","30195718","chr17","30632594","30632884","41","437182"
"chr3","30199731","30199909","chr17","30539131","30539302","9","339400"
"chr3","30203041","30203339","chr17","30535410","30535708","10","332369"
"chr3","30298074","30298376","JH680688","36","331","18","30298038"
"chr3","30382542","30382875","chr17","30473251","30473580","63","90709"
"chr3","30417800","30418061","chr17","30746928","30747189","5","329128"
"chr3","30429942","30430173","chr17","30758836","30759069","9","328894"
"chr3","30433137","30433436","chr17","30762020","30762318","9","328883"
"chr3","30469371","30469666","chr17","30798120","30798415","9","328749"
"chr3","30470553","30470841","chr17","30799310","30799600","9","328757"
"chr3","30914371","30914677","chr17","31250248","31250553","10","335877"
"chr3","31212209","31212507","chr8","22135363","22135664","35","9076846"
"chr3","31310438","31310720","chr5","174041357","174041657","55","142730919"
"chr3","31461976","31462122","chr17","31841569","31841725","11","379593"
"chr3","31815479","31815770","chr7","2818258","2818549","34","28997221"
"chr3","31897282","31897566","chr17","32287050","32287316","36","389768"
"chr3","32026717","32027010","chr17","32414936","32415229","11","388219"
"chr3","32313745","32314047","chr17","32704078","32704383","10","390333"
"chr3","32663032","32663340","chr17","33049325","33049638","15","386293"
"chr3","32741267","32741569","chr11","48612807","48613109","42","15871540"
"chr3","32769645","32769961","chr17","33162971","33163278","18","393326"
"chr3","32836666","32836968","chr14","18184474","18184776","38","14652192"
"chr3","33007551","33007646","chr17","33399282","33399377","1","391731"
"chr3","33072714","33073021","chr17","33471433","33471741","10","398719"
"chr3","33987973","33988253","chr1","79995006","79995286","51","46007033"
"chr3","34288208","34288521","chr17","34744841","34745144","34","456633"
"chr3","34940381","34940673","chr17","35382010","35382302","4","441629"
"chr3","36013629","36013812","chr17","36474961","36475148","22","461332"
"chr3","36023698","36023993","chr17","36485013","36485305","15","461315"
"chr3","36094982","36095105","chr12","80273287","80273410","16","44178305"
"chr3","36447087","36447381","chr17","36913738","36914035","15","466651"
"chr3","36606339","36606665","chr11","117708438","117708766","48","81102099"
"chr3","36681027","36681289","chr7","129928071","129928325","41","93247044"
"chr3","36831259","36831555","chr15","25814217","25814518","45","11017042"
"chr3","37181218","37181509","chr16","50757049","50757341","37","13575831"
"chr3","37276633","37276921","chr12","64892884","64893171","32","27616251"
"chr3","37308418","37308723","chr11","104204635","104204939","38","66896217"
"chr3","37390402","37390689","chr17","37877534","37877823","7","487132"
"chr3","37512872","37513172","chr17","37998834","37999134","8","485962"
"chr3","37548588","37548866","chr17","38034648","38034931","7","486060"
"chr3","37736645","37736808","chr17","38226803","38226979","17","490158"
"chr3","38041828","38042144","chr14","115262513","115262823","38","77220685"
"chr3","38570958","38571254","chr17","39085354","39085661","21","514396"
"chr3","39044731","39045017","chr17","39572245","39572531","12","527514"
"chr3","39285531","39285837","chr2","184554529","184554839","43","145268998"
"chr3","39773847","39774163","chr6","17625885","17626195","53","22147962"
"chr3","39887271","39887578","chr19","6744752","6745060","50","33142519"
"chr3","40060821","40060992","chr9","40214036","40214205","31","153215"
"chr3","40248860","40249168","chr17","40452622","40452936","16","203762"
"chr3","40334049","40334256","chr4","112150195","112150407","32","71816146"
"chr3","40386821","40387129","JH680761","7598","7909","12","40379223"
"chr3","41006135","41006430","chr14","105574163","105574456","39","64568028"
"chr3","41316871","41317178","chr17","41476558","41476845","28","159687"
"chr3","41417805","41418088","chr4","124262841","124263120","46","82845036"
"chr3","41911913","41912214","chr17","42326859","42327160","12","414946"
"chr3","42356321","42356625","chr17","42797697","42797998","8","441376"
"chr3","42545031","42545354","chr17","42989828","42990141","18","444797"
"chr3","42940598","42940908","chr7","15835638","15835945","39","27104960"
"chr3","43107167","43107471","chr17","3387958","3388261","14","39719209"
"chr3","44571117","44571371","chr17","43899702","43899956","8","671415"
"chr3","45702626","45702933","chr3","31482801","31483109","42","14219825"
"chr3","46017512","46017784","chr17","45384625","45384903","12","632887"
"chr3","46045573","46045673","chr17","45411835","45411935","2","633738"
"chr3","46076669","46076965","chr17","45443454","45443748","8","633215"
"chr3","46429328","46429623","chr12","13082614","13082909","41","33346714"
"chr3","46780937","46781228","chr17","46169841","46170127","8","611096"
"chr3","47021314","47021615","chr17","46420806","46421105","30","600508"
"chr3","47041786","47042067","chr17","46440847","46441145","41","600939"
"chr3","47240930","47241253","chr17","46650028","46650358","35","590902"
"chr3","47451357","47451637","chr4","100341429","100341712","62","52890072"
"chr3","48543759","48544057","JH681052","587291","587578","23","47956468"
"chr3","48728762","48729076","JH681052","753772","754084","9","47974990"
"chr3","48759963","48760270","JH681052","784838","785145","19","47975125"
"chr3","48887027","48887197","JH681052","916093","916266","9","47970934"
"chr3","48928853","48929156","chr10","78900523","78900835","47","29971670"
"chr3","49053291","49053585","chr17","47494334","47494630","16","1558957"
"chr3","49219494","49219615","chr17","47664623","47664744","3","1554871"
"chr3","49572182","49572489","chr17","48039642","48039949","15","1532540"
"chr3","49577894","49578201","chr17","48039642","48039949","15","1538252"
"chr3","49686194","49686452","chr15","38998423","38998675","56","10687771"
"chr3","50551410","50551713","chr3","84821391","84821690","38","34269981"
"chr3","50625641","50625947","chr17","49136627","49136937","20","1489014"
"chr3","50626798","50627127","chr17","49137786","49138116","20","1489012"
"chr3","51259481","51259636","chr17","49792093","49792248","2","1467388"
"chr3","51467189","51467486","chr17","49998845","49999142","15","1468344"
"chr3","51857051","51857197","chr17","50388964","50389111","6","1468087"
"chr3","51914737","51915040","chr9","89270200","89270499","37","37355463"
"chr3","51919146","51919446","chr3","168176773","168177064","73","116257627"
"chr3","52024073","52024328","chr2","185985092","185985358","53","133961019"
"chr3","52074786","52074997","chr17","50606966","50607181","8","1467820"
"chr3","52075433","52075724","chr17","50607622","50607909","9","1467811"
"chr3","52101468","52101621","chr17","50634435","50634588","2","1467033"
"chr3","52168305","52168539","chr17","50700964","50701193","8","1467341"
"chr3","52181071","52181253","chr3","2404252","2404425","29","49776819"
"chr3","52334381","52334623","chr2","116292963","116293207","54","63958582"
"chr3","52603117","52603421","chr17","51148702","51149006","10","1454415"
"chr3","52663236","52663434","chr17","90135026","90135219","33","37471790"
"chr3","52750988","52751288","chr17","51300881","51301185","17","1450107"
"chr3","52776468","52776777","chr17","51325849","51326162","10","1450619"
"chr3","52969096","52969398","chr17","51526551","51526856","11","1442545"
"chr3","53307956","53308255","chr17","51873954","51874263","25","1434002"
"chr3","53360932","53361244","chr1","13175932","13176238","48","40185000"
"chr3","53731967","53732262","chr17","52315231","52315530","16","1416736"
"chr3","54061820","54062131","chr17","52638070","52638370","16","1423750"
"chr3","54344656","54344954","chr17","52928416","52928713","8","1416240"
"chr3","54439496","54439782","chr1","19824583","19824878","41","34614913"
"chr3","54474447","54474753","chr17","53057863","53058169","14","1416584"
"chr3","54915812","54916127","chr17","53501353","53501668","5","1414459"
"chr3","54960610","54960917","chr17","53546171","53546474","7","1414439"
"chr3","55262888","55263187","chr17","53862829","53863128","11","1400059"
"chr3","55371902","55372117","chr17","53984155","53984400","34","1387747"
"chr3","55509916","55510226","chr17","54118034","54118339","18","1391882"
"chr3","55648639","55648932","chr17","54258209","54258510","12","1390430"
"chr3","55743483","55743788","chr10","72361645","72361943","48","16618162"
"chr3","55775347","55775645","chr17","54390878","54391175","15","1384469"
"chr3","55928997","55929302","chr17","54550443","54550748","4","1378554"
"chr3","56598023","56598201","chr9","77499824","77499998","31","20901801"
"chr3","56667160","56667457","chr17","55289479","55289776","10","1377681"
"chr3","56889179","56889459","chr17","55512749","55513024","11","1376430"
"chr3","57735062","57735356","chr17","56156559","56156857","22","1578503"
"chr3","57831925","57832228","chr17","56256955","56257257","14","1574970"
"chr3","57883195","57883483","chr17","56310874","56311162","11","1572321"
"chr3","58011679","58011937","chr17","56447435","56447720","35","1564244"
"chr3","58383456","58383737","chr20","52242367","52242654","58","6141089"
"chr3","58596510","58596800","chr17","57042802","57043093","7","1553708"
"chr3","58903723","58904018","chr17","57346657","57346955","9","1557066"
"chr3","59001404","59001722","chr17","57436878","57437196","15","1564526"
"chr3","59099769","59100077","chr10","71268206","71268509","40","12168437"
"chr3","59271259","59271535","chr17","57714287","57714571","23","1556972"
"chr3","59320472","59320772","chr12","52545757","52546056","40","6774715"
"chr3","59347954","59348243","chr17","57797831","57798123","11","1550123"
"chr3","59351464","59351745","chr2","9471423","9471706","43","49880041"
"chr3","59389269","59389568","chr8","22135363","22135664","56","37253906"
"chr3","59813330","59813637","chr17","58269604","58269903","16","1543726"
"chr3","60067225","60067512","chr17","58538455","58538742","7","1528770"
"chr3","60352806","60353107","chr17","58831695","58831997","7","1521111"
"chr3","60508037","60508364","chr17","58990778","58991103","25","1517259"
"chr3","60808794","60809060","chr17","59320752","59321047","33","1488042"
"chr3","60866440","60866569","chr17","59376141","59376271","6","1490299"
"chr3","61237546","61237828","chr17","59747465","59747772","38","1490081"
"chr3","61327022","61327161","chrX","142278602","142278756","34","80951580"
"chr3","61327194","61327276","chr2","16067768","16067855","18","45259426"
"chr3","61586876","61587183","chr16","30712954","30713265","44","30873922"
"chr3","61632517","61632800","chr2","152224666","152224949","47","90592149"
"chr3","61894421","61894724","chr17","60353087","60353390","14","1541334"
"chr3","61984791","61985087","chr9","92036917","92037215","44","30052126"
"chr3","62407776","62408078","chr17","60855441","60855749","20","1552335"
"chr3","62502236","62502517","chr17","60948682","60948978","25","1553554"
"chr3","62704107","62704390","chr7","28322216","28322497","33","34381891"
"chr3","62705014","62705280","chr12","41553520","41553801","48","21151494"
"chr3","63354355","63354659","chr17","61794045","61794351","9","1560310"
"chr3","63635263","63635539","chr17","62066903","62067204","28","1568360"
"chr3","63758723","63758948","chr17","62191173","62191397","7","1567550"
"chr3","63804353","63804632","chr17","62242540","62242819","7","1561813"
"chr3","64133926","64134258","chr3","157315162","157315484","60","93181236"
"chr3","64297764","64298078","chr17","62735353","62735670","16","1562411"
"chr3","64634779","64635058","chr16","64643824","64644095","69","9045"
"chr3","64823648","64823932","chr10","77350859","77351141","33","12527211"
"chr3","65231678","65231980","chr17","63669633","63669943","22","1562045"
"chr3","65475594","65475708","chr17","63919015","63919129","4","1556579"
"chr3","65653595","65653913","chr2","105816944","105817251","58","40163349"
"chr3","65758781","65759124","chr17","64202898","64203190","73","1555883"
"chr3","66706435","66706743","chr17","65150437","65150745","15","1555998"
"chr3","66881556","66881846","chr1","184483318","184483603","47","117601762"
"chr3","67000150","67000304","chr17","65443209","65443362","5","1556941"
"chr3","67193327","67193632","chr2","176864663","176864968","40","109671336"
"chr3","67368050","67368297","chr17","65812311","65812558","7","1555739"
"chr3","67979661","67979961","chr9","89270200","89270499","40","21290539"
"chr3","68004789","68005091","chr17","66471424","66471729","18","1533365"
"chr3","68361915","68362070","chr1","170198659","170198810","29","101836744"
"chr3","68407618","68407907","chr17","66881688","66881977","10","1525930"
"chr3","68535400","68535690","chr17","57797831","57798123","44","10737569"
"chr3","68547790","68548108","chr17","67026879","67027196","29","1520911"
"chr3","68598494","68598804","chr17","67079736","67080046","4","1518758"
"chr3","68613313","68613573","chr3","67958930","67959188","46","654383"
"chr3","68729071","68729319","chr1","92616917","92617170","43","23887846"
"chr3","69101013","69101303","chr7","63558520","63558814","42","5542493"
"chr3","69111183","69111461","chr17","67563959","67564237","14","1547224"
"chr3","69195553","69195857","chr17","67651459","67651757","16","1544094"
"chr3","69233536","69233834","chr17","67688204","67688499","14","1545332"
"chr3","69298754","69299046","chr15","19512803","19513097","46","49785951"
"chr3","69307665","69307970","chr17","67758940","67759242","12","1548725"
"chr3","69330554","69330702","chr17","67781807","67781955","1","1548747"
"chr3","69374891","69375179","chr17","67828148","67828442","13","1546743"
"chr3","69562745","69562990","chr17","68019698","68019932","19","1543047"
"chr3","69870910","69871211","chr17","68382514","68382815","10","1488396"
"chr3","70189265","70189572","chr17","68702200","68702507","7","1487065"
"chr3","70227390","70227694","chr17","68739982","68740274","21","1487408"
"chr3","70419235","70419558","chr9","89343941","89344248","74","18924706"
"chr3","70457623","70457840","chr17","68974374","68974592","9","1483249"
"chr3","70579055","70579318","chr3","44099084","44099346","48","26479971"
"chr3","70689739","70690039","chr17","69227568","69227868","12","1462171"
"chr3","70703014","70703305","chr17","69240784","69241081","17","1462230"
"chr3","70754348","70754653","chr17","69289270","69289576","31","1465078"
"chr3","70758461","70758781","chr10","64802011","64802328","56","5956450"
"chr3","71259867","71260203","chr17","69806925","69807220","57","1452942"
"chr3","71524842","71525118","chr17","70074024","70074333","42","1450818"
"chr3","71539836","71540133","chr17","70088226","70088521","25","1451610"
"chr3","71549721","71550002","chr17","70098124","70098410","16","1451597"
"chr3","71637814","71638129","chr20","104321","104629","48","71533493"
"chr3","71872527","71872821","chr17","70425602","70425895","13","1446925"
"chr3","71917815","71918120","chr17","70470328","70470625","16","1447487"
"chr3","72245441","72245725","chr17","70792172","70792455","11","1453269"
"chr3","73042314","73042603","chr17","71598893","71599184","13","1443421"
"chr3","73186840","73187135","chr17","71744521","71744826","31","1442319"
"chr3","73244760","73245040","chr17","71803690","71803970","31","1441070"
"chr3","73369878","73370027","chr19","12482960","12483114","25","60886918"
"chr3","73668333","73668629","chr16","41220857","41221153","48","32447476"
"chr3","73691593","73691898","chr2","176864663","176864968","36","103173070"
"chr3","73849925","73850221","chr17","72427561","72427857","18","1422364"
"chr3","73851644","73851935","chr17","72429532","72429814","18","1422112"
"chr3","73856966","73857127","chr1","140999555","140999719","22","67142589"
"chr3","73970624","73970924","chr9","24166465","24166759","39","49804159"
"chr3","74047892","74048200","chr17","72629664","72629969","9","1418228"
"chr3","74089883","74090171","chr5","78351855","78352146","53","4261972"
"chr3","74145394","74145701","chr17","72731082","72731389","8","1414312"
"chr3","74245443","74245737","chr3","83610987","83611284","34","9365544"
"chr3","74331499","74331828","chr11","82155821","82156145","43","7824322"
"chr3","74338464","74338745","chr17","72926433","72926714","10","1412031"
"chr3","74455496","74455771","chr17","73048739","73049014","4","1406757"
"chr3","74573640","74573943","chr17","73167674","73167980","14","1405966"
"chr3","74709366","74709647","chr2","120223370","120223656","44","45514004"
"chr3","75287498","75287780","chr17","73913241","73913529","19","1374257"
"chr3","75990095","75990403","chr17","74634912","74635212","20","1355183"
"chr3","76096691","76096874","chr17","74741416","74741602","10","1355275"
"chr3","76284592","76284887","chr17","74946511","74946811","19","1338081"
"chr3","76394211","76394330","chr1","198907205","198907319","23","122512994"
"chr3","76619997","76620266","chr1","139397060","139397335","41","62777063"
"chr3","76628046","76628358","chr17","75296723","75297039","16","1331323"
"chr3","76678953","76679192","chr17","75348641","75348880","11","1330312"
"chr3","76684976","76685272","chr17","75354677","75354974","12","1330299"
"chr3","76729942","76730236","chr17","75401614","75401911","10","1328328"
"chr3","76780863","76781159","chr17","75452868","75453164","12","1327995"
"chr3","76895593","76895893","chr17","75569905","75570203","6","1325688"
"chr3","77275109","77275408","chr17","75953842","75954141","15","1321267"
"chr3","77306523","77306827","chr17","75986527","75986812","24","1319996"
"chr3","77525613","77525908","chr17","76210689","76210980","16","1314924"
"chr3","77713971","77714271","chr17","76399371","76399671","18","1314600"
"chr3","77858414","77858698","chr17","76555865","76556155","37","1302549"
"chr3","77889377","77889660","chr17","76587266","76587550","9","1302111"
"chr3","78062743","78063053","chr17","76760834","76761140","27","1301909"
"chr3","78096907","78097199","chr17","76792675","76792968","16","1304232"
"chr3","78131582","78131876","chr17","76826960","76827269","19","1304622"
"chr3","78267581","78267884","chr17","76971851","76972154","9","1295730"
"chr3","78304331","78304613","chr17","77009101","77009382","16","1295230"
"chr3","78330160","78330265","chr17","77038002","77038107","5","1292158"
"chr3","78351193","78351504","chr17","77054507","77054818","7","1296686"
"chr3","78358864","78359172","chr1","182181655","182181958","47","103822791"
"chr3","78364982","78365272","chr7","3030059","3030354","36","75334923"
"chr3","78403502","78403811","chr17","77101853","77102159","9","1301649"
"chr3","78409320","78409621","chr17","77108028","77108343","30","1301292"
"chr3","78571205","78571511","chr17","77273610","77273911","13","1297595"
"chr3","78675674","78675940","chr17","77381203","77381469","12","1294471"
"chr3","78676745","78676842","chr7","48996411","48996510","13","29680334"
"chr3","78759401","78759708","chr17","77469757","77470051","34","1289644"
"chr3","78782312","78782596","chr17","77493716","77493999","7","1288596"
"chr3","78816940","78817249","chr4","30348990","30349295","65","48467950"
"chr3","78827171","78827457","chr17","77537028","77537314","6","1290143"
"chr3","78836005","78836303","chr17","77545893","77546182","16","1290112"
"chr3","78997785","78998071","chr12","13201205","13201488","34","65796580"
"chr3","79045949","79046231","chr17","77761286","77761562","16","1284663"
"chr3","79074949","79075246","chr17","77791504","77791792","16","1283445"
"chr3","79094299","79094604","chr17","77811004","77811309","9","1283295"
"chr3","79126929","79127233","chr17","77844948","77845248","15","1281981"
"chr3","79133266","79133583","chr17","77851631","77851938","22","1281635"
"chr3","79239880","79240166","chr17","77954133","77954432","22","1285747"
"chr3","79331638","79331737","chr9","55290572","55290675","15","24041066"
"chr3","79331742","79331876","chr3","30670695","30670828","16","48661047"
"chr3","79355844","79356135","chr17","78070926","78071217","11","1284918"
"chr3","79400059","79400343","chr9","101784832","101785129","58","22384773"
"chr3","79743747","79744030","chr17","78466509","78466795","15","1277238"
"chr3","79858566","79858863","chr17","78578000","78578300","17","1280566"
"chr3","80004394","80004692","chr17","78723994","78724305","27","1280400"
"chr3","80218888","80219215","chr1","122973975","122974302","51","42755087"
"chr3","80220302","80220606","chrX","4874019","4874324","41","75346283"
"chr3","80394000","80394165","chr13","43435430","43435598","23","36958570"
"chr3","80554902","80555200","chr17","79272441","79272740","16","1282461"
"chr3","81171704","81172024","chr15","88984045","88984366","36","7812341"
"chr3","81283569","81283736","chr1","56150277","56150446","28","25133292"
"chr3","81489111","81489364","chr3","11685268","11685524","42","69803843"
"chr3","81541320","81541618","chr20","56059720","56060018","37","25481600"
"chr3","81781155","81781320","chr4","35616638","35616804","29","46164517"
"chr3","81781670","81781803","chr11","50202051","50202180","18","31579619"
"chr3","81790726","81791022","chr17","80543090","80543386","11","1247636"
"chr3","82476958","82477240","chr4","153173836","153174115","38","70696878"
"chr3","82532901","82533183","chr15","91003323","91003608","46","8470422"
"chr3","82916046","82916344","chr1","56106334","56106635","38","26809712"
"chr3","83185212","83185510","chr17","81916883","81917174","15","1268329"
"chr3","83231061","83231387","chr17","81961620","81961947","9","1269441"
"chr3","83257526","83257769","chr14","107425542","107425783","39","24168016"
"chr3","83348440","83348759","chr17","82360521","82360835","8","987919"
"chr3","83388479","83388777","chr17","82321177","82321475","6","1067302"
"chr3","83446943","83447176","chr17","82261104","82261342","12","1185839"
"chr3","83866068","83866360","chr17","82613877","82614170","7","1252191"
"chr3","83872210","83872517","chr17","82620200","82620477","42","1252010"
"chr3","84130315","84130626","chr17","82882395","82882706","6","1247920"
"chr3","84184830","84185114","chr17","82937956","82938243","11","1246874"
"chr3","84284352","84284672","chr4","111169416","111169723","53","26885064"
"chr3","84334875","84335159","chr4","133457834","133458118","43","49122959"
"chr3","84411772","84411885","chr1","202308912","202309033","26","117897140"
"chr3","85039336","85039632","chr17","83786080","83786371","23","1253256"
"chr3","85281265","85281571","chr17","84029396","84029699","16","1251869"
"chr3","86098265","86098524","chr14","32300568","32300822","56","53797697"
"chr3","86303132","86303420","chr17","85076029","85076325","14","1227103"
"chr3","86444331","86444634","chr7","40647108","40647409","55","45797223"
"chr3","86456646","86456943","chr17","85224372","85224669","8","1232274"
"chr3","86554681","86554959","chr17","85324881","85325170","16","1229800"
"chr3","86685583","86685874","chr17","85457987","85458296","27","1227596"
"chr3","86850016","86850297","chr17","85628102","85628388","17","1221914"
"chr3","87090282","87090571","chr18","27935589","27935877","52","59154693"
"chr3","87328457","87328750","chr17","86113309","86113618","30","1215148"
"chr3","87411595","87411899","chr17","86193135","86193441","13","1218460"
"chr3","87559327","87559516","chr17","86340918","86341104","8","1218409"
"chr3","87602405","87602690","chr17","86381066","86381345","11","1221339"
"chr3","87610922","87611228","chr17","86389575","86389882","24","1221347"
"chr3","87702430","87702734","chr8","55086383","55086691","49","32616047"
"chr3","88627883","88627908","chr7","145790583","145790608","12","57162700"
"chr3","88627937","88628208","chr16","64472090","64472369","37","24155847"
"chr3","88641572","88641875","chr17","87419910","87420215","18","1221662"
"chr3","88696016","88696305","chr17","87475691","87475980","20","1220325"
"chr3","88821624","88821869","chr17","87605390","87605638","15","1216234"
"chr3","88838891","88839182","chr17","87623214","87623515","23","1215677"
"chr3","88851533","88851819","chr17","87630637","87630929","20","1220896"
"chr3","88913713","88914037","chr1","122973975","122974302","48","34060262"
"chr3","89110792","89111094","chr2","45327173","45327469","42","43783619"
"chr3","89451521","89451780","chr17","88224196","88224481","33","1227325"
"chr3","89875123","89875435","chr7","77493877","77494187","39","12381246"
"chr3","89912111","89912400","chr4","148808667","148808959","37","58896556"
"chr3","90122512","90122707","chr17","88833386","88833579","8","1289126"
"chr3","90229705","90230008","chr17","88939519","88939821","8","1290186"
"chr3","90638155","90638208","chr1","6592124","6592175","14","84046031"
"chr3","90638234","90638354","chr1","181341091","181341211","14","90702857"
"chr3","91172988","91173293","chr17","89889539","89889860","24","1283449"
"chr3","91231204","91231505","chr17","89951726","89952029","11","1279478"
"chr3","91269956","91270227","chr17","89996958","89997218","24","1272998"
"chr3","91274812","91275088","chr3","134376924","134377200","39","43102112"
"chr3","91281677","91281972","chr1","55263731","55264029","39","36017946"
"chr3","91284769","91285042","chr6","113294692","113294978","46","22009923"
"chr3","91285098","91285122","chr7","145790583","145790608","16","54505485"
"chr3","91299797","91300090","chr17","90025237","90025532","11","1274560"
"chr3","91375868","91376156","chr2","147796910","147797205","40","56421042"
"chr3","91402342","91402535","chr17","90135026","90135219","11","1267316"
"chr3","91419735","91419987","chr17","90154323","90154576","9","1265412"
"chr3","91476901","91477191","chr17","90211022","90211310","8","1265879"
"chr3","92002365","92002520","chr5","154850912","154851064","26","62848547"
"chr3","92052137","92052432","chr17","90802306","90802599","7","1249831"
"chr3","92072178","92072443","chr17","90824364","90824630","13","1247814"
"chr3","92082864","92083020","chr17","90835685","90835842","14","1247179"
"chr4","78380817","78381110","chr6","78303395","78303713","31","77422"
"chr4","54047","54333","chr6","1414208","1414494","6","1360161"
"chr4","176827","177135","chr6","1287488","1287808","29","1110661"
"chr4","828047","828352","chr6","689585","689887","6","138462"
"chr4","1160121","1160375","chr6","1030614","1030871","19","129507"
"chr4","1604498","1604799","chrX","51165804","51166099","37","49561306"
"chr4","1665726","1666022","chr6","1645471","1645754","28","20255"
"chr4","1832961","1833250","chr6","1816201","1816489","8","16760"
"chr4","2396729","2396995","chr14","10943659","10943925","41","8546930"
"chr4","2408461","2408765","chr2","88629696","88630006","47","86221235"
"chr4","2578112","2578415","chr6","2591447","2591750","11","13335"
"chr4","2605012","2605305","chr6","2618893","2619187","14","13881"
"chr4","3072551","3072813","chr1","152089940","152090208","48","149017389"
"chr4","3518364","3518633","chr6","3539253","3539527","15","20889"
"chr4","3542029","3542335","chr6","3567763","3568066","17","25734"
"chr4","3724038","3724349","chr8","20357819","20358136","64","16633781"
"chr4","4044714","4045021","chr6","4083134","4083459","38","38420"
"chr4","4509054","4509372","chr8","82716492","82716804","46","78207438"
"chr4","4696765","4697080","chr6","4748146","4748460","7","51381"
"chr4","4879273","4879580","chr6","51874693","51875002","33","46995420"
"chr4","4996238","4996533","chr7","160206742","160207051","61","155210504"
"chr4","5268033","5268326","chr6","5339511","5339818","27","71478"
"chr4","5508357","5508565","chr6","5583481","5583690","8","75124"
"chr4","5619902","5620208","chr6","5696184","5696487","18","76282"
"chr4","5621569","5621854","chr13","37759276","37759570","46","32137707"
"chr4","5650347","5650561","chr1","83372868","83373079","46","77722521"
"chr4","5807754","5808064","chr6","5886122","5886434","23","78368"
"chr4","5812398","5812569","chr6","5890748","5890905","27","78350"
"chr4","5833828","5834128","chr6","5912827","5913130","9","78999"
"chr4","5847023","5847306","chr6","5926026","5926310","10","79003"
"chr4","6036170","6036322","chr6","6116388","6116542","2","80218"
"chr4","6254911","6255216","chr13","118210380","118210688","37","111955469"
"chr4","6286398","6286691","chr7","145480621","145480913","38","139194223"
"chr4","6452780","6453069","chr6","6535283","6535572","12","82503"
"chr4","6659121","6659281","chr6","6760519","6760680","6","101398"
"chr4","6825808","6825957","chrX","142278602","142278756","23","135452794"
"chr4","6826293","6826426","chrX","139665133","139665262","19","132838840"
"chr4","6833296","6833616","chr6","6934091","6934394","30","100795"
"chr4","6982527","6982830","chr6","7083610","7083917","14","101083"
"chr4","7250407","7250568","chr6","7349572","7349727","11","99165"
"chr4","7382251","7382527","chr3","48125201","48125480","47","40742950"
"chr4","7409372","7409640","chr6","7509257","7509523","13","99885"
"chr4","7552741","7553060","chr6","7654618","7654950","30","101877"
"chr4","7578905","7579214","chr9","56825453","56825761","44","49246548"
"chr4","7755516","7755817","chr6","7876016","7876309","18","120500"
"chr4","7879165","7879460","chr6","8022648","8022976","38","143483"
"chr4","8098343","8098644","chr6","8301996","8302286","25","203653"
"chr4","8157448","8157754","chr6","8361959","8362261","14","204511"
"chr4","8967098","8967400","chr6","9187967","9188269","5","220869"
"chr4","9161290","9161600","chr4","56245215","56245513","57","47083925"
"chr4","9536216","9536507","chr6","9778761","9779048","16","242545"
"chr4","9632327","9632583","chr7","38685665","38685911","55","29053338"
"chr4","9635023","9635324","chr6","9875861","9876171","21","240838"
"chr4","9661669","9661992","chr6","9902976","9903285","30","241307"
"chr4","9744656","9744860","chr6","9985432","9985644","11","240776"
"chr4","9833424","9833665","chr6","10075367","10075608","16","241943"
"chr4","10119618","10119927","chr6","10363418","10363729","14","243800"
"chr4","10285323","10285557","chr6","10534077","10534310","4","248754"
"chr4","10427507","10427800","chr6","10675997","10676320","41","248490"
"chr4","10809662","10809926","chr13","112546160","112546432","39","101736498"
"chr4","10824840","10825138","chr6","11077636","11077910","34","252796"
"chr4","10900971","10901285","chr6","11153886","11154174","36","252915"
"chr4","10933898","10934203","chr6","11186802","11187117","25","252904"
"chr4","10942989","10943301","chr6","11195856","11196168","15","252867"
"chr4","10979448","10979754","chr6","11232001","11232315","17","252553"
"chr4","10998374","10998545","chr6","11250974","11251145","4","252600"
"chr4","11222629","11222804","chr6","11478865","11479043","8","256236"
"chr4","11250337","11250642","chr6","11506694","11507001","13","256357"
"chr4","11552209","11552506","chr6","11806334","11806629","7","254125"
"chr4","11594069","11594373","chr6","11854715","11855015","17","260646"
"chr4","12038867","12039147","chr6","12311112","12311419","31","272245"
"chr4","12205596","12205885","chr6","12526613","12526905","21","321017"
"chr4","12233333","12233630","chr6","12554334","12554635","27","321001"
"chr4","12298600","12298910","chr12","14273839","14274149","47","1975239"
"chr4","12369368","12369689","chr6","12691157","12691458","35","321789"
"chr4","12381531","12381852","chr5","53045025","53045351","54","40663494"
"chr4","12395891","12396189","chr6","12717258","12717549","44","321367"
"chr4","12611958","12612264","chr1","34393824","34394125","45","21781866"
"chr4","13596738","13597029","chr6","13897011","13897311","39","300273"
"chr4","13696262","13696411","chr6","172579912","172580067","21","158883650"
"chr4","13751734","13752064","chr3","157315162","157315484","61","143563428"
"chr4","13875769","13876083","chr2","176864663","176864968","57","162988894"
"chr4","14058902","14059190","chr6","14364204","14364491","14","305302"
"chr4","14195228","14195495","chr6","14499039","14499312","11","303811"
"chr4","14232751","14233045","chr6","14536169","14536461","12","303418"
"chr4","14281327","14281629","chr6","14586532","14586822","19","305205"
"chr4","14304254","14304559","chr6","14611659","14611956","21","307405"
"chr4","14315401","14315548","chr6","14623420","14623549","23","308019"
"chr4","14343173","14343474","chr11","118949958","118950247","49","104606785"
"chr4","14355485","14355787","chr6","131769846","131770146","37","117414361"
"chr4","14560804","14560955","chr6","14871857","14872011","7","311053"
"chr4","14567001","14567291","chr6","14877988","14878295","42","310987"
"chr4","14793901","14794199","chr6","15111505","15111799","15","317604"
"chr4","14871746","14872019","chr6","15190384","15190690","47","318638"
"chr4","14908413","14908432","chr13","77378324","77378343","12","62469911"
"chr4","14908527","14908656","chr6","15227797","15227924","5","319270"
"chr4","15514080","15514394","chr3","63028386","63028693","49","47514306"
"chr4","15626326","15626634","chr6","15960802","15961117","11","334476"
"chr4","15706868","15707171","chr6","16042190","16042483","26","335322"
"chr4","16016301","16016612","chr20","32216556","32216863","42","16200255"
"chr4","16357447","16357738","chr6","16695793","16696073","22","338346"
"chr4","16397415","16397725","chr6","16739068","16739383","22","341653"
"chr4","16449080","16449379","chr6","16793450","16793746","13","344370"
"chr4","16582662","16582968","chr6","16928856","16929166","13","346194"
"chr4","16627665","16627829","chr13","87854074","87854233","28","71226409"
"chr4","16628127","16628265","chr7","117118645","117118785","20","100490518"
"chr4","16716057","16716375","chr6","17066437","17066745","17","350380"
"chr4","16724570","16724879","chr6","17075264","17075573","23","350694"
"chr4","16748923","16749140","chr1","195714603","195714819","36","178965680"
"chr4","16795774","16796070","chr6","17156007","17156307","14","360233"
"chr4","16834204","16834497","chr6","17195829","17196117","11","361625"
"chr4","16881087","16881385","chr6","17242745","17243043","7","361658"
"chr4","16888349","16888655","chr3","55369985","55370277","48","38481636"
"chr4","16960473","16960784","chrX","15966596","15966896","39","993877"
"chr4","16992930","16993234","chr6","17358395","17358699","6","365465"
"chr4","17016593","17016886","chr6","17381406","17381699","4","364813"
"chr4","17121429","17121722","chr17","19986146","19986453","44","2864717"
"chr4","17246166","17246430","chr6","17540545","17540815","12","294379"
"chr4","17329022","17329326","chr6","17625885","17626195","15","296863"
"chr4","17392126","17392293","chr12","59239946","59240109","29","41847820"
"chr4","17392597","17392729","chr8","125526153","125526282","16","108133556"
"chr4","17648723","17649020","chr5","73128118","73128396","60","55479395"
"chr4","17717746","17717892","chr6","18012872","18013020","9","295126"
"chr4","17903343","17903630","chr6","18197271","18197576","41","293928"
"chr4","17955485","17955783","chr6","18254685","18254962","31","299200"
"chr4","18896488","18896786","chr6","19211205","19211485","23","314717"
"chr4","18942341","18942636","chr7","24553204","24553510","62","5610863"
"chr4","18999492","18999783","chr6","19315543","19315847","30","316051"
"chr4","19043377","19043524","chr1","29749515","29749661","27","10706138"
"chr4","19106715","19107013","chr6","19421262","19421562","28","314547"
"chr4","19299071","19299345","chr3","119535970","119536254","52","100236899"
"chr4","19471928","19472215","chr6","19784655","19784943","10","312727"
"chr4","19611742","19612039","chr1","18463677","18463977","49","1148065"
"chr4","19811891","19812201","chr6","20121568","20121884","31","309677"
"chr4","19868635","19868910","chr6","20180934","20181217","21","312299"
"chr4","19931124","19931418","chr6","20242803","20243097","12","311679"
"chr4","19977470","19977764","chr8","99340922","99341217","39","79363452"
"chr4","20436903","20437200","chr6","20749825","20750122","8","312922"
"chr4","20664372","20664664","chr6","20985985","20986255","33","321613"
"chr4","20676008","20676150","chr6","20996265","20996407","5","320257"
"chr4","20724964","20725137","chr6","21045315","21045486","13","320351"
"chr4","20955716","20955993","chr6","21282183","21282461","19","326467"
"chr4","21509796","21510104","chr20","40631480","40631784","44","19121684"
"chr4","21977570","21977856","chr6","22369027","22369297","22","391457"
"chr4","22254861","22255033","chr10","18127077","18127254","31","4127784"
"chr4","22255067","22255195","chr9","12425282","12425412","16","9829785"
"chr4","22396833","22397138","chr6","22803421","22803724","16","406588"
"chr4","22475055","22475335","chr5","160679286","160679558","40","138204231"
"chr4","22525975","22526193","chr6","22932410","22932607","26","406435"
"chr4","22626755","22627046","chr6","23035047","23035343","7","408292"
"chr4","22812772","22813086","chrX","25734220","25734518","52","2921448"
"chr4","22845874","22846159","chr6","23285032","23285316","10","439158"
"chr4","22899488","22899817","chr6","23339152","23339463","28","439664"
"chr4","22988474","22988773","chr15","103863170","103863467","53","80874696"
"chr4","23258412","23258713","chr3","20787174","20787473","49","2471238"
"chr4","23699964","23700131","chr6","24156738","24156911","11","456774"
"chr4","23725589","23725897","chr6","24182248","24182556","9","456659"
"chr4","23850360","23850657","chr6","24306843","24307156","25","456483"
"chr4","23929693","23930017","chr6","24387136","24387441","26","457443"
"chr4","24118989","24119289","chr6","24577266","24577565","19","458277"
"chr4","24161078","24161369","chr6","24619398","24619716","41","458320"
"chr4","24323348","24323659","chr6","24784876","24785183","14","461528"
"chr4","24461627","24461827","chr7","161778467","161778667","30","137316840"
"chr4","24495688","24495898","chr6","24953793","24954010","14","458105"
"chr4","24527537","24527848","chr6","24984158","24984445","30","456621"
"chr4","24795348","24795656","chr6","25271802","25272105","16","476454"
"chr4","24924459","24924765","chr4","44506568","44506874","47","19582109"
"chr4","24926079","24926385","chr6","25403041","25403354","26","476962"
"chr4","25161492","25161788","chr6","25646904","25647199","20","485412"
"chr4","25384721","25385022","chr11","104204635","104204939","43","78819914"
"chr4","25470828","25471117","chr9","71562572","71562860","37","46091744"
"chr4","25566079","25566389","chr6","26046971","26047280","8","480892"
"chr4","26298508","26298808","chr6","26790230","26790529","13","491722"
"chr4","26458880","26459189","chr6","26950713","26951017","18","491833"
"chr4","26473046","26473205","chr6","26965368","26965523","11","492322"
"chr4","26991566","26991859","chr1","130501973","130502271","39","103510407"
"chr4","27287738","27288019","chr6","27800432","27800713","11","512694"
"chr4","27570237","27570411","chr6","28080939","28081114","8","510702"
"chr4","28221927","28222228","chr6","14003891","14004189","47","14218036"
"chr4","28335768","28336058","chr6","28858297","28858587","9","522529"
"chr4","28548867","28549181","chr6","29009587","29009906","19","460720"
"chr4","28649751","28650087","chr6","29120362","29120672","53","470611"
"chr4","28694516","28694809","chr6","29165975","29166264","22","471459"
"chr4","28747407","28747577","chr1","47026703","47026870","32","18279296"
"chr4","28747879","28748018","chr6","29215144","29215284","9","467265"
"chr4","28904301","28904391","chr6","29369660","29369750","5","465359"
"chr4","28927495","28927799","chr6","29394064","29394350","31","466569"
"chr4","28955684","28956008","chr6","29423655","29423969","23","467971"
"chr4","29036848","29037159","chr6","29508039","29508338","21","471191"
"chr4","29415602","29415896","chr6","29864707","29865000","34","449105"
"chr4","29543902","29544054","chr3","88231411","88231557","30","58687509"
"chr4","29544096","29544280","chr14","54604248","54604431","31","25060152"
"chr4","30250060","30250349","chr6","30731421","30731711","18","481361"
"chr4","30869356","30869555","chr6","31345929","31346159","32","476573"
"chr4","30936833","30937151","chr9","14337314","14337624","40","16599519"
"chr4","30940270","30940563","chr6","31416706","31416999","8","476436"
"chr4","30951943","30952247","chr6","31428700","31429016","17","476757"
"chr4","30967039","30967336","chr5","174041357","174041657","38","143074318"
"chr4","31041315","31041629","chr6","31525977","31526277","18","484662"
"chr4","31102245","31102530","chr6","31578208","31578493","7","475963"
"chr4","31147515","31147827","chr6","31623420","31623734","13","475905"
"chr4","31190133","31190429","chr6","31670480","31670777","8","480347"
"chr4","31231146","31231458","chr1","207037205","207037507","42","175806059"
"chr4","31272783","31273042","chr4","42247002","42247256","63","10974219"
"chr4","31277707","31278019","chr6","31753353","31753665","14","475646"
"chr4","31300419","31300724","chr6","31775811","31776113","22","475392"
"chr4","31327010","31327319","chr16","10989286","10989594","37","20337724"
"chr4","31330902","31331180","chr9","118511614","118511893","38","87180712"
"chr4","31331697","31331997","chr11","31128299","31128598","44","203398"
"chr4","31342250","31342538","chr6","31817719","31818005","14","475469"
"chr4","31479078","31479386","chr6","31958870","31959178","11","479792"
"chr4","31555597","31555892","chr6","32044389","32044685","7","488792"
"chr4","31676756","31677054","chrX","21450812","21451107","34","10225944"
"chr4","31683869","31684093","chr6","32175436","32175665","10","491567"
"chr4","31724381","31724686","chr6","32216796","32217093","18","492415"
"chr4","31771622","31771920","chr6","32264602","32264902","10","492980"
"chr4","31846484","31846783","chr9","113483593","113483890","49","81637109"
"chr4","31910094","31910404","chr6","32406138","32406450","4","496044"
"chr4","32445136","32445443","chrX","28745828","28746133","46","3699308"
"chr4","32735311","32735594","chrX","19410507","19410791","35","13324804"
"chr4","32762707","32762996","chr6","33292305","33292600","10","529598"
"chr4","33228886","33229173","chr6","33761105","33761398","10","532219"
"chr4","33238900","33239188","chr6","33771135","33771427","10","532235"
"chr4","33332124","33332431","chr2","42815086","42815389","52","9482962"
"chr4","33493006","33493317","chr6","34025280","34025586","18","532274"
"chr4","33514584","33514875","chr6","34046674","34046975","16","532090"
"chr4","33597134","33597329","chr1","158753292","158753472","47","125156158"
"chr4","33813734","33813979","chr11","108235475","108235736","60","74421741"
"chr4","33844423","33844723","chr6","34377763","34378057","20","533340"
"chr4","33881914","33882227","chr6","34409010","34409323","13","527096"
"chr4","33971888","33972183","chr6","34498477","34498772","18","526589"
"chr4","33984593","33984901","chr6","34512488","34512793","15","527895"
"chr4","34055802","34056105","chr6","34585608","34585915","11","529806"
"chr4","34363566","34363858","chr6","34913582","34913868","13","550016"
"chr4","35024768","35025073","chr6","35602144","35602457","21","577376"
"chr4","35043822","35044122","chr6","35621177","35621477","6","577355"
"chr4","35115301","35115609","chr6","35692745","35693053","5","577444"
"chr4","35466235","35466494","chr5","100436421","100436678","42","64970186"
"chr4","35618240","35618526","chr6","36192926","36193222","14","574686"
"chr4","35767595","35767907","chr6","36351683","36351996","12","584088"
"chr4","35775319","35775615","chr6","36358851","36359149","5","583532"
"chr4","35844134","35844403","chr6","36428753","36429047","28","584619"
"chr4","35850023","35850325","chr6","36434613","36434915","6","584590"
"chr4","35889393","35889701","chr6","36474249","36474556","9","584856"
"chr4","35915512","35915800","chrX","43428337","43428624","44","7512825"
"chr4","35935652","35935928","chr6","36519152","36519427","7","583500"
"chr4","36017302","36017609","chr6","36601644","36601948","16","584342"
"chr4","36041761","36042078","chr6","36630002","36630317","10","588241"
"chr4","36122821","36123093","chr6","36715924","36716217","41","593103"
"chr4","36134791","36134952","chr6","36728414","36728574","7","593623"
"chr4","36153261","36153496","chr3","169987951","169988186","35","133834690"
"chr4","36166588","36166881","chr6","36767415","36767709","15","600827"
"chr4","36170966","36171256","chr1","161732058","161732354","48","125561092"
"chr4","36184187","36184462","chr6","36784858","36785159","38","600671"
"chr4","36184492","36184506","chr9","32916732","32916748","11","3267760"
"chr4","36222568","36222868","chr6","36820124","36820429","21","597556"
"chr4","36227619","36227914","chr6","36826439","36826734","5","598820"
"chr4","36231880","36232168","chr3","176294445","176294736","43","140062565"
"chr4","36236751","36237033","chr6","36834500","36834782","10","597749"
"chr4","36237203","36237491","chr6","36834948","36835232","19","597745"
"chr4","36254913","36255204","chr6","36852439","36852728","7","597526"
"chr4","36261379","36261661","chr6","36858790","36859072","13","597411"
"chr4","36357159","36357462","chr6","36953962","36954264","13","596803"
"chr4","36407464","36407766","chr6","37005377","37005688","16","597913"
"chr4","36417908","36418218","chr6","37014524","37014815","26","596616"
"chr4","36474017","36474324","chr6","37077550","37077845","18","603533"
"chr4","36938495","36938800","chr6","37554111","37554417","15","615616"
"chr4","37303805","37304097","chr6","37914116","37914414","14","610311"
"chr4","37306081","37306385","chr6","37916399","37916703","3","610318"
"chr4","37864716","37865022","chr6","38487265","38487572","11","622549"
"chr4","37905889","37906186","chr6","38528534","38528840","20","622645"
"chr4","37964537","37964927","chr4","84443218","84443581","96","46478681"
"chr4","38228896","38229121","chr20","18571099","18571316","41","19657797"
"chr4","38415783","38416073","chr6","39048381","39048670","12","632598"
"chr4","38447869","38448151","chr6","39080129","39080418","22","632260"
"chr4","38559691","38559973","chr1","145169343","145169619","39","106609652"
"chr4","38596925","38597210","chr1","213086745","213087035","42","174489820"
"chr4","38612256","38612553","chr6","39248609","39248906","26","636353"
"chr4","38654577","38654888","chr1","218434697","218434996","51","179780120"
"chr4","38930206","38930514","chr6","39589078","39589386","7","658872"
"chr4","38954044","38954341","chr6","39612658","39612959","14","658614"
"chr4","39008035","39008318","chr6","39669334","39669615","10","661299"
"chr4","39177541","39177553","chr9","32916732","32916748","11","6260809"
"chr4","39177596","39177877","chr7","155788835","155789119","40","116611239"
"chr4","39262440","39262667","chr6","39965585","39965802","21","703145"
"chr4","39515567","39515828","chr6","40216437","40216697","6","700870"
"chr4","39537504","39537806","chr6","40238656","40238958","10","701152"
"chr4","39542591","39542882","chr6","40243759","40244054","11","701168"
"chr4","39562244","39562544","chr6","40270354","40270656","12","708110"
"chr4","39586482","39586776","chr6","40286423","40286716","17","699941"
"chr4","39592815","39593136","chr4","29971286","29971594","51","9621529"
"chr4","39684943","39685250","chr8","52443386","52443692","46","12758443"
"chr4","39728126","39728412","chr6","40425392","40425701","36","697266"
"chr4","39780747","39781058","chr1","114181857","114182168","37","74401110"
"chr4","39809493","39809794","chr6","40512300","40512601","9","702807"
"chr4","40175070","40175378","chr6","40897468","40897775","12","722398"
"chr4","40658836","40659130","chr6","41393083","41393381","12","734247"
"chr4","40819864","40820164","chrX","51079701","51080001","37","10259837"
"chr4","40889444","40889715","chr6","41642396","41642666","8","752952"
"chr4","40902267","40902557","chr6","41655170","41655469","19","752903"
"chr4","41036746","41037050","chr6","41799040","41799346","16","762294"
"chr4","41105321","41105616","chr11","64124862","64125139","55","23019541"
"chr4","41133789","41133913","chr5","131338377","131338505","21","90204588"
"chr4","41377250","41377495","chr6","42127388","42127654","33","750138"
"chr4","41500003","41500212","chr11","130993705","130993911","35","89493702"
"chr4","41662948","41663248","chr6","42410803","42411098","10","747855"
"chr4","41714265","41714562","chr6","42471345","42471648","12","757080"
"chr4","41748407","41748675","chr1","33374678","33374941","47","8373729"
"chr4","41847609","41847854","chr6","42616853","42617101","12","769244"
"chr4","41898227","41898357","chr10","73050153","73050283","19","31151926"
"chr4","41899111","41899291","chr8","92892879","92893059","31","50993768"
"chr4","41899300","41899594","chr6","42669304","42669601","11","770004"
"chr4","41920037","41920321","chr6","42689041","42689325","8","769004"
"chr4","41957150","41957409","chr6","42725682","42725946","12","768532"
"chr4","42040000","42040321","chr6","42817154","42817462","21","777154"
"chr4","42157587","42157890","chr6","42944768","42945077","15","787181"
"chr4","42181046","42181335","chr6","42968594","42968887","15","787548"
"chr4","42296828","42297118","chr6","43081590","43081880","4","784762"
"chr4","42562018","42562314","chr6","43310744","43311040","6","748726"
"chr4","43371313","43371591","chr6","44167032","44167338","37","795719"
"chr4","43490126","43490250","chr6","44304109","44304233","2","813983"
"chr4","43780248","43780509","chr6","44597568","44597827","8","817320"
"chr4","43810120","43810424","chr6","44628381","44628657","36","818261"
"chr4","44254978","44255258","chr6","45072404","45072674","13","817426"
"chr4","44622006","44622266","chr4","104447047","104447304","41","59825041"
"chr4","46721797","46722081","chr6","46371832","46372118","7","349965"
"chr4","47074241","47074539","chr7","38962613","38962910","39","8111628"
"chr4","47926796","47927049","chr2","160389896","160390150","40","112463100"
"chr4","47994520","47994753","chr6","47682227","47682460","6","312293"
"chr4","48094935","48095217","chr15","97061406","97061689","31","48966471"
"chr4","48095253","48095267","chr9","32916732","32916748","10","15178521"
"chr4","48122538","48122842","chr6","47822893","47823196","8","299645"
"chr4","48148961","48149130","chr19","16047098","16047249","37","32101863"
"chr4","48171021","48171308","chr6","153732345","153732634","44","105561324"
"chr4","48301315","48301597","chr6","48014414","48014697","12","286901"
"chr4","48460632","48460800","chr6","48180421","48180589","5","280211"
"chr4","48484074","48484363","chr6","48205274","48205576","20","278800"
"chr4","48495048","48495348","chr16","67191091","67191392","42","18696043"
"chr4","48622427","48622722","chr1","207081299","207081582","57","158458872"
"chr4","48718116","48718400","chr9","63401475","63401758","45","14683359"
"chr4","48770335","48770647","chr12","40189788","40190097","39","8580547"
"chr4","48833330","48833628","chr13","90475153","90475450","52","41641823"
"chr4","48983720","48984019","chr6","48734852","48735157","20","248868"
"chr4","49207404","49207688","chr6","48957084","48957373","16","250320"
"chr4","49579960","49580283","chr6","49334709","49335033","13","245251"
"chr4","49689230","49689538","chr6","49444493","49444800","8","244737"
"chr4","49856958","49857248","chr6","49611862","49612172","23","245096"
"chr4","49862784","49863093","chr7","106892091","106892402","37","57029307"
"chr4","49907919","49908190","chr6","49663569","49663841","8","244350"
"chr4","49908261","49908447","chr6","49663921","49664094","15","244340"
"chr4","50125944","50126250","chr2","87362517","87362826","43","37236573"
"chr4","50127563","50127688","chr1","125213986","125214113","17","75086423"
"chr4","50127714","50127895","chr1","19775982","19776154","33","30351732"
"chr4","50157075","50157373","chr6","49920729","49921027","3","236346"
"chr4","50245215","50245478","chr10","22134037","22134301","41","28111178"
"chr4","50252334","50252458","chr19","33719177","33719299","18","16533157"
"chr4","50555391","50555679","chr6","50336974","50337273","14","218417"
"chr4","50714454","50714739","chr6","50499050","50499334","17","215404"
"chr4","50759744","50759909","chr7","111737903","111738071","36","60978159"
"chr4","50854133","50854427","chr6","50641836","50642130","2","212297"
"chr4","50871092","50871389","chr6","50658722","50659044","33","212370"
"chr4","51107946","51108173","chr6","50898210","50898439","7","209736"
"chr4","51368878","51369173","chr6","51171297","51171591","8","197581"
"chr4","51448190","51448496","chr6","51250604","51250912","13","197586"
"chr4","51495558","51495851","chr6","51297231","51297526","6","198327"
"chr4","51694110","51694398","chr6","51494635","51494920","11","199475"
"chr4","51823987","51824287","chr10","66254964","66255262","48","14430977"
"chr4","51826403","51826696","chr6","51626185","51626474","13","200218"
"chr4","51955391","51955692","chr6","51765657","51765954","8","189734"
"chr4","52151401","52151632","chr6","51971244","51971469","12","180157"
"chr4","52205382","52205684","chr6","52024728","52025030","10","180654"
"chr4","52255249","52255549","chr6","52075072","52075379","14","180177"
"chr4","52268107","52268393","chr6","52088307","52088593","5","179800"
"chr4","52285041","52285334","chr6","52105280","52105568","17","179761"
"chr4","52295819","52296116","chr6","52116086","52116388","12","179733"
"chr4","52387613","52387645","chr7","15018539","15018575","10","37369074"
"chr4","52387679","52387826","chr5","115116202","115116356","32","62728523"
"chr4","52446884","52447042","chr6","52268212","52268375","8","178672"
"chr4","52592094","52592380","chr6","52428392","52428682","10","163702"
"chr4","52738529","52738835","chr6","52574114","52574421","13","164415"
"chr4","52786290","52786588","chr6","52622346","52622653","22","163944"
"chr4","52838017","52838326","chr6","52673588","52673890","18","164429"
"chr4","52999007","52999311","chr6","52836858","52837163","11","162149"
"chr4","53062247","53062487","chr6","52901034","52901278","8","161213"
"chr4","53136362","53136641","chr6","52975467","52975749","6","160895"
"chr4","53222836","53223143","chr6","53062113","53062426","12","160723"
"chr4","53289787","53290083","chr6","53129050","53129350","13","160737"
"chr4","53318827","53319042","chr6","53159632","53159849","5","159195"
"chr4","53357583","53357711","chr1","125213986","125214113","15","71856403"
"chr4","53371463","53371765","chr16","49843680","49843980","46","3527783"
"chr4","53388122","53388413","chr6","53233556","53233846","9","154566"
"chr4","53430670","53430975","chr6","53276847","53277144","18","153823"
"chr4","53431633","53431725","chr19","42839843","42839936","27","10591790"
"chr4","53474369","53474657","chr6","53319907","53320194","10","154462"
"chr4","53476035","53476335","chr6","53321573","53321872","6","154462"
"chr4","53910854","53911127","chr6","53779601","53779874","6","131253"
"chr4","54085258","54085556","chr6","53953738","53954036","7","131520"
"chr4","54189276","54189565","chr13","20059900","20060188","46","34129376"
"chr4","54281007","54281163","chr6","54156299","54156457","8","124708"
"chr4","54970347","54970651","chr6","54842876","54843175","11","127471"
"chr4","55196014","55196309","JH679691","21215","21510","14","55174799"
"chr4","55243395","55243703","JH679691","68827","69132","6","55174568"
"chr4","55476895","55477193","JH679691","304699","304986","28","55172196"
"chr4","56063828","56064051","chr4","32961634","32961853","33","23102194"
"chr4","56095749","56096050","chr1","27513704","27514001","40","28582045"
"chr4","56452989","56453296","chr6","55933035","55933337","10","519954"
"chr4","56499419","56499582","chr6","55979470","55979640","9","519949"
"chr4","56906958","56907241","chr6","56402009","56402289","13","504949"
"chr4","57000507","57000807","chr6","56502478","56502782","14","498029"
"chr4","57021582","57021893","chrX","38280533","38280851","56","18741049"
"chr4","57131735","57132044","chr6","56634169","56634449","36","497566"
"chr4","57155875","57156183","chr6","56658839","56659129","27","497036"
"chr4","57244105","57244397","chr7","130816565","130816853","46","73572460"
"chr4","57513482","57513772","chr13","59826159","59826442","51","2312677"
"chr4","57559686","57559989","chr6","57066566","57066868","9","493120"
"chr4","57670626","57670904","chr6","57176302","57176583","12","494324"
"chr4","57992155","57992363","chr12","63803462","63803675","33","5811307"
"chr4","58105192","58105511","chr6","57613771","57614086","23","491421"
"chr4","58156961","58157260","chr6","57664063","57664358","12","492898"
"chr4","58334915","58335207","chr6","57850074","57850369","22","484841"
"chr4","58387222","58387352","chr6","47849580","47849709","17","10537642"
"chr4","58494272","58494584","chr2","85333531","85333840","40","26839259"
"chr4","58578291","58578425","chr1","30028124","30028263","15","28550167"
"chr4","58578724","58578909","chr3","41676489","41676661","37","16902235"
"chr4","58753136","58753310","chr6","58267763","58267944","9","485373"
"chr4","58828244","58828538","chr6","58340459","58340749","14","487785"
"chr4","58831562","58831841","chr6","58343765","58344044","10","487797"
"chr4","58855664","58855843","chr8","100191307","100191488","31","41335643"
"chr4","58855954","58856077","chr11","52246896","52247019","24","6609058"
"chr4","58886103","58886390","chr6","58404741","58405016","17","481362"
"chr4","59305430","59305721","chr6","58865783","58866093","27","439647"
"chr4","59813929","59814222","chr6","59390513","59390832","41","423416"
"chr4","60130740","60131066","chr6","59709963","59710289","10","420777"
"chr4","60223874","60224171","chr6","59803206","59803516","19","420668"
"chr4","60659264","60659559","chr6","60270322","60270624","17","388942"
"chr4","60662011","60662287","chr6","60273074","60273350","9","388937"
"chr4","60884287","60884591","chr6","60500131","60500432","10","384156"
"chr4","60912321","60912622","chr6","60528042","60528354","18","384279"
"chr4","60957317","60957611","chr6","60572532","60572822","19","384785"
"chr4","61072143","61072460","chr6","60687886","60688177","33","384257"
"chr4","61205591","61205694","chr18","24552652","24552750","19","36652939"
"chr4","61368368","61368673","chr6","60988086","60988400","14","380282"
"chr4","61757383","61757686","chr6","61379900","61380192","19","377483"
"chr4","61821120","61821335","chr6","61443156","61443370","6","377964"
"chr4","61905012","61905028","chr9","32916732","32916748","10","28988280"
"chr4","61905349","61905526","chr14","31856154","31856328","22","30049195"
"chr4","61923956","61924266","chr6","61546786","61547096","14","377170"
"chr4","62084888","62085181","chr6","61709797","61710090","15","375091"
"chr4","62343273","62343574","chr6","61975101","61975403","10","368172"
"chr4","62613140","62613437","chr6","62245638","62245946","21","367502"
"chr4","62851828","62852086","chr6","62488842","62489094","20","362986"
"chr4","63592489","63592636","chr6","63239949","63240095","2","352540"
"chr4","63730877","63731172","chr8","5995736","5996031","49","57735141"
"chr4","64109287","64109446","chr6","63766282","63766446","10","343005"
"chr4","64292170","64292481","chr6","63952953","63953266","16","339217"
"chr4","64308926","64309225","chr6","63968433","63968721","19","340493"
"chr4","64580572","64580871","chr6","64241515","64241824","18","339057"
"chr4","65151640","65151954","chr6","64817540","64817853","13","334100"
"chr4","65162561","65162814","chr3","167644440","167644694","36","102481879"
"chr4","65168471","65168772","chr6","64828621","64828922","4","339850"
"chr4","65199596","65199891","chr6","64867735","64868033","10","331861"
"chr4","65231171","65231462","chr10","82890787","82891081","43","17659616"
"chr4","65268719","65269039","chr1","130989879","130990200","51","65721160"
"chr4","65278190","65278417","chr7","41010620","41010838","34","24267570"
"chr4","65301908","65302193","chr6","64965409","64965688","18","336499"
"chr4","65338780","65339089","chr6","65000557","65000835","38","338223"
"chr4","65348503","65348811","chr6","65010362","65010661","16","338141"
"chr4","65355505","65355812","chr6","65018081","65018390","30","337424"
"chr4","65356935","65357242","chr6","65019504","65019811","10","337431"
"chr4","65389826","65390120","chr6","65053670","65053971","24","336156"
"chr4","65419262","65419559","chr6","65087295","65087599","21","331967"
"chr4","65477530","65477810","chr6","69773314","69773597","51","4295784"
"chr4","65492521","65492649","chr6","65173588","65173716","6","318933"
"chr4","65517930","65518218","chr6","65198955","65199243","13","318975"
"chr4","65519656","65519937","chr6","65200665","65200952","18","318991"
"chr4","65527940","65528245","chr6","65208926","65209227","12","319014"
"chr4","65529139","65529420","chr12","41553520","41553801","35","23975619"
"chr4","65545426","65545709","chr2","152224666","152224949","32","86679240"
"chr4","65656653","65656785","chr11","50202051","50202180","17","15454602"
"chr4","65663857","65664159","chr4","37993910","37994206","42","27669947"
"chr4","65698230","65698530","chr1","6746799","6747092","58","58951431"
"chr4","65711775","65712003","chr4","52635584","52635801","57","13076191"
"chr4","65730226","65730513","chr6","65415159","65415446","8","315067"
"chr4","65730586","65730814","chr6","65415518","65415745","10","315068"
"chr4","65793490","65793796","chr6","65478537","65478831","16","314953"
"chr4","65806892","65807041","chr6","65492574","65492723","4","314318"
"chr4","65861472","65861767","chr6","65548874","65549171","18","312598"
"chr4","65873998","65874280","chr6","65561459","65561733","17","312539"
"chr4","65900613","65900910","chr6","65587257","65587555","11","313356"
"chr4","66023707","66024008","chr6","65717994","65718298","16","305713"
"chr4","66107739","66108040","chr6","65811524","65811832","20","296215"
"chr4","66166292","66166566","chr6","65871904","65872191","39","294388"
"chr4","66349383","66349678","chr9","18355559","18355861","57","47993824"
"chr4","66520480","66520790","chr6","66227969","66228273","11","292511"
"chr4","66524144","66524361","chr6","66231630","66231856","17","292514"
"chr4","66597200","66597495","chr12","43772897","43773193","39","22824303"
"chr4","66657339","66657645","chr8","28597804","28598111","47","38059535"
"chr4","66658613","66658923","chrX","25734220","25734518","52","40924393"
"chr4","66707720","66708031","chr6","66415052","66415364","16","292668"
"chr4","67204895","67205153","chr6","66925960","66926188","35","278935"
"chr4","67222617","67222905","chr9","123461292","123461578","41","56238675"
"chr4","67276808","67277123","chr6","66997279","66997593","9","279529"
"chr4","67343366","67343660","chr6","67069515","67069812","10","273851"
"chr4","67565781","67566084","chr6","67285991","67286291","10","279790"
"chr4","67757316","67757570","chr6","67477460","67477714","3","279856"
"chr4","67817545","67817842","chr6","67538294","67538592","9","279251"
"chr4","68330842","68331145","chr6","68052310","68052611","10","278532"
"chr4","68680633","68680829","chr1","11127474","11127672","34","57553159"
"chr4","68880050","68880270","chr6","68607046","68607266","8","273004"
"chr4","68890382","68890637","chr6","68617418","68617673","14","272964"
"chr4","68947489","68947797","chr9","14337314","14337624","43","54610175"
"chr4","69154583","69154778","chr6","68885718","68885913","5","268865"
"chr4","69207066","69207368","chr2","176864663","176864968","47","107657597"
"chr4","69223886","69224177","chr6","68964003","68964297","12","259883"
"chr4","69362006","69362244","chrX","125653898","125654128","45","56291892"
"chr4","69372395","69372668","chr6","69124907","69125194","20","247488"
"chr4","69390169","69390446","chr6","69141111","69141393","12","249058"
"chr4","69748453","69748742","chr6","69536790","69537080","15","211663"
"chr4","69982875","69983161","chr6","69773314","69773597","13","209561"
"chr4","70023117","70023410","chr6","69815268","69815562","12","207849"
"chr4","70146147","70146295","chr6","69950149","69950300","10","195998"
"chr4","70225276","70225561","chr6","70031364","70031659","12","193912"
"chr4","70618267","70618575","chr6","70438455","70438753","42","179812"
"chr4","70690353","70690652","chr6","70500096","70500396","8","190257"
"chr4","70760732","70761047","chr6","70572391","70572713","14","188341"
"chr4","70779290","70779593","chr2","176864663","176864968","42","106085373"
"chr4","70791545","70791833","chr6","70604333","70604630","21","187212"
"chr4","70865642","70865918","chr6","70678716","70678992","4","186926"
"chr4","70927452","70927741","chr1","134625073","134625359","43","63697621"
"chr4","71031891","71032169","chr6","70848605","70848905","41","183286"
"chr4","71035305","71035529","chr6","70852705","70852929","3","182600"
"chr4","71046764","71047049","chr12","13201205","13201488","42","57845559"
"chr4","71066453","71066665","chr3","49604396","49604603","52","21462057"
"chr4","71079959","71080246","chr6","70895879","70896181","25","184080"
"chr4","71098060","71098203","chr4","41177678","41177819","24","29920382"
"chr4","71098492","71098502","chr9","32916732","32916748","11","38181760"
"chr4","71114105","71114426","chr6","70931106","70931425","14","182999"
"chr4","71127806","71128116","chr6","70938469","70938754","38","189337"
"chr4","71240398","71240567","chr6","71060587","71060756","4","179811"
"chr4","71283697","71283925","chr16","47627367","47627591","33","23656330"
"chr4","71525054","71525369","chr6","71338418","71338730","11","186636"
"chr4","71654379","71654665","chr6","71468206","71468493","12","186173"
"chr4","71912448","71912792","chr6","71731876","71732187","46","180572"
"chr4","71982303","71982561","chr6","71803246","71803522","21","179057"
"chr4","72042279","72042582","chr6","71864421","71864734","12","177858"
"chr4","72379606","72379908","chr9","60792156","60792455","32","11587450"
"chr4","72418708","72419015","chr6","72248832","72249143","12","169876"
"chr4","72538700","72539008","chr12","59722960","59723268","36","12815740"
"chr4","72581411","72581721","chr5","52169709","52170013","44","20411702"
"chr4","72617141","72617430","chr6","72447729","72448018","20","169412"
"chr4","72893634","72893934","chr3","80517227","80517520","39","7623593"
"chr4","72920636","72920930","chr6","72761670","72761991","32","158966"
"chr4","72975072","72975341","chr6","72819334","72819618","20","155738"
"chr4","73023843","73024141","chr6","72868236","72868535","9","155607"
"chr4","73065943","73066234","chr6","72910428","72910719","3","155515"
"chr4","73148393","73148701","chr1","37223173","37223482","42","35925220"
"chr4","73343193","73343493","chr6","73189694","73189994","14","153499"
"chr4","73392092","73392385","chr15","10842017","10842312","33","62550075"
"chr4","73396561","73396846","chr6","73243917","73244202","6","152644"
"chr4","73406888","73407083","chr5","129275158","129275347","49","55868270"
"chr4","73436815","73437076","chr6","73283481","73283738","17","153334"
"chr4","73442132","73442441","chr6","73290844","73291151","16","151288"
"chr4","73453136","73453435","chrX","25734220","25734518","45","47718916"
"chr4","73546861","73547153","chr6","73395602","73395902","23","151259"
"chr4","73722535","73722840","chr6","73573223","73573541","19","149312"
"chr4","73786393","73786697","chr6","73636829","73637126","16","149564"
"chr4","73892462","73892770","chr16","65448201","65448510","37","8444261"
"chr4","73961775","73962015","chr6","73808101","73808342","7","153674"
"chr4","73998146","73998428","chr6","73844205","73844488","14","153941"
"chr4","74241779","74242069","chr6","74092354","74092652","28","149425"
"chr4","74290543","74290849","chr6","74142491","74142801","14","148052"
"chr4","74336806","74337091","chr6","74188407","74188695","40","148399"
"chr4","74455682","74455819","chr6","47849580","47849709","21","26606102"
"chr4","74456971","74457036","chr5","89598423","89598483","12","15141452"
"chr4","74459603","74459678","chr4","45488506","45488575","15","28971097"
"chr4","74591750","74591878","chr6","74452348","74452476","2","139402"
"chr4","74670641","74670934","chr6","74531074","74531367","7","139567"
"chr4","74699765","74700074","chr7","108661358","108661664","52","33961593"
"chr4","74706307","74706604","chr6","74565239","74565545","15","141068"
"chr4","74738218","74738526","chr4","112779874","112780170","43","38041656"
"chr4","74742970","74743277","chr6","74603466","74603773","11","139504"
"chr4","75086669","75086821","chr6","74954433","74954572","16","132236"
"chr4","75258097","75258396","chr4","35776944","35777239","39","39481153"
"chr4","75338137","75338427","chr13","79190966","79191261","33","3852829"
"chr4","75420015","75420337","chr1","130989879","130990200","44","55569864"
"chr4","75442622","75442903","chr4","112261425","112261709","45","36818803"
"chr4","75539705","75540006","chr6","75423493","75423785","25","116212"
"chr4","75548426","75548727","chr6","75432545","75432847","7","115881"
"chr4","75633410","75633658","chr6","75518471","75518713","11","114939"
"chr4","75696359","75696671","chr6","75582818","75583123","22","113541"
"chr4","75788843","75789139","chr6","75677544","75677841","6","111299"
"chr4","75834993","75835285","chr1","27513704","27514001","36","48321289"
"chr4","76111756","76112048","chr6","76001806","76002098","6","109950"
"chr4","76387706","76388014","chr6","76286652","76286954","21","101054"
"chr4","76413885","76414179","chr1","218083470","218083765","38","141669585"
"chr4","76558056","76558357","chr6","76456877","76457184","23","101179"
"chr4","76727479","76727783","chr6","76627202","76627509","15","100277"
"chr4","76728732","76728975","chr6","76628454","76628697","8","100278"
"chr4","77054548","77054727","chr6","76965850","76966031","14","88698"
"chr4","77083073","77083375","chr6","61546786","61547096","49","15536287"
"chr4","77083731","77084030","chr6","76994914","76995216","14","88817"
"chr4","77165881","77166183","chr6","77077531","77077811","29","88350"
"chr4","77299760","77300051","chr6","77208584","77208873","12","91176"
"chr4","77819289","77819550","chr6","77734324","77734552","41","84965"
"chr4","77840372","77840686","chr13","73438384","73438694","41","4401988"
"chr4","77912888","77913168","chr17","28004176","28004464","48","49908712"
"chr4","77971478","77971786","chr6","77892107","77892415","8","79371"
"chr4","78350663","78350968","chr11","27505966","27506267","41","50844697"
"chr4","78370905","78371151","chr11","55722387","55722623","45","22648518"
"chr4","78958215","78958362","chr6","78883743","78883890","4","74472"
"chr4","79057870","79058008","chr6","78982851","78982993","8","75019"
"chr4","79082265","79082576","chr6","79007730","79008026","26","74535"
"chr4","79185504","79185705","chr6","79113029","79113256","32","72475"
"chr4","79403596","79403897","chr6","79349526","79349835","19","54070"
"chr4","79464834","79465056","chr6","79411860","79412082","9","52974"
"chr4","79631565","79631780","chr6","79584854","79585074","14","46711"
"chr4","79711506","79711794","chr6","79676623","79676921","23","34883"
"chr4","79895949","79896227","chr6","79861306","79861600","21","34643"
"chr4","79896371","79896385","chr9","32916732","32916748","11","46979639"
"chr4","79901244","79901492","chr6","79866713","79866945","20","34531"
"chr4","80048491","80048796","chr13","59729724","59730027","40","20318767"
"chr4","80195295","80195527","chr9","31100275","31100514","37","49095020"
"chr4","80609518","80609817","chr6","80270136","80270442","24","339382"
"chr4","81227176","81227474","chr6","81271001","81271294","21","43825"
"chr4","81462851","81463134","chr6","81522791","81523080","14","59940"
"chr4","81762592","81762607","chr9","32916732","32916748","11","48845860"
"chr4","81762655","81762937","chr5","154319459","154319739","48","72556804"
"chr4","81915016","81915288","chr10","62691181","62691448","37","19223835"
"chr4","82195874","82196175","chr4","56583800","56584109","60","25612074"
"chr4","82747759","82748071","chr6","82851397","82851699","19","103638"
"chr4","83670778","83671061","chr6","83787064","83787374","35","116286"
"chr4","84068635","84068939","chr6","84181731","84182017","30","113096"
"chr4","84293346","84293606","chr4","38264652","38264908","59","46028694"
"chr4","84386334","84386566","chr1","207905831","207906064","68","123519497"
"chr4","84393210","84393515","chr6","84514933","84515239","12","121723"
"chr4","84917671","84917845","chr6","85030770","85030944","4","113099"
"chr4","85029755","85029884","chr14","7538013","7538142","13","77491742"
"chr4","85167483","85167779","chr6","85287611","85287907","17","120128"
"chr4","85187330","85187630","chr6","85308420","85308718","15","121090"
"chr4","85202738","85203035","chr6","85323194","85323491","8","120456"
"chr4","85251739","85252047","chr6","85373904","85374218","12","122165"
"chr4","85277196","85277368","chr6","85400843","85401018","4","123647"
"chr4","85318869","85319190","chr6","85442151","85442467","16","123282"
"chr4","86008132","86008435","chr6","86140000","86140298","13","131868"
"chr4","86078973","86079189","chr6","86218438","86218637","22","139465"
"chr4","86434866","86435161","chr6","86559474","86559780","34","124608"
"chr4","86676876","86677183","chr6","86806265","86806549","38","129389"
"chr4","86679765","86680071","chr2","5999410","5999718","38","80680355"
"chr4","86784273","86784540","chr6","86922609","86922876","5","138336"
"chr4","87164301","87164622","chr1","141122821","141123139","47","53958520"
"chr4","87528010","87528172","chr19","12482960","12483114","37","75045050"
"chr4","87528486","87528615","chr4","21810577","21810704","18","65717909"
"chr4","88418383","88418689","chr7","135901664","135901969","35","47483281"
"chr4","88432582","88432888","chr4","32480381","32480687","44","55952201"
"chr4","88455788","88456080","chr6","88602441","88602743","19","146653"
"chr4","88482238","88482546","chr6","88628976","88629286","13","146738"
"chr4","88959406","88959726","chr6","89104338","89104640","27","144932"
"chr4","89027487","89027584","chr19","32736093","32736169","49","56291394"
"chr4","89388179","89388489","chr6","89535638","89535941","16","147459"
"chr4","89458976","89459197","chr6","89604930","89605151","5","145954"
"chr4","89610511","89610810","chr6","89755043","89755340","10","144532"
"chr4","89657082","89657390","chr14","29316094","29316399","41","60340988"
"chr4","89754680","89754978","chr6","89896873","89897186","23","142193"
"chr4","90488673","90488982","chr6","90656562","90656867","19","167889"
"chr4","90511461","90511769","chr6","90679116","90679420","27","167655"
"chr4","90763650","90763798","chr14","59494052","59494196","22","31269598"
"chr4","90790624","90790851","chr6","90961877","90962104","6","171253"
"chr4","90823039","90823293","chr6","90997790","90998073","36","174751"
"chr5","2096984","2097279","chr20","2087835","2088130","6","9149"
"chr5","3425","3725","chr7","63458509","63458804","38","63455084"
"chr5","60042","60332","chr5","78351855","78352146","53","78291813"
"chr5","64841","65146","chr3","45443305","45443612","40","45378464"
"chr5","77722","78016","chr1","55263731","55264029","41","55186009"
"chr5","82222","82513","chr1","86156648","86156941","52","86074426"
"chr5","98333","98639","chr20","11370","11654","28","86963"
"chr5","127422","127713","chr20","45669","45971","16","81753"
"chr5","159365","159660","chr6","14536169","14536461","45","14376804"
"chr5","161628","161945","chr20","84217","84528","19","77411"
"chr5","164979","165274","chr20","88820","89115","6","76159"
"chr5","178086","178395","chr20","106410","106711","18","71676"
"chr5","189545","189833","chr20","119678","119965","9","69867"
"chr5","191931","192104","chr1","46987397","46987575","36","46795466"
"chr5","193162","193460","chrX","25734220","25734518","41","25541058"
"chr5","272526","272789","chr20","208981","209244","10","63545"
"chr5","327055","327345","chr20","268456","268743","11","58599"
"chr5","364646","364943","chr20","310441","310720","27","54205"
"chr5","369376","369659","chr20","307921","308207","15","61455"
"chr5","380137","380448","chr2","184554529","184554839","49","184174392"
"chr5","404689","405023","chr15","8195058","8195388","52","7790369"
"chr5","406907","407236","chr12","34076286","34076616","43","33669379"
"chr5","503579","503877","chr1","42353131","42353436","43","41849552"
"chr5","536264","536559","chr20","494067","494334","40","42197"
"chr5","652665","652969","chr2","88442494","88442796","41","87789829"
"chr5","658300","658487","chr7","38805884","38806052","56","38147584"
"chr5","661075","661383","chr20","621351","621643","24","39724"
"chr5","768880","769147","chr7","30195596","30195870","58","29426716"
"chr5","857032","857190","chr12","19037809","19037962","33","18180777"
"chr5","1152518","1152575","chr16","51701031","51701090","10","50548513"
"chr5","1161471","1161772","chr1","111274601","111274900","38","110113130"
"chr5","1197410","1197589","chr16","60955167","60955351","30","59757757"
"chr5","1211381","1211673","chr20","1180630","1180920","16","30751"
"chr5","1274833","1275190","chr20","1244663","1244952","79","30170"
"chr5","1279150","1279507","chr20","1244663","1244952","78","34487"
"chr5","1331040","1331349","chr8","80311223","80311531","41","78980183"
"chr5","1350397","1350710","chr20","1318633","1318951","15","31764"
"chr5","1470215","1470525","chr20","1439512","1439820","14","30703"
"chr5","1494975","1495278","chr20","1465537","1465831","28","29438"
"chr5","1509680","1509975","chr20","1480840","1481136","10","28840"
"chr5","1693045","1693355","chr2","147796910","147797205","51","146103865"
"chr5","1776999","1777252","chr20","1757853","1758103","7","19146"
"chr5","1781340","1781644","chr20","1763240","1763546","19","18100"
"chr5","1788007","1788198","chr20","1768899","1769090","16","19108"
"chr5","1855392","1855684","chr8","133549507","133549804","38","131694115"
"chr5","1861025","1861305","chr20","1846533","1846810","20","14492"
"chr5","1966471","1966600","chr15","13945665","13945792","12","11979194"
"chr5","2024569","2024723","chr1","134913047","134913205","26","132888478"
"chr5","2024725","2025022","chr20","2015314","2015615","12","9411"
"chr5","2032612","2032909","chr6","35621177","35621477","55","33588565"
"chr5","2047882","2048191","chr20","2039361","2039670","19","8521"
"chr5","2148074","2148370","chr20","2143493","2143788","12","4581"
"chr5","2164773","2165119","chr20","2161685","2162031","12","3088"
"chr5","2201740","2202031","chr20","2197237","2197520","13","4503"
"chr5","2223184","2223481","chr20","2221154","2221452","12","2030"
"chr5","2278566","2278840","chr14","55378826","55379102","51","53100260"
"chr5","2313987","2314281","chr20","2335979","2336278","28","21992"
"chr5","2373677","2373981","chr20","2381406","2381706","10","7729"
"chr5","2377547","2377839","chr13","69510696","69510999","62","67133149"
"chr5","2377975","2378268","chr20","2385688","2385986","12","7713"
"chr5","2414959","2415255","chr6","60822482","60822782","53","58407523"
"chr5","2493027","2493322","chr20","2539298","2539600","21","46271"
"chr5","2538021","2538318","chr20","2584981","2585274","11","46960"
"chr5","2543145","2543444","chr20","2590848","2591148","19","47703"
"chr5","2562254","2562362","chr16","42872419","42872532","21","40310165"
"chr5","2604568","2604862","chr20","22952628","22952920","41","20348060"
"chr5","2628422","2628728","chr20","2682998","2683304","7","54576"
"chr5","2658065","2658302","chr10","73049918","73050143","43","70391853"
"chr5","2672420","2672563","chr1","29749515","29749661","21","27077095"
"chr5","2672873","2673033","chr7","109090487","109090649","30","106417614"
"chr5","2703381","2703693","chr20","2761507","2761792","37","58126"
"chr5","2744798","2744954","chr13","87854074","87854233","23","85109276"
"chr5","2782818","2783102","chr20","2848923","2849210","27","66105"
"chr5","2875502","2875812","chr20","2942944","2943253","10","67442"
"chr5","2898112","2898412","chr20","2975483","2975783","8","77371"
"chr5","2900969","2901125","chr12","32880869","32881021","32","29979900"
"chr5","2976322","2976616","chr20","3060477","3060771","8","84155"
"chr5","2987831","2988133","chr20","3072049","3072356","13","84218"
"chr5","3145126","3145419","chr20","3248422","3248713","14","103296"
"chr5","3197467","3197767","chr20","3298127","3298421","17","100660"
"chr5","3218367","3218546","chr20","3321413","3321592","9","103046"
"chr5","3232378","3232650","chr20","3330187","3330476","27","97809"
"chr5","3363510","3363740","chr20","3472401","3472631","7","108891"
"chr5","3406468","3406617","chr4","69296279","69296425","36","65889811"
"chr5","3406900","3407089","chr14","31856154","31856328","36","28449254"
"chr5","3414546","3414710","chr16","70198814","70198977","28","66784268"
"chr5","3415011","3415152","chr2","55063458","55063595","22","51648447"
"chr5","3521418","3521718","chr20","3642040","3642333","15","120622"
"chr5","3647779","3648089","chr1","26941265","26941567","45","23293486"
"chr5","3650778","3651049","chr1","40231089","40231362","52","36580311"
"chr5","3767714","3768000","chr20","3896053","3896339","7","128339"
"chr5","3785843","3786042","chr20","3914987","3915186","2","129144"
"chr5","3820289","3820548","chr20","3952985","3953243","9","132696"
"chr5","3839090","3839130","chr19","42483575","42483613","9","38644485"
"chr5","3839438","3839457","chr9","32916732","32916748","12","29077294"
"chr5","3840081","3840161","chr2","10374722","10374802","20","6534641"
"chr5","3840765","3841069","chr5","129611079","129611381","35","125770314"
"chr5","3847511","3847662","chr13","107246533","107246677","26","103399022"
"chr5","3848061","3848079","chr9","32916732","32916748","12","29068671"
"chr5","3848080","3848383","chr20","3990225","3990526","10","142145"
"chr5","3848384","3848563","chr10","69739671","69739841","30","65891287"
"chr5","3905396","3905588","chr4","43073550","43073743","30","39168154"
"chr5","3925764","3925816","chr3","55441801","55441851","13","51516037"
"chr5","3926112","3926286","chr1","19775982","19776154","30","15849870"
"chr5","3944163","3944316","chr1","29749515","29749661","29","25805352"
"chr5","3965263","3965588","chr20","4112248","4112568","19","146985"
"chr5","3978131","3978435","chr4","13112331","13112625","49","9134200"
"chr5","3983248","3983543","chr15","78724819","78725114","34","74741571"
"chr5","3993121","3993419","chr20","4141117","4141415","7","147996"
"chr5","4030308","4030587","chr20","4177405","4177684","5","147097"
"chr5","4074499","4074801","chr20","4221967","4222273","14","147468"
"chr5","4106112","4106422","chr20","4251828","4252140","11","145716"
"chr5","4155867","4156168","chr1","41727504","41727807","40","37571637"
"chr5","4172314","4172601","chr20","4322533","4322822","9","150219"
"chr5","4259838","4260151","chr20","4412932","4413243","7","153094"
"chr5","4281834","4282128","chr20","4437133","4437428","13","155299"
"chr5","4289372","4289477","chr11","31509314","31509414","24","27219942"
"chr5","4315260","4315566","chr20","4470980","4471289","15","155720"
"chr5","4322358","4322644","chr18","38000001","38000287","39","33677643"
"chr5","4323856","4324172","chr20","4484659","4484963","23","160803"
"chr5","4381872","4382171","chr20","4545812","4546106","16","163940"
"chr5","4394972","4395277","chr6","51874693","51875002","39","47479721"
"chr5","4400389","4400685","chr9","84418579","84418877","40","80018190"
"chr5","4401300","4401602","chr20","4567252","4567554","10","165952"
"chr5","4451103","4451412","chr10","19793301","19793601","48","15342198"
"chr5","4461909","4462217","chr20","4627073","4627389","21","165164"
"chr5","4475685","4475991","chr10","12659390","12659695","49","8183705"
"chr5","4623590","4623904","chr16","40386842","40387152","44","35763252"
"chr5","4709661","4709952","chr1","38259809","38260102","50","33550148"
"chr5","4783127","4783432","chr20","4979534","4979836","18","196407"
"chr5","4860479","4860755","chrX","96267872","96268151","36","91407393"
"chr5","4891007","4891304","chr20","5088470","5088775","22","197463"
"chr5","5149510","5149803","chr9","24166465","24166759","35","19016955"
"chr5","5195623","5195783","chr20","5400407","5400568","12","204784"
"chr5","5208195","5208498","chr13","26550496","26550800","43","21342301"
"chr5","5299254","5299379","chr6","14623420","14623549","32","9324166"
"chr5","5353307","5353585","chr13","55529062","55529318","55","50175755"
"chr5","5613842","5613969","chr2","80831888","80832017","25","75218046"
"chr5","5824766","5825065","chr20","6027026","6027317","19","202260"
"chr5","5840300","5840567","chr20","6042143","6042413","19","201843"
"chr5","5994570","5994856","chr20","6198079","6198364","8","203509"
"chr5","6025066","6025363","chr10","16408690","16408989","46","10383624"
"chr5","6030606","6030916","chr20","6234506","6234829","17","203900"
"chr5","6058120","6058420","chr15","14298818","14299123","46","8240698"
"chr5","6274782","6275005","chr7","77503235","77503458","49","71228453"
"chr5","6324302","6324594","chr7","145480621","145480913","46","139156319"
"chr5","6466734","6467028","chr12","80099863","80100151","47","73633129"
"chr5","6669902","6670201","chr20","6882295","6882594","9","212393"
"chr5","6675421","6675699","chr20","6887823","6888099","19","212402"
"chr5","6782819","6783100","chr20","6998823","6999124","38","216004"
"chr5","7121473","7121605","chr20","7340575","7340705","14","219102"
"chr5","7216136","7216447","chr20","7435432","7435737","13","219296"
"chr5","7366860","7367155","chr3","51291746","51292033","49","43924886"
"chr5","7471647","7471860","chr20","7691847","7692066","14","220200"
"chr5","7665533","7665843","chr20","7883628","7883938","18","218095"
"chr5","7683991","7684295","chr3","12962418","12962725","48","5278427"
"chr5","7715184","7715498","chr15","36156612","36156900","65","28441428"
"chr5","7789196","7789511","chr20","8006778","8007092","11","217582"
"chr5","8077432","8077755","chr1","24663154","24663466","51","16585722"
"chr5","8217398","8217691","chr20","8447265","8447558","13","229867"
"chr5","8231098","8231284","chr2","101796803","101796983","47","93565705"
"chr5","8243854","8244043","chr7","49200182","49200359","46","40956328"
"chr5","8289008","8289137","chr1","1238421","1238551","17","7050587"
"chr5","8396230","8396535","chr10","71880315","71880618","36","63484085"
"chr5","8503898","8504207","chr20","8737462","8737771","20","233564"
"chr5","8546316","8546492","chr5","169172874","169173046","30","160626558"
"chr5","8551854","8552014","chr12","70239246","70239402","32","61687392"
"chr5","8571971","8572133","chr20","8814455","8814622","11","242484"
"chr5","8578294","8578589","chr20","8822687","8822984","12","244393"
"chr5","8692007","8692308","chr20","8965854","8966151","19","273847"
"chr5","8716282","8716461","chr3","45194257","45194448","23","36477975"
"chr5","8747229","8747527","chr20","9025511","9025806","16","278282"
"chr5","8766420","8766730","chr20","9050683","9050991","17","284263"
"chr5","8779507","8779698","chr20","9058567","9058758","9","279060"
"chr5","8806963","8807285","chr20","9086039","9086357","12","279076"
"chr5","9012137","9012422","chr20","9301745","9302047","26","289608"
"chr5","9139734","9140027","chr20","9429762","9430067","21","290028"
"chr5","9596757","9596973","chr3","74744469","74744677","39","65147712"
"chr5","9665988","9666286","chr5","174041357","174041657","42","164375369"
"chr5","9730956","9731257","chr5","85727208","85727512","37","75996252"
"chr5","9731921","9732067","chr2","1470791","1470932","25","8261130"
"chr5","9750513","9750832","chr7","35420024","35420331","50","25669511"
"chr5","9780007","9780154","chr13","97969578","97969719","33","88189571"
"chr5","9780155","9780458","chr3","127216186","127216489","31","117436031"
"chr5","9780459","9780571","chr10","19214340","19214458","29","9433881"
"chr5","9816898","9817056","chr5","35273347","35273505","23","25456449"
"chr5","9831672","9831979","chr2","1378446","1378754","38","8453226"
"chr5","9946003","9946297","chr19","7991872","7992168","33","1954131"
"chr5","9957854","9958139","chr20","9815013","9815298","18","142841"
"chr5","10012268","10012519","chr15","56759119","56759369","34","46746851"
"chr5","10267433","10267665","chr20","10129228","10129460","9","138205"
"chr5","10268211","10268292","chr19","7960834","7960912","12","2307377"
"chr5","10390698","10390994","chrX","11392849","11393139","42","1002151"
"chr5","10469512","10469796","chr19","38516970","38517253","55","28047458"
"chr5","10515754","10516065","chr20","10381672","10381982","14","134082"
"chr5","10766164","10766458","chr20","10635466","10635773","23","130698"
"chr5","10783526","10783859","chr20","10650227","10650539","65","133299"
"chr5","10840317","10840440","chr20","10710102","10710229","6","130215"
"chr5","10931867","10931933","chr10","26797944","26798014","13","15866077"
"chr5","10932153","10932217","chr10","26797944","26798014","11","15865791"
"chr5","10956694","10956979","chr1","185490436","185490721","48","174533742"
"chr5","11029704","11029999","chr5","33708345","33708639","53","22678641"
"chr5","11070763","11071068","chrX","28745828","28746133","51","17675065"
"chr5","11173110","11173415","chr20","11057094","11057400","18","116016"
"chr5","11188366","11188662","chr20","11073872","11074167","11","114494"
"chr5","11209765","11209919","chr1","170198659","170198810","29","158988894"
"chr5","11210220","11210263","chr12","37991215","37991256","9","26780995"
"chr5","11320408","11320421","chr9","32916732","32916748","12","21596324"
"chr5","11320449","11320587","chr3","51866003","51866148","31","40545554"
"chr5","11358731","11359042","chr20","11239254","11239565","11","119477"
"chr5","11386603","11386910","chr20","11267873","11268180","12","118730"
"chr5","11417687","11417972","chr20","11309860","11310163","29","107827"
"chr5","11442865","11443034","chr19","5499049","5499219","18","5943816"
"chr5","11464884","11465181","chr13","109013818","109014115","57","97548934"
"chr5","11492517","11492815","chr2","157953826","157954121","45","146461309"
"chr5","11504860","11505013","chr4","41177678","41177819","34","29672818"
"chr5","11505344","11505476","chr15","1421445","1421575","16","10083899"
"chr5","11986098","11986419","chrX","12910196","12910513","48","924098"
"chr5","12267250","12267561","chr20","12148367","12148677","22","118883"
"chr5","12300099","12300405","chr20","12181451","12181761","20","118648"
"chr5","12351843","12352119","chr1","146706661","146706948","53","134354818"
"chr5","12415856","12416129","chr12","44928730","44929007","50","32512874"
"chr5","12421479","12421700","chr8","8344322","8344539","37","4077157"
"chr5","12608144","12608488","chr4","104384187","104384514","66","91776043"
"chr5","12692159","12692436","chr9","32748471","32748754","54","20056312"
"chr5","12931643","12931954","chr20","12816971","12817279","14","114672"
"chr5","12977899","12978200","chr20","12864490","12864792","10","113409"
"chr5","13010377","13010677","chr20","12897886","12898180","29","112491"
"chr5","13027034","13027319","chr10","27594987","27595275","38","14567953"
"chr5","13043307","13043607","chr20","12931710","12932003","18","111597"
"chr5","13086619","13086908","chr20","12977384","12977682","16","109235"
"chr5","13151514","13151773","chr15","6438791","6439051","37","6712723"
"chr5","13442119","13442135","chr9","32916732","32916748","11","19474613"
"chr5","13442225","13442518","chr20","13336458","13336769","26","105767"
"chr5","13445127","13445451","chr20","13339489","13339770","63","105638"
"chr5","13445902","13446202","chr20","13340219","13340522","34","105683"
"chr5","13448990","13449157","chr20","13343322","13343486","4","105668"
"chr5","13450475","13450769","chr2","86969703","86969998","59","73519228"
"chr5","13559918","13560198","chr20","13452970","13453238","14","106948"
"chr5","13742782","13743008","chr20","13635553","13635783","15","107229"
"chr5","13828129","13828421","chr20","13720812","13721112","17","107317"
"chr5","13962722","13963000","chr20","13859173","13859477","32","103549"
"chr5","14054443","14054753","chr5","58453652","58453961","39","44399209"
"chr5","14083234","14083424","chr4","42211958","42212159","45","28128724"
"chr5","14099354","14099658","chr4","111169416","111169723","42","97070062"
"chr5","14145388","14145691","chr20","14046935","14047238","15","98453"
"chr5","14179558","14179858","chr20","14079776","14080077","17","99782"
"chr5","14223873","14224167","chr20","14128903","14129221","33","94970"
"chr5","14227920","14228104","chr19","13769911","13770094","33","458009"
"chr5","14228133","14228261","chr6","65173588","65173716","25","50945455"
"chr5","14237497","14237804","chr20","14143876","14144182","11","93621"
"chr5","14315998","14316283","chr20","14224243","14224526","12","91755"
"chr5","14353235","14353462","chr1","18143522","18143743","36","3790287"
"chr5","14368555","14368711","chr16","3197882","3198037","36","11170673"
"chr5","14395139","14395445","chr7","45033063","45033367","43","30637924"
"chr5","14451475","14451773","chr20","14372115","14372413","11","79360"
"chr5","14470094","14470391","chr20","14389174","14389474","8","80920"
"chr5","14526824","14527122","chr20","14447354","14447653","9","79470"
"chr5","14544195","14544508","chr11","47131317","47131621","42","32587122"
"chr5","14669678","14669987","chrX","25734220","25734518","39","11064542"
"chr5","14848690","14849001","chr20","14769099","14769410","8","79591"
"chr5","14942804","14943117","chr2","146638402","146638711","50","131695598"
"chr5","14946985","14947178","chr8","132522646","132522843","38","117575661"
"chr5","14947454","14947576","chr8","38181713","38181843","32","23234259"
"chr5","14967760","14968057","chr20","14882159","14882457","7","85601"
"chr5","15005719","15006020","chr7","161741807","161742110","40","146736088"
"chr5","15226135","15226423","chr20","15147952","15148238","10","78183"
"chr5","15285682","15285973","chr20","15207050","15207344","17","78632"
"chr5","15406841","15407160","chr20","15328456","15328757","26","78385"
"chr5","15437087","15437440","chr7","44291819","44292137","72","28854732"
"chr5","15449332","15449630","chr20","15372453","15372732","27","76879"
"chr5","15458087","15458303","chr20","15381212","15381424","13","76875"
"chr5","15484717","15485022","chrX","19345246","19345553","41","3860529"
"chr5","15516707","15517008","chr20","15420780","15421086","15","95927"
"chr5","15734958","15735168","chr20","15645515","15645726","4","89443"
"chr5","15849874","15850150","chr15","97061406","97061689","43","81211532"
"chr5","15903364","15903671","chr20","15812293","15812602","14","91071"
"chr5","16090581","16090887","chr20","15998952","15999254","18","91629"
"chr5","16115269","16115383","chrX","5264953","5265067","17","10850316"
"chr5","16115464","16115613","chr2","33656565","33656717","25","17541101"
"chr5","16167518","16167831","chr20","16076040","16076350","11","91478"
"chr5","16184360","16184665","chr20","16086453","16086750","17","97907"
"chr5","16227260","16227405","chr20","16133444","16133587","4","93816"
"chr5","16350710","16351004","chr20","16256980","16257270","19","93730"
"chr5","16364934","16365100","chr20","16271498","16271655","14","93436"
"chr5","16401233","16401529","chr20","16307390","16307688","17","93843"
"chr5","16537290","16537432","chr20","16437102","16437244","1","100188"
"chr5","16775678","16775991","chr20","16670487","16670784","54","105191"
"chr5","16939766","16939926","chr8","43487662","43487821","29","26547896"
"chr5","16986475","16986674","chr20","16878370","16878564","8","108105"
"chr5","16989956","16990253","chr20","16881850","16882147","26","108106"
"chr5","17028850","17029154","chr20","16919186","16919491","27","109664"
"chr5","17076753","17077022","chr14","18431699","18431969","32","1354946"
"chr5","17116656","17116952","chr20","17009681","17009978","11","106975"
"chr5","17185836","17186129","chr20","17078425","17078718","9","107411"
"chr5","17196643","17196952","chr1","207075546","207075852","39","189878903"
"chr5","17199225","17199519","chr20","17092034","17092329","8","107191"
"chr5","17202611","17202919","chr20","17095319","17095630","17","107292"
"chr5","17227252","17227356","chr20","17121225","17121329","3","106027"
"chr5","17228961","17229269","chr20","17122859","17123167","8","106102"
"chr5","17272077","17272379","chr5","33708345","33708639","39","16436268"
"chr5","17304205","17304490","chr9","55799302","55799592","42","38495097"
"chr5","17358035","17358351","chr20","17253467","17253786","15","104568"
"chr5","17555369","17555655","chr5","72416182","72416461","44","54860813"
"chr5","17649899","17650178","chr20","17545959","17546238","20","103940"
"chr5","17702387","17702648","chr20","17600889","17601158","23","101498"
"chr5","17752887","17753186","chr19","48174971","48175267","44","30422084"
"chr5","17835975","17836268","chr20","17740628","17740920","12","95347"
"chr5","17907203","17907483","chr20","17809837","17810111","16","97366"
"chr5","17913262","17913467","chr20","17815888","17816093","2","97374"
"chr5","17921546","17921802","chr20","17824231","17824503","22","97315"
"chr5","17962487","17962532","chr10","72543263","72543302","13","54580776"
"chr5","18146884","18147163","chr20","18054002","18054280","9","92882"
"chr5","18244861","18245162","chr20","18153647","18153950","20","91214"
"chr5","18283338","18283648","chr20","18196578","18196886","19","86760"
"chr5","18399310","18399521","chr20","18312733","18312940","13","86577"
"chr5","18654427","18654646","chr20","18571099","18571316","9","83328"
"chr5","18666385","18666673","chr20","18583278","18583569","16","83107"
"chr5","18779398","18779641","chr20","18703652","18703909","24","75746"
"chr5","18829253","18829528","chr20","18753991","18754268","4","75262"
"chr5","18876874","18877149","chr20","18808892","18809194","36","67982"
"chr5","19050153","19050459","chr20","18995532","18995836","5","54621"
"chr5","19057015","19057320","chr20","19002346","19002642","17","54669"
"chr5","19074175","19074461","chr20","19019247","19019534","6","54928"
"chr5","19258698","19258968","chr19","35539362","35539637","51","16280664"
"chr5","19387678","19387970","chr7","77270015","77270310","38","57882337"
"chr5","19448991","19449300","chr20","19399202","19399501","21","49789"
"chr5","19669037","19669324","chr5","33708345","33708639","43","14039308"
"chr5","19680665","19680964","chr20","19617276","19617564","31","63389"
"chr5","19712382","19712527","chr20","19642534","19642681","5","69848"
"chr5","19809880","19810176","chr20","19741915","19742216","15","67965"
"chr5","19843307","19843611","chr20","19773323","19773601","35","69984"
"chr5","19893431","19893725","chr4","124137719","124138019","50","104244288"
"chr5","19900869","19901035","chr1","213038359","213038524","29","193137490"
"chr5","19904651","19904975","chr1","26608858","26609166","64","6704207"
"chr5","19908581","19908785","chr20","19838550","19838749","13","70031"
"chr5","19946957","19947260","chr20","19879215","19879532","22","67742"
"chr5","19952816","19953100","chr20","19884595","19884879","4","68221"
"chr5","20055416","20055724","chr11","107672055","107672367","41","87616639"
"chr5","20073125","20073422","chr20","20005708","20006007","10","67417"
"chr5","20094892","20095196","chr20","20030270","20030572","11","64622"
"chr5","20123556","20123857","chr20","20062086","20062386","10","61470"
"chr5","20148383","20148680","chr20","20086696","20086995","15","61687"
"chr5","20150795","20151105","chr10","20475942","20476247","43","325147"
"chr5","20200007","20200289","chr20","20142251","20142560","38","57756"
"chr5","20200329","20200341","chr9","32916732","32916748","11","12716403"
"chr5","20211785","20212097","chr18","35961264","35961574","42","15749479"
"chr5","20234138","20234448","chr20","20175918","20176241","26","58220"
"chr5","20243153","20243442","chr20","20185088","20185389","18","58065"
"chr5","20282019","20282315","chr20","20224516","20224812","9","57503"
"chr5","20536237","20536553","chr20","20483781","20484073","38","52456"
"chr5","20560516","20560809","chr20","20508277","20508572","10","52239"
"chr5","20629933","20630245","chr2","176864663","176864968","33","156234730"
"chr5","20647568","20647874","chr2","184554529","184554839","34","163906961"
"chr5","20906458","20906752","chr20","20856981","20857283","16","49477"
"chr5","21018860","21019163","chr20","20973422","20973729","7","45438"
"chr5","21146829","21147118","chr7","59563394","59563684","57","38416565"
"chr5","21175524","21175561","chr20","19606062","19606101","15","1569462"
"chr5","21175599","21175733","chr4","21726371","21726481","43","550772"
"chr5","21182749","21183045","chr20","21139395","21139685","18","43354"
"chr5","21199011","21199163","chrX","142278602","142278756","36","121079591"
"chr5","21223779","21224075","chr20","21180193","21180487","12","43586"
"chr5","21237683","21237986","chr20","21191959","21192264","7","45724"
"chr5","21342129","21342316","chr10","81130239","81130429","29","59788110"
"chr5","21446761","21446960","chr1","89586958","89587160","43","68140197"
"chr5","21462399","21462706","chr20","21417512","21417811","18","44887"
"chr5","21767929","21768246","chr20","21719974","21720290","16","47955"
"chr5","21854754","21855057","chr20","21806675","21806974","31","48079"
"chr5","22022809","22023064","chr20","21975733","21975988","5","47076"
"chr5","22214463","22214764","chr20","22168925","22169222","12","45538"
"chr5","22229689","22229956","chr13","53090682","53090956","35","30860993"
"chr5","22334227","22334511","chr15","101909506","101909787","42","79575279"
"chr5","22355877","22356182","chr1","3180721","3181028","39","19175156"
"chr5","22377380","22377523","chr11","76518322","76518462","30","54140942"
"chr5","22513014","22513320","chr20","22467890","22468205","23","45124"
"chr5","22528558","22528825","chr1","202369567","202369834","50","179841009"
"chr5","22771372","22771504","chr11","74966065","74966200","16","52194693"
"chr5","22827692","22827995","chr14","17001883","17002179","45","5825809"
"chr5","22871799","22872103","chr20","22833114","22833418","8","38685"
"chr5","22920008","22920298","chr19","15313749","15314039","38","7606259"
"chr5","22921598","22921859","chr4","7729708","7729981","49","15191890"
"chr5","22974501","22974798","chr11","82897098","82897394","47","59922597"
"chr5","22986922","22987204","chr20","22952628","22952920","23","34294"
"chr5","23007202","23007479","chr15","91003323","91003608","51","67996121"
"chr5","23130098","23130379","chr20","23096127","23096409","9","33971"
"chr5","23164638","23164919","chr20","23130979","23131271","25","33659"
"chr5","23240450","23240750","chr4","68671582","68671879","42","45431132"
"chr5","23258917","23259221","chr20","23224132","23224440","30","34785"
"chr5","23259819","23260117","chr20","23225040","23225343","23","34779"
"chr5","23286411","23286681","chr15","42520394","42520654","49","19233983"
"chr5","23455272","23455576","chr20","23420586","23420891","6","34686"
"chr5","23503708","23504011","chr6","139740529","139740832","42","116236821"
"chr5","23538155","23538459","chr20","23500996","23501328","35","37159"
"chr5","23610208","23610432","chr10","90905310","90905528","32","67295102"
"chr5","23638604","23638789","chr9","106603471","106603658","61","82964867"
"chr5","23678561","23678865","chr20","23641354","23641651","11","37207"
"chr5","23765038","23765337","chr20","23729069","23729371","6","35969"
"chr5","23817244","23817469","chr20","23776615","23776838","15","40629"
"chr5","23838950","23839126","chr4","36117524","36117702","29","12278574"
"chr5","23839424","23839528","chr2","132762846","132762951","23","108923422"
"chr5","23866255","23866530","chr16","21781850","21782128","56","2084405"
"chr5","24218457","24218739","chr20","24172601","24172895","26","45856"
"chr5","24255110","24255405","chr4","66354667","66354960","36","42099557"
"chr5","24326201","24326416","chr20","24280804","24281021","9","45397"
"chr5","24475645","24475924","chr20","24433395","24433675","10","42250"
"chr5","24512480","24512762","chr20","24470282","24470553","27","42198"
"chr5","24624126","24624436","chr12","6396661","6396970","42","18227465"
"chr5","24736783","24736962","chr7","58056502","58056683","28","33319719"
"chr5","24736994","24737119","chr15","2185236","2185358","18","22551758"
"chr5","24959476","24959695","chr6","53159632","53159849","40","28200156"
"chr5","24977247","24977411","chr4","35616638","35616804","29","10639391"
"chr5","24978458","24978683","chr20","24935235","24935455","14","43223"
"chr5","24999049","24999322","chr20","24958374","24958652","17","40675"
"chr5","25003177","25003450","chr14","47854186","47854468","48","22851009"
"chr5","25044111","25044378","chr20","25001817","25002088","16","42294"
"chr5","25060938","25061237","chr20","25021280","25021579","14","39658"
"chr5","25080265","25080546","chr11","121034633","121034910","38","95954368"
"chr5","25084285","25084615","chr20","25042907","25043216","31","41378"
"chr5","25262151","25262467","chr20","25224832","25225146","14","37319"
"chr5","25330354","25330648","chr20","25293451","25293774","42","36903"
"chr5","25521481","25521791","chr20","25486486","25486789","18","34995"
"chr5","25690927","25691226","chr20","25659265","25659564","12","31662"
"chr5","25896953","25897255","chr20","25867434","25867741","16","29519"
"chr5","25924572","25924897","chr13","46340179","46340479","59","20415607"
"chr5","26028821","26029011","chr8","81164830","81165024","27","55136009"
"chr5","26045587","26045863","chr3","12839612","12839895","36","13205975"
"chr5","26055000","26055299","chr5","33708345","33708639","39","7653345"
"chr5","26070141","26070318","chr20","26048038","26048215","2","22103"
"chr5","26074387","26074692","chr20","26053058","26053368","18","21329"
"chr5","26146318","26146387","chr20","459004","459074","10","25687314"
"chr5","26146656","26146721","chr9","121414543","121414606","11","95267887"
"chr5","26211854","26212160","chr20","26199136","26199442","8","12718"
"chr5","26217856","26218171","chr20","26195189","26195506","11","22667"
"chr5","26299624","26299906","chr20","26283911","26284211","30","15713"
"chr5","26350121","26350404","chr20","26348810","26349092","14","1311"
"chr5","26368788","26369161","chr20","26641380","26641737","29","272592"
"chr5","26495027","26495332","chr20","26492393","26492699","10","2634"
"chr5","26496232","26496530","chr20","26491167","26491464","21","5065"
"chr5","26523753","26523929","chr2","182777244","182777417","33","156253491"
"chr5","26618902","26619227","chr6","44542443","44542745","79","17923541"
"chr5","26637522","26637811","chr6","51494635","51494920","46","24857113"
"chr5","26694980","26695216","chr1","146884162","146884397","45","120189182"
"chr5","26706158","26706454","chr7","63558520","63558814","43","36852362"
"chr5","26716090","26716241","chr10","58219383","58219532","28","31503293"
"chr5","26732507","26732807","chr7","38273323","38273618","46","11540816"
"chr5","26735443","26735742","chr2","144217349","144217649","31","117481906"
"chr5","26834156","26834424","chr4","40959787","40960036","55","14125631"
"chr5","26896651","26896931","chr15","101909506","101909787","45","75012855"
"chr5","26896960","26896972","chr9","32916732","32916748","13","6019772"
"chr5","26918660","26918965","chr20","3990225","3990526","34","22928435"
"chr5","26954697","26955002","chr1","8902578","8902883","56","18052119"
"chr5","26982696","26982997","chr1","136414644","136414940","44","109431948"
"chr5","26995350","26995592","chr10","11504991","11505226","45","15490359"
"chr5","27003026","27003300","chr3","20923251","20923527","50","6079775"
"chr5","27009212","27009508","chrX","129082790","129083085","37","102073578"
"chr5","27012303","27012595","chrX","11392849","11393139","45","15619454"
"chr5","27067083","27067379","chr2","144217349","144217649","40","117150266"
"chr5","27105601","27105891","chr10","31480620","31480919","41","4375019"
"chr5","27146639","27146730","chr7","48545681","48545759","27","21399042"
"chr5","27195624","27195920","chr17","55289479","55289776","42","28093855"
"chr5","27243752","27244055","chr1","42353131","42353436","35","15109379"
"chr5","27263575","27263865","chr20","26700286","26700585","20","563289"
"chr5","27314247","27314556","chr4","30348990","30349295","43","3034743"
"chr5","27327417","27327699","chr9","118511614","118511893","63","91184197"
"chr5","27329155","27329465","chr20","26773585","26773895","6","555570"
"chr5","27374384","27374685","chr13","59729724","59730027","39","32355340"
"chr5","27378845","27379019","chr6","68791130","68791305","27","41412285"
"chr5","27436669","27436949","chr20","26892220","26892523","28","544449"
"chr5","27442931","27443207","chr3","49555311","49555599","47","22112380"
"chr5","27463844","27464127","chr6","74188407","74188695","41","46724563"
"chr5","27483435","27483740","chr20","26933658","26933963","13","549777"
"chr5","27490108","27490414","chr20","26948144","26948446","10","541964"
"chr5","27502473","27502650","chr20","26958081","26958246","17","544392"
"chr5","27514836","27515009","chr5","167433704","167433877","29","139918868"
"chr5","27572926","27573133","chr7","39959558","39959756","33","12386632"
"chr5","27592379","27592689","chr15","102063501","102063805","48","74471122"
"chr5","27634185","27634490","chr20","27092013","27092310","13","542172"
"chr5","27705502","27705811","chr6","59803206","59803516","57","32097704"
"chr5","27811655","27811831","chr9","92252606","92252780","29","64440951"
"chr5","27811850","27812026","chr9","92252606","92252780","29","64440756"
"chr5","27856619","27856906","chr20","16086453","16086750","45","11770166"
"chr5","27858409","27858717","chr20","27334290","27334585","25","524119"
"chr5","27865407","27865693","chr20","27340998","27341296","28","524409"
"chr5","27887821","27888110","chr2","147796910","147797205","42","119909089"
"chr5","27955038","27955262","chr20","27426210","27426408","34","528828"
"chr5","28088614","28088784","chr1","125894544","125894713","29","97805930"
"chr5","28137015","28137326","chr20","27605499","27605787","26","531516"
"chr5","28187273","28187566","chr20","27658089","27658388","21","529184"
"chr5","28194842","28195129","chr14","17411553","17411846","52","10783289"
"chr5","28207503","28207766","chr1","14141684","14141954","49","14065819"
"chr5","28232798","28233098","chr1","213952194","213952496","49","185719396"
"chr5","28776113","28776417","chr20","28246040","28246345","19","530073"
"chr5","28871706","28871995","chr20","28339557","28339845","6","532149"
"chr5","29050210","29050505","chr1","151050766","151051066","48","122000556"
"chr5","29095365","29095665","chr6","163349643","163349943","44","134254278"
"chr5","31445571","31445878","chr19","48411999","48412298","36","16966428"
"chr5","31700192","31700369","chr4","43597367","43597545","31","11897175"
"chr5","31749011","31749316","chr20","28922230","28922526","30","2826781"
"chr5","31749574","31749905","chr20","28921646","28921959","45","2827928"
"chr5","31915101","31915411","chr2","184554529","184554839","43","152639428"
"chr5","31992478","31992788","chrX","128677593","128677902","42","96685115"
"chr5","31997364","31997655","chr19","45731315","45731618","55","13733951"
"chr5","32081244","32081545","chr18","25179285","25179589","56","6901959"
"chr5","32104934","32105074","chr11","74966065","74966200","22","42861131"
"chr5","32130223","32130521","chr1","27513704","27514001","49","4616519"
"chr5","32214149","32214441","chr20","28788414","28788711","32","3425735"
"chr5","32363574","32363860","chr20","28921646","28921959","36","3441928"
"chr5","32363888","32363900","chr9","32916732","32916748","11","552844"
"chr5","32468595","32468881","chr20","29061940","29062220","11","3406655"
"chr5","32549416","32549663","chr11","27169581","27169833","47","5379835"
"chr5","32601488","32601801","chr1","114181857","114182168","36","81580369"
"chr5","32635637","32635936","chr20","29233581","29233886","15","3402056"
"chr5","32695586","32695882","chr20","29291001","29291295","9","3404585"
"chr5","32721797","32722084","chr20","29320881","29321165","8","3400916"
"chr5","32725274","32725551","chr20","29324352","29324643","18","3400922"
"chr5","32737557","32737833","chr20","29347618","29347924","36","3389939"
"chr5","32798142","32798451","chr20","29421364","29421664","17","3376778"
"chr5","32817565","32817869","chr20","29430221","29430526","7","3387344"
"chr5","32971020","32971330","chr20","29589205","29589506","18","3381815"
"chr5","33210745","33211033","chr20","29833216","29833503","9","3377529"
"chr5","33424915","33425045","chr1","115571102","115571221","41","82146187"
"chr5","33427709","33428007","chr20","30062967","30063276","20","3364742"
"chr5","33435385","33435685","chr20","30070970","30071275","13","3364415"
"chr5","33626392","33626554","chr20","30272882","30273053","11","3353510"
"chr5","34033537","34033774","chr13","28129856","28130091","45","5903681"
"chr5","34062076","34062324","chr20","30700584","30700838","15","3361492"
"chr5","34093554","34093851","chr20","30731718","30732015","6","3361836"
"chr5","34140934","34140992","chr16","51701031","51701090","10","17560097"
"chr5","34141283","34141453","chr16","29072841","29073006","58","5068442"
"chr5","34157472","34157651","chr20","30796484","30796664","5","3360988"
"chr5","34270091","34270397","chr7","119786032","119786338","43","85515941"
"chr5","34420771","34420962","chr15","103755542","103755731","25","69334771"
"chr5","34440253","34440555","chr20","31079012","31079296","24","3361241"
"chr5","34758403","34758674","chr20","31412225","31412516","34","3346178"
"chr5","34875909","34876219","chr20","31538951","31539265","11","3336958"
"chr5","35006021","35006307","chr20","31668263","31668580","37","3337758"
"chr5","35042559","35042854","chr4","56245215","56245513","41","21202656"
"chr5","35160133","35160417","chr20","31827087","31827367","10","3333046"
"chr5","35483339","35483404","chr19","1240888","1240952","23","34242451"
"chr5","35558741","35559043","chr20","32216556","32216863","15","3342185"
"chr5","35660336","35660566","chr20","32319454","32319684","6","3340882"
"chr5","35807549","35807796","chr2","66675666","66675920","52","30868117"
"chr5","35853012","35853314","chr20","32520135","32520424","24","3332877"
"chr5","35855032","35855346","chr20","32522142","32522445","21","3332890"
"chr5","35948791","35949082","chr20","32620566","32620868","20","3328225"
"chr5","35966011","35966283","chr20","67301700","67301973","43","31335689"
"chr5","35976337","35976634","chr9","5849715","5850009","47","30126622"
"chr5","36013456","36013756","chr3","103906951","103907262","81","67893495"
"chr5","36023375","36023678","chr14","103786709","103787018","34","67763334"
"chr5","36023699","36023997","chr20","32698603","32698871","35","3325096"
"chr5","36302996","36303299","chr20","32980608","32980903","17","3322388"
"chr5","36306320","36306618","chr20","32983985","32984287","15","3322335"
"chr5","36406340","36406632","chr20","33081997","33082283","11","3324343"
"chr5","36604722","36604829","chrX","104464779","104464890","27","67860057"
"chr5","37020394","37020692","chr20","33695720","33696016","13","3324674"
"chr5","37288776","37289069","chr20","33964040","33964328","16","3324736"
"chr5","37313556","37313846","chr20","33989130","33989424","14","3324426"
"chr5","37780899","37781203","chr20","34458089","34458392","16","3322810"
"chr5","37801808","37802122","chr20","34479288","34479599","17","3322520"
"chr5","38458624","38458906","chr20","35151884","35152163","8","3306740"
"chr5","38839984","38840260","chr13","73125528","73125810","52","34285544"
"chr5","38932866","38933147","chr1","29422067","29422358","48","9510799"
"chr5","39190986","39191281","chr20","35889445","35889744","25","3301541"
"chr5","39233181","39233481","chr20","35931414","35931716","9","3301767"
"chr5","39248528","39248830","chr20","35946745","35947042","9","3301783"
"chr5","39284978","39285126","chr12","19037809","19037962","30","20247169"
"chr5","39285431","39285562","chr13","26738522","26738652","20","12546909"
"chr5","39300553","39300854","chr20","35999587","35999894","32","3300966"
"chr5","39333502","39333804","chr20","36033026","36033323","10","3300476"
"chr5","39409750","39410054","chr20","36112762","36113071","14","3296988"
"chr5","39506602","39506902","chr20","36208717","36209016","2","3297885"
"chr5","39513844","39514141","chr12","94909752","94910053","47","55395908"
"chr5","39532204","39532514","chr16","7638577","7638878","46","31893627"
"chr5","39533660","39533969","chr20","36235943","36236253","17","3297717"
"chr5","39567260","39567394","chr2","55063458","55063595","17","15496198"
"chr5","39567705","39567872","chr7","145642119","145642281","29","106074414"
"chr5","39613406","39613718","chr20","36312318","36312630","17","3301088"
"chr5","39756526","39756796","chr1","47550041","47550302","36","7793515"
"chr5","39815718","39816040","chr20","36515649","36515973","16","3300069"
"chr5","39843525","39843761","chr20","36543698","36543937","8","3299827"
"chr5","40126701","40126803","chr20","36828552","36828658","7","3298149"
"chr5","40236206","40236421","chr4","25733321","25733536","37","14502885"
"chr5","40262682","40263044","chr20","36964995","36965360","22","3297687"
"chr5","40946943","40947235","chr2","168413957","168414242","42","127467014"
"chr5","40947270","40947287","chr13","77378324","77378343","11","36431054"
"chr5","41806930","41807229","chr20","38455047","38455347","13","3351883"
"chr5","41900205","41900488","chr20","38546754","38547037","5","3353451"
"chr5","42315725","42315950","chr20","38963681","38963904","19","3352044"
"chr5","42352633","42352933","chr5","33838217","33838517","39","8514416"
"chr5","42470321","42470601","chr10","77350859","77351141","43","34880538"
"chr5","42513688","42513988","chr1","56106334","56106635","34","13592646"
"chr5","42535042","42535191","chr20","39187515","39187662","7","3347527"
"chr5","42547623","42547917","chrX","103883275","103883565","50","61335652"
"chr5","42641754","42642039","chr20","39293797","39294092","24","3347957"
"chr5","42650629","42650731","chr5","23483255","23483362","16","19167374"
"chr5","42665441","42665749","chr1","37534526","37534836","40","5130915"
"chr5","42939336","42939641","chr20","39596315","39596619","7","3343021"
"chr5","43146668","43146970","chr20","39801747","39802044","8","3344921"
"chr5","43232803","43232968","chr20","39888309","39888487","18","3344494"
"chr5","43233000","43233125","chr20","61247127","61247256","12","18014127"
"chr5","43234263","43234438","chr1","117783693","117783865","41","74549430"
"chr5","43234477","43234658","chr12","54555273","54555451","34","11320796"
"chr5","43359072","43359360","chr20","40017535","40017825","9","3341537"
"chr5","43456705","43457004","chr20","40116483","40116778","12","3340222"
"chr5","43531713","43532028","chr20","40187019","40187335","20","3344694"
"chr5","43648221","43648466","chr14","107425542","107425783","34","63777321"
"chr5","43762312","43762618","chr1","214468591","214468899","44","170706279"
"chr5","43936138","43936432","chr20","40591429","40591725","18","3344709"
"chr5","43974420","43974716","chr20","40631480","40631784","17","3342940"
"chr5","44021159","44021465","chr2","134732822","134733126","43","90711663"
"chr5","44039823","44040129","chr20","40698385","40698692","7","3341438"
"chr5","44052023","44052302","chr20","40710537","40710816","8","3341486"
"chr5","44065894","44066209","chr13","103378952","103379257","44","59313058"
"chr5","44104842","44105149","chr19","51076947","51077252","51","6972105"
"chr5","44114250","44114528","chr20","40758912","40759187","7","3355338"
"chr5","44158711","44159011","chr20","40803658","40803960","19","3355053"
"chr5","44180715","44181025","chr2","184554529","184554839","43","140373814"
"chr5","44301298","44301609","chr20","40946867","40947179","20","3354431"
"chr5","44327218","44327514","chr20","40973596","40973905","24","3353622"
"chr5","44348786","44348986","chr20","40998573","40998772","5","3350213"
"chr5","44391604","44391742","chrX","101901062","101901192","23","57509458"
"chr5","44392042","44392206","chr15","45441335","45441502","27","1049293"
"chr5","44453845","44454166","chr20","41103183","41103499","16","3350662"
"chr5","44466629","44466935","chr20","41116251","41116565","18","3350378"
"chr5","44501559","44501854","chr20","41152499","41152794","8","3349060"
"chr5","44514595","44514767","chr15","96440767","96440936","29","51926172"
"chr5","44552880","44553183","chrX","112555156","112555464","49","68002276"
"chr5","44554725","44555025","chr19","48174971","48175267","39","3620246"
"chr5","44596190","44596474","chr20","41254546","41254818","24","3341644"
"chr5","44609879","44610183","chr20","41266207","41266516","19","3343672"
"chr5","44677809","44678111","chr20","41353021","41353320","6","3324788"
"chr5","44707980","44708280","chr20","41369257","41369568","26","3338723"
"chr5","44711221","44711348","chr8","38181713","38181843","13","6529508"
"chr5","44714055","44714216","chr5","102388657","102388812","30","57674602"
"chr5","44754859","44755170","chr20","41413902","41414203","18","3340957"
"chr5","45052258","45052569","chr20","41724002","41724309","19","3328256"
"chr5","45093570","45093874","chr7","24927297","24927594","45","20166273"
"chr5","45298630","45298935","chr20","41967015","41967322","24","3331615"
"chr5","45450190","45450313","chr15","2185236","2185358","13","43264954"
"chr5","45592618","45592869","chr3","127662993","127663237","52","82070375"
"chr5","45741115","45741404","chr20","42420755","42421006","43","3320360"
"chr5","46031531","46031760","chr20","42706738","42706967","7","3324793"
"chr5","46070770","46071063","chr20","42746174","42746465","8","3324596"
"chr5","46086157","46086452","chr8","120564317","120564609","43","74478160"
"chr5","46227421","46227598","chr11","57418414","57418583","33","11190993"
"chr5","46298250","46298514","chr20","42971034","42971296","12","3327216"
"chr5","46333172","46333455","chr20","43005292","43005558","25","3327880"
"chr5","46663606","46663918","chr6","160346591","160346884","27","113682985"
"chr5","47069824","47070125","chr20","43741471","43741775","20","3328353"
"chr5","47494686","47494945","chr15","42520394","42520654","35","4974292"
"chr5","47628654","47628955","chr2","87560199","87560499","40","39931545"
"chr5","48015549","48015837","chr20","44491898","44492186","14","3523651"
"chr5","48253973","48254264","chr20","44732322","44732609","24","3521651"
"chr5","48416859","48417121","chr20","44895877","44896123","24","3520982"
"chr5","48439026","48439341","chr20","44918692","44919010","29","3520334"
"chr5","48691456","48691683","chr20","45176902","45177129","7","3514554"
"chr5","48751381","48751615","chr10","19937367","19937605","45","28814014"
"chr5","48788240","48788523","chr20","45274655","45274943","9","3513585"
"chr5","48858222","48858523","chr20","45347321","45347619","11","3510901"
"chr5","49185191","49185508","chr20","45672171","45672505","28","3513020"
"chr5","49443535","49443822","chr20","45938174","45938463","9","3505361"
"chr5","49560631","49560926","chr8","124953535","124953832","37","75392904"
"chr5","49619539","49619850","chr20","46117573","46117885","16","3501966"
"chr5","49643230","49643535","chr20","46141791","46142089","18","3501439"
"chr5","49763102","49763390","chr20","46257308","46257596","12","3505794"
"chr5","50003479","50003737","chr20","46496317","46496563","29","3507162"
"chr5","50588292","50588574","chr2","36841273","36841550","52","13747019"
"chr5","50600169","50600465","chr20","47100289","47100590","12","3499880"
"chr5","51295799","51296094","chr20","47796759","47797055","24","3499040"
"chr5","51343241","51343536","chr20","47844306","47844601","12","3498935"
"chr5","51460467","51460773","chr20","47962959","47963263","5","3497508"
"chr5","51476987","51477294","chr20","47979319","47979628","8","3497668"
"chr5","51682137","51682427","chr20","66358182","66358460","47","14676045"
"chr5","51911456","51911734","chr15","97061406","97061689","38","45149950"
"chr5","51912627","51912897","chrX","6080281","6080533","67","45832346"
"chr5","52163574","52163724","chr7","59776737","59776890","38","7613163"
"chr5","52297149","52297483","chr20","48812397","48812727","11","3484752"
"chr5","52298722","52299005","chr20","48814271","48814554","2","3484451"
"chr5","52325136","52325439","chr20","48838437","48838740","29","3486699"
"chr5","52369796","52370093","chr1","79418880","79419161","62","27049084"
"chr5","52382950","52383253","chr20","48897330","48897633","11","3485620"
"chr5","52390720","52391026","chr20","48905101","48905400","13","3485619"
"chr5","52395134","52395300","chr20","48909448","48909614","5","3485686"
"chr5","52406121","52406326","chr7","77247694","77247896","37","24841573"
"chr5","52406730","52407017","chr8","63420825","63421118","40","11014095"
"chr5","52469677","52469971","chr20","48984371","48984663","10","3485306"
"chr5","52471165","52471477","chrX","28745828","28746133","44","23725337"
"chr5","52729576","52729892","chr20","56680208","56680525","10","3950632"
"chr5","52737592","52737802","chr20","56670406","56670615","5","3932814"
"chr5","52745281","52745581","chr1","21962202","21962509","41","30783079"
"chr5","52921540","52921828","chr20","56487669","56487958","15","3566129"
"chr5","52947243","52947537","chr20","56462112","56462406","8","3514869"
"chr5","53001760","53002072","chr20","56407659","56407976","17","3405899"
"chr5","53071171","53071471","chr20","56340264","56340564","7","3269093"
"chr5","53082456","53082745","chr20","56329652","56329945","12","3247196"
"chr5","53091717","53091925","chr20","56320845","56321054","8","3229128"
"chr5","53132032","53132328","chr20","56274187","56274483","11","3142155"
"chr5","53173683","53173968","chr3","12839612","12839895","29","40334071"
"chr5","53218567","53218876","JH682236","41975","42285","7","53176592"
"chr5","53261223","53261518","JH682236","86391","86684","8","53174832"
"chr5","53279103","53279406","chrX","129082790","129083085","46","75803687"
"chr5","53332214","53332400","chr15","45441335","45441502","41","7890879"
"chr5","53337184","53337479","JH682236","167123","167419","8","53170061"
"chr5","53404352","53404496","JH682236","238179","238320","8","53166173"
"chr5","53412815","53413078","JH682236","247738","248001","3","53165077"
"chr5","53414138","53414424","JH682236","249063","249349","5","53165075"
"chr5","53467271","53467509","chr20","56207070","56207309","7","2739799"
"chr5","53489570","53489820","chr20","56185174","56185428","19","2695604"
"chr5","53528376","53528536","chr1","142750171","142750329","23","89221795"
"chr5","53528537","53528694","chr19","35471280","35471437","29","18057257"
"chr5","53566514","53566748","chr18","10177832","10178069","42","43388682"
"chr5","53609373","53609673","chr20","56059720","56060018","13","2450347"
"chr5","53618706","53619005","chrX","28745828","28746133","43","24872878"
"chr5","53631635","53631944","chr20","56037775","56038085","12","2406140"
"chr5","53645531","53645828","chr12","32958469","32958764","32","20687062"
"chr5","53654647","53654940","chr20","56012428","56012719","11","2357781"
"chr5","53656980","53657095","chr11","131780560","131780675","14","78123580"
"chr5","53657419","53657626","chr1","190982479","190982687","40","137325060"
"chr5","53676461","53676756","chr20","55985347","55985648","16","2308886"
"chr5","53718858","53719020","chr16","70198814","70198977","24","16479956"
"chr5","53719329","53719458","chr2","60232972","60233096","18","6513643"
"chr5","53738062","53738207","chr4","41177678","41177819","23","12560384"
"chr5","53919485","53919770","chr20","55744306","55744595","15","1824821"
"chr5","54282065","54282372","chr20","55388813","55389123","15","1106748"
"chr5","54437047","54437339","chr20","55239451","55239725","22","802404"
"chr5","54545735","54546062","chr20","55130771","55131080","33","585036"
"chr5","54644203","54644410","chr3","101469536","101469751","50","46825333"
"chr5","54785029","54785326","chr20","54893686","54893983","20","108657"
"chr5","54786005","54786292","chr4","30108991","30109277","38","24677014"
"chr5","54807170","54807459","chr20","54871459","54871759","27","64289"
"chr5","54839215","54839519","chr20","54837401","54837714","18","1814"
"chr5","54849032","54849336","chr20","54827846","54828149","10","21186"
"chr5","54903550","54903869","chr20","54771615","54771926","15","131935"
"chr5","55002001","55002308","chr16","63451959","63452267","37","8449958"
"chr5","55037120","55037404","chr20","54655778","54656059","12","381342"
"chr5","55053613","55053912","chr20","54629282","54629569","19","424331"
"chr5","55089339","55089641","chr1","161208784","161209087","57","106119445"
"chr5","55184717","55185014","chrX","25734220","25734518","39","29450497"
"chr5","55197632","55197926","chr14","17001883","17002179","36","38195749"
"chr5","55343699","55343997","chr10","31480620","31480919","40","23863079"
"chr5","55405188","55405471","chr20","54286222","54286522","22","1118966"
"chr5","55492823","55492856","chr6","171887411","171887444","5","116394588"
"chr5","55493269","55493355","chr2","16067768","16067855","21","39425501"
"chr5","55524722","55524907","chr20","54157538","54157707","20","1367184"
"chr5","55786903","55787202","chr2","176864663","176864968","47","121077760"
"chr5","55807355","55807637","chr20","53870708","53870990","15","1936647"
"chr5","55833426","55833683","chr20","53844317","53844578","17","1989109"
"chr5","56044432","56044734","chr20","53629908","53630216","18","2414524"
"chr5","56161973","56162274","chr20","53512006","53512306","21","2649967"
"chr5","56199098","56199407","chr20","53474898","53475207","12","2724200"
"chr5","56299083","56299293","chr1","85737563","85737773","34","29438480"
"chr5","56977810","56978133","chr20","52705198","52705530","18","4272612"
"chr5","56992732","56993029","chr20","52689979","52690285","20","4302753"
"chr5","57050201","57050493","chr13","102274665","102274959","51","45224464"
"chr5","57184595","57184802","chr1","24031953","24032166","39","33152642"
"chr5","57235249","57235555","chr20","52447489","52447791","15","4787760"
"chr5","57413859","57414163","chr20","52283651","52283944","22","5130208"
"chr5","57429296","57429591","chr20","52267814","52268121","21","5161482"
"chr5","57453845","57454136","chr20","52242367","52242654","9","5211478"
"chr5","57496832","57497132","chr20","52198675","52198965","24","5298157"
"chr5","57507016","57507301","chr20","52187996","52188282","7","5319020"
"chr5","57517947","57518311","chr3","76919772","76920120","75","19401825"
"chr5","57569943","57570244","chr3","70371550","70371841","65","12801607"
"chr5","57580862","57581068","chr11","130993705","130993911","34","73412843"
"chr5","57695666","57695925","chr5","1843002","1843271","54","55852664"
"chr5","57826268","57826566","chr20","51863765","51864062","5","5962503"
"chr5","57859087","57859390","chr11","94243832","94244144","45","36384745"
"chr5","57892433","57892555","chr20","51796168","51796290","0","6096265"
"chr5","57910090","57910214","chr20","51796168","51796290","7","6113922"
"chr5","57929742","57930009","chr20","51758604","51758873","11","6171138"
"chr5","57931923","57932157","chr9","104154211","104154453","36","46222288"
"chr5","57976320","57976453","chr1","185385948","185386082","19","127409628"
"chr5","57995201","57995508","chr4","54550256","54550558","61","3444945"
"chr5","57997755","57998033","chr20","51690270","51690573","30","6307485"
"chr5","58047471","58047616","chr20","51639884","51640030","3","6407587"
"chr5","58109130","58109284","chr13","42872857","42873006","27","15236273"
"chr5","58121879","58122016","chr4","132594729","132594868","28","74472850"
"chr5","58122017","58122323","chr20","51565125","51565438","32","6556892"
"chr5","58122324","58122384","chr3","55441801","55441851","16","2680523"
"chr5","58175249","58175544","chr20","51518766","51519057","12","6656483"
"chr5","58203930","58204227","chr5","52432809","52433108","46","5771121"
"chr5","58223270","58223453","chr4","4533876","4534048","48","53689394"
"chr5","58283627","58283924","chr20","51403921","51404210","13","6879706"
"chr5","58285594","58285816","chr20","51402009","51402231","4","6883585"
"chr5","58296982","58297277","chr20","51390534","51390828","6","6906448"
"chr5","58327910","58328171","chr20","51363231","51363508","19","6964679"
"chr5","58334319","58334466","chr20","51345703","51345850","5","6988616"
"chr5","58364451","58364607","chr19","35471280","35471437","25","22893171"
"chr5","58369916","58370214","chr20","51313695","51313993","6","7056221"
"chr5","58390248","58390552","chr20","51292105","51292409","6","7098143"
"chr5","58426325","58426626","chr9","101986919","101987217","25","43560594"
"chr5","58440906","58441196","chr20","51242106","51242393","10","7198800"
"chr5","58504346","58504563","chr20","51173264","51173481","3","7331082"
"chr5","58506316","58506611","chr16","50757049","50757341","37","7749267"
"chr5","58508267","58508431","chr19","17186615","17186779","28","41321652"
"chr5","58534581","58534880","chr20","51143537","51143836","8","7391044"
"chr5","58542668","58542969","chr3","48389210","48389510","41","10153458"
"chr5","58561356","58561671","chr20","51112901","51113193","33","7448455"
"chr5","58565322","58565598","chr13","102449824","102450097","47","43884502"
"chr5","58566529","58566832","chr20","51107583","51107887","16","7458946"
"chr5","58617692","58617988","chr20","51054226","51054518","18","7563466"
"chr5","58625390","58625707","chr20","51046139","51046451","19","7579251"
"chr5","58636765","58637058","chr8","27479124","27479422","33","31157641"
"chr5","58649503","58649799","chr20","51025083","51025377","7","7624420"
"chr5","58669555","58669853","chr20","51003944","51004239","10","7665611"
"chr5","58728042","58728339","chr20","70817416","70817712","39","12089374"
"chr5","58732058","58732361","chr20","50941454","50941757","19","7790604"
"chr5","58837353","58837640","chr6","158066224","158066513","39","99228871"
"chr5","59006001","59006336","chr4","107837718","107838041","82","48831717"
"chr5","59149600","59149779","chr20","50520982","50521159","10","8628618"
"chr5","59205275","59205570","chr20","50463896","50464191","10","8741379"
"chr5","59222673","59222978","chr20","50446008","50446323","18","8776665"
"chr5","59228503","59228626","chr15","2185236","2185358","8","57043267"
"chr5","59232475","59232767","chr20","50437888","50438179","11","8794587"
"chr5","59273868","59274161","chr20","50394937","50395220","18","8878931"
"chr5","59302592","59302759","chr20","50363619","50363786","4","8938973"
"chr5","59322343","59322633","chr20","50343464","50343755","11","8978879"
"chr5","59371835","59372051","chr20","50294757","50294985","16","9077078"
"chr5","59374863","59375162","chr1","9582599","9582892","42","49792264"
"chr5","59390263","59390557","chr20","50278566","50278860","2","9111697"
"chr5","59397035","59397335","chr20","50271902","50272202","6","9125133"
"chr5","59407217","59407516","chr20","50261348","50261653","15","9145869"
"chr5","59491572","59491819","chr8","2881273","2881520","36","56610299"
"chr5","59527215","59527495","chr6","48014414","48014697","41","11512801"
"chr5","59563202","59563488","chr20","50103755","50104047","21","9459447"
"chr5","59572786","59573066","chr7","48823099","48823387","41","10749687"
"chr5","59600511","59600818","chr20","50065354","50065657","13","9535157"
"chr5","59641916","59642213","chr20","50020876","50021173","10","9621040"
"chr5","59749718","59750024","chr20","49908220","49908527","7","9841498"
"chr5","59821946","59822115","chr1","56150277","56150446","23","3671669"
"chr5","59833382","59833599","chr19","11080445","11080662","34","48752937"
"chr5","59843364","59843671","chr20","49816647","49816951","13","10026717"
"chr5","59844458","59844600","chr20","51964211","51964344","37","7880247"
"chr5","59852494","59852616","chr17","47664623","47664744","19","12187871"
"chr5","59877749","59878037","chr20","49779438","49779740","25","10098311"
"chr5","59965669","59965910","chr6","74313759","74314003","36","14348090"
"chr5","59983698","59983834","chr11","74966065","74966200","20","14982367"
"chr5","59984140","59984311","chr1","19775982","19776154","29","40208158"
"chr5","60000080","60000380","chr20","49658028","49658327","8","10342052"
"chr5","60202773","60203084","chr20","49455533","49455845","5","10747240"
"chr5","60236400","60236567","chr2","18802684","18802843","32","41433716"
"chr5","60283939","60284060","chr20","49374032","49374152","4","10909907"
"chr5","60284205","60284517","chr20","49373587","49373888","15","10910618"
"chr5","60329071","60329373","chr20","49327465","49327763","10","11001606"
"chr5","60329377","60329682","chr20","49327157","49327459","10","11002220"
"chr5","60335855","60336032","chr1","1580453","1580620","34","58755402"
"chr5","60336279","60336289","chr9","32916732","32916748","11","27419547"
"chr5","60336594","60336908","chr20","49319091","49319416","19","11017503"
"chr5","60401553","60401843","chr20","49260895","49261197","18","11140658"
"chr5","60426440","60426759","chr20","49244174","49244495","16","11182266"
"chr5","60436523","60436655","chrX","129542156","129542287","15","69105633"
"chr5","60436973","60437144","chr1","19775982","19776154","29","40660991"
"chr5","60612204","60612487","chr20","56843375","56843657","7","3768829"
"chr5","60750133","60750427","chr20","56989022","56989328","21","3761111"
"chr5","60826481","60826790","chr1","12549134","12549442","35","48277347"
"chr5","60876649","60876944","chr5","148857207","148857492","37","87980558"
"chr5","60877959","60878272","chr10","78900523","78900835","40","18022564"
"chr5","60894965","60895098","chr11","74966065","74966200","12","14071100"
"chr5","60895734","60895900","chr4","103847078","103847239","28","42951344"
"chr5","60904449","60904813","chr11","110936178","110936522","82","50031729"
"chr5","60911511","60911656","chr19","33352385","33352541","33","27559126"
"chr5","60912540","60912828","chr20","57157737","57158039","21","3754803"
"chr5","60939483","60939798","chr20","57186025","57186335","9","3753458"
"chr5","60940398","60940603","chr15","101742162","101742378","43","40801764"
"chr5","60991096","60991388","chr20","57239532","57239814","23","3751564"
"chr5","61039684","61039984","chr20","57286947","57287251","13","3752737"
"chr5","61090871","61091055","chr20","57342378","57342561","7","3748493"
"chr5","61102579","61102892","chr20","57355461","57355770","25","3747118"
"chr5","61130846","61131146","chr1","19603624","19603931","56","41527222"
"chr5","61263594","61263738","chr20","57523082","57523226","0","3740512"
"chr5","61429998","61430127","chr6","74452348","74452476","17","13022350"
"chr5","61566785","61566937","chr2","77839763","77839912","25","16272978"
"chr5","62333735","62333984","chr20","58604896","58605176","52","3728839"
"chr5","62506523","62506821","chr20","58780405","58780699","11","3726118"
"chr5","62510690","62510978","chr20","58784553","58784847","17","3726137"
"chr5","62671616","62671918","chr20","58951222","58951521","24","3720394"
"chr5","62682656","62682972","chr20","58962380","58962702","15","3720276"
"chr5","62685603","62685933","chr1","160157148","160157463","63","97471545"
"chr5","62690840","62691135","chr20","58970268","58970570","17","3720572"
"chr5","62895522","62895797","chr20","59182543","59182835","28","3712979"
"chr5","62903403","62903705","chr20","59190444","59190747","15","3712959"
"chr5","62953578","62953884","chr2","105017279","105017578","55","42063701"
"chr5","63053946","63054233","chr20","59340317","59340604","6","3713629"
"chr5","63111450","63111756","chr5","94774406","94774706","41","31662956"
"chr5","63216188","63216496","chr20","59506912","59507201","35","3709276"
"chr5","63252687","63252993","chr20","59542713","59543010","26","3709974"
"chr5","63266558","63266825","chr20","59557842","59558085","29","3708716"
"chr5","63347949","63348181","chr20","59639938","59640204","35","3708011"
"chr5","63411555","63411872","chr11","91845887","91846187","68","28434332"
"chr5","63509397","63509686","chr20","59804866","59805155","9","3704531"
"chr5","63523194","63523498","chr18","32322442","32322745","54","31200752"
"chr5","63541993","63542114","chr4","41178524","41178642","37","22363469"
"chr5","63610919","63611223","chr20","59905340","59905646","15","3705579"
"chr5","63619088","63619372","chr20","29320881","29321165","28","34298207"
"chr5","63705569","63705857","chr20","60001191","60001481","10","3704378"
"chr5","63764733","63765035","chr2","137380627","137380925","41","73615894"
"chr5","63890385","63890643","chr5","100436421","100436678","50","36546036"
"chr5","64086451","64086742","chr20","60384749","60385043","10","3701702"
"chr5","64110324","64110492","chr20","60408135","60408317","15","3702189"
"chr5","64158529","64158693","chrX","68163275","68163440","26","4004746"
"chr5","64158994","64159120","chr3","43168812","43168927","22","20990182"
"chr5","64165563","64165851","chr12","95210383","95210682","41","31044820"
"chr5","64218846","64219151","chr20","60517419","60517718","16","3701427"
"chr5","64360432","64360729","chr20","60660196","60660489","23","3700236"
"chr5","64544773","64544971","chr6","133593705","133593906","34","69048932"
"chr5","64581104","64581407","chr20","60878764","60879067","15","3702340"
"chr5","64699951","64700215","chr20","60996721","60996985","17","3703230"
"chr5","65087373","65087593","chr20","61384278","61384508","17","3703095"
"chr5","65177177","65177457","chr20","61473990","61474270","10","3703187"
"chr5","65441426","65441723","chr20","61740333","61740628","24","3701093"
"chr5","65464042","65464314","chr20","61762875","61763148","11","3701167"
"chr5","65768286","65768578","chrX","88345305","88345589","49","22577019"
"chr5","66222255","66222352","chr20","62528229","62528326","2","3694026"
"chr5","66236155","66236457","chr20","62542014","62542319","12","3694141"
"chr5","66248437","66248760","chr2","98436125","98436433","47","32187688"
"chr5","66346967","66347253","chr20","62652907","62653197","16","3694060"
"chr5","66364684","66364843","chr20","62670737","62670888","13","3693947"
"chr5","66546912","66547262","chr20","62854726","62855071","17","3692186"
"chr5","66640959","66641285","chr20","37257431","37257757","67","29383528"
"chr5","66658148","66658422","chr20","62967144","62967437","27","3691004"
"chr5","66662930","66663226","chr20","62971843","62972142","9","3691087"
"chr5","66943123","66943403","chr20","63255213","63255485","17","3687910"
"chr5","66969622","66969915","chr20","63280680","63280998","36","3688942"
"chr5","67147676","67147984","chr20","27318388","27318698","35","39829288"
"chr5","67321344","67321653","chr20","63627123","63627429","14","3694221"
"chr5","67324844","67325139","chr20","63630311","63630614","23","3694533"
"chr5","67904501","67904819","chr3","85139471","85139793","54","17234970"
"chr5","68119892","68120190","chr20","64427939","64428245","17","3691953"
"chr5","68139509","68139711","chr20","64447485","64447686","11","3692024"
"chr5","68189284","68189542","chr20","64497200","64497460","8","3692084"
"chr5","68198213","68198521","chr20","64506123","64506433","16","3692090"
"chr5","68206940","68207247","chr1","13175932","13176238","46","55031008"
"chr5","68241339","68241626","chr20","64549122","64549420","21","3692217"
"chr5","68275360","68275676","chr20","64582752","64583066","13","3692608"
"chr5","68289920","68290151","chr20","64597274","64597511","17","3692646"
"chr5","68340773","68341082","chr13","103378952","103379257","44","35038179"
"chr5","68525981","68526284","chr20","64838404","64838715","18","3687577"
"chr5","68708933","68709206","chr20","65028330","65028602","9","3680603"
"chr5","69036785","69037084","chr20","65355632","65355933","13","3681153"
"chr5","69195113","69195415","chr20","65512268","65512578","17","3682845"
"chr5","69355315","69355672","chr20","65667844","65668200","12","3687471"
"chr5","69408840","69409139","chr20","65721753","65722042","22","3687087"
"chr5","69510048","69510334","chr20","65824976","65825266","13","3685072"
"chr5","69511565","69511845","chr20","65826488","65826768","11","3685077"
"chr5","69554955","69555281","chr20","65873168","65873510","26","3681787"
"chr5","69558052","69558347","chr20","70817416","70817712","31","1259364"
"chr5","69561019","69561299","chr1","54620116","54620415","67","14940903"
"chr5","69601644","69601925","chr14","111253854","111254146","59","41652210"
"chr5","70025772","70025879","chr18","49133671","49133782","30","20892101"
"chr5","70026882","70026951","chr4","45000002","45000084","22","25026880"
"chr5","70029643","70029929","chr20","66345173","66345475","28","3684470"
"chr5","70136742","70137037","chr20","66450780","66451070","9","3685962"
"chr5","70252155","70252438","chr20","66567689","66567971","12","3684466"
"chr5","70368658","70368883","chr19","2522109","2522332","40","67846549"
"chr5","70386765","70387071","chr20","66705528","66705845","26","3681237"
"chr5","70408795","70408963","chr20","66727640","66727807","4","3681155"
"chr5","70434519","70434811","chr20","66755178","66755477","23","3679341"
"chr5","70522505","70522811","chr1","56106334","56106635","38","14416171"
"chr5","70532491","70532787","chr8","90747835","90748134","49","20215344"
"chr5","70672132","70672429","chr20","66995159","66995444","26","3676973"
"chr5","70705994","70706302","chr3","82599742","82600047","41","11893748"
"chr5","70886775","70887059","chr3","38884850","38885151","61","32001925"
"chr5","70888334","70888619","chr20","67212966","67213252","11","3675368"
"chr5","70976255","70976532","chr20","67301700","67301973","10","3674555"
"chr5","71098991","71099293","chr8","75788005","75788310","39","4689014"
"chr5","71144740","71145020","chr1","139265170","139265450","48","68120430"
"chr5","71162097","71162402","chr20","67487857","67488162","11","3674240"
"chr5","71178412","71178707","chr20","67506862","67507158","15","3671550"
"chr5","72080338","72080408","chr20","459004","459074","9","71621334"
"chr5","72086389","72086681","chr20","68422803","68423096","15","3663586"
"chr5","72182161","72182468","chr20","68526225","68526536","21","3655936"
"chr5","72270284","72270590","chr20","68609944","68610247","11","3660340"
"chr5","72367639","72367935","chr20","68707672","68707969","14","3659967"
"chr5","72499077","72499369","chr16","17212584","17212873","45","55286493"
"chr5","72611329","72611636","chr20","68956903","68957211","13","3654426"
"chr5","72650836","72651132","chr20","68994705","68995001","18","3656131"
"chr5","72690801","72691119","chr20","69034222","69034520","36","3656579"
"chr5","72720071","72720358","chr20","69063811","69064099","8","3656260"
"chr5","72786457","72786767","chr18","49887705","49888015","39","22898752"
"chr5","72804821","72805112","chr20","69150571","69150857","16","3654250"
"chr5","72848565","72848850","chr1","213558170","213558454","30","140709605"
"chr5","72901952","72902253","chr7","161195069","161195366","38","88293117"
"chr5","72938312","72938620","chr20","69281454","69281765","17","3656858"
"chr5","73161688","73161984","chr20","69493822","69494137","38","3667866"
"chr5","73167853","73168148","chr20","69501259","69501556","21","3666594"
"chr5","73168161","73168465","chr2","33458855","33459158","47","39709306"
"chr5","73206405","73206554","chr20","69546252","69546409","16","3660153"
"chr5","73280759","73281063","chr20","69621708","69622018","19","3659051"
"chr5","73281069","73281366","chr20","69622023","69622319","12","3659046"
"chr5","73332413","73332723","chr12","36444891","36445198","36","36887522"
"chr5","73359456","73359754","chr20","69701345","69701629","24","3658111"
"chr5","74067253","74067422","chr20","70400681","70400859","20","3666572"
"chr5","74109911","74110076","chr20","70443334","70443490","18","3666577"
"chr5","74447304","74447593","chr20","70786656","70786945","21","3660648"
"chr5","74477827","74478119","chr20","70817416","70817712","17","3660411"
"chr5","74572118","74572429","chr4","38051245","38051555","42","36520873"
"chr5","74591249","74591445","chr5","157311330","157311525","33","82720081"
"chr5","74591738","74591869","chr8","38181713","38181843","18","36410025"
"chr5","74604146","74604239","chr2","102238119","102238214","12","27633973"
"chr5","74620330","74620627","chr20","70981342","70981651","21","3638988"
"chr5","74809339","74809631","chr8","75918467","75918759","36","1109128"
"chr5","74830364","74830641","chr20","71198075","71198350","13","3632289"
"chr5","74845219","74845517","chr1","27513704","27514001","40","47331515"
"chr5","74944217","74944502","chr20","71302262","71302545","10","3641955"
"chr5","74961059","74961334","chr5","148909691","148909972","46","73948632"
"chr5","74995280","74995446","chr1","140999555","140999719","38","66004275"
"chr5","75016087","75016376","chr9","71562572","71562860","34","3453515"
"chr5","75061725","75061882","chr19","35471280","35471437","25","39590445"
"chr5","75084455","75084632","chrX","123220583","123220753","29","48136128"
"chr5","75136878","75137182","chr20","71514781","71515084","15","3622097"
"chr5","75144571","75144872","chr20","71523795","71524096","6","3620776"
"chr5","75170875","75171170","chr1","132119425","132119716","43","56948550"
"chr5","75195009","75195298","chr15","27498585","27498875","41","47696424"
"chr5","75197806","75198101","chr6","110755397","110755706","55","35557591"
"chr5","75249931","75250083","chr20","69492732","69492872","41","5757199"
"chr5","75250390","75250407","chr9","32916732","32916748","12","42333658"
"chr5","75281972","75282274","chr16","15249800","15250100","37","60032172"
"chr5","75348542","75348626","chr6","106940143","106940225","22","31591601"
"chr5","75349810","75350108","chr16","19889407","19889704","39","55460403"
"chr5","75381342","75381649","chr20","71775050","71775357","13","3606292"
"chr6","44040126","44040425","chr19","44183597","44183908","26","143471"
"chr6","2752247","2752541","chr19","2765460","2765749","24","13213"
"chr6","29229052","29229369","chr9","105365919","105366231","47","76136867"
"chr6","21059","21370","chr19","20448","20759","17","611"
"chr6","57520","57687","chr19","69361","69523","12","11841"
"chr6","57996","58049","chrX","123221742","123221792","7","123163746"
"chr6","85301","85594","chr20","26211185","26211483","41","26125884"
"chr6","155876","156188","chr19","153150","153459","20","2726"
"chr6","175956","176279","chr19","175647","175970","14","309"
"chr6","250472","250780","chr3","40329161","40329469","42","40078689"
"chr6","286661","286968","chr19","280671","280974","25","5990"
"chr6","302466","302775","chr2","1378446","1378754","40","1075980"
"chr6","316289","316586","chr19","306815","307118","18","9474"
"chr6","374231","374533","chr3","114426042","114426347","49","114051811"
"chr6","378535","378831","chr19","361103","361399","7","17432"
"chr6","379464","379733","chr12","81154490","81154759","41","80775026"
"chr6","447142","447374","chr14","107425542","107425783","48","106978400"
"chr6","455387","455467","chr19","439016","439096","6","16371"
"chr6","528957","529106","chr6","103586508","103586652","19","103057551"
"chr6","580201","580345","chr1","29749515","29749661","16","29169314"
"chr6","583729","584008","chrX","122466724","122467006","38","121882995"
"chr6","609430","609683","chr7","156778218","156778475","47","156168788"
"chr6","654641","654813","chr1","19775982","19776154","26","19121341"
"chr6","697271","697577","chr7","15835638","15835945","36","15138367"
"chr6","726790","727043","chr7","76988427","76988663","57","76261637"
"chr6","742977","743231","chr15","56759119","56759369","43","56016142"
"chr6","856052","856346","chr4","17927339","17927636","40","17071287"
"chr6","883673","883949","chr19","846873","847150","26","36800"
"chr6","967592","967792","chr1","9378215","9378411","37","8410623"
"chr6","969616","969779","chr7","109090487","109090649","26","108120871"
"chr6","985955","986209","chr19","955767","956027","13","30188"
"chr6","1102997","1103284","chr19","1088226","1088512","10","14771"
"chr6","1109014","1109325","chr19","1096620","1096926","15","12394"
"chr6","1141263","1141395","chrX","101901062","101901192","16","100759799"
"chr6","1143850","1144151","chr19","1127715","1128006","28","16135"
"chr6","1166279","1166470","chr5","127863743","127863936","34","126697464"
"chr6","1258489","1258559","chr19","1240888","1240952","7","17601"
"chr6","1331784","1332013","chr5","177068332","177068563","40","175736548"
"chr6","1423408","1423494","chr13","103651745","103651827","15","102228337"
"chr6","1448939","1449246","chr12","6396661","6396970","49","4947722"
"chr6","1477182","1477350","chr2","50073640","50073802","33","48596458"
"chr6","1477354","1477664","chr6","51874693","51875002","38","50397339"
"chr6","1477982","1478113","chr1","129824074","129824204","17","128346092"
"chr6","1482001","1482251","chr19","1473729","1473980","8","8272"
"chr6","1508929","1509100","chr15","104059016","104059193","28","102550087"
"chr6","1509437","1509568","chr1","137395099","137395229","14","135885662"
"chr6","1528965","1529205","chr19","1512973","1513213","12","15992"
"chr6","1697362","1697655","chr19","1683509","1683800","11","13853"
"chr6","1712442","1712721","chr19","1696614","1696890","17","15828"
"chr6","1746597","1746853","chr19","1729626","1729882","4","16971"
"chr6","1797335","1797592","chr10","62691181","62691448","44","60893846"
"chr6","1802595","1802891","chrX","129082790","129083085","37","127280195"
"chr6","1809567","1809812","chr11","104066862","104067105","37","102257295"
"chr6","1852995","1853302","chr19","1837649","1837953","7","15346"
"chr6","1856789","1856917","chr2","60232972","60233096","15","58376183"
"chr6","1857221","1857260","chr5","116425388","116425425","14","114568167"
"chr6","1887824","1888123","chr19","1876698","1876998","13","11126"
"chr6","1904977","1905275","chr20","27092013","27092310","49","25187036"
"chr6","1919732","1919930","chr19","1909756","1909946","20","9976"
"chr6","1972125","1972419","chr19","1964151","1964445","4","7974"
"chr6","1983276","1983441","chr4","45003653","45003811","30","43020377"
"chr6","2069363","2069662","chr10","28361479","28361787","38","26292116"
"chr6","2166895","2167050","JH679934","21072","21224","9","2145823"
"chr6","2175899","2176252","chr12","74266998","74267321","84","72091099"
"chr6","2182163","2182471","chr6","75432545","75432847","38","73250382"
"chr6","2182491","2182771","chr9","50092949","50093230","42","47910458"
"chr6","2186117","2186409","chr17","35549106","35549396","72","33362989"
"chr6","2191168","2191426","chr4","49925316","49925564","61","47734148"
"chr6","2214477","2214612","chr1","30028124","30028263","13","27813647"
"chr6","2214913","2215033","chr10","19214340","19214458","39","16999427"
"chr6","2291194","2291494","chr19","2280116","2280416","11","11078"
"chr6","2313217","2313348","chr12","80262012","80262141","20","77948795"
"chr6","2322851","2323015","chr19","2315918","2316082","6","6933"
"chr6","2378977","2379273","chr12","80500631","80500931","33","78121654"
"chr6","2386202","2386511","chr19","46111215","46111513","47","43725013"
"chr6","2445254","2445567","chr5","58041009","58041316","41","55595755"
"chr6","2516036","2516322","chr19","2511663","2511951","12","4373"
"chr6","2599630","2599693","chr15","38389824","38389887","21","35790194"
"chr6","2660089","2660368","chr19","2664934","2665232","39","4845"
"chr6","2738776","2738949","chr9","29253173","29253348","28","26514397"
"chr6","2787013","2787325","chr18","16317024","16317330","44","13530011"
"chr6","2888132","2888442","chr19","2906334","2906644","11","18202"
"chr6","2892151","2892447","chr19","2910523","2910825","24","18372"
"chr6","2892940","2893212","chr8","119022458","119022717","43","116129518"
"chr6","2911789","2912108","chr19","2928640","2928963","11","16851"
"chr6","2935205","2935504","chr19","2951893","2952192","21","16688"
"chr6","3100137","3100433","chr8","93313106","93313401","45","90212969"
"chr6","3147350","3147628","chr14","106355662","106355935","36","103208312"
"chr6","3168176","3168460","chr12","86498755","86499037","45","83330579"
"chr6","3176153","3176417","chr8","65831698","65831974","41","62655545"
"chr6","3186241","3186415","chr1","47026703","47026870","29","43840462"
"chr6","3186719","3186857","chr11","74966065","74966200","19","71779346"
"chr6","3250306","3250444","chr11","107800157","107800295","19","104549851"
"chr6","3326465","3326755","chr19","3359572","3359858","25","33107"
"chr6","3357909","3358230","chr12","34076286","34076616","53","30718377"
"chr6","3496459","3496767","chrX","44377513","44377820","45","40881054"
"chr6","3499700","3499923","chr1","64171499","64171728","42","60671799"
"chr6","3516164","3516469","chr12","35940871","35941175","36","32424707"
"chr6","3555531","3555840","chr14","15341657","15341965","34","11786126"
"chr6","3658144","3658444","chr15","105630305","105630601","43","101972161"
"chr6","3681101","3681352","chrX","6080281","6080533","64","2399180"
"chr6","3687180","3687380","chr1","9378215","9378411","25","5691035"
"chr6","3702486","3702666","chr9","42858605","42858783","31","39156119"
"chr6","3745057","3745368","chr19","3787016","3787329","19","41959"
"chr6","3760442","3760728","chr19","3804404","3804690","10","43962"
"chr6","3806599","3806765","chr11","31268533","31268700","48","27461934"
"chr6","3828109","3828421","chr19","3880594","3880898","38","52485"
"chr6","3869654","3869898","chr19","3923749","3923986","11","54095"
"chr6","3914930","3915234","chr19","3976352","3976666","20","61422"
"chr6","3959250","3959554","chr19","4023363","4023664","10","64113"
"chr6","3961508","3961794","chr4","103555475","103555768","44","99593967"
"chr6","4157689","4157995","chr4","102350612","102350917","39","98192923"
"chr6","4171614","4171923","chr19","4242299","4242602","17","70685"
"chr6","4196308","4196609","chr19","4269213","4269514","16","72905"
"chr6","4207947","4208237","chr19","4281458","4281754","24","73511"
"chr6","4256523","4256824","chr19","4334831","4335135","35","78308"
"chr6","4402467","4402719","chr19","4502400","4502644","20","99933"
"chr6","4426955","4427244","chr19","4534325","4534612","16","107370"
"chr6","4453876","4454024","chr2","185241058","185241206","25","180787182"
"chr6","4456555","4456736","chr7","19090961","19091154","37","14634406"
"chr6","4464233","4464542","chr8","134260190","134260474","60","129795957"
"chr6","4496649","4496916","chr4","153173836","153174115","47","148677187"
"chr6","4530914","4531199","chr19","4597601","4597897","18","66687"
"chr6","4532052","4532376","chr19","7819014","7819337","67","3286962"
"chr6","4540757","4540872","chr9","112623659","112623769","22","108082902"
"chr6","4550019","4550153","chr11","74966065","74966200","14","70416046"
"chr6","4550469","4550682","chr7","39959558","39959756","47","35409089"
"chr6","4562615","4562939","chr6","52574114","52574421","58","48011499"
"chr6","4563398","4563694","chr14","55650024","55650290","64","51086626"
"chr6","4654067","4654321","chr19","4740020","4740310","42","85953"
"chr6","4695848","4696122","chr19","4782311","4782583","18","86463"
"chr6","4909432","4909732","chr19","5000906","5001206","8","91474"
"chr6","4976707","4977006","chr19","5065543","5065854","22","88836"
"chr6","4982312","4982470","chr1","30028124","30028263","33","25045812"
"chr6","4982759","4982867","chr3","103669125","103669234","14","98686366"
"chr6","4983310","4983477","chr19","17186615","17186779","24","12203305"
"chr6","5058530","5058833","chr15","107296689","107296982","43","102238159"
"chr6","5064083","5064364","chr19","5157111","5157396","12","93028"
"chr6","5121784","5122092","chr19","5217978","5218284","16","96194"
"chr6","5273148","5273458","chrX","28745828","28746133","37","23472680"
"chr6","5298264","5298424","chr19","5403136","5403288","17","104872"
"chr6","5308637","5308910","chr3","20923251","20923527","41","15614614"
"chr6","5329587","5329881","chr19","5435483","5435777","16","105896"
"chr6","5347095","5347365","chr14","18431699","18431969","43","13084604"
"chr6","5356966","5357256","chr19","5465668","5465966","26","108702"
"chr6","5373073","5373378","chr1","59820437","59820745","36","54447364"
"chr6","5410734","5410959","chr19","1909756","1909946","54","3500978"
"chr6","5456342","5456498","chr16","47371877","47372035","36","41915535"
"chr6","5515327","5515606","chr5","72416182","72416461","36","66900855"
"chr6","5535905","5536211","chr19","5687238","5687543","19","151333"
"chr6","5536356","5536627","chr19","5692656","5692949","24","156300"
"chr6","5600445","5600758","chr19","5734961","5735274","3","134516"
"chr6","5777280","5777584","chr19","5913311","5913615","15","136031"
"chr6","5785866","5786156","chr6","33771135","33771427","36","27985269"
"chr6","5831631","5831923","chr7","132057005","132057289","33","126225374"
"chr6","5923221","5923525","chr19","6062452","6062749","15","139231"
"chr6","5962361","5962671","chr1","37689627","37689933","48","31727266"
"chr6","6013662","6013969","chr19","6166513","6166816","20","152851"
"chr6","6044124","6044427","chr19","6198098","6198402","11","153974"
"chr6","6050394","6050703","chr15","16615093","16615400","60","10564699"
"chr6","6069676","6069969","chr19","6225328","6225623","7","155652"
"chr6","6090665","6090970","chr19","6247505","6247812","7","156840"
"chr6","6098683","6098960","chr2","101505214","101505498","54","95406531"
"chr6","6108416","6108693","chr2","101505214","101505498","54","95396798"
"chr6","6122119","6122399","chr16","25124257","25124537","37","19002138"
"chr6","6185576","6185718","chr19","6350826","6350968","5","165250"
"chr6","6201374","6201573","chr19","6369637","6369831","8","168263"
"chr6","6205663","6205831","chr19","6373924","6374099","11","168261"
"chr6","6341513","6341804","chr19","6529892","6530197","26","188379"
"chr6","6352990","6353289","chr7","54400823","54401127","36","48047833"
"chr6","6362901","6363212","chr19","6553114","6553425","17","190213"
"chr6","6432632","6432806","chr10","27274433","27274610","24","20841801"
"chr6","6433464","6433778","chr19","6619956","6620270","23","186492"
"chr6","6434373","6434673","chr19","6620870","6621172","17","186497"
"chr6","6472324","6472624","chr1","207037205","207037507","38","200564881"
"chr6","6519368","6519662","chr7","35880467","35880757","36","29361099"
"chr6","6541653","6541912","chr1","125582789","125583053","50","119041136"
"chr6","6604598","6604902","chr19","6750459","6750763","12","145861"
"chr6","6644576","6644872","chr19","6791171","6791475","18","146595"
"chr6","6661772","6661919","chr3","43716511","43716650","27","37054739"
"chr6","6677084","6677265","chr19","6834867","6835072","29","157783"
"chr6","6727548","6727821","chr19","6878397","6878665","17","150849"
"chr6","6821988","6822281","chr19","6980259","6980553","8","158271"
"chr6","6899424","6899725","chr19","7068358","7068661","15","168934"
"chr6","6961454","6961758","chr7","42590215","42590512","40","35628761"
"chr6","6979879","6980170","chr19","7142540","7142826","12","162661"
"chr6","6991498","6991670","chr16","28726831","28726999","31","21735333"
"chr6","7048158","7048388","chr19","7218517","7218747","3","170359"
"chr6","7087905","7088130","chr12","39967115","39967336","33","32879210"
"chr6","7134695","7134969","chr9","7687482","7687759","43","552787"
"chr6","7283737","7283911","chr10","77946716","77946893","31","70662979"
"chr6","7331843","7332125","chr11","121733264","121733556","39","114401421"
"chr6","7346879","7347165","chr16","46462500","46462789","49","39115621"
"chr6","7576699","7577000","chr1","56106334","56106635","44","48529635"
"chr6","7593248","7593544","chr7","161741807","161742110","35","154148559"
"chr6","7594644","7594923","chr2","50522858","50523131","53","42928214"
"chr6","7599550","7599853","chr7","121705731","121706030","44","114106181"
"chr6","7600536","7600663","chr11","50202051","50202180","15","42601515"
"chr6","7616524","7616823","chr16","47356367","47356664","34","39739843"
"chr6","7621958","7622260","chr10","79490097","79490397","36","71868139"
"chr6","7623715","7624006","chrX","129082790","129083085","34","121459075"
"chr6","7624698","7625069","chr5","34249818","34250173","81","26625120"
"chr6","7625106","7625443","chr15","75337621","75337939","58","67712515"
"chr6","7659880","7660137","chr2","69109596","69109860","48","61449716"
"chr6","7680247","7680415","chrX","128801376","128801545","26","121121129"
"chr6","7680716","7680852","chr5","169081526","169081665","17","161400810"
"chr6","7720158","7720394","chr19","7572886","7573122","9","147272"
"chr6","7762555","7762864","chr19","7622664","7622968","17","139891"
"chr6","7777276","7777574","chr4","16747413","16747711","40","8970137"
"chr6","7874463","7874762","chr5","32318221","32318520","40","24443758"
"chr6","7874763","7875022","chr2","125218818","125219081","41","117344055"
"chr6","7876161","7876456","chr19","7754403","7754698","14","121758"
"chr6","7941504","7941655","chr19","30434337","30434493","33","22492833"
"chr6","7950359","7950588","chr19","7828363","7828592","13","121996"
"chr6","7963950","7964251","chrX","25734220","25734518","49","17770270"
"chr6","7977721","7978021","chr19","7854657","7854955","21","123064"
"chr6","8082503","8082581","chr19","7960834","7960912","1","121669"
"chr6","8096332","8096559","chr19","7974733","7974960","7","121599"
"chr6","8100787","8101079","chr19","7979199","7979484","13","121588"
"chr6","8114469","8114765","chr19","7991872","7992168","12","122597"
"chr6","8210000","8210258","chr1","134765454","134765700","43","126555454"
"chr6","8242638","8242939","chr19","8061205","8061503","10","181433"
"chr6","8341419","8341692","chr15","97061406","97061689","44","88719987"
"chr6","8507426","8507697","chr19","8285277","8285544","9","222149"
"chr6","8704174","8704471","chr19","8503756","8504062","20","200418"
"chr6","8720542","8720846","chr9","121604130","121604431","39","112883588"
"chr6","8733878","8734033","chr12","47212900","47213050","25","38479022"
"chr6","8734064","8734186","chr1","196367233","196367358","17","187633169"
"chr6","8734539","8734842","chr19","8544967","8545250","31","189572"
"chr6","8805628","8805791","chr19","8614031","8614192","9","191597"
"chr6","8854061","8854336","chr19","8681527","8681802","3","172534"
"chr6","8856811","8857113","chr3","83610987","83611284","48","74754176"
"chr6","8896849","8897161","chr19","8746668","8746980","12","150181"
"chr6","8898077","8898343","chr8","129577889","129578151","43","120679812"
"chr6","8904693","8904991","chr19","8732469","8732767","8","172224"
"chr6","8960044","8960309","chr15","6438791","6439051","44","2521253"
"chr6","8973395","8973641","chr19","8811999","8812252","10","161396"
"chr6","9020949","9021250","chr7","38962613","38962910","34","29941664"
"chr6","9032184","9032393","chr6","14150302","14150499","52","5118118"
"chr6","9112990","9113283","chr19","8964299","8964592","6","148691"
"chr6","9150031","9150330","chr19","9012510","9012817","14","137521"
"chr6","9154542","9154851","chr19","9007810","9008122","22","146732"
"chr6","9258026","9258346","chr19","9134825","9135136","18","123201"
"chr6","9282576","9282887","chr2","99907775","99908087","44","90625199"
"chr6","9285071","9285362","chr19","9162491","9162780","11","122580"
"chr6","9300200","9300495","chr6","163619345","163619645","41","154319145"
"chr6","9310142","9310466","chr19","9199234","9199556","19","110908"
"chr6","9351455","9351749","chr4","155916763","155917056","43","146565308"
"chr6","9390707","9391011","chr14","58116005","58116307","38","48725298"
"chr6","9394086","9394286","chr10","25728363","25728566","45","16334277"
"chr6","9448283","9448527","chr13","84209896","84210125","63","74761613"
"chr6","9449102","9449412","chr19","9363480","9363790","7","85622"
"chr6","9474573","9474874","chr19","9393725","9394026","5","80848"
"chr6","9476055","9476232","chr9","92252606","92252780","36","82776551"
"chr6","9496685","9496980","chr19","9414786","9415094","30","81899"
"chr6","9517025","9517313","chr19","9436383","9436669","21","80642"
"chr6","9519667","9519936","chr11","58342389","58342667","55","48822722"
"chr6","9530510","9530817","chr19","9450482","9450790","24","80028"
"chr6","9532366","9532657","chr19","9452658","9452950","7","79708"
"chr6","9588969","9589118","chr1","12474894","12475046","36","2885925"
"chr6","9589428","9589596","chr1","152824194","152824363","27","143234766"
"chr6","9622112","9622412","chr19","9563361","9563658","19","58751"
"chr6","9635062","9635365","chr1","79636090","79636398","46","70001028"
"chr6","9646728","9646954","chr3","161292608","161292807","66","151645880"
"chr6","9657931","9658243","chr10","33928413","33928712","50","24270482"
"chr6","9670672","9670906","chr3","37534202","37534431","48","27863530"
"chr6","9675642","9675853","chr19","9625726","9625937","2","49916"
"chr6","9696587","9696883","chr11","109025041","109025337","42","99328454"
"chr6","9701030","9701132","chr19","9574437","9574549","24","126593"
"chr6","9734041","9734331","chr19","9686696","9686990","13","47345"
"chr6","9737130","9737423","chr19","9690484","9690777","7","46646"
"chr6","9744278","9744440","chr1","31438797","31438959","27","21694519"
"chr6","9773921","9774219","chr19","9727617","9727913","13","46304"
"chr6","9781035","9781335","chr19","9734754","9735055","10","46281"
"chr6","9808242","9808469","chr11","53142761","53142982","43","43334519"
"chr6","9856779","9856979","chr11","44428401","44428604","48","34571622"
"chr6","9863616","9863925","chr19","9817547","9817855","18","46069"
"chr6","9960470","9960667","chr5","157311330","157311525","37","147350860"
"chr6","9977025","9977322","chr19","9946184","9946482","12","30841"
"chr6","9984070","9984370","chr7","38962613","38962910","35","28978543"
"chr6","9999165","9999471","chr19","9968908","9969218","11","30257"
"chr6","10053208","10053389","chr1","19775982","19776154","38","9722774"
"chr6","10053697","10053839","chr19","49957750","49957891","21","39904053"
"chr6","10071473","10071737","chr1","162630443","162630704","39","152558970"
"chr6","10080213","10080348","chr19","10063283","10063420","4","16930"
"chr6","10092604","10092897","chr19","10076352","10076652","29","16252"
"chr6","10101330","10101635","chr2","52378144","52378454","37","42276814"
"chr6","10101816","10102114","chr7","56709168","56709465","35","46607352"
"chr6","10118152","10118442","chr16","39364482","39364777","40","29246330"
"chr6","10149814","10150120","chr2","135426664","135426969","38","125276850"
"chr6","10154861","10155160","chr8","36416072","36416371","37","26261211"
"chr6","10177063","10177196","chr8","38181713","38181843","14","28004650"
"chr6","10220200","10220516","chr19","10254411","10254718","23","34211"
"chr6","10270006","10270298","chr2","50243905","50244200","39","39973899"
"chr6","10278754","10279057","chr19","10298463","10298759","17","19709"
"chr6","10298118","10298285","chr1","56150277","56150446","21","45852159"
"chr6","10328642","10328948","chr19","10350269","10350575","6","21627"
"chr6","10336368","10336554","chr10","81130239","81130429","38","70793871"
"chr6","10358274","10358362","chr1","96034357","96034438","22","85676083"
"chr6","10368198","10368366","chr19","10400059","10400226","23","31861"
"chr6","10393682","10393986","chr19","10424605","10424913","13","30923"
"chr6","10399914","10400136","chr7","114833890","114834109","36","104433976"
"chr6","10401911","10402200","chr19","10433306","10433597","11","31395"
"chr6","10434345","10434645","chr19","10475549","10475835","35","41204"
"chr6","10447490","10447658","chr15","45441335","45441502","25","34993845"
"chr6","10505666","10505897","chr19","10553632","10553860","8","47966"
"chr6","10552689","10552966","chr19","10605686","10605979","27","52997"
"chr6","10594274","10594579","chr1","101368002","101368302","41","90773728"
"chr6","10601693","10601993","chr14","10960662","10960966","35","358969"
"chr6","10702315","10702609","chr19","10759727","10760027","20","57412"
"chr6","10742302","10742582","chr4","153173836","153174115","42","142431534"
"chr6","10773138","10773447","chr19","10836070","10836377","14","62932"
"chr6","10819441","10819728","chr2","80475405","80475697","43","69655964"
"chr6","10839499","10839797","chr19","10907152","10907450","4","67653"
"chr6","10845217","10845490","chr19","10912858","10913132","6","67641"
"chr6","10865967","10866275","chr19","10933540","10933849","10","67573"
"chr6","10876455","10876748","chr1","201835956","201836248","36","190959501"
"chr6","10918327","10918625","chr19","10998497","10998800","7","80170"
"chr6","10940515","10940639","chr2","69032002","69032131","25","58091487"
"chr6","10940938","10941128","chr3","34983610","34983800","29","24042672"
"chr6","10942467","10942766","chr19","11017457","11017754","8","74990"
"chr6","10968550","10968852","chr19","11051147","11051444","32","82597"
"chr6","10972022","10972303","chr19","11051147","11051444","21","79125"
"chr6","10996677","10996897","chr19","11080445","11080662","6","83768"
"chr6","11000001","11000282","chr19","11083736","11084050","39","83735"
"chr6","11022580","11022879","chr16","7638577","7638878","39","3384003"
"chr6","11066027","11066338","chr19","11150665","11150974","10","84638"
"chr6","11067851","11068073","chr19","19138187","19138406","35","8070336"
"chr6","11082680","11082974","chr19","11167641","11167934","10","84961"
"chr6","11141461","11141759","chr12","62982907","62983207","37","51841446"
"chr6","11159675","11159831","chr15","107213404","107213565","28","96053729"
"chr6","11162569","11162864","chr15","105483550","105483846","36","94320981"
"chr6","11165041","11165343","chr19","11251775","11252072","10","86734"
"chr6","11211136","11211384","chr7","101789500","101789735","56","90578364"
"chr6","11220838","11221102","chr13","91917364","91917630","38","80696526"
"chr6","11234207","11234319","chr2","55097451","55097560","28","43863244"
"chr6","11236422","11236727","chr7","19119407","19119712","33","7882985"
"chr6","11242654","11242941","chr19","11320558","11320846","19","77904"
"chr6","11259855","11260154","chr7","38962613","38962910","40","27702758"
"chr6","11285890","11286186","chr12","12404222","12404520","38","1118332"
"chr6","11369464","11369738","chr19","11447675","11447970","28","78211"
"chr6","11401132","11401263","chr11","50202051","50202180","16","38800919"
"chr6","11401468","11401668","chr5","56605836","56606059","55","45204368"
"chr6","11402545","11402849","chr11","46020493","46020796","43","34617948"
"chr6","11407606","11407894","chr19","11488430","11488717","12","80824"
"chr6","11433048","11433221","chr11","57418414","57418583","36","45985366"
"chr6","11448307","11448508","chr19","11529943","11530139","6","81636"
"chr6","11486110","11486391","chr6","77077531","77077811","37","65591421"
"chr6","11505864","11506142","chr19","11593763","11594042","10","87899"
"chr6","11582336","11582597","chr16","6986959","6987232","45","4595377"
"chr6","11596431","11596711","chr9","115815931","115816212","32","104219500"
"chr6","11648519","11648819","chr19","11745066","11745368","11","96547"
"chr6","11766239","11766537","chr19","11864126","11864429","10","97887"
"chr6","11849457","11849761","chr19","11956646","11956936","24","107189"
"chr6","11874212","11874520","chr10","71273475","71273784","43","59399263"
"chr6","11985245","11985530","chr19","12102217","12102504","13","116972"
"chr6","12000240","12000457","chr10","22140835","22141054","30","10140595"
"chr6","12023905","12024201","chr19","12139250","12139545","10","115345"
"chr6","12039884","12040189","chr19","12156126","12156437","20","116242"
"chr6","12064612","12064907","chr19","12181342","12181636","9","116730"
"chr6","12099308","12099604","chr19","12212701","12212992","10","113393"
"chr6","12206931","12207226","chr14","110412611","110412903","39","98205680"
"chr6","12302384","12302618","chr11","116104043","116104279","31","103801659"
"chr6","12335310","12335612","chr19","12445247","12445539","27","109937"
"chr6","12340646","12340923","chrX","12592161","12592437","39","251515"
"chr6","12343417","12343725","chr3","12962418","12962725","36","619001"
"chr6","12394596","12394878","chr19","12498949","12499257","35","104353"
"chr6","12410747","12411031","chr10","27594987","27595275","42","15184240"
"chr6","12430633","12430644","chr9","32916732","32916748","11","20486099"
"chr6","12430953","12431134","chr6","171104438","171104615","31","158673485"
"chr6","12434587","12434924","chr3","179203948","179204273","54","166769361"
"chr6","12513256","12513415","chr7","135329144","135329303","25","122815888"
"chr6","12672017","12672239","chr19","12803287","12803491","23","131270"
"chr6","12680233","12680430","chr20","16878370","16878564","36","4198137"
"chr6","12713305","12713606","chr19","12845813","12846118","17","132508"
"chr6","12718327","12718605","chr1","124906800","124907084","42","112188473"
"chr6","12718651","12718669","chr9","32916732","32916748","13","20198081"
"chr6","12907527","12907836","chr5","165013359","165013670","42","152105832"
"chr6","12943732","12944031","chr19","13082238","13082537","17","138506"
"chr6","12974052","12974353","chr15","90917621","90917918","40","77943569"
"chr6","12985138","12985270","chr19","13124564","13124691","15","139426"
"chr6","12992407","12992721","chr14","109596203","109596510","45","96603796"
"chr6","13073132","13073400","chr19","13211013","13211302","29","137881"
"chr6","13143446","13143729","chr11","108027697","108027986","45","94884251"
"chr6","13146169","13146451","chr19","13276296","13276605","41","130127"
"chr6","13159115","13159409","chr12","95230523","95230816","37","82071408"
"chr6","13206867","13207167","chr8","76276805","76277102","40","63069938"
"chr6","13481374","13481675","chr3","48389210","48389510","36","34907836"
"chr6","13484332","13484637","chr19","13599878","13600174","13","115546"
"chr6","13538839","13539148","chr19","13666901","13667198","22","128062"
"chr6","13597007","13597325","chr19","13731387","13731698","15","134380"
"chr6","13647404","13647535","chr12","80262012","80262141","15","66614608"
"chr6","13647548","13647858","chr1","17988490","17988802","63","4340942"
"chr6","13765843","13766140","chr4","34027435","34027728","67","20261592"
"chr6","13817720","13818008","chr19","13939958","13940249","9","122238"
"chr6","13886867","13887105","chr19","14018033","14018274","9","131166"
"chr6","13913802","13914110","chr19","14043534","14043842","6","129732"
"chr6","13927645","13927951","chr14","123104333","123104642","54","109176688"
"chr6","13960298","13960593","chr19","14087962","14088258","10","127664"
"chr6","13989894","13990191","chr19","14116421","14116718","6","126527"
"chr6","14008914","14009216","chr15","99703829","99704131","48","85694915"
"chr6","14092156","14092456","chr19","14220955","14221264","28","128799"
"chr6","14101859","14102143","chr19","14231208","14231489","18","129349"
"chr6","14117733","14118038","chr19","14247016","14247321","12","129283"
"chr6","14159280","14159510","chr1","83728780","83729006","51","69569500"
"chr6","14213895","14214167","chr19","14353859","14354154","28","139964"
"chr6","14284394","14284667","chr6","77077531","77077811","45","62793137"
"chr6","14315076","14315349","chr6","77077531","77077811","45","62762455"
"chr6","14394512","14394808","chr12","62982907","62983207","40","48588395"
"chr6","14414417","14414717","chr19","14546812","14547099","19","132395"
"chr6","14431277","14431586","chr19","14562944","14563258","28","131667"
"chr6","14609466","14609767","chr19","14737261","14737563","10","127795"
"chr6","14614635","14614955","chr14","98396891","98397197","47","83782256"
"chr6","14646126","14646290","chr19","14774823","14774986","10","128697"
"chr6","14689664","14689960","chr19","14819790","14820086","12","130126"
"chr6","14692887","14693127","chr7","33048980","33049204","42","18356093"
"chr6","14702220","14702579","chrX","44426862","44427214","84","29724642"
"chr6","14708841","14709002","chr6","36728414","36728574","27","22019573"
"chr6","14709317","14709448","chr11","50202051","50202180","9","35492734"
"chr6","14796699","14797013","chr19","14915293","14915606","15","118594"
"chr6","14809894","14810084","chr19","14929130","14929319","7","119236"
"chr6","14851457","14851744","chr19","14974181","14974476","14","122724"
"chr6","14951522","14951813","chr19","15079384","15079665","22","127862"
"chr6","15021887","15022196","chr19","15153689","15153998","6","131802"
"chr6","15022731","15023031","chr19","15142415","15142716","27","119684"
"chr6","15086379","15086671","chr19","15218966","15219257","7","132587"
"chr6","15091699","15091872","chr19","15224275","15224444","12","132576"
"chr6","15157450","15157747","chr13","100072689","100072985","33","84915239"
"chr6","15221792","15222082","chr19","15313749","15314039","6","91957"
"chr6","15337289","15337600","chr19","15384308","15384618","21","47019"
"chr6","15342646","15342938","chr19","15389716","15390009","8","47070"
"chr6","15347612","15347914","chr19","15394682","15394977","22","47070"
"chr6","15351990","15352155","chr9","40214036","40214205","29","24862046"
"chr6","15418357","15418497","chr19","15464547","15464687","6","46190"
"chr6","15440576","15440867","chr19","15489451","15489743","4","48875"
"chr6","15453667","15453802","chr15","28215201","28215331","25","12761534"
"chr6","15453839","15453885","chr1","115571222","115571269","24","100117383"
"chr6","15484575","15484875","chr1","65292751","65293045","39","49808176"
"chr6","15638689","15638939","chr19","15689841","15690121","37","51152"
"chr6","15658174","15658457","chr16","63385874","63386155","37","47727700"
"chr6","15712557","15712707","chr19","15760323","15760492","24","47766"
"chr6","15720037","15720338","chr4","41500500","41500801","41","25780463"
"chr6","15773815","15774118","chr7","55423043","55423341","43","39649228"
"chr6","15815139","15815251","chr19","9574437","9574549","29","6240702"
"chr6","15861106","15861405","chr19","15900176","15900475","7","39070"
"chr6","15881571","15881853","chr19","15923147","15923429","8","41576"
"chr6","15913937","15914247","chr14","112330842","112331145","56","96416905"
"chr6","15929107","15929282","chr2","182777244","182777417","30","166848137"
"chr6","16013428","16013692","chr9","12166868","12167132","42","3846560"
"chr6","16018308","16018617","chr7","145155503","145155800","52","129137195"
"chr6","16029700","16030010","chr19","16044046","16044345","19","14346"
"chr6","16034229","16034516","chr6","153732345","153732634","44","137698116"
"chr6","16051420","16051714","chr19","16067488","16067793","17","16068"
"chr6","16183069","16183312","chr19","16206579","16206822","4","23510"
"chr6","16211721","16212020","chr19","16235773","16236072","6","24052"
"chr6","16272887","16273180","chr16","3637215","3637510","34","12635672"
"chr6","16327316","16327617","chr5","174041357","174041657","35","157714041"
"chr6","16329933","16330162","chr19","16358669","16358934","44","28736"
"chr6","16333892","16334191","chr5","32318221","32318520","43","15984329"
"chr6","16340902","16341192","chr19","16370029","16370318","8","29127"
"chr6","16415251","16415551","chr19","16447051","16447356","14","31800"
"chr6","16432945","16433155","chr8","132522646","132522843","49","116089701"
"chr6","16433156","16433455","chr6","72868236","72868535","42","56435080"
"chr6","16433456","16433600","chr2","55063458","55063595","29","38630002"
"chr6","16474766","16474941","chr6","171104438","171104615","32","154629672"
"chr6","16535736","16536046","chr19","16579042","16579340","18","43306"
"chr6","16538531","16538845","chr6","52574114","52574421","54","36035583"
"chr6","16541754","16542047","chr1","101043006","101043300","43","84501252"
"chr6","16552721","16552960","chrX","142270841","142271074","43","125718120"
"chr6","16583034","16583217","chr4","36117524","36117702","31","19534490"
"chr6","16608086","16608205","chr20","39196618","39196726","32","22588532"
"chr6","16608512","16608647","chrX","101901062","101901192","19","85292550"
"chr6","16618969","16619275","chr19","16661196","16661504","6","42227"
"chr6","16640530","16640721","chr15","22574221","22574418","28","5933691"
"chr6","16640724","16640851","chr7","56620954","56621080","31","39980230"
"chr6","16673744","16674036","chr19","16717575","16717867","7","43831"
"chr6","16714203","16714312","chr19","16758954","16759063","2","44751"
"chr6","16717776","16718057","chr14","100981226","100981507","37","84263450"
"chr6","16762305","16762603","chr19","16815232","16815538","17","52927"
"chr6","16775026","16775323","chr11","6732500","6732790","43","10042526"
"chr6","16816650","16816956","chr5","34939017","34939316","37","18122367"
"chr6","16927065","16927361","chr19","16998295","16998582","33","71230"
"chr6","17004747","17005045","chr19","17078455","17078758","18","73708"
"chr6","17022420","17022712","chr19","17097105","17097386","23","74685"
"chr6","17026800","17026944","chr10","73606345","73606493","21","56579545"
"chr6","17027229","17027388","chr7","159988918","159989092","42","142961689"
"chr6","17027791","17028105","chr14","76258044","76258350","49","59230253"
"chr6","17303618","17303814","chr19","17398038","17398233","6","94420"
"chr6","17373368","17373678","chr19","17480345","17480656","8","106977"
"chr6","17381970","17382280","chr19","17480345","17480656","9","98375"
"chr6","17386319","17386631","chr19","17485697","17485998","21","99378"
"chr6","17402801","17403103","chr19","17503093","17503395","9","100292"
"chr6","17403155","17403438","chr19","17503447","17503727","14","100292"
"chr6","17410825","17411138","chr8","20357819","20358136","49","2946994"
"chr6","17419442","17419751","chr19","17513976","17514289","20","94534"
"chr6","17420391","17420517","chr11","50202051","50202180","17","32781660"
"chr6","17553477","17553769","chr19","17653323","17653614","11","99846"
"chr6","17636341","17636606","chr19","17734891","17735154","9","98550"
"chr6","17645797","17645957","chr11","8735889","8736050","27","8909908"
"chr6","17731210","17731539","chr19","17836179","17836478","43","104969"
"chr6","17779261","17779560","chr19","17887102","17887406","15","107841"
"chr6","17830822","17831164","chr3","5230000","5230308","73","12600822"
"chr6","17932496","17932789","chr19","18049171","18049465","12","116675"
"chr6","17941599","17941815","chr19","18057983","18058204","11","116384"
"chr6","18040681","18040811","chrX","101901062","101901192","10","83860381"
"chr6","18080503","18080743","chr10","88101734","88101973","31","70021231"
"chr6","18088163","18088465","chr6","173551711","173552010","34","155463548"
"chr6","18123376","18123671","chr19","18246165","18246460","11","122789"
"chr6","18130173","18130474","chr19","18253669","18253970","8","123496"
"chr6","18139028","18139333","chr12","14273839","14274149","40","3865189"
"chr6","18142745","18143055","chr19","18269279","18269593","19","126534"
"chr6","18210322","18210610","chr19","18338505","18338798","16","128183"
"chr6","18395943","18396218","chr2","150609623","150609902","43","132213680"
"chr6","18461313","18461626","chr3","90725905","90726186","70","72264592"
"chr6","18461662","18461683","chr9","32916732","32916748","15","14455070"
"chr6","18463097","18463391","chr19","18481160","18481464","18","18063"
"chr6","18488659","18488941","chr3","20923251","20923527","50","2434592"
"chr6","18527049","18527350","chr19","48174971","48175267","36","29647922"
"chr6","18644994","18645128","chr10","73050153","73050283","21","54405159"
"chr6","18645421","18645589","chr14","31856154","31856328","28","13210733"
"chr6","18708314","18708574","chr19","18726426","18726686","3","18112"
"chr6","18723370","18723678","chr19","18741219","18741530","8","17849"
"chr6","18724145","18724409","chr19","18742000","18742267","10","17855"
"chr6","18729344","18729633","chr15","29797618","29797908","50","11068274"
"chr6","18746263","18746543","chr19","18765434","18765717","10","19171"
"chr6","18863981","18864259","chr19","33811679","33811954","45","14947698"
"chr6","18876451","18876719","chr6","73243917","73244202","55","54367466"
"chr6","18928574","18928742","chr1","213038359","213038524","31","194109785"
"chr6","18964454","18964762","chr19","18977577","18977883","12","13123"
"chr6","18993604","18993879","chr19","19004489","19004764","7","10885"
"chr6","19000001","19000156","chr9","99135658","99135813","21","80135657"
"chr6","19009306","19009605","chr19","19017911","19018214","10","8605"
"chr6","19010363","19010673","chr16","66244208","66244518","48","47233845"
"chr6","19035421","19035724","chr19","19049537","19049844","9","14116"
"chr6","19064372","19064640","chr19","19079027","19079295","9","14655"
"chr6","19066852","19067163","chr19","19081508","19081823","20","14656"
"chr6","19236563","19236860","chr19","20658640","20658937","8","1422077"
"chr6","19247102","19247404","chr19","19118008","19118307","9","129094"
"chr6","19253626","19253930","chr7","32567858","32568159","43","13314232"
"chr6","19254181","19254494","chr19","19129732","19130045","3","124449"
"chr6","19255968","19256269","chr19","19131520","19131821","8","124448"
"chr6","19265042","19265140","chr10","85466670","85466773","18","66201628"
"chr6","19276854","19277148","chr19","19152897","19153187","18","123957"
"chr6","19344348","19344463","chr9","83236635","83236749","12","63892287"
"chr6","19344762","19344973","chr19","19217437","19217650","15","127325"
"chr6","19408091","19408309","chr3","46244176","46244390","46","26836085"
"chr6","19461763","19462073","chr19","19363045","19363340","25","98718"
"chr6","19496318","19496617","chr19","19410492","19410798","18","85826"
"chr6","19542547","19542742","chr19","19448388","19448578","9","94159"
"chr6","19555767","19556051","chrX","51079701","51080001","53","31523934"
"chr6","19573518","19573734","chr10","90905310","90905528","31","71331792"
"chr6","19577956","19578265","chr14","109596203","109596510","38","90018247"
"chr6","19621848","19622159","chr19","19523696","19524011","20","98152"
"chr6","19638333","19638617","chr19","19549574","19549859","17","88759"
"chr6","19775862","19776167","chr1","79636090","79636398","44","59860228"
"chr6","19817928","19818227","chr19","19736154","19736458","7","81774"
"chr6","19837284","19837577","chr19","19758439","19758742","39","78845"
"chr6","19949025","19949185","chr9","84908163","84908318","28","64959138"
"chr6","19970032","19970294","chr11","74103283","74103541","60","54133251"
"chr6","20086406","20086567","chr19","19902731","19902892","7","183675"
"chr6","20138350","20138478","chr4","102037440","102037567","29","81899090"
"chr6","20139246","20139526","chr11","82169440","82169730","17","62030194"
"chr6","20172944","20173245","chr1","56106334","56106635","38","35933390"
"chr6","20391686","20391995","chr2","155132229","155132535","49","134740543"
"chr6","20404922","20405238","chr7","40663496","40663816","43","20258574"
"chr6","20463258","20463564","chr10","16681952","16682263","48","3781306"
"chr6","20511750","20512052","chr10","71880315","71880618","41","51368565"
"chr6","20535596","20535870","chr16","3969906","3970186","44","16565690"
"chr6","20821007","20821318","chr12","35940871","35941175","53","15119864"
"chr6","20822406","20822706","chr19","18259328","18259632","50","2563078"
"chr6","20834916","20835178","chr1","9617318","9617584","44","11217598"
"chr6","20851647","20851956","chr11","37485854","37486163","47","16634207"
"chr6","20880575","20880867","chrX","51041887","51042179","40","30161312"
"chr6","20888348","20888634","chr9","71562572","71562860","34","50674224"
"chr6","20974394","20974651","chr7","87904941","87905175","58","66930547"
"chr6","21034953","21035033","chr13","14955669","14955743","18","6079284"
"chr6","21041907","21042204","chrX","25734220","25734518","40","4692313"
"chr6","21057749","21058069","chr9","87213846","87214165","46","66156097"
"chr6","21130719","21130929","chr1","163545151","163545346","49","142414432"
"chr6","21195556","21195850","chr19","20435834","20436132","12","759722"
"chr6","21201371","21201601","chr10","90183065","90183302","45","68981694"
"chr6","21207998","21208284","chr19","20422075","20422361","13","785923"
"chr6","21251023","21251314","chr15","92295977","92296271","33","71044954"
"chr6","21283994","21284271","chr19","20207864","20208143","9","1076130"
"chr6","21288970","21289274","chr19","20202831","20203135","6","1086139"
"chr6","21399555","21399739","chr3","41676489","41676661","34","20276934"
"chr6","21400041","21400173","chr7","67494514","67494644","24","46094473"
"chr6","21409032","21409085","chr2","47576719","47576770","6","26167687"
"chr6","21410775","21410938","chr2","48457598","48457761","33","27046823"
"chr6","21416932","21417070","chr2","177010281","177010427","27","155593349"
"chr6","21417551","21417708","chr2","148844712","148844866","30","127427161"
"chr6","21575872","21576195","chr19","20579060","20579385","16","996812"
"chr6","21589789","21590092","chr19","20592928","20593241","40","996861"
"chr6","21600255","21600561","chr19","20602945","20603243","19","997310"
"chr6","21600597","21600901","chrX","28745828","28746133","40","7145231"
"chr6","21628218","21628512","chr5","90824963","90825256","38","69196745"
"chr6","21632968","21633273","chr19","20636224","20636537","25","996744"
"chr6","21635184","21635486","chr19","20645197","20645491","18","989987"
"chr6","22806780","22807051","chr2","82017031","82017305","62","59210251"
"chr6","23311045","23311354","chr19","22784288","22784589","17","526757"
"chr6","23496702","23497002","chr19","22978492","22978794","10","518210"
"chr6","23639650","23639767","chr14","18216434","18216552","17","5423216"
"chr6","23639804","23639997","chr16","46186348","46186536","40","22546544"
"chr6","23852341","23852641","chr19","23343078","23343373","17","509263"
"chr6","24023273","24023584","chr19","23514258","23514550","32","509015"
"chr6","24761608","24761907","chr17","1147973","1148280","20","23613635"
"chr6","24772025","24772335","chr19","24270015","24270325","20","502010"
"chr6","24857347","24857649","chr19","24373304","24373608","15","484043"
"chr6","24947371","24947682","chr19","24456996","24457291","27","490375"
"chr6","24972282","24972464","chr20","66727640","66727807","42","41755358"
"chr6","25466245","25466538","chr3","66071914","66072216","52","40605669"
"chr6","25525133","25525305","chr19","25038300","25038498","32","486833"
"chr6","25534202","25534514","chr19","25047429","25047751","21","486773"
"chr6","26272788","26273061","chr19","25782633","25782935","37","490155"
"chr6","26293163","26293447","chr19","38516970","38517253","62","12223807"
"chr6","26661807","26662087","chr2","145259823","145260099","50","118598016"
"chr6","26691298","26691590","chr19","26208177","26208463","20","483121"
"chr6","27376416","27376702","chr19","26935789","26936070","18","440627"
"chr6","27631957","27632180","chr19","27189923","27190146","5","442034"
"chr6","27681826","27682120","chr19","27241537","27241831","12","440289"
"chr6","27703859","27704168","chr19","27264797","27265107","23","439062"
"chr6","27759082","27759388","chr11","107970088","107970400","41","80211006"
"chr6","27838988","27839272","chr19","27402760","27403029","27","436228"
"chr6","27846121","27846416","chr19","27409602","27409899","22","436519"
"chr6","27891462","27891774","chr19","27455145","27455437","26","436317"
"chr6","27928991","27929157","chr16","70198814","70198977","22","42269823"
"chr6","28060922","28061137","chr19","27630272","27630490","19","430650"
"chr6","28061141","28061423","chr15","97061406","97061689","33","69000265"
"chr6","28061561","28061580","chr9","32916732","32916748","13","4855171"
"chr6","28067331","28067559","chr19","27637155","27637382","3","430176"
"chr6","28105034","28105323","chr19","27674128","27674426","29","430906"
"chr6","28117858","28118131","chr19","27688331","27688612","22","429527"
"chr6","28144308","28144615","chr19","27719894","27720200","14","424414"
"chr6","28179428","28179558","chr19","27752204","27752334","8","427224"
"chr6","28203491","28203800","chr19","27776255","27776561","10","427236"
"chr6","28209558","28209850","chr3","106437635","106437933","45","78228077"
"chr6","28557933","28558231","chr19","28136516","28136814","18","421417"
"chr6","28577454","28577762","chr19","28157715","28158021","29","419739"
"chr6","28582272","28582579","chr7","129858559","129858866","35","101276287"
"chr6","28660779","28661078","chr1","42353131","42353436","39","13692352"
"chr6","28675206","28675508","chr7","38400341","38400646","38","9725135"
"chr6","28827058","28827361","chr8","128767639","128767935","45","99940581"
"chr6","28869068","28869220","chr19","28456448","28456600","9","412620"
"chr6","28974188","28974446","chr16","64003668","64003920","75","35029480"
"chr6","29205937","29206228","chr19","28806780","28807076","18","399157"
"chr6","29210312","29210603","chr19","28811337","28811645","23","398975"
"chr6","29249484","29249777","chr7","156498389","156498685","39","127248905"
"chr6","29264906","29265217","chr19","28861132","28861443","14","403774"
"chr6","29293820","29294121","chr19","28895950","28896252","8","397870"
"chr6","29302319","29302610","chr19","28904274","28904566","17","398045"
"chr6","29316719","29317034","chr20","26211185","26211483","57","3105534"
"chr6","29324913","29325127","chr19","28927814","28928026","11","397099"
"chr6","29396001","29396301","chr19","48174971","48175267","42","18778970"
"chr6","29410775","29411087","chr19","29018495","29018800","29","392280"
"chr6","29422250","29422426","chr19","29019286","29019453","13","402964"
"chr6","29449702","29449971","chr1","9617318","9617584","46","19832384"
"chr6","29520203","29520500","chr19","29124453","29124750","8","395750"
"chr6","29523566","29523861","chr19","29127754","29128045","11","395812"
"chr6","29648461","29648705","chr19","29254236","29254474","9","394225"
"chr6","29673834","29674149","chr7","145919786","145920097","46","116245952"
"chr6","29915846","29916059","chr19","29508959","29509185","19","406887"
"chr6","29928982","29929251","chr1","30933230","30933481","59","1004248"
"chr6","30016699","30016997","chr19","29618373","29618691","34","398326"
"chr6","30122107","30122344","chr19","29728639","29728882","10","393468"
"chr6","30191074","30191383","chr19","29803786","29804088","28","387288"
"chr6","30269514","30269819","chr1","144579665","144579970","41","114310151"
"chr6","30292195","30292438","chr19","29905081","29905322","6","387114"
"chr6","30300541","30300827","chr19","29913363","29913649","3","387178"
"chr6","30381864","30382164","chr16","1192695","1192995","34","29189169"
"chr6","30386935","30387239","chr19","29997669","29997972","10","389266"
"chr6","30402502","30402795","chr19","30012489","30012798","27","390013"
"chr6","30423488","30423541","chr2","47576719","47576770","9","17153231"
"chr6","30501169","30501341","chr19","30107561","30107757","32","393608"
"chr6","30546114","30546440","chr19","30163571","30163882","31","382543"
"chr6","30559701","30559985","chr19","30184006","30184300","26","375695"
"chr6","30572864","30573174","chr19","30190339","30190648","10","382525"
"chr6","30575938","30576246","chr19","30193462","30193770","18","382476"
"chr6","30584202","30584510","chr19","30193462","30193770","19","390740"
"chr6","30618221","30618520","chr19","30230295","30230598","9","387926"
"chr6","30680557","30680862","chr19","30287174","30287486","19","393383"
"chr6","30735794","30736071","chr3","81141378","81141650","41","50405584"
"chr6","30737525","30737836","chr4","59230798","59231109","39","28493273"
"chr6","30744199","30744497","chrX","25734220","25734518","34","5009979"
"chr6","30747546","30747832","chr19","30345587","30345875","6","401959"
"chr6","30751907","30752213","chr19","30350421","30350729","16","401486"
"chr6","30882119","30882419","chr19","30487025","30487323","6","395094"
"chr6","30966107","30966428","chr5","165013359","165013670","59","134047252"
"chr6","30970718","30970940","chr2","92950959","92951187","48","61980241"
"chr6","30995237","30995552","chr19","30571720","30572035","14","423517"
"chr6","31035614","31035925","chr19","30617165","30617475","15","418449"
"chr6","31195141","31195454","chr6","51874693","51875002","46","20679552"
"chr6","31298220","31298390","chr1","1580453","1580620","26","29717767"
"chr6","31298440","31298558","chr1","181341091","181341211","16","150042651"
"chr6","31300860","31301134","chr19","30899926","30900165","38","400934"
"chr6","31321052","31321209","chr2","148844712","148844866","21","117523660"
"chr6","31356410","31356718","chr19","30955506","30955805","22","400904"
"chr6","31375925","31376224","chr19","30980082","30980381","25","395843"
"chr6","31384937","31385222","chr19","30987845","30988149","33","397092"
"chr6","31404562","31404862","chr1","15587829","15588130","57","15816733"
"chr6","31420680","31420989","chr19","37097543","37097854","39","5676863"
"chr6","31434606","31434906","chr6","121656199","121656500","39","90221593"
"chr6","31458661","31458961","chr19","31064808","31065124","24","393853"
"chr6","31538521","31538835","chr19","31140740","31141035","24","397781"
"chr6","31580464","31580758","chr3","83610987","83611284","35","52030523"
"chr6","31610135","31610449","chr19","31210934","31211249","10","399201"
"chr6","31663078","31663388","chr19","31265846","31266149","22","397232"
"chr6","31675459","31675758","chr19","31277911","31278197","37","397548"
"chr6","31746648","31746926","chr19","31351757","31352062","35","394891"
"chr6","31775340","31775624","chr3","124202507","124202793","46","92427167"
"chr6","31832409","31832713","chr18","15131537","15131838","41","16700872"
"chr6","31846365","31846626","chr15","6438791","6439051","25","25407574"
"chr6","31904583","31904874","chr6","135934118","135934406","33","104029535"
"chr6","31938909","31939236","chr19","31553476","31553781","35","385433"
"chr6","31939357","31939663","chr19","31553902","31554207","13","385455"
"chr6","31962725","31963020","chr19","31578318","31578609","11","384407"
"chr6","31988061","31988347","chr19","31606939","31607225","10","381122"
"chr6","32042688","32042928","chr9","104154211","104154453","41","72111523"
"chr6","32099836","32100131","chr19","31723157","31723451","13","376679"
"chr6","32113686","32114007","chr20","56989022","56989328","46","24875336"
"chr6","32149811","32150116","chr19","31755053","31755358","8","394758"
"chr6","32164650","32164965","chr19","31769284","31769599","9","395366"
"chr6","32166846","32167129","chr1","139285539","139285818","40","107118693"
"chr6","32177562","32177857","chr1","136414644","136414940","38","104237082"
"chr6","32188518","32188799","chr19","31789438","31789719","5","399080"
"chr6","32287836","32288148","chr6","88628976","88629286","33","56341140"
"chr6","32373489","32373786","chr19","31981751","31982048","8","391738"
"chr6","32429606","32429888","chr19","32035120","32035400","13","394486"
"chr6","32434296","32434597","chr19","32040144","32040452","11","394152"
"chr6","32505665","32505840","chr19","32114174","32114349","6","391491"
"chr6","32508284","32508596","chr19","32116783","32117087","17","391501"
"chr6","32536429","32536733","chr19","32149307","32149607","12","387122"
"chr6","32537434","32537745","chr12","14273839","14274149","45","18263595"
"chr6","32579510","32579800","chr19","32189737","32190028","15","389773"
"chr6","32587243","32587549","chr16","18864392","18864694","43","13722851"
"chr6","32634587","32634807","chr19","32245616","32245824","19","388971"
"chr6","32673908","32674047","chrX","102500001","102500149","33","69826093"
"chr6","32802153","32802404","chr19","32417983","32418226","14","384170"
"chr6","32838857","32838982","chr6","74452348","74452476","23","41613491"
"chr6","32896418","32896719","chr19","32514708","32515003","12","381710"
"chr6","32909557","32909802","chr19","32528148","32528394","7","381409"
"chr6","32916782","32917021","chr19","32537003","32537248","15","379779"
"chr6","32929037","32929339","chrX","25734220","25734518","41","7194817"
"chr6","32936960","32937237","chr11","6252079","6252358","41","26684881"
"chr6","32989795","32989912","chr3","43168812","43168927","20","10179017"
"chr6","32993212","32993421","chr4","112150195","112150407","33","79156983"
"chr6","33020172","33020470","chr2","86962550","86962847","34","53942378"
"chr6","33035780","33036045","chr19","32656081","32656346","7","379699"
"chr6","33040663","33040970","chr19","32660959","32661268","12","379704"
"chr6","33174863","33175163","chr16","59618852","59619149","51","26443989"
"chr6","33182509","33182790","chr8","139471001","139471282","61","106288492"
"chr6","33232379","33232695","chr1","59820437","59820745","47","26588058"
"chr6","33243755","33244055","chr19","32867630","32867930","40","376125"
"chr6","33250973","33251266","chr13","20310101","20310389","34","12940872"
"chr6","33264618","33264733","chrX","5264953","5265067","23","27999665"
"chr6","33265041","33265055","chr9","32916732","32916748","8","348309"
"chr6","33265658","33265865","chr7","63422659","63422869","47","30157001"
"chr6","33267715","33268017","chr19","18259328","18259632","43","15008387"
"chr6","33268767","33269061","chr19","32894502","32894800","16","374265"
"chr6","33277889","33278040","chr11","116715242","116715399","27","83437353"
"chr6","33310449","33310742","chr19","32942428","32942723","7","368021"
"chr6","33330920","33331021","chr1","26387777","26387878","20","6943143"
"chr6","33388294","33388586","chr19","33021402","33021690","27","366892"
"chr6","33411857","33411971","chr15","103551367","103551478","14","70139510"
"chr6","33452027","33452217","chr8","99113201","99113404","53","65661174"
"chr6","33473774","33473986","chr19","33133846","33134062","15","339928"
"chr6","33500001","33500321","chr14","10364382","10364671","92","23135619"
"chr6","33586975","33587263","chr5","157061742","157062038","34","123474767"
"chr6","33676271","33676429","chr19","33352385","33352541","7","323886"
"chr6","33781523","33781834","chrX","46226287","46226599","38","12444764"
"chr6","33802503","33802815","chr19","33482636","33482948","4","319867"
"chr6","33875735","33876031","chr19","33553248","33553537","22","322487"
"chr6","34000150","34000461","chr2","176864663","176864968","36","142864513"
"chr6","34003898","34004190","chr19","33674463","33674756","8","329435"
"chr6","34051614","34051736","chr19","33719177","33719299","2","332437"
"chr6","34086671","34086981","chr16","23674779","23675090","48","10411892"
"chr6","34095706","34095989","chr19","33765913","33766196","6","329793"
"chr6","34129271","34129572","chrX","7286644","7286945","32","26842627"
"chr6","34135942","34136249","chr19","33811679","33811954","34","324263"
"chr6","34185180","34185285","chrX","21297338","21297437","18","12887842"
"chr6","34316810","34317114","chr19","34095186","34095497","20","221624"
"chr6","34349918","34350188","chr19","34141002","34141272","8","208916"
"chr6","34357342","34357659","chr19","34147541","34147859","26","209801"
"chr6","34423588","34423870","chr5","143006606","143006890","52","108583018"
"chr6","34468227","34468308","chr19","34280018","34280099","1","188209"
"chr6","34480095","34480382","chr3","172321468","172321762","42","137841373"
"chr6","34492415","34492711","chr19","34305553","34305857","24","186862"
"chr6","34638335","34638640","chr19","34469216","34469527","8","169119"
"chr6","34741152","34741456","chr19","34563282","34563576","35","177870"
"chr6","34756980","34757144","chr19","34581520","34581689","9","175460"
"chr6","34768411","34768697","chrX","11392849","11393139","45","23375562"
"chr6","34801679","34802083","chr19","34623055","34623454","19","178624"
"chr6","34838456","34838758","chr19","34661697","34662003","11","176759"
"chr6","34844970","34845143","chr14","31856154","31856328","28","2988816"
"chr6","34884101","34884403","chr19","34711417","34711720","10","172684"
"chr6","34887876","34888037","chrX","14374298","14374462","33","20513578"
"chr6","34917753","34917883","chr1","1238421","1238551","13","33679332"
"chr6","34948524","34948836","chr19","34777568","34777881","10","170956"
"chr6","34970133","34970422","chr19","34800314","34800603","9","169819"
"chr6","34973313","34973441","chr19","34803321","34803453","7","169992"
"chr6","35126521","35126820","chrX","21374012","21374310","41","13752509"
"chr6","35183751","35184012","chr19","35026036","35026296","11","157715"
"chr6","35220619","35220916","chr19","35064200","35064497","25","156419"
"chr6","35280408","35280641","chr16","45457265","45457500","40","10176857"
"chr6","35407108","35407327","chr8","13160804","13161028","38","22246304"
"chr6","35489059","35489372","chr19","48174971","48175267","52","12685912"
"chr6","35564337","35564614","chr19","35539362","35539637","11","24975"
"chr6","35653818","35654126","chr19","35629555","35629861","13","24263"
"chr6","35685136","35685334","chr7","39959558","39959756","27","4274422"
"chr6","35712197","35712508","chr2","149555192","149555504","41","113842995"
"chr6","35756150","35756445","chr1","182181655","182181958","45","146425505"
"chr6","36010720","36010829","chr3","169410230","169410340","13","133399510"
"chr6","36064775","36065053","chr11","64124862","64125139","43","28060087"
"chr6","36087091","36087197","chr3","103669125","103669234","29","67582034"
"chr6","36109045","36109355","chr19","36092672","36092982","9","16373"
"chr6","36161220","36161508","chr19","36147555","36147843","9","13665"
"chr6","36213526","36213836","chr12","6396661","6396970","41","29816865"
"chr6","36215095","36215385","chr14","46764518","46764806","41","10549423"
"chr6","36222485","36222787","chr19","36213164","36213457","14","9321"
"chr6","36580775","36581057","chr6","48957084","48957373","38","12376309"
"chr6","36694465","36694774","chr19","36691730","36692037","9","2735"
"chr6","36727864","36728156","chr19","36726994","36727292","11","870"
"chr6","36853262","36853530","chr19","36875676","36875944","33","22414"
"chr6","36938895","36939188","chr8","93313106","93313401","42","56374211"
"chr6","37034546","37034838","chr19","37139106","37139386","21","104560"
"chr6","37180311","37180629","chr16","18374713","18375033","48","18805598"
"chr6","37201711","37202010","chr19","37309249","37309546","13","107538"
"chr6","37206278","37206580","chr11","121089294","121089592","39","83883016"
"chr6","37235822","37235971","chr19","37347315","37347472","23","111493"
"chr6","37299667","37299933","chr1","158524460","158524725","46","121224793"
"chr6","37326157","37326432","chr19","37440711","37440985","9","114554"
"chr6","37361324","37361633","chr19","37479732","37480035","11","118408"
"chr6","37448120","37448293","chr19","37568199","37568349","28","120079"
"chr6","37539833","37540129","chr3","38917154","38917450","37","1377321"
"chr6","37625078","37625351","chr19","37748060","37748338","9","122982"
"chr6","37725185","37725458","chr19","37855581","37855852","5","130396"
"chr6","37748150","37748443","chr19","37879143","37879439","21","130993"
"chr6","37864216","37864391","chr19","38002502","38002675","8","138286"
"chr6","37865049","37865393","chr19","38003341","38003688","26","138292"
"chr6","37992020","37992197","chr6","125808305","125808485","30","87816285"
"chr6","38045431","38045659","chr15","81334484","81334714","33","43289053"
"chr6","38128706","38128912","chr7","158251519","158251723","33","120122813"
"chr6","38164750","38164997","chr19","38228286","38228533","4","63536"
"chr6","38179194","38179503","chr19","38243178","38243487","9","63984"
"chr6","38181211","38181499","chr19","38245502","38245790","7","64291"
"chr6","38221844","38222011","chr19","38284917","38285073","15","63073"
"chr6","38264326","38264645","chr19","38325976","38326301","27","61650"
"chr6","38336445","38336740","chr19","38403576","38403883","28","67131"
"chr6","38398924","38399221","chr19","1074823","1075116","46","37324101"
"chr6","38408943","38409244","JH682906","54321","54622","10","38354622"
"chr6","38424748","38424876","chr20","61247127","61247256","12","22822379"
"chr6","38442085","38442379","JH682906","18796","19091","5","38423289"
"chr6","38458300","38458595","chr19","38432179","38432484","14","26121"
"chr6","38461344","38461542","JH682906","1828","2016","13","38459516"
"chr6","38468925","38469245","chr19","38436244","38436566","18","32681"
"chr6","38540951","38541240","chr19","38516970","38517253","17","23981"
"chr6","38606411","38606624","chr19","38585049","38585267","21","21362"
"chr6","38657031","38657332","chr19","38642398","38642701","17","14633"
"chr6","38661342","38661644","chr19","38647302","38647609","21","14040"
"chr6","38765693","38765989","chr19","38751792","38752087","23","13901"
"chr6","38819633","38819738","chr2","82653175","82653280","12","43833542"
"chr6","38825660","38825959","chr13","124420133","124420435","44","85594473"
"chr6","38827340","38827634","chr19","38820470","38820764","7","6870"
"chr6","38861945","38862258","chr14","114481545","114481847","49","75619600"
"chr6","38867787","38868050","chr19","38864614","38864889","42","3173"
"chr6","38878442","38878614","chr10","29109438","29109611","35","9769004"
"chr6","38882909","38883205","chr4","14605184","14605475","33","24277725"
"chr6","38886560","38886738","chr8","100191307","100191488","31","61304747"
"chr6","38906556","38906858","chr19","38905822","38906115","16","734"
"chr6","38960376","38960689","chr9","121838680","121838991","47","82878304"
"chr6","38984549","38984842","chr19","38989867","38990170","26","5318"
"chr6","39002747","39003041","chr19","39006688","39006985","15","3941"
"chr6","39004423","39004625","chr3","107481872","107482081","40","68477449"
"chr6","39028627","39028904","chr14","13252190","13252459","34","25776437"
"chr6","39066361","39066573","chr10","90905310","90905528","41","51838949"
"chr6","39077111","39077417","chr19","39081653","39081945","24","4542"
"chr6","39104434","39104742","chr19","39110191","39110476","38","5757"
"chr6","39132474","39132774","chr20","2939638","2939935","38","36192836"
"chr6","39137050","39137360","chr2","1378446","1378754","39","37758604"
"chr6","39147909","39148254","chr19","39153371","39153672","64","5462"
"chr6","39186763","39187071","chr7","133142732","133143035","43","93955969"
"chr6","39223988","39224290","chr19","39242736","39243038","8","18748"
"chr6","39247741","39247814","chr9","94989524","94989584","29","55741783"
"chr6","39317757","39318059","chr19","39341091","39341382","30","23334"
"chr6","39341149","39341378","chr19","39364610","39364838","11","23461"
"chr6","39359414","39359562","chr19","39384555","39384704","6","25141"
"chr6","39370131","39370435","chr19","39396270","39396574","4","26139"
"chr6","39371808","39372125","chr19","39404101","39404412","21","32293"
"chr6","39387170","39387474","chr10","17977544","17977844","34","21409626"
"chr6","39442122","39442435","chr7","18226959","18227258","53","21215163"
"chr6","39728717","39728933","chr19","39662931","39663143","10","65786"
"chr6","39740503","39740818","chr19","39674773","39675087","11","65730"
"chr6","39827981","39828208","chr3","37534202","37534431","34","2293779"
"chr6","39860395","39860691","chr19","39795942","39796232","23","64453"
"chr6","39890345","39890655","chr19","39827834","39828146","13","62511"
"chr6","39921192","39921514","chr19","39859701","39860021","14","61491"
"chr6","39968923","39969226","chr3","32780280","32780578","45","7188643"
"chr6","39979562","39979928","chr3","76919772","76920120","78","36940210"
"chr6","40036482","40036778","chr19","39980621","39980916","11","55861"
"chr6","40105924","40106207","chr19","40069779","40070055","13","36145"
"chr6","40180159","40180441","chr19","40124529","40124785","37","55630"
"chr6","40195981","40196273","chr19","40144466","40144756","10","51515"
"chr6","40220903","40221207","chr6","135923987","135924284","43","95703084"
"chr6","40250922","40251205","chr19","40196569","40196849","12","54353"
"chr6","40320557","40320860","chr19","40268992","40269294","11","51565"
"chr6","40334419","40334598","chr10","27274433","27274610","29","13059986"
"chr6","40355733","40355895","chr1","31388552","31388713","32","8967181"
"chr6","40368620","40368930","chr2","176864663","176864968","40","136496043"
"chr6","40376006","40376308","chr19","40330200","40330502","21","45806"
"chr6","40423363","40423649","chr8","81079522","81079812","47","40656159"
"chr6","40460495","40460805","chr19","40419054","40419363","2","41441"
"chr6","40524576","40524689","chr3","103669125","103669234","26","63144549"
"chr6","40551482","40551779","chr4","95828152","95828445","45","55276670"
"chr6","40610791","40610987","chr1","163545151","163545346","31","122934360"
"chr6","40611299","40611432","chr7","131094416","131094546","15","90483117"
"chr6","40618329","40618539","chr19","40593910","40594120","9","24419"
"chr6","40626902","40627069","chr1","1580453","1580620","39","39046449"
"chr6","40627371","40627501","chr12","80262012","80262141","13","39634641"
"chr6","40637328","40637610","chr3","85818144","85818424","44","45180816"
"chr6","40637663","40637945","chr3","85818144","85818424","45","45180481"
"chr6","40693338","40693527","chr5","58051747","58051930","29","17358409"
"chr6","40739825","40740139","chr19","40715660","40715971","16","24165"
"chr6","40742740","40743047","chr2","88629696","88630006","40","47886956"
"chr6","40755322","40755472","chr6","118045458","118045604","26","77290136"
"chr6","40855196","40855482","chr2","149850980","149851274","43","108995784"
"chr6","40881151","40881317","chr1","19775982","19776154","29","21105169"
"chr6","40881614","40881737","chr3","14975407","14975529","32","25906207"
"chr6","40923411","40923710","chr19","40909981","40910292","22","13430"
"chr6","40924572","40924876","chr1","92187825","92188134","46","51263253"
"chr6","40970993","40971270","chr19","40953299","40953577","9","17694"
"chr6","41036180","41036364","chr10","81749015","81749198","30","40712835"
"chr6","41089267","41089580","chr19","41080203","41080509","29","9064"
"chr6","41108724","41108952","chr19","41101840","41102080","22","6884"
"chr6","41157102","41157379","chr19","41149901","41150202","32","7201"
"chr6","41158287","41158587","chr6","173551711","173552010","36","132393424"
"chr6","41166321","41166613","chr9","122574226","122574522","42","81407905"
"chr6","41169342","41169599","chr19","41173547","41173802","7","4205"
"chr6","41413376","41413692","chr9","14337314","14337624","39","27076062"
"chr6","41453459","41453753","chr1","29687849","29688145","40","11765610"
"chr6","41498070","41498269","chr19","41491685","41491884","5","6385"
"chr6","41510284","41510539","chr1","47550041","47550302","48","6039757"
"chr6","41516491","41516789","chr19","41514976","41515274","7","1515"
"chr6","41548476","41548775","chr19","41547606","41547915","20","870"
"chr6","41594329","41594593","chr19","41597029","41597299","18","2700"
"chr6","41597158","41597307","chr3","23240190","23240332","39","18356968"
"chr6","41613164","41613471","chr10","69238654","69238951","57","27625490"
"chr6","41638792","41638926","chrX","139665133","139665262","24","98026341"
"chr6","41639238","41639420","chr9","40214036","40214205","42","1425202"
"chr6","41756574","41756747","chr19","41763356","41763532","8","6782"
"chr6","41797661","41797969","chr1","24663154","24663466","45","17134507"
"chr6","41804349","41804483","chr11","74966065","74966200","12","33161716"
"chr6","41804791","41804938","chr3","44985113","44985255","24","3180322"
"chr6","41816085","41816291","chr11","130993705","130993911","39","89177620"
"chr6","41828174","41828475","chr19","41834790","41835087","31","6616"
"chr6","41856081","41856318","chr19","41871428","41871666","7","15347"
"chr6","41861695","41862014","chr6","158993165","158993475","48","117131470"
"chr6","41893153","41893446","chr19","41921244","41921535","9","28091"
"chr6","41927441","41927614","chr19","41944391","41944570","16","16950"
"chr6","41934728","41934788","chr3","43171370","43171432","16","1236642"
"chr6","41960463","41960773","chr10","82344044","82344359","52","40383581"
"chr6","41967825","41968129","chr19","41994215","41994502","31","26390"
"chr6","41971638","41971932","chr19","41998001","41998305","22","26363"
"chr6","41978893","41979185","chr19","42005293","42005599","23","26400"
"chr6","42019890","42020205","chr19","42049469","42049781","18","29579"
"chr6","42023375","42023667","chr1","216087997","216088292","37","174064622"
"chr6","42029856","42030042","chr5","129275158","129275347","33","87245302"
"chr6","42030354","42030477","chr10","19214340","19214458","27","22816014"
"chr6","42087607","42087914","chr19","42109012","42109337","31","21405"
"chr6","42088104","42088413","chr19","42109527","42109838","19","21423"
"chr6","42114107","42114169","chr19","42140696","42140760","5","26589"
"chr6","42119497","42119751","chr15","6438791","6439051","44","35680706"
"chr6","42126677","42126990","chr19","42153814","42154129","6","27137"
"chr6","42159020","42159168","chr10","48352606","48352760","24","6193586"
"chr6","42171716","42171913","chr7","159849912","159850120","52","117678196"
"chr6","42220360","42220667","chr14","10960662","10960966","40","31259698"
"chr6","42229946","42230262","chr19","42267186","42267501","10","37240"
"chr6","42294914","42295255","chr5","93507695","93508036","58","51212781"
"chr6","42295276","42295615","chr5","93507695","93508036","52","51212419"
"chr6","42321266","42321563","chr19","42362954","42363249","14","41688"
"chr6","42334013","42334300","chr19","42376833","42377116","8","42820"
"chr6","42353738","42353966","chr2","149255065","149255289","49","106901327"
"chr6","42398153","42398452","chr11","64060475","64060759","27","21662322"
"chr6","42452697","42452999","chr4","24575132","24575437","42","17877565"
"chr6","42472214","42472505","chr19","42495920","42496219","18","23706"
"chr6","42507994","42508288","chr6","105137199","105137481","45","62629205"
"chr6","42635291","42635600","chr19","37097543","37097854","36","5537748"
"chr6","42660251","42660541","chr19","42706752","42707054","28","46501"
"chr6","42660614","42660907","chr19","42706752","42707054","22","46138"
"chr6","42700503","42700796","chr19","42755430","42755726","13","54927"
"chr6","42775229","42775539","chr19","42837846","42838151","18","62617"
"chr6","42927671","42927985","chr6","173590874","173591179","49","130663203"
"chr6","42947772","42947798","chr7","145790583","145790608","14","102842811"
"chr6","42948095","42948268","chr17","6108179","6108349","27","36839916"
"chr6","42948936","42949230","chr13","63444738","63445036","39","20495802"
"chr6","42962569","42962902","chr12","6396661","6396970","62","36565908"
"chr6","43112124","43112286","chr2","18802684","18802843","25","24309440"
"chr6","43112287","43112505","chr10","22140835","22141054","31","20971452"
"chr6","43160211","43160382","chr19","43268065","43268237","5","107854"
"chr6","43199343","43199633","chr5","52925183","52925484","47","9725840"
"chr6","43204517","43204649","chr19","43315360","43315493","7","110843"
"chr6","43218564","43218860","chr19","43330634","43330924","10","112070"
"chr6","43343514","43343830","chr14","68168530","68168842","40","24825016"
"chr6","43425822","43426106","chr19","43545479","43545790","35","119657"
"chr6","43472821","43473119","chr19","43592162","43592466","17","119341"
"chr6","43504581","43504891","chr13","85970112","85970406","43","42465531"
"chr6","43654939","43655255","chr13","44205794","44206102","43","550855"
"chr6","43908491","43908801","chr19","44035429","44035741","19","126938"
"chr6","43983149","43983232","chr19","44123362","44123445","3","140213"
"chr6","43998101","43998395","chr1","67559257","67559554","40","23561156"
"chr6","44024486","44024769","chr9","14113601","14113874","43","29910885"
"chr6","44027850","44027981","chr1","113374605","113374734","11","69346755"
"chr6","44027990","44028030","chr19","15535031","15535075","12","28492959"
"chr6","44028041","44028273","chr11","111065884","111066104","39","67037843"
"chr6","44071533","44071838","chr20","2939638","2939935","35","41131895"
"chr6","44126080","44126398","chr12","44956348","44956657","42","830268"
"chr6","44223536","44223801","chr7","24663545","24663819","54","19559991"
"chr6","44280509","44280817","chr6","75313077","75313387","57","31032568"
"chr6","44566803","44567091","chr19","44770402","44770691","9","203599"
"chr6","44586269","44586558","chr19","44790343","44790631","11","204074"
"chr6","44610141","44610448","chr19","44820439","44820742","23","210298"
"chr6","44613467","44613711","chr8","62302883","62303149","49","17689416"
"chr6","44955389","44955712","chr19","45188338","45188649","24","232949"
"chr6","44962235","44962491","chr19","45195140","45195387","19","232905"
"chr6","44985142","44985442","chr19","45218794","45219094","4","233652"
"chr6","45069551","45069882","chr7","159609470","159609783","53","114539919"
"chr6","45111467","45111757","chr19","45349947","45350253","29","238480"
"chr6","45122715","45122804","chr2","144342143","144342235","23","99219428"
"chr6","45122805","45123026","chr19","45363148","45363368","12","240343"
"chr6","45142237","45142328","chr2","102238119","102238214","12","57095882"
"chr6","45179107","45179174","chr19","45421380","45421447","2","242273"
"chr6","45201429","45201719","chr19","45457642","45457930","10","256213"
"chr6","45203132","45203429","chr6","137359785","137360080","34","92156653"
"chr6","45209946","45210173","chr19","45475949","45476183","14","266003"
"chr6","45246293","45246472","chr19","45518170","45518350","8","271877"
"chr6","45258050","45258351","chr19","45531647","45531941","16","273597"
"chr6","45262112","45262360","chr19","45536048","45536299","16","273936"
"chr6","45266876","45267005","chr4","21810577","21810704","25","23456299"
"chr6","45267225","45267413","chr6","99727553","99727722","35","54460328"
"chr6","45270164","45270323","chr17","1414242","1414392","36","43855922"
"chr6","45281098","45281390","chr19","45558981","45559273","4","277883"
"chr6","45283104","45283238","chr7","135844609","135844739","36","90561505"
"chr6","45283551","45283697","chr7","146802784","146802923","47","101519233"
"chr6","45302132","45302424","chr19","45580083","45580374","2","277951"
"chr6","45322988","45323286","chr4","2458483","2458779","42","42864505"
"chr6","45396766","45397049","chr6","1816201","1816489","46","43580565"
"chr6","45398582","45398911","chr19","45718540","45718862","23","319958"
"chr6","45411026","45411334","chr19","45731315","45731618","14","320289"
"chr6","45445748","45446049","chr2","104819808","104820107","52","59374060"
"chr6","45507950","45508250","chr12","19924731","19925028","54","25583219"
"chr6","45527510","45527637","chr20","51964211","51964344","38","6436701"
"chr6","45529996","45530298","chr7","131064935","131065238","46","85534939"
"chr6","45530465","45530668","chr11","44428401","44428604","44","1102064"
"chr6","45534824","45535024","chr19","45790454","45790641","31","255630"
"chr6","45567340","45567640","chr5","35697778","35698076","46","9869562"
"chr6","45618988","45619259","chr19","45852598","45852868","3","233610"
"chr6","45621063","45621365","chr6","129206039","129206350","61","83584976"
"chr6","45621369","45621679","chrX","44389942","44390253","40","1231427"
"chr6","45647413","45647685","chr19","45892104","45892376","9","244691"
"chr6","45668490","45668810","chr4","52290669","52290980","53","6622179"
"chr6","45677076","45677381","chr19","45922434","45922731","14","245358"
"chr6","45677747","45678043","chr19","45923094","45923391","9","245347"
"chr6","45704576","45704883","chr19","45951924","45952229","10","247348"
"chr6","45729797","45730077","chr19","45967642","45967923","18","237845"
"chr6","45744645","45744958","chr19","45984998","45985311","12","240353"
"chr6","45757989","45758280","chr19","46011960","46012250","13","253971"
"chr6","45775519","45775800","chr14","110626921","110627202","46","64851402"
"chr6","45860276","45860544","chr9","14113601","14113874","33","31746675"
"chr6","45869521","45869803","chr15","97061406","97061689","36","51191885"
"chr6","45933198","45933500","chr19","46190455","46190757","15","257257"
"chr6","45980325","45980633","chr2","135426664","135426969","45","89446339"
"chr6","46034924","46035226","chr19","46293531","46293833","22","258607"
"chr6","46047466","46047770","chr11","49014484","49014784","37","2967018"
"chr6","46082159","46082460","chr16","19031584","19031879","41","27050575"
"chr6","46116804","46117100","chr1","27513704","27514001","42","18603100"
"chr6","46142794","46143109","chr5","58453652","58453961","49","12310858"
"chr6","46163645","46163820","chr18","46516546","46516727","41","352901"
"chr6","46164121","46164173","chr1","142279794","142279841","13","96115673"
"chr6","46194218","46194529","chr19","32011380","32011691","49","14182838"
"chr6","46210525","46210820","chr19","46465507","46465801","9","254982"
"chr6","46263927","46264220","chr19","46522459","46522752","13","258532"
"chr6","46288292","46288579","chr19","46545778","46546071","15","257486"
"chr6","46293932","46293954","chr7","145790583","145790608","14","99496651"
"chr6","46294232","46294397","chr1","31388552","31388713","25","14905680"
"chr6","46318678","46318732","chr7","15618531","15618582","22","30700147"
"chr6","46319026","46319125","chrX","62719211","62719304","18","16400185"
"chr6","46339528","46339661","chr10","73050153","73050283","16","26710625"
"chr6","46339982","46340203","chr19","2522109","2522332","61","43817873"
"chr6","46352905","46353210","chr14","63751470","63751781","44","17398565"
"chr6","46371747","46372050","chr12","39915072","39915374","41","6456675"
"chr6","46380364","46380652","chr1","93742756","93743048","48","47362392"
"chr6","46381661","46381954","chr11","116170247","116170539","40","69788586"
"chr6","46388004","46388286","chr3","18585900","18586198","50","27802104"
"chr6","46393422","46393545","chr19","46654620","46654733","15","261198"
"chr6","46484740","46485043","chr1","55263731","55264029","36","8778991"
"chr6","46487128","46487436","chr16","19157364","19157660","47","27329764"
"chr6","46488364","46488670","chr19","46761323","46761624","10","272959"
"chr6","46506598","46506898","chr19","46782175","46782476","17","275577"
"chr6","46525733","46525854","chr19","46804166","46804292","12","278433"
"chr6","46526668","46526838","chr16","32682137","32682310","26","13844531"
"chr6","46527150","46527281","chr11","74966065","74966200","11","28438915"
"chr6","46527362","46527667","chr19","46805789","46806094","13","278427"
"chr6","46534323","46534614","chr19","46815125","46815414","11","280802"
"chr6","46540705","46540717","chr9","32916732","32916748","9","13623973"
"chr6","46540718","46541010","chr19","46823052","46823359","45","282334"
"chr6","46541011","46541188","chr16","32682137","32682310","23","13858874"
"chr6","46550656","46550751","chr19","46830277","46830372","6","279621"
"chr6","46551453","46551651","chr16","4657696","4657895","59","41893757"
"chr6","46551711","46551851","chr11","30992530","30992678","40","15559181"
"chr6","46578388","46578698","chr19","46865993","46866302","11","287605"
"chr6","46638015","46638308","chr10","27594987","27595275","44","19043028"
"chr6","46695285","46695562","chr19","46983733","46984014","18","288448"
"chr6","46800565","46800724","chr16","29072841","29073006","41","17727724"
"chr6","46805402","46805694","chr2","55220108","55220404","33","8414706"
"chr6","46812072","46812196","chr4","102037440","102037567","24","55225368"
"chr6","46877334","46877501","chr1","31388552","31388713","33","15488782"
"chr6","46885726","46886036","chr19","47180392","47180694","25","294666"
"chr6","46994149","46994386","chr16","45457265","45457500","34","1536884"
"chr6","46996714","46996857","chr1","29749515","29749661","17","17247199"
"chr6","47012935","47013230","chr19","47321141","47321436","7","308206"
"chr6","47091473","47091764","chr19","47392689","47392976","17","301216"
"chr6","47105959","47106255","chr19","47409940","47410234","12","303981"
"chr6","47226105","47226433","chr19","47535827","47536156","21","309722"
"chr6","47233384","47233677","chr13","67808413","67808709","42","20575029"
"chr6","47255836","47256132","chr16","19889407","19889704","38","27366429"
"chr6","47387844","47388147","chr19","47707104","47707394","29","319260"
"chr6","47403957","47404274","chr19","47725325","47725644","23","321368"
"chr6","47494577","47494877","chr20","70817416","70817712","42","23322839"
"chr6","47514787","47515060","chr19","47797919","47798191","12","283132"
"chr6","47533572","47533842","chr19","47817332","47817567","43","283760"
"chr6","47560968","47561263","chr19","47852136","47852432","9","291168"
"chr6","47571217","47571349","chr19","47862486","47862616","7","291269"
"chr6","47595189","47595217","chr10","86377102","86377133","14","38781913"
"chr6","47595449","47595504","chr2","47576719","47576770","11","18730"
"chr6","47625738","47626033","chr19","47922560","47922852","20","296822"
"chr6","47650423","47650722","chr19","47950652","47950950","12","300229"
"chr6","47665005","47665212","chr19","47963897","47964108","8","298892"
"chr6","47694801","47695101","chr19","47997400","47997701","12","302599"
"chr6","47696899","47697211","chr19","48000099","48000414","34","303200"
"chr6","47710972","47711272","chr19","48016081","48016385","28","305109"
"chr6","47748170","47748360","chr19","48056089","48056279","5","307919"
"chr6","47893966","47894264","chr19","48213272","48213571","15","319306"
"chr6","47926533","47926663","chr6","74452348","74452476","13","26525815"
"chr6","48025329","48025619","chr19","48329800","48330090","5","304471"
"chr6","48142904","48143214","chr19","48463206","48463516","12","320302"
"chr6","48154349","48154643","chr19","48474737","48475029","17","320388"
"chr6","48255331","48255626","chr17","9614138","9614432","37","38641193"
"chr6","48275206","48275517","chr19","48598246","48598580","30","323040"
"chr6","48314759","48315071","chr19","48636439","48636751","13","321680"
"chr6","48384054","48384335","chr11","108027697","108027986","42","59643643"
"chr6","48391229","48391522","chr19","48715316","48715609","16","324087"
"chr6","48413130","48413362","chr19","48735734","48735966","4","322604"
"chr6","48458138","48458351","chr19","48781690","48781899","8","323552"
"chr6","48488433","48488720","chr19","48813607","48813895","9","325174"
"chr6","48551172","48551496","chr19","48877568","48877875","33","326396"
"chr6","48557233","48557550","chr19","48884179","48884498","16","326946"
"chr6","48583330","48583635","chr19","48912857","48913165","11","329527"
"chr6","48596650","48596934","chr19","48925572","48925856","19","328922"
"chr6","48626110","48626407","chr19","48957007","48957308","24","330897"
"chr6","48646824","48647023","chr15","36547849","36548047","35","12098975"
"chr6","48742261","48742550","chr19","49074202","49074492","10","331941"
"chr6","48745416","48745727","chr19","49077225","49077530","18","331809"
"chr6","48865689","48865816","chr19","49206141","49206268","7","340452"
"chr6","48966240","48966538","chr19","49303616","49303911","8","337376"
"chr6","49213079","49213368","chr19","1088226","1088512","41","48124853"
"chr6","49229752","49229861","chr4","16041916","16042026","17","33187836"
"chr6","49250620","49250889","chr10","62691181","62691448","45","13440561"
"chr6","49349138","49349419","chr19","49696989","49697273","29","347851"
"chr6","49356806","49357113","chr19","49704647","49704966","25","347841"
"chr6","49391786","49392093","chrX","51216662","51216972","45","1824876"
"chr6","49396797","49397090","chr19","49747120","49747412","11","350323"
"chr6","49418624","49418936","chr19","49770876","49771190","17","352252"
"chr6","49582000","49582105","chr2","132762846","132762951","18","83180846"
"chr6","49582672","49582978","chr1","22001594","22001900","36","27581078"
"chr6","49600965","49601106","chr19","49957750","49957891","2","356785"
"chr6","49677751","49678045","chr19","50037845","50038140","8","360094"
"chr6","49678353","49678652","chr12","32958469","32958764","41","16719884"
"chr6","49728589","49728880","chr19","50089264","50089566","32","360675"
"chr6","49792933","49793202","chr19","50150156","50150427","13","357223"
"chr6","50050966","50051265","chr19","50426132","50426432","12","375166"
"chr6","50061419","50061727","chr19","50436185","50436494","17","374766"
"chr6","50071314","50071562","chr19","50445581","50445837","13","374267"
"chr6","50107390","50107694","chr1","27477308","27477607","53","22630082"
"chr6","50126533","50126829","chr19","50501158","50501464","15","374625"
"chr6","50167378","50167678","chr10","71880315","71880618","39","21712937"
"chr6","50177546","50177794","chr1","92616917","92617170","56","42439371"
"chr6","50211444","50211747","chr19","50589268","50589563","19","377824"
"chr6","50296044","50296319","chr1","120623200","120623473","44","70327156"
"chr6","50348901","50349198","chr19","50722004","50722300","10","373103"
"chr6","50385538","50385746","chr8","36422408","36422615","30","13963130"
"chr6","50410608","50410887","chr19","50791455","50791730","5","380847"
"chr6","50411318","50411613","chr19","50792132","50792406","28","380814"
"chr6","50434361","50434655","chr19","50815181","50815475","8","380820"
"chr6","50434924","50435222","chr19","50815746","50816038","13","380822"
"chr6","50463923","50464232","chr19","50846695","50847002","10","382772"
"chr6","50475275","50475571","chr19","50859828","50860129","12","384553"
"chr6","50496977","50497114","chr19","50879740","50879877","7","382763"
"chr6","50524537","50524835","chr5","33708345","33708639","44","16816192"
"chr6","50525433","50525725","chr1","182109787","182110078","44","131584354"
"chr6","50559586","50559880","chr20","26211185","26211483","35","24348401"
"chr6","50564016","50564316","chr15","9407117","9407421","44","41156899"
"chr6","50569036","50569335","chr19","50957369","50957678","20","388333"
"chr6","50665539","50665773","chrX","125653898","125654128","31","74988359"
"chr6","50667404","50667704","chr12","19767873","19768167","45","30899531"
"chr6","50677406","50677555","chr3","44985113","44985255","28","5692293"
"chr6","50692067","50692361","chr19","51076947","51077252","18","384880"
"chr6","50698804","50699101","chr19","51092463","51092768","16","393659"
"chr6","50741851","50742015","chr1","56150277","56150446","32","5408426"
"chr6","50747435","50747677","chr19","9907754","9907962","58","40839681"
"chr6","50778637","50778945","chr19","51177881","51178198","17","399244"
"chr7","24248269","24248553","chr5","53152402","53152686","3","28904133"
"chr7","55967584","55967885","chr5","99210362","99210672","19","43242778"
"chr7","86114237","86114343","chr2","132762846","132762951","21","46648609"
"chr7","127533027","127533312","chr1","138283945","138284230","34","10750918"
"chr7","243011","243309","chr5","59775121","59775418","7","59532110"
"chr7","335660","335858","chr1","145025788","145025986","31","144690128"
"chr7","471733","472013","chr6","37014524","37014815","50","36542791"
"chr7","734058","734374","chr5","60237578","60237887","10","59503520"
"chr7","750152","750459","chr5","60253947","60254251","21","59503795"
"chr7","788359","788537","chr5","60293176","60293354","5","59504817"
"chr7","836586","836771","chr12","57375913","57376086","53","56539327"
"chr7","1291076","1291379","chr5","60800048","60800350","10","59508972"
"chr7","1293910","1294207","chr1","217770749","217771048","44","216476839"
"chr7","1325188","1325461","chr13","125286869","125287150","56","123961681"
"chr7","1720482","1720768","chr7","131575349","131575629","47","129854867"
"chr7","1926951","1927257","chr5","61442639","61442950","16","59515688"
"chr7","2070846","2071128","chr19","13054007","13054291","46","10983161"
"chr7","2705651","2705949","chr10","16408690","16408989","55","13703039"
"chr7","2762198","2762505","chr5","62325284","62325588","17","59563086"
"chr7","3182078","3182362","chr5","62754153","62754440","16","59572075"
"chr7","3695745","3696058","chr2","41011406","41011697","79","37315661"
"chr7","3715009","3715313","chr5","63281628","63281900","44","59566619"
"chr7","4130923","4131092","chr2","48457598","48457761","37","44326675"
"chr7","4131945","4132237","chr20","62814739","62815029","40","58682794"
"chr7","4370661","4370949","chr14","101149956","101150251","49","96779295"
"chr7","4643921","4644138","chr5","64241657","64241882","18","59597736"
"chr7","4646783","4647090","chr5","64244513","64244822","24","59597730"
"chr7","4854676","4854973","chr5","64430226","64430527","17","59575550"
"chr7","4932625","4932935","chr5","64504665","64504967","27","59572040"
"chr7","5053872","5054178","chr5","64622881","64623172","33","59569009"
"chr7","5734811","5735083","chr5","65363769","65364072","44","59628958"
"chr7","5815325","5815625","chr5","65444856","65445153","7","59629531"
"chr7","5824805","5825029","chr1","34161844","34162068","41","28337039"
"chr7","5994556","5994852","chr5","65630374","65630663","13","59635818"
"chr7","6112926","6113240","chr5","65753216","65753523","22","59640290"
"chr7","6597831","6598155","chr2","3886583","3886889","54","2711248"
"chr7","6772854","6773150","chr5","66429993","66430293","12","59657139"
"chr7","6818186","6818494","chr4","38051245","38051555","61","31233059"
"chr7","6835235","6835254","chr9","32916732","32916748","13","26081497"
"chr7","6835284","6835501","chr5","66492961","66493177","7","59657677"
"chr7","6896166","6896466","chr5","66553836","66554136","10","59657670"
"chr7","6983278","6983289","chr9","32916732","32916748","11","25933454"
"chr7","6983320","6983605","chr5","66642256","66642544","15","59658936"
"chr7","7007801","7007928","chr20","29965899","29966023","20","22958098"
"chr7","7078053","7078345","chr6","48014414","48014697","55","40936361"
"chr7","7120522","7120802","chr5","66784920","66785217","28","59664398"
"chr7","7453115","7453438","chr3","162222152","162222462","61","154769037"
"chr7","7490482","7490789","chr2","149003574","149003882","47","141513092"
"chr7","7672085","7672357","chr5","67374562","67374830","24","59702477"
"chr7","7683966","7684272","chr5","67386418","67386725","6","59702452"
"chr7","7826633","7826923","chr5","67536635","67536907","35","59710002"
"chr7","8234928","8235178","chr5","67938038","67938270","27","59703110"
"chr7","8385855","8386013","chr5","68097761","68097919","3","59711906"
"chr7","8472138","8472434","chr5","68187836","68188142","25","59715698"
"chr7","8544239","8544544","chr5","68271520","68271824","10","59727281"
"chr7","8634677","8634980","chr5","68370051","68370356","31","59735374"
"chr7","8638654","8638866","chr5","68374033","68374245","8","59735379"
"chr7","8753439","8753758","chr5","68493973","68494292","20","59740534"
"chr7","8876395","8876695","chr5","68624859","68625168","22","59748464"
"chr7","9023087","9023394","chr5","103067083","103067387","47","94043996"
"chr7","9370622","9370791","chr1","31438797","31438959","28","22068175"
"chr7","10283831","10284130","chr5","70070807","70071071","45","59786976"
"chr7","10508828","10509047","chr5","70298479","70298698","17","59789651"
"chr7","11108155","11108425","chr5","70900493","70900764","10","59792338"
"chr7","11545002","11545163","chr5","72428343","72428500","27","60883341"
"chr7","11758034","11758302","chr4","151232086","151232347","66","139474052"
"chr7","11758304","11758467","chr1","47149088","47149239","33","35390784"
"chr7","11770661","11770893","chr5","71608276","71608515","11","59837615"
"chr7","11779779","11780080","chr5","71623241","71623553","31","59843462"
"chr7","11802612","11802894","chr5","71638524","71638819","23","59835912"
"chr7","11802936","11803242","chr5","71638847","71639152","8","59835911"
"chr7","11853729","11854033","chr5","71702077","71702380","13","59848348"
"chr7","11880341","11880600","chr5","71730793","71731056","14","59850452"
"chr7","11882496","11882658","chr11","50449096","50449254","23","38566600"
"chr7","12057777","12058081","chr5","71952874","71953177","10","59895097"
"chr7","12104012","12104316","chr8","23726355","23726661","39","11622343"
"chr7","12160024","12160278","chr5","72057455","72057708","10","59897431"
"chr7","12182345","12182653","chr5","72080401","72080708","12","59898056"
"chr7","12288636","12288958","chr3","169996129","169996444","44","157707493"
"chr7","12353157","12353323","chr9","26580472","26580636","28","14227315"
"chr7","12368304","12368611","chr5","72261575","72261880","13","59893271"
"chr7","12520306","12520585","chr5","72416182","72416461","5","59895876"
"chr7","12532199","12532362","chr5","72428343","72428500","9","59896144"
"chr7","12713343","12713513","chr5","72620572","72620744","5","59907229"
"chr7","12749254","12749523","chr4","37457450","37457713","31","24708196"
"chr7","12771343","12771642","chr11","120640045","120640342","41","107868702"
"chr7","13135296","13135568","chr5","73128118","73128396","18","59992822"
"chr7","13159014","13159302","chr5","73152089","73152379","6","59993075"
"chr7","13698866","13699049","chr5","73702665","73702843","8","60003799"
"chr7","13916990","13917291","chr5","34939017","34939316","35","21022027"
"chr7","13939828","13940141","chr5","73954545","73954858","8","60014717"
"chr7","14335713","14335983","chr4","124262841","124263120","50","109927128"
"chr7","14345026","14345296","chr16","64472090","64472369","40","50127064"
"chr7","14346389","14346700","chr5","74360393","74360705","10","60014004"
"chr7","14472080","14472205","chr5","74483359","74483484","2","60011279"
"chr7","14632970","14633266","chr5","74649222","74649528","19","60016252"
"chr7","14709800","14710093","chr5","74728363","74728655","11","60018563"
"chr7","14754805","14755104","chr5","74773325","74773637","23","60018520"
"chr7","14906292","14906587","chr5","74925988","74926282","6","60019696"
"chr7","15061625","15061921","chr5","75098315","75098613","2","60036690"
"chr7","15729018","15729221","chr5","75796404","75796605","8","60067386"
"chr7","15777611","15777913","chr4","17927339","17927636","43","2149728"
"chr7","15807229","15807533","chr5","75875852","75876156","8","60068623"
"chr7","15835437","15835728","chr5","75904285","75904581","9","60068848"
"chr7","15942998","15943156","chr5","76026833","76026982","14","60083835"
"chr7","16515206","16515498","chr5","76579541","76579844","18","60064335"
"chr7","17959285","17959583","chr1","197485145","197485445","58","179525860"
"chr7","17976172","17976472","chr17","5958695","5958992","61","12017477"
"chr7","18409706","18410015","chr5","58991008","58991310","18","40581302"
"chr7","18764731","18765009","chr3","48125201","48125480","38","29360470"
"chr7","18872263","18872552","chr5","58586475","58586762","20","39714212"
"chr7","19000577","19000903","chr5","58453652","58453961","27","39453075"
"chr7","19037891","19038180","chr5","58415282","58415569","12","39377391"
"chr7","19250134","19250411","chr4","153173836","153174115","35","133923702"
"chr7","19297205","19297498","chr5","58157133","58157429","12","38859928"
"chr7","19322527","19322825","chr5","58131885","58132188","19","38809358"
"chr7","19348259","19348556","chr2","48036280","48036576","42","28688021"
"chr7","19389271","19389486","chr5","58072411","58072612","18","38683140"
"chr7","19408233","19408533","chr20","2939638","2939935","30","16468595"
"chr7","19424713","19425013","chr5","58024233","58024531","7","38599520"
"chr7","19426970","19427268","chr5","58021973","58022270","12","38595003"
"chr7","19498740","19499012","chr5","57946393","57946670","13","38447653"
"chr7","19499216","19499481","chr5","57945903","57946189","29","38446687"
"chr7","19523535","19523825","chr5","57921785","57922078","10","38398250"
"chr7","19689268","19689538","chr5","57751036","57751306","7","38061768"
"chr7","20158877","20159183","chr2","51041817","51042125","54","30882940"
"chr7","20163513","20163696","chr9","105643515","105643712","45","85480002"
"chr7","20175636","20175862","chr5","57264796","57265022","10","37089160"
"chr7","20249604","20249899","chr3","165115458","165115755","40","144865854"
"chr7","20454008","20454177","chrX","14374298","14374462","24","6079710"
"chr7","20455380","20455688","chr2","135426664","135426969","52","114971284"
"chr7","20763328","20763610","chr17","28117040","28117323","53","7353712"
"chr7","20829942","20830237","chr5","56659009","56659306","16","35829067"
"chr7","21208052","21208333","chr5","56258848","56259109","31","35050796"
"chr7","21686912","21687076","chr9","84908163","84908318","26","63221251"
"chr7","22025833","22026134","chr5","55442431","55442714","31","33416598"
"chr7","22159815","22160118","chr5","55312086","55312390","9","33152271"
"chr7","22296142","22296355","chr5","55174322","55174534","6","32878180"
"chr7","22826845","22827171","chr12","34076286","34076616","46","11249441"
"chr7","23092101","23092408","chr5","54346230","54346536","8","31254129"
"chr7","23389957","23390250","chr5","54037670","54037967","13","30647713"
"chr7","23487599","23487886","chr5","53940755","53941048","18","30453156"
"chr7","23694254","23694552","chr5","53725636","53725929","17","30031382"
"chr7","24132311","24132606","chr5","53270142","53270450","23","29137831"
"chr7","24204196","24204504","chr15","13366172","13366483","41","10838024"
"chr7","24249288","24249593","chr5","53151368","53151672","17","28902080"
"chr7","24258201","24258505","chr5","53142166","53142470","8","28883965"
"chr7","24296582","24296877","chr20","67506862","67507158","33","43210280"
"chr7","24334692","24334976","chr5","53064382","53064667","14","28729690"
"chr7","24396942","24397108","chr16","40363470","40363628","31","15966528"
"chr7","24407851","24408144","chr8","97655253","97655543","51","73247402"
"chr7","24443099","24443403","chr10","59605084","59605380","43","35161985"
"chr7","24448266","24448562","chr5","52951474","52951768","13","28503208"
"chr7","24474327","24474637","chr5","52925183","52925484","18","28450856"
"chr7","24536769","24537063","chr5","52862995","52863288","13","28326226"
"chr7","24768997","24769287","chr5","52632978","52633285","28","27863981"
"chr7","24812324","24812465","chr6","132836210","132836351","20","108023886"
"chr7","24812776","24812936","chr5","130050020","130050176","25","105237244"
"chr7","24928544","24928848","chr14","44854741","44855043","46","19926197"
"chr7","24968356","24968688","chr5","52432809","52433108","43","27464453"
"chr7","25063300","25063602","chr5","52338332","52338625","13","27275032"
"chr7","25227022","25227313","chr5","52169709","52170013","20","26942687"
"chr7","25680548","25680860","chr5","51718999","51719318","20","26038451"
"chr7","26358009","26358306","chr5","51022396","51022693","11","24664387"
"chr7","26428463","26428761","chr7","38962613","38962910","33","12534150"
"chr7","26554256","26554527","chr5","50824982","50825260","13","24270726"
"chr7","26694642","26694946","chr5","50682369","50682673","13","23987727"
"chr7","26741467","26741638","chr1","140999555","140999719","23","114258088"
"chr7","26807494","26807708","chr5","50568558","50568772","6","23761064"
"chr7","27038180","27038467","chr5","50336113","50336409","19","23297933"
"chr7","27250576","27250856","chr5","50121241","50121551","39","22870665"
"chr7","28260749","28261076","chr1","73868577","73868894","54","45607828"
"chr7","28570857","28571155","chr5","48775088","48775381","15","20204231"
"chr7","28847655","28847968","chr5","48490580","48490886","22","19642925"
"chr7","28986858","28987160","chr5","48350964","48351263","10","19364106"
"chr7","29005665","29006011","chr7","77057012","77057349","64","48051347"
"chr7","29021350","29021643","chr11","108027697","108027986","38","79006347"
"chr7","29094028","29094324","chr5","48232696","48232996","8","19138668"
"chr7","29307308","29307613","chr5","48018100","48018396","16","18710792"
"chr7","29808247","29808544","chr5","47513376","47513669","13","17705129"
"chr7","29858450","29858749","chr6","32264602","32264902","42","2406152"
"chr7","30018543","30018831","chr5","47311863","47312151","14","17293320"
"chr7","30463819","30464148","chr5","46862995","46863277","54","16399176"
"chr7","30474886","30475163","chr13","123680493","123680754","54","93205607"
"chr7","30680815","30681120","chr4","24693594","24693898","34","5987221"
"chr7","30687868","30688166","chr3","38188841","38189140","48","7500973"
"chr7","30738886","30739180","chr2","78665450","78665747","32","47926564"
"chr7","30824022","30824275","chr2","160389896","160390150","50","129565874"
"chr7","30828804","30829105","chr8","36416072","36416371","40","5587268"
"chr7","30929161","30929323","chr13","87854074","87854233","21","56924913"
"chr7","30989763","30990063","chr5","46321979","46322275","20","15332216"
"chr7","31087289","31087499","chr5","46219978","46220187","12","15132689"
"chr7","31210291","31210589","chr5","46099868","46100177","19","14889577"
"chr7","31293646","31293749","chr5","46017555","46017658","1","14723909"
"chr7","31294613","31294839","chr5","46016470","46016695","5","14721857"
"chr7","31397073","31397352","chr11","64124862","64125139","42","32727789"
"chr7","31400884","31401181","chr5","45905300","45905601","12","14504416"
"chr7","31440115","31440410","chr13","125180707","125180993","41","93740592"
"chr7","31592209","31592514","chr5","45693044","45693345","19","14100835"
"chr7","31733059","31733362","chr5","45547723","45548028","9","13814664"
"chr7","31790307","31790607","chr5","45490453","45490753","8","13700146"
"chr7","31835786","31835933","chr5","45446283","45446429","6","13610497"
"chr7","31854924","31855231","chr5","45426914","45427217","17","13571990"
"chr7","31862166","31862464","chr5","45419312","45419620","21","13557146"
"chr7","31892882","31893203","chr5","45388721","45389047","29","13495839"
"chr7","31938571","31938804","chr1","213226526","213226764","42","181287955"
"chr7","31971033","31971316","chr10","27594987","27595275","31","4376046"
"chr7","32037844","32038152","chr5","130508515","130508821","41","98470671"
"chr7","32200722","32201016","chr5","45177251","45177545","5","12976529"
"chr7","32308297","32308586","chr5","45070877","45071164","19","12762580"
"chr7","33055149","33055440","chr9","5849715","5850009","35","27205434"
"chr7","33276402","33276705","JH682082","61487","61790","10","33214915"
"chr7","33309589","33309878","JH682082","94358","94647","8","33215231"
"chr7","33662073","33662398","chr2","184554529","184554839","61","150892456"
"chr7","33817180","33817485","chr5","76953817","76954120","7","43136637"
"chr7","33891061","33891371","chr1","113667944","113668268","61","79776883"
"chr7","33970188","33970501","chr5","50121241","50121551","44","16151053"
"chr7","34000600","34000894","chr5","77139749","77140035","13","43139149"
"chr7","34133274","34133573","chr5","77274308","77274625","36","43141034"
"chr7","34157865","34158174","chr10","78397199","78397509","39","44239334"
"chr7","34229025","34229337","chr5","77370624","77370938","13","43141599"
"chr7","34584495","34584786","chr5","77736964","77737255","6","43152469"
"chr7","35120292","35120596","chr5","78272640","78272944","10","43152348"
"chr7","35317846","35317941","chr14","61802851","61802940","25","26485005"
"chr7","35318233","35318400","chr1","161578156","161578321","37","126259923"
"chr7","35326941","35327231","chr2","50522858","50523131","66","15195917"
"chr7","35332630","35332940","chr5","78481786","78482103","10","43149156"
"chr7","35368415","35368723","chr5","78517752","78518045","27","43149337"
"chr7","35607248","35607480","chr5","78756152","78756392","14","43148904"
"chr7","35611079","35611409","chr5","78760352","78760682","17","43149273"
"chr7","35685002","35685300","chr5","78829520","78829830","23","43144518"
"chr7","35809361","35809671","chr5","78954448","78954760","14","43145087"
"chr7","35811533","35811842","chr5","78956953","78957260","11","43145420"
"chr7","36078227","36078510","chr20","29320881","29321165","33","6757346"
"chr7","36078552","36078563","chr9","32916732","32916748","11","3161820"
"chr7","36436093","36436383","chr5","79590981","79591282","27","43154888"
"chr7","36476052","36476350","chr5","79631712","79632010","4","43155660"
"chr7","36567827","36568026","chr1","169877937","169878138","28","133310110"
"chr7","36865519","36865798","chr5","80020374","80020653","10","43154855"
"chr7","37090395","37090688","chr5","80242557","80242839","20","43152162"
"chr7","37142658","37142939","chr4","22363750","22364029","43","14778908"
"chr7","37306883","37307173","chr5","80473425","80473714","9","43166542"
"chr7","37395459","37395757","chr5","80555373","80555671","6","43159914"
"chr7","37699797","37700090","chr5","80863594","80863903","32","43163797"
"chr7","37866722","37867029","chr5","81026133","81026441","11","43159411"
"chr7","37892034","37892314","chr5","81051672","81051952","13","43159638"
"chr7","37961791","37962093","chr11","805472","805771","50","37156319"
"chr7","37996579","37996882","chr5","81154944","81155247","8","43158365"
"chr7","38121944","38122226","chr19","1074823","1075116","45","37047121"
"chr7","38130033","38130353","chr5","81283977","81284276","36","43153944"
"chr7","38426481","38426791","chrX","28745828","28746133","35","9680653"
"chr7","38726374","38726671","chr5","81865990","81866295","13","43139616"
"chr7","38786509","38786722","chr7","79506552","79506758","35","40720043"
"chr7","38821168","38821451","chr5","81959147","81959430","9","43137979"
"chr7","38968019","38968303","chr5","82121171","82121459","9","43153152"
"chr7","39389714","39390005","chr1","21594116","21594406","45","17795598"
"chr7","39463176","39463477","chr5","82603095","82603402","19","43139919"
"chr7","39651999","39652307","chr5","82803291","82803594","11","43151292"
"chr7","40326298","40326630","chrX","27805021","27805338","60","12521277"
"chr7","40546194","40546545","chr8","120139498","120139827","76","79593304"
"chr7","40814513","40814766","chr5","83997345","83997596","12","43182832"
"chr7","41071391","41071698","chr13","69271573","69271881","36","28200182"
"chr7","41133552","41133768","chr7","158251519","158251723","37","117117967"
"chr7","41164405","41164694","chr5","84355349","84355639","11","43190944"
"chr7","41196701","41196849","chr5","84386796","84386944","5","43190095"
"chr7","41455017","41455325","chr5","84656413","84656722","10","43201396"
"chr7","41510154","41510430","chr5","84711366","84711642","9","43201212"
"chr7","41704225","41704524","chr5","84916232","84916536","11","43212007"
"chr7","42000001","42000117","chr12","80211405","80211513","17","38211404"
"chr7","42126650","42126910","chr5","85349998","85350256","8","43223348"
"chr7","42168520","42168822","chr5","85396749","85397046","9","43228229"
"chr7","42286847","42287160","chr5","85504157","85504467","5","43217310"
"chr7","42373943","42374245","chr9","87149710","87149996","59","44775767"
"chr7","42459508","42459801","chr5","85678271","85678572","19","43218763"
"chr7","42467585","42467879","chr5","85686328","85686622","8","43218743"
"chr7","42507809","42508113","chr5","85727208","85727512","8","43219399"
"chr7","42745186","42745418","chr5","85957615","85957844","9","43212429"
"chr7","42820320","42820610","chr5","86033605","86033895","9","43213285"
"chr7","42856701","42856984","chr5","86070320","86070617","19","43213619"
"chr7","43046632","43046924","chr2","41662345","41662636","41","1384287"
"chr7","43056265","43056552","chr10","27594987","27595275","32","15461278"
"chr7","43063910","43064219","chr5","86274186","86274501","15","43210276"
"chr7","43103729","43104035","chr2","176864663","176864968","39","133760934"
"chr7","43106314","43106575","chr5","86316847","86317109","12","43210533"
"chr7","43106691","43106996","chr5","86317227","86317529","11","43210536"
"chr7","43254100","43254399","chr5","86467467","86467771","11","43213367"
"chr7","43562276","43562565","chr20","67506862","67507158","41","23944586"
"chr7","43599711","43600018","chr2","149003574","149003882","47","105403863"
"chr7","43825686","43825983","chr5","87047703","87047986","30","43222017"
"chr7","44596392","44596599","chr5","87808960","87809168","8","43212568"
"chr7","44602734","44603034","chr5","87815196","87815496","10","43212462"
"chr7","44752805","44752963","chr5","87969038","87969192","12","43216233"
"chr7","45297967","45298295","chr8","23726355","23726661","69","21571612"
"chr7","45382405","45382701","chr5","88605221","88605519","11","43222816"
"chr7","45946208","45946432","chr5","89168496","89168729","13","43222288"
"chr7","46022785","46023077","chr8","5995736","5996031","51","40027049"
"chr7","46350680","46350990","chr5","89541020","89541330","5","43190340"
"chr7","46361813","46362114","chr5","89552155","89552456","8","43190342"
"chr7","46389166","46389470","chr5","89579450","89579762","29","43190284"
"chr7","46408045","46408105","chr5","89598423","89598483","0","43190378"
"chr7","46470507","46470797","chr5","89660586","89660876","10","43190079"
"chr7","46485851","46486162","chr5","89676296","89676606","12","43190445"
"chr7","46600496","46600794","chr5","89790852","89791150","3","43190356"
"chr7","46687998","46688270","chr5","71949323","71949599","50","25261325"
"chr7","46901132","46901348","chr12","21527761","21527976","41","25373371"
"chr7","46912557","46912845","chr5","90111894","90112195","26","43199337"
"chr7","46915192","46915408","chr12","21527761","21527976","40","25387431"
"chr7","46957143","46957427","chr5","154319459","154319739","48","107362316"
"chr7","46996055","46996341","chr5","90199713","90200007","13","43203658"
"chr7","47206254","47206548","chr5","90407930","90408224","5","43201676"
"chr7","47421897","47422107","chr5","90620979","90621190","8","43199082"
"chr7","47602278","47602585","chr5","90824963","90825256","24","43222685"
"chr7","47657018","47657309","chr5","90876372","90876653","22","43219354"
"chr7","47884896","47885202","chr5","91095764","91096043","33","43210868"
"chr7","47908754","47909052","chrX","51165804","51166099","42","3257050"
"chr7","48372008","48372320","chr5","91593550","91593866","21","43221542"
"chr7","48467122","48467429","chr15","13870725","13871035","63","34596397"
"chr7","48669580","48669887","chr5","91891253","91891557","9","43221673"
"chr7","48693978","48694286","chr5","91919712","91920016","12","43225734"
"chr7","49068766","49069051","chr5","58157133","58157429","47","9088367"
"chr7","49288514","49288821","chr16","63451959","63452267","44","14163445"
"chr7","49517990","49518290","chr5","92738646","92738945","8","43220656"
"chr7","49582843","49583230","chr5","92803626","92804000","22","43220783"
"chr7","49783477","49783670","chr5","92994373","92994566","12","43210896"
"chr7","49962896","49963226","chr5","93182795","93183099","54","43219899"
"chr7","50272376","50272687","chr1","37689627","37689933","40","12582749"
"chr7","50333342","50333679","chr5","93507695","93508036","64","43174353"
"chr7","50361811","50362111","chr5","93598899","93599180","28","43237088"
"chr7","50874162","50874281","chr5","94114439","94114559","3","43240277"
"chr7","50944718","50944915","chr5","94182360","94182555","6","43237642"
"chr7","50982941","50983246","chr5","94220676","94220981","10","43237735"
"chr7","50986395","50986697","chr5","94224472","94224774","11","43238077"
"chr7","51111591","51111858","chr5","94359350","94359627","16","43247759"
"chr7","51143601","51143910","chr5","94391975","94392282","14","43248374"
"chr7","51177011","51177288","chr5","94426469","94426744","11","43249458"
"chr7","51500822","51501121","chr5","94774406","94774706","8","43273584"
"chr7","51602039","51602351","chr5","94887483","94887800","20","43285444"
"chr7","51686905","51687144","chr5","94971687","94971923","13","43284782"
"chr7","51693043","51693168","chr15","101930394","101930517","17","50237351"
"chr7","51693199","51693378","chr14","31856154","31856328","33","19837045"
"chr7","52223325","52223639","chr5","95512712","95513025","6","43289387"
"chr7","52267118","52267402","chr1","185490436","185490721","37","133223318"
"chr7","52976493","52976708","chr8","8344322","8344539","29","44632171"
"chr7","53161865","53162168","chr5","96383542","96383845","7","43221677"
"chr7","53190119","53190177","chr5","129346600","129346655","20","76156481"
"chr7","53220489","53220843","chr5","96441690","96441999","50","43221201"
"chr7","53368124","53368413","chr5","96587589","96587878","13","43219465"
"chr7","53524602","53524768","chr8","6116673","6116831","34","47407929"
"chr7","53541028","53541316","chr5","96758699","96758996","26","43217671"
"chr7","53620377","53620688","chr5","96828234","96828549","15","43207857"
"chr7","53627780","53628061","chr4","4935236","4935520","46","48692544"
"chr7","53833639","53833850","chr5","97044179","97044390","6","43210540"
"chr7","54010218","54010487","chr5","97228218","97228495","25","43218000"
"chr7","54291764","54291925","chr5","97497589","97497761","18","43205825"
"chr7","54302367","54302646","chr10","66254964","66255262","50","11952597"
"chr7","55328064","55328374","chr5","98571300","98571611","8","43243236"
"chr7","55452846","55453151","chr5","98702639","98702944","6","43249793"
"chr7","55650830","55651132","chr1","42353131","42353436","32","13297699"
"chr7","55772693","55772985","chr5","99010248","99010539","9","43237555"
"chr7","55805404","55805713","chr5","99043303","99043612","6","43237899"
"chr7","55912762","55913002","chr4","64392909","64393147","39","8480147"
"chr7","55943601","55943724","chr17","15740968","15741092","25","40202633"
"chr7","55966558","55966859","chr5","99209346","99209637","15","43242788"
"chr7","55984879","55985161","chr5","99227612","99227892","17","43242733"
"chr7","56017170","56017471","chr5","99261354","99261659","21","43244184"
"chr7","56170371","56170690","chr5","33323823","33324141","44","22846548"
"chr7","56430065","56430368","chr5","99663653","99663952","8","43233588"
"chr7","56499390","56499679","chr5","99736632","99736914","10","43237242"
"chr7","56545200","56545499","chr5","99781868","99782163","8","43236668"
"chr7","56587158","56587476","chr5","99822137","99822428","35","43234979"
"chr7","56598973","56599267","chr5","99834655","99834955","21","43235682"
"chr7","56630830","56631025","chr5","99868966","99869161","6","43238136"
"chr7","56652351","56652677","chr5","99890149","99890466","14","43237798"
"chr7","56675876","56676072","chr5","99903830","99904023","9","43227954"
"chr7","56684802","56685111","chr5","99912791","99913071","38","43227989"
"chr7","56693457","56693764","chr5","99921783","99922083","21","43228326"
"chr7","56698568","56698837","chr5","99931291","99931575","24","43232723"
"chr7","56713207","56713478","chr5","99946262","99946547","29","43233055"
"chr7","57206632","57206888","chr5","100436421","100436678","10","43229789"
"chr7","57254547","57254846","chr5","100489986","100490284","17","43235439"
"chr7","57304772","57305065","chr5","100542024","100542319","13","43237252"
"chr7","57377175","57377469","chr4","4214560","4214846","50","53162615"
"chr7","57435460","57435786","chr17","76826960","76827269","71","19391500"
"chr7","57450310","57450621","chr5","100693891","100694201","10","43243581"
"chr7","57551527","57551661","chr5","100796886","100797020","4","43245359"
"chr7","57606432","57606709","chr14","15924713","15924999","62","41681719"
"chr7","57634723","57635021","chr5","100879965","100880263","4","43245242"
"chr7","57675743","57675873","chr5","100920158","100920288","2","43244415"
"chr7","57754403","57754701","chr5","101000047","101000346","9","43245644"
"chr7","57962038","57962306","chr5","101208312","101208576","6","43246274"
"chr7","58079242","58079553","chr5","101329543","101329852","3","43250301"
"chr7","58108429","58108692","chr5","101359248","101359504","10","43250819"
"chr7","58220228","58220502","chr19","31789438","31789719","42","26430790"
"chr7","58333844","58334136","chr5","101593268","101593555","14","43259424"
"chr7","58346616","58346908","chr5","101607276","101607548","26","43260660"
"chr7","58797578","58797860","chr14","33306212","33306495","40","25491366"
"chr7","58921408","58921684","chr5","102190876","102191152","4","43269468"
"chr7","59126344","59126494","chr5","102388657","102388812","10","43262313"
"chr7","59772367","59772680","chr5","103067083","103067387","16","43294716"
"chr7","60180758","60181062","chr5","103473770","103474069","14","43293012"
"chr7","60187145","60187447","chr5","103480442","103480749","13","43293297"
"chr7","60195978","60196279","chr5","103489281","103489582","5","43293303"
"chr7","60386926","60387052","chr4","41178524","41178642","45","19208402"
"chr7","60418237","60418460","chr5","103705424","103705646","5","43287187"
"chr7","60441399","60441683","chr5","103733604","103733882","16","43292205"
"chr7","60441792","60442103","chr5","103733997","103734308","12","43292205"
"chr7","60444827","60445138","chr5","103733997","103734308","11","43289170"
"chr7","60460712","60461018","chr1","35309030","35309329","44","25151682"
"chr7","60461466","60461764","chr11","47484789","47485086","37","12976677"
"chr7","60467178","60467478","chr11","30574524","30574825","34","29892654"
"chr7","60475216","60475519","chr5","103768728","103769038","24","43293512"
"chr7","60478780","60478955","chr10","20581270","20581446","25","39897510"
"chr7","60478956","60479265","chr5","103772402","103772711","16","43293446"
"chr7","60479266","60479399","chr11","74966065","74966200","16","14486799"
"chr7","60509487","60509794","chr5","103802613","103802920","3","43293126"
"chr7","60524310","60524616","chr5","103817890","103818192","10","43293580"
"chr7","60527697","60528001","chr5","103822533","103822836","11","43294836"
"chr7","60592970","60593287","chr5","103877284","103877598","19","43284314"
"chr7","60664329","60664624","chr5","103952570","103952864","13","43288241"
"chr7","60725467","60725765","chr5","104015637","104015932","13","43290170"
"chr7","60838871","60839150","chr5","104132935","104133211","10","43294064"
"chr7","60921253","60921534","chr5","104213733","104214020","14","43292480"
"chr7","60947379","60947589","chr5","104240314","104240520","9","43292935"
"chr7","61020663","61020804","chr5","104314698","104314838","7","43294035"
"chr7","61111614","61111894","chr5","104408398","104408678","4","43296784"
"chr7","61521306","61521466","chr9","84908163","84908318","26","23386857"
"chr7","61569302","61569481","chr5","104865075","104865254","13","43295773"
"chr7","61578891","61579183","chr5","104874658","104874961","14","43295767"
"chr7","61861733","61862055","chr5","105157444","105157775","18","43295711"
"chr7","62086410","62086688","chr10","2464208","2464481","64","59622202"
"chr7","62215276","62215592","chr5","105523143","105523467","17","43307867"
"chr7","62217627","62217933","chr5","16841940","16842251","56","45375687"
"chr7","62801768","62802060","chr5","106133880","106134176","9","43332112"
"chr7","62932815","62933040","chr5","106267498","106267726","14","43334683"
"chr7","63514318","63514628","chr5","106852377","106852682","24","43338059"
"chr7","64152081","64152395","chr5","107486717","107487033","16","43334636"
"chr7","64833191","64833478","chr16","11413791","11414080","49","53419400"
"chr7","65173389","65173691","chr5","108523162","108523440","37","43349773"
"chr7","65316808","65317015","chr11","58671092","58671295","53","6645716"
"chr7","65317169","65317311","chr1","30028124","30028263","19","35289045"
"chr7","65522220","65522502","chr3","90725905","90726186","46","25203685"
"chr7","66202221","66202510","chr5","109560111","109560393","12","43357890"
"chr7","66246331","66246642","chr3","145781158","145781457","46","79534827"
"chr7","66320065","66320358","chr5","109678129","109678422","6","43358064"
"chr7","66674266","66674427","chr5","110044351","110044516","7","43370085"
"chr7","66848586","66848895","chr5","110209828","110210135","22","43361242"
"chr7","66911440","66911750","chr5","110272349","110272649","22","43360909"
"chr7","67212282","67212567","chr5","110578574","110578860","15","43366292"
"chr7","67393952","67394270","chr8","20357819","20358136","49","47036133"
"chr7","67924861","67925140","chr6","96812796","96813076","40","28887935"
"chr7","68264345","68264645","chr19","13662083","13662379","32","54602262"
"chr7","68404853","68405143","chr5","111847558","111847850","11","43442705"
"chr7","68438776","68439079","chr5","111878704","111878994","22","43439928"
"chr7","68444270","68444549","chr5","111884201","111884480","10","43439931"
"chr7","68656897","68657207","chrX","28172177","28172489","32","40484720"
"chr7","68985537","68985834","chr5","112399791","112400083","11","43414254"
"chr7","69102501","69102810","chr5","112520377","112520686","6","43417876"
"chr7","69138348","69138642","chr20","27092013","27092310","31","42046335"
"chr7","69273619","69273907","chr5","112689588","112689882","18","43415969"
"chr7","69506343","69506487","chr5","112920108","112920247","11","43413765"
"chr7","69918484","69918778","chr1","56106334","56106635","33","13812150"
"chr7","70071520","70071828","chr5","113510387","113510694","8","43438867"
"chr7","70122591","70122878","chr4","44253650","44253936","51","25868941"
"chr7","70148726","70148848","chr12","80273287","80273410","17","10124561"
"chr7","70204451","70204738","chr5","113644284","113644594","37","43439833"
"chr7","70269465","70269681","chr5","113713186","113713405","9","43443721"
"chr7","70304429","70304720","chr5","113748445","113748750","23","43444016"
"chr7","70387698","70387844","chr7","148167157","148167300","25","77779459"
"chr7","70400950","70401254","chr5","113845302","113845607","9","43444352"
"chr7","70436374","70436678","chr5","113881228","113881532","9","43444854"
"chr7","70670595","70670882","chr5","114117670","114117952","16","43447075"
"chr7","70811300","70811591","chr1","42353131","42353436","44","28458169"
"chr7","70876275","70876584","chr2","99907775","99908087","37","29031500"
"chr7","70928658","70928951","chr5","114378883","114379190","24","43450225"
"chr7","70987931","70988246","chr5","114438303","114438589","34","43450372"
"chr7","71136906","71137015","chr5","114586557","114586666","2","43449651"
"chr7","71356368","71356684","chr5","114811167","114811478","15","43454799"
"chr7","71423773","71424077","chr11","30102633","30102932","45","41321140"
"chr7","71948860","71949164","chr5","115399062","115399361","16","43450202"
"chr7","72355982","72356171","chr5","115814724","115814913","4","43458742"
"chr7","72483975","72484253","chr5","115937314","115937592","11","43453339"
"chr7","72912951","72913234","chr11","118949958","118950247","43","46037007"
"chr7","72959716","72959976","chr5","116425055","116425318","16","43465339"
"chr7","72997909","72998200","chr5","116463742","116464040","20","43465833"
"chr7","73775103","73775410","chr5","117264913","117265218","19","43489810"
"chr7","73987739","73987992","chr5","117481899","117482153","10","43494160"
"chr7","74150034","74150325","chr1","27006519","27006818","50","47143515"
"chr7","74156039","74156352","chr8","115270966","115271277","57","41114927"
"chr7","74197287","74197586","chr5","117702150","117702470","28","43504863"
"chr7","74964154","74964350","chr5","118492998","118493189","13","43528844"
"chr7","74985679","74985987","chr1","25863318","25863627","42","49122361"
"chr7","75034189","75034478","chr5","118561616","118561905","11","43527427"
"chr7","75114769","75115076","chr10","35520239","35520543","45","39594530"
"chr7","75120907","75121205","chr14","17001883","17002179","37","58119024"
"chr7","75159253","75159386","chr13","26738522","26738652","17","48420731"
"chr7","75159674","75159835","chr5","153231417","153231576","26","78071743"
"chr7","75163792","75164127","chr5","34249818","34250173","87","40913974"
"chr7","75183705","75184006","chr5","118625273","118625574","7","43441568"
"chr7","75185070","75185265","chr7","4037852","4038045","34","71147218"
"chr7","75185569","75185681","chr4","21726371","21726481","33","53459198"
"chr7","75188288","75188576","chr1","101043006","101043300","46","25854718"
"chr7","75239120","75239412","chr5","118682939","118683231","12","43443819"
"chr7","75257394","75257552","chr5","118701182","118701337","5","43443788"
"chr7","75365965","75366277","chr5","118810714","118811024","11","43444749"
"chr7","75490283","75490578","chr5","118932267","118932564","10","43441984"
"chr7","75648706","75648995","chr5","119086677","119086966","39","43437971"
"chr7","75771015","75771119","chr14","18684217","18684322","24","57086798"
"chr7","75793806","75794136","chr5","130508515","130508821","40","54714709"
"chr7","75817183","75817508","chr5","119244326","119244638","19","43427143"
"chr7","75823730","75824005","chr5","119248649","119248924","9","43424919"
"chr7","75862293","75862613","chr5","119288966","119289280","29","43426673"
"chr7","75878306","75878614","chr4","111169416","111169723","43","35291110"
"chr7","75879432","75879458","chrX","14373897","14373920","16","61505535"
"chr7","75879495","75879709","chr2","135609288","135609501","38","59729793"
"chr7","75901912","75902076","chr5","119330569","119330732","5","43428657"
"chr7","75976444","75976751","chr5","119405436","119405750","16","43428992"
"chr7","75995580","75995881","chr5","119424622","119424917","14","43429042"
"chr7","76517001","76517193","chr5","119977982","119978174","10","43460981"
"chr7","76615382","76615704","chr16","64691706","64692019","47","11923676"
"chr7","76665899","76666209","chr5","120138751","120139061","10","43472852"
"chr7","76789892","76790143","chr5","120263591","120263842","11","43473699"
"chr7","77004760","77005069","chr5","120477797","120478134","37","43473037"
"chr7","77122301","77122597","chr5","120593913","120594207","16","43471612"
"chr7","77127877","77128172","chr5","120593913","120594207","15","43466036"
"chr7","77202270","77202562","chr5","120672421","120672692","37","43470151"
"chr7","77220672","77220957","chr5","120692345","120692632","16","43471673"
"chr7","77358796","77359094","chr5","120831068","120831364","8","43472272"
"chr7","77414166","77414454","chr5","120885955","120886243","9","43471789"
"chr7","77542372","77542646","chr5","121014892","121015169","23","43472520"
"chr7","78075478","78075729","chr17","87693464","87693701","61","9617986"
"chr7","78148422","78148702","chr5","121355666","121355969","29","43207244"
"chr7","78425926","78426231","chr5","121642317","121642613","22","43216391"
"chr7","78469785","78470083","chr9","18355559","18355861","46","60114226"
"chr7","78483431","78483732","chr5","121700440","121700744","19","43217009"
"chr7","78637032","78637330","chr5","121846744","121847044","13","43209712"
"chr7","78640509","78640817","chr1","217432797","217433108","48","138792288"
"chr7","78987385","78987700","chr5","122197457","122197774","34","43210072"
"chr7","79034016","79034311","chr5","122245363","122245653","17","43211347"
"chr7","79050200","79050488","chr3","168176773","168177064","46","89126573"
"chr7","79251926","79252259","chr7","149601311","149601646","56","70349385"
"chr7","79454446","79454744","chr5","122677396","122677703","27","43222950"
"chr7","79539017","79539314","chr5","122767234","122767543","25","43228217"
"chr7","80144351","80144657","chr5","123384062","123384347","41","43239711"
"chr7","80285458","80285743","chr17","28004176","28004464","45","52281282"
"chr7","80494053","80494349","chr5","123747120","123747417","13","43253067"
"chr7","80704833","80705157","chr16","17019053","17019375","65","63685780"
"chr7","80857971","80858284","chr5","124116575","124116880","16","43258604"
"chr7","81157910","81158191","chr15","29797618","29797908","50","51360292"
"chr7","81268393","81268521","chr5","124553929","124554057","7","43285536"
"chr7","81603215","81603524","chr5","124902533","124902845","14","43299318"
"chr7","82106458","82106754","chr5","125406658","125406954","8","43300200"
"chr7","82122314","82122629","chr5","125421940","125422245","40","43299626"
"chr7","82281072","82281391","chr5","125581366","125581665","39","43300294"
"chr7","82338031","82338335","chr5","125640130","125640434","7","43302099"
"chr7","82341450","82341635","chr10","79279048","79279238","39","3062402"
"chr7","82374055","82374151","chr2","130074873","130074968","7","47700818"
"chr7","82572324","82572620","chr5","125875130","125875435","15","43302806"
"chr7","83088393","83088701","chr4","27134375","27134681","46","55954018"
"chr7","83173453","83173717","chr4","151932020","151932284","44","68758567"
"chr7","83755406","83755723","chr5","127094572","127094884","24","43339166"
"chr7","83998705","83998810","chr11","10696649","10696754","31","73302056"
"chr7","84057107","84057396","chr8","29008140","29008411","79","55048967"
"chr7","84253488","84253816","chr5","127607330","127607627","39","43353842"
"chr7","84507722","84507889","chr11","50449096","50449254","32","34058626"
"chr7","85090064","85090375","chr5","128457089","128457388","18","43367025"
"chr7","85216063","85216366","chr5","128585756","128586055","14","43369693"
"chr7","85281709","85282003","chr5","128648817","128649114","11","43367108"
"chr7","85411773","85411945","chr11","57418414","57418583","26","27993359"
"chr7","85474516","85474819","chr5","128842044","128842346","17","43367528"
"chr7","85696496","85696797","chr5","129069496","129069798","13","43373000"
"chr7","85869196","85869512","chr5","129247479","129247777","34","43378283"
"chr7","85894150","85894336","chr5","129275158","129275347","8","43381008"
"chr7","85903992","85904296","chr5","129285899","129286191","22","43381907"
"chr7","85925327","85925666","chr5","129307672","129307996","27","43382345"
"chr7","85927796","85928095","chr15","10680501","10680797","33","75247295"
"chr7","85928146","85928432","chr19","13054007","13054291","44","72874139"
"chr7","85928443","85928729","chr2","167868426","167868703","46","81939983"
"chr7","85958015","85958304","chr1","129009764","129010053","34","43051749"
"chr7","85963711","85963760","chr5","129346600","129346655","10","43382889"
"chr7","86005238","86005401","chr19","30434337","30434493","20","55570901"
"chr7","86088560","86088854","chr10","25571796","25572096","34","60516764"
"chr7","86113907","86114045","chr1","38136917","38137054","17","47976990"
"chr7","86192360","86192657","chr5","129598820","129599127","18","43406460"
"chr7","86197401","86197642","chr18","12679863","12680106","35","73517538"
"chr7","86317437","86317735","chr1","115267243","115267542","35","28949806"
"chr7","86428169","86428467","chr11","13957403","13957702","33","72470766"
"chr7","86434925","86435237","chr15","14298818","14299123","50","72136107"
"chr7","86484037","86484328","chr5","129893172","129893462","4","43409135"
"chr7","86555922","86556216","chr5","129968066","129968372","16","43412144"
"chr7","86634550","86634840","chr5","130049188","130049469","23","43414638"
"chr7","86867998","86868295","chr5","21413075","21413376","37","65454923"
"chr7","87093706","87094003","chr5","130508515","130508821","13","43414809"
"chr7","87287104","87287409","chr5","130704571","130704876","11","43417467"
"chr7","87534238","87534536","chr5","130961303","130961601","7","43427065"
"chr7","87646315","87646602","chr5","131074641","131074927","19","43428326"
"chr7","87865347","87865643","chr13","61217439","61217733","33","26647908"
"chr7","87910455","87910831","chr4","84443218","84443581","97","3467237"
"chr7","88302766","88303066","chr5","131739824","131740114","20","43437058"
"chr7","88406872","88407142","chr5","131846598","131846868","10","43439726"
"chr7","88688387","88688685","chr5","132137500","132137798","13","43449113"
"chr7","88828179","88828484","chr5","132275932","132276212","43","43447753"
"chr7","90163829","90164131","chr5","133635423","133635720","16","43471594"
"chr7","90195280","90195580","chr5","133666951","133667251","8","43471671"
"chr7","90417329","90417446","chr14","18216434","18216552","14","72200895"
"chr7","90731513","90731800","chr5","134196700","134196998","24","43465187"
"chr7","91242876","91243179","chr5","134731348","134731629","29","43488472"
"chr7","91255161","91255315","chr5","134743615","134743770","2","43488454"
"chr7","91393343","91393600","chr5","134880035","134880291","13","43486692"
"chr7","91546672","91547009","chr5","129307672","129307996","55","37761000"
"chr7","91565684","91566009","chr5","135058143","135058442","35","43492459"
"chr7","91727159","91727454","chr5","135226177","135226472","3","43499018"
"chr7","91740961","91741259","chr5","135240188","135240486","10","43499227"
"chr7","91850861","91851163","chr1","13175932","13176238","41","78674929"
"chr7","91856136","91856434","chr2","86962550","86962847","34","4893586"
"chr7","92009273","92009559","chr5","135507607","135507893","11","43498334"
"chr7","92019123","92019423","chr5","135516929","135517232","12","43497806"
"chr7","92042581","92042871","chr5","135538905","135539195","11","43496324"
"chr7","92092505","92092789","chr5","135587994","135588282","11","43495489"
"chr7","92326348","92326557","chr5","135835275","135835488","7","43508927"
"chr7","92368874","92369183","chr14","118511228","118511526","49","26142354"
"chr7","92511478","92511705","chr5","136020904","136021134","7","43509426"
"chr7","92760691","92761001","chr5","136269940","136270244","13","43509249"
"chr7","92943071","92943351","JH681305","13926","14211","58","92929145"
"chr7","93388061","93388357","chr5","136913041","136913347","15","43524980"
"chr7","93501624","93501935","chr6","140619833","140620146","35","47118209"
"chr7","93517337","93517553","chr4","9250005","9250227","46","84267332"
"chr7","93584826","93585131","chr5","137110586","137110891","9","43525760"
"chr7","93665779","93666057","chr5","137190475","137190754","11","43524696"
"chr7","94055315","94055605","chr5","137577438","137577726","13","43522123"
"chr7","94071521","94071815","chr5","137593490","137593785","11","43521969"
"chr7","94197014","94197308","chr16","41220857","41221153","39","52976157"
"chr7","94212493","94212809","chr5","137735399","137735715","11","43522906"
"chr7","94244941","94245247","chr5","137765145","137765439","34","43520204"
"chr7","94255699","94256009","chr3","111515171","111515474","49","17259472"
"chr7","94324534","94324667","chr1","93393191","93393319","23","931343"
"chr7","94324979","94325154","chr7","159988918","159989092","33","65663939"
"chr7","94325403","94325702","chr9","7910222","7910534","51","86415181"
"chr7","94822342","94822617","chr5","138353935","138354219","17","43531593"
"chr7","94889324","94889570","chr4","40959787","40960036","48","53929537"
"chr7","95016169","95016451","chr20","29320881","29321165","32","65695288"
"chr7","95279581","95279817","chr5","138810337","138810573","7","43530756"
"chr7","95434882","95435200","chr5","138963396","138963705","20","43528514"
"chr7","95466082","95466388","chr4","124956773","124957071","41","29490691"
"chr7","96556034","96556327","chr5","140103285","140103581","13","43547251"
"chr7","97024565","97024907","chr7","24537561","24537897","47","72487004"
"chr7","97057243","97057549","chr9","36966652","36966963","14","60090591"
"chr7","97264893","97265035","chr19","49957750","49957891","15","47307143"
"chr7","97265334","97265494","chr1","11081089","11081232","34","86184245"
"chr7","97538632","97538935","chr5","140897048","140897357","13","43358416"
"chr7","97648175","97648352","chr1","19775982","19776154","24","77872193"
"chr7","97649761","97650060","chr2","137380627","137380925","38","39730866"
"chr7","97658076","97658375","chr11","1857868","1858165","30","95800208"
"chr7","97683672","97683972","chr5","141031388","141031683","29","43347716"
"chr7","97702313","97702614","chr5","141050257","141050554","12","43347944"
"chr7","97725709","97726000","chr5","78351855","78352146","49","19373854"
"chr7","97886449","97886747","chr5","141239242","141239556","27","43352793"
"chr7","97921611","97921900","chr12","62035775","62036067","54","35885836"
"chr7","98178801","98179081","chr4","153173836","153174115","39","54995035"
"chr7","98618733","98619039","chr5","141572699","141573010","11","42953966"
"chr7","98756248","98756539","chr5","141710251","141710542","16","42954003"
"chr7","99092169","99092352","chr5","142039789","142039979","10","42947620"
"chr7","99127739","99127926","chr5","142075515","142075701","8","42947776"
"chr7","99291667","99291949","chr7","29889117","29889405","49","69402550"
"chr7","99350524","99350817","chr5","142297230","142297523","7","42946706"
"chr7","99408184","99408488","chr5","142356921","142357227","17","42948737"
"chr7","99460032","99460328","chr14","8894167","8894466","37","90565865"
"chr7","99540882","99541184","chr5","35697778","35698076","47","63843104"
"chr7","99683154","99683447","chr16","13643671","13643969","40","86039483"
"chr7","99722773","99723057","chr5","142678889","142679172","12","42956116"
"chr7","99870801","99871112","chr5","142828541","142828854","22","42957740"
"chr7","100047901","100048197","chr5","143006606","143006890","21","42958705"
"chr7","100539611","100539909","chr5","143485770","143486072","8","42946159"
"chr7","100559275","100559565","chr5","143505421","143505698","23","42946146"
"chr7","100586711","100587024","chr9","14337314","14337624","53","86249397"
"chr7","100607904","100607919","chr9","32916732","32916748","10","67691172"
"chr7","100608277","100608437","chr2","44085188","44085349","27","56523089"
"chr7","100744248","100744553","chr2","1378446","1378754","38","99365802"
"chr7","100747159","100747472","chr5","143695295","143695591","34","42948136"
"chr7","100792066","100792330","chr1","214448550","214448825","50","113656484"
"chr7","100803033","100803340","chr5","143751195","143751501","20","42948162"
"chr7","101666302","101666587","chr5","144599933","144600233","19","42933631"
"chr7","101936477","101936795","chr5","144852612","144852931","5","42916135"
"chr7","101972066","101972378","chr9","7910222","7910534","27","94061844"
"chr7","102100154","102100474","chr6","52622346","52622653","49","49477808"
"chr7","102129090","102129371","chr5","145053018","145053330","42","42923928"
"chr7","102129402","102129413","chr9","32916732","32916748","13","69212670"
"chr7","102255226","102255525","chr5","145173565","145173863","14","42918339"
"chr7","102359573","102359745","chr1","19775982","19776154","24","82583591"
"chr7","102360061","102360177","chr10","466805","466915","21","101893256"
"chr7","102419257","102419545","chr5","145337495","145337816","42","42918238"
"chr7","102466882","102467115","chr5","145384961","145385199","15","42918079"
"chr7","102553031","102553300","chr5","145472666","145472935","10","42919635"
"chr7","102621908","102622198","chr3","33489816","33490105","39","69132092"
"chr7","102692009","102692320","chr5","145613722","145614033","18","42921713"
"chr7","102945614","102945665","chr11","131965767","131965814","10","29020153"
"chr7","103041108","103041416","chr5","145951382","145951689","16","42910274"
"chr7","103945218","103945494","chr5","146858457","146858736","12","42913239"
"chr7","103973095","103973391","chr7","18226959","18227258","49","85746136"
"chr7","104210811","104211110","chr5","147122005","147122298","30","42911194"
"chr7","104330321","104330416","chr2","99731115","99731207","25","4599206"
"chr7","104511863","104512173","chr12","65016461","65016767","40","39495402"
"chr7","104565186","104565482","chr5","147489788","147490087","9","42924602"
"chr7","104711222","104711509","chr5","147633780","147634066","6","42922558"
"chr7","104828634","104828930","chr5","147750758","147751054","7","42922124"
"chr7","105056571","105056672","chr4","14412868","14412972","15","90643703"
"chr7","105099307","105099606","chr5","148023543","148023856","24","42924236"
"chr7","105260093","105260388","chr5","148185688","148185978","22","42925595"
"chr7","105470074","105470336","chr7","58989367","58989622","42","46480707"
"chr7","105707562","105707855","chr5","148637164","148637457","5","42929602"
"chr7","105766608","105766914","chr5","148696981","148697289","9","42930373"
"chr7","105851629","105851924","chrX","28745828","28746133","47","77105801"
"chr7","105920289","105920573","chr5","148857207","148857492","17","42936918"
"chr7","105979906","105980212","chr5","148910764","148911061","24","42930858"
"chr7","106167102","106167387","chr5","149101185","149101469","7","42934083"
"chr7","106398281","106398447","chr5","149334865","149335032","8","42936584"
"chr7","106468795","106469109","chr5","149427136","149427452","13","42958341"
"chr7","106500903","106501173","chr5","149460375","149460635","19","42959472"
"chr7","106612602","106612914","chr5","149568003","149568314","8","42955401"
"chr7","107151672","107151993","chr2","184554529","184554839","52","77402857"
"chr7","107343675","107343986","chr5","150304417","150304728","10","42960742"
"chr7","107368029","107368327","chr5","150325609","150325911","12","42957580"
"chr7","107369954","107370131","chr5","150327542","150327719","1","42957588"
"chr7","107391648","107391774","chr5","150349407","150349533","2","42957759"
"chr7","107611478","107611796","chr5","150560653","150560986","29","42949175"
"chr7","107843629","107843920","chr5","150796753","150797057","30","42953124"
"chr7","108104715","108105022","chr7","40951484","40951791","39","67153231"
"chr7","108360453","108360683","chr15","13142222","13142467","53","95218231"
"chr7","108761475","108761749","chr5","151738937","151739210","12","42977462"
"chr7","108774591","108774736","chr7","129167235","129167361","54","20392644"
"chr7","108774836","108775040","chr5","58051747","58051930","44","50723089"
"chr7","108964439","108964762","chr5","151933798","151934121","15","42969359"
"chr7","109032526","109032802","chr5","152007432","152007709","12","42974906"
"chr7","109659551","109659853","chr5","152650573","152650875","12","42991022"
"chr7","109745359","109745663","chr5","152737699","152738006","16","42992340"
"chr7","109900590","109900837","chr5","152891933","152892182","20","42991343"
"chr7","110029736","110030015","chr5","153019407","153019691","13","42989671"
"chr7","110228999","110229172","chr5","153231417","153231576","19","43002418"
"chr7","110286613","110286902","chr5","153289759","153290079","39","43003146"
"chr7","110940869","110941123","chr9","92581022","92581269","53","18359847"
"chr7","111233629","111233938","chr13","33055856","33056165","63","78177773"
"chr7","111301317","111301598","chr5","154319459","154319739","10","43018142"
"chr7","111394033","111394323","chr9","55799302","55799592","46","55594731"
"chr7","111423451","111423762","chr18","40369374","40369685","38","71054077"
"chr7","111544527","111544823","chr5","154573372","154573668","13","43028845"
"chr7","111585772","111585992","chr5","154614403","154614622","1","43028631"
"chr7","111659960","111660265","chr5","154687167","154687472","14","43027207"
"chr7","111690560","111690865","chr5","154717779","154718085","15","43027219"
"chr7","111707477","111707798","chr9","12350193","12350497","46","99357284"
"chr7","111709805","111710112","chr5","154736575","154736882","4","43026770"
"chr7","111720660","111720966","chr5","154747438","154747725","29","43026778"
"chr7","111825082","111825237","chr9","84908163","84908318","19","26916919"
"chr7","112213738","112214049","chr5","155250510","155250811","21","43036772"
"chr7","112218094","112218322","chr5","155254872","155255103","10","43036778"
"chr7","112576847","112577106","chr5","155668841","155669100","9","43091994"
"chr7","112625106","112625279","chr10","77946716","77946893","36","34678390"
"chr7","112625307","112625426","chr19","33511369","33511488","16","79113938"
"chr7","112664279","112664585","chr5","155758968","155759264","23","43094689"
"chr7","113338208","113338506","chr5","156427419","156427730","25","43089211"
"chr7","113419748","113420052","chr4","111169416","111169723","37","2250332"
"chr7","113822940","113823242","chr5","156919513","156919803","22","43096573"
"chr7","113958691","113959034","chr15","75711693","75712028","55","38246998"
"chr7","114102023","114102319","chr5","157209265","157209567","18","43107242"
"chr7","114161390","114161581","chr6","49663921","49664094","38","64497469"
"chr7","114265315","114265613","chr5","157368737","157369005","34","43103422"
"chr7","114298085","114298398","chr5","157393558","157393853","27","43095473"
"chr7","114371686","114371920","chr5","157471312","157471542","10","43099626"
"chr7","114950639","114950935","chr5","158053185","158053492","18","43102546"
"chr7","115049284","115049575","chr1","218083470","218083765","42","103034186"
"chr7","115073428","115073723","chr5","158178429","158178712","17","43105001"
"chr7","115144926","115145047","chr6","174378395","174378524","20","59233469"
"chr7","115150661","115150836","chr5","158253119","158253285","13","43102458"
"chr7","115161896","115162190","chr5","158264308","158264603","12","43102412"
"chr7","115355219","115355526","chr3","83610987","83611284","63","31744232"
"chr7","115667036","115667334","chr14","19322798","19323096","42","96344238"
"chr7","115705475","115705776","chr5","158819124","158819427","4","43113649"
"chr7","115734536","115734746","chr5","161826754","161826958","48","46092218"
"chr7","115735059","115735174","chr3","43168812","43168927","21","72566247"
"chr7","115815490","115815808","chr2","114262909","114263217","52","1552581"
"chr7","116262839","116263111","chr5","159367011","159367290","17","43104172"
"chr7","116543331","116543613","chr5","159654958","159655237","8","43111627"
"chr7","116601064","116601367","chr5","159706920","159707219","26","43105856"
"chr7","116768322","116768605","chr5","159926031","159926314","5","43157709"
"chr7","116960256","116960433","chr19","47792069","47792235","35","69168187"
"chr7","117024875","117025169","chr5","160185412","160185720","25","43160537"
"chr7","117093835","117094149","chr5","160250977","160251287","19","43157142"
"chr7","117521410","117521709","chr5","174041357","174041657","34","56519947"
"chr7","118330617","118330911","chr5","161517711","161518012","23","43187094"
"chr7","118457712","118458013","chr5","161643648","161643951","13","43185936"
"chr7","118490182","118490484","chr5","161674543","161674852","12","43184361"
"chr7","118638287","118638489","chr5","161826754","161826958","6","43188467"
"chr7","118891810","118892093","chr5","162083930","162084213","9","43192120"
"chr7","118907648","118907935","chr5","162099787","162100080","15","43192139"
"chr7","119567429","119567727","chr5","162759962","162760262","5","43192533"
"chr7","119597623","119597925","chr5","162790947","162791267","25","43193324"
"chr7","119671119","119671402","chr5","162864973","162865280","29","43193854"
"chr7","119941292","119941597","chr2","144217349","144217649","45","24276057"
"chr7","120140719","120141020","chr5","163339986","163340282","27","43199267"
"chr7","120442140","120442436","chr5","163636499","163636790","23","43194359"
"chr7","120609470","120609563","chr5","163807135","163807228","2","43197665"
"chr7","120658285","120658559","chr8","112863352","112863633","59","7794933"
"chr7","120713770","120714048","chr5","163914636","163914894","30","43200866"
"chr7","120920375","120920688","chr5","164123401","164123712","18","43203026"
"chr7","120976260","120976528","chr3","45521501","45521753","49","75454759"
"chr7","121023801","121024104","chr2","176864663","176864968","50","55840862"
"chr7","121320180","121320381","chr5","164520488","164520691","7","43200308"
"chr7","121406814","121407086","chr5","164606128","164606400","15","43199314"
"chr7","121425041","121425317","chr9","90201081","90201354","45","31223960"
"chr7","121699102","121699410","chr3","74347291","74347597","36","47351811"
"chr7","121783250","121783494","chr5","164981051","164981300","9","43197801"
"chr7","121815343","121815651","chr5","165013359","165013670","13","43198016"
"chr7","122225904","122225919","chr9","32916732","32916748","11","89309172"
"chr7","122226497","122226657","chr11","110772035","110772192","30","11454462"
"chr7","122262084","122262355","chr5","165460195","165460465","9","43198111"
"chr7","122441571","122441883","chr5","165631083","165631379","24","43189512"
"chr7","122457974","122458278","chr20","49699353","49699658","49","72758621"
"chr7","122612433","122612740","chr5","165799591","165799900","10","43187158"
"chr7","123020428","123020695","chr5","166198248","166198519","14","43177820"
"chr7","123112195","123112492","chr2","147796910","147797205","30","24684715"
"chr7","123124332","123124641","chr5","166300121","166300434","12","43175789"
"chr7","123215843","123216136","chr3","92058851","92059156","66","31156992"
"chr7","123384527","123384801","chr5","166553334","166553636","42","43168807"
"chr7","123485194","123485506","chr5","166654308","166654611","14","43169114"
"chr7","123638291","123638548","chr5","166820017","166820270","12","43181726"
"chr7","123719456","123719765","chr5","166909774","166910086","21","43190318"
"chr7","123816817","123817030","chr5","167008665","167008878","4","43191848"
"chr7","123819119","123819403","chr5","167010933","167011201","22","43191814"
"chr7","123927576","123927873","chr5","167122051","167122338","24","43194475"
"chr7","124236767","124236917","chr7","84284997","84285147","21","39951770"
"chr7","124441920","124442202","chr5","167641780","167642067","18","43199860"
"chr7","124587139","124587319","chr5","167770596","167770733","43","43183457"
"chr7","124598077","124598380","chr5","167780190","167780490","27","43182113"
"chr7","124895983","124896286","chr5","174041357","174041657","46","49145374"
"chr7","124983592","124983604","chr9","32916732","32916748","11","92066860"
"chr7","124983664","124983937","chr9","90557855","90558137","44","34425809"
"chr7","125026396","125026681","chr5","168215275","168215550","20","43188879"
"chr7","125096763","125097050","chr5","168285561","168285861","33","43188798"
"chr7","125186849","125187158","chr5","168376443","168376753","13","43189594"
"chr7","125641488","125641756","chr7","159089062","159089347","57","33447574"
"chr7","125692625","125692916","chr5","168884442","168884733","14","43191817"
"chr7","125763984","125764114","chr8","38181713","38181843","17","87582271"
"chr7","125842078","125842295","chr5","169040394","169040611","5","43198316"
"chr7","125883768","125883908","chr5","169081526","169081665","5","43197758"
"chr7","125939410","125939713","chr5","169142126","169142427","10","43202716"
"chr7","125969085","125969257","chr5","169172874","169173046","9","43203789"
"chr7","126278883","126279188","chr5","169484188","169484493","12","43205305"
"chr7","126409834","126410156","chr5","169615983","169616301","15","43206149"
"chr7","126432021","126432323","chr5","169637760","169638064","17","43205739"
"chr7","126488143","126488401","chr5","169692691","169692973","38","43204548"
"chr7","126536796","126537087","chr5","169740900","169741192","12","43204104"
"chr7","126564330","126564519","chr10","59152991","59153181","31","67411339"
"chr7","127060480","127060688","chr18","41797849","41798057","44","85262631"
"chr7","127295352","127295662","chr15","97678218","97678518","48","29617134"
"chr7","127359136","127359439","chr5","170571048","170571356","24","43211912"
"chr7","127516235","127516537","chr5","170733530","170733832","9","43217295"
"chr7","127532979","127532997","chr9","32916732","32916748","13","94616247"
"chr7","127551317","127551601","chr1","71501273","71501556","41","56050044"
"chr7","127626327","127626627","chr5","170846659","170846959","12","43220332"
"chr7","127712271","127712576","chr5","170933148","170933457","10","43220877"
"chr7","127869873","127870019","chr5","171090506","171090648","10","43220633"
"chr7","127922912","127923149","chr5","171143354","171143594","10","43220442"
"chr7","128290410","128290720","chr5","171512617","171512925","15","43222207"
"chr7","128435136","128435430","chr5","33708345","33708639","41","94726791"
"chr7","128465089","128465388","chr5","171690611","171690907","9","43225522"
"chr7","128465439","128465658","chr5","171690958","171691167","20","43225519"
"chr7","128609996","128610298","chr5","171835215","171835512","14","43225219"
"chr7","128634825","128635097","chr5","171859530","171859800","19","43224705"
"chr7","128729858","128730160","chr5","171955522","171955830","19","43225664"
"chr7","128751814","128752143","chr12","34076286","34076616","52","94675528"
"chr7","128980604","128980898","chr7","50010075","50010364","36","78970529"
"chr7","129020724","129021034","chr5","172161298","172161593","21","43140574"
"chr7","129041293","129041585","chr5","172181553","172181850","16","43140260"
"chr7","129098984","129099222","chr5","172238876","172239107","11","43139892"
"chr7","129187947","129188170","chr16","73646316","73646537","36","55541631"
"chr7","129298855","129299139","chr3","45454535","45454834","45","83844320"
"chr7","129380068","129380373","chr5","172521780","172522083","12","43141712"
"chr7","129390817","129391103","chr5","172532734","172533029","22","43141917"
"chr7","129406867","129407142","chr13","60943530","60943806","37","68463337"
"chr7","129435489","129435815","chr5","172577076","172577384","33","43141587"
"chr7","129537174","129537402","chr1","130434749","130434980","28","897575"
"chr7","129539677","129540005","chr5","172684551","172684879","13","43144874"
"chr7","129559100","129559384","chr4","95085001","95085284","34","34474099"
"chr7","129732466","129732714","chr7","17053216","17053467","53","112679250"
"chr7","129768586","129768874","chrX","15628566","15628857","51","114140020"
"chr7","129786021","129786323","chr5","172934724","172935025","19","43148703"
"chr7","129850412","129850714","chr5","173000822","173001130","15","43150410"
"chr7","129920576","129920864","chr5","173071845","173072129","16","43151269"
"chr7","129920896","129920916","chr9","32916732","32916748","12","97004164"
"chr7","129923563","129923865","chr5","173074818","173075120","13","43151255"
"chr7","130401654","130401954","chr3","83610987","83611284","41","46790667"
"chr7","130451359","130451628","chr5","173604335","173604641","44","43152976"
"chr7","130542940","130543124","chr7","121848009","121848192","36","8694931"
"chr7","130551517","130551809","chr5","173694355","173694656","27","43142838"
"chr7","130568994","130569282","chr18","38768927","38769219","36","91800067"
"chr7","130614631","130614753","chr5","173758367","173758488","5","43143736"
"chr7","130649577","130649865","chr5","173793593","173793881","4","43144016"
"chr7","130706878","130707184","chr12","36444891","36445198","37","94261987"
"chr7","130731423","130731706","chr5","173876649","173876931","14","43145226"
"chr7","130895461","130895743","chr1","138283945","138284230","44","7388484"
"chr7","130901816","130902114","chr5","174041357","174041657","8","43139541"
"chr7","130944258","130944533","chr9","90557855","90558137","44","40386403"
"chr7","131078850","131079043","chr19","13769911","13770094","33","117308939"
"chr7","131087831","131088108","chr5","174229353","174229629","6","43141522"
"chr7","131089212","131089505","chr8","5993548","5993837","46","125095664"
"chr7","131107576","131107677","chr5","174249768","174249869","2","43142192"
"chr7","131331224","131331423","chr5","174477211","174477407","12","43145987"
"chr7","131453266","131453573","chr5","174595476","174595776","14","43142210"
"chr7","131545255","131545562","chr12","14273839","14274149","43","117271416"
"chr7","131627941","131628220","chr7","147295736","147296025","54","15667795"
"chr7","131685900","131686200","chr5","174823224","174823519","19","43137324"
"chr7","131779784","131780067","chr5","174919579","174919866","14","43139795"
"chr7","131913719","131914021","chr5","175065209","175065507","10","43151490"
"chr7","132010335","132010619","chr16","64472090","64472369","42","67538245"
"chr7","132043900","132044199","chr19","48174971","48175267","35","83868929"
"chr7","132090362","132090667","chr5","175247825","175248121","22","43157463"
"chr7","132423127","132423414","chr11","47484789","47485086","52","84938338"
"chr7","132465023","132465316","chr4","14605184","14605475","46","117859839"
"chr7","132562456","132562611","chr20","53067422","53067583","44","79495034"
"chr7","132777946","132778095","chr1","109093491","109093637","19","23684455"
"chr7","133222214","133222521","chr5","176386047","176386353","13","43163833"
"chr7","133282756","133283063","chr7","35420024","35420331","37","97862732"
"chr7","133398864","133399175","chr5","176568559","176568873","9","43169695"
"chr7","133570111","133570413","chr5","176743668","176743975","11","43173557"
"chr7","133737508","133737799","chr5","176758753","176759028","30","43021245"
"chr7","133763977","133764265","chr13","79190966","79191261","46","54573011"
"chr7","133776580","133776886","chr5","176798414","176798722","14","43021834"
"chr7","133800129","133800279","chr5","176822254","176822410","11","43022125"
"chr7","133851992","133852292","chr5","176877099","176877398","14","43025107"
"chr7","133860424","133860651","chr5","176887081","176887309","9","43026657"
"chr7","133881752","133881907","chr5","176911423","176911559","22","43029671"
"chr7","133882853","133883160","chr5","176912337","176912642","20","43029484"
"chr7","133895553","133895839","chr5","176924694","176924978","10","43029141"
"chr7","133944200","133944489","chr5","176974970","176975262","24","43030770"
"chr7","133951904","133952220","chrX","25734220","25734518","45","108217684"
"chr7","133954914","133955222","chr5","176991850","176992161","16","43036936"
"chr7","133993611","133993903","chr5","177036285","177036586","27","43042674"
"chr7","134023923","134024235","chr12","36444891","36445198","46","97579032"
"chr7","134029279","134029571","chr14","18184474","18184776","39","115844805"
"chr7","134136342","134136606","chr3","175069205","175069471","53","40932863"
"chr7","134191360","134191524","chr5","177249314","177249484","13","43057954"
"chr7","134228598","134228929","chr5","177287007","177287338","14","43058409"
"chr7","134272871","134273162","chr5","177324268","177324575","32","43051397"
"chr7","134278339","134278645","chr6","40512300","40512601","47","93766039"
"chr7","134315864","134316183","chr3","128300782","128301090","54","6015082"
"chr7","134373574","134373869","chr5","177426898","177427196","15","43053324"
"chr7","134390994","134391280","chr5","177444328","177444624","24","43053334"
"chr7","134543180","134543480","chr5","177592968","177593272","18","43049788"
"chr7","134569341","134569626","chr5","177623149","177623435","16","43053808"
"chr7","134609049","134609359","chr5","177661615","177661917","17","43052566"
"chr7","135011680","135011988","chr9","121604130","121604431","47","13407550"
"chr7","135175431","135175740","chr1","37223173","37223482","40","97952258"
"chr7","135318148","135318462","chr11","107672055","107672367","44","27646093"
"chr7","135375456","135375753","chr5","178435895","178436191","15","43060439"
"chr7","135472936","135473246","chr5","178532379","178532672","30","43059443"
"chr8","6040","6338","chr7","126508413","126508707","36","126502373"
"chr8","271536","271764","chr19","11680013","11680236","37","11408477"
"chr8","462146","462467","chrX","141419593","141419910","67","140957447"
"chr8","554812","555112","chr10","52860803","52861102","34","52305991"
"chr8","761775","761982","chr8","828156","828334","35","66381"
"chr8","887029","887320","chr16","19889407","19889704","33","19002378"
"chr8","1194447","1194735","chr8","1274280","1274570","13","79833"
"chr8","1436086","1436380","chr16","50757049","50757341","37","49320963"
"chr8","1440255","1440545","chr8","1540505","1540797","21","100250"
"chr8","1448752","1449028","chr5","174229353","174229629","44","172780601"
"chr8","1578492","1578837","chr8","1685454","1685780","34","106962"
"chr8","1684209","1684499","chr8","1792267","1792552","24","108058"
"chr8","1725262","1725550","chr8","1835004","1835292","16","109742"
"chr8","1888992","1889299","chr1","217770749","217771048","39","215881757"
"chr8","2145860","2146171","chr14","10126329","10126634","36","7980469"
"chr8","2472421","2472602","chr10","27274433","27274610","27","24802012"
"chr8","2699841","2700129","chr19","29913363","29913649","42","27213522"
"chr8","2759081","2759329","chr8","2881273","2881520","10","122192"
"chr8","2862242","2862552","chr8","3001033","3001334","24","138791"
"chr8","3075603","3075966","chr8","3219405","3219743","57","143802"
"chr8","3096206","3096504","chr1","134972732","134973029","39","131876526"
"chr8","3448748","3449050","chr8","3602221","3602519","24","153473"
"chr8","3539887","3540194","chr8","3696485","3696789","10","156598"
"chr8","3789128","3789413","chr8","3938216","3938508","23","149088"
"chr8","3802572","3802893","chr8","3951681","3951991","28","149109"
"chr8","3879794","3880083","JH679691","441635","441940","29","3438159"
"chr8","4329263","4329553","chr8","4150208","4150498","12","179055"
"chr8","4403978","4404263","chr8","4227681","4227976","19","176297"
"chr8","4587196","4587497","chr14","46358450","46358751","43","41771254"
"chr8","4827069","4827401","chr8","4651435","4651763","16","175634"
"chr8","4867884","4868177","chr2","183784653","183784952","44","178916769"
"chr8","4969720","4969998","chr4","30877239","30877517","39","25907519"
"chr8","5072499","5072787","chr8","4913154","4913443","14","159345"
"chr8","5078036","5078262","chr8","4918762","4918988","10","159274"
"chr8","5159584","5159706","chr8","5001082","5001212","12","158502"
"chr8","5204413","5204721","chr8","5044679","5044989","22","159734"
"chr8","5210804","5211115","chr8","5051153","5051471","30","159651"
"chr8","5291385","5291698","chr8","5134931","5135240","20","156454"
"chr8","5414076","5414298","chr11","53142761","53142982","38","47728685"
"chr8","5422053","5422352","chr8","5262835","5263134","9","159218"
"chr8","5500769","5501033","chr8","5346206","5346491","34","154563"
"chr8","5546265","5546548","chr15","101909506","101909787","36","96363241"
"chr8","5731129","5731353","chr8","5578209","5578419","20","152920"
"chr8","5985104","5985398","chr8","5849083","5849379","13","136021"
"chr8","6058536","6058827","chr8","5927136","5927428","12","131400"
"chr8","6076111","6076430","chr8","5948028","5948345","20","128083"
"chr8","6105505","6105782","chr4","124262841","124263120","40","118157336"
"chr8","6108106","6108418","chr8","5981209","5981520","11","126897"
"chr8","6118837","6119149","chr8","5991044","5991353","19","127793"
"chr8","6121585","6121873","chr8","5993548","5993837","19","128037"
"chr8","6122051","6122350","chr8","5994027","5994330","21","128024"
"chr8","6166766","6167079","chr2","184554529","184554839","44","178387763"
"chr8","6176129","6176442","chr2","184554529","184554839","46","178378400"
"chr8","6192596","6192900","chr6","131769846","131770146","42","125577250"
"chr8","6247693","6248002","chr8","6122099","6122410","10","125594"
"chr8","6278913","6279186","chr8","6153201","6153475","9","125712"
"chr8","6304231","6304524","chr8","6178530","6178824","12","125701"
"chr8","6472538","6472850","chr8","6349813","6350132","12","122725"
"chr8","6799792","6800100","chr13","92980472","92980784","58","86180680"
"chr8","6846108","6846420","chr16","30712954","30713265","40","23866846"
"chr8","6920779","6921075","chr8","6640211","6640518","28","280568"
"chr8","6949068","6949363","chr19","1074823","1075116","44","5874245"
"chr8","7081519","7081825","chr14","50466255","50466557","39","43384736"
"chr8","7216082","7216344","chr8","7030465","7030727","12","185617"
"chr8","7229800","7229980","chr8","7044280","7044459","8","185520"
"chr8","7378665","7378963","chr1","77400780","77401080","40","70022115"
"chr8","7512325","7512475","chr8","7335146","7335299","6","177179"
"chr8","7586990","7587310","chr8","7409674","7409972","32","177316"
"chr8","8588019","8588339","chr8","8410474","8410814","30","177545"
"chr8","8595536","8595831","chr3","32780280","32780578","34","24184744"
"chr8","8784650","8784961","chr2","86969703","86969998","57","78185053"
"chr8","9137208","9137500","chr8","8967501","8967792","6","169707"
"chr8","9150715","9151021","chr5","175065209","175065507","58","165914494"
"chr8","9395398","9395698","chr8","9230087","9230384","6","165311"
"chr8","9555822","9556108","chr8","9390843","9391130","17","164979"
"chr8","9563100","9563251","chr8","9398094","9398237","14","165006"
"chr8","9660701","9660858","chr8","9495973","9496130","2","164728"
"chr8","9942719","9942999","chr8","9791228","9791500","11","151491"
"chr8","10033665","10033968","chr8","9884014","9884303","26","149651"
"chr8","10035398","10035683","chr8","97655253","97655543","54","87619855"
"chr8","10040664","10040948","chr8","9891006","9891314","28","149658"
"chr8","10090077","10090393","chr8","9941148","9941465","11","148929"
"chr8","10141995","10142293","chr8","9997316","9997615","7","144679"
"chr8","10283973","10284280","chr16","7638577","7638878","44","2645396"
"chr8","10305797","10306097","chr8","10044515","10044807","27","261282"
"chr8","10380237","10380508","chr8","10116553","10116823","7","263684"
"chr8","10594712","10594983","chr5","97228218","97228495","46","86633506"
"chr8","10773563","10773822","chr8","10511502","10511769","21","262061"
"chr8","10845083","10845363","chr15","97061406","97061689","42","86216323"
"chr8","10864013","10864147","chr8","10602439","10602587","16","261574"
"chr8","11107898","11108167","chr8","10850941","10851210","10","256957"
"chr8","11267107","11267405","chr8","11019522","11019822","14","247585"
"chr8","11307309","11307609","chr3","68390547","68390835","57","57083238"
"chr8","11318725","11319034","chr8","11071111","11071413","22","247614"
"chr8","11438811","11439117","chr8","11191983","11192286","10","246828"
"chr8","11536955","11537237","chr8","11285823","11286105","10","251132"
"chr8","11769011","11769315","chr8","11522470","11522777","20","246541"
"chr8","11929672","11929972","chr16","11413791","11414080","63","515881"
"chr8","12072713","12073008","chr2","147796910","147797205","38","135724197"
"chr8","12854796","12855094","chr8","12626166","12626470","17","228630"
"chr8","13111469","13111763","chr8","12901403","12901697","12","210066"
"chr8","13290080","13290373","chr8","13078150","13078457","24","211930"
"chr8","13325948","13326255","chr1","45929585","45929889","55","32603637"
"chr8","13385366","13385575","chr8","13160804","13161028","31","224562"
"chr8","13406229","13406432","chr8","13193059","13193274","26","213170"
"chr8","13479941","13480242","chr8","13270629","13270938","16","209312"
"chr8","13646241","13646530","chr8","13438695","13438984","19","207546"
"chr8","13729294","13729598","chr20","2939638","2939935","40","10789656"
"chr8","13745174","13745426","chr1","70965189","70965438","40","57220015"
"chr8","13921204","13921376","chr8","13722991","13723163","4","198213"
"chr8","14368858","14369130","chr2","69109596","69109860","47","54740738"
"chr8","14559516","14559784","chr8","14380735","14381007","19","178781"
"chr8","14910283","14910566","chr9","32748471","32748754","46","17838188"
"chr8","14951866","14952162","chr8","14777782","14778080","9","174084"
"chr8","15020265","15020554","chr7","49431089","49431375","42","34410824"
"chr8","15033623","15033926","chr8","14857522","14857827","9","176101"
"chr8","15238672","15238972","chr8","15064971","15065279","24","173701"
"chr8","15285831","15286127","chr8","15113301","15113597","10","172530"
"chr8","15522785","15523092","chr8","15356521","15356827","14","166264"
"chr8","15757072","15757370","chr8","15593961","15594254","19","163111"
"chr8","15841979","15842097","chr14","57975974","57976101","17","42133995"
"chr8","15920832","15921110","chr8","15758277","15758544","32","162555"
"chr8","15981788","15982040","chr8","15824606","15824869","25","157182"
"chr8","15984324","15984605","chr6","69773314","69773597","42","53788990"
"chr8","16037589","16037882","chr8","15883159","15883455","7","154430"
"chr8","16057473","16057771","chrX","15966596","15966896","37","90877"
"chr8","16126306","16126611","chr8","15975774","15976070","19","150532"
"chr8","16408640","16408854","chr8","16220290","16220524","26","188350"
"chr8","16632573","16632871","chr15","90917621","90917918","38","74285048"
"chr8","16888435","16888736","chr10","76435617","76435916","43","59547182"
"chr8","16903636","16903955","chr19","35629555","35629861","52","18725919"
"chr8","16914347","16914479","chrX","101901062","101901192","22","84986715"
"chr8","16914758","16914923","chr7","159988918","159989092","55","143074160"
"chr8","17052345","17052437","chr11","48706251","48706339","15","31653906"
"chr8","17053537","17053743","chr8","123732022","123732238","32","106678485"
"chr8","17327204","17327379","chr8","17142259","17142427","16","184945"
"chr8","17351309","17351613","chr9","78924228","78924537","48","61572919"
"chr8","17397685","17397975","chr8","17221666","17221952","21","176019"
"chr8","17497933","17498101","chr11","130874532","130874697","30","113376599"
"chr8","17769784","17769957","chr6","28080939","28081114","38","10311155"
"chr8","17878099","17878408","chr8","17713775","17714066","28","164324"
"chr8","17921758","17922060","chr8","17758459","17758764","17","163299"
"chr8","18021620","18021940","chr8","17863626","17863941","16","157994"
"chr8","18148832","18149137","chr8","17995426","17995720","22","153406"
"chr8","18182297","18182599","chr16","19889407","19889704","34","1707110"
"chr8","18326088","18326367","chr8","18165053","18165340","19","161035"
"chr8","18370550","18370857","chr8","18207610","18207909","17","162940"
"chr8","18371942","18372249","chr8","18206208","18206521","20","165734"
"chr8","18389877","18390176","chr8","18225560","18225850","25","164317"
"chr8","18406326","18406491","chr7","109090487","109090649","22","90684161"
"chr8","18406791","18406925","chr11","74966065","74966200","14","56559274"
"chr8","18527149","18527454","chr8","18363529","18363831","9","163620"
"chr8","18644687","18644984","chr7","1102222","1102517","47","17542465"
"chr8","18679947","18680253","chr8","18515618","18515920","8","164329"
"chr8","18828501","18828822","chr8","18663740","18664056","15","164761"
"chr8","18829048","18829343","chr8","18664294","18664582","23","164754"
"chr8","18923779","18924082","chr8","18760205","18760514","18","163574"
"chr8","19199709","19200016","chr8","19039336","19039646","12","160373"
"chr8","19946271","19946568","chr8","19796227","19796524","13","150044"
"chr8","19977217","19977522","chr8","19827739","19828039","13","149478"
"chr8","20034643","20034937","chr8","19885050","19885342","8","149593"
"chr8","20050733","20051030","chr8","19901541","19901847","16","149192"
"chr8","20222564","20222840","chr8","20077059","20077366","36","145505"
"chr8","20308060","20308367","chr12","36444891","36445198","41","16136831"
"chr8","20465253","20465548","chr8","20327015","20327310","6","138238"
"chr8","20480257","20480557","chr2","184554529","184554839","46","164074272"
"chr8","20495696","20496008","chr6","140619833","140620146","30","120124137"
"chr8","20516284","20516583","chr8","20380198","20380503","32","136086"
"chr8","20516884","20517192","chr1","158774278","158774587","32","138257394"
"chr8","20531678","20531980","chr1","215492199","215492509","58","194960521"
"chr8","20570722","20571033","chr8","20433733","20434039","11","136989"
"chr8","20605174","20605447","chr8","20471441","20471721","16","133733"
"chr8","20615677","20615976","chr8","20482628","20482928","9","133049"
"chr8","20967599","20967901","chr8","20839838","20840125","24","127761"
"chr8","21023355","21023636","chr2","135529747","135530035","51","114506392"
"chr8","21169380","21169688","chr8","21042847","21043151","13","126533"
"chr8","21262598","21262763","chr8","21175507","21175670","7","87091"
"chr8","21308146","21308442","chr8","21127308","21127604","14","180838"
"chr8","21359026","21359344","chr2","99907775","99908087","47","78548749"
"chr8","21468050","21468343","chr8","21348892","21349189","27","119158"
"chr8","21478101","21478379","chr18","57250218","57250498","42","35772117"
"chr8","21496702","21496830","chr11","50202051","50202180","23","28705349"
"chr8","21609393","21609679","chr8","21492869","21493158","10","116524"
"chr8","21682609","21682911","chr8","21566173","21566475","8","116436"
"chr8","21803514","21803754","chr8","21686822","21687062","3","116692"
"chr8","21946906","21947216","chr1","67550948","67551256","41","45604042"
"chr8","22250944","22251251","chr8","22135363","22135664","15","115581"
"chr8","22436444","22436699","chr8","22323630","22323885","8","112814"
"chr8","23025066","23025362","chr8","22920058","22920356","8","105008"
"chr8","23086102","23086402","chr8","22985473","22985781","15","100629"
"chr8","23202093","23202190","chr7","87905261","87905358","14","64703168"
"chr8","23241768","23241844","chr8","23147567","23147650","18","94201"
"chr8","23290789","23290965","chr8","23201798","23201974","5","88991"
"chr8","23406473","23406773","chr19","48174971","48175267","33","24768498"
"chr8","23436844","23437009","chr7","135329144","135329303","36","111892300"
"chr8","23445836","23446144","chr8","23361867","23362176","11","83969"
"chr8","23717080","23717392","chr8","23632444","23632755","6","84636"
"chr8","23744779","23745091","chr8","23660361","23660676","6","84418"
"chr8","23766477","23766764","chr8","23682065","23682363","15","84412"
"chr8","23769054","23769354","chr8","23684644","23684941","12","84410"
"chr8","23823037","23823338","chr8","23740500","23740811","19","82537"
"chr8","23972725","23973043","chr8","23894175","23894495","21","78550"
"chr8","24315676","24315966","chr8","24241322","24241612","10","74354"
"chr8","24343853","24344187","chr11","117708438","117708766","56","93364585"
"chr8","24427902","24428202","chr8","24347826","24348121","13","80076"
"chr8","24575259","24575562","chr8","24485689","24485996","41","89570"
"chr8","24602539","24602686","chr11","7793789","7793933","25","16808750"
"chr8","24652020","24652188","chr13","25905887","25906053","27","1253867"
"chr8","24819415","24819701","chr8","24740104","24740377","22","79311"
"chr8","24979452","24979609","chr8","24900953","24901111","12","78499"
"chr8","25137527","25137828","chr8","25069598","25069884","27","67929"
"chr8","25203279","25203574","chr8","25134125","25134422","19","69154"
"chr8","25334310","25334586","chr8","25281707","25281970","23","52603"
"chr8","25367768","25368041","chr8","25315350","25315622","7","52418"
"chr8","25372545","25372818","chr8","25315350","25315622","7","57195"
"chr8","25513467","25513693","chr19","7828363","7828592","34","17685104"
"chr8","25640925","25641256","chr2","184678205","184678523","58","159037280"
"chr8","25671061","25671368","chr8","25616297","25616604","8","54764"
"chr8","25714544","25714831","chr11","94750444","94750725","42","69035900"
"chr8","25786669","25786970","chr8","25728850","25729151","12","57819"
"chr8","25819260","25819544","chr5","17441191","17441470","45","8378069"
"chr8","25905273","25905571","chr14","9660371","9660672","39","16244902"
"chr8","25934833","25935123","chr8","25873263","25873556","17","61570"
"chr8","26152453","26152726","chr8","26097809","26098082","13","54644"
"chr8","26159886","26160173","chr15","101909506","101909787","34","75749620"
"chr8","26232137","26232430","chr8","26175385","26175676","10","56752"
"chr8","26300671","26300981","chr8","26247597","26247907","3","53074"
"chr8","26408814","26408974","chr6","173021290","173021438","26","146612476"
"chr8","26605074","26605371","chr8","26548847","26549144","11","56227"
"chr8","26756832","26757137","chr20","14143876","14144182","43","12612956"
"chr8","26837194","26837496","chr8","26781671","26781968","9","55523"
"chr8","26871546","26871840","chr8","26817850","26818142","12","53696"
"chr8","26989727","26989895","chr8","26934870","26935039","5","54857"
"chr8","27009069","27009367","chr8","26954543","26954843","11","54526"
"chr8","27102098","27102396","chr8","27058287","27058589","15","43811"
"chr8","27238857","27239150","chr8","27195021","27195313","14","43836"
"chr8","27407889","27408160","chr8","27354750","27354993","34","53139"
"chr8","27534494","27534792","chr8","27479124","27479422","5","55370"
"chr8","27588277","27588584","chr6","89170891","89171200","44","61582614"
"chr8","27874156","27874462","chr8","27826790","27827097","22","47366"
"chr8","28093339","28093444","chr3","103669125","103669234","36","75575786"
"chr8","28185757","28186040","chr8","28139599","28139886","9","46158"
"chr8","28201567","28201855","chr8","28156134","28156422","7","45433"
"chr8","28238294","28238451","chr11","130874532","130874697","29","102636238"
"chr8","28248947","28249104","chr11","130874532","130874697","29","102625585"
"chr8","28277731","28278048","chr8","28233275","28233568","34","44456"
"chr8","28332019","28332238","chr8","28287781","28288005","15","44238"
"chr8","28374721","28374857","chr2","1470791","1470932","21","26903930"
"chr8","28385149","28385455","chr8","28341963","28342257","19","43186"
"chr8","28386433","28386704","chr8","28343178","28343487","43","43255"
"chr8","28425112","28425411","chr8","28384076","28384381","11","41036"
"chr8","28459081","28459376","chr8","28419362","28419658","9","39719"
"chr8","28459820","28460080","chr2","100076683","100076938","46","71616863"
"chr8","28485757","28486050","chr10","77350859","77351141","43","48865102"
"chr8","28524894","28525193","chr8","28484791","28485097","12","40103"
"chr8","28637495","28637798","chr8","28597804","28598111","14","39691"
"chr8","28646305","28646613","chr8","28606573","28606863","23","39732"
"chr8","28700325","28700619","chr8","28662292","28662586","7","38033"
"chr8","28732524","28732817","chr8","28692842","28693137","9","39682"
"chr8","28819747","28819972","chr8","28786516","28786740","4","33231"
"chr8","28829863","28830173","chr8","28797580","28797889","6","32283"
"chr8","28865452","28865749","chr8","28833977","28834275","19","31475"
"chr8","28866954","28867241","chrX","38977744","38978028","49","10110790"
"chr8","28874547","28874661","chr13","125359330","125359442","21","96484783"
"chr8","28909618","28909877","chr8","28878814","28879073","5","30804"
"chr8","28925544","28925839","chr3","127216186","127216489","37","98290642"
"chr8","28964331","28964615","chrX","37331111","37331393","37","8366780"
"chr8","29010384","29010642","chr8","28984051","28984307","9","26333"
"chr8","29016888","29017186","chrX","51165804","51166099","37","22148916"
"chr8","29048493","29048804","chr16","23674779","23675090","50","5373714"
"chr8","29264483","29264764","chr8","29240926","29241207","6","23557"
"chr8","29338023","29338310","chr8","29318350","29318639","9","19673"
"chr8","30018768","30019067","chr8","30023825","30024129","33","5057"
"chr8","30199838","30200142","chr8","30204613","30204915","7","4775"
"chr8","30383246","30383486","chr8","30387842","30388082","3","4596"
"chr8","30442933","30443223","chr8","30446873","30447163","7","3940"
"chr8","30461208","30461416","chr13","37636118","37636327","29","7174910"
"chr8","30519818","30520087","chr4","152057722","152057993","62","121537904"
"chr8","30556854","30557035","chr10","77946716","77946893","30","47389862"
"chr8","30557067","30557191","chr15","2185236","2185358","18","28371831"
"chr8","30663840","30664165","chr8","30668593","30668916","9","4753"
"chr8","30784034","30784359","chr4","111169416","111169723","64","80385382"
"chr8","30795501","30795787","chr13","125308365","125308653","47","94512864"
"chr8","31253045","31253329","chr8","31267950","31268222","21","14905"
"chr8","31459054","31459356","chr1","101368002","101368302","31","69908948"
"chr8","31543610","31543913","chr8","31556524","31556825","13","12914"
"chr8","31565579","31565889","chr6","121656199","121656500","35","90090620"
"chr8","31589617","31589771","chrX","32842906","32843057","20","1253289"
"chr8","31591265","31591550","chr8","31605383","31605677","27","14118"
"chr8","31609369","31609632","chr10","90220073","90220351","61","58610704"
"chr8","31646071","31646241","chr8","31663587","31663748","15","17516"
"chr8","31682400","31682691","chr8","31701885","31702175","9","19485"
"chr8","32313971","32314270","chr8","32354231","32354543","22","40260"
"chr8","32414751","32415038","chr14","32370604","32370898","45","44147"
"chr8","32730584","32730813","chr8","32778535","32778761","7","47951"
"chr8","32899409","32899713","chr8","32970469","32970769","22","71060"
"chr8","33085770","33086065","chr7","77270015","77270310","47","44184245"
"chr8","33088275","33088573","chr8","33160384","33160661","25","72109"
"chr8","33144168","33144501","chr11","117708438","117708766","55","84564270"
"chr8","33320149","33320304","chr8","33398003","33398158","5","77854"
"chr8","33823910","33824201","chr8","33912707","33913006","20","88797"
"chr8","33967260","33967567","chr8","34060198","34060504","19","92938"
"chr8","34149627","34149920","chr8","34253708","34254013","19","104081"
"chr8","34618407","34618515","chr8","34726632","34726740","3","108225"
"chr8","34832887","34833177","chr2","86969703","86969998","61","52136816"
"chr8","35046323","35046606","chr8","35166551","35166839","11","120228"
"chr8","35136169","35136453","chr3","48125201","48125480","41","12989032"
"chr8","35234274","35234565","chr8","35352192","35352482","17","117918"
"chr8","35459800","35460070","chr20","18054002","18054280","49","17405798"
"chr8","35700655","35700917","chr8","35820784","35821045","10","120129"
"chr8","35807208","35807515","chr8","35928974","35929281","5","121766"
"chr8","35818098","35818345","chr7","127419680","127419920","57","91601582"
"chr8","35843295","35843606","chr8","35969246","35969553","15","125951"
"chr8","35864506","35864717","chr8","35991043","35991256","11","126537"
"chr8","35913035","35913334","chr8","36043256","36043556","6","130221"
"chr8","36039004","36039339","chr8","36180166","36180483","25","141162"
"chr8","36045981","36046287","chr8","36187141","36187451","13","141160"
"chr8","36087785","36087977","chr8","36229874","36230068","10","142089"
"chr8","36106484","36106776","chr8","36248848","36249151","18","142364"
"chr8","36107223","36107372","chr8","36249590","36249739","1","142367"
"chr8","36135220","36135544","chr8","36278677","36278977","43","143457"
"chr8","36147448","36147750","chr8","36291698","36291996","9","144250"
"chr8","36166769","36167061","chr9","57592341","57592639","39","21425572"
"chr8","36173161","36173316","chr8","36317246","36317401","3","144085"
"chr8","36191571","36191866","chr7","38962613","38962910","42","2771042"
"chr8","36263424","36263716","chr8","36416072","36416371","13","152648"
"chr8","36269709","36269917","chr8","36422408","36422615","6","152699"
"chr8","36292433","36292721","chr8","36445029","36445317","4","152596"
"chr8","36339203","36339516","chr8","36491932","36492241","14","152729"
"chr8","36357015","36357312","chr8","36507221","36507517","6","150206"
"chr8","36554837","36555133","chr8","36716828","36717128","10","161991"
"chr8","36688418","36688719","chr1","183278260","183278568","46","146589842"
"chr8","36771765","36772052","chr16","11667123","11667415","39","25104642"
"chr8","36911303","36911601","chr8","37075363","37075662","13","164060"
"chr8","37023803","37024078","chr8","37186605","37186868","26","162802"
"chr8","37135263","37135571","chr4","32480381","32480687","44","4654882"
"chr8","37473019","37473312","chr8","37652064","37652367","18","179045"
"chr8","37482541","37482803","chr13","125284260","125284508","52","87801719"
"chr8","37856548","37856855","chr8","38071246","38071548","17","214698"
"chr8","37917158","37917390","chr8","38132579","38132812","11","215421"
"chr8","37976818","37977123","chr8","38193813","38194114","13","216995"
"chr8","38068396","38068688","chr20","8817858","8818151","40","29250538"
"chr8","38271884","38272179","chr8","38494017","38494315","9","222133"
"chr8","38680497","38680806","chr8","38934825","38935126","20","254328"
"chr8","38680846","38680860","chr9","32916732","32916748","12","5764114"
"chr8","38689912","38690201","chr8","38944040","38944359","40","254128"
"chr8","38728588","38728782","chr8","38982589","38982782","9","254001"
"chr8","38825851","38826126","chr8","39081013","39081313","32","255162"
"chr8","38933479","38933788","chr8","39189069","39189390","23","255590"
"chr8","39070311","39070609","chr8","39335401","39335700","11","265090"
"chr8","39153174","39153483","chr8","39422106","39422415","7","268932"
"chr8","39252480","39252632","chr8","39522470","39522626","9","269990"
"chr8","39326381","39326686","chr8","39598130","39598470","36","271749"
"chr8","39497447","39497748","chr10","57819062","57819365","39","18321615"
"chr8","39522838","39523115","chr8","39807771","39808063","26","284933"
"chr8","39546357","39546663","chr8","39831538","39831839","14","285181"
"chr8","39770833","39771134","chr8","40052019","40052320","9","281186"
"chr8","39817658","39817974","chr8","40098488","40098804","4","280830"
"chr8","39820546","39820840","chr8","40101382","40101676","7","280836"
"chr8","39921206","39921486","chr8","40203941","40204222","13","282735"
"chr8","39927837","39928141","chr8","40210578","40210883","7","282741"
"chr8","39972027","39972328","chr8","40255170","40255481","19","283143"
"chr8","40056870","40057159","chr20","26211185","26211483","57","13845685"
"chr8","40217036","40217195","chr8","40500626","40500783","8","283590"
"chr8","40337549","40337842","chr8","40622367","40622659","10","284818"
"chr8","40338219","40338526","chr2","147520541","147520850","50","107182322"
"chr8","40348878","40349181","chr8","40633751","40634028","31","284873"
"chr8","40453682","40453983","chr1","124687580","124687882","38","84233898"
"chr8","40482935","40483205","chr8","40775273","40775548","25","292338"
"chr8","40486512","40486817","chr8","40779664","40779973","17","293152"
"chr8","40498001","40498313","chr8","40792957","40793272","14","294956"
"chr8","40567337","40567645","chr8","75788005","75788310","39","35220668"
"chr8","40575944","40576234","chr7","63558520","63558814","43","22982576"
"chr8","40581182","40581241","chr5","13721775","13721832","17","26859407"
"chr8","40624990","40625284","chr11","52587560","52587855","33","11962570"
"chr8","40757460","40757740","chr14","8901423","8901704","44","31856037"
"chr8","40778665","40778974","chr8","41078591","41078896","10","299926"
"chr8","40809361","40809662","chr8","41110216","41110517","13","300855"
"chr8","40823752","40824050","chr8","41126506","41126810","12","302754"
"chr8","40826593","40826862","chr8","41129278","41129547","4","302685"
"chr8","40863700","40863999","chr11","82897098","82897394","31","42033398"
"chr8","40948808","40949102","chr8","41249555","41249856","13","300747"
"chr8","41011317","41011608","chr8","41310741","41311039","14","299424"
"chr8","41043230","41043535","chr9","31455325","31455629","42","9587905"
"chr8","41054865","41055179","chr10","35520239","35520543","35","5534626"
"chr8","41117525","41117832","chr8","41414256","41414560","10","296731"
"chr8","41127712","41128018","chr8","41424469","41424769","10","296757"
"chr8","41140155","41140426","chr8","41438109","41438384","7","297954"
"chr8","42834022","42834194","chr10","77946716","77946893","43","35112694"
"chr8","42834287","42834390","chr3","43168812","43168927","25","334525"
"chr8","42986789","42986992","chr19","1792655","1792859","39","41194134"
"chr8","43131162","43131476","chr8","43257513","43257828","7","126351"
"chr8","43184460","43184781","chr8","43313475","43313794","16","129015"
"chr8","43418474","43418775","chr4","24842538","24842838","42","18575936"
"chr8","43438328","43438635","chr1","37223173","37223482","51","6215155"
"chr8","43477024","43477318","chr9","5849715","5850009","34","37627309"
"chr8","43719129","43719423","chr1","101043006","101043300","37","57323877"
"chr8","43752469","43752762","chr17","18770392","18770693","43","24982077"
"chr8","43838526","43838803","chr8","43694076","43694358","9","144450"
"chr8","43888493","43888796","chr8","43742668","43742972","2","145825"
"chr8","43928353","43928640","chr8","43786012","43786287","21","142341"
"chr8","43976165","43976464","chr1","27513704","27514001","39","16462461"
"chr8","44033460","44033755","chr9","27909214","27909508","45","16124246"
"chr8","44118774","44119070","chr8","43962569","43962868","12","156205"
"chr8","44136689","44136976","chr2","55278893","55279184","42","11142204"
"chr8","44144766","44145051","chr8","43991431","43991715","6","153335"
"chr8","44145719","44146027","chr8","43992382","43992678","22","153337"
"chr8","44173507","44173818","chr8","44018043","44018345","20","155464"
"chr8","44189848","44189981","chr4","41513874","41513993","33","2675974"
"chr8","44189982","44190216","chr10","88101734","88101973","32","43911752"
"chr8","44191763","44191938","chr12","96421247","96421419","37","52229484"
"chr8","44192260","44192395","chr6","132836210","132836351","23","88643950"
"chr8","44206997","44207266","chr8","44058686","44058955","6","148311"
"chr8","44215442","44215737","chr8","44067103","44067398","10","148339"
"chr8","44323749","44323882","chr8","44166424","44166557","2","157325"
"chr8","44584615","44584900","chr8","44454845","44455123","16","129770"
"chr8","44703734","44704030","chr8","44572576","44572877","10","131158"
"chr8","44845020","44845333","chr2","184554529","184554839","42","139709509"
"chr8","45433780","45434067","chr1","219777395","219777689","51","174343615"
"chr8","45440813","45440931","chr11","124133737","124133853","12","78692924"
"chr8","45527156","45527441","chr8","45423473","45423784","35","103683"
"chr8","45542684","45542989","chr8","45441614","45441912","13","101070"
"chr8","46001096","46001429","chr5","91593550","91593866","57","45592454"
"chr8","46016318","46016505","chr10","59152991","59153181","30","13136673"
"chr8","46077685","46077976","chr17","717216","717506","48","45360469"
"chr8","46533589","46533892","chr10","71880315","71880618","38","25346726"
"chr8","46648118","46648398","chr8","46587552","46587831","11","60566"
"chr8","47079369","47079657","chr8","98404449","98404736","39","51325080"
"chr8","47165578","47165876","chr8","47105468","47105766","14","60110"
"chr8","47306466","47306765","chr8","47254506","47254795","34","51960"
"chr8","47402998","47403255","chr8","47357111","47357368","8","45887"
"chr8","47522717","47523005","chr8","47433243","47433531","7","89474"
"chr8","47947475","47947761","chr8","47859165","47859452","6","88310"
"chr8","48194264","48194586","chrX","28745828","28746133","54","19448436"
"chr8","48280443","48280756","chr8","48187490","48187820","25","92953"
"chr8","48544100","48544393","chr8","48453464","48453754","14","90636"
"chr8","48582418","48582571","chr6","173021290","173021438","20","124438872"
"chr8","48735363","48735503","chr8","48651081","48651221","5","84282"
"chr8","48860742","48861022","chr8","48780520","48780803","21","80222"
"chr8","49476928","49477228","chr8","49443751","49444052","6","33177"
"chr8","49637341","49637652","chr8","49610094","49610387","27","27247"
"chr8","49664386","49664695","chr8","49637475","49637786","8","26911"
"chr8","49701942","49702256","chr6","107428657","107428962","50","57726715"
"chr8","49927407","49927680","chr8","49914237","49914513","7","13170"
"chr8","49933707","49934009","chr8","49920879","49921174","10","12828"
"chr8","50083484","50083783","chr8","50072541","50072843","14","10943"
"chr8","50165992","50166281","chr8","50159862","50160149","15","6130"
"chr8","50195006","50195289","chr8","50187264","50187547","10","7742"
"chr8","50204182","50204478","chr11","95163197","95163496","37","44959015"
"chr8","50230836","50231065","chr8","50225898","50226127","9","4938"
"chr8","50331819","50332119","chr8","50316643","50316946","7","15176"
"chr8","50391715","50392016","chr7","129433276","129433574","51","79041561"
"chr8","50432029","50432327","chr8","50419860","50420163","19","12169"
"chr8","50454830","50455126","chr8","50443063","50443361","10","11767"
"chr8","51879900","51880209","chr8","51873523","51873831","12","6377"
"chr8","51886127","51886358","chr8","51879744","51879976","9","6383"
"chr8","51943351","51943599","chr7","46855930","46856167","45","5087421"
"chr8","51981804","51982066","chr12","81458055","81458323","35","29476251"
"chr8","52010406","52010709","chr8","52006280","52006575","21","4126"
"chr8","52031609","52031902","chr15","86778048","86778343","51","34746439"
"chr8","52046702","52046997","chr8","52042623","52042919","9","4079"
"chr8","52124813","52125120","chr8","52122056","52122351","22","2757"
"chr8","52287953","52288270","chr8","52286741","52287053","20","1212"
"chr8","52560407","52560691","chr6","152711484","152711767","41","100151077"
"chr8","52858846","52859158","chr8","52862383","52862688","17","3537"
"chr8","52969025","52969337","chr8","52972961","52973260","22","3936"
"chr8","53177640","53177934","chr19","36213164","36213457","48","16964476"
"chr8","53267104","53267385","chr3","37560253","37560542","52","15706851"
"chr8","53524444","53524604","chr8","53545982","53546138","10","21538"
"chr8","53762996","53763207","chr7","109084967","109085183","33","55321971"
"chr8","54276298","54276616","chr9","77124932","77125241","61","22848634"
"chr8","54417361","54417460","chr8","54461258","54461357","2","43897"
"chr8","54488373","54488654","chr8","54528491","54528773","7","40118"
"chr8","54555837","54556118","chr8","54606651","54606906","30","50814"
"chr8","55027535","55027843","chr8","55086383","55086691","6","58848"
"chr8","55335627","55335924","chr8","55395632","55395928","8","60005"
"chr8","55425509","55425638","chr6","47849580","47849709","20","7575929"
"chr8","55853903","55854189","chr8","55897241","55897539","20","43338"
"chr8","56107841","56108149","chr4","31140955","31141258","46","24966886"
"chr8","56234564","56234874","chr8","56283134","56283444","33","48570"
"chr8","56311459","56311745","chr9","5849715","5850009","45","50461744"
"chr8","56474604","56474828","chr8","56526993","56527216","4","52389"
"chr8","56521982","56522277","chr8","56574438","56574725","10","52456"
"chr8","56661136","56661427","chr8","56714046","56714336","9","52910"
"chr8","56728184","56728489","chr8","56782524","56782826","16","54340"
"chr8","56734734","56735044","chr8","56789706","56790011","13","54972"
"chr8","56744852","56745155","chr1","18007479","18007782","33","38737373"
"chr8","56878915","56879217","chr8","56932849","56933156","20","53934"
"chr8","57621776","57622074","chr8","57679901","57680195","12","58125"
"chr8","58259628","58259931","chr8","58323426","58323727","11","63798"
"chr8","58648967","58649275","chr1","37689627","37689933","43","20959340"
"chr8","59031409","59031717","chr8","59095023","59095331","6","63614"
"chr8","59244173","59244456","chr1","207081299","207081582","37","147837126"
"chr8","59251508","59251803","chr8","59319428","59319733","23","67920"
"chr8","59426318","59426605","chr8","59494365","59494666","24","68047"
"chr8","60234728","60235028","chr3","37560253","37560542","48","22674475"
"chr8","60528642","60528946","chr8","60594314","60594615","10","65672"
"chr8","61458465","61458769","chr6","51874693","51875002","44","9583772"
"chr8","61472159","61472451","chr8","61546870","61547147","23","74711"
"chr8","61477627","61477740","chr8","61552388","61552501","4","74761"
"chr8","61609095","61609384","chr8","61679421","61679711","9","70326"
"chr8","61842825","61843118","chr8","61915551","61915844","10","72726"
"chr8","61887697","61888008","chr8","61959398","61959707","12","71701"
"chr8","62013482","62013768","chr8","62083651","62083937","5","70169"
"chr8","62116277","62116573","chr8","62187633","62187928","10","71356"
"chr8","62186546","62186845","chr8","62257767","62258065","10","71221"
"chr8","62523674","62523983","chr8","62595526","62595834","6","71852"
"chr8","62525352","62525565","chr16","68450013","68450220","33","5924661"
"chr8","62585934","62586227","chr9","89100366","89100665","40","26514432"
"chr8","62608394","62608560","chr8","62682529","62682690","9","74135"
"chr8","62625591","62625708","chr1","178386790","178386906","16","115761199"
"chr8","62691244","62691543","chr8","62767481","62767773","14","76237"
"chr8","62738388","62738513","chr8","62814825","62814963","13","76437"
"chr8","62805537","62805838","chr8","62888715","62889017","10","83178"
"chr8","62858293","62858569","chr1","14141684","14141954","44","48716609"
"chr8","62869053","62869182","chr8","62954107","62954237","3","85054"
"chr8","62894129","62894445","chr8","62979850","62980160","17","85721"
"chr8","62955954","62956260","chr8","63041057","63041370","16","85103"
"chr8","62984415","62984718","chr8","63069781","63070100","27","85366"
"chr8","63034957","63035263","chr8","63120133","63120443","20","85176"
"chr8","63100228","63100541","chr8","63187817","63188125","16","87589"
"chr8","63190577","63190879","chr8","63283600","63283901","7","93023"
"chr8","63219520","63219836","chr3","37104935","37105243","42","26114585"
"chr8","63259677","63259983","chr8","63348736","63349044","14","89059"
"chr8","63329408","63329708","chr8","63420825","63421118","16","91417"
"chr8","63339854","63340161","chr8","63431301","63431607","18","91447"
"chr8","63790164","63790438","chr8","63882213","63882488","13","92049"
"chr8","64317175","64317374","chr20","27426210","27426408","32","36890965"
"chr8","64354438","64354747","chr8","64444904","64445214","19","90466"
"chr8","64432574","64432872","chr8","64521964","64522252","29","89390"
"chr8","64739965","64740301","chr8","64830247","64830583","15","90282"
"chr8","64862697","64862997","chr8","64951721","64952029","19","89024"
"chr8","64927836","64928136","chr8","65019663","65019958","13","91827"
"chr8","65205231","65205515","chr8","65331641","65331925","9","126410"
"chr8","65221915","65222220","chr8","65348243","65348547","13","126328"
"chr8","65312332","65312619","chr6","69773314","69773597","47","4460982"
"chr8","65495523","65495823","chr8","65622802","65623084","28","127279"
"chr8","65531033","65531344","chr8","65659254","65659564","7","128221"
"chr8","65679399","65679699","chr17","10373932","10374211","51","55305467"
"chr8","65689466","65689743","chr8","65831698","65831974","11","142232"
"chr8","65691570","65691819","chr8","65836015","65836249","46","144445"
"chr8","65720246","65720539","chr8","65866259","65866556","16","146013"
"chr8","65739219","65739521","chr8","65885951","65886257","16","146732"
"chr8","65765120","65765434","chr8","65916581","65916893","43","151461"
"chr8","65765980","65766272","chr8","65917431","65917723","3","151451"
"chr8","65769108","65769402","chr19","12000253","12000547","45","53768855"
"chr8","65774076","65774223","chr4","111075909","111076043","36","45301833"
"chr8","65804006","65804157","chr8","65960875","65961029","6","156869"
"chr8","65828000","65828204","chr1","2126878","2127087","36","63701122"
"chr8","65833560","65833853","chr8","65987631","65987925","7","154071"
"chr8","66395912","66396193","chr3","48125201","48125480","45","18270711"
"chr8","66664843","66665020","chr8","66821392","66821591","30","156549"
"chr8","67074574","67074704","chr14","99464168","99464298","12","32389594"
"chr8","67311455","67311780","chr1","24702398","24702705","57","42609057"
"chr8","67402219","67402512","chr8","67569374","67569655","17","167155"
"chr8","68122258","68122534","chr8","68291589","68291863","18","169331"
"chr8","68400166","68400473","chr8","68573803","68574076","40","173637"
"chr8","68514827","68515154","chr8","68693298","68693619","10","178471"
"chr8","68528119","68528415","chr9","92036917","92037215","52","23508798"
"chr8","68532143","68532406","chr13","124938300","124938527","73","56406157"
"chr8","68876344","68876646","chr8","69070718","69071011","19","194374"
"chr8","68907575","68907874","chr8","95138263","95138559","33","26230688"
"chr8","69053599","69053912","chr14","73036784","73037088","48","3983185"
"chr8","69161287","69161576","chr8","69359191","69359482","11","197904"
"chr8","69263648","69263959","chr3","127238578","127238882","49","57974930"
"chr8","69328671","69328891","chr8","69523454","69523675","3","194783"
"chr8","69381652","69381934","chr7","155788835","155789119","38","86407183"
"chr8","69415179","69415380","chr9","6166435","6166632","31","63248744"
"chr8","69423786","69424072","chr2","84073270","84073551","39","14649484"
"chr8","69426640","69426910","chr8","69622071","69622343","11","195431"
"chr8","69441602","69441904","chr8","69637681","69637984","10","196079"
"chr8","69467257","69467391","chr7","67494514","67494644","18","1972743"
"chr8","69467678","69467856","chr1","109244867","109245026","48","39777189"
"chr8","69479034","69479347","chr8","69675222","69675530","11","196188"
"chr8","69524054","69524363","chr8","69720238","69720542","16","196184"
"chr8","69623475","69623765","chr8","69820414","69820709","8","196939"
"chr8","69686957","69687249","chr8","69883834","69884126","17","196877"
"chr8","69720603","69720898","chr13","63444738","63445036","36","6275865"
"chr8","69955314","69955594","chr15","91003323","91003608","45","21048009"
"chr8","70015283","70015581","chr8","70214275","70214575","14","198992"
"chr8","70301657","70301926","chr8","70508094","70508360","11","206437"
"chr8","70882039","70882348","chr8","71097448","71097754","20","215409"
"chr8","71086750","71087041","chr1","160984533","160984824","44","89897783"
"chr8","71089299","71089579","chr10","27594987","27595275","40","43494312"
"chr8","71273570","71273862","chr4","56245215","56245513","39","15028355"
"chr8","71385721","71386027","chr8","71590429","71590731","11","204708"
"chr8","71507483","71507747","chr8","71708593","71708854","17","201110"
"chr8","72692887","72693141","chr8","72921272","72921545","25","228385"
"chr8","72805333","72805503","chr20","54157538","54157707","27","18647795"
"chr8","73370077","73370357","chr10","33881646","33881930","45","39488431"
"chr8","74180517","74180776","chr7","156778218","156778475","39","82597701"
"chr8","74240854","74241173","chr8","20357819","20358136","45","53883035"
"chr8","74307446","74307754","chr8","74536508","74536786","33","229062"
"chr8","74809214","74809508","chr8","75059035","75059328","7","249821"
"chr8","75142794","75142906","chr8","75401550","75401667","7","258756"
"chr8","75239020","75239319","chr8","75494071","75494372","15","255051"
"chr8","75254256","75254412","chr8","75518058","75518214","5","263802"
"chr8","75411874","75412043","chr16","32682137","32682310","22","42729737"
"chr8","75646229","75646523","chr8","75918467","75918759","7","272238"
"chr8","75688692","75689000","chr8","75961357","75961665","12","272665"
"chr8","75723214","75723520","chr8","75998178","75998482","17","274964"
"chr8","75764370","75764676","chr8","76039822","76040107","34","275452"
"chr8","75788022","75788337","chr8","76064033","76064336","28","276011"
"chr8","75849955","75850271","chr8","76125619","76125933","24","275664"
"chr8","75891501","75891783","chr1","139265170","139265450","51","63373669"
"chr8","75916395","75916691","chr1","26493506","26493804","35","49422889"
"chr8","75971780","75972077","chr8","76249178","76249474","5","277398"
"chr8","75996414","75996717","chr8","76276805","76277102","11","280391"
"chr8","76176518","76176797","chr8","76473958","76474237","17","297440"
"chr8","76717663","76717964","chr8","77035185","77035477","15","317522"
"chr8","77053798","77054096","chr17","30550298","30550596","53","46503500"
"chr8","77087249","77087547","chr8","77416634","77416934","16","329385"
"chr8","77421939","77422231","chr1","203810691","203810984","38","126388752"
"chr8","77460179","77460466","chr13","100050480","100050766","35","22590301"
"chr8","77638121","77638404","chr8","77972764","77973048","10","334643"
"chr8","77805816","77806116","chr8","78143795","78144094","26","337979"
"chr8","77905703","77906011","chr8","78242259","78242562","26","336556"
"chr8","77924425","77924708","chr9","29942387","29942672","44","47982038"
"chr8","77934510","77934815","chrX","37793736","37794040","55","40140774"
"chr8","77962167","77962180","chr9","32916732","32916748","12","45045435"
"chr8","77962219","77962367","chr7","84284997","84285147","21","6322778"
"chr8","77962400","77962525","chr7","120718298","120718424","19","42755898"
"chr8","78157378","78157668","chr3","64107255","64107551","43","14050123"
"chr8","78536806","78537099","chr8","63420825","63421118","36","15115981"
"chr8","78769265","78769550","chr16","21781850","21782128","46","56987415"
"chr8","79240768","79241076","chr8","79613322","79613622","20","372554"
"chr8","79247541","79247797","chr8","79620115","79620374","13","372574"
"chr8","79364336","79364639","chr10","35520239","35520543","35","43844097"
"chr8","79629277","79629586","chr8","80003599","80003898","30","374322"
"chr8","79938995","79939304","chr8","80311223","80311531","12","372228"
"chr8","79982518","79982647","chr8","80354714","80354843","4","372196"
"chr8","80637848","80638005","chr8","81027833","81027995","24","389985"
"chr8","80689144","80689425","chr8","81079522","81079812","20","390378"
"chr8","80740608","80740891","chr8","81131062","81131347","7","390454"
"chr8","80774246","80774440","chr8","81164830","81165024","2","390584"
"chr8","80894444","80894733","chr7","14080293","14080590","52","66814151"
"chr8","80986598","80986829","chr8","81395172","81395404","14","408574"
"chr8","81395824","81396130","chr8","81804514","81804817","13","408690"
"chr8","81455510","81455695","chr5","94182360","94182555","48","12726850"
"chr8","81585022","81585304","chr8","81994943","81995219","13","409921"
"chr8","82207099","82207315","chr8","82641679","82641925","36","434580"
"chr8","82278116","82278423","chr8","82716492","82716804","22","438376"
"chr8","82279066","82279372","chr8","82717452","82717757","16","438386"
"chr8","82352776","82353084","chr1","183481916","183482223","45","101129140"
"chr8","82741736","82742038","chr8","83186170","83186478","12","444434"
"chr8","82795506","82795804","chr1","56106334","56106635","42","26689172"
"chr8","82989005","82989333","chr8","83441167","83441495","33","452162"
"chr8","83352163","83352473","chr8","83808361","83808674","22","456198"
"chr8","83892182","83892451","chr8","84337539","84337813","8","445357"
"chr8","83957530","83957782","chr8","84403820","84404072","7","446290"
"chr8","83965147","83965404","chr8","84411064","84411318","14","445917"
"chr8","84010982","84011280","chr8","84442579","84442875","16","431597"
"chr8","84208938","84209335","chr1","220073433","220073775","113","135864495"
"chr8","84250516","84250794","chr4","153173836","153174115","40","68923320"
"chr8","84543348","84543504","chr8","84974997","84975153","3","431649"
"chr8","84614141","84614435","chr8","85048054","85048363","24","433913"
"chr8","84951852","84951987","chr9","61929700","61929830","26","23022152"
"chr8","84955470","84955750","chr8","85387611","85387890","3","432141"
"chr8","84962971","84963271","chr8","85395196","85395496","11","432225"
"chr8","85716788","85716948","chr16","47371877","47372035","34","38344911"
"chr8","85717248","85717352","chr5","129694837","129694933","28","43977589"
"chr8","85870151","85870431","chr4","153173836","153174115","34","67303685"
"chr8","86015764","86016056","chr8","86466919","86467211","3","451155"
"chr8","86115273","86115578","chr8","86570478","86570783","6","455205"
"chr8","86602974","86603278","chr8","87073503","87073817","25","470529"
"chr8","86690650","86690952","chr8","87169137","87169438","11","478487"
"chr8","86736482","86736788","chr8","87217227","87217530","16","480745"
"chr8","86822699","86822927","chr8","87306065","87306293","5","483366"
"chr8","87011772","87012085","chr8","87495231","87495542","16","483459"
"chr8","87061356","87061405","chr9","30006564","30006614","10","57054792"
"chr8","87145618","87145766","chr8","87631159","87631306","7","485541"
"chr8","87171233","87171371","chr3","113124884","113125021","16","25953651"
"chr8","87226522","87226797","chr4","153173836","153174115","46","65947314"
"chr8","87937550","87937846","chr8","88414564","88414858","14","477014"
"chr8","88647603","88647904","chr8","89133384","89133687","14","485781"
"chr8","88673907","88674218","chr8","89159743","89160054","7","485836"
"chr8","88693736","88694037","chr8","89179785","89180085","7","486049"
"chr8","88740332","88740631","chr8","89226821","89227120","6","486489"
"chr8","88778737","88779040","chr8","89265492","89265795","18","486755"
"chr8","88792827","88793109","chrX","96267872","96268151","52","7475045"
"chr8","88850154","88850384","chr8","89329962","89330190","13","479808"
"chr8","88852819","88853106","chr8","89332663","89332948","8","479844"
"chr8","88918776","88919069","chr8","89399339","89399634","5","480563"
"chr8","88938813","88939027","chr8","89421319","89421543","16","482506"
"chr8","88985224","88985524","chr8","89468303","89468583","31","483079"
"chr8","89234661","89234949","chr8","89715758","89716045","11","481097"
"chr8","89469218","89469527","chr8","89940687","89940996","11","471469"
"chr8","89476260","89476550","chr8","89948013","89948306","9","471753"
"chr8","89524794","89525104","chr8","89998255","89998559","17","473461"
"chr8","89585854","89586041","chr10","29109438","29109611","51","60476416"
"chr8","89592532","89592830","chr1","29903957","29904258","45","59688575"
"chr8","89666821","89667126","chrX","28745828","28746133","39","60920993"
"chr8","89667441","89667719","chr8","90138778","90139053","9","471337"
"chr8","89724307","89724604","chr8","90199090","90199387","9","474783"
"chr8","89765008","89765287","chr8","90240508","90240787","6","475500"
"chr8","89778062","89778349","chr13","62035505","62035791","42","27742557"
"chr8","89876809","89877085","chr8","90356405","90356661","30","479596"
"chr8","89877087","89877343","chr8","90356405","90356661","7","479318"
"chr8","89891663","89891955","chr3","161263764","161264053","41","71372101"
"chr8","89929159","89929450","chr8","90406408","90406701","16","477249"
"chr8","90072771","90073066","chr8","90551923","90552218","2","479152"
"chr8","90183495","90183767","chr8","90661123","90661395","16","477628"
"chr8","90336384","90336701","chr8","90817513","90817826","16","481129"
"chr8","90478853","90479150","chr8","90960558","90960857","17","481705"
"chr8","90699411","90699630","chr8","91182917","91183137","11","483506"
"chr8","90745041","90745345","chr8","91228539","91228848","13","483498"
"chr8","90919582","90919778","chr9","52059642","52059836","37","38859940"
"chr8","90962841","90963091","chr8","91443416","91443644","28","480575"
"chr8","91085667","91085822","chr7","148167157","148167300","28","57081490"
"chr8","91440980","91441241","chr8","91924740","91925001","6","483760"
"chr8","91561241","91561541","chrX","15966596","15966896","41","75594645"
"chr8","91626235","91626509","chr8","92117661","92117935","9","491426"
"chr8","92102087","92102269","chrX","79534223","79534402","32","12567864"
"chr8","92305629","92305917","chr8","92690022","92690343","36","384393"
"chr8","92459420","92459730","chr8","92844685","92844993","7","385265"
"chr8","92633942","92634238","chr8","93020422","93020713","14","386480"
"chr8","92649435","92649585","chr8","93036051","93036201","6","386616"
"chr8","92659324","92659621","chr8","93046289","93046586","12","386965"
"chr8","92669057","92669362","chr1","24043019","24043322","42","68626038"
"chr8","92697495","92697807","chr8","93096066","93096377","18","398571"
"chr8","92703297","92703591","chr5","90199713","90200007","41","2503584"
"chr8","92709107","92709395","chr8","93106236","93106526","16","397129"
"chr8","92733496","92733795","chr1","10600195","10600501","56","82133301"
"chr8","92742791","92743084","chr8","93138745","93139053","24","395954"
"chr8","92797126","92797395","chr8","93198953","93199221","6","401827"
"chr8","92834749","92835042","chr1","136386320","136386615","42","43551571"
"chr8","92908677","92908971","chr8","93313106","93313401","5","404429"
"chr8","92939832","92940142","chr8","93345365","93345671","12","405533"
"chr8","92957788","92958051","chr5","71949323","71949599","54","21008465"
"chr8","92967336","92967645","chr8","93372696","93373004","9","405360"
"chr8","93005344","93005615","chr20","8807024","8807306","50","84198320"
"chr8","93020536","93020764","chr8","93426948","93427176","6","406412"
"chr8","93040488","93040777","chr8","93446759","93447048","13","406271"
"chr8","93163880","93164180","chr3","74904320","74904624","47","18259560"
"chr8","93333957","93334255","chr7","64435583","64435875","48","28898374"
"chr8","93639232","93639537","chr8","94055543","94055842","17","416311"
"chr8","93672826","93673131","chr9","101657998","101658305","35","7985172"
"chr8","93715980","93716215","chr8","94134682","94134912","16","418702"
"chr8","93744793","93745108","chr1","188206304","188206611","50","94461511"
"chr8","93903106","93903372","chr8","94324615","94324894","17","421509"
"chr8","94035509","94035790","chr8","94448874","94449155","5","413365"
"chr8","94036931","94037193","chr8","94450300","94450562","7","413369"
"chr8","94040651","94040963","chr8","94454033","94454346","7","413382"
"chr8","94383118","94383418","chr8","94811527","94811831","18","428409"
"chr8","94460974","94461273","chr8","36416072","36416371","42","58044902"
"chr8","94488870","94489073","chr3","28410464","28410663","37","66078406"
"chr8","94573202","94573495","chr8","94989359","94989658","41","416157"
"chr8","94716824","94717120","chr8","95138263","95138559","6","421439"
"chr8","94818079","94818383","chr1","206932796","206933097","37","112114717"
"chr8","95106826","95107125","chr6","53850762","53851061","53","41256064"
"chr8","95111728","95112037","chr16","63451959","63452267","49","31659769"
"chr8","95229994","95230292","chr8","95652060","95652358","5","422066"
"chr8","95379478","95379775","chr8","95806037","95806330","8","426559"
"chr8","95434767","95435056","chr8","95861941","95862232","7","427174"
"chr8","95564848","95565056","chr8","95989686","95989894","6","424838"
"chr8","95583298","95583551","chr3","45511406","45511670","48","50071892"
"chr8","95617811","95618096","chr8","96041227","96041512","9","423416"
"chr8","95630428","95630719","chr8","96053713","96054001","24","423285"
"chr8","95639763","95639898","chr8","96062846","96063007","27","423083"
"chr8","95888879","95889173","chr3","127216186","127216489","37","31327307"
"chr8","95966038","95966196","chr19","30652824","30652976","26","65313214"
"chr8","96173861","96174174","chr8","96585311","96585624","10","411450"
"chr8","96198666","96198965","chr8","96610083","96610385","14","411417"
"chr8","96204046","96204358","chr8","96615676","96615989","17","411630"
"chr8","96229700","96229839","chr8","96641899","96642037","8","412199"
"chr8","96328012","96328306","chr3","83610987","83611284","45","12717025"
"chr8","96345291","96345582","chr8","96756534","96756825","7","411243"
"chr8","96509513","96509744","chr8","96919927","96920159","9","410414"
"chr8","96520006","96520313","chr18","47830888","47831187","42","48689118"
"chr8","96578355","96578424","chr8","96982902","96982971","0","404547"
"chr8","97080357","97080615","chr15","6438791","6439051","35","90641566"
"chr8","97172869","97173119","chr8","97582969","97583223","6","410100"
"chr8","97221958","97222229","chr1","112665869","112666137","42","15443911"
"chr8","97243750","97244049","chr8","97655253","97655543","15","411503"
"chr8","97304969","97305275","chr8","97714415","97714722","8","409446"
"chr8","97383741","97384027","chr8","97802853","97803136","18","419112"
"chr8","97399516","97399688","chr15","105561519","105561693","29","8162003"
"chr8","97405591","97405891","chr8","97826886","97827190","17","421295"
"chr8","97494683","97494836","chr8","97917449","97917591","13","422766"
"chr8","97621843","97622143","chr8","98038893","98039166","29","417050"
"chr8","97652183","97652483","chr17","11688731","11689029","32","85963452"
"chr8","97753025","97753320","chr8","98176805","98177100","3","423780"
"chr8","97782467","97782765","chr8","98206957","98207258","12","424490"
"chr8","97802880","97803177","chr1","139173426","139173722","23","41370546"
"chr8","97817834","97818140","chr8","98242821","98243116","18","424987"
"chr8","97979963","97980257","chr8","98404449","98404736","15","424486"
"chr8","98146071","98146360","chr13","22861492","22861782","44","75284579"
"chr8","98312479","98312765","chr8","98584032","98584332","21","271553"
"chr8","98447786","98448083","chr2","106810335","106810629","43","8362549"
"chr8","98499724","98500000","chr8","98759064","98759352","19","259340"
"chr8","98558332","98558383","chr8","98824136","98824187","3","265804"
"chr8","98609330","98609342","chr9","32916732","32916748","13","65692598"
"chr8","98609397","98609679","chrX","37331111","37331393","43","61278286"
"chr8","98670102","98670447","chr8","98916154","98916456","55","246052"
"chr8","98694958","98695108","chr6","173021290","173021438","29","74326332"
"chr8","98702870","98703093","chr8","69523454","69523675","41","29179416"
"chr8","98861265","98861468","chr8","99113201","99113404","4","251936"
"chr8","99086470","99086769","chr8","99340922","99341217","10","254452"
"chr8","99269251","99269477","chr8","99527746","99527972","4","258495"
"chr8","99332577","99332885","chr8","99590620","99590928","11","258043"
"chr8","99351833","99352148","chr8","99610107","99610397","30","258274"
"chr8","99612453","99612728","chr8","99867359","99867635","22","254906"
"chr8","99833766","99834047","chr8","100095499","100095765","26","261733"
"chr8","99929684","99929865","chr8","100191307","100191488","11","261623"
"chr8","100466455","100466552","chr8","100712010","100712107","3","245555"
"chr8","100844215","100844520","chr8","101102597","101102902","3","258382"
"chr8","100862334","100862588","chr8","101121933","101122181","16","259599"
"chr8","101082924","101083223","chr8","101344041","101344337","33","261117"
"chr8","101170555","101170863","chr8","101430213","101430511","25","259658"
"chr8","101632150","101632441","chr4","76028673","76028956","49","25603477"
"chr8","101640032","101640284","chr3","45920764","45921022","39","55719268"
"chr8","101679583","101679887","chr8","101936464","101936769","6","256881"
"chr8","102017046","102017328","chr15","97061406","97061689","32","4955640"
"chr8","102219072","102219353","chr4","153173836","153174115","45","50954764"
"chr8","102377239","102377485","chr8","102644884","102645120","25","267645"
"chr8","102738310","102738543","chr8","103004510","103004741","14","266200"
"chr8","102787471","102787760","chr7","63458509","63458804","38","39328962"
"chr8","102821922","102822188","chr8","103086455","103086721","4","264533"
"chr8","103088008","103088221","chr5","129275158","129275347","49","26187150"
"chr8","103169858","103170152","chr8","103434813","103435108","7","264955"
"chr8","103289288","103289623","chr3","51126963","51127287","52","52162325"
"chr8","103729143","103729318","chr7","58056502","58056683","30","45672641"
"chr8","104077447","104077754","chr8","104363144","104363432","24","285697"
"chr8","104121884","104122187","chr8","104411309","104411611","15","289425"
"chr8","104151116","104151422","chr8","104441697","104442002","9","290581"
"chr8","104348632","104348930","chr8","104639263","104639563","11","290631"
"chr8","104998114","104998407","chr8","105281209","105281489","28","283095"
"chr8","105076367","105076673","chr17","16951525","16951831","40","88124842"
"chr8","105144246","105144561","chr5","34333183","34333491","55","70811063"
"chr8","105188605","105188888","chr8","105457663","105457942","11","269058"
"chr8","105195786","105195908","chr13","125705777","125705898","13","20509991"
"chr8","105392571","105392699","chr12","80262012","80262141","15","25130559"
"chr8","105562162","105562497","chr8","105837304","105837637","18","275142"
"chr8","105696251","105696549","chr8","105983299","105983594","7","287048"
"chr8","106327424","106327449","chr7","145790583","145790608","14","39463159"
"chr8","106327491","106327756","chr15","14753713","14753973","53","91573778"
"chr8","106555559","106555839","chr8","106835733","106836015","16","280174"
"chr8","107078778","107079075","chr8","107338742","107339046","18","259964"
"chr8","107091790","107092065","chr1","139397060","139397335","39","32305270"
"chr8","107355009","107355300","chr8","107598544","107598835","4","243535"
"chr8","107997463","107997747","chr8","108274448","108274732","7","276985"
"chr8","108385080","108385388","chr8","108693624","108693930","16","308544"
"chr8","108448223","108448515","chr8","108760627","108760919","13","312404"
"chr8","108474918","108475228","chr8","108786625","108786937","11","311707"
"chr8","108524057","108524315","chr8","108834639","108834932","49","310582"
"chr8","108533195","108533482","chr8","108843828","108844126","33","310633"
"chr8","108899174","108899341","chr6","132712830","132712998","27","23813656"
"chr8","108899377","108899495","chr20","20577780","20577899","19","88321597"
"chr8","109242753","109243054","chr8","109558762","109559066","71","316009"
"chr8","109802732","109803040","chr8","110110118","110110420","17","307386"
"chr8","109888790","109889066","chr8","110200603","110200882","11","311813"
"chr8","110079497","110079792","chr6","117444628","117444927","58","7365131"
"chr8","110167328","110167626","chrX","25734220","25734518","33","84433108"
"chr8","110278395","110278655","chr8","110590463","110590724","9","312068"
"chr8","110395476","110395771","chr20","67506862","67507158","36","42888614"
"chr8","111648650","111648949","chr8","111975610","111975900","19","326960"
"chr8","111884110","111884417","chr12","36444891","36445198","38","75439219"
"chr8","112176612","112176907","chr8","112517335","112517629","10","340723"
"chr8","112204288","112204600","chr8","112545008","112545309","22","340720"
"chr8","112355602","112355824","chr12","58980648","58980870","41","53374954"
"chr8","112608086","112608373","chr15","97061406","97061689","35","15546680"
"chr8","112609447","112609724","chr8","112954226","112954523","27","344779"
"chr8","112628284","112628568","chr8","112973085","112973369","15","344801"
"chr8","112786953","112787258","chr8","113132450","113132757","7","345497"
"chr8","113040571","113040725","chr8","113389769","113389922","5","349198"
"chr8","113084831","113085117","chr8","113434617","113434906","8","349786"
"chr8","113168986","113169288","chr7","50921321","50921621","31","62247665"
"chr8","113182801","113183111","chr8","113533183","113533491","20","350382"
"chr8","113260365","113260595","chr8","113613032","113613257","15","352667"
"chr8","113726490","113726800","chr8","114087890","114088200","11","361400"
"chr8","114164255","114164549","chr8","114544650","114544928","27","380395"
"chr8","114171201","114171480","chr8","114551567","114551845","9","380366"
"chr8","114180355","114180651","chr8","114560681","114560975","16","380326"
"chr8","114333650","114333944","chr8","114714833","114715127","6","381183"
"chr8","114378137","114378470","chr8","114759967","114760297","30","381830"
"chr8","114466084","114466391","chr6","60822482","60822782","38","53643602"
"chr8","114488835","114489000","chr8","114869833","114870000","14","380998"
"chr8","114537345","114537617","chr8","114915330","114915602","7","377985"
"chr8","114555220","114555523","chr8","114928652","114928955","12","373432"
"chr8","114561522","114561829","chr8","114941567","114941877","21","380045"
"chr8","114634328","114634623","chr8","115014177","115014476","26","379849"
"chr8","114652285","114652577","chr4","112779874","112780170","44","1872411"
"chr8","114684303","114684472","chr9","29253173","29253348","25","85431130"
"chr8","114684473","114684764","chr8","115065113","115065403","19","380640"
"chr8","114719882","114720205","chr8","115101998","115102292","37","382116"
"chr8","114728191","114728483","chr18","37613667","37613962","39","77114524"
"chr8","114738514","114738822","chr8","115117357","115117657","20","378843"
"chr8","114760215","114760522","chr6","150405266","150405571","50","35645051"
"chr8","115044561","115044860","chr8","115443137","115443436","11","398576"
"chr8","115166459","115166537","chr2","38490700","38490776","12","76675759"
"chr8","115626847","115627107","chr8","116027482","116027766","31","400635"
"chr8","115877205","115877506","chr8","116288071","116288374","22","410866"
"chr8","116040440","116040746","chr8","116450670","116450982","27","410230"
"chr8","116162468","116162775","chr8","116571118","116571423","16","408650"
"chr8","116169108","116169423","chr8","116577733","116578060","31","408625"
"chr8","116190581","116190876","chr8","116600239","116600525","25","409658"
"chr8","116417948","116418253","chr3","163385781","163386087","38","46967833"
"chr8","116508772","116509111","chr8","116923441","116923749","63","414669"
"chr8","116556517","116556841","chr12","61044654","61044969","50","55511863"
"chr8","116677056","116677363","chr8","117098653","117098964","19","421597"
"chr8","116728631","116728950","chr8","117153011","117153312","29","424380"
"chr8","116755117","116755428","chr8","117179796","117180103","14","424679"
"chr8","116772157","116772441","chr8","117197694","117197993","25","425537"
"chr8","116774281","116774561","chr8","117199817","117200109","24","425536"
"chr8","117211725","117212019","chr20","26211185","26211483","34","91000540"
"chr8","117471963","117472273","chr13","15274636","15274950","42","102197327"
"chr8","117518854","117519163","chr2","140214580","140214885","54","22695726"
"chr8","117586143","117586438","chr8","118023503","118023795","7","437360"
"chr8","117620445","117620744","chr8","118057236","118057529","16","436791"
"chr8","117653422","117653722","chr8","118088831","118089135","17","435409"
"chr8","117658567","117658872","chr8","118093954","118094255","23","435387"
"chr8","117694239","117694527","chr11","18944812","18945097","48","98749427"
"chr8","117707518","117707815","chr8","118136937","118137233","8","429419"
"chr8","117714283","117714482","chr8","118144045","118144244","9","429762"
"chr8","117746058","117746368","chr7","108661358","108661664","48","9084700"
"chr8","117777391","117777546","chrX","102500001","102500149","44","15277390"
"chr8","117810500","117810774","chr6","77077531","77077811","52","40732969"
"chr8","117816145","117816446","chr2","147520541","147520850","52","29704396"
"chr8","117821574","117821776","chr8","118251270","118251467","16","429696"
"chr8","117936659","117936962","chr8","118370520","118370826","17","433861"
"chr8","117937044","117937344","chr8","118370920","118371205","28","433876"
"chr8","117940747","117941054","chr8","118374199","118374505","11","433452"
"chr8","118098165","118098226","chr8","118526342","118526403","1","428177"
"chr8","118104400","118104687","chr8","118532577","118532864","6","428177"
"chr8","118123730","118123901","chr8","81498618","81498784","30","36625112"
"chr8","118124202","118124334","chr7","131094416","131094546","17","12970214"
"chr8","118220357","118220660","chr8","118650401","118650705","13","430044"
"chr8","118336631","118336923","chr11","122061787","122062077","36","3725156"
"chr8","118461908","118462200","chr8","118901954","118902254","19","440046"
"chr8","118578652","118578917","chr8","119022458","119022717","14","443806"
"chr8","118596873","118597173","chr8","119040743","119041020","35","443870"
"chr8","118736384","118736504","chr15","2185236","2185358","13","116551148"
"chr8","118796659","118796954","chr8","119237154","119237448","18","440495"
"chr8","118836559","118836856","chr17","19335788","19336088","39","99500771"
"chr8","118958923","118959038","chr10","55059898","55060008","15","63899025"
"chr8","118959069","118959240","chr9","40214036","40214205","26","78745033"
"chr8","118965249","118965533","chr8","119415679","119415964","14","450430"
"chr8","118985700","118985993","chr9","108434162","108434465","49","10551538"
"chr8","119010009","119010251","chr19","45316900","45317140","39","73693109"
"chr8","119065754","119066033","chr8","119512072","119512342","15","446318"
"chr8","119066953","119067247","chr19","48174971","48175267","32","70891982"
"chr8","119072165","119072378","chr8","119518476","119518689","12","446311"
"chr8","119282166","119282475","chr8","119727830","119728138","9","445664"
"chr8","119554685","119554845","chr2","87570557","87570723","35","31984128"
"chr8","119594418","119594727","chr2","176864663","176864968","39","57270245"
"chr8","119691760","119692090","chr8","120139498","120139827","8","447738"
"chr8","119696035","119696322","chr19","1074823","1075116","39","118621212"
"chr8","119705683","119705806","chr2","66036269","66036388","23","53669414"
"chr8","119809163","119809460","chr8","120257373","120257670","6","448210"
"chr8","119954807","119955011","chr8","120401726","120401930","6","446919"
"chr8","120001359","120001681","chr8","120454343","120454651","47","452984"
"chr8","120110822","120111113","chr8","120564317","120564609","17","453495"
"chr8","120178940","120179080","chr8","120633281","120633417","10","454341"
"chr8","120735127","120735350","chr8","121184844","121185068","8","449717"
"chr8","121146282","121146573","chr10","35483345","35483630","50","85662937"
"chr8","121156728","121157038","chr8","121602417","121602729","14","445689"
"chr8","121365511","121365820","chr8","121817964","121818262","17","452453"
"chr8","121773452","121773773","chr1","130989879","130990200","43","9216427"
"chr8","122013839","122014008","chr8","122472428","122472597","3","458589"
"chr8","122042015","122042293","chr7","159089062","159089347","42","37047047"
"chr8","122133099","122133408","chr15","82665995","82666306","41","39467104"
"chr8","122148419","122148721","chr8","122612336","122612631","19","463917"
"chr8","122237754","122238039","chr8","122699437","122699727","15","461683"
"chr8","122251080","122251386","chr6","88628976","88629286","42","33622104"
"chr8","122404353","122404647","chr8","122869208","122869513","17","464855"
"chr8","122406176","122406464","chr8","122871039","122871323","11","464863"
"chr8","122425910","122426197","chr8","122891067","122891354","14","465157"
"chr8","122501545","122501831","chr8","122966823","122967133","30","465278"
"chr8","122615612","122615919","chr8","123077815","123078126","16","462203"
"chr8","122694566","122694876","chr8","123156972","123157280","15","462406"
"chr8","122772375","122772653","chr8","123235547","123235836","31","463172"
"chr8","122844334","122844660","chr8","123310211","123310517","31","465877"
"chr8","122919930","122920219","chrX","10288963","10289255","38","112630967"
"chr8","122947165","122947470","chr8","123410300","123410598","16","463135"
"chr8","123083689","123083976","chr6","172766269","172766559","46","49682580"
"chr8","123267869","123268085","chr8","123732022","123732238","3","464153"
"chr8","123378710","123378857","chr1","129824074","129824204","32","6445364"
"chr8","123379055","123379250","chr7","39959558","39959756","42","83419497"
"chr8","123613361","123613666","chr8","124073090","124073401","15","459729"
"chr8","123997073","123997358","chr9","123461292","123461578","41","535781"
"chr8","124216452","124216769","chr8","124679138","124679455","15","462686"
"chr8","124355913","124356216","chr8","124822342","124822644","6","466429"
"chr8","124417463","124417761","chr8","124883377","124883676","12","465914"
"chr8","124487910","124488207","chr8","124953535","124953832","9","465625"
"chr8","124520701","124520974","chr8","124986579","124986854","9","465878"
"chr8","124613641","124613880","chr8","125077670","125077910","8","464029"
"chr8","124687568","124687856","chr8","125151066","125151360","18","463498"
"chr8","124945464","124945759","chr11","117199373","117199671","55","7746091"
"chr8","125138026","125138233","chr8","125605733","125605950","13","467707"
"chr8","125153907","125154222","chr8","125622771","125623078","21","468864"
"chr8","125161230","125161451","chr8","125629741","125629962","10","468511"
"chr8","125193252","125193541","chr8","125660768","125661071","19","467516"
"chr8","126095166","126095468","chr8","126575357","126575664","21","480191"
"chr8","126145986","126146282","chr8","126625916","126626214","11","479930"
"chr8","126225917","126226178","chrX","86674593","86674845","60","39551324"
"chr8","126573406","126573630","chr8","127058451","127058668","20","485045"
"chr8","126585101","126585312","chr8","127070078","127070297","19","484977"
"chr8","127663545","127663772","chr8","128164525","128164752","11","500980"
"chr8","127800508","127800666","chr8","128303517","128303676","13","503009"
"chr8","127896966","127897272","chr8","128399643","128399950","13","502677"
"chr8","127924048","127924356","chr8","128427027","128427335","10","502979"
"chr8","128129047","128129360","chr8","128632828","128633143","11","503781"
"chr8","128142430","128142737","chr10","65766672","65766974","55","62375758"
"chr8","128268094","128268395","chr8","128767639","128767935","17","499545"
"chr8","128441111","128441306","chr1","11127474","11127672","44","117313637"
"chr8","128473134","128473352","chr8","128977462","128977673","14","504328"
"chr8","128500001","128500133","chr10","31922786","31922922","27","96577215"
"chr8","128986651","128986922","chr13","73125528","73125810","57","55861123"
"chr8","129071777","129072046","chr8","129577889","129578151","17","506112"
"chr8","129113872","129114057","chr8","129620197","129620382","3","506325"
"chr8","129120443","129120750","chr8","129626691","129627000","11","506248"
"chr8","129215170","129215457","chr8","129720507","129720784","14","505337"
"chr8","129293916","129294204","chr8","129799618","129799905","19","505702"
"chr8","129539942","129540252","chr8","130049838","130050143","20","509896"
"chr8","130135549","130135839","chr8","130646985","130647275","12","511436"
"chr8","130799605","130799915","chr8","131328991","131329302","12","529386"
"chr8","130956934","130957211","chr8","131485366","131485662","30","528432"
"chr8","131000202","131000371","chr1","125894544","125894713","41","5105658"
"chr8","131025815","131026132","chr8","131556090","131556411","18","530275"
"chr8","131163036","131163329","chr12","100471340","100471615","58","30691696"
"chr8","131170315","131170629","chr8","131702818","131703114","27","532503"
"chr8","131526453","131526734","chr8","132057049","132057359","40","530596"
"chr8","131643639","131643935","chr8","132178325","132178631","21","534686"
"chr8","131812422","131812724","chr8","132357600","132357900","9","545178"
"chr8","131969713","131969958","chr8","132521347","132521591","5","551634"
"chr8","131971017","131971206","chr8","132522646","132522843","9","551629"
"chr8","132177120","132177423","chr2","184554529","184554839","31","52377409"
"chr8","132537033","132537342","chr8","133085573","133085877","9","548540"
"chr8","132552208","132552421","chr8","133100538","133100758","16","548330"
"chr8","132777954","132778251","chr8","133328467","133328775","19","550513"
"chr8","132786723","132786856","chr8","133337243","133337388","18","550520"
"chr8","132830971","132831250","chr8","133381580","133381847","18","550609"
"chr8","132935993","132936289","chr17","19453709","19454010","34","113482284"
"chr8","132942525","132942833","chr8","133493662","133493971","20","551137"
"chr8","132943825","132944119","chr8","133494939","133495240","11","551114"
"chr8","132997066","132997364","chr8","133549507","133549804","17","552441"
"chr8","133022513","133022795","chrX","28663429","28663730","59","104359084"
"chr8","133026447","133026745","chr8","133579859","133580154","11","553412"
"chr8","133180408","133180714","chr8","133730596","133730891","18","550188"
"chr8","133191488","133191799","chr13","107238252","107238558","61","25953236"
"chr8","133200427","133200714","chr15","107296689","107296982","43","25903738"
"chr8","133545222","133545399","chr8","134101241","134101410","9","556019"
"chr8","133666528","133666790","chr8","134222921","134223176","12","556393"
"chr8","134040370","134040688","chr8","134624624","134624938","9","584254"
"chr8","134185512","134185820","chr1","125376091","125376401","50","8809421"
"chr8","134208383","134208691","chr8","134795692","134795987","21","587309"
"chr8","134250356","134250652","chr8","134844593","134844873","20","594237"
"chr8","134415599","134415776","chr9","42858605","42858783","34","91556994"
"chr8","134485101","134485410","chr1","183278260","183278568","44","48793159"
"chr8","134657251","134657501","chr10","11504991","11505226","49","123152260"
"chr8","134667905","134668207","chr14","67442820","67443127","52","67225085"
"chr8","134671764","134672072","chr9","7875769","7876073","36","126795995"
"chr8","134696294","134696606","chr19","32011380","32011691","38","102684914"
"chr8","134703033","134703153","chr20","20577780","20577899","16","114125253"
"chr8","134703188","134703333","chr7","159121320","159121462","25","24418132"
"chr8","134767843","134768151","chr8","135369168","135369472","11","601325"
"chr8","134812088","134812360","chr8","135415140","135415409","13","603052"
"chr8","134857876","134858253","chr4","84443218","84443581","77","50414658"
"chr8","134877988","134878298","chr8","135482277","135482588","16","604289"
"chr8","134905329","134905613","chr8","135513151","135513460","29","607822"
"chr8","134993117","134993424","chr8","135599985","135600292","16","606868"
"chr8","135098688","135098990","chr8","135708466","135708766","12","609778"
"chr8","135115336","135115508","chr10","27411919","27412087","29","107703417"
"chr8","135153281","135153580","chr16","19157364","19157660","45","115995917"
"chr8","135224804","135225093","chr6","51171297","51171591","38","84053507"
"chr8","135297785","135298121","chr8","135911601","135911935","8","613816"
"chr8","135330678","135330980","chr10","19577220","19577516","45","115753458"
"chr8","135396786","135397085","chr8","136011489","136011790","17","614703"
"chr8","135529293","135529597","chr8","136145386","136145703","20","616093"
"chr8","135789655","135789985","chr8","136410877","136411210","20","621222"
"chr8","137284631","137284937","chr8","137904287","137904603","26","619656"
"chr8","137326548","137326853","chr8","137945157","137945464","10","618609"
"chr8","137327687","137327978","chr8","137946281","137946578","26","618594"
"chr8","137363146","137363432","chr10","27594987","27595275","35","109768159"
"chr8","137550632","137550724","chr8","138183475","138183567","4","632843"
"chr8","137763547","137763850","chr8","138397683","138397991","17","634136"
"chr8","137763927","137764235","chr8","138398995","138399303","10","635068"
"chr8","137765635","137765938","chr8","138400701","138400996","30","635066"
"chr8","137804719","137805008","chr8","138440084","138440382","20","635365"
"chr8","137807785","137808083","chr17","55289479","55289776","38","82518306"
"chr8","137848565","137848826","chr8","138484833","138485106","20","636268"
"chr8","137858986","137859293","chr8","138499722","138500000","37","640736"
"chr8","137879241","137879553","chr8","138518686","138518992","14","639445"
"chr8","137879763","137880033","chr8","138519212","138519482","4","639449"
"chr8","137921234","137921519","chr8","138552012","138552301","15","630778"
"chr8","138257819","138257990","chr1","31388552","31388713","36","106869267"
"chr8","138284402","138284722","chr19","32011380","32011691","62","106273022"
"chr8","138364273","138364567","chr6","131769846","131770146","43","6594427"
"chr8","138371405","138371690","chr6","136818052","136818333","47","1553353"
"chr8","138396509","138396806","chr1","38259809","38260102","44","100136700"
"chr8","138398252","138398545","chr15","27498585","27498875","38","110899667"
"chr8","138588854","138589160","chr10","71880315","71880618","39","66708539"
"chr8","138599668","138599953","chr8","138962296","138962581","6","362628"
"chr8","138631816","138631990","chr14","31856154","31856328","26","106775662"
"chr8","138693147","138693454","chr8","139050889","139051197","13","357742"
"chr8","138771982","138772280","chr1","56106334","56106635","37","82665648"
"chr8","138809659","138809949","chr8","139171276","139171559","19","361617"
"chr8","138816178","138816485","chr8","139177559","139177860","21","361381"
"chr8","138982160","138982448","chr9","39508376","39508657","43","99473784"
"chr8","139087551","139087845","chr8","139458438","139458731","6","370887"
"chr8","139100833","139101117","chr8","139471001","139471282","12","370168"
"chr8","139116961","139117260","chr8","139487238","139487542","16","370277"
"chr9","6291210","6291508","chr9","6385493","6385791","12","94283"
"chr9","41680799","41681051","chr9","42935279","42935529","24","1254480"
"chr9","57409269","57409551","chr9","55777086","55777387","37","1632183"
"chr9","58589049","58589360","chr9","56992847","56993155","9","1596202"
"chr9","92536796","92537115","chr9","91220408","91220700","37","1316388"
"chr9","5884","6185","chr2","42586","42887","11","36702"
"chr9","202324","202603","chr9","150213","150492","2","52111"
"chr9","313954","314196","chr9","262291","262555","30","51663"
"chr9","408962","409259","chr9","359365","359654","16","49597"
"chr9","440552","440870","chr9","391382","391705","13","49170"
"chr9","669874","670161","chr9","774609","774897","7","104735"
"chr9","780412","780710","chr15","105626428","105626724","36","104846016"
"chr9","807796","808110","chr9","928573","928889","12","120777"
"chr9","839463","839759","chr9","953581","953877","4","114118"
"chr9","859678","859964","chr9","973642","973928","15","113964"
"chr9","866072","866338","chr9","980274","980540","5","114202"
"chr9","942429","942753","chr9","1062238","1062533","36","119809"
"chr9","947384","947691","chr9","1067128","1067436","15","119744"
"chr9","978190","978500","chr9","1098569","1098880","17","120379"
"chr9","1047394","1047725","chr9","1166603","1166960","43","119209"
"chr9","1130658","1130950","chr9","1248572","1248860","14","117914"
"chr9","1380257","1380553","chr13","100072689","100072985","26","98692432"
"chr9","1549508","1549817","chr9","1677866","1678179","14","128358"
"chr9","1718485","1718765","chr9","1851191","1851471","5","132706"
"chr9","1771068","1771389","chr9","1903307","1903587","49","132239"
"chr9","1862773","1863077","chr7","17182051","17182361","41","15319278"
"chr9","2321059","2321352","chr9","2437812","2438082","50","116753"
"chr9","2481085","2481320","chr16","5480378","5480603","40","2999293"
"chr9","2562542","2562721","chr9","37884637","37884810","34","35322095"
"chr9","2851567","2851860","chr5","34939017","34939316","48","32087450"
"chr9","2890118","2890407","chr8","97655253","97655543","69","94765135"
"chr9","2906726","2907016","chr9","2994907","2995206","25","88181"
"chr9","3243786","3244109","chr9","3317054","3317342","50","73268"
"chr9","3294812","3295102","chr9","3368508","3368817","29","73696"
"chr9","3312361","3312646","chr11","94750444","94750725","42","91438083"
"chr9","3556017","3556296","chr2","152815166","152815439","59","149259149"
"chr9","3997527","3997829","chr9","4046233","4046536","4","48706"
"chr9","4006469","4006765","chr9","4055424","4055710","22","48955"
"chr9","4084759","4085056","chr9","4128672","4128963","25","43913"
"chr9","4103460","4103727","chr18","27477745","27478003","54","23374285"
"chr9","4159993","4160299","chr9","4207309","4207609","20","47316"
"chr9","4187324","4187491","chr1","134407177","134407340","44","130219853"
"chr9","4281536","4281832","chr9","4325651","4325953","22","44115"
"chr9","4839877","4840190","chr9","4871659","4871970","43","31782"
"chr9","5167325","5167524","chr7","121313444","121313634","37","116146119"
"chr9","5527425","5527687","chr9","5606653","5606912","12","79228"
"chr9","5535955","5536237","chr9","5616440","5616750","38","80485"
"chr9","5765193","5765492","chr9","5848642","5848939","14","83449"
"chr9","5766270","5766578","chr9","5849715","5850009","32","83445"
"chr9","5955126","5955432","chr9","6037514","6037820","13","82388"
"chr9","6066017","6066325","chr13","27322591","27322901","37","21256574"
"chr9","6081630","6081824","chr9","6166435","6166632","5","84805"
"chr9","6104979","6105273","chr9","6191421","6191725","15","86442"
"chr9","6152134","6152423","chr16","3637215","3637510","51","2514919"
"chr9","6206487","6206628","chr9","6292875","6293012","7","86388"
"chr9","6255212","6255507","chr9","6348599","6348898","16","93387"
"chr9","6360165","6360462","chr9","6456561","6456861","12","96396"
"chr9","6641145","6641422","chr9","6736343","6736620","7","95198"
"chr9","6974926","6974974","chr13","1581395","1581445","11","5393531"
"chr9","7055650","7055975","chr9","7143722","7144040","20","88072"
"chr9","7089301","7089574","chr15","39372243","39372523","55","32282942"
"chr9","7188281","7188586","chr9","7280871","7281169","22","92590"
"chr9","7641676","7641979","chr9","7728460","7728763","13","86784"
"chr9","7660489","7660792","chr9","36531419","36531713","41","28870930"
"chr9","7713182","7713474","chr2","55220108","55220404","39","47506926"
"chr9","7713479","7713790","chr9","7799914","7800225","11","86435"
"chr9","7758917","7759213","chr9","7846511","7846806","34","87594"
"chr9","7787677","7787987","chr9","7875769","7876073","15","88092"
"chr9","7821180","7821492","chr9","7910222","7910534","18","89042"
"chr9","7842212","7842489","chr9","7930829","7931133","35","88617"
"chr9","7857645","7857782","chr2","29245743","29245886","29","21388098"
"chr9","7955049","7955344","chr9","8046363","8046667","21","91314"
"chr9","8023008","8023159","chr6","118045458","118045604","24","110022450"
"chr9","8066871","8067176","chr3","12962418","12962725","43","4895547"
"chr9","8091164","8091468","chr9","8183311","8183617","12","92147"
"chr9","8340802","8341116","chr9","8436622","8436938","16","95820"
"chr9","8367841","8367992","chr9","8464680","8464831","6","96839"
"chr9","8493370","8493637","chr9","8586085","8586376","35","92715"
"chr9","8505487","8505797","chr9","8598250","8598556","30","92763"
"chr9","8531254","8531545","chr9","8624197","8624487","20","92943"
"chr9","8805509","8805592","chr9","8893192","8893275","6","87683"
"chr9","8845710","8846019","chr9","8933196","8933502","13","87486"
"chr9","8939389","8939685","chr13","38740103","38740404","40","29800714"
"chr9","9047951","9048247","chr9","9138142","9138442","15","90191"
"chr9","9166208","9166219","chr9","32916732","32916748","12","23750524"
"chr9","9166280","9166563","chr12","13201205","13201488","27","4034925"
"chr9","9167442","9167752","chr9","77124932","77125241","45","67957490"
"chr9","9235522","9235822","chr9","9326465","9326766","25","90943"
"chr9","9332219","9332499","chr9","9423300","9423580","5","91081"
"chr9","9357482","9357777","chr9","9446952","9447247","7","89470"
"chr9","9594281","9594579","chr7","18226959","18227258","41","8632678"
"chr9","10166974","10167246","chr6","135934118","135934406","47","125767144"
"chr9","10188983","10189283","chr4","164643827","164644126","49","154454844"
"chr9","10194725","10195022","chr12","63614401","63614698","38","53419676"
"chr9","10213573","10213875","chr6","14003891","14004189","37","3790318"
"chr9","10394021","10394149","chr3","30670695","30670828","23","20276674"
"chr9","10764411","10764691","chr9","10874823","10875102","6","110412"
"chr9","10786460","10786747","chr9","10896854","10897146","24","110394"
"chr9","10947745","10948044","chr9","11065342","11065641","11","117597"
"chr9","11090932","11091238","chr9","11208937","11209243","20","118005"
"chr9","11469057","11469359","chrX","44377513","44377820","45","32908456"
"chr9","11581178","11581282","chr9","11702725","11702829","2","121547"
"chr9","11673654","11673953","chr9","11794880","11795179","15","121226"
"chr9","11714695","11714897","chr9","11837807","11838009","4","123112"
"chr9","11718525","11718732","chr1","169877937","169878138","51","158159412"
"chr9","11730048","11730359","chr9","11855378","11855687","23","125330"
"chr9","11819842","11820061","chr9","11948281","11948495","9","128439"
"chr9","11842522","11842785","chr9","11971140","11971402","8","128618"
"chr9","11850293","11850594","chr9","11978513","11978821","12","128220"
"chr9","11890605","11890806","chr7","39959558","39959756","31","28068953"
"chr9","11900483","11900648","chr15","9751487","9751670","40","2148996"
"chr9","11912603","11912907","chr9","12039735","12040019","42","127132"
"chr9","12017884","12018118","chrX","6080281","6080533","69","5937603"
"chr9","12049663","12049961","chr9","12194805","12195099","13","145142"
"chr9","12072911","12073196","chr9","12219669","12219954","11","146758"
"chr9","12074326","12074643","chr20","54771615","54771926","48","42697289"
"chr9","12084938","12085119","chr9","12231874","12232055","4","146936"
"chr9","12125777","12126084","chr9","12272674","12272981","10","146897"
"chr9","12138559","12138691","chr9","12286589","12286718","10","148030"
"chr9","12160886","12161043","chr13","87854074","87854233","34","75693188"
"chr9","12257066","12257363","chr16","31402031","31402329","33","19144965"
"chr9","12270425","12270730","chr1","35309030","35309329","42","23038605"
"chr9","12270849","12271145","chr9","12421062","12421351","19","150213"
"chr9","12274750","12274880","chr9","12425282","12425412","4","150532"
"chr9","12309990","12310136","chr3","14377273","14377414","20","2067283"
"chr9","12350324","12350631","chr14","17001883","17002179","40","4651559"
"chr9","12356511","12356820","chr19","41547606","41547915","34","29191095"
"chr9","12415917","12416220","chr2","28666618","28666924","37","16250701"
"chr9","12423771","12424069","chr9","12566020","12566319","2","142249"
"chr9","12509061","12509373","chr9","12650683","12650989","16","141622"
"chr9","12639476","12639785","chr9","12780893","12781196","21","141417"
"chr9","12677003","12677299","chr5","78351855","78352146","44","65674852"
"chr9","12690904","12691218","chr9","12833531","12833839","11","142627"
"chr9","12739631","12739957","chr9","12881933","12882252","17","142302"
"chr9","12761111","12761414","chr9","12903260","12903559","20","142149"
"chr9","12780565","12780858","chr9","12923288","12923533","56","142723"
"chr9","12845174","12845191","chr9","32916732","32916748","12","20071558"
"chr9","12845283","12845559","chr9","12988917","12989218","41","143634"
"chr9","12954639","12954928","chr9","13093648","13093936","10","139009"
"chr9","12960161","12960461","chr9","13099164","13099460","16","139003"
"chr9","12978812","12978960","chr6","118045458","118045604","29","105066646"
"chr9","13005922","13006231","chr9","13146243","13146555","8","140321"
"chr9","13014211","13014513","chr9","13154220","13154518","16","140009"
"chr9","13019902","13020195","chr9","13159881","13160191","26","139979"
"chr9","13053332","13053458","chr9","13192733","13192859","7","139401"
"chr9","13089215","13089542","chr9","13236756","13237064","37","147541"
"chr9","13098297","13098587","chr9","13245501","13245791","9","147204"
"chr9","13171276","13171327","chr19","32737702","32737747","10","19566426"
"chr9","13202617","13202910","chr9","13367617","13367904","13","165000"
"chr9","13277991","13278300","chr9","115413563","115413869","43","102135572"
"chr9","13278746","13279050","chr16","22835073","22835370","46","9556327"
"chr9","13289828","13290136","chr9","13461717","13462026","18","171889"
"chr9","13335825","13335994","chr6","132712830","132712998","34","119377005"
"chr9","13340474","13340651","chr1","25496072","25496244","36","12155598"
"chr9","13353583","13353862","chr9","13513001","13513281","13","159418"
"chr9","13362655","13362932","chr9","13520951","13521231","9","158296"
"chr9","13398520","13398748","chr9","13557044","13557274","8","158524"
"chr9","13421052","13421361","chr9","13583197","13583495","21","162145"
"chr9","13499547","13499852","chr9","13661978","13662279","14","162431"
"chr9","13794859","13795183","chr12","44956348","44956657","58","31161489"
"chr9","13882867","13883001","chr9","14049996","14050129","5","167129"
"chr9","13922476","13922604","chr7","67494514","67494644","17","53572038"
"chr9","13937045","13937336","chr9","14100657","14100949","11","163612"
"chr9","13949896","13950171","chr9","14113601","14113874","23","163705"
"chr9","14173340","14173646","chr9","14337314","14337624","10","163974"
"chr9","14226497","14226792","chr9","14390857","14391175","42","164360"
"chr9","14226840","14226850","chr9","32916732","32916748","12","18689892"
"chr9","14368884","14369197","chr9","14532601","14532903","24","163717"
"chr9","14498581","14498883","chr9","14662841","14663144","7","164260"
"chr9","14566780","14567114","chr9","14730694","14731010","24","163914"
"chr9","14794571","14794878","chr9","14960727","14961050","24","166156"
"chr9","14839711","14840008","chr1","35217848","35218138","50","20378137"
"chr9","14848542","14848845","chr9","15013763","15014067","20","165221"
"chr9","14914414","14914672","chr9","15079611","15079869","3","165197"
"chr9","14966359","14966649","chr9","15132191","15132496","36","165832"
"chr9","14978381","14978661","chr15","97061406","97061689","38","82083025"
"chr9","15048751","15049052","chrX","7286644","7286945","36","7762107"
"chr9","15076784","15077080","chr9","15245517","15245815","7","168733"
"chr9","15080761","15081058","chr9","15249496","15249790","7","168735"
"chr9","15274246","15274549","chr11","6589712","6590013","34","8684534"
"chr9","15315182","15315395","chr5","45694710","45694923","35","30379528"
"chr9","15340855","15341144","chr9","15504916","15505204","8","164061"
"chr9","15381996","15382283","chr9","15546946","15547204","39","164950"
"chr9","15500237","15500545","chr9","15666357","15666649","25","166120"
"chr9","15583326","15583503","chr9","15747105","15747270","20","163779"
"chr9","15635274","15635554","chr9","15799611","15799913","33","164337"
"chr9","15685731","15686039","chr9","15849454","15849766","21","163723"
"chr9","15704882","15705152","chr7","19053113","19053384","46","3348231"
"chr9","15851137","15851396","chr9","16015277","16015541","16","164140"
"chr9","16035801","16035949","chr7","159121320","159121462","21","143085519"
"chr9","16036561","16036865","chr9","16202605","16202909","13","166044"
"chr9","16085699","16085999","chr12","52545757","52546056","35","36460058"
"chr9","16265102","16265387","chr9","16433191","16433477","16","168089"
"chr9","16272511","16272808","chr9","16439855","16440155","19","167344"
"chr9","16341704","16341800","chr9","16510882","16510978","4","169178"
"chr9","16366184","16366502","chr9","16534650","16534950","33","168466"
"chr9","16378653","16378952","chr9","16546987","16547297","39","168334"
"chr9","16378986","16379103","chr9","16547308","16547423","5","168322"
"chr9","16391782","16392002","chr9","16560413","16560624","15","168631"
"chr9","16418665","16418876","chr9","16587242","16587453","9","168577"
"chr9","16419300","16419607","chr9","16587877","16588180","15","168577"
"chr9","16528754","16529042","chr9","16693450","16693738","16","164696"
"chr9","16537386","16537680","chr9","16701506","16701800","11","164120"
"chr9","16587500","16587722","chr9","16751581","16751808","15","164081"
"chr9","17091562","17091864","chr2","92008488","92008791","37","74916926"
"chr9","17219377","17219666","chr9","16897161","16897445","7","322216"
"chr9","17290333","17290634","chr9","16974950","16975255","15","315383"
"chr9","17407285","17407578","chr9","17092402","17092694","6","314883"
"chr9","17438965","17439211","chr9","17123297","17123537","12","315668"
"chr9","17439720","17440022","chr9","17124160","17124456","16","315560"
"chr9","17477772","17478080","chr9","17162221","17162529","4","315551"
"chr9","17493043","17493332","chr9","17177983","17178272","14","315060"
"chr9","17510008","17510126","chr9","17195371","17195489","7","314637"
"chr9","17576956","17577250","chr9","17263041","17263335","21","313915"
"chr9","17636495","17636792","chr9","17333268","17333572","19","303227"
"chr9","17754461","17754765","chr6","163349643","163349943","41","145595182"
"chr9","17771717","17772030","chr9","17470933","17471260","21","300784"
"chr9","17829150","17829441","chr9","17528341","17528625","42","300809"
"chr9","17869042","17869305","chr15","6438791","6439051","42","11430251"
"chr9","17891095","17891375","chr2","169981189","169981470","40","152090094"
"chr9","18193696","18194006","chr9","17889438","17889743","16","304258"
"chr9","18291795","18292074","chr9","17992904","17993183","14","298891"
"chr9","18569962","18570256","chr5","4363548","4363854","57","14206414"
"chr9","19053981","19054290","chr9","18767878","18768182","15","286103"
"chr9","19065846","19066047","chr9","18780004","18780205","1","285842"
"chr9","19138987","19139292","chr9","18851997","18852301","7","286990"
"chr9","19252080","19252391","chr13","24299174","24299481","45","5047094"
"chr9","19445929","19446216","chr5","33949288","33949583","38","14503359"
"chr9","19454573","19454849","chr9","19173558","19173831","7","281015"
"chr9","19586371","19586522","chr7","107069329","107069492","39","87482958"
"chr9","19697434","19697732","chr9","19409044","19409346","20","288390"
"chr9","19732480","19732682","chr15","35680402","35680600","32","15947922"
"chr9","19779172","19779355","chr9","19491090","19491271","9","288082"
"chr9","19811344","19811655","chr9","19523917","19524222","11","287427"
"chr9","19877745","19878053","chr9","19591093","19591401","6","286652"
"chr9","20190936","20191240","chr9","19903600","19903904","18","287336"
"chr9","20356364","20356649","chr9","20069071","20069356","6","287293"
"chr9","20566030","20566313","chr9","20283899","20284180","14","282131"
"chr9","20631008","20631314","chr9","20348396","20348699","8","282612"
"chr9","20692074","20692369","chr9","20407433","20407728","14","284641"
"chr9","21061014","21061320","chr2","176864663","176864968","45","155803649"
"chr9","21061497","21061729","chr13","127640379","127640615","34","106578882"
"chr9","21112856","21112985","chr20","61247127","61247256","9","40134271"
"chr9","21113296","21113461","chr1","19775982","19776154","38","1337314"
"chr9","21196201","21196510","chr9","20927541","20927854","15","268660"
"chr9","21218361","21218658","chr9","20953007","20953300","10","265354"
"chr9","21276354","21276486","chr9","12425282","12425412","17","8851072"
"chr9","21276779","21276968","chr9","113485015","113485194","43","92208236"
"chr9","21281530","21281808","chr9","87149710","87149996","38","65868180"
"chr9","21342216","21342370","chr9","21080949","21081120","19","261267"
"chr9","21342671","21342685","chr9","32916732","32916748","10","11574061"
"chr9","21368773","21369083","chr9","21111308","21111616","18","257465"
"chr9","21385017","21385326","chr9","21129739","21130048","7","255278"
"chr9","21504812","21505084","chr9","21255195","21255467","5","249617"
"chr9","21575147","21575453","chr9","21324049","21324354","6","251098"
"chr9","21642283","21642597","chr9","21392894","21393193","30","249389"
"chr9","21807164","21807458","chr9","21555973","21556267","9","251191"
"chr9","21982772","21982981","chr9","21738950","21739159","5","243822"
"chr9","22009588","22009816","chr9","21765490","21765711","15","244098"
"chr9","22058444","22058751","chr9","21814130","21814437","11","244314"
"chr9","22059012","22059174","chr1","31438797","31438959","28","9379785"
"chr9","22059204","22059255","chr7","15018539","15018575","22","7040665"
"chr9","22609696","22609989","chr9","22370754","22371049","18","238942"
"chr9","22673519","22673808","chr9","22434455","22434747","12","239064"
"chr9","23070774","23071083","chr9","22839924","22840228","14","230850"
"chr9","23110836","23111119","chr9","22879362","22879644","5","231474"
"chr9","23185735","23186037","chr10","71880315","71880618","45","48694580"
"chr9","23198053","23198233","chr7","41537437","41537607","37","18339384"
"chr9","23394403","23394711","chrX","28745828","28746133","49","5351425"
"chr9","23982111","23982456","chr9","23766880","23767198","39","215231"
"chr9","24072619","24072927","chr9","23857671","23857977","16","214948"
"chr9","24378556","24378848","chr9","24166465","24166759","11","212091"
"chr9","24469253","24469570","chr9","24258301","24258608","23","210952"
"chr9","24548454","24548715","chr9","24339459","24339720","10","208995"
"chr9","24599813","24600021","chr9","24390594","24390802","9","209219"
"chr9","24632087","24632384","chr9","24422483","24422782","10","209604"
"chr9","24751453","24751732","chr9","24543182","24543461","10","208271"
"chr9","24798765","24799053","chr9","24579232","24579520","4","219533"
"chr9","24837843","24838137","chr9","24627650","24627954","27","210193"
"chr9","24883210","24883493","chr9","24672621","24672933","41","210589"
"chr9","24929747","24930049","chr9","24720274","24720574","20","209473"
"chr9","25011280","25011580","chr9","24810724","24811034","21","200556"
"chr9","25553342","25553647","chr9","25373918","25374227","15","179424"
"chr9","25592844","25593155","chr9","25413504","25413802","28","179340"
"chr9","25722442","25722740","chr9","25533561","25533870","17","188881"
"chr9","25744147","25744455","chr9","25555134","25555443","11","189013"
"chr9","25834929","25835081","chr9","25644807","25644959","1","190122"
"chr9","25871167","25871454","chr5","78351855","78352146","42","52480688"
"chr9","26139085","26139379","chr9","25951434","25951729","13","187651"
"chr9","26197470","26197769","chr13","63444738","63445036","38","37247268"
"chr9","26288711","26288987","chr2","152224666","152224949","44","125935955"
"chr9","26335632","26335925","chr10","46796768","46797078","51","20461136"
"chr9","26464343","26464640","chr9","26272620","26272924","19","191723"
"chr9","26512710","26513008","chr9","26312516","26312814","11","200194"
"chr9","26548514","26548793","chr9","118511614","118511893","41","91963100"
"chr9","26567293","26567463","chr11","130874532","130874697","50","104307239"
"chr9","26665997","26666288","chr9","26468135","26468426","9","197862"
"chr9","26674849","26675136","chr9","26476981","26477270","6","197868"
"chr9","26683646","26683941","chr9","26486402","26486702","13","197244"
"chr9","26764847","26765011","chr9","26562692","26562856","5","202155"
"chr9","26782634","26782793","chr9","26580472","26580636","13","202162"
"chr9","26829248","26829540","chr9","26628338","26628625","15","200910"
"chr9","26956501","26956655","chr5","1945021","1945166","46","25011480"
"chr9","27514908","27515068","chr9","27359943","27360103","3","154965"
"chr9","27745623","27745892","chr9","27588354","27588620","13","157269"
"chr9","27781241","27781531","chr9","27624610","27624900","9","156631"
"chr9","27834327","27834636","chr9","27642124","27642433","18","192203"
"chr9","27934904","27935078","chr1","158753292","158753472","37","130818388"
"chr9","27967264","27967525","chr9","27816011","27816281","19","151253"
"chr9","28028417","28028735","chr9","14337314","14337624","42","13691103"
"chr9","28042764","28043034","chr13","125063436","125063705","38","97020672"
"chr9","28057362","28057671","chr9","27909214","27909508","30","148148"
"chr9","28120926","28121131","chr11","106404058","106404277","45","78283132"
"chr9","28151071","28151229","chr12","70239246","70239402","27","42088175"
"chr9","28263700","28264005","chr9","28096371","28096677","10","167329"
"chr9","28311774","28312082","chr9","28143312","28143617","14","168462"
"chr9","28361987","28362221","chr1","37428267","37428501","41","9066280"
"chr9","28409399","28409732","chr9","28241907","28242240","9","167492"
"chr9","28656659","28656837","chr9","28488686","28488858","8","167973"
"chr9","28961046","28961367","chrX","28745828","28746133","64","215218"
"chr9","29211195","29211495","chr9","29036697","29037002","13","174498"
"chr9","29239659","29239953","chr9","29070763","29071061","6","168896"
"chr9","29296483","29296785","chr9","29127294","29127596","10","169189"
"chr9","29371746","29372035","chr9","29203977","29204260","13","167769"
"chr9","29420551","29420727","chr9","29253173","29253348","3","167378"
"chr9","29559319","29559606","chr9","29390816","29391102","4","168503"
"chr9","29710542","29710831","chr9","29536734","29537021","8","173808"
"chr9","29828909","29829215","chr9","29650677","29650983","9","178232"
"chr9","30119406","30119705","chrX","28745828","28746133","44","1373578"
"chr9","30220745","30221066","chr9","30318723","30319039","21","97978"
"chr9","30266118","30266427","chr9","30363564","30363877","12","97446"
"chr9","30322408","30322595","chr9","54391389","54391575","25","24068981"
"chr9","30352036","30352342","chr9","30453176","30453480","25","101140"
"chr9","30416782","30417089","chr9","30518801","30519117","22","102019"
"chr9","30455151","30455438","chr9","30558216","30558507","7","103065"
"chr9","30901268","30901434","chr10","27411919","27412087","26","3489349"
"chr9","30994288","30994528","chr9","31100275","31100514","4","105987"
"chr9","31252261","31252565","chr14","62887113","62887415","59","31634852"
"chr9","31253185","31253482","chr9","31360763","31361060","4","107578"
"chr9","31254966","31255256","chr9","31362527","31362821","17","107561"
"chr9","31310368","31310671","chr9","31422150","31422454","10","111782"
"chr9","31343607","31343913","chr9","31455325","31455629","19","111718"
"chr9","31353251","31353548","chr9","31465160","31465466","12","111909"
"chr9","31405134","31405438","chr3","85784245","85784552","40","54379111"
"chr9","31426943","31427251","chr10","18347820","18348122","47","13079123"
"chr9","31478316","31478492","chr9","31588626","31588802","3","110310"
"chr9","31504754","31505003","chr3","10313321","10313560","44","21191433"
"chr9","31552772","31553069","chr9","31666237","31666538","10","113465"
"chr9","31563257","31563441","chr10","30496245","30496425","36","1067012"
"chr9","31793421","31793764","chr6","102094664","102094979","68","70301243"
"chr9","32264006","32264181","chr10","78426870","78427045","29","46162864"
"chr9","32331363","32331542","chr9","32461858","32462037","5","130495"
"chr9","32343877","32344193","chr9","32474287","32474604","14","130410"
"chr9","32464420","32464700","chr2","44027619","44027899","38","11563199"
"chr9","32489364","32489639","chr9","32620470","32620751","13","131106"
"chr9","32617915","32618209","chr9","32748471","32748754","15","130556"
"chr9","32959294","32959574","chr9","33092190","33092467","15","132896"
"chr9","33227362","33227660","chr9","33362406","33362706","19","135044"
"chr9","33250218","33250548","chr9","33384979","33385281","38","134761"
"chr9","33606415","33606719","chr9","33741156","33741478","26","134741"
"chr9","33641678","33641968","chr9","33775895","33776195","19","134217"
"chr9","33732984","33733296","chr9","33865581","33865891","10","132597"
"chr9","33800025","33800311","chr9","33936905","33937187","9","136880"
"chr9","34004847","34005149","chr3","12962418","12962725","52","21042429"
"chr9","34053005","34053209","chr9","34191167","34191369","10","138162"
"chr9","34068473","34068774","chr9","34206700","34207010","17","138227"
"chr9","34094615","34094913","chrX","19196519","19196813","40","14898096"
"chr9","34204807","34205102","chr9","34342753","34343038","17","137946"
"chr9","34206519","34206814","chr19","1074823","1075116","38","33131696"
"chr9","34323550","34323846","chr9","34473578","34473880","9","150028"
"chr9","34375281","34375571","chr9","34526520","34526810","6","151239"
"chr9","34413326","34413544","chr9","34564773","34564991","8","151447"
"chr9","34531683","34531926","chr7","60116272","60116513","50","25584589"
"chr9","34535737","34536043","chr9","34689840","34690135","19","154103"
"chr9","34573193","34573490","chr9","34728185","34728473","17","154992"
"chr9","34609246","34609490","chr14","107425542","107425783","32","72816296"
"chr9","34842723","34843012","chr16","29660575","29660855","42","5182148"
"chr9","34902214","34902394","chr9","35061825","35061994","15","159611"
"chr9","35491281","35491523","chr10","62499116","62499357","63","27007835"
"chr9","35495270","35495515","chr10","62499116","62499357","64","27003846"
"chr9","35679505","35679812","chr9","36727923","36728231","16","1048418"
"chr9","35686676","35686840","chr1","161578156","161578321","27","125891480"
"chr9","35686867","35686899","chr7","15018539","15018575","13","20668328"
"chr9","35691901","35691962","chr5","29481593","29481657","14","6210308"
"chr9","35692261","35692415","chr12","19037809","19037962","30","16654452"
"chr9","35698596","35698890","chr9","36803642","36803928","9","1105046"
"chr9","35710152","35710457","chrX","51165804","51166099","55","15455652"
"chr9","35725908","35726248","chrX","111588830","111589165","60","75862922"
"chr9","35817537","35817848","chr9","36920668","36920977","8","1103131"
"chr9","35827241","35827542","chr16","7638577","7638878","36","28188664"
"chr9","35828491","35828776","chr4","159742364","159742645","35","123913873"
"chr9","36909001","36909297","JH682274","10166","10460","6","36898835"
"chr9","37011189","37011514","chr9","35947284","35947593","34","1063905"
"chr9","37166500","37166802","chr9","36093286","36093585","11","1073214"
"chr9","37190649","37190956","chr9","36118393","36118703","15","1072256"
"chr9","37211242","37211526","chr9","36147396","36147699","24","1063846"
"chr9","37291646","37291922","chr1","214448550","214448825","48","177156904"
"chr9","37399399","37399704","chr15","14298818","14299123","42","23100581"
"chr9","37665468","37665771","chr12","30562967","30563275","46","7102501"
"chr9","37666264","37666545","chr7","155788835","155789119","47","118122571"
"chr9","37838665","37838947","chr9","36555150","36555432","8","1283515"
"chr9","37844135","37844425","chr6","14536169","14536461","47","23307966"
"chr9","37844811","37845118","chr19","30012489","30012798","39","7832322"
"chr9","37904330","37904637","chr9","36510549","36510857","9","1393781"
"chr9","37927183","37927491","chr9","36481303","36481603","20","1445880"
"chr9","37948517","37948632","chr3","54081690","54081804","17","16133173"
"chr9","37961462","37961744","chr1","185490436","185490721","37","147528974"
"chr9","37962718","37963010","chr9","36439318","36439610","8","1523400"
"chr9","37981876","37982012","chr9","36420442","36420579","3","1561434"
"chr9","38002433","38002723","chr9","36400317","36400605","12","1602116"
"chr9","38045717","38046020","chr9","36355577","36355878","13","1690140"
"chr9","38069323","38069628","chr9","36329082","36329388","15","1740241"
"chr9","38177922","38178226","chr1","21962202","21962509","42","16215720"
"chr9","38299252","38299550","chr13","127289020","127289315","19","88989768"
"chr9","38432674","38432959","chr20","48814271","48814554","46","10381597"
"chr9","38537010","38537294","chr9","37172979","37173285","34","1364031"
"chr9","38554363","38554660","chr9","37190254","37190557","13","1364109"
"chr9","38935481","38935776","chr11","47484789","47485086","32","8549308"
"chr9","39031839","39031878","chr19","42483575","42483613","6","3451736"
"chr9","39032494","39032655","chr1","91364391","91364543","41","52331897"
"chr9","39032966","39032985","chr9","32916732","32916748","13","6116234"
"chr9","39042166","39042362","chr9","37683436","37683632","3","1358730"
"chr9","39042517","39042819","chr9","37683788","37684090","8","1358729"
"chr9","39093432","39093710","chr9","37738397","37738674","8","1355035"
"chr9","39100132","39100427","chr9","37745437","37745749","25","1354695"
"chr9","39240982","39241277","chrX","21374012","21374310","39","17866970"
"chr9","39263023","39263328","chr2","176864663","176864968","34","137601640"
"chr9","39302686","39302890","chr9","37924530","37924731","7","1378156"
"chr9","39634141","39634436","chr9","38264629","38264933","18","1369512"
"chr9","39822176","39822483","chr9","38451264","38451572","11","1370912"
"chr9","40093922","40094219","chr2","176864663","176864968","50","136770741"
"chr9","40275806","40276107","chr9","38914954","38915257","14","1360852"
"chr9","40423041","40423350","chr9","39057853","39058158","23","1365188"
"chr9","40469619","40469770","chr4","153267515","153267663","19","112797896"
"chr9","40528718","40529005","chr12","64892884","64893171","49","24364166"
"chr9","40699712","40699905","chr9","106603471","106603658","41","65903759"
"chr9","41131203","41131480","chr9","39330594","39330850","25","1800609"
"chr9","41195525","41195647","chr8","61552388","61552501","35","20356863"
"chr9","41306326","41306560","chr6","133107480","133107708","35","91801154"
"chr9","41316287","41316599","chr9","39518134","39518440","21","1798153"
"chr9","41328373","41328677","chr9","39530069","39530376","18","1798304"
"chr9","41395841","41396135","chr3","168176773","168177064","51","126780932"
"chr9","41532703","41533006","chr10","48469260","48469568","57","6936557"
"chr9","41536265","41536559","chr9","39748361","39748655","9","1787904"
"chr9","41610210","41610517","chr7","99199104","99199402","53","57588894"
"chr9","41860240","41860513","chr17","4039471","4039743","47","37820769"
"chr9","41860570","41860594","chr7","145790583","145790608","14","103930013"
"chr9","41933860","41934158","chr9","40036131","40036425","7","1897729"
"chr9","41990548","41990838","chr9","40093824","40094113","5","1896724"
"chr9","42041772","42042089","chr9","40155046","40155340","37","1886726"
"chr9","42100448","42100613","chr9","40215068","40215233","9","1885380"
"chr9","42293857","42294148","chr5","160679286","160679558","66","118385429"
"chr9","42604504","42604764","chr9","40720537","40720795","10","1883967"
"chr9","43059783","43060099","chr12","13082614","13082909","55","29977169"
"chr9","44482622","44482932","chr9","42660666","42660973","6","1821956"
"chr9","44614038","44614312","chr1","14193099","14193368","43","30420939"
"chr9","44637733","44637991","chr9","42502550","42502809","6","2135183"
"chr9","44919572","44919587","chr9","32916732","32916748","11","12002840"
"chr9","44919623","44919906","chr6","77077531","77077811","30","32157908"
"chr9","44922303","44922608","chr9","43109156","43109461","7","1813147"
"chr9","45051690","45052000","chr9","43238049","43238355","10","1813641"
"chr9","45276013","45276314","chr12","83924522","83924827","11","38648509"
"chr9","45298928","45299237","chr9","43485386","43485691","10","1813542"
"chr9","45303704","45303869","chr1","56150277","56150446","30","10846573"
"chr9","45304180","45304313","chr7","131094416","131094546","18","85790236"
"chr9","45325504","45325802","chr1","161732058","161732354","43","116406554"
"chr9","45363640","45363929","chr9","43553281","43553572","8","1810359"
"chr9","45425419","45425716","chr9","43615866","43616163","8","1809553"
"chr9","45430421","45430723","chr9","43618882","43619181","4","1811539"
"chr9","45504338","45504464","chr9","43694055","43694180","9","1810283"
"chr9","46022563","46022675","chr3","169410230","169410340","30","123387667"
"chr9","47322075","47322310","chr9","45525747","45525982","7","1796328"
"chr9","47331001","47331285","chr10","27594987","27595275","36","19736014"
"chr9","47441863","47442110","chr9","45646871","45647140","30","1794992"
"chr9","47508510","47508794","chr9","45713021","45713305","4","1795489"
"chr9","47538484","47538790","chr11","23378347","23378651","50","24160137"
"chr9","47627014","47627309","chr9","45833883","45834179","13","1793131"
"chr9","47733690","47733933","chr9","45945283","45945526","8","1788407"
"chr9","47901142","47901453","chr9","46114846","46115153","25","1786296"
"chr9","48078834","48079048","chr9","46297841","46298062","22","1780993"
"chr9","48809362","48809642","chr9","47030566","47030846","10","1778796"
"chr9","48899049","48899228","chr1","56150277","56150446","44","7251228"
"chr9","49548249","49548540","chr16","11189652","11189943","39","38358597"
"chr9","49635685","49635993","chr9","47866087","47866382","22","1769598"
"chr9","49647023","49647326","chr9","47879444","47879741","22","1767579"
"chr9","49754172","49754292","chr11","10030532","10030647","26","39723640"
"chr9","50134121","50134378","chr9","48361378","48361629","26","1772743"
"chr9","50173039","50173342","chr1","217770749","217771048","29","167597710"
"chr9","50393692","50393961","chr9","48633039","48633342","43","1760653"
"chr9","50394029","50394050","chr7","145790583","145790608","14","95396554"
"chr9","50648036","50648345","chr4","27134375","27134681","40","23513661"
"chr9","50673133","50673446","chr9","48921339","48921650","9","1751794"
"chr9","50728634","50728908","chr9","48980904","48981190","22","1747730"
"chr9","50737454","50737759","chr20","58970268","58970570","39","8232814"
"chr9","50740276","50740560","chr9","48992382","48992676","25","1747894"
"chr9","51036384","51036590","chr9","49298029","49298226","14","1738355"
"chr9","51117445","51117737","chr9","49378031","49378323","6","1739414"
"chr9","51532291","51532452","chr9","49800646","49800823","18","1731645"
"chr9","51715534","51715828","chr12","52588111","52588404","30","872577"
"chr9","51725205","51725495","chr9","50012656","50012948","9","1712549"
"chr9","51726763","51727061","chr9","50014214","50014509","10","1712549"
"chr9","51769443","51769744","chr9","50066699","50066998","8","1702744"
"chr9","51779856","51780098","chr11","104066862","104067105","41","52287006"
"chr9","51798205","51798486","chr9","50092949","50093230","12","1705256"
"chr9","51916271","51916575","chr11","13993220","13993517","40","37923051"
"chr9","52411120","52411430","chr15","35291345","35291648","42","17119775"
"chr9","52669683","52669892","chr9","50980329","50980539","4","1689354"
"chr9","52819362","52819667","chr7","131425985","131426286","40","78606623"
"chr9","52834730","52835030","chr9","51143025","51143321","13","1691705"
"chr9","52979002","52979295","chr9","51288612","51288907","9","1690390"
"chr9","53135312","53135604","chr9","51444457","51444746","10","1690855"
"chr9","53155963","53156232","chr9","51465042","51465311","6","1690921"
"chr9","53474169","53474461","chr19","7991872","7992168","40","45482297"
"chr9","53486342","53486651","chr10","16408690","16408989","46","37077652"
"chr9","53742699","53743050","chr10","13689687","13690038","74","40053012"
"chr9","53875474","53875786","chr9","52192789","52193101","6","1682685"
"chr9","54163343","54163605","chr4","38264652","38264908","51","15898691"
"chr9","54178334","54178626","chr9","52497674","52497966","12","1680660"
"chr9","54211852","54212161","chr9","52532173","52532482","21","1679679"
"chr9","54279554","54279739","chr9","52600006","52600191","6","1679548"
"chr9","55067238","55067531","chr9","53410955","53411261","19","1656283"
"chr9","55209976","55210259","chr9","53553131","53553410","9","1656845"
"chr9","55240495","55240666","chr9","53584707","53584903","32","1655788"
"chr9","55516945","55517236","chr9","53861262","53861568","24","1655683"
"chr9","56068094","56068390","chr9","54419618","54419914","6","1648476"
"chr9","56134720","56135018","chr19","48411999","48412298","33","7722721"
"chr9","56170037","56170318","chr9","54518924","54519194","17","1651113"
"chr9","56248095","56248423","chr9","54601244","54601536","45","1646851"
"chr9","56254456","56254719","chr9","54607601","54607842","30","1646855"
"chr9","56256897","56257186","chr1","213208734","213209015","54","156951837"
"chr9","56346056","56346351","chr16","41220857","41221153","34","15125199"
"chr9","56366102","56366402","chr9","54721483","54721784","6","1644619"
"chr9","56428428","56428734","chr7","129858559","129858866","37","73430131"
"chr9","56470027","56470292","chr2","99593091","99593359","49","43123064"
"chr9","56487769","56487977","chr4","25733321","25733536","33","30754448"
"chr9","56505803","56505967","chr9","54860987","54861150","8","1644816"
"chr9","56515977","56516281","chr9","54871254","54871555","20","1644723"
"chr9","56579013","56579126","chr19","33511369","33511488","20","23067644"
"chr9","56597733","56598032","chr9","54948340","54948639","10","1649393"
"chr9","56623212","56623280","chr1","37252092","37252159","22","19371120"
"chr9","56699382","56699700","chr9","55054921","55055231","14","1644461"
"chr9","56703967","56704261","chr1","185490436","185490721","49","128786469"
"chr9","56930275","56930378","chr9","55290572","55290675","0","1639703"
"chr9","57007490","57007743","chr12","9937560","9937815","50","47069930"
"chr9","57183100","57183353","chr4","135320036","135320283","41","78136936"
"chr9","57228425","57228723","chr2","86962550","86962847","39","29734125"
"chr9","57231069","57231386","chr9","55585751","55586075","34","1645318"
"chr9","57239773","57240055","chr9","55596913","55597205","23","1642860"
"chr9","57242225","57242533","chr9","55599400","55599708","6","1642825"
"chr9","57246352","57246643","chrX","41614249","41614541","49","15632103"
"chr9","57311895","57311996","chr17","45411835","45411935","12","11900060"
"chr9","57319022","57319300","chr9","55678466","55678757","20","1640556"
"chr9","57415902","57416204","chr9","55783699","55784006","13","1632203"
"chr9","57424388","57424682","chr9","55787446","55787738","15","1636942"
"chr9","57441094","57441397","chr9","55811962","55812277","24","1629132"
"chr9","57474170","57474478","chr9","55845871","55846179","7","1628299"
"chr9","57497190","57497486","chr7","63558520","63558814","30","6061330"
"chr9","57528219","57528476","chr8","133486834","133487098","50","75958615"
"chr9","57548967","57549273","chr9","55921292","55921596","12","1627675"
"chr9","57559846","57560133","chr9","55932616","55932908","11","1627230"
"chr9","57639007","57639320","chr9","56014155","56014453","25","1624852"
"chr9","57661444","57661735","chr9","56036634","56036924","8","1624810"
"chr9","57753939","57754245","chr9","56135334","56135631","26","1618605"
"chr9","57755968","57756260","chr9","56137313","56137605","9","1618655"
"chr9","57785283","57785577","chr9","56166871","56167165","7","1618412"
"chr9","57792453","57792504","chr2","47576719","47576770","10","10215734"
"chr9","57792833","57792996","chr6","132712830","132712998","25","74919997"
"chr9","57925701","57925868","chr9","56313185","56313350","12","1612516"
"chr9","58118479","58118783","chr9","56518020","56518324","5","1600459"
"chr9","58287511","58287743","chr4","33553246","33553458","56","24734265"
"chr9","58412816","58413108","chr2","86969703","86969998","54","28556887"
"chr9","58418872","58419172","chr9","56825453","56825761","14","1593419"
"chr9","58425540","58425635","chr9","56832129","56832224","1","1593411"
"chr9","58540626","58540764","chr11","76518322","76518462","24","17977696"
"chr9","58587234","58587535","chr9","56991027","56991328","6","1596207"
"chr9","58622992","58623257","chr9","57024814","57025079","8","1598178"
"chr9","58627410","58627701","chr9","57028706","57028998","7","1598704"
"chr9","58681426","58681727","chr9","57086321","57086626","13","1595105"
"chr9","58687962","58688236","chr9","57093438","57093715","12","1594524"
"chr9","59038540","59038653","chr3","169410230","169410340","15","110371690"
"chr9","59039561","59039706","chr1","170198659","170198810","39","111159098"
"chr9","59117292","59117619","chr9","57541135","57541444","33","1576157"
"chr9","59137259","59137561","chr9","57561700","57562000","18","1575559"
"chr9","59163110","59163407","chr9","57592341","57592639","7","1570769"
"chr9","59249849","59250047","chr15","6225815","6226010","34","53024034"
"chr9","59250085","59250098","chr9","32916732","32916748","10","26333353"
"chr9","59260042","59260340","chr10","19577220","19577516","39","39682822"
"chr9","59421197","59421506","chr9","57853441","57853740","19","1567756"
"chr9","59452806","59452987","chr14","11173756","11173924","45","48279050"
"chr9","59477390","59477691","chr9","57909695","57909995","12","1567695"
"chr9","60855331","60855639","chr9","59304390","59304689","17","1550941"
"chr9","60888113","60888412","chr15","92736515","92736814","36","31848402"
"chr9","61038320","61038620","chr9","59474154","59474446","13","1564166"
"chr9","61087425","61087707","chr9","59529588","59529841","35","1557837"
"chr9","61114486","61114773","chr9","59557598","59557885","4","1556888"
"chr9","61158295","61158603","chr9","59605380","59605687","10","1552915"
"chr9","61250424","61250704","chr9","59696893","59697202","31","1553531"
"chr9","61273928","61274233","chr9","59720554","59720858","17","1553374"
"chr9","61648412","61648530","chr9","60096052","60096170","4","1552360"
"chr9","61771407","61771716","chr9","60215490","60215799","9","1555917"
"chr9","61994094","61994390","chr9","60439778","60440081","15","1554316"
"chr9","62018130","62018419","chr9","60463847","60464135","7","1554283"
"chr9","62074739","62075044","chr9","60517077","60517380","21","1557662"
"chr9","62194092","62194373","chr9","60637463","60637732","20","1556629"
"chr9","62196369","62196651","chr20","66358182","66358460","48","4161813"
"chr9","62233265","62233571","chr9","60672648","60672954","5","1560617"
"chr9","62241539","62241821","chr9","60680902","60681181","12","1560637"
"chr9","62265120","62265241","chr20","49374032","49374152","13","12891088"
"chr9","62350887","62351189","chr9","60792156","60792455","10","1558731"
"chr9","62370554","62370687","chr9","60810952","60811082","7","1559602"
"chr9","62400097","62400398","chr9","60841174","60841471","11","1558923"
"chr9","62430953","62431248","chr9","60871975","60872270","11","1558978"
"chr9","62473688","62473829","chr1","30028124","30028263","25","32445564"
"chr9","62474149","62474242","chr16","66744130","66744221","22","4269981"
"chr9","62487985","62488268","chr9","60934982","60935286","24","1553003"
"chr9","62502672","62502969","chr9","60953437","60953732","12","1549235"
"chr9","62628478","62628764","chr9","61091251","61091537","1","1537227"
"chr9","62646415","62646725","chr9","61110866","61111175","16","1535549"
"chr9","62658652","62658953","chr9","61123089","61123385","13","1535563"
"chr9","62664694","62664824","chr9","61130277","61130407","5","1534417"
"chr9","62697204","62697475","chr9","61165230","61165527","39","1531974"
"chr9","62714224","62714597","chr5","34249818","34250173","81","28464406"
"chr9","62760600","62760909","chr9","61230679","61230974","28","1529921"
"chr9","62770247","62770547","chr9","61240400","61240732","39","1529847"
"chr9","62774919","62775087","chr11","130874532","130874697","30","68099613"
"chr9","62795946","62796247","chr9","61267126","61267417","16","1528820"
"chr9","62848420","62848493","chr2","38490700","38490776","15","24357720"
"chr9","62848806","62849107","chr7","138803726","138803976","104","75954920"
"chr9","62850570","62850873","chr3","109432182","109432488","46","46581612"
"chr9","62858184","62858464","chr9","61332060","61332356","24","1526124"
"chr9","62878182","62878443","chr15","6438791","6439051","38","56439391"
"chr9","62907723","62907846","chr15","2185236","2185358","17","60722487"
"chr9","62932315","62932531","chr9","61418271","61418491","10","1514044"
"chr9","62950055","62950355","chr16","44319854","44320154","43","18630201"
"chr9","62956206","62956509","chr9","61442424","61442723","12","1513782"
"chr9","62969504","62969802","chr12","80500631","80500931","40","17531127"
"chr9","62969969","62970266","chr9","61457724","61458022","10","1512245"
"chr9","62972080","62972377","chr9","61457724","61458022","10","1514356"
"chr9","62973709","62973891","chr9","61459346","61459528","4","1514363"
"chr9","62992223","62992408","chr7","159988918","159989092","38","96996695"
"chr9","63000514","63000807","chr9","61485999","61486290","8","1514515"
"chr9","63009483","63009792","chr9","61495294","61495601","11","1514189"
"chr9","63028956","63029266","chr2","173170585","173170889","44","110141629"
"chr9","63044585","63044895","chr9","61534356","61534666","9","1510229"
"chr9","63045686","63046022","chr19","7819014","7819337","80","55226672"
"chr9","63055796","63056090","chr9","61546136","61546438","17","1509660"
"chr9","63091629","63091925","chr9","61583654","61583947","6","1507975"
"chr9","63092778","63093058","chr6","145117584","145117864","38","82024806"
"chr9","63116955","63117135","chr1","14814048","14814219","33","48302907"
"chr9","63141785","63142087","chr5","99043303","99043612","40","35901518"
"chr9","63321959","63322255","chr9","61816773","61817082","21","1505186"
"chr9","63323413","63323701","chr5","33708345","33708639","48","29615068"
"chr9","63328405","63328701","chr1","29413265","29413558","45","33915140"
"chr9","63342125","63342429","chr9","61836882","61837185","12","1505243"
"chr9","63349563","63349866","chr9","61844586","61844886","13","1504977"
"chr9","63351560","63351857","chr9","61846526","61846817","15","1505034"
"chr9","63356966","63357252","chr9","61850215","61850525","31","1506751"
"chr9","63366883","63366995","chr9","61860224","61860336","0","1506659"
"chr9","63399225","63399457","chrX","61882343","61882577","35","1516882"
"chr9","63505841","63505963","chr20","10710102","10710229","21","52795739"
"chr9","63522918","63523211","chr15","92295977","92296271","33","28773059"
"chr9","63528478","63528773","chr1","12742357","12742650","35","50786121"
"chr9","63529063","63529365","chr1","93291595","93291896","40","29762532"
"chr9","63529694","63529996","chr16","17212584","17212873","36","46317110"
"chr9","63551760","63552045","chr9","62058652","62058936","6","1493108"
"chr9","63568326","63568627","chr9","66644289","66644590","47","3075963"
"chr9","63584306","63584593","chr9","62091791","62092084","14","1492515"
"chr9","63641898","63642169","chr2","125218818","125219081","53","61576920"
"chr9","63717789","63718065","chr9","62227065","62227340","15","1490724"
"chr9","63762582","63762862","chr19","37139106","37139386","31","26623476"
"chr9","63839200","63839515","chr9","62354225","62354536","11","1484975"
"chr9","64309695","64309977","chr9","62846901","62847183","5","1462794"
"chr9","64334818","64335119","chr7","40951484","40951791","40","23383334"
"chr9","64382437","64382730","chr9","62922859","62923141","16","1459578"
"chr9","64385923","64386211","chr9","62926358","62926646","8","1459565"
"chr9","64386940","64387151","chr9","62927375","62927581","10","1459565"
"chr9","64595237","64595553","chr9","63147605","63147905","30","1447632"
"chr9","64600260","64600535","chr9","63155906","63156185","13","1444354"
"chr9","64630391","64630540","chr3","176785180","176785325","21","112154789"
"chr9","64631832","64632137","chr9","63187424","63187726","14","1444408"
"chr9","64841043","64841328","chr9","63401475","63401758","6","1439568"
"chr9","64894828","64895119","chr9","63458006","63458295","18","1436822"
"chr9","64933790","64934098","chr9","63497214","63497532","17","1436576"
"chr9","64955113","64955431","chr9","63520782","63521098","5","1434331"
"chr9","64967176","64967476","chr3","83610987","83611284","55","18643811"
"chr9","64969368","64969681","chr9","63535227","63535536","10","1434141"
"chr9","65006323","65006628","chr9","63571110","63571417","8","1435213"
"chr9","65011178","65011468","chr9","63575967","63576267","25","1435211"
"chr9","65013819","65014030","chr9","63578603","63578812","11","1435216"
"chr9","65024160","65024457","chr9","63588744","63589041","10","1435416"
"chr9","65054920","65055208","chr9","63628132","63628420","7","1426788"
"chr9","65198324","65198614","chr9","63775476","63775766","14","1422848"
"chr9","65244634","65244933","chr9","63818971","63819282","28","1425663"
"chr9","65313033","65313138","chr2","82653175","82653280","14","17340142"
"chr9","65705481","65705627","chr1","199930290","199930437","29","134224809"
"chr9","66387691","66387998","chr9","64968774","64969080","15","1418917"
"chr9","66676801","66677090","chr9","65269793","65270077","13","1407008"
"chr9","66881318","66881628","chr9","65476744","65477054","4","1404574"
"chr9","67193433","67193570","chr9","65790612","65790750","5","1402821"
"chr9","67299099","67299322","chr9","65906961","65907178","24","1392138"
"chr9","67344311","67344622","chr9","65953254","65953542","34","1391057"
"chr9","67535731","67535994","chr9","66133751","66134030","24","1401980"
"chr9","67681843","67682143","chr9","66283421","66283722","6","1398422"
"chr9","67868993","67869272","chr1","185490436","185490721","42","117621443"
"chr9","67885628","67885789","chr12","59239946","59240109","27","8645682"
"chr9","67908128","67908419","chr9","66512176","66512469","11","1395952"
"chr9","67946580","67946881","chr9","66550643","66550941","10","1395937"
"chr9","67964502","67964838","chr9","66567921","66568234","35","1396581"
"chr9","67981920","67982143","chr16","9253890","9254124","55","58728030"
"chr9","68040685","68040983","chr9","66644289","66644590","15","1396396"
"chr9","68064008","68064309","chr9","66667585","66667894","22","1396423"
"chr9","68100463","68100741","chr1","185707155","185707433","40","117606692"
"chr9","68184137","68184445","chr9","101657998","101658305","44","33473861"
"chr9","68230403","68230715","chr9","66832066","66832378","5","1398337"
"chr9","68602027","68602329","chr9","67206548","67206849","15","1395479"
"chr9","68783579","68783820","chr9","67389923","67390188","33","1393656"
"chr9","68961861","68962155","chr16","4446396","4446691","42","64515465"
"chr9","69006305","69006577","chr9","67634606","67634882","15","1371699"
"chr9","69189436","69189715","chr15","97061406","97061689","32","27871970"
"chr9","69403704","69403994","chr9","68028615","68028899","23","1375089"
"chr9","69421128","69421436","chr9","68045992","68046297","5","1375136"
"chr9","69764177","69764434","chr9","68398729","68398988","9","1365448"
"chr9","69959286","69959565","chr9","68593969","68594248","9","1365317"
"chr9","70362309","70362608","chr9","68998289","68998591","16","1364020"
"chr9","70369831","70370116","chr9","69005806","69006090","4","1364025"
"chr9","70636709","70637029","chr9","69264703","69265020","31","1372006"
"chr9","70719097","70719283","chr7","120481862","120482053","36","49762765"
"chr9","71428658","71428959","chr9","70052314","70052595","30","1376344"
"chr9","71437582","71437898","chr9","70061197","70061513","7","1376385"
"chr9","71455410","71455767","chr15","88984045","88984366","73","17528635"
"chr9","71936944","71937216","chr9","70572445","70572732","25","1364499"
"chr9","71937773","71938066","chr20","7476956","7477250","42","64460817"
"chr9","72353818","72354118","chr9","70992703","70993007","14","1361115"
"chr9","72436756","72437058","chr9","71080177","71080479","8","1356579"
"chr9","72508989","72509288","chr12","10894489","10894789","43","61614500"
"chr9","72815569","72815819","chr9","71469185","71469435","4","1346384"
"chr9","72906439","72906731","chr9","71562572","71562860","8","1343867"
"chr9","72962156","72962454","chr9","71619465","71619767","15","1342691"
"chr9","72982278","72982562","chr9","71640093","71640377","13","1342185"
"chr9","73025081","73025276","chr10","89893451","89893643","47","16868370"
"chr9","73026464","73026768","chr9","71685491","71685792","11","1340973"
"chr9","73196289","73196579","chr13","53090682","53090956","70","20105607"
"chr9","73374735","73375031","chr9","55799302","55799592","50","17575433"
"chr9","73572739","73573052","chr9","14337314","14337624","41","59235425"
"chr9","74073937","74074212","chr9","72744739","72745013","9","1329198"
"chr9","74445258","74445549","chr10","30716348","30716641","45","43728910"
"chr9","74911051","74911371","chr9","73609343","73609653","15","1301708"
"chr9","75138851","75139152","chr9","73824284","73824585","13","1314567"
"chr9","75326149","75326450","chr9","74004052","74004351","10","1322097"
"chr9","75382973","75383270","chr3","38837512","38837806","39","36545461"
"chr9","75673932","75674219","chr5","141600043","141600317","72","65926111"
"chr9","75741392","75741711","chr9","74395642","74395937","37","1345750"
"chr9","76152904","76153223","chr9","74824243","74824553","32","1328661"
"chr9","76165195","76165417","chr15","81723402","81723630","60","5558207"
"chr9","76439207","76439522","chr9","75120044","75120347","27","1319163"
"chr9","76697270","76697579","chr5","52169709","52170013","43","24527561"
"chr9","76776972","76777284","chr9","75410170","75410485","10","1366802"
"chr9","77139310","77139495","chr9","75763059","75763246","12","1376251"
"chr9","77261096","77261404","chr9","75887906","75888212","9","1373190"
"chr9","77402830","77402984","chr9","76035773","76035927","4","1367057"
"chr9","77430533","77430802","chr9","76066977","76067246","5","1363556"
"chr9","77707417","77707691","chrX","37331111","37331393","46","40376306"
"chr9","77784740","77785043","chr9","76429293","76429582","40","1355447"
"chr9","77844658","77844943","chr20","52187996","52188282","50","25656662"
"chr9","77919640","77919881","chr18","12679863","12680106","41","65239777"
"chr9","78086138","78086444","chr9","76725895","76726200","14","1360243"
"chr9","78445172","78445465","chr9","77067150","77067447","14","1378022"
"chr9","78467972","78468277","chr9","77090600","77090902","11","1377372"
"chr9","78487728","78488030","chr9","77109147","77109468","28","1378581"
"chr9","78503164","78503322","chr7","129090498","129090652","20","50587334"
"chr9","78503349","78503474","chr12","95132654","95132778","11","16629305"
"chr9","78875778","78876085","chr2","184554529","184554839","42","105678751"
"chr9","78971121","78971419","chr9","77593811","77594122","28","1377310"
"chr9","78995089","78995390","chr9","77617729","77618031","16","1377360"
"chr9","79152978","79153279","chr9","77776914","77777210","15","1376064"
"chr9","79241575","79241860","chr9","77858287","77858582","15","1383288"
"chr9","79660503","79660806","chr9","78276587","78276894","18","1383916"
"chr9","79673075","79673381","chr20","26933658","26933963","45","52739417"
"chr9","79720836","79721099","chr9","78338253","78338516","6","1382583"
"chr9","79758280","79758566","chr9","78381917","78382203","13","1376363"
"chr9","79948831","79949143","chr9","78575577","78575890","16","1373254"
"chr9","80135684","80135983","chr8","53121189","53121488","44","27014495"
"chr9","80286590","80286898","chr9","78924228","78924537","11","1362362"
"chr9","80444191","80444499","chr9","79077655","79077964","14","1366536"
"chr9","80794928","80795230","chr3","47239982","47240283","36","33554946"
"chr9","81180358","81180664","chr4","100308127","100308436","36","19127769"
"chr9","81195249","81195393","chr9","79844026","79844168","5","1351223"
"chr9","81207339","81207571","chr9","79855370","79855602","7","1351969"
"chr9","81408433","81408731","chr1","206588185","206588483","46","125179752"
"chr9","81486333","81486640","chr16","22132836","22133133","41","59353497"
"chr9","81721085","81721237","chr1","184592787","184592936","28","102871702"
"chr9","81806208","81806455","chr9","80451070","80451318","14","1355138"
"chr9","81956946","81957207","chr9","80606436","80606698","5","1350510"
"chr9","81994580","81994881","chr9","80644357","80644653","14","1350223"
"chr9","82240948","82241259","chr1","213952194","213952496","51","131711246"
"chr9","82433915","82434213","chr9","81091679","81091958","25","1342236"
"chr9","82454773","82455081","chr9","81112434","81112742","8","1342339"
"chr9","82802928","82803217","chr16","19883882","19884171","38","62919046"
"chr9","82880885","82881191","chr9","81565000","81565308","15","1315885"
"chr9","82886893","82887179","chr9","81571272","81571557","3","1315621"
"chr9","82918134","82918372","chr9","81602520","81602765","13","1315614"
"chr9","83098011","83098314","chr9","81781443","81781745","7","1316568"
"chr9","83418000","83418307","chr9","82098503","82098810","5","1319497"
"chr9","83628973","83629277","chr9","82309307","82309599","31","1319666"
"chr9","83810447","83810670","chr9","82490169","82490402","13","1320278"
"chr9","84278296","84278621","chr9","82964140","82964446","33","1314156"
"chr9","84452535","84452661","chr9","83140075","83140198","8","1312460"
"chr9","84799663","84799953","chr9","83487377","83487694","32","1312286"
"chr9","84820218","84820503","chr9","83511237","83511544","34","1308981"
"chr9","85066395","85066701","chr2","155132229","155132535","33","70065834"
"chr9","85085049","85085359","chr9","83778365","83778675","6","1306684"
"chr9","85109345","85109657","chr9","83802627","83802933","21","1306718"
"chr9","85143113","85143329","chr10","78779857","78780071","33","6363256"
"chr9","85233031","85233312","chr9","83927760","83928056","23","1305271"
"chr9","85273934","85274253","chr6","52574114","52574421","58","32699820"
"chr9","85462390","85462680","chr9","84160034","84160323","8","1302356"
"chr9","85501475","85501779","chr11","45807292","45807598","38","39694183"
"chr9","85517447","85517756","chr9","84216725","84217033","6","1300722"
"chr9","85518806","85519106","chrX","28745828","28746133","39","56772978"
"chr9","85575657","85575957","chr9","84279928","84280231","10","1295729"
"chr9","85641262","85641542","chr3","48125201","48125480","35","37516061"
"chr9","85643840","85644137","chr9","84345819","84346124","14","1298021"
"chr9","85654226","85654527","chr16","65207109","65207412","57","20447117"
"chr9","85661418","85661708","chr5","90824963","90825256","38","5163545"
"chr9","85711316","85711612","chr5","133635423","133635720","48","47924107"
"chr9","85716233","85716534","chr9","84418579","84418877","9","1297654"
"chr9","85730267","85730570","chr9","84432889","84433192","6","1297378"
"chr9","85758346","85758639","chr9","84461672","84461967","5","1296674"
"chr9","85764875","85765180","chr6","167948742","167949047","36","82183867"
"chr9","85852684","85852968","chr9","84559512","84559797","11","1293172"
"chr9","85883023","85883317","chr6","14536169","14536461","37","71346854"
"chr9","85894301","85894586","chr9","84602925","84603212","7","1291376"
"chr9","85911649","85911943","chr9","84621580","84621874","20","1290069"
"chr9","85974947","85975248","chr9","84684174","84684473","5","1290773"
"chr9","85979020","85979194","chrX","128801376","128801545","31","42822356"
"chr9","86079506","86079679","chr9","84789040","84789229","18","1290466"
"chr9","86087374","86087678","chr9","84797552","84797857","25","1289822"
"chr9","86089407","86089716","chr16","12398009","12398320","39","73691398"
"chr9","86194103","86194328","chr4","40959787","40960036","61","45234316"
"chr9","86224920","86225063","chr9","84936878","84937021","4","1288042"
"chr9","86301058","86301355","chr9","85010884","85011180","12","1290174"
"chr9","86343065","86343447","chr1","118441252","118441638","84","32098187"
"chr9","86452153","86452230","chr3","325099","325171","13","86127054"
"chr9","86529399","86529693","chr9","85246065","85246356","9","1283334"
"chr9","86600668","86600961","chr1","32672779","32673080","59","53927889"
"chr9","86650354","86650644","chr9","85367939","85368228","7","1282415"
"chr9","86669634","86669926","chr9","85387173","85387472","23","1282461"
"chr9","86674972","86675249","chrX","66981116","66981394","49","19693856"
"chr9","86760726","86761017","chr10","81667311","81667605","40","5093415"
"chr9","86769264","86769558","chr9","85483186","85483489","21","1286078"
"chr9","86791346","86791674","chr9","85510522","85510832","37","1280824"
"chr9","86798465","86798595","chr15","13945665","13945792","13","72852800"
"chr9","86983619","86983861","chr15","96960301","96960533","49","9976682"
"chr9","87061848","87062142","chr9","85785354","85785649","18","1276494"
"chr9","87144540","87144831","chr9","85872775","85873073","12","1271765"
"chr9","87325430","87325622","chr9","86064269","86064461","5","1261161"
"chr9","87562406","87562698","chr9","86302488","86302778","18","1259918"
"chr9","87644810","87645104","chr9","86383660","86383952","12","1261150"
"chr9","87704820","87705127","chr9","86445646","86445948","17","1259174"
"chr9","87730166","87730462","chr9","86471619","86471917","9","1258547"
"chr9","87803344","87803645","chr9","86546900","86547191","20","1256444"
"chr9","87809738","87809908","chr16","59398956","59399130","26","28410782"
"chr9","87889498","87889791","chr9","86641570","86641874","19","1247928"
"chr9","88505830","88506120","chr9","87130988","87131277","12","1374842"
"chr9","88551918","88552166","chr9","87171783","87172030","13","1380135"
"chr9","88586310","88586600","chr1","207081299","207081582","39","118494989"
"chr9","88596528","88596835","chr9","87213846","87214165","26","1382682"
"chr9","88634830","88635125","chr9","87252819","87253109","17","1382011"
"chr9","88635130","88635450","chr9","87253114","87253439","12","1382016"
"chr9","88732520","88732800","chr9","87351631","87351926","21","1380889"
"chr9","88846358","88846654","chr9","87457871","87458162","23","1388487"
"chr9","88906419","88906709","chr9","87519715","87520009","14","1386704"
"chr9","88994766","88995066","chr9","87616358","87616658","10","1378408"
"chr9","89254986","89255193","chr9","87871615","87871821","5","1383371"
"chr9","89538230","89538522","chr14","105574163","105574456","33","16035933"
"chr9","89539754","89540070","chr9","88160644","88160962","11","1379110"
"chr9","89793868","89794201","chr9","88413165","88413487","39","1380703"
"chr9","89892868","89893040","chr10","69739671","69739841","34","20153197"
"chr9","89995538","89995833","chr13","79190966","79191261","39","10804572"
"chr9","90204035","90204209","chr9","88781548","88781730","13","1422487"
"chr9","90225983","90226286","chr9","88802642","88802944","8","1423341"
"chr9","90473634","90473917","chr9","89052126","89052423","21","1421508"
"chr9","90474169","90474399","chr2","29224867","29225092","33","61249302"
"chr9","90483880","90484179","chr15","27498585","27498875","50","62985295"
"chr9","90513272","90513571","chr9","89100366","89100665","8","1412906"
"chr9","90546420","90546704","chr4","7729708","7729981","48","82816712"
"chr9","90573589","90573879","chr9","89153971","89154262","16","1419618"
"chr9","90678052","90678354","chr9","89270200","89270499","12","1407852"
"chr9","90680168","90680469","chr9","89272341","89272617","31","1407827"
"chr9","90753732","90754000","chr9","89347942","89348149","66","1405790"
"chr9","90776116","90776430","chrX","25734220","25734518","39","65041896"
"chr9","90833747","90833969","chr9","89432356","89432574","7","1401391"
"chr9","90833988","90834293","chr9","89432592","89432908","15","1401396"
"chr9","90854391","90854684","chr9","89452946","89453235","20","1401445"
"chr9","90954157","90954325","chr1","213038359","213038524","25","122084202"
"chr9","91202488","91202800","chr9","89803394","89803697","20","1399094"
"chr9","91300137","91300413","chr9","89900883","89901156","8","1399254"
"chr9","91559282","91559594","chr2","149003574","149003882","46","57444292"
"chr9","91607987","91608236","chr9","90201081","90201354","31","1406906"
"chr9","91713108","91713404","chr7","118252567","118252867","32","26539459"
"chr9","91961827","91962107","chr9","90557855","90558137","8","1403972"
"chr9","92074326","92074631","chr19","32011380","32011691","43","60062946"
"chr9","92109851","92110146","chrX","46009179","46009471","40","46100672"
"chr9","92234724","92235009","chr9","90836714","90837002","8","1398010"
"chr9","92271858","92272161","chr9","90870419","90870724","8","1401439"
"chr9","92347465","92347770","chr9","90972498","90972798","9","1374967"
"chr9","92473342","92473643","chr9","91156786","91157085","9","1316556"
"chr9","92637676","92637936","chr9","91321943","91322203","9","1315733"
"chr9","92648303","92648598","chr9","91333868","91334167","13","1314435"
"chr9","92651868","92652173","chr9","91337805","91338109","34","1314063"
"chr9","92717979","92718173","chr2","149552067","149552259","45","56834088"
"chr9","92793999","92794290","chr9","91486103","91486396","8","1307896"
"chr9","92827699","92827785","chr1","96034357","96034438","16","3206658"
"chr9","92829177","92829481","chr9","91512418","91512722","9","1316759"
"chr9","92965204","92965356","chr9","91665725","91665878","5","1299479"
"chr9","93060873","93061097","chr14","8177468","8177677","34","84883405"
"chr9","93066753","93067051","chr9","91766877","91767185","18","1299876"
"chr9","93067583","93067898","chr7","129858559","129858866","44","36790976"
"chr9","93086906","93087205","chr9","91787502","91787801","11","1299404"
"chr9","93155933","93156134","chr3","151174728","151174928","28","58018795"
"chr9","93264353","93264630","chr19","50791455","50791730","46","42472898"
"chr9","93285790","93286098","chr9","91983955","91984262","6","1301835"
"chr9","93335648","93335940","chr9","92036917","92037215","14","1298731"
"chr9","93342152","93342455","chr1","123896657","123896955","35","30554505"
"chr9","93349773","93350083","chr9","92051815","92052125","6","1297958"
"chr9","93379071","93379370","chr9","92083663","92083961","9","1295408"
"chr9","93461107","93461241","chr3","169410230","169410340","35","75949123"
"chr9","93514434","93514731","chr2","147148455","147148752","38","53634021"
"chr9","93535025","93535199","chr9","92252606","92252780","2","1282419"
"chr9","93623285","93623415","chr5","111699622","111699752","14","18076337"
"chr9","93625538","93625773","chrX","49595969","49596201","38","44029569"
"chr9","93661176","93661474","chr9","92380421","92380719","4","1280755"
"chr9","93740492","93740791","chrX","20600458","20600755","34","73140034"
"chr9","93817531","93817832","chr9","92538087","92538389","6","1279444"
"chr9","93861480","93861784","chrX","25734220","25734518","37","68127260"
"chr9","93953249","93953545","chr9","92671423","92671724","15","1281826"
"chr9","94221312","94221584","chr9","92941263","92941545","37","1280049"
"chr9","94225839","94226149","chr2","149003574","149003882","34","54777735"
"chr9","94465010","94465317","chr9","93187575","93187878","9","1277435"
"chr9","94589681","94589973","chr9","93314466","93314758","7","1275215"
"chr9","94617835","94618147","chr9","93343000","93343306","18","1274835"
"chr9","94741776","94742077","chr9","93468594","93468896","8","1273182"
"chr9","94746811","94747109","chr9","93473697","93473995","6","1273114"
"chr9","94835700","94835995","chr9","93562366","93562662","5","1273334"
"chr9","94843206","94843502","chr9","93570003","93570306","12","1273203"
"chr9","94851353","94851593","chr9","93578176","93578413","10","1273177"
"chr9","94885052","94885355","chr9","93611652","93611958","12","1273400"
"chr9","94905654","94905932","chr11","58342389","58342667","39","36563265"
"chr9","94948689","94948988","chr9","93676550","93676841","14","1272139"
"chr9","94994130","94994425","chr12","13082614","13082909","36","81911516"
"chr9","95073145","95073464","chr18","9810570","9810878","47","85262575"
"chr9","95075728","95075891","chr13","87854074","87854233","25","7221654"
"chr9","95076187","95076303","chr2","62322152","62322269","28","32754035"
"chr9","95162384","95162681","chr2","1378446","1378754","28","93783938"
"chr9","95182161","95182454","chr9","93932230","93932526","12","1249931"
"chr9","95220113","95220266","chr9","93971899","93972051","11","1248214"
"chr9","95228058","95228362","chr9","93979968","93980270","19","1248090"
"chr9","95478011","95478320","chr9","94236420","94236727","12","1241591"
"chr9","95558260","95558358","chr9","16510882","16510978","12","79047378"
"chr9","95563691","95563993","chr9","94324286","94324585","13","1239405"
"chr9","95593654","95593958","chr9","94355604","94355901","12","1238050"
"chr9","95616468","95616764","chr9","94382221","94382518","8","1234247"
"chr9","95690727","95691020","chr14","18445789","18446081","33","77244938"
"chr9","95732613","95732905","chr10","53232022","53232318","40","42500591"
"chr9","95757516","95757803","chr9","94520670","94520963","16","1236846"
"chr9","95825869","95826181","chr9","94593539","94593851","15","1232330"
"chr9","95926071","95926379","chr9","94693232","94693543","9","1232839"
"chr9","95936103","95936399","chr9","94703275","94703568","8","1232828"
"chr9","95996858","95997150","chr9","94764086","94764378","2","1232772"
"chr9","96021412","96021701","chr9","94787839","94788113","27","1233573"
"chr9","96161397","96161694","chr9","94926122","94926421","9","1235275"
"chr9","96173137","96173448","chrX","28745828","28746133","43","67427309"
"chr9","96218638","96218800","chr1","12474894","12475046","25","83743744"
"chr9","96219408","96219582","chr16","32682137","32682310","42","63537271"
"chr9","96247443","96247738","chr9","95014254","95014547","16","1233189"
"chr9","96281046","96281354","chr9","95049689","95049988","15","1231357"
"chr9","96290710","96291015","chr1","139066477","139066771","60","42775767"
"chr9","96319625","96319896","chr9","95087558","95087838","24","1232067"
"chr9","96384545","96384860","chr9","95158419","95158720","25","1226126"
"chr9","96402262","96402571","chr7","77493877","77494187","41","18908385"
"chr9","96410576","96410875","chr9","95190008","95190303","11","1220568"
"chr9","96413349","96413661","chr9","95192748","95193050","17","1220601"
"chr9","96421524","96421761","chr9","95200318","95200555","6","1221206"
"chr9","96729770","96730077","chr9","95509149","95509457","8","1220621"
"chr9","96754676","96754971","chr9","95536515","95536801","18","1218161"
"chr9","96805188","96805486","chr3","83610987","83611284","48","13194201"
"chr9","97107456","97107755","chr9","95891555","95891861","19","1215901"
"chr9","97128995","97129300","chr9","95912718","95913023","17","1216277"
"chr9","97143698","97144005","chr9","95927909","95928214","7","1215789"
"chr9","97475626","97475897","chr9","96268715","96269020","41","1206911"
"chr9","97894090","97894399","chr9","96685738","96686047","12","1208352"
"chr9","97932176","97932463","chr9","96723909","96724196","5","1208267"
"chr9","98188387","98188689","chr9","96979815","96980116","12","1208572"
"chr9","98515534","98515818","chr9","97310507","97310792","7","1205027"
"chr9","98532595","98532892","chr9","97328285","97328582","10","1204310"
"chr9","98691766","98692068","chr9","97489471","97489773","13","1202295"
"chr9","98927009","98927302","chr11","13993220","13993517","46","84933789"
"chr9","99393172","99393477","chr9","98201792","98202091","20","1191380"
"chr9","99439229","99439395","chr1","109244867","109245026","28","9805638"
"chr9","99654752","99655093","chr2","163181315","163181637","60","63526563"
"chr9","99824982","99825291","chr9","98628634","98628945","25","1196348"
"chr9","99996299","99996624","chr5","108671205","108671534","57","8674906"
"chr9","100051086","100051392","chr15","13366172","13366483","39","86684914"
"chr9","100223879","100224202","chr14","113708140","113708447","61","13484261"
"chr9","100228044","100228343","chr9","99038976","99039270","8","1189068"
"chr9","100236393","100236705","chr9","99046461","99046773","14","1189932"
"chr9","100327618","100327774","chr9","99135658","99135813","8","1191960"
"chr9","100605184","100605369","chr9","99419153","99419335","9","1186031"
"chr9","100740600","100740879","chr9","99562941","99563237","27","1177659"
"chr9","101435011","101435177","chr6","132712830","132712998","31","31277819"
"chr9","101435222","101435347","chr1","125213986","125214113","20","23778764"
"chr9","101752234","101752534","chr9","100479916","100480227","31","1272318"
"chr9","101802356","101802643","chr7","158284920","158285210","38","56482564"
"chr9","101982599","101982810","chr8","119518476","119518689","33","17535877"
"chr9","102226588","102226895","chr9","100950531","100950833","8","1276057"
"chr9","102236269","102236555","chr1","185490436","185490721","45","83254167"
"chr9","102462614","102462924","chr9","101185606","101185911","13","1277008"
"chr9","102655966","102656168","chr16","18142961","18143164","36","84513005"
"chr9","102704561","102704872","chr9","101440066","101440377","11","1264495"
"chr9","102912560","102912869","chr9","101657998","101658305","8","1254562"
"chr9","102977927","102978206","chr9","101727069","101727341","16","1250858"
"chr9","103020917","103021218","chr9","101770037","101770342","15","1250880"
"chr9","103035636","103035931","chr9","101784832","101785129","8","1250804"
"chr9","103040149","103040431","chr9","101789290","101789571","12","1250859"
"chr9","103125958","103126261","chr9","101876744","101877046","19","1249214"
"chr9","103147291","103147587","chr9","101897929","101898229","8","1249362"
"chr9","103234791","103235088","chr9","101986919","101987217","10","1247872"
"chr9","103239348","103239621","chr9","101991376","101991675","33","1247972"
"chr9","103383786","103383930","chr9","102134677","102134821","3","1249109"
"chr9","103398240","103398437","chr20","66727640","66727807","64","36670600"
"chr9","103723212","103723340","chr1","202308912","202309033","22","98585700"
"chr9","104200585","104200892","chr19","10759727","10760027","39","93440858"
"chr9","104230066","104230346","chr8","114551567","114551845","38","10321501"
"chr9","104318749","104319042","chr9","103068906","103069188","17","1249843"
"chr9","104738899","104739057","chr9","103498678","103498847","16","1240221"
"chr9","105142747","105143051","chr9","103903477","103903810","34","1239270"
"chr9","105154593","105154908","chr16","41169380","41169687","47","63985213"
"chr9","105169713","105170003","chr9","103930785","103931076","9","1238928"
"chr9","105323793","105324100","chr9","104083412","104083714","17","1240381"
"chr9","105340788","105341086","chr9","104101109","104101413","18","1239679"
"chr9","105565633","105565940","chr9","104327501","104327812","18","1238132"
"chr9","105671301","105671605","chr9","104434362","104434664","14","1236939"
"chr9","105780316","105780621","chr4","33526129","33526431","38","72254187"
"chr9","105871898","105872197","chr9","104636847","104637136","35","1235051"
"chr9","106176409","106176701","chr19","15489451","15489743","34","90686958"
"chr9","106178497","106178803","chr16","63451959","63452267","37","42726538"
"chr9","106655843","106656138","chr9","105421395","105421690","12","1234448"
"chr9","106689096","106689326","chr11","117955750","117955983","39","11266654"
"chr9","106804375","106804670","chr9","105568085","105568365","27","1236290"
"chr9","106879836","106880029","chr9","105643515","105643712","10","1236321"
"chr9","107074777","107074999","chr10","88101734","88101973","51","18973043"
"chr9","107235977","107236281","chr9","105999618","105999902","36","1236359"
"chr9","107274552","107274847","chr9","106037756","106038064","22","1236796"
"chr9","107478357","107478665","chr9","106240471","106240779","7","1237886"
"chr9","107634105","107634387","chr9","106397761","106398050","16","1236344"
"chr9","107751061","107751366","chrX","117827337","117827640","52","10076276"
"chr9","107755321","107755621","chr9","106520198","106520502","14","1235123"
"chr9","107800096","107800384","chr9","106565788","106566078","12","1234308"
"chr9","107832657","107832844","chr9","106603471","106603658","2","1229186"
"chr9","107925578","107925887","chr9","106697900","106698202","17","1227678"
"chr9","108002211","108002506","chr9","106778047","106778346","14","1224164"
"chr9","108092008","108092302","chr9","106867445","106867722","25","1224563"
"chr9","108185437","108185687","chr10","88101734","88101973","44","20083703"
"chr9","108573541","108573847","chr9","107365616","107365920","7","1207925"
"chr9","108612672","108612959","chr9","107404938","107405230","12","1207734"
"chr9","108725710","108725773","chr9","94989524","94989584","23","13736186"
"chr9","108885099","108885423","chr9","107676880","107677205","20","1208219"
"chr9","108950885","108951174","chr9","107743164","107743446","19","1207721"
"chr9","109009932","109010221","chr9","107803413","107803702","5","1206519"
"chr9","109091809","109092123","chr9","107884844","107885150","32","1206965"
"chr9","109160854","109161118","chr9","107952221","107952490","12","1208633"
"chr9","109355946","109356244","chr9","108156081","108156388","14","1199865"
"chr9","109391406","109391711","chr2","174469567","174469870","42","65078161"
"chr9","109593510","109593786","chr9","108391888","108392165","10","1201622"
"chr9","109665538","109665830","chr9","108465159","108465451","3","1200379"
"chr9","109791822","109792131","chr9","108592567","108592876","15","1199255"
"chr9","109869205","109869514","chr9","108670379","108670688","9","1198826"
"chr9","109917586","109917867","chr17","77009101","77009382","38","32908485"
"chr9","109982594","109982721","chr9","108784377","108784504","2","1198217"
"chr9","110185648","110185953","chr9","108987851","108988159","15","1197797"
"chr9","110242863","110243161","chr11","110747996","110748294","33","505133"
"chr9","110564121","110564416","chr9","109364221","109364515","13","1199900"
"chr9","110608979","110609282","chr9","109408269","109408572","5","1200710"
"chr9","110627340","110627640","chr9","109427595","109427895","7","1199745"
"chr9","110751783","110752083","chr9","109551385","109551681","23","1200398"
"chr9","111248504","111248810","chr9","110045990","110046300","12","1202514"
"chr9","111587275","111587574","chr9","110392060","110392354","13","1195215"
"chr9","111603232","111603438","chr9","110408593","110408795","18","1194639"
"chr9","111607812","111608127","chr9","110413040","110413348","16","1194772"
"chr9","111773318","111773662","chr9","110573982","110574296","41","1199336"
"chr9","111869919","111870222","chr13","100072689","100072985","37","11797230"
"chr9","112015019","112015194","chr1","19775982","19776154","30","92239037"
"chr9","112015487","112015618","chr11","50202051","50202180","18","61813436"
"chr9","112024418","112024625","chr9","110832433","110832640","2","1191985"
"chr9","112049875","112050175","chr7","149389824","149390116","48","37339949"
"chr9","112320326","112320626","chr9","111126438","111126739","13","1193888"
"chr9","112322051","112322335","chr9","111128157","111128449","25","1193894"
"chr9","112336478","112336775","chr15","97678218","97678518","39","14658260"
"chr9","112344833","112345117","chr9","111151186","111151470","24","1193647"
"chr9","112385849","112386126","chr5","81051672","81051952","49","31334177"
"chr9","112415144","112415445","chr9","111217305","111217601","14","1197839"
"chr9","112494820","112495123","chr9","111298194","111298498","9","1196626"
"chr9","112504979","112505276","chr9","111308741","111309045","20","1196238"
"chr9","112513971","112514252","chr9","111317208","111317486","18","1196763"
"chr9","112527631","112527919","chr9","71562572","71562860","30","40965059"
"chr9","112593281","112593398","chr9","17195371","17195489","15","95397910"
"chr9","112593452","112593623","chr6","99727553","99727722","22","12865899"
"chr9","112606141","112606434","chr9","111411087","111411392","22","1195054"
"chr9","112659930","112660155","chr9","111466948","111467178","10","1192982"
"chr9","112959627","112959898","chr9","111782924","111783183","22","1176703"
"chr9","113328871","113329125","chr9","112149888","112150137","11","1178983"
"chr9","113432674","113432884","chr9","112252771","112252980","18","1179903"
"chr9","113463963","113464263","chr9","112284096","112284405","17","1179867"
"chr9","113689835","113690151","chr9","112518504","112518818","22","1171331"
"chr9","113702738","113703023","chr9","112531894","112532170","22","1170844"
"chr9","113758095","113758296","chr9","112591665","112591865","8","1166430"
"chr9","113797205","113797313","chr9","112623659","112623769","11","1173546"
"chr9","114004076","114004368","chr9","112830618","112830919","19","1173458"
"chr9","114138821","114139110","chr9","112964911","112965202","17","1173910"
"chr9","114155634","114155950","chr9","112981738","112982059","13","1173896"
"chr9","114237870","114238187","chr2","87362517","87362826","42","26875353"
"chr9","114324515","114324799","chr7","41365212","41365504","40","72959303"
"chr9","114369890","114370002","chr3","169410230","169410340","14","55040340"
"chr9","114495127","114495430","chr9","113319600","113319896","12","1175527"
"chr9","114658124","114658419","chr9","113493454","113493749","14","1164670"
"chr9","114661283","114661584","chr11","48612807","48613109","37","66048476"
"chr9","114676009","114676309","chr9","89270200","89270499","34","25405809"
"chr9","114737714","114738029","chr9","113570239","113570552","11","1167475"
"chr9","114738726","114738976","chr10","50833445","50833695","36","63905281"
"chr9","114760979","114761265","chr9","113595216","113595502","9","1165763"
"chr9","114772364","114772615","chr9","113606871","113607122","5","1165493"
"chr9","114779876","114780186","chr9","113678197","113678497","39","1101679"
"chr9","114805755","114805925","chr1","64354712","64354878","30","50451043"
"chr9","114862251","114862551","chr5","89790852","89791150","32","25071399"
"chr9","115129836","115130146","chr9","113967211","113967509","18","1162625"
"chr9","115290611","115290904","chr9","114127798","114128082","17","1162813"
"chr9","115646114","115646417","chr9","114504285","114504588","7","1141829"
"chr9","115677202","115677510","chr9","114536091","114536398","13","1141111"
"chr9","115831668","115831920","chr9","114687214","114687499","44","1144454"
"chr9","115960480","115960772","chr4","24720024","24720306","56","91240456"
"chr9","116126715","116127007","chr9","114997747","114998046","12","1128968"
"chr9","116167243","116167489","chr7","43179604","43179849","41","72987639"
"chr9","116434238","116434530","chr3","106437635","106437933","65","9996603"
"chr9","116617243","116617543","chr9","115492928","115493228","14","1124315"
"chr9","116939675","116939957","chr9","115815931","115816212","21","1123744"
"chr9","117015396","117015701","chr10","35520239","35520543","35","81495157"
"chr9","117026092","117026379","chr9","107743164","107743446","38","9282928"
"chr9","117151820","117152130","chr18","16317024","16317330","35","100834796"
"chr9","117243217","117243453","chrX","61882343","61882577","30","55360874"
"chr9","117293453","117293765","chr9","116175942","116176247","18","1117511"
"chr9","117408533","117408843","chr9","116291351","116291652","15","1117182"
"chr9","117423744","117423959","chr9","116308040","116308255","5","1115704"
"chr9","117428464","117428812","chr6","88601434","88601745","92","28827030"
"chr9","117433042","117433222","chr20","39888309","39888487","25","77544733"
"chr9","117451667","117451936","chr12","33143832","33144100","46","84307835"
"chr9","117522853","117523103","chr9","116407324","116407573","6","1115529"
"chr9","117566645","117566938","chr9","116465459","116465751","13","1101186"
"chr9","117567375","117567517","chr2","177010281","177010427","22","59442906"
"chr9","117574574","117574859","chr9","116471991","116472280","12","1102583"
"chr9","117577753","117578058","chr9","116475285","116475582","17","1102468"
"chr9","117625443","117625688","chr4","86313325","86313566","55","31312118"
"chr9","117985948","117986240","chr9","116884575","116884867","8","1101373"
"chr9","118549081","118549293","chr2","98466965","98467178","33","20082116"
"chr9","118563418","118563729","chr9","117466748","117467061","21","1096670"
"chr9","118630675","118630957","chr9","117533623","117533914","24","1097052"
"chr9","118795058","118795349","chr9","117696469","117696751","18","1098589"
"chr9","119284079","119284374","chr9","24166465","24166759","37","95117614"
"chr9","119598566","119598826","chr9","118498933","118499193","12","1099633"
"chr9","119611444","119611746","chr9","118511614","118511893","30","1099830"
"chr9","119615900","119616156","chr9","118516111","118516375","13","1099789"
"chr9","119677354","119677656","chr10","15206916","15207215","51","104470438"
"chr9","119722078","119722374","chr6","131769846","131770146","45","12047768"
"chr9","119838673","119838964","chr9","118741265","118741555","18","1097408"
"chr9","119853865","119854146","chr9","118756309","118756590","7","1097556"
"chr9","119878901","119879177","chr9","118778775","118779045","16","1100126"
"chr9","120748235","120748526","chr4","112821610","112821902","41","7926625"
"chr9","121157182","121157492","chr9","120051696","120052010","21","1105486"
"chr9","121291553","121291840","chr1","9757752","9758036","48","111533801"
"chr9","121637573","121637869","chr9","120538336","120538628","20","1099237"
"chr9","122112288","122112596","chr9","120987631","120987947","19","1124657"
"chr9","122365060","122365353","chr9","121245872","121246166","9","1119188"
"chr9","122658373","122658685","chr9","121542689","121542991","22","1115684"
"chr9","122705193","122705409","chr9","121590709","121590933","41","1114484"
"chr9","122718260","122718556","chr9","121604130","121604431","9","1114130"
"chr9","122825093","122825391","chr9","121712920","121713220","18","1112173"
"chr9","122946889","122947198","chr9","121838680","121838991","23","1108209"
"chr9","123052028","123052289","chr9","121947172","121947434","8","1104856"
"chr9","123178781","123179056","chr13","53090682","53090956","50","70088099"
"chr9","123563210","123563422","chr4","25733321","25733536","42","97829889"
"chr9","123582157","123582485","chr9","122468419","122468744","38","1113738"
"chr9","124043406","124043431","chrX","14373897","14373920","16","109669509"
"chr9","124043470","124043725","chr15","6438791","6439051","41","117604679"
"chr9","124486010","124486300","chr9","123380033","123380339","24","1105977"
"chr9","124565734","124565864","chr11","50202051","50202180","10","74363683"
"chr9","124568727","124569030","chr15","14298818","14299123","39","110269909"
"chr9","124592283","124592581","chr9","123486746","123487049","19","1105537"
"chr9","124617278","124617575","chr9","123514188","123514493","19","1103090"
"chr9","124825214","124825507","chr9","123724563","123724845","30","1100651"
"chr9","124905724","124906029","chr4","29971286","29971594","46","94934438"
"chr9","124927041","124927350","chr9","123829191","123829499","16","1097850"
"chr9","124935851","124936156","chr9","123839168","123839475","10","1096683"
"chr9","125148128","125148386","chr9","124046843","124047097","11","1101285"
"chr9","125200750","125201035","chr3","51291746","51292033","45","73909004"
"chrX","41549697","41549970","chrX","41391801","41392102","34","157896"
"chrX","128319304","128319505","chr7","4037852","4038045","32","124281452"
"chrX","5568","5879","chr14","311370","311684","50","305802"
"chrX","16516","16691","chr2","182777244","182777417","27","182760728"
"chrX","17004","17141","chr11","74966065","74966200","17","74949061"
"chrX","27988","28295","chr13","3217900","3218206","49","3189912"
"chrX","41676","41984","chr19","14353859","14354154","62","14312183"
"chrX","112765","113055","chr11","26964439","26964731","40","26851674"
"chrX","117941","118221","chr2","85232750","85233032","44","85114809"
"chrX","141802","142128","chr6","66531267","66531593","49","66389465"
"chrX","171698","171849","chr1","202353928","202354077","17","202182230"
"chrX","172103","172252","chr3","44985113","44985255","28","44813010"
"chrX","182835","183129","chr9","101784832","101785129","35","101601997"
"chrX","184112","184405","chr9","24166465","24166759","35","23982353"
"chrX","187473","187759","chr15","97061406","97061689","30","96873933"
"chrX","192332","192641","chr5","94774406","94774706","40","94582074"
"chrX","199800","200092","chr2","100118867","100119159","46","99919067"
"chrX","244969","245285","chr1","141122821","141123139","37","140877852"
"chrX","268023","268319","chr11","13993220","13993517","39","13725197"
"chrX","286990","287293","chr1","37689627","37689933","39","37402637"
"chrX","303209","303491","chr5","153019407","153019691","38","152716198"
"chrX","323345","323641","chr19","48174971","48175267","38","47851626"
"chrX","338161","338447","chr10","12149337","12149626","46","11811176"
"chrX","385690","385774","chr4","45000002","45000084","14","44614312"
"chrX","432497","432811","chr15","5312861","5313171","46","4880364"
"chrX","459456","459587","chr1","34955401","34955536","24","34495945"
"chrX","480924","481015","chr2","130967091","130967173","18","130486167"
"chrX","503237","503522","JH680086","252479","252764","5","250758"
"chrX","514449","514750","chr8","69675222","69675530","41","69160773"
"chrX","525832","526118","JH680086","226933","227229","19","298899"
"chrX","614165","614476","JH680086","161954","162265","11","452211"
"chrX","647387","647699","JH680086","126917","127229","11","520470"
"chrX","656069","656376","chrX","28745828","28746133","45","28089759"
"chrX","659811","660121","chr4","59230798","59231109","39","58570987"
"chrX","694082","694127","chr8","118526342","118526403","20","117832260"
"chrX","707206","707494","JH680086","58547","58853","34","648659"
"chrX","745896","746219","chrX","44389942","44390253","54","43644046"
"chrX","768597","768768","chr1","56150277","56150446","27","55381680"
"chrX","780308","780479","chr4","17827500","17827675","27","17047192"
"chrX","824828","825107","chrX","25355","25652","39","799473"
"chrX","855641","855855","chr10","90905310","90905528","30","90049669"
"chrX","1225276","1225440","chrX","375140","375304","5","850136"
"chrX","1375968","1376274","chr1","56106334","56106635","32","54730366"
"chrX","1975495","1975718","chrX","1042911","1043129","6","932584"
"chrX","2010950","2011236","chrX","1075047","1075332","11","935903"
"chrX","2038678","2038986","chr10","19529173","19529482","44","17490495"
"chrX","2071092","2071407","chrX","1135497","1135813","10","935595"
"chrX","2072945","2073129","chr1","19775982","19776154","38","17703037"
"chrX","2107992","2108274","chr7","35880467","35880757","47","33772475"
"chrX","2130579","2130884","chrX","1202331","1202620","27","928248"
"chrX","2142455","2142755","chrX","1214038","1214327","19","928417"
"chrX","2235766","2236075","chrX","1306212","1306518","16","929554"
"chrX","2328413","2328712","chrX","1403309","1403602","19","925104"
"chrX","2633824","2634138","chrX","1716764","1717079","21","917060"
"chrX","2979845","2980154","chrX","2098329","2098638","7","881516"
"chrX","3042426","3042714","chrX","2161395","2161683","5","881031"
"chrX","3539978","3540145","chrX","2659310","2659454","24","880668"
"chrX","3569387","3569691","chrX","2687682","2687985","10","881705"
"chrX","4226691","4226986","chrX","3336913","3337198","14","889778"
"chrX","4252603","4252907","chr10","35520239","35520543","32","31267636"
"chrX","4359450","4359737","chrX","3464747","3465034","6","894703"
"chrX","4428348","4428492","chr3","44985113","44985255","28","40556765"
"chrX","4428525","4428641","chr1","213499355","213499466","21","209070830"
"chrX","4699293","4699614","chrX","108084790","108085114","58","103385497"
"chrX","4701867","4702179","chr7","128884186","128884494","70","124182319"
"chrX","5437887","5438216","chr20","6906192","6906513","60","1468305"
"chrX","5616718","5617014","chrX","4449748","4450045","4","1166970"
"chrX","5709735","5710029","chrX","4541639","4541947","22","1168096"
"chrX","5790354","5790643","chrX","4613018","4613326","27","1177336"
"chrX","5902095","5902403","chr7","108661358","108661664","44","102759263"
"chrX","6056209","6056516","chrX","4874019","4874324","6","1182190"
"chrX","6325365","6325652","chrX","5149877","5150164","6","1175488"
"chrX","6465175","6465289","chrX","5264953","5265067","0","1200222"
"chrX","6607488","6607681","chrX","5381377","5381572","9","1226111"
"chrX","6995259","6995577","chrX","5756262","5756587","20","1238997"
"chrX","7135498","7135794","chrX","5910207","5910515","22","1225291"
"chrX","7362861","7363112","chrX","6080281","6080533","6","1282580"
"chrX","7460735","7461029","chrX","6175802","6176098","9","1284933"
"chrX","7678743","7678956","chrX","6459387","6459603","8","1219356"
"chrX","7967494","7967736","chr10","88101734","88101973","34","80134240"
"chrX","8324007","8324319","chrX","7120196","7120508","1","1203811"
"chrX","8436604","8436854","chr16","46996145","46996379","70","38559541"
"chrX","8485841","8486153","chrX","7286644","7286945","30","1199197"
"chrX","9333124","9333307","chr7","49658360","49658542","32","40325236"
"chrX","9928662","9928899","chr16","5480378","5480603","42","4448284"
"chrX","10097252","10097560","chrX","8874521","8874832","10","1222731"
"chrX","11277386","11277695","chr13","44205794","44206102","38","32928408"
"chrX","11483359","11483656","chrX","10288963","10289255","13","1194396"
"chrX","11672610","11672908","chrX","10481549","10481846","6","1191061"
"chrX","11772060","11772286","chrX","10584283","10584509","6","1187777"
"chrX","11988241","11988506","chrX","10827384","10827654","12","1160857"
"chrX","12096268","12096549","chrX","10928273","10928554","4","1167995"
"chrX","12168608","12168913","chrX","10985448","10985760","19","1183160"
"chrX","12179044","12179349","chrX","10995703","10996015","23","1183341"
"chrX","12374204","12374507","chrX","11196356","11196659","6","1177848"
"chrX","12433649","12433949","chrX","11251942","11252263","30","1181707"
"chrX","12492210","12492495","chr16","50757049","50757341","37","38264839"
"chrX","12551602","12551888","chrX","11365833","11366119","5","1185769"
"chrX","13053947","13054232","chrX","11884281","11884566","3","1169666"
"chrX","13443938","13444262","chrX","12292059","12292367","19","1151879"
"chrX","13738680","13738956","chrX","12592161","12592437","6","1146519"
"chrX","13781918","13782214","chrX","12634072","12634369","3","1147846"
"chrX","13797694","13797996","chrX","12649745","12650048","7","1147949"
"chrX","14030805","14031109","chrX","12884052","12884363","17","1146753"
"chrX","14057164","14057477","chrX","12910196","12910513","9","1146968"
"chrX","14188698","14188919","chr7","77503235","77503458","42","63314537"
"chrX","14231934","14232232","chrX","13106322","13106625","16","1125612"
"chrX","14237684","14237977","chrX","13112252","13112551","20","1125432"
"chrX","14262408","14262713","chrX","13136673","13136980","10","1125735"
"chrX","14496790","14497090","chrX","13377883","13378191","15","1118907"
"chrX","14992425","14992650","chr8","123732022","123732238","42","108739597"
"chrX","15022145","15022445","chrX","13906019","13906314","13","1116126"
"chrX","15167370","15167675","chr11","46020493","46020796","40","30853123"
"chrX","15192158","15192453","chr20","7476956","7477250","34","7715202"
"chrX","15198927","15199235","chr2","136356882","136357183","47","121157955"
"chrX","15211869","15212152","chr13","125180707","125180993","32","109968838"
"chrX","15228540","15228853","chrX","14003325","14003637","8","1225215"
"chrX","15247767","15248062","chrX","14023198","14023500","14","1224569"
"chrX","15354320","15354619","chrX","14129082","14129381","4","1225238"
"chrX","15393767","15394063","chrX","14175004","14175298","16","1218763"
"chrX","15460349","15460377","chr7","145790583","145790608","16","130330234"
"chrX","15460410","15460699","chrX","96267872","96268151","46","80807462"
"chrX","15530203","15530329","chr4","21810577","21810704","18","6280374"
"chrX","15678148","15678456","chrX","14474728","14475032","12","1203420"
"chrX","15703580","15703878","chrX","14505039","14505339","4","1198541"
"chrX","16512670","16512965","chr17","35549106","35549396","51","19036436"
"chrX","16640449","16640745","chrX","15454355","15454652","5","1186094"
"chrX","16674525","16674812","chrX","15488383","15488667","8","1186142"
"chrX","16770966","16771188","chrX","15577512","15577745","12","1193454"
"chrX","16822259","16822552","chrX","15628566","15628857","12","1193693"
"chrX","16861083","16861272","chr8","92892879","92893059","29","76031796"
"chrX","16975531","16975819","chr1","185490436","185490721","47","168514905"
"chrX","17041368","17041667","chrX","15849700","15849999","5","1191668"
"chrX","17094521","17094735","chrX","15901185","15901398","3","1193336"
"chrX","17159123","17159422","chrX","15966596","15966896","12","1192527"
"chrX","17185099","17185380","chrX","15992335","15992631","21","1192764"
"chrX","17342837","17343126","chrX","16158003","16158297","8","1184834"
"chrX","17562992","17563241","chr3","10313321","10313560","42","7249671"
"chrX","17621754","17621903","chr2","1470791","1470932","19","16150963"
"chrX","17861111","17861268","chrX","16640004","16640161","3","1221107"
"chrX","17863021","17863079","chr16","51701031","51701090","9","33838010"
"chrX","17863388","17863551","chr1","115529491","115529654","29","97666103"
"chrX","17969703","17969829","chr1","208774813","208774940","28","190805110"
"chrX","18021940","18022082","chr20","51964211","51964344","22","33942271"
"chrX","18323617","18323910","chr17","81148375","81148670","50","62824758"
"chrX","18448066","18448362","chrX","17208553","17208848","15","1239513"
"chrX","18465533","18465773","chrX","17225741","17225987","13","1239792"
"chrX","18503203","18503501","chrX","17265794","17266091","8","1237409"
"chrX","18541462","18541766","chrX","17304091","17304394","4","1237371"
"chrX","18548254","18548549","chrX","17310539","17310835","11","1237715"
"chrX","18555797","18555915","chr19","33511369","33511488","18","14955572"
"chrX","18966666","18966886","chrX","17729063","17729277","11","1237603"
"chrX","19789096","19789406","chr6","107428657","107428962","52","87639561"
"chrX","19913042","19913324","chrX","18705589","18705870","5","1207453"
"chrX","19946462","19946764","chrX","18747586","18747890","10","1198876"
"chrX","19947324","19947612","chr12","41553520","41553801","37","21606196"
"chrX","20149143","20149381","chr16","9253890","9254124","47","10895253"
"chrX","20347001","20347299","chrX","19136575","19136874","8","1210426"
"chrX","20406496","20406790","chrX","19196519","19196813","10","1209977"
"chrX","20489773","20490068","chrX","19286201","19286496","8","1203572"
"chrX","20506325","20506436","chr19","9574437","9574549","23","10931888"
"chrX","20549088","20549399","chrX","19345246","19345553","8","1203842"
"chrX","20570089","20570384","chrX","19366657","19366953","12","1203432"
"chrX","20598476","20598757","chrX","19394778","19395059","8","1203698"
"chrX","20758515","20758817","chr11","19598005","19598307","39","1160510"
"chrX","20979623","20979928","chrX","19781493","19781807","21","1198130"
"chrX","21088203","21088502","chr17","11551259","11551562","42","9536944"
"chrX","21295203","21295497","chrX","20104033","20104331","25","1191170"
"chrX","21777524","21777821","chrX","20600458","20600755","6","1177066"
"chrX","21787902","21788200","chr5","141011443","141011743","46","119223541"
"chrX","22046272","22046564","chrX","20897238","20897530","6","1149034"
"chrX","22112267","22112569","chr1","190016293","190016592","45","167904026"
"chrX","22152307","22152602","chr6","165507825","165508119","35","143355518"
"chrX","22194870","22195156","chrX","21049441","21049727","6","1145429"
"chrX","22237500","22237801","chrX","21086135","21086426","20","1151365"
"chrX","22260984","22261281","chrX","21100309","21100607","13","1160675"
"chrX","22297203","22297399","chr15","35680402","35680600","29","13383199"
"chrX","22329007","22329303","chrX","21170020","21170318","12","1158987"
"chrX","22330132","22330235","chr4","146102651","146102750","14","123772519"
"chrX","22338697","22339004","chr14","29316094","29316399","44","6977397"
"chrX","22372839","22373137","chrX","21200903","21201196","11","1171936"
"chrX","22374846","22375141","chrX","21202903","21203197","8","1171943"
"chrX","22383633","22383927","chrX","21213064","21213374","23","1170569"
"chrX","22390085","22390362","chrX","21210649","21210926","12","1179436"
"chrX","22424860","22425147","chrX","21253751","21254039","6","1171109"
"chrX","22449996","22450279","chrX","21277412","21277697","10","1172584"
"chrX","22469506","22469605","chrX","21297338","21297437","5","1172168"
"chrX","22511130","22511423","chrX","21341870","21342159","12","1169260"
"chrX","22519823","22520113","chrX","21353215","21353526","24","1166608"
"chrX","22538108","22538403","chrX","21374012","21374310","14","1164096"
"chrX","22561396","22561621","chrX","49595969","49596201","49","27034573"
"chrX","22595564","22595715","chr10","48352606","48352760","18","25757042"
"chrX","22621591","22621890","chrX","21450812","21451107","7","1170779"
"chrX","22636521","22636759","chrX","21465627","21465865","3","1170894"
"chrX","22653053","22653359","chr3","48389210","48389510","43","25736157"
"chrX","22738230","22738505","chr1","158524460","158524725","50","135786230"
"chrX","22783410","22783689","chrX","21605412","21605694","7","1177998"
"chrX","22938108","22938416","chrX","21757830","21758141","9","1180278"
"chrX","23014974","23015272","chrX","21834352","21834650","4","1180622"
"chrX","23060986","23061264","chr4","14605184","14605475","51","8455802"
"chrX","23094971","23095270","chrX","21907302","21907610","16","1187669"
"chrX","23112436","23112607","chrX","21925652","21925823","3","1186784"
"chrX","23145062","23145073","chr9","32916732","32916748","12","9771670"
"chrX","23145099","23145384","chrX","21958737","21959049","35","1186362"
"chrX","23204688","23204986","chr16","1356209","1356509","44","21848479"
"chrX","23376788","23376928","chr19","49564977","49565129","26","26188189"
"chrX","23578287","23578589","chrX","22395492","22395794","6","1182795"
"chrX","23627842","23628055","chr14","116874021","116874232","31","93246179"
"chrX","23732366","23732661","chrX","22556704","22557013","26","1175662"
"chrX","23767731","23768037","chr12","36444891","36445198","55","12677160"
"chrX","23833567","23833879","chrX","22665466","22665782","8","1168101"
"chrX","23847659","23847853","chr7","4037852","4038045","28","19809807"
"chrX","24233131","24233300","chr16","49782521","49782691","23","25549390"
"chrX","24233601","24233733","chr11","74966065","74966200","13","50732464"
"chrX","24454506","24454693","chr19","1909756","1909946","33","22544750"
"chrX","24673489","24673737","chr7","32522183","32522435","60","7848694"
"chrX","24915871","24916222","chr8","120139498","120139827","78","95223627"
"chrX","25426724","25427021","chrX","24270464","24270759","23","1156260"
"chrX","25459816","25460117","chrX","24302594","24302895","9","1157222"
"chrX","25492439","25492738","chrX","24334512","24334797","24","1157927"
"chrX","25493253","25493544","chrX","24335313","24335599","10","1157940"
"chrX","25511144","25511444","chrX","24353195","24353498","13","1157949"
"chrX","25593524","25593831","chr2","22436587","22436888","47","3156937"
"chrX","25627989","25628170","chrX","24471426","24471608","6","1156563"
"chrX","25673810","25673966","chrX","24519150","24519305","4","1154660"
"chrX","25717092","25717401","chrX","24563267","24563580","12","1153825"
"chrX","25879728","25879930","chr6","14150302","14150499","51","11729426"
"chrX","25971434","25971742","chrX","24822063","24822373","7","1149371"
"chrX","26088777","26089048","chr1","28219105","28219375","8","2130328"
"chrX","26140484","26140769","chrX","24990396","24990681","6","1150088"
"chrX","26204260","26204557","chrX","25052754","25053064","20","1151506"
"chrX","26417029","26417342","chrX","25281640","25281957","13","1135389"
"chrX","26755812","26756047","chr5","155254872","155255103","37","128499060"
"chrX","26842789","26843082","chrX","25734220","25734518","12","1108569"
"chrX","26926581","26926881","chrX","25814108","25814396","20","1112473"
"chrX","26939957","26940256","chr11","95163197","95163496","38","68223240"
"chrX","27097289","27097576","chrX","25988139","25988448","30","1109150"
"chrX","27111353","27111626","chrX","26003505","26003777","7","1107848"
"chrX","27165831","27166124","chrX","26055511","26055815","19","1110320"
"chrX","27430890","27431190","chrX","26324567","26324866","13","1106323"
"chrX","27548288","27548585","chr5","33708345","33708639","41","6160057"
"chrX","27597329","27597629","chrX","26484396","26484700","19","1112933"
"chrX","27612762","27613069","chrX","26496732","26497016","35","1116030"
"chrX","27642743","27643075","chrX","26527273","26527613","35","1115470"
"chrX","28345621","28345901","chrX","27238261","27238541","4","1107360"
"chrX","29038178","29038465","chrX","27935646","27935934","2","1102532"
"chrX","29041138","29041417","chrX","27938656","27938959","32","1102482"
"chrX","29059005","29059309","chrX","27957052","27957366","22","1101953"
"chrX","29124970","29125266","chr6","173551711","173552010","43","144426741"
"chrX","29279139","29279447","chrX","28172177","28172489","9","1106962"
"chrX","29474609","29474892","chr6","77077531","77077811","33","47602922"
"chrX","29503327","29503626","chrX","28398880","28399176","10","1104447"
"chrX","29653916","29654223","chrX","28549519","28549817","15","1104397"
"chrX","29768693","29768989","chrX","28662175","28662471","5","1106518"
"chrX","29769947","29770244","chr18","25179285","25179589","48","4590662"
"chrX","29861125","29861420","chrX","28745828","28746133","18","1115297"
"chrX","29915580","29915874","chrX","28801263","28801572","23","1114317"
"chrX","29967517","29967809","chrX","28857660","28857938","23","1109857"
"chrX","30197020","30197178","chrX","29082633","29082791","2","1114387"
"chrX","30298709","30298987","chrX","29182751","29183055","30","1115958"
"chrX","30582664","30582969","chrX","29464509","29464814","18","1118155"
"chrX","30747301","30747599","chrX","29643088","29643410","31","1104213"
"chrX","31336503","31336771","chrX","30247135","30247404","17","1089368"
"chrX","31361536","31361851","chrX","30265201","30265516","9","1096335"
"chrX","31497650","31497958","chrX","30391538","30391846","11","1106112"
"chrX","32029021","32029330","chrX","30926475","30926775","16","1102546"
"chrX","32160776","32161052","chrX","31053231","31053500","22","1107545"
"chrX","32308234","32308453","chr1","195714603","195714819","34","163406369"
"chrX","32332439","32332748","chrX","31229692","31229990","17","1102747"
"chrX","33000066","33000361","chrX","31897915","31898214","12","1102151"
"chrX","33144378","33144685","chr1","217770749","217771048","37","184626371"
"chrX","33170981","33171270","chrX","32074224","32074516","12","1096757"
"chrX","33172071","33172381","chr3","65976679","65976991","57","32804608"
"chrX","33196044","33196208","chr15","96440767","96440936","30","63244723"
"chrX","33196219","33196469","chr10","14985538","14985787","34","18210681"
"chrX","33251351","33251643","chrX","32153096","32153403","30","1098255"
"chrX","33430627","33430920","chrX","32335906","32336211","25","1094721"
"chrX","33492030","33492160","chr6","47849580","47849709","18","14357550"
"chrX","33541682","33541968","chr7","14923032","14923315","46","18618650"
"chrX","33648212","33648457","chrX","32551098","32551332","23","1097114"
"chrX","33717520","33717826","chr6","60822482","60822782","38","27104962"
"chrX","33941304","33941607","chr17","19744898","19745200","33","14196406"
"chrX","34098038","34098350","chr7","24104831","24105136","41","9993207"
"chrX","34124308","34124584","chr13","112546160","112546432","29","78421852"
"chrX","34399362","34399674","chrX","33296904","33297199","28","1102458"
"chrX","34487558","34487855","chrX","33374206","33374503","7","1113352"
"chrX","34618350","34618646","chrX","33508161","33508456","9","1110189"
"chrX","34703887","34704185","chr1","27513704","27514001","37","7190183"
"chrX","34870543","34870834","chrX","33763909","33764199","5","1106634"
"chrX","36632504","36632805","chr1","15587829","15588130","54","21044675"
"chrX","36969362","36969679","chrX","37016637","37016952","11","47275"
"chrX","37131412","37131719","chrX","37178971","37179278","7","47559"
"chrX","37265038","37265332","chrX","37310824","37311124","18","45786"
"chrX","37283777","37284080","chrX","37331111","37331393","26","47334"
"chrX","37301099","37301412","chrX","37348432","37348745","14","47333"
"chrX","37634734","37634883","chrX","37662209","37662355","7","27475"
"chrX","37764757","37765058","chrX","37793736","37794040","7","28979"
"chrX","37930468","37930733","chrX","37960672","37960941","17","30204"
"chrX","38038595","38038894","chrX","38073127","38073425","20","34532"
"chrX","38148724","38148907","chrX","38185481","38185664","11","36757"
"chrX","38171995","38172274","chr7","155788835","155789119","38","117616840"
"chrX","38181256","38181400","chr1","34955401","34955536","23","3225855"
"chrX","38271868","38272195","chrX","38306015","38306329","22","34147"
"chrX","38590761","38590932","chrX","38603840","38604008","6","13079"
"chrX","38600539","38600844","chr2","1378446","1378754","39","37222093"
"chrX","38687502","38687816","chr14","113708140","113708447","33","75020638"
"chrX","38785354","38785657","chr12","62982907","62983207","34","24197553"
"chrX","39005820","39006120","chrX","39006559","39006862","7","739"
"chrX","39071828","39072111","chrX","39074399","39074682","4","2571"
"chrX","39169249","39169546","chr5","33708345","33708639","37","5460904"
"chrX","39243906","39244212","chrX","39260658","39260965","9","16752"
"chrX","40232132","40232424","chrX","40266817","40267133","27","34685"
"chrX","40687638","40687923","chrX","40746901","40747186","19","59263"
"chrX","40827711","40828013","chr4","111169416","111169723","32","70341705"
"chrX","41183902","41184215","chrX","41025739","41026052","8","158163"
"chrX","41331440","41331732","chrX","41176282","41176577","8","155158"
"chrX","41348768","41348982","chrX","41193598","41193810","18","155170"
"chrX","41451182","41451286","chr3","33930781","33930895","23","7520401"
"chrX","41451328","41451493","chr2","50073640","50073802","27","8622312"
"chrX","41635450","41635764","chrX","41480159","41480472","16","155291"
"chrX","41644277","41644585","chrX","41488917","41489218","17","155360"
"chrX","41671678","41671984","chrX","41515420","41515715","19","156258"
"chrX","41688719","41689023","chrX","41534515","41534818","13","154204"
"chrX","41749594","41749900","chrX","41594616","41594925","15","154978"
"chrX","41795171","41795472","chrX","41619080","41619391","18","176091"
"chrX","41850147","41850455","chrX","41672360","41672662","23","177787"
"chrX","41877709","41877788","chr19","10482652","10482731","17","31395057"
"chrX","41934125","41934438","chr12","14273839","14274149","38","27660286"
"chrX","41944476","41944763","chrX","41773582","41773869","3","170894"
"chrX","42021081","42021385","chr5","4363548","4363854","40","37657533"
"chrX","42030471","42030761","chrX","41856895","41857193","16","173576"
"chrX","42032306","42032599","chr5","52338332","52338625","36","10306026"
"chrX","42036980","42037273","chrX","41863405","41863696","6","173575"
"chrX","42039617","42039920","chrX","41866040","41866347","11","173577"
"chrX","42043866","42044037","chr19","327379","327551","26","41716487"
"chrX","42072389","42072701","chrX","41892202","41892515","17","180187"
"chrX","42112304","42112607","chrX","41932079","41932383","7","180225"
"chrX","42114465","42114776","chrX","41934226","41934536","14","180239"
"chrX","42960941","42961267","chr19","38325976","38326301","45","4634965"
"chrX","43040661","43040974","chr17","19744898","19745200","40","23295763"
"chrX","43059825","43060111","chrX","42864811","42865087","20","195014"
"chrX","43149701","43149828","chrX","42955012","42955136","10","194689"
"chrX","43187264","43187572","chrX","42993548","42993839","20","193716"
"chrX","43503437","43503737","chrX","43313375","43313676","18","190062"
"chrX","43593113","43593407","chrX","43418250","43418544","13","174863"
"chrX","43598062","43598361","chr12","40902638","40902931","36","2695424"
"chrX","43609013","43609297","chrX","43428337","43428624","9","180676"
"chrX","43755730","43756028","chrX","43589781","43590053","35","165949"
"chrX","43813047","43813335","chr19","29913363","29913649","37","13899684"
"chrX","43817987","43818329","chr5","93507695","93508036","55","49689708"
"chrX","43900538","43900842","chrX","43733453","43733757","7","167085"
"chrX","43923590","43923876","chrX","43755896","43756182","3","167694"
"chrX","43998749","43999027","chrX","43822676","43822957","8","176073"
"chrX","44015212","44015524","chr6","42944768","42945077","41","1070444"
"chrX","44206281","44206577","chrX","44029056","44029352","4","177225"
"chrX","44231677","44231985","chrX","44054976","44055283","8","176701"
"chrX","44283429","44283725","chrX","44108632","44108943","22","174797"
"chrX","44332884","44333111","chrX","44166635","44166863","9","166249"
"chrX","44376073","44376368","chr3","80517227","80517520","40","36141154"
"chrX","44479830","44480117","chrX","44305106","44305402","27","174724"
"chrX","44481111","44481248","chr7","114727185","114727311","27","70246074"
"chrX","44546631","44546909","chr5","154319459","154319739","32","109772828"
"chrX","44550110","44550413","chr9","59510265","59510569","39","14960155"
"chrX","44558254","44558566","chrX","44389942","44390253","8","168312"
"chrX","44601435","44601787","chrX","44426862","44427214","29","174573"
"chrX","44653482","44653658","chrX","44481132","44481308","5","172350"
"chrX","44725408","44725739","chrX","44557061","44557379","32","168347"
"chrX","44775158","44775433","chr15","97061406","97061689","43","52286248"
"chrX","45029699","45030001","chrX","44867127","44867429","7","162572"
"chrX","45305484","45305665","chr6","125808305","125808485","39","80502821"
"chrX","45380673","45380845","chrX","108306188","108306359","34","62925515"
"chrX","45559755","45559866","chrX","104464779","104464890","40","58905024"
"chrX","45602264","45602561","chrX","45479174","45479478","12","123090"
"chrX","45682543","45682833","chrX","45557452","45557742","2","125091"
"chrX","45694514","45694795","chrX","45569822","45570137","41","124692"
"chrX","45701995","45702283","chrX","45579709","45580000","14","122286"
"chrX","45740809","45741106","chrX","45616934","45617241","13","123875"
"chrX","45759460","45759760","chrX","45640068","45640368","6","119392"
"chrX","45784851","45785154","chrX","45667912","45668216","7","116939"
"chrX","45802933","45803241","chrX","45678998","45679303","12","123935"
"chrX","45864612","45864897","chr1","201459340","201459639","59","155594728"
"chrX","45871386","45871547","chr4","6664487","6664644","29","39206899"
"chrX","45989801","45990020","chrX","45875081","45875300","5","114720"
"chrX","46015877","46016051","chr4","36117524","36117702","26","9898353"
"chrX","46016352","46016364","chr9","32916732","32916748","10","13099620"
"chrX","46017610","46017949","chr7","113864426","113864732","78","67846816"
"chrX","46118030","46118321","chrX","46009179","46009471","5","108851"
"chrX","46131787","46132093","chrX","46025948","46026254","3","105839"
"chrX","46145601","46145887","chrX","46041941","46042231","9","103660"
"chrX","46189877","46190143","chrX","38582812","38583080","37","7607065"
"chrX","46323369","46323680","chr2","127547491","127547799","37","81224122"
"chrX","46328181","46328493","chrX","46226287","46226599","10","101894"
"chrX","46417629","46417943","chr5","81865990","81866295","69","35448361"
"chrX","46474006","46474314","chr9","110392060","110392354","64","63918054"
"chrX","46643277","46643626","chr8","8410474","8410814","63","38232803"
"chrX","46648436","46648736","chrX","46582664","46582960","6","65772"
"chrX","46652330","46652640","chrX","46586561","46586871","10","65769"
"chrX","46751950","46752234","chr7","146815755","146816039","44","100063805"
"chrX","46791219","46791503","chrX","46726124","46726418","17","65095"
"chrX","46868471","46868774","chrX","46803114","46803423","10","65357"
"chrX","47145194","47145494","chrX","47107100","47107397","11","38094"
"chrX","47276167","47276477","chrX","47241303","47241623","18","34864"
"chrX","47284689","47284961","chrX","47249894","47250190","29","34795"
"chrX","47462695","47462998","chrX","47426987","47427283","14","35708"
"chrX","47540351","47540587","chr2","87143660","87143902","36","39603309"
"chrX","47653856","47654140","chr1","185490436","185490721","39","137836580"
"chrX","47728054","47728365","chrX","47694079","47694386","11","33975"
"chrX","48153291","48153586","chrX","48207329","48207620","7","54038"
"chrX","48288201","48288488","chrX","48355061","48355364","24","66860"
"chrX","48337729","48338011","chrX","48401182","48401464","2","63453"
"chrX","48362797","48362971","chr6","132712830","132712998","26","84350033"
"chrX","48398654","48398959","chrX","48483721","48484025","22","85067"
"chrX","48415486","48415774","chr20","66358182","66358460","51","17942696"
"chrX","48505682","48505962","chrX","48570956","48571236","7","65274"
"chrX","48529278","48529574","chr2","113692060","113692354","37","65162782"
"chrX","49171527","49171818","chrX","49561973","49562258","15","390446"
"chrX","49173300","49173585","chrX","37331111","37331393","32","11842189"
"chrX","49203856","49204088","chrX","49595969","49596201","4","392113"
"chrX","49244481","49244782","chrX","49637926","49638218","14","393445"
"chrX","49314474","49314786","chr2","184554529","184554839","42","135240055"
"chrX","49371457","49371757","chrX","49804736","49805041","12","433279"
"chrX","49374642","49374946","chr12","36444891","36445198","46","12929751"
"chrX","49441977","49442256","chr2","122588850","122589128","36","73146873"
"chrX","49463202","49463506","chrX","49899421","49899722","14","436219"
"chrX","49481300","49481603","chrX","49921471","49921769","9","440171"
"chrX","49486438","49486664","chrX","49920860","49921087","6","434422"
"chrX","49524634","49524926","chrX","49959963","49960255","4","435329"
"chrX","49525406","49525715","chr12","39915072","39915374","41","9610334"
"chrX","49605256","49605426","chrX","50037885","50038055","4","432629"
"chrX","49630309","49630620","chr13","72339460","72339771","42","22709151"
"chrX","49658370","49658670","chrX","50092204","50092506","9","433834"
"chrX","49728967","49729265","chrX","50163604","50163911","17","434637"
"chrX","49879437","49879740","chrX","50313786","50314089","4","434349"
"chrX","49963555","49963857","chrX","50400803","50401104","11","437248"
"chrX","49988327","49988499","chr9","32461858","32462037","37","17526469"
"chrX","50079627","50079879","chrX","50462430","50462677","11","382803"
"chrX","50105958","50106248","chrX","50485518","50485826","27","379560"
"chrX","50160126","50160430","chr6","89170891","89171200","41","39010765"
"chrX","50185969","50186253","chr18","18732837","18733130","45","31453132"
"chrX","50280233","50280399","chr7","70306375","70306541","25","20026142"
"chrX","50290151","50290481","chrX","50676158","50676466","28","386007"
"chrX","50332386","50332683","chrX","50721778","50722076","13","389392"
"chrX","50415994","50416283","chrX","50807215","50807507","9","391221"
"chrX","50426774","50427072","chrX","50818362","50818659","8","391588"
"chrX","50432821","50433093","chr1","202369567","202369834","69","151936746"
"chrX","50476160","50476330","chrX","50867026","50867196","2","390866"
"chrX","50534380","50534682","chr16","50210124","50210424","51","324256"
"chrX","50566706","50566926","chr11","53142761","53142982","25","2576055"
"chrX","50616590","50616850","chr4","133598472","133598734","53","82981882"
"chrX","50647607","50647794","chr14","31856154","31856328","42","18791453"
"chrX","50656205","50656501","chrX","51041887","51042179","8","385682"
"chrX","50690914","50691219","chrX","51079108","51079413","1","388194"
"chrX","50693732","50694028","chrX","51079701","51080001","12","385969"
"chrX","50758462","50758754","chrX","51165804","51166099","6","407342"
"chrX","50795238","50795406","chr1","19775982","19776154","32","31019256"
"chrX","50813108","50813367","chr15","6438791","6439051","28","44374317"
"chrX","51215779","51216081","chrX","51732848","51733139","26","517069"
"chrX","51813373","51813676","chrX","52139539","52139843","7","326166"
"chrX","52212183","52212475","chrX","52592572","52592863","11","380389"
"chrX","52249727","52250025","chrX","52631837","52632135","14","382110"
"chrX","52349687","52349996","chrX","52738486","52738792","10","388799"
"chrX","52526868","52527189","chrX","52921583","52921900","13","394715"
"chrX","52950741","52951024","chr1","185490436","185490721","58","132539695"
"chrX","53106844","53107101","chrX","53558554","53558812","13","451710"
"chrX","53577647","53577951","chrX","54878077","54878381","4","1300430"
"chrX","53622357","53622620","chrX","54924877","54925138","9","1302520"
"chrX","53645152","53645449","chrX","54947682","54947978","7","1302530"
"chrX","54293258","54293544","chrX","55348539","55348821","11","1055281"
"chrX","54666524","54666833","chrX","55742113","55742412","17","1075589"
"chrX","55185066","55185339","chr5","66838556","66838826","55","11653490"
"chrX","55227421","55227736","chr7","3930681","3930993","53","51296740"
"chrX","55520743","55521047","chr15","99181840","99182132","40","43661097"
"chrX","55595627","55595923","chr1","30339159","30339452","59","25256468"
"chrX","55617266","55617577","chr18","15131537","15131838","42","40485729"
"chrX","55636712","55637012","chrX","56786885","56787182","12","1150173"
"chrX","55640507","55640803","chrX","56790715","56791022","20","1150208"
"chrX","55679411","55679718","chrX","56829724","56830027","6","1150313"
"chrX","55697557","55697862","chrX","56847873","56848175","11","1150316"
"chrX","55769186","55769468","chr1","207081299","207081582","41","151312113"
"chrX","56132914","56133066","chrX","57332831","57332984","9","1199917"
"chrX","57313161","57313463","chrX","59024036","59024338","12","1710875"
"chrX","57485150","57485335","chr6","125808305","125808485","31","68323155"
"chrX","57485383","57485486","chr7","121165894","121166000","23","63680511"
"chrX","57928469","57928771","chrX","59678002","59678316","16","1749533"
"chrX","58070016","58070325","chrX","59819821","59820130","4","1749805"
"chrX","58153202","58153502","chr7","150967583","150967879","57","92814381"
"chrX","58341260","58341559","chrX","60081310","60081612","8","1740050"
"chrX","58876863","58877123","chr18","27477745","27478003","46","31399118"
"chrX","58986159","58986459","chrX","60721048","60721350","6","1734889"
"chrX","59058023","59058306","chr3","12839612","12839895","31","46218411"
"chrX","59179293","59179611","chrX","60902852","60903147","40","1723559"
"chrX","59193776","59194071","chrX","60918150","60918441","20","1724374"
"chrX","59501714","59502003","chrX","61244195","61244513","33","1742481"
"chrX","59756228","59756529","chrX","61508181","61508481","8","1751953"
"chrX","59782054","59782287","chrX","61536953","61537186","2","1754899"
"chrX","59918863","59919145","chrX","61669077","61669368","16","1750214"
"chrX","59948174","59948351","chrX","61687446","61687620","9","1739272"
"chrX","60000284","60000609","chrX","61734762","61735082","16","1734478"
"chrX","60222678","60222987","chrX","61951015","61951321","15","1728337"
"chrX","60225888","60226142","chrX","61954233","61954488","3","1728345"
"chrX","60471977","60472135","chrX","62196973","62197131","3","1724996"
"chrX","60492936","60493247","chr2","72353167","72353481","37","11860231"
"chrX","60677463","60677751","chrX","62400740","62401029","4","1723277"
"chrX","60681792","60682079","chr2","41662345","41662636","32","19019447"
"chrX","60706356","60706633","chr3","171610616","171610898","35","110904260"
"chrX","60870047","60870354","chrX","62584003","62584308","9","1713956"
"chrX","60885171","60885454","chrX","62600915","62601205","14","1715744"
"chrX","60998693","60999016","chr15","16901206","16901530","41","44097487"
"chrX","61031131","61031145","chr9","32916732","32916748","12","28114399"
"chrX","61031224","61031512","chr19","12102217","12102504","36","48929007"
"chrX","61056652","61056846","chr11","106808702","106808923","55","45752050"
"chrX","61088362","61088634","chrX","62692448","62692740","26","1604086"
"chrX","61117952","61118116","chrX","62711058","62711220","3","1593106"
"chrX","61123113","61123206","chrX","62719211","62719304","0","1596098"
"chrX","61165381","61165557","chr11","57418414","57418583","25","3746967"
"chrX","61188287","61188431","chr4","113121927","113122072","37","51933640"
"chrX","61199689","61199991","chrX","62802744","62803045","14","1603055"
"chrX","61300282","61300585","chrX","62892879","62893182","10","1592597"
"chrX","61311086","61311367","chrX","62904223","62904518","26","1593137"
"chrX","61312226","61312519","chrX","62905379","62905672","1","1593153"
"chrX","61333562","61333637","chr1","93907446","93907507","26","32573884"
"chrX","61341881","61342174","chr2","113692060","113692354","35","52350179"
"chrX","61387624","61387928","chrX","62980351","62980655","8","1592727"
"chrX","61394796","61395087","chrX","62987521","62987814","8","1592725"
"chrX","61894787","61895093","chrX","63463979","63464280","13","1569192"
"chrX","61986630","61986915","chrX","63562758","63563041","7","1576128"
"chrX","62009577","62009809","chrX","63587622","63587855","3","1578045"
"chrX","62036363","62036506","chrX","63609429","63609572","2","1573066"
"chrX","62038318","62038631","chr2","85086256","85086568","36","23047938"
"chrX","62055749","62056046","chrX","63629299","63629599","10","1573550"
"chrX","62448894","62449138","chrX","64031119","64031344","22","1582225"
"chrX","62502877","62503168","chr10","90862207","90862499","31","28359330"
"chrX","63126506","63126638","chrX","64729355","64729497","13","1602849"
"chrX","63537861","63538158","chr2","183784653","183784952","35","120246792"
"chrX","63553569","63553879","chrX","28745828","28746133","35","34807741"
"chrX","63554221","63554504","chrX","65133103","65133389","12","1578882"
"chrX","63555153","63555450","chrX","65134042","65134339","3","1578889"
"chrX","63592861","63593156","chrX","65172689","65172987","12","1579828"
"chrX","63672510","63672801","chrX","65235889","65236180","5","1563379"
"chrX","63719896","63720197","chrX","65283817","65284107","25","1563921"
"chrX","63760869","63760999","chrX","65326665","65326793","9","1565796"
"chrX","63827785","63828073","chrX","65395332","65395621","8","1567547"
"chrX","63866781","63867074","chrX","65435706","65436002","9","1568925"
"chrX","63927039","63927180","chrX","65491826","65491967","4","1564787"
"chrX","63949574","63949818","chrX","65515837","65516109","32","1566263"
"chrX","63974595","63974909","chrX","65541243","65541547","17","1566648"
"chrX","64045141","64045443","chr5","140103285","140103581","36","76058144"
"chrX","64231005","64231119","chr11","124133737","124133853","15","59902732"
"chrX","64304986","64305082","chr9","16510882","16510978","9","47794104"
"chrX","64754053","64754357","chrX","66306930","66307224","21","1552877"
"chrX","65399387","65399665","chrX","66981116","66981394","1","1581729"
"chrX","65770810","65771115","chrX","67240193","67240493","10","1469383"
"chrX","65875514","65875801","chr6","73243917","73244202","40","7368403"
"chrX","65914855","65915138","chr6","123303588","123303876","42","57388733"
"chrX","66399083","66399384","chrX","67981438","67981751","19","1582355"
"chrX","66577918","66578099","chrX","68163275","68163440","19","1585357"
"chrX","66584104","66584409","chrX","68169455","68169761","7","1585351"
"chrX","66664082","66664245","chrX","68249522","68249677","12","1585440"
"chrX","66756043","66756317","chr6","69141111","69141393","53","2385068"
"chrX","66816274","66816587","chrX","68394937","68395239","19","1578663"
"chrX","66910280","66910583","chrX","68499723","68500000","34","1589443"
"chrX","66915049","66915275","chr7","33048980","33049204","33","33866069"
"chrX","67960189","67960332","chrX","69371212","69371369","17","1411023"
"chrX","68545500","68545785","chrX","70037618","70037905","11","1492118"
"chrX","68654426","68654728","chrX","70168881","70169183","9","1514455"
"chrX","68699276","68699577","chrX","70210247","70210546","12","1510971"
"chrX","68956808","68957110","chrX","33033919","33034230","40","35922889"
"chrX","69558815","69559108","chr7","38962613","38962910","42","30596202"
"chrX","69818512","69818808","chrX","71156845","71157141","6","1338333"
"chrX","70207691","70208006","chrX","71518599","71518914","8","1310908"
"chrX","70596712","70597020","chr20","3990225","3990526","39","66606487"
"chrX","70946197","70946523","chr9","45534598","45534922","51","25411599"
"chrX","71048096","71048137","chr6","115876586","115876628","11","44828490"
"chrX","71298920","71299181","chr4","111656108","111656369","56","40357188"
"chrX","71464390","71464713","chrX","72811565","72811889","25","1347175"
"chrX","71925460","71925742","chr4","30877239","30877517","45","41048221"
"chrX","72003045","72003343","chrX","73356633","73356931","9","1353588"
"chrX","72150282","72150583","chrX","73494988","73495300","25","1344706"
"chrX","72685028","72685295","chrX","74078543","74078810","4","1393515"
"chrX","72820349","72820654","chrX","74259269","74259548","32","1438920"
"chrX","73373684","73373857","chrX","74826931","74827104","3","1453247"
"chrX","73566174","73566470","chr2","91106585","91106878","49","17540411"
"chrX","73762369","73762659","chrX","75183046","75183344","18","1420677"
"chrX","73845397","73845709","chrX","75264825","75265138","8","1419428"
"chrX","73926430","73926713","chr6","43081590","43081880","50","30844840"
"chrX","74376357","74376668","chr8","101936464","101936769","50","27560107"
"chrX","74528203","74528512","chrX","75987292","75987602","10","1459089"
"chrX","74918496","74918826","chrX","76370606","76370946","20","1452110"
"chrX","75101548","75101816","chrX","76562467","76562735","13","1460919"
"chrX","75782904","75783192","chrX","77258683","77258971","6","1475779"
"chrX","76013438","76013755","chrX","77533698","77534014","18","1520260"
"chrX","76088836","76089133","chrX","77598285","77598581","27","1509449"
"chrX","76176978","76177288","chrX","77683587","77683890","14","1506609"
"chrX","76597112","76597289","chr15","38907370","38907545","37","37689742"
"chrX","76599120","76599431","chrX","78093106","78093401","28","1493986"
"chrX","76847013","76847299","chr3","8567260","8567539","45","68279753"
"chrX","76905760","76906057","chrX","78381547","78381848","19","1475787"
"chrX","77149885","77150034","chrX","78619660","78619809","3","1469775"
"chrX","77332092","77332262","chrX","78822994","78823170","11","1490902"
"chrX","77566749","77567034","chrX","79052398","79052706","37","1485649"
"chrX","77866264","77866569","chr1","37689627","37689933","41","40176637"
"chrX","78032339","78032518","chrX","79534223","79534402","5","1501884"
"chrX","78392239","78392527","chr5","33087413","33087697","39","45304826"
"chrX","78627900","78628208","chr2","64105619","64105928","37","14522281"
"chrX","79080399","79080697","chrX","80588298","80588577","26","1507899"
"chrX","79160150","79160456","chr14","29316094","29316399","43","49844056"
"chrX","79717795","79718083","chrX","81212200","81212488","5","1494405"
"chrX","79774493","79774764","chr8","15824606","15824869","50","63949887"
"chrX","80729397","80729564","chr7","109090487","109090649","24","28361090"
"chrX","80729601","80729725","chrX","45680943","45681066","14","35048658"
"chrX","80936851","80937125","chrX","82377818","82378092","8","1440967"
"chrX","81372783","81373069","chrX","82857879","82858167","19","1485096"
"chrX","81528324","81528615","chrX","83013448","83013735","14","1485124"
"chrX","82276840","82277125","chr8","48780520","48780803","46","33496320"
"chrX","83052434","83052753","chrX","84536645","84536964","11","1484211"
"chrX","83369062","83369358","chrX","84865023","84865323","16","1495961"
"chrX","84013481","84013599","chr3","43168812","43168927","14","40844669"
"chrX","84048146","84048422","chr1","185490436","185490721","40","101442290"
"chrX","84405759","84406068","chr2","149003574","149003882","56","64597815"
"chrX","85082399","85082679","chrX","86590571","86590873","33","1508172"
"chrX","85110838","85111139","chr20","67506862","67507158","34","17603976"
"chrX","85437201","85437495","chrX","86944688","86945019","42","1507487"
"chrX","85596197","85596408","chrX","87104057","87104268","5","1507860"
"chrX","85678963","85679251","chr19","45457642","45457930","41","40221321"
"chrX","85689931","85690244","chrX","87198842","87199137","22","1508911"
"chrX","85691515","85691774","chr7","358708","358979","51","85332807"
"chrX","85722518","85722815","chr2","1378446","1378754","37","84344072"
"chrX","85733220","85733391","chr11","57418414","57418583","19","28314806"
"chrX","85754722","85755019","chrX","87266073","87266370","10","1511351"
"chrX","85764258","85764551","chr3","65680011","65680303","30","20084247"
"chrX","85777599","85777918","chrX","87283956","87284257","30","1506357"
"chrX","85789135","85789434","chrX","87297031","87297331","18","1507896"
"chrX","85824724","85825015","chr1","138283945","138284230","42","52459221"
"chrX","85950692","85951005","chr5","34520368","34520681","43","51430324"
"chrX","86093877","86094173","chrX","87600702","87601006","16","1506825"
"chrX","86319974","86320253","chrX","87818878","87819152","10","1498904"
"chrX","86461219","86461379","chr14","115527591","115527763","42","29066372"
"chrX","86500001","86500143","chr8","120633281","120633417","23","34133280"
"chrX","86833449","86833758","chrX","88345305","88345589","36","1511856"
"chrX","86925810","86926116","chrX","88438646","88438953","12","1512836"
"chrX","87219820","87220122","chrX","88738897","88739199","8","1519077"
"chrX","88091243","88091454","chrX","89598427","89598638","5","1507184"
"chrX","88144669","88144975","chr9","21814130","21814437","43","66330539"
"chrX","88569459","88569750","chrX","90086451","90086743","5","1516992"
"chrX","88649996","88650295","chrX","90166647","90166947","20","1516651"
"chrX","88716397","88716642","chr14","49797675","49797921","40","38918722"
"chrX","88915175","88915451","chrX","90434770","90435048","5","1519595"
"chrX","88935168","88935438","chrX","90454504","90454774","2","1519336"
"chrX","89232184","89232420","chr6","133107480","133107708","31","43875296"
"chrX","89475840","89476064","chr19","2522109","2522332","33","86953731"
"chrX","89491537","89491825","chr19","11320558","11320846","31","78170979"
"chrX","89502851","89503147","chr19","48174971","48175267","35","41327880"
"chrX","89653255","89653567","chrX","91174804","91175113","19","1521549"
"chrX","89663638","89663945","chrX","91186653","91186959","9","1523015"
"chrX","89672549","89672811","chr13","8787760","8788014","38","80884789"
"chrX","89676757","89676905","chr1","29749515","29749661","21","59927242"
"chrX","89735465","89735762","chrX","91261909","91262202","9","1526444"
"chrX","90332864","90333175","chrX","91781568","91781877","13","1448704"
"chrX","91049352","91049528","chr14","31856154","31856328","23","59193198"
"chrX","91077230","91077471","chr18","12679863","12680106","27","78397367"
"chrX","91327791","91328104","chrX","92710815","92711128","4","1383024"
"chrX","91341100","91341398","chr3","132087062","132087356","39","40745962"
"chrX","91497382","91497671","chrX","92885237","92885527","6","1387855"
"chrX","91570088","91570395","chrX","92959696","92959997","15","1389608"
"chrX","92105069","92105375","chr1","217432797","217433108","55","125327728"
"chrX","92154407","92154698","chrX","93414166","93414457","8","1259759"
"chrX","92465703","92466015","chr8","139487238","139487542","45","47021535"
"chrX","92493962","92494255","chr17","20774702","20774990","42","71719260"
"chrX","92764086","92764385","chrX","93928478","93928777","6","1164392"
"chrX","93253511","93253797","chrX","94427547","94427837","13","1174036"
"chrX","93539827","93540130","chrX","94754324","94754621","21","1214497"
"chrX","93729257","93729541","chrX","122466724","122467006","43","28737467"
"chrX","93799565","93799792","chrX","95031479","95031706","3","1231914"
"chrX","94496080","94496225","chrX","95776295","95776455","20","1280215"
"chrX","94899596","94899901","chrX","96192885","96193194","17","1293289"
"chrX","94980775","94981054","chrX","96267872","96268151","7","1287097"
"chrX","95113916","95114211","chr3","83610987","83611284","43","11502929"
"chrX","95455500","95455806","chrX","96741204","96741505","9","1285704"
"chrX","95577412","95577726","chrX","96862690","96863005","16","1285278"
"chrX","95675863","95676126","chr15","6438791","6439051","52","89237072"
"chrX","96436106","96436408","chrX","97698207","97698514","9","1262101"
"chrX","97392330","97392506","chrX","98664233","98664422","14","1271903"
"chrX","97586349","97586648","chrX","98868449","98868749","21","1282100"
"chrX","99072912","99073059","chrX","100353455","100353602","9","1280543"
"chrX","99142830","99143156","chr3","153425123","153425425","61","54282293"
"chrX","99206895","99207176","chrX","100490066","100490347","7","1283171"
"chrX","99256314","99256626","chrX","100540812","100541092","41","1284498"
"chrX","99423200","99423522","chrX","100723034","100723356","6","1299834"
"chrX","99668617","99668925","chrX","100974231","100974543","10","1305614"
"chrX","100153327","100153637","chrX","101466666","101466974","14","1313339"
"chrX","100597867","100597984","chr13","42929451","42929566","11","57668416"
"chrX","100608942","100609219","chr18","51916046","51916312","33","48692896"
"chrX","100630560","100630733","chr1","19775982","19776154","23","80854578"
"chrX","100631050","100631183","chr1","129824074","129824204","14","29193024"
"chrX","100646310","100646613","chrX","101949448","101949756","14","1303138"
"chrX","100766319","100766630","chr18","40369374","40369685","32","60396945"
"chrX","100963433","100963695","chr8","119022458","119022717","40","18059025"
"chrX","101249042","101249351","chr1","119540011","119540320","45","18290969"
"chrX","101279260","101279557","chrX","102527020","102527318","8","1247760"
"chrX","101282032","101282320","chrX","102529799","102530103","26","1247767"
"chrX","101292909","101293220","chr2","99563115","99563421","45","1729794"
"chrX","101678580","101678845","chr7","65059371","65059641","64","36619209"
"chrX","101784500","101784672","chr15","96440767","96440936","20","5343733"
"chrX","102236653","102236964","chr15","80015430","80015747","47","22221223"
"chrX","102477154","102477453","chr3","103027932","103028243","47","550778"
"chrX","102614633","102614922","chrX","103883275","103883565","7","1268642"
"chrX","103039389","103039701","chrX","104299542","104299838","30","1260153"
"chrX","103052932","103053092","chr2","128526383","128526556","38","25473451"
"chrX","103091909","103092209","chrX","110816799","110817099","5","7724890"
"chrX","103923510","103923805","chrX","117025475","117025770","6","13101965"
"chrX","104250593","104250890","chrX","117346833","117347129","6","13096240"
"chrX","104258391","104258687","chrX","117346833","117347129","5","13088442"
"chrX","104315897","104316194","chr7","38962613","38962910","37","65353284"
"chrX","104646040","104646356","chrX","117739528","117739844","6","13093488"
"chrX","104677883","104677969","chrX","117770003","117770089","2","13092120"
"chrX","104734437","104734743","chrX","117827337","117827640","7","13092900"
"chrX","104771778","104772083","chrX","117864307","117864617","11","13092529"
"chrX","104950690","104950891","chr17","90135026","90135219","48","14815664"
"chrX","105090454","105090694","chrX","118149034","118149273","6","13058580"
"chrX","105205834","105206112","chrX","118273722","118274000","5","13067888"
"chrX","105257928","105258076","chr1","191784249","191784400","24","86526321"
"chrX","105290012","105290348","chrX","118360090","118360402","26","13070078"
"chrX","105388019","105388316","chrX","118461603","118461897","10","13073584"
"chrX","105392879","105393094","chrX","118466459","118466674","4","13073580"
"chrX","105416334","105416589","chrX","118489939","118490201","12","13073605"
"chrX","105469484","105469610","chrX","45680943","45681066","40","59788541"
"chrX","105492950","105493060","chrX","49249693","49249806","15","56243257"
"chrX","105516882","105517027","chrX","118583092","118583237","1","13066210"
"chrX","105638455","105638747","chrX","118711382","118711672","8","13072927"
"chrX","105649527","105649815","chrX","118723688","118723979","12","13074161"
"chrX","105758182","105758452","chr14","18431699","18431969","37","87326483"
"chrX","106469420","106469677","chr3","82725909","82726158","54","23743511"
"chrX","106906040","106906350","chr9","14337314","14337624","33","92568726"
"chrX","106917236","106917528","chr12","86464875","86465165","40","20452361"
"chrX","106959073","106959377","chrX","120079352","120079655","6","13120279"
"chrX","107289958","107290153","chr16","8494592","8494776","49","98795366"
"chrX","107825724","107826020","chrX","120947713","120948039","38","13121989"
"chrX","107876162","107876358","chrX","120990844","120991043","3","13114682"
"chrX","107940426","107940736","chrX","121056541","121056869","27","13116115"
"chrX","108080781","108081081","chrX","121201561","121201856","18","13120780"
"chrX","108100431","108100650","chr4","27591390","27591605","48","80509041"
"chrX","108561669","108561957","chrX","121693570","121693858","14","13131901"
"chrX","108586972","108587232","chr1","202369567","202369834","56","93782595"
"chrX","108633776","108633938","chrX","121765809","121765979","9","13132033"
"chrX","108839582","108839920","chr10","79680941","79681245","71","29158641"
"chrX","108934930","108935202","chrX","122068895","122069169","9","13133965"
"chrX","109058532","109058811","chr10","77350859","77351141","34","31707673"
"chrX","109092266","109092559","chr1","203971002","203971296","52","94878736"
"chrX","109340806","109341104","chrX","122466724","122467006","25","13125918"
"chrX","109479847","109480097","chrX","122606792","122607042","4","13126945"
"chrX","109510477","109510639","chr6","132712830","132712998","32","23202353"
"chrX","109550913","109551208","chrX","122687724","122688019","4","13136811"
"chrX","109574949","109575239","chrX","122706819","122707108","8","13131870"
"chrX","109680143","109680428","chr16","29781633","29781918","47","79898510"
"chrX","109693316","109693599","chrX","122819264","122819546","6","13125948"
"chrX","109816949","109817254","chrX","122944488","122944790","12","13127539"
"chrX","109968237","109968543","chrX","123090394","123090696","9","13122157"
"chrX","110040750","110041049","chrX","123157344","123157646","9","13116594"
"chrX","110085670","110085974","chrX","123202498","123202799","10","13116828"
"chrX","110104150","110104454","chrX","28745828","28746133","36","81358322"
"chrX","110125316","110125600","chrX","123241469","123241770","29","13116153"
"chrX","110173303","110173433","chr1","113374605","113374734","17","3201302"
"chrX","110227666","110227795","chr9","12425282","12425412","12","97802384"
"chrX","110470578","110470871","chrX","123600136","123600441","18","13129558"
"chrX","110608754","110609059","chrX","123733441","123733753","16","13124687"
"chrX","110886589","110886770","chr4","36117524","36117702","33","74769065"
"chrX","110918167","110918471","chrX","124034615","124034922","14","13116448"
"chrX","110938085","110938288","chrX","124054373","124054573","7","13116288"
"chrX","110969863","110969977","chrX","124105168","124105289","9","13135305"
"chrX","111134355","111134622","chrX","124269764","124270034","19","13135409"
"chrX","111432190","111432500","chr2","64105619","64105928","38","47326571"
"chrX","111796905","111797201","chrX","124937362","124937658","6","13140457"
"chrX","111869692","111869994","chr11","45807292","45807598","51","66062400"
"chrX","111883300","111883608","chrX","125023279","125023573","22","13139979"
"chrX","111888340","111888630","chrX","125028830","125029120","16","13140490"
"chrX","111915445","111915754","chr1","4309311","4309612","43","107606134"
"chrX","111937881","111938171","chrX","125078576","125078875","19","13140695"
"chrX","111947372","111947677","chrX","125088444","125088749","11","13141072"
"chrX","111986442","111986737","chrX","125125357","125125665","35","13138915"
"chrX","112439505","112439832","chr1","73868577","73868894","51","38570928"
"chrX","112486478","112486698","chrX","125653898","125654128","11","13167420"
"chrX","112701267","112701480","chrX","125875266","125875503","26","13173999"
"chrX","112748125","112748417","chrX","125923038","125923331","8","13174913"
"chrX","112768327","112768641","chrX","125942537","125942856","12","13174210"
"chrX","113009754","113010031","chr1","204450394","204450670","50","91440640"
"chrX","113153961","113154270","chr11","130732753","130733057","45","17578792"
"chrX","113200877","113201119","chrX","126316247","126316490","3","13115370"
"chrX","114316503","114316810","chrX","127448362","127448670","6","13131859"
"chrX","114435839","114436124","chr7","38273323","38273618","49","76162516"
"chrX","114607481","114607789","chrX","127753294","127753599","19","13145813"
"chrX","114970388","114970699","chr1","114181857","114182168","45","788531"
"chrX","115068821","115069103","chr15","101909506","101909787","34","13159315"
"chrX","115169163","115169268","JH680850","1","107","10","115169162"
"chrX","115186492","115186800","chrX","128247380","128247691","15","13060888"
"chrX","115202823","115202984","chr1","109244867","109245026","27","5957956"
"chrX","115227429","115227564","chr11","17562972","17563113","36","97664457"
"chrX","115312160","115312440","chrX","128349147","128349427","7","13036987"
"chrX","115506506","115506799","chrX","128542140","128542432","9","13035634"
"chrX","115652210","115652491","chrX","128677593","128677902","44","13025383"
"chrX","115701227","115701506","chrX","128721881","128722161","10","13020654"
"chrX","115822452","115822723","chr2","149177090","149177349","48","33354638"
"chrX","115891554","115891838","chr7","161221119","161221406","32","45329565"
"chrX","115940062","115940364","chrX","128950527","128950835","19","13010465"
"chrX","116050888","116051197","chrX","129064495","129064796","14","13013607"
"chrX","116062079","116062373","chrX","129075977","129076264","19","13013898"
"chrX","116068926","116069225","chrX","129082790","129083085","19","13013864"
"chrX","116158351","116158648","chrX","129164523","129164824","9","13006172"
"chrX","116277403","116277708","chrX","129278666","129278976","14","13001263"
"chrX","116390498","116390796","chrX","129378165","129378463","8","12987667"
"chrX","116418603","116418892","chrX","129406191","129406488","44","12987588"
"chrX","116432898","116433172","chrX","129420321","129420603","23","12987423"
"chrX","116447911","116448216","chrX","129435683","129435992","8","12987772"
"chrX","116450048","116450372","chrX","129437822","129438144","7","12987774"
"chrX","116515441","116515749","chrX","129505927","129506236","11","12990486"
"chrX","116522160","116522426","chr17","26618587","26618852","41","89903573"
"chrX","116548685","116548861","chr7","4037852","4038045","35","112510833"
"chrX","116548862","116548984","chr10","85466670","85466773","35","31082192"
"chrX","116625520","116625816","chrX","19286201","19286496","41","97339319"
"chrX","116662880","116663057","chrX","129653548","129653735","12","12990668"
"chrX","116849318","116849626","chr7","135901664","135901969","45","19052346"
"chrX","117439672","117439931","chrX","130437292","130437551","6","12997620"
"chrX","117600314","117600611","chrX","130594413","130594711","19","12994099"
"chrX","117642544","117642854","chrX","130636160","130636470","7","12993616"
"chrX","118069752","118069959","chrX","131057492","131057705","12","12987740"
"chrX","118290537","118290843","chr14","103835697","103835997","37","14454840"
"chrX","118327185","118327263","chrX","131304892","131304971","1","12977707"
"chrX","118338295","118338607","chrX","131315889","131316185","23","12977594"
"chrX","118386704","118387007","chrX","131369514","131369826","30","12982810"
"chrX","118752538","118752678","chrX","131776366","131776505","3","13023828"
"chrX","118896166","118896449","chrX","131922210","131922504","23","13026044"
"chrX","118929615","118929918","chrX","131955103","131955403","15","13025488"
"chrX","120036809","120037095","chrX","133029088","133029384","25","12992279"
"chrX","120448283","120448583","chrX","133432413","133432699","20","12984130"
"chrX","120543166","120543434","chrX","133528771","133529068","39","12985605"
"chrX","120544319","120544613","chrX","133529953","133530244","13","12985634"
"chrX","120779429","120779735","chrX","54878077","54878381","61","65901352"
"chrX","120927272","120927578","chrX","133937872","133938179","8","13010600"
"chrX","121227899","121227958","chr16","51701031","51701090","12","69526868"
"chrX","121228262","121228419","chr12","19037809","19037962","25","102190453"
"chrX","121486160","121486463","chrX","134514005","134514311","12","13027845"
"chrX","121659726","121659996","chrX","134693042","134693313","13","13033316"
"chrX","121946260","121946542","chr20","57239532","57239814","42","64706728"
"chrX","122629665","122629955","chrX","135657915","135658205","2","13028250"
"chrX","123394904","123395052","chrX","136439947","136440095","2","13045043"
"chrX","123657880","123658190","chrX","136684549","136684858","8","13026669"
"chrX","124288013","124288311","chr6","163619345","163619645","25","39331332"
"chrX","124426652","124426959","chr13","15274636","15274950","43","109152016"
"chrX","124449608","124449889","chrX","137526021","137526290","24","13076413"
"chrX","124921900","124922204","chrX","138000717","138001018","7","13078817"
"chrX","125239858","125240166","chrX","138325461","138325769","2","13085603"
"chrX","125394431","125394569","chrX","138478628","138478770","7","13084197"
"chrX","125412105","125412386","chrX","138496280","138496588","31","13084175"
"chrX","125412414","125412441","chr7","145790583","145790608","15","20378169"
"chrX","125447535","125447840","chrX","138528042","138528340","15","13080507"
"chrX","125504283","125504591","chrX","138585754","138586062","10","13081471"
"chrX","125547722","125548021","chrX","138628696","138628989","13","13080974"
"chrX","125566588","125566881","chr7","7747271","7747563","35","117819317"
"chrX","126110757","126111061","chr13","57520502","57520807","39","68590255"
"chrX","126607122","126607251","chrX","139665133","139665262","1","13058011"
"chrX","126884198","126884505","chr5","52925183","52925484","46","73959015"
"chrX","127863266","127863387","chr1","10670794","10670914","21","117192472"
"chrX","127863682","127863742","chr5","89598423","89598483","17","38265259"
"chrX","128042822","128043123","chrX","141077221","141077501","26","13034399"
"chrX","128247557","128247769","chr1","31210003","31210195","40","97037554"
"chrX","128248080","128248211","chr16","17989294","17989423","13","110258786"
"chrX","128278543","128278709","chrX","141321543","141321709","3","13043000"
"chrX","128321000","128321294","chrX","141368848","141369157","23","13047848"
"chrX","128369406","128369702","chrX","141419593","141419910","24","13050187"
"chrX","128409652","128409859","chr15","22574221","22574418","33","105835431"
"chrX","128426198","128426286","chr2","144342143","144342235","22","15915945"
"chrX","128465684","128465974","chr16","50124359","50124643","57","78341325"
"chrX","128468696","128469007","chrX","141523200","141523512","19","13054504"
"chrX","128489774","128490046","chr18","63761555","63761838","49","64728219"
"chrX","128501149","128501452","chrX","141557089","141557388","15","13055940"
"chrX","128647822","128648131","chrX","141684126","141684432","8","13036304"
"chrX","128693690","128693997","chr17","17603362","17603666","40","111090328"
"chrX","128731552","128731823","chrX","141834027","141834326","32","13102475"
"chrX","129044958","129044996","chr7","17149939","17149980","9","111895019"
"chrX","129236071","129236225","chrX","142278602","142278756","4","13042531"
"chrX","129359926","129360205","chr10","77350859","77351141","43","52009067"
"chrX","129698086","129698383","chr10","70305897","70306189","53","59392189"
"chrX","129935876","129936174","chrX","143007023","143007321","9","13071147"
"chrX","129939443","129939732","chrX","143010547","143010836","7","13071104"
"chrY","31733","32024","chr1","124758274","124758558","58","124726541"
"chrY","67336","67546","chr5","75875219","75875429","44","75807883"
"chrY","135259","135569","chr7","128884186","128884494","40","128748927"
"chrY","182860","182973","chr11","131780560","131780675","17","131597700"
"chrY","405267","405569","chr11","7934665","7934963","45","7529398"
"chrY","422565","422868","chr3","175585996","175586300","45","175163431"
"chrY","429647","429941","chr18","1423021","1423311","52","993374"
"chrY","486141","486443","chr3","46477170","46477469","53","45991029"
"chrY","630592","630902","chr6","132494448","132494758","44","131863856"
"chrY","637236","637549","chr7","19119407","19119712","60","18482171"
"chrY","697583","697878","chr3","165115458","165115755","57","164417875"
"chrY","702336","702623","chr1","9757752","9758036","56","9055416"
"chrY","805346","805632","chr14","18784482","18784775","48","17979136"
"chrY","823743","823903","chr8","39522470","39522626","34","38698727"
"chrY","843012","843331","chr1","101368002","101368302","60","100524990"
"chrY","991655","991817","chr3","51396905","51397062","28","50405250"
"chrY","992118","992251","chr16","17989294","17989423","19","16997176"
"chrY","997095","997372","chr15","31891084","31891361","58","30893989"
"chrY","1132613","1132877","chr8","119503398","119503666","76","118370785"
"chrY","1175682","1175844","chr12","59239946","59240109","37","58064264"
"chrY","1176137","1176274","chr1","30028124","30028263","16","28851987"
"chrY","1304266","1304576","chr2","1378446","1378754","43","74180"
"chrY","1328104","1328163","chr13","25118544","25118597","20","23790440"
"chrY","1368011","1368306","chr19","12000253","12000547","41","10632242"
"chrY","1925581","1925909","chr11","110304299","110304606","74","108378718"
"chrY","2130713","2131013","chr2","5999410","5999718","56","3868697"
"chrY","2526967","2527267","chr16","11613672","11613971","45","9086705"
"chrY","2614670","2614890","chr5","164520488","164520691","62","161905818"
"chrY","2697281","2697520","chr10","60501266","60501506","49","57803985"
"chrY","2774142","2774421","chr20","57239532","57239814","57","54465390"
"chrY","2898766","2899035","chr1","181306364","181306632","63","178407598"
"chrY","3014929","3015060","chr7","131094416","131094546","30","128079487"
"chrY","3056217","3056528","chr1","21412647","21412940","72","18356430"
"chrY","3374197","3374478","chr6","131955746","131956023","59","128581549"
"chrY","3579380","3579676","chr5","24131193","24131495","85","20551813"
"chrY","3582127","3582434","chr1","37689627","37689933","59","34107500"
"chrY","3597902","3598189","chrX","103883275","103883565","58","100285373"
"chrY","3660527","3660803","chr1","209925986","209926266","66","206265459"
"chrY","3667320","3667682","chrX","56682913","56683255","102","53015593"
"chrY","3801294","3801575","chr1","79418880","79419161","76","75617586"
"chrY","3884731","3884835","chr1","185736977","185737081","16","181852246"
"chrY","3926282","3926587","chr1","17988490","17988802","51","14062208"
"chrY","3951712","3951993","chr7","2033478","2033755","51","1918234"
"chrY","3952068","3952356","chr15","82707577","82707867","41","78755509"
"chrY","3996378","3996686","chr11","12397569","12397890","88","8401191"
"chrY","4317776","4318043","chr4","29222355","29222646","84","24904579"
"chrY","4356374","4356620","chr6","68617418","68617673","83","64261044"
"chrY","4405078","4405377","chr15","96903197","96903496","52","92498119"
"chrY","4462542","4462820","chr14","50563677","50563961","58","46101135"
"chrY","4473492","4473750","chr18","55480731","55481002","77","51007239"
"chrY","4623172","4623337","chr7","107056664","107056829","36","102433492"
"chrY","5247254","5247564","chr4","102895456","102895758","96","97648202"
"chrY","5357185","5357483","chr13","100072689","100072985","54","94715504"
"chrY","5430707","5430970","chr5","153019407","153019691","65","147588700"
"chrY","5677840","5678081","chr8","120044448","120044693","56","114366608"
"chrY","5779559","5779726","chr20","66727640","66727807","41","60948081"
"chrY","5922069","5922273","chr1","91629686","91629882","66","85707617"
"chr10","18350063","18350366","chr6","131769846","131770146","41","113419783"
"chr10","54263701","54264007","chr7","18226959","18227258","46","36036742"
"chr10","155090","155349","chr16","61954636","61954893","55","61799546"
"chr10","237162","237455","chr13","127289020","127289315","14","127051858"
"chr10","585853","586135","chr13","126881822","126882119","17","126295969"
"chr10","609843","610126","chr5","153019407","153019691","36","152409564"
"chr10","613292","613591","chr15","59450258","59450554","57","58836966"
"chr10","655102","655332","chr13","126818426","126818657","7","126163324"
"chr10","930334","930643","chr13","126537448","126537747","24","125607114"
"chr10","980171","980476","chr13","126486943","126487248","19","125506772"
"chr10","1067170","1067454","chr13","126398591","126398885","19","125331421"
"chr10","1245414","1245713","chr13","126217774","126218077","11","124972360"
"chr10","1245889","1246104","chr13","126217452","126217696","36","124971563"
"chr10","1481155","1481482","chr14","35794683","35795004","48","34313528"
"chr10","1739720","1739841","chr13","125705777","125705898","3","123966057"
"chr10","1832771","1833066","chr13","125615309","125615606","4","123782538"
"chr10","2008085","2008377","chr17","35549106","35549396","50","33541021"
"chr10","2073800","2074094","chr13","125376494","125376789","18","123302694"
"chr10","2104640","2104937","chr13","125342113","125342410","16","123237473"
"chr10","2107006","2107297","chr13","125339761","125340051","7","123232755"
"chr10","2139631","2139918","chr13","125308365","125308653","8","123168734"
"chr10","2158513","2158784","chr13","125286869","125287150","25","123128356"
"chr10","2164530","2164608","chr1","10498242","10498322","19","8333712"
"chr10","2171960","2171973","chr9","32916732","32916748","10","30744772"
"chr10","2172276","2172438","chr8","36317246","36317401","32","34144970"
"chr10","2173088","2173109","chr9","32916732","32916748","12","30743644"
"chr10","2220833","2221119","chr13","125223593","125223882","7","123002760"
"chr10","2223746","2224035","chr13","125220681","125220967","13","122996935"
"chr10","2255667","2255973","chr2","144217349","144217649","41","141961682"
"chr10","2286903","2287214","chr19","41547606","41547915","36","39260703"
"chr10","2296689","2296988","chr13","125145976","125146275","22","122849287"
"chr10","2299495","2299805","chr2","1378446","1378754","35","921049"
"chr10","2378782","2379051","chr13","125063436","125063705","12","122684654"
"chr10","2383555","2383881","chr13","125059618","125059938","20","122676063"
"chr10","2416818","2416954","chr13","125026533","125026669","1","122609715"
"chr10","2505112","2505388","chr7","106086360","106086628","40","103581248"
"chr10","2522807","2523115","chr13","124920543","124920851","15","122397736"
"chr10","2613909","2614187","chr8","20380804","20381083","35","17766895"
"chr10","2771512","2771792","chr13","124669503","124669783","6","121897991"
"chr10","2777271","2777570","chr13","124663903","124664202","15","121886632"
"chr10","2852719","2853027","chr5","101329543","101329852","40","98476824"
"chr10","2853349","2853643","chr13","124586882","124587199","33","121733533"
"chr10","2951399","2951670","chr13","124489636","124489900","11","121538237"
"chr10","2964687","2964976","chr13","124475760","124476055","19","121511073"
"chr10","2988324","2988623","chr13","124452091","124452389","15","121463767"
"chr10","3017356","3017651","chr13","124420133","124420435","13","121402777"
"chr10","3053720","3054025","chr13","124384437","124384723","34","121330717"
"chr10","3231774","3232041","chr11","104066862","104067105","62","100835088"
"chr10","3518031","3518337","chr16","52300516","52300824","45","48782485"
"chr10","3701876","3702186","chr13","123761480","123761796","17","120059604"
"chr10","3720068","3720277","chr1","202123535","202123748","31","198403467"
"chr10","3737785","3738082","chr13","123723843","123724136","13","119986058"
"chr10","3800144","3800443","chr13","123652755","123653059","20","119852611"
"chr10","3879052","3879341","chr13","123566565","123566855","21","119687513"
"chr10","3994723","3994988","chr13","123442575","123442851","31","119447852"
"chr10","4562412","4562719","chr3","12962418","12962725","40","8400006"
"chr10","4616098","4616387","chr3","41327006","41327297","42","36710908"
"chr10","4649087","4649386","chr13","122787638","122787933","25","118138551"
"chr10","4687791","4688111","chr13","122752074","122752395","15","118064283"
"chr10","4784250","4784540","chr13","122648018","122648311","7","117863768"
"chr10","4847509","4847817","chrX","51079108","51079413","43","46231599"
"chr10","5118455","5118770","chr13","122309775","122310083","22","117191320"
"chr10","5194733","5195031","chr13","122232782","122233082","18","117038049"
"chr10","5334798","5335110","chr12","36444891","36445198","42","31110093"
"chr10","5553749","5554006","chr13","121873585","121873842","15","116319836"
"chr10","5842670","5842964","chr13","121579950","121580249","16","115737280"
"chr10","6074124","6074429","chr13","121347961","121348266","7","115273837"
"chr10","6343554","6343851","chr13","121083073","121083375","27","114739519"
"chr10","6395372","6395679","chr13","121032187","121032489","13","114636815"
"chr10","6881416","6881725","chr13","120570950","120571250","12","113689534"
"chr10","7605600","7605895","chr13","119835571","119835864","18","112229971"
"chr10","7689785","7690091","chrX","12634072","12634369","72","4944287"
"chr10","7890379","7890675","chr13","119542812","119543111","14","111652433"
"chr10","8165022","8165326","chr17","19744898","19745200","47","11579876"
"chr10","8219637","8219940","chr13","119206745","119207048","14","110987108"
"chr10","8558282","8558540","chr13","118866051","118866309","5","110307769"
"chr10","8562168","8562464","chr13","118861870","118862167","19","110299702"
"chr10","8572487","8572781","chr13","118851705","118851999","7","110279218"
"chr10","8714698","8714928","chr10","29979152","29979383","55","21264454"
"chr10","8730115","8730411","chr13","118690910","118691192","25","109960795"
"chr10","8745004","8745307","chr13","118676012","118676309","13","109931008"
"chr10","8771249","8771556","chr13","118652112","118652415","21","109880863"
"chr10","8952890","8953173","chr13","118471980","118472269","15","109519090"
"chr10","9106918","9107223","chr13","118318240","118318547","15","109211322"
"chr10","9143923","9144240","chr13","118278911","118279215","22","109134988"
"chr10","9176531","9176828","chr5","56659009","56659306","41","47482478"
"chr10","9177878","9178190","chr13","118243552","118243864","7","109065674"
"chr10","9210475","9210785","chr13","118210380","118210688","16","108999905"
"chr10","9711151","9711445","chr13","117706473","117706766","14","107995322"
"chr10","9750684","9750996","chr2","184554529","184554839","40","174803845"
"chr10","9804093","9804354","chr13","117611352","117611616","16","107807259"
"chr10","9867439","9867764","chr13","117548795","117549116","19","107681356"
"chr10","9986388","9986679","chr13","117428077","117428367","18","107441689"
"chr10","10252742","10252882","chr2","1470791","1470932","19","8781951"
"chr10","10302393","10302693","chr13","117126172","117126471","8","106823779"
"chr10","10448166","10448473","chr13","116980568","116980865","17","106532402"
"chr10","10542781","10542931","chr13","116885929","116886075","7","106343148"
"chr10","10607175","10607457","chr6","145117584","145117864","43","134510409"
"chr10","10645476","10645776","chr6","131769846","131770146","35","121124370"
"chr10","10732403","10732709","chr13","116697805","116698121","28","105965402"
"chr10","11963100","11963383","chr1","138283945","138284230","36","126320845"
"chr10","12208071","12208386","chr13","115194457","115194757","25","102986386"
"chr10","12416083","12416360","chr13","114988463","114988761","40","102572380"
"chr10","12416408","12416423","chr9","32916732","32916748","12","20500324"
"chr10","12534380","12534575","chr3","43924148","43924347","30","31389768"
"chr10","12906043","12906324","chr13","114458234","114458526","30","101552191"
"chr10","13572447","13572736","chr13","113778783","113779092","36","100206336"
"chr10","13709979","13710291","chr13","113634739","113635045","16","99924760"
"chr10","14081101","14081409","chr13","113254483","113254782","19","99173382"
"chr10","14359768","14360078","chr5","173975721","173976034","41","159615953"
"chr10","14410983","14411234","chr13","112916099","112916350","9","98505116"
"chr10","14600920","14601207","chr13","112714725","112715027","29","98113805"
"chr10","14700610","14700892","chr13","112618428","112618723","31","97917818"
"chr10","14709371","14709679","chr18","41064044","41064355","37","26354673"
"chr10","14765526","14765798","chr13","112546160","112546432","13","97780634"
"chr10","14816613","14816807","chr13","112496180","112496378","9","97679567"
"chr10","14962208","14962499","chr13","112346313","112346605","9","97384105"
"chr10","15011747","15011916","chr13","112296857","112297021","16","97285110"
"chr10","15124930","15125238","chr13","112183064","112183359","21","97058134"
"chr10","15341847","15342152","chr13","111971852","111972148","19","96630005"
"chr10","15436124","15436413","chr13","111880301","111880591","14","96444177"
"chr10","15622319","15622636","chrX","141419593","141419910","60","125797274"
"chr10","15789679","15789952","chr13","111524793","111525080","20","95735114"
"chr10","15877152","15877443","chr13","111435664","111435957","21","95558512"
"chr10","16066386","16066696","chr13","111242383","111242689","21","95175997"
"chr10","16081010","16081308","chr13","111228021","111228319","8","95147011"
"chr10","16223755","16224047","chrX","128542140","128542432","33","112318385"
"chr10","16308911","16309222","chr13","111003368","111003684","13","94694457"
"chr10","16456810","16457099","chr13","110851364","110851653","7","94394554"
"chr10","16463104","16463382","chr16","18176399","18176675","32","1713295"
"chr10","16464649","16464929","chr6","77077531","77077811","34","60612882"
"chr10","16466791","16467088","chr13","110837450","110837747","16","94370659"
"chr10","16477251","16477529","chr16","18176399","18176675","31","1699148"
"chr10","16481274","16481548","chr13","110827362","110827639","19","94346088"
"chr10","16561922","16562229","chr13","110744702","110745014","16","94182780"
"chr10","16612239","16612545","chr13","110695336","110695642","19","94083097"
"chr10","16716486","16716814","chr2","184554529","184554839","55","167838043"
"chr10","17147274","17147572","chr13","110154905","110155213","23","93007631"
"chr10","17251311","17251602","chr13","110051235","110051530","15","92799924"
"chr10","17923380","17923690","chr13","109376894","109377187","32","91453514"
"chr10","18903275","18903571","chr13","108373941","108374239","12","89470666"
"chr10","19165790","19166100","chr10","20475942","20476247","43","1310152"
"chr10","19202151","19202447","chr13","108071700","108071996","5","88869549"
"chr10","19217029","19217347","chr19","30012489","30012798","39","10795460"
"chr10","19321262","19321565","chr2","146643216","146643525","38","127321954"
"chr10","19422596","19422862","chr13","107848586","107848851","6","88425990"
"chr10","19470980","19471173","chr19","8134719","8134907","35","11336261"
"chr10","19471512","19471604","chr19","3726793","3726882","21","15744719"
"chr10","19488838","19489143","chr13","107776314","107776622","14","88287476"
"chr10","19491117","19491418","chr13","107774057","107774348","17","88282940"
"chr10","19618629","19618884","chr13","107648459","107648715","8","88029830"
"chr10","19701016","19701310","chr13","107568236","107568529","4","87867220"
"chr10","19780133","19780466","JH680086","161954","162265","52","19618179"
"chr10","19814966","19815276","chr1","7745956","7746264","48","12069010"
"chr10","19815777","19816061","chr13","107456017","107456297","15","87640240"
"chr10","19817481","19817762","chr13","107454329","107454612","14","87636848"
"chr10","19867832","19868138","chr13","107401173","107401480","15","87533341"
"chr10","19906885","19906972","chr13","107362377","107362464","3","87455492"
"chr10","19928910","19929173","chr13","107338645","107338901","16","87409735"
"chr10","19929868","19930174","chr13","107337622","107337931","13","87407754"
"chr10","19936483","19936626","chr19","32578416","32578547","40","12641933"
"chr10","19944116","19944346","chr13","107329018","107329248","6","87384902"
"chr10","19960605","19960914","chr13","107305324","107305627","14","87344719"
"chr10","20016349","20016496","chr13","107246533","107246677","5","87230184"
"chr10","20024492","20024791","chr13","107238252","107238558","14","87213760"
"chr10","20091256","20091450","chr5","129275158","129275347","34","109183902"
"chr10","20132535","20132819","chr13","107125782","107126068","12","86993247"
"chr10","20191833","20192126","chr9","3464128","3464432","56","16727705"
"chr10","20198708","20199018","chr8","31090815","31091119","52","10892107"
"chr10","21177528","21177644","chr13","106058258","106058374","1","84880730"
"chr10","21301901","21302209","chr13","105926576","105926915","37","84624675"
"chr10","21378177","21378379","chr13","105842925","105843150","34","84464748"
"chr10","21530617","21530915","chr13","105683939","105684237","10","84153322"
"chr10","21679537","21679858","chr5","58453652","58453961","50","36774115"
"chr10","22244647","22244928","chr13","105179073","105179371","25","82934426"
"chr10","23544170","23544491","chr12","399857","400177","10","23144313"
"chr10","23566557","23566717","chr8","93036051","93036201","35","69469494"
"chr10","23608211","23608495","chr12","469299","469573","17","23138912"
"chr10","24022617","24022921","chr2","176864663","176864968","47","152842046"
"chr10","24050256","24050537","chr14","31994543","31994824","57","7944287"
"chr10","24405034","24405257","chr12","1275442","1275665","5","23129592"
"chr10","24588281","24588553","chr4","41467287","41467553","61","16879006"
"chr10","25068586","25068882","chr12","1956569","1956865","9","23112017"
"chr10","25207344","25207626","chr12","2098278","2098560","10","23109066"
"chr10","25681489","25681782","chr9","21113838","21114132","35","4567651"
"chr10","25960505","25960821","chr12","2885912","2886248","32","23074593"
"chr10","26041521","26041628","chr2","82653175","82653280","16","56611654"
"chr10","26111929","26112229","chr12","3040722","3041034","21","23071207"
"chr10","26176378","26176672","chr6","141581481","141581779","40","115405103"
"chr10","26646414","26646715","chr12","3590404","3590718","32","23056010"
"chr10","26944107","26944386","chrX","96267872","96268151","37","69323765"
"chr10","27074044","27074310","chr12","4019184","4019485","40","23054860"
"chr10","27432027","27432312","chr12","4374727","4375006","11","23057300"
"chr10","27464616","27464909","chr12","4406838","4407144","26","23057778"
"chr10","27680742","27681019","chr12","4622742","4623042","27","23058000"
"chr10","27781187","27781440","chr14","103920743","103920990","37","76139556"
"chr10","27799627","27799911","chr12","4736032","4736316","8","23063595"
"chr10","28017211","28017517","chr18","49887705","49888015","44","21870494"
"chr10","28162199","28162506","chr4","127797953","127798259","47","99635754"
"chr10","28432275","28432419","chr12","5392160","5392304","2","23040115"
"chr10","28553312","28553579","chr12","5510882","5511150","8","23042430"
"chr10","28571330","28571545","chr13","26440053","26440284","53","2131277"
"chr10","29382013","29382335","chr12","6332384","6332706","5","23049629"
"chr10","29445566","29445839","chr11","64124862","64125139","34","34679296"
"chr10","29645598","29645901","chr12","6596749","6597055","13","23048849"
"chr10","29671456","29671740","chr12","6618020","6618304","5","23053436"
"chr10","29706766","29707061","chr2","147796910","147797205","40","118090144"
"chr10","30052193","30052500","chr12","6993813","6994120","11","23058380"
"chr10","30297309","30297320","chr9","32916732","32916748","12","2619423"
"chr10","30297349","30297638","chr12","7238275","7238578","29","23059074"
"chr10","30527607","30527785","chr3","41676489","41676661","30","11148882"
"chr10","30787212","30787437","chrX","110620384","110620600","54","79833172"
"chr10","30900480","30900782","chr12","7838293","7838595","9","23062187"
"chr10","31067250","31067564","chr12","8003468","8003780","14","23063782"
"chr10","31400121","31400414","chr12","8331549","8331844","4","23068572"
"chr10","31473292","31473578","chr12","8404827","8405113","8","23068465"
"chr10","31565669","31565958","chr5","112094166","112094451","45","80528497"
"chr10","31951323","31951623","chr12","8891549","8891845","9","23059774"
"chr10","31960003","31960281","chr12","8899855","8900142","20","23060148"
"chr10","32352164","32352448","chr12","9291987","9292269","5","23060177"
"chr10","33019631","33019883","chr12","9937560","9937815","12","23082071"
"chr10","33155471","33155748","chr12","10074237","10074499","22","23081234"
"chr10","33243697","33244009","chr12","10161737","10162005","49","23081960"
"chr10","33641244","33641436","chr12","10555122","10555314","2","23086122"
"chr10","33990596","33990878","chr12","10893290","10893572","9","23097306"
"chr10","33991798","33992095","chr12","10894489","10894789","9","23097309"
"chr10","34069219","34069522","chr12","10969918","10970221","14","23099301"
"chr10","34342182","34342396","chr10","85487388","85487584","60","51145206"
"chr10","34342403","34342458","chr8","118526342","118526403","18","84183939"
"chr10","34342477","34342628","chr6","6116388","6116542","29","28226089"
"chr10","34828784","34829076","chr12","11719969","11720259","8","23108815"
"chr10","34978436","34978576","chrX","64729355","64729497","20","29750919"
"chr10","35526000","35526306","chr12","12393668","12393965","22","23132332"
"chr10","35536558","35536859","chr12","12404222","12404520","14","23132336"
"chr10","35578853","35579155","chr12","12445302","12445599","10","23133551"
"chr10","35648404","35648691","chr12","12513813","12514100","18","23134591"
"chr10","35916498","35916801","chr12","12771598","12771899","16","23144900"
"chr10","36133768","36134062","chr12","12981861","12982164","19","23151907"
"chr10","36234549","36234755","chrX","15901185","15901398","37","20333364"
"chr10","36330560","36330846","chr16","4799199","4799484","36","31531361"
"chr10","36352873","36353156","chr12","13201205","13201488","7","23151668"
"chr10","36525071","36525351","chr12","13365954","13366256","27","23159117"
"chr10","36547943","36548234","chr12","13388039","13388330","6","23159904"
"chr10","36572201","36572501","chr12","13411724","13412028","16","23160477"
"chr10","36688729","36689095","chr20","26247523","26247905","82","10441206"
"chr10","36706139","36706446","chr12","13544897","13545199","15","23161242"
"chr10","36758200","36758480","chr12","13593279","13593557","6","23164921"
"chr10","36810508","36810797","chr4","145350533","145350824","47","108540025"
"chr10","36829184","36829493","chr12","13663751","13664051","17","23165433"
"chr10","36862225","36862511","chr12","13695168","13695457","11","23167057"
"chr10","36870291","36870585","chr12","13702277","13702583","23","23168014"
"chr10","37007816","37007928","chr12","58937248","58937363","15","21929432"
"chr10","37111975","37112279","chr12","13946745","13947048","7","23165230"
"chr10","37227673","37227892","chr12","14063897","14064116","3","23163776"
"chr10","37229668","37229957","chr12","14065900","14066189","2","23163768"
"chr10","37290483","37290794","chr12","14125686","14126005","25","23164797"
"chr10","37447126","37447436","chr12","14273839","14274149","11","23173287"
"chr10","37471338","37471644","chr12","14297068","14297374","19","23174270"
"chr10","37497495","37497795","chr12","14323265","14323574","25","23174230"
"chr10","37497807","37497968","chr12","36368206","36368373","33","1129601"
"chr10","37541635","37541945","chr2","99907775","99908087","37","62366140"
"chr10","37577287","37577584","chr12","14400990","14401287","11","23176297"
"chr10","37589017","37589287","chr12","14413287","14413579","28","23175730"
"chr10","37634795","37635015","chr12","14456874","14457087","11","23177921"
"chr10","37653660","37653790","chr7","131094416","131094546","15","93440756"
"chr10","37770568","37770864","chr12","14566579","14566874","9","23203989"
"chr10","37841065","37841377","chr1","111274601","111274900","49","73433536"
"chr10","37853817","37854104","chr12","14650378","14650665","8","23203439"
"chr10","37999604","37999690","chr2","99731115","99731207","19","61731511"
"chr10","38021801","38022083","chr12","14814712","14815005","21","23207089"
"chr10","38022448","38022738","chr12","14815370","14815661","11","23207078"
"chr10","38022750","38022933","chr1","127998511","127998699","29","89975761"
"chr10","38023447","38023738","chr12","14816176","14816470","13","23207271"
"chr10","38247762","38247929","chr1","115529491","115529654","32","77281729"
"chr10","38248232","38248352","chr10","14835359","14835473","27","23412873"
"chr10","38308375","38308657","chr6","65010362","65010661","85","26701987"
"chr10","38327839","38328134","chr12","15111733","15112045","23","23216106"
"chr10","38329295","38329593","chr12","15111733","15112045","25","23217562"
"chr10","38512216","38512383","chr12","15295327","15295483","16","23216889"
"chr10","38623792","38624095","chr12","15401315","15401616","7","23222477"
"chr10","38809540","38809834","chr13","100072689","100072985","42","61263149"
"chr10","38910920","38911203","chr12","15689422","15689699","13","23221498"
"chr10","39368753","39368900","chr5","33217691","33217847","56","6151062"
"chr10","39398589","39398889","chr12","16173960","16174260","11","23224629"
"chr10","39998268","39998444","chrX","21556652","21556824","36","18441616"
"chr10","39998448","39998523","chr1","10498242","10498322","19","29500206"
"chr10","40053243","40053526","chr12","16619036","16619328","13","23434207"
"chr10","40394714","40395014","chr8","27479124","27479422","38","12915590"
"chr10","40545177","40545351","chr8","90244989","90245174","34","49699812"
"chr10","40827176","40827480","chr12","17379511","17379830","23","23447665"
"chr10","41082975","41083168","chr7","147198353","147198553","41","106115378"
"chr10","41318027","41318365","chr12","17866974","17867280","46","23451053"
"chr10","41436680","41436954","chr12","17981161","17981450","22","23455519"
"chr10","41580988","41581141","chr2","148844712","148844866","30","107263724"
"chr10","41796936","41797133","chr12","18346792","18346977","20","23450144"
"chr10","41958314","41958600","chr12","18500129","18500421","9","23458185"
"chr10","42041120","42041427","chr12","18580858","18581158","23","23460262"
"chr10","42067301","42067609","chr13","24299174","24299481","46","17768127"
"chr10","42435386","42435667","chr4","30877239","30877517","37","11558147"
"chr10","42526408","42526561","chr12","19037809","19037962","1","23488599"
"chr10","42827616","42827833","chr14","67602221","67602438","29","24774605"
"chr10","43165254","43165548","chr12","19659391","19659685","12","23505863"
"chr10","43223689","43223972","chr1","181221931","181222214","39","137998242"
"chr10","43273246","43273543","chr12","19767873","19768167","8","23505373"
"chr10","43412251","43412549","chr12","19901640","19901941","13","23510611"
"chr10","43436134","43436440","chr12","19924731","19925028","14","23511403"
"chr10","43895458","43895727","chr12","20389809","20390079","7","23505649"
"chr10","43898589","43898869","chr16","64472090","64472369","30","20573501"
"chr10","44135866","44135966","chr18","24552652","24552750","15","19583214"
"chr10","44247971","44248252","chr4","153173836","153174115","43","108925865"
"chr10","44366829","44367130","chr12","20847578","20847880","15","23519251"
"chr10","44400918","44401217","chr12","20880875","20881172","5","23520043"
"chr10","44473278","44473587","chr12","20955900","20956207","12","23517378"
"chr10","44495861","44496160","chr12","20975960","20976259","11","23519901"
"chr10","44577098","44577245","chr4","33666535","33666674","31","10910563"
"chr10","44649404","44649533","chr6","151225508","151225637","15","106576104"
"chr10","44783023","44783323","chr1","115267243","115267542","37","70484220"
"chr10","44835329","44835474","chr1","91364391","91364543","36","46529062"
"chr10","44835785","44835921","chr7","67494514","67494644","17","22658729"
"chr10","44858405","44858693","chr12","21320685","21320950","31","23537720"
"chr10","44894741","44894999","chr4","85163630","85163884","47","40268889"
"chr10","44944239","44944471","chr15","81334484","81334714","44","36390245"
"chr10","45004183","45004485","chr3","171304056","171304356","57","126299873"
"chr10","45008515","45008675","chr19","3336615","3336785","34","41671900"
"chr10","45075556","45075846","chr16","22333231","22333523","40","22742325"
"chr10","45076008","45076064","chr13","1581395","1581445","13","43494613"
"chr10","45116903","45117024","chr20","51796168","51796290","27","6679265"
"chr10","45128318","45128514","chr12","21580394","21580568","25","23547924"
"chr10","45585555","45585864","chr12","22028159","22028467","14","23557396"
"chr10","45766204","45766330","chr12","22209041","22209167","4","23557163"
"chr10","45977209","45977520","chr12","22414564","22414863","14","23562645"
"chr10","46117285","46117582","chr12","22557049","22557342","17","23560236"
"chr10","46152483","46152785","chr12","22592684","22592980","13","23559799"
"chr10","46468481","46468650","chr12","22910837","22911006","3","23557644"
"chr10","46483572","46483877","chr12","22925921","22926227","17","23557651"
"chr10","46702590","46702814","chr13","54510741","54510968","52","7808151"
"chr10","46705704","46705991","chr12","23153091","23153389","21","23552613"
"chr10","47162039","47162330","chr12","23627143","23627435","12","23534896"
"chr10","47226766","47227061","chr12","23697323","23697613","9","23529443"
"chr10","47239370","47239679","chr12","23709867","23710170","12","23529503"
"chr10","47478082","47478286","chr12","23951102","23951305","4","23526980"
"chr10","48105884","48106094","chr12","24570610","24570850","35","23535274"
"chr10","48507628","48507935","chr12","24975181","24975484","29","23532447"
"chr10","48555541","48555833","chr12","25020377","25020668","15","23535164"
"chr10","48682275","48682438","chr12","25144495","25144662","6","23537780"
"chr10","49078474","49078691","chr12","25551359","25551576","9","23527115"
"chr10","49394596","49394894","chr12","25864605","25864889","39","23529991"
"chr10","49506744","49507010","chr8","90356405","90356661","35","40849661"
"chr10","49813841","49814129","chr10","3168032","3168316","39","46645809"
"chr10","50291253","50291541","chr7","40869381","40869677","34","9421872"
"chr10","50314526","50314835","chr12","26778753","26779059","32","23535773"
"chr10","50342794","50343102","chr12","26806728","26807036","3","23536066"
"chr10","50562962","50563216","chr12","27025954","27026210","9","23537008"
"chr10","50640057","50640286","chr12","27103906","27104123","19","23536151"
"chr10","50847326","50847574","chr12","27308062","27308312","12","23539264"
"chr10","51006025","51006331","chr12","27462197","27462492","17","23543828"
"chr10","51155636","51155936","chr12","27606881","27607177","12","23548755"
"chr10","51458106","51458301","chr12","27901774","27901967","15","23556332"
"chr10","51742950","51743241","chr12","28188948","28189238","7","23554002"
"chr10","51746232","51746493","chr12","28192227","28192479","21","23554005"
"chr10","52672907","52673207","chr12","29113454","29113754","14","23559453"
"chr10","52738021","52738313","chr12","29180631","29180927","10","23557390"
"chr10","52738326","52738446","chr17","47664623","47664744","15","5073703"
"chr10","52738453","52738733","chr12","29180631","29180927","42","23557822"
"chr10","52876855","52876964","chr18","49133671","49133782","24","3743184"
"chr10","52876965","52877039","chr2","51005632","51005699","20","1871333"
"chr10","52877040","52877295","chr12","29312012","29312271","18","23565028"
"chr10","53218484","53218658","chr7","159988918","159989092","35","106770434"
"chr10","53222396","53222499","chr9","11702725","11702829","13","41519671"
"chr10","53432985","53433273","chr5","153019407","153019691","46","99586422"
"chr10","53542943","53543256","chr12","29957011","29957327","9","23585932"
"chr10","53566027","53566323","chr13","82762068","82762362","45","29196041"
"chr10","53733639","53733947","chr12","30145818","30146129","14","23587821"
"chr10","53764402","53764694","chr12","30175057","30175350","4","23589345"
"chr10","53788489","53788532","chr19","42483575","42483613","11","11304914"
"chr10","53788543","53788644","chr3","161267605","161267705","22","107479062"
"chr10","53827103","53827407","chr12","30237157","30237459","6","23589946"
"chr10","53837802","53838099","chr12","30248389","30248686","6","23589413"
"chr10","53846794","53847052","chr3","81141378","81141650","81","27294584"
"chr10","53876266","53876566","chr12","30285678","30285978","13","23590588"
"chr10","53920220","53920516","chr12","30329541","30329837","12","23590679"
"chr10","54031703","54032013","chr1","42353131","42353436","47","11678572"
"chr10","54131437","54131738","chr12","30537569","30537883","26","23593868"
"chr10","54158257","54158569","chr12","30562967","30563275","14","23595290"
"chr10","54251160","54251479","chr12","30652709","30653034","18","23598451"
"chr10","54623686","54623943","chr18","12679863","12680106","47","41943823"
"chr10","54998114","54998449","chr12","31386254","31386569","35","23611860"
"chr10","55035321","55035535","chr10","90905310","90905528","35","35869989"
"chr10","55035546","55035760","chr10","90905310","90905528","35","35869764"
"chr10","55062945","55063249","chr12","31453036","31453340","5","23609909"
"chr10","55088896","55089190","chr10","15216490","15216782","36","39872406"
"chr10","55117613","55117912","chr12","31506247","31506547","9","23611366"
"chr10","55131938","55132243","chr12","31520760","31521047","27","23611178"
"chr10","55273374","55273670","chr12","52588111","52588404","32","2685263"
"chr10","55307807","55308117","chr5","20001909","20002218","43","35305898"
"chr10","55362749","55363057","chr12","31770423","31770735","13","23592326"
"chr10","55372393","55372686","chr9","56284833","56285117","62","912440"
"chr10","55394757","55395065","chr12","31802356","31802662","11","23592401"
"chr10","55398103","55398399","chr12","31805708","31806016","30","23592395"
"chr10","55404259","55404434","chr12","31811873","31812049","5","23592386"
"chr10","55729736","55730028","chr12","32136219","32136510","13","23593517"
"chr10","55909410","55909711","chr12","32316215","32316515","13","23593195"
"chr10","56067592","56067889","chr3","87683648","87683945","36","31616056"
"chr10","56129495","56129715","chr12","32550965","32551185","7","23578530"
"chr10","56178212","56178336","chr7","56620954","56621080","44","442742"
"chr10","56178337","56178580","chr8","8344322","8344539","61","47834015"
"chr10","56196488","56196765","chr12","32619408","32619685","6","23577080"
"chr10","56204581","56204891","chr12","32625647","32625952","17","23578934"
"chr10","56239470","56239486","chr9","32916732","32916748","12","23322738"
"chr10","56239520","56239813","chr16","32657729","32658021","63","23581791"
"chr10","56321992","56322169","chr14","31856154","31856328","27","24465838"
"chr10","56322199","56322320","chr19","33511369","33511488","15","22810830"
"chr10","56450462","56450633","chr1","33688440","33688588","40","22762022"
"chr10","56454256","56454408","chr12","32880869","32881021","3","23573387"
"chr10","56455449","56455725","chr12","32882050","32882326","5","23573399"
"chr10","56553325","56553591","chr12","32980334","32980598","8","23572991"
"chr10","56666085","56666385","chr12","33093236","33093541","16","23572849"
"chr10","56717580","56717857","chr12","33143103","33143392","33","23574477"
"chr10","56718485","56718752","chr12","33143832","33144100","5","23574653"
"chr10","56769224","56769509","chr4","153173836","153174115","43","96404612"
"chr10","56786682","56786969","chr12","33215394","33215681","10","23571288"
"chr10","56819393","56819687","chr12","33249231","33249527","10","23570162"
"chr10","56849660","56849959","chr12","33277905","33278204","10","23571755"
"chr10","56851209","56851353","chr11","107800157","107800295","23","50948948"
"chr10","56864973","56865288","chr12","33293032","33293327","26","23571941"
"chr10","57012057","57012359","chr4","27134375","27134681","33","29877682"
"chr10","57189896","57190205","chr12","33615369","33615678","12","23574527"
"chr10","57271804","57271885","chr2","130967091","130967173","24","73695287"
"chr10","57312452","57312737","chr12","33741766","33742045","17","23570686"
"chr10","57337694","57338005","chr12","33765628","33765933","17","23572066"
"chr10","57384872","57385002","chr3","30670695","30670828","21","26714177"
"chr10","57388888","57389098","chr6","163710073","163710290","37","106321185"
"chr10","57389175","57389326","chr1","72316825","72316973","22","14927650"
"chr10","57419994","57420283","chr7","63558520","63558814","40","6138526"
"chr10","57427280","57427578","chr2","172520565","172520867","38","115093285"
"chr10","57437856","57437916","chr6","162084898","162084958","19","104647042"
"chr10","57441772","57442044","chr12","33862114","33862410","30","23579658"
"chr10","57515910","57516209","chr12","33935682","33935981","20","23580228"
"chr10","57541991","57542289","chr12","33962562","33962853","16","23579429"
"chr10","57564748","57565057","chr12","33986448","33986761","11","23578300"
"chr10","57655425","57655711","chr1","138283945","138284230","29","80628520"
"chr10","57726129","57726406","chr12","34144567","34144848","15","23581562"
"chr10","57882629","57882914","chr2","73606247","73606539","42","15723618"
"chr10","58046355","58046649","chr10","35844129","35844423","44","22202226"
"chr10","58431818","58432094","chr3","163849531","163849801","43","105417713"
"chr10","58639156","58639452","chr12","35041096","35041407","22","23598060"
"chr10","58715859","58716153","chr12","35119077","35119374","14","23596782"
"chr10","58789879","58790165","chr10","76949754","76950039","41","18159875"
"chr10","58869980","58870285","chrX","28745828","28746133","36","30124152"
"chr10","59258872","59259170","chr2","49061753","49062057","77","10197119"
"chr10","59445526","59445820","chr1","139674821","139675113","41","80229295"
"chr10","59474807","59474918","chr10","55059898","55060008","18","4414909"
"chr10","59544398","59544694","chr12","35940871","35941175","19","23603527"
"chr10","59558403","59558774","chr3","46281754","46282091","92","13276649"
"chr10","59569176","59569481","chr12","35964994","35965295","10","23604182"
"chr10","59650779","59651071","chr7","2033478","2033755","51","57617301"
"chr10","59662400","59662684","chr12","36055261","36055568","28","23607139"
"chr10","59681901","59682196","chr2","147796910","147797205","37","88115009"
"chr10","59736314","59736614","chr12","36126064","36126353","14","23610250"
"chr10","59746553","59746640","chr5","53193496","53193582","11","6553057"
"chr10","59793821","59794103","chr20","8807024","8807306","37","50986797"
"chr10","59895644","59895945","chr12","36284504","36284801","12","23611140"
"chr10","59926439","59926731","chr12","36317669","36317960","14","23608770"
"chr10","60287945","60288138","chr3","71744862","71745051","42","11456917"
"chr10","60352971","60353265","chr9","31360763","31361060","41","28992208"
"chr10","60393214","60393520","chr12","36770840","36771140","11","23622374"
"chr10","60402429","60402727","chr12","36779756","36780055","15","23622673"
"chr10","60476291","60476578","chr12","36848804","36849094","12","23627487"
"chr10","60532787","60533041","chr12","36907757","36908016","15","23625030"
"chr10","60543842","60544127","chr12","36918098","36918384","7","23625744"
"chr10","60721534","60721841","chr12","37099432","37099735","11","23622102"
"chr10","60779161","60779402","chr5","172238876","172239107","50","111459715"
"chr10","61175153","61175452","chr12","37539417","37539714","18","23635736"
"chr10","61204788","61205090","chr12","37568995","37569296","18","23635793"
"chr10","61490482","61490776","chr12","37838394","37838660","37","23652088"
"chr10","61584709","61585018","chr4","16747413","16747711","51","44837296"
"chr10","61619458","61619654","chr12","37977508","37977704","6","23641950"
"chr10","61633042","61633083","chr12","37991215","37991256","1","23641827"
"chr10","61785174","61785424","chr1","158524460","158524725","48","96739286"
"chr10","62085214","62085378","chr12","38439682","38439845","10","23645532"
"chr10","62132607","62132898","chr5","153019407","153019691","58","90886800"
"chr10","62256444","62256638","chr1","9378215","9378411","26","52878229"
"chr10","62420844","62421020","chr5","134743615","134743770","43","72322771"
"chr10","62560665","62560887","chr4","35766092","35766310","43","26794573"
"chr10","62561265","62561277","chr9","32916732","32916748","13","29644533"
"chr10","62678030","62678270","chr12","39022529","39022769","8","23655501"
"chr10","62753848","62754155","chr12","39097789","39098097","10","23656059"
"chr10","62837123","62837426","chr11","37485854","37486163","43","25351269"
"chr10","63046705","63047003","chr12","39393186","39393487","16","23653519"
"chr10","63260527","63260848","chr12","39609287","39609585","30","23651240"
"chr10","63344995","63345307","chr1","129936614","129936928","36","66591619"
"chr10","63363226","63363377","chr2","1470791","1470932","20","61892435"
"chr10","63449308","63449618","chr12","39810297","39810608","12","23639011"
"chr10","63474644","63474940","chr12","39837101","39837397","6","23637543"
"chr10","63532810","63533102","chr12","39896258","39896547","12","23636552"
"chr10","63551346","63551614","chr1","152089940","152090208","35","88538594"
"chr10","63561610","63561908","chr12","39925024","39925321","14","23636586"
"chr10","63600589","63600811","chr12","39967115","39967336","3","23633474"
"chr10","63760132","63760427","chr15","99181840","99182132","35","35421708"
"chr10","63765142","63765448","chr5","106106792","106107098","16","42341650"
"chr10","63806078","63806388","chr12","40154986","40155294","9","23651092"
"chr10","63841373","63841684","chr12","40189788","40190097","15","23651585"
"chr10","63866273","63866444","chr1","1580453","1580620","37","62285820"
"chr10","63919986","63920207","chr12","40269904","40270125","2","23650082"
"chr10","63920399","63920693","chr3","38837512","38837806","63","25082887"
"chr10","64033254","64033546","chr13","112346313","112346605","46","48313059"
"chr10","64555548","64555843","chr12","40902638","40902931","12","23652910"
"chr10","64566479","64566768","chr12","40913554","40913861","28","23652925"
"chr10","64683825","64684140","chr1","37223173","37223482","43","27460652"
"chr10","64827385","64827701","chrX","111172971","111173289","45","46345586"
"chr10","65010012","65010351","chr12","41361520","41361828","44","23648492"
"chr10","65112593","65112891","chr12","41463726","41464024","10","23648867"
"chr10","65199134","65199410","chr12","41553520","41553801","11","23645614"
"chr10","65705734","65706012","chr7","30195596","30195870","46","35510138"
"chr10","65759242","65759488","chr12","42104207","42104450","9","23655035"
"chr10","66490188","66490199","chr9","32916732","32916748","12","33573456"
"chr10","66490363","66490580","chr12","42817026","42817239","9","23673337"
"chr10","67086881","67087160","chr12","43414919","43415223","33","23671962"
"chr10","67305051","67305336","chr12","43630869","43631155","8","23674182"
"chr10","67443401","67443696","chr12","43772897","43773193","8","23670504"
"chr10","67626451","67626752","chr12","43957680","43958004","37","23668771"
"chr10","67627149","67627476","chr15","13870725","13871035","64","53756424"
"chr10","67670192","67670497","chr12","44002544","44002847","17","23667648"
"chr10","67681098","67681383","chr12","44013675","44013960","8","23667423"
"chr10","67779993","67780214","chr12","44119592","44119800","17","23660401"
"chr10","67870606","67870910","chr12","44206034","44206339","16","23664572"
"chr10","67967223","67967505","chr12","44308428","44308710","4","23658795"
"chr10","68105793","68106094","chr12","44454155","44454462","13","23651638"
"chr10","68142214","68142498","chr12","44489647","44489935","13","23652567"
"chr10","68167626","68167892","chr16","68032340","68032602","59","135286"
"chr10","68387840","68388153","chr12","44741997","44742313","19","23645843"
"chr10","68574934","68575225","chr12","52588111","52588404","36","15986823"
"chr10","68577033","68577311","chr12","44928730","44929007","12","23648303"
"chr10","68599146","68599473","chr12","44944697","44945026","13","23654449"
"chr10","68611042","68611345","chr12","44956348","44956657","12","23654694"
"chr10","68635202","68635509","chr12","44970642","44970953","26","23664560"
"chr10","70296310","70296592","chr12","46659194","46659476","11","23637116"
"chr10","70317543","70317872","chr13","97780983","97781295","66","27463440"
"chr10","70525316","70525625","chr12","46891616","46891922","13","23633700"
"chr10","70614646","70614914","chr12","46980711","46980976","16","23633935"
"chr10","70751012","70751170","chr12","47119189","47119351","7","23631823"
"chr10","71080814","71081086","chr12","47459239","47459511","3","23621575"
"chr10","71134831","71135131","chr12","46886320","46886627","38","24248511"
"chr10","71206211","71206520","chr12","47584541","47584850","7","23621670"
"chr10","71476633","71476929","chr12","47861043","47861350","35","23615590"
"chr10","72058549","72058827","chr12","48434341","48434615","15","23624208"
"chr10","72123751","72124046","chr14","62611253","62611550","38","9512498"
"chr10","72437594","72437885","chr12","48813972","48814252","14","23623622"
"chr10","72480793","72481188","chr5","92803626","92804000","118","20322833"
"chr10","73321660","73321988","chr12","49705920","49706252","10","23615740"
"chr10","73370217","73370497","chr1","18622490","18622764","42","54747727"
"chr10","73547973","73548265","chr4","112821610","112821902","44","39273637"
"chr10","73697701","73697980","chr12","50086804","50087084","11","23610897"
"chr10","73727910","73728202","chr12","50117791","50118083","10","23610119"
"chr10","74049484","74049797","chr12","50443581","50443895","12","23605903"
"chr10","74294188","74294455","chr12","50680393","50680659","6","23613795"
"chr10","74611541","74611837","chr12","50998129","50998436","24","23613412"
"chr10","74664390","74664698","chr6","51874693","51875002","38","22789697"
"chr10","74731268","74731544","chr12","51117142","51117417","10","23614126"
"chr10","75224108","75224272","chr19","38284917","38285073","29","36939191"
"chr10","75254338","75254642","chr12","51619267","51619570","10","23635071"
"chr10","75270642","75270940","chr12","51635590","51635883","12","23635052"
"chr10","75387191","75387498","chr12","51756676","51756982","9","23630515"
"chr10","75437578","75437876","chr12","51809750","51810054","19","23627828"
"chr10","75686302","75686610","chr12","52069840","52070147","12","23616462"
"chr10","75883047","75883321","chr9","14113601","14113874","36","61769446"
"chr10","75891364","75891660","chr1","115267243","115267542","55","39375879"
"chr10","75896334","75896642","chr14","63751470","63751781","30","12144864"
"chr10","76087709","76088017","chr16","40386842","40387152","43","35700867"
"chr10","76235880","76236006","chr12","52445184","52445310","5","23790696"
"chr10","76260312","76260579","chr12","52471513","52471787","11","23788799"
"chr10","76333664","76333971","chr12","52545757","52546056","12","23787907"
"chr10","76380968","76381261","chr12","52588111","52588404","11","23792857"
"chr10","76512711","76513014","chr12","52720564","52720858","15","23792147"
"chr10","76634080","76634379","chr2","176864663","176864968","38","100230583"
"chr10","76879628","76879826","chr3","43924148","43924347","41","32955480"
"chr10","76902838","76903119","chr18","38721921","38722211","39","38180917"
"chr10","76941537","76941835","chr12","53151275","53151569","11","23790262"
"chr10","77029856","77030151","chr12","53238587","53238888","23","23791269"
"chr10","77054181","77054473","chr12","53260119","53260423","28","23794062"
"chr10","77126023","77126310","chr7","127872050","127872339","44","50746027"
"chr10","77134337","77134599","chr12","53337229","53337513","25","23797108"
"chr10","77189266","77189538","chr12","53391613","53391900","26","23797653"
"chr10","77885066","77885237","chr7","106635883","106636039","54","28750817"
"chr10","78073008","78073135","chr12","95132654","95132778","13","17059646"
"chr10","78146114","78146404","chr12","54355184","54355474","14","23790930"
"chr10","78296933","78297213","chr9","115815931","115816212","46","37518998"
"chr10","78352455","78352636","chr12","54555273","54555451","9","23797182"
"chr10","78785467","78785552","chr4","45488506","45488575","24","33296961"
"chr10","78843342","78843646","chr19","44171189","44171493","40","34672153"
"chr10","79117194","79117367","chr12","55291881","55292053","6","23825313"
"chr10","79190551","79190852","chr12","55360964","55361256","18","23829587"
"chr10","79407962","79408245","chr12","55572978","55573289","33","23834984"
"chr10","79436559","79436870","chr12","55605368","55605678","14","23831191"
"chr10","79610912","79611033","chr12","55768680","55768801","5","23842232"
"chr10","79804193","79804505","chr12","55962602","55962914","16","23841591"
"chr10","80073159","80073465","chr12","56238941","56239259","18","23834218"
"chr10","80150947","80150957","chr9","32916732","32916748","11","47234215"
"chr10","80151016","80151298","chr12","56313519","56313828","44","23837497"
"chr10","80470821","80471104","chr12","56627056","56627339","12","23843765"
"chr10","80600812","80601000","chr12","56761629","56761806","17","23839183"
"chr10","80659028","80659183","chr6","7349572","7349727","42","73309456"
"chr10","80890840","80891121","chr12","57052600","57052883","17","23838240"
"chr10","80968645","80968956","chr12","57124849","57125159","6","23843796"
"chr10","81041743","81041828","chr2","10374722","10374802","28","70667021"
"chr10","81141708","81142007","chr1","179189054","179189355","43","98047346"
"chr10","81217649","81217833","chr12","57375913","57376086","15","23841736"
"chr10","81236600","81236683","chr19","8747990","8748060","32","72488610"
"chr10","81512781","81513086","chr12","57666070","57666379","13","23846711"
"chr10","81647267","81647568","chr12","57803403","57803704","12","23843864"
"chr10","81670473","81670707","chr12","57825470","57825711","13","23845003"
"chr10","81679272","81679566","chr8","124953535","124953832","41","43274263"
"chr10","81701816","81702112","chr12","57856820","57857114","10","23844996"
"chr10","81726913","81727226","chr12","57881267","57881579","9","23845646"
"chr10","81785074","81785171","chr10","51054650","51054751","23","30730424"
"chr10","81797221","81797276","chr3","44253619","44253673","8","37543602"
"chr10","81798140","81798426","chr2","97554674","97554964","42","15756534"
"chr10","81987350","81987653","chr12","58142165","58142468","10","23845185"
"chr10","82005019","82005158","chr1","30028124","30028263","16","51976895"
"chr10","82005162","82005457","chr12","58159400","58159694","9","23845762"
"chr10","82026969","82027012","chr12","58181340","58181383","0","23845629"
"chr10","82065172","82065474","chr12","58218915","58219221","10","23846257"
"chr10","82078489","82078799","chr12","58231734","58232044","5","23846755"
"chr10","82226353","82226453","chr18","24552652","24552750","11","57673701"
"chr10","82255266","82255558","chr12","58407851","58408143","5","23847415"
"chr10","82436211","82436385","chr12","58593566","58593728","13","23842645"
"chr10","82441950","82442238","chr12","58599302","58599590","9","23842648"
"chr10","82491415","82491632","chr12","58646930","58647116","41","23844485"
"chr10","82627570","82627818","chr12","58789547","58789796","9","23838023"
"chr10","82928250","82928543","chr3","45457462","45457757","38","37470788"
"chr10","82971886","82972196","chr12","59127772","59128076","13","23844114"
"chr10","83063701","83063990","chr12","59225367","59225656","7","23838334"
"chr10","83077661","83077824","chr12","59239946","59240109","9","23837715"
"chr10","83107485","83107787","chrX","51079701","51080001","38","32027784"
"chr10","83127625","83127912","chr12","59294011","59294309","21","23833614"
"chr10","83175821","83176029","chr6","14150302","14150499","59","69025519"
"chr10","83403643","83403934","chr12","59584895","59585192","19","23818748"
"chr10","83525538","83525836","chr12","59701117","59701422","9","23824421"
"chr10","83549155","83549456","chr12","59722960","59723268","23","23826195"
"chr10","83927868","83928159","chr6","77077531","77077811","55","6850337"
"chr10","84022673","84022964","chr1","203971002","203971296","35","119948329"
"chr10","84198225","84198514","chr12","60361932","60362232","19","23836293"
"chr10","84386237","84386349","chr1","13457299","13457407","30","70928938"
"chr10","84505677","84505969","chr7","63558520","63558814","39","20947157"
"chr10","84549059","84549367","chr12","60705458","60705766","15","23843601"
"chr10","84682099","84682401","chr12","60838712","60839015","5","23843387"
"chr10","84832164","84832456","chr12","60983290","60983585","9","23848874"
"chr10","84894483","84894800","chr12","61044654","61044969","9","23849829"
"chr10","84991701","84991989","chr18","2904261","2904551","35","82087440"
"chr10","85031227","85031351","chr12","61179189","61179313","2","23852038"
"chr10","85113821","85114124","chr12","61262383","61262702","23","23851438"
"chr10","85216679","85216897","chr12","61376536","61376742","21","23840143"
"chr10","85311188","85311492","chr12","61468950","61469256","21","23842238"
"chr10","85316613","85316927","chr12","61474210","61474521","19","23842403"
"chr10","85405783","85406097","chr12","61562243","61562588","39","23843540"
"chr10","85707829","85708080","chr12","61863991","61864242","17","23843838"
"chr10","85753782","85753925","chr3","51866003","51866148","25","33887779"
"chr10","86195739","86196059","chr12","62349884","62350190","23","23845855"
"chr10","86411307","86411609","chr1","130501973","130502271","45","44090666"
"chr10","86550467","86550733","chr12","62701463","62701728","4","23849004"
"chr10","86565424","86565691","chr12","62716750","62717016","7","23848674"
"chr10","86600656","86600954","chr12","62751003","62751284","23","23849653"
"chr10","86643538","86643817","chr12","62793520","62793815","23","23850018"
"chr10","86674768","86675012","chr9","98856972","98857216","46","12182204"
"chr10","86725434","86725734","chr20","27318388","27318698","50","59407046"
"chr10","86734305","86734601","chr12","62888515","62888807","13","23845790"
"chr10","86799879","86800032","chr1","33688440","33688588","43","53111439"
"chr10","86828815","86829110","chr12","62981939","62982235","8","23846876"
"chr10","86879143","86879280","chr12","63027726","63027855","11","23851417"
"chr10","86895163","86895305","chr1","151820821","151820950","35","64925658"
"chr10","87274838","87275137","chr6","12691157","12691458","39","74583681"
"chr10","87459007","87459307","chr7","66951910","66952215","47","20507097"
"chr10","87464566","87464854","chr12","63622420","63622721","25","23842146"
"chr10","87503666","87503743","chr13","14955669","14955743","18","72547997"
"chr10","87503796","87503932","chr12","63664687","63664828","12","23839109"
"chr10","87520376","87520677","chr12","63680202","63680502","4","23840174"
"chr10","87804903","87805214","chr12","63963455","63963765","7","23841448"
"chr10","87822740","87823056","chr14","108512641","108512937","60","20689901"
"chr10","87872047","87872335","chr2","137182056","137182347","45","49310009"
"chr10","87896093","87896380","chr9","55799302","55799592","35","32096791"
"chr10","87907603","87907895","chr12","64067126","64067419","10","23840477"
"chr10","87927311","87927608","chr12","64087303","64087596","8","23840008"
"chr10","87936072","87936349","chr12","64096380","64096657","3","23839692"
"chr10","87950147","87950400","chr5","100436421","100436678","78","12486274"
"chr10","87950442","87950554","chr1","178386790","178386906","16","90436348"
"chr10","87954473","87954758","chr12","64119086","64119379","14","23835387"
"chr10","87964703","87965007","chr9","107157958","107158261","37","19193255"
"chr10","87978636","87978917","chr12","13201205","13201488","37","74777431"
"chr10","88047888","88048180","chr12","64204872","64205167","9","23843016"
"chr10","88049996","88050117","chr3","43168812","43168927","37","44881184"
"chr10","88050448","88050611","chr8","81027833","81027995","27","7022615"
"chr10","88183493","88183777","chr12","64348255","64348535","18","23835238"
"chr10","88196282","88196563","chr8","20380804","20381083","39","67815478"
"chr10","88233048","88233350","chr12","64398742","64399040","9","23834306"
"chr10","88251277","88251605","chr6","36434613","36434915","58","51816664"
"chr10","88268896","88269158","chr2","99593091","99593359","73","11324195"
"chr10","88284775","88285085","chr12","64450974","64451274","20","23833801"
"chr10","88325574","88325887","chr12","64490087","64490383","24","23835487"
"chr10","88329887","88330173","chr12","64494381","64494671","10","23835506"
"chr10","88331078","88331390","chr12","64495489","64495799","12","23835589"
"chr10","88343335","88343614","chr9","39508376","39508657","49","48834959"
"chr10","88463060","88463368","chr12","64626770","64627076","9","23836290"
"chr10","88472515","88472800","chr4","115632365","115632647","51","27159850"
"chr10","88489504","88489849","chrX","45903433","45903777","73","42586071"
"chr10","88495458","88495757","chr12","64659319","64659613","16","23836139"
"chr10","88597536","88597711","chr15","104059016","104059193","29","15461480"
"chr10","88603180","88603466","chr12","64772502","64772788","6","23830678"
"chr10","88633903","88634211","chr12","64804543","64804851","11","23829360"
"chr10","88656286","88656335","chr2","42056795","42056838","11","46599491"
"chr10","88703183","88703482","chr12","64875120","64875418","9","23828063"
"chr10","88715458","88715675","chr4","155147838","155148068","42","66432380"
"chr10","88721243","88721537","chr12","64892884","64893171","12","23828359"
"chr10","88757098","88757406","chr12","64927322","64927625","14","23829776"
"chr10","88800232","88800521","chr12","64972812","64973121","30","23827420"
"chr10","88914093","88914392","chr12","65081734","65082026","15","23832359"
"chr10","88990549","88990840","chr12","65169022","65169313","3","23821527"
"chr10","89004860","89005161","chr12","65179770","65180071","10","23825090"
"chr10","89028887","89029193","chr6","49444493","49444800","32","39584394"
"chr10","89044362","89044650","chr12","65218604","65218890","11","23825758"
"chr10","89136600","89136887","chr9","122574226","122574522","57","33437626"
"chr10","89212169","89212484","chr12","65391153","65391446","28","23821016"
"chr10","89284732","89284929","chr12","65464050","65464247","5","23820682"
"chr10","89304102","89304404","chr12","65482537","65482842","13","23821565"
"chr10","89335110","89335403","chr12","65513245","65513535","19","23821865"
"chr10","89403426","89403554","chr6","74452348","74452476","16","14951078"
"chr10","89410413","89410706","chr12","65584375","65584677","13","23826038"
"chr10","89436704","89436994","chr12","65610238","65610545","55","23826466"
"chr10","89443288","89443576","chr12","65616477","65616770","17","23826811"
"chr10","89580454","89580766","chr12","65753117","65753425","12","23827337"
"chr10","89809510","89809807","chr7","63558520","63558814","36","26250990"
"chr10","90550881","90551182","chr12","66718188","66718491","16","23832693"
"chr10","90558749","90559053","chr12","66725875","66726179","11","23832874"
"chr10","90756318","90756610","chr12","66935348","66935649","18","23820970"
"chr10","90768561","90768774","chr7","58791886","58792095","31","31976675"
"chr10","90846415","90846701","chr7","129212338","129212627","52","38365923"
"chr10","90886523","90886830","chr12","67072650","67072959","12","23813873"
"chr10","91101778","91102078","chr12","67285943","67286243","3","23815835"
"chr10","91117386","91117688","chr12","67301713","67302010","13","23815673"
"chr10","91218148","91218441","chr12","67403049","67403341","8","23815099"
"chr10","91418778","91419083","chr12","67606324","67606636","21","23812454"
"chr10","91799506","91799816","chr12","67994486","67994791","22","23805020"
"chr10","91801056","91801348","chr12","67995802","67996098","10","23805254"
"chr10","91809075","91809244","chr1","109244867","109245026","31","17435792"
"chr10","91831799","91832104","chr12","68027924","68028227","15","23803875"
"chr10","91835795","91836101","chr12","68031921","68032226","8","23803874"
"chr10","91870553","91870836","chr12","68067383","68067680","18","23803170"
"chr10","91871019","91871324","chr12","68067845","68068149","5","23803174"
"chr10","91900872","91901156","chr1","42485957","42486238","41","49414915"
"chr10","91922075","91922363","chr12","68122082","68122368","9","23799993"
"chr10","91924787","91924979","chr4","36117524","36117702","42","55807263"
"chr10","91934050","91934165","chr2","62322152","62322269","20","29611898"
"chr10","91934468","91934747","chr12","68133775","68134079","33","23800693"
"chr10","91939740","91940040","chr12","68139124","68139430","18","23800616"
"chr10","91945944","91946236","chr12","68145770","68146061","9","23800174"
"chr10","91975968","91976121","chr12","19037809","19037962","36","72938159"
"chr10","91984577","91984716","chr12","68184954","68185097","9","23799623"
"chr10","91989875","91990141","chr12","68190228","68190490","9","23799647"
"chr10","92300484","92300557","chr11","105291477","105291535","23","12990993"
"chr10","92476283","92476595","chr12","68675119","68675430","5","23801164"
"chr10","92483987","92484265","chr12","68683126","68683404","11","23800861"
"chr10","93383947","93384193","chr12","69579406","69579652","5","23804541"
"chr10","93398880","93399180","chr12","69594748","69595048","8","23804132"
"chr10","93489707","93490016","chr12","69687256","69687563","17","23802451"
"chr10","93492354","93492653","chr9","121604130","121604431","35","28111776"
"chr10","93539854","93540122","JH680456","2317","2590","9","93537537"
"chr10","93592995","93593314","chr12","69794015","69794331","13","23798980"
"chr10","93625874","93625964","chr12","69827062","69827152","1","23798812"
"chr10","93653618","93653904","chr12","69856285","69856571","7","23797333"
"chr10","93821216","93821519","chr12","70026525","70026846","36","23794691"
"chr10","93890713","93891030","chr2","52378144","52378454","66","41512569"
"chr10","93897170","93897323","chr10","48352606","48352760","19","45544564"
"chr10","93902028","93902340","chr12","70111733","70112049","25","23790295"
"chr10","93945066","93945190","chr16","54872371","54872493","12","39072695"
"chr10","93964732","93965038","chr6","51765657","51765954","55","42199075"
"chr10","94034073","94034229","chr12","70239246","70239402","2","23794827"
"chr10","94055870","94056166","chr12","70260683","70260979","3","23795187"
"chr10","94158780","94159047","chr12","70358707","70358970","8","23800073"
"chr10","94159797","94160079","chr16","39601803","39602084","50","54557994"
"chr10","94303019","94303185","chr6","132712830","132712998","30","38409811"
"chr10","95247914","95248224","chr12","71433217","71433527","6","23814697"
"chr10","95320657","95320938","chr12","71504446","71504727","5","23816211"
"chr10","95574525","95574743","chr12","71748507","71748723","4","23826018"
"chr10","95574761","95574839","chr13","103651745","103651827","15","8076984"
"chr10","95651858","95652166","chr12","71825300","71825599","22","23826558"
"chr10","95797686","95797943","chr11","110957903","110958148","49","15160217"
"chr10","95863318","95863594","chr12","72024161","72024441","10","23839157"
"chr10","96047906","96048193","chr12","72208213","72208506","18","23839693"
"chr10","96196557","96196844","chr12","72346992","72347299","31","23849565"
"chr10","96350000","96350303","chr12","72494110","72494412","8","23855890"
"chr10","96451135","96451429","chr12","72586233","72586540","20","23864902"
"chr10","96854286","96854582","chr12","72990047","72990349","15","23864239"
"chr10","96854641","96854953","chr12","72990047","72990349","24","23864594"
"chr10","96941840","96942094","chr7","129928071","129928325","47","32986231"
"chr10","96971412","96971682","chr12","73103391","73103682","30","23868021"
"chr10","97179856","97180130","chr12","73308339","73308642","36","23871517"
"chr10","97314083","97314375","chr12","73440846","73441144","17","23873237"
"chr10","97324763","97324892","chr4","102037440","102037567","24","4712677"
"chr10","97974383","97974673","chr12","74083769","74084051","18","23890614"
"chr10","98212848","98212970","chr15","2185236","2185358","17","96027612"
"chr10","98893110","98893377","chr12","74998872","74999137","27","23894238"
"chr10","99032520","99032853","chr12","75135876","75136186","46","23896644"
"chr10","99203642","99203950","chr17","85457987","85458296","41","13745655"
"chr10","99234064","99234384","chr12","75322923","75323245","20","23911141"
"chr10","99267018","99267331","chr12","75353196","75353506","10","23913822"
"chr10","99312031","99312321","chr8","93313106","93313401","43","5998925"
"chr10","99485873","99486169","chr12","75561580","75561867","30","23924293"
"chr10","99613108","99613411","chr14","82880608","82880909","44","16732500"
"chr10","99773483","99773635","chr18","9574737","9574878","38","90198746"
"chr10","99773681","99773869","chr7","67333687","67333879","39","32439994"
"chr10","99791173","99791490","chr12","75863969","75864286","13","23927204"
"chr10","99837861","99838047","chr12","85714528","85714708","39","14123333"
"chr10","99884939","99885115","chr12","75954071","75954256","17","23930868"
"chr10","100251347","100251649","chr4","34053203","34053503","49","66198144"
"chr10","100373635","100373826","chr12","76449740","76449922","13","23923895"
"chr10","100470602","100470835","chr1","16141862","16142097","47","84328740"
"chr10","100631545","100631688","chr18","52447427","52447561","35","48184118"
"chr10","100727572","100727871","chr12","76788976","76789281","11","23938596"
"chr10","100844912","100844965","chr2","47576719","47576770","13","53268193"
"chr10","100845219","100845395","chr1","191784249","191784400","61","90939030"
"chr10","101070905","101071207","chr12","77135421","77135720","14","23935484"
"chr10","101285851","101285975","chrX","45680943","45681066","13","55604908"
"chr10","101303342","101303635","chr12","77368095","77368397","19","23935247"
"chr10","101457165","101457471","chr12","77508977","77509288","12","23948188"
"chr10","101796638","101796932","chr5","178532379","178532672","40","76735741"
"chr10","101900677","101900971","chr12","77941381","77941679","13","23959296"
"chr10","102073559","102073863","chr12","78109131","78109435","8","23964428"
"chr10","102079448","102079721","chr12","78114752","78115024","9","23964696"
"chr10","102317800","102318108","chr12","78351215","78351536","23","23966585"
"chr10","102335435","102335544","chr9","112623659","112623769","22","10288224"
"chr10","102535692","102535969","chr4","153173836","153174115","38","50638144"
"chr10","102638617","102638768","chr1","33688440","33688588","19","68950177"
"chr10","102936230","102936542","chr12","78964290","78964601","25","23971940"
"chr10","103117119","103117412","chr2","50243905","50244200","41","52873214"
"chr10","103225901","103226041","chr12","79247829","79247970","7","23978072"
"chr10","103454207","103454446","chr12","79469541","79469785","14","23984666"
"chr10","103860127","103860408","chr9","118511614","118511893","34","14651487"
"chr10","104037084","104037213","chrX","139665133","139665262","26","35628049"
"chr10","104055573","104055850","chr12","80058467","80058744","11","23997106"
"chr10","104096648","104096939","chr12","80099863","80100151","17","23996785"
"chr10","104132625","104132870","chr1","47636635","47636866","67","56495990"
"chr10","104133040","104133353","chr5","52169709","52170013","50","51963331"
"chr10","104162452","104162741","chr20","69034222","69034520","41","35128230"
"chr10","104190107","104190341","chr12","80195329","80195561","8","23994778"
"chr10","104191098","104191400","chr12","80196290","80196592","8","23994808"
"chr10","104205533","104205644","chr12","80211405","80211513","7","23994128"
"chr10","104228915","104229229","chr12","80233727","80234040","11","23995188"
"chr10","104236958","104237273","chr12","80242701","80243011","11","23994257"
"chr10","104269575","104269864","chr19","15489451","15489743","39","88780124"
"chr10","104281945","104282286","chr12","80286773","80287083","36","23995172"
"chr10","104301983","104302283","chr12","80308082","80308378","21","23993901"
"chr10","104360159","104360468","chr12","92786056","92786362","40","11574103"
"chr10","104403351","104403643","chr12","80404959","80405264","20","23998392"
"chr10","104462023","104462305","chr12","80466149","80466446","26","23995874"
"chr10","104486251","104486550","chr12","80487161","80487482","31","23999090"
"chr10","104498434","104498734","chr12","80500631","80500931","10","23997803"
"chr10","104524570","104524866","chr12","80529750","80530046","5","23994820"
"chr10","104534889","104535191","chr12","80539680","80539983","4","23995209"
"chr10","104675334","104675636","chr12","80683026","80683328","8","23992308"
"chr10","104720009","104720261","chr12","80736510","80736777","24","23983499"
"chr10","104803982","104804085","chr12","80814918","80815021","2","23989064"
"chr10","104865111","104865413","chr12","80876983","80877279","10","23988128"
"chr10","104942294","104942603","chr12","80948698","80949007","7","23993596"
"chr10","105129770","105130075","chr12","81140257","81140563","4","23989513"
"chr10","105144149","105144447","chr20","26211185","26211483","34","78932964"
"chr10","105268859","105268994","chr1","129824074","129824204","17","24555215"
"chr10","105269636","105269834","chr1","163545151","163545346","46","58275515"
"chr10","105285450","105285751","chr10","71880315","71880618","36","33405135"
"chr10","105287424","105287644","chr12","81304580","81304804","12","23982844"
"chr10","105319211","105319325","chr8","106168393","106168504","15","849182"
"chr10","105351691","105352001","chr12","81368355","81368665","8","23983336"
"chr10","105441865","105442131","chr12","81458055","81458323","7","23983810"
"chr10","105580488","105580710","chr12","58980648","58980870","24","46599840"
"chr10","105613781","105614066","chr1","130434749","130434980","86","24820968"
"chr10","105620152","105620452","chr12","81634901","81635201","16","23985251"
"chr10","105641064","105641224","chr12","81655161","81655319","9","23985903"
"chr10","105827329","105827457","chr1","93393191","93393319","14","12434138"
"chr10","105879994","105880281","chr7","63558520","63558814","36","42321474"
"chr10","106054665","106054968","chr12","82059878","82060159","28","23994787"
"chr10","106140992","106141265","chr12","82144338","82144611","9","23996654"
"chr10","106366324","106366614","chr12","82364403","82364693","6","24001921"
"chr10","106796543","106796777","chr12","82786690","82786925","8","24009853"
"chr10","106825030","106825346","chr12","82814274","82814570","31","24010756"
"chr10","106974620","106974912","chr7","81087199","81087483","50","25887421"
"chr10","107047993","107048326","chr9","21573464","21573776","63","85474529"
"chr10","107073337","107073629","chr12","83059513","83059805","12","24013824"
"chr10","107146287","107146598","chr12","83132832","83133140","14","24013455"
"chr10","107343005","107343288","chr12","83330348","83330630","6","24012657"
"chr10","107484029","107484337","chr12","83471288","83471602","19","24012741"
"chr10","107568688","107568818","chr15","7139680","7139810","17","100429008"
"chr10","107795802","107796061","chr15","6438791","6439051","41","101357011"
"chr10","107998808","107999115","chr12","83985962","83986272","17","24012846"
"chr10","108460434","108460713","chr12","84455514","84455812","30","24004920"
"chr10","108469716","108469998","chr6","96812796","96813076","47","11656920"
"chr10","108644741","108645067","chr6","66531267","66531593","45","42113474"
"chr10","108673790","108673917","chr12","84673732","84673852","10","24000058"
"chr10","108756889","108757181","chr12","84747877","84748148","34","24009012"
"chr10","108761374","108761674","chr12","84752302","84752603","9","24009072"
"chr10","108811808","108812126","chr15","16901206","16901530","47","91910602"
"chr10","108997329","108997625","chr12","84987502","84987798","24","24009827"
"chr10","109006460","109006770","chr12","84995937","84996249","12","24010523"
"chr10","109033319","109033553","chr3","114986063","114986300","59","5952744"
"chr10","109091775","109092109","chr5","137026086","137026425","50","27934311"
"chr10","109458737","109459052","chr12","85447579","85447884","19","24011158"
"chr10","109591741","109591835","JH682351","440","535","16","109591301"
"chr10","109755444","109755765","chr2","87168010","87168339","56","22587434"
"chr10","109762852","109763034","chr12","85714528","85714708","8","24048324"
"chr10","109795282","109795463","chr12","85746667","85746846","13","24048615"
"chr10","109814180","109814469","chr12","64892884","64893171","35","44921296"
"chr10","109895437","109895727","chr13","9356827","9357128","44","100538610"
"chr10","109995531","109995841","chr15","92404471","92404774","43","17591060"
"chr10","110095780","110096052","chr12","86033010","86033268","42","24062770"
"chr10","110305227","110305524","chr12","86235499","86235796","8","24069728"
"chr10","110305832","110306135","chr12","86236109","86236403","19","24069723"
"chr10","110545782","110546071","chr12","86464875","86465165","12","24080907"
"chr10","110549198","110549389","chr12","86467684","86467885","18","24081514"
"chr10","110577116","110577424","chr9","73609343","73609653","36","36967773"
"chr10","110584647","110584932","chr12","86498755","86499037","10","24085892"
"chr10","110586285","110586579","chr7","121494555","121494848","47","10908270"
"chr10","110594843","110595049","chr11","130993705","130993911","37","20398862"
"chr10","110609632","110609936","chr16","55645457","55645760","52","54964175"
"chr10","110935481","110935777","chr12","86838898","86839192","9","24096583"
"chr10","111060967","111061280","chr12","86962543","86962851","22","24098424"
"chr10","111498492","111498799","chr12","87392196","87392506","15","24106296"
"chr10","111522702","111522988","chr12","87414671","87414955","16","24108031"
"chr10","111740720","111741005","chr15","57163778","57164056","49","54576942"
"chr10","111881159","111881259","chr6","33933592","33933693","15","77947567"
"chr10","111905562","111905722","chr9","84908163","84908318","23","26997399"
"chr10","112203801","112204081","chr3","153640328","153640611","57","41436527"
"chr10","112341961","112342132","chr15","96440767","96440936","37","15901194"
"chr10","112386805","112387053","chr12","88237099","88237347","8","24149706"
"chr10","112793752","112794049","chr12","88638680","88638986","20","24155072"
"chr10","113037550","113037732","chr7","145642119","145642281","43","32604569"
"chr10","113473321","113473502","chr19","30684890","30685069","41","82788431"
"chr10","113542354","113542626","chr12","89374771","89375047","15","24167583"
"chr10","113665897","113666052","chr16","43210636","43210789","21","70455261"
"chr10","113666055","113666367","chr8","120454343","120454651","40","6788288"
"chr10","113676253","113676563","chr12","89509989","89510294","12","24166264"
"chr10","113696874","113697188","chr12","89532715","89533011","34","24164159"
"chr10","113749760","113750062","chr12","89586474","89586760","30","24163286"
"chr10","113761376","113761675","chr12","89598301","89598599","10","24163075"
"chr10","113768919","113769204","chr13","2851149","2851434","48","110917770"
"chr10","113797444","113797746","chr12","89629364","89629665","10","24168080"
"chr10","114119450","114119713","chr12","89954195","89954483","41","24165255"
"chr10","114147658","114147995","chr12","89982354","89982690","26","24165304"
"chr10","114152989","114153273","chr12","89987650","89987940","11","24165339"
"chr10","114319590","114319890","chr12","90146137","90146435","13","24173453"
"chr10","114354424","114354736","chr12","90180587","90180898","17","24173837"
"chr10","114367864","114368156","chr12","90194154","90194456","32","24173710"
"chr10","114395272","114395555","chrX","19394778","19395059","38","95000494"
"chr10","115205840","115206139","chr12","91028982","91029281","7","24176858"
"chr10","115557779","115558055","chr6","77077531","77077811","37","38480248"
"chr10","115584704","115584921","chr14","99280036","99280240","60","16304668"
"chr10","115600624","115600918","chr20","9279948","9280225","44","106320676"
"chr10","115753450","115753646","chr12","91562714","91562908","6","24190736"
"chr10","115834821","115835078","chr12","91646216","91646473","4","24188605"
"chr10","115953991","115954279","chr12","91765925","91766203","17","24188066"
"chr10","116068268","116068580","chr12","91882635","91882937","19","24185633"
"chr10","116267937","116268226","chr12","92085426","92085715","8","24182511"
"chr10","116552589","116552886","chr12","92365159","92365457","6","24187430"
"chr10","116557020","116557314","chr12","92369161","92369444","20","24187859"
"chr10","116597325","116597549","chr12","92403532","92403755","8","24193793"
"chr10","116606557","116606862","chr12","92412846","92413155","11","24193711"
"chr10","116679158","116679452","chr12","92482031","92482330","15","24197127"
"chr10","116683619","116683860","chr4","135460055","135460292","44","18776436"
"chr10","116695186","116695490","chr12","92503640","92503953","24","24191546"
"chr10","116748109","116748359","chr12","92558637","92558919","36","24189472"
"chr10","116822973","116823306","chr1","27513704","27514001","78","89309269"
"chr10","116872893","116873197","chr12","92678446","92678759","19","24194447"
"chr10","116929725","116930020","chr12","92734845","92735136","9","24194880"
"chr10","116939529","116939836","chr12","92744462","92744772","11","24195067"
"chr10","116965858","116966153","chr5","157061742","157062038","36","40095884"
"chr10","116981431","116981744","chr12","92786056","92786362","22","24195375"
"chr10","117176367","117176660","chr12","92996056","92996350","9","24180311"
"chr10","117184360","117184654","chr12","93004021","93004315","4","24180339"
"chr10","117189440","117189622","chr12","93009126","93009306","6","24180314"
"chr10","117202838","117203148","chr12","93022137","93022446","9","24180701"
"chr10","117347899","117348203","chr12","93166105","93166402","48","24181794"
"chr10","117472524","117472839","chr4","16602824","16603130","46","100869700"
"chr10","117488893","117489047","chr1","31388552","31388713","30","86100341"
"chr10","117508404","117508594","chr19","13769911","13770094","29","103738493"
"chr10","117561066","117561286","chr12","93375154","93375374","6","24185912"
"chr10","117578323","117578467","chr6","132836210","132836351","19","15257887"
"chr10","117578774","117578937","chr7","109090487","109090649","27","8488287"
"chr10","117594538","117594834","chr12","93412204","93412499","4","24182334"
"chr10","117633030","117633325","chr12","93451979","93452273","8","24181051"
"chr10","117704345","117704643","chr12","93528269","93528583","25","24176076"
"chr10","117730197","117730343","chr16","19922656","19922815","32","97807541"
"chr10","117741901","117742204","chr12","93568592","93568895","16","24173309"
"chr10","117869441","117869709","chr9","89272341","89272617","44","28597100"
"chr10","117974247","117974549","chr12","93795964","93796267","6","24178283"
"chr10","118134615","118134895","chr12","93955156","93955431","18","24179459"
"chr10","118177191","118177243","chr8","118526342","118526403","18","349151"
"chr10","118177284","118177332","chr8","118526342","118526403","21","349058"
"chr10","118177366","118177482","chr12","93995810","93995922","5","24181556"
"chr10","118261852","118262161","chr12","94077209","94077514","15","24184643"
"chr10","118409258","118409542","chr12","94197333","94197621","15","24211925"
"chr10","118566784","118567096","chr12","94360082","94360384","14","24206702"
"chr10","118623118","118623423","chr12","94420364","94420677","24","24202754"
"chr10","118672928","118673072","chr12","94467175","94467323","7","24205753"
"chr10","118675634","118675944","chr1","26493506","26493804","43","92182128"
"chr10","118675968","118676158","chr9","37884637","37884810","41","80791331"
"chr10","118874887","118875185","chr13","38740103","38740404","41","80134784"
"chr10","118875701","118876002","chr12","94668825","94669126","9","24206876"
"chr10","118948251","118948418","chr12","94742803","94742989","22","24205448"
"chr10","119056278","119056565","chr12","94845356","94845647","17","24210922"
"chr10","119101771","119102070","chr12","94890118","94890426","23","24211653"
"chr10","119104383","119104705","chrX","129437822","129438144","52","10333439"
"chr10","119121956","119122256","chr12","94909752","94910053","5","24212204"
"chr10","119203120","119203418","chr12","94991097","94991402","13","24212023"
"chr10","119385978","119386288","chr12","95179284","95179588","13","24206694"
"chr10","119417999","119418298","chr12","95210383","95210682","11","24207616"
"chr10","119522999","119523292","chr12","95312457","95312762","17","24210542"
"chr10","119580384","119580603","chr12","95370309","95370528","7","24210075"
"chr10","119599654","119599863","chr12","95388668","95388877","1","24210986"
"chr10","119610351","119610660","chr12","95399379","95399688","8","24210972"
"chr10","120172466","120172766","chr12","95985206","95985507","15","24187260"
"chr10","120221916","120222220","chr12","96031509","96031807","17","24190407"
"chr10","120258586","120258893","chr12","96065210","96065521","11","24193376"
"chr10","120292557","120292859","chr12","96098143","96098445","13","24194414"
"chr10","120312686","120312981","chr1","211652051","211652347","35","91339365"
"chr10","120341499","120341756","chr15","56759119","56759369","46","63582380"
"chr10","120390551","120390890","chr12","96193585","96193928","23","24196966"
"chr10","120416805","120417095","chr12","96219152","96219443","11","24197653"
"chr10","120604091","120604263","chr3","43549601","43549780","32","77054490"
"chr10","120608779","120609081","chr12","96402851","96403153","8","24205928"
"chr10","120617573","120617800","chr7","53925042","53925270","37","66692531"
"chr10","120625952","120626124","chr12","96421247","96421419","5","24204705"
"chr10","120814023","120814331","chr12","96615719","96616028","24","24198304"
"chr10","120939559","120939841","chr18","8595781","8596059","44","112343778"
"chr10","121083654","121083727","chr4","45488506","45488575","13","75595148"
"chr10","121083728","121083915","chr4","14479468","14479656","25","106604260"
"chr10","121158221","121158519","chr13","63444738","63445036","42","57713483"
"chr10","121225571","121225879","chr12","97035987","97036295","13","24189584"
"chr10","121275709","121275986","chr12","97086804","97087077","10","24188905"
"chr10","121327663","121327968","chr4","16747413","16747711","46","104580250"
"chr10","121347191","121347496","chr9","95912718","95913023","42","25434473"
"chr10","121409341","121409618","chr12","97219787","97220064","11","24189554"
"chr10","121883776","121884057","chr4","51379964","51380250","54","70503812"
"chr10","121888476","121888788","chr16","40386842","40387152","40","81501634"
"chr10","122114883","122115101","chr12","97926458","97926675","6","24188425"
"chr10","122120373","122120679","chr16","1192695","1192995","45","120927678"
"chr10","122165806","122166107","chr12","97978716","97979017","7","24187090"
"chr10","122198327","122198622","chr12","98011417","98011712","8","24186910"
"chr10","122658498","122658804","chr12","98471775","98472075","14","24186723"
"chr10","122898474","122898787","chr17","28439597","28439908","46","94458877"
"chr10","122952733","122953025","chr12","98762286","98762594","34","24190447"
"chr10","123084931","123085240","chr12","14273839","14274149","31","108811092"
"chr10","123271886","123272179","chr12","99073526","99073827","19","24198360"
"chr10","123425577","123425879","chr12","99225049","99225349","13","24200528"
"chr10","123642396","123642795","chr20","26247523","26247905","97","97394873"
"chr10","123728181","123728316","chr1","45322777","45322909","18","78405404"
"chr10","123728330","123728602","chr12","99505992","99506279","23","24222338"
"chr10","123804670","123804961","chr12","99581777","99582050","28","24222893"
"chr10","123804983","123805269","chr12","99582071","99582354","13","24222912"
"chr10","123816622","123816757","chr11","74966065","74966200","16","48850557"
"chr10","123829107","123829399","chr12","99606668","99606960","8","24222439"
"chr10","123916145","123916441","chr12","99699710","99700006","11","24216435"
"chr10","123953428","123953739","chr12","99738479","99738790","6","24214949"
"chr10","124117894","124118203","chr12","99895303","99895609","8","24222591"
"chr10","124320110","124320434","chr12","100091825","100092135","29","24228285"
"chr10","124712113","124712402","chr12","100471340","100471615","21","24240773"
"chr10","124919784","124920018","chr7","53925042","53925270","40","70994742"
"chr10","125039289","125039591","chr12","100790160","100790470","31","24249129"
"chr10","126043678","126043936","chr12","101769684","101769928","17","24273994"
"chr10","126530514","126530772","chr12","102252702","102252956","11","24277812"
"chr10","126704302","126704608","chr2","170908594","170908881","74","44204292"
"chr10","126878604","126878900","chr12","102600296","102600589","21","24278308"
"chr10","126922033","126922335","chr12","102644710","102645002","19","24277323"
"chr10","127082356","127082654","chr12","102807528","102807834","18","24274828"
"chr10","127155211","127155501","chr12","102882934","102883219","14","24272277"
"chr10","127173859","127174159","chr12","102898545","102898841","18","24275314"
"chr10","127180482","127180780","chr12","102905543","102905840","17","24274939"
"chr10","127247333","127247635","chr12","102971679","102971980","11","24275654"
"chr10","127411745","127412050","chr12","103136307","103136602","16","24275438"
"chr10","127517959","127518287","chr12","103246695","103247024","17","24271264"
"chr10","127605404","127605686","chr12","103339828","103340110","2","24265576"
"chr10","127629908","127630273","chrX","43422314","43422660","82","84207594"
"chr10","127668519","127668831","chr3","55260205","55260515","37","72408314"
"chr10","127740186","127740497","chr12","103476522","103476833","13","24263664"
"chr10","127860528","127860787","chr18","20674050","20674312","36","107186478"
"chr10","128095928","128096231","chr1","201459340","201459639","45","73363412"
"chr10","128214957","128215160","chr6","29397315","29397516","29","98817642"
"chr11","27787244","27787361","chr19","33511369","33511488","12","5724125"
"chr11","50560","50861","chr11","61606","61908","5","11046"
"chr11","320403","320676","chr11","336935","337209","10","16532"
"chr11","400241","400547","chr3","127238578","127238882","38","126838337"
"chr11","402544","402842","chr14","20869619","20869916","50","20467075"
"chr11","405576","405868","chr11","428323","428621","14","22747"
"chr11","431331","431598","chr11","455078","455347","13","23747"
"chr11","481684","481861","chr10","78426870","78427045","21","77945186"
"chr11","510602","510906","chr11","538995","539300","10","28393"
"chr11","572300","572602","chr11","600141","600442","8","27841"
"chr11","606073","606361","chr11","634351","634655","42","28278"
"chr11","622463","622731","chr11","651010","651295","24","28547"
"chr11","646769","646857","chr11","675263","675351","3","28494"
"chr11","655960","656251","chr11","683883","684184","16","27923"
"chr11","667849","668153","chr7","161741807","161742110","34","161073958"
"chr11","691652","691953","chr11","721087","721388","13","29435"
"chr11","730747","730972","chr11","758924","759139","14","28177"
"chr11","731786","732094","chr11","759955","760257","16","28169"
"chr11","752238","752535","chr11","780801","781100","9","28563"
"chr11","776842","777151","chr11","805472","805771","17","28630"
"chr11","927856","928120","chr15","6438791","6439051","38","5510935"
"chr11","930626","930920","chr18","18732837","18733130","36","17802211"
"chr11","947519","947823","chr11","970931","971236","9","23412"
"chr11","956801","957090","chr11","978361","978657","21","21560"
"chr11","965803","966103","chr11","986691","986986","16","20888"
"chr11","973182","973475","chr13","118818851","118819149","54","117845669"
"chr11","993385","993681","chr11","1008631","1008929","10","15246"
"chr11","995639","995847","chr16","44876093","44876302","64","43880454"
"chr11","1092378","1092669","chr15","27498585","27498875","37","26406207"
"chr11","1365764","1365987","chr11","1368775","1369013","25","3011"
"chr11","1478815","1479124","chr11","1491670","1491978","21","12855"
"chr11","1519273","1519605","chr11","1533474","1533781","41","14201"
"chr11","1562035","1562343","chr11","1573709","1574017","4","11674"
"chr11","1644013","1644332","chr7","120827704","120828001","49","119183691"
"chr11","1698965","1699252","chr11","1713382","1713664","21","14417"
"chr11","1712451","1712758","chr11","118727844","118728154","44","117015393"
"chr11","1773573","1773870","chr11","1793735","1794033","7","20162"
"chr11","1837517","1837828","chr11","1857868","1858165","21","20351"
"chr11","2050427","2050738","chr11","2069703","2070014","9","19276"
"chr11","2144963","2145313","chr18","9795344","9795669","61","7650381"
"chr11","2480811","2481106","chr12","14816176","14816470","38","12335365"
"chr11","2767115","2767257","chr5","104314698","104314838","21","101547583"
"chr11","2972655","2972949","chr11","2995523","2995811","29","22868"
"chr11","2975121","2975419","chr11","2998566","2998867","20","23445"
"chr11","2982671","2982681","chr9","32916732","32916748","12","29934061"
"chr11","2982795","2983079","chr15","82251591","82251877","41","79268796"
"chr11","3007313","3007594","chr11","3031951","3032232","20","24638"
"chr11","3029091","3029391","chr11","3055194","3055498","11","26103"
"chr11","3064277","3064578","chr11","3091604","3091902","11","27327"
"chr11","3463450","3463511","chr2","47576719","47576770","16","44113269"
"chr11","3824463","3824760","chr11","3858209","3858511","17","33746"
"chr11","4181812","4182101","chr11","4217984","4218262","16","36172"
"chr11","4216364","4216451","chr20","62528229","62528326","19","58311865"
"chr11","4486811","4487101","chr11","4524944","4525234","10","38133"
"chr11","4722210","4722496","chr11","4761487","4761767","16","39277"
"chr11","5048316","5048551","chr4","135460055","135460292","38","130411739"
"chr11","5224598","5224908","chr11","5266417","5266717","25","41819"
"chr11","6146430","6146743","chr13","97780983","97781295","44","91634553"
"chr11","6164041","6164334","chr11","6214823","6215119","16","50782"
"chr11","6184353","6184509","chrX","32842906","32843057","29","26658553"
"chr11","6191414","6191723","chr16","1192695","1192995","43","4998719"
"chr11","6202994","6203275","chr11","6252079","6252358","5","49085"
"chr11","6215197","6215514","chr6","64817540","64817853","48","58602343"
"chr11","6250615","6250863","chr1","70965189","70965438","36","64714574"
"chr11","6264119","6264439","chr11","6309736","6310054","11","45617"
"chr11","6278093","6278391","chr20","26211185","26211483","42","19933092"
"chr11","6311398","6311693","chr5","90824963","90825256","47","84513565"
"chr11","6341674","6341987","chr1","42353131","42353436","41","36011457"
"chr11","6444047","6444356","chr12","40189788","40190097","35","33745741"
"chr11","6470583","6470884","chr10","71880315","71880618","33","65409732"
"chr11","6526034","6526234","chr3","43924148","43924347","28","37398114"
"chr11","6529676","6529974","chr4","112821610","112821902","47","106291934"
"chr11","6550042","6550350","chr11","6613105","6613414","6","63063"
"chr11","6557996","6558293","chr11","6625264","6625561","10","67268"
"chr11","6661773","6662065","chr11","6732500","6732790","9","70727"
"chr11","6666377","6666704","chr11","6737100","6737403","34","70723"
"chr11","6749542","6749860","chr11","6820449","6820750","31","70907"
"chr11","6771076","6771354","chr11","6842127","6842424","27","71051"
"chr11","6778241","6778540","chrX","25734220","25734518","36","18955979"
"chr11","6790971","6791103","chr10","73050153","73050283","13","66259182"
"chr11","6791414","6791593","chr1","80158268","80158443","32","73366854"
"chr11","6839186","6839354","chr1","47026703","47026870","42","40187517"
"chr11","6865687","6865957","chr9","62227065","62227340","47","55361378"
"chr11","6911284","6911567","chr11","6992077","6992357","5","80793"
"chr11","6917633","6917941","chr11","7002038","7002346","3","84405"
"chr11","6931025","6931337","chr11","7017918","7018231","10","86893"
"chr11","6979544","6979846","chr11","7068511","7068807","14","88967"
"chr11","7044151","7044467","chr16","50336926","50337235","63","43292775"
"chr11","7140428","7140697","chr1","93482383","93482653","43","86341955"
"chr11","7322731","7323028","chr11","7429757","7430054","12","107026"
"chr11","7405632","7405860","chr11","7510521","7510744","11","104889"
"chr11","7674344","7674504","chr11","7793789","7793933","21","119445"
"chr11","7700470","7700780","chr11","7820441","7820748","19","119971"
"chr11","7730576","7730906","chr11","7845688","7846007","29","115112"
"chr11","7779485","7779646","chr1","31388552","31388713","27","23609067"
"chr11","7789640","7789891","chr3","11685268","11685524","50","3895628"
"chr11","7792109","7792419","chr11","7921887","7922195","16","129778"
"chr11","7821082","7821409","chr11","7964956","7965281","19","143874"
"chr11","7859692","7859772","chr8","40610927","40611012","20","32751235"
"chr11","7860459","7860632","chr4","35616638","35616804","32","27756179"
"chr11","7861182","7861494","chr3","145781158","145781457","56","137919976"
"chr11","7869577","7869857","chr4","10727691","10727971","44","2858114"
"chr11","7878108","7878419","chr4","41483568","41483877","46","33605460"
"chr11","7998816","7999073","chr11","8018553","8018808","22","19737"
"chr11","8075281","8075592","chr3","103906951","103907262","46","95831670"
"chr11","8076075","8076376","chr11","8101045","8101348","8","24970"
"chr11","8109944","8110241","chrX","5910207","5910515","39","2199737"
"chr11","8122463","8122750","chr11","8147903","8148190","10","25440"
"chr11","8130298","8130608","chr11","8156106","8156417","22","25808"
"chr11","8383954","8384214","chr11","8420145","8420406","14","36191"
"chr11","8405581","8405873","chr8","63420825","63421118","38","55015244"
"chr11","8509292","8509430","chr4","132594729","132594868","35","124085437"
"chr11","8509739","8509888","chr16","53702571","53702705","32","45192832"
"chr11","8580300","8580577","chr11","8617689","8617964","10","37389"
"chr11","8633253","8633542","chr11","8667998","8668311","37","34745"
"chr11","8638076","8638388","chr11","8671774","8672074","22","33698"
"chr11","8652517","8652796","chr11","8688450","8688725","12","35933"
"chr11","8653402","8653535","chr13","26738522","26738652","16","18085120"
"chr11","8653864","8654037","chr1","28308928","28309106","24","19655064"
"chr11","8673865","8673986","chr11","8710315","8710436","8","36450"
"chr11","8690071","8690232","chr11","8735889","8736050","7","45818"
"chr11","8711859","8712029","chr1","19775982","19776154","28","11064123"
"chr11","8712342","8712507","chr16","24937959","24938093","50","16225617"
"chr11","8812627","8812915","chr11","8853944","8854232","4","41317"
"chr11","8844961","8845252","chr11","8887809","8888108","19","42848"
"chr11","8965320","8965544","chr11","9012731","9012958","7","47411"
"chr11","9177813","9178112","chr11","9230739","9231046","23","52926"
"chr11","9279866","9280168","chr10","35520239","35520543","58","26240373"
"chr11","9635140","9635443","chr10","81172675","81172980","46","71537535"
"chr11","9834792","9835093","chr11","9851940","9852235","27","17148"
"chr11","9978700","9978827","chr11","74966065","74966200","23","64987365"
"chr11","9979142","9979320","chr6","76965850","76966031","32","66986708"
"chr11","9997631","9997746","chr11","10030532","10030647","9","32901"
"chr11","10063466","10063793","chr9","15849454","15849766","69","5785988"
"chr11","10780292","10780397","chr11","10696649","10696754","0","83643"
"chr11","10830735","10831042","chr13","69267578","69267882","14","58436843"
"chr11","11224217","11224518","chr11","11054948","11055247","31","169269"
"chr11","11255294","11255607","chr11","11054948","11055247","34","200346"
"chr11","11279990","11280296","chr11","11076619","11076926","22","203371"
"chr11","11301667","11301953","chr11","11095882","11096169","17","205785"
"chr11","11316993","11317301","chr11","11054948","11055247","25","262045"
"chr11","11325818","11326121","chr11","11054948","11055247","21","270870"
"chr11","11391602","11391911","chr11","11155895","11156195","21","235707"
"chr11","11531609","11531905","chr11","11293815","11294110","20","237794"
"chr11","11708828","11709132","chr11","11471022","11471329","18","237806"
"chr11","11744142","11744456","chr4","82621110","82621415","45","70876968"
"chr11","11964386","11964678","chr11","11726240","11726531","9","238146"
"chr11","11982552","11982858","chr11","11746419","11746720","18","236133"
"chr11","12061843","12062148","chr11","11824462","11824763","15","237381"
"chr11","12172179","12172483","chr11","11929371","11929676","13","242808"
"chr11","12206180","12206468","chr4","42690815","42691104","40","30484635"
"chr11","12221776","12221940","chr2","18802684","18802843","25","6580908"
"chr11","12222270","12222420","chr1","30028124","30028263","28","17805854"
"chr11","12237795","12238027","chr16","5876603","5876840","41","6361192"
"chr11","12293152","12293365","chr10","22140835","22141054","28","9847683"
"chr11","12356600","12356919","chr2","184554529","184554839","50","172197929"
"chr11","12552272","12552426","chr11","12315134","12315288","2","237138"
"chr11","12594265","12594561","chr9","90836714","90837002","41","78242449"
"chr11","12594714","12595017","chr1","181999026","181999329","31","169404312"
"chr11","12630206","12630513","chr11","12397569","12397890","21","232637"
"chr11","12745168","12745462","chr6","57107793","57108087","42","44362625"
"chr11","12753435","12753732","chr20","36033026","36033323","32","23279591"
"chr11","12756872","12757176","chr11","12519963","12520261","29","236909"
"chr11","12795589","12795858","chrX","21253751","21254039","54","8458162"
"chr11","12815631","12815864","chr1","83728780","83729006","43","70913149"
"chr11","12830301","12830601","chr11","12600329","12600635","29","229972"
"chr11","12890691","12891004","chr11","12664032","12664345","21","226659"
"chr11","12936133","12936254","chr20","10710102","10710229","29","2226031"
"chr11","12980144","12980455","chr11","12754503","12754797","32","225641"
"chr11","13035436","13035727","chr11","12810274","12810566","6","225162"
"chr11","13053753","13054049","chr11","12829109","12829404","22","224644"
"chr11","13745839","13746147","chr11","13520977","13521284","7","224862"
"chr11","14039821","14040085","chr11","13809304","13809568","6","230517"
"chr11","14062501","14062808","chr11","13832890","13833196","16","229611"
"chr11","14159028","14159322","chr11","13930498","13930798","18","228530"
"chr11","14159325","14159623","chrX","15966596","15966896","31","1807271"
"chr11","14164523","14164791","chr11","13935706","13935982","21","228817"
"chr11","14177425","14177706","chr11","13949026","13949307","4","228399"
"chr11","14178444","14178753","chr11","13950045","13950352","9","228399"
"chr11","14185546","14185839","chr11","13957403","13957702","12","228143"
"chr11","14214289","14214598","chr11","13986167","13986479","11","228122"
"chr11","14221352","14221633","chr9","115815931","115816212","28","101594579"
"chr11","14259638","14259936","chr11","14030407","14030705","8","229231"
"chr11","14440504","14440808","chr11","14221805","14222109","12","218699"
"chr11","14477982","14478136","chr1","37371951","37372119","33","22893969"
"chr11","14478166","14478399","chr12","16775429","16775638","65","2297263"
"chr11","14565324","14565630","chr11","14347971","14348275","11","217353"
"chr11","14575311","14575616","chr11","14357650","14357955","9","217661"
"chr11","14640189","14640497","chr11","14422255","14422540","32","217934"
"chr11","14657610","14657903","chr11","14438998","14439289","14","218612"
"chr11","14808344","14808631","chr6","146618237","146618526","42","131809893"
"chr11","14823099","14823416","chr11","14607169","14607478","19","215930"
"chr11","15264400","15264690","chr11","15058315","15058606","12","206085"
"chr11","15285598","15285803","chr1","85737563","85737773","35","70451965"
"chr11","15599991","15600215","chr11","15393521","15393744","8","206470"
"chr11","15667720","15668033","chr9","14337314","14337624","31","1330406"
"chr11","15698896","15699203","chr11","15490051","15490355","18","208845"
"chr11","15733782","15734093","chr11","15530344","15530659","16","203438"
"chr11","15768970","15769258","chr11","15572767","15573022","38","196203"
"chr11","15939846","15940134","chr10","89876785","89877069","35","73936939"
"chr11","15973359","15973659","chr11","15780062","15780356","24","193297"
"chr11","16032027","16032249","chr7","107086246","107086470","32","91054219"
"chr11","16067994","16068297","chr11","15878049","15878353","9","189945"
"chr11","16187969","16188204","chr2","51140624","51140858","38","34952655"
"chr11","16551957","16552242","chr11","16364866","16365153","7","187091"
"chr11","16559319","16559615","chr11","16371989","16372286","14","187330"
"chr11","16874301","16874585","chr11","16685521","16685763","46","188780"
"chr11","16971089","16971389","chr11","16783152","16783451","9","187937"
"chr11","17108799","17109110","chr11","16922009","16922317","22","186790"
"chr11","17242498","17242791","chr11","17051342","17051626","21","191156"
"chr11","17254711","17255000","chr11","17063575","17063876","21","191136"
"chr11","17428825","17429107","chr11","17236597","17236909","38","192228"
"chr11","17762135","17762418","chr16","54603165","54603446","44","36841030"
"chr11","17813887","17814151","chr16","17829956","17830239","59","16069"
"chr11","17822035","17822367","chr11","17528493","17528810","32","293542"
"chr11","17963699","17964002","chr11","17670570","17670873","0","293129"
"chr11","18124202","18124505","chr11","108027697","108027986","56","89903495"
"chr11","18156898","18157197","chr16","44237437","44237731","51","26080539"
"chr11","18299714","18300024","chr11","18016574","18016862","39","283140"
"chr11","18727391","18727685","chr11","18445141","18445436","7","282250"
"chr11","19139654","19139943","chr11","18861822","18862111","4","277832"
"chr11","19149309","19149586","chr3","85818144","85818424","38","66668835"
"chr11","19165439","19165618","chr14","7760783","7760966","28","11404656"
"chr11","19194132","19194452","chr11","18917469","18917785","10","276663"
"chr11","19210388","19210583","chr14","76451285","76451469","67","57240897"
"chr11","19210884","19211062","chr15","38907370","38907545","28","19696486"
"chr11","19220965","19221253","chr11","18944812","18945097","9","276153"
"chr11","19232568","19232852","chr11","18956798","18957082","6","275770"
"chr11","19262939","19263229","chr7","119222797","119223088","50","99959858"
"chr11","19263869","19264046","chr1","1580453","1580620","32","17683416"
"chr11","19266326","19266638","chr11","18989858","18990155","33","276468"
"chr11","19421635","19421936","chr5","177623149","177623435","67","158201514"
"chr11","19764088","19764389","chr11","19496711","19497018","14","267377"
"chr11","19769330","19769635","chr1","207075546","207075852","42","187306216"
"chr11","19863229","19863528","chr11","19598005","19598307","14","265224"
"chr11","19916079","19916312","chr7","33048980","33049204","43","13132901"
"chr11","19979984","19980286","chr11","19705802","19706104","10","274182"
"chr11","20003451","20003650","chr11","19729033","19729227","11","274418"
"chr11","20061701","20062008","chr11","19785007","19785314","4","276694"
"chr11","20331515","20331796","chr11","20059064","20059370","42","272451"
"chr11","20504139","20504283","chr1","54276574","54276710","25","33772435"
"chr11","20504592","20504770","chr1","19775982","19776154","29","728610"
"chr11","20518099","20518405","chr6","31525977","31526277","40","11007878"
"chr11","20725430","20725742","chr11","20406167","20406478","14","319263"
"chr11","21028819","21029109","chr5","129576914","129577201","42","108548095"
"chr11","21505571","21505880","chr11","21142748","21143045","29","362823"
"chr11","21537482","21537772","chr11","21188650","21188937","15","348832"
"chr11","22399774","22400047","chr1","130526796","130527066","49","108127022"
"chr11","22432657","22432953","chr11","22082153","22082444","10","350504"
"chr11","22635004","22635314","chr11","22285502","22285811","6","349502"
"chr11","23233961","23234219","chr11","22885236","22885494","6","348725"
"chr11","23260723","23260951","chr2","169611266","169611495","46","146350543"
"chr11","23328551","23328833","chr11","22980294","22980576","8","348257"
"chr11","23382943","23383253","chr11","23035115","23035416","26","347828"
"chr11","23510158","23510442","chr11","23162588","23162871","12","347570"
"chr11","23583524","23583829","chr11","23236614","23236923","12","346910"
"chr11","23667062","23667356","chr11","23321291","23321582","21","345771"
"chr11","23737444","23737744","chr4","32480381","32480687","41","8742937"
"chr11","23855759","23855958","chr1","31210003","31210195","40","7354244"
"chr11","23878815","23879075","chr1","165286203","165286467","72","141407388"
"chr11","24031607","24031897","chr11","23710084","23710371","16","321523"
"chr11","24292280","24292482","chr11","23979091","23979295","8","313189"
"chr11","24328931","24329230","chr11","24015807","24016112","18","313124"
"chr11","24721280","24721577","chr11","24412588","24412885","5","308692"
"chr11","24907194","24907459","chr11","24596723","24596988","6","310471"
"chr11","24934229","24934516","chr11","24623171","24623458","6","311058"
"chr11","24977081","24977409","chr12","34076286","34076616","59","9099205"
"chr11","25008959","25009194","chr11","24697963","24698198","9","310996"
"chr11","25056249","25056587","chr11","24745455","24745770","33","310794"
"chr11","25403333","25403641","chr2","3688958","3689265","43","21714375"
"chr11","25479909","25480196","chr11","25167847","25168134","8","312062"
"chr11","25660554","25660870","chr7","108661358","108661664","43","83000804"
"chr11","25738916","25739214","chr11","25428795","25429110","22","310121"
"chr11","25753124","25753419","chr11","25443006","25443305","18","310118"
"chr11","25836029","25836332","chr11","25526487","25526794","16","309542"
"chr11","25837647","25837953","chr11","25528106","25528412","8","309541"
"chr11","25953672","25953984","chr11","25644493","25644805","14","309179"
"chr11","26027638","26027945","chr11","25718374","25718668","29","309264"
"chr11","26695093","26695384","chr9","71562572","71562860","58","44867479"
"chr11","26718621","26718892","chr1","213558170","213558454","56","186839549"
"chr11","26878753","26878990","chr11","26582541","26582778","8","296212"
"chr11","27237330","27237624","chr11","26944570","26944866","6","292760"
"chr11","27257172","27257475","chr11","26964439","26964731","21","292733"
"chr11","27290498","27290801","chr11","26997051","26997349","18","293447"
"chr11","27462551","27462801","chr11","27169581","27169833","23","292970"
"chr11","27462844","27462856","chr9","32916732","32916748","12","5453888"
"chr11","28492559","28492867","chr11","28227796","28228104","15","264763"
"chr11","28496593","28496894","chr11","28231853","28232145","16","264740"
"chr11","28699180","28699480","chr11","28438794","28439101","17","260386"
"chr11","28741434","28741737","chr11","28480706","28481009","10","260728"
"chr11","28769942","28770244","chr2","149003574","149003882","43","120233632"
"chr11","29085586","29085891","chr11","28821185","28821490","10","264401"
"chr11","29108807","29109115","chr11","28844415","28844722","13","264392"
"chr11","29163798","29164100","chr1","55263731","55264029","39","26099933"
"chr11","29378081","29378394","chr11","29114049","29114362","15","264032"
"chr11","29752075","29752354","chr11","29491633","29491912","12","260442"
"chr11","29828854","29829157","chr11","29572427","29572729","10","256427"
"chr11","29948713","29949041","chr11","29700798","29701107","34","247915"
"chr11","30143554","30143842","chr11","29889199","29889487","17","254355"
"chr11","30225716","30225876","chr11","29974141","29974301","4","251575"
"chr11","30362606","30362909","chr11","30102633","30102932","10","259973"
"chr11","30386857","30387161","chr8","23726355","23726661","56","6660502"
"chr11","30762845","30763114","chr11","30498201","30498470","9","264644"
"chr11","30803124","30803404","chr11","30538980","30539283","28","264144"
"chr11","30874947","30875249","chr11","30606848","30607142","12","268099"
"chr11","30898589","30898698","chr12","80211405","80211513","14","49312816"
"chr11","30906334","30906520","chr20","66727640","66727807","46","35821306"
"chr11","30906819","30906951","chr6","47849580","47849709","17","16942761"
"chr11","30928327","30928634","chr11","30659336","30659642","13","268991"
"chr11","30932464","30932764","chr11","30663466","30663766","4","268998"
"chr11","30958786","30959091","chr14","62611253","62611550","44","31652467"
"chr11","30961706","30962012","chr9","110392060","110392354","53","79430354"
"chr11","30999155","30999464","chr11","30731323","30731632","13","267832"
"chr11","31014830","31014995","chr11","30746991","30747157","2","267839"
"chr11","31021779","31022059","chr7","28322216","28322497","39","2699563"
"chr11","31038056","31038266","chr10","85487388","85487584","73","54449332"
"chr11","31067739","31067912","chr11","30797050","30797244","25","270689"
"chr11","31106943","31107224","chrX","122819264","122819546","44","91712321"
"chr11","31120307","31120470","chr2","50073640","50073802","20","18953333"
"chr11","31120778","31120788","chr9","32916732","32916748","11","1795954"
"chr11","31124090","31124294","chr8","99113201","99113404","32","67989111"
"chr11","31152544","31152843","chr11","30891599","30891893","10","260945"
"chr11","31208823","31209131","chr11","30948396","30948701","6","260427"
"chr11","31233986","31234134","chr11","30992530","30992678","8","241456"
"chr11","31263536","31263837","chr13","38740103","38740404","52","7476567"
"chr11","31281254","31281550","chr11","31040160","31040468","29","241094"
"chr11","31316276","31316576","chr11","31068106","31068403","17","248170"
"chr11","31327093","31327233","chr10","79289103","79289241","20","47962010"
"chr11","31331854","31332002","chr16","45400195","45400346","20","14068341"
"chr11","31345941","31346240","chr11","31124445","31124739","16","221496"
"chr11","31346458","31346774","chr1","179189054","179189355","47","147842596"
"chr11","31349809","31350110","chr11","31128299","31128598","13","221510"
"chr11","31354796","31355003","chr11","31137557","31137779","21","217239"
"chr11","31375067","31375370","chr11","31160857","31161158","9","214210"
"chr11","31418525","31418827","chr11","31213364","31213666","12","205161"
"chr11","31439974","31440148","chr2","147619175","147619349","40","116179201"
"chr11","31441602","31441788","chr11","31236319","31236495","14","205283"
"chr11","31462741","31463031","chr11","31258854","31259151","27","203887"
"chr11","31477413","31477584","chr6","99727553","99727722","32","68250140"
"chr11","31492553","31492849","chr11","118949958","118950247","52","87457405"
"chr11","31501348","31501660","chr2","184554529","184554839","40","153053181"
"chr11","31511231","31511404","chr11","31311453","31311635","9","199778"
"chr11","31564467","31564759","chr11","31362071","31362358","22","202396"
"chr11","31673793","31674104","chr11","31471849","31472160","11","201944"
"chr11","31674220","31674490","chr11","31472276","31472557","17","201944"
"chr11","31704723","31704997","chr11","31506561","31506839","13","198162"
"chr11","31707481","31707580","chr11","31509314","31509414","4","198167"
"chr11","31733512","31733808","chr11","31535394","31535701","27","198118"
"chr11","31825177","31825476","chr16","54390167","54390464","37","22564990"
"chr11","31849216","31849518","chr1","37689627","37689933","45","5840411"
"chr11","31854345","31854646","chr11","31658640","31658917","34","195705"
"chr11","31891060","31891369","chr11","31699910","31700219","8","191150"
"chr11","31901123","31901414","chr11","31712940","31713232","6","188183"
"chr11","31902655","31902960","chr11","31714392","31714696","9","188263"
"chr11","32003128","32003435","chr11","31813128","31813435","3","190000"
"chr11","32025016","32025208","chr10","14798272","14798465","32","17226744"
"chr11","32027664","32027974","chr11","31838261","31838568","14","189403"
"chr11","32032127","32032432","chr11","31842726","31843029","4","189401"
"chr11","32056344","32056639","chr11","31872680","31872971","21","183664"
"chr11","32056648","32056941","chr11","31872680","31872971","18","183968"
"chr11","32067529","32067812","chr11","31877088","31877370","9","190441"
"chr11","32163469","32163760","chr11","31975526","31975814","6","187943"
"chr11","32187298","32187576","chr11","31999477","31999751","8","187821"
"chr11","32269776","32270070","chr1","127938325","127938617","35","95668549"
"chr11","32277391","32277688","chr11","32101745","32102037","39","175646"
"chr11","32625590","32625876","chr11","32459656","32459942","9","165934"
"chr11","32795326","32795608","chr11","32635884","32636166","10","159442"
"chr11","32812768","32813061","chr11","32653269","32653568","15","159499"
"chr11","32881003","32881307","chr1","56106334","56106635","40","23225331"
"chr11","33055489","33055784","chr11","32914403","32914700","8","141086"
"chr11","33718635","33718935","chr11","33657143","33657444","12","61492"
"chr11","33954787","33955082","chr11","33904986","33905282","8","49801"
"chr11","34048320","34048621","chr11","33999403","33999710","14","48917"
"chr11","34131563","34131884","chr11","34081055","34081373","18","50508"
"chr11","34267699","34267993","chr11","34214936","34215247","22","52763"
"chr11","34275765","34276062","chr11","34223036","34223326","14","52729"
"chr11","35539018","35539193","chrX","21556652","21556824","24","13982366"
"chr11","35573708","35574005","chr11","121089294","121089592","36","85515586"
"chr11","35674732","35675015","chr11","34920790","34921100","31","753942"
"chr11","35719471","35719774","chr11","34966456","34966734","45","753015"
"chr11","35723467","35723590","chr1","181341091","181341211","16","145617624"
"chr11","35736991","35737289","chr11","34984346","34984643","9","752645"
"chr11","35765178","35765479","chr11","35013574","35013875","6","751604"
"chr11","35769501","35769785","chr11","35017472","35017778","33","752029"
"chr11","36105744","36106046","chr11","35372877","35373179","7","732867"
"chr11","36690467","36690751","chr11","35991757","35992041","7","698710"
"chr11","36977778","36978128","chr11","36302740","36303046","64","675038"
"chr11","37520141","37520459","chr17","21200854","21201166","54","16319287"
"chr11","38014322","38014603","chr3","85818144","85818424","46","47803822"
"chr11","38126456","38126752","chr11","37485854","37486163","17","640602"
"chr11","38251626","38251850","chr11","37618403","37618627","6","633223"
"chr11","38540069","38540382","chr11","37914941","37915254","14","625128"
"chr11","38545235","38545537","chr11","37920146","37920451","11","625089"
"chr11","38596231","38596531","chr14","18184474","18184776","44","20411757"
"chr11","38675970","38676283","chr11","38055791","38056104","7","620179"
"chr11","38694092","38694395","chr14","13920795","13921101","38","24773297"
"chr11","38852741","38853031","chr11","38235143","38235465","41","617598"
"chr11","38896115","38896426","chr11","38276874","38277185","11","619241"
"chr11","39999148","39999393","chr11","39426600","39426846","11","572548"
"chr11","40044338","40044646","chr11","39470700","39471009","9","573638"
"chr11","40484117","40484416","chr11","39919904","39920203","39","564213"
"chr11","40516965","40517119","chr11","39952247","39952401","2","564718"
"chr11","40829693","40830004","chr11","40290734","40291045","15","538959"
"chr11","41504776","41505073","chr11","40980454","40980750","6","524322"
"chr11","41685107","41685388","chr11","41157980","41158289","36","527127"
"chr11","41966525","41966818","chr11","41459458","41459748","9","507067"
"chr11","42113522","42113782","chr11","41607264","41607532","18","506258"
"chr11","42353087","42353277","chr11","41851612","41851802","5","501475"
"chr11","42449835","42450143","chr11","41946778","41947083","17","503057"
"chr11","42762821","42763118","chr11","42259612","42259911","18","503209"
"chr11","42786271","42786439","chr11","42282507","42282676","5","503764"
"chr11","42866160","42866472","chr11","42365334","42365636","37","500826"
"chr11","43054365","43054678","chr11","42559505","42559821","17","494860"
"chr11","43157530","43157847","chr16","30712954","30713265","36","12444576"
"chr11","43563969","43564232","chr11","43086623","43086886","5","477346"
"chr11","43625343","43625644","chr11","43149069","43149382","19","476274"
"chr11","44077882","44078191","chr5","52169709","52170013","39","8091827"
"chr11","44368962","44369266","chr13","46470477","46470781","41","2101515"
"chr11","44435198","44435444","chr1","92616917","92617170","35","48181719"
"chr11","44497306","44497600","chr1","124758725","124759018","38","80261419"
"chr11","44571651","44571960","chr11","44120172","44120482","12","451479"
"chr11","44864026","44864134","chr4","3638567","3638675","13","41225459"
"chr11","44883807","44884106","chr11","44430303","44430603","6","453504"
"chr11","44913371","44913673","chr11","44461276","44461583","17","452095"
"chr11","44921656","44921957","chr11","44469501","44469794","20","452155"
"chr11","44947681","44947977","chr11","44495705","44496005","10","451976"
"chr11","44966368","44966673","chr11","44515416","44515721","5","450952"
"chr11","45050240","45050498","chr2","149177090","149177349","57","104126850"
"chr11","45080690","45080995","chr11","44632178","44632483","5","448512"
"chr11","45118583","45118870","chr11","44670337","44670622","5","448246"
"chr11","45126509","45126849","chr1","123647534","123647864","79","78521025"
"chr11","45140033","45140337","chr11","44693241","44693546","9","446792"
"chr11","45152181","45152458","chr1","124906800","124907084","36","79754619"
"chr11","45162237","45162335","chr7","90510637","90510734","10","45348400"
"chr11","45252155","45252456","chr12","36444891","36445198","27","8807264"
"chr11","45256922","45257141","chr12","40269904","40270125","28","4987018"
"chr11","45257439","45257528","chr11","95585015","95585104","14","50327576"
"chr11","45278651","45278818","chr11","44832980","44833143","13","445671"
"chr11","45304264","45304564","chr11","44858538","44858837","6","445726"
"chr11","45372423","45372626","chr19","8134719","8134907","48","37237704"
"chr11","45372931","45373064","chr11","74966065","74966200","17","29593134"
"chr11","45383763","45384055","chr11","44944790","44945082","6","438973"
"chr11","45389987","45390289","chr7","132773909","132774211","40","87383922"
"chr11","45415656","45415808","chr6","118045458","118045604","25","72629802"
"chr11","45415851","45415968","chr19","33511369","33511488","13","11904482"
"chr11","45445559","45445656","chr11","45007326","45007423","2","438233"
"chr11","45471128","45471400","chr11","45040187","45040459","7","430941"
"chr11","45474008","45474297","chr3","87633691","87633984","38","42159683"
"chr11","45477787","45478066","chr15","54547843","54548121","33","9070056"
"chr11","45495757","45496007","chr11","45066850","45067076","30","428907"
"chr11","45497867","45498020","chr3","51866003","51866148","44","6368136"
"chr11","45540081","45540394","chr11","45116845","45117160","6","423236"
"chr11","45543907","45544086","chr12","57375913","57376086","29","11832006"
"chr11","45582979","45583337","chr2","163181315","163181637","72","117598336"
"chr11","45584241","45584406","chr1","31388552","31388713","29","14195689"
"chr11","45611808","45612119","chr11","45190884","45191164","39","420924"
"chr11","45695691","45695978","chr11","45273075","45273365","18","422616"
"chr11","45984171","45984310","chr4","132594729","132594868","43","86610558"
"chr11","45984639","45984760","chr5","107253890","107254015","25","61269251"
"chr11","46087938","46088231","chr11","45668397","45668695","13","419541"
"chr11","46149193","46149493","chr11","45728908","45729208","7","420285"
"chr11","46227052","46227357","chr11","45807292","45807598","11","419760"
"chr11","46258351","46258654","chr8","75788005","75788310","43","29529654"
"chr11","46266737","46267025","chr11","47605843","47606132","31","1339106"
"chr11","46374607","46374923","chr11","45958971","45959289","14","415636"
"chr11","46419416","46419713","chr11","46001870","46002161","14","417546"
"chr11","46422618","46422939","chr11","46006295","46006618","10","416323"
"chr11","46436786","46437085","chr11","46020493","46020796","10","416293"
"chr11","46448578","46448889","chr11","46033320","46033629","13","415258"
"chr11","46458871","46459176","chr11","46041573","46041883","26","417298"
"chr11","46482762","46483054","chr11","46065980","46066271","4","416782"
"chr11","46596064","46596368","chr11","46190642","46190949","10","405422"
"chr11","46603798","46604109","chr16","19889407","19889704","51","26714391"
"chr11","46605426","46605761","chr7","148441749","148442080","82","101836323"
"chr11","46683817","46684115","chr6","134058896","134059202","54","87375079"
"chr11","46714135","46714477","chr11","46311876","46312187","35","402259"
"chr11","46730392","46730684","chr11","46328406","46328700","12","401986"
"chr11","46763821","46764089","chr11","46362734","46362973","34","401087"
"chr11","46764101","46764394","chr11","46362985","46363277","9","401116"
"chr11","46847447","46847743","chr11","46449520","46449815","9","397927"
"chr11","46916634","46916876","chr11","46511334","46511576","10","405300"
"chr11","46940829","46941127","chr11","46537452","46537746","24","403377"
"chr11","47032680","47032966","chr13","108482125","108482412","42","61449445"
"chr11","47076123","47076422","chr2","67255329","67255626","40","20179206"
"chr11","47117303","47117350","chr11","46716880","46716927","0","400423"
"chr11","47213916","47213970","chr10","71066975","71067023","17","23853059"
"chr11","47242519","47242670","chr11","46842373","46842524","5","400146"
"chr11","47275400","47275567","chr18","20277412","20277578","29","26997988"
"chr11","47340380","47340681","chr11","46944199","46944496","9","396181"
"chr11","47341683","47341956","chr11","46947001","46947302","41","394682"
"chr11","47356965","47357260","chrX","141775630","141775927","36","94418665"
"chr11","47367957","47368258","chr11","46974832","46975140","17","393125"
"chr11","47370910","47371202","chr11","46985049","46985349","18","385861"
"chr11","47382708","47383012","chr19","13599878","13600174","37","33782830"
"chr11","47460028","47460315","chr11","47058480","47058756","19","401548"
"chr11","47475742","47476036","chr11","47074991","47075287","10","400751"
"chr11","47530975","47531140","chr19","50390260","50390416","31","2859285"
"chr11","47531429","47531440","chr9","32916732","32916748","12","14614697"
"chr11","47590304","47590609","chr11","47189218","47189515","18","401086"
"chr11","47695029","47695176","chr11","47295964","47296108","7","399065"
"chr11","47754561","47754860","chr5","94774406","94774706","42","47019845"
"chr11","47839423","47839570","chr11","47443495","47443639","6","395928"
"chr11","47881081","47881310","chr8","24578072","24578299","34","23303009"
"chr11","48001474","48001765","chr11","47605843","47606132","11","395631"
"chr11","48104397","48104678","chr11","47709598","47709900","29","394799"
"chr11","48159178","48159471","chr11","47764016","47764307","7","395162"
"chr11","48244782","48245051","chr16","12569423","12569706","60","35675359"
"chr11","48638137","48638431","chr11","48237724","48238018","6","400413"
"chr11","48884322","48884599","chr4","153173836","153174115","41","104289514"
"chr11","49011249","49011427","chr12","96421247","96421419","48","47409998"
"chr11","49013279","49013582","chr11","48612807","48613109","9","400472"
"chr11","49016039","49016378","chr11","48615590","48615899","34","400449"
"chr11","49018940","49019124","chr11","31300826","31301006","39","17718114"
"chr11","49033199","49033307","chr12","80211405","80211513","10","31178206"
"chr11","49065780","49066087","chrX","46529834","46530140","45","2535946"
"chr11","49076812","49077112","chr20","26211185","26211483","29","22865627"
"chr11","49106584","49106672","chr11","48706251","48706339","0","400333"
"chr11","49117999","49118292","chr11","48720497","48720793","7","397502"
"chr11","49119873","49120194","chr11","48730794","48731127","18","389079"
"chr11","49145699","49145957","chr11","48756024","48756284","9","389675"
"chr11","49157354","49157653","chr11","48767531","48767837","16","389823"
"chr11","49197348","49197636","chr11","48808283","48808579","17","389065"
"chr11","49264891","49265197","chr11","48886081","48886392","15","378810"
"chr11","49277824","49278129","chr11","48899144","48899453","8","378680"
"chr11","49357881","49358181","chr11","48982396","48982696","3","375485"
"chr11","49386370","49386670","chr11","49014484","49014784","5","371886"
"chr11","49469220","49469398","chr12","96421247","96421419","47","46952027"
"chr11","49473246","49473552","chr11","49102553","49102853","17","370693"
"chr11","49490499","49490809","chr11","49121008","49121320","6","369491"
"chr11","49494553","49494845","chr11","49125722","49126020","13","368831"
"chr11","49542697","49542999","chr11","49171231","49171533","9","371466"
"chr11","49631721","49632004","chr11","49270179","49270473","14","361542"
"chr11","49738000","49738306","chr2","176864663","176864968","41","127126663"
"chr11","49760146","49760456","chr11","49403992","49404302","12","356154"
"chr11","49997437","49997738","chr11","49644244","49644543","8","353193"
"chr11","50209099","50209225","chr14","57975974","57976101","34","7766875"
"chr11","50362235","50362539","chr11","50013105","50013408","11","349130"
"chr11","50457808","50458043","chr10","88101734","88101973","31","37643926"
"chr11","50500622","50500923","chr11","50145544","50145842","7","355078"
"chr11","50795976","50796202","chr11","50443329","50443555","1","352647"
"chr11","50801730","50801904","chr11","50449096","50449254","20","352634"
"chr11","50865942","50866257","chr11","50516138","50516450","10","349804"
"chr11","51397111","51397394","chr9","87149710","87149996","50","35752599"
"chr11","51501494","51501786","chr20","70817416","70817712","44","19315922"
"chr11","51547882","51548184","chr11","51172391","51172699","27","375491"
"chr11","51603806","51604107","chr17","1772149","1772450","39","49831657"
"chr11","51691729","51692006","chrX","91199403","91199673","67","39507674"
"chr11","51709390","51709690","chr20","26211185","26211483","45","25498205"
"chr11","51729977","51730285","chr11","51355865","51356172","11","374112"
"chr11","51731430","51731743","chr11","51357310","51357623","10","374120"
"chr11","51777474","51777776","chr11","51405261","51405564","9","372213"
"chr11","51823603","51823902","chr11","51451463","51451762","4","372140"
"chr11","51844857","51845170","chr11","51473340","51473645","20","371517"
"chr11","51849878","51850041","chr11","51479292","51479450","9","370586"
"chr11","51952793","51952954","chr6","99727553","99727722","42","47774760"
"chr11","51988987","51989290","chr11","51611710","51612007","19","377277"
"chr11","52012891","52013201","chr11","51648895","51649200","13","363996"
"chr11","52089197","52089491","chr11","51727501","51727812","28","361696"
"chr11","52154937","52155214","chr5","164606128","164606400","37","112451191"
"chr11","52172479","52172789","chr11","51805947","51806256","10","366532"
"chr11","52174032","52174313","chr19","14231208","14231489","37","37942824"
"chr11","52176726","52177002","chr11","51818343","51818619","2","358383"
"chr11","52181739","52182044","chr11","51823743","51824048","10","357996"
"chr11","52188351","52188643","chr8","93313106","93313401","34","41124755"
"chr11","52204057","52204299","chr5","37004074","37004307","42","15199983"
"chr11","52237916","52238081","chr20","51964644","51964785","44","273272"
"chr11","52238390","52238550","chr7","42606545","42606698","29","9631845"
"chr11","52245598","52245904","chr11","51883319","51883625","3","362279"
"chr11","52250470","52250680","chr11","51891974","51892186","5","358496"
"chr11","52260491","52260717","chr11","51897454","51897677","9","363037"
"chr11","52278076","52278370","chr11","51915171","51915441","31","362905"
"chr11","52293544","52293842","chr11","51929026","51929330","14","364518"
"chr11","52338555","52338846","chr11","116775032","116775330","39","64436477"
"chr11","52441087","52441382","chr11","52086030","52086334","20","355057"
"chr11","52483739","52484036","chr1","27513704","27514001","28","24970035"
"chr11","52490996","52491320","chr4","44506568","44506874","49","7984428"
"chr11","52496483","52496784","chr5","89552155","89552456","35","37055672"
"chr11","52513712","52513987","chr11","52155340","52155636","35","358372"
"chr11","52528165","52528481","chr11","52172365","52172681","9","355800"
"chr11","52530141","52530437","chr2","78665450","78665747","45","26135309"
"chr11","52608468","52608645","chr19","8134719","8134907","56","44473749"
"chr11","52608646","52608944","chr20","31089147","31089445","56","21519499"
"chr11","52608945","52609046","chr1","13457299","13457407","32","39151646"
"chr11","52620623","52620857","chr18","43185117","43185351","44","9435506"
"chr11","52628866","52629168","chr11","52275376","52275674","16","353490"
"chr11","52674702","52674991","chr5","65630374","65630663","56","12955672"
"chr11","52756950","52757257","chr12","14273839","14274149","37","38483111"
"chr11","52933816","52934113","chr11","52587560","52587855","13","346256"
"chr11","52934783","52935092","chr11","52588521","52588831","13","346262"
"chr11","52984752","52985043","chr11","52641309","52641604","7","343443"
"chr11","52991209","52991503","chr11","52647681","52647944","35","343528"
"chr11","53012771","53012929","chr2","18802684","18802843","23","34210087"
"chr11","53013256","53013398","chr15","7139680","7139810","25","45873576"
"chr11","53036721","53036997","chr14","18364008","18364282","44","34672713"
"chr11","53234153","53234316","chr10","27411919","27412087","25","25822234"
"chr11","53330499","53330804","chr11","52990390","52990695","8","340109"
"chr11","53334381","53334678","chr11","52994593","52994887","9","339788"
"chr11","53336971","53337278","chr11","52997181","52997485","9","339790"
"chr11","53370249","53370543","chr11","53031794","53032098","18","338455"
"chr11","53378736","53379034","chr11","53040280","53040579","4","338456"
"chr11","53443243","53443550","chr11","53107440","53107748","7","335803"
"chr11","53471698","53471999","chr11","53150635","53150933","12","321063"
"chr11","53483150","53483368","chr11","53142761","53142982","6","340389"
"chr11","53545562","53545738","chr11","53213456","53213631","3","332106"
"chr11","53561751","53561884","chr2","42222606","42222740","17","11339145"
"chr11","53562196","53562350","chr12","32880869","32881021","29","20681327"
"chr11","53569256","53569550","chr11","53237793","53238087","5","331463"
"chr11","53591590","53591892","chr11","53261116","53261418","14","330474"
"chr11","53838109","53838396","chr11","53508867","53509148","12","329242"
"chr11","53865294","53865584","chr11","53536774","53537065","5","328520"
"chr11","54010935","54011028","chr11","53689072","53689165","5","321863"
"chr11","54613637","54613948","chr16","66244208","66244518","45","11630571"
"chr11","54642095","54642394","chr11","54326350","54326648","12","315745"
"chr11","54814606","54814916","chr11","54507333","54507645","10","307273"
"chr11","54832659","54832978","chr7","40951484","40951791","41","13881175"
"chr11","54877557","54877861","chr11","54571872","54572174","11","305685"
"chr11","56037466","56037733","chr11","55722387","55722623","39","315079"
"chr11","56063741","56063843","chr11","55747967","55748069","2","315774"
"chr11","56205096","56205383","chr5","160679286","160679558","52","104474190"
"chr11","56285060","56285355","chr11","55965941","55966246","27","319119"
"chr11","56337186","56337469","chr19","12102217","12102504","41","44234969"
"chr11","56519462","56519753","chr11","56204422","56204708","14","315040"
"chr11","56945593","56945878","chr16","8809848","8810130","48","48135745"
"chr11","57205132","57205434","chr11","56900305","56900592","19","304827"
"chr11","57280240","57280547","chr11","56975130","56975439","8","305110"
"chr11","57391868","57392152","chr11","57097814","57098098","7","294054"
"chr11","57420084","57420374","chr11","57125657","57125947","12","294427"
"chr11","57484485","57484732","chr11","57183902","57184149","10","300583"
"chr11","57754525","57754813","chr11","57453713","57454006","19","300812"
"chr11","58107941","58108249","chr18","13421669","13421973","34","44686272"
"chr11","58335280","58335453","chr12","57375913","57376086","36","959367"
"chr11","58355891","58356172","chr11","64124862","64125139","42","5768971"
"chr11","58626015","58626293","chr11","58342389","58342667","5","283626"
"chr11","58660176","58660455","chr11","58376918","58377200","12","283258"
"chr11","58677348","58677644","chr1","64892038","64892332","37","6214690"
"chr11","58822500","58822803","chr11","58543377","58543691","17","279123"
"chr11","58947759","58947954","chr11","58671092","58671295","19","276667"
"chr11","58960718","58961023","chr11","58684064","58684369","10","276654"
"chr11","59069946","59070204","chr11","58798543","58798805","10","271403"
"chr11","59326867","59327152","chr11","59064236","59064513","19","262631"
"chr11","59363509","59363729","chr17","62191173","62191397","43","2827664"
"chr11","59653445","59653754","chr11","59393745","59394053","11","259700"
"chr11","59910419","59910718","chr11","59655049","59655348","7","255370"
"chr11","60016052","60016354","chr11","59757645","59757953","13","258407"
"chr11","60021070","60021357","chr11","59762547","59762836","13","258523"
"chr11","60042871","60043172","chr11","59784875","59785178","22","257996"
"chr11","60084079","60084379","chr11","59825393","59825694","8","258686"
"chr11","60109249","60109537","chr11","59849935","59850223","10","259314"
"chr11","60138335","60138643","chr11","59878964","59879272","13","259371"
"chr11","60224274","60224514","chrX","64031119","64031344","63","3806845"
"chr11","60269493","60269785","chr11","60015400","60015692","9","254093"
"chr11","60296769","60297051","chr11","60044793","60045070","14","251976"
"chr11","60301895","60302196","chr11","60049274","60049583","19","252621"
"chr11","60326999","60327296","chr11","60074512","60074803","24","252487"
"chr11","60329647","60329952","chr11","60077509","60077819","15","252138"
"chr11","60390992","60391290","chr11","60140136","60140434","4","250856"
"chr11","60450683","60450828","chr4","69296279","69296425","19","8845596"
"chr11","60485421","60485727","chr9","123486746","123487049","36","63001325"
"chr11","60614776","60614924","chr16","69524692","69524847","46","8909916"
"chr11","60765094","60765412","chr11","60530402","60530685","39","234692"
"chr11","61345657","61345935","chr11","61105475","61105753","30","240182"
"chr11","61415210","61415520","chr11","61172039","61172349","8","243171"
"chr11","61455807","61456110","chr11","61211231","61211536","10","244576"
"chr11","61546299","61546608","chr11","61303834","61304134","13","242465"
"chr11","61746540","61746845","chr11","61498058","61498359","14","248482"
"chr11","61806261","61806551","chr11","61558631","61558922","12","247630"
"chr11","61958133","61958422","chr1","29204908","29205194","37","32753225"
"chr11","62666392","62666689","chr11","62421043","62421352","21","245349"
"chr11","62760063","62760368","chr11","62516203","62516508","9","243860"
"chr11","62788926","62789156","chr11","62544987","62545217","3","243939"
"chr11","63387411","63387705","chr11","63139176","63139470","15","248235"
"chr11","63551179","63551496","chr14","107694387","107694691","50","44143208"
"chr11","63581732","63582031","chr11","63333429","63333732","15","248303"
"chr11","63620027","63620314","chr11","63371733","63372025","27","248294"
"chr11","63668377","63668685","chr11","63416676","63416961","31","251701"
"chr11","63791276","63791578","chr11","63545865","63546163","8","245411"
"chr11","63803594","63803897","chr11","63557584","63557885","29","246010"
"chr11","63900938","63901213","chr11","63655447","63655735","27","245491"
"chr11","63901225","63901421","chr11","130993705","130993911","37","67092480"
"chr11","63978895","63979163","chr11","63733454","63733722","10","245441"
"chr11","63986459","63986631","chr19","34581520","34581689","30","29404939"
"chr11","64103750","64104051","chr11","63860527","63860829","5","243223"
"chr11","64203227","64203520","chr11","63960763","63961056","7","242464"
"chr11","64218418","64218721","chr11","63975634","63975940","12","242784"
"chr11","64247547","64247846","chr11","64005491","64005799","14","242056"
"chr11","64276169","64276467","chr11","64034766","64035055","22","241403"
"chr11","64311436","64311726","chr11","64088111","64088407","23","223325"
"chr11","64311899","64312209","chr11","64088581","64088878","26","223318"
"chr11","64350028","64350338","chr15","14298818","14299123","38","50051210"
"chr11","64371455","64371672","chr19","2522109","2522332","38","61849346"
"chr11","64428993","64429291","chr11","64208676","64208976","12","220317"
"chr11","64471086","64471369","chr16","21781850","21782128","40","42689236"
"chr11","64474173","64474457","chr11","64254203","64254492","16","219970"
"chr11","64493141","64493436","chr11","64275237","64275532","15","217904"
"chr11","64523421","64523676","chr11","64305158","64305414","9","218263"
"chr11","64554612","64554923","chr11","64336717","64337028","11","217895"
"chr11","64718330","64718621","chr11","64501813","64502109","16","216517"
"chr11","65016113","65016409","chr11","64797314","64797609","12","218799"
"chr11","65039575","65039884","chr11","64821359","64821664","15","218216"
"chr11","65071507","65071808","chr11","64852580","64852881","7","218927"
"chr11","65075313","65075623","chr9","21814130","21814437","48","43261183"
"chr11","65166626","65166906","chr11","64944765","64945035","19","221861"
"chr11","65167252","65167513","chr11","64945377","64945638","6","221875"
"chr11","65173083","65173380","chr11","64951118","64951422","16","221965"
"chr11","65304162","65304472","chr1","56106334","56106635","51","9197828"
"chr11","65332677","65332967","chr11","65110510","65110805","10","222167"
"chr11","65478570","65478880","chr11","19598005","19598307","42","45880565"
"chr11","65599187","65599362","chr11","65373085","65373260","5","226102"
"chr11","65795892","65796197","chr11","65570966","65571276","12","224926"
"chr11","66029048","66029118","chr9","121414543","121414606","16","55385495"
"chr11","66029412","66029653","chr17","26302944","26303193","59","39726468"
"chr11","66154648","66154908","chr11","65932294","65932556","12","222354"
"chr11","66307380","66307683","chr11","66081911","66082201","19","225469"
"chr11","66378702","66378994","chr11","66156682","66156974","18","222020"
"chr11","66402395","66402694","chr11","66180451","66180744","18","221944"
"chr11","66445541","66445821","chr11","66224508","66224788","7","221033"
"chr11","66756045","66756342","chr11","66552341","66552635","11","203704"
"chr11","66985022","66985309","chr11","66793284","66793583","20","191738"
"chr11","67101575","67101875","chr11","66912319","66912616","14","189256"
"chr11","67188502","67188807","chr11","66992237","66992540","9","196265"
"chr11","67190395","67190633","chr7","46855930","46856167","34","20334465"
"chr11","67265125","67265435","chr11","67068922","67069232","9","196203"
"chr11","67297492","67297786","chr3","157304253","157304549","32","90006761"
"chr11","67450234","67450520","chr11","67254728","67255017","11","195506"
"chr11","67462334","67462651","chr11","67266929","67267241","17","195405"
"chr11","68439825","68440120","chr11","68277763","68278075","33","162062"
"chr11","69165805","69166104","chr11","69002899","69003204","11","162906"
"chr11","69326197","69326506","chr11","69173451","69173764","23","152746"
"chr11","69476465","69476748","chr2","19528843","19529122","45","49947622"
"chr11","69898843","69899151","chr11","69748025","69748334","12","150818"
"chr11","70812336","70812649","chr11","70662574","70662890","12","149762"
"chr11","70853242","70853555","chr11","70662574","70662890","11","190668"
"chr11","70934264","70934553","chr3","29145806","29146101","44","41788458"
"chr11","71320012","71320321","chr11","71132854","71133163","13","187158"
"chr11","71373793","71374118","chr11","71187115","71187407","51","186678"
"chr11","71392221","71392518","chr11","71205622","71205914","18","186599"
"chr11","71552541","71552832","chr11","71362792","71363084","8","189749"
"chr11","71592024","71592319","chr11","71403804","71404095","11","188220"
"chr11","71652354","71652647","chr12","53151275","53151569","37","18501079"
"chr11","71682384","71682671","chr11","71494843","71495125","14","187541"
"chr11","72014391","72014689","chr11","71829818","71830118","9","184573"
"chr11","72092936","72093248","chr11","71915584","71915888","16","177352"
"chr11","72188994","72189287","chr11","72010496","72010791","11","178498"
"chr11","72408757","72409035","chr11","72234261","72234553","25","174496"
"chr11","72849904","72850199","chr11","72670666","72670964","15","179238"
"chr11","72884971","72885213","chr11","72705673","72705915","9","179298"
"chr11","73342076","73342320","chr11","73171600","73171867","31","170476"
"chr11","73617830","73618110","chr11","73439710","73440003","22","178120"
"chr11","73783003","73783304","chr11","73607049","73607350","10","175954"
"chr11","73842729","73843045","chr11","73667718","73668035","15","175011"
"chr11","73897182","73897492","chr11","73722366","73722665","29","174816"
"chr11","74228240","74228532","chr11","74060751","74061030","18","167489"
"chr11","74260759","74261064","chr11","74092979","74093280","17","167780"
"chr11","74269278","74269562","chr11","74103283","74103541","34","165995"
"chr11","74819688","74819995","chr11","74656186","74656493","7","163502"
"chr11","74899994","74900303","chr11","74737333","74737644","13","162661"
"chr11","75348591","75348885","chr11","75204753","75205050","15","143838"
"chr11","75741290","75741590","chr11","75594291","75594591","9","146999"
"chr11","75931146","75931492","chr15","75711693","75712028","51","219453"
"chr11","76250611","76250906","chr11","76104939","76105232","14","145672"
"chr11","76251560","76251710","chr17","18273764","18273913","18","57977796"
"chr11","76436688","76437005","chr11","76297490","76297805","12","139198"
"chr11","76448502","76448806","chr11","76309707","76310002","19","138795"
"chr11","76685468","76685779","chr10","65904178","65904486","48","10781290"
"chr11","77230761","77231057","chr11","77106977","77107261","25","123784"
"chr11","77273235","77273548","chr11","77152688","77152994","18","120547"
"chr11","77337151","77337414","chr11","77202804","77203067","14","134347"
"chr11","78166799","78167093","chr11","78073294","78073588","16","93505"
"chr11","78174530","78174823","chr1","180054352","180054639","57","101879822"
"chr11","78228762","78229068","chr11","78132842","78133144","17","95920"
"chr11","78282415","78282695","chr1","181221931","181222214","37","102939516"
"chr11","78304419","78304661","chr3","169987951","169988186","33","91683532"
"chr11","78343683","78343965","chr11","78252302","78252587","12","91381"
"chr11","78628587","78628877","chr11","78542000","78542304","25","86587"
"chr11","78693562","78693873","chr11","78613793","78614105","8","79769"
"chr11","78950360","78950662","chr11","78865507","78865807","19","84853"
"chr11","79429969","79430128","chr11","79376553","79376738","29","53416"
"chr11","80313709","80313986","chr11","80223114","80223416","32","90595"
"chr11","80493049","80493317","chr11","80400652","80400923","11","92397"
"chr11","80597786","80598107","chr11","80505002","80505303","34","92784"
"chr11","80879235","80879530","chr1","47915975","47916268","50","32963260"
"chr11","81029323","81029609","chr11","80948622","80948911","14","80701"
"chr11","81182901","81183155","chr11","81104869","81105132","18","78032"
"chr11","81353458","81353468","chr9","32916732","32916748","13","48436726"
"chr11","81353500","81353795","chr14","17001883","17002179","53","64351617"
"chr11","82257709","82258009","chr11","86222599","86222899","7","3964890"
"chr11","82365263","82365381","chr9","13192733","13192859","24","69172530"
"chr11","82547609","82547894","chrX","88345305","88345589","45","5797696"
"chr11","82678991","82679294","chr11","86645055","86645360","10","3966064"
"chr11","82817411","82817724","chr11","86775771","86776082","16","3958360"
"chr11","83757822","83758021","chr11","87732997","87733196","2","3975175"
"chr11","84253797","84254067","chr17","77009101","77009382","45","7244696"
"chr11","84487052","84487359","chr11","88466728","88467033","13","3979676"
"chr11","84546069","84546370","chr11","88525558","88525863","19","3979489"
"chr11","84798544","84798854","chr14","9660371","9660672","41","75138173"
"chr11","85154990","85155281","chr11","89121734","89122023","7","3966744"
"chr11","85659270","85659567","chr11","89630038","89630343","18","3970768"
"chr11","85806831","85807136","chr9","11855378","11855687","44","73951453"
"chr11","85840090","85840365","chr2","44027619","44027899","40","41812471"
"chr11","86180126","86180418","chr11","90176425","90176717","8","3996299"
"chr11","86774548","86774840","chr16","11413791","11414080","55","75360757"
"chr11","87096159","87096461","chr11","91098895","91099198","15","4002736"
"chr11","87301582","87301874","chr11","91303378","91303654","20","4001796"
"chr11","87568060","87568352","chr11","91567561","91567856","25","3999501"
"chr11","87668079","87668284","chr11","91667223","91667428","7","3999144"
"chr11","87852176","87852476","chr11","91845887","91846187","7","3993711"
"chr11","87855351","87855625","chr11","91849031","91849304","10","3993680"
"chr11","88079919","88080218","chr11","92076576","92076871","22","3996657"
"chr11","88134282","88134577","chr7","59982509","59982805","45","28151773"
"chr11","88159605","88159889","chr6","51494635","51494920","40","36664970"
"chr11","88220527","88220823","chr11","92215404","92215701","10","3994877"
"chr11","88328807","88329117","chr11","92336360","92336662","20","4007553"
"chr11","88388528","88388833","chr10","70009581","70009891","36","18378947"
"chr11","88540921","88541102","chr11","92548962","92549142","7","4008041"
"chr11","88646864","88647173","chr11","92653534","92653840","6","4006670"
"chr11","88692834","88693125","chr11","92700583","92700883","16","4007749"
"chr11","88712253","88712542","chr11","92720070","92720358","17","4007817"
"chr11","88741095","88741386","chr18","38721921","38722211","39","50019174"
"chr11","88755830","88756057","chr1","11178413","11178640","28","77577417"
"chr11","88804506","88804801","chr11","92809197","92809494","7","4004691"
"chr11","88888684","88888965","chr11","92896035","92896326","19","4007351"
"chr11","88975264","88975560","chr11","92982873","92983165","10","4007609"
"chr11","88983650","88983953","chr16","7638577","7638878","44","81345073"
"chr11","89032274","89032560","chr11","93040567","93040855","15","4008293"
"chr11","89141715","89142021","chr19","46545778","46546071","48","42595937"
"chr11","89201443","89201739","chr11","93208504","93208799","12","4007061"
"chr11","89218276","89218515","chr5","34369297","34369537","38","54848979"
"chr11","89280471","89280770","chr11","93289022","93289324","23","4008551"
"chr11","89316330","89316633","chr7","20171107","20171409","50","69145223"
"chr11","89327432","89327738","chr11","93337055","93337359","10","4009623"
"chr11","89369410","89369612","chr11","93379065","93379267","4","4009655"
"chr11","89452208","89452507","chr11","93461758","93462053","15","4009550"
"chr11","89755996","89756276","chr9","50092949","50093230","42","39663047"
"chr11","89942479","89942767","chr11","93949607","93949890","15","4007128"
"chr11","89987196","89987401","chr3","51009103","51009310","39","38978093"
"chr11","90435808","90436069","chr11","94444475","94444727","19","4008667"
"chr11","90454572","90454864","chr11","94462548","94462849","32","4007976"
"chr11","90515024","90515330","chr11","94524645","94524958","25","4009621"
"chr11","90558674","90558977","chr9","14337314","14337624","53","76221360"
"chr11","90600864","90601074","chr2","71394189","71394393","37","19206675"
"chr11","90646198","90646458","chr11","94653747","94654006","7","4007549"
"chr11","90658606","90658907","chr1","101368002","101368302","30","10709396"
"chr11","90744652","90744936","chr11","94750444","94750725","8","4005792"
"chr11","90750755","90751017","chr11","94756422","94756699","23","4005667"
"chr11","90753866","90754159","chr11","94759560","94759853","11","4005694"
"chr11","90821920","90822224","chr11","94829167","94829489","45","4007247"
"chr11","90867371","90867520","chr4","153267515","153267663","16","62400144"
"chr11","90868628","90868671","chr9","56312802","56312843","22","34555826"
"chr11","90958100","90958398","chr11","94970432","94970732","13","4012332"
"chr11","90970401","90970704","chr10","16408690","16408989","47","74561711"
"chr11","91003530","91003838","chr5","58041009","58041316","35","32962521"
"chr11","91034300","91034571","chr11","95049642","95049944","46","4015342"
"chr11","91141714","91142013","chr11","95163197","95163496","8","4021483"
"chr11","91372382","91372701","chr11","95399536","95399850","15","4027154"
"chr11","91431953","91432260","chr11","95455442","95455751","17","4023489"
"chr11","91724071","91724354","chr19","1876698","1876998","44","89847373"
"chr11","91893935","91894243","chr11","95928063","95928371","6","4034128"
"chr11","91997369","91997664","chr11","96030733","96031033","18","4033364"
"chr11","92117083","92117379","chr11","96149198","96149478","18","4032115"
"chr11","92120701","92120875","chr10","27274433","27274610","32","64846268"
"chr11","92210983","92211271","chr11","96239407","96239709","22","4028424"
"chr11","92573653","92573956","chr6","92849790","92850093","33","276137"
"chr11","92785780","92786084","chr11","96826234","96826545","21","4040454"
"chr11","92946456","92946767","chr11","96986476","96986788","13","4040020"
"chr11","93689478","93689771","chr11","97730510","97730800","9","4041032"
"chr11","93696802","93697023","chr11","97737813","97738034","8","4041011"
"chr11","93799100","93799408","chr11","97842049","97842348","13","4042949"
"chr11","93898529","93898705","chr11","97956987","97957168","10","4058458"
"chr11","94008749","94009061","chr11","98072449","98072761","18","4063700"
"chr11","94137421","94137618","chr11","98188250","98188447","5","4050829"
"chr11","94345583","94345884","chr11","98396250","98396560","17","4050667"
"chr11","94941103","94941420","chr11","99013926","99014231","22","4072823"
"chr11","95037337","95037637","chr11","99106365","99106665","8","4069028"
"chr11","95072795","95073111","chr11","99137265","99137576","19","4064470"
"chr11","95201336","95201627","chr7","38962613","38962910","36","56238723"
"chr11","95311256","95311572","chr8","20357819","20358136","55","74953437"
"chr11","95442934","95443237","chr11","99509526","99509829","8","4066592"
"chr11","95450566","95450869","chr11","99517200","99517499","10","4066634"
"chr11","95466760","95467053","chr11","99533748","99534042","3","4066988"
"chr11","95468213","95468509","chr11","99535190","99535483","8","4066977"
"chr11","95521184","95521488","chr5","94774406","94774706","40","746778"
"chr11","95532189","95532486","chr11","99599624","99599919","20","4067435"
"chr11","95580823","95581089","chr11","99647320","99647586","8","4066497"
"chr11","95634097","95634272","chr10","29109438","29109611","34","66524659"
"chr11","95694844","95695144","chr9","121604130","121604431","42","25909286"
"chr11","95861938","95862247","chr2","158465426","158465734","39","62603488"
"chr11","95873479","95873789","chr11","99941867","99942183","16","4068388"
"chr11","95961173","95961483","chr11","100030872","100031182","13","4069699"
"chr11","95992592","95992877","chr15","97061406","97061689","37","1068814"
"chr11","96353408","96353687","chr11","100422907","100423179","12","4069499"
"chr11","96525417","96525736","chr11","100598162","100598468","20","4072745"
"chr11","96750380","96750666","chr11","100822748","100823036","15","4072368"
"chr11","96800896","96801015","chr3","43168812","43168927","24","53632084"
"chr11","96829477","96829780","chr11","100904235","100904528","19","4074758"
"chr11","96932424","96932565","chr11","100996749","100996890","2","4064325"
"chr11","96944626","96944922","chrX","25734220","25734518","58","71210406"
"chr11","97014613","97014902","chr9","24166465","24166759","50","72848148"
"chr11","97026992","97027285","chr11","101091010","101091303","12","4064018"
"chr11","97081923","97082222","chr11","101148412","101148705","12","4066489"
"chr11","97096262","97096516","chr11","101162664","101162911","19","4066402"
"chr11","97108393","97108702","chr16","40386842","40387152","42","56721551"
"chr11","97130034","97130163","chr11","50202051","50202180","11","46927983"
"chr11","97199826","97200050","chr8","99527746","99527972","43","2327920"
"chr11","97251098","97251406","chr11","101315383","101315692","13","4064285"
"chr11","97264167","97264457","chr9","71562572","71562860","41","25701595"
"chr11","97363805","97364102","chr11","101428309","101428606","1","4064504"
"chr11","97526241","97526506","chr5","100436421","100436678","61","2910180"
"chr11","97625568","97625866","chr11","101682396","101682704","25","4056828"
"chr11","98199268","98199597","chr11","117708438","117708766","51","19509170"
"chr11","98612029","98612336","chr11","102659899","102660195","26","4047870"
"chr11","98725478","98725761","chr11","102772856","102773136","13","4047378"
"chr11","98955129","98955422","chr11","102991313","102991622","22","4036184"
"chr11","99111059","99111348","chr11","103146997","103147288","10","4035938"
"chr11","99318313","99318605","chr1","38259809","38260102","39","61058504"
"chr11","99406714","99407018","chr11","103432395","103432694","17","4025681"
"chr11","99419411","99419703","chr11","103444414","103444719","22","4025003"
"chr11","99425241","99425298","chr2","42056795","42056838","15","57368446"
"chr11","99425311","99425418","chr3","178445364","178445472","9","79020053"
"chr11","99459479","99459781","chr11","103483587","103483889","9","4024108"
"chr11","99601550","99601824","chr9","111317208","111317486","50","11715658"
"chr11","99880131","99880439","chr11","103895341","103895641","14","4015210"
"chr11","99901057","99901326","chr2","145259823","145260099","42","45358766"
"chr11","100063456","100063780","chr2","184554529","184554839","45","84491073"
"chr11","100066499","100066805","chr11","104069818","104070114","23","4003319"
"chr11","100199928","100200224","chr11","104204635","104204939","15","4004707"
"chr11","100598345","100598386","chr2","43814662","43814706","15","56783683"
"chr11","100598459","100598749","chr1","185490436","185490721","48","84891977"
"chr11","101312107","101312385","chr11","105283471","105283737","19","3971364"
"chr11","101516443","101516746","chr11","105490655","105490971","21","3974212"
"chr11","101584334","101584626","chr11","105556998","105557289","7","3972664"
"chr11","101593132","101593434","chr11","105565768","105566064","22","3972636"
"chr11","101594529","101594822","chr1","69566306","69566613","50","32028223"
"chr11","101671648","101671932","chr11","105645353","105645637","5","3973705"
"chr11","101769269","101769547","chrX","47580919","47581208","57","54188350"
"chr11","101780781","101781088","chr11","105748405","105748712","17","3967624"
"chr11","101783181","101783323","chr11","105750708","105750850","7","3967527"
"chr11","101821330","101821636","chr6","52574114","52574421","46","49247216"
"chr11","101826522","101826816","chr11","105792706","105793021","30","3966184"
"chr11","101880772","101881051","chr6","108768471","108768754","31","6887699"
"chr11","101937857","101938136","chr11","105903071","105903355","18","3965214"
"chr11","102266540","102266834","chr11","106229061","106229353","17","3962521"
"chr11","102436541","102436712","chr11","106399767","106399958","25","3963226"
"chr11","102440683","102440902","chr11","106404058","106404277","8","3963375"
"chr11","102500223","102500516","chr7","1102222","1102517","58","101398001"
"chr11","102516622","102516912","chr11","106474152","106474442","15","3957530"
"chr11","102708350","102708658","chr11","106662176","106662479","19","3953826"
"chr11","102764960","102765215","chr1","92543388","92543635","49","10221572"
"chr11","102789439","102789741","chr11","106741048","106741349","10","3951609"
"chr11","103012771","103013044","chr11","106957777","106958050","4","3945006"
"chr11","103060187","103060390","chr11","107002781","107002978","19","3942594"
"chr11","103366068","103366241","chr3","33474657","33474835","30","69891411"
"chr11","103399571","103399876","chr4","126997390","126997697","39","23597819"
"chr11","103474187","103474483","chr11","107407495","107407787","23","3933308"
"chr11","103619484","103619620","chr6","47849580","47849709","24","55769904"
"chr11","103642914","103643231","chr11","107571636","107571948","21","3928722"
"chr11","103735552","103735858","chr11","107663013","107663307","20","3927461"
"chr11","103744949","103745264","chr11","107672055","107672367","6","3927106"
"chr11","103884875","103885179","chr11","107809211","107809520","15","3924336"
"chr11","103915531","103915807","chr11","107840708","107840991","14","3925177"
"chr11","104042694","104043015","chr11","107970088","107970400","25","3927394"
"chr11","104061152","104061347","chr11","107989225","107989416","7","3928073"
"chr11","104099253","104099549","chr11","108027697","108027986","13","3928444"
"chr11","104253415","104253694","chr11","108178183","108178464","29","3924768"
"chr11","104257943","104258106","chr1","31438797","31438959","19","72819146"
"chr11","104355206","104355552","chr11","108278650","108278944","57","3923444"
"chr11","104454167","104454359","chr19","13769911","13770094","33","90684256"
"chr11","104515235","104515503","chr3","81141378","81141650","33","23373857"
"chr11","104903560","104903934","chr11","108816200","108816519","62","3912640"
"chr11","105093256","105093546","chr19","46111215","46111513","39","58982041"
"chr11","105111521","105111759","chr3","167188045","167188281","58","62076524"
"chr11","105113697","105113996","chr11","109025041","109025337","5","3911344"
"chr11","105139470","105139766","chr11","109050512","109050808","10","3911042"
"chr11","105159388","105159680","chr3","45454535","45454834","45","59704853"
"chr11","105166962","105167266","chr11","109075887","109076193","16","3908925"
"chr11","105189085","105189362","chr11","109104369","109104670","33","3915284"
"chr11","105216983","105217113","chr12","80262012","80262141","16","24954971"
"chr11","105243490","105243792","chr11","109153466","109153760","15","3909976"
"chr11","105361732","105362032","chr11","109273700","109273998","5","3911968"
"chr11","105387995","105388298","chr3","12962418","12962725","42","92425577"
"chr11","105396577","105396880","chr11","109307138","109307452","16","3910561"
"chr11","105440099","105440388","chr11","109350471","109350760","10","3910372"
"chr11","105531589","105531875","chr11","109442592","109442876","11","3911003"
"chr11","105603938","105604260","chr11","109520010","109520327","38","3916072"
"chr11","105665695","105665964","chr11","109579867","109580147","16","3914172"
"chr11","105680206","105680501","chr11","109596981","109597274","12","3916775"
"chr11","105700009","105700290","chr11","109615916","109616186","18","3915907"
"chr11","105729009","105729183","chr10","27274433","27274610","29","78454576"
"chr11","105801015","105801323","chr2","147520541","147520850","34","41719526"
"chr11","105842506","105842791","chr4","13388901","13389198","59","92453605"
"chr11","105847196","105847506","chrX","13106322","13106625","33","92740874"
"chr11","105956030","105956085","chr14","4007549","4007614","23","101948481"
"chr11","105957766","105957977","chr11","109874177","109874389","6","3916411"
"chr11","106010825","106011158","chr11","109927848","109928185","8","3917023"
"chr11","106025289","106025577","chr11","109942227","109942510","8","3916938"
"chr11","106084558","106084863","chr11","110000872","110001174","8","3916314"
"chr11","106107599","106107748","chr10","48352606","48352760","19","57754993"
"chr11","106134009","106134181","chr11","110047494","110047665","8","3913485"
"chr11","106394631","106394941","chr11","110304299","110304606","6","3909668"
"chr11","106440427","106440704","chr2","19528843","19529122","38","86911584"
"chr11","106576341","106576550","chr11","110482411","110482614","12","3906070"
"chr11","106581525","106581837","chr1","68682416","68682723","45","37899109"
"chr11","106612306","106612607","chr4","26462985","26463286","36","80149321"
"chr11","106632940","106633070","chr15","1421445","1421575","15","105211495"
"chr11","106633075","106633381","chr5","58041009","58041316","37","48592066"
"chr11","106653488","106653772","chr2","19528843","19529122","44","87124645"
"chr11","106721011","106721307","chr11","110628994","110629296","14","3907983"
"chr11","106790981","106791261","chr11","110697183","110697463","3","3906202"
"chr11","106792194","106792494","chrX","25734220","25734518","46","81057974"
"chr11","106841757","106842062","chr11","110747996","110748294","17","3906239"
"chr11","106930476","106930608","chr15","1421445","1421575","17","105509031"
"chr11","106930916","106931089","chr1","19775982","19776154","21","87154934"
"chr11","106942954","106943260","chr11","110856280","110856585","9","3913326"
"chr11","106952169","106952472","chr11","110865849","110866152","4","3913680"
"chr11","106965562","106965853","chr11","110878855","110879147","9","3913293"
"chr11","107038881","107039174","chr1","130002392","130002687","42","22963511"
"chr11","107043907","107044151","chr11","110957903","110958148","6","3913996"
"chr11","107049209","107049399","chr5","35662632","35662817","39","71386577"
"chr11","107049687","107049836","chr1","33688440","33688588","23","73361247"
"chr11","107054789","107055079","chr3","20226207","20226495","68","86828582"
"chr11","107078534","107078831","chr11","110994999","110995297","14","3916465"
"chr11","107093567","107093657","chr16","32777746","32777838","14","74315821"
"chr11","107253700","107254008","chr11","111198863","111199174","16","3945163"
"chr11","107304491","107304792","chr11","111250122","111250423","8","3945631"
"chr11","107305960","107306272","chr11","111251588","111251900","16","3945628"
"chr11","107318740","107319032","chr11","111263880","111264152","21","3945140"
"chr11","107338847","107339161","chr14","84917223","84917500","68","22421624"
"chr11","107385610","107385919","chr11","111331938","111332242","12","3946328"
"chr11","107538568","107538869","chr11","111485868","111486175","16","3947300"
"chr11","107566361","107566663","chr11","111512574","111512875","13","3946213"
"chr11","107591425","107591713","chr11","111549507","111549795","6","3958082"
"chr11","107599081","107599390","chr11","111544142","111544450","7","3945061"
"chr11","107616332","107616556","chr12","1275442","1275665","39","106340890"
"chr11","107659879","107660059","chr8","100191307","100191488","26","7468572"
"chr11","107660352","107660484","chr7","67494514","67494644","15","40165838"
"chr11","107679958","107680245","chr11","116983856","116984146","40","9303898"
"chr11","107870929","107871227","chr11","111831033","111831330","7","3960104"
"chr11","108440055","108440210","chr1","152824194","152824363","31","44384139"
"chr11","108440479","108440540","chr5","27820659","27820719","11","80619820"
"chr11","108533174","108533480","chr11","112482536","112482842","5","3949362"
"chr11","108585111","108585342","chr10","73049918","73050143","47","35535193"
"chr11","108597985","108598002","chr9","32916732","32916748","12","75681253"
"chr11","108598323","108598499","chr1","19775982","19776154","26","88822341"
"chr11","108629162","108629435","chr11","112579032","112579318","28","3949870"
"chr11","108650924","108651236","chr11","112599465","112599778","19","3948541"
"chr11","108664359","108664651","chr11","112612607","112612897","17","3948248"
"chr11","108919848","108920069","chr7","77503235","77503458","41","31416613"
"chr11","108933381","108933675","chr14","11725537","11725827","38","97207844"
"chr11","108988439","108988715","chr11","112935473","112935752","15","3947034"
"chr11","109016791","109017064","chr11","112963079","112963350","18","3946288"
"chr11","109060362","109060622","chr11","113005409","113005668","8","3945047"
"chr11","109774858","109775168","chr11","113711800","113712111","11","3936942"
"chr11","109808392","109808683","chr1","101043006","101043300","34","8765386"
"chr11","109824430","109824741","chr19","32011380","32011691","56","77813050"
"chr11","109882865","109883171","chr1","30633298","30633608","57","79249567"
"chr11","109927356","109927655","chr7","64705011","64705316","36","45222345"
"chr11","110004828","110005144","chr11","113942454","113942751","25","3937626"
"chr11","110360427","110360698","chr3","125378444","125378725","47","15018017"
"chr11","110611826","110612131","chr11","114547405","114547703","20","3935579"
"chr11","110880783","110881080","chr11","114816296","114816596","11","3935513"
"chr11","110985045","110985352","chr11","114920207","114920514","7","3935162"
"chr11","110999860","111000000","chrX","65491826","65491967","14","45508034"
"chr11","111090932","111091237","chr2","135426664","135426969","34","24335732"
"chr11","111101171","111101454","chr20","48814271","48814554","31","62286900"
"chr11","111418236","111418512","chr11","115354464","115354760","39","3936228"
"chr11","111470931","111471183","chr6","67477460","67477714","36","43993471"
"chr11","111653245","111653529","chr15","97061406","97061689","35","14591839"
"chr11","111683008","111683153","chr11","115621940","115622085","5","3938932"
"chr11","111707163","111707459","chr1","28308326","28308621","45","83398837"
"chr11","111742340","111742638","chr11","115678312","115678611","13","3935972"
"chr11","111796984","111797282","chr11","115731506","115731808","18","3934522"
"chr11","111803226","111803489","chr8","41129278","41129547","48","70673948"
"chr11","111803527","111803664","chr12","732271","732403","36","111071256"
"chr11","111824542","111824850","chr11","115755714","115756022","13","3931172"
"chr11","112059541","112059831","chr20","14046935","14047238","60","98012606"
"chr11","112251960","112252256","chr11","116170247","116170539","11","3918287"
"chr11","112358506","112358656","chr10","58219383","58219532","32","54139123"
"chr11","112365821","112366003","chr5","129275158","129275347","39","16909337"
"chr11","112454933","112455245","chr17","19168856","19169163","50","93286077"
"chr11","112469152","112469460","chr11","116382443","116382753","11","3913291"
"chr11","112556582","112556845","chr11","119299795","119300058","48","6743213"
"chr11","112591731","112592040","chr11","116508891","116509200","7","3917160"
"chr11","112807530","112807688","chr11","116715242","116715399","4","3907712"
"chr11","112869421","112869721","chr11","116775032","116775330","6","3905611"
"chr11","113169211","113169483","chr11","117062275","117062558","20","3893064"
"chr11","113171724","113172017","chr11","117064795","117065085","12","3893071"
"chr11","113277108","113277391","chr11","117164230","117164512","17","3887122"
"chr11","113310669","113310968","chr11","117199373","117199671","18","3888704"
"chr11","113376196","113376326","chr11","99760403","99760538","29","13615793"
"chr11","113385559","113385785","chr10","74742698","74742916","37","38642861"
"chr11","113433116","113433413","chr11","117320633","117320930","11","3887517"
"chr11","113454582","113454694","chr1","181341091","181341211","29","67886509"
"chr11","113558435","113558644","chr11","117454950","117455159","5","3896515"
"chr11","113612687","113612958","chr11","117507905","117508175","10","3895218"
"chr11","113618409","113618698","chr11","94750444","94750725","39","18867965"
"chr11","113679096","113679394","chr16","2306737","2307037","44","111372359"
"chr11","113754159","113754361","chr10","17925217","17925412","38","95828942"
"chr11","113754642","113754776","chr11","74966065","74966200","22","38788577"
"chr11","113802941","113803225","chr11","117699050","117699328","13","3896109"
"chr11","113812445","113812722","chr8","110200603","110200882","34","3611842"
"chr11","113841019","113841312","chr11","117732494","117732787","18","3891475"
"chr11","113936439","113936722","chr11","117830798","117831093","23","3894359"
"chr11","114011967","114012049","chr12","70251349","70251431","12","43760618"
"chr11","114062226","114062446","chr11","117955750","117955983","25","3893524"
"chr11","114092925","114093195","chr11","117985771","117986024","32","3892846"
"chr11","114171397","114171704","chr11","118063216","118063512","23","3891819"
"chr11","114226967","114227141","chr11","118118698","118118868","8","3891731"
"chr11","114236161","114236466","chr11","118127914","118128224","19","3891753"
"chr11","114393090","114393370","chr11","118286467","118286747","17","3893377"
"chr11","114471963","114472261","chr11","118368924","118369229","14","3896961"
"chr11","114692581","114692924","chr5","53045025","53045351","72","61647556"
"chr11","114810195","114810495","chr11","118708557","118708870","41","3898362"
"chr11","114829671","114829983","chr11","118727844","118728154","16","3898173"
"chr11","114884311","114884550","chr11","118782841","118783080","8","3898530"
"chr11","115048318","115048734","chr4","84443218","84443581","116","30605100"
"chr11","115093686","115093986","chr11","118995378","118995679","11","3901692"
"chr11","115322278","115322590","chr5","89541020","89541330","46","25781258"
"chr11","115324924","115325223","chr11","119215569","119215878","19","3890645"
"chr11","115325359","115325606","chr11","119216011","119216258","8","3890652"
"chr11","115377435","115377753","chr11","119271958","119272277","18","3894523"
"chr11","115404146","115404409","chr11","119299795","119300058","9","3895649"
"chr11","115464449","115464744","chr9","95912718","95913023","48","19551731"
"chr11","115535810","115536096","chr7","2818258","2818549","42","112717552"
"chr11","115568124","115568424","chr11","119466467","119466776","21","3898343"
"chr11","115590384","115590661","chr11","119487814","119488091","7","3897430"
"chr11","115632239","115632556","chr15","16901206","16901530","60","98731033"
"chr11","115676193","115676469","chr11","119582872","119583115","35","3906679"
"chr11","115690085","115690377","chr11","119592853","119593142","10","3902768"
"chr11","115758979","115759279","chr11","119660548","119660844","12","3901569"
"chr11","115774887","115775013","chrX","6470321","6470448","15","109304566"
"chr11","115775326","115775500","chr16","32682137","32682310","28","83093189"
"chr11","115839518","115839816","chr11","119748685","119748992","15","3909167"
"chr11","115844363","115844664","chr11","119753847","119754148","5","3909484"
"chr11","115857859","115858155","chr11","119767368","119767661","10","3909509"
"chr11","115866549","115866860","chr11","119773965","119774276","5","3907416"
"chr11","115885392","115885708","chr11","119795081","119795400","23","3909689"
"chr11","115944117","115944403","chr13","53811182","53811468","40","62132935"
"chr11","115956464","115956652","chr2","86519680","86519866","4","29436784"
"chr11","115968977","115969267","chr11","119873941","119874231","7","3904964"
"chr11","116020382","116020602","chr7","109084967","109085183","41","6935415"
"chr11","116075167","116075428","chr11","119979654","119979916","10","3904487"
"chr11","116238992","116239219","chr11","53142761","53142982","34","63096231"
"chr11","116253030","116253327","chr2","185485242","185485542","34","69232212"
"chr11","116259150","116259457","chr11","120167886","120168194","16","3908736"
"chr11","116264249","116264557","chr11","120172679","120172982","14","3908430"
"chr11","116274753","116275064","chr4","122957602","122957910","48","6682849"
"chr11","116306068","116306231","chr4","6664487","6664644","28","109641581"
"chr11","116306619","116306719","chr2","113296118","113296219","18","3010501"
"chr11","116310258","116310563","chr11","120218956","120219261","5","3908698"
"chr11","116499605","116499929","chr11","120425800","120426104","38","3926195"
"chr11","116516854","116517142","chr11","47605843","47606132","44","68911011"
"chr11","116519215","116519529","chr11","120445704","120446017","7","3926489"
"chr11","116525879","116525947","chr3","43171370","43171432","17","73354509"
"chr11","116550943","116551239","chr11","120473816","120474114","4","3922873"
"chr11","116575786","116576099","chr1","3764232","3764540","40","112811554"
"chr11","116590269","116590513","chr14","107425542","107425783","31","9164727"
"chr11","116679894","116680217","chr3","166624016","166624336","55","49944122"
"chr11","116699729","116700016","chr15","82251591","82251877","48","34448138"
"chr11","116713698","116713993","chr11","120640045","120640342","7","3926347"
"chr11","116727072","116727374","chr3","18585900","18586198","39","98141172"
"chr11","116745816","116746019","chr1","137254259","137254472","65","20508443"
"chr11","116766807","116767116","chr11","120697895","120698204","17","3931088"
"chr11","116824745","116825038","chr11","120755096","120755388","11","3930351"
"chr11","116883334","116883381","chr1","142279794","142279841","10","25396460"
"chr11","116883681","116883868","chr5","129275158","129275347","36","12391477"
"chr11","116888057","116888246","chr11","120817241","120817430","6","3929184"
"chr11","116935502","116935784","chr16","21781850","21782128","36","95153652"
"chr11","116948414","116948712","chr11","120880315","120880616","18","3931901"
"chr11","116994423","116994715","chr6","163619345","163619645","46","46624922"
"chr11","117010503","117010800","chr11","120949793","120950090","7","3939290"
"chr11","117038070","117038364","chr11","120977301","120977600","15","3939231"
"chr11","117078024","117078391","chr7","148441749","148442080","91","31363725"
"chr11","117092104","117092405","chr11","121034633","121034910","33","3942529"
"chr11","117128960","117129231","chr11","121072067","121072340","6","3943107"
"chr11","117146938","117147229","chr11","121089294","121089592","15","3942356"
"chr11","117205710","117205760","chr12","37991215","37991256","12","79214495"
"chr11","117239405","117239699","chr11","121191931","121192225","12","3952526"
"chr11","117244951","117245112","chr11","121196727","121196888","3","3951776"
"chr11","117352809","117352884","chr18","50053912","50053981","21","67298897"
"chr11","117486948","117487255","chr11","121438259","121438562","10","3951311"
"chr11","117507021","117507332","chr11","121457846","121458154","15","3950825"
"chr11","117530710","117531025","chr4","27134375","27134681","46","90396335"
"chr11","117573858","117574173","chr11","121525114","121525411","58","3951256"
"chr11","117638928","117639224","chr11","121591196","121591488","8","3952268"
"chr11","117649820","117650129","chr2","64105619","64105928","34","53544201"
"chr11","117656354","117656669","chr11","121608055","121608361","19","3951701"
"chr11","117676590","117676875","chr11","121629397","121629691","19","3952807"
"chr11","117681066","117681370","chr11","121633856","121634151","30","3952790"
"chr11","117781146","117781436","chr11","121731955","121732245","11","3950809"
"chr11","117782408","117782700","chr11","121733264","121733556","6","3950856"
"chr11","117838227","117838520","chr11","121801529","121801820","13","3963302"
"chr11","117840889","117841011","chrX","49249693","49249806","25","68591196"
"chr11","117842276","117842578","chr11","121811841","121812147","17","3969565"
"chr11","117861927","117862076","chr19","6350826","6350968","37","111511101"
"chr11","117875954","117876261","chr11","121838904","121839203","11","3962950"
"chr11","118045055","118045349","chr16","48613006","48613290","37","69432049"
"chr11","118078706","118079004","chr11","122047518","122047816","9","3968812"
"chr11","118080479","118080678","chr15","42513490","42513688","44","75566989"
"chr11","118092902","118093203","chr11","122061787","122062077","17","3968885"
"chr11","118111287","118111469","chr3","173806408","173806585","31","55695121"
"chr11","118111499","118111617","chr12","80273287","80273410","22","37838212"
"chr11","118246495","118246593","chrX","62719211","62719304","18","55527284"
"chr11","118246990","118247191","chr15","36547849","36548047","35","81699141"
"chr11","118248465","118248762","chr11","122223670","122223963","21","3975205"
"chr11","118284894","118285189","chr11","122259146","122259450","13","3974252"
"chr11","118464063","118464229","chr11","122436288","122436454","3","3972225"
"chr11","118468310","118468602","chr11","122441883","122442180","13","3973573"
"chr11","118502730","118503030","chr11","122476926","122477232","9","3974196"
"chr11","118511929","118512221","chr11","122487925","122488217","3","3975996"
"chr11","118580496","118580790","chr11","122557419","122557718","16","3976923"
"chr11","118657750","118658019","chr11","122639904","122640174","4","3982154"
"chr11","118685056","118685197","chrX","65491826","65491967","21","53193230"
"chr11","118685508","118685683","chr3","41676489","41676661","28","77009019"
"chr11","118700103","118700389","chr2","35524124","35524413","55","83175979"
"chr11","118705916","118706218","chr11","122695232","122695534","5","3989316"
"chr11","118733927","118734211","chr11","122729274","122729540","33","3995347"
"chr11","118739917","118740205","chr11","122735347","122735634","13","3995430"
"chr11","118767069","118767361","chr15","86501511","86501803","41","32265558"
"chr11","118770752","118771105","chr16","4579924","4580265","64","114190828"
"chr11","118773938","118774227","chr11","122767885","122768175","7","3993947"
"chr11","118814137","118814435","chr11","122808508","122808808","9","3994371"
"chr11","118832367","118832665","chr11","122827420","122827717","11","3995053"
"chr11","118922222","118922390","chr11","122914465","122914633","12","3992243"
"chr11","118938374","118938666","chr11","122932579","122932875","7","3994205"
"chr11","118970499","118970800","chr11","122962972","122963273","9","3992473"
"chr11","118980637","118980939","chr11","122973069","122973364","23","3992432"
"chr11","118996238","118996536","chr11","122989778","122990076","26","3993540"
"chr11","118999678","118999963","chr11","122993227","122993512","9","3993549"
"chr11","119022617","119022922","chr11","123016816","123017119","12","3994199"
"chr11","119203796","119204074","chr11","123197829","123198104","7","3994033"
"chr11","119357412","119357713","chr11","123352126","123352431","15","3994714"
"chr11","119432242","119432548","chr11","28480706","28481009","40","90951536"
"chr11","119493056","119493330","chr14","13252190","13252459","42","106240866"
"chr11","119528008","119528301","chr11","123512234","123512528","8","3984226"
"chr11","119530360","119530473","chr3","169410230","169410340","15","49879870"
"chr11","119530769","119530933","chr1","213038359","213038524","17","93507590"
"chr11","119568232","119568535","chr11","123551823","123552126","12","3983591"
"chr11","119576433","119576722","chr11","123560147","123560445","21","3983714"
"chr11","119896539","119896621","chr2","38490700","38490776","17","81405839"
"chr11","120048418","120048567","chr2","185241058","185241206","28","65192640"
"chr11","120048877","120049004","chr2","60232972","60233096","19","59815905"
"chr11","120157403","120157519","chr11","124133737","124133853","0","3976334"
"chr11","120175282","120175468","chr10","59152991","59153181","23","61022291"
"chr11","120250315","120250564","chr11","124223392","124223659","27","3973077"
"chr11","120251088","120251358","chr11","124224183","124224452","9","3973095"
"chr11","120297993","120298283","chr19","15313749","15314039","35","104984244"
"chr11","120317087","120317404","chr11","124290011","124290306","29","3972924"
"chr11","120318974","120319116","chr16","45599920","45600060","23","74719054"
"chr11","120466623","120466928","chr11","124451485","124451798","16","3984862"
"chr11","120466958","120467109","chr1","14966972","14967120","31","105499986"
"chr11","120472123","120472430","chr11","124456865","124457174","10","3984742"
"chr11","120479590","120479916","chr11","124464274","124464596","21","3984684"
"chr11","120749016","120749283","chr11","124730098","124730394","36","3981082"
"chr11","120947408","120947542","chr1","1238421","1238551","21","119708987"
"chr11","121088118","121088409","chr11","125063545","125063839","19","3975427"
"chr11","121146497","121146713","chr10","90905310","90905528","43","30241187"
"chr11","121146714","121146807","chr2","144342143","144342235","19","23195429"
"chr11","121146823","121147133","chr11","125116055","125116355","32","3969232"
"chr11","121236232","121236398","chr6","63766282","63766446","42","57469950"
"chr11","121259804","121259932","chr12","80262012","80262141","15","40997792"
"chr11","121289383","121289570","chr19","41763356","41763532","35","79526027"
"chr11","121289571","121289638","chr16","929496","929570","17","120360075"
"chr11","121289649","121289879","chr19","34999763","35000000","35","86289886"
"chr11","121512094","121512401","chr11","125470753","125471061","21","3958659"
"chr11","121707540","121707819","chr11","125655951","125656230","14","3948411"
"chr11","121751893","121752187","chr11","125700287","125700581","12","3948394"
"chr11","121753996","121754284","chr11","125702355","125702630","24","3948359"
"chr11","121901623","121901795","chr11","122914465","122914633","41","1012842"
"chr11","122046519","122046814","chr11","125979614","125979901","14","3933095"
"chr11","122052053","122052359","chr11","125985144","125985443","18","3933091"
"chr11","122202449","122202723","chr11","126096102","126096365","17","3893653"
"chr11","123304148","123304416","chr11","127172720","127172987","18","3868572"
"chr11","123331452","123331759","chr11","127200184","127200488","18","3868732"
"chr11","123344123","123344413","chr11","127213044","127213316","28","3868921"
"chr11","123752315","123752605","chr11","127616510","127616786","31","3864195"
"chr11","124025283","124025531","chrX","126316247","126316490","41","2290964"
"chr11","124135649","124135817","chr1","19775982","19776154","31","104359667"
"chr11","124214915","124215051","chr8","38181713","38181843","24","86033202"
"chr11","124215345","124215596","chr19","47888057","47888274","64","76327288"
"chr11","124216664","124216966","chr11","128080579","128080880","12","3863915"
"chr11","124245419","124245623","chr11","128109201","128109405","8","3863782"
"chr11","124276812","124277135","chr11","128139677","128139992","17","3862865"
"chr11","124364938","124365253","chr2","184554529","184554839","44","60189591"
"chr11","124400511","124400802","chr11","128264854","128265142","9","3864343"
"chr11","124864945","124865263","chr11","128713520","128713838","21","3848575"
"chr11","124879015","124879174","chr11","128727535","128727701","10","3848520"
"chr11","124923896","124924211","chr11","128770753","128771060","16","3846857"
"chr11","125017417","125017731","chr19","6198098","6198402","51","118819319"
"chr11","125182289","125182571","chr15","38506357","38506649","57","86675932"
"chr11","125190809","125191108","chr11","129030796","129031090","20","3839987"
"chr11","125244640","125244910","chr11","129082338","129082608","10","3837698"
"chr11","125481683","125481957","chr11","129315461","129315740","41","3833778"
"chr11","126173447","126173737","chr11","129977941","129978232","3","3804494"
"chr11","126338911","126339219","chr11","130135119","130135422","24","3796208"
"chr11","126340669","126340963","chr6","153732345","153732634","37","27391676"
"chr11","126551234","126551529","chr11","130344810","130345103","10","3793576"
"chr11","126615624","126615880","chr11","130406257","130406520","24","3790633"
"chr11","126623133","126623398","chr11","130406257","130406520","15","3783124"
"chr11","126705080","126705387","chr15","10985148","10985454","51","115719932"
"chr11","126990381","126990689","chr11","130732753","130733057","15","3742372"
"chr11","127045402","127045697","chr16","64073229","64073522","43","62972173"
"chr11","127139498","127139753","chr15","42520394","42520654","42","84619104"
"chr11","127169232","127169526","chr11","130913987","130914282","7","3744755"
"chr11","127179732","127179903","chr11","130924673","130924839","10","3744941"
"chr11","127304780","127305005","chr11","131051000","131051225","11","3746220"
"chr11","127318011","127318308","chr11","131065223","131065517","6","3747212"
"chr11","127336420","127336746","chr11","131083202","131083522","20","3746782"
"chr11","127366039","127366323","chr11","131107534","131107814","14","3741495"
"chr11","127486087","127486341","chr13","55529062","55529318","32","71957025"
"chr11","127737728","127738013","chr16","29660575","29660855","37","98077153"
"chr11","127774350","127774645","chr11","131489732","131490021","15","3715382"
"chr11","127941987","127942297","chr11","131659378","131659690","6","3717391"
"chr11","128059994","128060288","chr16","9390348","9390650","32","118669646"
"chr11","128060567","128060840","chr11","131788269","131788572","36","3727702"
"chr11","128071363","128071527","chr12","59239946","59240109","21","68831417"
"chr11","128103732","128104023","chr9","5849715","5850009","36","122254017"
"chr11","128136296","128136591","chr2","113692060","113692354","42","14444236"
"chr11","128205837","128206129","chr11","131945425","131945719","13","3739588"
"chr11","128221944","128222231","chr11","131959199","131959482","11","3737255"
"chr11","128224278","128224587","chr11","131963533","131963822","26","3739255"
"chr11","128225892","128225939","chr11","131965767","131965814","0","3739875"
"chr11","128279066","128279361","chr11","132017843","132018125","30","3738777"
"chr11","128348698","128348987","chr11","132092406","132092696","11","3743708"
"chr11","128354156","128354462","chr11","132099019","132099325","12","3744863"
"chr11","128372051","128372233","chr11","132117553","132117726","18","3745502"
"chr11","128396665","128396821","chr7","158353080","158353235","24","29956415"
"chr11","128396847","128397002","chr19","12482960","12483114","24","115913887"
"chr11","128505106","128505396","chr11","132253922","132254212","7","3748816"
"chr11","128519940","128520240","chr11","132269328","132269628","7","3749388"
"chr12","12975934","12976234","chr15","99445164","99445461","14","86469230"
"chr12","92391","92693","chr15","106157","106454","12","13766"
"chr12","144408","144713","chr10","35520239","35520543","37","35375831"
"chr12","272155","272412","chr15","271178","271429","19","977"
"chr12","320505","320803","chr15","324007","324312","33","3502"
"chr12","351565","351858","chr15","353744","354060","29","2179"
"chr12","547523","547797","chr15","560073","560347","11","12550"
"chr12","566487","566618","chr5","111699622","111699752","14","111133135"
"chr12","566917","567090","chr1","47026703","47026870","30","46459786"
"chr12","584444","584597","chr6","132836210","132836351","25","132251766"
"chr12","590329","590633","chr5","140103285","140103581","47","139512956"
"chr12","639708","640000","chr11","805472","805771","34","165764"
"chr12","672835","673130","chr14","105574163","105574456","36","104901328"
"chr12","750799","751102","chr15","766327","766630","32","15528"
"chr12","783186","783420","chr5","34369297","34369537","44","33586111"
"chr12","817868","817978","chr11","109003926","109004022","25","108186058"
"chr12","859782","859799","chr9","32916732","32916748","17","32056950"
"chr12","859846","860119","chr16","60961301","60961582","46","60101455"
"chr12","861711","861989","chr15","878536","878836","29","16825"
"chr12","900705","900716","chr9","32916732","32916748","12","32016027"
"chr12","901031","901193","chr16","5757122","5757282","26","4856091"
"chr12","949246","949400","chr19","39384555","39384704","34","38435309"
"chr12","949703","949715","chr9","32916732","32916748","13","31967029"
"chr12","1116409","1116699","chr15","1144986","1145270","14","28577"
"chr12","1255090","1255268","chr20","26321785","26321981","43","25066695"
"chr12","1289728","1290021","chr15","1328497","1328793","10","38769"
"chr12","1293612","1293900","chr15","1332453","1332741","4","38841"
"chr12","1306219","1306524","chr3","126997452","126997755","42","125691233"
"chr12","1310446","1310677","chr15","1348530","1348761","4","38084"
"chr12","1378061","1378190","chr15","1421445","1421575","9","43384"
"chr12","1385621","1385929","chr3","15152440","15152747","57","13766819"
"chr12","1419150","1419444","chr15","1464426","1464719","32","45276"
"chr12","2122067","2122194","chr15","2185236","2185358","8","63169"
"chr12","2261946","2262222","chr15","2334429","2334705","9","72483"
"chr12","2276720","2277036","chr15","2350181","2350497","10","73461"
"chr12","2351185","2351485","chr3","153046664","153046957","57","150695479"
"chr12","2714567","2714869","chr17","19447899","19448205","36","16733332"
"chr12","2810132","2810439","chr15","2897205","2897514","27","87073"
"chr12","3129978","3130271","chr15","3224533","3224823","13","94555"
"chr12","3224717","3224908","chr1","31210003","31210195","29","27985286"
"chr12","3225212","3225227","chr9","32916732","32916748","10","29691520"
"chr12","3491161","3491459","chr15","3584684","3584973","19","93523"
"chr12","3567869","3567991","chr15","2185236","2185358","12","1382633"
"chr12","3631733","3632027","chr15","3728995","3729283","25","97262"
"chr12","4001885","4002194","chr15","4077273","4077574","27","75388"
"chr12","4032235","4032542","chr15","4110190","4110495","20","77955"
"chr12","4061364","4061654","chr20","26211185","26211483","38","22149821"
"chr12","4077797","4078103","chr15","46551309","46551611","45","42473512"
"chr12","4100057","4100357","chr1","55263731","55264029","47","51163674"
"chr12","4149254","4149422","chr12","57375913","57376086","38","53226659"
"chr12","4149708","4149854","chr7","17304241","17304386","24","13154533"
"chr12","4182889","4183199","chr15","4264636","4264943","19","81747"
"chr12","4298849","4299151","chr1","101368002","101368302","33","97069153"
"chr12","4514112","4514425","chr15","4599371","4599683","12","85259"
"chr12","4688924","4689235","chr1","67550948","67551256","48","62862024"
"chr12","4699900","4700195","chr8","9884014","9884303","49","5184114"
"chr12","4716479","4716612","chr1","113374605","113374734","11","108658126"
"chr12","4716912","4717088","chr14","31856154","31856328","27","27139242"
"chr12","4802815","4803113","chr7","120827704","120828001","32","116024889"
"chr12","4809823","4810026","chr15","4904824","4905027","9","95001"
"chr12","4845213","4845519","chr10","76193285","76193596","27","71348072"
"chr12","4875497","4875812","chr14","311370","311684","45","4564127"
"chr12","4941624","4941791","chr20","54157538","54157707","29","49215914"
"chr12","4941792","4942113","chr1","160157148","160157463","51","155215356"
"chr12","4970461","4970749","chr13","90475153","90475450","45","85504692"
"chr12","5042666","5042959","chr1","12742357","12742650","36","7699691"
"chr12","5123939","5124245","chr19","13599878","13600174","50","8475939"
"chr12","5515431","5515742","chr15","5312861","5313171","12","202570"
"chr12","5651463","5651698","chr15","5456081","5456316","14","195382"
"chr12","5681979","5682218","chr15","5489820","5490048","20","192159"
"chr12","5711407","5711710","chr11","103895341","103895641","36","98183934"
"chr12","5776619","5776916","chr9","5849715","5850009","36","73096"
"chr12","5890739","5890865","chr20","61247127","61247256","21","55356388"
"chr12","6028487","6028777","chr5","16841198","16841484","39","10812711"
"chr12","6184616","6184913","chr15","6013120","6013420","12","171496"
"chr12","6263321","6263606","chr13","40524086","40524376","50","34260765"
"chr12","6393445","6393727","chr4","76028673","76028956","38","69635228"
"chr12","6398196","6398389","chr15","6225815","6226010","12","172381"
"chr12","6577094","6577224","chr7","131094416","131094546","12","124517322"
"chr12","6579220","6579496","chr15","6408699","6408987","19","170521"
"chr12","6633646","6633940","chr15","6465362","6465657","9","168284"
"chr12","6707505","6707670","chr15","6537922","6538098","21","169583"
"chr12","6762248","6762543","chr15","6594292","6594592","13","167956"
"chr12","6763073","6763362","chr15","6595034","6595320","10","168039"
"chr12","6779618","6779798","chr15","6607464","6607645","8","172154"
"chr12","6783271","6783496","chr16","47627367","47627591","30","40844096"
"chr12","6854310","6854625","chr16","64691706","64692019","41","57837396"
"chr12","6855946","6856257","chr8","23726355","23726661","49","16870409"
"chr12","6877726","6877977","chr15","6721972","6722243","30","155754"
"chr12","6892945","6893126","chr9","77499824","77499998","32","70606879"
"chr12","6893438","6893452","chr9","32916732","32916748","9","26023294"
"chr12","7056836","7057127","chr11","92896035","92896326","37","85839199"
"chr12","7124536","7124840","chr13","68535795","68536103","44","61411259"
"chr12","7136623","7136914","chr15","6946949","6947241","10","189674"
"chr12","7276462","7276761","chr5","81026133","81026441","56","73749671"
"chr12","7328227","7328534","chr19","12705933","12706234","40","5377706"
"chr12","7346818","7347109","chr1","989161","989451","36","6357657"
"chr12","7348606","7348911","chr15","7160443","7160756","16","188163"
"chr12","7379141","7379421","chr19","9690484","9690777","31","2311343"
"chr12","7409849","7410141","chr15","7225159","7225443","20","184690"
"chr12","7442028","7442319","chr15","7257492","7257795","23","184536"
"chr12","7500828","7501138","chr12","59722960","59723268","34","52222132"
"chr12","7596393","7596705","chr11","103895341","103895641","43","96298948"
"chr12","7679855","7680108","chr15","7502308","7502562","14","177547"
"chr12","7768487","7768794","chr15","7592067","7592373","10","176420"
"chr12","7782180","7782491","chr2","147520541","147520850","44","139738361"
"chr12","7962959","7963268","chr15","7790075","7790381","17","172884"
"chr12","7992229","7992524","chr15","7819840","7820143","23","172389"
"chr12","8019426","8019712","chr20","62814739","62815029","44","54795313"
"chr12","8135974","8136339","chr2","163181315","163181637","85","155045341"
"chr12","8141116","8141421","chr15","7975837","7976134","18","165279"
"chr12","8164104","8164404","chr16","59483728","59484034","52","51319624"
"chr12","8169758","8170072","chr15","8007262","8007580","18","162496"
"chr12","8180789","8181100","chr3","96893502","96893820","74","88712713"
"chr12","8223002","8223299","chr6","173551711","173552010","43","165328709"
"chr12","8224659","8224941","chr15","8063622","8063901","10","161037"
"chr12","8228579","8228888","chr15","8067052","8067361","13","161527"
"chr12","8230038","8230346","chr11","19598005","19598307","36","11367967"
"chr12","8289315","8289626","chr15","8139410","8139720","4","149905"
"chr12","8335526","8335726","chr5","142039789","142039979","41","133704263"
"chr12","8341569","8341839","chr3","81141378","81141650","67","72799809"
"chr12","8341893","8341941","chr10","61963551","61963596","13","53621658"
"chr12","8351285","8351557","chr15","8194414","8194685","7","156871"
"chr12","8357531","8357742","chr15","8207643","8207868","16","149888"
"chr12","8384341","8384483","chr15","8230030","8230175","5","154311"
"chr12","8419701","8419903","chr15","8269284","8269492","14","150417"
"chr12","8487623","8487929","chrX","138496280","138496588","39","130008657"
"chr12","8493558","8493715","chr5","130050020","130050176","26","121556462"
"chr12","8583810","8584161","chrX","45903433","45903777","67","37319623"
"chr12","8613465","8613627","chr6","164745220","164745379","27","156131755"
"chr12","8613628","8613914","chr15","8464305","8464597","11","149323"
"chr12","8613915","8614200","chr15","8464305","8464597","22","149610"
"chr12","8614201","8614250","chrX","123221742","123221792","6","114607541"
"chr12","8614479","8614764","chr15","8464305","8464597","22","150174"
"chr12","8776369","8776678","chr12","36444891","36445198","32","27668522"
"chr12","8791120","8791427","chr15","8653996","8654286","30","137124"
"chr12","8821933","8822026","chr16","32777746","32777838","11","23955813"
"chr12","8823979","8824288","chr15","8686710","8687005","28","137269"
"chr12","8848331","8848627","chr15","8710596","8710897","13","137735"
"chr12","8891997","8892133","chr12","79247829","79247970","22","70355832"
"chr12","8939362","8939652","chrX","25734220","25734518","44","16794858"
"chr12","8951509","8951802","chr16","3338545","3338833","63","5612964"
"chr12","8969790","8970098","chr15","8823244","8823551","11","146546"
"chr12","8975675","8975791","chr7","88383874","88383990","13","79408199"
"chr12","8996316","8996626","chr15","8851383","8851675","30","144933"
"chr12","9012418","9012708","chr7","41365212","41365504","42","32352794"
"chr12","9040032","9040336","chr4","112779874","112780170","42","103739842"
"chr12","9127280","9127592","chr12","80404959","80405264","35","71277679"
"chr12","9128033","9128302","chr13","69476847","69477118","43","60348814"
"chr12","9128564","9128668","chr7","161110952","161111057","16","151982388"
"chr12","9177005","9177290","chr7","155788835","155789119","35","146611830"
"chr12","9185550","9185843","chr15","9059514","9059803","15","126036"
"chr12","9203850","9204157","chr15","9078378","9078685","6","125472"
"chr12","9270779","9271077","chr15","9154932","9155233","12","115847"
"chr12","9290086","9290393","chr15","9176902","9177205","13","113184"
"chr12","9329521","9329819","chr15","9221452","9221758","32","108069"
"chr12","9336090","9336389","chr15","9238122","9238410","26","97968"
"chr12","9415778","9416015","chr11","104066862","104067105","38","94651084"
"chr12","9424471","9424774","chr15","9323476","9323782","18","100995"
"chr12","9462008","9462240","chr3","37534202","37534431","47","28072194"
"chr12","9498583","9498886","chr15","9407117","9407421","15","91466"
"chr12","9663325","9663537","chr7","65244407","65244621","30","55581082"
"chr12","9669005","9669306","chr1","218434697","218434996","51","208765692"
"chr12","9707850","9707949","chr11","115589632","115589731","14","105881782"
"chr12","9708259","9708456","chr6","102038748","102038948","37","92330489"
"chr12","9708768","9708778","chr9","32916732","32916748","9","23207964"
"chr12","9709021","9709031","chr9","32916732","32916748","12","23207711"
"chr12","9724931","9725114","chr9","113485015","113485194","29","103760084"
"chr12","9725425","9725568","chr1","29749515","29749661","24","20024090"
"chr12","9782827","9783125","chr15","9715821","9716110","29","67006"
"chr12","9799957","9800272","chr15","9732811","9733121","21","67146"
"chr12","9818055","9818371","chr4","114848412","114848718","42","105030357"
"chr12","9821751","9822014","chr1","28219105","28219375","50","18397354"
"chr12","9823430","9823735","chr15","9757298","9757605","20","66132"
"chr12","9956656","9956868","chr15","96408327","96408539","6","86451671"
"chr12","9958949","9959257","chr20","3072049","3072356","35","6886900"
"chr12","9973916","9974191","chr15","96423914","96424200","21","86449998"
"chr12","9974711","9975014","chr15","96424709","96425021","20","86449998"
"chr12","9991599","9991808","chr8","90359628","90359842","34","80368029"
"chr12","10130725","10131035","chr15","96586807","96587112","11","86456082"
"chr12","10307302","10307609","chr1","92187825","92188134","41","81880523"
"chr12","10308845","10309140","chr3","157304253","157304549","42","146995408"
"chr12","10317892","10317908","chr9","32916732","32916748","11","22598840"
"chr12","10318825","10318987","chr7","109090487","109090649","27","98771662"
"chr12","10414485","10414794","chr10","28689578","28689889","38","18275093"
"chr12","10462054","10462358","chr15","96899310","96899602","27","86437256"
"chr12","10465930","10466239","chr15","96903197","96903496","23","86437267"
"chr12","10466272","10466570","chr2","78665450","78665747","39","68199178"
"chr12","10486830","10486991","chrX","16562455","16562622","32","6075625"
"chr12","10514414","10514706","chr15","96953706","96954015","29","86439292"
"chr12","10520706","10520938","chr15","96960301","96960533","6","86439595"
"chr12","10547615","10547892","chrX","82377818","82378092","43","71830203"
"chr12","10815693","10815992","chr1","184743596","184743895","40","173927903"
"chr12","10897075","10897344","chr15","97342215","97342478","14","86445140"
"chr12","11184298","11184605","chr15","97638884","97639190","13","86454586"
"chr12","11274546","11274850","chr15","97726124","97726422","16","86451578"
"chr12","11426733","11426861","chr15","97870406","97870534","8","86443673"
"chr12","11563602","11563876","chr3","90725905","90726186","50","79162303"
"chr12","11584408","11584713","chr4","32480381","32480687","44","20895973"
"chr12","11977360","11977653","chr15","98422400","98422726","35","86445040"
"chr12","12078855","12079163","chr15","98527428","98527736","10","86448573"
"chr12","12127990","12128288","chr15","98577872","98578177","18","86449882"
"chr12","12170790","12171092","chr15","27524360","27524670","46","15353570"
"chr12","12198826","12199109","chr2","182864969","182865259","48","170666143"
"chr12","12223841","12224142","chr6","121656199","121656500","38","109432358"
"chr12","12326321","12326611","chr15","98773972","98774273","26","86447651"
"chr12","12359893","12360167","chr15","98807313","98807583","13","86447420"
"chr12","12428933","12429201","chr15","98875958","98876223","11","86447025"
"chr12","12485287","12485454","chr15","98934313","98934479","4","86449026"
"chr12","12732395","12732685","chr15","99181840","99182132","8","86449445"
"chr12","12750737","12751035","chr15","99199675","99199970","24","86448938"
"chr12","12838086","12838368","chr15","99287981","99288262","11","86449895"
"chr12","12878466","12878762","chr7","126508413","126508707","39","113629947"
"chr12","12932896","12933159","chr15","99392672","99392941","14","86459776"
"chr12","12952211","12952498","chr2","85232750","85233032","52","72280539"
"chr12","12952847","12952939","chr8","100712010","100712107","24","87759163"
"chr12","12957380","12957662","chr14","31994543","31994824","45","19037163"
"chr12","12982836","12983123","chr15","99452075","99452360","16","86469239"
"chr12","13074861","13075144","chr15","99547881","99548189","34","86473020"
"chr12","13160799","13161080","chr19","37748060","37748338","41","24587261"
"chr12","13176372","13176673","chr1","27513704","27514001","33","14337332"
"chr12","13189896","13190207","chr2","146638402","146638711","45","133448506"
"chr12","13207745","13208056","chr13","68535795","68536103","47","55328050"
"chr12","13210241","13210490","chrX","118149034","118149273","44","104938793"
"chr12","13237445","13237743","chr7","37193029","37193331","42","23955584"
"chr12","13241948","13242110","chr1","109244867","109245026","38","96002919"
"chr12","13370517","13370809","chr15","9934723","9935023","17","3435794"
"chr12","13570394","13570690","chr15","10136801","10137097","5","3433593"
"chr12","13683607","13683777","chr6","28080939","28081114","38","14397332"
"chr12","13709743","13710051","chr15","10283088","10283382","24","3426655"
"chr12","13741811","13741946","chr15","10316289","10316431","13","3425522"
"chr12","13932609","13932945","chr15","10508635","10508944","33","3423974"
"chr12","14029252","14029485","chr15","10604108","10604320","28","3425144"
"chr12","14076126","14076423","chr15","10651172","10651469","10","3424954"
"chr12","14104395","14104699","chr15","10680501","10680797","16","3423894"
"chr12","14222360","14222662","chr17","19744898","19745200","29","5522538"
"chr12","14263241","14263536","chr15","10842017","10842312","5","3421224"
"chr12","14406200","14406509","chr15","10985148","10985454","18","3421052"
"chr12","14670790","14671102","chr15","11249457","11249758","19","3421333"
"chr12","14819229","14819511","chr15","101909506","101909787","40","87090277"
"chr12","14968404","14968711","chr15","11550187","11550496","15","3418217"
"chr12","15036144","15036443","chr15","11617777","11618074","7","3418367"
"chr12","15112723","15113000","chr5","113109344","113109636","65","97996621"
"chr12","15279436","15279718","chr12","41553520","41553801","41","26274084"
"chr12","15303516","15303815","chr15","11892226","11892525","6","3411290"
"chr12","17138282","17138486","chr15","12332419","12332624","8","4805863"
"chr12","17306546","17306840","chr15","12500806","12501099","8","4805740"
"chr12","17312442","17312748","chr15","12506658","12506964","4","4805784"
"chr12","17417483","17417792","chr15","12612483","12612789","8","4805000"
"chr12","17441474","17441611","chr3","23240190","23240332","32","5798716"
"chr12","17576296","17576600","chr12","36444891","36445198","37","18868595"
"chr12","17593963","17594271","chr14","113708140","113708447","44","96114177"
"chr12","17594322","17594617","chr2","144217349","144217649","33","126623027"
"chr12","17657431","17657737","chr15","12845632","12845927","16","4811799"
"chr12","17660482","17660791","chr6","52574114","52574421","37","34913632"
"chr12","17765175","17765475","chr15","12951962","12952259","11","4813213"
"chr12","17950218","17950505","chr15","13136578","13136864","6","4813640"
"chr12","17955869","17956077","chr1","85737563","85737773","32","67781694"
"chr12","17964756","17965078","chr12","35940871","35941175","49","17976115"
"chr12","18041526","18041830","chr15","13229147","13229449","8","4812379"
"chr12","18051407","18051684","chr2","147873831","147874109","36","129822424"
"chr12","18060627","18060930","chr15","13249683","13249995","32","4810944"
"chr12","18071112","18071428","chrX","51079108","51079413","48","33007996"
"chr12","18079582","18079890","chr3","74904320","74904624","44","56824738"
"chr12","18096434","18096730","chr15","13294575","13294868","10","4801859"
"chr12","18105751","18106046","chr15","13304976","13305267","13","4800775"
"chr12","18166120","18166253","chr11","74966065","74966200","11","56799945"
"chr12","18166562","18166697","chr20","51964211","51964344","26","33797649"
"chr12","18337097","18337377","chr15","13537823","13538103","9","4799274"
"chr12","18337465","18337665","chr3","112454918","112455120","30","94117453"
"chr12","18524713","18525004","chr15","13728547","13728844","9","4796166"
"chr12","18538615","18538915","chr15","13742523","13742826","11","4796092"
"chr12","18663729","18664065","chr15","13870725","13871035","38","4793004"
"chr12","18680373","18680673","chr15","13887333","13887634","6","4793040"
"chr12","18693893","18694093","chr4","110207727","110207937","38","91513834"
"chr12","18732908","18733194","chr4","11988422","11988716","37","6744486"
"chr12","18743042","18743169","chr15","13945665","13945792","2","4797377"
"chr12","18772890","18773182","chr15","13974681","13974973","17","4798209"
"chr12","18833530","18833825","chr1","27513704","27514001","41","8680174"
"chr12","18861513","18861717","chr15","14063734","14063939","5","4797779"
"chr12","18862019","18862111","chr15","14064242","14064333","4","4797777"
"chr12","18885392","18885688","chr15","14089550","14089846","4","4795842"
"chr12","18905167","18905475","chr15","14109097","14109396","21","4796070"
"chr12","18954654","18954958","chr1","13175932","13176238","43","5778722"
"chr12","19206476","19206791","chr15","14409360","14409679","19","4797116"
"chr12","19352673","19352915","chr15","14558347","14558604","25","4794326"
"chr12","19542178","19542438","chr15","14753713","14753973","10","4788465"
"chr12","19599405","19599692","chr15","14810424","14810710","10","4788981"
"chr12","19827129","19827359","chr17","68142399","68142631","13","48315270"
"chr12","20196807","20196986","chr15","15366529","15366708","4","4830278"
"chr12","20199849","20200142","chr15","15369593","15369889","21","4830256"
"chr12","20226931","20227246","chr15","15396118","15396430","12","4830813"
"chr12","20304427","20304710","chr6","27800432","27800713","42","7496005"
"chr12","20637931","20638221","chr15","15820903","15821197","10","4817028"
"chr12","20676874","20677153","chr15","15859849","15860127","13","4817025"
"chr12","20704241","20704549","chr15","15886831","15887140","12","4817410"
"chr12","20863805","20864113","chr15","16061128","16061437","10","4802677"
"chr12","20867062","20867377","chr15","16064411","16064727","21","4802651"
"chr12","21147693","21147991","chr15","16345666","16345969","25","4802027"
"chr12","21211678","21211823","chr6","74954433","74954572","34","53742755"
"chr12","21215526","21215835","chrX","28745828","28746133","38","7530302"
"chr12","21406280","21406590","chr15","16615093","16615400","16","4791187"
"chr12","21597263","21597567","chr15","16828389","16828702","23","4768874"
"chr12","21671253","21671534","chr16","21781850","21782128","29","110597"
"chr12","21856075","21856370","chr15","17100760","17101058","13","4755315"
"chr12","22194113","22194370","chr6","135961426","135961681","38","113767313"
"chr12","22195950","22196245","chr16","19889407","19889704","38","2306543"
"chr12","22310547","22310797","chr14","17526356","17526601","53","4784191"
"chr12","22448736","22449046","chr15","17708845","17709148","18","4739891"
"chr12","22517089","22517353","chr15","17778693","17778969","18","4738396"
"chr12","22534110","22534383","chr15","17795175","17795446","5","4738935"
"chr12","22764948","22765228","chr15","18032582","18032863","11","4732366"
"chr12","22789586","22789885","chr1","136414644","136414940","41","113625058"
"chr12","22796111","22796414","chr1","62761218","62761527","46","39965107"
"chr12","22819474","22819762","chr15","18084985","18085279","13","4734489"
"chr12","22985083","22985370","chr15","18251975","18252264","8","4733108"
"chr12","23667254","23667561","chr15","18933092","18933408","20","4734162"
"chr12","23750785","23751080","chr15","19017173","19017480","22","4733612"
"chr12","24085410","24085714","chr15","19354337","19354642","12","4731073"
"chr12","24240196","24240492","chr15","19512803","19513097","9","4727393"
"chr12","24341617","24341921","chr10","60591212","60591505","53","36249595"
"chr12","24364704","24364977","chr7","87833504","87833774","59","63468800"
"chr12","24422598","24422908","chr2","87362517","87362826","40","62939919"
"chr12","24644304","24644628","chr15","19834795","19835109","24","4809509"
"chr12","24680933","24681236","chr15","19871906","19872213","41","4809027"
"chr12","24942706","24943014","chr2","176864663","176864968","44","151921957"
"chr12","25021438","25021739","chr15","20218118","20218410","16","4803320"
"chr12","25051336","25051639","chr15","20246962","20247254","23","4804374"
"chr12","25057818","25058127","chr11","45807292","45807598","35","20749474"
"chr12","25078094","25078389","chr15","20274498","20274810","31","4803596"
"chr12","25151009","25151224","chr15","20347552","20347769","11","4803457"
"chr12","25153176","25153391","chr15","20349720","20349935","3","4803456"
"chr12","25341548","25341768","chr15","20537741","20537961","9","4803807"
"chr12","25457354","25457659","chr15","20653738","20654043","6","4803616"
"chr12","25808113","25808406","chr15","21005394","21005682","12","4802719"
"chr12","25812303","25812590","chr15","21010221","21010508","6","4802082"
"chr12","25818994","25819317","chr15","21016622","21016933","15","4802372"
"chr12","25882352","25882662","chr16","40386842","40387152","34","14504490"
"chr12","25929149","25929505","chr15","21127115","21127462","22","4802034"
"chr12","26029256","26029436","chr15","21228688","21228867","6","4800568"
"chr12","26100260","26100575","chr15","21299520","21299832","19","4800740"
"chr12","26215928","26216219","chr15","21415520","21415812","8","4800408"
"chr12","26234380","26234690","chr15","21433741","21434052","17","4800639"
"chr12","26265077","26265373","chr20","53870708","53870990","46","27605631"
"chr12","26274904","26275069","chr16","70198814","70198977","27","43923910"
"chr12","26371984","26372265","chr15","21570652","21570933","4","4801332"
"chr12","26377938","26378127","chr15","21576949","21577138","4","4800989"
"chr12","26683007","26683268","chr15","21875489","21875751","10","4807518"
"chr12","26692234","26692504","chr5","38852998","38853273","70","12160764"
"chr12","26712407","26712563","chrX","142278602","142278756","24","115566195"
"chr12","26754353","26754638","chr15","21947299","21947582","11","4807054"
"chr12","26788291","26788584","chr15","21980716","21981008","11","4807575"
"chr12","26851849","26852138","chr15","22037275","22037563","6","4814574"
"chr12","26980594","26980888","chr6","173551711","173552010","54","146571117"
"chr12","26990449","26990758","chr15","22178851","22179157","22","4811598"
"chr12","27084591","27084887","chr15","22274306","22274610","17","4810285"
"chr12","27084893","27085023","chr1","125213986","125214113","12","98129093"
"chr12","27144476","27144656","chr5","104865075","104865254","37","77720599"
"chr12","27185767","27186036","chr3","59665602","59665865","50","32479835"
"chr12","27318869","27319127","chr13","8787760","8788014","43","18531109"
"chr12","27321821","27321960","chr15","22522131","22522272","8","4799690"
"chr12","27370352","27370549","chr15","22574221","22574418","7","4796131"
"chr12","27547498","27547787","chr15","22752768","22753059","19","4794730"
"chr12","27558271","27558559","chr15","22763511","22763800","10","4794760"
"chr12","27580149","27580443","chr15","22785210","22785504","14","4794939"
"chr12","27634693","27634967","chr15","22840014","22840286","15","4794679"
"chr12","27652141","27652186","chr13","1581395","1581445","16","26070746"
"chr12","27708044","27708333","chr15","22911809","22912107","21","4796235"
"chr12","27709913","27710203","chr15","22913703","22913993","10","4796210"
"chr12","27720980","27721265","chr15","22925354","22925652","26","4795626"
"chr12","27825396","27825687","chr15","23030065","23030359","7","4795331"
"chr12","27839352","27839619","chr15","23044697","23044965","9","4794655"
"chr12","27920336","27920547","chr15","23133692","23133903","11","4786644"
"chr12","27930086","27930395","chr15","23141527","23141835","9","4788559"
"chr12","27944729","27945048","chr15","23156065","23156379","20","4788664"
"chr12","27945782","27946046","chr15","23157113","23157377","5","4788669"
"chr12","27978221","27978524","chr15","23205340","23205640","20","4772881"
"chr12","27991465","27991782","chr15","23218363","23218683","16","4773102"
"chr12","27992516","27992780","chr15","23219416","23219680","7","4773100"
"chr12","28001541","28001836","chr14","103835697","103835997","33","75834156"
"chr12","28034042","28034185","chr1","29749515","29749661","17","1715473"
"chr12","28034485","28034658","chr1","19775982","19776154","30","8258503"
"chr12","28049509","28049814","chr15","23276015","23276327","27","4773494"
"chr12","28091072","28091347","chr15","23318973","23319248","7","4772099"
"chr12","28214939","28215166","chr15","23448640","23448861","8","4766299"
"chr12","28831444","28831730","chr15","24104618","24104904","10","4726826"
"chr12","29035485","29035777","chr15","24305599","24305890","8","4729886"
"chr12","29059067","29059373","chr15","24327727","24328046","33","4731340"
"chr12","29089582","29089878","chr15","24357939","24358248","19","4731643"
"chr12","29100372","29100688","chr7","111533576","111533883","51","82433204"
"chr12","29266299","29266585","chr18","13398840","13399113","82","15867459"
"chr12","29285658","29285985","chr15","24555115","24555456","20","4730543"
"chr12","29300472","29300735","chr1","158524460","158524725","43","129223988"
"chr12","29316476","29316798","chr15","24586154","24586470","15","4730322"
"chr12","29368146","29368432","chr15","24637423","24637706","6","4730723"
"chr12","29580691","29580916","chr13","29284998","29285219","33","295693"
"chr12","30554101","30554408","chr15","25814217","25814518","15","4739884"
"chr12","30565543","30565748","chr1","11127474","11127672","32","19438069"
"chr12","30830462","30830775","chr15","26091992","26092298","9","4738470"
"chr12","30880349","30880598","chr15","26142304","26142540","16","4738045"
"chr12","30892421","30892732","chr15","26154321","26154630","16","4738100"
"chr12","31010021","31010202","chr15","26268947","26269144","21","4741074"
"chr12","31248005","31248290","chr15","26505899","26506183","5","4742106"
"chr12","31576638","31576932","chr15","26825203","26825500","16","4751435"
"chr12","31698508","31698813","chr15","26948545","26948858","24","4749963"
"chr12","31816331","31816621","chr3","37790496","37790787","39","5974165"
"chr12","31855609","31855917","chr15","27107080","27107383","10","4748529"
"chr12","31867506","31867796","chr15","27118528","27118814","15","4748978"
"chr12","31876498","31876809","chr15","27127503","27127808","20","4748995"
"chr12","32008350","32008587","chrX","125653898","125654128","45","93645548"
"chr12","32011874","32012088","chr15","27259775","27259988","13","4752099"
"chr12","32029193","32029497","chr15","27279322","27279617","29","4749871"
"chr12","32036549","32036726","chr15","27288087","27288254","14","4748462"
"chr12","32042061","32042357","chr15","27293434","27293735","14","4748627"
"chr12","32087756","32088063","chr15","27343957","27344268","11","4743799"
"chr12","32096927","32097229","chr15","27353794","27354088","29","4743133"
"chr12","32104516","32104826","chr15","27361269","27361573","18","4743247"
"chr12","32146292","32146602","chr17","19744898","19745200","48","12401394"
"chr12","32159890","32160186","chr15","92295977","92296271","40","60136087"
"chr12","32241212","32241510","chr15","27498585","27498875","18","4742627"
"chr12","32266383","32266694","chr15","27524360","27524670","13","4742023"
"chr12","32675333","32675648","chr4","38051245","38051555","55","5375912"
"chr12","32898381","32898666","chr15","28142597","28142882","14","4755784"
"chr12","32971809","32971939","chr15","28215201","28215331","6","4756608"
"chr12","33078616","33078930","chr15","28321957","28322266","16","4756659"
"chr12","33081384","33081608","chr9","65906961","65907178","29","32825577"
"chr12","33083724","33084033","chr15","28327009","28327319","17","4756715"
"chr12","33108575","33108903","chr15","28352022","28352339","14","4756553"
"chr12","33412182","33412483","chr16","45490207","45490507","41","12078025"
"chr12","33584133","33584445","chr15","28851564","28851875","15","4732569"
"chr12","33823673","33823974","chr2","42815086","42815389","32","8991413"
"chr12","33907320","33907608","chr9","71562572","71562860","39","37655252"
"chr12","34045956","34046251","chr15","29317391","29317686","18","4728565"
"chr12","34252261","34252547","chr15","29526398","29526683","13","4725863"
"chr12","34286381","34286530","chr15","29562235","29562388","11","4724146"
"chr12","34337843","34338160","chr15","29617940","29618252","14","4719903"
"chr12","34338483","34338774","chr15","29618578","29618870","6","4719905"
"chr12","34348047","34348343","chr15","29625187","29625482","19","4722860"
"chr12","34402518","34402819","chr16","7638577","7638878","42","26763941"
"chr12","34434856","34435161","chr15","29719093","29719395","16","4715763"
"chr12","34439580","34439879","chr15","29723800","29724094","15","4715780"
"chr12","34440624","34440920","chr1","56106334","56106635","37","21665710"
"chr12","34443296","34443602","chr15","29727788","29728097","10","4715508"
"chr12","34497708","34498006","chr4","68671582","68671879","36","34173874"
"chr12","34505861","34506104","chr15","29790427","29790670","4","4715434"
"chr12","34513734","34514023","chr15","29797618","29797908","7","4716116"
"chr12","34544172","34544467","chr7","3030059","3030354","48","31514113"
"chr12","34652772","34653084","chr15","29936465","29936775","8","4716307"
"chr12","34684721","34685029","chr15","29968350","29968660","13","4716371"
"chr12","34752660","34752962","chr15","30035911","30036219","18","4716749"
"chr12","34797847","34798147","chr15","30080555","30080854","20","4717292"
"chr12","34829559","34829862","chr15","30111505","30111808","9","4718054"
"chr12","34832608","34832901","chr15","30114586","30114883","14","4718022"
"chr12","34842796","34843103","chr10","35520239","35520543","33","677443"
"chr12","35031935","35032174","chr15","30314291","30314499","35","4717644"
"chr12","35179325","35179612","chr16","40987043","40987340","40","5807718"
"chr12","35215085","35215406","chr15","30500081","30500400","22","4715004"
"chr12","35305685","35305933","chr15","30594716","30594964","9","4710969"
"chr12","35482851","35483138","chr15","30774557","30774845","23","4708294"
"chr12","35609439","35609736","chr15","30900732","30901029","10","4708707"
"chr12","35621765","35622067","chrX","51079701","51080001","43","15457936"
"chr12","35854859","35855169","chr12","35940871","35941175","46","86012"
"chr12","36237275","36237574","chr9","60792156","60792455","35","24554881"
"chr12","36370670","36370964","chr20","49275333","49275625","45","12904663"
"chr12","36385356","36385532","chr15","31703911","31704087","2","4681445"
"chr12","36562016","36562308","chr15","31891084","31891361","23","4670932"
"chr12","36695177","36695465","chr10","80973805","80974090","43","44278628"
"chr12","36797231","36797512","chr15","32123098","32123396","32","4674133"
"chr12","37105844","37106147","chr15","32451555","32451869","21","4654289"
"chr12","37494744","37495054","chr15","32824546","32824856","15","4670198"
"chr12","37718110","37718424","chr12","81628876","81629194","53","43910766"
"chr12","38132701","38132906","chr15","33453024","33453227","8","4679677"
"chr12","38244737","38245047","chr15","33558326","33558629","17","4686411"
"chr12","38546707","38546998","chr7","32567858","32568159","45","5978849"
"chr12","38731196","38731506","chr15","34077581","34077883","23","4653615"
"chr12","38783270","38783576","chr15","34132363","34132670","10","4650907"
"chr12","38877483","38877610","chr12","95132654","95132778","21","56255171"
"chr12","38877906","38878074","chr1","18139299","18139469","24","20738607"
"chr12","38899316","38899509","chr3","53918411","53918603","30","15019095"
"chr12","39047533","39047833","chr15","34394779","34395082","19","4652754"
"chr12","39176210","39176512","chr15","34527261","34527559","12","4648949"
"chr12","39216523","39216825","chr15","34570524","34570825","8","4645999"
"chr12","39264970","39265282","chr15","34619133","34619444","8","4645837"
"chr12","39421819","39422112","chr15","34778349","34778650","16","4643470"
"chr12","39541541","39541809","chr15","34900384","34900656","13","4641157"
"chr12","39805908","39806202","chr15","35165543","35165854","26","4640365"
"chr12","39932227","39932525","chr15","35291345","35291648","13","4640882"
"chr12","39996269","39996568","chr15","35357854","35358135","28","4638415"
"chr12","40093441","40093759","chr15","35456418","35456717","28","4637023"
"chr12","40153768","40154074","chr15","35517814","35518120","10","4635954"
"chr12","40204087","40204326","chr15","35568820","35569087","45","4635267"
"chr12","40314922","40315124","chr15","35680402","35680600","8","4634520"
"chr12","40315406","40315518","chr15","35680883","35680995","1","4634523"
"chr12","40536004","40536302","chr15","35903699","35904003","17","4632305"
"chr12","40714228","40714536","chr15","36080728","36081056","33","4633500"
"chr12","40790269","40790549","chr15","36156612","36156900","20","4633657"
"chr12","41073304","41073602","chr15","36440308","36440618","21","4632996"
"chr12","41079028","41079335","chr6","17066437","17066745","26","24012591"
"chr12","41128572","41128870","chr15","36495922","36496218","5","4632650"
"chr12","41173614","41173911","chr15","36543007","36543315","14","4630607"
"chr12","41181176","41181253","chr15","36542031","36542108","1","4639145"
"chr12","41186185","41186488","chr5","94774406","94774706","35","53588221"
"chr12","41202045","41202213","chr2","93059088","93059263","33","51857043"
"chr12","41269981","41270280","chr15","36638638","36638935","13","4631343"
"chr12","41271781","41272091","chr8","23726355","23726661","44","17545426"
"chr12","41373645","41373939","chr15","36744310","36744610","11","4629335"
"chr12","41389299","41389594","chr11","116983856","116984146","50","75594557"
"chr12","41459123","41459431","chr10","65800388","65800693","44","24341265"
"chr12","41495659","41495870","chr4","35766092","35766310","49","5729567"
"chr12","41506415","41506608","chr1","11127474","11127672","45","30378941"
"chr12","41506915","41507048","chr11","74966065","74966200","17","33459150"
"chr12","41527975","41528221","chr15","36906619","36906857","18","4621356"
"chr12","41607861","41608168","chr15","36988647","36988957","13","4619214"
"chr12","41693188","41693485","chr15","37074488","37074783","14","4618700"
"chr12","41862722","41862745","chr9","32916732","32916748","15","8945990"
"chr12","41862786","41863074","chrX","51732848","51733139","39","9870062"
"chr12","41941131","41941415","chr12","13201205","13201488","35","28739926"
"chr12","42123771","42123911","chr15","37505429","37505564","14","4618342"
"chr12","42273043","42273324","chr8","20380804","20381083","39","21892239"
"chr12","42712985","42713274","chr15","38096022","38096313","8","4616963"
"chr12","42765664","42765958","chr15","38152209","38152504","6","4613455"
"chr12","42956822","42956980","chr4","103351435","103351601","30","60394613"
"chr12","42957293","42957396","chr1","26387777","26387878","25","16569516"
"chr12","43041006","43041310","chr15","38428226","38428528","17","4612780"
"chr12","43052788","43053091","chr1","42353131","42353436","42","699657"
"chr12","43081709","43082019","chr15","38469825","38470137","11","4611884"
"chr12","43115923","43116175","chr15","38505350","38505602","5","4610573"
"chr12","43117339","43117688","chr11","110936178","110936522","68","67818839"
"chr12","43131269","43131558","chr1","188992192","188992486","47","145860923"
"chr12","43167249","43167553","chr13","102196636","102196939","41","59029387"
"chr12","43173468","43173747","chr1","41725918","41726202","57","1447550"
"chr12","43197231","43197529","chr15","38585528","38585826","10","4611703"
"chr12","43302564","43302872","chr15","38691877","38692172","15","4610687"
"chr12","43385260","43385551","chr3","120189846","120190134","39","76804586"
"chr12","43424381","43424667","chr15","38811547","38811833","9","4612834"
"chr12","43480322","43480471","chr15","38868033","38868182","5","4612289"
"chr12","43516135","43516310","chr15","38907370","38907545","1","4608765"
"chr12","43605414","43605670","chr15","38998423","38998675","11","4606991"
"chr12","43629974","43630172","chr15","39024695","39024895","4","4605279"
"chr12","43756336","43756641","chr4","154961750","154962052","37","111205414"
"chr12","43850827","43851088","chr15","39216741","39217003","10","4634086"
"chr12","43953496","43953644","chr5","130050020","130050176","25","86096524"
"chr12","43974879","43975191","chr10","78397199","78397509","45","34422320"
"chr12","43999126","43999406","chr15","39372243","39372523","7","4626883"
"chr12","44014331","44014622","chr2","34434720","34435011","47","9579611"
"chr12","44019355","44019622","chr15","39396466","39396733","2","4622889"
"chr12","44028279","44028462","chr12","93009126","93009306","31","48980847"
"chr12","44028772","44028908","chr1","30028124","30028263","18","14000648"
"chr12","44042785","44043096","chr15","39423541","39423854","10","4619244"
"chr12","44049761","44049911","chr15","39430190","39430340","8","4619571"
"chr12","44058905","44059208","chr15","39453124","39453406","31","4605781"
"chr12","44070586","44070893","chr15","39460963","39461267","8","4609623"
"chr12","44106261","44106567","chr15","39496014","39496324","13","4610247"
"chr12","44252285","44252573","chr15","39638615","39638903","2","4613670"
"chr12","44255988","44256268","chr1","138283945","138284230","36","94027957"
"chr12","44281211","44281365","chr1","142750171","142750329","23","98468960"
"chr12","44297507","44297791","chr15","39680241","39680524","7","4617266"
"chr12","44304961","44305239","chr15","39687820","39688106","14","4617141"
"chr12","44305850","44306145","chr15","39688717","39689018","8","4617133"
"chr12","44361834","44362137","chr15","39744874","39745165","36","4616960"
"chr12","44401778","44402089","chr15","39785602","39785905","24","4616176"
"chr12","44665131","44665439","chr2","184554529","184554839","37","139889398"
"chr12","44702611","44702922","chr15","40112914","40113224","19","4589697"
"chr12","45242803","45243112","chr13","76796546","76796852","22","31553743"
"chr12","45253154","45253461","chr15","40676486","40676794","15","4576668"
"chr12","45261696","45261992","chr1","136414644","136414940","35","91152948"
"chr12","45347879","45347947","chr1","93907446","93907507","18","48559567"
"chr12","45373137","45373449","chr15","40796091","40796403","4","4577046"
"chr12","45389647","45389949","chr15","40813205","40813517","19","4576442"
"chr12","45455841","45455971","chr1","134324751","134324881","13","88868910"
"chr12","45457360","45457666","chr15","40882096","40882391","22","4575264"
"chr12","45462761","45463091","chr8","20357819","20358136","57","25104942"
"chr12","45474262","45474546","chr15","40900316","40900623","29","4573946"
"chr12","45581350","45581637","chr15","41012938","41013233","10","4568412"
"chr12","45710752","45711059","chr5","58041009","58041316","41","12330257"
"chr12","45882252","45882562","chr1","24702398","24702705","39","21179854"
"chr12","45978992","45979282","chr15","41389959","41390266","24","4589033"
"chr12","46010329","46010591","chr15","41422009","41422271","4","4588320"
"chr12","46010898","46011208","chr15","41422575","41422870","26","4588323"
"chr12","46250819","46251116","chr15","41666676","41666982","20","4584143"
"chr12","46335861","46336171","chr15","41756316","41756626","8","4579545"
"chr12","46372286","46372568","chr15","41795484","41795766","4","4576802"
"chr12","46421186","46421475","chr15","41847429","41847719","8","4573757"
"chr12","46486221","46486520","chr15","41924662","41924931","39","4561559"
"chr12","46492850","46493143","chr15","41931476","41931770","8","4561374"
"chr12","46510540","46510839","chrX","25734220","25734518","39","20776320"
"chr12","46525411","46525712","chr15","41967598","41967901","14","4557813"
"chr12","46534615","46534914","chr1","31284534","31284833","41","15250081"
"chr12","46539491","46539786","chr11","59655049","59655348","61","13115558"
"chr12","46542945","46543246","chr15","41987478","41987785","14","4555467"
"chr12","46550458","46550591","chr15","41995935","41996069","6","4554523"
"chr12","46592070","46592368","chr15","42039262","42039557","9","4552808"
"chr12","46648787","46649078","chr15","42099159","42099452","14","4549628"
"chr12","46704602","46704906","chr3","74904320","74904624","39","28199718"
"chr12","46727868","46728168","chr15","42187930","42188228","6","4539938"
"chr12","46808751","46808883","chr10","73050153","73050283","17","26241402"
"chr12","46809206","46809281","chr2","10374722","10374802","18","36434484"
"chr12","46880488","46880754","chr14","15426907","15427185","41","31453581"
"chr12","46944417","46944691","chr15","42404397","42404671","8","4540020"
"chr12","47031752","47032052","chr15","42495482","42495784","7","4536270"
"chr12","47049258","47049448","chr15","42513490","42513688","13","4535768"
"chr12","47052753","47053061","chr15","42516992","42517300","11","4535761"
"chr12","47056052","47056310","chr15","42520394","42520654","11","4535658"
"chr12","47173694","47173826","chr6","174378395","174378524","15","127204701"
"chr12","47188004","47188300","chr2","152224666","152224949","49","105036662"
"chr12","47217853","47218134","chr15","42688650","42688955","27","4529203"
"chr12","47730704","47730937","chr15","43215030","43215264","11","4515674"
"chr12","47919532","47919825","chr15","43404984","43405278","6","4514548"
"chr12","48744250","48744550","chr15","44240755","44241054","7","4503495"
"chr12","49668102","49668302","chr15","44967795","44967995","4","4700307"
"chr12","49688176","49688482","chr15","44982792","44983101","11","4705384"
"chr12","50192259","50192542","chr11","123197829","123198104","52","73005570"
"chr12","50262056","50262362","chr2","114262909","114263217","45","64000853"
"chr12","50280205","50280287","chr2","38490700","38490776","18","11789505"
"chr12","50281369","50281588","chr5","56605836","56606059","38","6324467"
"chr12","50974198","50974405","chr15","46217285","46217493","5","4756913"
"chr12","51100375","51100671","chr15","46344288","46344583","16","4756087"
"chr12","51138324","51138636","chr15","46384262","46384573","12","4754062"
"chr12","51301239","51301539","chr15","46551309","46551611","14","4749930"
"chr12","51452876","51453186","chr6","52574114","52574421","44","1121238"
"chr12","51586787","51587080","chr8","15593961","15594254","36","35992826"
"chr12","51941565","51941849","chr15","47097382","47097666","8","4844183"
"chr12","52388305","52388546","chr15","47545373","47545617","8","4842932"
"chr12","52778124","52778168","chr15","47938066","47938110","0","4840058"
"chr12","52895667","52895961","chr15","48057403","48057697","8","4838264"
"chr12","52913004","52913130","chr2","60232972","60233096","17","7319968"
"chr12","52913439","52913610","chr13","31083193","31083357","25","21830246"
"chr12","52928479","52928624","chr15","48089903","48090048","1","4838576"
"chr12","52942573","52942867","chr15","48104272","48104565","24","4838301"
"chr12","52980135","52980441","chr15","48141298","48141607","5","4838837"
"chr12","53139185","53139485","chr15","48297987","48298291","7","4841198"
"chr12","53271897","53272199","chr12","43772897","43773193","41","9499000"
"chr12","53279971","53280273","chr12","43772897","43773193","41","9507074"
"chr12","53281951","53282262","chr15","48440706","48441015","21","4841245"
"chr12","53659671","53659986","chr15","48814612","48814924","19","4845059"
"chr12","53724389","53724685","chr15","48880975","48881281","13","4843414"
"chr12","53857982","53858277","chr15","49017800","49018096","10","4840182"
"chr12","54349282","54349576","chr15","49532234","49532522","17","4817048"
"chr12","54643373","54643682","chr15","49824915","49825211","19","4818458"
"chr12","55587774","55588077","chr15","50792543","50792861","32","4795231"
"chr12","55835724","55836003","chr15","51043267","51043545","8","4792457"
"chr12","56532546","56532720","chr15","51751436","51751596","21","4781110"
"chr12","56900168","56900458","chr15","52117322","52117610","10","4782846"
"chr12","57063507","57063806","chr15","52281467","52281772","19","4782040"
"chr12","57937374","57937674","chr1","111274601","111274900","40","53337227"
"chr12","58525640","58525950","chr15","53772267","53772576","4","4753373"
"chr12","59098518","59098794","chr11","108235475","108235736","59","49136957"
"chr12","59266713","59266993","chr15","54542922","54543227","31","4723791"
"chr12","59270697","59270976","chr15","54547843","54548121","7","4722854"
"chr12","59719557","59719841","chr3","171610616","171610898","44","111891059"
"chr12","60382590","60382885","chr15","55683101","55683384","19","4699489"
"chr12","60463616","60463844","chrX","129381253","129381485","35","68917637"
"chr12","60484001","60484290","chr15","55788526","55788817","9","4695475"
"chr12","60515842","60516069","chr11","122010537","122010759","31","61494695"
"chr12","60525946","60526254","chr15","55832752","55833062","16","4693194"
"chr12","60541817","60542117","chr15","55851207","55851504","9","4690610"
"chr12","60548847","60549061","chr4","52241206","52241417","40","8307641"
"chr12","60616988","60617284","chr1","123896657","123896955","44","63279669"
"chr12","60626925","60627226","chr15","55937652","55937955","13","4689273"
"chr12","60636550","60636848","chr3","111409953","111410264","46","50773403"
"chr12","60645572","60645882","chr10","35520239","35520543","37","25125333"
"chr12","60699488","60699654","chr15","56008699","56008862","8","4690789"
"chr12","60815602","60815897","chr16","11189652","11189943","41","49625950"
"chr12","61442133","61442390","chr15","56759119","56759369","16","4683014"
"chr12","61571574","61571855","chr4","153173836","153174115","43","91602262"
"chr12","62126798","62127085","chr15","57435763","57436055","19","4691035"
"chr12","62262125","62262424","chr15","57578817","57579117","6","4683308"
"chr12","62565220","62565504","chr15","57884298","57884578","13","4680922"
"chr12","62572194","62572419","chr15","57896647","57896884","26","4675547"
"chr12","62676808","62677098","chr15","57995944","57996246","20","4680864"
"chr12","62710049","62710272","chr15","58028755","58028978","5","4681294"
"chr12","62739339","62739635","chr15","58057860","58058154","16","4681479"
"chr12","62866630","62866892","chr15","58185195","58185467","17","4681435"
"chr12","63056345","63056646","chr2","144217349","144217649","46","81161004"
"chr12","64104130","64104432","chr15","59411768","59412065","19","4692362"
"chr12","64116707","64116805","chr15","59424051","59424145","5","4692656"
"chr12","64142318","64142611","chr15","59450258","59450554","11","4692060"
"chr12","64266316","64266479","chr15","59583339","59583502","2","4682977"
"chr12","64279551","64279857","chr15","59603108","59603412","9","4676443"
"chr12","64290422","64290682","chr15","6438791","6439051","35","57851631"
"chr12","64304912","64304996","chr18","18706330","18706415","17","45598582"
"chr12","64422836","64423136","chr1","55263731","55264029","39","9159105"
"chr12","64828853","64829146","chr15","60197324","60197617","5","4631529"
"chr12","65154633","65154931","chr15","60531736","60532031","8","4622897"
"chr12","65194218","65194522","chr10","35520239","35520543","28","29673979"
"chr12","65204239","65204536","chr15","60581385","60581685","8","4622854"
"chr12","65521294","65521565","chr15","60898428","60898699","7","4622866"
"chr12","65893911","65894164","chr15","61274542","61274793","8","4619369"
"chr12","66054379","66054676","chr15","61438532","61438836","16","4615847"
"chr12","66144595","66144686","chr9","16510882","16510978","13","49633713"
"chr12","66191381","66191675","chr5","137577438","137577726","47","71386057"
"chr12","66295861","66295927","chr8","118526342","118526403","16","52230481"
"chr12","66521189","66521490","chr15","61904752","61905053","8","4616437"
"chr12","66523974","66524285","chr6","154098666","154098974","37","87574692"
"chr12","66593768","66593996","chr1","11178413","11178640","41","55415355"
"chr12","66728379","66728670","chr15","62109329","62109616","12","4619050"
"chr12","67059967","67060259","chr4","42690815","42691104","39","24369152"
"chr12","67503878","67504160","chr15","62910538","62910820","7","4593340"
"chr12","67974139","67974391","chr15","63430132","63430380","11","4544007"
"chr12","68540240","68540509","chr16","73274510","73274785","50","4734270"
"chr12","68791453","68791763","chr15","64285793","64286118","25","4505660"
"chr12","68799310","68799547","chr15","64293637","64293869","6","4505673"
"chr12","69042687","69043028","chr15","64542009","64542307","57","4500678"
"chr12","69263712","69263994","chr5","153019407","153019691","41","83755695"
"chr12","69282799","69283099","chr15","64812467","64812767","8","4470332"
"chr12","69356798","69357044","chr7","81361838","81362074","63","12005040"
"chr12","69422421","69422727","chr15","64951824","64952147","31","4470597"
"chr12","69473104","69473442","chr4","104384187","104384514","61","34911083"
"chr12","69501046","69501354","chr15","65030760","65031071","15","4470286"
"chr12","69800475","69800775","chr16","46180923","46181221","37","23619552"
"chr12","69932750","69933058","chr15","65471504","65471812","9","4461246"
"chr12","70033512","70033812","chr15","65572370","65572679","26","4461142"
"chr12","70077424","70077730","chr15","65616669","65616983","21","4460755"
"chr12","70313641","70313842","chr15","65868395","65868596","7","4445246"
"chr12","70791091","70791395","chr15","66351358","66351664","13","4439733"
"chr12","70844530","70844788","chr15","66405900","66406151","15","4438630"
"chr12","70989810","70990076","chr15","66554179","66554441","13","4435631"
"chr12","71304712","71305013","chr15","66869910","66870207","11","4434802"
"chr12","71577982","71578287","chr18","69139447","69139748","40","2438535"
"chr12","71637794","71638089","chr15","67203486","67203781","8","4434308"
"chr12","71879154","71879451","chr15","67450163","67450458","12","4428991"
"chr12","72168979","72169278","chr15","67740280","67740578","12","4428699"
"chr12","72632498","72632795","chr15","68227413","68227707","11","4405085"
"chr12","72707098","72707374","chr15","68303495","68303777","20","4403603"
"chr12","72732457","72732652","chr15","68330082","68330277","2","4402375"
"chr12","72816010","72816186","chr15","68416224","68416391","11","4399786"
"chr12","72817100","72817257","chr4","13711274","13711425","38","59105826"
"chr12","72834725","72834866","chr1","12000659","12000800","41","60834066"
"chr12","72835553","72835572","chr9","32916732","32916748","12","39918821"
"chr12","72844547","72844856","chr15","68445824","68446132","10","4398723"
"chr12","73116707","73117008","chr15","102356330","102356631","40","29239623"
"chr12","73364035","73364319","chr15","68977919","68978224","27","4386116"
"chr12","73429585","73429893","chr15","69057563","69057871","28","4372022"
"chr12","73992040","73992345","chr15","69624461","69624749","27","4367579"
"chr12","73992469","73992745","chr1","185707155","185707433","44","111714686"
"chr12","74427493","74427622","chr15","70071949","70072077","2","4355544"
"chr12","74495068","74495361","chr15","70143386","70143679","4","4351682"
"chr12","74504521","74504793","chr15","70155919","70156191","5","4348602"
"chr12","74662490","74662665","chr15","70323083","70323259","10","4339407"
"chr12","74738794","74739089","chr15","70398250","70398557","19","4340544"
"chr12","74771760","74771907","chr15","70430519","70430666","3","4341241"
"chr12","74778606","74778902","chr15","70437344","70437640","13","4341262"
"chr12","74793123","74793417","chr15","70450099","70450400","17","4343024"
"chr12","75047356","75047667","chr15","70706963","70707282","12","4340393"
"chr12","75062859","75063156","chr15","70722462","70722753","10","4340397"
"chr12","75131366","75131608","chr15","70790917","70791167","15","4340449"
"chr12","75168525","75168828","chr15","70828355","70828655","7","4340170"
"chr12","76215736","76216043","chr15","71885932","71886245","16","4329804"
"chr12","76354549","76354809","chr4","37457450","37457713","35","38897099"
"chr12","76685572","76685924","chr15","72359445","72359762","57","4326127"
"chr12","76771644","76771958","chr15","72446013","72446327","25","4325631"
"chr12","76926980","76927284","chr15","72603356","72603650","15","4323624"
"chr12","77076342","77076649","chr15","72751535","72751842","6","4324807"
"chr12","77276251","77276420","chr15","72953847","72954007","15","4322404"
"chr12","77651653","77651958","chr15","73326475","73326780","10","4325178"
"chr12","77943978","77944289","chr15","73618866","73619175","17","4325112"
"chr12","78501727","78501980","chr15","74192533","74192786","10","4309194"
"chr12","78533463","78533753","chr16","22333231","22333523","35","56200232"
"chr12","78711314","78711609","chr15","74406785","74407070","16","4304529"
"chr12","78764078","78764382","chr15","74458059","74458353","19","4306019"
"chr12","78801275","78801588","chr15","74496033","74496355","28","4305242"
"chr12","78887399","78887694","chr15","74581152","74581447","10","4306247"
"chr12","78902347","78902647","chr15","74596062","74596361","16","4306285"
"chr12","78913441","78913741","chr15","74607189","74607489","5","4306252"
"chr12","79171879","79172186","chr15","74874187","74874484","19","4297692"
"chr12","79298975","79299283","chr14","9660371","9660672","39","69638604"
"chr12","79629902","79630032","chr7","67494514","67494644","13","12135388"
"chr12","79991393","79991693","chr3","106437635","106437933","38","26446242"
"chr12","80080397","80080714","chr15","75804194","75804501","39","4276203"
"chr12","80108657","80108959","chr15","75832578","75832879","17","4276079"
"chr12","80220334","80220614","chrX","96267872","96268151","36","16047538"
"chr12","80282571","80282870","chr15","76011137","76011435","10","4271434"
"chr12","80367609","80367919","chr15","76095350","76095661","14","4272259"
"chr12","80612531","80612810","chr15","76342949","76343257","35","4269582"
"chr12","80700741","80700958","chr15","76431447","76431664","3","4269294"
"chr12","80799270","80799569","chr7","47658911","47659206","41","33140359"
"chr12","80973161","80973458","chr6","141581481","141581779","32","60608320"
"chr12","81423006","81423305","chr15","77147666","77147976","18","4275340"
"chr12","81474719","81474903","chr12","67919103","67919301","35","13555616"
"chr12","81701148","81701446","chr15","77427266","77427540","31","4273882"
"chr12","82108443","82108573","chr1","45322777","45322909","18","36785666"
"chr12","82451220","82451531","chr6","121656199","121656500","45","39204979"
"chr12","82499127","82499435","chr15","78228249","78228552","18","4270878"
"chr12","82534194","82534496","chr15","78263183","78263503","41","4271011"
"chr12","82692194","82692504","chr15","78421952","78422261","18","4270242"
"chr12","82856752","82857060","chr15","78586481","78586784","12","4270271"
"chr12","82961466","82961763","chr15","78690057","78690354","6","4271409"
"chr12","82995967","82996263","chr15","78724819","78725114","14","4271148"
"chr12","83030062","83030177","chr15","78758105","78758214","13","4271957"
"chr12","83042076","83042361","chr15","78769784","78770069","5","4272292"
"chr12","83069304","83069603","chr15","78796873","78797172","7","4272431"
"chr12","83218419","83218591","chr15","78947049","78947219","6","4271370"
"chr12","83221882","83222190","chr15","78951947","78952255","6","4269935"
"chr12","83285410","83285711","chr15","79014211","79014502","18","4271199"
"chr12","83289681","83289884","chr11","130993705","130993911","34","47704024"
"chr12","83368326","83368594","chr15","79097209","79097481","23","4271117"
"chr12","83425611","83425906","chr15","79156191","79156484","19","4269420"
"chr12","83450595","83450894","chr15","79181709","79182014","14","4268886"
"chr12","83462342","83462615","chr3","174732872","174733147","48","91270530"
"chr12","83504091","83504380","chr15","79236213","79236504","11","4267878"
"chr12","83513979","83514291","chr15","79246403","79246714","15","4267576"
"chr12","83586001","83586297","chr15","79318788","79319096","26","4267213"
"chr12","83591318","83591624","chr1","183278260","183278568","36","99686942"
"chr12","83597332","83597617","chr15","79331067","79331359","19","4266265"
"chr12","83603033","83603331","chr15","22911809","22912107","36","60691224"
"chr12","83615730","83615944","chr15","79349054","79349260","14","4266676"
"chr12","83920086","83920373","chr15","79660819","79661106","7","4259267"
"chr12","84051929","84052242","chr15","79791874","79792178","11","4260055"
"chr12","84203866","84204160","chr15","79942758","79943052","12","4261108"
"chr12","84276474","84276757","chr15","80015430","80015747","43","4261044"
"chr12","84435411","84435705","chr15","80179393","80179680","16","4256018"
"chr12","84588103","84588414","chr15","80330453","80330753","31","4257650"
"chr12","84591200","84591497","chr15","80333546","80333839","18","4257654"
"chr12","84737282","84737586","chr6","121656199","121656500","42","36918917"
"chr12","85594914","85595144","chr15","81334484","81334714","6","4260430"
"chr12","85776670","85776967","chr15","81520321","81520616","14","4256349"
"chr12","85946753","85947046","chr10","77889453","77889750","47","8057300"
"chr12","85955104","85955340","chr19","34999763","35000000","36","50955341"
"chr12","85980070","85980297","chr15","81723402","81723630","8","4256668"
"chr12","86009859","86010019","chr16","70198814","70198977","24","15811045"
"chr12","86016196","86016502","chr15","81756375","81756677","13","4259821"
"chr12","86026194","86026498","chr15","81766670","81766965","24","4259524"
"chr12","86070837","86071126","chr15","81810559","81810848","5","4260278"
"chr12","86125344","86125515","chr15","81864100","81864261","13","4261244"
"chr12","86163691","86163987","chrX","25734220","25734518","39","60429471"
"chr12","86210972","86211240","chr15","99225197","99225468","50","13014225"
"chr12","86511636","86511920","chr15","82251591","82251877","12","4260045"
"chr12","86817498","86817807","chr15","82561107","82561417","15","4256391"
"chr12","86894691","86895022","chr15","82639569","82639897","15","4255122"
"chr12","86921322","86921632","chr15","82665995","82666306","11","4255327"
"chr12","86964738","86965028","chr15","82707577","82707867","11","4257161"
"chr12","87142393","87142693","chr4","56245215","56245513","47","30897178"
"chr12","87183725","87184036","chr14","113708140","113708447","42","26524415"
"chr12","87240921","87241219","chr15","82983891","82984189","10","4257030"
"chr12","87271032","87271346","chr15","83014331","83014624","25","4256701"
"chr12","87315788","87316085","chr15","83064832","83065124","11","4250956"
"chr12","87327061","87327349","chr15","83075787","83076099","34","4251274"
"chr12","87592064","87592380","chr7","16025048","16025369","63","71567016"
"chr12","87730101","87730369","chr15","83486615","83486882","14","4243486"
"chr12","87836067","87836358","chr15","83597841","83598138","16","4238226"
"chr12","87855856","87856152","chr15","83619382","83619681","10","4236474"
"chr12","87870353","87870632","chr15","83634541","83634820","11","4235812"
"chr12","88171538","88171836","chr15","83935483","83935764","33","4236055"
"chr12","88614899","88615186","chr11","23378347","23378651","25","65236552"
"chr12","88950646","88950928","chr15","84701758","84702062","31","4248888"
"chr12","88969240","88969530","chr15","84720426","84720716","13","4248814"
"chr12","89058473","89058775","chr2","69382253","69382552","39","19676220"
"chr12","89252900","89253185","chr1","139066477","139066771","47","49813577"
"chr12","89487227","89487527","chr15","85251278","85251582","15","4235949"
"chr12","90176070","90176337","chr15","85946846","85947113","13","4229224"
"chr12","90241956","90242272","chr19","12845813","12846118","46","77396143"
"chr12","90327608","90327888","chr15","86099489","86099775","14","4228119"
"chr12","90400424","90400730","chr15","86171862","86172169","14","4228562"
"chr12","90471132","90471428","chr15","86244816","86245109","12","4226316"
"chr12","90500654","90500942","chr15","86274585","86274891","29","4226069"
"chr12","90607557","90607859","chr15","86380818","86381120","10","4226739"
"chr12","90693269","90693577","chr15","86468235","86468540","22","4225034"
"chr12","90717639","90717922","chr15","86494196","86494450","45","4223443"
"chr12","90724924","90725216","chr15","86501511","86501803","13","4223413"
"chr12","90763636","90763926","chr15","86543812","86544080","28","4219824"
"chr12","90905078","90905379","chr15","86687144","86687452","29","4217934"
"chr12","90994636","90994935","chr15","86778048","86778343","18","4216588"
"chr12","91209481","91209791","chr15","87007736","87008036","21","4201745"
"chr12","91545357","91545637","chr15","87351668","87351977","40","4193689"
"chr12","91802441","91802732","chr15","87617191","87617490","17","4185250"
"chr12","92099807","92100089","chr7","88866907","88867194","57","3232900"
"chr12","92487549","92487846","chr15","88300081","88300372","16","4187468"
"chr12","92542636","92542923","chr7","146534933","146535210","51","53992297"
"chr12","92564770","92565070","chr11","48767531","48767837","38","43797239"
"chr12","92568921","92569215","chr20","26211185","26211483","39","66357736"
"chr12","92591642","92591976","chr6","97544728","97545045","60","4953086"
"chr12","92592760","92593031","chr15","88406747","88407018","14","4186013"
"chr12","92674501","92674797","chr15","88485688","88486000","23","4188813"
"chr12","92724789","92725041","chr4","85163630","85163884","46","7561159"
"chr12","92781334","92781646","chr15","88596896","88597211","15","4184438"
"chr12","92888038","92888351","chr15","88707204","88707508","23","4180834"
"chr12","92914310","92914619","chr15","88733552","88733862","9","4180758"
"chr12","93027523","93027825","chr15","88846378","88846679","10","4181145"
"chr12","93071488","93071651","chr15","88889470","88889631","7","4182018"
"chr12","93162648","93162966","chr15","88984045","88984366","14","4178603"
"chr12","93459203","93459521","chr14","9660371","9660672","48","83798832"
"chr12","93647430","93647702","chr15","89466810","89467087","11","4180620"
"chr12","93761631","93761903","chr15","89581146","89581417","10","4180485"
"chr12","94239199","94239501","chr15","90052601","90052902","12","4186598"
"chr12","94289496","94289806","chr9","14337314","14337624","47","79952182"
"chr12","94501000","94501022","chr7","145790583","145790608","11","51289583"
"chr12","94501023","94501328","chr15","90316267","90316560","17","4184756"
"chr12","94501329","94501493","chr1","202503652","202503831","55","108002323"
"chr12","94591880","94592191","chr2","176864663","176864968","45","82272783"
"chr12","94620395","94620664","chr15","90445399","90445668","3","4174996"
"chr12","94646204","94646497","chr15","90471143","90471431","11","4175061"
"chr12","94776655","94776839","chr3","41676489","41676661","36","53100166"
"chr12","94844134","94844410","chr15","90670834","90671097","18","4173300"
"chr12","94903124","94903354","chr2","26112684","26112922","52","68790440"
"chr12","95069171","95069334","chr15","90896994","90897152","10","4172177"
"chr12","95092169","95092476","chr15","90917621","90917918","24","4174548"
"chr12","95162170","95162334","chr15","90986733","90986903","10","4175437"
"chr12","95168724","95169007","chr15","90993171","90993444","21","4175553"
"chr12","95179022","95179307","chr15","91003323","91003608","9","4175699"
"chr12","95252985","95253305","chr15","91079541","91079861","10","4173444"
"chr12","95270196","95270505","chr12","26778753","26779059","49","68491443"
"chr12","95306470","95306744","chr15","91132979","91133256","9","4173491"
"chr12","95530315","95530618","chr15","91357283","91357578","20","4173032"
"chr12","95735591","95735891","chr15","91569017","91569321","27","4166574"
"chr12","95778873","95779173","chr15","91611637","91611929","17","4167236"
"chr12","96230028","96230338","chr15","92060314","92060618","21","4169714"
"chr12","96377125","96377421","chr15","92196833","92197128","12","4180292"
"chr12","96409644","96409932","chr15","92230377","92230665","4","4179267"
"chr12","96473827","96474121","chr15","92295977","92296271","10","4177850"
"chr12","96474648","96474942","chr15","92297169","92297471","15","4177479"
"chr12","96577398","96577686","chr15","92404471","92404774","23","4172927"
"chr12","96627096","96627396","chr15","92455184","92455484","8","4171912"
"chr12","96737339","96737620","chr3","20226207","20226495","42","76511132"
"chr12","96748038","96748352","chr15","92578242","92578537","32","4169796"
"chr12","96786200","96786383","chr15","92616480","92616662","8","4169720"
"chr12","96859563","96859774","chr6","141828605","141828814","30","44969042"
"chr12","96872527","96872822","chr15","92707717","92708012","17","4164810"
"chr12","96874063","96874369","chr7","37889200","37889494","65","58984863"
"chr12","96903709","96904003","chr15","92736515","92736814","16","4167194"
"chr12","97125463","97125766","chr15","92965215","92965524","10","4160248"
"chr12","97244763","97245068","chr15","93083213","93083518","10","4161550"
"chr12","97364337","97364551","chr15","93167273","93167488","11","4197064"
"chr12","97539963","97540255","chr16","18253215","18253514","40","79286748"
"chr12","97738208","97738503","chr15","93536871","93537166","14","4201337"
"chr12","97941670","97941979","chr15","93742926","93743235","11","4198744"
"chr12","97964680","97964970","chr15","93766190","93766482","8","4198490"
"chr12","97968836","97969105","chr2","21564913","21565187","60","76403923"
"chr12","98039872","98040153","chr15","93840764","93841044","17","4199108"
"chr12","98083984","98084278","chr15","93889332","93889629","10","4194652"
"chr12","98122511","98122817","chr15","93928754","93929053","15","4193757"
"chr12","98157293","98157591","chr15","93962308","93962612","13","4194985"
"chr12","98244266","98244563","chr13","23995139","23995431","37","74249127"
"chr12","98418173","98418328","chr15","94208278","94208435","8","4209895"
"chr12","98531012","98531320","chr7","19114469","19114772","38","79416543"
"chr12","98555352","98555635","chr15","94338675","94338959","13","4216677"
"chr12","98589198","98589466","chr4","37457450","37457713","34","61131748"
"chr12","98623621","98623916","chr15","94410670","94410964","11","4212951"
"chr12","98626214","98626507","chr15","94413288","94413553","37","4212926"
"chr12","98713436","98713745","chr15","94501396","94501706","15","4212040"
"chr12","98743328","98743633","chr15","94532370","94532672","19","4210958"
"chr12","98809078","98809382","chr15","94599666","94599973","16","4209412"
"chr12","98814023","98814223","chr15","94604653","94604857","19","4209370"
"chr12","98857891","98858028","chr15","94650761","94650898","3","4207130"
"chr12","98980250","98980548","chr20","26211185","26211483","36","72769065"
"chr12","98999780","98999940","chr20","54157538","54157707","34","44842242"
"chr12","99021321","99021624","chr15","94825052","94825354","8","4196269"
"chr12","99055168","99055464","chr15","94860137","94860435","18","4195031"
"chr12","99154703","99154998","chr15","94966613","94966914","21","4188090"
"chr12","99370798","99370977","chr6","99727553","99727722","32","356755"
"chr12","99374608","99374896","chr15","95188424","95188706","16","4186184"
"chr12","99783868","99784033","chr15","95597874","95598039","2","4185994"
"chr12","99795809","99796085","chr3","20923251","20923527","45","78872558"
"chr12","99824117","99824445","chr15","95639685","95640011","12","4184432"
"chr12","100043748","100044070","chr1","56106334","56106635","51","43937414"
"chr12","100080688","100080996","chr15","95887697","95887998","22","4192991"
"chr12","100221961","100222175","chr15","96029906","96030125","18","4192055"
"chr12","100613290","100613400","chr15","99569465","99569575","1","1043825"
"chr12","100700523","100700831","chr15","99662334","99662645","11","1038189"
"chr12","100705088","100705389","chrX","28745828","28746133","38","71959260"
"chr12","100760622","100760933","chr15","99695277","99695589","14","1065345"
"chr12","100769092","100769389","chr15","99703829","99704131","13","1065263"
"chr12","100848265","100848557","chr11","108027697","108027986","64","7179432"
"chr12","100956559","100956859","chr15","99897631","99897926","15","1058928"
"chr12","101001675","101001975","chrX","25734220","25734518","43","75267455"
"chr12","101013084","101013180","chr15","99954803","99954899","4","1058281"
"chr12","101016700","101017010","chr15","99958428","99958733","22","1058272"
"chr12","101232730","101233013","chr15","100155720","100156004","6","1077010"
"chr12","101281781","101282078","chr15","100204643","100204942","16","1077138"
"chr12","101366210","101366501","chr15","100290579","100290856","31","1075631"
"chr12","101421067","101421352","chr1","27513704","27514001","40","73907363"
"chr12","101633599","101633905","chr15","100557139","100557446","7","1076460"
"chr12","101634297","101634632","chr18","5933057","5933390","45","95701240"
"chr12","101643180","101643472","chr19","7991872","7992168","42","93651308"
"chr12","101787225","101787525","chr1","117466315","117466610","37","15679090"
"chr12","102185068","102185385","chr15","101106567","101106883","20","1078501"
"chr12","102240717","102240973","chr13","55529062","55529318","51","46711655"
"chr12","102267920","102268231","chr15","101183404","101183709","25","1084516"
"chr12","102297776","102298063","chr15","101213733","101214020","6","1084043"
"chr12","102328844","102329144","chr15","101243954","101244250","17","1084890"
"chr12","102380261","102380483","chr15","101294687","101294909","6","1085574"
"chr12","102629071","102629374","chr5","81865990","81866295","51","20763081"
"chr12","102632906","102633214","chr15","101547553","101547863","20","1085353"
"chr12","102654288","102654588","chr10","35520239","35520543","33","67134049"
"chr12","102713461","102713590","chr9","17209835","17209964","14","85503626"
"chr12","102871268","102871539","chr17","30731044","30731319","42","72140224"
"chr12","102890183","102890467","chr15","101759898","101760219","43","1130285"
"chr12","102972233","102972537","chr15","101843446","101843750","10","1128787"
"chr12","103038820","103039132","chr3","163385781","163386087","35","60346961"
"chr12","103050336","103050621","chr15","101922481","101922763","15","1127855"
"chr12","103058216","103058514","chr16","22333231","22333523","36","80724985"
"chr12","103094711","103095016","chr15","101967854","101968159","11","1126857"
"chr12","103164384","103164689","chr15","102041006","102041305","14","1123378"
"chr12","103189610","103189911","chr15","102063501","102063805","10","1126109"
"chr12","103210595","103210820","chr15","102084474","102084701","9","1126121"
"chr12","103254395","103254660","chr15","102127932","102128212","22","1126463"
"chr12","103273621","103273897","chr15","102146581","102146855","7","1127040"
"chr12","103310234","103310390","chr15","102180214","102180370","9","1130020"
"chr12","103320839","103321158","chrX","38280533","38280851","33","65040306"
"chr12","103321370","103321673","chr2","144217349","144217649","37","40895979"
"chr12","103461663","103461968","chr15","102330489","102330801","23","1131174"
"chr12","103465919","103466228","chr15","102334660","102334968","11","1131259"
"chr12","103487373","103487671","chr15","102356330","102356631","12","1131043"
"chr12","103549469","103549766","chr7","38962613","38962910","36","64586856"
"chr12","103567251","103567513","chr19","1512973","1513213","81","102054278"
"chr12","103607617","103607793","chr4","36117524","36117702","26","67490093"
"chr12","103644429","103644743","chr15","102511140","102511454","7","1133289"
"chr12","103809137","103809439","chr15","102677539","102677841","6","1131598"
"chr12","103851356","103851657","chr15","102720448","102720747","15","1130908"
"chr12","103970650","103970948","chr15","102839212","102839506","15","1131438"
"chr12","103983891","103984201","chr20","58970268","58970570","40","45013623"
"chr12","104016608","104016905","chr15","102890713","102891010","13","1125895"
"chr12","104128465","104128762","chr15","103003228","103003529","11","1125237"
"chr12","104411928","104412217","chr15","103294025","103294297","22","1117903"
"chr12","104450358","104450641","chr15","103332346","103332642","26","1118012"
"chr12","104583397","104583573","chr15","103471717","103471893","5","1111680"
"chr12","104584246","104584546","chr15","103440086","103440385","21","1144160"
"chr12","104600568","104600862","chr15","103482422","103482716","19","1118146"
"chr12","104622270","104622532","chr15","103504922","103505184","7","1117348"
"chr12","104638601","104638915","chr9","95912718","95913023","45","8725883"
"chr12","104650945","104651236","chr15","103532573","103532868","9","1118372"
"chr12","104666169","104666276","chr18","38221085","38221191","13","66445084"
"chr12","104670995","104671260","chr15","103551650","103551915","4","1119345"
"chr12","104766812","104767106","chr15","103648961","103649255","11","1117851"
"chr12","104791172","104791482","chr14","106134604","106134907","40","1343432"
"chr12","104997436","104997730","chr15","107383693","107383993","12","2386257"
"chr12","105039155","105039444","chr15","107351503","107351805","20","2312348"
"chr12","105041398","105041701","chr15","107351503","107351805","16","2310105"
"chr12","105094153","105094440","chr15","107296689","107296982","19","2202536"
"chr12","105301930","105302223","chr15","107089300","107089592","14","1787370"
"chr12","105307975","105308282","chr15","107083333","107083633","20","1775358"
"chr12","105343869","105344186","chr15","107051307","107051618","22","1707438"
"chr12","105545958","105546255","chr15","106834647","106834938","15","1288689"
"chr12","105619885","105620192","chr2","42815086","42815389","31","62804799"
"chr12","105787932","105788244","chr15","106584897","106585198","30","796965"
"chr12","105913763","105914024","chr8","30387842","30388082","58","75525921"
"chr12","105933919","105934061","chr3","43716511","43716650","30","62217408"
"chr12","105934358","105934483","chr9","34765214","34765343","25","71169144"
"chr12","106086009","106086303","chr15","106273325","106273620","19","187316"
"chr12","106152012","106152325","chr15","106204329","106204642","15","52317"
"chr12","106288179","106288474","chr15","106009907","106010202","7","278272"
"chr12","106457633","106457894","chr15","105831431","105831695","20","626202"
"chr12","106490634","106490925","chr15","105803628","105803923","12","687006"
"chr12","106653600","106653897","chr15","105630305","105630601","15","1023295"
"chr12","106657479","106657775","chr15","105626428","105626724","10","1031051"
"chr12","106688236","106688357","chr15","105595165","105595286","6","1093071"
"chr12","106705243","106705536","chr2","147796910","147797205","33","41091667"
"chr12","106718256","106718430","chr15","105561519","105561693","5","1156737"
"chr12","106748569","106748892","chr15","105529035","105529347","18","1219534"
"chr12","106755264","106755565","chr15","105522363","105522656","25","1232901"
"chr12","106761001","106761302","chr15","105516961","105517259","16","1244040"
"chr12","106765106","106765404","chr15","105512286","105512582","9","1252820"
"chr12","106791585","106791886","chrX","37793736","37794040","43","68997849"
"chr12","106800508","106800803","chr15","105473588","105473880","15","1326920"
"chr12","106810088","106810383","chr15","105473588","105473880","16","1336500"
"chr12","106825834","106826126","chr15","105456863","105457156","17","1368971"
"chr12","106947429","106947736","chr16","40386842","40387152","52","66560587"
"chr12","106971785","106972086","chr15","105307246","105307542","24","1664539"
"chr12","107026815","107026943","chr15","13945665","13945792","13","93081150"
"chr12","107028372","107028662","chr15","97061406","97061689","45","9966966"
"chr12","107066680","107066988","chr15","105206896","105207204","13","1859784"
"chr12","107091128","107091387","chr15","105184019","105184280","11","1907109"
"chr12","107307570","107307860","chr6","48957084","48957373","38","58350486"
"chr12","107362410","107362724","chr5","34520368","34520681","40","72842042"
"chr12","107398362","107398658","chr15","104870077","104870378","16","2528285"
"chr12","107427278","107427577","chr15","104845716","104845997","28","2581562"
"chr12","107468390","107468688","chr15","104803872","104804173","27","2664518"
"chr12","107552293","107552603","chr3","47239982","47240283","35","60312311"
"chr12","107558406","107558696","chr15","97061406","97061689","37","10497000"
"chr12","107721023","107721311","chr15","104548785","104549085","24","3172238"
"chr12","107722154","107722322","chr4","35616638","35616804","23","72105516"
"chr12","107733817","107734111","chr15","104536001","104536293","8","3197816"
"chr12","107751335","107751626","chr5","90824963","90825256","37","16926372"
"chr12","108007186","108007494","chr15","104259266","104259560","27","3747920"
"chr12","108128730","108129037","chr15","104135937","104136234","22","3992793"
"chr12","108206119","108206312","chr15","104059016","104059193","26","4147103"
"chr12","108224481","108224765","chr15","104040155","104040436","6","4184326"
"chr12","108246545","108246728","chr14","31856154","31856328","31","76390391"
"chr12","108247039","108247163","chr10","73050153","73050283","25","35196886"
"chr12","108281613","108281910","chr15","103973235","103973532","7","4308378"
"chr12","108312893","108313125","chr15","103942401","103942587","47","4370492"
"chr12","108367530","108367809","chr4","153173836","153174115","38","44806306"
"chr12","108378490","108378800","chr15","103874704","103875010","17","4503786"
"chr12","108457471","108457667","chr5","46642090","46642282","42","61815381"
"chr12","108457973","108458022","chr2","47576719","47576770","11","60881254"
"chr12","108503200","108503351","chr14","101315793","101315951","34","7187407"
"chr13","82444201","82444324","chr13","125705777","125705898","18","43261576"
"chr13","327744","328037","chr4","71249585","71249882","13","70921841"
"chr13","341090","341380","chr4","71262888","71263170","23","70921798"
"chr13","412286","412597","chr4","71333997","71334312","30","70921711"
"chr13","497614","497807","chr2","185544527","185544725","48","185046913"
"chr13","673790","673893","chr2","82653175","82653280","20","81979385"
"chr13","925686","925847","chr4","71832292","71832468","27","70906606"
"chr13","1245933","1246066","chr10","31922786","31922922","19","30676853"
"chr13","1342197","1342526","chr15","42187930","42188228","75","40845733"
"chr13","1711454","1711765","chr4","72606959","72607239","41","70895505"
"chr13","2026229","2026552","chr4","72913610","72913935","28","70887381"
"chr13","2057711","2057996","chr4","72943350","72943635","14","70885639"
"chr13","3499242","3499339","chrX","62719211","62719304","20","59219969"
"chr13","3562572","3562664","chr16","32777746","32777838","11","29215174"
"chr13","3621582","3621884","chr4","74448482","74448790","24","70826900"
"chr13","3996556","3996839","chr4","74828453","74828740","12","70831897"
"chr13","4257915","4258201","chr4","75086370","75086652","12","70828455"
"chr13","4527288","4527602","chr19","32011380","32011691","47","27484092"
"chr13","4831011","4831253","chr4","75646411","75646651","9","70815400"
"chr13","4965287","4965582","chr4","75796629","75796930","14","70831342"
"chr13","5148837","5149058","chr4","76001088","76001308","13","70852251"
"chr13","5177093","5177376","chr4","76028673","76028956","11","70851580"
"chr13","5182546","5182839","chr4","76033793","76034077","38","70851247"
"chr13","5202200","5202362","chr4","76055058","76055217","30","70852858"
"chr13","5256928","5256997","chr2","51005632","51005699","13","45748704"
"chr13","5761547","5761825","chr4","76595825","76596120","36","70834278"
"chr13","5913427","5913534","chr8","34726632","34726740","18","28813205"
"chr13","6263940","6264220","chr4","77076338","77076618","11","70812398"
"chr13","6308089","6308383","chr4","77117454","77117751","11","70809365"
"chr13","6731141","6731312","chr2","91751802","91751973","32","85020661"
"chr13","6812566","6812619","chr6","162084898","162084958","25","155272332"
"chr13","6812886","6812974","chr13","14955669","14955743","47","8142783"
"chr13","6830021","6830294","chr4","77633870","77634171","35","70803849"
"chr13","6830324","6830342","chr9","32916732","32916748","13","26086408"
"chr13","6864155","6864448","chr4","77667732","77668030","17","70803577"
"chr13","6868484","6868652","chr1","31388552","31388713","43","24520068"
"chr13","6947470","6947641","chr4","77747149","77747320","4","70799679"
"chr13","6959350","6959659","chr4","77758444","77758742","21","70799094"
"chr13","7145545","7145840","chr4","77926843","77927138","10","70781298"
"chr13","7380606","7380895","chr4","78153633","78153911","17","70773027"
"chr13","7483018","7483312","chr4","78258067","78258362","9","70775049"
"chr13","7552336","7552688","chr4","78327547","78327869","39","70775211"
"chr13","7628006","7628306","chr4","78401701","78402001","8","70773695"
"chr13","7881997","7882267","chr4","78659846","78660116","19","70777849"
"chr13","8048556","8048835","chr4","78828918","78829198","6","70780362"
"chr13","8391699","8391859","chr4","79222347","79222498","13","70830648"
"chr13","8570466","8570751","chr4","79400923","79401213","13","70830457"
"chr13","8745701","8746101","chr20","26247523","26247905","90","17501822"
"chr13","8887016","8887232","chr4","79701668","79701897","15","70814652"
"chr13","9249429","9249570","chr4","80054285","80054441","21","70804856"
"chr13","9336461","9336755","chr4","80138819","80139113","9","70802358"
"chr13","9393099","9393336","chr4","80193587","80193824","7","70800488"
"chr13","9433130","9433432","chr5","174041357","174041657","36","164608227"
"chr13","9573509","9573535","chrX","14373897","14373920","16","4800388"
"chr13","9573576","9573873","chr4","124137719","124138019","69","114564143"
"chr13","9642509","9642794","chr14","107652418","107652711","34","98009909"
"chr13","9670110","9670390","chr4","80462143","80462412","19","70792033"
"chr13","10090415","10090726","chr4","80896208","80896515","18","70805793"
"chr13","10183222","10183458","chr3","136689434","136689676","46","126506212"
"chr13","10288570","10288875","chr4","81091307","81091611","7","70802737"
"chr13","10302403","10302777","chr1","118441252","118441638","85","108138849"
"chr13","10318478","10318767","chr10","66302104","66302397","46","55983626"
"chr13","10441458","10441760","chr16","19889407","19889704","50","9447949"
"chr13","10441851","10441984","chr1","1238421","1238551","20","9203430"
"chr13","10993375","10993686","chr4","81922821","81923131","14","70929446"
"chr13","11054727","11054997","chr4","81983434","81983702","8","70928707"
"chr13","11566097","11566412","chr4","52290669","52290980","49","40724572"
"chr13","11720733","11721060","chr4","82613510","82613800","48","70892777"
"chr13","11728512","11728814","chr4","82621110","82621415","7","70892598"
"chr13","11731741","11732054","chr4","82624054","82624359","12","70892313"
"chr13","11953022","11953101","chr8","40610927","40611012","18","28657905"
"chr13","11953112","11953191","chr18","18706330","18706415","14","6753218"
"chr13","11953219","11953485","chr4","82842502","82842768","9","70889283"
"chr13","11961641","11961918","chr4","82850353","82850629","9","70888712"
"chr13","11977651","11977953","chr4","82866739","82867040","8","70889088"
"chr13","11984754","11985062","chr4","82873748","82874038","23","70888994"
"chr13","12070877","12071181","chr4","82958131","82958428","14","70887254"
"chr13","12116052","12116357","chr4","83003052","83003362","13","70887000"
"chr13","12144617","12144740","chr1","184578551","184578672","21","172433934"
"chr13","12151477","12151603","chr18","58590451","58590581","31","46438974"
"chr13","12175870","12176167","chr4","83066749","83067040","11","70890879"
"chr13","12409450","12409746","chrX","17208553","17208848","45","4799103"
"chr13","12584046","12584346","chr1","30531218","30531519","42","17947172"
"chr13","13127317","13127630","chr12","44956348","44956657","63","31829031"
"chr13","13210477","13210633","chr1","29749515","29749661","27","16539038"
"chr13","13210935","13211083","chr8","36249590","36249739","22","23038655"
"chr13","13305619","13305913","chr4","84198625","84198919","4","70893006"
"chr13","13328156","13328419","chr15","6438791","6439051","31","6889365"
"chr13","13371822","13372120","chr4","84264358","84264657","8","70892536"
"chr13","13377766","13378054","chr4","84270320","84270612","17","70892554"
"chr13","13453889","13454197","chr13","127214598","127214906","3","113760709"
"chr13","13844410","13844719","chr4","84407039","84407343","16","70562629"
"chr13","13861241","13861485","chr4","84423881","84424123","9","70562640"
"chr13","13881181","13881558","chr4","84443218","84443581","22","70562037"
"chr13","13889885","13890192","chr4","84451912","84452210","15","70562027"
"chr13","13912758","13913053","chr4","84475711","84476009","15","70562953"
"chr13","13946560","13946856","chr4","112779874","112780170","37","98833314"
"chr13","14085061","14085381","chr2","144023105","144023425","55","129938044"
"chr13","14163858","14164077","chr19","8894946","8895165","38","5268912"
"chr13","14291220","14291530","chr4","84856889","84857199","10","70565669"
"chr13","14300864","14301028","chr1","19775982","19776154","39","5475118"
"chr13","14301312","14301407","chr15","59424051","59424145","14","45122739"
"chr13","14520192","14520507","chr14","10935197","10935508","43","3584995"
"chr13","14559004","14559252","chr4","85121949","85122197","2","70562945"
"chr13","14579311","14579439","chr15","7139680","7139810","21","7439631"
"chr13","14589564","14589865","chr19","14353859","14354154","58","235705"
"chr13","14607566","14607861","chr4","85183708","85184003","13","70576142"
"chr13","14677299","14677478","chr8","92892879","92893059","27","78215580"
"chr13","14761927","14762197","chr4","85338589","85338855","12","70576662"
"chr13","14913919","14914226","chr1","30633298","30633608","37","15719379"
"chr13","14921339","14921630","chr4","85500255","85500539","14","70578916"
"chr13","14940827","14941125","chr4","85519531","85519827","19","70578704"
"chr13","15433226","15433395","chr4","86014480","86014648","8","70581254"
"chr13","15732196","15732427","chr4","86313325","86313566","14","70581129"
"chr13","16328488","16328752","chr4","86902758","86903030","28","70574270"
"chr13","16528370","16528646","chr4","87098234","87098511","6","70569864"
"chr13","16585765","16586050","chr2","50522858","50523131","56","33937093"
"chr13","16620099","16620265","chr1","47026703","47026870","34","30406604"
"chr13","16869074","16869366","chr4","87409370","87409665","12","70540296"
"chr13","17134792","17135103","chr4","87667480","87667789","15","70532688"
"chr13","17938652","17938811","chr1","31438797","31438959","25","13500145"
"chr13","17938920","17939067","chr14","14203363","14203505","22","3735557"
"chr13","18216667","18216963","chr3","83610987","83611284","45","65394320"
"chr13","18459030","18459296","chr4","88970786","88971052","8","70511756"
"chr13","19249049","19249376","chr4","89734466","89734768","33","70485417"
"chr13","19731918","19732215","chr2","183632817","183633113","45","163900899"
"chr13","20254267","20254493","chrX","125653898","125654128","53","105399631"
"chr13","20486577","20486884","chr4","90917785","90918092","7","70431208"
"chr13","20774247","20774398","JH679934","21072","21224","29","20753175"
"chr13","20774424","20774549","chr1","125213986","125214113","12","104439562"
"chr13","20873966","20874206","chr4","91277885","91278125","8","70403919"
"chr13","20877830","20878072","chr15","96960301","96960533","50","76082471"
"chr13","21260614","21260916","chr4","91641241","91641550","11","70380627"
"chr13","21278711","21278868","chr5","130050020","130050176","40","108771309"
"chr13","21284596","21284890","chr4","56245215","56245513","36","34960619"
"chr13","21354588","21354893","chr4","91734048","91734361","20","70379460"
"chr13","21379923","21380051","chr6","47849580","47849709","17","26469657"
"chr13","21380062","21380353","chr4","91758308","91758621","57","70378246"
"chr13","21515363","21515653","chr4","112540974","112541272","23","91025611"
"chr13","21540380","21540684","chr4","112566038","112566338","33","91025658"
"chr13","21639573","21639874","chr4","112540974","112541272","27","90901401"
"chr13","21753688","21754027","chr11","110936178","110936522","78","89182490"
"chr13","21787252","21787556","chr4","112779874","112780170","28","90992622"
"chr13","21792693","21792912","chr4","112785074","112785297","13","90992381"
"chr13","21827876","21828169","chr4","112821610","112821902","4","90993734"
"chr13","21868127","21868441","chr4","112862974","112863280","14","90994847"
"chr13","21871639","21871932","chr4","112866268","112866589","37","90994629"
"chr13","21899352","21899562","chr15","10604108","10604320","37","11295244"
"chr13","21918613","21918883","chr13","107848586","107848851","51","85929973"
"chr13","21942562","21942943","chr4","84443218","84443581","87","62500656"
"chr13","21981434","21981731","chr4","112963882","112964188","20","90982448"
"chr13","21994509","21994819","chr4","112980052","112980362","12","90985543"
"chr13","21995504","21995786","chr20","57239532","57239814","29","35244028"
"chr13","22005935","22006231","chr4","112993469","112993778","25","90987534"
"chr13","22062868","22063159","chr7","150967583","150967879","42","128904715"
"chr13","22077269","22077572","chr1","22001594","22001900","36","75675"
"chr13","22126614","22126918","chr4","113111075","113111380","11","90984461"
"chr13","22137276","22137550","chr1","138283945","138284230","45","116146669"
"chr13","22170396","22170705","chr4","113155257","113155571","26","90984861"
"chr13","22309388","22309587","chr4","113280252","113280451","7","90970864"
"chr13","22471210","22471474","chr15","6438791","6439051","31","16032419"
"chr13","22575633","22575913","chr4","113542851","113543128","8","90967218"
"chr13","22645080","22645489","chr1","118441252","118441638","110","95796172"
"chr13","22898972","22899271","chr4","113849824","113850117","12","90950852"
"chr13","23339676","23339726","chr7","15618531","15618582","12","7721145"
"chr13","23436535","23436836","chr4","114365205","114365511","17","90928670"
"chr13","23577825","23577873","chr16","49134224","49134262","17","25556399"
"chr13","23578091","23578146","chr5","27820659","27820719","10","4242568"
"chr13","23625978","23626270","chr4","114553739","114554063","40","90927761"
"chr13","23905645","23905915","chr4","114827420","114827718","43","90921775"
"chr13","23927963","23928078","chr3","169410230","169410340","23","145482267"
"chr13","23928141","23928441","chr4","114848412","114848718","22","90920271"
"chr13","23967282","23967578","chr4","114887688","114887993","17","90920406"
"chr13","23984197","23984416","chr4","114903894","114904111","13","90919697"
"chr13","24077169","24077477","chr4","114995728","114996034","12","90918559"
"chr13","24129539","24129847","chr4","115049636","115049945","4","90920097"
"chr13","24419651","24419951","chr4","115326236","115326536","8","90906585"
"chr13","24716350","24716612","chr4","115613907","115614141","44","90897557"
"chr13","24735805","24736086","chr4","115632365","115632647","6","90896560"
"chr13","24976556","24976867","chr4","115864645","115864957","7","90888089"
"chr13","25031330","25031342","chr9","32916732","32916748","8","7885402"
"chr13","25031662","25031716","chr1","142279794","142279841","13","117248132"
"chr13","25033000","25033300","chr4","115921062","115921372","22","90888062"
"chr13","25074722","25075022","chr4","115961605","115961914","28","90886883"
"chr13","25870305","25870616","chr4","116779400","116779683","30","90909095"
"chr13","25927972","25928207","chr11","116104043","116104279","36","90176071"
"chr13","26245047","26245364","chr4","117165209","117165522","12","90920162"
"chr13","27660214","27660508","chr4","117366187","117366478","12","89705973"
"chr13","27870972","27871146","chr1","109244867","109245026","51","81373895"
"chr13","28217228","28217535","chr4","117834096","117834399","11","89616868"
"chr13","28481471","28481753","chr4","103555475","103555768","47","75074004"
"chr13","28535659","28535952","chr1","101043006","101043300","33","72507347"
"chr13","28536023","28536332","chr4","118161209","118161506","22","89625186"
"chr13","28598910","28599212","chr4","118226507","118226800","13","89627597"
"chr13","28626573","28626876","chr4","118251004","118251310","16","89624431"
"chr13","28798686","28798969","chr20","8807024","8807306","41","19991662"
"chr13","28944810","28945124","chr4","118559107","118559419","10","89614297"
"chr13","29057748","29058050","chr4","118670402","118670703","24","89612654"
"chr13","29144411","29144700","chr4","118759196","118759493","15","89614785"
"chr13","29213143","29213440","chr1","26493506","26493804","38","2719637"
"chr13","29318169","29318326","chr7","135329144","135329303","31","106010975"
"chr13","29456690","29456900","chr8","99113201","99113404","47","69656511"
"chr13","29576788","29577090","chr4","119184006","119184308","5","89607218"
"chr13","29701322","29701486","chr1","56150277","56150446","41","26448955"
"chr13","29730610","29730931","chr14","23095429","23095727","74","6635181"
"chr13","29899498","29899753","chr4","119507866","119508120","6","89608368"
"chr13","30090274","30090572","chr4","119705056","119705355","10","89614782"
"chr13","30277778","30278060","chr16","25124257","25124537","48","5153521"
"chr13","30632499","30632605","chr1","26387777","26387878","22","4244722"
"chr13","30822287","30822579","chr4","119927165","119927465","14","89104878"
"chr13","30969982","30969992","chr9","32916732","32916748","11","1946750"
"chr13","30970024","30970270","chr4","120075495","120075735","7","89105471"
"chr13","30977488","30977759","chr4","28329259","28329534","66","2648229"
"chr13","31090339","31090617","chr4","120190942","120191224","14","89100603"
"chr13","31120715","31120995","chr18","9777868","9778149","38","21342847"
"chr13","31190115","31190255","chr11","76518322","76518462","28","45328207"
"chr13","31734372","31734605","chr4","120824602","120824828","12","89090230"
"chr13","31782230","31782475","chr10","16593589","16593829","50","15188641"
"chr13","31806280","31806583","chrX","17310539","17310835","40","14495741"
"chr13","31918374","31918628","chr10","11504991","11505226","55","20413383"
"chr13","32040509","32040740","chr4","121116240","121116467","10","89075731"
"chr13","32262343","32262489","chr4","121334031","121334178","7","89071688"
"chr13","32292382","32292667","chr4","121372123","121372437","38","89079741"
"chr13","32294721","32295016","chr4","121373906","121374196","20","89079185"
"chr13","32541774","32542073","chr1","3764232","3764540","55","28777542"
"chr13","33058685","33058993","chr4","122127740","122128050","13","89069055"
"chr13","33365912","33366207","chr4","122445168","122445463","9","89079256"
"chr13","33700957","33701259","chr4","122782996","122783311","19","89082039"
"chr13","33855415","33855715","chr4","122948275","122948535","49","89092860"
"chr13","33978376","33978682","chr4","123071755","123072061","14","89093379"
"chr13","33999752","34000000","chr18","12679863","12680106","45","21319889"
"chr13","34039318","34039610","chr4","123133664","123133948","21","89094346"
"chr13","34073529","34073822","chr4","123164336","123164628","13","89090807"
"chr13","34098791","34099090","chr4","123195133","123195404","29","89096342"
"chr13","34111714","34111962","chr4","123208797","123209045","7","89097083"
"chr13","34129822","34130118","chr4","123226899","123227197","4","89097077"
"chr13","34361917","34362226","chr6","64817540","64817853","52","30455623"
"chr13","34377222","34377524","chr1","26941265","26941567","33","7435957"
"chr13","34454720","34454893","chr4","123549048","123549220","4","89094328"
"chr13","34564796","34565098","chr4","123665018","123665316","12","89100222"
"chr13","34652274","34652490","chr14","6888632","6888850","42","27763642"
"chr13","35049954","35050264","chr4","124137719","124138019","15","89087765"
"chr13","35077311","35077475","chr4","124168518","124168685","11","89091207"
"chr13","35157662","35157880","chr4","124246323","124246541","5","89088661"
"chr13","35179255","35179534","chr4","124262841","124263120","8","89083586"
"chr13","35260915","35261221","chr4","124351419","124351725","15","89090504"
"chr13","35294568","35294716","chr12","19037809","19037962","27","16256759"
"chr13","35294747","35294836","chr2","16067768","16067855","24","19226979"
"chr13","35376821","35377108","chr4","124449113","124449394","25","89072292"
"chr13","35377283","35377578","chr4","124449572","124449871","10","89072289"
"chr13","35381444","35381735","chr4","124453715","124454006","15","89072271"
"chr13","35490310","35490610","chr4","124559977","124560276","8","89069667"
"chr13","35609827","35610018","chr4","124681551","124681771","33","89071724"
"chr13","35779681","35779986","chr11","61211231","61211536","45","25431550"
"chr13","35937865","35938168","chr6","163349643","163349943","34","127411778"
"chr13","36163073","36163392","chr4","125226064","125226373","17","89062991"
"chr13","36286323","36286622","chr4","125350039","125350334","8","89063716"
"chr13","36304492","36304785","chr4","125366522","125366818","9","89062030"
"chr13","36721586","36721802","chr4","125774962","125775176","9","89053376"
"chr13","36901041","36901345","chr1","37689627","37689933","50","788586"
"chr13","36966515","36966810","chr4","126029753","126030047","6","89063238"
"chr13","37001392","37001692","chr4","126064193","126064499","15","89062801"
"chr13","37076753","37077053","chr16","1192695","1192995","30","35884058"
"chr13","37271269","37271282","chr9","32916732","32916748","12","4354537"
"chr13","37271309","37271566","chr2","149177090","149177349","47","111905781"
"chr13","37534863","37535158","chr9","113319600","113319896","36","75784737"
"chr13","37622622","37622911","chr4","126679036","126679325","24","89056414"
"chr13","37829344","37829653","chr4","126893184","126893490","24","89063840"
"chr13","37933441","37933754","chr4","126997390","126997697","17","89063949"
"chr13","38078485","38078745","chr4","127141817","127142076","7","89063332"
"chr13","38216392","38216688","chr4","127274442","127274747","18","89058050"
"chr13","38289186","38289488","chr4","127340139","127340440","17","89050953"
"chr13","38300296","38300589","chr4","127351245","127351537","16","89050949"
"chr13","38360603","38360899","chr9","90836714","90837002","55","52476111"
"chr13","38365665","38365966","chr4","127417513","127417814","11","89051848"
"chr13","38365971","38366262","chr4","127417819","127418110","5","89051848"
"chr13","38379501","38379800","chr4","127429872","127430169","8","89050371"
"chr13","38503507","38503785","chr16","18176399","18176675","40","20327108"
"chr13","38684957","38685231","chr2","121211506","121211788","38","82526549"
"chr13","38686760","38687064","chr4","127736609","127736914","9","89049849"
"chr13","38740085","38740368","chr4","127789348","127789651","31","89049263"
"chr13","38744130","38744317","chr4","127793379","127793567","11","89049249"
"chr13","38752471","38752759","chr4","127801819","127802107","10","89049348"
"chr13","38782036","38782344","chr4","127831503","127831808","8","89049467"
"chr13","38786484","38786747","chr4","127835945","127836206","5","89049461"
"chr13","38828949","38829101","chr11","121671649","121671803","27","82842700"
"chr13","38901514","38901704","chr11","113863509","113863699","31","74961995"
"chr13","38978568","38978872","chr4","128022888","128023187","18","89044320"
"chr13","39070157","39070446","chr4","128111989","128112279","12","89041832"
"chr13","39080947","39081119","chr4","128122527","128122699","5","89041580"
"chr13","39139120","39139418","chr4","128167313","128167611","4","89028193"
"chr13","39166642","39166826","chr4","128192532","128192728","15","89025890"
"chr13","39167390","39167694","chr4","128193292","128193596","9","89025902"
"chr13","39186150","39186450","chr4","128213015","128213318","22","89026865"
"chr13","39319611","39319670","chr14","4007549","4007614","19","35312062"
"chr13","39328732","39329028","chr4","128355998","128356294","3","89027266"
"chr13","39352939","39353247","chr10","75912433","75912738","45","36559494"
"chr13","39469260","39469573","chr4","128493509","128493823","8","89024249"
"chr13","39597772","39598064","chr4","128621851","128622143","11","89024079"
"chr13","39805756","39806050","chr4","128827746","128828035","15","89021990"
"chr13","40162772","40163075","chr4","129186268","129186561","18","89023496"
"chr13","40210544","40210737","chr4","129235268","129235461","9","89024724"
"chr13","40580055","40580367","chr4","129615515","129615827","6","89035460"
"chr13","40668097","40668385","chr4","129703253","129703542","10","89035156"
"chr13","40692211","40692535","chr4","129725750","129726074","8","89033539"
"chr13","40983724","40984005","chr5","109560111","109560393","36","68576387"
"chr13","41455514","41455825","chr4","130441597","130441906","11","88986083"
"chr13","41556486","41556638","chr3","174195344","174195491","25","132638858"
"chr13","41727334","41727632","chr6","36434613","36434915","42","5292721"
"chr13","41808697","41808906","chr11","58671092","58671295","40","16862395"
"chr13","41989896","41990108","chr1","90589638","90589851","31","48599742"
"chr13","42146459","42146763","chr4","131115831","131116135","14","88969372"
"chr13","42316226","42316482","chr4","131285922","131286180","16","88969696"
"chr13","42380491","42380799","chr4","131350145","131350459","23","88969654"
"chr13","42582610","42582899","chr4","131538587","131538876","21","88955977"
"chr13","42618493","42618691","chr15","13241705","13241900","32","29376788"
"chr13","42618764","42618945","chr1","141165571","141165766","39","98546807"
"chr13","42673962","42674264","chr4","131626224","131626497","36","88952262"
"chr13","42684919","42685204","chr4","131637151","131637436","6","88952232"
"chr13","42880072","42880365","chr4","131830855","131831148","5","88950783"
"chr13","42942478","42942774","chr4","131890839","131891144","22","88948361"
"chr13","43080567","43080870","chr4","132018729","132019031","7","88938162"
"chr13","43375127","43375256","chr1","139217690","139217813","26","95842563"
"chr13","43542838","43543167","chr1","163867101","163867402","72","120324263"
"chr13","43652599","43652834","chr4","132581462","132581693","9","88928863"
"chr13","43793224","43793517","chr11","82169440","82169730","42","38376216"
"chr13","43795705","43795926","chr4","132722908","132723125","8","88927203"
"chr13","43943498","43943797","chr13","63444738","63445036","43","19501240"
"chr13","43956447","43956759","chr4","132884231","132884543","13","88927784"
"chr13","43968160","43968428","chr4","132895676","132895968","31","88927516"
"chr13","43981849","43982117","chr12","81458055","81458323","39","37476206"
"chr13","44011494","44011791","chr7","92785537","92785833","54","48774043"
"chr13","44100690","44100971","chr4","133029658","133029938","12","88928968"
"chr13","44106154","44106455","chr4","133034850","133035157","13","88928696"
"chr13","44526664","44526954","chr4","133457834","133458118","22","88931170"
"chr13","44570593","44570729","chr4","133502160","133502296","8","88931567"
"chr13","44588694","44589018","chr16","44488790","44489126","71","99904"
"chr13","44631938","44632062","chr4","133564528","133564649","11","88932590"
"chr13","44666546","44666824","chr4","133598472","133598734","21","88931926"
"chr13","45051881","45052166","chr4","133985876","133986161","10","88933995"
"chr13","45132316","45132620","chr1","202035368","202035675","45","156903052"
"chr13","45292284","45292566","chr4","134228219","134228529","39","88935935"
"chr13","45299649","45299959","chr4","134235589","134235873","42","88935940"
"chr13","45486868","45487183","chr4","134427769","134428074","17","88940901"
"chr13","45526538","45526832","chr4","134468236","134468542","28","88941698"
"chr13","45608287","45608438","chr7","84284997","84285147","24","38676710"
"chr13","45608745","45608840","chrX","62719211","62719304","16","17110466"
"chr13","46068743","46068834","chr5","129694837","129694933","29","83626094"
"chr13","46262671","46262965","chr7","89242284","89242582","39","42979613"
"chr13","46266892","46267192","chr4","135163803","135164103","12","88896911"
"chr13","46363352","46363644","chr11","84452711","84453003","39","38089359"
"chr13","46379374","46379493","chr4","135264946","135265067","5","88885572"
"chr13","46416118","46416431","chr4","135302911","135303221","10","88886793"
"chr13","46432888","46433135","chr4","135320036","135320283","4","88887148"
"chr13","46484875","46485039","chr15","96440767","96440936","30","49955892"
"chr13","47549936","47550247","chr4","136362576","136362877","25","88812640"
"chr13","47728663","47728960","chr4","136544152","136544445","29","88815489"
"chr13","47815005","47815305","chr4","136629502","136629801","14","88814497"
"chr13","47866517","47866758","chr4","136679409","136679640","17","88812892"
"chr13","48141205","48141513","chr4","136951702","136952013","11","88810497"
"chr13","48364923","48365226","chr1","27513704","27514001","40","20851219"
"chr13","48611394","48611659","chr4","137422414","137422677","15","88811020"
"chr13","48707609","48707911","chr9","84418579","84418877","39","35710970"
"chr13","49043879","49044184","chr4","137843359","137843658","11","88799480"
"chr13","49044258","49044351","chrX","111178670","111178762","14","62134412"
"chr13","49068902","49069203","chr4","137867647","137867952","19","88798745"
"chr13","49151687","49151992","chr4","137945151","137945467","29","88793464"
"chr13","49166227","49166462","chr6","127742629","127742862","29","78576402"
"chr13","49357049","49357338","chr4","138137923","138138215","11","88780874"
"chr13","49548381","49548689","chr2","184554529","184554839","38","135006148"
"chr13","49567002","49567290","chr7","78089785","78090079","40","28522783"
"chr13","49774156","49774439","chr4","138535339","138535624","12","88761183"
"chr13","50121896","50122198","chr4","138854865","138855167","11","88732969"
"chr13","50137643","50137940","chr4","138870176","138870486","21","88732533"
"chr13","51027936","51028182","chr4","139735849","139736089","18","88707913"
"chr13","51091823","51092116","chr4","139802234","139802527","1","88710411"
"chr13","51153059","51153344","chr1","6746799","6747092","59","44406260"
"chr13","51712442","51712717","chr11","64124862","64125139","38","12412420"
"chr13","51742695","51742998","chr1","48867065","48867371","48","2875630"
"chr13","52335600","52335906","chr4","141016293","141016602","15","88680693"
"chr13","52351692","52351980","chr4","141032339","141032629","19","88680647"
"chr13","52352789","52353075","chr4","141033502","141033788","10","88680713"
"chr13","52373589","52373894","chr7","29671769","29672069","44","22701820"
"chr13","52395872","52395990","chr4","27307709","27307825","17","25088163"
"chr13","52418324","52418620","chr11","108027697","108027986","41","55609373"
"chr13","52425618","52425922","chr4","141121352","141121656","14","88695734"
"chr13","52427657","52427952","chr7","156498389","156498685","40","104070732"
"chr13","52462384","52462701","chr13","107238252","107238558","46","54775868"
"chr13","52471680","52471990","chr6","158993165","158993475","35","106521485"
"chr13","52561591","52561876","chr4","141254353","141254638","13","88692762"
"chr13","52626861","52627161","chr4","141318281","141318605","35","88691420"
"chr13","52818129","52818320","chr4","141513182","141513369","8","88695053"
"chr13","53078371","53078658","chr4","141742399","141742685","12","88664028"
"chr13","53269115","53269431","chr4","141936208","141936524","26","88667093"
"chr13","53383099","53383230","chrX","101901062","101901192","14","48517963"
"chr13","54059298","54059463","chr14","99867416","99867565","49","45808118"
"chr13","54452657","54452953","chr4","143134445","143134740","19","88681788"
"chr13","54525318","54525618","chr4","143212391","143212693","8","88687073"
"chr13","54565583","54565877","chr3","168176773","168177064","50","113611190"
"chr13","54820122","54820429","chr4","143504673","143504979","5","88684551"
"chr13","54849101","54849340","chrX","49595969","49596201","37","5253132"
"chr13","55051967","55052195","chr4","143724011","143724247","12","88672044"
"chr13","55077874","55078094","chr12","63803462","63803675","34","8725588"
"chr13","55129657","55129959","chr12","31805708","31806016","57","23323949"
"chr13","55220356","55220660","chr4","143882101","143882401","11","88661745"
"chr13","55281178","55281493","chr4","143938042","143938342","22","88656864"
"chr13","55521542","55521812","chr4","144179709","144179979","6","88658167"
"chr13","55868993","55869055","chr2","147833110","147833170","20","91964117"
"chr13","55869066","55869139","chr19","8747990","8748060","16","47121076"
"chr13","55881610","55881925","chr11","107672055","107672367","47","51790445"
"chr13","56141232","56141530","chr4","144829462","144829763","9","88688230"
"chr13","56167131","56167403","chr4","144855218","144855491","10","88688087"
"chr13","56288343","56288648","chr4","144975558","144975865","11","88687215"
"chr13","56314103","56314401","chr4","145003134","145003429","9","88689031"
"chr13","56607270","56607561","chr4","145283909","145284188","32","88676639"
"chr13","56992729","56992770","chr12","37991215","37991256","4","19001514"
"chr13","57141420","57141712","chr4","145803062","145803354","4","88661642"
"chr13","57174766","57174991","chr4","145837230","145837424","39","88662464"
"chr13","57177276","57177569","chr5","8399415","8399701","50","48777861"
"chr13","57200312","57200621","chr4","145862011","145862321","26","88661699"
"chr13","57368663","57368805","chr9","6292875","6293012","36","51075788"
"chr13","57493091","57493392","chr4","146153644","146153945","10","88660553"
"chr13","57578846","57579146","chr4","146242637","146242939","8","88663791"
"chr13","57931994","57932264","chr4","146593584","146593852","4","88661590"
"chr13","58175721","58175840","chr9","93699086","93699203","18","35523365"
"chr13","58480020","58480314","chr4","147140880","147141173","7","88660860"
"chr13","58546257","58546524","chr5","1843002","1843271","62","56703255"
"chr13","58599534","58599856","chr4","147254835","147255125","42","88655301"
"chr13","58636627","58636935","chrX","12634072","12634369","43","46002555"
"chr13","58877994","58878223","chr4","147515078","147515308","17","88637084"
"chr13","59596030","59596158","chr6","74452348","74452476","13","14856318"
"chr13","59596185","59596357","chr14","31856154","31856328","28","27740031"
"chr13","59723815","59723992","chr14","31856154","31856328","22","27867661"
"chr13","59792586","59792896","chr9","85510522","85510832","48","25717936"
"chr13","59802373","59802738","chr10","82344044","82344359","102","22541671"
"chr13","59812393","59812688","chr4","148421938","148422233","13","88609545"
"chr13","59841015","59841292","chr4","148448521","148448797","15","88607506"
"chr13","59841326","59841546","chr8","119518476","119518689","43","59677150"
"chr13","59859585","59859888","chr4","148466497","148466796","16","88606912"
"chr13","59906979","59907274","chr4","148512183","148512483","12","88605204"
"chr13","60087038","60087166","chr4","148689068","148689221","31","88602030"
"chr13","60158043","60158342","chr4","148761845","148762147","16","88603802"
"chr13","60206145","60206456","chr4","148808667","148808959","31","88602522"
"chr13","60472823","60473140","chr6","142906072","142906386","48","82433249"
"chr13","61166613","61166793","chr4","149584538","149584721","13","88417925"
"chr13","61577145","61577302","chr19","35479176","35479334","24","26097969"
"chr13","61578385","61578515","chr10","73050153","73050283","15","11471768"
"chr13","61586136","61586442","chr4","149992480","149992782","13","88406344"
"chr13","61679076","61679361","chr4","150084151","150084443","12","88405075"
"chr13","62245346","62245645","chr12","80500631","80500931","33","18255285"
"chr13","62718552","62718836","chr4","151099283","151099567","4","88380731"
"chr13","62837077","62837390","chr4","151214993","151215306","13","88377916"
"chr13","62886936","62887212","chr4","151268745","151269037","47","88381809"
"chr13","62907179","62907242","chr14","8599415","8599472","11","54307764"
"chr13","62907547","62907689","chr1","58977212","58977361","37","3930335"
"chr13","62940813","62941108","chr4","151321752","151322042","13","88380939"
"chr13","63009629","63009832","chr10","90385274","90385491","47","27375645"
"chr13","63047900","63048197","chr4","151427635","151427933","17","88379735"
"chr13","63048747","63049043","chr4","151428489","151428782","16","88379742"
"chr13","63131961","63132130","chr9","40214036","40214205","37","22917925"
"chr13","63132422","63132562","chr11","74966065","74966200","22","11833643"
"chr13","63218650","63218943","chr4","151598910","151599220","23","88380260"
"chr13","63297613","63297904","chr6","173411078","173411365","43","110113465"
"chr13","63299317","63299429","chrX","5264953","5265067","17","58034364"
"chr13","63387688","63387983","chr7","63558520","63558814","38","170832"
"chr13","63411207","63411510","chr4","151792080","151792382","14","88380873"
"chr13","63547338","63547606","chr4","151932020","151932284","9","88384682"
"chr13","63701204","63701499","chr4","152080872","152081166","8","88379668"
"chr13","63764028","63764320","chr16","49745390","49745681","51","14018638"
"chr13","63783000","63783306","chr4","152159582","152159888","9","88376582"
"chr13","64118522","64118689","chr4","152489923","152490090","4","88371401"
"chr13","64357043","64357331","chr4","152719488","152719775","4","88362445"
"chr13","64386600","64386888","chr4","152745364","152745654","12","88358764"
"chr13","64428534","64428811","chr4","152788971","152789258","15","88360437"
"chr13","64459420","64459713","chr4","152821953","152822250","12","88362533"
"chr13","64733088","64733398","chr4","153087378","153087681","11","88354290"
"chr13","64912182","64912325","chr4","153267515","153267663","10","88355333"
"chr13","64967847","64968115","chr4","153322947","153323218","3","88355100"
"chr13","65026124","65026310","chr4","124168518","124168685","60","59142394"
"chr13","65026342","65026580","chr5","171143354","171143594","41","106117012"
"chr13","65046504","65046654","chr4","153401103","153401250","8","88354599"
"chr13","65080729","65080881","chr1","170198659","170198810","26","105117930"
"chr13","65081195","65081255","chr5","27820659","27820719","10","37260536"
"chr13","65117784","65117906","chrX","45680943","45681066","14","19436841"
"chr13","65542486","65542796","chrX","12884052","12884363","36","52658434"
"chr13","65611116","65611405","chr4","153963299","153963593","12","88352183"
"chr13","65620895","65621172","chr4","153974086","153974361","19","88353191"
"chr13","65933053","65933166","chr14","90784042","90784157","39","24850989"
"chr13","66026514","66026713","chr11","57418414","57418583","56","8608100"
"chr13","66046282","66046568","chr1","33776440","33776725","44","32269842"
"chr13","66063449","66063757","chr4","103188296","103188593","23","37124847"
"chr13","66066521","66066825","chr14","29316094","29316399","42","36750427"
"chr13","66172242","66172548","chr4","103082118","103082426","18","36909876"
"chr13","66306088","66306386","chr9","56991027","56991328","39","9315061"
"chr13","66359124","66359425","chr4","102895456","102895758","6","36536332"
"chr13","66507495","66507795","chr12","14273839","14274149","44","52233656"
"chr13","66628793","66628924","chr10","73050153","73050283","13","6421360"
"chr13","66629234","66629419","chr6","125808305","125808485","35","59179071"
"chr13","66631939","66632221","chr4","102613419","102613702","4","35981480"
"chr13","66633576","66633879","chr18","16317024","16317330","39","50316552"
"chr13","66637470","66637600","chr10","73050153","73050283","12","6412683"
"chr13","66637893","66638201","chr4","102608687","102608996","13","35970794"
"chr13","66649876","66650186","chr13","44205794","44206102","38","22444082"
"chr13","66659598","66659893","chr4","102586712","102587006","8","35927114"
"chr13","66707253","66707489","chr4","102541267","102541509","9","35834014"
"chr13","66709297","66709592","chr4","102538322","102538614","14","35829025"
"chr13","66796388","66796690","chr10","71880315","71880618","31","5083927"
"chr13","66848617","66848926","chr4","102400878","102401182","25","35552261"
"chr13","66852378","66852672","chr8","40894964","40895256","41","25957414"
"chr13","66876917","66877090","chr7","109311382","109311563","30","42434465"
"chr13","66877120","66877275","chr1","30028124","30028263","33","36848996"
"chr13","66889596","66889900","chr2","149003574","149003882","54","82113978"
"chr13","66900179","66900478","chr4","102350612","102350917","13","35450433"
"chr13","66943485","66943755","chr12","41553520","41553801","44","25389965"
"chr13","67005557","67005855","chr4","102243407","102243702","10","35237850"
"chr13","67157611","67157925","chr4","44506568","44506874","43","22651043"
"chr13","67202480","67202607","chr4","102037440","102037567","4","34834960"
"chr13","67591699","67591974","chr9","90201081","90201354","38","22609382"
"chr13","67624225","67624552","chr4","101612423","101612746","8","33988198"
"chr13","67629837","67630163","chr4","101606538","101606863","25","33976701"
"chr13","67833515","67833803","chr4","101400187","101400478","17","33566672"
"chr13","67834457","67834759","chr1","158687563","158687866","34","90853106"
"chr13","67844216","67844520","chr3","74904320","74904624","31","7060104"
"chr13","68109641","68109947","chr4","101122896","101123205","15","33013255"
"chr13","68329213","68329497","chr4","100902157","100902442","9","32572944"
"chr13","68401748","68401915","chr20","54157538","54157707","25","14244210"
"chr13","68438208","68438505","chr4","100794052","100794346","17","32355844"
"chr13","68558178","68558477","chr4","100669895","100670200","18","32111717"
"chr13","68624097","68624404","chr4","100604073","100604380","12","31979976"
"chr13","68691270","68691348","chr1","37252092","37252159","28","31439178"
"chr13","68836162","68836457","chr4","100392142","100392435","9","31555980"
"chr13","68860535","68860683","chr4","100367808","100367955","6","31507273"
"chr13","68879617","68879903","chr4","100341429","100341712","15","31461812"
"chr13","68916225","68916534","chr4","100308127","100308436","6","31391902"
"chr13","69038134","69038462","chr4","100184702","100185003","43","31146568"
"chr13","69264728","69265032","chr4","99959810","99960108","14","30695082"
"chr13","69335310","69335592","chr4","99890308","99890585","7","30554998"
"chr13","69401394","69401454","chr16","51701031","51701090","10","17700363"
"chr13","69726408","69726701","chr4","99493322","99493599","26","29766914"
"chr13","69751015","69751309","chr4","99466325","99466624","14","29715310"
"chr13","69776445","69776750","chr4","99441230","99441527","20","29664785"
"chr13","70127130","70127190","chr20","20059946","20060007","8","50067184"
"chr13","70430855","70431087","chr4","98795464","98795698","10","28364609"
"chr13","70461015","70461368","chr8","120139498","120139827","80","49678483"
"chr13","70545565","70545882","chr4","98689774","98690075","26","28144209"
"chr13","71697122","71697425","chr4","97592055","97592335","31","25894933"
"chr13","71739950","71740214","chr4","97553942","97554214","11","25813992"
"chr13","71762280","71762589","chr15","41389959","41390266","42","30372321"
"chr13","71881935","71882240","chr4","97417179","97417479","13","25535244"
"chr13","72003983","72004287","chr1","111274601","111274900","43","39270618"
"chr13","72151131","72151433","chr4","97145932","97146234","13","24994801"
"chr13","72432719","72433019","chr4","96867086","96867381","15","24434367"
"chr13","72800038","72800307","chr4","96493072","96493340","18","23693034"
"chr13","72874045","72874338","chr4","96417401","96417699","13","23543356"
"chr13","73097129","73097425","chr4","96176582","96176878","11","23079453"
"chr13","73428474","73428765","chr4","95828152","95828445","18","22399678"
"chr13","73985126","73985428","chr4","95261875","95262174","12","21276749"
"chr13","74343257","74343548","chr2","181676805","181677094","46","107333548"
"chr13","74371080","74371381","chr1","123896657","123896955","40","49525577"
"chr13","74420585","74420884","chr4","94824394","94824693","5","20403809"
"chr13","74652714","74652998","chr4","94594584","94594868","2","19941870"
"chr13","74775197","74775515","chr2","87362517","87362826","51","12587320"
"chr13","74944941","74945253","chr4","94294516","94294821","12","19349575"
"chr13","75465393","75465688","chr4","93775014","93775309","9","18309621"
"chr13","75619560","75619677","chr19","33511369","33511488","17","42108191"
"chr13","75619704","75619884","chr10","30508740","30508911","42","45110964"
"chr13","76129128","76129319","chr4","93104888","93105079","2","16975760"
"chr13","76372551","76372851","chr4","92870646","92870961","28","16498095"
"chr13","76592378","76592689","chr6","74415134","74415440","41","2177244"
"chr13","76707144","76707441","chr15","36156612","36156900","70","40550532"
"chr13","76813617","76813915","chr16","18864392","18864694","41","57949225"
"chr13","77127120","77127435","chr4","92135511","92135814","21","15008391"
"chr13","77192237","77192408","chr12","19037809","19037962","43","58154428"
"chr13","77208421","77208712","chr13","4270009","4270297","47","72938412"
"chr13","77266950","77267084","chr1","211455990","211456125","31","134189040"
"chr13","77534302","77534614","chr8","62519694","62520011","55","15014608"
"chr13","77546654","77546989","chr4","112298809","112299151","19","34752155"
"chr13","77590883","77591171","chr4","112256174","112256476","31","34665291"
"chr13","77700774","77700961","chr3","71744862","71745051","29","5955912"
"chr13","77722307","77722419","chr17","44450352","44450457","30","33271955"
"chr13","77857524","77857822","chr4","111996117","111996411","17","34138593"
"chr13","77981431","77981622","chr16","42861575","42861768","28","35119856"
"chr13","78080509","78080563","chr13","1581395","1581445","16","76499114"
"chr13","78103460","78103758","chr4","111762418","111762716","10","33658958"
"chr13","78213915","78214180","chr4","111656108","111656369","8","33442193"
"chr13","78223700","78223980","chr1","31398203","31398481","35","46825497"
"chr13","78270738","78271031","chr4","111600759","111601025","36","33330021"
"chr13","78403596","78403909","chr4","111468576","111468887","10","33064980"
"chr13","78438326","78438632","chr4","111434396","111434702","6","32996070"
"chr13","78448870","78449188","chr4","111423841","111424154","32","32974971"
"chr13","78484336","78484633","chr4","111386736","111387045","31","32902400"
"chr13","78636346","78636645","chr4","110935256","110935559","40","32298910"
"chr13","78756588","78756899","chr1","27513704","27514001","52","51242884"
"chr13","78827890","78828201","chr4","111038033","111038344","6","32210143"
"chr13","78887124","78887409","chr16","29660575","29660855","40","49226549"
"chr13","78892551","78892860","chr2","184554529","184554839","35","105661978"
"chr13","78978194","78978505","chr20","57297001","57297313","34","21681193"
"chr13","79629680","79629983","chr4","110221012","110221315","12","30591332"
"chr13","79643412","79643622","chr4","110207727","110207937","6","30564315"
"chr13","79684326","79684631","chr11","12122007","12122309","42","67562319"
"chr13","79858999","79859287","chr4","109992852","109993152","26","30133853"
"chr13","80417904","80418186","chr4","109447498","109447777","17","29029594"
"chr13","80520231","80520404","chr20","51080553","51080725","29","29439678"
"chr13","80521577","80521873","chr4","109340964","109341264","14","28819387"
"chr13","80653401","80653766","chrX","43422314","43422660","81","37231087"
"chr13","80697598","80697907","chr7","134962638","134962947","47","54265040"
"chr13","80941885","80942172","chr4","108932726","108933009","17","27990841"
"chr13","80942659","80942949","chr4","108932726","108933009","21","27990067"
"chr13","81043585","81043923","chr1","216247572","216247870","63","135203987"
"chr13","81076842","81077187","chr4","108795328","108795626","62","27718486"
"chr13","81237107","81237379","chr16","9079401","9079679","42","72157706"
"chr13","81461250","81461473","chr8","89329962","89330190","35","7868712"
"chr13","81559093","81559143","chr2","47576719","47576770","10","33982374"
"chr13","81700424","81700678","chr14","107425542","107425783","52","25725118"
"chr13","81747805","81748112","chr1","22001594","22001900","37","59746211"
"chr13","81809812","81810104","chr13","86285933","86286217","53","4476121"
"chr13","81815329","81815617","chr4","108028622","108028912","13","26213293"
"chr13","81846254","81846549","chrX","131955103","131955403","34","50108849"
"chr13","81851353","81851660","chr4","107991925","107992235","20","26140572"
"chr13","81852651","81852821","chr3","160726661","160726827","30","78874010"
"chr13","81880539","81880798","chr4","107962171","107962430","7","26081632"
"chr13","82004826","82005124","chr16","6390682","6390979","40","75614144"
"chr13","82057591","82057890","chr8","75494071","75494372","52","6563520"
"chr13","82078063","82078381","chr4","107765607","107765920","21","25687544"
"chr13","82110372","82110669","chr4","107733176","107733471","16","25622804"
"chr13","82132019","82132311","chr4","107711227","107711523","19","25579208"
"chr13","82157847","82158146","chr4","107688092","107688395","13","25530245"
"chr13","82233722","82234023","chr9","57592341","57592639","34","24641381"
"chr13","82242561","82242875","chr4","107607665","107607979","18","25365104"
"chr13","82262860","82263159","chr4","107580345","107580656","25","25317485"
"chr13","82272087","82272395","chr10","78397199","78397509","37","3874888"
"chr13","82298030","82298320","chr7","68434259","68434558","56","13863771"
"chr13","82324523","82324811","chr5","173793593","173793881","36","91469070"
"chr13","82398154","82398400","chr1","134765454","134765700","40","52367300"
"chr13","82408050","82408368","chr12","6396661","6396970","54","76011389"
"chr13","82444133","82444199","chr2","147833110","147833170","18","65388977"
"chr13","82478222","82478531","chr20","26211185","26211483","46","56267037"
"chr13","82481665","82481935","chr5","160679286","160679558","25","78197621"
"chr13","82500063","82500259","chr1","9378215","9378411","45","73121848"
"chr13","82527587","82527888","chr1","42353131","42353436","34","40174456"
"chr13","82531707","82531947","chr6","135961426","135961681","52","53429719"
"chr13","82560505","82560584","chr9","57963093","57963171","23","24597412"
"chr13","82567322","82567608","chr4","107285614","107285896","16","24718292"
"chr13","82571695","82571945","chr12","9937560","9937815","59","72634135"
"chr13","82731041","82731303","chr4","107132555","107132819","21","24401514"
"chr13","82807862","82808148","chr11","94750444","94750725","54","11942582"
"chr13","82860056","82860354","chr19","10298463","10298759","38","72561593"
"chr13","83077891","83077981","chr4","106798458","106798548","1","23720567"
"chr13","83107128","83107391","chr4","106770636","106770908","14","23663508"
"chr13","83210978","83211281","chr4","106669877","106670184","19","23458899"
"chr13","83324215","83324515","chr4","106560278","106560576","13","23236063"
"chr13","83677542","83677866","chr4","106216247","106216569","24","22538705"
"chr13","83731739","83732041","chr4","106160896","106161177","33","22429157"
"chr13","83732475","83732781","chr18","34072697","34073004","55","49659778"
"chr13","83888000","83888299","chr4","106003032","106003331","10","22115032"
"chr13","84126091","84126404","chr4","105753858","105754190","35","21627767"
"chr13","84212636","84212829","chr1","141091291","141091483","38","56878655"
"chr13","84244169","84244471","chr4","105629342","105629645","10","21385173"
"chr13","84306635","84306942","chr4","105567931","105568238","6","21261296"
"chr13","84422817","84423114","chr4","105452985","105453283","15","21030168"
"chr13","84491937","84492246","chr2","172520565","172520867","41","88028628"
"chr13","84502626","84502903","chr7","130131706","130131989","41","45629080"
"chr13","84686025","84686327","chr4","105192548","105192836","31","20506523"
"chr13","84697684","84697764","chr14","118844532","118844613","12","34146848"
"chr13","84697766","84697927","chr7","159121320","159121462","30","74423554"
"chr13","84711128","84711243","chr10","466805","466915","19","84244323"
"chr13","84711564","84711741","chr3","41676489","41676661","25","43035075"
"chr13","84932453","84932749","chr19","48174971","48175267","31","36757482"
"chr13","85014616","85014913","chr4","104875052","104875376","39","19860436"
"chr13","85167479","85167718","chr4","17517897","17518131","55","67649582"
"chr13","85187742","85188044","chr4","104709301","104709603","6","19521559"
"chr13","85291947","85292215","chr7","148849528","148849797","49","63557581"
"chr13","85353033","85353199","chr4","104542952","104543119","9","19189919"
"chr13","85362920","85363221","chr18","38721921","38722211","51","46640999"
"chr13","85445992","85446247","chr4","104447047","104447304","10","19001055"
"chr13","85510237","85510556","chr4","104384187","104384514","19","18873950"
"chr13","85695808","85696095","chr4","104191149","104191449","26","18495341"
"chr13","85813618","85813747","chr3","133471023","133471152","19","47657405"
"chr13","85819217","85819518","chr11","120640045","120640342","39","34820828"
"chr13","85822257","85822524","chr15","6438791","6439051","32","79383466"
"chr13","85904947","85905244","chr4","103973026","103973326","9","18068079"
"chr13","85959870","85960180","chr4","103922300","103922608","14","17962430"
"chr13","86032726","86032890","chr4","103847078","103847239","9","17814352"
"chr13","86191355","86191654","chr6","121656199","121656500","44","35464844"
"chr13","86307455","86307732","chr12","33143832","33144100","39","53163623"
"chr13","86323799","86323953","chr2","148844712","148844866","21","62520913"
"chr13","86330369","86330676","chr7","64705011","64705316","43","21625358"
"chr13","86363297","86363606","chr13","59729724","59730027","37","26633573"
"chr13","86441187","86441480","chr3","162476129","162476416","56","76034942"
"chr13","86469480","86469778","chr4","103425048","103425360","57","16955568"
"chr13","86469884","86470192","chr4","103425048","103425360","13","16955164"
"chr13","86474675","86474741","chr8","96982902","96982971","22","10508227"
"chr13","86527196","86527386","chr12","68209175","68209372","33","18318021"
"chr13","86556345","86556643","chr9","1062238","1062533","40","85494107"
"chr13","86563753","86564044","chr19","50767505","50767799","37","35796248"
"chr13","86623429","86623718","chr4","154343496","154343785","11","67720067"
"chr13","86637019","86637324","chr6","126436557","126436854","34","39799538"
"chr13","86740073","86740382","chr4","154455010","154455320","13","67714937"
"chr13","86754618","86754910","chrX","51079701","51080001","50","35674917"
"chr13","86942465","86942749","chr13","86285933","86286217","41","656532"
"chr13","86942789","86942810","chr7","145790583","145790608","14","58847794"
"chr13","87264274","87264574","chr4","154961750","154962052","7","67697476"
"chr13","87321182","87321373","chr17","2954462","2954653","42","84366720"
"chr13","87321993","87322145","chr1","30028124","30028263","31","57293869"
"chr13","87439119","87439425","chr4","155134388","155134700","19","67695269"
"chr13","87452066","87452435","chr3","41692202","41692545","94","45759864"
"chr13","87520254","87520544","chr4","155208425","155208716","13","67688171"
"chr13","87768413","87768694","chr12","67403049","67403341","67","20365364"
"chr13","87909362","87909670","chr7","135880516","135880825","44","47971154"
"chr13","87909673","87909753","chr2","51005632","51005699","16","36904041"
"chr13","87909754","87909938","chr7","4037852","4038045","37","83871902"
"chr13","88264656","88264950","chr4","155897436","155897732","12","67632780"
"chr13","88284399","88284692","chr4","155916763","155917056","7","67632364"
"chr13","88380876","88381156","chr4","155987958","155988250","22","67607082"
"chr13","88753276","88753566","chr4","156400309","156400618","26","67647033"
"chr13","88769330","88769512","chr11","92548962","92549142","44","3779632"
"chr13","89072061","89072327","chr11","58798543","58798805","42","30273518"
"chr13","89113615","89113701","chr12","70251349","70251431","11","18862266"
"chr13","89212032","89212190","chr16","47371877","47372035","21","41840155"
"chr13","89212484","89212617","chr8","38181713","38181843","12","51030771"
"chr13","89265438","89265501","chr4","156892245","156892308","0","67626807"
"chr13","89315308","89315468","chr2","77839763","77839912","24","11475545"
"chr13","89377712","89377975","chr3","41977146","41977405","33","47400566"
"chr13","89495227","89495533","chr4","157109862","157110173","17","67614635"
"chr13","89898503","89898717","chr4","157456256","157456468","4","67557753"
"chr13","90013814","90014117","chr4","157572701","157573005","13","67558887"
"chr13","90136901","90137211","chr7","129858559","129858866","37","39721658"
"chr13","90367805","90368103","chr12","80500631","80500931","41","9867174"
"chr13","90560997","90561307","chr4","158099851","158100160","10","67538854"
"chr13","91247904","91248199","chr4","95085001","95085284","45","3837097"
"chr13","92173117","92173415","chr4","159658862","159659158","10","67485745"
"chr13","92275972","92276050","chr18","50053912","50053981","22","42222060"
"chr13","92305580","92305709","chr3","33654892","33655019","13","58650688"
"chr13","92305720","92305800","chr16","929496","929570","16","91376224"
"chr13","92305811","92306056","chr14","103920743","103920990","35","11614932"
"chr13","92966687","92967008","chr9","121838680","121838991","49","28871993"
"chr13","93140751","93141071","chr4","160582695","160582999","23","67441944"
"chr13","93236821","93237127","chr4","160675505","160675801","24","67438684"
"chr13","93321854","93322088","chr4","160763457","160763691","8","67441603"
"chr13","93556668","93556968","chr2","176864663","176864968","45","83307995"
"chr13","93785559","93785867","chr4","161219608","161219919","19","67434049"
"chr13","93793523","93793741","chr10","90905310","90905528","35","2888213"
"chr13","93793755","93793818","chr19","1240888","1240952","13","92552867"
"chr13","93878469","93878775","chr4","161315085","161315391","21","67436616"
"chr13","93985352","93985666","chr4","161426551","161426866","28","67441199"
"chr13","94044415","94044684","chr4","161482565","161482829","15","67438150"
"chr13","94119171","94119459","chr13","102610525","102610803","52","8491354"
"chr13","94133891","94134197","chr4","161570022","161570322","21","67436131"
"chr13","94157421","94157724","chr4","161592623","161592929","12","67435202"
"chr13","94182941","94183254","chr3","100495317","100495628","35","6312376"
"chr13","95059931","95060219","chr4","162484021","162484314","17","67424090"
"chr13","95072100","95072408","chr4","162495951","162496258","19","67423851"
"chr13","95512456","95512746","chr3","37790496","37790787","38","57721960"
"chr13","95703171","95703448","chr4","162908198","162908478","28","67205027"
"chr13","95708287","95708605","chr4","162913314","162913627","17","67205027"
"chr13","95970702","95970943","chr4","163176011","163176254","8","67205309"
"chr13","95982133","95982190","chr2","51005632","51005699","18","44976501"
"chr13","96167811","96168090","chr4","163374209","163374493","36","67206398"
"chr13","96186195","96186505","chr7","15835638","15835945","42","80350557"
"chr13","96823420","96823712","chr19","48329800","48330090","53","48493620"
"chr13","97444230","97444533","chr4","164643827","164644126","15","67199597"
"chr13","97757673","97757948","chr13","102610525","102610803","52","4852852"
"chr14","4456243","4456543","chr13","92118622","92118913","15","87662379"
"chr14","18087800","18087960","chr13","86660799","86660961","11","68572999"
"chr14","60423962","60424275","chr13","45762639","45762952","15","14661323"
"chr14","73531320","73531622","chr13","32918559","32918865","19","40612761"
"chr14","221936","222244","chr13","87833876","87834184","13","87611940"
"chr14","241075","241229","chr13","87854074","87854233","16","87612999"
"chr14","279067","279294","chr13","109026047","109026281","34","108746980"
"chr14","739131","739366","chr13","88328207","88328437","16","87589076"
"chr14","748696","749000","chr13","88339404","88339705","15","87590708"
"chr14","827612","827786","chr6","132712830","132712998","31","131885218"
"chr14","924633","924941","chr13","88519147","88519440","21","87594514"
"chr14","1073118","1073400","chr16","9317807","9318089","40","8244689"
"chr14","1074935","1075203","chr1","158524460","158524725","49","157449525"
"chr14","1106890","1107144","chr13","88708336","88708619","44","87601446"
"chr14","1131744","1132038","chr13","88732865","88733162","13","87601121"
"chr14","1182818","1183046","chr10","31747828","31748059","24","30565010"
"chr14","1244689","1244985","chr13","36022619","36022913","41","34777930"
"chr14","1266435","1266605","chr7","107069329","107069492","32","105802894"
"chr14","1303540","1303707","chr12","58475406","58475574","25","57171866"
"chr14","1310333","1310629","chrX","25734220","25734518","34","24423887"
"chr14","1315237","1315529","chr13","88922888","88923181","14","87607651"
"chr14","1372740","1373033","chr7","159816911","159817210","35","158444171"
"chr14","1381418","1381740","chr7","39247443","39247747","63","37866025"
"chr14","1382645","1382822","chr6","48180421","48180589","32","46797776"
"chr14","1413133","1413500","chr13","89026777","89027092","69","87613644"
"chr14","1762342","1762640","chr13","89387919","89388209","33","87625577"
"chr14","1971923","1972231","chr13","89597489","89597787","20","87625566"
"chr14","2064140","2064439","chr13","89690633","89690932","8","87626493"
"chr14","2117056","2117221","chr13","89745393","89745560","4","87628337"
"chr14","2187697","2187892","chr9","52059642","52059836","31","49871945"
"chr14","2188106","2188238","chr13","26738522","26738652","12","24550416"
"chr14","2346793","2347092","chr13","89981573","89981882","30","87634780"
"chr14","2474998","2475309","chr13","90117861","90118173","19","87642863"
"chr14","2651279","2651591","chr13","90301450","90301763","12","87650171"
"chr14","2652091","2652385","chr13","90302266","90302559","14","87650175"
"chr14","2688210","2688516","chrX","15966596","15966896","32","13278386"
"chr14","2782502","2782792","chr13","90425682","90425964","13","87643180"
"chr14","2832108","2832378","chr13","90475153","90475450","33","87643045"
"chr14","3086836","3087151","chr1","114684718","114685045","57","111597882"
"chr14","3140267","3140551","chr13","90809291","90809575","4","87669024"
"chr14","3305042","3305345","chr5","94774406","94774706","38","91469364"
"chr14","3326900","3327209","chr2","51041817","51042125","39","47714917"
"chr14","3650061","3650373","chr13","91327884","91328194","21","87677823"
"chr14","4014010","4014316","chr13","91670861","91671174","24","87656851"
"chr14","4112340","4112652","chr2","184554529","184554839","42","180442189"
"chr14","4195877","4196169","chr15","38691877","38692172","35","34496000"
"chr14","4253271","4253567","chr13","91917364","91917630","36","87664093"
"chr14","4263884","4264184","chr13","91928051","91928357","31","87664167"
"chr14","4266007","4266195","chr13","91930073","91930262","4","87664066"
"chr14","4320016","4320314","chr13","91980915","91981168","51","87660899"
"chr14","4701234","4701530","chr9","5849715","5850009","43","1148481"
"chr14","4728455","4728778","chr4","119143068","119143366","81","114414613"
"chr14","4821421","4821722","chr13","92488335","92488636","9","87666914"
"chr14","4839377","4839684","chr13","92506225","92506533","10","87666848"
"chr14","5068176","5068472","chr2","157953826","157954121","33","152885650"
"chr14","5293897","5294196","chr13","92970229","92970528","10","87676332"
"chr14","5303554","5303843","chr16","18181019","18181316","49","12877465"
"chr14","5310010","5310268","chr7","31023536","31023796","68","25713526"
"chr14","5359682","5359977","chr13","93033615","93033911","10","87673933"
"chr14","5366317","5366620","chr1","37223173","37223482","54","31856856"
"chr14","5382024","5382334","chr13","93058086","93058393","11","87676062"
"chr14","5955070","5955245","chr13","93634392","93634559","17","87679322"
"chr14","6163982","6164288","chr13","93843444","93843746","8","87679462"
"chr14","6480831","6481091","chr14","10943659","10943925","36","4462828"
"chr14","6560547","6560851","chr13","94245604","94245913","12","87685057"
"chr14","7363673","7363968","chr13","95046972","95047279","41","87683299"
"chr14","7738857","7739151","chr13","95423723","95424019","10","87684866"
"chr14","7982610","7982931","chr13","95666527","95666847","18","87683917"
"chr14","8055927","8056207","chr12","41553520","41553801","35","33497593"
"chr14","8367348","8367654","chr13","96053626","96053932","10","87686278"
"chr14","8484194","8484505","chr13","96169712","96170032","21","87685518"
"chr14","8531994","8532309","chr13","96217837","96218143","24","87685843"
"chr14","8862186","8862367","chr10","77946716","77946893","29","69084530"
"chr14","9048830","9049135","chr13","57520502","57520807","47","48471672"
"chr14","9152507","9152795","chr10","27594987","27595275","31","18442480"
"chr14","9463757","9464052","chr4","153173836","153174115","54","143710079"
"chr14","9596950","9597251","chr13","97287051","97287354","4","87690101"
"chr14","9671014","9671311","chr7","55642622","55642915","55","45971608"
"chr14","9795977","9796262","chr13","97490422","97490697","17","87694445"
"chr14","9846918","9847210","chr13","97544126","97544422","6","87697208"
"chr14","9879922","9880235","chr1","28146328","28146638","51","18266406"
"chr14","9956475","9956754","chr13","97655991","97656270","12","87699516"
"chr14","10019976","10020242","chr13","97719362","97719628","11","87699386"
"chr14","10080785","10081079","chr13","97780983","97781295","30","87700198"
"chr14","10102713","10103013","chr13","97802310","97802635","38","87699597"
"chr14","10245287","10245494","chr13","97952225","97952432","5","87706938"
"chr14","10262925","10263069","chr13","97969578","97969719","7","87706653"
"chr14","10503539","10503851","chr13","98207211","98207519","18","87703672"
"chr14","10845421","10845707","chr13","98550528","98550811","9","87705107"
"chr14","11000017","11000158","chr12","82717468","82717611","19","71717451"
"chr14","11887180","11887477","chr18","12552630","12552925","26","665450"
"chr14","11995623","11995846","chr15","81723402","81723630","38","69727779"
"chr14","12049493","12049799","chrX","19345246","19345553","50","7295753"
"chr14","12092338","12092644","chr13","99785964","99786273","10","87693626"
"chr14","12095837","12096143","chr13","99789444","99789746","11","87693607"
"chr14","12123066","12123364","chr4","68671582","68671879","41","56548516"
"chr14","12154562","12154679","chr4","52283470","52283609","37","40128908"
"chr14","12223349","12223624","chr16","9079401","9079679","34","3143948"
"chr14","12273434","12273720","chr13","99961419","99961711","10","87687985"
"chr14","12284025","12284262","chr13","99972346","99972579","19","87688321"
"chr14","12359958","12360244","chr13","100050480","100050766","7","87690522"
"chr14","12381451","12381752","chr13","100072689","100072985","25","87691238"
"chr14","12477197","12477489","chr10","19684311","19684605","39","7207114"
"chr14","12543335","12543637","chr13","100232950","100233242","31","87689615"
"chr14","13080411","13080712","chr13","100773825","100774127","13","87693414"
"chr14","13167922","13168107","chr20","50520982","50521159","31","37353060"
"chr14","13168400","13168541","chr1","12474894","12475046","29","693506"
"chr14","13187365","13187527","chr13","100881283","100881442","10","87693918"
"chr14","13187839","13187920","chr2","38490700","38490776","21","25302861"
"chr14","13189846","13190145","chr13","100883919","100884214","9","87694073"
"chr14","13221644","13221935","chr2","86969703","86969998","56","73748059"
"chr14","13237655","13237950","chr13","100932796","100933102","14","87695141"
"chr14","13240795","13241093","chr13","100935950","100936260","17","87695155"
"chr14","13243642","13243804","chr1","14814048","14814219","33","1570406"
"chr14","13257017","13257329","chr3","118741579","118741889","41","105484562"
"chr14","13645149","13645419","chr16","18176399","18176675","37","4531250"
"chr14","13662228","13662469","chr8","7200111","7200363","47","6462117"
"chr14","14345109","14345415","chr1","119540011","119540320","43","105194902"
"chr14","14345420","14345548","chr13","102045852","102045981","4","87700432"
"chr14","14353630","14353933","chr13","102053724","102054033","19","87700094"
"chr14","14574274","14574569","chr13","102274665","102274959","6","87700391"
"chr14","14747370","14747653","chr13","102449824","102450097","21","87702454"
"chr14","14785941","14786223","chr10","27594987","27595275","29","12809046"
"chr14","14787573","14787728","chr13","102490726","102490907","29","87703153"
"chr14","14889129","14889294","chr13","102593029","102593198","5","87703900"
"chr14","14905684","14905927","chr3","169987951","169988186","36","155082267"
"chr14","14912055","14912362","chr13","102622556","102622852","32","87710501"
"chr14","14919117","14919423","chr13","102622556","102622852","30","87703439"
"chr14","14979850","14980022","chr6","68791130","68791305","27","53811280"
"chr14","15131293","15131584","chr9","55799302","55799592","37","40668009"
"chr14","15475027","15475294","chr13","103175314","103175583","14","87700287"
"chr14","15591278","15591554","chr1","185490436","185490721","54","169899158"
"chr14","15641011","15641301","chr13","103344326","103344621","24","87703315"
"chr14","15675119","15675422","chr13","103378952","103379257","11","87703833"
"chr14","15830879","15831197","chr13","103533821","103534116","33","87702942"
"chr14","15946585","15946667","chr13","103651745","103651827","3","87705160"
"chr14","15951645","15951727","chr13","103651745","103651827","3","87700100"
"chr14","16150630","16150929","chr6","163349643","163349943","43","147199013"
"chr14","16256193","16256487","chr13","103972417","103972708","9","87716224"
"chr14","16299839","16300138","chr13","104015571","104015870","6","87715732"
"chr14","16615257","16615545","chr3","159370541","159370828","63","142755284"
"chr14","17028276","17028573","chr13","104919385","104919673","32","87891109"
"chr14","18214489","18214771","chr4","86313325","86313566","83","68098836"
"chr14","18249786","18249888","chr13","86495295","86495397","1","68245509"
"chr14","18250964","18251260","chr13","86493936","86494226","23","68242972"
"chr14","18263552","18263832","chr2","85232750","85233032","43","66969198"
"chr14","18297633","18297919","chr13","86447863","86448147","15","68150230"
"chr14","18341330","18341636","chr1","37223173","37223482","51","18881843"
"chr14","18453986","18454256","chr13","86285933","86286217","17","67831947"
"chr14","18574255","18574553","chr13","86154033","86154328","14","67579778"
"chr14","18753601","18753832","chr7","129835161","129835390","27","111081560"
"chr14","18756813","18757108","chr13","85970112","85970406","6","67213299"
"chr14","18869368","18869663","chr13","85859748","85860060","25","66990380"
"chr14","18903881","18904172","chr13","85826031","85826317","11","66922150"
"chr14","18945561","18945873","chr13","85784662","85784977","12","66839101"
"chr14","18987839","18987990","chr12","19037809","19037962","24","49970"
"chr14","20778664","20778957","chr11","66156682","66156974","39","45378018"
"chr14","20849875","20850074","chr13","85056606","85056804","3","64206731"
"chr14","20975339","20975542","chr2","182777244","182777417","55","161801905"
"chr14","21015056","21015361","chr16","40386842","40387152","35","19371786"
"chr14","21027116","21027419","chr13","84879507","84879812","14","63852391"
"chr14","21064386","21064683","chr13","84842297","84842594","7","63777911"
"chr14","21168244","21168579","chr1","47966964","47967278","61","26798720"
"chr14","21544482","21544496","chr9","32916732","32916748","12","11372250"
"chr14","21544530","21544793","chr15","6438791","6439051","37","15105739"
"chr14","21570159","21570469","chr13","84330159","84330470","12","62760000"
"chr14","21606632","21606916","chr13","84294163","84294447","3","62687531"
"chr14","21623283","21623567","chr13","84277127","84277423","17","62653844"
"chr14","21714819","21715125","chr16","64691706","64692019","43","42976887"
"chr14","21826004","21826150","chr13","84074447","84074581","14","62248443"
"chr14","21826762","21826973","chr13","84073609","84073821","10","62246847"
"chr14","21880237","21880531","chr13","84018936","84019237","15","62138699"
"chr14","22038195","22038465","chr10","20577710","20577989","52","1460485"
"chr14","22065144","22065449","chr8","56782524","56782826","39","34717380"
"chr14","22083899","22084105","chr13","83806320","83806526","8","61722421"
"chr14","22096221","22096428","chr9","50980329","50980539","40","28884108"
"chr14","22115466","22115672","chr13","83806320","83806526","5","61690854"
"chr14","22123634","22123939","chr13","83793241","83793533","29","61669607"
"chr14","22159367","22159661","chr13","83763747","83764039","8","61604380"
"chr14","22216042","22216340","chr13","83704350","83704640","16","61488308"
"chr14","22250160","22250445","chr13","83667640","83667925","15","61417480"
"chr14","22489314","22489605","chr13","83424701","83424994","13","60935387"
"chr14","22588195","22588508","chr13","83319252","83319549","20","60731057"
"chr14","22951761","22952003","chr13","82934532","82934790","25","59982771"
"chr14","23016057","23016256","chr1","169877937","169878138","9","146861880"
"chr14","23185185","23185472","chr1","170046464","170046751","13","146861279"
"chr14","23363090","23363392","chr13","82762068","82762362","20","59398978"
"chr14","23728275","23728586","chr3","153425123","153425425","42","129696848"
"chr14","23922150","23922456","chr13","82179792","82180102","18","58257642"
"chr14","24115572","24115596","chr13","77378324","77378343","15","53262752"
"chr14","24115713","24115999","chr13","81986651","81986964","35","57870938"
"chr14","24181765","24182074","chr13","81922206","81922500","29","57740441"
"chr14","24794276","24794563","chr13","81306082","81306368","23","56511806"
"chr14","24974133","24974454","chr13","81124314","81124599","42","56150181"
"chr14","25008026","25008193","chr5","72620572","72620744","41","47612546"
"chr14","25284323","25284628","chr13","80808730","80809035","19","55524407"
"chr14","25428303","25428502","chr13","80662645","80662844","14","55234342"
"chr14","25597590","25597896","chr3","14948241","14948545","54","10649349"
"chr14","25658753","25659052","chr13","80428669","80428966","15","54769916"
"chr14","25682560","25682827","chr13","80404322","80404589","7","54721762"
"chr14","25815544","25815831","chrX","51732848","51733139","46","25917304"
"chr14","26292298","26292605","chr13","79746230","79746537","11","53453932"
"chr14","26805362","26805671","chr13","79224116","79224419","15","52418754"
"chr14","26838486","26838800","chr13","79190966","79191261","28","52352480"
"chr14","26851031","26851312","chr13","79178148","79178430","7","52327117"
"chr14","27429221","27429529","chr13","78597558","78597854","31","51168337"
"chr14","27485401","27485682","chr13","78540667","78540966","25","51055266"
"chr14","27596128","27596424","chr13","78429792","78430090","12","50833664"
"chr14","27622720","27622994","chr4","153173836","153174115","36","125551116"
"chr14","27706623","27706925","chr13","78315982","78316267","32","50609359"
"chr14","27946554","27946697","chr6","118045458","118045604","34","90098904"
"chr14","28325752","28326070","chr13","77680541","77680869","35","49354789"
"chr14","28412179","28412489","chr13","77597074","77597383","28","49184895"
"chr14","28431658","28431940","chr13","77579013","77579306","22","49147355"
"chr14","28541149","28541340","chr13","77467848","77468039","1","48926699"
"chr14","29198954","29199264","chr13","76796546","76796852","17","47597592"
"chr14","29854385","29854680","chr12","96219152","96219443","58","66364767"
"chr14","30191161","30191495","chr13","76019890","76020191","41","45828729"
"chr14","30290019","30290320","chr13","75920090","75920402","22","45630071"
"chr14","30348316","30348624","chr13","75861560","75861850","26","45513244"
"chr14","30420644","30420914","chr2","125218818","125219081","46","94798174"
"chr14","31074939","31075232","chr3","168176773","168177064","56","137101834"
"chr14","31459599","31459738","chr13","74719317","74719455","8","43259718"
"chr14","31593194","31593511","chr13","74573593","74573894","25","42980399"
"chr14","31703423","31703714","chr13","74451858","74452155","18","42748435"
"chr14","31747787","31748057","chr13","74407168","74407437","3","42659381"
"chr14","31981631","31981926","chr11","13993220","13993517","43","17988411"
"chr14","32377221","32377524","chr12","94360082","94360384","32","61982861"
"chr14","32475116","32475415","chr3","68390547","68390835","24","35915431"
"chr14","32704581","32704889","chr13","73438384","73438694","6","40733803"
"chr14","32972264","32972553","chr13","73165058","73165347","13","40192794"
"chr14","33010008","33010290","chr13","73125528","73125810","4","40115520"
"chr14","33022424","33022733","chr13","73113154","73113445","25","40090730"
"chr14","33055491","33055801","chr13","73079766","73080073","7","40024275"
"chr14","33060695","33060989","chr13","73074601","73074891","12","40013906"
"chr14","33084594","33084882","chr13","73049845","73050130","9","39965251"
"chr14","33109817","33110066","chr13","73022753","73022998","18","39912936"
"chr14","33159645","33159791","chr5","84386796","84386944","30","51227151"
"chr14","33301379","33301602","chr7","77503235","77503458","40","44201856"
"chr14","33426900","33427192","chr13","72704001","72704293","8","39277101"
"chr14","33427599","33427918","chr13","72703275","72703587","12","39275676"
"chr14","33485681","33485810","chr1","115571102","115571221","41","82085421"
"chr14","33537022","33537158","chr13","72579551","72579687","0","39042529"
"chr14","33592889","33593185","chr13","72522719","72523019","6","38929830"
"chr14","33774489","33774788","chr13","72339460","72339771","19","38564971"
"chr14","34033872","34034176","chr2","136356882","136357183","53","102323010"
"chr14","34287201","34287484","chr13","71813966","71814285","40","37526765"
"chr14","34371277","34371584","chr13","71729434","71729736","11","37358157"
"chr14","34590901","34591204","chrX","117827337","117827640","38","83236436"
"chr14","34857267","34857525","chr13","8787760","8788014","49","26069507"
"chr14","35182307","35182618","chr13","70888113","70888413","17","35705806"
"chr14","35198598","35198902","chr13","70871877","70872181","9","35673279"
"chr14","35450066","35450367","chr13","70623815","70624116","4","35173749"
"chr14","35552726","35553013","chr13","70521712","70521998","8","34968986"
"chr14","35653533","35653850","chr7","18109935","18110246","42","17543598"
"chr14","35669942","35670253","chr11","121457846","121458154","39","85787904"
"chr14","35751940","35752249","chr13","70316753","70317065","13","34564813"
"chr14","35795300","35795606","chr13","70272957","70273265","13","34477657"
"chr14","35801737","35801962","chr13","70266622","70266846","1","34464885"
"chr14","35975492","35975775","chr13","70090653","70090942","17","34115161"
"chr14","36356510","36356701","chr13","69699798","69699988","8","33343288"
"chr14","36577746","36578017","chr13","69476847","69477118","7","32899101"
"chr14","36682398","36682707","chr13","69372155","69372457","19","32689757"
"chr14","36734840","36735140","chr13","69317265","69317561","10","32582425"
"chr14","36751281","36751559","chr1","213558170","213558454","46","176806889"
"chr14","36777718","36778025","chr13","69271573","69271881","12","32493855"
"chr14","36778364","36778645","chr13","69267578","69267882","33","32489214"
"chr14","36805639","36805949","chr13","69234442","69234752","22","32428803"
"chr14","36848988","36849143","chr1","18759480","18759643","38","18089508"
"chr14","36876864","36877079","chr8","99113201","99113404","37","62236337"
"chr14","36938236","36938522","chr12","86464875","86465165","35","49526639"
"chr14","36944461","36944762","chr1","26493506","26493804","37","10450955"
"chr14","36953921","36954244","chr13","69081146","69081479","25","32127225"
"chr14","36991657","36991956","chr1","41727504","41727807","41","4735847"
"chr14","37003189","37003412","chr13","69025904","69026145","24","32022715"
"chr14","37027676","37027975","chr13","68997835","68998145","19","31970159"
"chr14","37145944","37146253","chr13","68882100","68882409","12","31736156"
"chr14","37253781","37253964","chr12","76449740","76449922","30","39195959"
"chr14","37254253","37254383","chr1","30028124","30028263","22","7226129"
"chr14","37341623","37341922","chr10","81306607","81306908","38","43964984"
"chr14","37368720","37369019","chr5","135516929","135517232","41","98148209"
"chr14","37468592","37468905","chr13","68555728","68556041","10","31087136"
"chr14","37475675","37475871","chr4","110043256","110043447","48","72567581"
"chr14","37488278","37488587","chr13","68535795","68536103","9","31047517"
"chr14","37670383","37670678","chr13","68353122","68353417","3","30682739"
"chr14","37750761","37751064","chr13","68269143","68269450","24","30518382"
"chr14","37782483","37782771","chr13","68236550","68236838","4","30454067"
"chr14","37841185","37841491","chr13","68176434","68176730","16","30335249"
"chr14","37853509","37853791","chr13","68163728","68164002","20","30310219"
"chr14","37863137","37863447","chr13","68154073","68154383","5","30290936"
"chr14","37952888","37953135","chr12","69579406","69579652","41","31626518"
"chr14","38023987","38024269","chr13","67994164","67994449","7","29970177"
"chr14","38205885","38206181","chr13","67808413","67808709","13","29602528"
"chr14","38272658","38272961","chr13","67741081","67741390","16","29468423"
"chr14","38293372","38293679","chr13","67720358","67720667","11","29426986"
"chr14","38498907","38499215","chr13","67516291","67516594","17","29017384"
"chr14","38584890","38585112","chr13","67430424","67430647","18","28845534"
"chr14","38953708","38953965","chr13","67046275","67046529","12","28092567"
"chr14","39245914","39246116","chr13","66759399","66759601","3","27513485"
"chr14","39295971","39296197","chr19","19138187","19138406","30","20157784"
"chr14","39673356","39673684","chr13","66336422","66336729","41","26663066"
"chr14","39854931","39855251","chr2","85769414","85769727","47","45914483"
"chr14","40450384","40450693","chr13","65562284","65562598","17","25111900"
"chr14","40511059","40511364","chr13","65501662","65501953","29","24990603"
"chr14","40699317","40699609","chr13","65306148","65306442","17","24606831"
"chr14","40856231","40856534","chr13","65148654","65148959","10","24292423"
"chr14","41027394","41027651","chr13","64972066","64972305","32","23944672"
"chr14","41451608","41451897","chr13","64525815","64526105","7","23074207"
"chr14","41460006","41460270","chr1","130526796","130527066","65","89066790"
"chr14","41502088","41502335","chr3","178838113","178838360","46","137336025"
"chr14","41523966","41524009","chr10","61963551","61963596","12","20439585"
"chr14","41747292","41747598","chr13","64226504","64226804","21","22479212"
"chr14","41872705","41873005","chr7","56709168","56709465","39","14836463"
"chr14","41921586","41921884","chr13","64051136","64051438","11","22129550"
"chr14","41923499","41923805","chr13","64049062","64049367","12","22125563"
"chr14","42100292","42100445","chr13","63871018","63871171","2","21770726"
"chr14","42143409","42143637","chr13","63828434","63828662","9","21685025"
"chr14","42321996","42322288","chr13","63652623","63652912","11","21330627"
"chr14","42343650","42343938","chr13","63630330","63630636","30","21286680"
"chr14","42346653","42346954","chr13","63627305","63627604","13","21280652"
"chr14","42355211","42355519","chr13","63618678","63618990","9","21263467"
"chr14","42395612","42395945","chr13","63578046","63578374","22","21182434"
"chr14","42406589","42406866","chr13","63565948","63566229","11","21159359"
"chr14","42453884","42454103","chr13","63517198","63517415","13","21063314"
"chr14","42521732","42522030","chr13","63444738","63445036","14","20923006"
"chr14","42583862","42584150","chr13","63382654","63382939","13","20798792"
"chr14","42633375","42633671","chr13","63332334","63332634","13","20698959"
"chr14","42701727","42702024","chr13","63263943","63264243","7","20562216"
"chr14","42735385","42735690","chr19","48411999","48412298","48","5676614"
"chr14","42806934","42807210","chr10","34197674","34197948","58","8609260"
"chr14","42816297","42816474","chr10","79785472","79785658","42","36969175"
"chr14","42949406","42949670","chr13","63016000","63016268","12","20066594"
"chr14","42950645","42950810","chr11","115621940","115622085","46","72671295"
"chr14","42957263","42957541","chr13","63007672","63007942","18","20050409"
"chr14","42977039","42977334","chr13","62987296","62987590","8","20010257"
"chr14","43019631","43019932","chr13","62941158","62941469","16","19921527"
"chr14","43047341","43047649","chr13","62913413","62913721","9","19866072"
"chr14","43182742","43182996","chr3","41518207","41518448","47","1664535"
"chr14","43183061","43183130","chr2","38490700","38490776","14","4692361"
"chr14","43507787","43508093","chr13","62448251","62448557","6","18940464"
"chr14","43551775","43552085","chr13","62404130","62404447","20","18852355"
"chr14","43554225","43554531","chr13","62401680","62401991","14","18847455"
"chr14","43591660","43591960","chr13","62364229","62364520","21","18772569"
"chr14","43905825","43906107","chr13","62035505","62035791","10","18129680"
"chr14","43995753","43996048","chr2","147796910","147797205","43","103801157"
"chr14","44081721","44082006","chr13","125180707","125180993","37","81098986"
"chr14","44236081","44236353","chr13","61707296","61707556","17","17471215"
"chr14","44516489","44516801","chr13","61414874","61415182","14","16898385"
"chr14","44547298","44547355","chr5","129346600","129346655","18","84799302"
"chr14","44547573","44547818","chr6","74313759","74314003","45","29766186"
"chr14","44577308","44577622","chr13","61352824","61353127","18","16775516"
"chr14","44631898","44632203","chr13","61300899","61301201","15","16669001"
"chr14","44674726","44675021","chr10","29913488","29913792","34","14761238"
"chr14","44720893","44721187","chr13","61210405","61210700","13","16489512"
"chr14","44851381","44851509","chr11","50202051","50202180","13","5350670"
"chr14","44896081","44896283","chr19","28254311","28254505","31","16641770"
"chr14","44903614","44903925","chr13","61028353","61028664","8","16124739"
"chr14","44929856","44930166","chr13","61002351","61002663","9","16072495"
"chr14","45013655","45013953","chr13","60920848","60921147","8","15907193"
"chr14","45013987","45014280","chr13","60920514","60920814","19","15906527"
"chr14","45017015","45017305","chr13","60918385","60918675","9","15901370"
"chr14","45081064","45081363","chr12","40902638","40902931","48","4178426"
"chr14","45145033","45145336","chr13","60793517","60793823","14","15648484"
"chr14","45147799","45148061","chr13","60791110","60791375","10","15643311"
"chr14","45177588","45177878","chr13","60760377","60760664","17","15582789"
"chr14","45216026","45216040","chr9","32916732","32916748","11","12299294"
"chr14","45292252","45292595","chr12","61945634","61945965","61","16653382"
"chr14","45489796","45490077","chr1","203713719","203714008","50","158223923"
"chr14","45490802","45491111","chr13","60438758","60439065","13","14947956"
"chr14","45543352","45543651","chr13","60387494","60387793","4","14844142"
"chr14","45588361","45588652","chr20","7476956","7477250","40","38111405"
"chr14","45605879","45606171","chr13","60321708","60322003","15","14715829"
"chr14","45626842","45627144","chr13","60298896","60299193","13","14672054"
"chr14","45648442","45648720","chr6","51494635","51494920","62","5846193"
"chr14","45675518","45675806","chr13","60250990","60251279","3","14575472"
"chr14","45677535","45677821","chr13","62035505","62035791","48","16357970"
"chr14","45714903","45715050","chr1","29749515","29749661","20","15965388"
"chr14","45715306","45715447","chr4","41177678","41177819","24","4537628"
"chr14","45719402","45719705","chr13","60207084","60207379","10","14487682"
"chr14","45723329","45723628","chr13","60203063","60203354","14","14479734"
"chr14","45766185","45766495","chr13","60160108","60160407","20","14393923"
"chr14","45796604","45796900","chrX","25734220","25734518","46","20062384"
"chr14","45840266","45840557","chr9","56137313","56137605","39","10297047"
"chr14","45842307","45842607","chr13","60085122","60085424","8","14242815"
"chr14","45870596","45870888","chr13","60056578","60056872","4","14185982"
"chr14","45899211","45899461","chr13","60027432","60027677","10","14128221"
"chr14","45900115","45900425","chr13","60026454","60026766","14","14126339"
"chr14","45906112","45906251","chrX","101901062","101901192","34","55994950"
"chr14","45908338","45908567","chr13","60018618","60018848","7","14110280"
"chr14","45917284","45917573","chr13","60009994","60010300","27","14092710"
"chr14","45937774","45938053","chr13","59990690","59990978","15","14052916"
"chr14","45946689","45946973","chr10","15206916","15207215","69","30739773"
"chr14","45956584","45956888","chr11","31128299","31128598","42","14828285"
"chr14","45990616","45990917","chr2","176864663","176864968","41","130874047"
"chr14","46000964","46001126","chr13","59915762","59915911","16","13914798"
"chr14","46040618","46040889","chr13","59877194","59877465","3","13836576"
"chr14","46071990","46072219","chr13","59841079","59841308","5","13769089"
"chr14","46086638","46086923","chr13","59826159","59826442","8","13739521"
"chr14","46164648","46164942","chr10","77889453","77889750","40","31724805"
"chr14","46184452","46184743","chr13","59729724","59730027","20","13545272"
"chr14","46216900","46217202","chr13","59698199","59698494","27","13481299"
"chr14","46273037","46273335","chr13","59646428","59646722","11","13373391"
"chr14","46326520","46326835","chr12","14273839","14274149","42","32052681"
"chr14","46398916","46399217","chrX","46529834","46530140","59","130918"
"chr14","46405120","46405419","chr13","59522497","59522796","4","13117377"
"chr14","46633814","46634093","chr13","59293582","59293861","4","12659768"
"chr14","46932275","46932377","chr14","61607316","61607420","11","14675041"
"chr14","47479324","47479620","chr13","58465444","58465751","24","10986120"
"chr14","47832861","47833156","chr13","58115431","58115721","23","10282570"
"chr14","47918753","47919065","chr12","71433217","71433527","43","23514464"
"chr14","47937963","47938274","chr9","27491096","27491410","40","20446867"
"chr14","48433028","48433334","chr13","57520502","57520807","12","9087474"
"chr14","48441393","48441628","chr13","57512373","57512598","32","9070980"
"chr14","48902911","48903199","chr13","57052998","57053284","4","8150087"
"chr14","49159473","49159758","chr13","56798526","56798811","9","7639053"
"chr14","49188683","49188976","chr3","172321468","172321762","37","123132785"
"chr14","49256010","49256320","chr13","56704252","56704563","12","7448242"
"chr14","50259042","50259341","chr1","55263731","55264029","38","5004689"
"chr14","50277354","50277666","chr13","55788978","55789295","25","5511624"
"chr14","50333624","50333778","chr13","55735420","55735574","1","5401796"
"chr14","50355687","50355949","chr13","55710938","55711202","16","5355251"
"chr14","50538071","50538324","chr13","55529062","55529318","6","4990991"
"chr14","50660614","50660907","chr13","55408925","55409226","12","4748311"
"chr14","50687427","50687673","chr13","55382254","55382500","10","4694827"
"chr14","50793382","50793517","chr12","79247829","79247970","28","28454447"
"chr14","51025675","51025961","chr13","55042528","55042817","11","4016853"
"chr14","51115402","51115639","chr13","54959161","54959400","10","3843759"
"chr14","51237158","51237464","chr13","54837187","54837497","10","3600029"
"chr14","51305402","51305704","chr13","54766641","54766943","8","3461239"
"chr14","51334719","51335029","chr13","54736499","54736803","14","3401780"
"chr14","51378323","51378423","chr13","54692680","54692780","3","3314357"
"chr14","51389180","51389459","chr13","54681018","54681299","13","3291838"
"chr14","51421671","51421904","chr7","19289778","19290012","39","32131893"
"chr14","51553285","51553585","chr13","54521610","54521906","14","2968325"
"chr14","51563936","51564164","chr13","54510741","54510968","5","2946805"
"chr14","51605199","51605455","chr13","54468557","54468845","38","2863358"
"chr14","51615709","51615779","chr1","93907446","93907507","23","42291737"
"chr14","51642634","51642940","chr14","77052495","77052806","40","25409861"
"chr14","51652058","51652340","chr19","38516970","38517253","48","13135088"
"chr14","51672641","51672799","chr1","134913047","134913205","32","83240406"
"chr14","51691373","51691668","chr13","54382657","54382953","4","2691284"
"chr14","51892526","51892606","chrX","117770003","117770089","15","65877477"
"chr14","52019049","52019271","chr13","54051950","54052172","9","2032901"
"chr14","52136066","52136357","chr13","53934372","53934663","12","1798306"
"chr14","52248181","52248454","chr13","53823948","53824241","27","1575767"
"chr14","52260852","52261138","chr13","53811182","53811468","7","1550330"
"chr14","52409975","52410256","chr13","53668010","53668290","6","1258035"
"chr14","52410278","52410504","chr1","130434749","130434980","39","78024471"
"chr14","52473978","52474267","chr15","27498585","27498875","35","24975393"
"chr14","52498387","52498672","chr13","53582661","53582944","14","1084274"
"chr14","52550200","52550499","chr13","53531793","53532101","17","981593"
"chr14","52605512","52605818","chr13","53476065","53476375","17","870553"
"chr14","52622015","52622314","chr13","53460976","53461285","23","838961"
"chr14","52745728","52746051","chr13","53336441","53336763","19","590713"
"chr14","52753134","52753287","chr3","30670695","30670828","39","22082439"
"chr14","52771543","52771848","chr13","53308047","53308351","6","536504"
"chr14","52919149","52919401","chr13","53165671","53165922","6","246522"
"chr14","52929421","52929682","chr16","54152126","54152389","31","1222705"
"chr14","52992743","52993017","chr13","53090682","53090956","2","97939"
"chr14","52994121","52994251","chr10","58172899","58173028","11","5178778"
"chr14","53005023","53005340","chr13","53078655","53078974","13","73632"
"chr14","53124949","53125096","chr2","1470791","1470932","17","51654158"
"chr14","53335878","53336030","chr13","52766814","52766966","5","569064"
"chr14","53485643","53485899","chr13","107191546","107191806","62","53705903"
"chr14","53736288","53736438","chr9","101801419","101801569","24","48065131"
"chr14","53736463","53736692","chr13","52358768","52358997","5","1377695"
"chr14","53838782","53839088","chr13","52258989","52259296","10","1579793"
"chr14","53981474","53981773","chr13","52119020","52119317","17","1862454"
"chr14","54266819","54267105","chr13","51840958","51841249","21","2425861"
"chr14","54335136","54335287","chr13","51780761","51780898","19","2554375"
"chr14","54667635","54667943","chr13","51451813","51452123","14","3215822"
"chr14","54732015","54732147","chr3","30670695","30670828","24","24061320"
"chr14","54844233","54844527","chr1","161732058","161732354","61","106887825"
"chr14","55006390","55006693","chr13","51112865","51113165","11","3893525"
"chr14","55404987","55405119","chr1","1238421","1238551","18","54166566"
"chr14","55405395","55405564","chr19","327379","327551","31","55078016"
"chr14","55465565","55465864","chr13","50657683","50657982","5","4807882"
"chr14","55538641","55538944","chr13","50587482","50587784","7","4951159"
"chr14","55563416","55563713","chr6","165900540","165900838","44","110337124"
"chr14","55778652","55778762","chr3","43168812","43168927","20","12609840"
"chr14","56089459","56089753","chr13","50054703","50054996","13","6034756"
"chr14","56315802","56316079","chr14","106355662","106355935","46","50039860"
"chr14","56380292","56380566","chr13","49772529","49772803","11","6607763"
"chr14","56645246","56645543","chr13","49509694","49509994","15","7135552"
"chr14","56775083","56775378","chr13","49378484","49378798","25","7396599"
"chr14","56776537","56776681","chr6","132836210","132836351","28","76059673"
"chr14","56811609","56811901","chr13","49343153","49343443","14","7468456"
"chr14","57076846","57077142","chr13","49105680","49105982","20","7971166"
"chr14","57332389","57332524","chr11","74966065","74966200","16","17633676"
"chr14","57463096","57463412","chr9","87213846","87214165","59","29750750"
"chr14","57487014","57487135","chr12","95132654","95132778","23","37645640"
"chr14","57566042","57566160","chr1","184578551","184578672","25","127012509"
"chr14","57652591","57652885","chr13","48541199","48541502","15","9111392"
"chr14","58573152","58573462","chr13","47636094","47636405","5","10937058"
"chr14","58639425","58639720","chr13","47573222","47573513","7","11066203"
"chr14","58642194","58642472","chr13","47571593","47571857","23","11070601"
"chr14","58660390","58660694","chr13","47553009","47553314","4","11107381"
"chr14","58685664","58685852","chr13","112496180","112496378","68","53810516"
"chr14","58706635","58706827","chr9","113485015","113485194","42","54778380"
"chr14","58706828","58707100","chr1","139397060","139397335","49","80690232"
"chr14","58763512","58763782","chr13","47454850","47455134","24","11308662"
"chr14","58841034","58841322","chr19","15906188","15906483","48","42934846"
"chr14","58868568","58868876","chr13","47347996","47348293","19","11520572"
"chr14","59205831","59206115","chr13","47006560","47006862","27","12199271"
"chr14","59308279","59308585","chr13","46903844","46904141","15","12404435"
"chr14","59321552","59321843","chr13","46890514","46890804","9","12431038"
"chr14","59341033","59341316","chr13","46871169","46871451","12","12469864"
"chr14","59398186","59398468","chr7","155788835","155789119","39","96390649"
"chr14","59425864","59425916","chr3","55441801","55441851","10","3984063"
"chr14","59426221","59426396","chr7","58056502","58056683","31","1369719"
"chr14","59435447","59435743","chr13","46786459","46786753","8","12648988"
"chr14","59502011","59502170","chrX","62196973","62197131","25","2694962"
"chr14","59540203","59540478","chr13","46656323","46656610","21","12883880"
"chr14","59722121","59722432","chr13","46470477","46470781","17","13251644"
"chr14","59761484","59761785","chr12","40902638","40902931","38","18858846"
"chr14","59767403","59767685","chr13","46424470","46424752","11","13342933"
"chr14","59772607","59772895","chr13","46419295","46419584","10","13353312"
"chr14","59777495","59777804","chr13","46413664","46413974","7","13363831"
"chr14","59782082","59782213","chr19","2243473","2243602","19","57538609"
"chr14","59782522","59782680","chr6","36728414","36728574","27","23054108"
"chr14","59783726","59784054","chr8","83441167","83441495","76","23657441"
"chr14","59869091","59869247","chr10","80391906","80392066","43","20522815"
"chr14","59869248","59869559","chr1","162506359","162506665","44","102637111"
"chr14","59869560","59869695","chr7","67494514","67494644","18","7624954"
"chr14","59894116","59894323","chr13","46297052","46297284","47","13597064"
"chr14","59983630","59983802","chr7","36544088","36544262","24","23439542"
"chr14","60044304","60044594","chr13","46145217","46145524","22","13899087"
"chr14","60103523","60103803","chr4","17756028","17756312","46","42347495"
"chr14","60294154","60294451","chr13","45892488","45892788","13","14401666"
"chr14","60332544","60332828","chr15","101909506","101909787","41","41576962"
"chr14","60465582","60465881","chr13","45720717","45721005","33","14744865"
"chr14","60552217","60552533","chrX","108383519","108383831","52","47831302"
"chr14","60594296","60594596","chr13","45592890","45593191","9","15001406"
"chr14","60789307","60789573","chr13","45410592","45410878","28","15378715"
"chr14","60906775","60907026","chr10","84583903","84584162","40","23677128"
"chr14","60978427","60978703","chr13","45223597","45223872","13","15754830"
"chr14","62016937","62017244","chr13","44205794","44206102","15","17811143"
"chr14","62050926","62051242","chr13","44170220","44170536","13","17880706"
"chr14","62094783","62095093","chr13","44128719","44129030","12","17966064"
"chr14","62260568","62260786","chr11","131051000","131051225","41","68790432"
"chr14","62577830","62577890","chr3","150333047","150333098","20","87755217"
"chr14","62583828","62583981","chr15","8780954","8781108","21","53802874"
"chr14","62655024","62655334","chr13","43566819","43567129","4","19088205"
"chr14","62707605","62707870","chr15","6438791","6439051","46","56268814"
"chr14","62784750","62784918","chr13","43435430","43435598","6","19349320"
"chr14","62817305","62817583","chr13","43405048","43405326","16","19412257"
"chr14","62914057","62914352","chr13","43308203","43308489","12","19605854"
"chr14","62940802","62941082","chr15","97061406","97061689","40","34120604"
"chr14","62987752","62988042","chr13","43234742","43235047","21","19753010"
"chr14","63057908","63058197","chr13","43165308","43165598","8","19892600"
"chr14","63455393","63455707","chr2","113938115","113938427","46","50482722"
"chr14","63473156","63473371","chr10","90385274","90385491","38","26912118"
"chr14","63473387","63473517","chr1","46697159","46697308","33","16776228"
"chr14","63578458","63578747","chr13","42651900","42652189","11","20926558"
"chr14","63602639","63602949","chr13","42628729","42629039","17","20973910"
"chr14","63619213","63619514","chr13","42603454","42603754","18","21015759"
"chr14","63625629","63625941","chr13","42610211","42610518","17","21015418"
"chr14","63641493","63641799","chr16","8652064","8652373","37","54989429"
"chr14","63680289","63680523","chr13","42551001","42551232","9","21129288"
"chr14","63765776","63766071","chr13","42470075","42470377","16","21295701"
"chr14","63908994","63909280","chr3","51291746","51292033","38","12617248"
"chr14","64031958","64032193","chr1","11127474","11127672","65","52904484"
"chr14","64042315","64042616","chr13","42193982","42194266","33","21848333"
"chr14","64058316","64058478","chr11","117505275","117505437","26","53446959"
"chr14","64154968","64155258","chr15","55683101","55683384","47","8471867"
"chr14","64474108","64474388","chr13","41766561","41766854","17","22707547"
"chr14","64568776","64569081","chr13","41673742","41674045","6","22895034"
"chr14","64576517","64576599","chr13","41665168","41665250","0","22911349"
"chr14","64607320","64607477","chr19","12482960","12483114","27","52124360"
"chr14","64624426","64624717","chr13","41613750","41614046","15","23010676"
"chr14","64630567","64630712","chr11","113745409","113745548","24","49114842"
"chr14","64630799","64631095","chr4","112779874","112780170","38","48149075"
"chr14","64643533","64643835","chr13","41600506","41600807","12","23043027"
"chr14","64688057","64688352","chr13","41556661","41556956","6","23131396"
"chr14","64694091","64694386","chr16","61212241","61212538","19","3481850"
"chr14","64802539","64802824","chr15","97061406","97061689","40","32258867"
"chr14","64829261","64829469","chr13","41408253","41408466","10","23421008"
"chr14","64846868","64847175","chr4","27134375","27134681","37","37712493"
"chr14","64974919","64975224","chr13","41263740","41264041","13","23711179"
"chr14","65076718","65076880","chr13","41164706","41164868","7","23912012"
"chr14","65106054","65106420","chr3","152549764","152550103","76","87443710"
"chr14","65125323","65125632","chr13","41115703","41116014","11","24009620"
"chr14","65136796","65137085","chr13","41104236","41104527","7","24032560"
"chr14","65238559","65238858","chr8","49920879","49921174","34","15317680"
"chr14","65597494","65597794","chr13","40650859","40651169","22","24946635"
"chr14","65693581","65693859","chr16","21781850","21782128","36","43911731"
"chr14","65727878","65728203","chr13","40524086","40524376","48","25203792"
"chr14","65845011","65845291","chr13","40403975","40404254","15","25441036"
"chr14","65940237","65940540","chr13","40308798","40309082","29","25631439"
"chr14","66321225","66321564","chr13","39930040","39930343","45","26391185"
"chr14","66780764","66781060","chr13","39467049","39467351","15","27313715"
"chr14","66793205","66793443","chr13","39455114","39455354","6","27338091"
"chr14","67105107","67105422","chr8","20357819","20358136","46","46747288"
"chr14","67311398","67311698","chr13","38943636","38943940","16","28367762"
"chr14","67528465","67528746","chr13","38740103","38740404","27","28788362"
"chr14","67528869","67529146","chr13","38740103","38740404","32","28788766"
"chr14","67730260","67730559","chr13","38546498","38546791","24","29183762"
"chr14","67748285","67748568","chr15","18032582","18032863","43","49715703"
"chr14","67921505","67921625","chr3","54081690","54081804","21","13839815"
"chr14","68059213","68059448","chr6","127742629","127742862","34","59683416"
"chr14","68101489","68101628","chr13","38183725","38183866","4","29917764"
"chr14","68170481","68170755","chr13","38113154","38113429","5","30057327"
"chr14","68198726","68198797","chr6","162084898","162084958","24","93886172"
"chr14","68200070","68200353","chr1","185707155","185707433","40","117507085"
"chr14","68222043","68222330","chr10","27594987","27595275","34","40627056"
"chr14","68327779","68328070","chr2","85232750","85233032","46","16904971"
"chr14","68341827","68342098","chr13","38019797","38020091","28","30322030"
"chr14","68502210","68502496","chr13","37860395","37860689","12","30641815"
"chr14","68554693","68554846","chr10","48352606","48352760","24","20202087"
"chr14","68558112","68558286","chr1","37344249","37344421","28","31213863"
"chr14","68572732","68573043","chr13","37788091","37788398","23","30784641"
"chr14","68592071","68592227","chrX","142278602","142278756","23","73686531"
"chr14","68596627","68596924","chr13","37761941","37762234","14","30834686"
"chr14","68599216","68599417","chr11","58671092","58671295","30","9928124"
"chr14","68603172","68603373","chr11","58671092","58671295","30","9932080"
"chr14","68624956","68625251","chr13","37732734","37733027","18","30892222"
"chr14","68628252","68628553","chr13","37729429","37729733","8","30898823"
"chr14","68719030","68719239","chr13","37636118","37636327","6","31082912"
"chr14","68725857","68726144","chr16","19883882","19884171","41","48841975"
"chr14","68799505","68799802","chr13","37556370","37556665","18","31243135"
"chr14","68878028","68878324","chr13","37480205","37480500","7","31397823"
"chr14","68945241","68945498","chr15","6438791","6439051","38","62506450"
"chr14","68988134","68988424","chr13","37374793","37375087","36","31613341"
"chr14","69031373","69031654","chr13","37330082","37330364","9","31701291"
"chr14","69232568","69232882","chr13","37135236","37135528","36","32097332"
"chr14","69494931","69495234","chr13","36868523","36868793","50","32626408"
"chr14","69584461","69584713","chr4","6597701","6597946","47","62986760"
"chr14","69622295","69622596","chr13","36743429","36743736","12","32878866"
"chr14","69641703","69642020","chr13","36726075","36726385","14","32915628"
"chr14","69689093","69689402","chr13","36681050","36681360","11","33008043"
"chr14","69792704","69793015","chr8","56789706","56790011","40","13002998"
"chr14","70209299","70209515","chr13","36170864","36171081","7","34038435"
"chr14","70224478","70224783","chr1","27513704","27514001","38","42710774"
"chr14","70238089","70238414","chr7","20015341","20015671","48","50222748"
"chr14","70250819","70250887","chr16","929496","929570","19","69321323"
"chr14","70274749","70275044","chr13","36106850","36107145","5","34167899"
"chr14","70280793","70280844","chr5","52006030","52006071","13","18274763"
"chr14","70397156","70397426","chr13","35986391","35986676","25","34410765"
"chr14","70405824","70406117","chr13","35978661","35978956","13","34427163"
"chr14","70412430","70412726","chr13","35971781","35972074","6","34440649"
"chr14","70417543","70417839","chr13","35966779","35967080","22","34450764"
"chr14","70432694","70432989","chr10","68769804","68770102","35","1662890"
"chr14","70433898","70434192","chr13","35950469","35950783","35","34483429"
"chr14","70459340","70459660","chr13","35925251","35925575","15","34534089"
"chr14","70497937","70498220","chr13","35887079","35887362","2","34610858"
"chr14","70504819","70504955","chr1","30028124","30028263","27","40476695"
"chr14","70512254","70512486","chr13","35873163","35873396","6","34639091"
"chr14","70591632","70591941","chrX","47694079","47694386","44","22897553"
"chr14","70595584","70595881","chr13","63444738","63445036","39","7150846"
"chr14","70601891","70602105","chr6","102038748","102038948","40","31436857"
"chr14","70609589","70609890","chr5","174041357","174041657","35","103431768"
"chr14","70610875","70611200","chr13","35776851","35777175","24","34834024"
"chr14","70639497","70639552","chr15","7554399","7554450","18","63085098"
"chr14","70639568","70639655","chr19","12998173","12998264","20","57641395"
"chr14","70639658","70639836","chr6","171104438","171104615","33","100464780"
"chr14","70640137","70640295","chr1","12474894","12475046","38","58165243"
"chr14","70920689","70920981","chr13","35474544","35474837","6","35446145"
"chr14","71169426","71169724","chr13","35224843","35225130","15","35944583"
"chr14","71254716","71254780","chr20","459004","459074","22","70795712"
"chr14","71408134","71408442","chr13","35002167","35002472","29","36405967"
"chr14","71420511","71420559","chr9","11727233","11727280","13","59693278"
"chr14","71832883","71833180","chr1","184613413","184613713","59","112780530"
"chr14","71897724","71898030","chr15","73326475","73326780","43","1428751"
"chr14","72154066","72154339","chr13","31307628","31307903","47","40846438"
"chr14","72797648","72797930","chr2","48273664","48273931","52","24523984"
"chr14","72884648","72884945","chr13","33560871","33561173","17","39323777"
"chr14","72904168","72904456","chr13","33541340","33541628","10","39362828"
"chr14","73047576","73047724","chr13","33391437","33391585","7","39656139"
"chr14","73374601","73374914","chr13","33071027","33071317","32","40303574"
"chr14","73389752","73390054","chr13","33055856","33056165","13","40333896"
"chr14","73427184","73427441","chr13","33020039","33020302","12","40407145"
"chr14","73481874","73482189","chr13","32968323","32968639","13","40513551"
"chr14","73545102","73545310","chr7","15740341","15740543","42","57804761"
"chr14","73574541","73574687","chr2","1470791","1470932","23","72103750"
"chr14","73575695","73575877","chr9","75763059","75763246","31","2187364"
"chr14","73600821","73601130","chr13","32856644","32856953","10","40744177"
"chr14","73632623","73632860","chr13","32826726","32826969","20","40805897"
"chr14","73646157","73646466","chr13","32813621","32813930","22","40832536"
"chr14","73925509","73925815","chr4","68671582","68671879","53","5253927"
"chr14","74140848","74141148","chr13","32329947","32330243","16","41810901"
"chr14","74234306","74234606","chr11","27505966","27506267","36","46728340"
"chr14","74589700","74590053","chr13","31917499","31917797","61","42672201"
"chr14","74612821","74613129","chr11","112482536","112482842","48","37869715"
"chr14","74639399","74639709","chr13","31872271","31872586","18","42767128"
"chr14","74694916","74695219","chr13","31820353","31820661","9","42874563"
"chr14","74787541","74787772","chr13","31733475","31733699","14","43054066"
"chr14","74812559","74812708","chr19","35471280","35471437","31","39341279"
"chr14","74815090","74815210","chr4","109215876","109215997","18","34400786"
"chr14","74821126","74821422","chr13","31712262","31712559","18","43108864"
"chr14","74854253","74854556","chr13","31677627","31677930","7","43176626"
"chr14","74856900","74857093","chr5","161826754","161826958","39","86969854"
"chr14","74881058","74881357","chr13","31651524","31651826","6","43229534"
"chr14","74999133","74999199","chr5","27820659","27820719","16","47178474"
"chr14","74999511","74999656","chrX","142278602","142278756","30","67279091"
"chr14","75061655","75061955","chr13","31472195","31472497","7","43589460"
"chr14","75104594","75104737","chr7","117118645","117118785","24","42014051"
"chr14","75122746","75123062","chr13","31410708","31411032","20","43712038"
"chr14","75125749","75126068","chr5","3302133","3302441","64","71823616"
"chr14","75130610","75130923","chr13","31403016","31403329","12","43727594"
"chr14","75156595","75156759","chr1","4362332","4362499","25","70794263"
"chr14","75208486","75208776","chr13","31333218","31333508","6","43875268"
"chr14","75250781","75251076","chr13","31288685","31288987","31","43962096"
"chr14","75284608","75284784","chr13","31257813","31257989","3","44026795"
"chr14","75308413","75308643","chr13","31234787","31235017","5","44073626"
"chr14","75329960","75330234","chr11","123197829","123198104","36","47867869"
"chr14","75426308","75426614","chr13","31112769","31113068","16","44313539"
"chr14","75429597","75429770","chr13","31109503","31109675","4","44320094"
"chr14","75439824","75440017","chr13","31098626","31098819","9","44341198"
"chr14","75443284","75443587","chr1","30339159","30339452","41","45104125"
"chr14","75452496","75452625","chr13","31083925","31084055","2","44368571"
"chr14","75468898","75469196","chr13","31068043","31068337","11","44400855"
"chr14","75482943","75483207","chr13","31052644","31052908","5","44430299"
"chr14","75491971","75492270","chr13","31043498","31043796","5","44448473"
"chr14","75553532","75553799","chr13","30980570","30980831","12","44572962"
"chr14","75559680","75559968","chr13","30974636","30974924","10","44585044"
"chr14","75584091","75584382","chr13","30950141","30950432","10","44633950"
"chr14","75584397","75584697","chr13","30949825","30950126","12","44634572"
"chr14","76282208","76282537","chr13","30266131","30266441","28","46016077"
"chr14","76567038","76567335","chr6","153732345","153732634","39","77165307"
"chr14","76691900","76692197","chr13","29879746","29880045","10","46812154"
"chr14","76992317","76992615","chr4","25786415","25786711","33","51205902"
"chr14","77032623","77032835","chr13","29546936","29547150","4","47485687"
"chr14","77156864","77157158","chr10","253491","253788","39","76903373"
"chr14","77370124","77370419","chr13","29223249","29223545","34","48146875"
"chr14","77384378","77384659","chr13","29208967","29209251","12","48175411"
"chr14","77594064","77594338","chr13","29008579","29008854","3","48585485"
"chr14","77940935","77941085","chr13","28677794","28677928","18","49263141"
"chr14","77957024","77957330","chr13","28662292","28662600","14","49294732"
"chr14","78032955","78033261","chr13","28593404","28593712","18","49439551"
"chr14","78167427","78167718","chr10","27594987","27595275","44","50572440"
"chr14","78355660","78355950","chr13","28274753","28275045","11","50080907"
"chr14","78396974","78397275","chr13","28233934","28234228","20","50163040"
"chr14","78410618","78410906","chr3","129034074","129034311","87","50623456"
"chr14","78505712","78505955","chr13","28129856","28130091","16","50375856"
"chr14","78677129","78677322","chr13","27962178","27962378","9","50714951"
"chr14","78708419","78708613","chr3","51737718","51737932","60","26970701"
"chr14","78749517","78749825","chr13","27890327","27890633","11","50859190"
"chr14","78820410","78820699","chr13","27816876","27817167","14","51003534"
"chr14","78842687","78842986","chr19","48174971","48175267","44","30667716"
"chr14","78862035","78862344","chr13","27775462","27775771","7","51086573"
"chr14","78951663","78951959","chr13","27685232","27685527","13","51266431"
"chr14","78962418","78962476","chr8","118526342","118526403","18","39563924"
"chr14","79017192","79017490","chr13","27622624","27622930","23","51394568"
"chr14","79056570","79056848","chr9","118511614","118511893","33","39455044"
"chr14","79242361","79242657","chr13","27402626","27402935","16","51839735"
"chr14","79257880","79258185","chr1","68981835","68982136","42","10276045"
"chr14","79312493","79312801","chr13","27333236","27333543","6","51979257"
"chr14","79323284","79323595","chr13","27322591","27322901","6","52000693"
"chr14","79335112","79335424","chr13","27309492","27309805","18","52025620"
"chr14","79488829","79489141","chr14","29316094","29316399","48","50172735"
"chr14","79507578","79507887","chr13","27140082","27140392","9","52367496"
"chr14","79681549","79681856","chr13","26962145","26962445","15","52719404"
"chr14","79761310","79761605","chr13","26883896","26884192","5","52877414"
"chr14","79780782","79780928","chr13","26870513","26870656","6","52910269"
"chr14","79902147","79902463","chr16","41169380","41169687","32","38732767"
"chr14","79909357","79909664","chr13","26738215","26738517","22","53171142"
"chr14","79945044","79945290","chr3","22343294","22343533","50","57601750"
"chr14","79961884","79962018","chr11","74966065","74966200","11","4995819"
"chr14","79962317","79962497","chr1","19775982","19776154","33","60186335"
"chr14","80026002","80026159","chr1","211480167","211480318","38","131454165"
"chr14","80026456","80026599","chr11","74966065","74966200","24","5060391"
"chr14","80040279","80040584","chr13","26613440","26613746","11","53426839"
"chr14","80095736","80096048","chr13","26557743","26558031","36","53537993"
"chr14","80194372","80194660","chr1","25815954","25816246","23","54378418"
"chr14","80209660","80209891","chr13","26440053","26440284","3","53769607"
"chr14","80335238","80335550","chr13","26313663","26313963","22","54021575"
"chr14","80361811","80361850","chr11","24360725","24360762","5","56001086"
"chr14","80362148","80362311","chr2","18802684","18802843","28","61559464"
"chr14","80435459","80435752","chr13","26205364","26205672","29","54230095"
"chr14","80466751","80467025","chr5","160679286","160679558","47","80212535"
"chr14","80729604","80729868","chr13","25917797","25918061","3","54811807"
"chr14","80886542","80886841","chr13","25768784","25769059","29","55117758"
"chr14","80974765","80974934","chr13","25682158","25682328","7","55292607"
"chr14","81287470","81287780","chr13","25381014","25381323","8","55906456"
"chr14","81311817","81312034","chr12","40269904","40270125","34","41041913"
"chr14","81529537","81529735","chr3","45194257","45194448","34","36335280"
"chr14","81531120","81531435","chr13","25154576","25154868","57","56376544"
"chr14","81567127","81567180","chr13","25118544","25118597","1","56448583"
"chr14","81595746","81596042","chr13","25090594","25090881","18","56505152"
"chr14","81626150","81626448","chr13","63444738","63445036","33","18181412"
"chr14","81634297","81634603","chr13","25052465","25052764","23","56581832"
"chr14","81642462","81642671","chr19","9907754","9907962","38","71734708"
"chr14","81661183","81661474","chr13","25024827","25025120","11","56636356"
"chr14","81735538","81735831","chr1","218083470","218083765","40","136347932"
"chr14","81746677","81746855","chr12","57375913","57376086","39","24370764"
"chr14","81759697","81759975","chr1","145169343","145169619","43","63409646"
"chr14","81783664","81783950","chr13","24907045","24907333","11","56876619"
"chr14","81828371","81828681","chr13","24862248","24862559","5","56966123"
"chr14","82094134","82094319","chr19","45518170","45518350","26","36575964"
"chr14","82270824","82271115","chr13","24423424","24423715","4","57847400"
"chr14","82299292","82299582","chr13","24394450","24394739","9","57904842"
"chr14","82381616","82381739","chr11","74966065","74966200","23","7415551"
"chr14","82382055","82382227","chr10","18431579","18431752","28","63950476"
"chr14","82389525","82389832","chr13","24299174","24299481","5","58090351"
"chr14","82472841","82473121","chr13","24218281","24218560","4","58254560"
"chr14","82535507","82535607","chr17","45411835","45411935","15","37123672"
"chr14","82698207","82698499","chr13","23995139","23995431","5","58703068"
"chr14","82727820","82728104","chr13","23966176","23966462","11","58761644"
"chr14","82769928","82770170","chr13","23924781","23925022","8","58845147"
"chr14","82781729","82781865","chr13","23912617","23912753","1","58869112"
"chr14","82792188","82792471","chr13","23901713","23901994","13","58890475"
"chr14","82807617","82807895","chr13","23886120","23886398","3","58921497"
"chr14","82872967","82873260","chr13","23820100","23820388","15","59052867"
"chr14","82882711","82882842","chr10","73050153","73050283","11","9832558"
"chr14","82920902","82921210","chr13","23770951","23771259","10","59149951"
"chr14","83032290","83032579","chr13","23660453","23660754","21","59371837"
"chr14","83217523","83217820","chr13","23473736","23474026","17","59743787"
"chr14","83236542","83236822","chr13","23454882","23455162","7","59781660"
"chr14","83274159","83274418","chr10","50833445","50833695","39","32440714"
"chr14","83299807","83300099","chr13","23386234","23386533","16","59913573"
"chr14","83311182","83311481","chr13","23374783","23375086","14","59936399"
"chr14","83314961","83315262","chr13","23370393","23370699","14","59944568"
"chr14","83320460","83320753","chr13","23367177","23367476","13","59953283"
"chr14","83323355","83323404","chr2","47576719","47576770","12","35746636"
"chr14","83323708","83323873","chr5","58040847","58041007","29","25282861"
"chr14","83377129","83377426","chr13","23309365","23309664","6","60067764"
"chr14","83580977","83581292","chr5","52432809","52433108","50","31148168"
"chr14","83644043","83644299","chr10","34197674","34197948","54","49446369"
"chr14","83653873","83654164","chr13","23024096","23024386","25","60629777"
"chr14","83658653","83658945","chr16","19889407","19889704","35","63769246"
"chr14","83690595","83690865","chr15","42404397","42404671","38","41286198"
"chr14","83713250","83713528","chr13","22964716","22965026","43","60748534"
"chr14","83725243","83725528","chr13","22949253","22949537","9","60775990"
"chr14","83750253","83750550","chr13","22924291","22924589","9","60825962"
"chr14","83805998","83806301","chr13","22870774","22871078","11","60935224"
"chr14","84019424","84019733","chr2","1378446","1378754","45","82640978"
"chr14","84328704","84328989","chr13","22337640","22337948","29","61991064"
"chr14","84368220","84368527","chr13","22297920","22298227","8","62070300"
"chr14","84394483","84394765","chr13","22271454","22271764","41","62123029"
"chr14","84473356","84473610","chr13","22193479","22193734","7","62279877"
"chr14","84768381","84768676","chr4","30456387","30456685","51","54311994"
"chr14","85054015","85054339","chr1","86338655","86338977","42","1284640"
"chr14","85296963","85297234","chr13","21363515","21363789","12","63933448"
"chr14","85346878","85346929","chr14","4007549","4007614","20","81339329"
"chr14","85740980","85741262","chr4","112261425","112261709","47","26520445"
"chr14","86642758","86643052","chr13","20059900","20060188","12","66582858"
"chr14","86940122","86940192","chr15","38389824","38389887","20","48550298"
"chr14","86994990","86995296","chr13","19730863","19731170","7","67264127"
"chr14","87095512","87095793","chr13","112183064","112183359","49","25087552"
"chr14","87331679","87331962","chr4","151232086","151232347","80","63900407"
"chr14","87390254","87390550","chr1","37251221","37251519","54","50139033"
"chr14","87426574","87426809","chr13","19303867","19304102","4","68122707"
"chr14","87457547","87457765","chr13","19273429","19273654","8","68184118"
"chr14","87466547","87466840","chr13","19264669","19264962","6","68201878"
"chr14","87952603","87952761","chr2","50073640","50073802","31","37878963"
"chr14","87952791","87952909","chr8","75401550","75401667","20","12551241"
"chr14","88427555","88427858","chr7","59044821","59045121","41","29382734"
"chr14","88831736","88832029","chr13","17889012","17889303","10","70942724"
"chr14","89004385","89004658","chr1","207081299","207081582","53","118076914"
"chr14","89037525","89037809","chr13","17677558","17677846","18","71359967"
"chr14","89056734","89057045","chr13","17658373","17658689","22","71398361"
"chr14","89117281","89117589","chr13","17597408","17597710","15","71519873"
"chr14","89177699","89178002","chr13","17537060","17537355","24","71640639"
"chr14","89278572","89278866","chr13","17437038","17437328","13","71841534"
"chr14","89912380","89912538","chr13","16802104","16802262","8","73110276"
"chr14","90037102","90037388","chr13","16677181","16677471","13","73359921"
"chr14","90089296","90089588","chr13","16625513","16625810","23","73463783"
"chr14","90369120","90369427","chr5","72659276","72659580","38","17709844"
"chr14","90531888","90532198","chr5","101329543","101329852","39","10797655"
"chr14","90660367","90660680","chr13","16040306","16040608","23","74620061"
"chr14","90928907","90929217","chr13","15771264","15771572","12","75157643"
"chr14","91396906","91397217","chr13","15302922","15303259","32","76093984"
"chr14","91425656","91425966","chr13","15274636","15274950","14","76151020"
"chr14","91426047","91426139","chr14","82387847","82387938","10","9038200"
"chr14","91544436","91544742","chr13","15167996","15168305","12","76376440"
"chr14","91577874","91578171","chr13","15134450","15134748","4","76443424"
"chr14","91578267","91578402","chr1","9379795","9379930","26","82198472"
"chr14","91753160","91753501","chr13","14971442","14971772","35","76781718"
"chr14","91761314","91761590","chr13","14963825","14964101","4","76797489"
"chr14","91990574","91990883","chr13","14745237","14745545","5","77245337"
"chr14","92126737","92127083","chr5","34249818","34250173","79","57876919"
"chr14","92407154","92407251","chr8","46065071","46065165","12","46342083"
"chr14","92544337","92544464","chr12","80262012","80262141","16","12282325"
"chr14","92617377","92617688","chr13","14156070","14156381","11","78461307"
"chr14","92621454","92621733","chr7","19053113","19053384","80","73568341"
"chr14","92745364","92745662","chr13","14030772","14031070","12","78714592"
"chr14","92785530","92785826","chr15","105626428","105626724","39","12840898"
"chr14","92862826","92863152","chr13","13915075","13915382","29","78947751"
"chr14","93098327","93098617","chr13","13684260","13684558","21","79414067"
"chr14","93142563","93142862","chr13","13643299","13643593","18","79499264"
"chr14","93195595","93195901","chr13","13594116","13594403","31","79601479"
"chr14","94459652","94459821","chr7","135329144","135329303","33","40869492"
"chr14","94736195","94736499","chr13","12117667","12117975","34","82618528"
"chr14","94834787","94835080","chr13","12021184","12021477","13","82813603"
"chr14","94836386","94836693","chr13","12019569","12019874","17","82816817"
"chr14","95634895","95635205","chr13","11217825","11218136","13","84417070"
"chr14","95663573","95663838","chr13","112546160","112546432","43","16882587"
"chr14","95731143","95731439","chr2","183784653","183784952","40","88053510"
"chr14","96157667","96157778","chr13","10716712","10716824","9","85440955"
"chr14","96162800","96163113","chr13","10712004","10712322","20","85450796"
"chr14","96237169","96237451","chr3","81141378","81141650","61","15095791"
"chr14","96258151","96258431","chr13","10621555","10621835","9","85636596"
"chr14","96287318","96287624","chr13","10591281","10591583","15","85696037"
"chr14","96320403","96320704","chr13","10559200","10559509","14","85761203"
"chr14","96324401","96324700","chr13","10555207","10555500","9","85769194"
"chr14","96402148","96402501","chr20","46117573","46117885","68","50284575"
"chr14","96454243","96454553","chr1","144579665","144579970","40","48125422"
"chr14","96472037","96472321","chr13","10410755","10411038","17","86061282"
"chr14","96539456","96539753","chr13","10345750","10346048","12","86193706"
"chr14","96618200","96618473","chrX","86004180","86004459","41","10614020"
"chr14","96741739","96742030","chr6","59390513","59390832","62","37351226"
"chr14","96899234","96899380","chr13","10001678","10001824","3","86897556"
"chr14","96934730","96934998","chr13","9967822","9968072","24","86966908"
"chr14","96978196","96978499","chr13","9924488","9924792","7","87053708"
"chr14","97023620","97023700","chr10","15069049","15069136","13","81954571"
"chr14","97073182","97073492","chr13","9830713","9831037","24","87242469"
"chr14","97213674","97213979","chr13","9702571","9702879","10","87511103"
"chr14","97434854","97435077","chr13","9495386","9495625","33","87939468"
"chr14","97491352","97491646","chr13","9440655","9440950","8","88050697"
"chr14","97536481","97536624","chr13","9395618","9395761","6","88140863"
"chr14","97573323","97573616","chr13","9356827","9357128","15","88216496"
"chr14","97579336","97579650","chr6","52574114","52574421","60","45005222"
"chr14","97711777","97711866","chr2","177470539","177470634","14","79758762"
"chr14","97765983","97766277","chr6","160821501","160821795","44","63055518"
"chr14","97772732","97773028","chr13","9158492","9158788","2","88614240"
"chr14","97884686","97884982","chr13","9048886","9049181","11","88835800"
"chr14","97912589","97912794","chr15","39024695","39024895","34","58887894"
"chr14","97913548","97913839","chr13","9024356","9024658","22","88889192"
"chr14","97964898","97965139","chr1","11178413","11178640","52","86786485"
"chr14","97992853","97993152","chr13","8946562","8946860","7","89046291"
"chr14","98045401","98045696","chr13","8897774","8898067","6","89147627"
"chr14","98045896","98046211","chr13","8897248","8897574","14","89148648"
"chr14","98056269","98056575","chr13","8879006","8879318","12","89177263"
"chr14","98142926","98143232","chr13","8789340","8789635","17","89353586"
"chr14","98144554","98144811","chr13","8787760","8788014","7","89356794"
"chr14","98239073","98239370","chr13","8694529","8694822","11","89544544"
"chr14","98285139","98285439","chr13","8649878","8650176","13","89635261"
"chr14","98498665","98498962","chr13","8443588","8443886","15","90055077"
"chr14","98696759","98697048","chr13","8240448","8240741","11","90456311"
"chr14","98743992","98744282","chr13","8191352","8191652","13","90552640"
"chr14","98983667","98983813","chr13","7950083","7950228","1","91033584"
"chr14","99265624","99265932","chr13","7674605","7674902","14","91591019"
"chr14","99710149","99710487","chr5","137026086","137026425","54","37315937"
"chr14","99755996","99756268","chr13","7205019","7205291","10","92550977"
"chr14","99807776","99808075","chr13","7148336","7148633","10","92659440"
"chr14","100006977","100007282","chr13","6955978","6956284","11","93050999"
"chr14","100073269","100073619","chr15","24555115","24555456","91","75518154"
"chr14","100073629","100073772","chr18","9574737","9574878","25","90498892"
"chr14","100211449","100211752","chr16","15249800","15250100","39","84961649"
"chr14","100405302","100405586","chr13","6559333","6559621","8","93845969"
"chr14","100838806","100839110","chr13","6111421","6111719","15","94727385"
"chr14","101140975","101141276","chr1","207037205","207037507","44","105896230"
"chr14","101297713","101297835","chr15","101930394","101930517","17","632681"
"chr14","101408999","101409142","JH682906","39068","39209","28","101369931"
"chr14","101409195","101409354","chr5","130050020","130050176","38","28640825"
"chr14","102115492","102115808","chr13","4860792","4861108","9","97254700"
"chr14","102192560","102192843","chr13","4785351","4785638","15","97407209"
"chr14","102545833","102546139","chr2","184554529","184554839","33","82008696"
"chr14","102586949","102587178","chrX","21909729","21909954","42","80677220"
"chr14","102644852","102645159","chr18","25179285","25179589","53","77465567"
"chr14","102893497","102893780","chr10","12149337","12149626","42","90744160"
"chr14","103325435","103325725","chr13","3735345","3735634","4","99590090"
"chr14","103353866","103354152","chr13","3706462","3706756","26","99647404"
"chr14","103375910","103376225","chr13","3684911","3685226","8","99690999"
"chr14","103830372","103830691","chr13","3217900","3218206","21","100612472"
"chr14","103969905","103970213","chr13","3091046","3091351","12","100878859"
"chr14","103994513","103994809","chr13","3066437","3066733","8","100928076"
"chr14","104079921","104080054","chr4","52283470","52283609","30","51796451"
"chr14","104080365","104080456","chrX","62719211","62719304","16","41361154"
"chr14","104348128","104348413","chr13","4270009","4270297","16","100078119"
"chr14","104658104","104658402","chr1","66351354","66351651","9","38306750"
"chr14","104744217","104744502","chr13","2851149","2851434","12","101893068"
"chr14","105196483","105196763","chr13","2416107","2416385","12","102780376"
"chr14","105216699","105216999","chr13","2395291","2395588","9","102821408"
"chr14","105400946","105401254","chr7","52596334","52596625","57","52804612"
"chr14","105494704","105494885","chr11","57418414","57418583","33","48076290"
"chr14","106045310","106045360","chr13","1581395","1581445","2","104463915"
"chr14","106064100","106064399","chr13","1563108","1563408","8","104500992"
"chr14","106097631","106097760","chr2","60232972","60233096","13","45864659"
"chr14","106348276","106348575","chr1","217770749","217771048","43","111422473"
"chr14","106629037","106629229","chr1","124997651","124997842","52","18368614"
"chr14","106693264","106693474","chr13","961348","961554","11","105731916"
"chr14","106878635","106878943","chr13","787246","787552","24","106091389"
"chr14","106984367","106984685","chrX","33033919","33034230","45","73950448"
"chr14","107177985","107178287","chr13","514906","515219","32","106663079"
"chr14","107603435","107603632","chr3","46053436","46053645","57","61549999"
"chr14","107603666","107603851","chr4","14479468","14479656","27","93124198"
"chr15","30408687","30408933","chr2","125731062","125731312","8","95322375"
"chr15","126009","126317","chr2","96115382","96115678","22","95989373"
"chr15","765392","765689","chr2","96759382","96759679","10","95993990"
"chr15","851240","851544","chr2","96845610","96845918","11","95994370"
"chr15","949559","949848","chr8","19885050","19885342","33","18935491"
"chr15","1191237","1191532","chr2","97204025","97204320","4","96012788"
"chr15","1254753","1255029","chr6","145117584","145117864","38","143862831"
"chr15","1257309","1257603","chr9","83759698","83759973","58","82502389"
"chr15","1361445","1361752","chr2","97372804","97373110","12","96011359"
"chr15","1544952","1545255","chr2","97554674","97554964","21","96009722"
"chr15","1645311","1645612","chr2","97650711","97651014","12","96005400"
"chr15","2071347","2071598","chr2","98082553","98082803","8","96011206"
"chr15","2122997","2123296","chr2","98134419","98134717","19","96011422"
"chr15","2217469","2217769","chr2","98229955","98230255","7","96012486"
"chr15","2284373","2284666","chr1","67559257","67559554","56","65274884"
"chr15","2320294","2320448","chr3","51866003","51866148","30","49545709"
"chr15","2322997","2323291","chr2","98336628","98336922","14","96013631"
"chr15","2328791","2329091","chr2","98342421","98342718","6","96013630"
"chr15","2353541","2353834","chr2","98366737","98367030","10","96013196"
"chr15","2431680","2431976","chr2","98445027","98445321","18","96013347"
"chr15","2439450","2439762","chr2","98452783","98453088","19","96013333"
"chr15","2444233","2444530","chr2","98457535","98457828","12","96013302"
"chr15","2453673","2453882","chr2","98466965","98467178","10","96013292"
"chr15","2469478","2469782","chr2","98482542","98482843","10","96013064"
"chr15","2488007","2488178","chr2","98501805","98501976","9","96013798"
"chr15","2505842","2506126","chr15","29625187","29625482","43","27119345"
"chr15","2626353","2626657","chr2","98641031","98641329","12","96014678"
"chr15","2808750","2809042","chr14","110412611","110412903","32","107603861"
"chr15","2937454","2937768","chr2","99001563","99001877","8","96064109"
"chr15","3267988","3268319","chr7","149601311","149601646","50","146333323"
"chr15","3424704","3424990","chr5","153019407","153019691","42","149594703"
"chr15","3492605","3492912","chr2","99563115","99563421","5","96070510"
"chr15","3518013","3518290","chr7","157897329","157897621","58","154379316"
"chr15","3519086","3519269","chr2","99589388","99589565","7","96070302"
"chr15","3526717","3526985","chr2","99593091","99593359","2","96066374"
"chr15","3593420","3593737","chr9","85510522","85510832","58","81917102"
"chr15","3828605","3828922","chr2","99907775","99908087","28","96079170"
"chr15","3829736","3830037","chr2","99909362","99909662","12","96079626"
"chr15","3838211","3838500","chr15","102890713","102891010","53","99052502"
"chr15","3874443","3874751","chr1","13175932","13176238","44","9301489"
"chr15","3899410","3899708","chr2","99986846","99987142","15","96087436"
"chr15","3914048","3914339","chr2","100005522","100005813","5","96091474"
"chr15","3917909","3918228","chr2","155132229","155132535","45","151214320"
"chr15","3994793","3995100","chr2","100084412","100084723","18","96089619"
"chr15","4002727","4002984","chr2","100092350","100092607","6","96089623"
"chr15","4029106","4029394","chr2","100118867","100119159","11","96089761"
"chr15","4108236","4108531","chr2","100197815","100198111","10","96089579"
"chr15","4211904","4212188","chr2","100316940","100317223","11","96105036"
"chr15","4242034","4242176","chr2","100354398","100354536","5","96112364"
"chr15","4251999","4252297","chr2","100364661","100364959","2","96112662"
"chr15","4354761","4354920","chr2","100475568","100475731","9","96120807"
"chr15","4392076","4392368","chr10","57796175","57796483","52","53404099"
"chr15","4394638","4394933","chr2","100517659","100517953","9","96123021"
"chr15","4600957","4601253","chr14","17450139","17450444","56","12849182"
"chr15","4787031","4787325","chr2","100919954","100920248","23","96132923"
"chr15","4885068","4885380","chr2","101017503","101017816","24","96132435"
"chr15","4933374","4933684","chr2","101068734","101069043","7","96135360"
"chr15","4953166","4953456","chr2","101088533","101088812","17","96135367"
"chr15","5021812","5022100","chr2","101088533","101088812","35","96066721"
"chr15","5136092","5136401","chr2","101275187","101275497","8","96139095"
"chr15","5154858","5154990","chr7","67494514","67494644","13","62339656"
"chr15","5158094","5158224","chr7","131094416","131094546","14","125936322"
"chr15","5158517","5158694","chr12","8726849","8727016","28","3568332"
"chr15","5216874","5217168","chr2","101360542","101360840","19","96143668"
"chr15","5325343","5325639","chr2","101472098","101472393","17","96146755"
"chr15","5379490","5379773","chr2","101505214","101505498","8","96125724"
"chr15","5391468","5391685","chr2","101517292","101517517","12","96125824"
"chr15","5464317","5464554","chr2","101587622","101587857","8","96123305"
"chr15","5576949","5577173","chrX","22088566","22088789","47","16511617"
"chr15","5595269","5595592","chr2","101722162","101722467","28","96126893"
"chr15","5597453","5597762","chr2","101720222","101720531","9","96122769"
"chr15","5628021","5628320","chr2","133438196","133438492","56","127810175"
"chr15","5648809","5648944","chr11","50202051","50202180","19","44553242"
"chr15","5648945","5649246","chr2","101773154","101773457","10","96124209"
"chr15","5649247","5649380","chr14","762537","762668","36","4886710"
"chr15","5683465","5683751","chr10","12149337","12149626","41","6465872"
"chr15","5693516","5693810","chr2","101818351","101818645","3","96124835"
"chr15","5705623","5705825","chr2","101831017","101831219","10","96125394"
"chr15","5706843","5707135","chr1","26493506","26493804","44","20786663"
"chr15","5711248","5711548","chr2","101836815","101837107","18","96125567"
"chr15","5744356","5744644","chr2","101873675","101873959","17","96129319"
"chr15","5774889","5775192","chr2","101904365","101904672","31","96129476"
"chr15","5775723","5776043","chr2","101905215","101905541","17","96129492"
"chr15","5783749","5784038","chr2","101913231","101913537","28","96129482"
"chr15","5863903","5864181","chr2","102003815","102004102","18","96139912"
"chr15","5896304","5896586","chr6","145117584","145117864","35","139221280"
"chr15","5933748","5934054","chr5","94774406","94774706","40","88840658"
"chr15","5997622","5997921","chr2","102152613","102152912","6","96154991"
"chr15","6103404","6103709","chr2","102263234","102263535","19","96159830"
"chr15","6125453","6125735","chr15","97061406","97061689","39","90935953"
"chr15","6292658","6292936","chr2","102449365","102449654","19","96156707"
"chr15","6418759","6419050","chr2","102580345","102580632","8","96161586"
"chr15","6468408","6468701","chr2","102631102","102631394","8","96162694"
"chr15","6506498","6506787","chr2","102668100","102668389","4","96161602"
"chr15","6515936","6516229","chr2","102677527","102677828","16","96161591"
"chr15","7367647","7367953","chr2","103546928","103547250","27","96179281"
"chr15","7518452","7518763","chr2","103695123","103695441","26","96176671"
"chr15","7571422","7571714","chr2","103748222","103748514","5","96176800"
"chr15","8032335","8032647","chr9","7910222","7910534","23","122113"
"chr15","8228030","8228344","chr2","77949283","77949596","52","69721253"
"chr15","8487558","8487830","chr2","104683456","104683728","4","96195898"
"chr15","8497664","8497968","chrX","41672360","41672662","44","33174696"
"chr15","8617050","8617353","chr2","104810662","104810963","11","96193612"
"chr15","8626233","8626513","chr2","104819808","104820107","27","96193575"
"chr15","8818653","8818958","chr2","105017279","105017578","8","96198626"
"chr15","8832709","8832960","chr2","105031368","105031638","29","96198659"
"chr15","9009078","9009393","chr2","105225510","105225803","29","96216432"
"chr15","9216734","9217027","chr7","19100666","19100960","37","9883932"
"chr15","9647775","9648084","chr2","105816944","105817251","17","96169169"
"chr15","9716720","9717013","chr11","82897098","82897394","38","73180378"
"chr15","9760084","9760380","chr2","105930729","105931025","16","96170645"
"chr15","9764723","9765022","chr7","38962613","38962910","34","29197890"
"chr15","9801664","9801963","chr2","105973854","105974153","7","96172190"
"chr15","9810576","9810877","chr2","105982720","105983003","31","96172144"
"chr15","9820503","9820798","chr7","63558520","63558814","40","53738017"
"chr15","9829243","9829537","chr2","147796910","147797205","41","137967667"
"chr15","9859039","9859349","chr2","106030410","106030718","23","96171371"
"chr15","9871887","9872090","chr17","62191173","62191397","47","52319286"
"chr15","9872590","9872889","chr2","106044086","106044397","23","96171496"
"chr15","10011955","10012150","chr2","106173226","106173429","16","96161271"
"chr15","10106398","10106618","chr2","106261987","106262207","5","96155589"
"chr15","10136257","10136548","chr2","106290764","106291054","14","96154507"
"chr15","10265256","10265549","chr2","106422569","106422862","5","96157313"
"chr15","10278231","10278523","chr2","106435495","106435790","9","96157264"
"chr15","10399765","10400063","chr14","2998783","2999085","47","7400982"
"chr15","10652615","10652927","chr2","106810335","106810629","34","96157720"
"chr15","10675132","10675444","chr2","106832845","106833149","27","96157713"
"chr15","11151281","11151590","chr6","66997279","66997593","40","55845998"
"chr15","11954117","11954378","chr2","108133121","108133408","28","96179004"
"chr15","11968644","11968960","chr2","108147901","108148209","14","96179257"
"chr15","11997841","11998071","chr11","30690909","30691146","56","18693068"
"chr15","12063347","12063658","chr13","118210380","118210688","40","106147033"
"chr15","12120002","12120314","chr2","108301427","108301739","15","96181425"
"chr15","12142722","12143038","chr2","108325994","108326294","24","96183272"
"chr15","12171840","12172147","chr1","42353131","42353436","44","30181291"
"chr15","12177558","12177740","chr16","1175366","1175548","28","11002192"
"chr15","12178049","12178179","chr1","30028124","30028263","16","17850075"
"chr15","12180222","12180500","chr1","213558170","213558454","47","201377948"
"chr15","12184965","12185253","chr3","155743017","155743289","54","143558052"
"chr15","12228609","12228904","chr7","25059391","25059687","39","12830782"
"chr15","12231801","12232097","chr2","108363978","108364272","11","96132177"
"chr15","12236469","12236715","chr2","108374996","108375278","46","96138527"
"chr15","12275894","12276191","chr2","108408615","108408911","10","96132721"
"chr15","12558610","12558895","chr2","108692664","108692974","35","96134054"
"chr15","13045123","13045440","chr2","109205827","109206143","11","96160704"
"chr15","13532565","13532846","chr2","109728550","109728829","11","96195985"
"chr15","14178478","14178630","chr2","110392944","110393096","2","96214466"
"chr15","14178934","14178950","chr9","32916732","32916748","8","18737798"
"chr15","14450434","14450730","chr2","110679047","110679356","25","96228613"
"chr15","14516592","14516766","chr11","92548962","92549142","32","78032370"
"chr15","14557004","14557272","chr2","110794332","110794605","12","96237328"
"chr15","14595891","14596214","chr2","110833073","110833383","36","96237182"
"chr15","14721077","14721383","chr2","110963631","110963931","16","96242554"
"chr15","14736391","14736707","chr2","110977097","110977405","22","96240706"
"chr15","14926880","14927179","chr2","111176760","111177061","7","96249880"
"chr15","15116731","15117012","chr16","64472090","64472369","44","49355359"
"chr15","15456228","15456507","chr2","111719059","111719338","8","96262831"
"chr15","15633028","15633328","chr2","111900481","111900787","13","96267453"
"chr15","15756740","15757056","chr2","112026756","112027050","26","96270016"
"chr15","15856906","15857186","chr2","112125055","112125312","30","96268149"
"chr15","16528238","16528536","chr15","60250369","60250674","44","43722131"
"chr15","16576656","16576781","chr2","112860820","112860945","7","96284164"
"chr15","16626196","16626500","chr2","112910806","112911112","7","96284610"
"chr15","16639563","16639849","chr2","112925170","112925456","7","96285607"
"chr15","16656859","16657157","chr7","38962613","38962910","41","22305754"
"chr15","16677792","16678031","chr2","112961418","112961657","6","96283626"
"chr15","16694376","16694691","chr3","19875930","19876240","49","3181554"
"chr15","16727008","16727295","chr6","113294692","113294978","39","96567684"
"chr15","16734904","16735217","chr5","140103285","140103581","52","123368381"
"chr15","16751757","16752069","chr2","113036168","113036473","11","96284411"
"chr15","16767387","16767682","chr2","113051572","113051867","13","96284185"
"chr15","16885649","16885947","chr2","113170598","113170902","20","96284949"
"chr15","16889836","16890140","chr2","113174837","113175138","7","96285001"
"chr15","16926776","16927077","chr1","40862105","40862403","41","23935329"
"chr15","16986681","16986993","chr2","113270733","113271042","17","96284052"
"chr15","17126682","17127001","chr2","113418845","113419177","32","96292163"
"chr15","17332249","17332559","chr3","45208819","45209128","38","27876570"
"chr15","17360079","17360347","chr2","113648903","113649171","8","96288824"
"chr15","17402785","17403076","chr2","113692060","113692354","9","96289275"
"chr15","17405537","17405840","chr2","113694828","113695130","8","96289291"
"chr15","17456644","17456911","chr2","113747734","113748034","36","96291090"
"chr15","17476996","17477268","chr2","113769130","113769368","37","96292134"
"chr15","17497956","17498263","chr2","113790286","113790592","6","96292330"
"chr15","17605603","17605901","chr2","113896852","113897144","13","96291249"
"chr15","17971147","17971455","chr2","114262909","114263217","12","96291762"
"chr15","18388047","18388338","chr2","114682430","114682720","10","96294383"
"chr15","18415921","18416002","chr4","45000002","45000084","13","26584081"
"chr15","18428184","18428497","chr2","114725760","114726049","28","96297576"
"chr15","18670013","18670315","chrX","117827337","117827640","42","99157324"
"chr15","18750932","18751085","chr5","115116202","115116356","26","96365270"
"chr15","18856700","18856978","chr2","115159403","115159708","36","96302703"
"chr15","18870464","18870788","chr2","115173119","115173427","34","96302655"
"chr15","19015259","19015555","chr2","115316215","115316510","11","96300956"
"chr15","19044046","19044217","chr12","19037809","19037962","46","6237"
"chr15","19066714","19066934","chr2","115373209","115373428","8","96306495"
"chr15","19076196","19076425","chr6","152649773","152650007","46","133573577"
"chr15","19088243","19088546","chr2","115399185","115399488","7","96310942"
"chr15","19092933","19093240","chr2","115404755","115405062","6","96311822"
"chr15","19185272","19185599","chr6","162309910","162310221","58","143124638"
"chr15","19202543","19202750","chr7","158251519","158251723","45","139048976"
"chr15","19203305","19203607","chr2","115526456","115526754","17","96323151"
"chr15","19209256","19209409","chrX","32842906","32843057","27","13633650"
"chr15","19237152","19237413","chr1","217326211","217326478","44","198089059"
"chr15","19257119","19257412","chrX","25734220","25734518","45","6477101"
"chr15","19330171","19330441","chr1","185402238","185402520","41","166072067"
"chr15","19457641","19457949","chr2","115781969","115782268","17","96324328"
"chr15","19466416","19466710","chr2","115790658","115790957","7","96324242"
"chr15","19540574","19540746","chr15","96440767","96440936","31","76900193"
"chr15","19646736","19647040","chr2","115953385","115953687","9","96306649"
"chr15","19803482","19803767","chr2","116112044","116112338","12","96308562"
"chr15","19856317","19856534","chr2","116164505","116164741","24","96308188"
"chr15","20243944","20244228","chr2","116566319","116566604","11","96322375"
"chr15","20552089","20552379","chr12","64892884","64893171","38","44340795"
"chr15","21167727","21168019","chr2","117533921","117534207","11","96366194"
"chr15","21478773","21479065","chr2","117850346","117850648","17","96371573"
"chr15","21659918","21659983","chr2","90923044","90923106","23","69263126"
"chr15","21902405","21902707","chr19","14353859","14354154","61","7548546"
"chr15","23103848","23104135","chr11","47605843","47606132","36","24501995"
"chr15","23399797","23400082","chr2","119866960","119867245","6","96467163"
"chr15","23756297","23756591","chr2","120223370","120223656","16","96467073"
"chr15","24126280","24126419","chr3","14377273","14377414","32","9749007"
"chr15","24152861","24153084","chr2","120630651","120630869","10","96477790"
"chr15","24295711","24295967","chr2","120775768","120776024","2","96480057"
"chr15","24572049","24572281","chr14","107425542","107425783","44","82853493"
"chr15","24573555","24573841","chr2","121061230","121061522","18","96487675"
"chr15","24706350","24706656","chr2","121211506","121211788","31","96505156"
"chr15","24725246","24725551","chr9","59779919","59780220","51","35054673"
"chr15","25281795","25282099","chrX","51079108","51079413","54","25797313"
"chr15","25729295","25729599","chr2","122214907","122215210","11","96485612"
"chr15","28043221","28043486","chr10","81171716","81171992","54","53128495"
"chr15","28313530","28313687","chr2","123540999","123541154","3","95227469"
"chr15","28729058","28729342","chr1","145658461","145658738","45","116929403"
"chr15","28768469","28768762","chr8","27479124","27479422","39","1289345"
"chr15","29128406","29128597","chr15","6225815","6226010","42","22902591"
"chr15","29318153","29318448","chr2","124609172","124609452","21","95291019"
"chr15","29331379","29331515","chr2","124622065","124622206","11","95290686"
"chr15","29402634","29402895","chr2","124695360","124695620","7","95292726"
"chr15","29564536","29564649","chr2","124864072","124864181","6","95299536"
"chr15","29615173","29615454","chr2","124915010","124915294","10","95299837"
"chr15","29637577","29637875","chr2","124938984","124939283","6","95301407"
"chr15","29752766","29753074","chr1","42353131","42353436","50","12600365"
"chr15","29914045","29914308","chr2","125218818","125219081","5","95304773"
"chr15","29979499","29979798","chr2","125284574","125284868","15","95305075"
"chr15","30177698","30177974","chr2","125496275","125496551","4","95318577"
"chr15","30297694","30297993","chr2","125619922","125620229","13","95322228"
"chr15","30314066","30314371","chr2","125635965","125636267","13","95321899"
"chr15","30326471","30326773","chr1","190728238","190728548","46","160401767"
"chr15","30522484","30522787","chr2","125850134","125850437","8","95327650"
"chr15","30554506","30554713","chr16","42946198","42946397","33","12391692"
"chr15","30700484","30700771","chr2","126035735","126036022","9","95335251"
"chr15","30704618","30704906","chr2","126039789","126040088","19","95335171"
"chr15","30873369","30873677","chr2","126208781","126209088","18","95335412"
"chr15","30941815","30942110","chr2","126280768","126281078","21","95338953"
"chr15","31167665","31167919","chr3","178838113","178838360","45","147670448"
"chr15","31218700","31219005","chr9","60439778","60440081","41","29221078"
"chr15","31554596","31554861","chr2","126909211","126909476","4","95354615"
"chr15","32194230","32194538","chr2","127547491","127547799","10","95353261"
"chr15","32518226","32518520","chr2","127892853","127893145","6","95374627"
"chr15","32615825","32616124","chr2","127992392","127992697","14","95376567"
"chr15","32726171","32726380","chr2","128104281","128104491","6","95378110"
"chr15","33142284","33142457","chr2","128526383","128526556","2","95384099"
"chr15","33294911","33295140","chr2","128684491","128684720","4","95389580"
"chr15","33479344","33479632","chr2","128871779","128872059","23","95392435"
"chr15","33513042","33513359","chr2","147520541","147520850","55","114007499"
"chr15","33766376","33766672","chr2","129164389","129164685","8","95398013"
"chr15","33931480","33931772","chr2","129236760","129237059","15","95305280"
"chr15","33960346","33960639","chr2","129265350","129265649","17","95305004"
"chr15","33977248","33977553","chrX","25734220","25734518","37","8243028"
"chr15","34087464","34087781","chr2","129390095","129390418","11","95302631"
"chr15","34358154","34358459","chr11","52086030","52086334","40","17727876"
"chr15","34568157","34568431","chr2","129864812","129865104","26","95296655"
"chr15","34701014","34701250","chr2","130002602","130002842","9","95301588"
"chr15","34759925","34760215","chr2","130061146","130061444","11","95301221"
"chr15","34773307","34773591","chr15","97061406","97061689","35","62288099"
"chr15","34893717","34894013","chr2","130197584","130197882","8","95303867"
"chr15","34902227","34902392","chr2","130206110","130206275","1","95303883"
"chr15","34903247","34903552","chr17","19744898","19745200","35","15158349"
"chr15","34930269","34930569","chr3","125472954","125473263","22","90542685"
"chr15","34936929","34937227","chr3","125479833","125480139","20","90542904"
"chr15","34942901","34943127","chr16","21266312","21266535","34","13676589"
"chr15","34947595","34947874","chr2","130213275","130213541","34","95265680"
"chr15","34997349","34997632","chr2","130264426","130264709","3","95267077"
"chr15","35010482","35010784","chr2","130278040","130278350","18","95267558"
"chr15","35501617","35501893","chr7","50311673","50311952","38","14810056"
"chr15","35621527","35621812","chr2","130908339","130908630","25","95286812"
"chr15","35679975","35680057","chr2","130967091","130967173","2","95287116"
"chr15","35765874","35766161","chr2","131052417","131052703","13","95286543"
"chr15","36165220","36165508","chr2","131483821","131484108","13","95318601"
"chr15","36398725","36399030","chr2","131713973","131714270","18","95315248"
"chr15","36422884","36423177","chr2","131738738","131739053","29","95315854"
"chr15","36573563","36573678","chr1","64296650","64296757","21","27723087"
"chr15","36963995","36964267","chr2","132200466","132200728","18","95236471"
"chr15","37366347","37366638","chr2","132609647","132609945","15","95243300"
"chr15","37511432","37511734","chr14","58116005","58116307","52","20604573"
"chr15","37512710","37513002","chr4","77633870","77634171","57","40121160"
"chr15","37520264","37520358","chr2","132762846","132762951","16","95242582"
"chr15","37601778","37602087","chr8","93138745","93139053","41","55536967"
"chr15","37754436","37754753","chr2","133006024","133006326","33","95251588"
"chr15","37757944","37758253","chr2","133009541","133009843","20","95251597"
"chr15","37850346","37850629","chr2","172148639","172148912","46","134298293"
"chr15","37850694","37850708","chr9","32916732","32916748","12","4933962"
"chr15","37855590","37855842","chr2","133109168","133109442","37","95253578"
"chr15","37954698","37954973","chr10","27594987","27595275","47","10359711"
"chr15","38180814","38180962","chr12","32880869","32881021","21","5299945"
"chr15","38181257","38181392","chr11","74966065","74966200","11","36784808"
"chr15","38359273","38359487","chr14","8177468","8177677","25","30181805"
"chr15","38377055","38377369","chr2","133634168","133634484","11","95257113"
"chr15","38766979","38767111","chr2","134033166","134033299","4","95266187"
"chr15","38876754","38877056","chr2","134146014","134146312","21","95269260"
"chr15","39418139","39418462","chr15","99400201","99400514","50","59982062"
"chr15","39433514","39433816","chr2","134732822","134733126","11","95299308"
"chr15","39442843","39443064","chr2","134743107","134743326","21","95300264"
"chr15","39458627","39458918","chr2","134758947","134759239","14","95300320"
"chr15","39527460","39527670","chr2","134827870","134828086","14","95300410"
"chr15","39550675","39550966","chr2","134850776","134851067","5","95300101"
"chr15","39720500","39720657","chr2","135020054","135020199","15","95299554"
"chr15","39925817","39926121","chr15","104870077","104870378","36","64944260"
"chr15","39946710","39946844","chr14","1288834","1288965","14","38657876"
"chr15","39947156","39947331","chrX","61687446","61687620","36","21740290"
"chr15","40007410","40007542","chr16","15395750","15395862","37","24611660"
"chr15","40019226","40019533","chr12","36444891","36445198","46","3574335"
"chr15","40048035","40048291","chr2","135361288","135361554","22","95313253"
"chr15","40111864","40112169","chr2","135426664","135426969","5","95314800"
"chr15","40191014","40191304","chr2","135506691","135506991","17","95315677"
"chr15","40206414","40206738","chr3","51126963","51127287","42","10920549"
"chr15","40213130","40213427","chr2","135529747","135530035","20","95316617"
"chr15","40213566","40213834","chr2","135530184","135530454","4","95316618"
"chr15","40246283","40246566","chr2","135563084","135563367","9","95316801"
"chr15","40292584","40292825","chr10","16593589","16593829","32","23698995"
"chr15","40356882","40357181","chr2","135673334","135673631","10","95316452"
"chr15","40704412","40704685","chr12","100471340","100471615","37","59766928"
"chr15","40718093","40718346","chr2","136038505","136038760","9","95320412"
"chr15","40743387","40743685","chr2","136064009","136064307","1","95320622"
"chr15","41035954","41036256","chr2","136356882","136357183","15","95320928"
"chr15","41229205","41229504","chr2","136551162","136551462","9","95321957"
"chr15","41393235","41393513","chr2","136717066","136717370","32","95323831"
"chr15","41439874","41440150","chr2","136769702","136769982","12","95329828"
"chr15","41454790","41454969","chr2","136786821","136787014","18","95332031"
"chr15","41538057","41538354","chr2","136870137","136870434","13","95332080"
"chr15","41566477","41566833","chr3","43724359","43724703","74","2157882"
"chr15","41788838","41789150","chr2","137123266","137123576","13","95334428"
"chr15","42004666","42004987","chr2","137340231","137340547","19","95335565"
"chr15","42009376","42009680","chr2","137344952","137345253","10","95335576"
"chr15","42202906","42203114","chr11","130993705","130993911","26","88790799"
"chr15","42305562","42305890","chr2","137649842","137650165","13","95344280"
"chr15","42440814","42441123","chr2","137787806","137788100","33","95346992"
"chr15","42666404","42666687","chr2","138008663","138008955","22","95342259"
"chr15","42849488","42849719","chr2","138198003","138198240","22","95348515"
"chr15","42895060","42895358","chr2","138243289","138243593","22","95348229"
"chr15","42967194","42967493","chr2","138315900","138316196","24","95348706"
"chr15","43024647","43024811","chr2","138374043","138374207","4","95349396"
"chr15","43071255","43071523","chr4","37457450","37457713","37","5613805"
"chr15","43230452","43230689","chr2","138588269","138588497","16","95357817"
"chr15","44276578","44276887","chr2","139633553","139633863","19","95356975"
"chr15","44577754","44578060","chr2","139940642","139940945","16","95362888"
"chr15","44684199","44684496","chr2","140061841","140062137","7","95377642"
"chr15","44863650","44863928","chr2","140248788","140249066","11","95385138"
"chr15","44951799","44952128","chr2","140337316","140337636","24","95385517"
"chr15","45097873","45098161","chr2","140489233","140489519","24","95391360"
"chr15","45197490","45197783","chr2","140589529","140589822","14","95392039"
"chr15","45482681","45482980","chr2","140888206","140888511","22","95405525"
"chr15","45508941","45509243","chr2","140923411","140923713","21","95414470"
"chr15","45550087","45550398","chr2","140967433","140967738","10","95417346"
"chr15","46467276","46467582","chr2","141928117","141928417","12","95460841"
"chr15","46592831","46592962","chr1","45322777","45322909","17","1270054"
"chr15","47150723","47151025","chr2","142637964","142638284","27","95487241"
"chr15","47529621","47529938","chr7","39247443","39247747","49","8282178"
"chr15","47556760","47557068","chr2","143035756","143036072","15","95478996"
"chr15","47628121","47628444","chr3","157315162","157315484","49","109687041"
"chr15","47742283","47742590","chr2","143221703","143222004","12","95479420"
"chr15","47772697","47772996","chr2","143252398","143252695","17","95479701"
"chr15","47979373","47979619","chr2","143465973","143466219","19","95486600"
"chr15","47991498","47991716","chr2","143477982","143478201","13","95486484"
"chr15","48062756","48063043","chr2","143547784","143548071","4","95485028"
"chr15","48118995","48119290","chr2","173059517","173059806","47","124940522"
"chr15","48380531","48380840","chr15","88485688","88486000","50","40105157"
"chr15","48512538","48512852","chr2","143948776","143949067","36","95436238"
"chr15","48600347","48600633","chr2","144051382","144051668","8","95451035"
"chr15","48632202","48632482","chr2","144082977","144083259","9","95450775"
"chr15","48716345","48716591","chr3","136689434","136689676","44","87973089"
"chr15","48756639","48756930","chr2","144205969","144206284","33","95449330"
"chr15","48768363","48768654","chr2","144217349","144217649","23","95448986"
"chr15","48893077","48893169","chr2","144342143","144342235","2","95449066"
"chr15","49087739","49088050","chr2","144536474","144536783","13","95448735"
"chr15","49290651","49290933","chr2","144740105","144740417","35","95449454"
"chr15","49290966","49290978","chr9","32916732","32916748","13","16374234"
"chr15","49695055","49695216","chr2","145161806","145161966","7","95466751"
"chr15","49985436","49985742","chr20","26211185","26211483","49","23774251"
"chr15","50936092","50936375","chr2","146418917","146419199","7","95482825"
"chr15","51154060","51154190","chr11","50202051","50202180","11","952009"
"chr15","51158369","51158652","chr2","146643216","146643525","32","95484847"
"chr15","51393925","51394235","chr2","146882837","146883138","18","95488912"
"chr15","51632633","51632928","chr14","62611253","62611550","38","10978620"
"chr15","51641379","51641604","chr6","51971244","51971469","37","329865"
"chr15","51650584","51650927","chr7","15126312","15126645","70","36524272"
"chr15","51653703","51653993","chr2","147145939","147146232","12","95492236"
"chr15","51656057","51656077","chr7","145790583","145790608","12","94134526"
"chr15","51656104","51656385","chr7","62535562","62535845","44","10879458"
"chr15","51660305","51660597","chr2","147148455","147148752","7","95488150"
"chr15","51685696","51685988","chr2","147177075","147177380","23","95491379"
"chr15","51698243","51698541","chr2","147189197","147189488","15","95490954"
"chr15","51724173","51724485","chr2","147219311","147219608","21","95495138"
"chr15","51727304","51727544","chr8","24578072","24578299","38","27149232"
"chr15","51744339","51744484","chr3","138145467","138145617","28","86401128"
"chr15","51782535","51782681","chr4","153267515","153267663","19","101484980"
"chr15","51797152","51797448","chr2","147295095","147295396","10","95497943"
"chr15","51822791","51823092","chr2","147321147","147321448","10","95498356"
"chr15","51847514","51847806","chr13","27816876","27817167","57","24030638"
"chr15","51852595","51852886","chr2","147351449","147351740","10","95498854"
"chr15","51880330","51880498","chr2","147378559","147378730","8","95498229"
"chr15","51918439","51918742","chr2","147417443","147417752","15","95499004"
"chr15","51948101","51948311","chr2","147447861","147448073","7","95499760"
"chr15","51962254","51962565","chr2","147469366","147469676","10","95507112"
"chr15","51973819","51974115","chr2","147482294","147482587","9","95508475"
"chr15","52015222","52015529","chr2","147520541","147520850","6","95505319"
"chr15","52114789","52114962","chr2","147619175","147619349","2","95504386"
"chr15","52165037","52165255","chr2","147667821","147668039","5","95502784"
"chr15","52308969","52309256","chr3","33489816","33490105","40","18819153"
"chr15","52316883","52317161","chr2","147823067","147823349","11","95506184"
"chr15","52327269","52327546","chr14","20118790","20119058","50","32208479"
"chr15","52338013","52338303","chr2","147844470","147844770","15","95506457"
"chr15","52366316","52366594","chr2","147873831","147874109","4","95507515"
"chr15","52434276","52434582","chr2","147943885","147944188","8","95509609"
"chr15","52445046","52445340","chr20","26211185","26211483","46","26233861"
"chr15","52484205","52484498","chr2","147993528","147993834","23","95509323"
"chr15","53509479","53509789","chr2","149003574","149003882","14","95494095"
"chr15","53597825","53598106","chr2","149094863","149095162","21","95497038"
"chr15","53632903","53633174","chr2","149130093","149130396","40","95497190"
"chr15","53633207","53633217","chr9","32916732","32916748","13","20716475"
"chr15","53647591","53647876","chrX","90086451","90086743","54","36438860"
"chr15","53665364","53665665","chr2","149162304","149162603","19","95496940"
"chr15","53676318","53676622","chr2","149173308","149173611","11","95496990"
"chr15","53688761","53689051","chr2","149182034","149182323","11","95493273"
"chr15","53695759","53695971","chr19","47888057","47888274","37","5807702"
"chr15","53710764","53711021","chr4","15058310","15058564","50","38652454"
"chr15","53755036","53755250","chr2","149255065","149255289","16","95500029"
"chr15","53833620","53833834","chr2","149333573","149333774","17","95499953"
"chr15","53840756","53841065","chr2","149340688","149340997","2","95499932"
"chr15","53870843","53871017","chr1","4362332","4362499","40","49508511"
"chr15","53885380","53885691","chr19","13276296","13276605","38","40609084"
"chr15","54009423","54009722","chr2","149507993","149508297","10","95498570"
"chr15","54052827","54053038","chr2","149552067","149552259","21","95499240"
"chr15","54055944","54056256","chr2","149555192","149555504","7","95499248"
"chr15","54123567","54123815","chr3","127662993","127663237","45","73539426"
"chr15","54276661","54276927","chr2","149779724","149779990","9","95503063"
"chr15","54278607","54278816","chr16","68450013","68450220","34","14171406"
"chr15","54443233","54443369","chr2","149951934","149952070","2","95508701"
"chr15","54534698","54534922","chr2","150040513","150040734","8","95505815"
"chr15","54560889","54561200","chr2","150066317","150066628","6","95505428"
"chr15","54676324","54676619","chr14","110412611","110412903","36","55736287"
"chr15","55104518","55104805","chr2","150609623","150609902","14","95505105"
"chr15","55559117","55559432","chr2","151060107","151060421","18","95500990"
"chr15","55704417","55704711","chr2","151204216","151204509","12","95499799"
"chr15","55889740","55890042","chr2","151393845","151394156","20","95504105"
"chr15","55934267","55934524","chr2","151438197","151438438","18","95503930"
"chr15","56044833","56045116","chr19","37139106","37139386","42","18905727"
"chr15","56080774","56081082","chr2","151583095","151583403","9","95502321"
"chr15","56173929","56174217","chr9","13367617","13367904","50","42806312"
"chr15","56302481","56302766","chr1","206111217","206111499","37","149808736"
"chr15","56391797","56392062","chr2","151897609","151897873","6","95505812"
"chr15","56542334","56542635","chr2","152049084","152049384","7","95506750"
"chr15","56553957","56554238","chr2","152060688","152060961","19","95506731"
"chr15","56711719","56712002","chr2","152224666","152224949","19","95512947"
"chr15","56776882","56777180","chr2","152292632","152292930","4","95515750"
"chr15","56777671","56777975","chr6","52574114","52574421","41","4203557"
"chr15","56912628","56912929","chr2","152444671","152444969","16","95532043"
"chr15","57272644","57272922","chr2","152815166","152815439","10","95542522"
"chr15","57301006","57301317","chr9","7910222","7910534","39","49390784"
"chr15","57547984","57548283","chr2","153088841","153089147","32","95540857"
"chr15","57575501","57575798","chr14","55852155","55852455","39","1723346"
"chr15","57667326","57667614","chr2","153210184","153210489","25","95542858"
"chr15","57926147","57926459","chr2","153477125","153477407","37","95550978"
"chr15","58003908","58004202","chr2","153555349","153555644","26","95551441"
"chr15","58274197","58274507","chr2","153834640","153834950","10","95560443"
"chr15","58521601","58521897","chr2","154079724","154080031","27","95558123"
"chr15","59003828","59004125","chr2","154569000","154569287","17","95565172"
"chr15","59099566","59099863","chr1","101368002","101368302","36","42268436"
"chr15","59282493","59282785","chr3","83610987","83611284","40","24328494"
"chr15","59425078","59425377","chr2","144217349","144217649","42","84792271"
"chr15","59470563","59470870","chr2","155051457","155051761","16","95580894"
"chr15","59548656","59548963","chr2","155132229","155132535","18","95583573"
"chr15","60193289","60193579","chr2","155785008","155785302","11","95591719"
"chr15","60264759","60265037","chr19","10912858","10913132","52","49351901"
"chr15","60291970","60292273","chr2","155886580","155886884","17","95594610"
"chr15","60367276","60367582","chr2","155963682","155963984","21","95596406"
"chr15","60378552","60378843","chr2","155975333","155975627","21","95596781"
"chr15","60690944","60691247","chr2","156293933","156294235","24","95602989"
"chr15","60724720","60725027","chr2","156293933","156294235","20","95569213"
"chr15","60732210","60732514","chr1","42353131","42353436","44","18379079"
"chr15","60747008","60747325","chr2","156316999","156317318","10","95569991"
"chr15","61290360","61290527","chr20","66727640","66727807","41","5437280"
"chr15","61371637","61371884","chr5","171143354","171143594","47","109771717"
"chr15","61417718","61418014","chr2","157011298","157011594","8","95593580"
"chr15","61533207","61533508","chr2","157127671","157127971","11","95594464"
"chr15","62220537","62220589","chr15","7554399","7554450","14","54666138"
"chr15","62228764","62229052","chr2","157776244","157776538","11","95547480"
"chr15","62327679","62327967","chr2","157872968","157873256","4","95545289"
"chr15","62407615","62407911","chr2","157953826","157954121","8","95546211"
"chr15","62432442","62432689","chr2","157978199","157978446","10","95545757"
"chr15","62437691","62437983","chr2","157983817","157984109","9","95546126"
"chr15","62438440","62438748","chr2","157984568","157984879","18","95546128"
"chr15","62484904","62485128","chr2","158031188","158031412","5","95546284"
"chr15","62539966","62540222","chr2","158087376","158087632","11","95547410"
"chr15","62587383","62587667","chr2","158135590","158135874","7","95548207"
"chr15","62594631","62594918","chr2","158142866","158143153","4","95548235"
"chr15","62897078","62897386","chr2","158461840","158462149","17","95564762"
"chr15","62900664","62900946","chr12","13201205","13201488","38","49699459"
"chr15","63078079","63078373","chr2","158646488","158646791","18","95568409"
"chr15","63293898","63294208","chr12","14273839","14274149","40","49020059"
"chr15","64560753","64561066","chr2","160176246","160176545","21","95615493"
"chr15","64731475","64731765","chr15","86501511","86501803","40","21770036"
"chr15","64766022","64766328","chr2","42815086","42815389","40","21950936"
"chr15","64806322","64806457","chr2","160431063","160431198","4","95624741"
"chr15","64820454","64820742","chrX","103883275","103883565","33","39062821"
"chr15","64902835","64902991","chr2","160528182","160528338","3","95625347"
"chr15","64943095","64943345","chr2","160562651","160562897","21","95619556"
"chr15","65247013","65247308","chr2","160873080","160873371","21","95626067"
"chr15","65467426","65467734","chr2","161101758","161102068","18","95634332"
"chr15","65728217","65728525","chr4","32480381","32480687","38","33247836"
"chr15","65785783","65786083","chr2","161396635","161396925","17","95610852"
"chr15","65967828","65968089","chr2","161586583","161586839","10","95618755"
"chr15","66161193","66161490","chrX","13112252","13112551","37","53048941"
"chr15","66313027","66313323","chr2","161947494","161947791","12","95634467"
"chr15","66405273","66405430","chr2","162040269","162040426","3","95634996"
"chr15","66422133","66422433","chr2","162057169","162057470","9","95635036"
"chr15","67527698","67528005","chr7","125192964","125193267","33","57665266"
"chr15","67667146","67667443","chr2","163321490","163321794","20","95654344"
"chr15","67776242","67776539","chr11","104204635","104204939","54","36428393"
"chr15","67832299","67832587","chr11","22082153","22082444","31","45750146"
"chr15","68050705","68050973","chr9","14113601","14113874","50","53937104"
"chr15","68051074","68051243","chr2","163706778","163706947","2","95655704"
"chr15","68097941","68098183","chr2","163754157","163754399","4","95656216"
"chr15","68288603","68288628","chr7","145790583","145790608","12","77501980"
"chr15","68288695","68288968","chr1","145169343","145169619","50","76880648"
"chr15","68408893","68409200","chr12","36444891","36445198","35","31964002"
"chr15","68474785","68474969","chr1","88493547","88493729","28","20018762"
"chr15","68475274","68475344","chr20","459004","459074","14","68016270"
"chr15","68535362","68535646","chr2","164198476","164198764","13","95663114"
"chr15","68607890","68608053","chr1","34801771","34801938","25","33806119"
"chr15","68610584","68610899","chr5","121355666","121355969","47","52745082"
"chr15","68642406","68642704","chr1","56106334","56106635","54","12536072"
"chr15","68651712","68652001","chr2","164313261","164313546","11","95661549"
"chr15","68772367","68772529","chr1","47026703","47026870","25","21745664"
"chr15","68795088","68795397","chr2","164458241","164458531","25","95663153"
"chr15","68885681","68885984","chr2","164549573","164549887","19","95663892"
"chr15","69117557","69117862","chr4","126997390","126997697","35","57879833"
"chr15","69904292","69904579","chr2","165572469","165572744","28","95668177"
"chr15","70793207","70793523","chr2","166467269","166467583","17","95674062"
"chr15","71001579","71001892","chr2","166688035","166688332","27","95686456"
"chr15","71128400","71128658","chr6","67477460","67477714","57","3650940"
"chr15","71815543","71815789","chr15","14728837","14729072","46","57086706"
"chr15","72038006","72038244","chr2","167740039","167740277","8","95702033"
"chr15","72042068","72042398","chr14","115357822","115358145","63","43315754"
"chr15","72106905","72107186","chr1","124906800","124907084","43","52799895"
"chr15","72148374","72148603","chr17","1189725","1189954","35","70958649"
"chr15","72163782","72164059","chr2","167868426","167868703","6","95704644"
"chr15","72278500","72278779","chr3","20923251","20923527","65","51355249"
"chr15","72344000","72344299","chr2","168054514","168054808","19","95710514"
"chr15","72355793","72356087","chr2","168066393","168066684","12","95710600"
"chr15","72452589","72452899","chr2","168163043","168163353","8","95710454"
"chr15","72476874","72477177","chr2","168188092","168188400","22","95711218"
"chr15","72572657","72572947","chr2","168281963","168282231","28","95709306"
"chr15","72703844","72704129","chr2","168413957","168414242","15","95710113"
"chr15","72809116","72809425","chr2","168522057","168522361","22","95712941"
"chr15","72993542","72993764","chr2","168708879","168709094","19","95715337"
"chr15","73146166","73146466","chr2","168858732","168859035","18","95712566"
"chr15","73889246","73889472","chr2","169611266","169611495","24","95722020"
"chr15","73940294","73940494","chr2","169662638","169662830","13","95722344"
"chr15","73987551","73987857","chr2","169710548","169710849","10","95722997"
"chr15","74044274","74044574","chr2","169766119","169766419","17","95721845"
"chr15","74105202","74105497","chr2","169826966","169827260","15","95721764"
"chr15","74158763","74158779","chr9","32916732","32916748","12","41242031"
"chr15","74158824","74159110","chr6","48014414","48014697","47","26144410"
"chr15","74255804","74256107","chr1","67550948","67551256","48","6704856"
"chr15","74315182","74315490","chr2","170039027","170039319","25","95723845"
"chr15","74335844","74336145","chr2","170058904","170059205","11","95723060"
"chr15","74610900","74611082","chr2","170338309","170338490","8","95727409"
"chr15","74949841","74950136","chr2","170682631","170682926","10","95732790"
"chr15","74992091","74992397","chr2","170723937","170724228","18","95731846"
"chr15","74992451","74992752","chr2","170724282","170724583","14","95731831"
"chr15","75125108","75125505","chr2","170858563","170858887","82","95733455"
"chr15","75153907","75154191","chr2","170887296","170887578","21","95733389"
"chr15","75158453","75158757","chr1","203455704","203456010","43","128297251"
"chr15","75175268","75175576","chr2","170908594","170908881","35","95733326"
"chr15","75284178","75284483","chr2","171017979","171018284","18","95733801"
"chr15","75736297","75736603","chr2","171467714","171468022","18","95731417"
"chr15","75843232","75843555","chr2","171575162","171575467","36","95731930"
"chr15","75908862","75909136","chr2","171639218","171639490","11","95730356"
"chr15","75940326","75940587","chr2","171670534","171670763","45","95730208"
"chr15","76045218","76045518","chr2","171775772","171776081","30","95730554"
"chr15","76172741","76173045","chr2","171904583","171904887","8","95731842"
"chr15","76222790","76223083","chr2","171955578","171955877","24","95732788"
"chr15","76266670","76266963","chr2","172003156","172003452","21","95736486"
"chr15","76301131","76301208","chr4","31207271","31207348","11","45093860"
"chr15","76351512","76351717","chr7","147198353","147198553","47","70846841"
"chr15","76448213","76448523","chr2","172183513","172183823","18","95735300"
"chr15","76469677","76469976","chr2","172205763","172206058","16","95736086"
"chr15","76506888","76507198","chr1","29151098","29151407","44","47355790"
"chr15","76561023","76561316","chr19","7991872","7992168","27","68569151"
"chr15","76561771","76562067","chr10","12149337","12149626","46","64412434"
"chr15","76785338","76785640","chr2","172520565","172520867","11","95735227"
"chr15","76920882","76921187","chr2","172659850","172660155","13","95738968"
"chr15","76988580","76988889","chr2","172726294","172726592","26","95737714"
"chr15","77014303","77014602","chrX","25734220","25734518","36","51280083"
"chr15","77023673","77023969","chr2","172763016","172763315","13","95739343"
"chr15","77046824","77047116","chr2","172786445","172786738","12","95739621"
"chr15","77169792","77169962","chr2","172906712","172906883","5","95736920"
"chr15","77191917","77192207","chr2","172933919","172934202","28","95742002"
"chr15","77260360","77260662","chr2","173004060","173004361","14","95743700"
"chr15","77263414","77263717","chr2","173007407","173007713","12","95743993"
"chr15","77277000","77277211","chr7","58779721","58779929","44","18497279"
"chr15","77309807","77310135","chr2","173059517","173059806","63","95749710"
"chr15","77312405","77312698","chr2","173064227","173064532","47","95751822"
"chr15","77328946","77329216","chr2","173080171","173080428","35","95751225"
"chr15","77329358","77329490","chr16","45292233","45292361","18","32037125"
"chr15","77400135","77400425","chr20","62814739","62815029","35","14585396"
"chr15","77405444","77405626","chr2","173162745","173162927","15","95757301"
"chr15","77414040","77414334","chr2","173170585","173170889","19","95756545"
"chr15","77430104","77430394","chr2","173186508","173186798","3","95756404"
"chr15","77433579","77433889","chr2","173190140","173190450","14","95756561"
"chr15","77542515","77542820","chr16","1192695","1192995","38","76349820"
"chr15","77605989","77606119","chr10","73050153","73050283","17","4555836"
"chr15","77606269","77606438","chr3","44589286","44589452","30","33016983"
"chr15","77806630","77806925","chr2","173567541","173567834","13","95760911"
"chr15","77830930","77831214","chr14","32029687","32029972","37","45801243"
"chr15","77831230","77831521","chr2","173591196","173591488","9","95759966"
"chr15","77855181","77855351","chr1","19775982","19776154","29","58079199"
"chr15","77855655","77855778","chr17","15740968","15741092","24","62114687"
"chr15","77863042","77863186","chr2","173624011","173624155","4","95760969"
"chr15","77896894","77897068","chr2","173657452","173657625","7","95760558"
"chr15","77904902","77905094","chr5","129275158","129275347","36","51370256"
"chr15","77925239","77925564","chr2","173685600","173685903","36","95760361"
"chr15","77951160","77951445","chr1","171190187","171190469","46","93239027"
"chr15","78049826","78050131","chr18","16317024","16317330","45","61732802"
"chr15","78094674","78094969","chr2","173851331","173851627","5","95756657"
"chr15","78147224","78147529","chr2","173905266","173905575","10","95758042"
"chr15","78201750","78201877","chr1","125213986","125214113","14","47012236"
"chr15","78693539","78693847","chr2","174469567","174469870","15","95776028"
"chr15","78951516","78951820","chr2","174729868","174730172","17","95778352"
"chr15","79448395","79448633","chr2","175237792","175238033","10","95789397"
"chr15","79954271","79954581","chr2","175746505","175746817","17","95792234"
"chr15","80023709","80024021","chr1","206491500","206491809","47","126467791"
"chr15","80138121","80138420","chr2","175935661","175935968","15","95797540"
"chr15","80276012","80276319","chr2","176072951","176073254","25","95796939"
"chr15","80393164","80393458","chr1","38259809","38260102","41","42133355"
"chr15","80552073","80552328","chr2","176371641","176371896","11","95819568"
"chr15","80581784","80582098","chr12","40189788","40190097","47","40391996"
"chr15","80882191","80882474","chr2","176697221","176697519","29","95815030"
"chr15","81094469","81094650","chr9","75763059","75763246","34","5331410"
"chr15","81159513","81159801","chr3","12839612","12839895","38","68319901"
"chr15","81193855","81194149","chr2","177005080","177005375","19","95811225"
"chr15","81248004","81248315","chr2","177059364","177059657","28","95811360"
"chr15","81337829","81338132","chr4","52290669","52290980","43","29047160"
"chr15","81352611","81352906","chr2","177164041","177164340","18","95811430"
"chr15","81652345","81652580","chr2","177460640","177460875","13","95808295"
"chr15","81683011","81683314","chr2","177492238","177492541","10","95809227"
"chr15","81720290","81720602","chr2","177529633","177529954","27","95809343"
"chr15","81918263","81918574","chr1","190728238","190728548","59","108809975"
"chr15","81985666","81985932","chr2","177792869","177793135","7","95807203"
"chr15","82093832","82094139","chr2","177901589","177901897","14","95807757"
"chr15","82423150","82423463","chr9","60215490","60215799","43","22207660"
"chr15","82433482","82433780","chr2","178243131","178243425","20","95809649"
"chr15","82745275","82745557","chr2","178555257","178555563","33","95809982"
"chr15","82758265","82758558","chr19","48329800","48330090","45","34428465"
"chr15","82987826","82987840","chr9","32916732","32916748","13","50071094"
"chr15","82987870","82988121","chr10","84583903","84584162","49","1596033"
"chr15","83180249","83180531","chr2","178994265","178994547","8","95814016"
"chr15","83253970","83254293","chr11","117708438","117708766","46","34454468"
"chr15","83319250","83319555","chr2","179131102","179131381","30","95811852"
"chr15","83337723","83338027","chr2","179149637","179149950","22","95811914"
"chr15","83338931","83339238","chr2","179150854","179151158","11","95811923"
"chr15","83435786","83436099","chr2","179247724","179248035","13","95811938"
"chr15","83693050","83693359","chr2","184554529","184554839","44","100861479"
"chr15","84065748","84066017","chr2","179885393","179885662","12","95819645"
"chr15","84076933","84077201","chr2","179896314","179896614","36","95819381"
"chr15","84299384","84299692","chr2","180123928","180124239","13","95824544"
"chr15","84799943","84800232","chr2","180638312","180638633","49","95838369"
"chr15","85439209","85439495","chr4","17756028","17756312","43","67683181"
"chr15","85451200","85451275","chr2","38490700","38490776","14","46960500"
"chr15","85482452","85482754","chr2","181322905","181323215","24","95840453"
"chr15","85510995","85511295","chr2","181352096","181352381","36","95841101"
"chr15","85717739","85718047","chr2","181561814","181562122","20","95844075"
"chr15","85831309","85831597","chr2","181676805","181677094","12","95845496"
"chr15","85972896","85973162","chr2","181823631","181823906","31","95850735"
"chr15","86426505","86426814","chr2","182272374","182272683","10","95845869"
"chr15","86855430","86855581","chr8","84974997","84975153","34","1880433"
"chr15","86928195","86928369","chr2","182777244","182777417","8","95849049"
"chr15","86943372","86943672","chr2","182792476","182792776","12","95849104"
"chr15","86973582","86973869","chr9","118511614","118511893","44","31538032"
"chr15","87224282","87224518","chr2","183080914","183081128","30","95856632"
"chr15","87301071","87301369","chr2","183159448","183159746","10","95858377"
"chr15","87362438","87362739","chr2","183220811","183221118","24","95858373"
"chr15","87888287","87888503","chr2","183750638","183750850","13","95862351"
"chr15","87921469","87921768","chr2","183784653","183784952","8","95863184"
"chr15","88470023","88470237","chr2","184332166","184332381","5","95862143"
"chr15","88487350","88487603","chr2","184348878","184349132","8","95861528"
"chr15","88510946","88511238","chr2","184372477","184372774","17","95861531"
"chr15","88578544","88578840","JH679811","6425","6724","37","88572119"
"chr15","88592244","88592538","chr2","184452741","184453034","11","95860497"
"chr15","88691604","88691906","chr2","184554529","184554839","19","95862925"
"chr15","88809257","88809575","chr2","184678205","184678523","10","95868948"
"chr15","88840303","88840610","chr2","184710015","184710330","13","95869712"
"chr15","88932804","88933122","chr2","184804978","184805279","32","95872174"
"chr15","89132502","89132803","chr2","185002385","185002690","26","95869883"
"chr15","89370258","89370523","chr2","179885393","179885662","44","90515135"
"chr15","89370821","89371133","chr2","185241496","185241809","10","95870675"
"chr15","89397098","89397377","chr2","185268034","185268314","8","95870936"
"chr15","89455779","89456077","chr2","185325842","185326140","14","95870063"
"chr15","89541853","89542150","chr2","185408346","185408642","9","95866493"
"chr15","89615971","89616272","chr2","185485242","185485542","10","95869271"
"chr15","89659313","89659622","chr2","1378446","1378754","32","88280867"
"chr15","89669674","89669879","chr2","185544527","185544725","21","95874853"
"chr15","89757241","89757536","chr2","185644780","185645079","17","95887539"
"chr15","89789592","89789900","chr2","185677108","185677417","10","95887516"
"chr15","89800731","89800886","chr2","185689616","185689779","20","95888885"
"chr15","89905760","89906009","chr2","185799508","185799758","13","95893748"
"chr15","89960325","89960624","chr2","185853237","185853533","15","95892912"
"chr15","89987023","89987329","chr2","185883158","185883465","14","95896135"
"chr15","90080996","90081126","chr2","185975411","185975534","11","95894415"
"chr15","90090668","90090946","chr2","185985092","185985358","19","95894424"
"chr15","90360746","90361052","chr2","186266982","186267288","3","95906236"
"chr15","90378492","90378634","chr3","88231411","88231557","22","2147081"
"chr15","90390455","90390620","chr19","15464547","15464687","52","74925908"
"chr15","90390702","90390885","chr13","112496180","112496378","57","22105478"
"chr15","90400004","90400314","chr2","186320008","186320318","5","95920004"
"chr15","90405306","90405568","chr1","214448550","214448825","57","124043244"
"chr15","90449887","90450180","chr2","186372593","186372886","7","95922706"
"chr15","90492214","90492429","chr2","186417722","186417937","7","95925508"
"chr15","90495818","90496080","chr2","186425176","186425433","13","95929358"
"chr15","90499136","90499425","chr6","69815268","69815562","50","20683868"
"chr15","90538569","90538878","chr2","186472272","186472579","11","95933703"
"chr15","90604098","90604174","chr4","31207271","31207348","11","59396827"
"chr15","90670968","90671130","chrX","16562455","16562622","28","74108513"
"chr15","90732607","90732913","chr2","186684914","186685213","23","95952307"
"chr15","90746060","90746367","chr2","186698575","186698875","20","95952515"
"chr15","90814420","90814690","chr2","186769749","186770016","8","95955329"
"chr15","90881359","90881673","chr6","141581481","141581779","44","50700122"
"chr15","90884185","90884491","chr2","186852258","186852564","6","95968073"
"chr15","90907395","90907551","chr7","135329144","135329303","27","44421749"
"chr15","90920941","90921243","chr4","32480381","32480687","40","58440560"
"chr15","90927094","90927405","chr2","186895797","186896107","11","95968703"
"chr15","90934716","90934792","chr2","38490700","38490776","8","52444016"
"chr15","90975559","90975869","chr2","186948601","186948912","12","95973042"
"chr15","91004683","91004971","chr4","14605184","14605475","33","76399499"
"chr15","91029461","91029757","chrX","128231874","128232180","44","37202413"
"chr15","91075485","91075806","chr2","187046018","187046335","20","95970533"
"chr15","91096724","91097024","chr2","187069815","187070112","14","95973091"
"chr15","91100905","91101207","chr9","5849715","5850009","45","85251190"
"chr15","91109717","91109857","chr3","43716511","43716650","25","47393206"
"chr15","91110157","91110172","chr9","32916732","32916748","10","58193425"
"chr15","91152011","91152172","chr2","187134428","187134589","3","95982417"
"chr15","91191245","91191545","chr2","83798559","83798857","40","7392686"
"chr15","91244000","91244305","chr2","187225830","187226136","11","95981830"
"chr15","91251111","91251418","chr3","103906951","103907262","44","12655840"
"chr15","91379136","91379460","chr2","113418845","113419177","74","22039709"
"chr15","91383022","91383322","chr1","134972732","134973029","44","43589710"
"chr15","91451767","91452068","chr1","26493506","26493804","42","64958261"
"chr15","91495093","91495404","chr8","62979850","62980160","40","28515243"
"chr15","91521218","91521522","chr19","46111215","46111513","36","45410003"
"chr15","91722372","91722679","chr16","7638577","7638878","44","84083795"
"chr16","786231","786532","chr16","831350","831659","22","45119"
"chr16","23592758","23593050","chr6","160220855","160221152","47","136628097"
"chr16","30146456","30146729","chr11","85442281","85442566","49","55295825"
"chr16","290292","290588","chr16","305395","305696","20","15103"
"chr16","365178","365476","chr6","51765657","51765954","36","51400479"
"chr16","382827","382997","chr16","401731","401898","14","18904"
"chr16","383002","383052","chr16","402052","402098","7","19050"
"chr16","399766","400062","chr4","8824889","8825189","55","8425123"
"chr16","454799","455080","chr10","77350859","77351141","40","76896060"
"chr16","455122","455134","chr9","32916732","32916748","11","32461610"
"chr16","455364","455651","chr16","476284","476571","7","20920"
"chr16","529729","529856","chr16","558665","558794","7","28936"
"chr16","597369","597637","chr1","208696272","208696542","51","208098903"
"chr16","647935","648228","chr16","683084","683374","19","35149"
"chr16","811514","811797","chr16","856942","857242","28","45428"
"chr16","953665","953984","chr2","149555192","149555504","47","148601527"
"chr16","970900","971044","chr16","1040096","1040241","7","69196"
"chr16","1001736","1002035","chr7","38962613","38962910","39","37960877"
"chr16","1016632","1016783","chr12","47212900","47213050","19","46196268"
"chr16","1038136","1038419","chr5","154319459","154319739","49","153281323"
"chr16","1057162","1057460","chr16","1136629","1136923","17","79467"
"chr16","1081334","1081648","chr16","1166355","1166656","25","85021"
"chr16","1087669","1087959","chr1","206178037","206178326","35","205090368"
"chr16","1091124","1091436","chrX","33033919","33034230","38","31942795"
"chr16","1099767","1100047","chr16","1188254","1188538","13","88487"
"chr16","1101117","1101283","chr1","152824194","152824363","25","151723077"
"chr16","1101577","1101719","chrX","101901062","101901192","23","100799485"
"chr16","1103926","1104226","chr16","1192695","1192995","15","88769"
"chr16","1110731","1111029","chr16","1199709","1200003","16","88978"
"chr16","1177204","1177527","chr16","1279507","1279814","33","102303"
"chr16","1177530","1177819","chr16","1279818","1280104","12","102288"
"chr16","1202944","1203258","chr16","1307120","1307442","31","104176"
"chr16","1308071","1308288","chr19","2522109","2522332","45","1214038"
"chr16","1323869","1324162","chr7","38962613","38962910","38","37638744"
"chr16","1329515","1329790","chr8","66389590","66389861","49","65060075"
"chr16","1355620","1355761","chr19","49957750","49957891","21","48602130"
"chr16","1382065","1382404","chr2","50586103","50586422","67","49204038"
"chr16","1384005","1384300","chr16","1500130","1500424","15","116125"
"chr16","1407609","1407914","chrX","25734220","25734518","43","24326611"
"chr16","1471214","1471530","chr1","25863318","25863627","53","24392104"
"chr16","1542479","1542644","chr15","96440767","96440936","23","94898288"
"chr16","1561541","1561852","chr4","59261868","59262177","44","57700327"
"chr16","1646887","1647196","chr16","1745249","1745556","17","98362"
"chr16","1686219","1686421","chr16","1785933","1786144","13","99714"
"chr16","1769546","1769848","chr16","1871482","1871792","20","101936"
"chr16","1897129","1897430","chr6","72868236","72868535","44","70971107"
"chr16","1954951","1955247","chr16","2058575","2058874","16","103624"
"chr16","2089442","2089579","chr3","113124884","113125021","12","111035442"
"chr16","2116944","2117048","chr2","82653175","82653280","9","80536231"
"chr16","2134841","2135118","chr4","17756028","17756312","38","15621187"
"chr16","2153791","2154097","chr3","83418547","83418856","40","81264756"
"chr16","2179565","2179844","chr11","83615728","83615989","55","81436163"
"chr16","2188772","2189101","chr16","2305762","2306103","31","116990"
"chr16","2201539","2201832","chr16","2317540","2317831","16","116001"
"chr16","2216434","2216738","chr16","2337726","2338026","10","121292"
"chr16","2222425","2222735","chr16","2344136","2344443","14","121711"
"chr16","2232333","2232632","chr13","125615309","125615606","51","123382976"
"chr16","2234213","2234526","chr10","81172675","81172980","42","78938462"
"chr16","2248416","2248678","chr16","2368994","2369263","9","120578"
"chr16","2262310","2262599","chr3","150295778","150296069","42","148033468"
"chr16","2264156","2264462","chr16","2383989","2384300","20","119833"
"chr16","2337599","2337897","chr16","2463997","2464295","28","126398"
"chr16","2374802","2375102","chr16","2508092","2508395","11","133290"
"chr16","2383878","2384075","chr9","46451173","46451366","33","44067295"
"chr16","2436800","2437110","chr4","2781726","2782026","67","344926"
"chr16","2437701","2438033","chr16","2579458","2579756","53","141757"
"chr16","2449921","2450113","chr19","1909756","1909946","44","540165"
"chr16","2470932","2471234","chr6","67285991","67286291","38","64815059"
"chr16","2472254","2472420","chr19","37347315","37347472","43","34875061"
"chr16","2479381","2479691","chr16","2626112","2626415","21","146731"
"chr16","2484982","2485285","chr16","2631996","2632300","23","147014"
"chr16","2490173","2490355","chr4","36117524","36117702","28","33627351"
"chr16","2519337","2519642","chr15","42714029","42714331","40","40194692"
"chr16","2584461","2584756","chr4","31501602","31501899","38","28917141"
"chr16","2600200","2600326","chr12","95132654","95132778","8","92532454"
"chr16","2600355","2600517","chr13","87854074","87854233","16","85253719"
"chr16","2645553","2645863","chr15","13366172","13366483","38","10720619"
"chr16","2725472","2725649","chr16","2876351","2876520","15","150879"
"chr16","2845829","2845983","chr16","2993592","2993746","6","147763"
"chr16","2909449","2909737","chr16","3049561","3049856","11","140112"
"chr16","3040487","3040621","chr6","169981505","169981635","17","166941018"
"chr16","3045200","3045326","chr20","10710102","10710229","17","7664902"
"chr16","3060534","3060840","chr12","77368095","77368397","45","74307561"
"chr16","3081497","3081797","chr19","4055489","4055793","51","973992"
"chr16","3082538","3082847","chr16","3232853","3233157","18","150315"
"chr16","3144051","3144350","chr16","3305494","3305796","12","161443"
"chr16","3175693","3175981","chr16","3338545","3338833","14","162852"
"chr16","3177585","3177883","chr16","3340574","3340868","16","162989"
"chr16","3229365","3229656","chr16","3391434","3391731","25","162069"
"chr16","3264656","3264977","chrX","12910196","12910513","41","9645540"
"chr16","3279801","3280112","chr12","14273839","14274149","35","10994038"
"chr16","3290674","3290979","chr16","3465018","3465305","32","174344"
"chr16","3337637","3337934","chr16","3513179","3513470","17","175542"
"chr16","3352399","3352681","chr1","83845105","83845392","44","80492706"
"chr16","3387788","3388087","chr2","28666618","28666924","41","25278830"
"chr16","3446971","3447270","chr7","89242284","89242582","42","85795313"
"chr16","3459179","3459475","chr16","3637215","3637510","8","178036"
"chr16","3490045","3490347","chr10","65766672","65766974","35","62276627"
"chr16","3511266","3511556","chr16","3694389","3694703","37","183123"
"chr16","3591327","3591622","chr16","3774878","3775180","13","183551"
"chr16","3623220","3623383","chr7","135329144","135329303","25","131705924"
"chr16","3660402","3660698","chr16","3845443","3845735","15","185041"
"chr16","3675738","3676037","chr16","3861584","3861878","10","185846"
"chr16","3717659","3717958","chr16","3903920","3904194","37","186261"
"chr16","3718922","3719218","chr16","3905182","3905470","21","186260"
"chr16","3740713","3741009","chr16","3927134","3927424","13","186421"
"chr16","3754316","3754614","chr16","3940916","3941191","34","186600"
"chr16","3785085","3785365","chr16","3969906","3970186","6","184821"
"chr16","3805241","3805460","chr16","3997014","3997233","8","191773"
"chr16","3832101","3832406","chr16","4019082","4019381","16","186981"
"chr16","3857151","3857220","chr20","459004","459074","14","3398147"
"chr16","3861000","3861190","chr1","98378738","98378927","29","94517738"
"chr16","3861501","3861634","chr11","74966065","74966200","9","71104564"
"chr16","3871241","3871545","chr16","4060812","4061103","26","189571"
"chr16","3877323","3877629","chr6","72868236","72868535","46","68990913"
"chr16","3884739","3885003","chr13","67994164","67994449","57","64109425"
"chr16","3939945","3940247","chr10","19905983","19906282","44","15966038"
"chr16","4060884","4061072","chr16","4264147","4264329","9","203263"
"chr16","4083609","4083915","chr4","27512980","27513275","65","23429371"
"chr16","4087898","4088181","chr16","4290941","4291227","12","203043"
"chr16","4102302","4102599","chr6","101176537","101176830","43","97074235"
"chr16","4164347","4164581","chr16","4369707","4369940","7","205360"
"chr16","4165593","4165894","chr16","4370954","4371255","5","205361"
"chr16","4241990","4242296","chr16","4458699","4459006","12","216709"
"chr16","4275895","4276172","chr19","50791455","50791730","43","46515560"
"chr16","4281725","4281865","chr19","49957750","49957891","17","45676025"
"chr16","4330556","4330866","chr16","4548844","4549157","17","218288"
"chr16","4361161","4361471","chr19","27630494","27630800","36","23269333"
"chr16","4381115","4381424","chr1","17988490","17988802","42","13607375"
"chr16","4394013","4394330","chr1","86909122","86909425","45","82515109"
"chr16","4409972","4410201","chr16","4633087","4633314","11","223115"
"chr16","4441391","4441684","chrX","51165804","51166099","45","46724413"
"chr16","4487483","4487779","chr16","4711176","4711473","19","223693"
"chr16","4493979","4494154","chr1","46987397","46987575","21","42493418"
"chr16","4533920","4534238","chr16","4759357","4759664","29","225437"
"chr16","4568083","4568384","chr16","4799199","4799484","22","231116"
"chr16","4593154","4593439","chr16","59450311","59450600","48","54857157"
"chr16","4610701","4611006","chr19","1876698","1876998","58","2734003"
"chr16","4656547","4656850","chr16","4902626","4902930","9","246079"
"chr16","4665173","4665285","chr11","131780560","131780675","14","127115387"
"chr16","4678118","4678424","chr16","4924027","4924333","6","245909"
"chr16","4679916","4680069","chrX","142278602","142278756","27","137598686"
"chr16","4686316","4686475","chr1","68823036","68823190","32","64136720"
"chr16","4690469","4690756","chr16","4941065","4941364","22","250596"
"chr16","4704725","4705019","chr16","4955349","4955643","8","250624"
"chr16","4782612","4782922","chr16","5039241","5039554","11","256629"
"chr16","4783232","4783525","chr2","34434720","34435011","42","29651488"
"chr16","4802134","4802435","chr15","105626428","105626724","34","100824294"
"chr16","4822833","4823130","chr5","16984555","16984851","45","12161722"
"chr16","4835744","4836033","chr13","79190966","79191261","36","74355222"
"chr16","5152617","5152896","chr2","143948776","143949067","55","138796159"
"chr16","5212387","5212613","chr16","5480378","5480603","20","267991"
"chr16","5300278","5300566","chr4","27357453","27357749","40","22057175"
"chr16","5301547","5301874","chr12","34076286","34076616","43","28774739"
"chr16","5413362","5413675","chr14","63751470","63751781","42","58338108"
"chr16","5603426","5603750","chr16","5874470","5874772","36","271044"
"chr16","5605632","5605871","chr16","5876603","5876840","15","270971"
"chr16","5617714","5618020","chr10","65469233","65469538","35","59851519"
"chr16","5644511","5644822","chr16","5916700","5917017","27","272189"
"chr16","5681742","5682100","chr1","56106334","56106635","91","50424592"
"chr16","5734060","5734359","chr16","6006041","6006340","11","271981"
"chr16","5745228","5745473","chr4","120075495","120075735","39","114330267"
"chr16","5746061","5746314","chr7","40026292","40026545","47","34280231"
"chr16","5907693","5907995","chr16","6186014","6186304","21","278321"
"chr16","5911823","5912120","chr16","6190116","6190410","14","278293"
"chr16","5990089","5990264","chr20","51080553","51080725","24","45090464"
"chr16","6041391","6041687","chr16","6320869","6321163","13","279478"
"chr16","6072380","6072681","chr16","6349831","6350131","20","277451"
"chr16","6095024","6095328","chr19","50426132","50426432","34","44331108"
"chr16","6260410","6260747","chr16","6551758","6552072","38","291348"
"chr16","6350502","6350801","chr20","3990225","3990526","32","2360277"
"chr16","6399203","6399520","chr16","6693841","6694169","19","294638"
"chr16","6493642","6493925","chr9","111317208","111317486","43","104823566"
"chr16","6538331","6538628","chr16","6834493","6834796","25","296162"
"chr16","6541309","6541394","chr10","15069049","15069136","11","8527740"
"chr16","6542251","6542469","chr7","40958829","40959049","37","34416578"
"chr16","6558926","6559213","chr19","48174971","48175267","46","41616045"
"chr16","6619026","6619352","chr9","45534598","45534922","45","38915572"
"chr16","6619513","6619815","chr7","159816911","159817210","37","153197398"
"chr16","6639867","6640151","chr16","6939043","6939323","5","299176"
"chr16","6640162","6640473","chr16","6939332","6939642","10","299170"
"chr16","6648133","6648445","chr16","6948435","6948767","36","300302"
"chr16","6669784","6669918","chr15","7139680","7139810","16","469896"
"chr16","6670251","6670423","chr9","29253173","29253348","31","22582922"
"chr16","6674870","6675122","chr11","104066862","104067105","29","97391992"
"chr16","6681281","6681576","chr16","6984354","6984645","8","303073"
"chr16","6728902","6729214","chr12","36444891","36445198","39","29715989"
"chr16","6831287","6831460","chr16","7137504","7137679","10","306217"
"chr16","6840813","6841130","chr16","7147047","7147362","9","306234"
"chr16","7002797","7002975","chrX","78822994","78823170","35","71820197"
"chr16","7028253","7028419","chr1","140999555","140999719","30","133971302"
"chr16","7028732","7028840","chr3","50323093","50323193","19","43294361"
"chr16","7042926","7043235","chr3","85784245","85784552","44","78741319"
"chr16","7070315","7070611","chr16","7379402","7379700","8","309087"
"chr16","7111035","7111345","chr16","7428074","7428380","28","317039"
"chr16","7174216","7174524","chr16","7486376","7486682","9","312160"
"chr16","7306383","7306689","chr16","7618195","7618503","11","311812"
"chr16","7307727","7308039","chr4","81922821","81923131","42","74615094"
"chr16","7325641","7325944","chr16","7638577","7638878","10","312936"
"chr16","7353393","7353707","chr7","89242284","89242582","57","81888891"
"chr16","7446666","7446954","chr3","38917154","38917450","40","31470488"
"chr16","7474914","7475177","chr16","7797022","7797329","57","322108"
"chr16","7578751","7578844","chrX","117770003","117770089","17","110191252"
"chr16","7584285","7584428","chr6","50066894","50067034","24","42482609"
"chr16","7584722","7584889","chr4","76055058","76055217","35","68470336"
"chr16","7609804","7610093","chr3","37560253","37560542","39","29950449"
"chr16","7644209","7644388","chr14","108178899","108179085","31","100534690"
"chr16","7644426","7644605","chr9","37884637","37884810","41","30240211"
"chr16","7668177","7668509","chr2","163181315","163181637","66","155513138"
"chr16","7692484","7692796","chrX","25734220","25734518","60","18041736"
"chr16","7697437","7697765","chr16","8000615","8000937","16","303178"
"chr16","7699869","7700171","chr16","8002947","8003245","21","303078"
"chr16","7723186","7723466","chr13","86593761","86594042","36","78870575"
"chr16","7745452","7745756","chr16","8053279","8053584","17","307827"
"chr16","7776727","7777030","chr16","8083840","8084135","19","307113"
"chr16","8004142","8004410","chr16","8313312","8313568","18","309170"
"chr16","8011760","8012061","chr16","8320915","8321222","14","309155"
"chr16","8030910","8031212","chr5","21132503","21132801","38","13101593"
"chr16","8047709","8048012","chr16","8355737","8356039","21","308028"
"chr16","8176053","8176247","chr16","8494592","8494776","19","318539"
"chr16","8239098","8239398","chr16","8555447","8555746","19","316349"
"chr16","8330194","8330489","chr7","19924049","19924344","41","11593855"
"chr16","8336146","8336455","chr16","8652064","8652373","11","315918"
"chr16","8374972","8375197","chr16","2199156","2199382","35","6175816"
"chr16","8417984","8418277","chr16","8732378","8732665","20","314394"
"chr16","8426978","8427274","chr16","8741252","8741547","8","314274"
"chr16","8458838","8459148","chr3","163385781","163386087","44","154926943"
"chr16","8494048","8494237","chr20","26048038","26048215","47","17553990"
"chr16","8496348","8496649","chr16","8809848","8810130","31","313500"
"chr16","8523699","8524009","chr16","8837657","8837966","22","313958"
"chr16","8565243","8565550","chr16","8879907","8880201","24","314664"
"chr16","8579594","8579906","chr16","8894686","8895000","15","315092"
"chr16","8587795","8588055","chr10","22134037","22134301","47","13546242"
"chr16","8638704","8639014","chr16","8956806","8957111","19","318102"
"chr16","8680335","8680620","chr16","8992887","8993171","12","312552"
"chr16","8723813","8724008","chr16","4657696","4657895","26","4066117"
"chr16","8733554","8733744","chr16","9048362","9048552","3","314808"
"chr16","8742807","8742919","chr3","169410230","169410340","18","160667423"
"chr16","8744290","8744443","chr20","19642534","19642681","28","10898244"
"chr16","8755321","8755543","chr1","202123535","202123748","36","193368214"
"chr16","8758996","8759274","chr16","9079401","9079679","15","320405"
"chr16","8794524","8794772","chr14","9128165","9128415","42","333641"
"chr16","8805061","8805367","chr16","9124329","9124626","30","319268"
"chr16","8852871","8853170","chr16","9170713","9171006","27","317842"
"chr16","8853557","8853847","chr16","9171708","9171992","12","318151"
"chr16","8872920","8873214","chr16","9190907","9191217","30","317987"
"chr16","8883438","8883742","chr16","9202019","9202324","21","318581"
"chr16","8931211","8931516","chr16","9250334","9250640","19","319123"
"chr16","8934840","8935095","chr16","9253890","9254124","31","319050"
"chr16","8935469","8935779","chr16","9254507","9254801","23","319038"
"chr16","9025228","9025534","chr16","9351446","9351766","36","326218"
"chr16","9039906","9040174","chr16","9366811","9367067","14","326905"
"chr16","9060476","9060780","chr16","9388124","9388419","20","327648"
"chr16","9062499","9062798","chr16","9390348","9390650","17","327849"
"chr16","9068603","9068899","chr8","124953535","124953832","30","115884932"
"chr16","9077542","9077905","chr8","105837304","105837637","86","96759762"
"chr16","9096628","9096944","chr16","9425542","9425856","12","328914"
"chr16","9151530","9151802","chr16","9478913","9479187","10","327383"
"chr16","9247598","9247907","chr16","9574564","9574870","16","326966"
"chr16","9274098","9274361","chr16","9601061","9601322","17","326963"
"chr16","9279426","9279691","chr16","9606554","9606815","19","327128"
"chr16","9484798","9485092","chr16","9801300","9801597","21","316502"
"chr16","9494755","9495057","chr16","9811314","9811613","14","316559"
"chr16","9527248","9527465","chr3","162210136","162210352","36","152682888"
"chr16","9610436","9610732","chr16","9928471","9928770","9","318035"
"chr16","9610734","9611032","chr16","9928772","9929070","8","318038"
"chr16","9689986","9690209","chr16","2199156","2199382","35","7490830"
"chr16","9691515","9691811","chr20","67506862","67507158","31","57815347"
"chr16","9870222","9870405","chr16","23710078","23710258","28","13839856"
"chr16","10011747","10012049","chr9","57592341","57592639","41","47580594"
"chr16","10027811","10028109","chr16","10343896","10344185","11","316085"
"chr16","10046366","10046578","chr10","15069337","15069554","39","5022971"
"chr16","10063693","10063956","chr16","10380796","10381057","18","317103"
"chr16","10184117","10184373","chr8","54606651","54606906","50","44422534"
"chr16","10274736","10275070","chr2","170858563","170858887","60","160583827"
"chr16","10678009","10678313","chr16","10989286","10989594","15","311277"
"chr16","10706192","10706460","chr14","20118790","20119058","48","9412598"
"chr16","10777795","10778081","chr16","11089910","11090211","24","312115"
"chr16","10809279","10809580","chr16","11119327","11119638","14","310048"
"chr16","10846851","10847156","chr16","11156878","11157178","31","310027"
"chr16","10879143","10879439","chr16","11189652","11189943","19","310509"
"chr16","10971341","10971640","chr16","11282325","11282633","21","310984"
"chr16","10986447","10986749","chr16","11299366","11299663","22","312919"
"chr16","11041064","11041188","chr1","196367233","196367358","14","185326169"
"chr16","11100443","11100732","chr16","11413791","11414080","6","313348"
"chr16","11125749","11125883","chr9","6292875","6293012","19","4832874"
"chr16","11202537","11202834","chr16","11521556","11521864","22","319019"
"chr16","11226384","11226709","chr16","11545761","11546084","10","319377"
"chr16","11231993","11232296","chr16","11551234","11551538","12","319241"
"chr16","11292372","11292670","chr16","11614132","11614429","9","321760"
"chr16","11306947","11307238","chr16","11629116","11629423","26","322169"
"chr16","11476105","11476417","chr16","11802281","11802597","19","326176"
"chr16","11516773","11517101","chr4","31107057","31107380","45","19590284"
"chr16","11547336","11547640","chr16","11873512","11873822","19","326176"
"chr16","11708882","11709180","chr1","42605020","42605322","27","30896138"
"chr16","11744995","11745303","chr16","12070087","12070387","19","325092"
"chr16","11861375","11861612","chr19","9552349","9552564","69","2309026"
"chr16","11870147","11870466","chr16","12194294","12194611","14","324147"
"chr16","12033742","12034052","chr16","12359621","12359921","23","325879"
"chr16","12072118","12072398","chr15","97061406","97061689","35","84989288"
"chr16","12109256","12109552","chr12","99225049","99225349","43","87115793"
"chr16","12109932","12110233","chr16","12434129","12434426","22","324197"
"chr16","12241405","12241691","chr16","12569423","12569706","15","328018"
"chr16","12354388","12354542","chr16","12686527","12686686","8","332139"
"chr16","12426231","12426537","chr16","12758864","12759170","13","332633"
"chr16","12485491","12485790","chr16","12819576","12819875","15","334085"
"chr16","12513597","12513899","chr16","12847798","12848099","8","334201"
"chr16","12598064","12598361","chr16","12907409","12907706","9","309345"
"chr16","12777642","12777951","chr16","13107119","13107411","21","329477"
"chr16","13086917","13087222","chr2","184554529","184554839","44","171467612"
"chr16","13125132","13125437","chr16","13450156","13450462","12","325024"
"chr16","13138894","13139203","chr16","13463823","13464110","32","324929"
"chr16","13318950","13319245","chr16","13643671","13643969","11","324721"
"chr16","13320406","13320707","chr16","13645125","13645418","12","324719"
"chr16","13340222","13340447","chr7","64381746","64381980","49","51041524"
"chr16","13508904","13509194","chr16","13833540","13833834","15","324636"
"chr16","13662497","13662819","chr16","13988128","13988451","24","325631"
"chr16","13734813","13735108","chr16","14066608","14066905","28","331795"
"chr16","13743111","13743420","chr16","14075036","14075338","14","331925"
"chr16","13757665","13757969","chr16","14089775","14090078","25","332110"
"chr16","13950287","13950588","chr4","27134375","27134681","43","13184088"
"chr16","14044289","14044586","chr16","14366207","14366505","19","321918"
"chr16","14055032","14055325","chr4","148808667","148808959","37","134753635"
"chr16","14132987","14133277","chr7","63558520","63558814","38","49425533"
"chr16","14136886","14137195","chr16","14458483","14458793","17","321597"
"chr16","14258606","14258891","chr10","77350859","77351141","41","63092253"
"chr16","14297283","14297597","chr16","14624080","14624398","25","326797"
"chr16","14400350","14400633","chr16","14736290","14736601","44","335940"
"chr16","14818904","14819176","chr14","8901423","8901704","55","5917481"
"chr16","14836078","14836318","chr16","15209214","15209448","16","373136"
"chr16","14843497","14843735","chr16","15216360","15216606","13","372863"
"chr16","14864404","14864710","chr16","15238224","15238532","23","373820"
"chr16","14874392","14874695","chr16","15249800","15250100","15","375408"
"chr16","14879826","14880129","chr16","15255230","15255530","12","375404"
"chr16","14888945","14889187","chr11","116104043","116104279","34","101215098"
"chr16","14995036","14995330","chr16","15406888","15407184","15","411852"
"chr16","15005874","15005986","chr16","15395750","15395862","2","389876"
"chr16","15096629","15096728","chr3","50323093","50323193","22","35226464"
"chr16","15096757","15096932","chr11","57418414","57418583","26","42321657"
"chr16","15127455","15127741","chr5","34197961","34198242","44","19070506"
"chr16","15232125","15232433","chr16","15737149","15737447","18","505024"
"chr16","15238922","15239206","chr15","97061406","97061689","37","81822484"
"chr16","15275570","15275813","chr16","15791094","15791338","5","515524"
"chr16","15285061","15285348","chr16","15804968","15805274","41","519907"
"chr16","15324239","15324550","chr16","15837064","15837383","17","512825"
"chr16","15329896","15329982","chr2","130967091","130967173","30","115637195"
"chr16","15330290","15330450","chr1","128958235","128958392","32","113627945"
"chr16","15343628","15343930","chr16","15862057","15862359","4","518429"
"chr16","15348074","15348377","chr16","15867283","15867577","18","519209"
"chr16","15352616","15352928","chr16","15872154","15872461","10","519538"
"chr16","15403673","15403975","chr16","15924823","15925125","2","521150"
"chr16","15416120","15416416","chr16","15952845","15953142","8","536725"
"chr16","15459948","15460247","chr13","63444738","63445036","38","47984790"
"chr16","15470350","15470654","chr16","15994141","15994444","11","523791"
"chr16","15495000","15495144","chr16","16019210","16019353","4","524210"
"chr16","15563868","15564129","chr16","16085870","16086134","8","522002"
"chr16","15717230","15717539","chr16","16243977","16244280","15","526747"
"chr16","16232620","16232921","chr14","107694387","107694691","39","91461767"
"chr16","16260325","16260617","chr16","16829128","16829419","7","568803"
"chr16","16295563","16295771","chr16","16854738","16854946","2","559175"
"chr16","16299484","16299614","chr6","47849580","47849709","12","31550096"
"chr16","16312332","16312634","chr16","16874302","16874607","11","561970"
"chr16","16323938","16324129","chr14","108178899","108179085","39","91854961"
"chr16","16329283","16329543","chr16","16898809","16899086","21","569526"
"chr16","16379285","16379584","chr6","172177218","172177517","34","155797933"
"chr16","16491654","16491947","chr19","15489451","15489743","34","1002203"
"chr16","16492726","16493017","chr16","17062057","17062352","16","569331"
"chr16","16641910","16642198","chr16","17212584","17212873","4","570674"
"chr16","16690398","16690641","chr7","43179604","43179849","48","26489206"
"chr16","16999079","16999373","chr16","17570857","17571156","12","571778"
"chr16","17029707","17030023","chr16","17601930","17602226","34","572223"
"chr16","17051368","17051635","chr16","17623480","17623753","15","572112"
"chr16","17131438","17131758","chr1","139382832","139383135","75","122251394"
"chr16","17152585","17152893","chr3","127216186","127216489","40","110063601"
"chr16","17250431","17250736","chr16","17828449","17828745","20","578018"
"chr16","17265443","17265741","chr16","17837466","17837751","21","572023"
"chr16","17315170","17315484","chr16","17894157","17894472","11","578987"
"chr16","17351718","17352027","chr16","17925040","17925327","30","573322"
"chr16","17353907","17354204","chr16","17927228","17927526","9","573321"
"chr16","17388344","17388470","chr16","17962172","17962300","4","573828"
"chr16","17392995","17393291","chr16","17966734","17967037","21","573739"
"chr16","17395916","17396216","chr16","17970424","17970718","11","574508"
"chr16","17401523","17401821","chr16","17975998","17976299","15","574475"
"chr16","17415482","17415788","chrX","28745828","28746133","37","11330346"
"chr16","17569672","17569816","chr16","18170435","18170584","9","600763"
"chr16","17575244","17575537","chr16","18176399","18176675","21","601155"
"chr16","17579577","17579874","chr16","18181019","18181316","9","601442"
"chr16","17591549","17591851","chr16","18193221","18193521","9","601672"
"chr16","17597915","17598197","chr1","80415888","80416166","36","62817973"
"chr16","17639867","17640165","chr16","18253215","18253514","7","613348"
"chr16","17653273","17653577","chr16","18268244","18268550","15","614971"
"chr16","17748023","17748256","chr4","65301485","65301717","38","47553462"
"chr16","17762832","17763154","chr16","18383966","18384298","19","621134"
"chr16","17772243","17772423","chr2","32289118","32289302","61","14516875"
"chr16","17813414","17813713","chr16","18435751","18436049","8","622337"
"chr16","17901799","17902100","chr16","18525926","18526224","12","624127"
"chr16","17902232","17902525","chr16","18526357","18526650","11","624125"
"chr16","17937081","17937371","chr16","18561665","18561955","13","624584"
"chr16","18134800","18135091","chr16","18747058","18747344","11","612258"
"chr16","18178833","18179122","chr16","18803545","18803839","19","624712"
"chr16","18181595","18181817","chr10","23239579","23239783","42","5057984"
"chr16","18187013","18187307","chr16","18811724","18812015","10","624711"
"chr16","18236527","18236823","chr16","18864392","18864694","22","627865"
"chr16","18255704","18255839","chr5","111699622","111699752","23","93443918"
"chr16","18256144","18256348","chr3","160185295","160185496","46","141929151"
"chr16","18269732","18270037","chr16","18891395","18891686","24","621663"
"chr16","18291850","18292146","chr11","111252594","111252890","38","92960744"
"chr16","18355050","18355338","chr16","18978728","18979016","6","623678"
"chr16","18387669","18387787","chr3","119774545","119774663","20","101386876"
"chr16","18388088","18388265","chr14","31856154","31856328","25","13468066"
"chr16","18390641","18390834","chr16","42861575","42861768","30","24470934"
"chr16","18407507","18407801","chr16","19031584","19031879","10","624077"
"chr16","18412687","18413003","chr16","19037408","19037723","9","624721"
"chr16","18445985","18446299","chr16","19072621","19072931","36","626636"
"chr16","18525207","18525505","chr16","19157364","19157660","11","632157"
"chr16","18573324","18573626","chr16","19210141","19210440","13","636817"
"chr16","18610507","18610805","chr16","19248852","19249150","22","638345"
"chr16","18612540","18612832","chr16","59617449","59617745","32","41004909"
"chr16","18776484","18776684","chr16","19415753","19415955","5","639269"
"chr16","18829799","18830119","chrX","27805021","27805338","55","8975222"
"chr16","18870357","18870640","chr16","63385874","63386155","34","44515517"
"chr16","18917480","18917772","chr16","19524942","19525225","18","607462"
"chr16","19013682","19013997","chr16","19681588","19681898","9","667906"
"chr16","19051382","19051692","chr16","19726239","19726546","14","674857"
"chr16","19135954","19136256","chr3","127238578","127238882","41","108102624"
"chr16","19171887","19172177","chr16","19883882","19884171","24","711995"
"chr16","19177399","19177697","chr16","19889407","19889704","12","712008"
"chr16","19203565","19203732","chr9","60813132","60813300","32","41609567"
"chr16","19208595","19208757","chr16","19922656","19922815","8","714061"
"chr16","19212029","19212296","chr16","19926052","19926335","29","714023"
"chr16","19270901","19271216","chr16","19985362","19985663","39","714461"
"chr16","19336424","19336712","chr17","58538455","58538742","36","39202031"
"chr16","19372064","19372367","chr16","20088929","20089230","18","716865"
"chr16","19422922","19423233","chr16","20141797","20142108","9","718875"
"chr16","19623234","19623461","JH679529","7484","7704","36","19615750"
"chr16","20682440","20682655","chr19","47888057","47888274","39","27205617"
"chr16","20719168","20719433","chr10","76949754","76950039","71","56230586"
"chr16","20858771","20859067","chr6","67285991","67286291","52","46427220"
"chr16","20867755","20867996","chr16","40911585","40911815","30","20043830"
"chr16","20976054","20976242","chr16","20542840","20543028","14","433214"
"chr16","21055991","21056292","chr16","20635635","20635935","7","420356"
"chr16","21060478","21060763","chr16","20640152","20640433","7","420326"
"chr16","21065336","21065613","chr16","20645007","20645271","19","420329"
"chr16","21065647","21065970","chr1","113667944","113668268","52","92602297"
"chr16","21101002","21101311","chr16","20680575","20680883","26","420427"
"chr16","21355873","21356182","chr16","20931922","20932230","5","423951"
"chr16","21502477","21502786","chr16","21076794","21077101","13","425683"
"chr16","21621584","21621895","chr16","21204271","21204576","14","417313"
"chr16","21625660","21625824","chr16","21208360","21208526","8","417300"
"chr16","21672901","21673202","chr16","21255873","21256174","9","417028"
"chr16","21682791","21683014","chr16","21266312","21266535","2","416479"
"chr16","21695258","21695554","chr16","21279109","21279406","8","416149"
"chr16","21793006","21793295","chr5","148857207","148857492","34","127064201"
"chr16","21796708","21796997","chr16","21384247","21384534","8","412461"
"chr16","21970434","21970741","chr16","21557756","21558067","11","412678"
"chr16","22045625","22045755","chr11","50202051","50202180","9","28156426"
"chr16","22045760","22046015","chr10","14985538","14985787","46","7060222"
"chr16","22096342","22096552","chr16","8700039","8700251","44","13396303"
"chr16","22192699","22192715","chr7","145790583","145790608","14","123597884"
"chr16","22192747","22193032","chr16","21781850","21782128","17","410897"
"chr16","22397884","22398194","chr16","21995213","21995523","10","402671"
"chr16","22425429","22425741","chr11","92700583","92700883","43","70275154"
"chr16","22515997","22516108","chr11","10696649","10696754","30","11819348"
"chr16","22516409","22516578","chr1","140999555","140999719","28","118483146"
"chr16","22527116","22527410","chr16","22132836","22133133","9","394280"
"chr16","22538181","22538473","chr16","22146553","22146846","5","391628"
"chr16","22552311","22552580","chr16","22161349","22161639","30","390962"
"chr16","22569601","22569877","chr15","101909506","101909787","58","79339905"
"chr16","22596409","22596706","chr16","22222164","22222464","15","374245"
"chr16","22598780","22599074","chr13","37759276","37759570","32","15160496"
"chr16","22612639","22612937","chr16","22228209","22228507","2","384430"
"chr16","22613557","22613874","chr16","22229772","22230089","3","383785"
"chr16","22708023","22708329","chr16","22332084","22332385","22","375939"
"chr16","22709175","22709470","chr16","22333231","22333523","11","375944"
"chr16","22727654","22727946","chr16","22352079","22352369","5","375575"
"chr16","22852139","22852417","chr16","22478910","22479192","8","373229"
"chr16","23029311","23029454","chr4","41177678","41177819","31","18148367"
"chr16","23057162","23057458","chr16","22686772","22687065","40","370390"
"chr16","23109960","23110253","chr16","22742076","22742370","5","367884"
"chr16","23151995","23152273","chr16","22786836","22787115","13","365159"
"chr16","23192111","23192407","chr16","22828414","22828708","13","363697"
"chr16","23193849","23194108","chr11","124223392","124223659","51","101029543"
"chr16","23197316","23197616","chr16","22833622","22833919","9","363694"
"chr16","23198757","23199056","chr16","22835073","22835370","10","363684"
"chr16","23206467","23206768","chr10","76890199","76890510","42","53683732"
"chr16","23232163","23232421","chr16","69002525","69002791","46","45770362"
"chr16","23406428","23406719","chrX","90750093","90750394","45","67343665"
"chr16","23414161","23414442","chr2","99593091","99593359","52","76178930"
"chr16","23420450","23420761","chr16","23080323","23080629","14","340127"
"chr16","23430837","23431037","chr16","23091242","23091443","5","339595"
"chr16","23498501","23498794","chr16","23158617","23158908","7","339884"
"chr16","23521433","23521702","chr16","23181623","23181888","10","339810"
"chr16","23531844","23532136","chr16","23193449","23193741","7","338395"
"chr16","23532654","23532939","chr16","23194259","23194546","7","338395"
"chr16","23601240","23601529","chr16","23263143","23263429","10","338097"
"chr16","23608123","23608415","chr16","23270490","23270780","9","337633"
"chr16","23659920","23660213","chr16","23322408","23322699","5","337512"
"chr16","23660777","23660951","chr1","19775982","19776154","28","3884795"
"chr16","23742350","23742658","chr16","23405693","23405998","10","336657"
"chr16","23776135","23776446","chr4","100308127","100308436","43","76531992"
"chr16","23909402","23909682","chr16","23575433","23575722","17","333969"
"chr16","23988054","23988347","chr16","23654748","23655054","24","333306"
"chr16","24007654","24007959","chr16","23674779","23675090","23","332875"
"chr16","24010974","24011233","chr16","23678285","23678544","5","332689"
"chr16","24032106","24032272","chr16","23699200","23699366","8","332906"
"chr16","24038936","24039199","chr15","8856096","8856367","45","15182840"
"chr16","24045541","24045724","chr16","23710078","23710258","5","335463"
"chr16","24078894","24079080","chr7","4037852","4038045","28","20041042"
"chr16","24092096","24092226","chr16","23765601","23765731","2","326495"
"chr16","24147189","24147488","chr16","23820391","23820690","1","326798"
"chr16","24153904","24154209","chr16","23826728","23827030","12","327176"
"chr16","24207421","24207602","chr1","110101391","110101568","36","85893970"
"chr16","24361817","24362109","chr6","67069515","67069812","43","42707698"
"chr16","24426901","24427176","chr1","187624537","187624810","44","163197636"
"chr16","24452868","24453140","chr2","152060688","152060961","42","127607820"
"chr16","24492129","24492353","chr16","24041280","24041503","7","450849"
"chr16","24587684","24587918","chr16","24137700","24137936","12","449984"
"chr16","24590876","24591121","chr16","24140858","24141131","30","450018"
"chr16","24611899","24612104","chr16","24161690","24161885","15","450209"
"chr16","24697752","24698078","chr16","24249182","24249481","37","448570"
"chr16","24864673","24864974","chr16","24419468","24419769","10","445205"
"chr16","24886103","24886418","chr1","130989879","130990200","46","106103776"
"chr16","24966245","24966547","chr16","24521807","24522109","7","444438"
"chr16","25036539","25036850","chr16","24590938","24591254","22","445601"
"chr16","25074997","25075289","chr16","24629267","24629559","7","445730"
"chr16","25116433","25116672","chr16","24671297","24671536","12","445136"
"chr16","25380917","25381218","chr16","24936789","24937086","17","444128"
"chr16","25412760","25413062","chr4","30096673","30096977","32","4683913"
"chr16","25435243","25435536","chr16","24995312","24995609","13","439931"
"chr16","25438901","25439036","chr2","1470791","1470932","18","23968110"
"chr16","25442500","25442781","chr16","25000711","25000992","5","441789"
"chr16","25459823","25460121","chr16","25020750","25021048","11","439073"
"chr16","25468880","25469165","chr16","25030159","25030444","9","438721"
"chr16","25487842","25488144","chr16","25051218","25051521","9","436624"
"chr16","25506188","25506486","chr15","105626428","105626724","37","80120240"
"chr16","25510800","25511098","chr3","48389210","48389510","39","22878410"
"chr16","25514931","25515223","chr10","27594987","27595275","43","2080056"
"chr16","25516573","25516874","chr12","95985206","95985507","40","70468633"
"chr16","25522520","25522818","chr11","112117719","112118018","38","86595199"
"chr16","25530097","25530385","chr16","25096183","25096471","10","433914"
"chr16","25536000","25536309","chr16","25102098","25102405","11","433902"
"chr16","25558246","25558525","chr16","25124257","25124537","11","433989"
"chr16","25576797","25577108","chr16","25150013","25150322","5","426784"
"chr16","25589015","25589313","chr1","29680387","29680685","37","4091372"
"chr16","25589489","25589656","chr8","81498618","81498784","37","55909129"
"chr16","25653192","25653347","chr8","39522470","39522626","21","13869278"
"chr16","25662796","25662881","chr5","53193496","53193582","11","27530700"
"chr16","25697864","25698159","chr15","93766190","93766482","43","68068326"
"chr16","25723615","25723913","chr16","25310083","25310348","39","413532"
"chr16","25733574","25733880","chr16","25320488","25320790","11","413086"
"chr16","25847105","25847415","chr16","25439988","25440298","7","407117"
"chr16","25881796","25881983","chr13","91930073","91930262","35","66048277"
"chr16","25913809","25913911","chr16","25509420","25509522","3","404389"
"chr16","25954541","25954841","chr5","177623149","177623435","50","151668608"
"chr16","25980598","25980892","chr16","25579324","25579615","9","401274"
"chr16","26016284","26016572","chr16","25615844","25616131","4","400440"
"chr16","26079829","26079962","chr8","38181713","38181843","20","12101884"
"chr16","26150442","26150745","chr16","25750091","25750395","7","400351"
"chr16","26220294","26220591","chr16","25820883","25821180","10","399411"
"chr16","26280163","26280455","chr16","25881272","25881566","3","398891"
"chr16","26813023","26813163","chr7","146802784","146802923","41","119989761"
"chr16","27041123","27041409","chr16","26649527","26649813","16","391596"
"chr16","27551991","27552251","chr16","27161191","27161456","11","390800"
"chr16","28336384","28336664","chr16","27945302","27945600","25","391082"
"chr16","28457451","28457758","chr16","28066339","28066647","8","391112"
"chr16","28479686","28479952","chr15","91001050","91001325","59","62521364"
"chr16","28563403","28563549","chr8","36249590","36249739","31","7686187"
"chr16","28574441","28574739","chr16","28186306","28186607","11","388135"
"chr16","29121267","29121430","chr16","28726831","28726999","9","394436"
"chr16","29126770","29127078","chr16","28732308","28732624","18","394462"
"chr16","29309917","29310196","chr14","51488545","51488823","44","22178628"
"chr16","29324579","29324865","chr16","28934516","28934804","10","390063"
"chr16","29437068","29437343","chr16","29048000","29048286","16","389068"
"chr16","29649349","29649642","chr16","40865242","40865526","39","11215893"
"chr16","29842489","29842768","chr2","99593091","99593359","55","69750602"
"chr16","29855197","29855418","chr10","22140835","22141054","45","7714362"
"chr16","29965225","29965526","chrX","44389942","44390253","53","14424717"
"chr16","29980934","29981248","chr16","44463910","44464222","19","14482976"
"chr16","30089260","30089569","chr16","44353929","44354227","35","14264669"
"chr16","30123091","30123396","chr16","44319854","44320154","23","14196763"
"chr16","30159655","30159958","chr16","44282639","44282945","17","14122984"
"chr16","30199876","30200110","chr16","44242328","44242562","4","14042452"
"chr16","30204712","30204999","chr16","44237437","44237731","11","14032725"
"chr16","30209692","30210000","chr16","44232442","44232744","11","14022750"
"chr16","30316708","30316867","chr5","35273347","35273505","31","4956639"
"chr16","30317483","30317789","chr12","36444891","36445198","39","6127408"
"chr16","30360144","30360383","chr16","44080336","44080575","11","13720192"
"chr16","30389925","30390239","chr16","44053547","44053852","19","13663622"
"chr16","30398233","30398532","chr16","44045019","44045313","18","13646786"
"chr16","30432779","30433074","chr16","44008022","44008317","7","13575243"
"chr16","30466207","30466423","chr16","3997014","3997233","37","26469193"
"chr16","30485014","30485311","chr16","43955779","43956076","8","13470765"
"chr16","30544927","30545239","chr16","43893044","43893348","13","13348117"
"chr16","30780147","30780431","chr11","74060751","74061030","53","43280604"
"chr16","30798766","30799081","chr16","43634930","43635214","35","12836164"
"chr16","30879473","30879785","chr2","147520541","147520850","39","116641068"
"chr16","30950595","30950904","chr16","43484266","43484575","4","12533671"
"chr16","31078207","31078510","chr3","56465288","56465594","42","25387081"
"chr16","31290766","31291058","chr4","64378956","64379258","15","33088190"
"chr16","31414571","31414879","chr6","89170891","89171200","38","57756320"
"chr16","31439521","31439791","chr1","97455271","97455549","50","66015750"
"chr16","31458971","31459280","chr9","37190254","37190557","46","5731283"
"chr16","31473037","31473326","chr16","42955691","42955988","23","11482654"
"chr16","31494798","31494982","chr10","14229756","14229940","33","17265042"
"chr16","31538035","31538265","chr16","42888620","42888849","8","11350585"
"chr16","31554318","31554428","chr16","42872419","42872532","4","11318101"
"chr16","31564451","31564602","chr1","29749515","29749661","19","1814936"
"chr16","31587790","31588093","chr16","42841008","42841305","19","11253218"
"chr16","31593245","31593378","chr2","69032002","69032131","19","37438757"
"chr16","31668854","31669148","chr16","42760531","42760832","16","11091677"
"chr16","31680815","31681127","chr10","29790526","29790836","42","1890289"
"chr16","31720188","31720495","chr16","42707750","42708054","13","10987562"
"chr16","31788007","31788139","chr10","73050153","73050283","14","41262146"
"chr16","31788420","31788613","chr5","129275158","129275347","32","97486738"
"chr16","31842650","31842962","chr16","42584984","42585296","6","10742334"
"chr16","31854262","31854392","chr14","7538013","7538142","25","24316249"
"chr16","31855363","31855509","chrX","37662209","37662355","23","5806846"
"chr16","31863380","31863675","chr2","50243905","50244200","40","18380525"
"chr16","31863909","31864235","chr7","72652305","72652613","60","40788396"
"chr16","31901285","31901464","chr1","56150277","56150446","30","24248992"
"chr16","31901756","31901887","chr11","50202051","50202180","14","18300295"
"chr16","31986435","31986742","chr16","42445947","42446253","17","10459512"
"chr16","32089975","32090264","chr16","42341159","42341448","5","10251184"
"chr16","32101756","32102034","chr16","42329439","42329747","36","10227683"
"chr16","32208927","32209202","chr16","42220414","42220692","7","10011487"
"chr16","32214504","32214790","chr16","42215239","42215520","9","10000735"
"chr16","32223200","32223504","chr1","34393824","34394125","41","2170624"
"chr16","32306485","32306764","chr16","42099062","42099371","44","9792577"
"chr16","32374825","32375129","chr16","42030435","42030739","7","9655610"
"chr16","32500625","32500929","chr16","41902721","41903021","14","9402096"
"chr16","32654364","32654529","chr16","41748059","41748218","8","9093695"
"chr16","32747853","32748139","chr16","41654824","41655112","12","8906971"
"chr16","32853760","32854068","chr16","41548154","41548456","20","8694394"
"chr16","33009054","33009352","chr16","41385177","41385477","8","8376123"
"chr16","33150112","33150288","chr16","32682137","32682310","25","467975"
"chr16","33154943","33155224","chr1","213558170","213558454","43","180403227"
"chr16","33168660","33168947","chr16","41220857","41221153","17","8052197"
"chr16","33171678","33171963","chr16","41217839","41218124","5","8046161"
"chr16","33201309","33201581","chr15","42404397","42404671","41","9203088"
"chr16","33219998","33220308","chr16","41169380","41169687","6","7949382"
"chr16","33243130","33243417","chr16","41147545","41147832","5","7904415"
"chr16","33328390","33328680","chr16","41053690","41053984","13","7725300"
"chr16","33331959","33332254","chr4","68671582","68671879","48","35339623"
"chr16","33371193","33371498","chr15","13538177","13538478","39","19833016"
"chr16","33459881","33460114","chr16","40911585","40911815","15","7451704"
"chr16","33491402","33491706","chr16","40881726","40882030","4","7390324"
"chr16","33508588","33508866","chr16","40865242","40865526","15","7356654"
"chr16","33532804","33533069","chr20","51756690","51756949","44","18223886"
"chr16","33547120","33547416","chr16","40826989","40827287","16","7279869"
"chr16","33582017","33582098","chr4","45000002","45000084","13","11417985"
"chr16","33616974","33617159","chr16","40757050","40757264","36","7140076"
"chr16","33632151","33632458","chr13","102489163","102489479","44","68857012"
"chr16","33660833","33661142","chr16","40712775","40713084","8","7051942"
"chr16","33661397","33661681","chr3","172321468","172321762","38","138660071"
"chr16","33682777","33682905","chr16","40690961","40691089","1","7008184"
"chr16","33690463","33690714","chr15","23227604","23227856","37","10462859"
"chr16","33753458","33753732","chr16","40616368","40616642","9","6862910"
"chr16","33786568","33786863","chr16","40582718","40582994","37","6796150"
"chr16","33833869","33834171","chr16","40536007","40536303","10","6702138"
"chr16","33929701","33930008","chr16","40438024","40438327","15","6508323"
"chr16","33951750","33952055","chr16","40414541","40414853","15","6462791"
"chr16","33954224","33954539","chr16","40412302","40412616","25","6458078"
"chr16","33979007","33979317","chr16","40386842","40387152","11","6407835"
"chr16","33982371","33982674","chrX","90750093","90750394","59","56767722"
"chr16","34001221","34001552","chr16","40363631","40363958","11","6362410"
"chr16","34049531","34049823","chr16","40316501","40316804","17","6266970"
"chr16","34139988","34140278","chr16","40224385","40224673","7","6084397"
"chr16","34145640","34145950","chr16","40218372","40218682","1","6072732"
"chr16","34212085","34212380","chr16","40148404","40148706","19","5936319"
"chr16","34221292","34221584","chr16","40138409","40138699","10","5917117"
"chr16","34287933","34288082","chr4","153267515","153267663","27","118979582"
"chr16","34323667","34323956","chr16","40033856","40034147","12","5710189"
"chr16","34338330","34338615","chr16","40019061","40019344","13","5680731"
"chr16","34369638","34369934","chr16","39985092","39985390","8","5615454"
"chr16","34410532","34410785","chr16","39944381","39944627","12","5533849"
"chr16","34420997","34421170","chr11","57418414","57418583","25","22997417"
"chr16","34442855","34443163","chr2","161101758","161102068","29","126658903"
"chr16","34463380","34463698","chr16","39887995","39888314","10","5424615"
"chr16","34497501","34497772","chr20","17824231","17824503","68","16673270"
"chr16","34558540","34558711","chr16","39781630","39781801","4","5223090"
"chr16","34593402","34593703","chr16","39745761","39746069","9","5152359"
"chr16","34664198","34664510","chr16","39674624","39674936","16","5010426"
"chr16","34671165","34671479","chr16","39668197","39668513","17","4997032"
"chr16","34689789","34690092","chr16","39649887","39650185","26","4960098"
"chr16","34691525","34691631","chr16","39647980","39648086","2","4956455"
"chr16","34704981","34705260","chr16","39634456","39634735","9","4929475"
"chr16","34723794","34724101","chr16","39611543","39611846","10","4887749"
"chr16","34773701","34774007","chr16","39564499","39564803","9","4790798"
"chr16","34775597","34775898","chr16","31402031","31402329","41","3373566"
"chr16","34783682","34783860","chr16","39556874","39557041","14","4773192"
"chr16","34808347","34808661","chr16","39532017","39532330","3","4723670"
"chr16","34823367","34823664","chr7","38962613","38962910","38","4139246"
"chr16","34928168","34928471","chr11","27505966","27506267","33","7422202"
"chr16","34934695","34934986","chr16","39404220","39404511","4","4469525"
"chr16","34945361","34945650","chr16","39393582","39393872","10","4448221"
"chr16","34973782","34974081","chr16","39364482","39364777","9","4390700"
"chr16","34978533","34978837","chr6","11195856","11196168","43","23782677"
"chr16","35124224","35124525","chr16","39211127","39211433","17","4086903"
"chr16","35168102","35168406","chr16","39167430","39167721","25","3999328"
"chr16","35353293","35353594","chr16","38980398","38980695","9","3627105"
"chr16","35369114","35369401","chr2","134732822","134733126","65","99363708"
"chr16","35383805","35384098","chr16","38948517","38948810","6","3564712"
"chr16","35403542","35403840","chr16","38927922","38928187","43","3524380"
"chr16","35449486","35449801","chr1","114181857","114182168","49","78732371"
"chr16","35490926","35491037","chr3","169410230","169410340","14","133919304"
"chr16","35502175","35502470","chr16","38825338","38825635","5","3323163"
"chr16","35502831","35503139","chr16","38824655","38824968","15","3321824"
"chr16","35595346","35595469","chr4","135264946","135265067","11","99669600"
"chr16","35601668","35601962","chr16","38725809","38726101","9","3124141"
"chr16","35635074","35635354","chr16","38692765","38693061","26","3057691"
"chr16","35987018","35987350","chr16","38343032","38343355","25","2356014"
"chr16","36227521","36227738","chr3","101469536","101469751","41","65242015"
"chr16","36354866","36355169","chr16","37976751","37977061","18","1621885"
"chr16","36538576","36538864","chr16","37779184","37779478","12","1240608"
"chr16","36553208","36553500","chr19","48174971","48175267","37","11621763"
"chr16","36721533","36721813","chr4","30877239","30877517","43","5844294"
"chr16","36784909","36785225","chr16","37535468","37535784","10","750559"
"chr16","37118799","37119109","chr19","27264797","27265107","43","9854002"
"chr16","37194918","37195214","chr17","77273610","77273911","60","40078692"
"chr16","37649804","37650114","chr16","36861494","36861804","17","788310"
"chr16","37807251","37807535","chr16","1445792","1446068","51","36361459"
"chr16","37826513","37826773","chr16","36651014","36651272","14","1175499"
"chr16","37840323","37840610","chr16","36637028","36637315","13","1203295"
"chr16","37915645","37915953","chr14","15685509","15685814","52","22230136"
"chr16","37983273","37983581","chr16","36496166","36496488","27","1487107"
"chr16","38447059","38447242","chr16","36032809","36032992","9","2414250"
"chr16","38457899","38458196","chr16","36021842","36022140","19","2436057"
"chr16","38464904","38465052","chr6","132493163","132493309","26","94028259"
"chr16","38518883","38519141","chr16","35965093","35965345","18","2553790"
"chr16","39063322","39063626","chr16","35408373","35408676","8","3654949"
"chr16","39105860","39106184","chr16","35369483","35369783","44","3736377"
"chr16","39631554","39631876","chr16","34842148","34842440","34","4789406"
"chr16","39910293","39910585","chr19","12000253","12000547","41","27910040"
"chr16","39953145","39953453","chr5","60253947","60254251","34","20300802"
"chr16","40093474","40093592","chr3","125529974","125530082","30","85436500"
"chr16","40093981","40094069","chr13","60830450","60830539","33","20736469"
"chr16","40423528","40423816","chr16","34329605","34329892","16","6093923"
"chr16","40487486","40487821","chr12","18946845","18947176","57","21540641"
"chr16","40562720","40563021","chr19","50767505","50767799","43","10204785"
"chr16","40978855","40979153","chr16","33862400","33862702","25","7116455"
"chr16","41220573","41220869","chr16","33622048","33622352","24","7598525"
"chr16","41430153","41430463","chr16","33435644","33435951","21","7994509"
"chr16","41926809","41927109","chr16","32932203","32932483","31","8994606"
"chr16","42083089","42083296","chr19","9907754","9907962","39","32175335"
"chr16","42157502","42157607","chr16","32697047","32697154","6","9460455"
"chr16","42179753","42179923","chr16","32682137","32682310","7","9497616"
"chr16","42204631","42204928","chr16","32657729","32658021","13","9546902"
"chr16","42238565","42238906","chr16","32618205","32618547","13","9620360"
"chr16","42363895","42364201","chr4","101122896","101123205","47","58759001"
"chr16","42513357","42513498","chr5","111699622","111699752","23","69186265"
"chr16","42513819","42514013","chr12","68004272","68004471","34","25490453"
"chr16","42582893","42583202","chr12","102807528","102807834","44","60224635"
"chr16","42622419","42622706","chr16","32238749","32239040","15","10383670"
"chr16","42844264","42844568","chr16","32014210","32014512","18","10830054"
"chr16","42901544","42901828","chr16","31955018","31955290","21","10946526"
"chr16","42919230","42919554","chr4","51116259","51116568","55","8197029"
"chr16","42943354","42943512","chr19","35479176","35479334","21","7464178"
"chr16","43025197","43025522","chrX","51216662","51216972","57","8191465"
"chr16","43142578","43142889","chr16","31713339","31713649","17","11429239"
"chr16","43271968","43272269","chr16","31583011","31583309","11","11688957"
"chr16","43396572","43396865","chr16","31461347","31461641","7","11935225"
"chr16","43455758","43456059","chr16","31402031","31402329","9","12053727"
"chr16","43495952","43496241","chr12","102882934","102883219","36","59386982"
"chr16","43602045","43602349","chr3","127216186","127216489","47","83614141"
"chr16","43752488","43752782","chr16","69336449","69336744","2","25583961"
"chr16","43766581","43766868","chr16","69323114","69323415","23","25556533"
"chr16","43781012","43781386","chr16","69308415","69308813","31","25527403"
"chr16","43881726","43882026","chr16","69211846","69212149","8","25330120"
"chr16","43998128","43998389","chr16","69095164","69095426","13","25097036"
"chr16","44092714","44092974","chr16","69002525","69002791","18","24909811"
"chr16","44199784","44200082","chr11","7934665","7934963","33","36265119"
"chr16","44251454","44251706","chr16","68844023","68844287","17","24592569"
"chr16","44268912","44269220","chr6","118165198","118165507","29","73896286"
"chr16","44312436","44312656","chr2","57175130","57175349","46","12862694"
"chr16","44367352","44367631","chr16","68730087","68730368","9","24362735"
"chr16","44466341","44466465","chrX","65326665","65326793","11","20860324"
"chr16","44482512","44482821","chr6","128335755","128336065","46","83853243"
"chr16","44631051","44631399","chr20","9787730","9788065","77","34843321"
"chr16","44763679","44763971","chr3","38917154","38917450","44","5846525"
"chr16","44833949","44834255","chr16","68264081","68264374","19","23430132"
"chr16","44878033","44878335","chr16","68221507","68221796","31","23343474"
"chr16","44881035","44881191","chr16","47371877","47372035","28","2490842"
"chr16","44896772","44897038","chr7","358708","358979","49","44538064"
"chr16","44951337","44951638","chr16","68142695","68142994","4","23191358"
"chr16","44964971","44965269","chr16","68129157","68129470","26","23164186"
"chr16","45059645","45059911","chr16","68032340","68032602","9","22972695"
"chr16","45062028","45062188","chr16","68029231","68029389","10","22967203"
"chr16","45188446","45188756","chr16","67899050","67899350","20","22710604"
"chr16","45193148","45193445","chr19","48174971","48175267","36","2981823"
"chr16","45221904","45222084","chr8","100191307","100191488","28","54969403"
"chr16","45222137","45222265","chr11","50202051","50202180","21","4979914"
"chr16","45284173","45284480","chr16","67800582","67800890","8","22516409"
"chr16","45284737","45285011","chr16","67799984","67800288","40","22515247"
"chr16","45306743","45306897","chr6","118045458","118045604","35","72738715"
"chr16","45311121","45311434","chr16","67761571","67761879","12","22450450"
"chr16","45348960","45349061","chr15","12559183","12559277","26","32789777"
"chr16","45349308","45349520","chr2","71394189","71394393","46","26044881"
"chr16","45490603","45490909","chr16","67586475","67586781","6","22095872"
"chr16","45604598","45604906","chr16","67472227","67472507","35","21867629"
"chr16","45626121","45626418","chr7","38962613","38962910","34","6663508"
"chr16","45637190","45637496","chr6","131769846","131770146","38","86132656"
"chr16","45652174","45652452","chr16","67427946","67428239","37","21775772"
"chr16","45719580","45719867","chr16","67354344","67354631","8","21634764"
"chr16","45751603","45751879","chr16","67321214","67321493","10","21569611"
"chr16","45823195","45823491","chr16","67245455","67245754","12","21422260"
"chr16","45850034","45850321","chr16","67223143","67223430","7","21373109"
"chr16","45895243","45895371","chr12","80262012","80262141","10","34366769"
"chr16","45981388","45981614","chr16","67084735","67084963","7","21103347"
"chr16","46097745","46097917","chr16","66964686","66964860","5","20866941"
"chr16","46105737","46106024","chr16","66956605","66956895","10","20850868"
"chr16","46237998","46238250","chr16","66822249","66822501","8","20584251"
"chr16","46241708","46242014","chr16","66818475","66818782","8","20576767"
"chr16","46288029","46288285","chr16","66769656","66769912","5","20481627"
"chr16","46311394","46311485","chr16","66744130","66744221","3","20432736"
"chr16","46321967","46322260","chr16","66732696","66732989","8","20410729"
"chr16","46433446","46433751","chr16","66620851","66621125","39","20187405"
"chr16","46464334","46464468","chr10","73050153","73050283","19","26585819"
"chr16","46465045","46465212","chr8","100191307","100191488","45","53726262"
"chr16","46470962","46471247","chr16","66580946","66581230","9","20109984"
"chr16","46472870","46473170","chr16","66577538","66577819","28","20104668"
"chr16","46492710","46493013","chr16","66556524","66556834","18","20063814"
"chr16","46504039","46504337","chr5","33708345","33708639","40","12795694"
"chr16","46547330","46547624","chr16","66488941","66489234","6","19941611"
"chr16","46575603","46575894","chr6","160220855","160221152","41","113645252"
"chr16","46626166","46626470","chr16","66402538","66402835","18","19776372"
"chr16","46666204","46666491","chr16","66364592","66364883","11","19698388"
"chr16","46700066","46700374","chr1","6618527","6618837","50","40081539"
"chr16","46781083","46781391","chr16","66244208","66244518","14","19463125"
"chr16","46883750","46884044","chr13","108071700","108071996","44","61187950"
"chr16","46920005","46920218","chr12","27103906","27104123","44","19816099"
"chr16","46993719","46994020","chr1","93291595","93291896","33","46297876"
"chr16","47001313","47001608","chr16","66021386","66021682","10","19020073"
"chr16","47014713","47014998","chr16","66007857","66008132","13","18993144"
"chr16","47057333","47057619","chr16","65949339","65949626","12","18892006"
"chr16","47173720","47173875","chr16","65842971","65843117","16","18669251"
"chr16","47245750","47246045","chr16","65768683","65768983","8","18522933"
"chr16","47404759","47405077","chr9","48921339","48921650","52","1516580"
"chr16","47452086","47452389","chr16","65604614","65604921","25","18152528"
"chr16","47486690","47486958","chr16","65568863","65569137","15","18082173"
"chr16","47547757","47548048","chr3","127577597","127577891","40","80029840"
"chr16","47607690","47607997","chr16","65448201","65448510","19","17840511"
"chr16","47664027","47664331","chr2","176864663","176864968","46","129200636"
"chr16","47840037","47840330","chr16","65207109","65207412","15","17367072"
"chr16","47919908","47920206","chr16","65126825","65127117","25","17206917"
"chr16","47940615","47940916","chr16","65103992","65104299","13","17163377"
"chr16","48223196","48223476","chr16","64817878","64818152","32","16594682"
"chr16","48345546","48345859","chr16","64691706","64692019","14","16346160"
"chr16","48393188","48393469","chr16","64643824","64644095","13","16250636"
"chr16","48401440","48401741","chr16","64634920","64635221","5","16233480"
"chr16","48410530","48410730","chr19","41491685","41491884","29","6918845"
"chr16","48559550","48559829","chr16","64472090","64472369","8","15912540"
"chr16","48694850","48695125","chr14","20118790","20119058","54","28576060"
"chr16","48957990","48958287","chr16","64073229","64073522","17","15115239"
"chr16","49008216","49008529","chr16","64022629","64022941","13","15014413"
"chr16","49027073","49027329","chr16","64003668","64003920","9","14976595"
"chr16","49033274","49033437","chr1","142750171","142750329","22","93716897"
"chr16","49052360","49052630","chr3","59665602","59665865","54","10613242"
"chr16","49099533","49099846","chr16","63929169","63929485","15","14829636"
"chr16","49573980","49574289","chr16","63451959","63452267","17","13877979"
"chr16","49686830","49687132","JH682470","6002","6310","29","49680828"
"chr16","49703142","49703444","chr7","120520110","120520415","31","70816968"
"chr16","49783044","49783336","chr16","63266544","63266836","10","13483500"
"chr16","49785812","49786106","chr16","63263788","63264090","16","13477976"
"chr16","49862064","49862361","chr16","63187705","63188006","20","13325641"
"chr16","50100399","50100688","chr16","62947918","62948209","9","12847519"
"chr16","50164054","50164208","chr16","62884167","62884320","3","12720113"
"chr16","50373706","50374023","chr16","62667220","62667539","6","12293514"
"chr16","50374943","50375204","chr16","62666047","62666295","21","12291104"
"chr16","50625038","50625309","chr16","62413715","62413988","16","11788677"
"chr16","50705846","50705998","chr16","62339185","62339335","8","11633339"
"chr16","50760538","50760836","chr16","62285327","62285631","18","11524789"
"chr16","50874183","50874484","chr16","62168965","62169250","29","11294782"
"chr16","51087115","51087322","chr7","77247694","77247896","34","26160579"
"chr16","51087797","51088055","chr16","61954636","61954893","14","10866839"
"chr16","51100663","51100827","chr8","6116673","6116831","37","44983990"
"chr16","51101085","51101285","chr5","99868966","99869161","41","48767881"
"chr16","51124218","51124522","chr16","61918222","61918521","15","10794004"
"chr16","51360934","51361137","chr16","61682512","61682712","18","10321578"
"chr16","51430882","51431190","chr16","61611758","61612066","7","10180876"
"chr16","51602626","51602876","chr16","61442569","61442822","13","9839943"
"chr16","51667729","51667903","chr16","32682137","32682310","23","18985592"
"chr16","51726657","51726958","chrX","131955103","131955403","36","80228446"
"chr16","51771395","51771699","chr16","61271364","61271667","17","9499969"
"chr16","51780799","51781102","chr16","61261255","61261557","10","9480456"
"chr16","51843110","51843415","chr16","61199370","61199657","21","9356260"
"chr16","51960966","51961275","chr16","61080251","61080561","11","9119285"
"chr16","51997276","51997584","chr16","61044850","61045159","7","9047574"
"chr16","51997801","51998052","chr18","12679863","12680106","46","39317938"
"chr16","52008304","52008596","chr9","5849715","5850009","32","46158589"
"chr16","52082124","52082405","chr16","60961301","60961582","14","8879177"
"chr16","52087715","52088007","chr16","60955683","60955975","2","8867968"
"chr16","52088339","52088522","chr16","60955167","60955351","5","8866828"
"chr16","52132376","52132699","chr16","60910857","60911180","8","8778481"
"chr16","52147389","52147681","chr16","60893428","60893740","41","8746039"
"chr16","52188424","52188731","chr16","60853672","60853974","15","8665248"
"chr16","52207389","52207656","chr8","119022458","119022717","44","66815069"
"chr16","52210016","52210306","chr3","21986299","21986599","41","30223717"
"chr16","52255787","52256095","chr16","60787878","60788186","15","8532091"
"chr16","52526641","52526946","chr13","103378952","103379257","32","50852311"
"chr16","52762148","52762434","chr15","97061406","97061689","35","44299258"
"chr16","52924846","52925185","chr16","60099375","60099672","52","7174529"
"chr16","53079834","53080131","chr11","122827420","122827717","39","69747586"
"chr16","53105949","53106260","chr9","9255400","9255738","71","43850549"
"chr16","53137096","53137396","chr16","59888566","59888863","12","6751470"
"chr16","53161419","53161575","chr6","173021290","173021438","27","119859871"
"chr16","53245606","53245912","chr2","98436125","98436433","48","45190519"
"chr16","53250677","53250984","chr16","59767691","59767999","15","6517014"
"chr16","53253555","53253703","chr11","51815504","51815652","24","1438051"
"chr16","53254951","53255248","chr16","59763540","59763836","15","6508589"
"chr16","53306503","53306788","chr16","59706135","59706424","16","6399632"
"chr16","53342824","53342986","chr19","17186615","17186779","22","36156209"
"chr16","53386743","53387034","chr9","12577761","12578058","42","40808982"
"chr16","53387480","53387774","chr16","59618852","59619149","16","6231372"
"chr16","53389151","53389324","chr6","99727553","99727722","29","46338402"
"chr16","53406361","53406509","chr4","153267515","153267663","19","99861154"
"chr16","53416190","53416478","chr16","59595109","59595417","23","6178919"
"chr16","53422135","53422345","chr7","39959558","39959756","40","13462577"
"chr16","53437735","53438035","chr7","118252567","118252867","43","64814832"
"chr16","53463568","53463878","chr16","59551631","59551941","14","6088063"
"chr16","53497327","53497626","chr16","59523702","59523998","13","6026375"
"chr16","53545429","53545738","chr16","59483728","59484034","18","5938299"
"chr16","53577464","53577754","chr16","59450311","59450600","11","5872847"
"chr16","53579008","53579308","chr8","50443063","50443361","40","3135945"
"chr16","53627200","53627495","chr10","32543098","32543391","38","21084102"
"chr16","53640294","53640591","chr16","59385627","59385923","9","5745333"
"chr16","53642039","53642348","chr1","124687580","124687882","41","71045541"
"chr16","53652045","53652332","chr5","11833334","11833618","36","41818711"
"chr16","53668536","53668837","chr6","163619345","163619645","35","109950809"
"chr16","53693516","53693684","chr8","134101241","134101410","27","80407725"
"chr16","53693685","53693763","chr11","15800360","15800435","14","37893325"
"chr16","53693784","53693972","chr14","31856154","31856328","42","21837630"
"chr16","53694142","53694431","chr16","59329570","59329859","6","5635428"
"chr16","53701179","53701464","chr16","59319988","59320267","10","5618809"
"chr16","53741292","53741489","chr16","59276221","59276419","4","5534929"
"chr16","53786063","53786365","chr16","59231338","59231643","17","5445275"
"chr16","53799449","53799762","chr16","59218263","59218578","8","5418814"
"chr16","53801432","53801713","chr3","12839612","12839895","34","40961820"
"chr16","53802391","53802684","chr16","50124359","50124643","43","3678032"
"chr16","53808695","53808996","chr8","94055543","94055842","39","40246848"
"chr16","53827920","53828207","chr16","59191237","59191520","13","5363317"
"chr16","53834367","53834688","chr16","59184512","59184821","14","5350145"
"chr16","53883796","53884069","chr16","59135133","59135424","30","5251337"
"chr16","54059932","54060121","chr18","46516546","46516727","31","7543386"
"chr16","54100771","54101081","chr16","58915330","58915652","17","4814559"
"chr16","54129749","54130057","chr16","58884421","58884729","9","4754672"
"chr16","54161230","54161473","chr11","116104043","116104279","39","61942813"
"chr16","54168443","54168615","chr10","69739671","69739841","20","15571228"
"chr16","54168912","54169057","chr1","29749515","29749661","20","24419397"
"chr16","54176914","54177244","JH681050","9446","9766","24","54167468"
"chr16","54182082","54182285","chr1","99736925","99737136","38","45554843"
"chr16","54188144","54188277","chr1","91607910","91608046","29","37419766"
"chr16","54191973","54192147","chr10","78426870","78427045","23","24234897"
"chr16","54203981","54204284","chr11","120640045","120640342","41","66436064"
"chr16","54213342","54213605","chrX","61954233","61954488","56","7740891"
"chr16","54248267","54248572","chr2","133009541","133009843","37","78761274"
"chr16","54382363","54382661","chr16","58740277","58740580","13","4357914"
"chr16","54388354","54388537","chr9","40214036","40214205","40","14174318"
"chr16","54660668","54660959","chr16","58465427","58465718","8","3804759"
"chr16","54702028","54702299","chr16","58425143","58425411","12","3723115"
"chr16","54774745","54775032","chr16","58352647","58352934","3","3577902"
"chr16","54776069","54776361","chr2","99060064","99060355","38","44283995"
"chr16","55074414","55074585","chr16","58051185","58051354","8","2976771"
"chr16","55093044","55093321","chr16","58032536","58032823","21","2939492"
"chr16","55149364","55149661","chr16","57975950","57976251","10","2826586"
"chr16","55513187","55513481","chr16","57614649","57614951","15","2101462"
"chr16","55546570","55546858","chr16","57582162","57582449","12","2035592"
"chr16","55814102","55814278","chr16","66964686","66964860","25","11150584"
"chr16","55867634","55867955","chr16","57252439","57252745","24","1384805"
"chr16","55925982","55926291","chr4","24575132","24575437","42","31350850"
"chr16","56262845","56263167","chr16","56853034","56853361","18","590189"
"chr16","56303831","56303981","chr10","80391906","80392066","33","24088075"
"chr16","56438400","56438732","chr16","56676114","56676421","34","237714"
"chr16","56548058","56548198","chr12","82717468","82717611","17","26169410"
"chr16","56560200","56560229","chr8","96720783","96720820","16","40160583"
"chr16","56560561","56560753","chr11","115718137","115718325","37","59157576"
"chr16","56577904","56578203","chr5","79153622","79153920","38","22575718"
"chr16","56602708","56603033","chr1","127180887","127181220","53","70578179"
"chr16","56658733","56659033","chr16","56455557","56455856","5","203176"
"chr16","56687969","56688274","chr16","56425464","56425767","9","262505"
"chr16","56704637","56704770","chr9","29082548","29082668","35","27622089"
"chr16","56749584","56749897","chr12","44956348","44956657","51","11793236"
"chr16","56792813","56793113","chr16","56321723","56322020","9","471090"
"chr16","56793397","56793683","chr16","56321150","56321443","11","472247"
"chr16","56879974","56880275","chr2","134732822","134733126","40","77852848"
"chr16","56927782","56928104","chr16","56194102","56194428","16","733680"
"chr16","57019192","57019492","chr16","56109819","56110125","15","909373"
"chr16","57132645","57132948","chr16","55994011","55994308","16","1138634"
"chr16","57241710","57242002","chr16","55883199","55883491","4","1358511"
"chr16","57327304","57327641","chr16","55798040","55798371","10","1529264"
"chr16","57453661","57453956","chr9","77858287","77858582","44","20404626"
"chr16","57477179","57477451","chr19","12405900","12406158","51","45071279"
"chr16","57496279","57496582","chr16","55645457","55645760","9","1850822"
"chr16","57530434","57530758","chr16","55613074","55613392","16","1917360"
"chr16","57540693","57540985","chr16","55603020","55603312","6","1937673"
"chr16","57553585","57553865","chr2","172712146","172712428","53","115158561"
"chr16","57560029","57560320","chr16","55583772","55584065","11","1976257"
"chr16","57571048","57571063","chr7","145790583","145790608","13","88219535"
"chr16","57571105","57571289","chr11","107989225","107989416","31","50418120"
"chr16","57571628","57571901","chr16","55573203","55573474","10","1998425"
"chr16","57603464","57603758","chr14","107652418","107652711","42","50048954"
"chr16","57689512","57689810","chr16","55448408","55448715","16","2241104"
"chr16","57721325","57721603","chr16","55415783","55416064","13","2305542"
"chr16","57825089","57825366","chr16","50124359","50124643","55","7700730"
"chr16","57828728","57829026","chr16","55305783","55306080","8","2522945"
"chr16","57902729","57903028","chr16","55235588","55235881","13","2667141"
"chr16","57943950","57944255","chr16","55194714","55195011","14","2749236"
"chr16","58068407","58068704","chr16","55070425","55070740","32","2997982"
"chr16","58115955","58116156","chr16","55016954","55017160","7","3099001"
"chr16","58269979","58270258","chr16","54849553","54849832","17","3420426"
"chr16","58337513","58337529","chr9","32916732","32916748","11","25420781"
"chr16","58337832","58337995","chr16","54781274","54781435","4","3556558"
"chr16","58360799","58361096","chr16","54758131","54758434","14","3602668"
"chr16","58478704","58478997","chr16","54641703","54641995","8","3837001"
"chr16","58505684","58505991","chr5","4363548","4363854","38","54142136"
"chr16","58512830","58513111","chr16","54603165","54603446","10","3909665"
"chr16","58528345","58528629","chr16","54587828","54588138","34","3940517"
"chr16","58679345","58679630","chr16","54438862","54439143","9","4240483"
"chr16","58687435","58687731","chr12","80500631","80500931","27","21813196"
"chr16","58727068","58727376","chr16","54390614","54390929","18","4336454"
"chr16","58727526","58727823","chr16","54390167","54390464","4","4337359"
"chr16","58730886","58731164","chr11","51818343","51818619","33","6912543"
"chr16","58769752","58770045","chr16","54347458","54347757","12","4422294"
"chr16","58786270","58786580","chr16","54330227","54330537","15","4456043"
"chr16","58791772","58791922","chr4","153267515","153267663","14","94475743"
"chr16","58802320","58802565","chr16","54312987","54313241","15","4489333"
"chr16","58814350","58814522","chr4","36117524","36117702","32","22696826"
"chr16","58841338","58841627","chr16","54272578","54272866","7","4568760"
"chr16","58858018","58858327","chr12","36444891","36445198","38","22413127"
"chr16","58865944","58866241","chr20","26211185","26211483","35","32654759"
"chr16","58980826","58981003","chr16","54136602","54136779","3","4844224"
"chr16","59364417","59364728","chr16","53714372","53714685","10","5650045"
"chr16","59376291","59376425","chr16","53702571","53702705","2","5673720"
"chr16","59587455","59587629","chr14","31856154","31856328","28","27731301"
"chr16","59611006","59611128","chr16","53499690","53499812","4","6111316"
"chr16","59650102","59650412","chr16","53459766","53460077","36","6190336"
"chr16","59669385","59669686","chr16","53444416","53444717","8","6224969"
"chr16","59678955","59679129","chr16","53323371","53323545","15","6355584"
"chr16","59734625","59734917","chr16","53269501","53269804","12","6465124"
"chr16","59763986","59764085","chr16","53240396","53240486","9","6523590"
"chr16","59807352","59807636","chr16","53196845","53197131","12","6610507"
"chr16","59817032","59817318","chr16","53187119","53187432","34","6629913"
"chr16","60208040","60208342","chr4","16747413","16747711","49","43460627"
"chr16","60224023","60224326","chr16","52777275","52777574","8","7446748"
"chr16","60281471","60281780","chr16","52719075","52719373","20","7562396"
"chr16","60331219","60331525","chr16","52671940","52672246","16","7659279"
"chr16","60409708","60410003","chr16","52595014","52595309","11","7814694"
"chr16","60537429","60537596","chr13","89745393","89745560","31","29207964"
"chr16","60537904","60538045","chrX","65491826","65491967","24","4953922"
"chr16","60561996","60562300","chr16","52439430","52439756","32","8122566"
"chr16","60597394","60597691","chr5","140103285","140103581","43","79505891"
"chr16","60665224","60665534","chr1","37689627","37689933","41","22975597"
"chr16","60705193","60705459","chr14","19375291","19375545","48","41329902"
"chr16","60725049","60725171","chr16","53414436","53414558","3","7310613"
"chr16","60752672","60752687","chr13","77378324","77378343","12","16625652"
"chr16","60752996","60753117","chr7","56511434","56511555","36","4241562"
"chr16","60796958","60797259","chr10","71880315","71880618","42","11083357"
"chr16","60810433","60810738","chr16","52189014","52189325","20","8621419"
"chr16","60883912","60884220","chr16","52101007","52101309","22","8782905"
"chr16","60981249","60981415","chr16","52009371","52009517","25","8971878"
"chr16","61054771","61055093","chr16","51932614","51932938","14","9122157"
"chr16","61060244","61060566","chr16","51932614","51932938","16","9127630"
"chr16","61062298","61062619","chr16","51930242","51930562","16","9132056"
"chr16","61072113","61072416","chr16","51920874","51921172","18","9151239"
"chr16","61085463","61085760","chr16","51907675","51907972","14","9177788"
"chr16","61115070","61115371","chr16","51876203","51876509","20","9238867"
"chr16","61118985","61119287","chr16","51876203","51876509","23","9242782"
"chr16","61227495","61227793","chr11","53261116","53261418","37","7966379"
"chr16","61228445","61228754","chr16","51759735","51760042","10","9468710"
"chr16","61286619","61286678","chr16","51701031","51701090","0","9585588"
"chr16","61318031","61318328","chr16","51670201","51670474","32","9647830"
"chr16","61329737","61330067","chrX","49563746","49564082","56","11765991"
"chr16","61330078","61330208","chr6","174378395","174378524","13","113048317"
"chr16","61335697","61335993","chr16","51648643","51648946","16","9687054"
"chr16","61387365","61387647","chrX","122706819","122707108","42","61319454"
"chr16","61467175","61467462","chr16","51519834","51520123","16","9947341"
"chr16","61569128","61569425","chr4","84220732","84221027","36","22651604"
"chr16","61581057","61581346","chr16","51397931","51398243","29","10183126"
"chr16","61582412","61582658","chr1","47767278","47767514","40","13815134"
"chr16","61590398","61590618","chr16","51411732","51411949","10","10178666"
"chr16","61599397","61599689","chr10","27594987","27595275","39","34004410"
"chr16","61600582","61600877","chr20","36033026","36033323","40","25567556"
"chr16","61611576","61611874","chr16","51371421","51371728","12","10240155"
"chr16","61615677","61615979","chr16","51367249","51367550","6","10248428"
"chr16","61647289","61647578","chr12","13082614","13082909","47","48564675"
"chr16","61660081","61660374","chr16","51323228","51323526","10","10336853"
"chr16","61735014","61735304","chr16","51243339","51243630","8","10491675"
"chr16","61739831","61740132","chr16","51238175","51238479","10","10501656"
"chr16","61812167","61812427","chr16","51165080","51165359","31","10647087"
"chr16","61874943","61875023","chr10","79277357","79277431","25","17402414"
"chr16","61891786","61892098","chr16","51082946","51083254","17","10808840"
"chr16","61901793","61901931","chr16","51073224","51073359","5","10828569"
"chr16","61914395","61914703","chr16","51065884","51066180","19","10848511"
"chr16","61953310","61953570","chr1","147618870","147619128","57","85665560"
"chr16","61961955","61962339","chr1","151297282","151297590","116","89335327"
"chr16","62215675","62215954","chr16","50759923","50760224","38","11455752"
"chr16","62218131","62218422","chr16","50757049","50757341","10","11461082"
"chr16","62249081","62249376","chr16","50725816","50726110","8","11523265"
"chr16","62252082","62252258","chr1","19775982","19776154","27","42476100"
"chr16","62255685","62255840","chr11","53388535","53388688","32","8867150"
"chr16","62256134","62256277","chrX","65491826","65491967","18","3235692"
"chr16","62291453","62291762","chr16","19157364","19157660","43","43134089"
"chr16","62323246","62323543","chr16","50647392","50647689","7","11675854"
"chr16","62334678","62334971","chr16","50635279","50635578","11","11699399"
"chr16","62343534","62343828","chr16","50617879","50618172","15","11725655"
"chr16","62347837","62348131","chr16","50617879","50618172","15","11729958"
"chr16","62371021","62371320","chr16","50596669","50596967","14","11774352"
"chr16","62400488","62400797","chr16","50568125","50568433","9","11832363"
"chr16","62401172","62401473","chr16","50567454","50567749","13","11833718"
"chr16","62403623","62403831","chr16","50565121","50565329","6","11838502"
"chr16","62418804","62418982","chr1","106334470","106334659","61","43915666"
"chr16","62525272","62525574","chr16","50443706","50443994","21","12081566"
"chr16","62632579","62632885","chr15","39855711","39856017","8","22776868"
"chr16","62640748","62641048","chr15","39855399","39855710","19","22785349"
"chr16","62641049","62641355","chr15","39855711","39856017","8","22785338"
"chr16","62682213","62682524","chr2","176864663","176864968","46","114182450"
"chr16","62687589","62687838","chr1","45047654","45047899","36","17639935"
"chr16","62691031","62691339","chr4","16747413","16747711","34","45943618"
"chr16","62696704","62697002","chr16","50300775","50301084","19","12395929"
"chr16","62727428","62727541","chr16","50269591","50269701","5","12457837"
"chr16","62766162","62766455","chr16","50232504","50232808","22","12533658"
"chr16","62813283","62813582","chr16","50184993","50185293","14","12628290"
"chr16","62857784","62858076","chr16","50148890","50149182","8","12708894"
"chr16","62860013","62860315","chr3","127216186","127216489","43","64356173"
"chr16","62878888","62878990","chr3","43168812","43168927","17","19710076"
"chr16","62908390","62908585","chr5","58072411","58072612","28","4835979"
"chr16","62975962","62976146","chr4","36117524","36117702","33","26858438"
"chr16","62985160","62985386","chr13","26440053","26440284","47","36545107"
"chr16","63040725","63040797","chr6","142757799","142757867","16","79717074"
"chr16","63041278","63041494","chr14","116874021","116874232","45","53832743"
"chr16","63072498","63072791","chr16","49925206","49925501","9","13147292"
"chr16","63094704","63094828","chr1","125213986","125214113","16","62119282"
"chr16","63193682","63193852","chr16","49782521","49782691","2","13411161"
"chr16","63283407","63283658","chr16","49685089","49685346","14","13598318"
"chr16","63284789","63284912","chr17","15740968","15741092","25","47543821"
"chr16","63294635","63294941","chr16","49673090","49673395","21","13621545"
"chr16","63342942","63343241","chr16","49613472","49613771","13","13729470"
"chr16","63389750","63390038","chr5","129576914","129577201","35","66187164"
"chr16","63416169","63416262","chr16","49546361","49546454","1","13869808"
"chr16","63515410","63515584","chr11","97740683","97740854","26","34225273"
"chr16","63515876","63515927","chr1","115571222","115571269","10","52055346"
"chr16","63517698","63518008","chr16","49444904","49445214","7","14072794"
"chr16","63598953","63599134","chr14","115527591","115527763","37","51928638"
"chr16","63647717","63648023","chr16","49311178","49311484","5","14336539"
"chr16","63698703","63698811","chr19","9574437","9574549","22","54124266"
"chr16","63810782","63811080","chr11","120640045","120640342","32","56829263"
"chr16","63814855","63814987","chr3","30670695","30670828","16","33144160"
"chr16","63838275","63838611","chrX","45903433","45903777","77","17934842"
"chr16","63855882","63856201","chr1","86338655","86338977","42","22482773"
"chr16","63875264","63875390","chr16","51073224","51073359","32","12802040"
"chr16","63875700","63875790","chrX","62719211","62719304","17","1156489"
"chr16","63900767","63901085","chr16","49038748","49039036","34","14862019"
"chr16","63920243","63920496","chr19","34999763","35000000","47","28920480"
"chr16","63943708","63943963","chr16","48990250","48990502","11","14953458"
"chr16","63965230","63965540","chr7","129858559","129858866","38","65893329"
"chr16","64018371","64018662","chr16","48912353","48912636","23","15106018"
"chr16","64095192","64095363","chr16","48833305","48833476","6","15261887"
"chr16","64231729","64232035","chr16","48693363","48693669","8","15538366"
"chr16","64241571","64241860","chr16","48684030","48684323","9","15557541"
"chr16","64255170","64255462","chr16","48670946","48671239","18","15584224"
"chr16","64304358","64304644","chrX","25734220","25734518","47","38570138"
"chr16","64305063","64305363","chr7","118252567","118252867","42","53947504"
"chr16","64311094","64311375","chr16","48613006","48613290","11","15698088"
"chr16","64345511","64345807","chr2","144217349","144217649","37","79871838"
"chr16","64413386","64413666","chr16","48505758","48506050","28","15907628"
"chr16","64414271","64414569","chr16","48504858","48505157","9","15909413"
"chr16","64445167","64445408","chr16","48473241","48473483","7","15971926"
"chr16","64480107","64480415","chr16","48434371","48434678","9","16045736"
"chr16","64530997","64531299","chr16","48375219","48375516","21","16155778"
"chr16","64692386","64692448","chr16","51701031","51701090","13","12991355"
"chr16","64983408","64983699","chr16","47903012","47903303","5","17080396"
"chr16","65003214","65003526","chr1","9293724","9294032","34","55709490"
"chr16","65149998","65150299","chr16","47734375","47734676","11","17415623"
"chr16","65242398","65242700","chr16","47637590","47637888","7","17604808"
"chr16","65252998","65253225","chr16","47627367","47627591","12","17625631"
"chr16","65526193","65526497","chr16","47356367","47356664","13","18169826"
"chr16","65766830","65767102","chr16","47108971","47109246","12","18657859"
"chr16","65902667","65902976","chr16","46970123","46970433","8","18932544"
"chr16","65930095","65930390","chr16","46939318","46939624","20","18990777"
"chr16","65933367","65933670","chr7","159602295","159602601","44","93668928"
"chr16","65949873","65950176","chr16","46916303","46916607","16","19033570"
"chr16","65987324","65987475","chr5","35273347","35273505","30","30713977"
"chr16","65987738","65987879","chr1","12474894","12475046","28","53512844"
"chr16","66133717","66134033","chr16","46725798","46726097","26","19407919"
"chr16","66201402","66201568","chr1","31388552","31388713","30","34812850"
"chr16","66203081","66203387","chr16","46641239","46641544","7","19561842"
"chr16","66239708","66239996","chr6","153732345","153732634","36","87492637"
"chr16","66292858","66293169","chr16","46548400","46548710","7","19744458"
"chr16","66308927","66309056","chr15","28215201","28215331","19","38093726"
"chr16","66379929","66380219","chr16","46462500","46462789","8","19917429"
"chr16","66630113","66630375","chr15","6438791","6439051","32","60191322"
"chr16","66644959","66645242","chr16","46194458","46194741","3","20450501"
"chr16","66652791","66652979","chr16","46186348","46186536","6","20466443"
"chr16","66658515","66658814","chr16","46180923","46181221","10","20477592"
"chr16","66680336","66680631","chr16","46159895","46160189","5","20520441"
"chr16","66683439","66683752","chr16","46156812","46157117","29","20526627"
"chr16","66689702","66690006","chr16","46148493","46148786","21","20541209"
"chr16","66690007","66690317","chr16","46152213","46152522","12","20537794"
"chr16","66693980","66694250","chr16","46146533","46146817","21","20547447"
"chr16","66705685","66705983","chr16","46133656","46133956","8","20572029"
"chr16","66725356","66725507","chr13","87854074","87854233","34","21128718"
"chr16","66725817","66725949","chr1","113374605","113374734","16","46648788"
"chr16","66735596","66735811","chr1","99736925","99737136","42","33001329"
"chr16","66742282","66742575","chr16","46092258","46092551","8","20650024"
"chr16","66750461","66750637","chr16","46083840","46084032","19","20666621"
"chr16","66754833","66755146","chr16","46073914","46074223","19","20680919"
"chr16","66785374","66785672","chr16","46056646","46056948","13","20728728"
"chr16","66791951","66792258","chr16","46045387","46045696","9","20746564"
"chr16","66797811","66798106","chr16","46039252","46039548","10","20758559"
"chr16","66828246","66828447","chr16","46005342","46005543","11","20822904"
"chr16","66906880","66907172","chr16","45919992","45920285","7","20986888"
"chr16","66934602","66934896","chr16","45892163","45892462","11","21042439"
"chr16","66947079","66947377","chr16","45880002","45880300","6","21067077"
"chr16","66979245","66979549","chr16","45847526","45847831","11","21131719"
"chr16","67013162","67013478","chr12","36444891","36445198","44","30568271"
"chr16","67037877","67038188","chr10","39852921","39853229","48","27184956"
"chr16","67092251","67092376","chr4","21810577","21810704","19","45281674"
"chr16","67092697","67092869","chr1","56150277","56150446","26","10942420"
"chr16","67258747","67259037","chr3","161263764","161264053","44","94005017"
"chr16","67326536","67326813","chr16","45490207","45490507","42","21836329"
"chr16","67359158","67359447","chr16","45463455","45463756","23","21895703"
"chr16","67361941","67362246","chr16","45460836","45461141","6","21901105"
"chr16","67364751","67365042","chr16","45457501","45457792","18","21907250"
"chr16","67365043","67365300","chr16","45457265","45457500","32","21907778"
"chr16","67450519","67450829","chr3","12962418","12962725","38","54488101"
"chr16","67497097","67497226","chr16","45312796","45312910","18","22184301"
"chr16","67542104","67542399","chr16","45265318","45265606","21","22276786"
"chr16","67556022","67556312","chrX","41614249","41614541","50","25941773"
"chr16","67612357","67612662","chr16","45186313","45186613","11","22426044"
"chr16","67652067","67652350","chr15","97061406","97061689","34","29409339"
"chr16","67809059","67809354","chr16","44980260","44980554","5","22828799"
"chr16","67821273","67821567","chr16","44966758","44967055","11","22854515"
"chr16","67828211","67828500","chr16","44959656","44959946","11","22868555"
"chr16","67834616","67834911","chr16","44953231","44953528","6","22881385"
"chr16","67895456","67895734","chr16","44881532","44881810","8","23013924"
"chr16","67895946","67896238","chr16","44881028","44881320","15","23014918"
"chr16","67912605","67912902","chr16","44868389","44868694","11","23044216"
"chr16","67926160","67926456","chr16","63263788","63264090","43","4662372"
"chr16","67967267","67967466","chr20","27426210","27426408","42","40541057"
"chr16","67991970","67992271","chr16","44772628","44772921","13","23219342"
"chr16","67996166","67996441","chr16","44769809","44770084","6","23226357"
"chr16","68031418","68031707","chr16","44737012","44737301","4","23294406"
"chr16","68057073","68057383","chr16","44711509","44711826","19","23345564"
"chr16","68127029","68127334","chr16","44641553","44641858","8","23485476"
"chr16","68441651","68441957","chr7","129858559","129858866","35","61416908"
"chr16","68490161","68490461","chr16","29597955","29598253","7","38892206"
"chr16","68500001","68500176","chr14","31856154","31856328","25","36643847"
"chr16","68552471","68552757","chr16","29660575","29660855","13","38891896"
"chr16","68595642","68595922","chr14","15924713","15924999","59","52670929"
"chr16","68597618","68597918","chr16","29704415","29704713","9","38893203"
"chr16","68604794","68605090","chr16","29711587","29711890","9","38893207"
"chr16","68607617","68607922","chr16","29714480","29714754","45","38893137"
"chr16","68641879","68642176","chr16","29748250","29748550","9","38893629"
"chr16","68674234","68674530","chr16","29781633","29781918","15","38892601"
"chr16","68749518","68749673","chr2","185241058","185241206","27","116491540"
"chr16","68778366","68778652","chr16","29886285","29886571","8","38892081"
"chr16","68789477","68789785","chr6","163349643","163349943","38","94560166"
"chr16","68862887","68863186","chr16","29970571","29970869","12","38892316"
"chr16","68945085","68945395","chr16","30056673","30056985","7","38888412"
"chr16","69237454","69237743","chr6","135934118","135934406","33","66696664"
"chr16","69248924","69249232","chr16","30350480","30350790","9","38898444"
"chr16","69267706","69267862","chr8","18175404","18175556","21","51092302"
"chr16","69268121","69268168","chrX","46380611","46380655","11","22887510"
"chr16","69295913","69296202","chr16","30401222","30401512","7","38894691"
"chr16","69304212","69304485","chr10","73606497","73606760","34","4302285"
"chr16","69317041","69317330","chr11","82897098","82897394","36","13580057"
"chr16","69371614","69371919","chr16","30487097","30487404","9","38884517"
"chr16","69382419","69382715","chr18","38721921","38722211","50","30660498"
"chr16","69384248","69384554","chr5","130961303","130961601","50","61577055"
"chr16","69393680","69393990","chr16","30509590","30509899","9","38884090"
"chr16","69443163","69443212","chr9","30006564","30006614","10","39436599"
"chr16","69480507","69480841","chr16","30599345","30599655","31","38881162"
"chr16","69500005","69500155","chrX","65491826","65491967","21","4008179"
"chr16","69558695","69558991","chr10","71880315","71880618","46","2321620"
"chr16","69562935","69563174","chr16","30683639","30683879","10","38879296"
"chr16","69592178","69592487","chr16","30712954","30713265","23","38879224"
"chr16","69660938","69661239","chr16","30780640","30780947","14","38880298"
"chr16","69707918","69708223","chr16","30826938","30827243","5","38880980"
"chr16","69727025","69727250","chr19","19138187","19138406","38","50588838"
"chr16","69733858","69734164","chr16","30852683","30852990","7","38881175"
"chr16","69753282","69753426","chr16","30873246","30873390","1","38880036"
"chr16","69756920","69757227","chr16","30877225","30877521","20","38879695"
"chr16","69768896","69769192","chr15","90917621","90917918","32","21148725"
"chr16","69780672","69780980","chr16","30901458","30901766","8","38879214"
"chr16","69930649","69930959","chr16","31057037","31057349","19","38873612"
"chr16","69984835","69985134","chr16","31113580","31113879","5","38871255"
"chr16","70038549","70038851","chr16","31166967","31167269","8","38871582"
"chr16","70042529","70042676","chr8","36249590","36249739","23","33792939"
"chr16","70049206","70049515","chr16","31177970","31178271","13","38871236"
"chr16","70145566","70145862","chr16","31274553","31274848","2","38871013"
"chr16","70213412","70213687","chr13","45223597","45223872","41","24989815"
"chr16","70218946","70219265","chr16","69579660","69579966","21","639286"
"chr16","70269519","70269813","chr16","69641770","69642072","19","627749"
"chr16","70318410","70318697","chr5","34197961","34198242","42","36120449"
"chr16","70331899","70332053","chr1","109244867","109245026","48","38912968"
"chr16","70464208","70464292","chr16","69841147","69841231","2","623061"
"chr16","70549251","70549553","chr16","69930647","69930952","6","618604"
"chr16","70575988","70576276","chr16","69957579","69957850","24","618409"
"chr16","70582241","70582546","chr2","184678205","184678523","85","114095964"
"chr16","70726222","70726487","chr16","70099169","70099458","29","627053"
"chr16","70761403","70761714","chr16","70136546","70136853","10","624857"
"chr16","70803542","70803785","chr16","70180043","70180288","8","623499"
"chr16","70803786","70804053","chr16","70180289","70180556","9","623497"
"chr16","70804353","70804643","chr16","70180850","70181140","5","623503"
"chr16","70850925","70851217","chr16","70228736","70229044","28","622189"
"chr16","70862842","70863120","chr16","70240641","70240920","18","622201"
"chr16","70936717","70937007","chr16","70315935","70316235","23","620782"
"chr16","71024081","71024384","chr16","70404443","70404756","21","619638"
"chr16","71162713","71163014","chr1","102106956","102107256","43","30944243"
"chr16","71389244","71389552","chr10","72327399","72327710","35","938155"
"chr16","72017935","72018200","chr16","71411383","71411656","20","606552"
"chr16","72040374","72040596","chr16","71432469","71432688","13","607905"
"chr16","72115178","72115468","chr1","67107990","67108279","47","5007188"
"chr16","72152567","72152851","chr16","71544945","71545229","16","607622"
"chr16","72155602","72155896","chr16","71547919","71548213","6","607683"
"chr16","72180305","72180608","chr16","67191091","67191392","35","4989214"
"chr16","72215963","72216207","chr10","88101734","88101973","42","15885771"
"chr16","72236681","72236984","chr16","71632434","71632737","15","604247"
"chr16","72349640","72349933","chr16","71752620","71752913","6","597020"
"chr16","72432697","72432827","chr9","12425282","12425412","15","60007415"
"chr16","72489392","72489698","chr16","71893405","71893696","31","595987"
"chr16","72529233","72529542","chr16","71934402","71934721","20","594831"
"chr16","72638517","72638679","chr7","145642119","145642281","27","73003602"
"chr16","73195071","73195379","chr16","72614374","72614682","21","580697"
"chr16","73311604","73311738","chr10","73050153","73050283","18","261451"
"chr16","73471456","73471752","chr4","68671582","68671879","41","4799874"
"chr16","73491795","73492100","chr1","214448550","214448825","80","140956755"
"chr16","73506586","73506886","chr16","72942999","72943301","9","563587"
"chr16","73526194","73526506","chr16","72963522","72963834","6","562672"
"chr16","73567882","73568060","chr10","18431579","18431752","34","55136303"
"chr16","73591540","73591558","chr13","77378324","77378343","9","3786784"
"chr16","73591610","73591896","chr6","50499050","50499334","51","23092560"
"chr16","73591913","73592047","chr6","174378395","174378524","21","100786482"
"chr16","73593808","73594032","chr16","21266312","21266535","43","52327496"
"chr16","73608672","73608968","chr16","73065107","73065408","12","543565"
"chr16","73629554","73629838","chr16","73084218","73084516","23","545336"
"chr16","73659860","73660153","chr3","37560253","37560542","38","36099607"
"chr16","73695229","73695430","chr5","157311330","157311525","36","83616101"
"chr16","73815514","73815788","chr16","73274510","73274785","8","541004"
"chr16","73825587","73825905","chr7","42256511","42256821","50","31569076"
"chr16","73859265","73859446","chr1","88493547","88493729","37","14634282"
"chr16","74009916","74010132","chr4","9250005","9250227","40","64759911"
"chr16","74039734","74039842","chr9","112623659","112623769","35","38583925"
"chr16","74060376","74060679","chr15","78228249","78228552","40","4167873"
"chr16","74084490","74084778","chr16","73551936","73552224","5","532554"
"chr16","74175543","74175714","chr16","73625697","73625870","15","549846"
"chr16","74198506","74198556","chr3","55441801","55441851","12","18756705"
"chr16","74198854","74199034","chr20","58882744","58882910","39","15316110"
"chr16","74388064","74388333","chr6","89802091","89802356","43","15414027"
"chr16","74392058","74392346","chr14","68705469","68705759","41","5686589"
"chr16","74439764","74439841","chr15","38389824","38389887","34","36049940"
"chr16","74466913","74467212","chr16","73931322","73931619","15","535591"
"chr16","74492190","74492505","chr16","73957706","73958002","27","534484"
"chr16","74545715","74545775","chr1","53538880","53538931","22","21006835"
"chr16","74545981","74546019","chr7","15018539","15018575","12","59527442"
"chr16","74546334","74546524","chr5","129275158","129275347","26","54728824"
"chr16","74562598","74562889","chr4","30421651","30421939","43","44140947"
"chr16","74585540","74585840","chr16","74055805","74056106","12","529735"
"chr16","74628206","74628501","chr7","149389824","149390116","43","74761618"
"chr16","74697930","74698225","chr16","74172476","74172771","14","525454"
"chr16","74910323","74910597","chr1","14193099","14193368","44","60717224"
"chr16","74915355","74915650","chr16","74393749","74394049","20","521606"
"chr16","74958839","74959008","chr20","66727640","66727807","28","8231199"
"chr17","26607543","26607853","chr8","75788005","75788310","40","49180462"
"chr17","28835685","28835975","chr4","42690815","42691104","5","13855130"
"chr17","36437821","36438052","chr15","1348530","1348761","46","35089291"
"chr17","39976820","39977131","chr12","36444891","36445198","47","3531929"
"chr17","40238880","40239171","chr4","31123203","31123494","12","9115677"
"chr17","57540606","57540909","chr4","14519480","14519784","18","43021126"
"chr17","61210536","61210827","chr18","38721921","38722211","45","22488615"
"chr17","1355918","1356223","chr4","69500865","69501168","19","68144947"
"chr17","1371829","1372129","chr4","69484028","69484323","21","68112199"
"chr17","1390185","1390378","chr20","40998573","40998772","47","39608388"
"chr17","1483734","1483810","chr16","929496","929570","17","554238"
"chr17","1484724","1484892","chr4","69372729","69372897","4","67888005"
"chr17","1559761","1560064","chr1","152105763","152106068","36","150546002"
"chr17","1592736","1593019","chr1","9757752","9758036","49","8165016"
"chr17","1599775","1599945","chr4","69251240","69251410","4","67651465"
"chr17","1618733","1619038","chr1","42353131","42353436","42","40734398"
"chr17","1632960","1633241","chr4","69219556","69219837","3","67586596"
"chr17","1637803","1638141","chr15","8195058","8195388","53","6557255"
"chr17","1656822","1657123","chr4","69195763","69196063","13","67538941"
"chr17","1689037","1689334","chr4","69165778","69166079","11","67476741"
"chr17","1695468","1695770","chrX","91196525","91196830","42","89501057"
"chr17","1710374","1710606","chr4","69141777","69142014","9","67431403"
"chr17","1711788","1712098","chr4","69140285","69140594","13","67428497"
"chr17","1735545","1735829","chr4","69123300","69123584","6","67387755"
"chr17","1788587","1788874","chr2","42729532","42729820","52","40940945"
"chr17","1824705","1824993","chr4","69013828","69014114","14","67189123"
"chr17","1862929","1863224","chr4","68977263","68977572","25","67114334"
"chr17","1903030","1903339","chr4","68931192","68931502","7","67028162"
"chr17","1936384","1936508","chr4","68897616","68897740","3","66961232"
"chr17","1941155","1941448","chr4","68892724","68893022","14","66951569"
"chr17","2148702","2148995","chr4","68683796","68684088","14","66535094"
"chr17","2160150","2160447","chr4","68671582","68671879","7","66511432"
"chr17","2164946","2165097","chr4","68666944","68667095","2","66501998"
"chr17","2552574","2552801","chr4","68267248","68267474","8","65714674"
"chr17","2781040","2781303","chr4","68040683","68040940","9","65259643"
"chr17","2843017","2843295","chr4","67978128","67978437","39","65135111"
"chr17","2922854","2923133","chr4","67895700","67895978","13","64972846"
"chr17","3449697","3450039","chr4","67362106","67362416","40","63912409"
"chr17","3645158","3645319","chr4","67153949","67154110","2","63508791"
"chr17","3666569","3666882","chr4","67133093","67133403","16","63466524"
"chr17","3910255","3910460","chr4","66891362","66891565","20","62981107"
"chr17","4303774","4304081","chr4","66501969","66502276","6","62198195"
"chr17","4387442","4387740","chr1","12315378","12315678","47","7927936"
"chr17","4424183","4424252","chr19","1240888","1240952","16","3183295"
"chr17","4447430","4447726","chr4","66354667","66354960","8","61907237"
"chr17","4536866","4537135","chr4","66262832","66263117","17","61725966"
"chr17","4675486","4675787","chr4","66122223","66122507","20","61446737"
"chr17","5470233","5470586","chrX","117403097","117403424","84","111932864"
"chr17","6069595","6069905","chr4","64692370","64692680","11","58622775"
"chr17","6133055","6133344","chr4","64628525","64628813","6","58495470"
"chr17","6364878","6365116","chr4","64392909","64393147","11","58028031"
"chr17","6419771","6420050","chr4","64338742","64339048","33","57918971"
"chr17","6848943","6849097","chr4","63875173","63875327","6","57026230"
"chr17","7296218","7296515","chr4","63422491","63422784","20","56126273"
"chr17","7405901","7406149","chr8","13162410","13162658","49","5756509"
"chr17","7460542","7460866","chr4","63256796","63257134","36","55796254"
"chr17","7664206","7664340","chr4","63051175","63051309","5","55386969"
"chr17","7857789","7858098","chr10","35520239","35520543","45","27662450"
"chr17","7906410","7906581","chr6","48180421","48180589","29","40274011"
"chr17","8530802","8531101","chr4","62198305","62198606","12","53667503"
"chr17","8630749","8631056","chr4","62103097","62103405","19","53472348"
"chr17","9387419","9387736","chr4","61344548","61344864","7","51957129"
"chr17","10062687","10062981","chrX","12634072","12634369","48","2571385"
"chr17","10264759","10265066","chr4","60434602","60434908","9","50169843"
"chr17","10414631","10414924","chr4","60285276","60285565","11","49870645"
"chr17","10614702","10614962","chr15","6438791","6439051","40","4175911"
"chr17","10705568","10705870","chr4","59982760","59983061","14","49277192"
"chr17","10730420","10730747","chr4","59958101","59958433","12","49227681"
"chr17","11257501","11257726","chr2","91320504","91320729","32","80063003"
"chr17","11280903","11281150","chr1","45047654","45047899","36","33766751"
"chr17","11297005","11297314","chr4","59396160","59396469","14","48099155"
"chr17","11343202","11343544","chr4","59347408","59347729","36","48004206"
"chr17","11383623","11383903","chr1","214448550","214448825","77","203064927"
"chr17","11431985","11432260","chr4","59253333","59253644","46","47821348"
"chr17","11454050","11454357","chr4","59230798","59231109","12","47776748"
"chr17","12037849","12038157","chr4","58656722","58657027","13","46618873"
"chr17","12100070","12100344","chr1","35219014","35219280","55","23118944"
"chr17","12347988","12348332","chr4","58328797","58329133","23","45980809"
"chr17","12503071","12503356","chr4","58171960","58172245","10","45668889"
"chr17","12573602","12573885","chr4","58101349","58101641","19","45527747"
"chr17","13026056","13026346","chr4","57641429","57641720","21","44615373"
"chr17","13036344","13036644","chr4","57630999","57631304","13","44594655"
"chr17","13171416","13171695","chr1","112665869","112666137","47","99494453"
"chr17","13324110","13324271","chr9","40215068","40215233","26","26890958"
"chr17","13326704","13327002","chr4","57339190","57339483","24","44012486"
"chr17","13544126","13544434","chrX","28745828","28746133","46","15201702"
"chr17","13648529","13648812","chr4","57025971","57026260","28","43377442"
"chr17","13734510","13734688","chr4","56941746","56941914","19","43207236"
"chr17","14080017","14080325","chr4","56583800","56584109","17","42503783"
"chr17","14249941","14250250","chr4","56412156","56412465","20","42162215"
"chr17","14290524","14290829","chr4","56372509","56372813","11","42081985"
"chr17","14319742","14320021","chr4","56343291","56343598","41","42023549"
"chr17","14372824","14373126","chr4","56291389","56291694","14","41918565"
"chr17","14418521","14418819","chr4","56245215","56245513","9","41826694"
"chr17","14467380","14467669","chr4","56196971","56197261","9","41729591"
"chr17","14856454","14856740","chr6","172177218","172177517","52","157320764"
"chr17","15114264","15114552","chr4","55533624","55533920","14","40419360"
"chr17","15188886","15189097","chr15","30314291","30314499","36","15125405"
"chr17","15214543","15214851","chr4","55432957","55433253","27","40218414"
"chr17","15385171","15385445","chr4","55256336","55256570","50","39871165"
"chr17","15862082","15862399","chr4","101612423","101612746","59","85750341"
"chr17","15883618","15883939","chr4","54749733","54750045","21","38866115"
"chr17","16344553","16344753","chr4","54282603","54282805","4","37938050"
"chr17","16440535","16440833","chr4","54182406","54182703","11","37741871"
"chr17","16533283","16533596","chr10","71268206","71268509","42","54734923"
"chr17","16534011","16534311","chr4","54095813","54096113","13","37561802"
"chr17","16776217","16776501","chr4","53854010","53854294","14","37077793"
"chr17","16939538","16939855","chr4","53688442","53688784","41","36748904"
"chr17","17011912","17012209","chr4","53616391","53616688","7","36604479"
"chr17","17179464","17179784","chr4","53453879","53454199","13","36274415"
"chr17","17279071","17279382","chr15","92297169","92297471","39","75018098"
"chr17","17300965","17301249","chr4","53334903","53335187","5","36033938"
"chr17","18625936","18626230","chr4","53003751","53004049","10","34377815"
"chr17","18667451","18667745","chr15","91576638","91576939","44","72909187"
"chr17","18691692","18691996","chr4","52931700","52932006","14","34240008"
"chr17","18774213","18774500","chr4","52849740","52850030","4","34075527"
"chr17","18991860","18992079","chr4","52635584","52635801","8","33643724"
"chr17","19094416","19094751","chr12","34076286","34076616","47","14981870"
"chr17","19146514","19146818","chr4","52477301","52477611","22","33330787"
"chr17","19334832","19335136","chr4","52290669","52290980","16","32955837"
"chr17","19383009","19383218","chr4","52241206","52241417","8","32858197"
"chr17","19403908","19404191","chr4","52216355","52216635","15","32812447"
"chr17","19491190","19491488","chr4","52129913","52130212","6","32638723"
"chr17","20010049","20010271","chr4","51620424","51620637","13","31610375"
"chr17","20029736","20030031","chr4","51596575","51596851","29","31566839"
"chr17","20109129","20109437","chr13","88266508","88266807","41","68157379"
"chr17","20124209","20124506","chr1","55263731","55264029","34","35139522"
"chr17","20149432","20149729","chr4","51472973","51473270","18","31323541"
"chr17","20178370","20178474","chr6","169387752","169387856","13","149209382"
"chr17","20187341","20187642","chr11","44858538","44858837","49","24671197"
"chr17","20193188","20193494","chr4","51427324","51427630","13","31234136"
"chr17","20229593","20229903","chr4","51387685","51387995","6","31158092"
"chr17","20237308","20237487","chr19","40951959","40952134","36","20714651"
"chr17","20237774","20237906","chr1","129824074","129824204","10","109586300"
"chr17","20462579","20462883","chr4","51156835","51157134","20","30694256"
"chr17","20678160","20678446","chr4","50941377","50941631","35","30263217"
"chr17","21161986","21162273","chr9","90557855","90558137","42","69395869"
"chr17","21507015","21507259","chr4","48640725","48640969","36","27133710"
"chr17","21648846","21648867","chr7","145790583","145790608","15","124141737"
"chr17","21648895","21649155","chr13","103420431","103420702","48","81771536"
"chr17","21675011","21675258","chr4","49925316","49925564","4","28250305"
"chr17","21820018","21820240","chr4","49775747","49775965","9","27955729"
"chr17","21906436","21906646","chr4","49689562","49689771","7","27783126"
"chr17","22022594","22022885","chr4","49570946","49571245","15","27548352"
"chr17","22027866","22028142","chr4","49565694","49565970","10","27537828"
"chr17","22169908","22170198","chr4","49412716","49413010","10","27242808"
"chr17","22227648","22227889","chr4","49352119","49352359","6","27124471"
"chr17","22546608","22546916","chr16","44868389","44868694","43","22321781"
"chr17","22799697","22799992","chr4","48803285","48803593","21","26003588"
"chr17","22829135","22829362","chr4","48772398","48772630","10","25943263"
"chr17","22855293","22855523","chr10","74742698","74742916","40","51887405"
"chr17","22961304","22961548","chr4","48640725","48640969","15","25679421"
"chr17","22993394","22993680","chr4","48608673","48608945","20","25615279"
"chr17","23275772","23275903","chr6","47849580","47849709","15","24573808"
"chr17","23768421","23768697","chr4","47802662","47802938","15","24034241"
"chr17","24015909","24016212","chr4","47565713","47566017","7","23549804"
"chr17","24030555","24030860","chr4","47542740","47543038","15","23512185"
"chr17","24200988","24201301","chr4","47369082","47369394","16","23168094"
"chr17","24282554","24282846","chr4","47286666","47286965","17","23004112"
"chr17","24612178","24612479","chr3","83610987","83611284","38","58998809"
"chr17","24729472","24729786","chr4","46842984","46843298","6","22113512"
"chr17","24900818","24901124","chr4","46669645","46669948","17","21768827"
"chr17","24948365","24948664","chr4","46614398","46614702","11","21666033"
"chr17","25193337","25193650","chr4","46371535","46371816","77","21178198"
"chr17","25267021","25267315","chr4","46298135","46298431","16","21031114"
"chr17","25402930","25403208","chr4","46162877","46163155","7","20759947"
"chr17","25594892","25595188","chr4","45964366","45964659","16","20369474"
"chr17","25722769","25723039","chr4","45841069","45841334","8","20118300"
"chr17","25730712","25731010","chr4","45833118","45833418","17","20102406"
"chr17","25771855","25772160","chr4","45791621","45791929","22","20019766"
"chr17","26003832","26004012","chr14","54604248","54604431","32","28600416"
"chr17","26077899","26077968","chr4","45488506","45488575","1","19410607"
"chr17","26241184","26241462","chr4","45331630","45331905","11","19090446"
"chr17","26635697","26635996","chr4","44932032","44932330","10","18296335"
"chr17","26656085","26656318","chr4","44911401","44911628","12","18255316"
"chr17","26784666","26784962","chr4","44782080","44782401","32","17997414"
"chr17","26816177","26816477","chr4","44750692","44751000","24","17934515"
"chr17","26820870","26821132","chr4","44746082","44746344","8","17925212"
"chr17","27061480","27061785","chr4","44506568","44506874","10","17445088"
"chr17","27103902","27104068","chr4","44465694","44465860","4","17361792"
"chr17","27301376","27301664","chr4","44253650","44253936","8","16952274"
"chr17","27302279","27302578","chr4","44252730","44253036","18","16950451"
"chr17","27303194","27303537","chr4","44251796","44252102","43","16948602"
"chr17","27925240","27925541","chr5","94774406","94774706","37","66849166"
"chr17","27926622","27926745","chr6","174378395","174378524","19","146451773"
"chr17","27947798","27948104","chr9","8436622","8436938","29","19511176"
"chr17","27976529","27976834","chr1","67550948","67551256","48","39574419"
"chr17","28148090","28148260","chr1","19775982","19776154","30","8372108"
"chr17","28444211","28444514","chr4","43099979","43100291","15","14655768"
"chr17","28533648","28533827","chr4","43006774","43006953","4","14473126"
"chr17","28548607","28548905","chr4","42991392","42991680","20","14442785"
"chr17","28569556","28569793","chr4","42970357","42970592","10","14400801"
"chr17","28640409","28640705","chr17","37877534","37877823","45","9237125"
"chr17","28645135","28645442","chr4","42892273","42892575","8","14247138"
"chr17","28763045","28763326","chr4","42764028","42764341","37","14000983"
"chr17","28790027","28790332","chr4","42736856","42737160","12","13946829"
"chr17","29038843","29038942","chr4","42495366","42495465","4","13456523"
"chr17","29078410","29078734","chr2","98436125","98436433","47","69357715"
"chr17","29132176","29132487","chr4","42404164","42404475","8","13271988"
"chr17","29157397","29157688","chr4","42377822","42378117","7","13220425"
"chr17","29183517","29183569","chr6","120450814","120450865","11","91267297"
"chr17","29183841","29184028","chr16","66964686","66964860","37","37780845"
"chr17","29202312","29202582","chr4","42316760","42317043","28","13114448"
"chr17","29226333","29226625","chr4","42299023","42299315","3","13072690"
"chr17","29226630","29226919","chr4","42298727","42299022","11","13072097"
"chr17","29232390","29232607","chr4","25733321","25733536","43","3499069"
"chr17","29292108","29292394","chr4","42227497","42227783","6","12935389"
"chr17","29304207","29304515","chr15","38506357","38506649","73","9202150"
"chr17","29311121","29311433","chr4","42212923","42213235","6","12901802"
"chr17","29312196","29312514","chr3","87763985","87764297","39","58451789"
"chr17","29327827","29328130","chr4","42191627","42191927","11","12863800"
"chr17","29337853","29338069","chr10","23239579","23239783","31","6098274"
"chr17","29355874","29355970","chrX","62719211","62719304","13","33363337"
"chr17","29355974","29356070","chrX","62719211","62719304","13","33363237"
"chr17","29356113","29356197","chr19","44123362","44123445","17","14767249"
"chr17","29356201","29356297","chrX","62719211","62719304","13","33363010"
"chr17","29399369","29399674","chr4","42113735","42114034","15","12714366"
"chr17","29400099","29400370","chr4","42112701","42112974","17","12712602"
"chr17","29414358","29414663","chr18","16317024","16317330","41","13097334"
"chr17","29433764","29434042","chr4","42077539","42077845","38","12643775"
"chr17","29469000","29469160","chrX","142278602","142278756","30","112809602"
"chr17","29488022","29488164","chr4","42025710","42025852","3","12537688"
"chr17","29491761","29492078","chr4","42021818","42022131","11","12530057"
"chr17","29613778","29614086","chr4","41901219","41901524","22","12287441"
"chr17","29660472","29660587","chr8","106168393","106168504","15","76507921"
"chr17","29675341","29675631","chr10","78159865","78160152","44","48484524"
"chr17","29683883","29684183","chr4","41825800","41826100","18","12141917"
"chr17","29726391","29726692","chr7","92111161","92111464","38","62384770"
"chr17","29779278","29779581","chr4","41729173","41729476","2","11949895"
"chr17","29797246","29797545","chr10","1542935","1543233","38","28254311"
"chr17","29824253","29824536","chr4","41684167","41684448","11","11859914"
"chr17","29860249","29860530","chr4","41648223","41648522","23","11787974"
"chr17","29911379","29911681","chr12","36444891","36445198","42","6533512"
"chr17","29932951","29933250","chr4","41575211","41575510","12","11642260"
"chr17","29941467","29941762","chr4","41566887","41567182","13","11625420"
"chr17","29956971","29957279","chr7","129858559","129858866","30","99901588"
"chr17","30021267","30021581","chr4","41483568","41483877","11","11462301"
"chr17","30028477","30028778","chr4","41476173","41476477","13","11447696"
"chr17","30037114","30037412","chr20","70817416","70817712","32","40780302"
"chr17","30050843","30051139","chr4","41453897","41454185","17","11403054"
"chr17","30058124","30058431","chr4","41446530","41446833","15","11388406"
"chr17","30067031","30067337","chr4","41438559","41438865","8","11371528"
"chr17","30073987","30074270","chr3","161263764","161264053","54","131189777"
"chr17","30111322","30111643","chr4","41393255","41393576","24","11281933"
"chr17","30112926","30113216","chr4","41391149","41391430","16","11278223"
"chr17","30144732","30144918","chr11","15461497","15461686","37","14683235"
"chr17","30145229","30145272","chr12","37991215","37991256","8","7845986"
"chr17","30209508","30209813","chr4","41292572","41292877","4","11083064"
"chr17","30216047","30216359","chr4","41285524","41285837","5","11069477"
"chr17","30275513","30275802","chr4","41225036","41225325","6","10949523"
"chr17","30278401","30278709","chr4","41222131","41222433","15","10943730"
"chr17","30318373","30318675","chr4","41179801","41180106","12","10861428"
"chr17","30319799","30319917","chr4","41178524","41178642","1","10858725"
"chr17","30320598","30320777","chr7","58056502","58056683","24","27735904"
"chr17","30335882","30336196","chr4","41162121","41162433","11","10826239"
"chr17","30480954","30481268","chr4","41014380","41014685","17","10533426"
"chr17","30534645","30534894","chr4","40959787","40960036","5","10425142"
"chr17","30634165","30634472","chr13","37729429","37729733","35","7095264"
"chr17","30676848","30677085","chr1","37428267","37428501","34","6751419"
"chr17","30719646","30719963","chr4","40773254","40773565","13","10053608"
"chr17","30876671","30876931","chr4","40617885","40618145","3","9741214"
"chr17","31249431","31249728","chr4","40216522","40216819","12","8967091"
"chr17","31752423","31752734","chr4","39718143","39718454","10","7965720"
"chr17","31990630","31990923","chr4","39477015","39477288","26","7486385"
"chr17","32009645","32009941","chr4","39457829","39458115","26","7448184"
"chr17","32434078","32434371","chr4","25786415","25786711","44","6647663"
"chr17","32704618","32704937","chr12","32424951","32425255","26","279667"
"chr17","32872980","32873278","chr4","38625048","38625346","9","5752068"
"chr17","32922256","32922550","chr4","38576643","38576938","11","5654387"
"chr17","33192860","33193143","chr4","38306916","38307227","33","5114056"
"chr17","33194138","33194416","chr5","153019407","153019691","34","119825269"
"chr17","33235632","33235891","chr4","38264652","38264908","18","5029020"
"chr17","33394236","33394542","chr4","38103828","38104126","24","4709592"
"chr17","33442146","33442427","chr4","38051245","38051555","37","4609099"
"chr17","33452288","33452586","chr4","38041046","38041343","13","4588758"
"chr17","33459652","33459921","chr4","38033528","38033782","16","4573876"
"chr17","33494277","33494578","chr4","37993910","37994206","9","4499633"
"chr17","33618483","33618783","chr4","37864772","37865073","15","4246289"
"chr17","33914249","33914539","chr4","37570302","37570583","30","3656053"
"chr17","33920283","33920425","chr4","37564440","37564582","6","3644157"
"chr17","34115708","34116012","chr4","37362200","37362509","14","3246492"
"chr17","34259371","34259677","chr4","37206408","37206717","9","2947037"
"chr17","34372219","34372512","chr5","4329743","4330037","59","30042476"
"chr17","34728685","34728975","chrX","20897238","20897530","50","13831447"
"chr17","34748350","34748552","chr5","58072411","58072612","30","23324061"
"chr17","34757785","34758049","chr15","6438791","6439051","57","28318994"
"chr17","34904576","34904748","chr4","36547209","36547376","8","1642633"
"chr17","34911180","34911473","chr4","14605184","14605475","39","20305996"
"chr17","34912058","34912343","chr4","159742364","159742645","39","124830306"
"chr17","34949742","34950053","chr4","36498584","36498890","14","1548842"
"chr17","34998109","34998399","chr4","36445291","36445582","8","1447182"
"chr17","35002347","35002646","chr4","36439956","36440249","14","1437609"
"chr17","35029506","35029610","chr13","86495295","86495397","9","51465789"
"chr17","35031201","35031489","chr4","36409830","36410118","6","1378629"
"chr17","35051663","35051960","chr4","36388708","36389012","20","1337045"
"chr17","35094385","35094684","chr1","123896657","123896955","31","88802272"
"chr17","35277947","35278236","chr4","36154611","36154914","21","876664"
"chr17","35289331","35289644","chr4","36142909","36143207","26","853578"
"chr17","35358954","35359171","chr4","36074204","36074421","4","715250"
"chr17","35425807","35426001","chr4","36007273","36007489","32","581466"
"chr17","35486942","35487236","chr4","35946449","35946745","15","459507"
"chr17","35503665","35503763","chr4","35930670","35930775","10","427005"
"chr17","35527691","35527975","chr4","35906176","35906459","12","378485"
"chr17","35554701","35555015","chr16","23674779","23675090","60","11879922"
"chr17","35560197","35560499","chr4","35873726","35874023","19","313529"
"chr17","35592150","35592298","chr4","35840619","35840759","12","248469"
"chr17","35652713","35653024","chr4","35776944","35777239","24","124231"
"chr17","35663212","35663430","chr4","35766092","35766310","2","102880"
"chr17","35777831","35778133","chr4","35639625","35639928","9","138206"
"chr17","35848870","35849040","chr16","32682137","32682310","35","3166733"
"chr17","35849354","35849480","chr11","74966065","74966200","24","39116711"
"chr17","35869563","35869850","chr4","35547951","35548236","10","321612"
"chr17","36006711","36007017","chr4","35410888","35411199","12","595823"
"chr17","36241057","36241360","chr4","35172262","35172564","5","1068795"
"chr17","36317729","36318032","chr16","48647517","48647819","39","12329788"
"chr17","36356257","36356562","chr4","35044428","35044731","18","1311829"
"chr17","36466119","36466269","chrX","142278602","142278756","30","105812483"
"chr17","36466588","36466731","chr1","30028124","30028263","20","6438464"
"chr17","36490650","36490956","chr4","34909037","34909348","14","1581613"
"chr17","36544003","36544313","chr4","34853643","34853938","25","1690360"
"chr17","36597873","36598061","chr7","88618116","88618301","29","52020243"
"chr17","36634530","36634664","chr6","74452348","74452476","17","37817818"
"chr17","36634959","36635155","chr15","56008699","56008862","51","19373740"
"chr17","36679541","36679777","chr1","16141862","16142097","43","20537679"
"chr17","36794789","36794962","chr1","47026703","47026870","34","10231914"
"chr17","36818595","36818758","chr8","31663587","31663748","39","5155008"
"chr17","36835234","36835518","chr18","38007519","38007814","59","1172285"
"chr17","36845938","36846214","chr4","34536051","34536345","31","2309887"
"chr17","36850982","36851275","chr4","34539617","34539911","18","2311365"
"chr17","37139830","37140135","chr4","34251250","34251553","9","2888580"
"chr17","37195401","37195693","chr4","34194004","34194303","14","3001397"
"chr17","37288828","37289133","chr2","91106585","91106878","52","53817757"
"chr17","37292200","37292413","chr4","34094417","34094626","6","3197783"
"chr17","37341283","37341558","chr16","56705854","56706129","45","19364571"
"chr17","37345291","37345603","chr4","34038982","34039292","13","3306309"
"chr17","37353685","37353981","chr4","34027435","34027728","9","3326250"
"chr17","37443238","37443568","chr4","33912818","33913151","11","3530420"
"chr17","37591834","37592138","chr4","33766913","33767194","29","3824921"
"chr17","37661121","37661412","chr10","70305897","70306189","40","32644776"
"chr17","37667572","37667874","chr4","33684510","33684801","19","3983062"
"chr17","37681504","37681634","chr4","33671795","33671925","8","4009709"
"chr17","37681645","37681913","chr4","33671497","33671777","21","4010148"
"chr17","37715174","37715474","chr4","33634818","33635130","20","4080356"
"chr17","37788424","37788714","chr4","33559562","33559851","9","4228862"
"chr17","37794621","37794891","chr6","67477460","67477714","54","29682839"
"chr17","37822209","37822278","chr2","166131885","166131944","23","128309676"
"chr17","37866079","37866375","chrX","25734220","25734518","35","12131859"
"chr17","37876864","37877008","chr1","175082649","175082795","36","137205785"
"chr17","37881117","37881418","chr4","33461334","33461639","14","4419783"
"chr17","37895263","37895550","chr13","28274753","28275045","27","9620510"
"chr17","38495202","38495291","chr4","32831231","32831320","7","5663971"
"chr17","38504584","38504895","chr4","41483568","41483877","40","2978984"
"chr17","38514141","38514297","chr19","12482960","12483114","31","26031181"
"chr17","38525641","38525941","chr4","32804591","32804886","17","5721050"
"chr17","38532512","38532819","chr5","152650573","152650875","35","114118061"
"chr17","38538647","38538949","chr11","27505966","27506267","41","11032681"
"chr17","38591212","38591512","chr4","32738304","32738604","7","5852908"
"chr17","38687200","38687493","chr2","135426664","135426969","39","96739464"
"chr17","38707975","38708263","chr4","32621090","32621378","5","6086885"
"chr17","38736913","38737231","chr4","32590210","32590526","9","6146703"
"chr17","38750549","38750856","chr4","16747413","16747711","46","22003136"
"chr17","38853779","38854088","chr4","32480381","32480687","12","6373398"
"chr17","38855213","38855487","chr12","13201205","13201488","46","25654008"
"chr17","39144315","39144628","chr4","32195951","32196266","5","6948364"
"chr17","39462340","39462664","chr4","31826405","31826727","10","7635935"
"chr17","39661034","39661336","chr1","93291595","93291896","37","53630561"
"chr17","39707565","39707823","chr4","31639722","31640000","29","8067843"
"chr17","39756441","39756749","chr4","31579770","31580075","7","8176671"
"chr17","39771812","39772107","chr4","31563824","31564120","5","8207988"
"chr17","39820862","39821169","chr4","31501602","31501899","14","8319260"
"chr17","39838480","39838761","chr2","19528843","19529122","33","20309637"
"chr17","39888033","39888354","chr4","31434530","31434853","19","8453503"
"chr17","39894388","39894698","chr4","31428541","31428852","12","8465847"
"chr17","39903681","39903975","chr4","31419581","31419875","7","8484100"
"chr17","39910614","39910920","chr4","31413026","31413331","9","8497588"
"chr17","40086190","40086486","chr4","31290153","31290450","10","8796037"
"chr17","40095324","40095628","chr15","97678218","97678518","34","57582894"
"chr17","40131061","40131374","chr8","114779680","114779990","43","74648619"
"chr17","40154591","40154852","chr1","158524460","158524725","55","118369869"
"chr17","40171988","40172219","chr1","83728780","83729006","44","43556792"
"chr17","40181588","40181888","chr11","121789795","121790095","18","81608207"
"chr17","40219706","40220002","chr4","31144780","31145076","8","9074926"
"chr17","40223206","40223509","chr4","31140955","31141258","3","9082251"
"chr17","40255259","40255579","chr4","31107057","31107380","9","9148202"
"chr17","40267694","40268000","chr10","65469233","65469538","34","25201539"
"chr17","40281330","40281626","chr4","31079438","31079737","9","9201892"
"chr17","40351875","40352170","chr4","31007618","31007913","3","9344257"
"chr17","40433570","40433848","chr4","30877239","30877517","4","9556331"
"chr17","40671356","40671573","chr3","51737718","51737932","40","11066362"
"chr17","40726932","40727209","chrX","82377818","82378092","38","41650886"
"chr17","40731113","40731327","chr1","202123535","202123748","38","161392422"
"chr17","40790132","40790350","chr3","112000001","112000215","37","71209869"
"chr17","40804641","40804760","chr2","61470321","61470439","13","20665680"
"chr17","40994870","40995085","chr3","51737718","51737932","39","10742848"
"chr17","41066332","41066634","chr10","6986722","6987028","41","34079610"
"chr17","41073043","41073262","chr1","202123535","202123748","37","161050492"
"chr17","41145516","41145736","chr3","51737718","51737932","36","10592202"
"chr17","41213236","41213524","chr16","17212584","17212873","41","24000652"
"chr17","41218590","41218898","chr19","30193462","30193770","46","11025128"
"chr17","41235265","41235394","chr20","10710102","10710229","21","30525163"
"chr17","41246274","41246573","chr10","76435617","76435916","41","35189343"
"chr17","41255514","41255817","chr4","30660971","30661281","24","10594543"
"chr17","41256673","41256983","chr4","30660971","30661281","15","10595702"
"chr17","41265036","41265345","chr7","133095296","133095601","34","91830260"
"chr17","41266414","41266606","chr8","27202572","27202751","41","14063842"
"chr17","41279426","41279728","chr4","30645804","30646106","10","10633622"
"chr17","41289970","41290057","chr10","15069049","15069136","16","26220921"
"chr17","41290689","41290904","chr14","9781859","9782083","37","31508830"
"chr17","41455138","41455444","chr4","30456387","30456685","25","10998751"
"chr17","41489219","41489507","chr4","30421651","30421939","17","11067568"
"chr17","41562066","41562370","chr4","30348990","30349295","9","11213076"
"chr17","41722048","41722329","chr4","30176008","30176289","6","11546040"
"chr17","41748411","41748707","chr4","30149819","30150116","8","11598592"
"chr17","41779002","41779314","chr12","63963455","63963765","45","22184453"
"chr17","41784309","41784596","chr4","30117916","30118203","9","11666393"
"chr17","41793228","41793514","chr4","30108991","30109277","8","11684237"
"chr17","41863963","41864262","chr4","30038101","30038400","8","11825862"
"chr17","41906586","41906891","chr4","29996366","29996662","17","11910220"
"chr17","41923995","41924305","chr4","29971286","29971594","13","11952709"
"chr17","41943214","41943506","chrX","103883275","103883565","46","61940061"
"chr17","42437346","42437680","chr4","29518310","29518628","25","12919036"
"chr17","42514628","42514907","chr4","29418230","29418507","26","13096398"
"chr17","42649629","42649906","chr4","29418230","29418507","25","13231399"
"chr17","42879824","42880118","chr7","3030059","3030354","40","39849765"
"chr17","42882763","42883037","chr4","29366816","29367090","8","13515947"
"chr17","42982335","42982614","chr7","58560427","58560705","35","15578092"
"chr17","42982655","42982665","chr9","32916732","32916748","11","10065923"
"chr17","43002134","43002435","chr4","29246383","29246682","16","13755751"
"chr17","43002789","43003083","chr1","111274601","111274900","47","68271812"
"chr17","43005796","43006123","chr4","29242830","29243141","26","13762966"
"chr17","43128521","43128826","chr15","79117098","79117403","43","35988577"
"chr17","43433727","43433940","chr4","28797268","28797484","11","14636459"
"chr17","43561723","43562023","chr4","28664771","28665069","8","14896952"
"chr17","43642350","43642650","chr4","28578893","28579191","13","15063457"
"chr17","43725667","43725940","chr4","28489852","28490146","29","15235815"
"chr17","43758643","43758928","chr4","28451989","28452269","16","15306654"
"chr17","43853007","43853294","chr4","28363495","28363785","18","15489512"
"chr17","43853669","43853838","chr4","28362656","28362812","16","15491013"
"chr17","43858630","43858750","chr14","18216434","18216552","15","25642196"
"chr17","43887477","43887752","chr4","28329259","28329534","3","15558218"
"chr17","43957117","43957420","chr4","112821610","112821902","45","68864493"
"chr17","44005304","44005590","chr19","40755427","40755707","46","3249877"
"chr17","44073932","44074074","chr4","28148940","28149082","4","15924992"
"chr17","44351287","44351600","chr4","27864562","27864876","11","16486725"
"chr17","44508405","44508716","chr4","27684292","27684599","7","16824113"
"chr17","44606285","44606578","chr4","27617569","27617868","18","16988716"
"chr17","44649091","44649398","chr4","27573215","27573522","10","17075876"
"chr17","44661108","44661312","chr9","11948281","11948495","56","32712827"
"chr17","44668802","44669103","chr4","27553273","27553577","9","17115529"
"chr17","44691260","44691544","chr4","27530843","27531130","7","17160417"
"chr17","44698404","44698560","chr4","27523831","27523987","3","17174573"
"chr17","44699414","44699709","chr1","134972732","134973029","40","90273318"
"chr17","44705749","44706039","chr7","110206544","110206843","56","65500795"
"chr17","44711768","44712064","chr4","27512980","27513275","8","17198788"
"chr17","44718605","44718846","chr4","27506217","27506461","13","17212388"
"chr17","44771699","44771772","chrX","131304892","131304971","18","86533193"
"chr17","44790285","44790565","chr4","27422791","27423086","20","17367494"
"chr17","44794164","44794332","chr1","140999555","140999719","33","96205391"
"chr17","44821129","44821429","chr1","27513704","27514001","33","17307425"
"chr17","44848563","44848858","chr4","27357453","27357749","8","17491110"
"chr17","44872297","44872590","chr4","27333429","27333721","5","17538868"
"chr17","44926457","44926756","chr4","27278377","27278675","8","17648080"
"chr17","44958123","44958434","chr16","40386842","40387152","40","4571281"
"chr17","45007073","45007355","chr4","27196757","27197033","11","17810316"
"chr17","45051991","45052292","chr4","27138413","27138715","9","17913578"
"chr17","45056026","45056331","chr4","27134375","27134681","8","17921651"
"chr17","45141054","45141236","chr4","27050929","27051112","8","18090125"
"chr17","45222163","45222468","chr4","26970276","26970583","10","18251887"
"chr17","45306724","45307015","chr4","26884370","26884673","19","18422354"
"chr17","45345655","45345907","chr4","26843395","26843647","2","18502260"
"chr17","45388261","45388425","chr7","129090498","129090652","49","83702237"
"chr17","45388452","45388561","chr2","102086269","102086387","25","56697817"
"chr17","45397395","45397713","chr4","26790726","26791041","12","18606669"
"chr17","45638233","45638574","chr4","26547903","26548244","14","19090330"
"chr17","45678970","45679261","chr4","26498440","26498724","16","19180530"
"chr17","45714288","45714585","chr4","26462985","26463286","12","19251303"
"chr17","45742907","45743101","chr1","141165571","141165766","54","95422664"
"chr17","45931153","45931470","chr4","26246500","26246826","14","19684653"
"chr17","45947447","45947754","chr4","26230183","26230490","6","19717264"
"chr17","46221702","46222017","chr4","25959111","25959424","12","20262591"
"chr17","46284417","46284713","chr4","25895200","25895496","5","20389217"
"chr17","46402538","46402850","chr12","36444891","36445198","36","9957647"
"chr17","46947564","46947855","chr4","25226579","25226876","11","21720985"
"chr17","47231577","47231682","chr4","24937482","24937588","11","22294095"
"chr17","47239831","47240123","chr4","24930653","24930950","30","22309178"
"chr17","47251287","47251583","chr4","24919143","24919440","14","22332144"
"chr17","47267395","47267706","chr4","24902679","24902990","19","22364716"
"chr17","47349443","47349616","chr4","24821237","24821409","11","22528206"
"chr17","47430380","47430689","chr4","24745383","24745686","24","22684997"
"chr17","47440158","47440300","chr6","173021290","173021438","35","125581132"
"chr17","47454016","47454323","chr4","24721415","24721717","12","22732601"
"chr17","47455427","47455709","chr4","24720024","24720306","9","22735403"
"chr17","47483772","47484077","chr4","24693594","24693898","15","22790178"
"chr17","47600845","47601134","chr4","24575132","24575437","23","23025713"
"chr17","47659713","47660009","chr17","1772149","1772450","46","45887564"
"chr17","47771266","47771431","chr4","24400821","24400988","7","23370445"
"chr17","47804601","47804864","chr4","24368931","24369196","13","23435670"
"chr17","47930568","47930867","chr3","41422036","41422331","48","6508532"
"chr17","48261998","48262168","chr4","23913778","23913948","11","24348220"
"chr17","48381548","48381859","chr4","23792354","23792665","8","24589194"
"chr17","48524092","48524391","chr4","23650562","23650849","18","24873530"
"chr17","48781145","48781424","chr4","23390265","23390559","20","25390880"
"chr17","48943484","48943783","chr4","23231457","23231763","8","25712027"
"chr17","49769714","49769993","chr4","22363750","22364029","11","27405964"
"chr17","50089029","50089339","chr4","22041514","22041824","14","28047515"
"chr17","50234741","50235033","chr4","21895482","21895774","8","28339259"
"chr17","50278621","50278926","chr4","21850751","21851040","30","28427870"
"chr17","50325408","50325684","chr15","97061406","97061689","50","46735998"
"chr17","50336976","50337274","chr4","21791645","21791944","11","28545331"
"chr17","50421740","50422019","chr4","21705524","21705820","31","28716216"
"chr17","50444464","50444772","chr9","121838680","121838991","43","71394216"
"chr17","50468333","50468635","chr10","83130319","83130617","45","32661986"
"chr17","50498120","50498412","chr17","88301400","88301693","31","37803280"
"chr17","50515339","50515671","chr4","21613355","21613687","16","28901984"
"chr17","50536122","50536423","chr4","21592348","21592647","8","28943774"
"chr17","50696403","50696511","chr4","21429866","21429975","7","29266537"
"chr17","50702825","50702844","chr13","77378324","77378343","12","26675499"
"chr17","50702918","50703196","chr4","21423205","21423513","38","29279713"
"chr17","50777428","50777724","chr6","172177218","172177517","37","121399790"
"chr17","50819282","50819590","chr4","21305969","21306274","23","29513313"
"chr17","50832033","50832331","chr4","21292612","21292910","8","29539421"
"chr17","50894779","50895065","chr4","21231775","21232056","18","29663004"
"chr17","50926698","50927003","chr18","55057548","55057860","54","4130850"
"chr17","51048037","51048220","chr1","12852950","12853134","32","38195087"
"chr17","51222178","51222481","chr4","20903244","20903548","12","30318934"
"chr17","51224236","51224543","chr4","20901197","20901506","13","30323039"
"chr17","51280202","51280470","chr4","20844241","20844513","28","30435961"
"chr17","51474406","51474707","chr4","20650683","20650982","16","30823723"
"chr17","51615429","51615726","chr4","20509328","20509623","12","31106101"
"chr17","51706418","51706720","chr4","20417378","20417688","19","31289040"
"chr17","51990932","51991218","chr5","173793593","173793881","37","121802661"
"chr17","52023363","52023516","chr4","20092903","20093030","32","31930460"
"chr17","52087516","52087823","chr4","20029455","20029756","14","32058061"
"chr17","52202345","52202658","chr4","19913918","19914233","12","32288427"
"chr17","52382788","52383071","chr4","19731927","19732214","13","32650861"
"chr17","52775417","52775718","chr4","19336753","19337049","11","33438664"
"chr17","53029127","53029431","chr4","19077603","19077908","19","33951524"
"chr17","53182364","53182670","chr4","18925058","18925357","18","34257306"
"chr17","53384619","53384856","chr4","18714371","18714608","5","34670248"
"chr17","53499306","53499593","chr4","18604446","18604754","32","34894860"
"chr17","53745503","53745817","chr4","18356061","18356377","12","35389442"
"chr17","53825178","53825478","chr4","18271090","18271387","14","35554088"
"chr17","53953670","53953980","chr4","18143370","18143672","21","35810300"
"chr17","53965320","53965620","chr4","18131623","18131922","13","35833697"
"chr17","54109555","54109622","chr16","51701031","51701090","19","2408524"
"chr17","54109935","54110114","chr1","19775982","19776154","28","34333953"
"chr17","54149898","54150198","chr4","17946695","17947017","35","36203203"
"chr17","54151049","54151093","chr10","61963419","61963461","11","7812370"
"chr17","54161296","54161592","chr4","17935507","17935805","6","36225789"
"chr17","54162762","54163063","chr8","15513646","15513945","34","38649116"
"chr17","54169493","54169792","chr4","17927339","17927636","12","36242154"
"chr17","54236479","54236775","chr15","27293434","27293735","38","26943045"
"chr17","54273264","54273439","chr4","17827500","17827675","3","36445764"
"chr17","54289102","54289380","chr4","17811566","17811844","7","36477536"
"chr17","54344824","54345107","chr4","17756028","17756312","14","36588796"
"chr17","54398834","54398971","chr11","74966065","74966200","23","20567231"
"chr17","54399277","54399453","chr5","104865075","104865254","29","50465798"
"chr17","54430859","54430872","chr13","77378324","77378343","10","22947465"
"chr17","54431141","54431274","chr7","67494514","67494644","18","13063373"
"chr17","54438209","54438522","chr4","17662274","17662577","17","36775935"
"chr17","54444930","54445247","chrX","12884052","12884363","51","41560878"
"chr17","54447056","54447280","chr1","195714603","195714819","38","141267547"
"chr17","54461373","54461682","chr4","17638618","17638928","10","36822755"
"chr17","54519770","54520066","chr7","2818258","2818549","53","51701512"
"chr17","54539717","54540023","chr4","17560257","17560550","17","36979460"
"chr17","54582804","54583100","chr4","30348990","30349295","47","24233814"
"chr17","54610076","54610373","chr4","17494589","17494892","16","37115487"
"chr17","54886988","54887272","chr1","16705632","16705915","38","38181356"
"chr17","54949571","54949866","chr4","17145323","17145648","40","37804248"
"chr17","54981059","54981343","chr4","17113177","17113493","42","37867882"
"chr17","54986746","54987057","chr4","17107464","17107775","6","37879282"
"chr17","55003328","55003621","chr4","17089790","17090091","30","37913538"
"chr17","55159938","55160223","chr19","1074823","1075116","36","54085115"
"chr17","55435235","55435527","chr1","90615887","90616178","39","35180652"
"chr17","55445522","55445741","chr4","16644158","16644380","10","38801364"
"chr17","55465112","55465422","chr10","75992215","75992529","40","20527103"
"chr17","55488035","55488334","chr4","16602824","16603130","14","38885211"
"chr17","55600243","55600527","chr4","16490517","16490801","11","39109726"
"chr17","55822150","55822426","chr16","50309902","50310180","40","5512248"
"chr17","55856375","55856686","chr4","16236031","16236344","19","39620344"
"chr17","55879761","55880039","chr5","1843002","1843271","50","54036759"
"chr17","55944620","55944929","chr4","16150081","16150389","22","39794539"
"chr17","55978654","55978965","chr4","16115229","16115539","8","39863425"
"chr17","56050263","56050566","chr4","16042638","16042946","12","40007625"
"chr17","56051179","56051289","chr4","16041916","16042026","3","40009263"
"chr17","56331327","56331603","chr4","15758234","15758517","19","40573093"
"chr17","56501912","56502197","chr4","15590240","15590530","13","40911672"
"chr17","56657812","56658048","chr4","15432873","15433105","12","41224939"
"chr17","56723729","56724025","chr4","15363578","15363886","23","41360151"
"chr17","56796517","56796792","chr4","15291231","15291515","16","41505286"
"chr17","56852716","56852995","chr4","15235150","15235453","28","41617566"
"chr17","56858475","56858642","chr4","15126602","15126760","47","41731873"
"chr17","56868010","56868328","chr4","15219259","15219554","33","41648751"
"chr17","56911791","56912080","chr4","15174468","15174765","19","41737323"
"chr17","56933558","56933739","chr4","15152527","15152708","4","41781031"
"chr17","56951635","56951945","chr4","15127279","15127588","24","41824356"
"chr17","56974437","56974735","chr3","48389210","48389510","41","8585227"
"chr17","56979141","56979369","chr4","15099108","15099334","8","41880033"
"chr17","56993067","56993368","chr4","15084097","15084395","15","41908970"
"chr17","57014647","57014929","chr2","152224666","152224949","38","95210019"
"chr17","57027167","57027315","chr4","15043966","15044090","25","41983201"
"chr17","57056188","57056507","chr4","15011825","15012147","8","42044363"
"chr17","57058439","57058699","chr4","15009618","15009893","26","42048821"
"chr17","57060723","57061002","chr4","15007598","15007898","32","42053125"
"chr17","57124673","57124920","chr4","14939889","14940136","5","42184784"
"chr17","57246306","57246471","chr10","53099814","53099975","35","4146492"
"chr17","57246768","57246827","chr5","89598423","89598483","13","32351655"
"chr17","57304306","57304596","chr4","14756777","14757063","14","42547529"
"chr17","57455284","57455577","chr4","14605184","14605475","14","42850100"
"chr17","57554956","57555238","chr6","16695793","16696073","48","40859163"
"chr17","57581002","57581300","chr10","71880315","71880618","33","14299313"
"chr17","57654013","57654116","chr4","14412868","14412972","3","43241145"
"chr17","57745044","57745336","chr4","14319019","14319325","21","43426025"
"chr17","57834775","57835085","chr4","14229304","14229617","19","43605471"
"chr17","57903433","57903720","chr4","14163648","14163935","7","43739785"
"chr17","57916328","57916666","chr4","14150869","14151180","39","43765459"
"chr17","57974476","57974771","chrX","21253751","21254039","50","36720725"
"chr17","57999558","57999871","chr4","14067392","14067671","39","43932166"
"chr17","58160547","58160832","chr12","13201205","13201488","38","44959342"
"chr17","58269409","58269719","chr12","6396661","6396970","39","51872748"
"chr17","58323489","58323787","chr4","13744883","13745183","22","44578606"
"chr17","58355313","58355464","chr4","13711274","13711425","5","44644039"
"chr17","58365090","58365393","chr14","11073665","11073976","36","47291425"
"chr17","58451897","58452197","chr4","13611743","13612043","6","44840154"
"chr17","58497010","58497200","chr4","13567292","13567475","15","44929718"
"chr17","58538692","58538980","chr20","48814271","48814554","45","9724421"
"chr17","58673176","58673470","chr4","13388901","13389198","16","45284275"
"chr17","58826417","58826719","chr1","42353131","42353436","39","16473286"
"chr17","58827016","58827214","chr7","159866864","159867061","25","101039848"
"chr17","58949357","58949650","chr4","13112331","13112625","10","45837026"
"chr17","59208319","59208487","chr1","125894544","125894713","30","66686225"
"chr17","59394414","59394695","chr4","12662795","12663106","38","46731619"
"chr17","59401898","59402179","chr4","12662795","12663106","38","46739103"
"chr17","59589925","59590230","chr4","12478283","12478584","11","47111642"
"chr17","59924802","59925094","chr13","123723843","123724136","38","63799041"
"chr17","60078511","60078818","chr4","11988422","11988716","22","48090089"
"chr17","60096169","60096388","chr7","41010620","41010838","41","19085549"
"chr17","60376324","60376614","chr3","161263764","161264053","44","100887440"
"chr17","60482250","60482374","chr4","68897616","68897740","19","8415366"
"chr17","60502237","60502373","chr4","11563608","11563748","6","48938629"
"chr17","60567121","60567193","chr4","11499916","11499998","13","49067205"
"chr17","60624570","60624860","chr7","19100666","19100960","35","41523904"
"chr17","60629638","60629923","chr4","11435294","11435578","15","49194344"
"chr17","60799273","60799554","chr4","11263961","11264271","41","49535312"
"chr17","60970661","60970966","chr16","63451959","63452267","40","2481298"
"chr17","60995863","60996122","chr4","11063872","11064139","17","49931991"
"chr17","61043222","61043514","chr4","11015408","11015700","12","50027814"
"chr17","61067599","61067887","chr15","36156612","36156900","47","24910987"
"chr17","61093296","61093591","chr4","10967897","10968191","7","50125399"
"chr17","61143862","61144152","chr4","10915552","10915846","10","50228310"
"chr17","61248653","61248953","chrX","25734220","25734518","33","35514433"
"chr17","61330244","61330552","chr4","10732517","10732828","17","50597727"
"chr17","61335015","61335280","chr4","10727691","10727971","26","50607324"
"chr17","61365330","61365626","chr4","10696867","10697161","16","50668463"
"chr17","61409088","61409386","chr4","10652602","10652899","7","50756486"
"chr17","61467798","61468089","chr10","63588806","63589095","31","2121008"
"chr17","61510370","61510520","chr3","44985113","44985255","30","16525257"
"chr17","61528352","61528659","chr4","10535673","10535977","22","50992679"
"chr17","61699520","61699822","chr4","10354402","10354682","42","51345118"
"chr17","61817420","61817713","chr8","128767639","128767935","58","66950219"
"chr17","61921919","61922214","chr13","38740103","38740404","43","23181816"
"chr17","62013259","62013546","chr4","10045644","10045951","34","51967615"
"chr17","62475028","62475320","chr4","9578566","9578858","8","52896462"
"chr17","62529626","62529786","chr2","44619091","44619259","25","17910535"
"chr17","62529816","62529913","chr11","109003926","109004022","23","46474110"
"chr17","62646439","62646750","chr4","9406587","9406889","16","53239852"
"chr17","62704742","62705048","chr4","9345977","9346277","23","53358765"
"chr17","62804256","62804385","chr6","174378395","174378524","11","111574139"
"chr17","62850111","62850410","chr4","9203151","9203445","15","53646960"
"chr17","63105552","63105810","chr4","8947375","8947646","23","54158177"
"chr17","63835383","63835674","chr4","8193661","8193954","18","55641722"
"chr17","63885910","63886012","chr3","50425623","50425722","25","13460287"
"chr17","64030195","64030497","chr4","7994084","7994390","14","56036111"
"chr17","64030512","64030803","chr4","7993779","7994069","12","56036733"
"chr17","64052957","64053280","chr4","7971590","7971913","31","56081367"
"chr17","64063125","64063418","chr4","7960926","7961216","17","56102199"
"chr17","64068349","64068636","chr4","7956104","7956392","7","56112245"
"chr17","64087785","64088071","chr4","7936658","7936944","13","56151127"
"chr17","64114654","64114964","chr4","7908831","7909139","11","56205823"
"chr17","64243917","64244207","chr4","7775559","7775849","5","56468358"
"chr17","64377202","64377508","chr2","176864663","176864968","53","112487461"
"chr17","64505367","64505679","chr4","7510673","7510951","42","56994694"
"chr17","64535552","64535845","chr4","7481354","7481647","12","57054198"
"chr17","64637254","64637550","chr4","7398832","7399133","13","57238422"
"chr17","64755564","64755889","chr4","7281174","7281489","41","57474390"
"chr17","64770605","64770719","chr15","54992606","54992718","17","9777999"
"chr17","64811915","64812222","chr4","7224399","7224687","35","57587516"
"chr17","64856687","64857003","chr5","33425370","33425686","47","31431317"
"chr17","65068900","65069199","chr4","6964421","6964726","19","58104479"
"chr17","65299548","65299846","chrX","25734220","25734518","41","39565328"
"chr17","65310825","65311125","chr4","6721075","6721379","25","58589750"
"chr17","65322180","65322436","chr17","26302944","26303193","37","39019236"
"chr17","65367869","65368152","chr16","66577538","66577819","33","1209669"
"chr17","65381223","65381554","chr8","20357819","20358136","60","45023404"
"chr17","65385936","65386232","chr1","27513704","27514001","42","37872232"
"chr17","65731701","65732006","chr4","6298036","6298318","33","59433665"
"chr17","65854403","65854713","chr9","93468594","93468896","41","27614191"
"chr17","66255343","66255653","chr13","47006560","47006862","42","19248783"
"chr17","66363265","66363559","chr4","5658870","5659164","15","60704395"
"chr17","66485955","66486184","chr4","5535252","5535480","14","60950703"
"chr17","66643333","66643617","chr4","5379098","5379382","11","61264235"
"chr17","66717789","66718068","chr4","5301164","5301470","37","61416625"
"chr17","66815794","66816088","chr4","5200057","5200357","21","61615737"
"chr17","66823201","66823501","chr4","5192766","5193070","15","61630435"
"chr17","66853522","66853822","chr7","38293232","38293539","36","28560290"
"chr17","67117400","67117700","chr4","4894554","4894853","25","62222846"
"chr17","67287346","67287656","chr4","4678481","4678789","9","62608865"
"chr17","67432438","67432612","chr4","4533876","4534048","4","62898562"
"chr17","67448149","67448453","chr7","108368216","108368506","57","40920067"
"chr17","67747477","67747755","chr4","4214560","4214846","10","63532917"
"chr17","68029064","68029361","chr4","3928322","3928632","23","64100742"
"chr17","68057107","68057397","chr4","3899573","3899869","18","64157534"
"chr17","68167889","68168191","chr4","3785915","3786214","10","64381974"
"chr17","68184960","68185265","chr15","41389959","41390266","36","26795001"
"chr17","68293399","68293700","chr4","3651350","3651641","24","64642049"
"chr17","68305447","68305555","chr4","3638567","3638675","2","64666880"
"chr17","68558071","68558264","chr4","3394724","3394917","9","65163347"
"chr17","68705048","68705356","chr4","3246650","3246962","17","65458398"
"chr17","68924359","68924625","chr3","44099084","44099346","45","24825275"
"chr17","68966862","68967192","chr1","204246905","204247206","80","135280043"
"chr17","68994156","68994367","chr2","43322228","43322454","40","25671928"
"chr17","69039984","69040274","chr4","2917121","2917410","6","66122863"
"chr17","69167462","69167756","chr4","2781726","2782026","15","66385736"
"chr17","69220271","69220409","chr10","79289103","79289241","21","10068832"
"chr17","69233812","69233980","chr5","102388657","102388812","34","33154845"
"chr17","69467381","69467677","chr4","2493395","2493693","15","66973986"
"chr17","69477290","69477593","chr4","2483464","2483752","27","66993826"
"chr17","69501621","69501916","chr4","2458483","2458779","14","67043138"
"chr17","69603410","69603700","chr4","2350580","2350869","9","67252830"
"chr17","69778867","69779146","chr10","16802404","16802682","18","52976463"
"chr17","69815976","69816203","chr10","16764773","16764982","24","53051203"
"chr17","69966986","69967298","chr4","2036924","2037242","16","67930062"
"chr17","70184837","70185124","chr4","1821236","1821522","5","68363601"
"chr17","70379012","70379189","chr9","92252606","92252780","28","21873594"
"chr17","70490897","70491159","chr4","1513813","1514080","11","68977084"
"chr17","70763045","70763342","chrX","19286201","19286496","37","51476844"
"chr17","71047809","71048100","chr4","951546","951841","16","70096263"
"chr17","71049490","71049788","chr5","35697778","35698076","37","35351712"
"chr17","71273185","71273495","chr4","739484","739788","22","70533701"
"chr17","71303205","71303525","chr4","709793","710112","23","70593412"
"chr17","71381473","71381770","chr4","632018","632310","23","70749455"
"chr17","71709501","71709692","chr3","71744862","71745051","34","35361"
"chr17","71743554","71743721","chr6","63766282","63766446","34","7977272"
"chr17","71773369","71773643","chr4","233070","233327","26","71540299"
"chr18","59375543","59375851","chr18","13197614","13197922","8","46177929"
"chr18","250153","250454","chr18","71919855","71920156","9","71669702"
"chr18","302994","303211","chr19","27630272","27630490","62","27327278"
"chr18","307645","307944","chr18","71858939","71859238","4","71551294"
"chr18","324174","324482","chr18","71840752","71841059","12","71516578"
"chr18","331409","331705","chr18","71833120","71833415","11","71501711"
"chr18","478915","479222","chr18","71677708","71678015","17","71198793"
"chr18","488542","488839","chr8","93313106","93313401","37","92824564"
"chr18","776470","776622","chr18","71366227","71366380","5","70589757"
"chr18","836972","837260","chr18","71303236","71303544","29","70466264"
"chr18","931984","932083","chr18","71204505","71204603","3","70272521"
"chr18","966278","966578","chr19","5664314","5664618","61","4698036"
"chr18","997571","997876","chr18","71138744","71139049","16","70141173"
"chr18","1257553","1257684","chr18","70868466","70868597","4","69610913"
"chr18","1824906","1825204","chr18","70293270","70293568","9","68468364"
"chr18","1840258","1840566","chr18","70277950","70278251","41","68437692"
"chr18","2137675","2137990","chr18","69976350","69976652","31","67838675"
"chr18","2488975","2489129","chr7","42606545","42606698","29","40117570"
"chr18","2587018","2587172","chr18","69558971","69559125","5","66971953"
"chr18","2952443","2952741","chr18","69139447","69139748","11","66187004"
"chr18","2982604","2982896","chr18","69109691","69109982","4","66127087"
"chr18","3090719","3091016","chr18","69001091","69001395","15","65910372"
"chr18","3143659","3143958","chr18","68946225","68946527","8","65802566"
"chr18","3144874","3145157","chr18","68945020","68945307","10","65800146"
"chr18","3167048","3167343","chr18","68924660","68924952","16","65757612"
"chr18","3219388","3219670","chrX","96267872","96268151","40","93048484"
"chr18","3284701","3284994","chr18","68796210","68796496","16","65511509"
"chr18","3352327","3352641","chr18","68729004","68729309","14","65376677"
"chr18","3402308","3402608","chr14","107950262","107950560","38","104547954"
"chr18","3421158","3421213","chr1","142279794","142279841","15","138858636"
"chr18","3421523","3421696","chr9","40214036","40214205","29","36792513"
"chr18","3427319","3427619","chr18","68658250","68658550","13","65230931"
"chr18","3804167","3804471","chrX","28745828","28746133","40","24941661"
"chr18","3829129","3829424","chr18","68260286","68260592","21","64431157"
"chr18","3883347","3883665","chr6","140619833","140620146","44","136736486"
"chr18","4042008","4042284","chr18","68038614","68038891","9","63996606"
"chr18","4136412","4136717","chr9","121604130","121604431","44","117467718"
"chr18","4598865","4599058","chr3","71744862","71745051","35","67145997"
"chr18","4919091","4919207","chr15","2185236","2185358","16","2733855"
"chr18","5166319","5166605","chr18","66914376","66914662","5","61748057"
"chr18","5571716","5572030","chr18","66494167","66494478","26","60922451"
"chr18","5700983","5701283","chr18","66364653","66364960","34","60663670"
"chr18","5788682","5788976","chr18","66276564","66276863","13","60487882"
"chr18","5910335","5910647","chr20","27318388","27318698","40","21408053"
"chr18","6331233","6331542","chr18","65730729","65731025","24","59399496"
"chr18","6630567","6630823","chr10","21216527","21216778","47","14585960"
"chr18","6826566","6826726","chr5","130050020","130050176","22","123223454"
"chr18","6841048","6841334","chr18","65207126","65207395","34","58366078"
"chr18","6923152","6923370","chr18","65127452","65127694","33","58204300"
"chr18","6939539","6939829","chr11","108027697","108027986","38","101088158"
"chr18","8218922","8219205","chr15","97061406","97061689","42","88842484"
"chr18","8463946","8464245","chr18","63597749","63598053","19","55133803"
"chr18","8490620","8490945","chr18","63571050","63571382","18","55080430"
"chr18","8515409","8515687","chr18","63544877","63545156","3","55029468"
"chr18","8551515","8551834","chr18","63508406","63508718","16","54956891"
"chr18","8806292","8806586","chr9","118511614","118511893","53","109705322"
"chr18","8987271","8987482","chr4","25733321","25733536","42","16746050"
"chr18","9066896","9067285","chr6","149281532","149281889","97","140214636"
"chr18","9155841","9156151","chr18","62882454","62882762","14","53726613"
"chr18","9212276","9212562","chr18","62830305","62830589","21","53618029"
"chr18","9380319","9380625","chr18","62662101","62662409","13","53281782"
"chr18","9822321","9822483","chr11","117505275","117505437","32","107682954"
"chr18","9822841","9822856","chr9","32916732","32916748","5","23093891"
"chr18","10344400","10344645","chr18","61701729","61701974","8","51357329"
"chr18","10433026","10433329","chr18","61598706","61599008","12","51165680"
"chr18","10727599","10727915","chr18","61312178","61312500","18","50584579"
"chr18","11401178","11401472","chr18","60822050","60822326","37","49420872"
"chr18","11547525","11547621","chr18","60678213","60678309","3","49130688"
"chr18","11571921","11572226","chr18","60653502","60653807","6","49081581"
"chr18","11591083","11591391","chr11","97936751","97937052","67","86345668"
"chr18","11828623","11828947","chr18","60219217","60219524","26","48390594"
"chr18","12356430","12356728","chr18","59687740","59688043","16","47331310"
"chr18","12613210","12613504","chr18","59424274","59424583","32","46811064"
"chr18","12776247","12776559","chr18","59261082","59261397","17","46484835"
"chr18","12784950","12785264","chr16","23674779","23675090","58","10889829"
"chr18","12986490","12986757","chr18","59043887","59044154","4","46057397"
"chr18","13289332","13289620","chr18","58778357","58778664","25","45489025"
"chr18","13537131","13537437","chr18","58523042","58523346","13","44985911"
"chr18","13986668","13986811","chr2","1470791","1470932","23","12515877"
"chr18","14864646","14864943","chr18","57188888","57189185","8","42324242"
"chr18","15168750","15169040","chrX","90750093","90750394","28","75581343"
"chr18","15216909","15217199","chr1","201835956","201836248","42","186619047"
"chr18","15300757","15301068","chr18","56756082","56756393","7","41455325"
"chr18","15959064","15959355","chr18","56086775","56087066","16","40127711"
"chr18","16304673","16304998","chr9","76551466","76551787","44","60246793"
"chr18","16322503","16322798","chr18","55706298","55706587","15","39383795"
"chr18","16345959","16346174","chr16","52164719","52164944","33","35818760"
"chr18","16376978","16377287","chr13","102196636","102196939","41","85819658"
"chr18","16419103","16419389","chr18","55609926","55610214","9","39190823"
"chr18","16432884","16433181","chr18","55596075","55596374","10","39163191"
"chr18","16554153","16554447","chr18","55480731","55481002","35","38926578"
"chr18","16862982","16863273","chr5","90407930","90408224","43","73544948"
"chr18","16924215","16924525","chr18","55107555","55107865","9","38183340"
"chr18","16951616","16951922","chr18","55079711","55080021","10","38128095"
"chr18","16971987","16972301","chr18","55057548","55057860","7","38085561"
"chr18","17052497","17052688","chr10","30496245","30496425","49","13443748"
"chr18","17239619","17239929","chr16","23080323","23080629","37","5840704"
"chr18","17363172","17363478","chr18","54673090","54673396","7","37309918"
"chr18","17682639","17682834","chr18","54361148","54361344","5","36678509"
"chr18","17836918","17837176","chr18","54200188","54200444","9","36363270"
"chr18","18063371","18063678","chr12","59722960","59723268","44","41659589"
"chr18","18306730","18307021","chr18","53722440","53722731","9","35415710"
"chr18","18552165","18552341","chr10","14229756","14229940","31","4322409"
"chr18","18623710","18624006","chr18","53399911","53400210","9","34776201"
"chr18","18637123","18637419","chr18","53385311","53385607","11","34748188"
"chr18","18716891","18717184","chr18","53294847","53295141","14","34577956"
"chr18","19132770","19133075","chr18","52852132","52852434","13","33719362"
"chr18","19409105","19409411","chr18","52579766","52580072","9","33170661"
"chr18","19536893","19537027","chr18","52447427","52447561","1","32910534"
"chr18","19636856","19637100","chr18","52345269","52345529","28","32708413"
"chr18","19886525","19886853","chr18","52083231","52083553","14","32196706"
"chr18","20040933","20041196","chr18","51916046","51916312","12","31875113"
"chr18","20048478","20048784","chr18","51908763","51909075","15","31860285"
"chr18","20086731","20086890","chr9","109960961","109961120","21","89874230"
"chr18","20087200","20087213","chr9","32916732","32916748","9","12829532"
"chr18","20110675","20110989","chr7","119965774","119966071","64","99855099"
"chr18","20242855","20243168","chr18","51710799","51711108","10","31467944"
"chr18","20347218","20347496","chr18","51610891","51611171","11","31263673"
"chr18","20519735","20520000","chr18","51440275","51440537","18","30920540"
"chr18","20543666","20543962","chr18","51415804","51416094","28","30872138"
"chr18","20574511","20574669","chr18","51384966","51385124","2","30810455"
"chr18","20689116","20689427","chr18","51263469","51263778","15","30574353"
"chr18","20850062","20850347","chr18","51100677","51100963","7","30250615"
"chr18","20859682","20859983","chr18","51091027","51091328","6","30231345"
"chr18","20879214","20879527","chr5","148395863","148396179","70","127516649"
"chr18","20913255","20913554","chr18","51035406","51035712","14","30122151"
"chr18","20915694","20915879","chr1","127998511","127998699","23","107082817"
"chr18","20986621","20986918","chr18","50957166","50957458","11","29970545"
"chr18","21066669","21066970","chr12","39915072","39915374","37","18848403"
"chr18","21082639","21082989","chr18","50860863","50861213","13","29778224"
"chr18","21353139","21353452","chr3","169996129","169996444","47","148642990"
"chr18","21664014","21664308","chr7","38962613","38962910","36","17298599"
"chr18","21850159","21850466","chr18","50088472","50088776","9","28238313"
"chr18","21968229","21968519","chr12","50117791","50118083","40","28149562"
"chr18","21995293","21995588","chr18","49944399","49944694","10","27949106"
"chr18","22050137","22050441","chr18","49890578","49890883","8","27840441"
"chr18","22083871","22084169","chr18","49857331","49857629","9","27773460"
"chr18","22121526","22121809","chr15","97061406","97061689","37","74939880"
"chr18","22253613","22253916","chr18","49686859","49687158","6","27433246"
"chr18","22353814","22354112","chr5","174041357","174041657","38","151687543"
"chr18","22638633","22638930","chr18","49294923","49295214","10","26656290"
"chr18","22799703","22799997","chr1","185110687","185110982","29","162310984"
"chr18","22799998","22800095","chr15","59424051","59424145","16","36624053"
"chr18","22878705","22879009","chr18","49050424","49050728","7","26171719"
"chr18","22938646","22938917","chr18","48990179","48990450","6","26051533"
"chr18","23034285","23034568","chr18","48897234","48897517","13","25862949"
"chr18","23065808","23066097","chr3","14918275","14918555","51","8147533"
"chr18","23149048","23149306","chr18","48773366","48773657","42","25624318"
"chr18","23865287","23865580","chr18","48046364","48046642","18","24181077"
"chr18","23953541","23953842","chr18","47957641","47957947","10","24004100"
"chr18","23963814","23964131","chr18","47946987","47947316","28","23983173"
"chr18","23970288","23970589","chr18","47939852","47940149","13","23969564"
"chr18","24059790","24060096","chr1","30633298","30633608","38","6573508"
"chr18","24079372","24079655","chr18","47830888","47831187","21","23751516"
"chr18","24248036","24248245","chr18","47657780","47657990","4","23409744"
"chr18","24625231","24625515","chr18","47282525","47282832","37","22657294"
"chr18","24882734","24882917","chr18","47020615","47020803","12","22137881"
"chr18","26676778","26676960","chr18","46516546","46516727","5","19839768"
"chr18","26679490","26679800","chr18","46513191","46513498","8","19833701"
"chr18","26684192","26684494","chr7","111544753","111545056","35","84860561"
"chr18","26727461","26727657","chr9","75763059","75763246","29","49035598"
"chr18","27067217","27067524","chr18","46083133","46083440","10","19015916"
"chr18","27295836","27296125","chr18","45824566","45824857","9","18528730"
"chr18","27616590","27616875","chr16","8975735","8976029","45","18640855"
"chr18","28162220","28162496","chr18","44899731","44900020","31","16737511"
"chr18","28267095","28267429","chr18","44801140","44801447","39","16534045"
"chr18","29340854","29341146","chr18","43698704","43698992","11","14357850"
"chr18","29556614","29556893","chr8","94324615","94324894","36","64768001"
"chr18","29655764","29656060","chr18","43378830","43379122","9","13723066"
"chr18","29806540","29806826","chr18","43230064","43230348","15","13423524"
"chr18","29880173","29880433","chr18","43156409","43156669","11","13276236"
"chr18","30071516","30071828","chr18","42958629","42958957","26","12887113"
"chr18","30081286","30081595","chr18","42948522","42948832","8","12867236"
"chr18","30083043","30083340","chr18","42946782","42947079","8","12863739"
"chr18","30114878","30115173","chr18","42913138","42913433","10","12798260"
"chr18","30122091","30122403","chr8","52443386","52443692","43","22321295"
"chr18","30150163","30150472","chr18","42877140","42877449","5","12726977"
"chr18","30189744","30190028","chr19","31963615","31963898","34","1773871"
"chr18","30410064","30410357","chr18","42617491","42617785","5","12207427"
"chr18","30425817","30426116","chr18","42592891","42593189","9","12167074"
"chr18","30561707","30561859","chr18","42453775","42453929","7","11892068"
"chr18","30664327","30664604","chr18","42351089","42351368","9","11686762"
"chr18","31073528","31073839","chr18","41939383","41939697","16","10865855"
"chr18","31214277","31214484","chr18","41797849","41798057","6","10583572"
"chr18","31308080","31308377","chr12","8331549","8331844","36","22976531"
"chr18","31310319","31310608","chr18","41697640","41697935","17","10387321"
"chr18","31703339","31703576","chr18","41300299","41300542","10","9596960"
"chr18","31751708","31752009","chr18","41253368","41253669","6","9501660"
"chr18","31930617","31930928","chr18","41064044","41064355","8","9133427"
"chr18","32030884","32031183","chr4","56245215","56245513","36","24214331"
"chr18","32036498","32036795","chr18","40956883","40957198","26","8920385"
"chr18","32320099","32320405","chr18","40669772","40670079","11","8349673"
"chr18","32397302","32397588","chr18","40588806","40589090","9","8191504"
"chr18","32651379","32651687","chr18","40316869","40317173","11","7665490"
"chr18","33765907","33766073","chr7","76130615","76130782","31","42364708"
"chr18","33861149","33861289","chr18","39085942","39086082","2","5224793"
"chr18","33877675","33877971","chr18","39069087","39069355","32","5191412"
"chr18","33943603","33943888","chr18","38995537","38995822","5","5051934"
"chr18","33960456","33960742","chr2","101505214","101505498","53","67544758"
"chr18","33962710","33963021","chr18","38976167","38976478","13","5013457"
"chr18","34139277","34139582","chr18","38799792","38800094","9","4660515"
"chr18","34170460","34170753","chr18","38768927","38769219","12","4598467"
"chr18","34217523","34217834","chr18","38721921","38722211","34","4504398"
"chr18","34650375","34650677","chr18","38287357","38287656","8","3636982"
"chr18","34683085","34683399","chr7","85572390","85572679","64","50889305"
"chr18","34710456","34710667","chr1","3671483","3671698","31","31038973"
"chr18","34715991","34716290","chr18","38217646","38217945","14","3501655"
"chr18","34716306","34716425","chr18","38217509","38217630","10","3501203"
"chr18","34725932","34726238","chr18","38212317","38212607","26","3486385"
"chr18","34730835","34731134","chr18","38207610","38207909","12","3476775"
"chr18","34753848","34753993","chr18","38184267","38184412","5","3430419"
"chr18","34780674","34780980","chr18","38158328","38158621","34","3377654"
"chr18","34791448","34791749","chr18","38147404","38147705","17","3355956"
"chr18","34792655","34792973","chr18","38146188","38146494","21","3353533"
"chr18","34859495","34859802","chr18","38085162","38085469","9","3225667"
"chr18","34929783","34930078","chr18","38012991","38013283","27","3083208"
"chr18","34935275","34935570","chr18","38007519","38007814","5","3072244"
"chr18","35081989","35082276","chr18","37849307","37849626","44","2767318"
"chr18","35156181","35156501","chr18","37772835","37773138","29","2616654"
"chr18","35275562","35275840","chr18","37653945","37654227","13","2378383"
"chr18","35315344","35315636","chr18","37613667","37613962","20","2298323"
"chr18","35737715","35738016","chr18","37189859","37190155","10","1452144"
"chr18","35788381","35788691","chr13","24299174","24299481","43","11489207"
"chr18","36187451","36187734","chr18","36735505","36735788","12","548054"
"chr18","36292162","36292448","chr18","36629100","36629386","10","336938"
"chr18","36347371","36347678","chr18","36573774","36574085","16","226403"
"chr18","36477435","36477726","chr18","36445509","36445804","16","31926"
"chr18","36498150","36498411","chr18","36425139","36425407","15","73011"
"chr18","36524386","36524688","chr18","36392693","36392991","6","131693"
"chr18","36846820","36847137","chr18","36048981","36049280","28","797839"
"chr18","36863558","36863855","chr18","36031717","36032028","37","831841"
"chr18","36933205","36933515","chr18","35961264","35961574","16","971941"
"chr18","37045532","37045750","chr18","35843175","35843403","14","1202357"
"chr18","37055013","37055305","chr18","35833644","35833929","18","1221369"
"chr18","37159661","37159977","chr18","35707886","35708198","9","1451775"
"chr18","37904867","37905143","chr18","34926396","34926674","13","2978471"
"chr18","37968195","37968292","chr19","12405794","12405896","24","25562401"
"chr18","38468189","38468490","chr18","34359450","34359751","14","4108739"
"chr18","38746769","38747052","chr18","34080482","34080780","29","4666287"
"chr18","38754041","38754338","chr18","34072697","34073004","23","4681344"
"chr18","38760290","38760597","chr18","34066478","34066789","12","4693812"
"chr18","39031205","39031504","chr18","33790907","33791201","17","5240298"
"chr18","39353457","39353749","chr9","26245240","26245537","42","13108217"
"chr18","40039871","40040169","chr18","32768190","32768488","6","7271681"
"chr18","40353306","40353596","chr18","32453825","32454119","17","7899481"
"chr18","40485573","40485879","chr18","32322442","32322745","8","8163131"
"chr18","40492144","40492452","chr18","32315891","32316197","17","8176253"
"chr18","40737445","40737732","chr18","32079303","32079607","33","8658142"
"chr18","40738746","40739052","chr12","40189788","40190097","41","548958"
"chr18","40816209","40816505","chr18","32002911","32003219","30","8813298"
"chr18","40841067","40841355","chr18","31977740","31978026","15","8863327"
"chr18","40868380","40868686","chr6","121652753","121653053","52","80784373"
"chr18","40938428","40938729","chr18","31879629","31879937","23","9058799"
"chr18","41563781","41564078","chr18","31233882","31234193","27","10329899"
"chr18","42821259","42821587","chr11","117708438","117708766","54","74887179"
"chr18","43067692","43067964","chr18","29722284","29722558","10","13345408"
"chr18","43382621","43382926","chr18","29409131","29409423","31","13973490"
"chr18","43707416","43707698","chr10","77350859","77351141","41","33643443"
"chr18","43711943","43712240","chr18","29079358","29079656","3","14632585"
"chr18","43817716","43817956","chr18","28971014","28971254","2","14846702"
"chr18","44260805","44261201","chr11","110936178","110936522","139","66675373"
"chr18","44746143","44746434","chr18","28011827","28012101","32","16734316"
"chr18","44790233","44790523","chr18","27966372","27966658","6","16823861"
"chr18","44820237","44820589","chrX","117403097","117403424","69","72582860"
"chr18","44823773","44824079","chr18","27933279","27933585","10","16890494"
"chr18","44859989","44860297","chr18","27892993","27893270","36","16966996"
"chr18","45259332","45259572","chr18","27477745","27478003","33","17781587"
"chr18","45456044","45456271","chr18","27285026","27285255","6","18171018"
"chr18","45600351","45600644","chr18","27134084","27134383","10","18466267"
"chr18","45602772","45603025","chr18","27131709","27131958","12","18471063"
"chr18","46078097","46078388","chr18","26651613","26651904","7","19426484"
"chr18","46783161","46783417","chr5","35824220","35824476","35","10958941"
"chr18","47186430","47186709","chr18","25548611","25548916","41","21637819"
"chr18","47345009","47345301","chr18","25385294","25385587","10","21959715"
"chr18","47553204","47553497","chr18","25179285","25179589","25","22373919"
"chr18","47645333","47645619","chr18","25088545","25088851","36","22556788"
"chr18","48188968","48189282","chr18","24521367","24521679","15","23667601"
"chr18","48407004","48407300","chr18","24302745","24303036","15","24104259"
"chr18","48475617","48475793","chr18","24229321","24229483","17","24246296"
"chr18","48628485","48628794","chr18","24074618","24074926","6","24553867"
"chr18","48692144","48692471","chr5","170750495","170750824","60","122058351"
"chr18","48698129","48698230","chr14","61802851","61802940","30","13104722"
"chr18","48698537","48698718","chr6","125808305","125808485","26","77109768"
"chr18","48713208","48713556","chr18","23984852","23985203","15","24728356"
"chr18","48714662","48714951","chr11","117340747","117341033","40","68626085"
"chr18","48784026","48784325","chr18","23915698","23915991","18","24868328"
"chr18","48785319","48785621","chr18","23914410","23914708","13","24870909"
"chr18","48830290","48830599","chr7","77423406","77423715","49","28593116"
"chr18","49032486","49032757","chr18","23664726","23664997","8","25367760"
"chr18","49079005","49079230","chr18","23618495","23618710","18","25460510"
"chr18","49092800","49092930","chr18","23604844","23604974","10","25487956"
"chr18","49222793","49223091","chr18","23476282","23476573","17","25746511"
"chr18","49273009","49273310","chr18","23431942","23432242","15","25841067"
"chr18","49480939","49481228","chr18","23217109","23217396","19","26263830"
"chr18","49684904","49685196","chr8","25409576","25409869","38","24275328"
"chr18","49692734","49693033","chr18","23004940","23005243","15","26687794"
"chr18","49735106","49735416","chr18","22962340","22962657","14","26772766"
"chr18","50139300","50139577","chr1","185490436","185490721","48","135351136"
"chr18","50287723","50288005","chr18","22348583","22348870","18","27939140"
"chr18","50322749","50323043","chr18","22313338","22313645","22","28009411"
"chr18","50518684","50518999","chr18","22107575","22107890","16","28411109"
"chr18","50621769","50622041","chr18","21993618","21993887","16","28628151"
"chr18","50637244","50637530","chr18","21979431","21979718","9","28657813"
"chr18","50719769","50720090","chr12","78351215","78351536","42","27631446"
"chr18","50762473","50762801","chr16","22081615","22081922","61","28680858"
"chr18","50794492","50794805","chr4","41483568","41483877","65","9310924"
"chr18","50850938","50851107","chr18","21758428","21758600","8","29092510"
"chr18","51043340","51043668","chr18","21558997","21559326","21","29484343"
"chr18","51092428","51092709","chr15","97061406","97061689","39","45968978"
"chr18","51322313","51322598","chr18","21302879","21303164","9","30019434"
"chr18","51348848","51349075","chr1","29128515","29128745","45","22220333"
"chr18","51401026","51401317","chr18","21224572","21224879","34","30176454"
"chr18","51957987","51958009","chr9","32916732","32916748","14","19041255"
"chr18","51958083","51958324","chr18","20674050","20674312","29","31284033"
"chr18","52350207","52350372","chr18","20277412","20277578","7","32072795"
"chr18","52367725","52368034","chr18","20259264","20259575","16","32108461"
"chr18","52692037","52692342","chr18","19930061","19930371","13","32761976"
"chr18","52739562","52739861","chr1","206178037","206178326","49","153438475"
"chr18","52896499","52896800","chr18","19727851","19728148","15","33168648"
"chr18","53116234","53116512","chr10","28458749","28459032","46","24657485"
"chr18","53299264","53299519","chr10","84583903","84584162","44","31284639"
"chr18","53321243","53321549","chr1","27006519","27006818","43","26314724"
"chr18","53374504","53374796","chr18","19250071","19250356","15","34124433"
"chr18","53779384","53779686","chr18","18828815","18829101","32","34950569"
"chr18","54267096","54267396","chr18","18338874","18339174","11","35928222"
"chr18","54321325","54321626","chr18","18284001","18284275","31","36037324"
"chr18","54369882","54370175","chr18","18244657","18244949","16","36125225"
"chr18","54371257","54371550","chrX","51041887","51042179","33","3329370"
"chr18","54390931","54391217","chr18","18222246","18222532","6","36168685"
"chr18","54391990","54392165","chr8","100191307","100191488","25","45799317"
"chr18","54392203","54392326","chr15","101930394","101930517","15","47538191"
"chr18","54437632","54437933","chr18","18173968","18174270","9","36263664"
"chr18","54451149","54451436","chr14","7102775","7103056","51","47348374"
"chr18","54797678","54797973","chr18","17823907","17824205","15","36973771"
"chr18","54998578","54998839","chr1","152089940","152090208","44","97091362"
"chr18","55139161","55139466","chr18","17489445","17489740","28","37649716"
"chr18","55277674","55277971","chr18","17351128","17351419","15","37926546"
"chr18","55329813","55330090","chr18","17299296","17299572","16","38030517"
"chr18","55403901","55404200","chrX","19196519","19196813","36","36207382"
"chr18","55483496","55483832","chr16","45145058","45145389","51","10338438"
"chr18","56010971","56011272","chr18","16613335","16613642","18","39397636"
"chr18","56146350","56146621","chr14","122341992","122342271","39","66195642"
"chr18","56244588","56244896","chr18","16378689","16378999","34","39865899"
"chr18","56305452","56305755","chr18","16317024","16317330","16","39988428"
"chr18","56316148","56316457","chr9","54721483","54721784","38","1594665"
"chr18","56339517","56339814","chr18","16283072","16283369","16","40056445"
"chr18","56347440","56347740","chr18","16275281","16275581","12","40072159"
"chr18","56361305","56361599","chr18","16261400","16261699","17","40099905"
"chr18","56463626","56463915","chr18","16161283","16161580","12","40302343"
"chr18","56857391","56857696","chr18","15764025","15764328","14","41093366"
"chr18","56867945","56868146","chr15","35680402","35680600","29","21187543"
"chr18","56869104","56869217","chr11","29930754","29930867","19","26938350"
"chr18","56873563","56873652","chr6","17112044","17112129","23","39761519"
"chr18","56873664","56873966","chr18","15746654","15746958","21","41127010"
"chr18","56905155","56905460","chr18","15714975","15715275","23","41190180"
"chr18","56991618","56991832","chr18","15627876","15628091","10","41363742"
"chr18","57097408","57097508","chr18","18706330","18706415","27","38391078"
"chr18","57342621","57342929","chr18","15268750","15269033","32","42073871"
"chr18","57353094","57353403","chr18","15258120","15258429","10","42094974"
"chr18","57353439","57353736","chr18","15257785","15258084","24","42095654"
"chr18","57449164","57449295","chr13","77378190","77378321","17","19929026"
"chr18","57449607","57449781","chr8","133584197","133584372","37","76134590"
"chr18","57462478","57462774","chr7","137072691","137072988","56","79610213"
"chr18","57486269","57486485","chr18","15133986","15134187","30","42352283"
"chr18","57488335","57488632","chr18","15131537","15131838","14","42356798"
"chr18","57504988","57505283","chr18","15112549","15112858","23","42392439"
"chr18","57554060","57554366","chr6","172177218","172177517","39","114623158"
"chr18","57652534","57652825","chr18","14955441","14955733","8","42697093"
"chr18","57677825","57678134","chr18","14930314","14930604","24","42747511"
"chr18","57790766","57791058","chr18","14813275","14813572","14","42977491"
"chr18","58116577","58116879","chr18","14483626","14483923","11","43632951"
"chr18","58252892","58253200","chr7","15835638","15835945","40","42417254"
"chr18","58388483","58388671","chr18","14201833","14202021","9","44186650"
"chr18","58502600","58502909","chr18","14084438","14084736","21","44418162"
"chr18","58519150","58519430","chr13","69476847","69477118","50","10957697"
"chr18","58652527","58652837","chr18","13925913","13926223","13","44726614"
"chr18","58770584","58770860","chr16","29660575","29660855","43","29110009"
"chr18","58779216","58779507","chr18","13809338","13809629","6","44969878"
"chr18","58800155","58800460","chr18","13770416","13770723","11","45029739"
"chr18","58830538","58830831","chr6","50641836","50642130","39","8188702"
"chr18","58851329","58851615","chr10","27594987","27595275","31","31256342"
"chr18","58868025","58868328","chr18","13697727","13698031","7","45170298"
"chr18","58882318","58882627","chr18","13684327","13684639","13","45197991"
"chr18","58908518","58908802","chr18","13657678","13657962","9","45250840"
"chr18","59060248","59060548","chr18","13507341","13507645","19","45552907"
"chr18","59090182","59090334","chr6","74954433","74954572","29","15864251"
"chr18","59101341","59101530","chr5","129275158","129275347","23","70173817"
"chr18","59144057","59144366","chr18","13421669","13421973","12","45722388"
"chr18","59261765","59262057","chr18","13306179","13306483","20","45955586"
"chr18","59292157","59292459","chr1","42353131","42353436","39","16939026"
"chr18","59352389","59352709","chr18","13221896","13222214","33","46130493"
"chr18","59355644","59355892","chr18","13218384","13218632","8","46137260"
"chr18","59357813","59358118","chr18","13216163","13216468","7","46141650"
"chr18","59418293","59418598","chr18","13154155","13154463","16","46264138"
"chr18","59516737","59516904","chr18","13053598","13053782","23","46463139"
"chr18","59530623","59530932","chr18","13038941","13039254","19","46491682"
"chr18","59885806","59886050","chr18","12679863","12680106","9","47205943"
"chr18","60011485","60011780","chr18","12552630","12552925","16","47458855"
"chr18","60057550","60057850","chr5","89790852","89791150","38","29733302"
"chr18","60092608","60092892","chr10","46479550","46479837","40","13613058"
"chr18","60125692","60125988","chr18","12437223","12437523","12","47688469"
"chr18","60149004","60149281","chr18","12411840","12412127","20","47737164"
"chr18","60177606","60177912","chr18","12383296","12383602","15","47794310"
"chr18","60571527","60571833","chr18","11984271","11984570","29","48587256"
"chr18","61112326","61112623","chr18","11422947","11423247","16","49689379"
"chr18","61333903","61334182","chr18","11192818","11193115","24","50141085"
"chr18","61719138","61719439","chr18","10803960","10804263","7","50915178"
"chr18","61722520","61722829","chr1","136342934","136343229","40","74620414"
"chr18","61754910","61755215","chr18","10765649","10765953","10","50989261"
"chr18","61845653","61845960","chr18","10681727","10682034","19","51163926"
"chr18","61857616","61857915","chr18","10670134","10670434","9","51187482"
"chr18","62061922","62062207","chr18","10459957","10460241","7","51601965"
"chr18","62073620","62073922","chr18","10448388","10448682","19","51625232"
"chr18","62172481","62172778","chr18","10353193","10353491","20","51819288"
"chr18","62284665","62284955","chr1","211953747","211954046","51","149669082"
"chr18","62284980","62285282","chr10","66302104","66302397","38","4017124"
"chr18","62347553","62347790","chr18","10177832","10178069","9","52169721"
"chr18","62474203","62474493","chr10","27594987","27595275","36","34879216"
"chr18","62543576","62543904","chr18","9977334","9977626","42","52566242"
"chr18","62589546","62589836","chr1","38259809","38260102","42","24329737"
"chr18","62659099","62659420","chr18","9861636","9861953","29","52797463"
"chr18","62675554","62675869","chr10","20475942","20476247","43","42199612"
"chr18","62709254","62709554","chr18","9810570","9810878","23","52898684"
"chr18","62724075","62724401","chr18","9795344","9795669","13","52928731"
"chr18","62741519","62741800","chr18","9777868","9778149","8","52963651"
"chr18","62759954","62760255","chr18","9759208","9759508","12","53000746"
"chr18","62786749","62787053","chr18","9732137","9732457","27","53054612"
"chr18","62931322","62931634","chr18","9586349","9586637","35","53344973"
"chr18","62942393","62942534","chr18","9574737","9574878","4","53367656"
"chr18","62994345","62994633","chr18","9516846","9517140","30","53477499"
"chr18","63033618","63033864","chr18","9477542","9477786","9","53556076"
"chr18","63044721","63045004","chr20","57239532","57239814","37","5805189"
"chr18","63080677","63080974","chr18","9430236","9430531","10","53650441"
"chr18","63266771","63267060","chr18","9244319","9244616","13","54022452"
"chr18","64052372","64052618","chr18","8447628","8447900","34","55604744"
"chr18","64392269","64392563","chr18","8099077","8099371","6","56293192"
"chr18","64605897","64606179","chr18","7884487","7884769","5","56721410"
"chr18","65362913","65363227","chr18","7102315","7102632","9","58260598"
"chr18","65578995","65579292","chr18","6881824","6882112","22","58697171"
"chr18","65667415","65667703","chr18","6795807","6796094","5","58871608"
"chr18","65682490","65682789","chr18","6780394","6780687","17","58902096"
"chr18","65689799","65690109","chr18","6773397","6773709","14","58916402"
"chr18","65724826","65725119","chr18","6738379","6738669","8","58986447"
"chr18","65850863","65851168","chr18","6611250","6611551","14","59239613"
"chr18","65965913","65966225","chr18","6488765","6489085","13","59477148"
"chr18","66041539","66041717","chr5","35662632","35662817","37","30378907"
"chr18","66137656","66137904","chr18","6315623","6315881","21","59822033"
"chr18","66143373","66143675","chr18","6309879","6310181","18","59833494"
"chr18","66171365","66171609","chrX","61954233","61954488","43","4217132"
"chr18","66194583","66194765","chr10","5004284","5004465","28","61190299"
"chr18","66206271","66206557","chr16","73551936","73552224","37","7345665"
"chr18","66247358","66247664","chr18","6195726","6196068","49","60051632"
"chr18","66291210","66291516","chr18","6152000","6152306","18","60139210"
"chr18","66305406","66305571","chr14","31856154","31856328","37","34449252"
"chr18","66305870","66305882","chr9","32916732","32916748","9","33389138"
"chr18","66306147","66306278","chr8","125526153","125526282","22","59220006"
"chr18","66375142","66375451","chr18","6068531","6068839","20","60306611"
"chr18","66402435","66402751","chr18","6041335","6041650","17","60361100"
"chr18","66409171","66409489","chr18","6034664","6034972","30","60374507"
"chr18","66506409","66506561","chr1","68823036","68823190","18","2316627"
"chr18","66876205","66876483","chr18","5557334","5557630","27","61318871"
"chr18","67045998","67046308","chr18","5384606","5384915","16","61661392"
"chr18","67201579","67201897","chr18","5229540","5229858","28","61972039"
"chr18","67230545","67230855","chr19","4055489","4055793","59","63175056"
"chr18","67249137","67249446","chr18","5182311","5182616","11","62066826"
"chr18","67434625","67434917","chr18","4995522","4995814","14","62439103"
"chr18","67565484","67565779","chr18","4863192","4863491","17","62702292"
"chr18","67932987","67933148","chr18","4486853","4487014","7","63446134"
"chr18","68084606","68084904","chr18","4331960","4332261","18","63752646"
"chr18","68086745","68086902","chr1","109244867","109245026","31","41158122"
"chr18","68087291","68087590","chr18","4329245","4329554","18","63758046"
"chr18","68205032","68205323","chr18","4210510","4210786","24","63994522"
"chr18","68222919","68223225","chr18","4192391","4192694","12","64030528"
"chr18","68265147","68265452","chr18","4152330","4152633","16","64112817"
"chr18","68322232","68322528","chr20","50471581","50471878","32","17850651"
"chr18","68328578","68328854","chr18","4087112","4087387","14","64241466"
"chr18","68431510","68431793","chrX","128349147","128349427","39","59917637"
"chr18","68512462","68512611","chr18","3903072","3903221","6","64609390"
"chr18","68522580","68522748","chr18","3892601","3892788","26","64629979"
"chr18","68562261","68562563","chr18","3848070","3848371","8","64714191"
"chr18","68569518","68569818","chr4","124559977","124560276","44","55990459"
"chr18","68665331","68665631","chr18","3750937","3751227","28","64914394"
"chr18","69173003","69173311","chr15","13366172","13366483","36","55806831"
"chr18","69251106","69251401","chr18","3136018","3136311","22","66115088"
"chr18","69477442","69477753","chr18","2904261","2904551","33","66573181"
"chr18","69480930","69481234","chr15","13366172","13366483","42","56114758"
"chr18","69497892","69498183","chr18","2880318","2880610","11","66617574"
"chr18","69501823","69502047","chr6","31345929","31346159","52","38155894"
"chr18","69574370","69574665","chr18","2797640","2797944","18","66776730"
"chr18","69577227","69577510","chr18","2794807","2795090","13","66782420"
"chr18","69586017","69586313","chr18","2782490","2782796","23","66803527"
"chr18","69793469","69793763","chr18","2547168","2547462","7","67246301"
"chr18","70312832","70313137","chr18","2039940","2040247","15","68272892"
"chr18","70494962","70495275","chrX","138496280","138496588","42","68001318"
"chr18","70533807","70534108","chr1","42353131","42353436","41","28180676"
"chr18","70537847","70537995","chr6","118045458","118045604","23","47507611"
"chr18","70605811","70606100","chr18","1742072","1742374","22","68863739"
"chr18","70909569","70909871","chr1","67550948","67551256","48","3358621"
"chr18","70971332","70971624","chr18","1403546","1403838","7","69567786"
"chr18","71209944","71210212","chr18","1153299","1153576","28","70056645"
"chr18","71292257","71292553","chr18","1067161","1067456","13","70225096"
"chr18","71337719","71338007","chr18","1020270","1020556","5","70317449"
"chr18","71368287","71368570","chr18","987527","987816","19","70380760"
"chr18","71454774","71455053","chr18","900779","901089","38","70553995"
"chr18","71857134","71857445","chr12","77508977","77509288","47","5651843"
"chr18","72245477","72245603","chr18","85861","85990","4","72159616"
"chr19","1281986","1282290","chr3","162453743","162454042","41","161171757"
"chr19","1361739","1362029","chr10","59066766","59067055","12","57705027"
"chr19","1402494","1402795","chr10","59109174","59109477","16","57706680"
"chr19","1410884","1410975","chr4","45488506","45488575","31","44077622"
"chr19","1411276","1411440","chr19","17186615","17186779","24","15775339"
"chr19","1411607","1411723","chr1","10670794","10670914","24","9259187"
"chr19","1412339","1412647","chr12","14273839","14274149","34","12861500"
"chr19","1444602","1444906","chr5","52925183","52925484","43","51480581"
"chr19","1452533","1452838","chrX","45479174","45479478","40","44026641"
"chr19","1457419","1457703","chr8","65831698","65831974","39","64374279"
"chr19","1471476","1471782","chr2","42815086","42815389","38","41343610"
"chr19","1488121","1488422","chr10","59173857","59174155","17","57685736"
"chr19","1535471","1535772","chr10","59226032","59226343","31","57690561"
"chr19","1609260","1609430","chr8","39522470","39522626","34","37913210"
"chr19","1686821","1687085","chr10","59374459","59374723","6","57687638"
"chr19","1711711","1712002","chr10","59400360","59400657","16","57688649"
"chr19","1719305","1719612","chr10","59409047","59409351","11","57689742"
"chr19","1814600","1814892","chr10","59512166","59512465","13","57697566"
"chr19","1837997","1838151","chr19","35471280","35471437","27","33633283"
"chr19","1847733","1848046","chr10","59549402","59549715","12","57701669"
"chr19","1849993","1850096","chr17","44450352","44450457","23","42600359"
"chr19","1850400","1850428","chr7","15018539","15018575","15","13168139"
"chr19","1887569","1887825","chr10","59596050","59596326","27","57708481"
"chr19","1896414","1896710","chr10","59605084","59605380","10","57708670"
"chr19","2216036","2216335","chr10","59933427","59933727","9","57717391"
"chr19","2216413","2216710","chr10","59933804","59934106","15","57717391"
"chr19","2249774","2249914","chr10","59970330","59970484","18","57720556"
"chr19","2280995","2281312","chr12","90194154","90194456","50","87913159"
"chr19","2281898","2282201","chr10","60006569","60006868","18","57724671"
"chr19","2299650","2299954","chr10","60024845","60025138","27","57725195"
"chr19","2343287","2343587","chr10","60078063","60078366","17","57734776"
"chr19","2430597","2430771","chr10","60173999","60174183","13","57743402"
"chr19","2525283","2525589","chrX","25734220","25734518","43","23208937"
"chr19","2761071","2761367","chr10","64237917","64238220","30","61476846"
"chr19","2800596","2800916","chr10","64198734","64199062","37","61398138"
"chr19","2842435","2842752","chr3","63028386","63028693","54","60185951"
"chr19","2872085","2872330","chr3","22343294","22343533","40","19471209"
"chr19","3074307","3074602","chr10","63905979","63906273","15","60831672"
"chr19","3131653","3131946","chr15","92295977","92296271","34","89164324"
"chr19","3472865","3473193","chr10","63618965","63619292","35","60146100"
"chr19","3479932","3480112","chr1","12852950","12853134","31","9373018"
"chr19","3480225","3480518","chr10","63607914","63608208","8","60127689"
"chr19","3492712","3493005","chr10","63607914","63608208","8","60115202"
"chr19","3505150","3505442","chr10","63588806","63589095","46","60083656"
"chr19","3515790","3516100","chr10","63578467","63578768","21","60062677"
"chr19","3557259","3557539","chr9","118511614","118511893","32","114954355"
"chr19","3987234","3987540","chr10","63057411","63057716","19","59070177"
"chr19","4101798","4102104","chr10","62936333","62936639","8","58834535"
"chr19","4133312","4133609","chr10","62902923","62903221","12","58769611"
"chr19","4193962","4194256","chr10","62839422","62839715","9","58645460"
"chr19","4207962","4208270","chr10","62824385","62824689","14","58616423"
"chr19","4208347","4208648","chr1","111274601","111274900","42","107066254"
"chr19","4228460","4228687","chr10","62806754","62806981","3","58578294"
"chr19","4241656","4241946","chr10","62786067","62786359","9","58544411"
"chr19","4293930","4294226","chr10","62731851","62732147","12","58437921"
"chr19","4294591","4294880","chr7","158284920","158285210","36","153990329"
"chr19","4328985","4329261","chr9","118511614","118511893","42","114182629"
"chr19","4334458","4334718","chr10","62691181","62691448","13","58356723"
"chr19","4383689","4383856","chr1","56150277","56150446","33","51766588"
"chr19","4384149","4384289","chr6","151225508","151225637","27","146841359"
"chr19","4430711","4431011","chr2","172874687","172874994","42","168443976"
"chr19","4489568","4489832","chr2","161338710","161338965","46","156849142"
"chr19","4491654","4491964","chr10","72829348","72829654","58","68337694"
"chr19","4504419","4504729","chr10","62516388","62516689","17","58011969"
"chr19","4525042","4525286","chr4","163176011","163176254","39","158650969"
"chr19","4528003","4528292","chr10","62486233","62486531","11","57958230"
"chr19","4531137","4531444","chr10","62494728","62495035","13","57963591"
"chr19","4539046","4539279","chr6","127742629","127742862","35","123203583"
"chr19","4557657","4557962","chr10","62460794","62461100","14","57903137"
"chr19","4560122","4560391","chrX","90704384","90704650","40","86144262"
"chr19","4712550","4712849","chr10","62305934","62306229","10","57593384"
"chr19","4754979","4755305","chr10","62272997","62273299","41","57518018"
"chr19","4793034","4793251","chr7","86871580","86871797","40","82078546"
"chr19","4839050","4839360","chr2","184554529","184554839","39","179715479"
"chr19","4848453","4848593","chr3","43716511","43716650","21","38868058"
"chr19","4858342","4858647","chr10","62169015","62169319","13","57310673"
"chr19","4861877","4862188","chr10","62164649","62164958","31","57302772"
"chr19","4864414","4864700","chr7","125205161","125205452","36","120340747"
"chr19","4865947","4866123","chrX","78822994","78823170","37","73957047"
"chr19","4938948","4939261","chr12","36444891","36445198","46","31505943"
"chr19","4947661","4947957","chr9","7910222","7910534","48","2962561"
"chr19","4981099","4981394","chr10","62038102","62038396","9","57057003"
"chr19","5030558","5030782","chr10","2246645","2246856","67","2783913"
"chr19","5134327","5134648","chr10","61853715","61854036","12","56719388"
"chr19","5158424","5158718","chr10","61829331","61829628","11","56670907"
"chr19","5205402","5205702","chr10","61781472","61781771","10","56576070"
"chr19","5207132","5207436","chr10","61779899","61780203","12","56572767"
"chr19","5207632","5207749","chr6","74452348","74452476","30","69244716"
"chr19","5208025","5208285","chr3","136689434","136689676","66","131481409"
"chr19","5214241","5214435","chr15","22574221","22574418","24","17359980"
"chr19","5245806","5246104","chr10","61741812","61742111","8","56496006"
"chr19","5321153","5321452","chr1","163867101","163867402","44","158545948"
"chr19","5706900","5707064","chr16","32682137","32682310","22","26975237"
"chr19","5707361","5707494","chr11","74966065","74966200","15","69258704"
"chr19","5820737","5821035","chr10","61180171","61180470","14","55359434"
"chr19","5844283","5844431","chr9","57442273","57442413","32","51597990"
"chr19","5910150","5910443","chr10","61087265","61087551","22","55177115"
"chr19","6198699","6198874","chr6","171104438","171104615","25","164905739"
"chr19","6340641","6340801","chr6","103031919","103032079","24","96691278"
"chr19","6388702","6389003","chr10","60609753","60610054","9","54221051"
"chr19","6406866","6407154","chr10","60591212","60591505","12","54184346"
"chr19","6438672","6438803","chr1","39709000","39709130","16","33270328"
"chr19","6439106","6439132","chr13","77378324","77378343","10","70939218"
"chr19","6442876","6443123","chr5","37004074","37004307","46","30561198"
"chr19","6497475","6497717","chr10","60501266","60501506","17","54003791"
"chr19","6605650","6605927","chr10","60393572","60393874","34","53787922"
"chr19","6773098","6773405","chr1","182671342","182671642","42","175898244"
"chr19","6856458","6856621","chr10","27411919","27412087","26","20555461"
"chr19","6885044","6885336","JH682036","379455","379751","10","6505589"
"chr19","6886114","6886289","JH682036","380529","380702","10","6505585"
"chr19","6924170","6924481","chrX","28745828","28746133","38","21821658"
"chr19","6989721","6989983","chr3","3470467","3470733","44","3519254"
"chr19","7028352","7028650","chr8","27479124","27479422","40","20450772"
"chr19","7217655","7217779","chr3","169410230","169410340","23","162192575"
"chr19","7218083","7218264","chr13","46381962","46382149","34","39163879"
"chr19","7320126","7320463","chr7","24537561","24537897","53","17217435"
"chr19","7393324","7393625","chr6","135923987","135924284","39","128530663"
"chr19","7480862","7481160","chr10","65016627","65016923","7","57535765"
"chr19","7657289","7657590","chr10","64836618","64836925","11","57179329"
"chr19","7690218","7690534","chr10","64802011","64802328","12","57111793"
"chr19","7771312","7771616","chr10","64712716","64713023","14","56941404"
"chr19","7779927","7780224","chr10","64704113","64704409","6","56924186"
"chr19","7807661","7807961","chr10","65449354","65449653","20","57641693"
"chr19","7883029","7883342","chr10","65904178","65904486","14","58021149"
"chr19","7891163","7891459","chr19","48174971","48175267","31","40283808"
"chr19","7899570","7899874","chr10","65885737","65886041","4","57986167"
"chr19","7988598","7988914","chr10","65800388","65800693","19","57811790"
"chr19","8003247","8003557","chr6","62245638","62245946","54","54242391"
"chr19","8096988","8097174","chr4","36117524","36117702","31","28020536"
"chr19","8112300","8112598","chr6","125249955","125250254","33","117137655"
"chr19","8154843","8155184","chrX","117403097","117403424","75","109248254"
"chr19","8310983","8311296","chr10","65469233","65469538","25","57158250"
"chr19","8329930","8330223","chr10","65449354","65449653","16","57119424"
"chr19","8333053","8333346","chr10","65449354","65449653","15","57116301"
"chr19","8382292","8382588","chr20","67506862","67507158","35","59124570"
"chr19","8529025","8529364","chr4","107837718","107838041","65","99308693"
"chr19","8585339","8585630","chr3","157496628","157496926","35","148911289"
"chr19","8585666","8585696","chr7","145790583","145790608","18","137204917"
"chr19","8593930","8594243","chr10","66254964","66255262","26","57661034"
"chr19","8638385","8638672","chr10","66297123","66297403","14","57658738"
"chr19","8641121","8641430","chr7","128884186","128884494","45","120243065"
"chr19","8642926","8643231","chr10","66302104","66302397","27","57659178"
"chr19","8734514","8734816","chr7","38962613","38962910","48","30228099"
"chr19","8940305","8940625","chr10","66600388","66600713","16","57660083"
"chr19","9238914","9239207","chr10","66901720","66902035","34","57662806"
"chr19","9391630","9391924","chr10","67053435","67053729","7","57661805"
"chr19","9503825","9504153","chr3","177437442","177437768","42","167933617"
"chr19","9527767","9528066","chr10","67192963","67193262","12","57665196"
"chr19","9755825","9756135","chr10","67424049","67424350","18","57668224"
"chr19","9767862","9768157","chr10","67436664","67436956","8","57668802"
"chr19","10327521","10327744","chr10","67984102","67984314","18","57656581"
"chr19","10513159","10513469","chr10","68157352","68157662","16","57644193"
"chr19","10755923","10756223","chr10","68399695","68399993","10","57643772"
"chr19","10907205","10907484","chr10","68550304","68550584","5","57643099"
"chr19","11018363","11018666","chr10","68658785","68659098","21","57640422"
"chr19","11121079","11121381","chr10","68769804","68770102","10","57648725"
"chr19","11177993","11178287","chr10","68830149","68830443","8","57652156"
"chr19","11346781","11347064","chr1","125532335","125532621","42","114185554"
"chr19","11541889","11542184","chr10","69219245","69219541","6","57677356"
"chr19","11551140","11551297","chr16","43210636","43210789","37","31659496"
"chr19","11551582","11551723","chr10","69229054","69229187","12","57677472"
"chr19","11562193","11562490","chr10","69238654","69238951","9","57676461"
"chr19","11599776","11600077","chr10","69280038","69280336","20","57680262"
"chr19","11604175","11604476","chr10","69280038","69280336","19","57675863"
"chr19","11614598","11614891","chr10","69291064","69291357","8","57676466"
"chr19","11639703","11640010","chr10","69317711","69318017","8","57678008"
"chr19","11726546","11726777","chr1","130434749","130434980","37","118708203"
"chr19","11747721","11748017","chr10","69427727","69428039","26","57680006"
"chr19","11767952","11768247","chr10","69448602","69448897","7","57680650"
"chr19","11771608","11771837","chr10","69452286","69452515","2","57680678"
"chr19","11829283","11829586","chr10","69510012","69510313","11","57680729"
"chr19","11890275","11890546","chr10","69573196","69573495","40","57682921"
"chr19","12048327","12048637","chr19","41547606","41547915","54","29499279"
"chr19","12247245","12247544","chr11","122047518","122047816","43","109800273"
"chr19","12267052","12267356","chr10","69944878","69945174","17","57677826"
"chr19","12305453","12305757","chr1","124803550","124803855","49","112498097"
"chr19","12316485","12316681","chr10","69996406","69996602","1","57679921"
"chr19","12361361","12361646","chr10","70042251","70042552","27","57680890"
"chr19","12467242","12467413","chr11","29974141","29974301","41","17506899"
"chr19","12470051","12470349","chr3","106437635","106437933","43","93967584"
"chr19","12534277","12534589","chr10","70206712","70207017","13","57672435"
"chr19","12639185","12639478","chr10","70305897","70306189","8","57666712"
"chr19","12651964","12651984","chr13","77378324","77378343","13","64726360"
"chr19","12652118","12652152","chr20","19606062","19606101","11","6953944"
"chr19","12653714","12653764","chr8","118526342","118526403","20","105872628"
"chr19","12654065","12654169","chr2","177175756","177175857","33","164521691"
"chr19","12656941","12657194","chr10","70324426","70324708","41","57667485"
"chr19","12759864","12760147","chr10","70431141","70431438","47","57671277"
"chr19","12778409","12778707","chr10","70450878","70451172","11","57672469"
"chr19","12791253","12791505","chrX","50462430","50462677","43","37671177"
"chr19","12815367","12815530","chr2","18802684","18802843","30","5987317"
"chr19","12856233","12856539","chr10","70528041","70528346","7","57671808"
"chr19","12875402","12875707","chr10","70547003","70547308","4","57671601"
"chr19","12993752","12994051","chr10","70665066","70665355","18","57671314"
"chr19","13025805","13026089","chr10","70697286","70697570","6","57671481"
"chr19","13108044","13108361","chr16","64691706","64692019","50","51583662"
"chr19","13152397","13152695","chr10","70827010","70827313","13","57674613"
"chr19","13281607","13281877","chr10","70957141","70957409","10","57675534"
"chr19","13337502","13337779","chr10","71012224","71012512","19","57674722"
"chr19","13401181","13401362","chr7","49658360","49658542","39","36257179"
"chr19","13418545","13418710","chr2","48457598","48457761","25","35039053"
"chr19","13439435","13439741","chr10","71121173","71121484","9","57681738"
"chr19","13535764","13536027","chr10","71223619","71223888","8","57687855"
"chr19","13574812","13575115","chr10","71268206","71268509","2","57693394"
"chr19","13580077","13580376","chr10","71273475","71273784","16","57693398"
"chr19","13581616","13581924","chr10","71275011","71275335","23","57693395"
"chr19","13598101","13598283","chr6","68791130","68791305","33","55193029"
"chr19","13628054","13628321","chr10","71323893","71324153","16","57695839"
"chr19","13691224","13691532","chr10","71383272","71383580","9","57692048"
"chr19","13756067","13756316","chr10","71451546","71451794","18","57695479"
"chr19","13914491","13914794","chr10","71607440","71607745","20","57692949"
"chr19","13919105","13919397","chr1","30339159","30339452","35","16420054"
"chr19","14021333","14021631","chr10","71720892","71721195","12","57699559"
"chr19","14102583","14102885","chr10","71803761","71804061","12","57701178"
"chr19","14103595","14103872","chr10","71804771","71805053","9","57701176"
"chr19","14177728","14178031","chr10","71880315","71880618","8","57702587"
"chr19","14183360","14183663","chr10","71885923","71886232","14","57702563"
"chr19","14201780","14202084","chr10","71905407","71905713","9","57703627"
"chr19","14214178","14214470","chrX","36967504","36967813","65","22753326"
"chr19","14229969","14230148","chr10","71935452","71935631","2","57705483"
"chr19","14259415","14259705","chr10","71961420","71961710","11","57702005"
"chr19","14269881","14270182","chr10","71974378","71974676","19","57704497"
"chr19","14279177","14279457","chr10","71983569","71983870","25","57704392"
"chr19","14293085","14293375","chr10","72003466","72003765","21","57710381"
"chr19","14300084","14300251","chr10","71997238","71997406","7","57697154"
"chr19","14300706","14301003","chr10","71997862","71998169","24","57697156"
"chr19","14305515","14305630","chr7","33458215","33458332","14","19152700"
"chr19","14320310","14320613","chr6","121656199","121656500","40","107335889"
"chr19","14331002","14331289","chr10","72038920","72039200","16","57707918"
"chr19","14348344","14348638","chr10","72057431","72057724","8","57709087"
"chr19","14402351","14402602","chr17","26302944","26303193","37","11900593"
"chr19","14409236","14409535","chr10","72120257","72120554","8","57711021"
"chr19","14445634","14445942","chr10","72158787","72159074","28","57713153"
"chr19","14451845","14452153","chr10","72165319","72165619","20","57713474"
"chr19","14476215","14476514","chr10","72191818","72192119","17","57715603"
"chr19","14522173","14522400","chr19","48735734","48735966","45","34213561"
"chr19","14570293","14570471","chr1","19775982","19776154","29","5205689"
"chr19","14570734","14570865","chr16","765198","765327","16","13805536"
"chr19","14642696","14642994","chr10","72361645","72361943","5","57718949"
"chr19","14643819","14643999","chr19","5520379","5520548","31","9123440"
"chr19","14645062","14645363","chr10","72364179","72364466","28","57719117"
"chr19","14651132","14651442","chr10","72370074","72370382","17","57718942"
"chr19","14683493","14683772","chr10","72399278","72399581","31","57715785"
"chr19","14745174","14745474","chr11","116983856","116984146","51","102238682"
"chr19","14768435","14768736","chr10","72485019","72485341","30","57716584"
"chr19","14912374","14912667","chr10","72634998","72635292","13","57722624"
"chr19","14968144","14968454","chr10","72689857","72690155","18","57721713"
"chr19","15031814","15032011","chr10","72839386","72839583","2","57807572"
"chr19","15041950","15042253","chr10","72829348","72829654","15","57787398"
"chr19","15067347","15067645","chr10","72804003","72804298","16","57736656"
"chr19","15203682","15203986","chr15","36543007","36543315","41","21339325"
"chr19","15210809","15211100","chr6","168894715","168895004","40","153683906"
"chr19","15253224","15253523","chr10","72986254","72986556","19","57733030"
"chr19","15340264","15340565","chr10","73076235","73076547","25","57735971"
"chr19","15342033","15342342","chr6","121656199","121656500","41","106314166"
"chr19","15446215","15446520","chr10","73186000","73186303","15","57739785"
"chr19","15460990","15461293","chr14","67508158","67508462","43","52047168"
"chr19","15544533","15544831","chr10","73287354","73287652","6","57742821"
"chr19","15713879","15714192","chr10","73456655","73456967","15","57742776"
"chr19","15863389","15863537","chr10","73606345","73606493","5","57742956"
"chr19","15863541","15863803","chr10","73606497","73606760","10","57742956"
"chr19","15884636","15884916","chr10","73628187","73628486","23","57743551"
"chr19","16017902","16018197","chr2","55278893","55279184","38","39260991"
"chr19","16058145","16058464","chr10","73788545","73788865","10","57730400"
"chr19","16069261","16069568","chr10","73802069","73802370","18","57732808"
"chr19","16116398","16116698","chr19","37479732","37480035","34","21363334"
"chr19","16189500","16189805","chr10","73928387","73928697","11","57738887"
"chr19","16192100","16192403","chr10","73931652","73931949","26","57739552"
"chr19","16219524","16219814","chr9","117533623","117533914","38","101314099"
"chr19","16239693","16239982","chr12","46659194","46659476","50","30419501"
"chr19","16321736","16322037","chr10","74063887","74064180","29","57742151"
"chr19","16331817","16332107","chr10","74074155","74074453","22","57742338"
"chr19","16339905","16340217","chr10","74082236","74082549","11","57742331"
"chr19","16340908","16341202","chr10","74083239","74083538","15","57742331"
"chr19","16459576","16459870","chr10","74201711","74202008","7","57742135"
"chr19","16476359","16476656","chr10","74218190","74218492","35","57741831"
"chr19","16481211","16481527","chr10","74222948","74223263","18","57741737"
"chr19","16716356","16716533","chr14","108178899","108179085","28","91462543"
"chr19","16716850","16716984","chr12","80262012","80262141","19","63545162"
"chr19","16717000","16717302","chr10","74462452","74462751","15","57745452"
"chr19","16745804","16746083","chr10","74490435","74490715","6","57744631"
"chr19","16813283","16813579","chr10","74556954","74557250","12","57743671"
"chr19","16844225","16844465","chr10","74589464","74589706","15","57745239"
"chr19","16888373","16888688","chr10","74633529","74633844","7","57745156"
"chr19","16925055","16925363","chr10","74669933","74670231","34","57744878"
"chr19","16979422","16979741","chr10","74723937","74724250","19","57744515"
"chr19","17046882","17047034","chr10","74792926","74793074","8","57746044"
"chr19","17048038","17048326","chr10","74794078","74794362","11","57746040"
"chr19","17113967","17114257","chr16","21781850","21782128","41","4667883"
"chr19","17210923","17211224","chr10","74957774","74958066","24","57746851"
"chr19","17517090","17517387","chr7","59115867","59116164","42","41598777"
"chr19","17641451","17641769","chr10","75398684","75399002","10","57757233"
"chr19","17782581","17782886","chr10","75539121","75539426","13","57756540"
"chr19","17922642","17922935","chr10","75686225","75686522","18","57763583"
"chr19","17957952","17958261","chr12","44956348","44956657","52","26998396"
"chr19","18153491","18153795","chr10","75912433","75912738","14","57758942"
"chr19","18197744","18198034","chr10","75956033","75956325","18","57758289"
"chr19","18231907","18232204","chr10","75992215","75992529","31","57760308"
"chr19","18366190","18366492","chr10","76086818","76087123","16","57720628"
"chr19","18431901","18432216","chr10","76162963","76163276","11","57731062"
"chr19","18446800","18447082","chr1","4127948","4128227","60","14318852"
"chr19","18460246","18460550","chr10","76193285","76193596","12","57733039"
"chr19","18493465","18493753","chr10","76225685","76225966","29","57732220"
"chr19","18594786","18595077","chr10","76326565","76326856","7","57731779"
"chr19","18651857","18652159","chr10","76382935","76383228","16","57731078"
"chr19","18704780","18705083","chr10","76435617","76435916","8","57730837"
"chr19","18844504","18844804","chr1","130501973","130502271","32","111657469"
"chr19","18849419","18849732","chr10","76581352","76581665","5","57731933"
"chr19","18865330","18865638","chr10","76598452","76598763","15","57733122"
"chr19","18984595","18984880","chr10","76748755","76749038","13","57764160"
"chr19","19041936","19042237","chr10","76808671","76808976","11","57766735"
"chr19","19107827","19108124","chr9","55799302","55799592","51","36691475"
"chr19","19108128","19108250","chr10","76876580","76876702","6","57768452"
"chr19","19119559","19119832","chr2","172148639","172148912","42","153029080"
"chr19","19126697","19127008","chr10","76890199","76890510","22","57763502"
"chr19","19131339","19131647","chr10","76902793","76903103","23","57771454"
"chr19","19138934","19139133","chr10","23188750","23188950","32","4049816"
"chr19","19153089","19153379","chr10","76925543","76925822","18","57772454"
"chr19","19175112","19175408","chr10","76949754","76950039","19","57774642"
"chr19","19179919","19180208","chr10","76954908","76955197","11","57774989"
"chr19","19192716","19193026","chr10","76967860","76968167","16","57775144"
"chr19","19214898","19215211","chr10","76991292","76991608","25","57776394"
"chr19","19217699","19218003","chr10","76994101","76994398","18","57776402"
"chr19","19257789","19258051","chr15","6438791","6439051","35","12818998"
"chr19","19427366","19427644","chr11","124352922","124353201","39","104925556"
"chr19","19440527","19440823","chr11","47484789","47485086","31","28044262"
"chr19","19585148","19585448","chr10","16408690","16408989","51","3176458"
"chr19","19721053","19721361","chr10","77228689","77228996","13","57507636"
"chr19","19818623","19818906","chr10","77350859","77351141","5","57532236"
"chr19","19861450","19861747","chr10","77393524","77393842","38","57532074"
"chr19","19904832","19905130","chr20","26211185","26211483","34","6306353"
"chr19","19983819","19984115","chr10","77514876","77515171","20","57531057"
"chr19","20166615","20166932","chr10","77697716","77698035","10","57531101"
"chr19","20224798","20225009","chr7","41010620","41010838","31","20785822"
"chr19","20289711","20290018","chr1","37689627","37689933","39","17399916"
"chr19","20295613","20295913","chrX","51165804","51166099","43","30870191"
"chr19","20318292","20318596","chr10","77861871","77862174","12","57543579"
"chr19","20400319","20400505","chr10","77946716","77946893","17","57546397"
"chr19","20419140","20419269","chr10","77968566","77968702","10","57549426"
"chr19","20420909","20421077","chr1","19775982","19776154","28","644927"
"chr19","20421367","20421442","chr20","459004","459074","20","19962363"
"chr19","20427781","20428086","chr4","40817052","40817363","65","20389271"
"chr19","20462059","20462323","chr10","78011378","78011647","6","57549319"
"chr19","20489018","20489267","chr10","78038631","78038880","6","57549613"
"chr19","20530255","20530552","chr10","78080991","78081288","19","57550736"
"chr19","20573070","20573353","chr10","78125393","78125684","21","57552323"
"chr19","20587469","20587607","chr10","78141283","78141421","2","57553814"
"chr19","20617849","20618231","chrX","43422314","43422660","109","22804465"
"chr19","20762483","20762787","chr10","78321441","78321742","24","57558958"
"chr19","20837390","20837686","chr10","78397199","78397509","20","57559809"
"chr19","20866212","20866387","chr10","78426870","78427045","8","57560658"
"chr19","21009487","21009780","chr6","51494635","51494920","47","30485148"
"chr19","21030199","21030329","chr10","78596130","78596260","8","57565931"
"chr19","21080776","21080965","chr3","43924148","43924347","35","22843372"
"chr19","21081271","21081383","chr4","21726371","21726481","25","645100"
"chr19","21144950","21145238","chr10","78707988","78708279","20","57563038"
"chr19","21171241","21171443","chr10","78742741","78742956","17","57571500"
"chr19","21185056","21185351","chr10","78756021","78756315","8","57570965"
"chr19","21196877","21197179","chr10","78765318","78765618","9","57568441"
"chr19","21210007","21210220","chr10","78779857","78780071","7","57569850"
"chr19","21212035","21212336","chr10","78782194","78782495","5","57570159"
"chr19","21223814","21224172","chr10","78794565","78794913","20","57570751"
"chr19","21228758","21229055","chr10","78799543","78799833","11","57570785"
"chr19","21278353","21278565","chr10","90905310","90905528","39","69626957"
"chr19","21309329","21309636","chr10","78882969","78883275","11","57573640"
"chr19","21327994","21328323","chr10","78900523","78900835","24","57572529"
"chr19","21411065","21411360","chr6","160220855","160221152","37","138809790"
"chr19","21431428","21431719","chr10","79004646","79004957","28","57573218"
"chr19","21618816","21618986","chr10","28630194","28630359","38","7011378"
"chr19","21619270","21619408","chr4","111075909","111076043","26","89456639"
"chr19","21642328","21642635","chr12","14273839","14274149","43","7368489"
"chr19","21671928","21672224","chr10","79249421","79249723","14","57577493"
"chr19","21687511","21687812","chr10","79257406","79257707","5","57569895"
"chr19","21693410","21693708","chr8","44572576","44572877","45","22879166"
"chr19","21699343","21699547","chr10","79279048","79279238","25","57579705"
"chr19","21706551","21706833","chr10","79286678","79286988","33","57580127"
"chr19","21756324","21756626","chr10","79334037","79334340","15","57577713"
"chr19","21906638","21906934","chr10","79556785","79557088","23","57650147"
"chr19","21919908","21920203","chr10","79574720","79575029","24","57654812"
"chr19","21920992","21921290","chr10","79575807","79576117","24","57654815"
"chr19","22008712","22009010","chr10","79666667","79666974","21","57657955"
"chr19","22019494","22019798","chr10","79680941","79681245","11","57661447"
"chr19","22080997","22081217","chr10","79752045","79752266","7","57671048"
"chr19","22406760","22407058","chr10","80083959","80084257","11","57677199"
"chr19","22500511","22500805","chr8","95138263","95138559","36","72637752"
"chr19","22623937","22624229","chr3","152175375","152175663","43","129551438"
"chr19","22626994","22627305","chr10","80305143","80305454","9","57678149"
"chr19","22709000","22709159","chr10","80391906","80392066","4","57682906"
"chr19","22725415","22725732","chr10","80408237","80408549","14","57682822"
"chr19","22758698","22759007","chr10","80442821","80443132","13","57684123"
"chr19","22760423","22760728","chr10","80444582","80444862","36","57684159"
"chr19","22791489","22791769","chr10","80477382","80477673","18","57685893"
"chr19","22804952","22805059","chr1","26387777","26387878","25","3582825"
"chr19","22838613","22838920","chr10","80525149","80525457","11","57686536"
"chr19","22883314","22883594","chr1","158396093","158396373","43","135512779"
"chr19","22908327","22908627","chr17","30798120","30798415","45","7889793"
"chr19","22920024","22920319","chr10","80607447","80607744","10","57687423"
"chr19","22982807","22983082","chr10","80671982","80672248","11","57689175"
"chr19","23015770","23016079","chr16","2344136","2344443","42","20671634"
"chr19","23068967","23069268","chr10","80754724","80755024","12","57685757"
"chr19","23105215","23105503","chr7","161221119","161221406","32","138115904"
"chr19","23123258","23123419","chr10","80808961","80809118","9","57685703"
"chr19","23169260","23169505","chr15","6438791","6439051","45","16730469"
"chr19","23201676","23202015","chr10","80890476","80890795","28","57688800"
"chr19","23218923","23219218","chr10","80910049","80910350","22","57691126"
"chr19","23234265","23234565","chr3","84821391","84821690","45","61587126"
"chr19","23248931","23249226","chr10","80944991","80945302","33","57696060"
"chr19","23286102","23286406","chr10","80973805","80974090","32","57687703"
"chr19","23310417","23310524","chr3","169410230","169410340","9","146099813"
"chr19","23348584","23348879","chr10","81038263","81038561","17","57689679"
"chr19","23380564","23380850","chr10","81071773","81072064","13","57691209"
"chr19","23396333","23396630","chr15","10680501","10680797","44","12715832"
"chr19","23418473","23418629","chr14","99867416","99867565","50","76448943"
"chr19","23428438","23428737","chr10","81122615","81122910","8","57694177"
"chr19","23452269","23452400","chr8","125526153","125526282","24","102073884"
"chr19","23459888","23460179","chr10","81151263","81151554","5","57691375"
"chr19","23474608","23474928","chr6","162309910","162310221","44","138835302"
"chr19","23475602","23475907","chr10","81172675","81172980","13","57697073"
"chr19","23481513","23481809","chr10","81178155","81178451","12","57696642"
"chr19","23505689","23505981","chr15","42714029","42714331","48","19208340"
"chr19","23506865","23507154","chr10","81203451","81203740","4","57696586"
"chr19","23508547","23508849","chr10","81205132","81205428","19","57696585"
"chr19","23511489","23511672","chr6","76965850","76966031","31","53454361"
"chr19","23511974","23512118","chr1","29749515","29749661","19","6237541"
"chr19","23580429","23580739","chr19","41547606","41547915","42","17967177"
"chr19","23588626","23588963","chr10","81296925","81297251","14","57708299"
"chr19","23598178","23598490","chr10","81306607","81306908","23","57708429"
"chr19","23630334","23630641","chr10","81341331","81341640","7","57710997"
"chr19","23682561","23682858","chr10","81392999","81393309","24","57710438"
"chr19","23701400","23701659","chr10","81412897","81413181","26","57711497"
"chr19","23721743","23721877","chr7","67494514","67494644","14","43772771"
"chr19","23739425","23739713","chr10","81452313","81452601","4","57712888"
"chr19","23744711","23744843","chrX","6470321","6470448","15","17274390"
"chr19","23745141","23745316","chr16","66964686","66964860","31","43219545"
"chr19","23817787","23818085","chr10","81538849","81539142","20","57721062"
"chr19","23834046","23834331","chr10","81557150","81557399","42","57723104"
"chr19","23846121","23846425","chr10","81570249","81570559","15","57724128"
"chr19","23869675","23869818","chr11","30992530","30992678","25","7122855"
"chr19","23894857","23895160","chr10","81620447","81620750","9","57725590"
"chr19","23940293","23940588","chr10","81667311","81667605","11","57727018"
"chr19","23940978","23941260","chr6","71369142","71369426","43","47428164"
"chr19","23964528","23964709","chr10","81693228","81693407","4","57728700"
"chr19","23967712","23968009","chr10","81696294","81696601","18","57728582"
"chr19","23992394","23992661","chr10","81722844","81723111","7","57730450"
"chr19","23993542","23993675","chr11","74966065","74966200","12","50972523"
"chr19","23993973","23994140","chr8","41337229","41337388","27","17343256"
"chr19","23996298","23996584","chr10","81726758","81727028","21","57730460"
"chr19","24014300","24014606","chr10","81745944","81746244","15","57731644"
"chr19","24017135","24017316","chr10","81749015","81749198","2","57731880"
"chr19","24038452","24038756","chr10","81770397","81770710","12","57731945"
"chr19","24100297","24100586","chr5","96758699","96758996","40","72658402"
"chr19","24127190","24127485","chr10","81858373","81858670","8","57731183"
"chr19","24149985","24150288","chr10","81880691","81880990","13","57730706"
"chr19","24167761","24168058","chr10","81899743","81900040","10","57731982"
"chr19","24205838","24206141","chr10","81933174","81933497","28","57727336"
"chr19","24216065","24216217","chr11","7793789","7793933","30","16422276"
"chr19","24221155","24221462","chrX","33033919","33034230","34","8812764"
"chr19","24232923","24233213","chr10","81960673","81960974","18","57727750"
"chr19","24260636","24260939","chr10","81984818","81985120","6","57724182"
"chr19","24266356","24266665","chr10","81990929","81991227","19","57724573"
"chr19","24300950","24301266","chr10","82025742","82026059","4","57724792"
"chr19","24304327","24304483","chr3","51396905","51397062","25","27092578"
"chr19","24306547","24306859","chr10","82031180","82031485","12","57724633"
"chr19","24328785","24329083","chr13","115194457","115194757","37","90865672"
"chr19","24470063","24470314","chr1","30291940","30292201","41","5821877"
"chr19","24479557","24479844","chr10","82212430","82212713","13","57732873"
"chr19","24484901","24485188","chr8","40894964","40895256","46","16410063"
"chr19","24542308","24542601","chr10","82283051","82283344","5","57740743"
"chr19","24600917","24601234","chr10","82344044","82344359","11","57743127"
"chr19","24618083","24618380","chr10","82360145","82360441","12","57742062"
"chr19","24707684","24707967","chr10","82447342","82447623","7","57739658"
"chr19","24748430","24748726","chr10","82488136","82488423","15","57739706"
"chr19","24903550","24903591","chr10","72543263","72543302","11","47639713"
"chr19","24906462","24906677","chr8","90359628","90359842","38","65453166"
"chr19","24919230","24919536","chr10","82664810","82665104","24","57745580"
"chr19","24950007","24950306","chr12","62349884","62350190","50","37399877"
"chr19","24992670","24992969","chr10","82740576","82740883","14","57747906"
"chr19","25043135","25043436","chr10","82798278","82798567","40","57755143"
"chr19","25090570","25090810","chr10","82789323","82789559","23","57698753"
"chr19","25133677","25133972","chr10","82798278","82798567","24","57664601"
"chr19","25225316","25225539","chr10","84464680","84464890","31","59239364"
"chr19","25227477","25227709","chr19","7828363","7828592","35","17399114"
"chr19","25258562","25258862","chr11","122827420","122827717","46","97568858"
"chr19","25260782","25260926","chr3","51866003","51866148","24","26605221"
"chr19","25262854","25263136","chr10","82926803","82927085","5","57663949"
"chr19","25292063","25292379","chr8","75788005","75788310","38","50495942"
"chr19","25310575","25310792","chr10","82982460","82982677","2","57671885"
"chr19","25328047","25328328","chr19","15489451","15489743","49","9838596"
"chr19","25441031","25441173","chr11","107800157","107800295","16","82359126"
"chr19","25453213","25453512","chr10","83130319","83130617","8","57677106"
"chr19","25526211","25526507","chr10","83208497","83208808","18","57682286"
"chr19","25555434","25555737","chr10","83236167","83236458","28","57680733"
"chr19","25559675","25559954","chr10","83242937","83243195","24","57683262"
"chr19","25585538","25585840","chr10","83269221","83269536","29","57683683"
"chr19","25587343","25587650","chr10","83271340","83271653","16","57683997"
"chr19","25600797","25601110","chr10","83283828","83284132","29","57683031"
"chr19","25721210","25721520","chr10","83414477","83414787","8","57693267"
"chr19","25724389","25724629","chr10","16593589","16593829","48","9130800"
"chr19","25900931","25901243","chr2","176864663","176864968","50","150963732"
"chr19","26049776","26050071","chr10","83766146","83766458","23","57716370"
"chr19","26089193","26089503","chr10","83805846","83806157","10","57716653"
"chr19","26476234","26476418","chr10","84198508","84198695","5","57722274"
"chr19","26484045","26484339","chr10","84206628","84206922","12","57722583"
"chr19","26497830","26498115","chr11","63416676","63416961","40","36918846"
"chr19","26499134","26499439","chr10","84222133","84222440","15","57722999"
"chr19","26527288","26527579","chr1","26742387","26742678","57","215099"
"chr19","26565456","26565747","chr10","84288686","84288976","16","57723230"
"chr19","26656904","26657197","chr4","112821610","112821902","40","86164706"
"chr19","26695850","26696156","chr10","84420254","84420548","26","57724404"
"chr19","26741071","26741281","chr10","84464680","84464890","6","57723609"
"chr19","26758802","26759097","chr15","107296689","107296982","43","80537887"
"chr19","26765020","26765331","chr10","84488251","84488552","33","57723231"
"chr19","26853166","26853419","chr10","84583903","84584162","19","57730737"
"chr19","26911568","26911878","chr10","84643143","84643455","5","57731575"
"chr19","26937946","26938215","chr10","84670085","84670354","5","57732139"
"chr19","27131360","27131658","chr10","84839519","84839823","18","57708159"
"chr19","27266244","27266544","chr10","84993013","84993307","19","57726769"
"chr19","27501099","27501357","chr13","8787760","8788014","38","18713339"
"chr19","27504173","27504317","chr12","93217972","93218119","20","65713799"
"chr19","27706967","27707274","chr13","125615309","125615606","40","97908342"
"chr19","27747225","27747405","chr10","78426870","78427045","38","50679645"
"chr19","27809135","27809437","chr10","85527499","85527789","20","57718364"
"chr19","27845376","27845643","chr10","85562316","85562613","57","57716940"
"chr19","27846771","27847079","chr14","109596203","109596510","34","81749432"
"chr19","27899204","27899485","chr10","85609500","85609789","38","57710296"
"chr19","27954769","27955048","chr10","85677621","85677912","45","57722852"
"chr19","27959247","27959541","chr10","85685688","85685989","23","57726441"
"chr19","27968222","27968504","chr10","85695168","85695451","17","57726946"
"chr19","28029229","28029421","chr16","63346930","63347130","39","35317701"
"chr19","28031288","28031584","chr10","85758557","85758852","12","57727269"
"chr19","28099749","28100052","chr12","43772897","43773193","36","15673148"
"chr19","28121588","28121884","chr10","85848438","85848734","15","57726850"
"chr19","28179685","28179833","chr10","85906075","85906223","4","57726390"
"chr19","28299370","28299673","chr10","86025784","86026087","4","57726414"
"chr19","28468752","28469058","chr10","86186252","86186559","22","57717500"
"chr19","28599225","28599355","chr1","125213986","125214113","16","96614761"
"chr19","28625573","28625719","chr10","86340368","86340495","23","57714795"
"chr19","28646320","28646624","chr10","86360667","86360974","13","57714347"
"chr19","28664719","28665021","chr3","130944111","130944418","37","102279392"
"chr19","28684092","28684365","chr10","86397206","86397477","10","57713114"
"chr19","28751408","28751702","chr5","140103285","140103581","39","111351877"
"chr19","28806016","28806314","chr10","253491","253788","40","28552525"
"chr19","28808173","28808466","chr1","9466387","9466688","46","19341786"
"chr19","28829994","28830281","chr10","86542452","86542739","8","57712458"
"chr19","28945075","28945360","chr1","185490436","185490721","39","156545361"
"chr19","28990589","28990897","chr2","1378446","1378754","35","27612143"
"chr19","28999081","28999356","chr6","134033307","134033586","53","105034226"
"chr19","29003621","29003926","chr10","86715981","86716283","17","57712360"
"chr19","29179057","29179306","chr10","86884487","86884736","3","57705430"
"chr19","29337358","29337464","chr2","82653175","82653280","11","53315817"
"chr19","29398142","29398477","chr10","87093687","87094021","9","57695545"
"chr19","29549734","29550039","chr1","37223173","37223482","45","7673439"
"chr19","29892697","29892979","chr10","87594702","87594980","23","57702005"
"chr19","30195761","30196073","chr12","14273839","14274149","42","15921922"
"chr19","30411766","30412003","chr10","88101734","88101973","13","57689968"
"chr19","30495180","30495466","chr2","108133121","108133408","47","77637941"
"chr19","30631771","30631980","chr7","65244407","65244621","36","34612636"
"chr19","30706886","30707114","chr10","88393410","88393638","9","57686524"
"chr19","30721805","30722105","chr10","88407437","88407736","19","57685632"
"chr19","30829376","30829440","chr13","14955669","14955743","24","15873707"
"chr19","30973076","30973373","chr7","38962613","38962910","38","7989537"
"chr19","31266795","31267113","chr20","30062967","30063276","48","1203828"
"chr19","31314152","31314463","chr10","88985794","88986089","28","57671642"
"chr19","31367292","31367422","chr1","45322777","45322909","15","13955485"
"chr19","31415946","31416253","chr2","149003574","149003882","36","117587628"
"chr19","31465549","31465845","chr10","89135759","89136055","29","57670210"
"chr19","31928463","31928764","chr10","89610396","89610704","22","57681933"
"chr19","32060860","32061161","chr5","94774406","94774706","40","62713546"
"chr19","32212139","32212426","chr10","89876785","89877069","14","57664646"
"chr19","32218437","32218746","chr12","7210209","7210519","44","25008228"
"chr19","32227978","32228174","chr10","89893451","89893643","11","57665473"
"chr19","32229273","32229504","chr10","89894744","89894980","16","57665471"
"chr19","32297322","32297618","chr10","89969837","89970133","8","57672515"
"chr19","32352872","32353174","chr10","90010880","90011181","14","57658008"
"chr19","32355909","32356206","chr10","90013604","90013901","8","57657695"
"chr19","32511053","32511356","chr6","36953962","36954264","35","4442909"
"chr19","32526035","32526345","chr10","90180565","90180874","13","57654530"
"chr19","32528475","32528703","chr10","90183065","90183302","17","57654590"
"chr19","32552786","32553031","chr10","90206471","90206716","4","57653685"
"chr19","32565195","32565473","chr10","90220073","90220351","6","57654878"
"chr19","32578784","32579083","chr10","90233364","90233662","31","57654580"
"chr19","32650724","32651011","chr10","90315174","90315469","17","57664450"
"chr19","32721444","32721740","chr1","65292751","65293045","39","32571307"
"chr19","32749904","32750185","chr10","90413944","90414225","7","57664040"
"chr19","32781583","32781885","chr15","100631806","100632102","48","67850223"
"chr19","32788163","32788467","chr3","84821391","84821690","39","52033228"
"chr19","32806746","32806970","chr9","61418271","61418491","37","28611525"
"chr19","32831205","32831492","chr10","90497965","90498259","19","57666760"
"chr19","32843559","32843849","chr10","90511942","90512232","10","57668383"
"chr19","32898124","32898431","chr6","131769846","131770146","41","98871722"
"chr19","33057118","33057402","chr13","116549029","116549323","42","83491911"
"chr19","33094254","33094550","chr10","90763873","90764169","7","57669619"
"chr19","33111214","33111571","chr10","90782014","90782326","75","57670800"
"chr19","33128519","33128656","chr1","30028124","30028263","15","3100395"
"chr19","33140731","33141042","chr10","90816639","90816955","25","57675908"
"chr19","33185148","33185440","chr10","90862207","90862499","7","57677059"
"chr19","33225524","33225758","chr10","90905310","90905528","22","57679786"
"chr19","33241283","33241597","chr10","90912865","90913172","18","57671582"
"chr20","23592777","23593094","chr14","63751470","63751781","45","40158693"
"chr20","36044751","36045031","chr1","98301489","98301795","31","62256738"
"chr20","70516729","70516922","chr4","110043256","110043447","51","39526527"
"chr20","1505511","1505805","chr1","136414644","136414940","8","134909133"
"chr20","1531940","1532228","chr1","136386320","136386615","14","134854380"
"chr20","1574856","1575140","chr1","136342934","136343229","19","134768078"
"chr20","1582601","1582913","chr9","21573464","21573776","41","19990863"
"chr20","1906307","1906657","chr1","135991927","135992324","60","134085620"
"chr20","2020521","2020806","chr1","135874728","135875032","27","133854207"
"chr20","2305172","2305493","chr1","135574266","135574559","38","133269094"
"chr20","2366932","2367238","chr1","135498600","135498912","9","133131668"
"chr20","2431471","2431703","chr1","135434345","135434577","9","133002874"
"chr20","2488020","2488174","chr1","135377713","135377860","11","132889693"
"chr20","2618275","2618431","chr1","135231505","135231663","4","132613230"
"chr20","2619103","2619388","chr1","135230551","135230837","10","132611448"
"chr20","2642927","2643213","chr1","135206724","135207023","29","132563797"
"chr20","2643387","2643656","chr4","37457450","37457713","57","34814063"
"chr20","2646547","2646857","chr1","135203065","135203386","15","132556518"
"chr20","2682266","2682422","chr1","135157374","135157539","13","132475108"
"chr20","2817928","2818234","chr1","135030774","135031078","4","132212846"
"chr20","2836190","2836492","chr6","125829759","125830061","42","122993569"
"chr20","2845102","2845398","chr1","26493506","26493804","41","23648404"
"chr20","2903143","2903452","chr1","134972732","134973029","23","132069589"
"chr20","2915736","2916044","chr1","134972732","134973029","28","132056996"
"chr20","2916487","2916792","chr14","18184474","18184776","41","15267987"
"chr20","2948109","2948295","chr16","23710078","23710258","27","20761969"
"chr20","2948616","2948746","chr2","55063458","55063595","19","52114842"
"chr20","2965952","2966096","chr1","134917106","134917246","6","131951154"
"chr20","2988065","2988376","chr1","134894013","134894311","17","131905948"
"chr20","3127670","3127917","chr1","134765454","134765700","3","131637784"
"chr20","3393711","3394012","chr1","134460917","134461223","17","131067206"
"chr20","3446255","3446398","chr18","23823719","23823866","24","20377464"
"chr20","3598986","3599161","chr1","134253915","134254058","36","130654929"
"chr20","3602577","3602877","chr1","134250210","134250513","12","130647633"
"chr20","3649718","3650017","chr1","134201374","134201679","17","130551656"
"chr20","3797086","3797347","chr15","6438791","6439051","47","2641705"
"chr20","3801441","3801731","chr3","120189846","120190134","32","116388405"
"chr20","3985746","3986045","chr1","133862836","133863132","8","129877090"
"chr20","4048603","4048888","chr1","133800459","133800745","12","129751856"
"chr20","4308575","4308879","chr1","133537610","133537908","20","129229035"
"chr20","4710076","4710371","chr1","133117455","133117746","18","128407379"
"chr20","4725042","4725345","chr6","121656199","121656500","41","116931157"
"chr20","4797012","4797303","chr14","90436268","90436558","41","85639256"
"chr20","5421769","5422052","chr13","112546160","112546432","44","107124391"
"chr20","5522587","5522812","chr1","132256700","132256925","5","126734113"
"chr20","5605984","5606231","chr1","132165016","132165263","6","126559032"
"chr20","5611366","5611613","chr1","132165016","132165263","12","126553650"
"chr20","5648786","5649090","chr1","132119425","132119716","25","126470639"
"chr20","5670937","5671170","chr1","132091539","132091789","25","126420602"
"chr20","5678438","5678684","chr1","132091539","132091789","11","126413101"
"chr20","5930455","5930764","chr1","131830823","131831102","39","125900368"
"chr20","6101979","6102282","chr1","131653700","131654003","4","125551721"
"chr20","6169882","6170190","chr1","131583647","131583957","9","125413765"
"chr20","6394587","6394889","chr1","131343929","131344231","5","124949342"
"chr20","6396982","6397287","chr1","150772372","150772679","47","144375390"
"chr20","6522903","6523200","chr1","131240183","131240457","34","124717280"
"chr20","6774070","6774382","chr1","130989879","130990200","18","124215809"
"chr20","6809702","6809910","chr7","16100618","16100821","42","9290916"
"chr20","6952336","6952628","chr1","130811162","130811457","8","123858826"
"chr20","7145285","7145566","chr1","130613110","130613399","16","123467825"
"chr20","7226974","7227244","chr1","130526796","130527066","7","123299822"
"chr20","7247059","7247350","chr1","130504464","130504752","29","123257405"
"chr20","7249543","7249844","chr1","130501973","130502271","12","123252430"
"chr20","7314140","7314371","chr1","130434749","130434980","3","123120609"
"chr20","7332268","7332576","chr1","130416044","130416352","6","123083776"
"chr20","7389101","7389335","chr1","130358335","130358569","14","122969234"
"chr20","7403207","7403480","chr1","130345915","130346188","3","122942708"
"chr20","7406745","7406964","chr1","130340525","130340733","18","122933780"
"chr20","7527261","7527558","chr19","31201420","31201719","26","23674159"
"chr20","7530823","7531108","chr1","130214051","130214336","7","122683228"
"chr20","7544195","7544502","chr7","129858559","129858866","40","122314364"
"chr20","7551282","7551587","chr2","98436125","98436433","35","90884843"
"chr20","7559618","7559919","chr15","90917621","90917918","37","83358003"
"chr20","7565596","7565912","chr7","124985534","124985843","55","117419938"
"chr20","7574895","7575207","chr1","130173814","130174129","15","122598919"
"chr20","7575210","7575369","chr16","70198814","70198977","23","62623604"
"chr20","7575666","7575678","chr9","32916732","32916748","8","25341066"
"chr20","7743876","7744171","chr1","130002392","130002687","9","122258516"
"chr20","7807812","7808121","chr1","129936614","129936928","16","122128802"
"chr20","7826687","7826986","chr1","129917037","129917333","13","122090350"
"chr20","7852785","7853092","chr5","39912325","39912634","42","32059540"
"chr20","7917204","7917329","chr1","129824074","129824204","8","121906870"
"chr20","7943032","7943307","chr1","129795808","129796081","9","121852776"
"chr20","7982361","7982668","chr4","24575132","24575437","40","16592771"
"chr20","8011226","8011528","chr1","129722952","129723250","9","121711726"
"chr20","8146135","8146352","chr1","85737563","85737773","38","77591428"
"chr20","8148214","8148523","chr1","129565012","129565321","7","121416798"
"chr20","8178267","8178562","chr1","129536410","129536726","26","121358143"
"chr20","8187712","8188012","chr1","129525964","129526264","6","121338252"
"chr20","8272622","8272796","chr1","1580453","1580620","30","6692169"
"chr20","8273108","8273239","chr2","69032002","69032131","16","60758894"
"chr20","8284837","8285144","chr1","129408672","129408979","20","121123835"
"chr20","8289230","8289514","chr1","129402667","129402957","12","121113437"
"chr20","8301192","8301314","chr1","196367233","196367358","14","188066041"
"chr20","8342432","8342722","chr11","47605843","47606132","35","39263411"
"chr20","8357527","8357824","chr1","129331486","129331787","14","120973959"
"chr20","8411096","8411398","chr7","133142732","133143035","43","124731636"
"chr20","8413017","8413311","chr1","129275010","129275322","21","120861993"
"chr20","8413533","8413753","chr1","129274568","129274788","9","120861035"
"chr20","8419470","8419769","chr1","129267921","129268217","12","120848451"
"chr20","8421007","8421305","chr1","129266196","129266494","7","120845189"
"chr20","8431342","8431355","chr9","32916732","32916748","12","24485390"
"chr20","8431523","8431724","chr5","151165705","151165912","34","142734182"
"chr20","8432725","8432834","chr10","30660002","30660102","28","22227277"
"chr20","8526745","8527101","chr1","129152215","129152545","34","120625470"
"chr20","8528111","8528408","chr2","147844470","147844770","44","139316359"
"chr20","8589875","8590184","chr1","129084750","129085039","26","120494875"
"chr20","8600125","8600410","chr1","129070377","129070662","8","120470252"
"chr20","8626525","8626806","chr15","97061406","97061689","44","88434881"
"chr20","8679073","8679372","chr19","50426132","50426432","40","41747059"
"chr20","8709738","8710041","chr1","128945785","128946072","22","120236047"
"chr20","8729014","8729297","chr1","128924742","128925048","33","120195728"
"chr20","8900856","8901169","chr1","128746847","128747160","5","119845991"
"chr20","9041391","9041698","chr10","85562316","85562613","43","76520925"
"chr20","9297604","9297899","chr1","128348506","128348806","14","119050902"
"chr20","9310599","9310828","chr11","106808702","106808923","38","97498103"
"chr20","9315014","9315233","chr1","128325436","128325653","7","119010422"
"chr20","9440567","9440820","chr10","50833445","50833695","40","41392878"
"chr20","9441675","9441978","chr1","128191691","128191996","19","118750016"
"chr20","9452981","9453299","chr1","128181861","128182187","16","118728880"
"chr20","9481169","9481451","chr1","128149972","128150281","34","118668803"
"chr20","9534338","9534646","chr1","128095547","128095850","13","118561209"
"chr20","9534796","9535104","chr1","128094282","128094557","43","118559486"
"chr20","9586713","9587007","chr1","128033819","128034107","12","118447106"
"chr20","9625844","9626152","chr5","174041357","174041657","34","164415513"
"chr20","9642050","9642300","chr1","127982056","127982300","11","118340006"
"chr20","9678086","9678272","chr11","107989225","107989416","50","98311139"
"chr20","9678297","9678600","chr6","163349643","163349943","43","153671346"
"chr20","9678624","9678919","chr1","26493506","26493804","58","16814882"
"chr20","9741280","9741579","chr1","127884991","127885305","33","118143711"
"chr20","9749388","9749695","chr1","127876556","127876866","15","118127168"
"chr20","9976589","9976884","chr1","127623139","127623432","13","117646550"
"chr20","9987081","9987358","chr1","127612112","127612389","7","117625031"
"chr20","9995831","9996112","chr1","127603401","127603682","5","117607570"
"chr20","10073324","10073625","chr1","127526013","127526327","20","117452689"
"chr20","10075643","10075954","chr1","127517354","127517668","12","117441711"
"chr20","10097809","10098110","chr1","127500538","127500847","15","117402729"
"chr20","10169134","10169437","chr1","127427810","127428109","13","117258676"
"chr20","10204916","10205203","chr10","9882815","9883100","50","322101"
"chr20","10207352","10207643","chr1","127391058","127391349","2","117183706"
"chr20","10207989","10208308","chr1","127390389","127390712","14","117182400"
"chr20","10243498","10243792","chr1","127354881","127355184","18","117111383"
"chr20","10655400","10655598","chr1","126911805","126912008","15","116256405"
"chr20","10935766","10936052","chr13","84277127","84277423","44","73341361"
"chr20","11503807","11504104","chr1","126004905","126005202","3","114501098"
"chr20","11611118","11611431","chr1","125902103","125902416","9","114290985"
"chr20","11660277","11660439","chr1","125855953","125856119","10","114195676"
"chr20","11710568","11710875","chr1","125804835","125805144","8","114094267"
"chr20","11779713","11780009","chr1","125734305","125734599","19","113954592"
"chr20","11812438","11812722","chr1","125693444","125693727","8","113881006"
"chr20","11837086","11837315","chr1","125660308","125660535","7","113823222"
"chr20","11913844","11914111","chr1","125582789","125583053","5","113668945"
"chr20","11926508","11926811","chr1","125569798","125570092","11","113643290"
"chr20","11951758","11952066","chr1","125545534","125545842","5","113593776"
"chr20","11964988","11965262","chr1","125532335","125532621","17","113567347"
"chr20","12012064","12012334","chr1","125485364","125485634","6","113473300"
"chr20","12065336","12065646","chr5","130508515","130508821","43","118443179"
"chr20","12065655","12065948","chr1","125429319","125429613","8","113363664"
"chr20","12074021","12074311","chr1","125420260","125420548","7","113346239"
"chr20","12086249","12086556","chr4","27134375","27134681","35","15048126"
"chr20","12117490","12117772","chr1","125376091","125376401","35","113258601"
"chr20","12163245","12163547","chr1","125327366","125327665","6","113164121"
"chr20","12196743","12197035","chr1","125293009","125293301","17","113096266"
"chr20","12230481","12230789","chr1","125258162","125258469","12","113027681"
"chr20","12233823","12234107","chr1","125254853","125255137","7","113021030"
"chr20","12239939","12240242","chr1","125249298","125249605","15","113009359"
"chr20","12274842","12274969","chr1","125213986","125214113","4","112939144"
"chr20","12276351","12276648","chr1","125212304","125212583","22","112935953"
"chr20","12304364","12304678","chr1","125185164","125185453","30","112880800"
"chr20","12314182","12314470","chr1","125175953","125176242","10","112861771"
"chr20","12343392","12343460","chr8","39826812","39826881","11","27483420"
"chr20","12343760","12343937","chr16","7137504","7137679","28","5206256"
"chr20","12412402","12412676","chr13","112546160","112546432","48","100133758"
"chr20","12420978","12421260","chr4","30421651","30421939","37","18000673"
"chr20","12423497","12423794","chr1","125069628","125069928","9","112646131"
"chr20","12435198","12435495","chr1","101043006","101043300","39","88607808"
"chr20","12435786","12436088","chr5","94774406","94774706","47","82338620"
"chr20","12456286","12456577","chr1","125033377","125033668","7","112577091"
"chr20","12492763","12492948","chr1","124997651","124997842","17","112504888"
"chr20","12500480","12500779","chr1","124987621","124987896","34","112487141"
"chr20","12509254","12509548","chr1","124977785","124978084","14","112468531"
"chr20","12510751","12511064","chr4","16346690","16346998","43","3835939"
"chr20","12516586","12516895","chr1","124970110","124970414","15","112453524"
"chr20","12539193","12539485","chr2","97554674","97554964","37","85015481"
"chr20","12576342","12576623","chr1","124906800","124907084","13","112330458"
"chr20","12577460","12577670","chr6","172715449","172715660","31","160137989"
"chr20","12578930","12579235","chr6","115175277","115175583","32","102596347"
"chr20","12586811","12586975","chr8","6116673","6116831","25","6470138"
"chr20","12602600","12602882","chr1","124875848","124876129","10","112273248"
"chr20","12603528","12603825","chr1","124874955","124875237","24","112271427"
"chr20","12672953","12673039","chr9","37154751","37154839","15","24481798"
"chr20","12765274","12765611","chr1","121635676","121635981","38","108870402"
"chr20","12776288","12776584","chr1","121624088","121624392","20","108847800"
"chr20","12814580","12814877","chr1","121583067","121583364","10","108768487"
"chr20","12817751","12818054","chr1","121580360","121580656","24","108762609"
"chr20","12918730","12919041","chr1","121479570","121479877","16","108560840"
"chr20","12957278","12957578","chr5","577689","577990","65","12379589"
"chr20","13083007","13083300","chr1","121331993","121332286","4","108248986"
"chr20","13389887","13390189","chr1","121197966","121198272","20","107808079"
"chr20","13433696","13433986","chr1","121149031","121149322","11","107715335"
"chr20","13485589","13485899","chr1","121097633","121097942","14","107612044"
"chr20","13615902","13616069","chr2","83722664","83722824","25","70106762"
"chr20","13689761","13689964","chr1","120892632","120892835","5","107202871"
"chr20","13961567","13961844","chr1","120623200","120623473","12","106661633"
"chr20","14602752","14603051","chr1","119961944","119962238","11","105359192"
"chr20","14836632","14836941","chr1","119727219","119727527","5","104890587"
"chr20","15029545","15029838","chr1","119575556","119575857","14","104546011"
"chr20","15188406","15188725","chr1","119404858","119405176","13","104216452"
"chr20","15273562","15273836","chr1","119316178","119316447","18","104042616"
"chr20","15772109","15772389","chr1","118745676","118745956","6","102973567"
"chr20","15829652","15829933","chr2","152224666","152224949","46","136395014"
"chr20","15986415","15986722","chr1","118532382","118532692","11","102545967"
"chr20","16076903","16077293","chr1","118441252","118441638","21","102364349"
"chr20","16333071","16333364","chr1","118179716","118180016","20","101846645"
"chr20","16391392","16391696","chr1","118121691","118121995","12","101730299"
"chr20","16618478","16618765","chr1","117891831","117892099","32","101273353"
"chr20","16741988","16742306","chr4","31107057","31107380","45","14365069"
"chr20","16853929","16854217","chr1","117654370","117654659","17","100800441"
"chr20","16895336","16895588","chr1","117612764","117613016","12","100717428"
"chr20","16980454","16980720","chr1","112665869","112666137","42","95685415"
"chr20","17047383","17047668","chr1","117466315","117466610","22","100418932"
"chr20","17050503","17050803","chr1","117463194","117463495","9","100412691"
"chr20","17061772","17062071","chr1","117451597","117451896","6","100389825"
"chr20","17411890","17412124","chr6","152649773","152650007","39","135237883"
"chr20","17426465","17426754","chr1","117087893","117088179","11","99661428"
"chr20","17559147","17559418","chr1","116953215","116953483","5","99394068"
"chr20","17709846","17710147","chr1","116802235","116802544","12","99092389"
"chr20","17828991","17829296","chr1","116681140","116681453","17","98852149"
"chr20","17851329","17851610","chr16","40438024","40438327","38","22586695"
"chr20","17996530","17996822","chr15","8653996","8654286","50","9342534"
"chr20","18101975","18102284","chr15","8139410","8139720","42","9962565"
"chr20","18436005","18436299","chr1","116067602","116067896","10","97631597"
"chr20","18596788","18597099","chr1","115909181","115909496","13","97312393"
"chr20","18964683","18964846","chr1","115529491","115529654","5","96564808"
"chr20","19029020","19029322","chr11","48612807","48613109","36","29583787"
"chr20","19139912","19140213","chrX","87198842","87199137","43","68058930"
"chr20","19220945","19221242","chr1","115267243","115267542","10","96046298"
"chr20","19223697","19223983","chr1","115264494","115264781","6","96040797"
"chr20","19290197","19290499","chr1","115194600","115194876","41","95904403"
"chr20","19434897","19435211","chr6","137130737","137131047","34","117695840"
"chr20","19668755","19668900","chr3","37998619","37998767","51","18329864"
"chr20","19743326","19743634","chr1","114743495","114743804","7","95000169"
"chr20","19770920","19771218","chr1","114715974","114716273","8","94945054"
"chr20","19781074","19781377","chr1","114706133","114706431","13","94925059"
"chr20","19802509","19802836","chr1","114684718","114685045","9","94882209"
"chr20","19808923","19809145","chr1","114672443","114672643","24","94863520"
"chr20","19814728","19815041","chr1","114666067","114666378","11","94851339"
"chr20","19848060","19848363","chr1","114631949","114632257","10","94783889"
"chr20","19864215","19864501","chr1","114615741","114616031","6","94751526"
"chr20","20022155","20022435","chr15","97061406","97061689","39","77039251"
"chr20","20022478","20022489","chr9","32916732","32916748","11","12894254"
"chr20","20439151","20439458","chr1","114033359","114033686","31","93594208"
"chr20","20442240","20442534","chr5","140935931","140936223","34","120493691"
"chr20","20447876","20448025","chr1","202353928","202354077","20","181906052"
"chr20","20515948","20516250","chr1","113959971","113960273","20","93444023"
"chr20","20524906","20525203","chr1","121583067","121583364","35","101058161"
"chr20","20585528","20585836","chr1","113879467","113879787","21","93293939"
"chr20","20622988","20623265","chr1","158288332","158288608","33","137665344"
"chr20","20627828","20628135","chr14","63751470","63751781","41","43123642"
"chr20","20634440","20634746","chr1","113826498","113826804","8","93192058"
"chr20","20672804","20673002","chr3","160185295","160185496","37","139512491"
"chr20","20673299","20673411","chr3","169410230","169410340","19","148736931"
"chr20","20706012","20706120","chr1","113747050","113747159","3","93041038"
"chr20","20718036","20718343","chr18","40369374","40369685","47","19651338"
"chr20","20724384","20724682","chr1","113735113","113735402","17","93010729"
"chr20","20756704","20756798","chrX","111178670","111178762","13","90421966"
"chr20","20781523","20781812","chr1","113675569","113675866","25","92894046"
"chr20","20788835","20789146","chr1","113667944","113668268","22","92879109"
"chr20","20833637","20833922","chr1","113619578","113619860","12","92785941"
"chr20","20834869","20835005","chrX","101901062","101901192","21","81066193"
"chr20","20835297","20835471","chr15","96440767","96440936","35","75605470"
"chr20","20843213","20843501","chr3","85818144","85818424","38","64974931"
"chr20","20852887","20853196","chr2","147520541","147520850","48","126667654"
"chr20","21013512","21013799","chr1","113432115","113432402","8","92418603"
"chr20","21014639","21014942","chr1","113431022","113431294","39","92416383"
"chr20","21058515","21058796","chr1","113387204","113387493","18","92328689"
"chr20","21071012","21071323","chr2","184554529","184554839","36","163483517"
"chr20","21228946","21229239","chr7","59115867","59116164","41","37886921"
"chr20","21244938","21245239","chr9","93932230","93932526","43","72687292"
"chr20","21447592","21447886","chrX","25734220","25734518","30","4286628"
"chr20","21945283","21945563","chr4","153173836","153174115","44","131228553"
"chr20","21947863","21948159","chr1","112490557","112490853","12","90542694"
"chr20","21966564","21966856","chr1","112471830","112472122","9","90505266"
"chr20","22038230","22038507","chr3","4566458","4566732","44","17471772"
"chr20","22248313","22248620","chr1","112195592","112195904","12","89947279"
"chr20","22442874","22443186","chr1","111998451","111998757","14","89555577"
"chr20","22482127","22482426","chr4","68671582","68671879","37","46189455"
"chr20","22530257","22530559","chr1","111895392","111895694","17","89365135"
"chr20","22594934","22595133","chr18","68692615","68692799","48","46097681"
"chr20","22652630","22652906","chr1","111765949","111766222","9","89113319"
"chr20","22798872","22799001","chr1","111622525","111622660","9","88823653"
"chr20","22981250","22981556","chr1","111439132","111439448","31","88457882"
"chr20","23038982","23039261","chr15","2334429","2334705","42","20704553"
"chr20","23145856","23146155","chr1","111274601","111274900","14","88128745"
"chr20","23185823","23186113","chr1","111233576","111233878","18","88047753"
"chr20","23259066","23259376","chr1","111160457","111160758","23","87901391"
"chr20","23561343","23561656","chr4","44506568","44506874","60","20945225"
"chr20","23875593","23875791","chr20","3914987","3915186","35","19960606"
"chr20","23875828","23875840","chr9","32916732","32916748","12","9040904"
"chr20","23988607","23988913","chr1","110460332","110460637","12","86471725"
"chr20","24081391","24081687","chr1","110366798","110367107","19","86285407"
"chr20","24098191","24098534","chr1","110350099","110350416","41","86251908"
"chr20","24214659","24214964","chr1","110231452","110231763","17","86016793"
"chr20","24232273","24232564","chr1","110213453","110213760","28","85981180"
"chr20","24300472","24300748","chr10","2464208","2464481","78","21836264"
"chr20","24394846","24395037","chr5","58051747","58051930","50","33656901"
"chr20","24395349","24395468","chr17","15740968","15741092","34","8654381"
"chr20","24403487","24403799","chr1","110093568","110093879","21","85690081"
"chr20","24415217","24415523","chr7","7693656","7693965","41","16721561"
"chr20","24563593","24563886","chr1","109959906","109960193","23","85396313"
"chr20","24571621","24571920","chr1","109951305","109951600","14","85379684"
"chr20","24620025","24620345","chr1","109903312","109903634","12","85283287"
"chr20","24630720","24631044","chr1","109903312","109903634","14","85272592"
"chr20","24670735","24671034","chr1","109862601","109862903","10","85191866"
"chr20","24755013","24755302","chr1","109777678","109777968","10","85022665"
"chr20","24759026","24759324","chr19","48174971","48175267","35","23415945"
"chr20","24822046","24822342","chr1","30339159","30339452","46","5517113"
"chr20","24837671","24837820","chr1","109698304","109698454","3","84860633"
"chr20","25006229","25006424","chr12","58646930","58647116","35","33640701"
"chr20","25255427","25255586","chr1","109244867","109245026","2","83989440"
"chr20","25402822","25402976","chr1","109093491","109093637","14","83690669"
"chr20","25423420","25423719","chrX","25734220","25734518","38","310800"
"chr20","25562010","25562317","chr2","64105619","64105928","37","38543609"
"chr20","25635525","25635838","chr1","108848229","108848538","10","83212704"
"chr20","25650989","25651291","chr1","108833154","108833454","12","83182165"
"chr20","25989465","25989759","chr1","108491023","108491322","17","82501558"
"chr20","26939038","26939347","chr12","6396661","6396970","40","20542377"
"chr20","26986705","26986873","chr7","71912441","71912612","40","44925736"
"chr20","27164633","27164919","chr1","107286715","107287027","43","80122082"
"chr20","27365285","27365568","chr5","154319459","154319739","40","126954174"
"chr20","27463509","27463725","chr1","106989662","106989880","13","79526153"
"chr20","28148689","28148999","chr9","37190254","37190557","43","9041565"
"chr20","28189634","28189917","chr13","123723843","123724136","38","95534209"
"chr20","28494867","28495148","chr7","58560427","58560705","47","30065560"
"chr20","28571945","28572236","chr1","105878802","105879060","44","77306857"
"chr20","28614102","28614415","chr1","183240569","183240878","55","154626467"
"chr20","28619495","28619794","chr1","105829441","105829737","31","77209946"
"chr20","29184730","29184968","chr1","105288263","105288497","17","76103533"
"chr20","29815370","29815642","chr1","104643004","104643275","10","74827634"
"chr20","29859970","29860226","chr1","104575129","104575397","23","74715159"
"chr20","30705347","30705653","chr1","103709403","103709710","8","73004056"
"chr20","30827090","30827263","chr1","103581535","103581708","4","72754445"
"chr20","31393361","31393666","chr1","103039233","103039543","16","71645872"
"chr20","31610957","31611086","chr1","102821976","102822105","6","71211019"
"chr20","31631488","31631799","chr1","102795268","102795579","23","71163780"
"chr20","31976014","31976326","chr1","102445927","102446238","16","70469913"
"chr20","32065925","32066078","chr1","102356092","102356246","5","70290167"
"chr20","32145303","32145602","chr1","102276898","102277197","10","70131595"
"chr20","32316236","32316546","chr1","102106956","102107256","15","69790720"
"chr20","32890123","32890424","chr1","101521237","101521538","5","68631114"
"chr20","32978362","32978679","chr1","101433124","101433452","21","68454762"
"chr20","32992887","32993193","chr1","101418670","101418988","25","68425783"
"chr20","33042805","33043102","chr1","101368002","101368302","10","68325197"
"chr20","33142028","33142321","chr4","41367017","41367302","50","8224989"
"chr20","33268307","33268588","chr1","101134147","101134435","16","67865840"
"chr20","33273183","33273506","chrX","96700767","96701069","89","63427584"
"chr20","33299650","33299944","chr1","101107493","101107786","9","67807843"
"chr20","33333052","33333346","chr1","101074549","101074837","17","67741497"
"chr20","33350351","33350659","chr1","101057397","101057694","25","67707046"
"chr20","33364869","33365164","chr1","101043006","101043300","6","67678137"
"chr20","33376856","33377142","chr15","21980716","21981008","57","11396140"
"chr20","33876980","33877289","chr1","100508083","100508366","33","66631103"
"chr20","33981402","33981622","chr4","42970357","42970592","46","8988955"
"chr20","34021225","34021339","chr1","100366221","100366336","4","66344996"
"chr20","34155233","34155445","chr1","3671483","3671698","55","30483750"
"chr20","34166685","34166994","chr1","100218284","100218594","14","66051599"
"chr20","34676874","34677166","chr1","99701788","99702078","12","65024914"
"chr20","35969644","35969944","chr1","98379206","98379511","9","62409562"
"chr20","36158761","36159066","chr9","101784832","101785129","48","65626071"
"chr20","36206734","36207011","chr1","98124877","98125161","30","61918143"
"chr20","36285340","36285645","chr1","98043862","98044169","14","61758522"
"chr20","36378229","36378521","chr19","48174971","48175267","36","11796742"
"chr20","36552025","36552314","chrX","51041887","51042179","38","14489862"
"chr20","36674872","36675174","chr1","97636551","97636860","43","60961679"
"chr20","36824023","36824333","chr1","97483963","97484273","13","60659940"
"chr20","36853139","36853426","chr1","97455271","97455549","23","60602132"
"chr20","37385990","37386292","chr1","217770749","217771048","43","180384759"
"chr20","38072128","38072434","chr1","96177621","96177929","14","58105493"
"chr20","38123224","38123535","chr1","96125387","96125698","9","58002163"
"chr20","38172354","38172664","chr1","96074097","96074407","10","57901743"
"chr20","38238663","38238966","chr1","96007818","96008124","27","57769155"
"chr20","38426807","38427123","chr19","1795332","1795646","50","36631475"
"chr20","38446097","38446393","chr15","90917621","90917918","31","52471524"
"chr20","38530547","38530724","chr1","95714135","95714312","5","57183588"
"chr20","38651584","38651884","chr1","95588828","95589142","20","56937244"
"chr20","38873630","38873934","chr19","48174971","48175267","42","9301341"
"chr20","38932668","38932926","chr1","95297145","95297405","10","56364477"
"chr20","39057674","39057969","chrX","21450812","21451107","41","17606862"
"chr20","39569994","39570290","chr1","94663446","94663743","13","55093452"
"chr20","39727010","39727249","chr1","94506936","94507175","3","54779926"
"chr20","39816069","39816374","chr1","94413679","94413985","9","54597610"
"chr20","39922731","39923023","chr1","94306678","94306971","11","54383947"
"chr20","39993524","39993830","chr1","94232815","94233121","8","54239291"
"chr20","40014737","40015031","chr5","140103285","140103581","38","100088548"
"chr20","40046764","40047037","chr1","94179659","94179933","8","54132895"
"chr20","40080860","40081144","chr1","94144431","94144730","21","54063571"
"chr20","40150796","40151092","chr1","94074088","94074379","14","53923292"
"chr20","40196395","40196708","chr1","94028389","94028702","9","53831994"
"chr20","40271730","40272024","chr1","93955980","93956265","16","53684250"
"chr20","40314513","40314798","chr1","93911749","93912060","33","53597236"
"chr20","40433030","40433330","chr1","93786478","93786785","20","53353448"
"chr20","40481999","40482291","chr1","93742756","93743048","10","53260757"
"chr20","40533268","40533561","chr1","93691043","93691338","9","53157775"
"chr20","40550309","40550607","chr20","26211185","26211483","44","14339124"
"chr20","40707487","40707757","chr1","93522264","93522542","14","52814777"
"chr20","40711938","40712230","chr11","57125657","57125947","59","16413719"
"chr20","40757187","40757529","chr9","87213846","87214165","73","46456659"
"chr20","40799294","40799604","chr10","82360145","82360441","56","41560851"
"chr20","40835598","40835726","chr1","93393191","93393319","3","52557593"
"chr20","40863760","40864044","chr1","93359313","93359597","22","52495553"
"chr20","40991042","40991341","chr1","93232234","93232533","11","52241192"
"chr20","41034036","41034340","chr1","93181446","93181740","24","52147410"
"chr20","41038778","41038924","chr1","29749515","29749661","28","11289263"
"chr20","41039223","41039381","chr9","99135658","99135813","25","58096435"
"chr20","41144161","41144440","chr1","93069668","93069945","10","51925507"
"chr20","41161616","41161767","chr1","93052063","93052212","4","51890447"
"chr20","41174496","41174660","chr1","93038857","93039033","18","51864361"
"chr20","41259658","41259987","chr1","92953700","92954019","22","51694042"
"chr20","41363987","41364305","chr19","40715660","40715971","39","648327"
"chr20","41379584","41379881","chr1","92828952","92829247","17","51449368"
"chr20","41411521","41411805","chr1","92802593","92802876","7","51391072"
"chr20","41539742","41540046","chr1","92674123","92674429","20","51134381"
"chr20","41598204","41598460","chr1","92616917","92617170","7","51018713"
"chr20","41721933","41722225","chr1","92492594","92492885","10","50770661"
"chr20","41847132","41847399","chr1","92367868","92368140","21","50520736"
"chr20","41854228","41854527","chr1","92357562","92357865","12","50503334"
"chr20","42004627","42004930","chr1","92187825","92188134","14","50183198"
"chr20","42106428","42106690","chr1","92077898","92078160","5","49971470"
"chr20","42113240","42113525","chr1","92064995","92065297","29","49951755"
"chr20","42114720","42114775","chr5","129346600","129346655","16","87231880"
"chr20","42142913","42143213","chr1","92037935","92038228","17","49895022"
"chr20","42393900","42394214","chr1","91754981","91755295","7","49361081"
"chr20","42499317","42499620","chr18","38768927","38769219","41","3730390"
"chr20","42516522","42516718","chr1","91629686","91629882","7","49113164"
"chr20","42573239","42573439","chr2","186417722","186417937","37","143844483"
"chr20","42670474","42670798","chr1","91472019","91472340","24","48801545"
"chr20","42778023","42778176","chr1","91364391","91364543","2","48586368"
"chr20","43225906","43226233","chr1","90895622","90895927","33","47669716"
"chr20","43354710","43355013","chr1","90764541","90764855","16","47409831"
"chr20","43450875","43451032","chr1","90665390","90665547","5","47214515"
"chr20","43500721","43501023","chr1","90615887","90616178","22","47115166"
"chr20","43526914","43527127","chr1","90589638","90589851","5","47062724"
"chr20","43546691","43546950","chr4","37457450","37457713","35","6089241"
"chr20","43638252","43638543","chr20","5175934","5176222","43","38462318"
"chr20","43703208","43703523","chr14","48016372","48016681","54","4313164"
"chr20","43893090","43893342","chr1","90222978","90223257","30","46329888"
"chr20","44312357","44312634","chr1","89824159","89824438","9","45511802"
"chr20","44412849","44413163","chr1","89724246","89724560","18","45311397"
"chr20","44508960","44509261","chr1","89627937","89628239","11","45118977"
"chr20","44539592","44539880","chr11","108027697","108027986","44","63488105"
"chr20","44546469","44546769","chr1","89589144","89589457","19","45042675"
"chr20","44548731","44548878","chr6","118045458","118045604","25","73496727"
"chr20","44563432","44563655","chr5","154614403","154614622","37","110050971"
"chr20","44565499","44565798","chr11","44430303","44430603","38","135196"
"chr20","44600993","44601282","chr1","89534663","89534958","20","44933670"
"chr20","44621729","44621855","chr16","54872371","54872493","25","10250642"
"chr20","44711277","44711585","chr1","25193138","25193447","50","19518139"
"chr20","44722404","44722699","chr12","59701117","59701422","52","14978713"
"chr20","44735672","44735971","chr15","104870077","104870378","41","60134405"
"chr20","45045107","45045378","chr1","202369567","202369834","52","157324460"
"chr20","45533888","45534193","chr1","88721848","88722157","10","43187960"
"chr20","45807243","45807615","chr1","88444222","88444533","74","42636979"
"chr20","45976557","45976863","chr1","22001594","22001900","38","23974963"
"chr20","46441857","46442135","chr1","87792105","87792403","30","41350248"
"chr20","46551006","46551292","chr1","87680830","87681123","15","41129824"
"chr20","46584782","46584903","chr1","87646767","87646888","2","41061985"
"chr20","46734686","46734993","chr1","87503316","87503620","18","40768630"
"chr20","46821170","46821461","chr1","87387003","87387291","7","40565833"
"chr20","46823323","46823596","chr1","87384545","87384818","6","40561222"
"chr20","46874627","46874644","chr13","77378324","77378343","11","30503697"
"chr20","46874683","46874973","chr1","87328632","87328923","10","40453949"
"chr20","46888887","46889188","chr1","87320335","87320644","15","40431448"
"chr20","47057862","47058160","chrX","51165804","51166099","40","4107942"
"chr20","47136221","47136513","chr1","87068734","87069026","10","39932513"
"chr20","47294090","47294391","chr1","86909122","86909425","8","39615032"
"chr20","47520193","47520446","chr1","86685341","86685595","7","39165148"
"chr20","47584680","47584968","chr1","86619631","86619931","26","39034951"
"chr20","47738763","47739073","chr1","86467936","86468236","19","38729173"
"chr20","47802445","47802731","chr1","86403824","86404109","14","38601379"
"chr20","47865768","47865986","chr1","86330271","86330489","5","38464503"
"chr20","47936154","47936456","chr1","86258769","86259070","9","38322615"
"chr20","48038669","48038971","chr1","86156648","86156941","11","38117979"
"chr20","48184074","48184346","chr1","86011138","86011417","16","37827064"
"chr20","48280691","48280788","chr1","85914736","85914845","12","37634045"
"chr20","48456572","48456761","chr1","85737563","85737773","28","37280991"
"chr20","48458909","48459203","chr1","85735120","85735429","34","37276211"
"chr20","48539411","48539702","chr1","85654556","85654851","8","37115145"
"chr20","48550130","48550432","chr1","85643775","85644073","21","37093645"
"chr20","48811269","48811545","chr12","46659194","46659476","39","2152075"
"chr20","48870684","48870970","chr1","85326034","85326320","4","36455350"
"chr20","49245426","49245713","chr7","2033478","2033755","49","47211948"
"chr20","49325302","49325547","chr3","31622022","31622275","43","17703280"
"chr20","49412260","49412552","chr3","38837512","38837806","37","10574748"
"chr20","49836330","49836614","chr15","101909506","101909787","41","52073176"
"chr20","49836640","49836657","chr9","32916732","32916748","12","16919908"
"chr20","50633972","50634244","chr1","84681134","84681433","35","34047162"
"chr20","50956263","50956534","chr1","213558170","213558454","55","162601907"
"chr20","51117259","51117513","chr1","84190322","84190576","10","33073063"
"chr20","51141929","51142225","chr1","84164474","84164774","10","33022545"
"chr20","51435334","51435620","chr1","83871075","83871379","25","32435741"
"chr20","51464296","51464583","chr1","83845105","83845392","14","32380809"
"chr20","51581578","51581880","chr2","172520565","172520867","37","120938987"
"chr20","51738514","51738730","chr1","202123535","202123748","32","150385021"
"chr20","51848486","51848792","chr1","83459613","83459915","11","31611127"
"chr20","51935694","51935941","chr1","83372868","83373079","47","31437174"
"chr20","51957554","51957855","chr16","49613472","49613771","37","2344082"
"chr20","52876416","52876643","chr1","82414375","82414601","9","29537959"
"chr20","53106131","53106283","chr1","82181491","82181641","8","29075360"
"chr20","53183292","53183546","chr8","2130123","2130377","42","51053169"
"chr20","53387431","53387735","chr1","81898665","81898994","43","28511234"
"chr20","53702278","53702572","chr1","81579874","81580173","21","27877596"
"chr20","54080027","54080336","chr18","9725177","9725488","44","44354850"
"chr20","54268321","54268589","chr1","81015944","81016218","32","26747623"
"chr20","54552160","54552469","chr1","80725250","80725552","25","26173090"
"chr20","54855128","54855434","chr1","80415888","80416166","38","25560760"
"chr20","54987509","54987685","chr1","80290452","80290628","7","25302943"
"chr20","55044367","55044660","chr2","172786445","172786738","42","117742078"
"chr20","55117045","55117213","chr1","80158268","80158443","11","25041223"
"chr20","55163347","55163656","chr1","80114378","80114688","9","24951031"
"chr20","55179749","55179920","chr1","80158268","80158443","29","24978519"
"chr20","55279696","55279987","chr1","79995006","79995286","25","24715310"
"chr20","55404435","55404738","chr7","79517685","79517981","36","24113250"
"chr20","55459902","55460131","chr1","79816039","79816263","15","24356137"
"chr20","55506659","55506946","chr1","79766932","79767216","20","24260273"
"chr20","55636505","55636813","chr1","79636090","79636398","18","23999585"
"chr20","55651401","55651680","chr1","79621181","79621462","18","23969780"
"chr20","55656511","55656810","chr1","79616133","79616430","16","23959622"
"chr20","55838115","55838397","chr1","79421148","79421426","11","23583033"
"chr20","55840365","55840667","chr1","79418880","79419161","31","23578515"
"chr20","55842054","55842351","chr19","46545778","46546071","46","9296276"
"chr20","55851804","55852099","chr1","79406940","79407245","27","23555136"
"chr20","55920873","55921180","chr1","79337988","79338288","13","23417115"
"chr20","55945608","55945833","chr1","79314473","79314697","5","23368865"
"chr20","56027152","56027448","chr6","66175498","66175798","42","10148346"
"chr20","56612564","56612826","chr1","78642745","78643007","5","22030181"
"chr20","56638774","56639062","chr1","78616749","78617046","20","21977975"
"chr20","56835236","56835524","chr1","78415898","78416197","30","21580662"
"chr20","57001073","57001371","chr1","78249802","78250105","15","21248729"
"chr20","57398141","57398437","chr19","43211262","43211569","42","14186879"
"chr20","57827956","57828236","chr19","40755427","40755707","34","17072529"
"chr20","57829454","57829743","chr17","28117040","28117323","57","29712414"
"chr20","57881034","57881331","chr7","109076937","109077236","47","51195903"
"chr20","58226930","58227213","chr10","77350859","77351141","41","19123929"
"chr20","58227255","58227272","chr9","32916732","32916748","12","25310523"
"chr20","58628747","58629044","chr1","76591412","76591709","8","17962665"
"chr20","59803173","59803459","chr7","156498389","156498685","46","96695216"
"chr20","59881375","59881667","chr1","75329674","75329969","13","15448299"
"chr20","60169322","60169625","chr1","75039362","75039685","34","14870040"
"chr20","60199766","60200038","chr1","75008711","75008992","18","14808945"
"chr20","60229001","60229287","chr1","74978929","74979187","50","14749928"
"chr20","60899835","60900158","chr1","141122821","141123139","62","80222986"
"chr20","61048776","61049082","chr1","74155071","74155384","10","13106295"
"chr20","61176567","61176875","chr1","74024561","74024868","9","12847994"
"chr20","61333575","61333876","chr1","73868577","73868894","23","12535002"
"chr20","61406090","61406308","chr9","89347942","89348149","59","27941852"
"chr20","61723241","61723545","chr7","109057983","109058292","49","47334742"
"chr20","62271754","62271971","chr1","72919673","72919892","14","10647919"
"chr20","62278329","62278632","chr4","149992480","149992782","49","87714151"
"chr20","62366373","62366587","chr1","72825194","72825408","7","10458821"
"chr20","62667964","62668245","chr1","72514074","72514334","33","9846110"
"chr20","62744342","62744638","chr1","72439475","72439771","7","9695133"
"chr20","62812067","62812369","chr1","72366752","72367056","10","9554685"
"chr20","62861197","62861345","chr1","72316825","72316973","4","9455628"
"chr20","62963417","62963714","chr1","72215200","72215505","19","9251783"
"chr20","63101322","63101626","chr1","72076670","72076967","12","8975348"
"chr20","63182078","63182388","chr2","184554529","184554839","35","121372451"
"chr20","63445925","63446237","chr1","71737248","71737560","17","8291323"
"chr20","63625159","63625458","chr1","71551237","71551538","15","7926078"
"chr20","63675329","63675612","chr1","71501273","71501556","12","7825944"
"chr20","64131093","64131386","chr1","71056992","71057298","21","6925899"
"chr20","64177417","64177690","chr1","71010649","71010926","11","6833232"
"chr20","64222745","64222994","chr1","70965189","70965438","12","6742444"
"chr20","64619314","64619585","chr7","155788835","155789119","60","91169521"
"chr20","64805887","64806186","chr1","70373527","70373831","12","5567640"
"chr20","64841568","64841860","chr1","70337753","70338056","25","5496185"
"chr20","64860942","64861240","chr1","70318161","70318454","8","5457219"
"chr20","64993896","64994213","chr1","42353131","42353436","49","22640765"
"chr20","65417191","65417492","chr1","69758552","69758853","3","4341361"
"chr20","65529932","65530248","chr1","69644551","69644857","19","4114619"
"chr20","65597745","65598048","chr12","80500631","80500931","43","14902886"
"chr20","65607548","65607849","chr1","69566306","69566613","16","3958758"
"chr20","65633423","65633715","chrX","28745828","28746133","60","36887595"
"chr20","65687181","65687455","chr1","69485660","69485939","13","3798479"
"chr20","65713212","65713391","chr15","9751487","9751670","26","55961725"
"chr20","65781399","65781691","chr1","69391340","69391638","13","3609941"
"chr20","66177250","66177549","chr1","68981835","68982136","8","2804585"
"chr20","66280451","66280733","chr15","21005394","21005682","50","45275057"
"chr20","66894122","66894429","chr11","107672055","107672367","42","40777933"
"chr20","67048438","67048747","chr1","68104295","68104604","8","1055857"
"chr20","67063244","67063551","chr15","27127503","27127808","43","39935741"
"chr20","67399266","67399546","chr16","25124257","25124537","37","42275009"
"chr20","67598693","67598988","chr1","67559257","67559554","8","39436"
"chr20","67606969","67607261","chr1","67550948","67551256","24","56021"
"chr20","67699857","67700166","chr1","67457839","67458146","6","242018"
"chr20","67784178","67784473","chr1","67373254","67373554","15","410924"
"chr20","67823685","67823986","chr7","118251449","118251743","50","50427764"
"chr20","67872267","67872569","chr1","67286098","67286406","26","586169"
"chr20","67900756","67901061","chr1","67257955","67258234","32","642801"
"chr20","67928990","67929139","chr7","129090498","129090652","29","61161508"
"chr20","68018990","68019299","chr1","67135079","67135388","13","883911"
"chr20","68029411","68029710","chr1","67124697","67124996","12","904714"
"chr20","68046130","68046419","chr1","67107990","67108279","3","938140"
"chr20","68095964","68096267","chr1","67059492","67059789","13","1036472"
"chr20","68448173","68448464","chr14","17001883","17002179","39","51446290"
"chr20","68627372","68627676","chr1","66534307","66534613","12","2093065"
"chr20","68791942","68792125","chr1","66368077","66368251","12","2423865"
"chr20","68816857","68817148","chr1","66341386","66341675","12","2475471"
"chr20","69134028","69134323","chr1","66051750","66052033","16","3082278"
"chr20","69282826","69283090","chr1","65903690","65903954","13","3379136"
"chr20","69688415","69688575","chr1","65486994","65487154","3","4201421"
"chr20","69777874","69778160","chr1","65396419","65396712","13","4381455"
"chr20","69779602","69779787","chr1","65394784","65394959","25","4384818"
"chr20","69787920","69788224","chr6","52574114","52574421","39","17213806"
"chr20","69788644","69788958","chr4","27134375","27134681","39","42654269"
"chr20","69900511","69900817","chr12","6396661","6396970","47","63503850"
"chr20","69900968","69901214","chr4","64392909","64393147","59","5508059"
"chr20","69931701","69932012","chr13","92506225","92506533","42","22574524"
"chr20","70051519","70051842","chr1","65116415","65116725","26","4935104"
"chr20","70057854","70058144","chr1","65110075","65110370","18","4947779"
"chr20","70102489","70102731","chr18","12679863","12680106","32","57422626"
"chr20","70151853","70152136","chr4","76028673","76028956","43","5876820"
"chr20","70249978","70250272","chr19","48174971","48175267","41","22075007"
"chr20","70271174","70271472","chr1","64892038","64892332","7","5379136"
"chr20","70292567","70292765","chr15","35680402","35680600","32","34612165"
"chr20","70319384","70319684","chrX","91196525","91196830","50","20877141"
"chr20","70416354","70416609","chr1","64746988","64747250","23","5669366"
"chr20","70641945","70642118","chr19","3336615","3336785","35","67305330"
"chr20","70789727","70790032","chr1","64370376","64370673","16","6419351"
"chr20","70806508","70806808","chr1","64353555","64353866","17","6452953"
"chr20","70827063","70827239","chr1","64332896","64333071","8","6494167"
"chr20","70848408","70848702","chr1","64307586","64307879","10","6540822"
"chr20","70859219","70859326","chr1","64296650","64296757","2","6562569"
"chr20","70925348","70925527","chr1","64225524","64225703","2","6699824"
"chr20","70946005","70946301","chr1","64203887","64204184","14","6742118"
"chr20","70976069","70976303","chr1","64171499","64171728","11","6804570"
"chr20","71036002","71036308","chr1","64112174","64112482","14","6923828"
"chr20","71038684","71038992","chr6","121656199","121656500","42","50617515"
"chr20","71110908","71111209","chr1","64029227","64029528","6","7081681"
"chr20","71163224","71163521","chr1","63976691","63976990","12","7186533"
"chr20","71181309","71181596","chr1","63958953","63959229","20","7222356"
"chr20","71216926","71217146","chr1","63922800","63923028","19","7294126"
"chr20","71270970","71271265","chr1","63866127","63866421","5","7404843"
"chr20","71383836","71384145","chr1","63748584","63748890","9","7635252"
"chr20","71544031","71544250","chr1","63589105","63589325","5","7954926"
"chr20","71642428","71642733","chr1","63488847","63489152","17","8153581"
"chr20","71818449","71818768","chr1","63312842","63313158","12","8505607"
"chr20","71842955","71843252","chr1","63287682","63287981","31","8555273"
"chr20","71846036","71846333","chr15","90917621","90917918","40","19071585"
"chr20","71847452","71847672","chr1","63283264","63283480","13","8564188"
"chr20","71985850","71986170","chr7","157069473","157069776","55","85083623"
"chr20","72972709","72973003","chr1","62172613","62172903","11","10800096"
"chr20","73150616","73150906","chr1","61990466","61990774","25","11160150"
"chr20","73156970","73157261","chr10","81667311","81667605","33","8510341"
"chr20","73543044","73543327","chr1","61592858","61593166","31","11950186"
"chr20","73617361","73617673","chr1","61520561","61520878","20","12096800"
"chr20","73930950","73931230","chr1","61206325","61206618","22","12724625"
"chr20","74163552","74163846","chr1","60974783","60975071","13","13188769"
"chr20","74285600","74285729","chr11","50202051","50202180","8","24083549"
"chr20","74292394","74292562","chr1","19775982","19776154","36","54516412"
"chr20","74292863","74292995","chr1","137395099","137395229","12","63102236"
"chr20","75236292","75236566","chr1","59899112","59899386","2","15337180"
"chr20","75313785","75314088","chr1","59820437","59820745","17","15493348"
"chr20","75488912","75489214","chr1","59643242","59643552","20","15845670"
"chr20","75753599","75753909","chr4","101122896","101123205","42","25369297"
"chr20","75929504","75929825","chr1","59204488","59204795","24","16725016"
"chr20","76305569","76305882","chr1","58838135","58838432","26","17467434"
"chr20","76330638","76330934","chr1","58811966","58812274","22","17518672"
"chr20","76361980","76362277","chr1","58780143","58780440","5","17581837"
"chr20","76373865","76374167","chr1","58767997","58768310","22","17605868"
"chr20","76392254","76392558","chr1","58749999","58750305","17","17642255"
"chr20","76724944","76725252","chr1","58432799","58433101","16","18292145"
"chr20","77686173","77686425","chr1","57465389","57465641","7","20220784"
"chr20","77686692","77687021","chr1","57464798","57465125","25","20221894"
"chr20","77701441","77701718","chr1","57450009","57450310","28","20251432"
"chr20","77769061","77769352","chr2","137182056","137182347","42","59412995"
"chr20","77785083","77785387","chr1","57365610","57365910","11","20419473"
"chr20","77888560","77888752","chr11","15461497","15461686","31","62427063"
"chr20","77933717","77933983","chr1","57219147","57219413","6","20714570"
"chr20","77976094","77976247","chr12","70239246","70239402","32","7736848"
"chr20","78003503","78003784","chr1","57148481","57148761","13","20855022"
"chr20","78283496","78283794","chr6","163349643","163349943","38","85066147"
"chr20","78361691","78361853","chr5","72428343","72428500","32","5933348"
"chr20","78375199","78375506","chr1","56768250","56768557","11","21606949"
"chr20","78377406","78377713","chr1","56766086","56766392","8","21611320"
"chr20","78404656","78404970","chr1","56741737","56742058","30","21662919"
"chr20","78421547","78421713","chr5","167433704","167433877","27","89012157"
"chr20","78448036","78448324","chr1","56696308","56696596","9","21751728"
"chr20","78462583","78462887","chr1","56680777","56681081","4","21781806"
"chr20","78478767","78479070","chr11","47131317","47131621","30","31347450"
"chr20","78491167","78491412","chr1","56651887","56652132","5","21839280"
"chr20","78499690","78499798","chr4","41178524","41178642","25","37321166"
"chr20","78538498","78538766","chr1","56612847","56613135","28","21925651"
"chr20","78586890","78587012","chr1","147943777","147943901","23","69356887"
"chr20","78587329","78587399","chr20","459004","459074","14","78128325"
"chr20","78732516","78732798","chr1","56419726","56420009","9","22312790"
"chr20","78881582","78881867","chr1","56269043","56269329","11","22612539"
"chr20","78997946","78998115","chr1","56150277","56150446","6","22847669"
"chr20","78998116","78998425","chr1","56149967","56150276","7","22848149"
"chr20","79041741","79042052","chr1","56106334","56106635","22","22935407"
"chr20","79107009","79107315","chr1","56040563","56040873","8","23066446"
"chr20","79426586","79426879","chr1","55718416","55718714","11","23708170"
"chr20","79486760","79487066","chr1","55657027","55657326","23","23829733"
"chr20","79878971","79879267","chr1","55263731","55264029","6","24615240"
"chr20","79886919","79887080","chr13","16802104","16802262","42","63084815"
"chr20","79907045","79907349","chr1","55238432","55238726","27","24668613"
"chr20","79921673","79921712","chr6","115876586","115876628","10","35954913"
"chr20","79948211","79948515","chr6","72868236","72868535","38","7079975"
"chr20","80049178","80049465","chr1","55093332","55093617","12","24955846"
"chr20","80088268","80088573","chr1","55046751","55047061","28","25041517"
"chr20","80110622","80110929","chr1","55024229","55024536","8","25086393"
"chr20","80145551","80145841","chr20","19617276","19617564","46","60528275"
"chr20","80153597","80153886","chr1","54983515","54983802","9","25170082"
"chr20","80168986","80169012","chr7","145790583","145790608","12","65621597"
"chr20","80170796","80171079","chr1","197316320","197316599","59","117145524"
"chr20","80218136","80218430","chr1","54915752","54916046","8","25302384"
"chr20","80221159","80221335","chr16","32682137","32682310","29","47539022"
"chr20","80251055","80251373","chr1","54877237","54877554","15","25373818"
"chr20","80253771","80254044","chr10","62691181","62691448","48","17562590"
"chr20","80327471","80327781","chr1","54803894","54804203","14","25523577"
"chr20","80443362","80443647","chr1","54680604","54680898","13","25762758"
"chr20","80498235","80498536","chr1","54626288","54626584","17","25871947"
"chr20","80499697","80500000","chr4","136629502","136629801","42","56129805"
"chr20","80505173","80505480","chr1","54620116","54620415","18","25885057"
"chr20","80508756","80509053","chr9","36355577","36355878","41","44153179"
"chr20","80828536","80828567","chr7","145790583","145790608","12","64962047"
"chr20","80828874","80829035","chr7","145642119","145642281","24","64813245"
"chr20","80842248","80842543","chr1","54292015","54292309","11","26550233"
"chr20","80846401","80846705","chr1","54287988","54288292","13","26558413"
"chr20","80857070","80857206","chr1","54276574","54276710","3","26580496"
"chr20","80896621","80896927","chr1","54236404","54236713","11","26660217"
"chr20","80924028","80924335","chr1","54208022","54208332","8","26716006"
"chr20","80954342","80954643","chr1","54177128","54177426","17","26777214"
"chr20","80971128","80971420","chr1","54161311","54161598","31","26809817"
"chr20","80983656","80983957","chr10","71880315","71880618","37","9103341"
"chr20","81084202","81084491","chr1","54046490","54046791","15","27037712"
"chr20","81110695","81110989","chr1","54017419","54017712","8","27093276"
"chr20","81152031","81152196","chr1","53977567","53977731","1","27174464"
"chr20","81240422","81240729","chr1","53889144","53889446","14","27351278"
"chr20","81280902","81281213","chr1","53853258","53853565","10","27427644"
"chr20","81328386","81328552","chr4","36547209","36547376","30","44781177"
"chr20","81361771","81362080","chr1","53771431","53771731","13","27590340"
"chr20","81383273","81383573","chr1","53750491","53750799","14","27632782"
"chr20","81394841","81395070","chr15","96960301","96960533","44","15565460"
"chr20","81414360","81414460","chr1","53719397","53719504","10","27694963"
"chr20","81426704","81426978","chr3","109933051","109933327","57","28506347"
"chr20","81468151","81468445","chr1","53665897","53666198","13","27802254"
"chr20","81495985","81496263","chr10","26189400","26189678","43","55306585"
"chr20","81647591","81647892","chr8","103434813","103435108","41","21787222"
"chr20","81702947","81703077","chr6","174378395","174378524","17","92675448"
"chr20","81734779","81735079","chr1","53397965","53398267","11","28336814"
"chr20","81739182","81739340","chr15","39430190","39430340","30","42308992"
"chr20","81792290","81792585","chr1","53340142","53340444","16","28452148"
"chr20","81945269","81945560","chr1","53176750","53177053","15","28768519"
"chr20","81977527","81977834","chr1","53145077","53145380","12","28832450"
"chr20","82007741","82008023","chr1","53113973","53114255","2","28893768"
"chr20","82008036","82008324","chr1","53113671","53113960","11","28894365"
"chr20","82017391","82017688","chr1","53104611","53104914","16","28912780"
"chr20","82062061","82062364","chr1","53053089","53053391","7","29008972"
"chr20","82081015","82081334","chr1","53033522","53033840","8","29047493"
"chr20","82178097","82178385","chrX","122706819","122707108","49","40528722"
"chr20","82269539","82269830","chr1","52850223","52850516","9","29419316"
"chr20","82270433","82270567","chr1","52849480","52849614","0","29420953"
"chr20","82296693","82297001","chr1","52823293","52823594","19","29473400"
"chr20","82404089","82404399","chr1","52710917","52711207","25","29693172"
"chr20","82844841","82845139","chr1","52274457","52274754","8","30570384"
"chr20","83878405","83878687","chr1","51212797","51213102","26","32665608"
"chr20","83904910","83905217","chr1","51186067","51186370","7","32718843"
"chr20","84004039","84004363","chr1","86338655","86338977","51","2334616"
"chr20","84240274","84240561","chr1","50851272","50851554","16","33389002"
"chr20","84268027","84268334","chr1","50813291","50813593","12","33454736"
"chr20","84400399","84400720","chr1","50682013","50682335","6","33718386"
"chr20","84927786","84928095","chr1","50146192","50146502","16","34781594"
"chr20","85550849","85551138","chr1","49519883","49520176","5","36030966"
"chr20","85553548","85553855","chr1","49517167","49517475","10","36036381"
"chr20","85592383","85592666","chr1","49478677","49478960","8","36113706"
"chr20","85596715","85597004","chr1","49474032","49474323","7","36122683"
"chr20","85599136","85599338","chr1","49471672","49471874","1","36127464"
"chr20","85607587","85607880","chr1","49462924","49463215","10","36144663"
"chr20","85612858","85613143","chr1","49457681","49457962","8","36155177"
"chr20","85614584","85614865","chr1","49455957","49456238","8","36158627"
"chr20","85641499","85641687","chr1","49427854","49428042","7","36213645"
"chr20","85786086","85786378","chr1","49281965","49282256","4","36504121"
"chr20","85829743","85830065","chr2","184554529","184554839","61","98724786"
"chr20","86149980","86150290","chr1","48900495","48900805","4","37249485"
"chr20","86182765","86183075","chr1","48867065","48867371","11","37315700"
"chr20","86221299","86221604","chr1","48828259","48828571","22","37393040"
"chr20","86388026","86388285","chr1","48659548","48659825","43","37728478"
"chr20","86389887","86390191","chr1","48657614","48657918","8","37732273"
"chr20","86433084","86433255","chr1","48612301","48612472","6","37820783"
"chr20","86626290","86626466","chr1","48426723","48426899","6","38199567"
"chr20","86675211","86675515","chr6","165302895","165303199","48","78627684"
"chr20","86682342","86682647","chr1","48369164","48369470","8","38313178"
"chr20","86693068","86693363","chr20","67506862","67507158","41","19186206"
"chr20","86696211","86696518","chr1","48354714","48355015","13","38341497"
"chr20","86733200","86733397","chr1","48318252","48318453","8","38414948"
"chr20","86834125","86834407","chr1","48216462","48216744","6","38617663"
"chr20","86843401","86843676","chr15","31891084","31891361","49","54952317"
"chr20","86955849","86956147","chr1","48095472","48095771","8","38860377"
"chr20","86998178","86998473","chr1","48052722","48053017","6","38945456"
"chr20","87042210","87042502","chr2","181676805","181677094","38","94634595"
"chr20","87056349","87056534","chr9","75763059","75763246","43","11293290"
"chr20","87075261","87075569","chr1","47966964","47967278","17","39108297"
"chr20","87101395","87101705","chr1","47938861","47939162","13","39162534"
"chr20","87104225","87104442","chr1","47935792","47936008","8","39168433"
"chr20","87110478","87110807","chr1","47929420","47929735","23","39181058"
"chr20","87125385","87125704","chr3","68390547","68390835","50","18734838"
"chr20","87126921","87127214","chr1","47915975","47916268","7","39210946"
"chr20","87137396","87137691","chr1","47905194","47905490","5","39232202"
"chr20","87225569","87225824","chr11","43086623","43086886","44","44138946"
"chr20","87265534","87265783","chr1","47767278","47767514","17","39498256"
"chr20","87265958","87266251","chr1","47766796","47767089","3","39499162"
"chr20","87275765","87275969","chr1","47757194","47757395","13","39518571"
"chr20","87358042","87358323","chr5","109560111","109560393","35","22202069"
"chr20","87470637","87470936","chr1","27513704","27514001","43","59956933"
"chr20","87474437","87474737","chr1","47553624","47553926","10","39920813"
"chr20","87475667","87475929","chr1","47550041","47550302","6","39925626"
"chr20","87504571","87504789","chr10","82029036","82029256","45","5475535"
"chr20","87523389","87523676","chr8","76039822","76040107","49","11483567"
"chr20","87551854","87552164","chr1","47544649","47544957","11","40007205"
"chr20","87558087","87558388","chr13","31404135","31404435","33","56153952"
"chr20","87592069","87592364","chr1","47517113","47517400","14","40074956"
"chr20","87643641","87643806","chr1","47458911","47459072","8","40184730"
"chr20","87647690","87648056","chr1","47454711","47455019","69","40192979"
"chr20","87677711","87678018","chr1","47423678","47423959","43","40254033"
"chr20","87781636","87781940","chr1","47319739","47320039","13","40461897"
"chr20","87808538","87808681","chr4","41177678","41177819","20","46630860"
"chr20","87808682","87808898","chr1","30956125","30956338","32","56852557"
"chr20","87823261","87823568","chr1","12315378","12315678","55","75507883"
"chr20","87885814","87886119","chr17","19447899","19448205","43","68437915"
"chr20","87913804","87914074","chr1","47199575","47199845","7","40714229"
"chr20","87914137","87914438","chr1","47199040","47199335","16","40715097"
"chr20","87932169","87932454","chr1","47181297","47181596","23","40750872"
"chr20","87936000","87936242","chr10","85826598","85826852","43","2109402"
"chr20","87949473","87949763","chr13","116549029","116549323","43","28599556"
"chr20","87957068","87957377","chr1","47155194","47155503","15","40801874"
"chr20","87964511","87964662","chr1","47149088","47149239","2","40815423"
"chr20","87977291","87977448","chr9","101801419","101801569","48","13824128"
"chr20","88022727","88023023","chr18","38721921","38722211","47","49300806"
"chr20","88024736","88024905","chr16","58051185","58051354","30","29973551"
"chr20","88401174","88401469","chrX","41614249","41614541","42","46786925"
"chr20","88429360","88429660","chr1","46669558","46669868","20","41759802"
"chr20","88441196","88441495","chr1","46657434","46657737","15","41783762"
"chr20","88556306","88556613","chr1","46542208","46542513","9","42014098"
"chr20","88652834","88653122","chr1","46441152","46441443","5","42211682"
"chr20","88728836","88729112","chr1","46375870","46376146","6","42352966"
"chr20","88738934","88739201","chr1","125582789","125583053","43","36843855"
"chr20","88999795","88999999","chr15","39024695","39024895","33","49975100"
"chr20","89075964","89076240","chr1","46032324","46032600","18","43043640"
"chr20","89298520","89298834","chr1","45807108","45807422","1","43491412"
"chr20","89314736","89315042","chr1","45790037","45790354","29","43524699"
"chr20","89413431","89413713","chr1","45688535","45688832","22","43724896"
"chr20","89414690","89414975","chr1","45687282","45687569","7","43727408"
"chr20","89779413","89779540","chr1","45322777","45322909","10","44456636"
"chr20","89935450","89935761","chr1","45163253","45163564","10","44772197"
"chr20","89948060","89948333","chr3","44099084","44099346","52","45848976"
"chr20","89955014","89955299","chr1","45141748","45142031","8","44813266"
"chr20","90001931","90002228","chr6","131582564","131582855","45","41580633"
"chr20","90027968","90028261","chr1","45068699","45069004","16","44959269"
"chr20","90045739","90045989","chr1","45047654","45047899","11","44998085"
"chr20","90150865","90151164","chr1","44932130","44932427","16","45218735"
"chr20","90164125","90164452","chr1","44918250","44918545","38","45245875"
"chr20","90179337","90179637","chr1","44902778","44903077","7","45276559"
"chr20","90371999","90372276","chr1","44710189","44710458","16","45661810"
"chr20","90389172","90389363","chr1","44693083","44693274","2","45696089"
"chr20","90446501","90446795","chr1","44634483","44634777","7","45812018"
"chr20","90476737","90477020","chr1","44603785","44604068","8","45872952"
"chr20","90553893","90554190","chr6","173411078","173411365","41","82857185"
"chr20","90576515","90576817","chr1","44508365","44508668","8","46068150"
"chr20","90625156","90625448","chr1","44459697","44459992","12","46165459"
"chr20","90633348","90633642","chr1","44451471","44451765","8","46181877"
"chr20","90987600","90987897","chr1","44080217","44080512","8","46907383"
"chr20","91009529","91009824","chr1","44058298","44058593","7","46951231"
"chr20","91142099","91142401","chr1","43934107","43934410","8","47207992"
"chr20","91439824","91440108","chr1","43629286","43629578","18","47810538"
"chr20","91583915","91584142","chr1","43513408","43513630","10","48070507"
"chr20","91683213","91683516","chr1","43415258","43415559","7","48267955"
"chr20","91826688","91827006","chr1","43260285","43260588","21","48566403"
"chr20","91860280","91860571","chr12","89987650","89987940","58","1872630"
"chr20","91884346","91884653","chr1","43206634","43206939","16","48677712"
"chr20","91904359","91904662","chr1","43187061","43187366","8","48717298"
"chr20","91947090","91947331","chr3","82725909","82726158","60","9221181"
"chr20","91971926","91972207","chr1","43119157","43119461","29","48852769"
"chr20","91975810","91976113","chr1","43115436","43115745","16","48860374"
"chr20","91979591","91979886","chr18","18732837","18733130","32","73246754"
"chr20","92037969","92038259","chr12","13201205","13201488","34","78836764"
"chr20","92225174","92225467","chr1","42861634","42861927","8","49363540"
"chr20","92228052","92228357","chrX","128231874","128232180","29","36003822"
"chr20","92331228","92331525","chr2","69382253","69382552","39","22948975"
"chr20","92348405","92348688","chr1","42735910","42736186","12","49612495"
"chr20","92476495","92476805","chr1","42605020","42605322","19","49871475"
"chr20","92480717","92481014","chr9","24166465","24166759","39","68314252"
"chr20","92484786","92484918","chr1","113374605","113374734","14","20889819"
"chr20","92485215","92485397","chr12","58646930","58647116","38","33838285"
"chr20","92492155","92492322","chr1","1580453","1580620","28","90911702"
"chr20","92518433","92518643","chr1","42562799","42563018","14","49955634"
"chr20","92613820","92614117","chr1","42485957","42486238","26","50127863"
"chr20","92616393","92616673","chr7","14923032","14923315","39","77693361"
"chr20","92616708","92616718","chr9","32916732","32916748","11","59699976"
"chr20","92689114","92689417","chr1","42411428","42411731","3","50277686"
"chr20","92697492","92697791","chr1","42402348","42402648","9","50295144"
"chr20","92711898","92712195","chr1","42387870","42388169","7","50324028"
"chr20","92748987","92749286","chr1","42353131","42353436","10","50395856"
"chr20","92798121","92798417","chr1","42291860","42292160","9","50506261"
"chr20","92889779","92890110","chr3","130944111","130944418","69","38054332"
"chr20","92890315","92890615","chr1","42197926","42198226","22","50692389"
"chr20","93034056","93034274","chr10","90905310","90905528","28","2128746"
"chr20","93047350","93047657","chr1","42036974","42037276","12","51010376"
"chr20","93050289","93050586","chr1","42034049","42034345","10","51016240"
"chr20","93156578","93156860","chr1","41725918","41726202","9","51430660"
"chr20","93157059","93157341","chrX","122706819","122707108","46","29549760"
"chr20","93157644","93157946","chr1","41726988","41727288","17","51430656"
"chr20","93158160","93158460","chr1","41727504","41727807","17","51430656"
"chr20","93180321","93180479","chr15","88889470","88889631","30","4290851"
"chr20","93180769","93180883","chr3","43168812","43168927","29","50011957"
"chr20","93195716","93196005","chr13","38740103","38740404","42","54455613"
"chr20","93354244","93354547","chr1","41935635","41935942","18","51418609"
"chr20","93399769","93400073","chr8","75788005","75788310","49","17611764"
"chr20","93417124","93417338","chr15","27259775","27259988","35","66157349"
"chr20","93425838","93426138","chr1","41648297","41648584","19","51777541"
"chr20","93494696","93494974","chr1","41578064","41578364","33","51916632"
"chr20","93528014","93528182","chr8","81498618","81498784","41","12029396"
"chr20","93528480","93528548","chr8","39826812","39826881","15","53701668"
"chr20","93548879","93549090","chr3","51009103","51009310","37","42539776"
"chr20","93632014","93632312","chr1","41438689","41438987","8","52193325"
"chr20","93654692","93654999","chr1","41416596","41416903","5","52238096"
"chr20","93771100","93771398","chr1","41297849","41298156","16","52473251"
"chr20","93781004","93781297","chr1","41286415","41286698","22","52494589"
"chr20","93786313","93786635","chr1","41280793","41281107","16","52505520"
"chr20","93821026","93821197","chr10","69739671","69739841","30","24081355"
"chr20","93821504","93821637","chr4","21810577","21810704","21","72010927"
"chr20","93827587","93827837","chr18","12679863","12680106","40","81147724"
"chr20","93832785","93833084","chr1","41225232","41225532","13","52607553"
"chr20","93834076","93834365","chr1","41223968","41224266","17","52610108"
"chr20","93917871","93918163","chr20","26211185","26211483","46","67706686"
"chr20","93923519","93923679","chr1","109244867","109245026","34","15321348"
"chr20","93924140","93924320","chr1","88493547","88493729","28","5430593"
"chr20","93925218","93925411","chr7","38728341","38728535","36","55196877"
"chr20","93934357","93934639","chr1","41207135","41207416","5","52727222"
"chr20","93953974","93954293","chr11","50516138","50516450","53","43437836"
"chr20","93986140","93986427","chr1","41161917","41162211","23","52824223"
"chr20","93986448","93986742","chr1","41161600","41161896","15","52824848"
"chr20","93988207","93988521","chr6","142906072","142906386","47","48917865"
"chr20","94023252","94023552","chr1","41124889","41125186","15","52898363"
"chr20","94042266","94042567","chr1","41108038","41108342","10","52934228"
"chr20","94059666","94059965","chr1","41089536","41089826","17","52970130"
"chr20","94231766","94232068","chr15","102890713","102891010","50","8658947"
"chr20","94281707","94282019","chr1","40868731","40869038","13","53412976"
"chr20","94288452","94288749","chr1","40862105","40862403","9","53426347"
"chr20","94332154","94332437","chr16","21781850","21782128","43","72550304"
"chr20","94851661","94851973","chr1","40296295","40296608","15","54555366"
"chr20","94896852","94897164","chr1","40252037","40252347","17","54644815"
"chr20","94913428","94913701","chr1","40231089","40231362","3","54682339"
"chr20","94930878","94931202","chr1","40214455","40214768","26","54716423"
"chr20","94962945","94963245","chr11","103895341","103895641","42","8932396"
"chr20","94979918","94980222","chr1","40163929","40164233","13","54815989"
"chr20","95030979","95031301","chr1","40111805","40112092","42","54919174"
"chr20","95115826","95116044","chr16","15632686","15632909","48","79483140"
"chr20","95116081","95116383","chr10","79556785","79557088","44","15559296"
"chr20","95243269","95243530","chr7","85385067","85385330","38","9858202"
"chr20","95282577","95282648","chr4","45488506","45488575","18","49794071"
"chr20","95283047","95283118","chr4","45488506","45488575","18","49794541"
"chr20","95318301","95318644","chr1","39817257","39817599","12","55501044"
"chr20","95332022","95332318","chr20","67506862","67507158","43","27825160"
"chr20","95335981","95336320","chr1","39801852","39802190","18","55534129"
"chr20","95342886","95343189","chr1","39795095","39795394","20","55547791"
"chr20","95363895","95364193","chr1","39779254","39779560","20","55584641"
"chr20","95411495","95411807","chr1","39731420","39731724","16","55680075"
"chr20","95489519","95489568","chr2","47576719","47576770","9","47912800"
"chr20","95489881","95490056","chr14","103810952","103811129","22","8321071"
"chr20","96103727","96104031","chr1","39039442","39039736","28","57064285"
"chr20","96338198","96338494","chr2","78665450","78665747","48","17672748"
"chr20","96386185","96386486","chr1","38757723","38758018","24","57628462"
"chr20","96454196","96454371","chr1","38689528","38689703","5","57764668"
"chr20","96464709","96464930","chr1","18143522","18143743","39","78321187"
"chr20","96544632","96544824","chr4","43073550","43073743","32","53471082"
"chr20","96560369","96560630","chr1","38574688","38574950","6","57985681"
"chr20","96582155","96582343","chr3","34983610","34983800","31","61598545"
"chr20","96590958","96591141","chr1","38543959","38544146","5","58046999"
"chr20","96620941","96621235","chr1","38509274","38509569","6","58111667"
"chr20","96668673","96668834","chr1","38455077","38455240","7","58213596"
"chr20","96669901","96670189","chr1","38453721","38454010","12","58216180"
"chr20","96834889","96835170","chr16","9079401","9079679","43","87755488"
"chr20","96863545","96863838","chr1","38259809","38260102","5","58603736"
"chr20","96907852","96908153","chr1","38215569","38215858","17","58692283"
"chr20","96983838","96984131","chr11","45273075","45273365","33","51710763"
"chr20","97024990","97025282","chr14","18445789","18446081","32","78579201"
"chr20","97049568","97049839","chr1","38073036","38073311","13","58976532"
"chr20","97067586","97067882","chr1","38054392","38054679","15","59013194"
"chr20","97076338","97076632","chr1","38045438","38045743","23","59030900"
"chr20","97095848","97096100","chr1","38025338","38025590","10","59070510"
"chr20","97106869","97107164","chr13","8946562","8946860","37","88160307"
"chr20","97156570","97156866","chr1","37965444","37965744","11","59191126"
"chr20","97192839","97193117","chr1","37926347","37926631","9","59266492"
"chr20","97231349","97231637","chr1","37885944","37886235","11","59345405"
"chr20","97330940","97331243","chr1","37782959","37783263","5","59547981"
"chr20","97340486","97340705","chr1","37773794","37774023","14","59566692"
"chr20","97386589","97386876","chr1","37729426","37729735","31","59657163"
"chr20","97491119","97491420","chr1","37624047","37624348","5","59867072"
"chr20","97540913","97540965","chr1","142279794","142279841","21","44738881"
"chr20","97553651","97553951","chr6","66175498","66175798","54","31378153"
"chr20","97583035","97583345","chr1","37534526","37534836","7","60048509"
"chr20","97630064","97630299","chr6","50525312","50525545","32","47104752"
"chr20","97661113","97661433","chr1","37450528","37450854","14","60210585"
"chr20","97697839","97698107","chr2","46072994","46073250","54","51624845"
"chr20","97736928","97737225","chr1","37376295","37376592","11","60360633"
"chr20","97765511","97765687","chr1","37344249","37344421","7","60421262"
"chr20","97777577","97777876","chr14","67749270","67749570","37","30028307"
"chr20","97779365","97779510","chr1","37323678","37323810","14","60455687"
"chr20","97836254","97836385","chr19","2243473","2243602","15","95592781"
"chr20","97836693","97836866","chr19","5520379","5520548","27","92316314"
"chr20","97839368","97839678","chr1","37278855","37279142","34","60560513"
"chr20","97858029","97858192","chr1","161578156","161578321","30","63720127"
"chr20","97903236","97903540","chr1","37223173","37223482","9","60680063"
"chr20","98185818","98186031","chr16","3997014","3997233","37","94188804"
"chr20","98294196","98294490","chr1","36825443","36825744","20","61468753"
"chr20","98657589","98657881","chr1","36444232","36444523","15","62213357"
"chr20","99401385","99401714","chr1","35702865","35703187","18","63698520"
"chr20","99469868","99470168","chr1","35635228","35635528","7","63834640"
"chr20","99589188","99589486","chr1","35515041","35515339","5","64074147"
"chr20","99754462","99754771","chr5","143485770","143486072","40","43731308"
"chr20","99797944","99798247","chr1","35309030","35309329","10","64488914"
"chr20","99864956","99865254","chr1","35238669","35238967","11","64626287"
"chr20","99883486","99883740","chr1","35219014","35219280","17","64664472"
"chr20","99883754","99883950","chr7","161778467","161778667","32","61894713"
"chr20","99989305","99989464","chr7","145642119","145642281","27","45652814"
"chr20","99989766","99989900","chr2","55063458","55063595","18","44926308"
"chr20","100029278","100029317","chr11","24360725","24360762","9","75668553"
"chr20","100029629","100029799","chr7","151354403","151354572","34","51324774"
"chr20","100040468","100040735","chr1","35050933","35051200","5","64989535"
"chr20","100074877","100075156","chrX","19394778","19395059","39","80680099"
"chr20","100088835","100089113","chr1","35001215","35001487","13","65087620"
"chr20","100135423","100135598","chr13","25682158","25682328","29","74453265"
"chr20","100144379","100144671","chr13","61217439","61217733","43","38926940"
"chr20","100197951","100198260","chr1","34883723","34884029","8","65314228"
"chr20","100199918","100200231","chr1","34885006","34885316","14","65314912"
"chr20","100208973","100209267","chr1","34873663","34873957","4","65335310"
"chr20","100236280","100236597","chr1","34848165","34848479","12","65388115"
"chr20","100237165","100237461","chrX","25734220","25734518","43","74502945"
"chr20","100270897","100271202","chr9","101876744","101877046","36","1605847"
"chr20","100283366","100283658","chr10","36705490","36705785","36","63577876"
"chr20","100283926","100284101","chr1","34801771","34801938","16","65482155"
"chr20","100309145","100309435","chr1","34774253","34774543","4","65534892"
"chr20","100374867","100375155","chr20","67506862","67507158","49","32868005"
"chr20","100411724","100412040","chr1","34664460","34664771","29","65747264"
"chr20","100586565","100586898","chr1","34491000","34491308","32","66095565"
"chr20","100657408","100657470","chr19","30703092","30703147","16","69954316"
"chr20","100680501","100680791","chr1","34401569","34401860","6","66278932"
"chr20","100690702","100691009","chr1","34393824","34394125","13","66296878"
"chr20","100697057","100697353","chr1","34385095","34385390","8","66311962"
"chr20","100714528","100714814","chr18","38000001","38000287","36","62714527"
"chr20","100719217","100719537","chr9","14337314","14337624","43","86381903"
"chr20","100736890","100737177","chr1","34351351","34351637","5","66385539"
"chr20","100752432","100752726","chr1","34337928","34338226","9","66414504"
"chr20","100781295","100781433","chr11","74966065","74966200","21","25815230"
"chr20","100781735","100781896","chr1","92961666","92961844","41","7820069"
"chr20","100809335","100809462","chr3","43168812","43168927","24","57640523"
"chr20","100809775","100809922","chr12","19037809","19037962","32","81771966"
"chr20","100855610","100855909","chr1","34228576","34228871","11","66627034"
"chr20","100899297","100899596","chr20","67506862","67507158","37","33392435"
"chr20","100907440","100907721","chr4","22363750","22364029","38","78543690"
"chr20","100920204","100920428","chr1","34161844","34162068","2","66758360"
"chr20","100999265","100999571","chr1","34081347","34081651","12","66917918"
"chr20","101000575","101000843","chr1","34080077","34080370","32","66920498"
"chr20","101000941","101001072","chr1","30028124","30028263","20","70972817"
"chr20","101001083","101001166","chrX","117770003","117770089","18","16768920"
"chr20","101276896","101277274","chr4","84443218","84443581","92","16833678"
"chr20","101277335","101277646","chr1","33797894","33798213","17","67479441"
"chr20","101299294","101299594","chr1","33776440","33776725","24","67522854"
"chr20","101349734","101349865","chr6","174378395","174378524","19","73028661"
"chr20","101350176","101350348","chr1","47026703","47026870","29","54323473"
"chr20","101379040","101379335","chr7","149584726","149585021","39","48205686"
"chr20","101504805","101505076","chr8","119022458","119022717","52","17517653"
"chr20","101531685","101531988","chr1","33536446","33536750","8","67995239"
"chr20","101590806","101591093","chr1","33478028","33478310","17","68112778"
"chr20","101675619","101675915","chr15","105626428","105626724","29","3950809"
"chr20","101679271","101679560","chr1","33389434","33389724","5","68289837"
"chr20","101693247","101693513","chr1","33374678","33374941","6","68318569"
"chr20","101709812","101710122","chr1","33358869","33359179","17","68350943"
"chr20","101740867","101741168","chr1","33331755","33332057","15","68409112"
"chr20","101803666","101803968","chr1","33268918","33269207","19","68534748"
"chr20","101808502","101808814","chr1","33263925","33264244","20","68544577"
"chr20","101996392","101996684","chr1","33074922","33075215","7","68921470"
"chr20","102210746","102211035","chr1","32860615","32860903","7","69350131"
"chr20","102235485","102235691","chr1","32835824","32836031","7","69399661"
"chr20","102399056","102399354","chr1","32672779","32673080","16","69726277"
"chr20","102927493","102927719","chr1","32143841","32144067","4","70783652"
"chr20","103521678","103521993","chr1","31545711","31546006","23","71975967"
"chr20","103600369","103600682","chr1","31466733","31467038","23","72133636"
"chr20","103605757","103606059","chr1","31461553","31461858","15","72144204"
"chr20","103631637","103631804","chr1","31438797","31438959","10","72192840"
"chr20","103639720","103640028","chr1","31430955","31431264","13","72208765"
"chr20","103670025","103670207","chr1","31400746","31400927","6","72269279"
"chr20","103676828","103676965","chr6","174378395","174378524","31","70701567"
"chr20","103767893","103768186","chr18","9977334","9977626","39","93790559"
"chr20","103783392","103783699","chr1","31284534","31284833","15","72498858"
"chr20","103804612","103804904","chr1","31261228","31261523","7","72543384"
"chr20","103830327","103830596","chr1","12128390","12128670","55","91701937"
"chr20","103963936","103964101","chr18","42453775","42453929","30","61510161"
"chr20","103964416","103964553","chr6","132836210","132836351","18","28871794"
"chr20","104027895","104028002","chr3","169410230","169410340","12","65382335"
"chr20","104043520","104043820","chr1","101368002","101368302","36","2675518"
"chr20","104099125","104099408","chr1","181255114","181255406","67","77155989"
"chr20","104099997","104100309","chr5","72502521","72502834","46","31597476"
"chr20","104106509","104106783","chr10","71223619","71223888","59","32882890"
"chr20","104110729","104110939","chr1","30956125","30956338","11","73154604"
"chr20","104172965","104173254","chr1","30888182","30888476","17","73284783"
"chr20","104228874","104229177","chr1","30823960","30824264","7","73404914"
"chr20","104243080","104243391","chrX","21757830","21758141","62","82485250"
"chr20","104243490","104243619","chr2","69032002","69032131","14","35211488"
"chr20","104255662","104255803","chr10","79289103","79289241","21","24966559"
"chr20","104256110","104256287","chr6","171104438","171104615","39","66848328"
"chr20","104281270","104281428","chr19","12482960","12483114","32","91798310"
"chr20","104283026","104283316","chr13","23995139","23995431","43","80287887"
"chr20","104287655","104287965","chr10","29708439","29708747","14","74579216"
"chr20","104293069","104293208","chr4","101391615","101391756","24","2901454"
"chr20","104296929","104297224","chr11","104069818","104070114","38","227111"
"chr20","104323879","104324156","chr15","97061406","97061689","46","7262473"
"chr20","104346307","104346587","chr1","30685408","30685688","6","73660899"
"chr20","104361427","104361715","chr1","29422067","29422358","39","74939360"
"chr20","104364386","104364563","chr1","30670207","30670384","9","73694179"
"chr20","104377901","104378182","chr5","104213733","104214020","38","164168"
"chr20","104382458","104382630","chr1","30643453","30643623","5","73739005"
"chr20","104392438","104392741","chr1","30633298","30633608","18","73759140"
"chr20","104408590","104408884","chr1","30618359","30618653","7","73790231"
"chr20","104444078","104444301","chr7","119432166","119432391","32","14988088"
"chr20","104495707","104496002","chr1","30531218","30531519","12","73964489"
"chr20","104505146","104505458","chr1","30522313","30522593","43","73982833"
"chr20","104523132","104523437","chr1","30502548","30502857","13","74020584"
"chr20","104584373","104584666","chr1","30438144","30438433","19","74146229"
"chr20","104649590","104649890","chr1","30370535","30370833","15","74279055"
"chr20","104724329","104724564","chr1","30291940","30292201","33","74432389"
"chr20","104797240","104797551","chr1","30219854","30220164","9","74577386"
"chr20","104883881","104884112","chr7","64381746","64381980","31","40502135"
"chr20","104918134","104918426","chrX","88345305","88345589","41","16572829"
"chr20","104940315","104940619","chrX","44377513","44377820","48","60562802"
"chr20","104958531","104958702","chr16","32682137","32682310","26","72276394"
"chr20","104958703","104958994","chr1","30056224","30056527","19","74902479"
"chr20","104958995","104959128","chr8","38181713","38181843","19","66777282"
"chr20","104984892","104985197","chr1","59820437","59820745","36","45164455"
"chr20","105015608","105015896","chr1","29995778","29996069","13","75019830"
"chr20","105029141","105029272","chr1","29982113","29982244","3","75047028"
"chr20","105052521","105052819","chr1","29959259","29959555","8","75093262"
"chr20","105076982","105077291","chr1","29934450","29934759","10","75142532"
"chr20","105212986","105213278","chr1","29784506","29784800","9","75428480"
"chr20","105248228","105248523","chr4","25786415","25786711","44","79461813"
"chr20","105330624","105330918","chr1","29655605","29655894","15","75675019"
"chr20","105335630","105335940","chr3","5230000","5230308","45","100105630"
"chr20","105345662","105345949","chr1","29641333","29641625","15","75704329"
"chr20","105420957","105421262","chr1","29562881","29563192","23","75858076"
"chr20","105449654","105449779","chr1","29534216","29534340","5","75915438"
"chr20","105503430","105503712","chr1","29480638","29480942","26","76022792"
"chr20","105519749","105520050","chr9","60792156","60792455","38","44727593"
"chr20","105553518","105553651","chr11","113745409","113745548","23","8191891"
"chr20","105565238","105565548","chr1","29417898","29418206","8","76147340"
"chr20","105569364","105569657","chr1","29413265","29413558","22","76156099"
"chr20","105596078","105596377","chr1","29378321","29378619","19","76217757"
"chr20","105700794","105701074","chr1","29261033","29261340","30","76439761"
"chr20","105713497","105713789","chr1","29247341","29247635","14","76466156"
"chr20","105747538","105747812","chr1","29209927","29210197","7","76537611"
"chr20","105754480","105754783","chr12","83924522","83924827","6","21829958"
"chr20","105793144","105793426","chr1","29174511","29174823","40","76618633"
"chr20","105800243","105800397","chr4","103520410","103520560","34","2279833"
"chr20","105802654","105802968","chr1","29151098","29151407","11","76651556"
"chr20","105819373","105819618","chr1","29133457","29133703","8","76685916"
"chr20","105823713","105823935","chr1","29128515","29128745","13","76695198"
"chr20","105845728","105846030","chr1","29105297","29105598","5","76740431"
"chr20","105899714","105900010","chr7","59115867","59116164","33","46783847"
"chr20","105944011","105944317","chr1","101368002","101368302","47","4576009"
"chr20","105949386","105949679","chr1","28998873","28999166","5","76950513"
"chr20","106041219","106041293","chr12","70251349","70251431","19","35789870"
"chr20","106125757","106126062","chr3","12962418","12962725","41","93163339"
"chr20","106132485","106132800","chr1","28809281","28809590","10","77323204"
"chr20","106214807","106215110","chr1","28724281","28724579","10","77490526"
"chr20","106243628","106243934","chr1","28696035","28696342","5","77547593"
"chr20","106263422","106263813","chr20","26247523","26247905","100","80015899"
"chr20","106351961","106352266","chr1","28591955","28592263","10","77760006"
"chr20","106389261","106389542","chr1","28556081","28556362","11","77833180"
"chr20","106443340","106443646","chr1","28496894","28497200","4","77946446"
"chr20","106461176","106461470","chr1","28480911","28481211","20","77980265"
"chr20","106516529","106516862","chr1","28424339","28424651","30","78092190"
"chr20","106549598","106549911","chr1","28390949","28391243","23","78158649"
"chr20","106559458","106559772","chr1","28382324","28382640","14","78177134"
"chr20","106580574","106580882","chr1","28356313","28356633","16","78224261"
"chr20","106628730","106628908","chr1","28308928","28309106","10","78319802"
"chr20","106630025","106630035","chr9","32916732","32916748","12","73713293"
"chr20","106630062","106630344","chr1","28307219","28307527","30","78322843"
"chr20","106633931","106634184","chr1","28303075","28303318","18","78330856"
"chr20","106650252","106650543","chr1","28285866","28286158","10","78364386"
"chr20","106661039","106661348","chr12","39915072","39915374","45","66745967"
"chr20","106681677","106681978","chr1","28253984","28254289","26","78427693"
"chr20","106787276","106787592","chr1","28146328","28146638","39","78640948"
"chr20","106823053","106823347","chr1","28110343","28110661","34","78712710"
"chr20","107142166","107142467","chr1","27785736","27786042","11","79356430"
"chr20","107301228","107301525","chr1","27625801","27626090","16","79675427"
"chr20","107360195","107360456","chr1","27564694","27564965","19","79795501"
"chr20","107447124","107447405","chr9","90557855","90558137","32","16889269"
"chr20","107484883","107485193","chr1","27439193","27439506","12","80045690"
"chr20","107582995","107583290","chr1","27339527","27339834","27","80243468"
"chr20","107611012","107611319","chr9","14337314","14337624","41","93273698"
"chr20","107728131","107728263","chr4","102037440","102037567","37","5690691"
"chr20","107879267","107879566","chr1","27049677","27049973","9","80829590"
"chr20","107883582","107883870","chr1","27045373","27045661","8","80838209"
"chr20","107884263","107884404","chr7","159121320","159121462","12","51237057"
"chr20","107898319","107898611","chr2","102443899","102444195","46","5454420"
"chr20","107941164","107941476","chr10","12149337","12149626","65","95791827"
"chr20","107945492","107945827","chr2","163181315","163181637","60","55235823"
"chr20","107979165","107979467","chr1","26941265","26941567","24","81037900"
"chr20","108008442","108008561","chr1","26922845","26922964","11","81085597"
"chr20","108013933","108014226","chr1","26917182","26917483","19","81096751"
"chr20","108055799","108056083","chr3","48125201","48125480","41","59930598"
"chr20","108074509","108074789","chr1","12576721","12577006","49","95497788"
"chr20","108211918","108212220","chr1","26716559","26716860","15","81495359"
"chr20","108318807","108319109","chr1","26608858","26609166","20","81709949"
"chr20","108397118","108397419","chr1","26529808","26530109","9","81867310"
"chr20","108400539","108400844","chr1","26526378","26526689","13","81874161"
"chr20","108433341","108433638","chr1","26493506","26493804","10","81939835"
"chr20","108480139","108480453","chr1","26444568","26444873","14","82035571"
"chr20","108648146","108648437","chr1","26274837","26275135","15","82373309"
"chr20","108753753","108754009","chr10","85826598","85826852","54","22927155"
"chr20","108833197","108833369","chr7","41537437","41537607","28","67295760"
"chr20","108835818","108836120","chr1","26076165","26076470","16","82759653"
"chr20","109132959","109133106","chr1","25764173","25764302","21","83368786"
"chr20","109180139","109180445","chr1","25712766","25713069","12","83467373"
"chr20","109212617","109212745","chr6","74954433","74954572","19","34258184"
"chr20","109295900","109296025","chr1","125213986","125214113","12","15918086"
"chr20","109374012","109374302","chr1","25504780","25505070","9","83869232"
"chr20","109669243","109669536","chr3","80517227","80517520","54","29152016"
"chr20","109678923","109679230","chr1","25193138","25193447","11","84485785"
"chr20","109710657","109710787","chr1","129824074","129824204","13","20113417"
"chr20","109732254","109732563","chrX","25734220","25734518","36","83998034"
"chr20","109750008","109750307","chr1","25120041","25120340","4","84629967"
"chr20","109978152","109978451","chr1","24894025","24894327","14","85084127"
"chr20","110169204","110169531","chr17","21118910","21119229","45","89050294"
"chr20","110174133","110174439","chr1","24702398","24702705","9","85471735"
"chr20","110220260","110220569","chr1","24654081","24654391","8","85566179"
"chr20","110297410","110297645","chr20","61384278","61384508","42","48913132"
"chr20","110334832","110335112","chr1","24535616","24535898","4","85799216"
"chr20","110485874","110486175","chr1","24386102","24386403","14","86099772"
"chr20","110550129","110550424","chr1","24320047","24320341","10","86230082"
"chr20","110552787","110553089","chr1","24317379","24317681","6","86235408"
"chr20","110594434","110594540","chr5","94114439","94114559","29","16479995"
"chr20","110645358","110645665","chr1","24217875","24218175","14","86427483"
"chr20","110645757","110646083","chr1","24217478","24217790","19","86428279"
"chr20","110696182","110696480","chr12","32958469","32958764","34","77737713"
"chr20","110767440","110767623","chr13","25905887","25906053","39","84861553"
"chr20","110818264","110818486","chr7","120179180","120179398","47","9360916"
"chr20","110818521","110818812","chr17","1772149","1772450","50","109046372"
"chr20","110822729","110823025","chr1","24038549","24038845","18","86784180"
"chr20","110826882","110827106","chr1","24031953","24032166","18","86794929"
"chr20","110860393","110860706","chr1","24002763","24003071","22","86857630"
"chr20","110863123","110863270","chr4","52283470","52283609","23","58579653"
"chr20","110868142","110868443","chr9","113483593","113483890","39","2615451"
"chr20","110928071","110928374","chr1","23935719","23936011","19","86992352"
"chr20","110935538","110935847","chr1","23928278","23928589","9","87007260"
"chr20","110936620","110936891","chr1","23927255","23927550","29","87009365"
"chr20","110948486","110948784","chr3","20787174","20787473","41","90161312"
"chr20","111144150","111144216","chr10","26797944","26798014","16","84346206"
"chr20","111190423","111190588","chr1","142750171","142750329","28","31559748"
"chr20","111253889","111254183","chr4","36714855","36715145","52","74539034"
"chr20","111257026","111257331","chr1","23615631","23615928","15","87641395"
"chr20","111308318","111308623","chr1","23563779","23564102","32","87744539"
"chr20","111336352","111336651","chr1","23534826","23535126","46","87801526"
"chr20","111336666","111336971","chr1","23534826","23535126","21","87801840"
"chr20","111375030","111375315","chr15","97061406","97061689","39","14313624"
"chr20","111412908","111413211","chr1","23450517","23450821","11","87962391"
"chr20","111442712","111442882","chr1","23419457","23419627","7","88023255"
"chr20","111444539","111444823","chr1","23417510","23417796","10","88027029"
"chr20","111481405","111481694","chr1","23384123","23384422","15","88097282"
"chr20","111631545","111631839","chr1","23227998","23228290","8","88403547"
"chr20","111681774","111682071","chrX","82377818","82378092","69","29303956"
"chr20","111740705","111740995","chr1","23118418","23118709","13","88622287"
"chr20","111749908","111750066","chr2","93460794","93460946","25","18289114"
"chr20","111776691","111777002","chr1","23063417","23063730","9","88713274"
"chr20","111794258","111794566","chr1","23066657","23066968","7","88727601"
"chr20","111810721","111811032","chr1","23053923","23054206","37","88756798"
"chr20","111850105","111850229","chr5","94114439","94114559","26","17735666"
"chr20","111864310","111864525","chr1","22992944","22993162","11","88871366"
"chr20","111916154","111916452","chr1","22934624","22934923","17","88981530"
"chr20","111937930","111938215","chr1","22911175","22911460","6","89026755"
"chr20","111966579","111966873","chr1","22882272","22882531","45","89084307"
"chr20","111993162","111993472","chr1","22855309","22855603","30","89137853"
"chr20","111995716","111995850","chr5","111699622","111699752","25","296094"
"chr20","111995893","111996113","chr19","39364610","39364838","63","72631283"
"chr20","112053950","112054237","chr1","22789120","22789406","17","89264830"
"chr20","112489344","112489644","chr1","22354100","22354400","5","90135244"
"chr20","112576385","112576520","chr11","74966065","74966200","14","37610320"
"chr20","112576832","112576999","chr1","56150277","56150446","25","56426555"
"chr20","112594969","112595211","chr1","22250846","22251090","13","90344123"
"chr20","112669586","112669866","chr9","118511614","118511893","30","5842028"
"chr20","112674946","112675233","chr1","22160687","22160970","12","90514259"
"chr20","112700639","112700936","chr1","22144661","22144969","24","90555978"
"chr20","112838334","112838646","chr7","79488827","79489132","56","33349507"
"chr20","112838688","112838702","chr9","32916732","32916748","10","79921956"
"chr20","112842249","112842535","chr1","22001594","22001900","26","90840655"
"chr20","112853036","112853347","chr19","27630494","27630800","39","85222542"
"chr20","112882080","112882387","chr1","21962202","21962509","16","90919878"
"chr20","112993643","112993925","chr1","21850421","21850727","35","91143222"
"chr20","113164358","113164651","chr1","21678263","21678557","12","91486095"
"chr20","113248569","113248857","chr1","21594116","21594406","12","91654453"
"chr20","113255455","113255745","chr6","51494635","51494920","54","61760820"
"chr20","113313738","113314035","chr2","147796910","147797205","35","34483172"
"chr20","113455118","113455406","chr1","21412647","21412940","17","92042471"
"chr20","113459769","113460088","chr1","21407962","21408247","39","92051807"
"chr20","113515969","113516276","chr3","178021049","178021350","41","64505080"
"chr20","113713959","113714255","chr1","21146485","21146775","17","92567474"
"chr20","113800375","113800635","chr1","21056675","21056928","21","92743700"
"chr20","113800639","113800936","chr1","21056377","21056674","13","92744262"
"chr20","113893826","113894125","chr1","179190756","179191053","42","65296930"
"chr20","114359510","114359829","chr1","20498735","20499046","19","93860775"
"chr20","114504826","114505100","chr19","33811679","33811954","41","80693147"
"chr20","115000006","115000305","chr8","63420825","63421118","39","51579181"
"chr20","115041445","115041738","chr1","19824583","19824878","10","95216862"
"chr20","115084890","115085018","chr6","174378395","174378524","19","59293505"
"chr20","115089768","115090070","chr1","19770335","19770645","23","95319433"
"chr20","115107352","115107536","chr1","19752308","19752492","1","95355044"
"chr20","115132397","115132689","chr19","48174971","48175267","38","66957426"
"chr20","115136113","115136242","chr20","61247127","61247256","15","53888986"
"chr20","115163757","115164050","chr1","19697029","19697324","6","95466728"
"chr20","115190456","115190765","chr1","19669295","19669601","14","95521161"
"chr20","115202809","115203107","chr18","28286837","28287140","51","86915972"
"chr20","115219710","115219999","chr1","72439475","72439771","42","42780235"
"chr20","115233657","115233889","chr1","19623158","19623391","19","95610499"
"chr20","115235478","115235787","chr7","129858559","129858866","38","14623081"
"chr20","115255551","115255720","chr12","59239946","59240109","29","56015605"
"chr20","115375718","115375988","chr1","19484824","19485099","25","95890894"
"chr20","115505255","115505425","chr1","135231505","135231663","35","19726250"
"chr20","115510975","115511266","chr19","15313749","15314039","42","100197226"
"chr20","115537360","115537653","chr1","19323989","19324282","11","96213371"
"chr20","115591622","115591923","chr18","43378830","43379122","57","72212792"
"chr20","115595190","115595481","chr1","19264455","19264751","14","96330735"
"chr20","115662930","115663233","chr1","19193156","19193456","12","96469774"
"chr20","115695654","115695837","chr3","39343451","39343635","38","76352203"
"chr20","115789289","115789601","chr8","23726355","23726661","38","92062934"
"chr20","115886812","115886946","chr1","1238421","1238551","18","114648391"
"chr20","115902797","115902967","chr1","18873162","18873324","23","97029635"
"chr20","115925908","115926186","chr1","18846997","18847275","17","97078911"
"chr20","115944946","115945083","chr11","74966065","74966200","17","40978881"
"chr20","115945371","115945563","chr5","129275158","129275347","21","13329787"
"chr20","115950998","115951193","chr1","18821909","18822111","16","97129089"
"chr20","115955003","115955284","chr1","85326034","85326320","58","30628969"
"chr20","115986481","115986766","chr1","18781830","18782111","9","97204651"
"chr20","115997586","115997764","chr9","123005861","123006027","38","7008275"
"chr20","115998068","115998125","chr5","27820659","27820719","13","88177409"
"chr20","116008254","116008421","chr1","18759480","18759643","5","97248774"
"chr20","116015858","116016162","chr1","18751771","18752079","13","97264087"
"chr20","116136257","116136530","chr1","18622490","18622764","7","97513767"
"chr20","116165019","116165326","chr1","18596174","18596486","13","97568845"
"chr20","116230929","116231237","chr6","131769846","131770146","37","15538917"
"chr20","116295395","116295701","chr1","18463677","18463977","24","97831718"
"chr20","116335343","116335642","chr1","18422235","18422544","17","97913108"
"chr20","116343261","116343569","chr1","18413691","18413998","20","97929570"
"chr20","116373769","116374078","chr1","28685606","28685898","70","87688163"
"chr20","116437022","116437319","chr7","145480621","145480913","52","29043599"
"chr20","116441092","116441381","chr1","18314991","18315280","6","98126101"
"chr20","116444041","116444350","chr1","18312018","18312329","13","98132023"
"chr20","116450572","116450868","chr9","5849715","5850009","33","110600857"
"chr20","116453875","116454152","chr1","18302242","18302519","8","98151633"
"chr20","116464812","116465116","chr1","18290946","18291259","18","98173866"
"chr20","116486833","116487126","chr3","178180584","178180878","49","61693751"
"chr20","116489007","116489304","chr13","23995139","23995431","43","92493868"
"chr20","116490301","116490665","chr3","48161669","48161979","62","68328632"
"chr20","116492484","116492632","chr3","48163720","48163870","4","68328764"
"chr20","116497659","116497951","chr3","48169983","48170275","10","68327676"
"chr20","116562628","116562922","chr1","18200497","18200799","19","98362131"
"chr20","116563844","116564148","chr1","18199277","18199575","24","98364567"
"chr20","116600032","116600337","chr1","18160022","18160317","20","98440010"
"chr20","116618969","116619078","chr13","125359330","125359442","25","8740361"
"chr20","116704372","116704419","chr20","19606103","19606152","13","97098269"
"chr20","116704719","116704872","chr9","47985537","47985685","31","68719182"
"chr20","116743284","116743570","chr1","18007479","18007782","29","98735805"
"chr20","116762481","116762784","chr1","17988490","17988802","26","98773991"
"chr20","116896332","116896648","chr1","17811065","17811384","13","99085267"
"chr20","117034714","117035024","chr1","17672818","17673130","8","99361896"
"chr20","117037193","117037504","chr1","33536446","33536750","42","83500747"
"chr20","117284213","117284519","chr1","17422263","17422568","15","99861950"
"chr20","117288445","117288744","chr1","17417488","17417788","14","99870957"
"chr20","117293592","117293841","chr6","135961426","135961681","39","18667834"
"chr20","117545509","117545643","chr1","17157410","17157544","3","100388099"
"chr20","117623808","117624144","chr1","11814705","11815039","52","105809103"
"chr20","117692458","117692773","chr1","17007620","17007931","16","100684838"
"chr20","117795788","117796120","chr10","29869315","29869654","58","87926473"
"chr20","117967023","117967300","chr1","16732919","16733212","29","101234104"
"chr20","117993745","117994030","chr1","16705632","16705915","13","101288113"
"chr20","118265770","118266080","chr1","16429539","16429849","9","101836231"
"chr20","118703820","118703971","chr19","38284917","38285073","35","80418903"
"chr20","118709017","118709328","chr1","15984406","15984713","11","102724611"
"chr20","118709511","118709813","chr1","15983920","15984223","5","102725591"
"chr20","118711033","118711288","chr1","15982122","15982377","11","102728911"
"chr20","118818891","118819190","chr1","15866714","15867016","28","102952177"
"chr20","118851849","118852175","chr1","11814705","11815039","49","107037144"
"chr20","118878849","118879041","chr8","38982589","38982782","31","79896260"
"chr20","118903412","118903700","chr1","15659731","15660019","25","103243681"
"chr20","118985396","118985694","chr1","15666027","15666327","10","103319369"
"chr20","119003305","119003593","chr1","15659731","15660019","9","103343574"
"chr20","119051807","119052107","chr9","89270200","89270499","39","29781607"
"chr20","119072479","119072773","chr1","15587829","15588130","10","103484650"
"chr20","119082474","119082727","chr10","84583903","84584162","45","34498571"
"chr20","119111051","119111344","chr1","15553529","15553823","11","103557522"
"chr20","119285009","119285321","chr14","97604021","97604326","45","21680988"
"chr20","119314347","119314649","chr1","15347120","15347426","13","103967227"
"chr20","119487779","119487965","chr1","15172415","15172601","16","104315364"
"chr20","119491379","119491665","chr1","15168662","15168961","21","104322717"
"chr20","119509591","119509883","chr1","15151034","15151326","9","104358557"
"chr20","119589865","119590080","chr1","15070075","15070288","14","104519790"
"chr20","119691538","119691831","chr5","90824963","90825256","37","28866575"
"chr20","119729798","119730107","chr1","14928401","14928711","6","104801397"
"chr20","119761217","119761260","chr1","14896969","14897012","1","104864248"
"chr20","119767124","119767274","chr1","14890958","14891103","8","104876166"
"chr20","119780237","119780511","chr7","77922866","77923146","42","41857371"
"chr20","119801393","119801681","chr18","38721921","38722211","43","81079472"
"chr20","119833410","119833451","chr19","42483575","42483613","13","77349835"
"chr20","119833762","119833877","chr3","103669125","103669234","30","16164637"
"chr20","119837728","119837758","chr7","145790583","145790608","15","25952855"
"chr20","119838068","119838173","chr16","24438727","24438829","23","95399341"
"chr20","119912165","119912468","chr1","14731609","14731901","17","105180556"
"chr20","120124786","120125094","chr9","83802627","83802933","40","36322159"
"chr20","120184297","120184603","chr1","14449413","14449713","16","105734884"
"chr20","120357096","120357361","chr1","14275538","14275804","8","106081558"
"chr20","120494447","120494717","chr1","14141684","14141954","7","106352763"
"chr20","120506372","120506664","chr1","14131059","14131365","18","106375313"
"chr20","120521108","120521415","chr2","99907775","99908087","46","20613333"
"chr20","120539512","120539812","chr1","14099590","14099897","12","106439922"
"chr20","120638736","120639024","chr10","27594987","27595275","36","93043749"
"chr20","120671204","120671475","chr20","67301700","67301973","52","53369504"
"chr20","120671478","120671779","chr12","83924522","83924827","38","36746956"
"chr20","120681803","120682080","chr1","21519365","21519637","52","99162438"
"chr20","120715218","120715453","chr19","34999763","35000000","33","85715455"
"chr20","120720351","120720621","chr1","13923644","13923921","14","106796707"
"chr20","120744955","120745262","chr1","13898264","13898552","20","106846691"
"chr20","120896064","120896370","chr1","13743664","13743960","25","107152400"
"chr20","121034178","121034471","chr7","38962613","38962910","44","82071565"
"chr20","121079341","121079643","chr1","13558406","13558710","12","107520935"
"chr20","121137662","121137966","chr13","37729429","37729733","36","83408233"
"chr20","121162745","121162997","chr19","14967548","14967789","59","106195197"
"chr20","121180955","121181080","chr1","13457846","13457971","5","107723109"
"chr20","121181517","121181625","chr1","13457299","13457407","7","107724218"
"chr20","121361036","121361333","chr1","13273461","13273758","16","108087575"
"chr20","121457740","121458028","chr1","13175932","13176238","29","108281808"
"chr20","121507193","121507498","chr1","160179849","160180152","48","38672656"
"chr20","121508938","121509245","chr1","13128836","13129150","14","108380102"
"chr20","121512940","121513229","chr3","42445238","42445528","66","79067702"
"chr20","121513477","121513766","chr1","13124069","13124356","10","108389408"
"chr20","121556045","121556356","chr14","9660371","9660672","38","111895674"
"chr20","121574284","121574569","chr10","77350859","77351141","32","44223425"
"chr20","121581975","121582143","chr11","121196727","121196888","48","385248"
"chr20","121596244","121596535","chr1","13038771","13039063","10","108557473"
"chr20","121606148","121606449","chr1","13029389","13029690","8","108576759"
"chr20","121613123","121613416","chr1","13007479","13007770","15","108605644"
"chr20","121636245","121636515","chr14","19207674","19207951","43","102428571"
"chr20","121657186","121657483","chr12","13082614","13082909","48","108574572"
"chr20","121683162","121683452","chr16","1192695","1192995","48","120490467"
"chr20","121684596","121684842","chr1","12954031","12954278","10","108730565"
"chr20","121771783","121772066","chr1","12869469","12869759","12","108902314"
"chr20","121775226","121775521","chr1","12866021","12866297","37","108909205"
"chr20","121775862","121776154","chr5","163636499","163636790","37","41860637"
"chr20","121827013","121827311","chr1","12811340","12811634","14","109015673"
"chr20","121837262","121837562","chr1","12809109","12809408","10","109028153"
"chr20","121871339","121871456","chr3","125529974","125530082","42","3658635"
"chr20","121872065","121872137","chr2","51005632","51005699","19","70866433"
"chr20","121872949","121873258","chr1","12761704","12762010","11","109111245"
"chr20","121891178","121891470","chr1","12742357","12742650","7","109148821"
"chr20","121918157","121918467","chr9","14337314","14337624","35","107580843"
"chr20","121981992","121982293","chr1","12643336","12643637","13","109338656"
"chr20","122048258","122048550","chr13","79190966","79191261","30","42857292"
"chr20","122056432","122056651","chr1","12568608","12568837","19","109487824"
"chr20","122075386","122075695","chr1","12549134","12549442","5","109526252"
"chr20","122100552","122100731","chr15","96440767","96440936","34","25659785"
"chr20","122116285","122116586","chr1","12505636","12505938","19","109610649"
"chr20","122144727","122145006","chrX","90704384","90704650","38","31440343"
"chr20","122150842","122150890","chr1","142279794","142279841","8","20128952"
"chr20","122151202","122151362","chr2","185241058","185241206","42","63089856"
"chr20","122151776","122151924","chr1","12467653","12467797","11","109684123"
"chr20","122240951","122241105","chr1","12367196","12367350","3","109873755"
"chr20","122247871","122248161","chr5","157061742","157062038","34","34813871"
"chr20","122281083","122281380","chr1","12337440","12337744","18","109943643"
"chr20","122301069","122301367","chr1","12315378","12315678","8","109985691"
"chr20","122363394","122363560","chr7","88073564","88073745","36","34289830"
"chr20","122493189","122493381","chr1","12126582","12126780","20","110366607"
"chr20","122594451","122594757","chr16","44868389","44868694","40","77726062"
"chr20","122604647","122604850","chr1","12014343","12014546","6","110590304"
"chr20","122697499","122697797","chr1","11911068","11911366","7","110786431"
"chr20","122744034","122744195","chr1","11863951","11864113","5","110880083"
"chr20","122784493","122784803","chr1","11823170","11823472","16","110961323"
"chr20","122791499","122791829","chr1","11814705","11815039","17","110976794"
"chr20","122820159","122820468","chr3","2983298","2983608","46","119836861"
"chr20","122931569","122931878","chr18","54673090","54673396","36","68258479"
"chr20","123108297","123108584","chr1","29422067","29422358","45","93686230"
"chr20","123262295","123262577","chr1","11337894","11338178","8","111924401"
"chr20","123318733","123319022","chr1","11279514","11279805","13","112039219"
"chr20","123365324","123365627","chr1","11233399","11233702","3","112131925"
"chr20","123420041","123420271","chr1","11178413","11178640","7","112241628"
"chr20","123470646","123470940","chr4","127229088","127229380","43","3758442"
"chr20","123516999","123517282","chr1","11082560","11082862","31","112434439"
"chr20","123518563","123518578","chr9","32916732","32916748","13","90601831"
"chr20","123518614","123518765","chr1","11081089","11081232","14","112437525"
"chr20","123519278","123519449","chr1","19775982","19776154","25","103743296"
"chr20","123519450","123519746","chr1","11080116","11080408","17","112439334"
"chr20","123519747","123519819","chr10","26797944","26798014","18","96721803"
"chr20","123529280","123529589","chr1","11069770","11070077","18","112459510"
"chr20","123535932","123536232","chr1","11063280","11063569","19","112472652"
"chr20","123574364","123574654","chr1","11028543","11028834","30","112545821"
"chr20","123663434","123663746","chr1","10939094","10939404","11","112724340"
"chr20","123709711","123709991","chr1","10892661","10892944","11","112817050"
"chr20","123926110","123926408","chr11","60074512","60074803","34","63851598"
"chr20","124059578","124059881","chr1","10540090","10540398","34","113519488"
"chr20","124193528","124193825","chr1","10408993","10409303","27","113784535"
"chr20","124846224","124846508","chr1","9757752","9758036","5","115088472"
"chr20","124858130","124858430","chr1","9746242","9746554","19","115111888"
"chr20","124864369","124864660","chr1","9740021","9740322","21","115124348"
"chr20","124878901","124879216","chr15","13366172","13366483","38","111512729"
"chr20","124893018","124893322","chr1","9710740","9711037","13","115182278"
"chr20","124984090","124984380","chr3","10886078","10886377","46","114098012"
"chr20","124987790","124987957","chr10","27411919","27412087","29","97575871"
"chr20","124990225","124990566","chr1","9619932","9620265","18","115370293"
"chr20","125027090","125027388","chr1","9582599","9582892","12","115444491"
"chr20","125049521","125049814","chr1","9560145","9560438","4","115489376"
"chr20","125125359","125125669","chr1","9479292","9479602","11","115646067"
"chr20","125137725","125138005","chr10","27553213","27553497","40","97584512"
"chr20","125163126","125163389","chr1","9440527","9440810","31","115722599"
"chr20","125220339","125220534","chr1","9378215","9378411","10","115842124"
"chr20","125264682","125264814","chr19","49937591","49937720","11","75327091"
"chr20","125265223","125265394","chr10","69739671","69739841","28","55525552"
"chr20","125291301","125291539","chr1","9305920","9306157","12","115985381"
"chr20","125304062","125304358","chr1","9293724","9294032","19","116010338"
"chr20","125334754","125335051","chr1","9257301","9257598","9","116077453"
"chr20","125347919","125348221","chr7","149389824","149390116","44","24041905"
"chr20","125364502","125364810","chr16","41169380","41169687","37","84195122"
"chr20","125371497","125371674","chr18","46516546","46516727","26","78854951"
"chr20","125373652","125373789","chr4","111075909","111076043","22","14297743"
"chr20","125384082","125384378","chr1","9204348","9204643","12","116179734"
"chr20","125440970","125441270","chr1","9143360","9143660","17","116297610"
"chr20","125517903","125518186","chr1","9064699","9064980","13","116453204"
"chr20","125535820","125536112","chr1","9046615","9046923","25","116489205"
"chr20","125541893","125542171","chr1","9040569","9040847","5","116501324"
"chr20","125674295","125674590","chr1","8902578","8902883","16","116771717"
"chr20","125770953","125771237","chr1","8804371","8804660","13","116966582"
"chr20","125996762","125997022","chr1","8573234","8573494","6","117423528"
"chr20","126013973","126014250","chr7","81087199","81087483","45","44926774"
"chr20","126212091","126212398","chr1","8345182","8345486","19","117866909"
"chr20","126429740","126430076","chr5","137026086","137026425","62","10596346"
"chr20","126789452","126789733","chr1","7765225","7765508","17","119024227"
"chr20","126808959","126809254","chr1","7745956","7746264","34","119063003"
"chr20","127209533","127209816","chr1","7343355","7343634","17","119866178"
"chr20","127247756","127248025","chr5","160679286","160679558","36","33431530"
"chr20","127458504","127458629","chr4","595069","595196","16","126863435"
"chr20","127458659","127458832","chr14","9529826","9529989","37","117928833"
"chr20","127666436","127666729","chr1","6883280","6883573","11","120783156"
"chr20","127797839","127798136","chr1","6746799","6747092","17","121051040"
"chr20","127840083","127840376","chr9","71562572","71562860","43","56277511"
"chr20","127867397","127867696","chr1","6675359","6675655","12","121192038"
"chr20","127868348","127868632","chr6","152711484","152711767","34","24843136"
"chr20","127920535","127920832","chr16","44353929","44354227","39","83566606"
"chr20","128840834","128841121","chr1","5689233","5689520","10","123151601"
"chr20","129271180","129271477","chr1","5250468","5250771","30","124020712"
"chr20","129358944","129359221","chr6","48014414","48014697","43","81344530"
"chr20","129381684","129381985","chr7","126508413","126508707","39","2873271"
"chr20","129506489","129506775","chr1","5006271","5006565","16","124500218"
"chr20","129548190","129548489","chr10","83130319","83130617","36","46417871"
"chr20","129585152","129585452","chr1","4915233","4915531","9","124669919"
"chr20","129648393","129648726","chr3","166624016","166624336","59","36975623"
"chr20","129674763","129675069","chr1","4815861","4816168","11","124858902"
"chr20","129705569","129705857","chr1","4782725","4783004","11","124922844"
"chr20","129775538","129775850","chrX","60791130","60791440","41","68984408"
"chr20","129812383","129812662","chr11","31472276","31472557","37","98340107"
"chr20","129868967","129869103","chr11","74966065","74966200","15","54902902"
"chr20","129869409","129869575","chr1","56150277","56150446","23","73719132"
"chr20","129901124","129901438","chr1","37223173","37223482","42","92677951"
"chr20","129911484","129911794","chr1","4568770","4569080","11","125342714"
"chr20","129912522","129912818","chr1","4567223","4567518","25","125345299"
"chr20","130042329","130042550","chr1","4408317","4408539","9","125634012"
"chr20","130059901","130060214","chr1","4384126","4384438","10","125675775"
"chr20","130079564","130079868","chr2","146638402","146638711","50","16558838"
"chr20","130087044","130087212","chr1","4362332","4362499","5","125724712"
"chr20","130167684","130167850","chr1","4269617","4269782","7","125898067"
"chr20","130253597","130253703","chr10","85466670","85466773","29","44786927"
"chr20","130335651","130335956","chr1","4104063","4104340","38","126231588"
"chr20","130339798","130340093","chr1","4098719","4099013","12","126241079"
"chr20","130418107","130418417","chr5","130508515","130508821","48","90408"
"chr20","130533852","130534096","chr10","16593589","16593829","35","113940263"
"chr21","1277500","1277812","chr3","52886105","52886419","31","51608605"
"chr21","1292955","1293219","chr14","33478773","33479041","50","32185818"
"chr21","1325330","1325610","chr16","64472090","64472369","33","63146760"
"chr21","1429283","1429592","chr4","32480381","32480687","52","31051098"
"chr21","1531304","1531606","chr3","52920604","52920906","3","51389300"
"chr21","1564166","1564452","chr3","52957577","52957875","18","51393411"
"chr21","1604333","1604462","chr3","52997001","52997130","2","51392668"
"chr21","1659864","1660135","chr3","53056577","53056848","7","51396713"
"chr21","1690473","1690753","chr3","53092304","53092583","6","51401831"
"chr21","1754281","1754579","chr6","112431308","112431602","38","110677027"
"chr21","1776984","1777285","chr3","53178419","53178718","8","51401435"
"chr21","1871205","1871487","chr17","45384625","45384903","67","43513420"
"chr21","1894866","1895163","chr3","53309157","53309451","13","51414291"
"chr21","1967718","1967964","chr5","33966514","33966774","66","31998796"
"chr21","1998563","1998847","chr5","153019407","153019691","34","151020844"
"chr21","2029326","2029610","chr3","53448100","53448391","12","51418774"
"chr21","2036454","2036746","chr3","53457999","53458289","5","51421545"
"chr21","2040414","2040495","chr4","45000002","45000084","10","42959588"
"chr21","2040542","2040831","chr3","53465184","53465489","48","51424642"
"chr21","2044018","2044313","chr3","53461379","53461674","7","51417361"
"chr21","2070552","2070863","chr3","53489290","53489597","11","51418738"
"chr21","2117639","2117947","chr3","53544803","53545111","11","51427164"
"chr21","2163003","2163291","chr3","53594089","53594386","15","51431086"
"chr21","2287187","2287494","chr3","53726464","53726772","11","51439277"
"chr21","2289722","2290006","chr3","53729307","53729591","5","51439585"
"chr21","2304355","2304648","chr3","53738228","53738534","21","51433873"
"chr21","2488630","2488822","chr3","53918411","53918603","9","51429781"
"chr21","2521249","2521550","chr18","15131537","15131838","44","12610288"
"chr21","2521894","2522198","JH679655","16056","16357","8","2505838"
"chr21","2563017","2563253","chr3","54005117","54005353","8","51442100"
"chr21","2590343","2590639","chr3","55001518","55001814","5","52411175"
"chr21","2590872","2590925","chr3","56269274","56269325","16","53678402"
"chr21","2621844","2622131","chr9","29536734","29537021","52","26914890"
"chr21","2715035","2715366","chr3","55133835","55134136","51","52418800"
"chr21","2736769","2736992","chr10","74742698","74742916","32","72005929"
"chr21","2760977","2761226","chr3","55188455","55188702","8","52427478"
"chr21","2764252","2764553","chr3","55191720","55192011","19","52427468"
"chr21","2780866","2781146","chr3","55205874","55206157","20","52425008"
"chr21","2829880","2830133","chr5","163914636","163914894","40","161084756"
"chr21","2833722","2833993","chr14","33478773","33479041","44","30645051"
"chr21","2837177","2837484","chr3","55256938","55257238","18","52419761"
"chr21","2847919","2848184","chr3","55267710","55267969","13","52419791"
"chr21","2857568","2857860","chr3","55277333","55277629","17","52419765"
"chr21","2873149","2873269","chr11","8710315","8710436","13","5837166"
"chr21","2904638","2904944","chr9","121604130","121604431","45","118699492"
"chr21","3016257","3016307","chr3","55441801","55441851","0","52425544"
"chr21","3021648","3021977","chr1","207566178","207566473","88","204544530"
"chr21","3176017","3176307","chr1","12742357","12742650","36","9566340"
"chr21","3211871","3212159","chr7","63558520","63558814","45","60346649"
"chr21","3417145","3417447","chr3","55825845","55826151","13","52408700"
"chr21","3676232","3676511","chr3","56084581","56084853","27","52408349"
"chr21","3859803","3859854","chr3","56269274","56269325","2","52409471"
"chr21","3995611","3995919","chr3","56414635","56414927","28","52419024"
"chr21","4047036","4047323","chr3","56465288","56465594","29","52418252"
"chr21","4094685","4094976","chr3","56514520","56514812","10","52419835"
"chr21","4126297","4126593","chr3","56546215","56546512","8","52419918"
"chr21","4178044","4178249","chr3","56598859","56599076","21","52420815"
"chr21","4256214","4256514","chr3","56677321","56677621","6","52421107"
"chr21","4583803","4583939","chr3","57011649","57011800","15","52427846"
"chr21","4591849","4592163","chr11","19598005","19598307","29","15006156"
"chr21","4938671","4938957","chr3","57377169","57377456","23","52438498"
"chr21","5169315","5169580","chr3","57604581","57604881","49","52435266"
"chr21","5470905","5471183","chr3","57923607","57923917","37","52452702"
"chr21","6041023","6041310","chr3","58507080","58507369","20","52466057"
"chr21","6182449","6182757","chr3","58657180","58657486","13","52474731"
"chr21","6313237","6313395","chr3","58786385","58786530","16","52473148"
"chr21","6577904","6578156","chr3","59053041","59053298","14","52475137"
"chr21","6662224","6662524","chr3","59137919","59138234","26","52475695"
"chr21","6705312","6705609","chr7","49410790","49411088","36","42705478"
"chr21","6930767","6931072","chr3","59404778","59405083","9","52474011"
"chr21","7166286","7166583","chr3","59645020","59645321","16","52478734"
"chr21","7184834","7185097","chr3","59665602","59665865","7","52480768"
"chr21","7459889","7460182","chr3","59942086","59942379","11","52482197"
"chr21","7483671","7483822","chr15","39430190","39430340","39","31946519"
"chr21","7495442","7495753","chr3","59977152","59977459","14","52481710"
"chr21","7496543","7496859","chr3","59978239","59978556","25","52481696"
"chr21","7641900","7642206","chr1","114181857","114182168","44","106539957"
"chr21","7660327","7660633","chr3","60140672","60140983","13","52480345"
"chr21","7732307","7732466","chr9","84908163","84908318","41","77175856"
"chr21","7833508","7833665","chr2","76874715","76874871","23","69041207"
"chr21","7870525","7870833","chr3","60352577","60352885","10","52482052"
"chr21","8334526","8334835","chr3","60821024","60821333","32","52486498"
"chr21","8618601","8618905","chr3","61105758","61106068","14","52487157"
"chr21","8639506","8639790","chr3","61126482","61126758","23","52486976"
"chr21","8878485","8878760","chr3","61370576","61370857","9","52492091"
"chr21","9067380","9067685","chr3","61559560","61559866","18","52492180"
"chr21","9545399","9545697","chr16","8083840","8084135","39","1461559"
"chr21","9820533","9820839","chr3","62346073","62346379","7","52525540"
"chr21","9950651","9950955","chr10","75992215","75992529","43","66041564"
"chr21","10305777","10306056","chr3","62840217","62840498","19","52534440"
"chr21","10365403","10365730","chr3","62900232","62900541","29","52534829"
"chr21","10490280","10490583","chr3","63028386","63028693","16","52538106"
"chr21","10586604","10586723","chr9","12286589","12286718","36","1699985"
"chr21","10708862","10709165","chr3","63233271","63233568","14","52524409"
"chr21","11059276","11059551","chr5","97228218","97228495","43","86168942"
"chr21","11101576","11101878","chr3","63615360","63615665","14","52513784"
"chr21","11107767","11108077","chr3","63621552","63621859","15","52513785"
"chr21","11121417","11121725","chr16","22081615","22081922","39","10960198"
"chr21","11133710","11133989","chr13","112546160","112546432","37","101412450"
"chr21","11138599","11138897","chr3","83610987","83611284","37","72472388"
"chr21","11157408","11157712","chr3","63672954","63673253","21","52515546"
"chr21","11168502","11168804","chr4","124137719","124138019","50","112969217"
"chr21","11221210","11221231","chr7","145790583","145790608","12","134569373"
"chr21","11221266","11221545","chr2","152224666","152224949","39","141003400"
"chr21","11265335","11265626","chr15","92295977","92296271","45","81030642"
"chr21","11289977","11290284","chr3","63806170","63806477","16","52516193"
"chr21","11406586","11406831","chr15","42520394","42520654","41","31113808"
"chr21","11579614","11579916","chr3","64107255","64107551","20","52527641"
"chr21","11914282","11914567","chr5","33087413","33087697","44","21173131"
"chr21","11965504","11965647","chr3","64492936","64493079","6","52527432"
"chr21","12077054","12077321","chr3","64609149","64609429","23","52532095"
"chr21","12134356","12134665","chr3","64665745","64666055","15","52531389"
"chr21","12273017","12273323","chr3","64809829","64810135","7","52536812"
"chr21","12395932","12396196","chr2","99593091","99593359","55","87197159"
"chr21","12586309","12586605","chrX","15966596","15966896","41","3380287"
"chr21","13132404","13132705","chr3","65680011","65680303","22","52547607"
"chr21","13213149","13213337","chr3","65760574","65760764","9","52547425"
"chr21","13423428","13423736","chr3","65976679","65976991","9","52553251"
"chr21","13518528","13518815","chr3","66071914","66072216","28","52553386"
"chr21","13549381","13549563","chr7","15748960","15749141","36","2199579"
"chr21","13549595","13549713","chr13","125705777","125705898","11","112156182"
"chr21","13588183","13588485","chr3","66148603","66148905","4","52560420"
"chr21","13687944","13688251","chr3","66244028","66244337","8","52556084"
"chr21","13748137","13748439","chr3","66305476","66305778","6","52557339"
"chr21","13750634","13750929","chr3","66308279","66308571","14","52557645"
"chr21","13788766","13789048","chr11","125655951","125656230","43","111867185"
"chr21","13802144","13802426","chr2","85232750","85233032","40","71430606"
"chr21","13840321","13840438","chr7","47005680","47005789","16","33165359"
"chr21","13840789","13840978","chr17","2954462","2954653","34","10886327"
"chr21","13879788","13880098","chr10","27496344","27496653","52","13616556"
"chr21","13934887","13935195","chr3","66491564","66491865","11","52556677"
"chr21","13967448","13967539","chr1","96034357","96034438","24","82066909"
"chr21","13978021","13978319","chr3","66534746","66535046","10","52556725"
"chr21","14051588","14051710","chr2","69032002","69032131","24","54980414"
"chr21","14052014","14052202","chr8","102720138","102720325","36","88668124"
"chr21","14090568","14090894","chr3","66650232","66650557","7","52559664"
"chr21","14473555","14473822","chr3","67038913","67039192","14","52565358"
"chr21","14500005","14500306","chr3","67065127","67065437","19","52565122"
"chr21","14568582","14568766","chr14","762672","762853","32","13805910"
"chr21","14645047","14645345","chr3","67211121","67211421","10","52566074"
"chr21","14760315","14760395","chr3","67327447","67327528","2","52567132"
"chr21","14837689","14837992","chr3","67402298","67402601","6","52564609"
"chr21","14919360","14919657","chr3","67482845","67483142","8","52563485"
"chr21","15019674","15019961","chr3","67589747","67590032","12","52570073"
"chr21","15105128","15105426","chr3","67674416","67674715","12","52569288"
"chr21","15395352","15395611","chr3","67958930","67959188","5","52563578"
"chr21","15627232","15627536","chr14","97604021","97604326","42","81976789"
"chr21","15821610","15821899","chr3","68390547","68390835","19","52568937"
"chr21","16435745","16435803","chr3","56269274","56269325","22","39833529"
"chr21","16673138","16673443","chr3","69262232","69262541","17","52589094"
"chr21","16922572","16922860","chr3","69504874","69505162","7","52582302"
"chr21","17062419","17062683","chr3","69645312","69645608","37","52582893"
"chr21","17324638","17324918","chr3","69909934","69910214","7","52585296"
"chr21","17331407","17331700","chr3","69916779","69917069","12","52585372"
"chr21","17531821","17532072","chr3","70118455","70118705","6","52586634"
"chr21","17787031","17787322","chr3","70371550","70371841","9","52584519"
"chr21","17984776","17985108","chr3","70567354","70567686","7","52582578"
"chr21","18285771","18286075","chr7","147548947","147549254","47","129263176"
"chr21","18366464","18366731","chr3","70951950","70952223","11","52585486"
"chr21","18408980","18409248","chr3","85818144","85818424","47","67409164"
"chr21","18445712","18446000","chr3","71038152","71038446","12","52592440"
"chr21","18480221","18480523","chr3","71076483","71076772","20","52596262"
"chr21","18504735","18505031","chr3","71101471","71101770","9","52596736"
"chr21","18518901","18519209","chr3","71117274","71117570","19","52598373"
"chr21","18530116","18530404","chr3","71130550","71130838","10","52600434"
"chr21","18615354","18615652","chr3","71216777","71217076","6","52601423"
"chr21","18638422","18638723","chr2","42815086","42815389","45","24176664"
"chr21","18644611","18644889","chr3","71246274","71246552","6","52601663"
"chr21","18658563","18658699","chr1","1238421","1238551","23","17420142"
"chr21","18658998","18659115","chr4","132594729","132594868","47","113935731"
"chr21","18694826","18695053","chr3","71296533","71296760","9","52601707"
"chr21","18741128","18741401","chr3","71341792","71342065","6","52600664"
"chr21","18775717","18776012","chr3","71378297","71378600","20","52602580"
"chr21","18816991","18817295","chr3","71419544","71419828","33","52602553"
"chr21","18906124","18906431","chr3","71508258","71508566","14","52602134"
"chr21","18988411","18988724","chr5","66429993","66430293","41","47441582"
"chr21","19141215","19141404","chr3","71744862","71745051","7","52603647"
"chr21","19168138","19168426","chr3","71771822","71772106","9","52603684"
"chr21","19213722","19214027","chr4","30096673","30096977","49","10882951"
"chr21","19467479","19467774","chr3","72063953","72064239","30","52596474"
"chr21","19516151","19516451","chr10","12975683","12975988","56","6540468"
"chr21","19580979","19581152","chr4","86014480","86014648","36","66433501"
"chr21","19581449","19581585","chr1","30028124","30028263","19","10446675"
"chr21","19730731","19730857","chr3","72331949","72332075","4","52601218"
"chr21","19844767","19845063","chr3","72445761","72446057","7","52600994"
"chr21","19936265","19936368","chr3","72540492","72540594","4","52604227"
"chr21","19945754","19946031","chr13","23454882","23455162","43","3509128"
"chr21","20189281","20189589","chr3","72815566","72815874","8","52626285"
"chr21","20266756","20267059","chr3","72909485","72909783","21","52642729"
"chr21","20298082","20298373","chr3","72940632","72940925","20","52642550"
"chr21","20483922","20484132","chr3","73123911","73124124","7","52639989"
"chr21","20500092","20500390","chr2","155061050","155061348","8","134560958"
"chr21","20563188","20563306","chr3","73202510","73202628","2","52639322"
"chr21","20682642","20682969","chr3","73325660","73325975","28","52643018"
"chr21","21327699","21327963","chr3","73966357","73966640","23","52638658"
"chr21","21415559","21415866","chr3","74053716","74054023","8","52638157"
"chr21","21625208","21625522","chr5","34333183","34333491","37","12707975"
"chr21","21709160","21709436","chr8","20380804","20381083","38","1328356"
"chr21","21709493","21709510","chr13","77378324","77378343","12","55668831"
"chr21","21822730","21822986","chr1","83898695","83898947","42","62075965"
"chr21","22099666","22099948","chr3","74736384","74736662","29","52636718"
"chr21","22107749","22107958","chr3","74744469","74744677","7","52636720"
"chr21","22155801","22156102","chr3","74792800","74793110","16","52636999"
"chr21","22216460","22216749","chr3","74875207","74875496","5","52658747"
"chr21","22247044","22247326","chr3","74904320","74904624","32","52657276"
"chr21","22252451","22252640","chr3","34983610","34983800","28","12731159"
"chr21","22597896","22598148","chr3","75254336","75254591","9","52656440"
"chr21","22604981","22605264","chr3","75261455","75261738","8","52656474"
"chr21","22718545","22718860","chr19","30287174","30287486","42","7568629"
"chr21","22736927","22737229","chr3","75393220","75393522","10","52656293"
"chr21","23280455","23280751","chr9","5849715","5850009","38","17430740"
"chr21","24018594","24018858","chr3","76658826","76659094","19","52640232"
"chr21","24280739","24280984","chr8","120044448","120044693","32","95763709"
"chr21","24421768","24422073","chrX","51216662","51216972","39","26794894"
"chr21","24552018","24552313","chr3","77191107","77191403","8","52639089"
"chr21","24629080","24629389","chr3","77277554","77277858","14","52648474"
"chr21","24688863","24689158","chr3","77336349","77336642","12","52647486"
"chr21","24916897","24917198","chr3","77571255","77571551","11","52654358"
"chr21","25035244","25035544","chr3","77691222","77691523","6","52655978"
"chr21","25147341","25147612","chr3","77802457","77802723","12","52655116"
"chr21","25335795","25336174","chr4","84443218","84443581","78","59107423"
"chr21","25415773","25416088","chr10","16681952","16682263","54","8733821"
"chr21","25428169","25428486","chr3","78086266","78086579","16","52658097"
"chr21","25454283","25454502","chr3","78112296","78112515","3","52658013"
"chr21","25497878","25498170","chr3","78155072","78155379","24","52657194"
"chr21","25509262","25509562","chr3","78166843","78167150","19","52657581"
"chr21","25636915","25637213","chr9","85010884","85011180","37","59373969"
"chr21","25807350","25807631","chr11","116983856","116984146","44","91176506"
"chr21","25830915","25831211","chr3","78573182","78573478","12","52742267"
"chr21","25878275","25878576","chr5","90407930","90408224","50","64529655"
"chr21","25888258","25888398","chr8","20308506","20308647","21","5579752"
"chr21","25888590","25888883","chr3","78628790","78629085","8","52740200"
"chr21","25932821","25933100","chr5","177623149","177623435","57","151690328"
"chr21","25999729","26000000","chr1","190884490","190884765","41","164884761"
"chr21","26008714","26008874","chr16","47371877","47372035","28","21363163"
"chr21","26009167","26009307","chr17","75420154","75420288","22","49410987"
"chr21","26024472","26024812","chr3","78780635","78780954","43","52756163"
"chr21","26625458","26625754","chr3","79382697","79382994","6","52757239"
"chr21","26640274","26640572","chr3","79397858","79398159","15","52757584"
"chr21","26933788","26933976","chr3","79690037","79690236","14","52756249"
"chr21","27067036","27067342","chr3","79827393","79827700","11","52760357"
"chr21","27693621","27693930","chr1","24043019","24043322","38","3650602"
"chr21","27759582","27759876","chr3","80517227","80517520","7","52757645"
"chr21","27832864","27833125","chr3","80590654","80590914","3","52757790"
"chr21","27972019","27972328","chr3","80718450","80718760","22","52746431"
"chr21","28029431","28029590","chr3","80775363","80775519","21","52745932"
"chr21","28099421","28099724","chr20","14121978","14122277","37","13977443"
"chr21","28235472","28235762","chr3","80980063","80980356","29","52744591"
"chr21","28683236","28683529","chr16","50757049","50757341","39","22073813"
"chr21","28973436","28973722","chr3","81538100","81538384","4","52564664"
"chr21","29114376","29114673","chr3","115323719","115324014","34","86209343"
"chr21","29232143","29232421","chr3","81794656","81794967","41","52562513"
"chr21","29263925","29264202","chr3","81826865","81827146","16","52562940"
"chr21","29280003","29280303","chr3","81843769","81844068","10","52563766"
"chr21","29326139","29326438","chr3","81885581","81885872","19","52559442"
"chr21","30172102","30172345","chr3","82725909","82726158","23","52553807"
"chr21","30223461","30223765","chr3","82776933","82777223","17","52553472"
"chr21","30253770","30254081","chr3","82807300","82807612","11","52553530"
"chr21","30302534","30302767","chr3","164283042","164283277","38","133980508"
"chr21","30319296","30319618","chr3","82873498","82873812","12","52554202"
"chr21","30448187","30448481","chr3","83002337","83002631","13","52554150"
"chr21","30568762","30569105","chrX","49563746","49564082","58","18994984"
"chr21","30677260","30677554","chr3","83237833","83238118","26","52560573"
"chr21","30682875","30683043","chr3","83243399","83243567","8","52560524"
"chr21","30881660","30881961","chr3","83440241","83440547","10","52558581"
"chr21","31025411","31025713","chr1","29903957","29904258","40","1121454"
"chr21","31050168","31050476","chr3","83610987","83611284","19","52560819"
"chr21","31066302","31066449","chr1","29749515","29749661","23","1316787"
"chr21","31066743","31066899","chr11","121671649","121671803","31","90604906"
"chr21","31072245","31072542","chr3","13584757","13585048","41","17487488"
"chr21","31093677","31093987","chr3","37104935","37105243","35","6011258"
"chr21","31100816","31101129","chr3","83663248","83663558","18","52562432"
"chr21","31137172","31137357","chr7","156920401","156920589","35","125783229"
"chr21","31137667","31137803","chr15","7139680","7139810","15","23997987"
"chr21","31317358","31317574","chr2","98466965","98467178","43","67149607"
"chr21","31458328","31458640","chr3","84024447","84024759","17","52566119"
"chr21","31738833","31739130","chr3","84309363","84309684","37","52570530"
"chr21","32057281","32057484","chr3","84638441","84638651","15","52581160"
"chr21","32215251","32215555","chr3","84821391","84821690","9","52606140"
"chr21","32223032","32223316","chr3","84829440","84829726","12","52606408"
"chr21","32263774","32264082","chr1","56106334","56106635","40","23842560"
"chr21","32297168","32297462","chr3","84905553","84905859","28","52608385"
"chr21","32318968","32319287","chr3","84927612","84927927","23","52608644"
"chr21","32531040","32531362","chr3","85139471","85139793","14","52608431"
"chr21","32604970","32605286","chr3","85220459","85220773","12","52615489"
"chr21","32877488","32877795","chr3","85494315","85494625","17","52616827"
"chr21","32950330","32950638","chr3","85559132","85559438","11","52608802"
"chr21","33049822","33049996","chr14","103810952","103811129","33","70761130"
"chr21","33099328","33099625","chr3","85708578","85708875","13","52609250"
"chr21","33172953","33173251","chr3","85784245","85784552","13","52611292"
"chr21","33206781","33207063","chr3","85818144","85818424","8","52611363"
"chr21","33228235","33228547","chr11","115755714","115756022","38","82527479"
"chr21","33238361","33238672","chr3","85849474","85849786","13","52611113"
"chr21","33244450","33244747","chr3","85855767","85856064","9","52611317"
"chr21","33245057","33245361","chr1","101368002","101368302","36","68122945"
"chr21","33286674","33286751","chr11","15800360","15800435","19","17486314"
"chr21","33286762","33286834","chr11","15800360","15800435","14","17486402"
"chr21","33354363","33354491","chr1","124534479","124534608","12","91180116"
"chr21","33426022","33426312","chr3","86047868","86048156","12","52621846"
"chr21","33503163","33503436","chr3","86125464","86125763","34","52622301"
"chr21","33532452","33532724","chr1","139265170","139265450","58","105732718"
"chr21","33904375","33904672","chr3","86527235","86527527","17","52622860"
"chr21","33907685","33907979","chr3","86530549","86530843","6","52622864"
"chr21","34036230","34036534","chr3","86658281","86658584","11","52622051"
"chr21","34300399","34300705","chr3","86923507","86923814","13","52623108"
"chr21","34368660","34368964","chr1","37223173","37223482","39","2854513"
"chr21","34647130","34647437","chr3","87260076","87260385","10","52612946"
"chr21","34652938","34653313","chr6","128368665","128369011","109","93715727"
"chr21","34663248","34663569","chr3","87275116","87275437","8","52611868"
"chr21","34696729","34697026","chr3","87309536","87309830","11","52612807"
"chr21","34831958","34832261","chr3","87449308","87449605","16","52617350"
"chr21","34836741","34836989","chr18","12679863","12680106","36","22156878"
"chr21","34865324","34865614","chr3","87482500","87482803","16","52617176"
"chr21","34880957","34881262","chr12","36444891","36445198","41","1563934"
"chr21","34886329","34886633","chr3","87503782","87504086","5","52617453"
"chr21","34897468","34897763","chr3","87514935","87515230","8","52617467"
"chr21","34985753","34986060","chr3","87605433","87605731","14","52619680"
"chr21","35013668","35013953","chr3","87633691","87633984","15","52620023"
"chr21","35021004","35021317","chrX","129435683","129435992","39","94414679"
"chr21","35023316","35023615","chr3","87642708","87643004","8","52619392"
"chr21","35066315","35066613","chr3","87683648","87683945","12","52617333"
"chr21","35106620","35106897","chr3","87724397","87724689","24","52617777"
"chr21","35113933","35114237","chr3","87731947","87732236","24","52618014"
"chr21","35132419","35132722","chr3","87754601","87754898","13","52622182"
"chr21","35141751","35142047","chr3","87763985","87764297","31","52622234"
"chr21","35212458","35212745","chr2","102449365","102449654","50","67236907"
"chr21","35254943","35255219","chr3","87874536","87874831","36","52619593"
"chr21","35261487","35261792","chr3","87883480","87883778","16","52621993"
"chr21","35284103","35284409","chr3","87906115","87906421","17","52622012"
"chr21","35739405","35739445","chr11","24360725","24360762","8","11378680"
"chr21","35976967","35977247","chr3","88604414","88604692","9","52627447"
"chr21","36125395","36125689","chr3","88754327","88754622","11","52628932"
"chr21","36291200","36291510","chr3","88926881","88927170","27","52635681"
"chr21","36321128","36321423","chr4","148808667","148808959","36","112487539"
"chr21","36411707","36412000","chr3","89051123","89051413","11","52639416"
"chr21","36460347","36460627","chr3","89100194","89100466","19","52639847"
"chr21","36793344","36793661","chr3","89442132","89442433","24","52648788"
"chr21","36807318","36807616","chr3","89456830","89457122","13","52649512"
"chr21","36834341","36834593","chr3","89483584","89483835","7","52649243"
"chr21","36964690","36964998","chr1","88721848","88722157","46","51757158"
"chr21","36988226","36988532","chr3","89635487","89635793","8","52647261"
"chr21","37058211","37058485","chr1","145169343","145169619","40","108111132"
"chr21","37332140","37332446","chr3","89981671","89981977","5","52649531"
"chr21","37401362","37401652","chr3","90052456","90052747","19","52651094"
"chr21","37926498","37926777","chr3","90586525","90586807","9","52660027"
"chr21","38064500","38064781","chr3","90725905","90726186","10","52661405"
"chr21","38360290","38360608","chr3","91026642","91026969","21","52666352"
"chr21","38444694","38444971","chr15","97061406","97061689","35","58616712"
"chr21","39345055","39345360","chr3","92058851","92059156","6","52713796"
"chr21","39524943","39525235","chr3","92246672","92246964","9","52721729"
"chr21","39800672","39800920","chr3","92516699","92516946","10","52716027"
"chr21","40158639","40158796","chr2","33656565","33656717","30","6502074"
"chr21","40186836","40187146","chr3","92908586","92908896","7","52721750"
"chr21","40447702","40447982","chr3","93170890","93171174","9","52723188"
"chr21","41102057","41102319","chr5","35824220","35824476","48","5277837"
"chr21","41186119","41186251","chr11","107800157","107800295","16","66614038"
"chr21","41196238","41196408","chr14","31856154","31856328","28","9340084"
"chr21","41351104","41351413","chr3","94080735","94081046","8","52729631"
"chr21","41386265","41386550","chr17","77009101","77009382","44","35622836"
"chr21","41410649","41410950","chr1","207037205","207037507","41","165626556"
"chr21","41493642","41493919","chr15","101909506","101909787","44","60415864"
"chr21","41511154","41511457","chr3","94239776","94240064","28","52728622"
"chr21","41597653","41597832","chr3","99786565","99786750","41","58188912"
"chr21","41944089","41944404","chr3","94688833","94689149","11","52744744"
"chr21","42089125","42089279","chr3","94846237","94846376","17","52757112"
"chr21","42164414","42164722","chr3","94920463","94920769","24","52756049"
"chr21","42327506","42327804","chr3","95084305","95084591","20","52756799"
"chr21","42423027","42423332","chr3","95175726","95176031","11","52752699"
"chr21","43161315","43161617","chr3","95911705","95912009","11","52750390"
"chr21","43211420","43211667","chr3","95965139","95965370","24","52753719"
"chr21","43313262","43313538","chr3","96074791","96075088","31","52761529"
"chr21","43358173","43358452","chr3","96120820","96121098","8","52762647"
"chr21","43373459","43373777","chr3","96136709","96137037","34","52763250"
"chr21","43453887","43454184","chr3","96216364","96216663","9","52762477"
"chr21","43898596","43898770","chr3","96661500","96661681","10","52762904"
"chr21","43932941","43933244","chr3","96694663","96694975","27","52761722"
"chr21","44000228","44000511","chr3","96758260","96758544","9","52758032"
"chr21","44133480","44133731","chrX","6080281","6080533","39","38053199"
"chr21","44249640","44249948","chr3","97008905","97009210","12","52759265"
"chr21","44415375","44415668","chr3","97203978","97204282","17","52788603"
"chr21","44619314","44619573","chr3","97412815","97413078","19","52793501"
"chr21","44714782","44715078","chr6","60822482","60822782","53","16107700"
"chr21","44730371","44730687","chr3","97526412","97526729","11","52796041"
"chr21","45007378","45007682","chr3","97805591","97805891","20","52798213"
"chr21","45032947","45033250","chr3","97830437","97830737","13","52797490"
"chr21","45328413","45328710","chr3","98125437","98125723","20","52797024"
"chr21","45375949","45376127","chr8","92892879","92893059","36","47516930"
"chr21","45401994","45402165","chr13","25682158","25682328","28","19719836"
"chr21","45437534","45437828","chr3","98237156","98237442","18","52799622"
"chr21","45439777","45440081","chr4","107688092","107688395","46","62248315"
"chr21","45471066","45471374","chr3","98270580","98270888","12","52799514"
"chr21","45499275","45499558","chr3","98297919","98298225","30","52798644"
"chr21","45559163","45559464","chr3","98360375","98360672","8","52801212"
"chr21","45573490","45573775","chr3","98374587","98374873","16","52801097"
"chr21","45723111","45723395","chr3","98530207","98530488","10","52807096"
"chr21","46060906","46061191","chr3","98882444","98882721","26","52821538"
"chr21","46211839","46212157","chr3","99042911","99043219","20","52831072"
"chr21","46638912","46639211","chr3","99486191","99486500","20","52847279"
"chr21","46870929","46871227","chr3","99731726","99732038","27","52860797"
"chr21","46982924","46983217","chr3","99845429","99845738","24","52862505"
"chr21","46992991","46993124","chr4","101391615","101391756","17","54398624"
"chr21","46993421","46993629","chr1","11127474","11127672","33","35865947"
"chr21","47070324","47070620","chr3","99930282","99930574","10","52859958"
"chr21","47108731","47109025","chr3","99968877","99969171","7","52860146"
"chr21","47344319","47344503","chr3","100210124","100210341","40","52865805"
"chr21","47635547","47635849","chr3","100495317","100495628","24","52859770"
"chr21","47955224","47955520","chr3","100808142","100808447","20","52852918"
"chr21","48178904","48179177","chr3","101035036","101035306","12","52856132"
"chr21","48451265","48451563","chr3","101319165","101319469","23","52867900"
"chr21","48575833","48576143","chr3","101453441","101453750","15","52877608"
"chr21","48591683","48591913","chr3","101469536","101469751","20","52877853"
"chr21","49156499","49156799","chr3","102038291","102038586","16","52881792"
"chr21","50119669","50119981","chr3","103027932","103028243","12","52908263"
"chr21","50314771","50315074","chrX","51316936","51317234","38","1002165"
"chr21","50394904","50395060","chrX","62196973","62197131","33","11802069"
"chr21","50435769","50436064","chr10","27594987","27595275","37","22840782"
"chr21","50501734","50502033","chr6","160220855","160221152","36","109719121"
"chr21","50510232","50510546","chr3","103429473","103429789","14","52919241"
"chr21","50588503","50588804","chr3","103511349","103511641","24","52922846"
"chr21","50860401","50860604","chr3","103789031","103789234","12","52928630"
"chr21","50973731","50974020","chr3","103906951","103907262","34","52933220"
"chr21","50987353","50987649","chr3","103920582","103920878","9","52933229"
"chr21","51182705","51183021","chr3","104116501","104116811","13","52933796"
"chr21","51187635","51187943","chr3","104121442","104121745","12","52933807"
"chr21","51599754","51600049","chr2","85674014","85674321","54","34074260"
"chr21","51646439","51646730","chr7","149389824","149390116","39","97743385"
"chr21","51647260","51647568","chr3","104581546","104581854","15","52934286"
"chr21","51660239","51660549","chr3","104594422","104594730","14","52934183"
"chr21","51663750","51663996","chr3","104597929","104598182","15","52934179"
"chr21","51848018","51848326","chr3","104801072","104801371","23","52953054"
"chr21","51925099","51925408","chr3","104875671","104875978","19","52950572"
"chr21","51950734","51951028","chr3","104901255","104901549","5","52950521"
"chr21","52129738","52130047","chr19","37097543","37097854","38","15032195"
"chr21","52246854","52247164","chr3","105196896","105197209","10","52950042"
"chr21","52564149","52564448","chr3","105515328","105515627","14","52951179"
"chr21","52691284","52691580","chr3","105641421","105641715","15","52950137"
"chr21","52836260","52836561","chr3","105794828","105795131","11","52958568"
"chr21","52879975","52880273","chr3","105836846","105837151","12","52956871"
"chr21","52999707","52999982","chr7","358708","358979","49","52640999"
"chr21","53467152","53467451","chr3","106437635","106437933","9","52970483"
"chr21","53879531","53879841","chr3","106851682","106851992","6","52972151"
"chr21","53888808","53889099","chr14","111253854","111254146","51","57365046"
"chr21","53985494","53985792","chrX","51165804","51166099","35","2819690"
"chr21","54330246","54330536","chr1","161732058","161732354","42","107401812"
"chr21","54365735","54366045","chr1","158774278","158774587","46","104408543"
"chr21","54507496","54507704","chr3","107481872","107482081","5","52974376"
"chr21","55155458","55155755","chr3","108124307","108124603","7","52968849"
"chr21","55232933","55233214","chr3","108200472","108200753","9","52967539"
"chr21","55346183","55346497","chr3","108314521","108314827","10","52968338"
"chr21","55666982","55667316","chr3","108639251","108639556","33","52972269"
"chr21","55968648","55968843","chr3","108949228","108949423","2","52980580"
"chr21","56060645","56060957","chr3","109054214","109054529","12","52993569"
"chr21","56293041","56293305","chr16","73001687","73001943","48","16708646"
"chr21","56437731","56438038","chr3","109432182","109432488","10","52994451"
"chr21","56513614","56513898","chr3","109508378","109508663","4","52994764"
"chr21","56565296","56565333","chr1","123801160","123801194","8","67235864"
"chr21","56654002","56654295","chr3","109642768","109643057","9","52988766"
"chr21","56766786","56767089","chr3","109761853","109762160","7","52995067"
"chr21","56851389","56851676","chr1","213086745","213087035","41","156235356"
"chr21","56860430","56860735","chr3","109856919","109857224","10","52996489"
"chr21","56890411","56890704","chr3","109886456","109886749","7","52996045"
"chr21","56892326","56892629","chr15","82251591","82251877","51","25359265"
"chr21","56896511","56896686","chr3","109892568","109892743","3","52996057"
"chr21","56903450","56903735","chr3","109899486","109899804","40","52996036"
"chr21","56937448","56937700","chr3","109933051","109933327","37","52995603"
"chr21","57017361","57017648","chr3","110012466","110012753","9","52995105"
"chr21","57950483","57950646","chr4","35616638","35616804","23","22333845"
"chr21","57950677","57950794","chr13","125705777","125705898","17","67755100"
"chr21","58157778","58158075","chr3","111167398","111167694","8","53009620"
"chr21","58362430","58362721","chr3","111370392","111370684","7","53007962"
"chr21","58390081","58390376","chr3","111398035","111398335","13","53007954"
"chr21","58401965","58402265","chr3","111409953","111410264","20","53007988"
"chr21","58504356","58504619","chr15","6438791","6439051","34","52065565"
"chr21","58946103","58946403","chrX","128231874","128232180","34","69285771"
"chr21","59387465","59387769","chr3","112440212","112440518","14","53052747"
"chr21","59531420","59531580","chr3","112605864","112606024","6","53074444"
"chr21","60238431","60238743","chr3","113310848","113311166","42","53072417"
"chr21","60278151","60278448","chr10","80607447","80607744","40","20329296"
"chr21","60779892","60780135","chr3","113844680","113844924","9","53064788"
"chr21","60971515","60971814","chr3","114036152","114036457","21","53064637"
"chr21","61010330","61010637","chr3","114074706","114075013","6","53064376"
"chr21","61091684","61091994","chr3","114156527","114156836","10","53064843"
"chr21","61295364","61295653","chr3","114364645","114364936","33","53069281"
"chr21","61673700","61673991","chr3","114736386","114736683","12","53062686"
"chr21","61968170","61968478","chr3","115038765","115039073","8","53070595"
"chr21","62253145","62253441","chr3","115323719","115324014","9","53070574"
"chr21","62404263","62404535","chr3","115482698","115483000","36","53078435"
"chr21","62886927","62887216","chr3","120189846","120190134","43","57302919"
"chr21","62970092","62970390","chr3","116071618","116071919","13","53101526"
"chr21","63139157","63139340","chr10","81130239","81130429","38","17991082"
"chr21","63233171","63233457","chr3","116336150","116336464","48","53102979"
"chr21","63336939","63337219","chr3","116443038","116443320","9","53106099"
"chr21","63516294","63516601","chr16","46641239","46641544","54","16875055"
"chr21","63623654","63623920","chr3","116700917","116701208","42","53077263"
"chr21","63787708","63788047","chr3","116871346","116871656","32","53083638"
"chr21","64439573","64439875","chr3","117521187","117521489","15","53081614"
"chr21","64703315","64703613","chr3","117787263","117787560","9","53083948"
"chr21","64762141","64762274","chr11","74966065","74966200","12","10203924"
"chr21","64762597","64762783","chr5","129275158","129275347","30","64512561"
"chr21","64781953","64782258","chr8","56789706","56790011","36","7992247"
"chr21","64909546","64909832","chr10","18400543","18400832","50","46509003"
"chr21","65114937","65115206","chr5","138983545","138983816","50","73868608"
"chr21","65295924","65296220","chr3","118382353","118382647","16","53086429"
"chr21","65448769","65449055","chr3","118543800","118544088","20","53095031"
"chr21","65644332","65644640","chr3","118741579","118741889","11","53097247"
"chr21","65833807","65834110","chr10","83766146","83766458","48","17932339"
"chr21","66349719","66350022","chr6","17066437","17066745","36","49283282"
"chr21","66434721","66435001","chr3","119535970","119536254","18","53101249"
"chr21","66703565","66703865","chr3","119810944","119811236","22","53107379"
"chr21","66885529","66885837","chr12","102807528","102807834","53","35921999"
"chr21","66974291","66974591","chr3","120083858","120084161","8","53109567"
"chr21","67081742","67082030","chr3","120189846","120190134","5","53108104"
"chr21","67178367","67178653","chr3","120280778","120281088","33","53102411"
"chr21","67326631","67326780","chr12","32880869","32881021","24","34445762"
"chr21","67326806","67326931","chr12","95132654","95132778","20","27805848"
"chr21","67500252","67500406","chr5","130050020","130050176","36","62549768"
"chr21","67598266","67598608","chr3","120707640","120707942","46","53109374"
"chr21","67891141","67891438","chr3","120997881","120998190","22","53106740"
"chr21","67899820","67900127","chr3","121006390","121006683","38","53106570"
"chr21","67923505","67923801","chr3","121029458","121029761","22","53105953"
"chr21","67946582","67946852","chr3","121051267","121051537","8","53104685"
"chr21","67956692","67956988","chr2","86962550","86962847","40","19005858"
"chr21","68173318","68173629","chr3","121269967","121270274","24","53096649"
"chr21","68310952","68311257","chr3","121406596","121406899","12","53095644"
"chr21","68634297","68634579","chr3","121735624","121735906","8","53101327"
"chr21","68829555","68829879","chr3","121926000","121926309","28","53096445"
"chr21","69409227","69409392","chr3","122527359","122527529","14","53118132"
"chr21","69494452","69494762","chr3","122611918","122612236","37","53117466"
"chr21","70103755","70103967","chr3","123234326","123234544","13","53130571"
"chr21","70142705","70143012","chr3","123272853","123273159","8","53130148"
"chr21","70358839","70359145","chr5","99210362","99210672","43","28851523"
"chr21","70652037","70652336","chr3","123784169","123784457","29","53132132"
"chr21","70856754","70857017","chr3","123982307","123982549","37","53125553"
"chr21","70861415","70861724","chr1","31261228","31261523","40","39600187"
"chr21","70883364","70883665","chrX","13106322","13106625","38","57777042"
"chr21","70974351","70974633","chr6","77077531","77077811","31","6103180"
"chr21","70994787","70995070","chr3","124118700","124118983","8","53123913"
"chr21","71080366","71080649","chr3","124202507","124202793","5","53122141"
"chr21","71152368","71152667","chr3","124273847","124274144","8","53121479"
"chr21","71176891","71177185","chr3","124298257","124298550","13","53121366"
"chr21","71177252","71177560","chr3","124298617","124298926","12","53121365"
"chr21","71201867","71202064","chr7","39959558","39959756","31","31242309"
"chr21","71225798","71226082","chr3","124366555","124366844","15","53140757"
"chr21","71232809","71233073","chr3","124373562","124373826","3","53140753"
"chr21","71240237","71240544","chr3","124381317","124381613","19","53141080"
"chr21","71250645","71250957","chr3","124392061","124392375","12","53141416"
"chr21","71305092","71305415","chr3","124449076","124449392","16","53143984"
"chr21","71352142","71352426","chr3","124494859","124495144","10","53142717"
"chr21","71355789","71356008","chr3","124498380","124498602","13","53142591"
"chr21","71423000","71423165","chr3","124562830","124562989","11","53139830"
"chr21","71475375","71475674","chr3","124612467","124612772","14","53137092"
"chr21","71493491","71493787","chr1","27006519","27006818","37","44486972"
"chr21","71539463","71539757","chr3","124677932","124678226","9","53138469"
"chr21","71692796","71693076","chr3","124830055","124830335","4","53137259"
"chr21","71869118","71869247","chr3","125011581","125011699","13","53142463"
"chr21","71987565","71987872","chr10","71880315","71880618","33","107250"
"chr21","72210856","72211146","chr3","125346384","125346675","16","53135528"
"chr21","72242552","72242838","chr3","125378444","125378725","17","53135892"
"chr21","72246776","72247081","chr3","125382405","125382718","20","53135629"
"chr21","72298147","72298442","chr3","125433614","125433915","19","53135467"
"chr21","72314804","72315098","chr3","125492509","125492803","11","53177705"
"chr21","72876659","72876965","chr16","63451959","63452267","32","9424700"
"chr21","72915440","72915643","chr3","126095218","126095423","10","53179778"
"chr21","72988058","72988360","chr11","48612807","48613109","36","24375251"
"chr21","72997764","72998065","chr3","126179509","126179815","13","53181745"
"chr21","73331574","73331703","chr16","56550814","56550943","15","16780760"
"chr21","73383218","73383523","chr3","126586341","126586648","6","53203123"
"chr21","73406037","73406341","chr12","84987502","84987798","41","11581465"
"chr21","73658773","73659053","chr3","126864577","126864866","16","53205804"
"chr21","73664535","73664801","chr3","126875727","126876009","22","53211192"
"chr21","73833346","73833637","chr19","15906188","15906483","40","57927158"
"chr21","73836652","73836962","chr3","127048330","127048632","18","53211678"
"chr21","73847545","73847853","chr3","127059331","127059635","10","53211786"
"chr21","73880926","73881158","chr3","127092774","127093010","21","53211848"
"chr21","73884582","73884773","chr9","52059642","52059836","35","21824940"
"chr21","73885083","73885210","chr4","21810577","21810704","19","52074506"
"chr21","74003711","74004016","chr3","127216186","127216489","6","53212475"
"chr21","74013936","74014237","chr11","47484789","47485086","42","26529147"
"chr21","74020199","74020499","chr3","127232656","127232956","5","53212457"
"chr21","74026141","74026443","chr3","127238578","127238882","9","53212437"
"chr21","74065386","74065697","chr3","127278490","127278801","10","53213104"
"chr21","74102136","74102444","chr3","127316437","127316738","14","53214301"
"chr21","74212906","74213199","chr7","58742238","58742524","45","15470668"
"chr21","74215480","74215711","chr3","127433535","127433770","16","53218055"
"chr21","74225127","74225290","chr12","59239946","59240109","31","14985181"
"chr21","74250881","74251210","chr9","87149710","87149996","97","12898829"
"chr21","74287586","74287893","chr3","127508606","127508908","22","53221020"
"chr21","74355389","74355687","chr3","127577597","127577891","17","53222208"
"chr21","74394325","74394490","chr9","40214036","40214205","29","34180289"
"chr21","74410528","74410682","chr2","33656565","33656717","28","40753963"
"chr21","74417586","74417874","chr3","127642252","127642551","17","53224666"
"chr21","74437469","74437740","chr3","127662207","127662479","15","53224738"
"chr21","74438256","74438564","chr2","184554529","184554839","36","110116273"
"chr21","74441451","74441756","chr2","1343464","1343769","46","73097987"
"chr21","74448224","74448536","chr3","127673305","127673593","36","53225081"
"chr21","74453631","74453732","chr14","99993133","99993240","29","25539502"
"chr21","74486542","74486784","chr3","127712442","127712664","28","53225900"
"chr21","74545869","74546176","chr3","40329161","40329469","35","34216708"
"chr21","74583649","74583987","chr3","127811463","127811761","45","53227814"
"chr21","74649331","74649626","chr3","127878675","127878981","13","53229344"
"chr21","74942228","74942536","chr3","128179094","128179396","10","53236866"
"chr21","74963512","74963812","chr3","128200877","128201186","23","53237365"
"chr21","75026110","75026420","chr12","40913554","40913861","42","34112556"
"chr21","75531317","75531613","chr3","128780941","128781252","21","53249624"
"chr21","75602602","75602909","chr3","128848659","128848971","8","53246057"
"chr21","75763580","75763903","chr3","129003852","129004167","12","53240272"
"chr21","75791650","75791887","chr3","129034074","129034311","5","53242424"
"chr21","75926076","75926374","chr10","76435617","76435916","37","509541"
"chr21","75935559","75935828","chr18","9777868","9778149","41","66157691"
"chr21","75939494","75939803","chr3","129188568","129188877","8","53249074"
"chr21","76117322","76117612","chr3","129365961","129366258","11","53248639"
"chr21","76344256","76344563","chr3","129598349","129598656","8","53254093"
"chr21","76617615","76617883","chr3","129870553","129870809","25","53252938"
"chr21","76734656","76734967","chr3","129985116","129985430","12","53250460"
"chr21","76920049","76920333","chr3","130173470","130173791","46","53253421"
"chr21","76996187","76996490","chr3","130247175","130247478","7","53250988"
"chr21","77325001","77325310","chr3","130576107","130576419","14","53251106"
"chr21","77419638","77419938","chr16","3311011","3311296","45","74108627"
"chr21","77427919","77428223","chr3","130677642","130677943","11","53249723"
"chr21","77501479","77501776","chr3","130751798","130752109","25","53250319"
"chr21","77582321","77582609","chr3","130831046","130831348","44","53248725"
"chr21","77695018","77695325","chr3","130944111","130944418","7","53249093"
"chr21","77834398","77834649","chr3","131094012","131094261","12","53259614"
"chr21","77892640","77892935","chrX","19196519","19196813","41","58696121"
"chr21","78717778","78718052","chr4","41367017","41367302","60","37350761"
"chr21","78835651","78835947","chr3","132087062","132087356","11","53251411"
"chr21","79052101","79052372","chr3","132300511","132300783","11","53248410"
"chr21","79158701","79158987","chr3","132413243","132413534","20","53254542"
"chr21","79187639","79187939","chr3","132436626","132436936","25","53248987"
"chr21","79481174","79481486","chr3","132735382","132735699","18","53254208"
"chr21","79513440","79513659","chr3","132766963","132767175","9","53253523"
"chr21","79795488","79795774","chr3","133047900","133048179","21","53252412"
"chr21","79913767","79914100","chr3","133167586","133167919","13","53253819"
"chr21","79927153","79927441","chr3","133186410","133186698","11","53259257"
"chr21","79940104","79940411","chr3","133199599","133199877","44","53259495"
"chr21","80203974","80204102","chr3","133471023","133471152","8","53267049"
"chr21","80366757","80367069","chr1","9293724","9294032","44","71073033"
"chr21","80432508","80432812","chr3","133696161","133696459","17","53263653"
"chr21","80653957","80654224","chr3","133925397","133925665","12","53271440"
"chr21","80677983","80678148","chr5","35273347","35273505","30","45404636"
"chr21","80876922","80877221","chr3","134148437","134148736","26","53271515"
"chr21","80930189","80930478","chr3","134201290","134201569","22","53271101"
"chr21","81045338","81045625","chr3","134317837","134318124","6","53272499"
"chr21","81102274","81102556","chr3","134376924","134377200","17","53274650"
"chr21","81484195","81484483","chr3","134765941","134766238","12","53281746"
"chr21","81605882","81606211","chr16","4579924","4580265","57","77025958"
"chr21","81687814","81688117","chr3","134982045","134982351","11","53294231"
"chr21","81889713","81889877","chr3","135186758","135186907","24","53297045"
"chr21","82054241","82054544","chr3","135358921","135359232","14","53304680"
"chr21","82289991","82290267","chr3","135601021","135601309","23","53311030"
"chr21","82296207","82296521","chr3","135604984","135605295","14","53308777"
"chr21","82419801","82420076","chr3","135722551","135722826","16","53302750"
"chr21","82655278","82655537","chr10","85826598","85826852","54","3171320"
"chr21","82697672","82697993","chr3","136008104","136008413","22","53310432"
"chr21","82757633","82757816","chr2","84726422","84726598","43","1968789"
"chr21","82758117","82758252","chr7","131094416","131094546","25","48336299"
"chr21","82855877","82856162","chr3","136160941","136161238","17","53305064"
"chr21","83173559","83173858","chr3","136487889","136488202","18","53314330"
"chr21","83284624","83284859","chr3","136597343","136597578","5","53312719"
"chr21","83313863","83314255","chr6","128368665","128369011","109","45054802"
"chr21","83376313","83376559","chr3","136689434","136689676","8","53313121"
"chr21","83450858","83451154","chr3","136764808","136765116","28","53313950"
"chr21","83787395","83787700","chr3","137103548","137103852","20","53316153"
"chr21","84436724","84437026","chr5","94774406","94774706","26","10337682"
"chr21","84606448","84606611","chr3","137924242","137924409","12","53317794"
"chr21","84705013","84705167","chr2","140353475","140353631","31","55648462"
"chr21","84731471","84731736","chr3","138043260","138043522","7","53311789"
"chr21","84798220","84798495","chr3","138114113","138114390","11","53315893"
"chr21","84890230","84890524","chrX","43418250","43418544","44","41471980"
"chr21","84958968","84959265","chr3","138272516","138272820","24","53313548"
"chr21","85548918","85549217","chr3","138859025","138859329","19","53310107"
"chr21","85608496","85608820","chr3","138918490","138918827","34","53309994"
"chr21","85690110","85690407","chr1","130501973","130502271","48","44811863"
"chr21","86402677","86402985","chr6","52574114","52574421","34","33828563"
"chr21","86499010","86499305","chr8","112954226","112954523","43","26455216"
"chr21","86612928","86613218","chr3","139920851","139921148","18","53307923"
"chr21","86648029","86648327","chr3","139955930","139956227","12","53307901"
"chr21","86671647","86671942","chr3","139979337","139979645","17","53307690"
"chr21","86717186","86717502","chr12","50443581","50443895","44","36273605"
"chr21","86951921","86952221","chr3","140271150","140271445","13","53319229"
"chr21","87056134","87056287","chr13","42872857","42873006","30","44183277"
"chr21","87578724","87579025","chr3","140913377","140913679","12","53334653"
"chr21","87769413","87769672","chr3","141101935","141102193","9","53332522"
"chr21","87867889","87868150","chr15","99708676","99708934","58","11840787"
"chr21","88434177","88434503","chr2","163181315","163181637","64","74747138"
"chr21","88722756","88723058","chr3","142060106","142060413","13","53337350"
"chr21","88795386","88795689","chr3","142134405","142134699","18","53339019"
"chr21","89401433","89401693","chr3","142728898","142729158","8","53327465"
"chr21","89403373","89403644","chr3","142730505","142730768","10","53327132"
"chr21","89606093","89606375","chr3","142935765","142936042","14","53329672"
"chr21","89881105","89881404","chr3","143211600","143211911","30","53330495"
"chr21","89910077","89910368","chr3","143240809","143241101","6","53330732"
"chr21","90239079","90239360","chr16","64472090","64472369","41","25766989"
"chr21","90412514","90412697","chr2","149552067","149552259","52","59139553"
"chr21","90492051","90492371","chrX","38280533","38280851","36","52211518"
"chr21","90741259","90741558","chr3","144078260","144078560","7","53337001"
"chr21","90744756","90745042","chr3","144081758","144082052","13","53337002"
"chr21","90789273","90789582","chr3","144128220","144128526","8","53338947"
"chr21","91136663","91136962","chr2","115850522","115850822","56","24713859"
"chr21","91164973","91165080","chr3","144501119","144501226","4","53336146"
"chr21","91219405","91219559","chr13","68065413","68065570","47","23153992"
"chr21","91361302","91361612","chr3","144701688","144701998","11","53340386"
"chr21","91678671","91678974","chr3","145025333","145025644","21","53346662"
"chr21","91963408","91963688","chr3","145321915","145322190","14","53358507"
"chr21","92169100","92169382","chr3","145531958","145532236","8","53362858"
"chr21","92270958","92271260","chr3","145630953","145631272","28","53359995"
"chr21","92417564","92417861","chr3","145781158","145781457","9","53363594"
"chr21","92526544","92526800","chr3","145889839","145890095","9","53363295"
"chr21","92594865","92595171","chr20","30062967","30063276","64","62531898"
"chr21","92669320","92669622","chr3","146031986","146032286","19","53362666"
"chr21","92700957","92701265","chr3","146063678","146063989","16","53362721"
"chr21","92772358","92772671","chr3","146133385","146133694","14","53361027"
"chr21","93078333","93078581","chr3","146437599","146437846","9","53359266"
"chr21","93412774","93413081","chr3","146774221","146774528","23","53361447"
"chr21","93508114","93508262","chr4","41177678","41177819","25","52330436"
"chr21","93508382","93508500","chr17","11520456","11520574","14","81987926"
"chr21","93691533","93691831","chr3","147050641","147050939","18","53359108"
"chr21","93700070","93700358","chr2","164198476","164198764","46","70498406"
"chr21","93792003","93792289","chr15","97061406","97061689","42","3269403"
"chr21","93823123","93823400","chr19","37139106","37139386","42","56684017"
"chr21","93932955","93933242","chr3","147287367","147287657","10","53354412"
"chr21","94299529","94299809","chr9","90557855","90558137","43","3741674"
"chr21","94492429","94492738","chr1","163867101","163867402","57","69374672"
"chr21","94606317","94606622","chr3","127216186","127216489","40","32609869"
"chr21","94648064","94648207","chr13","97969578","97969719","20","3321514"
"chr21","94807358","94807678","chr3","147935181","147935501","11","53127823"
"chr21","95402491","95402815","chr3","148538757","148539065","29","53136266"
"chr21","95914113","95914379","chr3","149058540","149058804","10","53144427"
"chr21","96297657","96297954","chr5","101264714","101265010","57","4967057"
"chr21","96412389","96412695","chr3","149579650","149579945","21","53167261"
"chr21","96505023","96505331","chr3","149671932","149672238","10","53166909"
"chr21","96588832","96589126","chr3","149755087","149755379","7","53166255"
"chr21","96625537","96625652","chr12","58937248","58937363","14","37688289"
"chr21","96719677","96719969","chr3","149884651","149884943","13","53164974"
"chr21","96807310","96807626","chr3","149971575","149971894","14","53164265"
"chr21","96895701","96896005","chr3","150060509","150060816","7","53164808"
"chr21","96917777","96918081","chr12","36444891","36445198","38","60472886"
"chr21","97131405","97131697","chr3","150295778","150296069","14","53164373"
"chr21","97169160","97169211","chr3","150333047","150333098","3","53163887"
"chr21","97283282","97283588","chr3","150448784","150449110","28","53165502"
"chr21","97308058","97308314","chr13","8787760","8788014","33","88520298"
"chr21","97333636","97333803","chr16","70198814","70198977","18","27134822"
"chr21","97498789","97499097","chr3","150644938","150645239","20","53146149"
"chr21","97530456","97530664","chr1","56861322","56861524","36","40669134"
"chr21","97542281","97542454","chr15","78947049","78947219","22","18595232"
"chr21","97558409","97558703","chr3","150707181","150707475","7","53148772"
"chr21","97635200","97635513","chr3","150786475","150786782","11","53151275"
"chr21","97706535","97706864","chr3","150859032","150859338","29","53152497"
"chr21","97842192","97842495","chr3","150995566","150995864","15","53153374"
"chr21","97868577","97868880","chr3","151021185","151021487","12","53152608"
"chr21","98015163","98015336","chr3","151168450","151168623","3","53153287"
"chr21","98021391","98021611","chr3","151174728","151174928","25","53153337"
"chr21","98021902","98022016","chr13","42929451","42929566","16","55092451"
"chr21","98100610","98100920","chr7","135880516","135880825","34","37779906"
"chr21","98126194","98126463","chr3","151281634","151281914","19","53155440"
"chr21","98147827","98147974","chr11","74966065","74966200","26","23181762"
"chr21","98148281","98148429","chr12","19037809","19037962","28","79110472"
"chr21","98184259","98184562","chr3","151341411","151341711","26","53157152"
"chr21","98204005","98204065","chr16","51701031","51701090","6","46502974"
"chr21","98264899","98265189","chr3","151417565","151417847","14","53152666"
"chr21","98317004","98317304","chr3","151467353","151467657","12","53150349"
"chr21","98437232","98437540","chr3","151591154","151591460","11","53153922"
"chr21","98499836","98500000","chr1","196219951","196220118","33","97720115"
"chr21","98552730","98552865","chr11","74966065","74966200","18","23586665"
"chr21","98552871","98553295","chr7","131313035","131313424","119","32760164"
"chr21","98561107","98561417","chr19","32011380","32011691","40","66549727"
"chr21","98589477","98589658","chr1","65394784","65394959","30","33194693"
"chr21","98615768","98616074","chr19","48411999","48412298","33","50203769"
"chr21","98618234","98618540","chr10","71198886","71199196","42","27419348"
"chr21","98626419","98626723","chr3","151782564","151782867","17","53156145"
"chr21","98664408","98664725","chr3","151819957","151820262","36","53155549"
"chr21","98678712","98679014","chr3","151834669","151834962","33","53155957"
"chr21","98745850","98746039","chr3","151900449","151900635","7","53154599"
"chr21","98794914","98795201","chr3","151949794","151950081","10","53154880"
"chr21","98871275","98871565","chr3","152028174","152028464","8","53156899"
"chr21","99022308","99022596","chr3","152175375","152175663","5","53153067"
"chr21","99088947","99089236","chr3","152241829","152242119","7","53152882"
"chr21","99250613","99250883","chr3","152411098","152411396","35","53160485"
"chr21","99288502","99288799","chr3","152448703","152449016","26","53160201"
"chr21","99294410","99294706","chr3","152454634","152454928","16","53160224"
"chr21","99330313","99330617","chr3","152489974","152490262","24","53159661"
"chr21","99387355","99387691","chr3","152549764","152550103","11","53162409"
"chr21","99622801","99623107","chr3","152786350","152786648","20","53163549"
"chr21","99665376","99665676","chr3","152828404","152828708","11","53163028"
"chr21","99782248","99782544","chr3","152945555","152945851","8","53163307"
"chr21","99836127","99836302","chr3","152999170","152999345","3","53163043"
"chr21","99882626","99882919","chr3","153046664","153046957","2","53164038"
"chr21","100047383","100047580","chr7","161778467","161778667","33","61731084"
"chr21","100061326","100061629","chr3","153224379","153224682","11","53163053"
"chr21","100184428","100184723","chr3","153348316","153348606","16","53163888"
"chr21","100196936","100197250","chr3","153360726","153361044","18","53163790"
"chr21","100263519","100263816","chr3","153425123","153425425","37","53161604"
"chr21","100284626","100284860","chr3","153449334","153449563","26","53164708"
"chr21","100293344","100293484","chr10","10472689","10472817","60","89820655"
"chr21","100293485","100293691","chr14","8177468","8177677","45","92116017"
"chr21","100332312","100332622","chr3","153500427","153500735","7","53168115"
"chr21","100335196","100335505","chr3","153503438","153503733","22","53168242"
"chr21","100344767","100344967","chr5","171690958","171691167","44","71346191"
"chr21","100466821","100467099","chr3","153640328","153640611","14","53173507"
"chr21","100626666","100626985","chr3","153806381","153806707","18","53179715"
"chr21","101106424","101106715","chr3","154280802","154281088","13","53174378"
"chr21","101146442","101146734","chr3","154320705","154320997","5","53174263"
"chr21","101480616","101480914","chr3","154652846","154653142","12","53172230"
"chr21","101737362","101737647","chr3","154910542","154910829","10","53173180"
"chr21","101903397","101903689","chr3","155077308","155077608","18","53173911"
"chr21","102198263","102198559","chr3","155385617","155385915","17","53187354"
"chr21","102497173","102497472","chr3","155686689","155686962","38","53189516"
"chr21","102553342","102553632","chr3","155743017","155743289","36","53189675"
"chr21","102564218","102564521","chr3","155753781","155754095","31","53189563"
"chr21","102568631","102568914","chr3","155757614","155757890","14","53188983"
"chr21","102682806","102683074","chr3","155877364","155877647","27","53194558"
"chr21","102860850","102861153","chr4","32480381","32480687","40","70380469"
"chr21","102922415","102922654","chr3","156114035","156114273","4","53191620"
"chr21","103087908","103088204","chr3","156285272","156285565","9","53197364"
"chr21","103137023","103137049","chr13","77378324","77378343","15","25758699"
"chr21","103137101","103137387","chr3","156335473","156335787","35","53198372"
"chr21","103138102","103138415","chr3","156336499","156336784","32","53198397"
"chr21","103180258","103180427","chr3","156344110","156344278","8","53163852"
"chr21","103200517","103200685","chr3","156344110","156344278","5","53143593"
"chr21","103229353","103229514","chr3","156344110","156344278","11","53114757"
"chr21","103237265","103237434","chr3","156344110","156344278","13","53106845"
"chr21","103260757","103261006","chr3","156367831","156368062","24","53107074"
"chr21","103327120","103327430","chr3","156433678","156433983","23","53106558"
"chr21","103400253","103400545","chr3","156504445","156504736","10","53104192"
"chr21","103570897","103571191","chr3","156672222","156672529","14","53101325"
"chr21","103709948","103710258","chr3","156819596","156819905","6","53109648"
"chr21","103955408","103955705","chrX","91196525","91196830","46","12758883"
"chr21","104060265","104060569","chr3","157160600","157160902","6","53100335"
"chr21","104130490","104130705","chr3","157231768","157231983","1","53101278"
"chr21","104205299","104205602","chr3","157306133","157306439","5","53100834"
"chr21","104208370","104208678","chr3","157315162","157315484","22","53106792"
"chr21","104234329","104234621","chr14","106339889","106340182","41","2105560"
"chr21","104239272","104239569","chrX","112973172","112973469","6","8733900"
"chr21","104241794","104242197","chr20","26247523","26247905","98","77994271"
"chr21","104466626","104466896","chr3","157567602","157567882","15","53100976"
"chr21","104573581","104573857","chr3","157671961","157672231","13","53098380"
"chr21","104662560","104662853","chr3","157756294","157756592","15","53093734"
"chr21","104667889","104668131","chr10","88101734","88101973","37","16566155"
"chr21","104670090","104670387","chr3","157763250","157763562","18","53093160"
"chr21","105002799","105003020","chr3","158077741","158077971","21","53074942"
"chr21","105016669","105016960","chr2","55372305","55372592","44","49644364"
"chr21","105107277","105107588","chr3","158173237","158173548","12","53065960"
"chr21","105404494","105404772","chr3","158498737","158499040","32","53094243"
"chr21","105695859","105696152","chr3","158787040","158787316","47","53091181"
"chr21","106218705","106218968","chr2","125218818","125219081","39","19000113"
"chr21","106230146","106230318","chr3","159332996","159333167","5","53102850"
"chr21","106268158","106268330","chr2","130206110","130206275","31","23937952"
"chr21","106327378","106327682","chr3","159428241","159428551","17","53100863"
"chr21","106359979","106360287","chr6","134058896","134059202","42","27698917"
"chr21","106417997","106418300","chr3","159516888","159517184","20","53098891"
"chr21","106743727","106744013","chr3","159839036","159839321","16","53095309"
"chr21","106887483","106887657","chr20","53357945","53358114","26","53529538"
"chr21","106900153","106900455","chr2","144217349","144217649","42","37317196"
"chr21","106940263","106940577","chr1","98301489","98301795","45","8638774"
"chr21","107019442","107019736","chr17","55289479","55289776","36","51729963"
"chr21","107029780","107030083","chr3","160127057","160127359","16","53097277"
"chr21","107051018","107051316","chr8","76276805","76277102","36","30774213"
"chr21","107121605","107121906","chr3","160214958","160215263","18","53093353"
"chr21","107122875","107123172","chr3","160216233","160216524","13","53093358"
"chr21","107217027","107217346","chr3","160297805","160298090","53","53080778"
"chr21","107218274","107218566","chr3","160298909","160299203","11","53080635"
"chr21","107219280","107219561","chr19","14231208","14231489","38","92988072"
"chr21","107250588","107250857","chr3","160331293","160331544","24","53080705"
"chr21","107343922","107344225","chr3","160420726","160421027","8","53076804"
"chr21","107354654","107354955","chr4","27134375","27134681","34","80220279"
"chr21","107356243","107356576","chr1","190728238","190728548","76","83371995"
"chr21","107358440","107358586","chr6","173021290","173021438","15","65662850"
"chr21","107388616","107388724","chr12","80211405","80211513","13","27177211"
"chr21","107408429","107408608","chr8","100191307","100191488","26","7217122"
"chr21","107531960","107532081","chr1","31041923","31042046","28","76490037"
"chr21","107532082","107532368","chr3","160601823","160602122","35","53069741"
"chr21","107545886","107546183","chr3","160615606","160615892","24","53069720"
"chr21","107658860","107659030","chr3","160726661","160726827","8","53067801"
"chr21","107771136","107771440","chr14","51322375","51322676","41","56448761"
"chr21","107800268","107800571","chr2","173004060","173004361","34","65203792"
"chr21","107868790","107869099","chr12","12404222","12404520","46","95464568"
"chr21","107876942","107877252","chr3","160932485","160932792","10","53055543"
"chr21","107888369","107888666","chr3","160944400","160944696","11","53056031"
"chr21","107931741","107932036","chr3","160992502","160992796","7","53060761"
"chr21","108002802","108003111","chr3","161049108","161049417","9","53046306"
"chr21","108035668","108035999","chr3","161081371","161081695","22","53045703"
"chr21","108063307","108063448","chr3","161107993","161108133","3","53044686"
"chr21","108103474","108103758","chr6","121127806","121128097","44","13024332"
"chr21","108123871","108124042","chr8","81498618","81498784","32","26625253"
"chr21","108124354","108124453","chr5","129694837","129694933","19","21570483"
"chr21","108155280","108155573","chr3","161198661","161198954","7","53043381"
"chr21","108196539","108196821","chr1","108921666","108921947","40","725127"
"chr21","108234173","108234480","chr10","71880315","71880618","35","36353858"
"chr21","108237891","108237991","chr3","161267605","161267705","2","53029714"
"chr21","108296374","108296674","chr3","161327814","161328106","11","53031440"
"chr21","108323031","108323274","chrX","125653898","125654128","38","17330867"
"chr21","108588701","108588979","chr3","161613616","161613913","31","53024915"
"chr21","108710130","108710441","chr3","161725353","161725680","22","53015223"
"chr21","109017315","109017542","chr4","79701668","79701897","41","29315647"
"chr21","109048137","109048308","chr3","162061485","162061652","9","53013348"
"chr21","109078942","109079229","chr9","71562572","71562860","41","37516370"
"chr21","109120562","109120728","chr2","50073640","50073802","26","59046922"
"chr21","109140539","109140702","chr15","95597874","95598039","55","13542665"
"chr21","109140993","109141162","chr1","140999555","140999719","28","31858562"
"chr21","109155304","109155434","chr20","61247127","61247256","22","47908177"
"chr21","109206468","109206772","chr3","162222152","162222462","24","53015684"
"chr21","109211170","109211229","chr16","51701031","51701090","10","57510139"
"chr21","109213259","109213364","chr3","50323093","50323193","12","58890166"
"chr21","109219295","109219599","chr11","61303834","61304134","40","47915461"
"chr21","109220336","109220566","chr8","90359628","90359842","40","18860708"
"chr21","109273259","109273560","chr3","162290644","162290945","6","53017385"
"chr21","109317220","109317529","chr3","129003852","129004167","39","19686632"
"chr21","109345535","109345840","chr3","162364365","162364670","7","53018830"
"chr21","109405828","109406139","chr3","162421945","162422256","3","53016117"
"chr21","109440162","109440459","chr3","162453743","162454042","10","53013581"
"chr21","109460896","109461193","chr3","162476129","162476416","12","53015233"
"chr21","109516181","109516513","chr3","162532661","162532979","19","53016480"
"chr21","109562419","109562719","chr3","162581151","162581454","13","53018732"
"chr21","109657898","109658182","chr3","162676814","162677097","6","53018916"
"chr21","109733638","109733945","chr4","84362054","84362358","11","25371584"
"chr21","109744902","109745181","chr15","101909506","101909787","40","7835396"
"chr21","109758376","109758550","chr2","23345673","23345841","8","86412703"
"chr21","109812318","109812391","chr2","90923044","90923106","21","18889274"
"chr21","110165155","110165334","chr3","163131188","163131367","3","52966033"
"chr21","110184420","110184702","chr3","163150489","163150773","7","52966069"
"chr21","110264196","110264500","chr3","163230148","163230456","16","52965952"
"chr21","110276345","110276514","chr19","5520379","5520548","26","104755966"
"chr21","110276540","110276665","chr12","95132654","95132778","13","15143886"
"chr21","110319486","110319718","chr14","119521808","119522032","40","9202322"
"chr21","110418282","110418588","chr3","163385781","163386087","8","52967499"
"chr21","110432555","110432866","chr3","163403767","163404068","28","52971212"
"chr21","110845199","110845496","chr3","163777585","163777884","15","52932386"
"chr21","110854416","110854693","chr3","163787588","163787867","8","52933172"
"chr21","110917734","110918004","chr3","163849531","163849801","18","52931797"
"chr21","111040910","111041219","chr3","163978811","163979120","8","52937901"
"chr21","111051559","111051882","chr3","163994555","163994878","10","52942996"
"chr21","111055665","111055975","chr3","164008276","164008586","20","52952611"
"chr21","111072325","111072646","chr3","163994555","163994878","47","52922230"
"chr21","111107605","111107922","chr4","52290669","52290980","52","58816936"
"chr21","111250235","111250525","chr12","52923312","52923608","38","58326923"
"chr21","111301425","111301708","chr3","164261032","164261315","11","52959607"
"chr21","111323449","111323684","chr3","164283042","164283277","9","52959593"
"chr21","111379149","111379442","chr1","27513704","27514001","52","83865445"
"chr21","111463203","111463502","chr18","15131537","15131838","38","96331666"
"chr21","111530025","111530320","chr3","164494418","164494727","27","52964393"
"chr21","111662508","111662802","chr3","164610021","164610327","19","52947513"
"chr21","111814933","111815250","chr3","164758731","164759048","12","52943798"
"chr21","111952523","111952784","chr18","27477745","27478003","47","84474778"
"chr21","112146846","112147144","chr3","165087634","165087930","9","52940788"
"chr21","112280395","112280700","chr3","165223376","165223681","9","52942981"
"chr21","112288356","112288571","chr3","165231347","165231561","6","52942991"
"chr21","112316564","112316845","chr3","165260723","165261023","29","52944159"
"chr21","112357509","112357813","chr3","165303292","165303581","19","52945783"
"chr21","112717348","112717637","chr3","165664205","165664512","30","52946857"
"chr21","112820666","112820958","chr17","88301400","88301693","33","24519266"
"chr21","112930037","112930346","chr3","165889894","165890203","19","52959857"
"chr21","113144384","113144683","chr3","166110251","166110545","7","52965867"
"chr21","113172509","113172839","chr6","78308684","78309007","56","34863825"
"chr21","113449928","113450234","chr3","166450296","166450605","12","53000368"
"chr21","113452744","113452853","chr13","123040025","123040131","12","9587281"
"chr21","113455172","113455369","chr3","166456158","166456351","8","53000986"
"chr21","113460737","113461044","chr3","166461868","166462173","19","53001131"
"chr21","113470375","113470684","chrX","41480159","41480472","41","71990216"
"chr21","113579623","113579928","chr2","144217349","144217649","41","30637726"
"chr21","113625440","113625751","chr3","166624016","166624336","24","52998576"
"chr21","113893189","113893476","chr3","166902095","166902390","18","53008906"
"chr21","113954979","113955278","chr3","166960854","166961154","18","53005875"
"chr21","114078776","114079052","chr3","167084404","167084692","23","53005628"
"chr21","114493782","114494060","chr3","167522623","167522906","16","53028841"
"chr21","114612123","114612382","chr3","167644440","167644694","8","53032317"
"chr21","114662696","114662977","chr16","64472090","64472369","39","50190606"
"chr21","114789665","114789968","chr3","167827819","167828126","7","53038154"
"chr21","114858871","114859167","chr3","167897197","167897497","14","53038326"
"chr21","114874132","114874326","chr3","167912190","167912384","12","53038058"
"chr21","115133282","115133596","chr3","168176773","168177064","36","53043491"
"chr21","115166903","115167194","chr13","43405048","43405326","58","71761855"
"chr21","115250088","115250367","chr3","168292926","168293214","13","53042838"
"chr21","115426914","115427217","chr1","37689627","37689933","37","77737287"
"chr21","115777432","115777709","chr7","32855228","32855506","53","82922204"
"chr21","115820850","115821154","chr3","168866738","168867042","17","53045888"
"chr21","115868302","115868601","chr3","168916300","168916599","11","53047998"
"chr21","115956279","115956564","chr3","169012255","169012528","26","53055976"
"chr21","116183958","116184244","chr3","169243710","169243995","16","53059752"
"chr21","116359833","116359943","chr3","169410230","169410340","0","53050397"
"chr21","116389529","116389814","chr3","169447424","169447717","40","53057895"
"chr21","116556593","116556893","chr3","169616806","169617105","12","53060213"
"chr21","116567815","116568122","chr3","169627955","169628255","24","53060140"
"chr21","116709516","116709809","chr3","169772223","169772520","15","53062707"
"chr21","116857032","116857367","chr3","169920937","169921256","28","53063905"
"chr21","116865474","116865772","chr3","169929681","169929977","20","53064207"
"chr21","116906832","116907138","chr3","169970635","169970932","42","53063803"
"chr21","116924063","116924299","chr3","169987951","169988186","7","53063888"
"chr21","116931832","116932137","chr3","169996129","169996444","20","53064297"
"chr21","117056837","117057131","chr10","30754714","30755015","54","86302123"
"chr21","117276144","117276451","chr3","170346861","170347171","10","53070717"
"chr21","117340741","117341033","chr11","99517200","99517499","47","17823541"
"chr21","117363744","117364034","chr20","8817858","8818151","34","108545886"
"chr21","117375705","117375989","chr3","170446510","170446794","9","53070805"
"chr21","117492388","117492685","chr3","170563091","170563402","22","53070703"
"chr21","117511734","117512043","chr3","170582372","170582677","11","53070638"
"chr21","117536313","117536471","chr3","170605506","170605649","21","53069193"
"chr21","117634315","117634554","chr6","48514361","48514603","37","69119954"
"chr21","117658638","117658912","chr3","170734498","170734772","11","53075860"
"chr21","117679856","117680150","chr3","170750234","170750540","24","53070378"
"chr21","117701796","117702100","chr10","38534430","38534732","41","79167366"
"chr21","117719762","117720064","chr3","127577597","127577891","41","9857835"
"chr21","117721136","117721441","chr3","170806320","170806621","10","53085184"
"chr21","117733625","117733909","chr3","170818197","170818477","5","53084572"
"chr21","117829342","117829632","chr12","62035775","62036067","31","55793567"
"chr21","117997363","117997651","chr3","171089842","171090134","19","53092479"
"chr21","118083162","118083459","chr3","171175262","171175567","22","53092100"
"chr21","118146231","118146545","chr3","171243369","171243681","12","53097138"
"chr21","118146557","118146871","chr3","171243694","171243998","15","53097137"
"chr21","118499342","118499624","chr3","171610616","171610898","10","53111274"
"chr21","118570348","118570638","chr3","171684589","171684883","12","53114241"
"chr21","118833177","118833477","chr3","171939777","171940077","9","53106600"
"chr21","118908023","118908316","chr1","203810691","203810984","38","84902668"
"chr21","118966093","118966350","chr3","172074013","172074273","7","53107920"
"chr21","119207546","119207838","chr3","172321468","172321762","5","53113922"
"chr21","119367799","119367962","chr19","69361","69523","27","119298438"
"chr21","119368267","119368279","chr9","32916732","32916748","10","86451535"
"chr21","119402054","119402356","chr4","111169416","111169723","48","8232638"
"chr21","119496073","119496195","chr4","41178524","41178642","29","78317549"
"chr21","119517800","119518103","chr10","35520239","35520543","32","83997561"
"chr21","119718086","119718402","chr3","172824563","172824875","15","53106477"
"chr21","119744528","119744826","chr3","172851617","172851913","8","53107089"
"chr21","119772082","119772382","chr7","59115867","59116164","66","60656215"
"chr21","119773365","119773677","chr3","172881883","172882194","11","53108518"
"chr21","119888556","119888859","chr17","19744898","19745200","31","100143658"
"chr21","120153170","120153443","chr3","173255166","173255446","17","53101996"
"chr21","120202781","120203070","chr4","52849740","52850030","50","67353041"
"chr21","120284847","120285120","chr3","173391187","173391479","34","53106340"
"chr21","120340895","120341079","chr19","8134719","8134907","37","112206176"
"chr21","120341382","120341483","chr19","49051037","49051130","20","71290345"
"chr21","120437352","120437568","chr3","173546497","173546740","34","53109145"
"chr21","120561814","120562102","chr9","55799302","55799592","45","64762512"
"chr21","120567590","120567888","chr3","173681821","173682119","11","53114231"
"chr21","120569504","120569809","chr3","173683804","173684103","19","53114300"
"chr21","120590532","120590829","chr3","173708282","173708574","10","53117750"
"chr21","120615011","120615321","chr3","173731926","173732248","23","53116915"
"chr21","120617160","120617445","chr15","97061406","97061689","31","23555754"
"chr21","120617821","120618120","chr7","59044821","59045121","37","61573000"
"chr21","120626554","120626833","chr3","173742304","173742594","17","53115750"
"chr21","120639360","120639622","chr13","22193479","22193734","41","98445881"
"chr21","120654052","120654143","chr2","177470539","177470634","19","56816487"
"chr21","120667932","120668240","chr15","68597664","68597970","51","52070268"
"chr21","120670165","120670450","chr3","173788868","173789176","32","53118703"
"chr21","120685127","120685425","chr3","173804053","173804352","10","53118926"
"chr21","120687907","120688084","chr3","173806408","173806585","1","53118501"
"chr21","120717573","120717794","chr7","111274033","111274254","36","9443540"
"chr21","120724294","120724602","chr3","173844122","173844410","32","53119828"
"chr21","120735301","120735601","chr3","173854757","173855055","7","53119456"
"chr21","120778422","120778694","chr3","59665602","59665865","53","61112820"
"chr21","120824913","120825219","chr4","33526129","33526431","40","87298784"
"chr21","120846498","120846779","chr19","37139106","37139386","38","83707392"
"chr21","120882877","120883148","chr3","173996167","173996439","13","53113290"
"chr21","120887005","120887310","chr3","174000001","174000295","19","53112996"
"chr21","120890427","120890740","chr1","119540011","119540320","48","1350416"
"chr21","120892885","120893197","chr2","184554529","184554839","41","63661644"
"chr21","120900493","120900790","chr8","124953535","124953832","39","4053042"
"chr21","120930582","120930873","chr3","174043851","174044142","10","53113269"
"chr21","121004691","121004980","chr12","94814344","94814623","47","26190347"
"chr21","121079299","121079445","chr3","174195344","174195491","4","53116045"
"chr21","121307348","121307645","chr3","174419276","174419573","23","53111928"
"chr21","121681160","121681461","chr10","46067490","46067791","8","75613670"
"chr21","121876408","121876718","chr3","174996527","174996837","14","53120119"
"chr21","121938191","121938490","chr3","175058285","175058582","15","53120094"
"chr21","121948901","121949169","chr3","175069205","175069471","9","53120304"
"chr21","122221215","122221488","chr3","175344344","175344616","16","53123129"
"chr21","122398764","122399056","chr4","56245215","56245513","40","66153549"
"chr21","122457923","122458226","chr3","175585996","175586300","10","53128073"
"chr21","122504326","122504629","chr3","175627812","175628113","21","53123486"
"chr21","122518905","122519071","chr3","175642544","175642711","5","53123639"
"chr21","122654068","122654359","chr15","42187930","42188228","40","80466138"
"chr21","122660302","122660611","chr3","175777392","175777704","16","53117090"
"chr21","122740661","122740943","chr3","175850135","175850422","12","53109474"
"chr21","122752921","122753214","chr3","175861881","175862177","20","53108960"
"chr21","122901624","122901887","chr3","176010233","176010517","33","53108609"
"chr21","123066508","123066814","chr3","176183112","176183414","13","53116604"
"chr21","123093376","123093564","chr3","176209601","176209792","9","53116225"
"chr21","123157124","123157420","chr1","123896657","123896955","38","739533"
"chr21","123178636","123178927","chr3","176294445","176294736","22","53115809"
"chr21","123259834","123259976","chr11","81115717","81115856","16","42144117"
"chr21","123265076","123265324","chr3","127662993","127663237","35","4397917"
"chr21","123682049","123682177","chr15","28215201","28215331","14","95466848"
"chr21","123805364","123805664","chr3","176917211","176917517","18","53111847"
"chr21","123902372","123902642","chr3","177013621","177013891","6","53111249"
"chr21","124165202","124165433","chr4","65301485","65301717","47","58863717"
"chr21","124171594","124171898","chr9","123486746","123487049","43","684848"
"chr21","124178272","124178570","chrX","25734220","25734518","32","98444052"
"chr21","124441528","124441839","chr3","177437442","177437768","19","52995914"
"chr21","124526802","124527114","chr3","177523848","177524129","40","52997046"
"chr21","124683603","124683915","chr3","177682780","177683075","26","52999177"
"chr21","124950353","124950472","chr20","20577780","20577899","14","104372573"
"chr21","124950505","124950665","chr1","31388552","31388713","22","93561953"
"chr21","125022201","125022498","chr3","178021049","178021350","13","52998848"
"chr21","125169709","125169996","chr3","178173381","178173667","13","53003672"
"chr21","125176093","125176395","chr3","178180584","178180878","15","53004491"
"chr21","125195803","125196097","chrX","62905379","62905672","43","62290424"
"chr21","125228119","125228427","chr17","54550443","54550748","37","70677676"
"chr21","125268777","125269039","chr3","178272892","178273161","15","53004115"
"chr21","125333373","125333680","chr3","178339971","178340261","22","53006598"
"chr21","125345589","125345884","chr3","178353071","178353377","18","53007482"
"chr21","125348838","125349128","chr3","178356329","178356618","8","53007491"
"chr21","125440343","125440633","chr3","178459432","178459720","11","53019089"
"chr21","125450039","125450347","chr3","178468807","178469111","19","53018768"
"chr21","125451955","125452261","chr3","178474019","178474329","18","53022064"
"chr21","125530282","125530450","chr3","178547552","178547717","8","53017270"
"chr21","126303507","126303800","chr3","179334271","179334563","15","53030764"
"chr21","126677167","126677461","chr3","179726225","179726518","5","53049058"
"chr21","127012865","127013171","chrX","28745828","28746133","53","98267037"
"chr21","127117720","127118001","chr3","180317538","180317845","31","53199818"
"chr22","48627605","48627894","chr2","47657765","47658057","21","969840"
"chr22","53214973","53215264","chr14","12394774","12395065","45","40820199"
"chr22","1120008","1120317","chr2","95851013","95851322","9","94731005"
"chr22","1137391","1137694","chr2","95837116","95837408","19","94699725"
"chr22","1174660","1174984","chr2","95795746","95796054","31","94621086"
"chr22","1456842","1457161","chr4","130013861","130014181","64","128557019"
"chr22","1934292","1934544","chr13","68175503","68175756","58","66241211"
"chr22","1948994","1949298","chr2","95010661","95010964","8","93061667"
"chr22","1954833","1955133","chr2","95004845","95005138","9","93050012"
"chr22","1974153","1974446","chr2","94985986","94986298","37","93011833"
"chr22","2060050","2060335","chr1","185490436","185490721","50","183430386"
"chr22","2103309","2103606","chr2","94854873","94855170","3","92751564"
"chr22","2213799","2214083","chr2","94745277","94745562","9","92531478"
"chr22","2548120","2548405","chr16","7638577","7638878","60","5090457"
"chr22","2635071","2635402","chr2","94323161","94323511","34","91688090"
"chr22","2776925","2777073","chr19","35471280","35471437","39","32694355"
"chr22","2921233","2921553","chr2","94032294","94032617","11","91111061"
"chr22","2933167","2933477","chr2","94020381","94020695","9","91087214"
"chr22","3256189","3256489","chr2","93682222","93682523","7","90426033"
"chr22","3414640","3414936","chr1","101043006","101043300","40","97628366"
"chr22","3430487","3430706","chr4","25733321","25733536","35","22302834"
"chr22","3463576","3463876","chr2","93456580","93456880","19","89993004"
"chr22","3538697","3538879","chr4","24512812","24512996","40","20974115"
"chr22","3726953","3727220","chr2","93202707","93202974","7","89475754"
"chr22","3789089","3789408","chr2","93140105","93140426","20","89351016"
"chr22","3970958","3971112","chr10","58219383","58219532","23","54248425"
"chr22","3976555","3976784","chr2","92950959","92951187","18","88974404"
"chr22","4035601","4035883","chr2","92891913","92892223","39","88856312"
"chr22","4051444","4051742","chr1","42353131","42353436","31","38301687"
"chr22","4053271","4053563","chr2","92875853","92876140","17","88822582"
"chr22","4067652","4067955","chr2","92861500","92861801","15","88793848"
"chr22","4404334","4404602","chr2","92525895","92526132","42","88121561"
"chr22","4601376","4601698","chr2","92323898","92324232","23","87722522"
"chr22","4647761","4648050","chr16","50124359","50124643","50","45476598"
"chr22","5165608","5165917","chr2","91754497","91754805","17","86588889"
"chr22","5168453","5168625","chr2","91751802","91751973","4","86583349"
"chr22","5596415","5596640","chr2","91320504","91320729","6","85724089"
"chr22","5691288","5691582","JH679811","6425","6724","10","5684863"
"chr22","5712385","5712676","chr2","91218203","91218499","15","85505818"
"chr22","5816953","5817263","chr2","91113718","91114026","13","85296765"
"chr22","5823908","5824212","chr2","91106585","91106878","17","85282677"
"chr22","5875681","5875920","chr4","48772398","48772630","52","42896717"
"chr22","5930597","5930891","chr2","90950086","90950374","24","85019489"
"chr22","5937962","5938257","chr2","90942178","90942472","13","85004216"
"chr22","6156840","6157138","chr2","90722686","90723004","27","84565846"
"chr22","6254822","6255139","chr2","90610170","90610487","9","84355348"
"chr22","6263423","6263750","chr2","90601595","90601903","22","84338172"
"chr22","6483451","6483747","chr2","90372433","90372734","13","83888982"
"chr22","6581852","6582158","chr2","90274840","90275147","10","83692988"
"chr22","7364189","7364492","chr2","89479285","89479581","15","82115096"
"chr22","7724749","7725084","chr2","89077916","89078231","30","81353167"
"chr22","7934802","7935037","chr6","127742629","127742862","35","119807827"
"chr22","7942619","7942822","chr4","25733321","25733536","40","17790702"
"chr22","7991064","7991079","chr9","32916732","32916748","11","24925668"
"chr22","7991394","7991493","chr16","66744130","66744221","23","58752736"
"chr22","8001206","8001498","chr2","88798108","88798400","6","80796902"
"chr22","8169225","8169534","chr2","88629696","88630006","9","80460471"
"chr22","8353334","8353635","chr2","88442494","88442796","12","80089160"
"chr22","8446463","8446715","chr1","45047654","45047899","43","36601191"
"chr22","8447432","8447565","chr1","113374605","113374734","25","104927173"
"chr22","8447857","8447991","chr1","211455990","211456125","28","203008133"
"chr22","8572949","8573258","chr2","88223360","88223668","9","79650411"
"chr22","8588521","8588824","chrX","25734220","25734518","37","17145699"
"chr22","8687418","8687728","chr2","88103767","88104079","13","79416349"
"chr22","8842498","8842807","chr1","142211698","142211999","37","133369200"
"chr22","8855591","8855894","chr2","87937617","87937920","5","79082026"
"chr22","8870198","8870491","chr2","87913127","87913413","14","79042929"
"chr22","8932270","8932565","chr2","147796910","147797205","38","138864640"
"chr22","9042996","9043269","chr2","87729306","87729579","6","78686310"
"chr22","9140283","9140595","chrX","91196525","91196830","48","82056242"
"chr22","9183605","9183913","chr2","87574292","87574591","15","78390687"
"chr22","9186378","9186555","chr17","6108179","6108349","23","3078199"
"chr22","9284907","9285192","chr19","40755427","40755707","41","31470520"
"chr22","9306857","9307153","chr2","87443001","87443298","11","78136144"
"chr22","9331117","9331427","chr2","87417279","87417583","14","78086162"
"chr22","9364713","9365005","chr2","87383552","87383846","8","78018839"
"chr22","9368004","9368197","chr2","87380360","87380553","6","78012356"
"chr22","9385074","9385382","chr2","87362517","87362826","6","77977443"
"chr22","9419235","9419523","chr8","124953535","124953832","44","115534300"
"chr22","9428205","9428502","chr2","87315024","87315329","13","77886819"
"chr22","9433333","9433614","chrX","37331111","37331393","37","27897778"
"chr22","9443924","9444206","chr2","87298807","87299089","9","77854883"
"chr22","9468092","9468389","chr2","87271582","87271880","10","77803490"
"chr22","9482590","9482871","chr13","69476847","69477118","43","59994257"
"chr22","9487963","9488254","chr2","172520565","172520867","37","163032602"
"chr22","9537802","9538107","chr9","56825453","56825761","35","47287651"
"chr22","9540532","9540837","chr2","87197577","87197889","18","77657045"
"chr22","9568666","9568957","chr2","87168770","87169061","13","77600104"
"chr22","9569389","9569671","chr15","97061406","97061689","44","87492017"
"chr22","9593145","9593390","chr2","87143660","87143902","7","77550515"
"chr22","9598294","9598459","chr4","85131865","85132029","26","75533571"
"chr22","9655996","9656128","chrX","101901062","101901192","13","92245066"
"chr22","9656442","9656610","chr1","152824194","152824363","30","143167752"
"chr22","9691035","9691122","chr16","53240396","53240486","30","43549361"
"chr22","9720615","9720912","chr2","87021916","87022215","9","77301301"
"chr22","9770250","9770542","chr2","86969703","86969998","9","77199453"
"chr22","9777707","9778006","chr2","86962550","86962847","5","77184843"
"chr22","9852698","9853002","chr3","94920463","94920769","42","85067765"
"chr22","9891299","9891511","chr2","86843236","86843448","5","76951937"
"chr22","10114627","10114918","chr16","17212584","17212873","57","7097957"
"chr22","10138326","10138573","chr16","39944381","39944627","38","29806055"
"chr22","10141685","10141862","chr2","86593161","86593338","4","76451476"
"chr22","10142635","10142938","chr2","86591776","86592079","1","76449141"
"chr22","10156329","10156623","chr2","86578155","86578462","24","76421826"
"chr22","10166037","10166268","chr2","86565137","86565359","16","76399100"
"chr22","10207106","10207413","chr2","86510362","86510660","18","76303256"
"chr22","10242433","10242723","chr3","4567595","4567853","99","5674838"
"chr22","10243065","10243367","chr2","86482525","86482834","18","76239460"
"chr22","10247909","10248210","chr10","17977544","17977844","40","7729635"
"chr22","10252828","10253146","chr7","16025048","16025369","38","5772220"
"chr22","10311048","10311432","chr1","118441252","118441638","92","108130204"
"chr22","10317358","10317519","chr5","154850912","154851064","29","144533554"
"chr22","10317530","10317688","chr5","154850912","154851064","27","144533382"
"chr22","10317689","10317985","chr2","130197584","130197882","40","119879895"
"chr22","10323693","10323997","chr17","19447899","19448205","36","9124206"
"chr22","10378936","10379218","chr2","86341248","86341530","4","75962312"
"chr22","10427362","10427541","chr2","86288340","86288519","6","75860978"
"chr22","10439340","10439644","chr2","86276529","86276846","17","75837189"
"chr22","10474957","10475167","chr2","86241503","86241717","13","75766546"
"chr22","10477606","10477802","chr16","42861575","42861768","29","32383969"
"chr22","10492327","10492619","chr12","84987502","84987798","53","74495175"
"chr22","10499508","10499642","chrX","101901062","101901192","20","91401554"
"chr22","10539066","10539377","chr2","86176417","86176731","11","75637351"
"chr22","10542597","10542620","chr7","145790583","145790608","14","135247986"
"chr22","10542718","10542979","chr15","56759119","56759369","48","46216401"
"chr22","10586586","10586846","chr5","101208312","101208576","46","90621726"
"chr22","10656539","10656839","chr2","86073447","86073746","7","75416908"
"chr22","10677879","10678178","chr2","86052427","86052727","8","75374548"
"chr22","10702371","10702671","chr7","118252567","118252867","36","107550196"
"chr22","10734148","10734439","chr2","85990541","85990844","19","75256393"
"chr22","10738877","10738954","chr15","38389824","38389887","23","27650947"
"chr22","10739259","10739366","chr4","41838547","41838650","24","31099288"
"chr22","10740568","10740746","chr1","19775982","19776154","29","9035414"
"chr22","10741300","10741364","chr14","85736728","85736796","17","74995428"
"chr22","10750096","10750313","chr2","85980681","85980910","19","75230585"
"chr22","10750618","10750725","chr4","41838547","41838650","24","31087929"
"chr22","10766070","10766223","chr2","85957945","85958113","35","75191875"
"chr22","10770671","10770832","chr2","85957945","85958113","10","75187274"
"chr22","10798310","10798620","chr2","85928530","85928815","32","75130220"
"chr22","10799886","10800215","chr2","85926926","85927246","23","75127040"
"chr22","10826592","10826904","chr2","85897856","85898163","19","75071264"
"chr22","10835084","10835378","chr2","85878737","85879031","5","75043653"
"chr22","10842794","10843099","chr3","127216186","127216489","39","116373392"
"chr22","10883160","10883402","chr8","2881273","2881520","47","8001887"
"chr22","10913424","10913593","chr16","32682137","32682310","26","21768713"
"chr22","10920219","10920386","chr11","57418414","57418583","22","46498195"
"chr22","10920708","10920841","chr1","1238421","1238551","18","9682287"
"chr22","10936584","10936897","chr2","85769414","85769727","14","74832830"
"chr22","10981685","10982003","chr2","85721980","85722290","14","74740295"
"chr22","11028549","11028856","chr2","85674014","85674321","7","74645465"
"chr22","11125685","11125859","chr7","10183001","10183174","31","942684"
"chr22","11126149","11126285","chr2","55063458","55063595","30","43937309"
"chr22","11160742","11161036","chr6","135923987","135924284","38","124763245"
"chr22","11224535","11224695","chr6","69950149","69950300","45","58725614"
"chr22","11225007","11225139","chr6","47849580","47849709","12","36624573"
"chr22","11257635","11257788","chr1","170198659","170198810","23","158941024"
"chr22","11259641","11259945","chr2","85437321","85437625","7","74177680"
"chr22","11298238","11298552","chr2","85398341","85398657","9","74100103"
"chr22","11298582","11298817","chr2","85398062","85398313","23","74099480"
"chr22","11305981","11306285","chr2","85391066","85391365","11","74085085"
"chr22","11336386","11336682","chr2","85358161","85358465","16","74021775"
"chr22","11338418","11338736","chrX","125942537","125942856","54","114604119"
"chr22","11351019","11351321","chr3","74347291","74347597","41","62996272"
"chr22","11356392","11356773","chr20","26247523","26247905","96","14891131"
"chr22","11382393","11382695","chr2","85311425","85311727","11","73929032"
"chr22","11413042","11413343","chr2","85280025","85280333","17","73866983"
"chr22","11428778","11429056","chr5","33087413","33087697","44","21658635"
"chr22","11439631","11439947","chr2","85253174","85253493","17","73813543"
"chr22","11453158","11453461","chr2","85241081","85241383","10","73787923"
"chr22","11585058","11585189","chr1","91607910","91608046","24","80022852"
"chr22","11585491","11585509","chr7","145790583","145790608","12","134205092"
"chr22","11602081","11602391","chr2","85086256","85086568","11","73484175"
"chr22","11670569","11670875","chr2","85017937","85018238","13","73347368"
"chr22","11713491","11713776","chr17","23336474","23336765","43","11622983"
"chr22","11956583","11956667","chr12","70251349","70251431","12","58294766"
"chr22","12117966","12118236","chr2","84575356","84575647","31","72457390"
"chr22","12206239","12206509","chr2","84483027","84483298","10","72276788"
"chr22","12231057","12231348","chr2","84451808","84452101","21","72220751"
"chr22","12362287","12362588","chr2","84310726","84311037","14","71948439"
"chr22","12431625","12431930","chr2","84242917","84243225","11","71811292"
"chr22","12593549","12593847","chr2","84073270","84073551","21","71479721"
"chr22","12614068","12614310","chr11","104584664","104584900","40","91970596"
"chr22","12614726","12615056","chr2","84053566","84053886","25","71438840"
"chr22","12628956","12629242","chr2","84039389","84039678","11","71410433"
"chr22","12634923","12635133","chr17","5963141","5963350","40","6671782"
"chr22","12757969","12758273","chr2","83909724","83910026","15","71151755"
"chr22","12788539","12788832","chr19","10298463","10298759","38","2490076"
"chr22","12815870","12816088","chr3","101469536","101469751","34","88653666"
"chr22","12858960","12859252","chr2","83808117","83808408","5","70949157"
"chr22","12860928","12861234","chr2","83805246","83805552","5","70944318"
"chr22","12867480","12867779","chr2","83798559","83798857","6","70931079"
"chr22","12909231","12909518","chr6","121127806","121128097","38","108218575"
"chr22","12935786","12936081","chr2","83726565","83726860","6","70790779"
"chr22","12949973","12950280","chr2","83720155","83720463","8","70770182"
"chr22","12957640","12957912","chr17","30731044","30731319","46","17773404"
"chr22","12961928","12962226","chr2","83701534","83701832","3","70739606"
"chr22","13092403","13092696","chr9","5849715","5850009","37","7242688"
"chr22","13395035","13395341","chr8","31090815","31091119","41","17695780"
"chr22","13673446","13673625","chr2","82972876","82973053","5","69299430"
"chr22","13690860","13691091","chr2","82955153","82955384","6","69264293"
"chr22","13760443","13760734","chr2","82884788","82885080","9","69124345"
"chr22","13853508","13853752","chr2","82790212","82790460","9","68936704"
"chr22","14010662","14010985","chr2","82629576","82629896","14","68618914"
"chr22","14018349","14018650","chr2","82621115","82621419","11","68602766"
"chr22","14344234","14344518","chr1","181221931","181222214","36","166877697"
"chr22","14365622","14365931","chr2","82264847","82265157","13","67899225"
"chr22","14607433","14607729","chr9","5849715","5850009","39","8757718"
"chr22","14613765","14614066","chr7","38962613","38962910","34","24348848"
"chr22","14663141","14663375","chrX","49595969","49596201","36","34932828"
"chr22","14664694","14664996","chr6","51765657","51765954","38","37100963"
"chr22","14699513","14699821","chr2","81928838","81929154","12","67229325"
"chr22","14804832","14805124","chr16","40386842","40387152","47","25582010"
"chr22","14873816","14874143","chr2","176864663","176864968","73","161990847"
"chr22","14967227","14967545","chr2","81657964","81658255","39","66690737"
"chr22","15366012","15366303","chr2","81254779","81255069","8","65888767"
"chr22","15489246","15489556","chr6","24784876","24785183","48","9295630"
"chr22","15587990","15588302","chr2","81031303","81031611","21","65443313"
"chr22","16053265","16053567","chr2","80569575","80569900","32","64516310"
"chr22","16169507","16169819","chr18","50088472","50088776","44","33918965"
"chr22","16366514","16366810","chr2","80252723","80253023","9","63886209"
"chr22","16625631","16625917","chr2","79991313","79991609","13","63365682"
"chr22","16649222","16649523","chr11","82897098","82897394","37","66247876"
"chr22","16786959","16787253","chr2","79828990","79829284","6","63042031"
"chr22","16858882","16859043","chr2","79759956","79760117","2","62901074"
"chr22","16941158","16941446","chr2","79676723","79677011","10","62735565"
"chr22","17003442","17003754","chr2","79614392","79614702","20","62610950"
"chr22","17522304","17522555","chr15","56759119","56759369","41","39236815"
"chr22","17589456","17589778","chr2","79050013","79050322","20","61460557"
"chr22","17680161","17680439","chr2","78957343","78957621","9","61277182"
"chr22","17859598","17859877","chr2","78775857","78776157","34","60916259"
"chr22","17969213","17969518","chr2","78665450","78665747","14","60696237"
"chr22","18015684","18015984","chr2","78619000","78619300","5","60603316"
"chr22","18036187","18036482","chr8","124953535","124953832","42","106917348"
"chr22","18312023","18312321","chr2","78321440","78321735","18","60009417"
"chr22","18451836","18452133","chr2","78180368","78180663","5","59728532"
"chr22","18526122","18526346","chr14","9781859","9782083","42","8744263"
"chr22","18550005","18550304","chr2","78082783","78083088","21","59532778"
"chr22","18684287","18684594","chr2","77949283","77949596","21","59264996"
"chr22","18769042","18769180","chr2","77858370","77858508","2","59089328"
"chr22","18908357","18908699","chr5","93507695","93508036","66","74599338"
"chr22","18989493","18989790","chr1","27513704","27514001","40","8524211"
"chr22","18993956","18994240","chr2","77633052","77633335","5","58639096"
"chr22","19094337","19094647","chr2","77530487","77530794","16","58436150"
"chr22","19179834","19180149","chr2","77445361","77445676","9","58265527"
"chr22","19222569","19222843","chr2","77403165","77403439","6","58180596"
"chr22","19324334","19324615","chr2","77298329","77298616","13","57973995"
"chr22","19376612","19376890","chrX","96267872","96268151","45","76891260"
"chr22","19407362","19407514","chr1","170198659","170198810","24","150791297"
"chr22","19407807","19407932","chr7","117826161","117826301","32","98418354"
"chr22","19497402","19497724","chr2","77122454","77122776","8","57625052"
"chr22","19598064","19598202","chr1","30028124","30028263","15","10430060"
"chr22","19602573","19602869","chr17","55289479","55289776","81","35686906"
"chr22","19645387","19645685","chr2","76955599","76955895","10","57310212"
"chr22","19675997","19676297","chr2","76922698","76922997","11","57246701"
"chr22","20215973","20216268","chr9","7846511","7846806","35","12369462"
"chr22","20390113","20390422","chr2","76172320","76172630","10","55782207"
"chr22","20767468","20767750","chr2","75783095","75783386","17","55015627"
"chr22","21018022","21018311","chr2","75529618","75529910","8","54511596"
"chr22","21154779","21155086","chr2","75392422","75392742","28","54237643"
"chr22","21164019","21164332","chr2","75383112","75383425","11","54219093"
"chr22","21185630","21185942","chr2","75361681","75361996","9","54176051"
"chr22","21258093","21258350","chr2","75289939","75290196","12","54031846"
"chr22","21294096","21294378","chr2","75253533","75253815","6","53959437"
"chr22","21534270","21534579","chr1","96177621","96177929","40","74643351"
"chr22","21729938","21730221","chr1","134839342","134839634","50","113109404"
"chr22","21863761","21864072","chr2","74680244","74680548","16","52816483"
"chr22","21940360","21940647","chr2","74601675","74601966","14","52661315"
"chr22","21975298","21975597","chr2","74567353","74567644","21","52592055"
"chr22","22586654","22586955","chr2","73813513","73813809","12","51226859"
"chr22","22635274","22635353","chr13","103651745","103651827","18","81016471"
"chr22","22640138","22640423","chr2","73759041","73759325","18","51118903"
"chr22","22650891","22651019","chr1","27021228","27021356","18","4370337"
"chr22","22651049","22651208","chr12","59239946","59240109","26","36588897"
"chr22","22728286","22728586","chr19","48174971","48175267","46","25446685"
"chr22","22769068","22769361","chr2","73606247","73606539","11","50837179"
"chr22","22974986","22975156","chr2","73396854","73397024","4","50421868"
"chr22","23010653","23010957","chr2","73360789","73361093","18","50350136"
"chr22","23088663","23088952","chr2","73282327","73282612","17","50193664"
"chr22","23221883","23222186","chr6","106477830","106478131","49","83255947"
"chr22","23462497","23462808","chr2","72905994","72906299","17","49443497"
"chr22","23884364","23884674","chr2","72475974","72476280","15","48591610"
"chr22","23916653","23916873","chr2","72443663","72443883","4","48527010"
"chr22","24006051","24006356","chr2","72353167","72353481","18","48347116"
"chr22","24241163","24241363","chr2","72112415","72112601","18","47871252"
"chr22","24443195","24443519","chr6","52574114","52574421","60","28130919"
"chr22","24479788","24480090","chr2","71853825","71854131","16","47374037"
"chr22","24914369","24914663","chr3","132087062","132087356","53","107172693"
"chr22","24936736","24937036","chr1","24043019","24043322","32","893717"
"chr22","25309162","25309449","chr13","45720717","45721005","46","20411555"
"chr22","25502525","25502827","chr2","70835153","70835459","13","45332628"
"chr22","25902343","25902650","chr2","70431043","70431346","14","44528700"
"chr22","26144518","26144820","chr11","15878049","15878353","43","10266469"
"chr22","26959554","26959861","chr2","69382253","69382552","20","42422699"
"chr22","27022412","27022521","chr2","69319136","69319245","1","42296724"
"chr22","27119582","27119879","chr13","24423424","24423715","49","2696158"
"chr22","27132826","27133009","chr2","149552067","149552259","49","122419241"
"chr22","27185796","27186099","chr2","69153563","69153866","6","41967767"
"chr22","27227147","27227283","chr2","69113409","69113545","3","41886262"
"chr22","27230831","27231128","chr2","133438196","133438492","37","106207365"
"chr22","27307660","27307782","chr1","10670794","10670914","27","16636866"
"chr22","27308074","27308205","chr2","69032002","69032131","9","41723928"
"chr22","27324816","27325103","chr2","69021408","69021716","37","41696592"
"chr22","27577657","27577964","chr3","120997881","120998190","46","93420224"
"chr22","27694837","27695135","chr2","68641796","68642111","32","40946959"
"chr22","27788441","27788650","chr3","46244176","46244390","42","18455735"
"chr22","27877873","27878172","chr2","68456789","68457088","15","40578916"
"chr22","27891934","27892219","chr2","68439713","68439998","11","40547779"
"chr22","27953050","27953352","chr2","68376102","68376392","23","40423052"
"chr22","28441348","28441663","chr2","67873678","67874001","19","39432330"
"chr22","28610792","28611116","chr1","114181857","114182168","45","85571065"
"chr22","29424233","29424529","chr2","66888833","66889129","1","37464600"
"chr22","29632591","29632871","chr2","66675666","66675920","33","37043075"
"chr22","29738223","29738485","chr2","66570489","66570750","7","36832266"
"chr22","30128443","30128695","chr2","66178971","66179224","10","36050528"
"chr22","30240236","30240540","chr2","66065996","66066278","35","35825760"
"chr22","30248553","30248856","chr2","66057041","66057344","15","35808488"
"chr22","30266624","30266897","chr7","87833504","87833774","60","57566880"
"chr22","30269480","30269634","chr12","15295327","15295483","23","14974153"
"chr22","30379378","30379604","chr2","65925887","65926135","27","35546509"
"chr22","30440398","30440724","chr6","66531267","66531593","48","36090869"
"chr22","30607056","30607329","chr9","103068906","103069188","57","72461850"
"chr22","30740416","30740700","chr2","65565385","65565669","5","34824969"
"chr22","30965038","30965349","chr2","65338174","65338478","25","34373136"
"chr22","32154811","32155111","chr2","64148268","64148564","14","31993457"
"chr22","32196040","32196368","chr2","64107317","64107621","38","31911277"
"chr22","32308670","32308959","chr1","123728269","123728560","48","91419599"
"chr22","32318726","32318773","chr16","402052","402098","6","31916674"
"chr22","32424804","32425109","chr2","63878127","63878432","19","31453323"
"chr22","32458464","32458684","chr2","63844995","63845206","13","31386531"
"chr22","32464815","32465098","chr1","125175953","125176242","45","92711138"
"chr22","32478862","32479088","chr4","112785074","112785297","33","80306212"
"chr22","32656167","32656368","chr7","161778467","161778667","28","129122300"
"chr22","33418400","33418702","chr2","62878540","62878836","15","29460140"
"chr22","33652145","33652432","chr2","62649190","62649482","13","28997045"
"chr22","33707298","33707597","chr2","62593247","62593556","16","28885949"
"chr22","33790846","33791148","chr2","62509761","62510058","16","28718915"
"chr22","33848422","33848555","chr11","74966065","74966200","11","41117643"
"chr22","33848859","33849029","chr16","50445807","50445976","31","16596948"
"chr22","33983808","33983905","chrX","62719211","62719304","16","28735403"
"chr22","33984242","33984406","chr2","87570557","87570723","31","53586315"
"chr22","33988331","33988638","chr2","62317497","62317804","12","28329166"
"chr22","34041662","34041962","chr2","62266019","62266308","22","28224357"
"chr22","34074102","34074409","chr2","62233740","62234036","21","28159638"
"chr22","34260822","34261120","chr8","36291698","36291996","43","2030876"
"chr22","34296101","34296404","chr1","37689627","37689933","39","3393526"
"chr22","34400740","34401041","chr2","61901351","61901657","13","27500611"
"chr22","34406240","34406605","chr2","61895867","61896177","68","27489627"
"chr22","34940224","34940538","chr2","61357053","61357381","25","26416829"
"chr22","35014086","35014266","chr6","76965850","76966031","30","41951764"
"chr22","35068802","35069124","chr2","61235564","61235873","20","26166762"
"chr22","35306907","35307215","chr19","34469216","34469527","10","837691"
"chr22","35411384","35411533","chr2","60889281","60889418","15","25477897"
"chr22","35777710","35778019","chr2","60521657","60521966","8","24743947"
"chr22","36057699","36058004","chr1","209185654","209185955","47","173127955"
"chr22","36330562","36330871","chr7","16195662","16195959","58","20134900"
"chr22","36580879","36581176","chr2","59714250","59714553","24","23133371"
"chr22","36588544","36588823","chr2","59706658","59706928","15","23118114"
"chr22","37034154","37034457","chr3","130944111","130944418","41","93909957"
"chr22","37047695","37048000","chr10","75912433","75912738","52","38864738"
"chr22","37238464","37238774","chr2","59043636","59043968","40","21805172"
"chr22","37387849","37387946","chr2","58890812","58890901","11","21502963"
"chr22","37903343","37903677","chr2","58378915","58379231","25","20475572"
"chr22","38119124","38119409","chr2","58156492","58156776","9","20037368"
"chr22","38382521","38382800","chr8","136011489","136011790","54","97628968"
"chr22","38450212","38450492","chr2","57830429","57830717","22","19380217"
"chr22","38549759","38550072","chr2","57730028","57730370","46","19180269"
"chr22","38594889","38595196","chr2","57683510","57683819","14","19088621"
"chr22","38672464","38672766","chr2","57606388","57606697","21","18933924"
"chr22","38692099","38692361","chr2","57586516","57586778","7","18894417"
"chr22","38810944","38811237","chr2","57458781","57459071","9","18647837"
"chr22","39097100","39097320","chr2","57175130","57175349","5","18078030"
"chr22","39574354","39574662","chr19","32011380","32011691","40","7562974"
"chr22","39787192","39787352","chr2","56484716","56484875","9","16697524"
"chr22","39825871","39826175","chr2","56445876","56446181","21","16620005"
"chr22","40231463","40231766","chr2","56033480","56033793","33","15802017"
"chr22","40269248","40269385","chr15","22833331","22833468","13","17435917"
"chr22","40332442","40332737","chr2","55932518","55932826","34","15600076"
"chr22","40341968","40342273","chr9","7910222","7910534","42","32431746"
"chr22","40682752","40683042","chr3","43009753","43010039","43","2327001"
"chr22","40684279","40684558","chr2","55572186","55572473","18","14887907"
"chr22","40705608","40705822","chr2","55549547","55549761","12","14843939"
"chr22","40731017","40731293","chr2","55524226","55524495","12","14793209"
"chr22","40747123","40747321","chr1","9378215","9378411","28","31368908"
"chr22","40822276","40822540","chr7","19053113","19053384","49","21769163"
"chr22","40882241","40882528","chr2","55372305","55372592","5","14490064"
"chr22","40975650","40975951","chr2","55278893","55279184","16","14303243"
"chr22","41032373","41032682","chr2","55220108","55220404","21","14187735"
"chr22","41045219","41045517","chr2","55206853","55207151","12","14161634"
"chr22","41101532","41101812","chr2","147823067","147823349","55","106721535"
"chr22","41155487","41155592","chr2","55097451","55097560","5","13941964"
"chr22","41191286","41191423","chr2","55063458","55063595","3","13872172"
"chr22","41218969","41219195","chr2","55035465","55035687","8","13816496"
"chr22","41575251","41575549","chr2","54669666","54669966","10","13094415"
"chr22","42249432","42249731","chr2","53970204","53970511","16","11720772"
"chr22","42374547","42374860","chr2","53838391","53838688","28","11463844"
"chr22","42836927","42837214","chr2","53369090","53369384","14","10532163"
"chr22","42851927","42852222","chr2","53354098","53354392","5","10502171"
"chr22","43157933","43158217","chr7","155788835","155789119","32","112630902"
"chr22","43247147","43247443","chr2","52954119","52954425","25","9706972"
"chr22","43411579","43411892","chr2","52782307","52782616","17","9370728"
"chr22","43498735","43499045","chr2","52693656","52693966","9","9194921"
"chr22","43682727","43683033","chr2","52512776","52513100","36","8830049"
"chr22","43818096","43818400","chr2","52378144","52378454","29","8560048"
"chr22","43863151","43863431","chr2","52332955","52333235","5","8469804"
"chr22","44305240","44305476","chr2","51884674","51884910","1","7579434"
"chr22","44312240","44312347","chr3","103669125","103669234","27","59356885"
"chr22","44632782","44633077","chr2","51553386","51553681","5","6920604"
"chr22","44859391","44859664","chr2","51325828","51326101","9","6466437"
"chr22","44965579","44965872","chr12","68067845","68068149","52","23102266"
"chr22","45144658","45144967","chr2","51041817","51042125","21","5897159"
"chr22","45361086","45361390","chrX","25734220","25734518","36","19626866"
"chr22","45579740","45580051","chr2","50603931","50604217","34","5024191"
"chr22","45595991","45596319","chr2","50586103","50586422","19","4990112"
"chr22","45652662","45652833","chr2","50540566","50540734","13","4887904"
"chr22","45653463","45653742","chr2","50539646","50539941","25","4886183"
"chr22","45660720","45661009","chr2","50532456","50532761","24","4871736"
"chr22","45666173","45666467","chr2","50526342","50526636","9","4860169"
"chr22","45669682","45669954","chr2","50522858","50523131","5","4853176"
"chr22","45673200","45673415","chr2","50519397","50519611","4","4846197"
"chr22","45795367","45795677","chr2","50399148","50399447","15","4603781"
"chr22","45887621","45887862","chr2","50304019","50304265","12","4416398"
"chr22","45893832","45894143","chr2","50297334","50297637","12","4403502"
"chr22","45907830","45908113","chr3","51291746","51292033","47","5383916"
"chr22","45937482","45937788","chr2","50266510","50266816","5","4329028"
"chr22","45958812","45959103","chr2","50243905","50244200","6","4285093"
"chr22","45970750","45971056","chr2","50231939","50232242","11","4261189"
"chr22","45996409","45996708","chr19","48174971","48175267","32","2178562"
"chr22","46007923","46008219","chr12","62035775","62036067","45","16027852"
"chr22","46030338","46030628","chr2","50170089","50170379","7","4139751"
"chr22","46073109","46073409","chr15","14298818","14299123","45","31774291"
"chr22","46161330","46161632","chr2","42815086","42815389","34","3346244"
"chr22","46162513","46162817","chr1","42353131","42353436","46","3809382"
"chr22","46162962","46163051","chr16","66744130","66744221","15","20581168"
"chr22","46269313","46269622","chr2","50032483","50032792","15","3763170"
"chr22","47175088","47175380","chr2","49114237","49114531","6","1939149"
"chr22","47228379","47228638","chrX","74078543","74078810","46","26850164"
"chr22","47252899","47253196","chr2","49036808","49037111","17","1783909"
"chr22","47253635","47253917","chr15","101909506","101909787","35","54655871"
"chr22","47274380","47274696","chr2","49015565","49015881","23","1741185"
"chr22","47342353","47342635","chr2","48947355","48947642","15","1605002"
"chr22","47455601","47455898","chr2","48834442","48834740","5","1378841"
"chr22","47473221","47473524","chr2","48816851","48817157","9","1343630"
"chr22","47617711","47617903","chr5","115814724","115814913","33","68197013"
"chr22","47619145","47619284","chr2","135020054","135020199","28","87400909"
"chr22","47723038","47723335","chr2","48568040","48568345","14","845002"
"chr22","47736272","47736338","chr10","26797944","26798014","18","20938328"
"chr22","47736630","47736787","chr13","87854074","87854233","22","40117444"
"chr22","47741534","47741841","chr10","35520239","35520543","37","12221295"
"chr22","47813449","47813742","chr2","48474982","48475279","12","661533"
"chr22","47832340","47832731","chr7","131313035","131313424","95","83480695"
"chr22","48000062","48000350","chr2","48288588","48288876","15","288526"
"chr22","48015014","48015281","chr2","48273664","48273931","2","258650"
"chr22","48073658","48073954","chr1","218083470","218083765","38","170009812"
"chr22","48105573","48105848","chr2","48183210","48183485","5","77637"
"chr22","48251486","48251783","chr2","48036280","48036576","6","215206"
"chr22","48443401","48443701","chr2","47842694","47842997","14","600707"
"chr22","48524012","48524317","chr2","47762175","47762475","9","761837"
"chr22","48592353","48592640","chr2","47693155","47693438","19","899198"
"chr22","48628055","48628341","chr2","47657317","47657605","10","970738"
"chr22","48630189","48630373","chr2","47655270","47655454","8","974919"
"chr22","48631590","48631865","chr2","47653741","47654061","49","977849"
"chr22","48656364","48656644","chr3","51335360","51335640","39","2678996"
"chr22","48693232","48693519","chr2","47582667","47582954","6","1110565"
"chr22","48698061","48698112","chr2","47576719","47576770","0","1121342"
"chr22","48713009","48713297","chr20","16256980","16257270","35","32456029"
"chr22","48866739","48867032","chr2","47403858","47404142","18","1462881"
"chr22","49388169","49388462","chr1","218083470","218083765","38","168695301"
"chr22","49418441","49418740","chr2","46863118","46863415","21","2555323"
"chr22","49596771","49597079","chr2","46684901","46685212","10","2911870"
"chr22","50016233","50016519","chr11","82023416","82023700","12","32007183"
"chr22","50292353","50292667","chr11","82299982","82300276","33","32007629"
"chr22","50299714","50300004","chr1","185490436","185490721","48","135190722"
"chr22","50594519","50594635","chrX","5264953","5265067","16","45329566"
"chr22","50813036","50813337","chr13","125615309","125615606","28","74802273"
"chr22","50843139","50843425","chr11","82854051","82854336","8","32010912"
"chr22","50847227","50847531","chr11","82858422","82858724","10","32011195"
"chr22","50888584","50888883","chr11","82897098","82897394","8","32008514"
"chr22","50988541","50988797","chr11","82997291","82997552","10","32008750"
"chr22","51020940","51021238","chr11","83030080","83030377","7","32009140"
"chr22","51054920","51055049","chr6","51948986","51949125","28","894066"
"chr22","51324206","51324351","chr6","117391178","117391317","36","66066972"
"chr22","51330134","51330402","chr11","83354137","83354405","9","32024003"
"chr22","51339409","51339588","chr14","31856154","31856328","28","19483255"
"chr22","51368577","51368878","chr5","141011443","141011743","34","89642866"
"chr22","51768637","51768919","chr11","83792963","83793254","32","32024326"
"chr22","51776028","51776316","chr4","28664771","28665069","39","23111257"
"chr22","51859282","51859582","chrX","47853289","47853588","43","4005993"
"chr22","51929077","51929373","chr11","83963384","83963680","7","32034307"
"chr22","51977726","51977865","chr11","84016547","84016708","24","32038821"
"chr22","52318320","52318606","chr12","64096380","64096657","54","11778060"
"chr22","52395682","52395972","chr11","84452711","84453003","11","32057029"
"chr22","52401266","52401566","chr11","84458245","84458554","11","32056979"
"chr22","52414108","52414408","chr11","84472088","84472391","14","32057980"
"chr22","52438758","52439034","chr11","84496499","84496774","9","32057741"
"chr22","52466666","52466967","chr11","84524885","84525186","11","32058219"
"chr22","52851201","52851512","chr3","127216186","127216489","41","74364985"
"chr22","52886507","52886808","chr11","84950245","84950555","14","32063738"
"chr22","53025373","53025670","chr11","85084728","85085025","11","32059355"
"chr22","53030058","53030347","chr11","85089484","85089773","6","32059426"
"chr22","53306770","53307054","chr11","85362639","85362954","37","32055869"
"chr22","53389302","53389606","chr11","85446298","85446599","12","32056996"
"chr22","53523983","53524299","chr11","85581075","85581379","19","32057092"
"chr22","54166491","54166747","chr2","46072994","46073250","10","8093497"
"chr22","54281442","54281589","chr1","38136917","38137054","30","16144525"
"chr22","54589239","54589513","chr2","45670875","45671152","17","8918364"
"chr22","54723199","54723495","chr2","45540436","45540732","12","9182763"
"chr22","54980004","54980309","chr2","45305833","45306143","16","9674171"
"chr22","55121286","55121584","chr2","43166120","43166421","16","11955166"
"chr22","55186226","55186438","chr2","45131540","45131755","7","10054686"
"chr22","55303782","55304074","chr2","45015111","45015403","10","10288671"
"chr22","55319387","55319604","chr4","157456256","157456468","48","102136869"
"chr22","55339969","55340267","chr2","44976449","44976748","26","10363520"
"chr22","55376709","55377001","chr9","122574226","122574522","61","67197517"
"chr22","55386040","55386348","chrX","45678998","45679303","38","9707042"
"chr22","55526546","55526846","chr2","44791593","44791896","3","10734953"
"chr22","55702448","55702616","chr2","44619091","44619259","4","11083357"
"chr22","55879813","55880121","chr5","101329543","101329852","38","45449730"
"chr22","55888030","55888237","chr7","118464023","118464233","37","62575993"
"chr22","55961020","55961302","chr2","44369751","44370033","5","11591269"
"chr22","55996084","55996133","chr12","37991215","37991256","10","18004869"
"chr22","56080355","56080502","chr2","44253982","44254127","7","11826373"
"chr22","56257691","56257863","chr2","44085188","44085349","16","12172503"
"chr22","56320187","56320465","chr2","44027619","44027899","13","12292568"
"chr22","56324622","56324930","chrX","91196525","91196830","43","34871903"
"chr22","56535394","56535713","chr1","217770749","217771048","52","161235355"
"chr22","56744745","56745049","chr2","43606758","43607064","5","13137987"
"chr22","57028543","57028839","chr16","1678393","1678688","24","55350150"
"chr22","57216081","57216381","chr1","48867065","48867371","45","8349016"
"chr22","57300988","57301294","chr2","43026485","43026779","24","14274503"
"chr22","57409076","57409360","chr2","42920183","42920468","10","14488893"
"chr22","57512175","57512475","chr2","42815086","42815389","8","14697089"
"chr22","57686777","57687074","chr2","42629451","42629741","20","15057326"
"chr22","57763776","57764083","chr2","42556049","42556347","12","15207727"
"chr22","57872663","57872964","chr2","42449174","42449472","17","15423489"
"chr22","58097150","58097279","chr2","42222606","42222740","11","15874544"
"chr22","58332903","58333012","chr2","41979214","41979322","3","16353689"
"chr22","58348212","58348525","chr2","41962413","41962727","20","16385799"
"chr22","58397067","58397342","chr2","41913470","41913764","21","16483597"
"chr22","58421135","58421430","chr2","41889596","41889893","9","16531539"
"chr22","58483933","58484088","chr2","41827197","41827352","3","16656736"
"chr22","58493986","58494281","chr12","8891549","8891845","56","49602437"
"chr22","58519517","58519820","chr2","41793684","41793983","13","16725833"
"chr22","58599293","58599575","chr6","145117584","145117864","40","86518291"
"chr22","58644595","58644884","chr2","41662345","41662636","12","16982250"
"chr22","58967679","58967951","chr7","148192158","148192433","41","89224479"
"chr22","59028972","59029021","chr1","142279794","142279841","10","83250822"
"chr22","59270391","59270688","chr10","68769804","68770102","34","9499413"
"chr22","59299638","59299959","chr2","41011406","41011697","42","18288232"
"chr22","59326897","59327175","chr2","40989464","40989747","19","18337433"
"chr22","60036500","60036798","chr2","40272648","40272978","44","19763852"
"chr22","60170277","60170562","chr2","40140865","40141172","25","20029412"
"chr22","60725517","60725819","chr2","39614418","39614720","11","21111099"
"chr22","60739351","60739658","chr2","39600763","39601071","13","21138588"
"chr22","60752028","60752321","chr15","92295977","92296271","35","31543949"
"chr22","60758238","60758568","chr2","39581847","39582172","20","21176391"
"chr22","60811970","60812272","chr2","39528340","39528647","13","21283630"
"chr22","60853961","60854279","chr19","3684294","3684613","49","57169667"
"chr22","61423498","61423833","chr2","38933081","38933393","32","22490417"
"chr22","61533966","61534269","chr2","38823501","38823802","9","22710465"
"chr22","61631635","61631786","chr1","53977567","53977731","27","7654068"
"chr22","61658178","61658491","chr2","38705392","38705712","9","22952786"
"chr22","61700705","61700786","chr1","10498242","10498322","23","51202463"
"chr22","61700785","61700916","chr4","102037440","102037567","37","40336655"
"chr22","61874664","61874740","chr2","38490700","38490776","1","23383964"
"chr22","61929697","61929989","chr2","38436964","38437258","12","23492733"
"chr22","62326041","62326346","chr2","38049741","38050053","12","24276300"
"chr22","62394479","62394636","chr4","6664487","6664644","23","55729992"
"chr22","62397093","62397234","chr2","37979102","37979244","4","24417991"
"chr22","62797817","62798144","chr2","37582608","37582931","42","25215209"
"chr22","62925312","62925403","chr5","128910409","128910496","14","65985097"
"chr22","62955237","62955560","chr2","37430207","37430518","21","25525030"
"chr22","63216688","63216990","chr10","71880315","71880618","38","8663627"
"chr22","63556664","63556941","chr2","36841273","36841550","12","26715391"
"chr22","63755973","63756176","chr2","36654611","36654816","10","27101362"
"chr22","63897691","63897882","chr2","36516583","36516772","8","27381108"
"chr22","64190939","64191236","chr2","36225641","36225943","19","27965298"
"chr22","64544786","64545072","chr13","53811182","53811468","49","10733604"
"chr22","64892956","64893244","chr2","35524124","35524413","10","29368832"
"chr22","65051762","65052073","chr2","35364767","35365070","14","29686995"
"chr22","65057057","65057339","chr2","35359164","35359456","28","29697893"
"chr22","65092217","65092297","chr1","143549009","143549093","22","78456792"
"chr22","65456164","65456463","chr7","55642622","55642915","59","9813542"
"chr22","65526781","65527092","chr2","34892522","34892810","39","30634259"
"chr22","65620421","65620628","chr2","34801519","34801741","22","30818902"
"chr22","65968325","65968616","chr2","34434720","34435011","11","31533605"
"chr22","66370140","66370441","chr2","34037284","34037585","7","32332856"
"chr22","66622369","66622490","chr13","125705777","125705898","16","59083408"
"chr22","66729602","66729942","chr1","11814705","11815039","55","54914897"
"chr22","66743570","66743687","chr16","15395750","15395862","15","51347820"
"chr22","66757480","66757771","chr18","38000001","38000287","62","28757479"
"chr22","66954912","66955215","chr2","33458855","33459158","12","33496057"
"chr22","66960164","66960435","chr2","33453671","33453942","10","33506493"
"chr22","66990306","66990445","chr4","41177678","41177819","28","25812628"
"chr22","67003348","67003642","chr10","68769804","68770102","41","1766456"
"chr22","67032403","67032688","chr12","82786690","82786925","75","15754287"
"chr22","67032719","67033029","chr2","33386476","33386793","25","33646243"
"chr22","67061622","67061863","chr14","30560964","30561185","53","36500658"
"chr22","67061928","67062097","chr7","114663975","114664149","34","47602047"
"chr22","67087774","67088068","chr9","5849715","5850009","38","61238059"
"chr22","67089260","67089556","chr2","33331309","33331604","6","33757951"
"chr22","67105496","67105710","chr2","33315088","33315303","1","33790408"
"chr22","67143993","67144282","chr2","33276997","33277286","10","33866996"
"chr22","67156307","67156594","chr2","33259567","33259849","11","33896740"
"chr22","67172674","67172979","chr2","33248333","33248637","11","33924341"
"chr22","67225315","67225481","chr9","123005861","123006027","28","55780546"
"chr22","67225792","67225930","chr11","74966065","74966200","22","7740273"
"chr22","67236088","67236396","chr2","33177590","33177894","23","34058498"
"chr22","67440900","67441192","chr2","32978510","32978811","18","34462390"
"chr22","67549945","67550012","chr19","1240888","1240952","17","66309057"
"chr22","67550033","67550084","chr2","47576719","47576770","12","19973314"
"chr22","67775934","67776220","chr2","32640020","32640302","9","35135914"
"chr22","67776363","67776466","chr1","48055516","48055610","30","19720847"
"chr22","67788058","67788356","chr2","32629002","32629325","29","35159056"
"chr22","67806562","67806863","chr2","32610625","32610926","11","35195937"
"chr22","67926578","67926869","chr2","32497761","32498060","19","35428817"
"chr22","67950404","67950716","chr6","42944768","42945077","45","25005636"
"chr22","68187051","68187225","chr2","32226860","32227030","14","35960191"
"chr22","68478726","68479024","chr2","31918819","31919110","12","36559907"
"chr22","68778335","68778642","chr15","92404471","92404774","60","23626136"
"chr22","68959390","68959588","chr1","169877937","169878138","31","100918547"
"chr22","69665311","69665601","chr2","31023157","31023446","10","38642154"
"chr22","69765881","69766003","chr15","2185236","2185358","10","67580645"
"chr22","69933213","69933328","chr4","125348224","125348340","19","55415011"
"chr22","70618237","70618361","chr19","33511369","33511488","20","37106868"
"chr22","70665793","70666080","chr2","30022630","30022920","13","40643163"
"chr22","70980670","70980946","chr1","18622490","18622764","37","52358180"
"chr22","71059926","71060198","chr16","38927922","38928187","45","32132004"
"chr22","71134849","71135131","chr3","12839612","12839895","40","58295237"
"chr22","71135907","71136189","chr4","76028673","76028956","38","4892766"
"chr22","71377323","71377466","chr2","29245743","29245886","6","42131580"
"chr22","71389976","71390279","chr17","1772149","1772450","43","69617827"
"chr22","71404449","71404691","chr2","29215880","29216106","22","42188569"
"chr22","71405402","71405672","chr2","29214934","29215233","34","42190468"
"chr22","71436825","71437111","chr1","33389434","33389724","50","38047391"
"chr22","71440746","71441044","chr2","29178329","29178646","41","42262417"
"chr22","71441556","71441853","chr2","29177535","29177832","16","42264021"
"chr22","71520350","71520646","chr2","29098861","29099167","34","42421489"
"chr22","71532658","71532966","chr2","29085897","29086205","9","42446761"
"chr22","71539063","71539351","chr1","138283945","138284230","45","66744882"
"chr22","71614968","71615028","chr14","4007549","4007614","20","67607419"
"chr22","71686981","71687024","chr19","39384314","39384357","11","32302667"
"chr22","71704452","71704745","chr2","28918902","28919196","18","42785550"
"chr22","71877972","71878233","chr2","28744018","28744283","19","43133954"
"chr22","71927185","71927483","chr2","28697677","28697975","3","43229508"
"chr22","71958701","71959007","chr2","28666618","28666924","7","43292083"
"chr22","72222346","72222643","chr14","118551950","118552249","46","46329604"
"chr22","72321711","72321862","chr2","28292212","28292357","8","44029499"
"chr22","72732071","72732446","chr2","27892053","27892371","74","44840018"
"chr22","73199721","73199917","chr2","27427240","27427431","11","45772481"
"chr22","73345673","73345959","chr6","50641836","50642130","43","22703837"
"chr22","73533155","73533435","chr9","90557855","90558137","40","17024700"
"chr22","73626247","73626550","chr2","27013800","27014103","8","46612447"
"chr22","73932439","73932696","chr2","125218818","125219081","44","51286379"
"chr22","74105453","74105761","chr2","26544696","26544995","23","47560757"
"chr22","74177129","74177414","chr2","26473664","26473948","27","47703465"
"chr22","74177425","74177474","chr18","46883289","46883339","9","27294136"
"chr22","74177486","74177624","chr1","30028124","30028263","19","44149362"
"chr22","74187067","74187374","chr2","26464848","26465158","13","47722219"
"chr22","74363232","74363473","chr11","103006469","103006709","44","28643237"
"chr22","74566402","74566636","chr2","26112684","26112922","14","48453718"
"chr22","74758224","74758498","chr2","25922446","25922721","18","48835778"
"chr22","75240747","75240932","chr7","15748960","15749141","35","59491787"
"chr22","75241239","75241383","chr19","49957750","49957891","19","25283489"
"chr22","75510946","75511232","chr2","25181237","25181524","14","50329709"
"chr22","75658628","75658939","chr20","64506123","64506433","38","11152505"
"chr22","76068396","76068458","chr3","14875460","14875514","19","61192936"
"chr22","76491545","76491859","chr2","24235003","24235295","79","52256542"
"chr22","77018398","77018698","chr2","23736473","23736772","4","53281925"
"chr22","77093694","77093842","chr12","93217972","93218119","19","16124278"
"chr22","77093930","77094142","chr7","41010620","41010838","36","36083310"
"chr22","77399143","77399452","chr5","130497928","130498234","42","53098785"
"chr22","77712566","77712852","chr2","23047096","23047382","15","54665470"
"chr22","77944296","77944581","chr2","115378286","115378572","45","37433990"
"chr22","78350775","78351085","chr2","22436587","22436888","23","55914188"
"chr22","78355303","78355612","chr2","22432180","22432470","24","55923123"
"chr22","78759690","78759986","chr2","22041535","22041834","18","56718155"
"chr22","79171485","79171780","chr2","21627690","21627979","18","57543795"
"chr22","79204447","79204744","chr2","21589758","21590058","10","57614689"
"chr22","79222453","79222759","chr12","36444891","36445198","39","42777562"
"chr22","79234052","79234326","chr2","21564913","21565187","2","57669139"
"chr22","79254637","79254807","chr17","67781807","67781955","53","11472830"
"chr22","79268474","79268778","chr2","21528330","21528605","37","57740144"
"chr22","79282534","79282733","chr2","21513450","21513644","22","57769084"
"chr22","79294003","79294295","chr2","21501618","21501913","8","57792385"
"chr22","79301253","79301545","chr2","21501618","21501913","8","57799635"
"chr22","80038077","80038377","chr2","20758580","20758874","20","59279497"
"chr22","80170589","80170873","chr2","20628182","20628473","16","59542407"
"chr22","80174467","80174766","chr2","20624546","20624843","43","59549921"
"chr22","80491761","80491950","chr2","20314850","20315039","4","60176911"
"chr22","80538816","80538984","chr2","20269692","20269874","18","60269124"
"chr22","80625202","80625513","chr2","20182372","20182681","12","60442830"
"chr22","80630553","80630850","chr2","20176708","20177000","16","60453845"
"chr22","80633196","80633500","chr2","20174041","20174344","6","60459155"
"chr22","80673710","80673982","chr2","20134629","20134899","7","60539081"
"chr22","80850717","80850982","chr2","19959297","19959556","9","60891420"
"chr22","81279492","81279771","chr2","19528843","19529122","15","61750649"
"chr22","81606219","81606515","chr2","19199382","19199676","19","62406837"
"chr22","82087856","82088149","chr7","59929908","59930200","43","22157948"
"chr22","82114947","82115253","chr15","80015430","80015747","73","2099517"
"chr22","82130297","82130588","chr2","18651320","18651611","6","63478977"
"chr22","82159482","82159606","chr12","80273287","80273410","26","1886195"
"chr22","82202088","82202407","chr2","18578679","18578989","24","63623409"
"chr22","82251272","82251580","chr2","18531441","18531746","18","63719831"
"chr22","82311419","82311714","chr2","18473102","18473387","20","63838317"
"chr22","82399931","82400092","chr4","6664487","6664644","29","75735444"
"chr22","82400163","82400443","chr2","18384200","18384491","15","64015963"
"chr22","82420204","82420517","chr3","63233271","63233568","45","19186933"
"chr22","82736630","82736942","chr2","18069951","18070265","21","64666679"
"chr22","82743821","82744133","chr2","18062515","18062825","13","64681306"
"chr22","83047736","83048045","chr2","17764687","17764981","26","65283049"
"chr22","83515001","83515284","chr5","33087413","33087697","48","50427588"
"chr22","84437700","84437896","chr2","16376391","16376584","5","68061309"
"chr22","84509691","84509925","chr19","47817332","47817567","60","36692359"
"chr22","84762611","84762697","chr2","16067768","16067855","5","68694843"
"chr22","84914054","84914213","chr2","15918263","15918422","2","68995791"
"chr22","85010237","85010509","chr11","117985771","117986024","56","32975534"
"chr22","85408151","85408418","chr2","15428355","15428650","36","69979796"
"chr22","85600790","85600903","chr9","112623659","112623769","31","27022869"
"chr22","85708458","85708745","chr5","33087413","33087697","40","52621045"
"chr22","85759694","85759855","chr2","15087916","15088077","4","70671778"
"chr22","85773766","85774067","chr2","15074778","15075079","4","70698988"
"chr22","86069488","86069798","chr2","14795600","14795913","21","71273888"
"chr22","86150737","86151025","chr2","14719125","14719411","10","71431612"
"chr22","86457250","86457562","chr2","14421113","14421423","19","72036137"
"chr22","86587827","86588032","chr7","39959558","39959756","33","46628269"
"chr22","86656088","86656403","chr2","14223238","14223539","45","72432850"
"chr22","86735697","86735867","chr9","6296613","6296781","32","80439084"
"chr22","88480072","88480325","chr2","12422183","12422435","22","76057889"
"chr22","88753981","88754262","chr2","12154728","12155021","19","76599253"
"chr22","88775923","88776214","chr4","17756028","17756312","47","71019895"
"chr22","88857870","88858089","chr7","63422659","63422869","56","25435211"
"chr22","89049835","89050022","chr19","8134719","8134907","38","80915116"
"chr22","89086408","89086715","chr10","28689578","28689889","37","60396830"
"chr22","89169153","89169458","chr2","11743067","11743372","14","77426086"
"chr22","89351762","89351937","chr1","117783693","117783865","30","28431931"
"chr22","89376857","89377063","chr10","14798272","14798465","44","74578585"
"chr22","89442935","89443156","chr2","11478894","11479114","4","77964041"
"chr22","89963847","89964144","chr2","10973872","10974171","18","78989975"
"chr22","89980400","89980692","chr2","10957844","10958136","9","79022556"
"chr22","90179031","90179313","chr15","101909506","101909787","40","11730475"
"chr22","90789711","90789767","chr16","51701031","51701090","11","39088680"
"chr22","91171964","91172238","chr2","9830686","9830960","17","81341278"
"chr22","91256722","91256999","chr5","160679286","160679558","45","69422564"
"chr22","91296706","91296986","chr2","9709303","9709587","17","81587403"
"chr22","91298055","91298352","chr2","9708125","9708430","14","81589930"
"chr22","91451344","91451527","chr3","78760989","78761169","36","12690355"
"chr22","91541421","91541704","chr2","9471423","9471706","11","82069998"
"chr22","91696782","91697099","chr2","9315742","9316077","24","82381040"
"chr22","91804056","91804350","chr2","9215105","9215425","35","82588951"
"chr22","91901994","91902124","chr7","67494514","67494644","15","24407480"
"chr22","91902133","91902405","chr6","148160277","148160517","68","56258144"
"chr22","91956772","91957081","chr2","9065750","9066050","18","82891022"
"chr22","92051917","92052155","chr3","169987951","169988186","47","77936034"
"chr22","92863085","92863368","chr12","13201205","13201488","42","79661880"
"chr22","93058634","93058951","chr2","7993246","7993569","29","85065388"
"chr22","93328291","93328605","chr2","7737927","7738235","29","85590364"
"chr22","93361809","93362106","chr2","7703420","7703714","16","85658389"
"chr22","93875058","93875368","chr10","9620938","9621245","54","84254120"
"chr22","93899228","93899536","chr2","7178541","7178848","11","86720687"
"chr22","94054902","94055194","chr2","7022813","7023111","27","87032089"
"chr22","94330499","94330804","chr2","6737934","6738245","31","87592565"
"chr22","94843857","94844181","chr2","6238090","6238412","20","88605767"
"chr22","94996329","94996626","chr2","6086936","6087256","38","88909393"
"chr22","95086696","95086997","chr2","5999410","5999718","23","89087286"
"chr22","95223630","95223937","chr2","5866208","5866510","16","89357422"
"chr22","95224845","95225147","chr2","5864995","5865296","8","89359850"
"chr22","95376134","95376282","chrX","102500001","102500149","55","7123867"
"chr22","95376578","95376663","chr4","45488506","45488575","22","49888072"
"chr22","95794113","95794408","chr2","5305886","5306183","19","90488227"
"chr22","95943699","95944004","chr2","5158569","5158887","25","90785130"
"chr22","96200220","96200508","chr7","81087199","81087483","41","15113021"
"chr22","96255370","96255664","chr2","4848428","4848733","19","91406942"
"chr22","96376955","96377285","chr2","4728323","4728636","35","91648632"
"chr22","96417401","96417698","chr2","4670936","4671233","21","91746465"
"chr22","96853971","96854117","chr2","4248196","4248338","11","92605775"
"chr22","96858174","96858490","chr12","61044654","61044969","53","35813520"
"chr22","96935872","96936163","chr11","117064795","117065085","46","20128923"
"chr22","97228644","97228952","chr2","3886583","3886889","18","93342061"
"chr22","97255844","97256098","chr10","84583903","84584162","50","12671941"
"chr22","97256163","97256449","chr15","36156612","36156900","55","61099551"
"chr22","97435916","97436022","chr3","73202510","73202628","28","24233406"
"chr22","97436255","97436556","chr2","3688958","3689265","17","93747297"
"chr22","97508565","97508869","chr14","29316094","29316399","52","68192471"
"chr22","97992653","97992949","chr2","3228107","3228402","12","94764546"
"chr22","98040830","98041141","chr2","3182129","3182433","13","94858701"
"chr22","98164670","98164988","chr2","3061035","3061356","6","95103635"
"chr22","98392605","98392966","chr2","2840459","2840760","81","95552146"
"chr22","98392977","98393095","chr9","78480448","78480568","19","19912529"
"chr22","98460538","98460826","chr2","2776456","2776742","21","95684082"
"chr22","99040968","99041258","chr2","2219162","2219455","16","96821806"
"chr22","99718107","99718391","chr6","73243917","73244202","39","26474190"
"chr22","99745229","99745527","chr8","15513646","15513945","40","84231583"
"chr22","99800682","99800831","chr2","1470791","1470932","14","98329891"
"chr22","99832094","99832381","chrX","21450812","21451107","37","78381282"
"chr22","99890946","99891262","chr2","1378446","1378754","20","98512500"
"chr22","99928026","99928322","chr2","1343464","1343769","20","98584562"
"chr22","100005532","100005881","chr8","120139498","120139827","83","20133966"
"chr22","100520858","100521128","chr1","145169343","145169619","52","44648485"
"chr22","100563812","100564108","chr2","703685","703981","12","99860127"
"chr22","100611279","100611579","chr2","654324","654634","16","99956955"
"chr22","100729576","100729725","chr1","72316825","72316973","19","28412751"
"chr22","101189801","101190098","chr2","82569","82873","12","101107232"
"chr23","54263746","54263915","chr9","40215068","40215233","26","14048678"
"chr23","62521245","62521529","chr3","171610616","171610898","41","109089371"
"chr23","1023028","1023337","chr6","91242712","91243025","13","90219684"
"chr23","1025685","1025988","chr6","91247632","91247936","14","90221947"
"chr23","1124367","1124682","chr6","91344193","91344511","25","90219826"
"chr23","1454234","1454515","chr5","33760863","33761142","38","32306629"
"chr23","1457107","1457245","chr6","91675470","91675608","4","90218363"
"chr23","1685283","1685579","chr2","157953826","157954121","43","156268543"
"chr23","2241275","2241601","chr6","92554981","92555303","14","90313706"
"chr23","2511177","2511483","chr6","92815389","92815657","45","90304212"
"chr23","2545224","2545529","chr6","92849790","92850093","6","90304566"
"chr23","2664077","2664372","chr6","92973737","92974031","12","90309660"
"chr23","2982349","2982493","chr11","7793789","7793933","27","4811440"
"chr23","3000009","3000249","chrX","129381253","129381485","43","126381244"
"chr23","3122546","3122843","chr19","48411999","48412298","42","45289453"
"chr23","3191645","3191951","chr4","34194004","34194303","48","31002359"
"chr23","3229205","3229493","chr6","93566075","93566363","15","90336870"
"chr23","3557137","3557351","chr2","86565137","86565359","55","83008000"
"chr23","3716489","3716770","chr6","93913145","93913425","31","90196656"
"chr23","3738545","3738867","chr6","93941508","93941821","13","90202963"
"chr23","4064793","4064938","chr6","94273171","94273317","10","90208378"
"chr23","4268203","4268492","chr6","94480139","94480432","19","90211936"
"chr23","4692290","4692560","chr6","94905832","94906090","23","90213542"
"chr23","5714610","5714823","chr12","93375154","93375374","45","87660544"
"chr23","5746081","5746395","chr6","95990594","95990914","20","90244513"
"chr23","5905836","5906142","chrX","15966596","15966896","44","10060760"
"chr23","6133176","6133481","chr6","96388042","96388346","8","90254866"
"chr23","6208481","6208781","chr6","96466478","96466804","34","90257997"
"chr23","6861901","6862211","chr5","58453652","58453961","42","51591751"
"chr23","7186704","7187008","chr6","97464330","97464634","8","90277626"
"chr23","7263776","7264115","chr6","97544728","97545045","37","90280952"
"chr23","7264638","7264927","chr6","97545568","97545877","35","90280930"
"chr23","7861109","7861401","chr15","34900384","34900656","55","27039275"
"chr23","8477151","8477454","chr6","98717437","98717717","31","90240286"
"chr23","8584863","8585143","chr2","85232750","85233032","58","76647887"
"chr23","9345382","9345657","chr6","99570184","99570464","26","90224802"
"chr23","9475544","9475757","chr6","99701245","99701465","13","90225701"
"chr23","9501709","9501877","chr6","99727553","99727722","1","90225844"
"chr23","9628632","9628943","chr6","99851292","99851601","11","90222660"
"chr23","9745956","9746217","chr6","99967874","99968135","10","90221918"
"chr23","9973280","9973525","chr10","16593589","16593829","50","6620309"
"chr23","10041754","10042055","chrX","138325461","138325769","45","128283707"
"chr23","10701880","10702175","chr18","18732837","18733130","38","8030957"
"chr23","10894644","10894925","chr5","34695653","34695933","35","23801009"
"chr23","10934886","10935180","chr6","101176537","101176830","12","90241651"
"chr23","10954011","10954319","chr6","101195624","101195943","28","90241613"
"chr23","11005861","11006153","chr8","75918467","75918759","38","64912606"
"chr23","11063818","11064124","chr6","101305260","101305568","10","90241442"
"chr23","11085326","11085648","chr6","101326592","101326902","53","90241266"
"chr23","11496549","11496844","chr6","101739165","101739469","14","90242616"
"chr23","11511469","11511756","chr6","101754058","101754345","10","90242589"
"chr23","11663647","11663949","chr6","101911863","101912162","11","90248216"
"chr23","11788714","11788909","chr6","102038748","102038948","12","90250034"
"chr23","11802606","11802899","chr6","102052607","102052901","10","90250001"
"chr23","11986955","11987261","chr6","102235663","102235969","6","90248708"
"chr23","12147779","12148082","chr6","102399531","102399834","12","90251752"
"chr23","12184260","12184542","chr6","102436269","102436574","33","90252009"
"chr23","12399730","12400008","chrX","37331111","37331393","37","24931381"
"chr23","12470874","12471169","chr6","102725753","102726048","6","90254879"
"chr23","12757190","12757490","chr6","102999389","102999691","5","90242199"
"chr23","12787286","12787446","chr6","103031919","103032079","3","90244633"
"chr23","12819416","12819708","chr6","103064819","103065116","9","90245403"
"chr23","12847937","12848225","chr16","50757049","50757341","39","37909112"
"chr23","12921663","12921954","chr6","61379900","61380192","42","48458237"
"chr23","13115647","13115814","chr12","59239946","59240109","27","46124299"
"chr23","13116126","13116260","chr11","74966065","74966200","19","61849939"
"chr23","13329058","13329204","chr6","103586508","103586652","5","90257450"
"chr23","13371259","13371549","chr6","103629178","103629469","11","90257919"
"chr23","14473112","14473318","chr6","104798344","104798554","7","90325232"
"chr23","14818503","14818785","chr6","105137199","105137481","12","90318696"
"chr23","15006252","15006550","chr6","105325783","105326079","11","90319531"
"chr23","15137044","15137344","chr6","105455777","105456076","27","90318733"
"chr23","15345047","15345057","chr9","32916732","32916748","12","17571685"
"chr23","15345228","15345445","chr6","105667464","105667681","10","90322236"
"chr23","15414753","15415015","chr6","105734567","105734860","41","90319814"
"chr23","15744875","15745162","chr6","106056909","106057194","8","90312034"
"chr23","15952156","15952462","chr6","106469889","106470195","5","90517733"
"chr23","16002096","16002380","chr6","106527939","106528226","9","90525843"
"chr23","16081351","16081645","chr4","42690815","42691104","36","26609464"
"chr23","16122214","16122519","chr6","106649403","106649699","13","90527189"
"chr23","16217698","16218009","chr6","106743009","106743313","25","90525311"
"chr23","16327250","16327563","chr6","106850657","106850970","17","90523407"
"chr23","16374822","16375119","chr6","106894196","106894505","30","90519374"
"chr23","16420633","16420715","chr6","106940143","106940225","3","90519510"
"chr23","16581841","16582186","chr8","120139498","120139827","72","103557657"
"chr23","16599921","16600203","chr10","77350859","77351141","35","60750938"
"chr23","16762279","16762580","chr20","20062086","20062386","36","3299807"
"chr23","16894821","16895126","chr6","107428657","107428962","2","90533836"
"chr23","16903084","16903376","chr6","107437252","107437541","9","90534168"
"chr23","16967565","16967860","chr6","107503012","107503306","10","90535447"
"chr23","17117860","17118158","chr18","15131537","15131838","39","1986323"
"chr23","17267223","17267542","chr6","107809783","107810101","17","90542560"
"chr23","17485903","17486201","chr13","52470727","52471020","14","34984824"
"chr23","17897589","17897878","chr6","108469852","108470144","5","90572263"
"chr23","18186887","18187202","chr10","28689578","28689889","40","10502691"
"chr23","18302842","18303139","chr6","108886166","108886470","14","90583324"
"chr23","18383917","18384225","chr6","108968421","108968729","11","90584504"
"chr23","18522523","18522809","chr6","109110242","109110528","16","90587719"
"chr23","18999332","18999645","chr6","109598255","109598568","8","90598923"
"chr23","19128708","19128971","chr6","109727251","109727514","9","90598543"
"chr23","19390838","19391134","chr6","110001365","110001661","8","90610527"
"chr23","19538759","19539059","chr1","28308326","28308621","37","8769567"
"chr23","19915532","19915838","chr6","110549183","110549493","27","90633651"
"chr23","20010233","20010546","chr6","110639167","110639480","11","90628934"
"chr23","20074592","20074901","chr6","110710512","110710819","11","90635920"
"chr23","20114910","20115221","chr6","110755397","110755706","22","90640487"
"chr23","20122083","20122373","chr6","110763683","110763974","12","90641600"
"chr23","20122383","20122722","chrX","49563746","49564082","60","29441363"
"chr23","20147997","20148303","chr6","110789499","110789778","41","90641502"
"chr23","20301603","20301918","chr6","110945552","110945859","19","90643949"
"chr23","20316253","20316537","chr5","65630374","65630663","57","45314121"
"chr23","21123339","21123438","chr6","111813696","111813787","11","90690357"
"chr23","21508102","21508394","chr8","96036451","96036744","47","74528349"
"chr23","21559083","21559423","chr6","112261421","112261731","40","90702338"
"chr23","21692273","21692319","chr3","150333047","150333098","13","128640774"
"chr23","21727344","21727640","chr6","112431308","112431602","15","90703964"
"chr23","22120050","22120357","chrX","28745828","28746133","44","6625778"
"chr23","22227885","22228194","chr6","112953108","112953417","13","90725223"
"chr23","22254531","22254788","chr6","112981428","112981682","5","90726897"
"chr23","22361774","22362067","chr6","113089839","113090136","15","90728065"
"chr23","22407909","22408193","chr6","113136392","113136676","8","90728483"
"chr23","22421101","22421388","chr6","113149639","113149926","8","90728538"
"chr23","22443828","22444133","chrX","28745828","28746133","49","6302000"
"chr23","22469305","22469587","chr5","154319459","154319739","40","131850154"
"chr23","22564409","22564720","chr9","7910222","7910534","30","14654187"
"chr23","22721774","22722061","chr6","113452703","113452989","10","90730929"
"chr23","23286227","23286536","chr6","114055555","114055859","12","90769328"
"chr23","23537771","23538080","chr6","114302375","114302684","8","90764604"
"chr23","23749360","23749660","chr3","87683648","87683945","36","63934288"
"chr23","24403880","24404192","chr6","115175277","115175583","14","90771397"
"chr23","24487206","24487506","chr6","115259327","115259622","35","90772121"
"chr23","24698199","24698361","chr6","115465126","115465287","8","90766927"
"chr23","24839797","24840106","chr6","115610481","115610787","10","90770684"
"chr23","24906250","24906548","chr6","115681373","115681665","15","90775123"
"chr23","25101416","25101648","chr16","54698861","54699081","69","29597445"
"chr23","25119057","25119309","chr13","99815849","99816099","41","74696792"
"chr23","25445688","25445993","chr6","116221953","116222257","8","90776265"
"chr23","25786282","25786584","chr9","57592341","57592639","43","31806059"
"chr23","25851854","25852135","chr6","116630136","116630417","9","90778282"
"chr23","25911381","25911679","chr1","30531218","30531519","41","4619837"
"chr23","25999603","25999897","chr6","116782078","116782372","12","90782475"
"chr23","26181703","26182022","chr6","116964955","116965273","11","90783252"
"chr23","26296413","26296709","chr6","117078765","117079060","5","90782352"
"chr23","26613670","26613815","chr6","117391178","117391317","8","90777508"
"chr23","26667652","26667952","chr6","117444628","117444927","10","90776976"
"chr23","26934715","26935018","chr6","117710849","117711141","19","90776134"
"chr23","27271345","27271514","chr1","213038359","213038524","22","185767014"
"chr23","27392041","27392343","chr6","118165198","118165507","22","90773157"
"chr23","27523437","27523606","chr6","118302652","118302812","11","90779215"
"chr23","27968959","27969253","chr6","118749982","118750276","13","90781023"
"chr23","28171767","28172074","chr6","118953298","118953601","21","90781531"
"chr23","28581823","28582084","chr6","119373607","119373866","20","90791784"
"chr23","28682366","28682664","chr6","119475790","119476088","13","90793424"
"chr23","29470836","29471130","chr1","33389434","33389724","41","3918598"
"chr23","29484071","29484213","chr2","1470791","1470932","14","28013280"
"chr23","29558906","29559127","chr3","174958329","174958558","47","145399423"
"chr23","29589542","29589843","chr6","120398420","120398718","16","90808878"
"chr23","29614960","29615273","chr5","6012005","6012314","42","23602955"
"chr23","29621010","29621305","chr16","41004431","41004726","4","11383421"
"chr23","29645996","29646335","chr6","120446414","120446736","22","90800418"
"chr23","29649795","29649959","chr6","120450314","120450488","18","90800519"
"chr23","29650279","29650331","chr6","120450814","120450865","6","90800535"
"chr23","29710529","29710842","chr6","120501839","120502150","11","90791310"
"chr23","29737454","29737757","chr6","120529771","120530076","13","90792317"
"chr23","29749645","29749909","chr6","120542209","120542469","7","90792564"
"chr23","29814647","29814815","chr6","120611746","120611915","12","90797099"
"chr23","30323973","30324264","chr6","121127806","121128097","8","90803833"
"chr23","30384685","30384984","chr6","121188710","121189003","13","90804025"
"chr23","30399520","30399733","chr6","121203690","121203903","8","90804170"
"chr23","30778398","30778726","chr6","121575604","121575910","31","90797206"
"chr23","30856882","30857173","chr6","121652753","121653053","25","90795871"
"chr23","30860306","30860603","chr6","121656199","121656500","24","90795893"
"chr23","31182469","31182702","chrX","129381253","129381485","44","98198784"
"chr23","31593702","31593801","chr6","122393171","122393270","4","90799469"
"chr23","31729342","31729629","chr1","96104589","96104876","41","64375247"
"chr23","31745430","31745726","chr6","122548829","122549128","15","90803399"
"chr23","31956702","31956975","chr6","122739105","122739375","12","90782403"
"chr23","32301222","32301509","chr6","123088837","123089121","15","90787615"
"chr23","32322243","32322507","chr6","123109654","123109918","6","90787411"
"chr23","32511674","32511988","chr6","123303588","123303876","32","90791914"
"chr23","32587014","32587322","chr6","123380841","123381161","24","90793827"
"chr23","32661156","32661405","chr6","123457078","123457326","7","90795922"
"chr23","32674072","32674358","chr6","123469829","123470114","6","90795757"
"chr23","32763922","32764231","chr4","32480381","32480687","38","283541"
"chr23","33955934","33956228","chr6","124707930","124708224","5","90751996"
"chr23","34039357","34039657","chr6","124790621","124790921","9","90751264"
"chr23","34060963","34061227","chr15","23061594","23061848","64","10999369"
"chr23","34094189","34094473","chr3","12839612","12839895","45","21254577"
"chr23","34094864","34095171","chr14","15341657","15341965","46","18753207"
"chr23","34106787","34107066","chr6","124850711","124851010","36","90743924"
"chr23","34116504","34116797","chr6","124860206","124860498","7","90743702"
"chr23","34183259","34183554","chrX","15966596","15966896","41","18216663"
"chr23","34302483","34302789","chr6","125046218","125046519","18","90743735"
"chr23","34370754","34370889","chr3","43716511","43716650","32","9345757"
"chr23","34371194","34371245","chr1","142279794","142279841","13","107908600"
"chr23","34444377","34444661","chr6","125190059","125190348","21","90745682"
"chr23","34505039","34505338","chr6","125249955","125250254","9","90744916"
"chr23","34561570","34561848","chr6","125303922","125304205","13","90742352"
"chr23","35056469","35056649","chr6","125808305","125808485","7","90751836"
"chr23","35078007","35078308","chr6","125829759","125830061","12","90751752"
"chr23","35240581","35240883","chr6","125997007","125997309","4","90756426"
"chr23","35507507","35507808","chr6","126268009","126268310","8","90760502"
"chr23","35624426","35624728","chr6","126384435","126384737","6","90760009"
"chr23","35660942","35661241","chr19","48174971","48175267","38","12514029"
"chr23","35677071","35677365","chr6","126436557","126436854","6","90759486"
"chr23","35769178","35769321","chr6","132836210","132836351","17","97067032"
"chr23","35769614","35769785","chr14","101499584","101499758","29","65729970"
"chr23","35777353","35777567","chr6","126535658","126535878","17","90758305"
"chr23","35780018","35780273","chr5","35824220","35824476","32","44202"
"chr23","35784958","35785262","chr6","126543017","126543321","6","90758059"
"chr23","35797571","35797861","chr10","82360145","82360441","40","46562574"
"chr23","35821875","35822172","chr6","126581028","126581326","6","90759153"
"chr23","35844424","35844549","chr1","45322777","45322909","23","9478353"
"chr23","35849065","35849370","chr6","126608089","126608395","7","90759024"
"chr23","35851190","35851496","chr1","45929585","45929889","48","10078395"
"chr23","35878358","35878726","chr20","65667844","65668200","92","29789486"
"chr23","35982725","35983028","chr6","126745936","126746226","23","90763211"
"chr23","36376910","36377214","chr7","135880516","135880825","32","99503606"
"chr23","36531208","36531498","chr6","127292102","127292392","8","90760894"
"chr23","36742412","36742695","chr6","127506214","127506496","10","90763802"
"chr23","36753828","36754173","chr7","24537561","24537897","57","12216267"
"chr23","36827163","36827212","chr14","4007549","4007614","22","32819614"
"chr23","36905743","36906011","chr4","41467287","41467553","49","4561544"
"chr23","36958749","36959042","chr6","127728522","127728825","16","90769773"
"chr23","36971262","36971566","chr5","166654308","166654611","31","129683046"
"chr23","37018695","37018878","chr2","98501805","98501976","35","61483110"
"chr23","37036970","37037255","chr6","127810870","127811152","6","90773900"
"chr23","37050337","37050653","chr9","87213846","87214165","48","50163509"
"chr23","37056059","37056368","chr6","127829545","127829851","7","90773486"
"chr23","37062684","37062994","chr9","14337314","14337624","47","22725370"
"chr23","37108197","37108474","chr6","127883015","127883292","5","90774818"
"chr23","37155839","37156146","chr6","127930893","127931198","10","90775054"
"chr23","37172977","37173279","chr6","127958577","127958883","11","90785600"
"chr23","37193421","37193715","chr6","127980124","127980420","8","90786703"
"chr23","37282092","37282402","chr5","51014076","51014378","53","13731984"
"chr23","37309483","37309796","chr6","128101599","128101899","23","90792116"
"chr23","37389346","37389650","chr6","128181563","128181865","9","90792217"
"chr23","37444633","37444800","chr12","59239946","59240109","33","21795313"
"chr23","37445105","37445471","chr5","34249818","34250173","85","3195287"
"chr23","37461702","37462001","chr6","128251113","128251412","6","90789411"
"chr23","37468897","37469091","chr4","49674629","49674833","38","12205732"
"chr23","37473324","37473591","chr6","128264453","128264720","5","90791129"
"chr23","37475772","37476081","chr6","128268912","128269220","5","90793140"
"chr23","37496838","37497135","chr6","128291975","128292265","13","90795137"
"chr23","37509672","37509971","chr6","128313858","128314162","14","90804186"
"chr23","37525247","37525542","chr1","29784506","29784800","33","7740741"
"chr23","37527264","37527569","chr6","128333948","128334250","10","90806684"
"chr23","37529075","37529385","chr6","128335755","128336065","7","90806680"
"chr23","37538564","37538856","chr6","128346116","128346408","11","90807552"
"chr23","37554013","37554178","chr15","56008699","56008862","34","18454686"
"chr23","37560388","37560544","chr6","128371575","128371731","3","90811187"
"chr23","37564560","37564673","chr6","128378989","128379102","2","90814429"
"chr23","37652924","37653229","chr3","109761853","109762160","45","72108929"
"chr23","37739526","37739831","chr6","128564521","128564816","16","90824995"
"chr23","37938028","37938334","chr9","93468594","93468896","50","55530566"
"chr23","37952811","37953104","chr6","128777012","128777317","18","90824201"
"chr23","38009361","38009570","chr4","25733321","25733536","34","12276040"
"chr23","38298126","38298435","chr7","19967207","19967514","42","18330919"
"chr23","38385265","38385576","chr6","129206039","129206350","9","90820774"
"chr23","38646054","38646358","chr6","129493380","129493682","13","90847326"
"chr23","39860092","39860375","chr6","130720934","130721245","37","90860842"
"chr23","39890060","39890364","chr15","14298818","14299123","48","25591242"
"chr23","40201982","40202274","chr6","131062717","131063002","19","90860735"
"chr23","40354910","40355205","chr2","137182056","137182347","49","96827146"
"chr23","40521469","40521776","chr6","131388491","131388783","21","90867022"
"chr23","40711201","40711524","chr6","131579243","131579564","16","90868042"
"chr23","40714366","40714657","chr6","131582564","131582855","5","90868198"
"chr23","40745476","40745775","chr6","131615659","131615955","10","90870183"
"chr23","40774219","40774522","chr4","30348990","30349295","41","10425229"
"chr23","40889221","40889518","chr6","131758874","131759182","31","90869653"
"chr23","40899443","40899753","chr6","131769846","131770146","17","90870403"
"chr23","40956102","40956402","chr6","131826578","131826886","14","90870476"
"chr23","41033116","41033399","chr3","38792623","38792909","53","2240493"
"chr23","41065441","41065738","chr6","131939692","131939987","8","90874251"
"chr23","41080451","41080750","chr6","131955746","131956023","31","90875295"
"chr23","41161647","41161898","chr6","132043003","132043254","3","90881356"
"chr23","41167755","41168052","chr6","132049102","132049392","17","90881347"
"chr23","41191971","41192281","chr6","132073024","132073333","14","90881053"
"chr23","41195776","41195982","chr3","71744862","71745051","47","30549086"
"chr23","41196253","41196354","chr7","40643415","40643516","12","552838"
"chr23","41223318","41223628","chr13","124338981","124339292","40","83115663"
"chr23","41226341","41226645","chr6","132108014","132108316","9","90881673"
"chr23","41232507","41232709","chr6","132115527","132115729","3","90883020"
"chr23","41246861","41247151","chr9","71562572","71562860","39","30315711"
"chr23","41249139","41249393","chr1","158524460","158524725","52","117275321"
"chr23","41297166","41297456","chr9","122574226","122574522","51","81277060"
"chr23","41346352","41346654","chr6","132232063","132232370","12","90885711"
"chr23","41369501","41369802","chr12","96402851","96403153","44","55033350"
"chr23","41426074","41426371","chr6","132313852","132314149","9","90887778"
"chr23","41604486","41604618","chr6","132493163","132493309","18","90888677"
"chr23","41605757","41606067","chr6","132494448","132494758","14","90888691"
"chr23","41731491","41731765","chr10","20577710","20577989","53","21153781"
"chr23","41828592","41828892","chr6","163349643","163349943","29","121521051"
"chr23","41829523","41829817","chr6","132713943","132714242","16","90884420"
"chr23","41867784","41868071","chr6","132753429","132753714","11","90885645"
"chr23","41878657","41878954","chr6","132763613","132763910","17","90884956"
"chr23","41893688","41893868","chr7","15748960","15749141","30","26144728"
"chr23","41950354","41950495","chr6","132836210","132836351","5","90885856"
"chr23","41961857","41962145","chr2","124915010","124915294","40","82953153"
"chr23","41995458","41995579","chr7","67494514","67494644","26","25499056"
"chr23","42009943","42010072","chr12","80262012","80262141","10","38252069"
"chr23","42010381","42010537","chr19","35471280","35471437","24","6539101"
"chr23","42061379","42061680","chr6","132936140","132936440","6","90874761"
"chr23","42130448","42130736","chr6","133000337","133000630","14","90869889"
"chr23","42191179","42191482","chr6","133058255","133058562","13","90867076"
"chr23","42199310","42199588","chr6","133066018","133066317","31","90866708"
"chr23","42239737","42240045","chr1","44080217","44080512","56","1840480"
"chr23","42260097","42260396","chr6","133133948","133134247","3","90873851"
"chr23","42386769","42386918","chr3","44985113","44985255","23","2598344"
"chr23","42436652","42436756","chr2","82653175","82653280","10","40216523"
"chr23","42437313","42437602","chr9","5384836","5385126","38","37052477"
"chr23","42709142","42709342","chr6","133593705","133593906","3","90884563"
"chr23","42727524","42727566","chr20","14853801","14853845","10","27873723"
"chr23","42895833","42896105","chr10","89876785","89877069","40","46980952"
"chr23","42971309","42971608","chr6","133852344","133852648","6","90881035"
"chr23","42979988","42980277","chr6","133861656","133861957","19","90881668"
"chr23","43068688","43068963","chr6","133949171","133949450","10","90880483"
"chr23","43120508","43120807","chr6","134004575","134004876","9","90884067"
"chr23","43120918","43121131","chr6","134004977","134005188","13","90884059"
"chr23","43134169","43134475","chr6","134017411","134017720","12","90883242"
"chr23","43173297","43173609","chrX","28745828","28746133","47","14427469"
"chr23","43252346","43252647","chr6","134133929","134134231","6","90881583"
"chr23","43284536","43284668","chr6","134169707","134169842","6","90885171"
"chr23","43297238","43297537","chr6","134182691","134182987","9","90885453"
"chr23","43312400","43312701","chr6","134197754","134198053","21","90885354"
"chr23","43345768","43346010","chr5","155254872","155255103","54","111909104"
"chr23","43370830","43371115","chr3","85818144","85818424","41","42447314"
"chr23","43686640","43686766","chr20","10710102","10710229","20","32976538"
"chr23","44030704","44031000","chr7","77423406","77423715","41","33392702"
"chr23","44095033","44095312","chr4","30877239","30877517","36","13217794"
"chr23","44123412","44123725","chr2","184554529","184554839","39","140431117"
"chr23","44130626","44130922","chr6","134998898","134999188","10","90868272"
"chr23","44164859","44165119","chr4","104447047","104447304","45","60282188"
"chr23","44166555","44166858","chr6","135033416","135033723","9","90866861"
"chr23","44522144","44522428","chr6","135396999","135397289","14","90874855"
"chr23","44551002","44551308","chr6","135426085","135426380","21","90875083"
"chr23","44567731","44568040","chr6","135442399","135442707","11","90874668"
"chr23","44624190","44624486","chr6","135496811","135497113","12","90872621"
"chr23","44660023","44660312","chr6","135532595","135532881","6","90872572"
"chr23","44702784","44703090","chr6","135577831","135578139","9","90875047"
"chr23","44741079","44741228","chr16","43210636","43210789","30","1530443"
"chr23","44820207","44820513","chr6","135709456","135709767","14","90889249"
"chr23","44884770","44885057","chr20","22952628","22952920","38","21932142"
"chr23","44961895","44962186","chr6","135850055","135850349","14","90888160"
"chr23","45044497","45044785","chr6","135934118","135934406","7","90889621"
"chr23","45070849","45071104","chr6","135961426","135961681","9","90890577"
"chr23","45231151","45231470","chr16","30712954","30713265","40","14518197"
"chr23","45257055","45257356","chr6","136151439","136151735","18","90894384"
"chr23","45352401","45352701","chr6","136249164","136249464","15","90896763"
"chr23","45497882","45498150","chr6","3539253","3539527","47","41958629"
"chr23","45521931","45522222","chr3","38837512","38837806","35","6684419"
"chr23","45632506","45632797","chr6","136533932","136534223","10","90901426"
"chr23","45915056","45915337","chr6","136818052","136818333","9","90902996"
"chr23","46085855","46086143","chr6","136988353","136988626","39","90902498"
"chr23","46183206","46183504","chr6","137083648","137083943","15","90900442"
"chr23","46205340","46205576","chr6","137105468","137105692","26","90900128"
"chr23","46230679","46230987","chr6","137130737","137131047","27","90900058"
"chr23","46307068","46307091","chr7","145790583","145790608","15","99483515"
"chr23","46307117","46307388","chr6","137207133","137207439","37","90900016"
"chr23","46402505","46402804","chr14","110412611","110412903","43","64010106"
"chr23","46429924","46430212","chr6","137328007","137328295","7","90898083"
"chr23","46461747","46462039","chr6","137359785","137360080","9","90898038"
"chr23","46528602","46528891","chr6","137426576","137426863","12","90897974"
"chr23","46534364","46534655","chr6","137432311","137432590","18","90897947"
"chr23","46547921","46548204","chr6","137446118","137446419","27","90898197"
"chr23","46578332","46578616","chr6","137476316","137476598","7","90897984"
"chr23","47155304","47155599","chr6","138058170","138058470","13","90902866"
"chr23","47295391","47295698","chr6","138205219","138205525","15","90909828"
"chr23","47396603","47396913","chr6","138315038","138315326","29","90918435"
"chr23","47411771","47412054","chr6","138329209","138329492","6","90917438"
"chr23","47423141","47423443","chr6","138340441","138340749","23","90917300"
"chr23","47526604","47526894","chr6","138444935","138445228","13","90918331"
"chr23","47626298","47626528","chr6","138553033","138553259","18","90926735"
"chr23","47913493","47913662","chr3","2364021","2364178","35","45549472"
"chr23","48063786","48064092","chr6","138995985","138996295","18","90932199"
"chr23","48259192","48259494","chr6","139204162","139204438","35","90944970"
"chr23","48292175","48292479","chr3","145781158","145781457","46","97488983"
"chr23","48328087","48328387","chr6","139270524","139270824","14","90942437"
"chr23","48342336","48342628","chr6","139293749","139294051","15","90951413"
"chr23","48710686","48710996","chr6","139667678","139667985","10","90956992"
"chr23","48733212","48733510","chr6","139689638","139689936","7","90956426"
"chr23","48777601","48777868","chr15","41422009","41422271","51","7355592"
"chr23","48780955","48781235","chr6","139737940","139738221","3","90956985"
"chr23","48783248","48783548","chr6","139740529","139740832","4","90957281"
"chr23","48959726","48960036","chr6","139917325","139917634","7","90957599"
"chr23","49475627","49475939","chr6","140437028","140437341","14","90961401"
"chr23","49501752","49501999","chr6","140463007","140463252","15","90961255"
"chr23","49557722","49558004","chr15","97061406","97061689","45","47503684"
"chr23","49734515","49734637","chr3","66348111","66348234","19","16613596"
"chr23","50442961","50443257","chr6","141386768","141387061","12","90943807"
"chr23","50450464","50450770","chr1","27006519","27006818","49","23443945"
"chr23","50633221","50633522","chr6","141581481","141581779","11","90948260"
"chr23","50879353","50879563","chr6","141828605","141828814","7","90949252"
"chr23","51134585","51134875","chr6","142085056","142085346","5","90950471"
"chr23","51335716","51336012","chr6","142285339","142285632","10","90949623"
"chr23","51472212","51472516","chr1","94028389","94028702","50","42556177"
"chr23","51579164","51579362","chr15","36547849","36548047","24","15031315"
"chr23","51579837","51580183","chr5","18474911","18475244","65","33104926"
"chr23","51957995","51958315","chr6","142906072","142906386","34","90948077"
"chr23","52108070","52108368","chr6","143060522","143060825","12","90952452"
"chr23","52158053","52158317","chr6","143110221","143110502","44","90952168"
"chr23","52178416","52178712","chrX","25734220","25734518","30","26444196"
"chr23","52199909","52200189","chr6","143150000","143150311","33","90950091"
"chr23","52204964","52205267","chr6","143155072","143155376","18","90950108"
"chr23","52237192","52237502","chr2","21411627","21411930","35","30825565"
"chr23","52656926","52657217","chr6","143610731","143611042","28","90953805"
"chr23","52877300","52877552","chr6","143830621","143830865","20","90953321"
"chr23","52988329","52988458","chr6","47849580","47849709","14","5138749"
"chr23","53025439","53025665","chr6","143982718","143982946","4","90957279"
"chr23","53025666","53025926","chr6","143982947","143983202","9","90957281"
"chr23","53174031","53174324","chr6","144131374","144131669","17","90957343"
"chr23","53275908","53276066","chr19","35471280","35471437","31","17804628"
"chr23","53276386","53276520","chr7","67494514","67494644","15","14218128"
"chr23","53327147","53327434","chr6","144278341","144278628","15","90951194"
"chr23","53450162","53450452","chr10","35757988","35758280","39","17692174"
"chr23","53570700","53570991","chr6","144523953","144524249","9","90953253"
"chr23","53734442","53734739","chr6","144689469","144689740","37","90955027"
"chr23","53753446","53753733","chr9","118511614","118511893","46","64758168"
"chr23","53861881","53862054","chr9","60813132","60813300","35","6951251"
"chr23","54021836","54022143","chr6","144984804","144985102","19","90962968"
"chr23","54154869","54155163","chr6","145117584","145117864","26","90962715"
"chr23","54165117","54165425","chr6","145127834","145128141","7","90962717"
"chr23","54235789","54236097","chr6","145198919","145199226","6","90963130"
"chr23","54256153","54256448","chr6","145219249","145219549","11","90963096"
"chr23","54263947","54264069","chr12","95132654","95132778","15","40868707"
"chr23","54347404","54347701","chr6","145312160","145312449","19","90964756"
"chr23","54781303","54781596","chr6","145759657","145759964","25","90978354"
"chr23","54989613","54989886","chr6","145965270","145965543","4","90975657"
"chr23","55373844","55374171","chr6","146348316","146348643","8","90974472"
"chr23","55642867","55643160","chr6","146618237","146618526","5","90975370"
"chr23","55723090","55723356","chr6","146696119","146696422","46","90973029"
"chr23","56031948","56032239","chr6","147020938","147021231","9","90988990"
"chr23","56046984","56047267","chr6","147035997","147036282","9","90989013"
"chr23","56135816","56136146","chr1","114033359","114033686","64","57897543"
"chr23","56527561","56527845","chr6","147532364","147532647","2","91004803"
"chr23","56595200","56595504","chr6","147599470","147599779","20","91004270"
"chr23","57018058","57018349","chr6","148026525","148026825","18","91008467"
"chr23","57053063","57053362","chr6","148061924","148062218","17","91008861"
"chr23","57070121","57070406","chr6","148080104","148080391","15","91009983"
"chr23","57086355","57086659","chr19","48174971","48175267","45","8911384"
"chr23","57146916","57147215","chr3","18585900","18586198","30","38561016"
"chr23","57153542","57153843","chr6","148167255","148167557","10","91013713"
"chr23","57156199","57156500","chr6","148169915","148170217","12","91013716"
"chr23","57165971","57166275","chr3","127216186","127216489","28","70050215"
"chr23","57178274","57178565","chr6","148193782","148194077","16","91015508"
"chr23","57210688","57210977","chr6","148226747","148227031","19","91016059"
"chr23","57281016","57281321","chr6","148297187","148297491","11","91016171"
"chr23","57340664","57340976","chr6","148356345","148356657","12","91015681"
"chr23","57356473","57356756","chr6","148372133","148372423","15","91015660"
"chr23","57384182","57384509","chr6","148399290","148399616","12","91015108"
"chr23","57561297","57561591","chr13","41183605","41183901","43","16377692"
"chr23","58194955","58195251","chr6","149222610","149222906","6","91027655"
"chr23","58196258","58196447","chr12","36075702","36075883","35","22120556"
"chr23","58253943","58254259","chr6","149281532","149281889","51","91027589"
"chr23","58380066","58380408","chr20","65667844","65668200","87","7287778"
"chr23","58387413","58387693","chr6","149411753","149412033","7","91024340"
"chr23","58418512","58418820","chr10","71273475","71273784","40","12854963"
"chr23","58470318","58470626","chr1","217432797","217433108","43","158962479"
"chr23","58520006","58520222","chr6","149556775","149556994","23","91036769"
"chr23","58741283","58741574","chr6","149783589","149783880","8","91042306"
"chr23","58896969","58897268","chr6","149940829","149941139","24","91043860"
"chr23","58921968","58922243","chr7","358708","358979","45","58563260"
"chr23","59343817","59344135","chr6","150403271","150403587","16","91059454"
"chr23","59479197","59479497","chr6","150540843","150541144","8","91061646"
"chr23","59480453","59480754","chr6","150542101","150542400","5","91061648"
"chr23","59603541","59603818","chr6","150664719","150665011","31","91061178"
"chr23","59639957","59640252","chr7","63558520","63558814","33","3918563"
"chr23","59645519","59645792","chr6","150705099","150705372","11","91059580"
"chr23","59730888","59731158","chr12","80736510","80736777","42","21005622"
"chr23","59837444","59837745","chr6","150922108","150922410","14","91084664"
"chr23","59845216","59845515","chr6","150929889","150930188","14","91084673"
"chr23","59977104","59977353","chr6","151061216","151061465","11","91084112"
"chr23","60033015","60033300","chr6","151118538","151118820","12","91085523"
"chr23","60111804","60112085","chr6","151194125","151194406","11","91082321"
"chr23","60159752","60160022","chr6","87969452","87969713","39","27809700"
"chr23","60172638","60172944","chr19","44171189","44171493","51","16001449"
"chr23","60191629","60191770","chr10","69229054","69229187","24","9037425"
"chr23","60192084","60192287","chr1","204156754","204156958","38","143964670"
"chr23","60294164","60294332","chr6","151339018","151339189","6","91044854"
"chr23","60331161","60331440","chr2","152224666","152224949","35","91893505"
"chr23","60339276","60339569","chr6","151385323","151385633","21","91046047"
"chr23","60348878","60349164","chr4","14605184","14605475","45","45743694"
"chr23","60526909","60527201","chr6","151576167","151576454","20","91049258"
"chr23","60572992","60573291","chr6","151622437","151622731","18","91049445"
"chr23","61015475","61015741","chr1","181306364","181306632","45","120290889"
"chr23","61242886","61243170","chr16","4446396","4446691","60","56796490"
"chr23","61586272","61586424","chr1","14966972","14967120","23","46619300"
"chr23","61590333","61590567","chr6","152649773","152650007","7","91059440"
"chr23","61652488","61652772","chr6","152711484","152711767","15","91058996"
"chr23","62130586","62130882","chr10","81667311","81667605","35","19536725"
"chr23","62302948","62303254","chr6","153363025","153363338","21","91060077"
"chr23","62454559","62454646","chr13","60830450","60830539","34","1624109"
"chr23","62486302","62486604","chr6","153551136","153551438","9","91064834"
"chr23","62509364","62509659","chr6","153574354","153574650","15","91064990"
"chr23","62517006","62517252","chr1","83898695","83898947","42","21381689"
"chr23","62525694","62525993","chr15","5217278","5217577","34","57308416"
"chr23","62528892","62529194","chr6","153594074","153594375","24","91065182"
"chr23","62543975","62544106","chr7","67494514","67494644","20","4950539"
"chr23","62544417","62544596","chr4","36117524","36117702","22","26426893"
"chr23","62567615","62567925","chr6","153633188","153633495","12","91065573"
"chr23","62570513","62570787","chr6","153636012","153636316","34","91065499"
"chr23","62586021","62586303","chr6","153654364","153654646","18","91068343"
"chr23","62590188","62590498","chr6","153658703","153659012","16","91068515"
"chr23","62617027","62617315","chr6","153685592","153685877","15","91068565"
"chr23","62662021","62662309","chr6","153732345","153732634","6","91070324"
"chr23","62682322","62682466","chr1","12474894","12475046","28","50207428"
"chr23","62721589","62721894","chr6","153791316","153791620","12","91069727"
"chr23","62756284","62756542","chr6","153827643","153827883","25","91071359"
"chr23","63008719","63009019","chr6","154080248","154080548","7","91071529"
"chr23","63027264","63027544","chr8","20380804","20381083","35","42646460"
"chr23","63412727","63412963","chr1","25575331","25575572","37","37837396"
"chr23","63523700","63523720","chr13","77378324","77378343","12","13854624"
"chr23","63523782","63524069","chr6","154610892","154611184","12","91087110"
"chr23","63525233","63525550","chr6","154612356","154612657","30","91087123"
"chr23","63781034","63781342","chr6","154870848","154871146","17","91089814"
"chr23","64035781","64036070","chr6","155122276","155122564","8","91086495"
"chr23","64503997","64504252","chr6","155598181","155598436","11","91094184"
"chr23","64874036","64874342","chr6","155966147","155966450","12","91092111"
"chr23","64904093","64904388","chr5","90407930","90408224","35","25503837"
"chr23","64907394","64907716","chr5","33425370","33425686","57","31482024"
"chr23","65091480","65091788","chr6","156191079","156191384","14","91099599"
"chr23","65139434","65139735","chr6","156237580","156237888","16","91098146"
"chr23","65362040","65362220","chr6","156469331","156469511","4","91107291"
"chr23","65487633","65487782","chr6","156597512","156597661","2","91109879"
"chr23","65617757","65617915","chr2","33656565","33656717","29","31961192"
"chr23","65621155","65621457","chr1","27513704","27514001","41","38107451"
"chr23","65729907","65730193","chr9","55799302","55799592","36","9930605"
"chr23","65750182","65750484","chr6","156875206","156875502","14","91125024"
"chr23","65915884","65916197","chr6","157048266","157048562","29","91132382"
"chr23","66141467","66141657","chr6","157275478","157275664","7","91134011"
"chr23","66697393","66697603","chr6","157843217","157843421","13","91145824"
"chr23","66912353","66912644","chr6","158066224","158066513","9","91153871"
"chr23","67109948","67110255","chr6","158264239","158264547","22","91154291"
"chr23","67143353","67143658","chr6","158297101","158297400","18","91153748"
"chr23","67250936","67251299","chr3","46281754","46282091","88","20969182"
"chr23","67315449","67315739","chr6","158474198","158474498","27","91158749"
"chr23","67651289","67651491","chr6","158806776","158806977","6","91155487"
"chr23","67730086","67730302","chr6","158885745","158885961","5","91155659"
"chr23","67765893","67766207","chr6","158922107","158922410","20","91156214"
"chr23","67838876","67839185","chr6","158993165","158993475","10","91154289"
"chr23","67851833","67852130","chr6","159006384","159006683","9","91154551"
"chr23","68166637","68166947","chr6","159329964","159330273","11","91163327"
"chr23","68236826","68237130","chr6","159400712","159401029","31","91163886"
"chr23","68702379","68702669","chr4","14605184","14605475","36","54097195"
"chr23","68885455","68885754","chr6","160053497","160053796","16","91168042"
"chr23","69041494","69041802","chrX","28745828","28746133","39","40295666"
"chr23","69051343","69051641","chr6","160220855","160221152","7","91169512"
"chr23","69120810","69121107","chr15","78724819","78725114","40","9604009"
"chr23","69151732","69151876","chr2","29245743","29245886","25","39905989"
"chr23","69152310","69152615","chr6","160319256","160319560","11","91166946"
"chr23","69179233","69179543","chr6","160346591","160346884","23","91167358"
"chr23","69645656","69645715","chr3","150333047","150333098","20","80687391"
"chr23","69653441","69653742","chr6","160821501","160821795","19","91168060"
"chr23","70265454","70265734","chr6","161436605","161436913","39","91171151"
"chr23","70518144","70518453","chr1","115267243","115267542","40","44749099"
"chr23","70660873","70661009","chr9","61526184","61526314","20","9134689"
"chr23","70734319","70734613","chr7","158284920","158285210","36","87550601"
"chr23","70748028","70748341","chr6","161916509","161916821","20","91168481"
"chr23","70764580","70764878","chr7","89242284","89242582","40","18477704"
"chr23","71078787","71079057","chr6","162260434","162260703","8","91181647"
"chr23","71091451","71091755","chr6","162273068","162273374","10","91181617"
"chr23","71146580","71146874","chr6","162328149","162328447","8","91181569"
"chr23","71469373","71469667","chr6","162649548","162649845","7","91180175"
"chr23","71732092","71732221","chr6","162918242","162918377","8","91186150"
"chr23","71745026","71745338","chr6","162931220","162931524","18","91186194"
"chr23","72169722","72170021","chr6","163349643","163349943","10","91179921"
"chr23","72209873","72209995","chr15","2185236","2185358","12","70024637"
"chr23","72439230","72439522","chr6","163619345","163619645","20","91180115"
"chr23","72503782","72503810","chr7","145790583","145790608","16","73286801"
"chr23","72503861","72504143","chr3","90725905","90726186","46","18222044"
"chr23","72528615","72528832","chr6","163710073","163710290","5","91181458"
"chr23","72877064","72877359","chr6","164063675","164063971","15","91186611"
"chr23","72997451","72997769","chr2","176864663","176864968","56","103867212"
"chr23","73046026","73046319","chrX","41614249","41614541","40","31431777"
"chr23","73497439","73497718","chr6","164698606","164698885","10","91201167"
"chr23","73530763","73531087","chr12","14273839","14274149","61","59256924"
"chr23","73543839","73544064","chr20","30920572","30920782","53","42623267"
"chr23","73551441","73551743","chr6","164754674","164754977","8","91203233"
"chr23","74086752","74087054","chr6","165294550","165294852","11","91207798"
"chr23","74094803","74095105","chr6","165302895","165303199","5","91208092"
"chr23","74117197","74117497","chr6","165325033","165325333","5","91207836"
"chr23","74159343","74159641","chr6","165366101","165366377","30","91206758"
"chr23","74204228","74204344","chr6","165413239","165413355","4","91209011"
"chr23","74242915","74243088","chr15","96440767","96440936","32","22197852"
"chr23","74243366","74243513","chr1","12474894","12475046","21","61768472"
"chr23","74290751","74291054","chr6","165498261","165498563","13","91207510"
"chr23","74300213","74300506","chr6","165507825","165508119","13","91207612"
"chr23","74332874","74333171","chr6","165542029","165542317","18","91209155"
"chr23","74341667","74341972","chr1","188206304","188206611","57","113864637"
"chr23","74348288","74348591","chr6","165557382","165557693","18","91209094"
"chr23","74423016","74423210","chr10","30496245","30496425","41","43926771"
"chr23","74433728","74434025","chr6","165644377","165644671","8","91210649"
"chr23","74441689","74441966","chr6","165652249","165652496","33","91210560"
"chr23","74452355","74452500","chr4","41177678","41177819","27","33274677"
"chr23","74622036","74622174","chr1","109093491","109093637","25","34471455"
"chr23","74856074","74856327","chr6","166069169","166069423","15","91213095"
"chr23","74948040","74948342","chr6","166163576","166163856","36","91215536"
"chr23","75079416","75079724","chr6","166303284","166303589","11","91223868"
"chr23","75106387","75106693","chr6","166330351","166330658","6","91223964"
"chr23","75166071","75166365","chr6","166386007","166386300","30","91219936"
"chr23","75210734","75211036","chr3","106437635","106437933","38","31226901"
"chr23","75214687","75214981","chr7","19100666","19100960","42","56114021"
"chr23","75378310","75378598","chr6","166602742","166603028","12","91224432"
"chr23","75728119","75728429","chr6","166951326","166951634","19","91223207"
"chr23","75953730","75954019","chr10","81667311","81667605","42","5713581"
"chr23","76563413","76563710","chr6","167769759","167770062","22","91206346"
"chr23","76610897","76611178","chr9","90557855","90558137","40","13946958"
"chr23","76711756","76712049","chr6","167922704","167923011","27","91210948"
"chr23","76736793","76737123","chr6","167947848","167948153","32","91211055"
"chr23","76828589","76828877","chr6","168042706","168042979","23","91214117"
"chr23","76845161","76845290","chr12","80262012","80262141","15","3416851"
"chr23","76888300","76888607","chr6","168101887","168102185","15","91213587"
"chr23","76889743","76890045","chr10","73628187","73628486","40","3261556"
"chr23","76917368","76917708","chr6","168130874","168131213","10","91213506"
"chr23","76931265","76931574","chr6","168144381","168144684","7","91213116"
"chr23","76937585","76937883","chr6","168150317","168150626","27","91212732"
"chr23","77038563","77038863","chr14","107652418","107652711","45","30613855"
"chr23","77039512","77039771","chr6","168257764","168258023","9","91218252"
"chr23","77094564","77094715","chr6","168318762","168318901","19","91224198"
"chr23","77122522","77122801","chr6","168343820","168344130","39","91221298"
"chr23","77124647","77124952","chr1","42353131","42353436","37","34771516"
"chr23","77207818","77208116","chr10","16408690","16408989","41","60799128"
"chr23","77232251","77232544","chr5","33708345","33708639","35","43523906"
"chr23","77300303","77300580","chr16","21781850","21782128","42","55518453"
"chr23","77408518","77408730","chr6","168590076","168590287","11","91181558"
"chr23","77694259","77694547","chr6","168894715","168895004","14","91200456"
"chr23","77702002","77702310","chr6","168902118","168902425","6","91200116"
"chr23","77811897","77812226","chr6","169011197","169011503","33","91199300"
"chr23","77850525","77850824","chr6","169050288","169050595","19","91199763"
"chr23","78049711","78049842","chr1","125213986","125214113","18","47164275"
"chr23","78092880","78093016","chr1","45322777","45322909","19","32770103"
"chr23","78187372","78187546","chr1","56150277","56150446","33","22037095"
"chr23","78194180","78194508","chr6","169385088","169385420","15","91190908"
"chr23","78197043","78197147","chr6","169387752","169387856","2","91190709"
"chr23","78338612","78338913","chr6","169677316","169677616","8","91338704"
"chr23","78474246","78474415","chr1","14814048","14814219","33","63660198"
"chr23","78488571","78488889","chr15","8139410","8139720","51","70349161"
"chr23","78509927","78510223","chr6","169861072","169861379","17","91351145"
"chr23","78518657","78518955","chr8","52443386","52443692","54","26075271"
"chr23","78550394","78550701","chr6","169903480","169903782","14","91353086"
"chr23","78776843","78777129","chr6","170126756","170127066","28","91349913"
"chr23","78922466","78922751","chr9","55799302","55799592","34","23123164"
"chr23","78936919","78937207","chr6","170290912","170291200","10","91353993"
"chr23","79018209","79018503","chr6","170362721","170363018","8","91344512"
"chr23","79043881","79044190","chr6","170388730","170389029","16","91344849"
"chr23","79135374","79135674","chr6","170486904","170487208","13","91351530"
"chr23","79227631","79227891","chr3","45920764","45921022","49","33306867"
"chr23","79237636","79237933","chr6","170593713","170594010","6","91356077"
"chr23","79241560","79241779","chr6","170597937","170598157","5","91356377"
"chr23","79329694","79329872","chr14","31856154","31856328","29","47473540"
"chr23","79331666","79331968","chr6","170687320","170687621","16","91355654"
"chr23","79365333","79365636","chr6","170720411","170720725","21","91355078"
"chr23","79388156","79388448","chr6","170744994","170745327","51","91356838"
"chr23","79413437","79413650","chr6","170771074","170771287","5","91357637"
"chr23","79457364","79457399","chr2","43814662","43814706","15","35642702"
"chr23","79457426","79457558","chr14","99993133","99993240","51","20535707"
"chr23","79545523","79545840","chr6","170903491","170903796","26","91357968"
"chr23","79582249","79582551","chr9","80108387","80108687","35","526138"
"chr23","79583571","79583857","chr11","108027697","108027986","44","28444126"
"chr23","79733825","79734002","chr6","171104438","171104615","3","91370613"
"chr23","79752312","79752614","chr6","171242823","171243124","10","91490511"
"chr23","79821304","79821435","chr7","67494514","67494644","16","12326790"
"chr23","79821436","79821449","chr9","32916732","32916748","4","46904704"
"chr23","79821815","79821983","chr8","6116673","6116831","31","73705142"
"chr23","79851816","79852117","chr6","171348644","171348945","14","91496828"
"chr23","79860220","79860513","chr5","8335461","8335750","40","71524759"
"chr23","79894616","79894907","chr1","161732058","161732354","48","81837442"
"chr23","79919122","79919403","chr11","47605843","47606132","43","32313279"
"chr23","79954357","79954667","chr8","23726355","23726661","45","56228002"
"chr23","80006149","80006449","chr6","171501793","171502092","27","91495644"
"chr23","80247057","80247366","chr6","171755085","171755387","24","91508028"
"chr23","80297708","80297947","chr6","171805601","171805840","7","91507893"
"chr23","80328602","80328881","chr14","55378826","55379102","46","24949776"
"chr23","80369252","80369553","chr6","171875082","171875378","13","91505830"
"chr23","80375584","80375863","chr6","171887944","171888231","15","91512360"
"chr23","80402400","80402707","chr6","171914801","171915105","27","91512401"
"chr23","80531133","80531415","chr5","11833334","11833618","63","68697799"
"chr23","80540076","80540399","chr15","99400201","99400514","54","18860125"
"chr23","80541691","80541987","chr10","25995095","25995391","60","54546596"
"chr23","80600541","80600763","chr6","172050037","172050259","8","91449496"
"chr23","80602999","80603233","chr6","172053121","172053353","14","91450122"
"chr23","80658582","80658866","chr16","29781633","29781918","37","50876949"
"chr23","80669427","80669687","chr6","172125558","172125820","16","91456131"
"chr23","80713660","80713956","chr6","172171323","172171625","19","91457663"
"chr23","80719547","80719838","chr6","172177218","172177517","27","91457671"
"chr23","80776184","80776357","chrX","61687446","61687620","30","19088738"
"chr23","80777167","80777462","chr18","37189859","37190155","33","43587308"
"chr23","81031914","81032241","chr6","172493159","172493477","31","91461245"
"chr23","81252279","81252490","chr6","172715449","172715660","7","91463170"
"chr23","81266203","81266533","chrX","28745828","28746133","56","52520375"
"chr23","81282166","81282474","chr6","172778176","172778482","16","91496010"
"chr23","81301019","81301324","chr6","172797908","172798214","9","91496889"
"chr23","81302299","81302466","chr9","40214036","40214205","24","41088263"
"chr23","81302779","81302912","chr14","7538013","7538142","22","73764766"
"chr23","81314228","81314524","chr6","172810833","172811129","13","91496605"
"chr23","81394664","81394961","chr6","172887265","172887556","13","91492601"
"chr23","81427222","81427519","chr6","172924780","172925074","11","91497558"
"chr23","81439450","81439746","chr1","146706661","146706948","54","65267211"
"chr23","81487245","81487553","chr6","172986176","172986480","12","91498931"
"chr23","81553272","81553560","chr6","173057789","173058077","12","91504517"
"chr23","81580535","81580844","chr6","173088555","173088835","35","91508020"
"chr23","81588324","81588607","chr8","25409576","25409869","46","56178748"
"chr23","81831294","81831598","chr3","42163149","42163454","35","39668145"
"chr23","81896936","81897223","chr6","173411078","173411365","10","91514142"
"chr23","81953845","81954153","chr6","173467037","173467345","8","91513192"
"chr23","82098109","82098402","chr6","173613587","173613880","5","91515478"
"chr23","82102786","82103075","chr6","173618976","173619257","22","91516190"
"chr23","82200091","82200391","chr6","173724875","173725175","9","91524784"
"chr23","82203153","82203461","chr6","51250604","51250912","41","30952549"
"chr23","82263256","82263548","chr10","31338354","31338647","39","50924902"
"chr23","82380557","82380896","chr16","22190305","22190614","72","60190252"
"chr23","82386960","82387254","chr6","173906680","173906992","26","91519720"
"chr23","82612038","82612332","chr11","116983856","116984146","41","34371818"
"chr23","82631123","82631420","chr1","102106956","102107256","50","19475833"
"chr23","82777363","82777665","chr5","94774406","94774706","43","11997043"
"chr24","22151096","22151393","chr7","101655839","101656132","15","79504743"
"chr24","36306880","36307068","chr17","19521802","19521991","42","16785078"
"chr24","51773290","51773578","chr6","138444935","138445228","48","86671645"
"chr24","55312215","55312514","chr7","134126718","134127014","12","78814503"
"chr24","73924489","73924683","chr7","39369777","39369979","38","34554712"
"chr24","1029036","1029322","chr7","80763909","80764205","21","79734873"
"chr24","1076543","1076820","chr7","80812722","80812989","13","79736179"
"chr24","1114772","1115069","chr7","80851935","80852235","13","79737163"
"chr24","1159467","1159779","chr10","71880315","71880618","49","70720848"
"chr24","1205903","1206197","chr8","124953535","124953832","34","123747632"
"chr24","1229757","1229905","chr9","84908163","84908318","22","83678406"
"chr24","1329624","1329927","chr7","81071839","81072158","36","79742215"
"chr24","1344783","1345068","chr7","81087199","81087483","7","79742416"
"chr24","1369337","1369543","chr3","43924148","43924347","30","42554811"
"chr24","1590395","1590439","chrX","46380611","46380655","11","44790216"
"chr24","1590469","1590625","chrX","62196973","62197131","26","60606504"
"chr24","3063799","3064091","chr7","82841298","82841588","7","79777499"
"chr24","3075686","3075903","chr7","82853016","82853234","9","79777330"
"chr24","3673994","3674288","chr7","83452319","83452616","15","79778325"
"chr24","3694300","3694586","chr7","83472615","83472900","14","79778315"
"chr24","3785759","3786055","chr7","83565523","83565819","22","79779764"
"chr24","3997344","3997695","chr19","40323695","40324026","67","36326351"
"chr24","4036869","4037135","chr7","83828398","83828661","16","79791529"
"chr24","4504362","4504512","chr7","84284997","84285147","1","79780635"
"chr24","5591516","5591836","chr7","85405609","85405931","14","79814093"
"chr24","5616356","5616650","chrX","82857879","82858167","51","77241523"
"chr24","5622360","5622409","chr3","44253619","44253673","14","38631259"
"chr24","5623545","5623869","chr9","87213846","87214165","56","81590301"
"chr24","5755076","5755373","chr7","85572390","85572679","19","79817314"
"chr24","5857544","5857839","chr12","14816176","14816470","41","8958632"
"chr24","6280198","6280508","chr7","86102204","86102512","9","79822006"
"chr24","6389993","6390289","chr7","86212208","86212504","9","79822215"
"chr24","6414867","6415094","chr6","51971244","51971469","46","45556377"
"chr24","6627767","6628071","chr7","86432171","86432460","22","79804404"
"chr24","6728996","6729343","chr7","86531217","86531552","29","79802221"
"chr24","6768847","6769148","chr4","124559977","124560276","38","117791130"
"chr24","6781836","6782134","chr7","86584985","86585284","12","79803149"
"chr24","6804280","6804597","chr7","86607525","86607838","13","79803245"
"chr24","7006699","7006961","chr7","86802407","86802668","15","79795708"
"chr24","7075751","7076030","chr1","185490436","185490721","42","178414685"
"chr24","7465333","7465615","chr7","87258506","87258787","10","79793173"
"chr24","7486112","7486402","chr7","87279141","87279432","11","79793029"
"chr24","7667508","7667811","chr7","87461614","87461911","24","79794106"
"chr24","7711664","7711952","chr12","32958469","32958764","41","25246805"
"chr24","7879309","7879613","chr7","87671722","87672021","11","79792413"
"chr24","7880490","7880772","chr18","38000001","38000287","43","30119511"
"chr24","7914665","7914845","chr14","114579193","114579368","52","106664528"
"chr24","7985033","7985333","chr7","87790856","87791154","6","79805823"
"chr24","7990268","7990562","chr16","18181019","18181316","54","10190751"
"chr24","7992256","7992546","chr10","27594987","27595275","31","19602731"
"chr24","8027755","8028025","chr7","87833504","87833774","5","79805749"
"chr24","8041347","8041646","chr7","87847321","87847621","5","79805974"
"chr24","8041927","8042224","chr7","87847901","87848193","15","79805974"
"chr24","8053663","8053728","chr19","5257558","5257612","23","2796105"
"chr24","8090969","8091180","chr4","112150195","112150407","36","104059226"
"chr24","8096198","8096493","chr6","163349643","163349943","36","155253445"
"chr24","8098114","8098403","chr7","87907647","87907935","16","79809533"
"chr24","8120769","8121055","chr11","47605843","47606132","41","39485074"
"chr24","8136986","8137286","chr7","87935722","87936038","25","79798736"
"chr24","8150372","8150664","chr7","87956176","87956469","8","79805804"
"chr24","8155523","8155829","chr3","56677321","56677621","38","48521798"
"chr24","8166163","8166457","chr7","87972819","87973118","10","79806656"
"chr24","8184579","8184886","chr7","161195069","161195366","56","153010490"
"chr24","8200431","8200724","chr7","88007695","88007995","14","79807264"
"chr24","8265713","8265882","chr7","88073564","88073745","20","79807851"
"chr24","8621963","8622254","chr7","88418912","88419204","12","79796949"
"chr24","8864750","8865047","chr7","88671762","88672057","16","79807012"
"chr24","8996432","8996735","chr7","88803543","88803843","13","79807111"
"chr24","9059020","9059322","chr1","204246905","204247206","38","195187885"
"chr24","9060482","9060777","chr19","10298463","10298759","32","1237981"
"chr24","9248959","9249219","chr7","89058643","89058903","3","79809684"
"chr24","9430516","9430815","chr7","89242284","89242582","7","79811768"
"chr24","9629578","9629731","chr7","89450691","89450844","4","79821113"
"chr24","9688289","9688595","chr7","89505079","89505383","6","79816790"
"chr24","9902258","9902553","chr7","89716504","89716798","13","79814246"
"chr24","9906650","9906954","chr7","89720898","89721198","9","79814248"
"chr24","10110239","10110534","chr7","89927307","89927602","3","79817068"
"chr24","10159276","10159570","chr7","89975054","89975358","23","79815778"
"chr24","10704185","10704480","chr7","90517845","90518151","26","79813660"
"chr24","11265322","11265614","chr10","76326565","76326856","32","65061243"
"chr24","11294962","11295176","chr12","63803462","63803675","29","52508500"
"chr24","11327962","11328285","chr7","77423406","77423715","44","66095444"
"chr24","11338060","11338356","chr9","39508376","39508657","62","28170316"
"chr24","11366557","11366783","JH680075","11499","11718","11","11355058"
"chr24","11402025","11402317","chr1","218083470","218083765","40","206681445"
"chr24","11421091","11421390","chr7","91035700","91035998","10","79614609"
"chr24","11442396","11442697","chr7","91058112","91058412","11","79615716"
"chr24","11450760","11451044","chr18","2904261","2904551","47","8546499"
"chr24","11468074","11468376","chr9","63535227","63535536","56","52067153"
"chr24","11520905","11521200","chr19","50767505","50767799","38","39246600"
"chr24","11532969","11533245","chr7","91149593","91149872","6","79616624"
"chr24","11569076","11569366","chr7","91184280","91184585","23","79615204"
"chr24","11662240","11662437","chr7","91275421","91275614","9","79613181"
"chr24","11673123","11673402","chr7","91286018","91286303","14","79612895"
"chr24","11693503","11693645","chr8","20308506","20308647","28","8615003"
"chr24","11693949","11694090","chrX","65491826","65491967","25","53797877"
"chr24","11703243","11703536","chr7","91316770","91317060","28","79613527"
"chr24","11854955","11855087","chr6","47849580","47849709","16","35994625"
"chr24","11855391","11855556","chr4","103847078","103847239","27","91991687"
"chr24","11886013","11886321","chr12","6396661","6396970","47","5489352"
"chr24","11942148","11942477","chr7","91561715","91562013","42","79619567"
"chr24","11955469","11955763","chr7","91573484","91573791","17","79618015"
"chr24","12141010","12141142","chr8","38181713","38181843","17","26040703"
"chr24","12141143","12141436","chr7","91767121","91767415","8","79625978"
"chr24","12141437","12141603","chr1","140999555","140999719","21","128858118"
"chr24","12186113","12186340","chr7","91812374","91812600","16","79626261"
"chr24","12199682","12199963","chr7","91826104","91826374","28","79626422"
"chr24","12217988","12218279","chr7","91844903","91845202","21","79626915"
"chr24","12272376","12272675","chr7","91900325","91900621","6","79627949"
"chr24","12307792","12308088","chr7","91935570","91935863","11","79627778"
"chr24","12405664","12405974","chr2","42815086","42815389","48","30409422"
"chr24","12440986","12441267","chr1","71501273","71501556","41","59060287"
"chr24","12456355","12456699","chr7","92086014","92086334","28","79629659"
"chr24","12465446","12465748","chr7","92095021","92095323","12","79629575"
"chr24","12482364","12482661","chr7","92111161","92111464","14","79628797"
"chr24","12525178","12525478","chr7","92153907","92154207","9","79628729"
"chr24","12594199","12594478","chr7","92226287","92226570","8","79632088"
"chr24","12611358","12611485","chrX","101901062","101901192","16","89289704"
"chr24","12612002","12612292","chr7","92245357","92245649","8","79633355"
"chr24","12617792","12618078","chr7","92251116","92251397","9","79633324"
"chr24","12682585","12682872","chr5","7296544","7296852","29","5386041"
"chr24","12886775","12886969","chr10","59152991","59153181","31","46266216"
"chr24","12909298","12909594","chr7","92537325","92537619","14","79628027"
"chr24","13123448","13123577","chr7","92757818","92757947","2","79634370"
"chr24","13271179","13271481","chr7","92904998","92905305","15","79633819"
"chr24","13341429","13341733","chrX","28745828","28746133","36","15404399"
"chr24","14040335","14040612","chr7","93669710","93669987","1","79629375"
"chr24","14171822","14172129","chr3","12962418","12962725","40","1209404"
"chr24","14604232","14604533","chr17","55289479","55289776","41","40685247"
"chr24","14873293","14873467","chr10","11186307","11186480","31","3686986"
"chr24","15198668","15198961","chr7","94841383","94841696","36","79642715"
"chr24","15841839","15842122","chr7","95508250","95508534","5","79666411"
"chr24","15926150","15926424","chr7","95592937","95593215","24","79666787"
"chr24","15938826","15939133","chr7","95605379","95605689","10","79666553"
"chr24","15964059","15964370","chr3","48207509","48207809","64","32243450"
"chr24","15996368","15996640","chr7","95667770","95668042","15","79671402"
"chr24","16047721","16048027","chr7","95719298","95719609","17","79671577"
"chr24","16149831","16150131","chr7","95814343","95814640","11","79664512"
"chr24","16185414","16185715","chr7","95850425","95850732","10","79665011"
"chr24","16252435","16252743","chr7","95918832","95919142","8","79666397"
"chr24","16601054","16601375","chr7","96278928","96279259","18","79677874"
"chr24","16674412","16674709","chr7","96352583","96352887","17","79678171"
"chr24","16675266","16675551","chr7","96355273","96355555","38","79680007"
"chr24","16864386","16864700","chr7","96541542","96541856","19","79677156"
"chr24","16868500","16868817","chr7","96545523","96545807","47","79677023"
"chr24","16916030","16916153","chr7","96586187","96586310","4","79670157"
"chr24","16929038","16929321","chr11","18956798","18957082","45","2027760"
"chr24","17857190","17857447","chr7","97502278","97502529","10","79645088"
"chr24","18173204","18173302","chr7","97801014","97801112","3","79627810"
"chr24","18401880","18402182","chr7","98016132","98016438","18","79614252"
"chr24","18832734","18833015","chr12","8891549","8891845","51","9941185"
"chr24","18951187","18951367","chr12","57375913","57376086","44","38424726"
"chr24","19141267","19141562","chr7","98745560","98745855","13","79604293"
"chr24","19623859","19624158","chr7","99199104","99199402","16","79575245"
"chr24","20234351","20234653","chr7","99764607","99764909","5","79530256"
"chr24","20234716","20234823","chr13","123040025","123040131","14","102805309"
"chr24","20355494","20355680","chr10","72839386","72839583","34","52483892"
"chr24","20355684","20355952","chr7","99875108","99875389","44","79519424"
"chr24","20356025","20356207","chr10","14229756","14229940","30","6126269"
"chr24","20610224","20610310","chr12","70251349","70251431","13","49641125"
"chr24","21027733","21028015","chr7","100519420","100519699","17","79491687"
"chr24","21028093","21028200","chr2","69319136","69319245","16","48291043"
"chr24","21067356","21067696","chr7","100557711","100558024","42","79490355"
"chr24","21826122","21826135","chr13","77378324","77378343","10","55552202"
"chr24","21826177","21826436","chr8","2130123","2130377","47","19696054"
"chr24","21927167","21927463","chrX","47107100","47107397","37","25179933"
"chr24","21950450","21950606","chr9","84908163","84908318","24","62957713"
"chr24","22054562","22054862","chr7","101561453","101561757","11","79506891"
"chr24","22147974","22148279","chr1","13175932","13176238","45","8972042"
"chr24","22165902","22166209","chr19","28811337","28811645","31","6645435"
"chr24","22174610","22174911","chr7","101678549","101678843","15","79503939"
"chr24","22213167","22213471","chr7","101717144","101717449","6","79503977"
"chr24","22221570","22221862","chr7","101726578","101726869","15","79505008"
"chr24","22242849","22243129","chr7","101747172","101747481","32","79504323"
"chr24","22262730","22263034","chr7","101766640","101766947","15","79503910"
"chr24","22272993","22273276","chr7","101776059","101776340","12","79503066"
"chr24","22292171","22292456","chr7","101795664","101795948","5","79503493"
"chr24","22335626","22335922","chr7","101840235","101840511","36","79504609"
"chr24","22398892","22399179","chr7","101903306","101903593","6","79504414"
"chr24","22580764","22580916","chr16","59649076","59649230","29","37068312"
"chr24","22735126","22735434","chr7","102244628","102244948","33","79509502"
"chr24","22756562","22756880","chr7","102264740","102265060","10","79508178"
"chr24","22843092","22843169","chr16","929496","929570","17","21913596"
"chr24","22996941","22997204","chr7","102496735","102497006","13","79499794"
"chr24","23283980","23284051","chr8","39826812","39826881","21","16542832"
"chr24","23985726","23986009","chr7","103517150","103517444","33","79531424"
"chr24","24725678","24725818","chr3","50122406","50122550","44","25396728"
"chr24","24931733","24931786","chr2","47576719","47576770","9","22644986"
"chr24","25385527","25385806","chr7","104867658","104867944","27","79482131"
"chr24","25447481","25447709","chr3","22343294","22343533","56","3104187"
"chr24","25447898","25448200","chr7","104928780","104929080","14","79480882"
"chr24","25663937","25664247","chr7","105136475","105136776","20","79472538"
"chr24","25778744","25778842","chr16","69841147","69841231","30","44062403"
"chr24","25907986","25908092","chr3","144501119","144501226","14","118593133"
"chr24","26059225","26059531","chr7","105526685","105526997","15","79467460"
"chr24","26172229","26172456","chr7","105631953","105632161","23","79459724"
"chr24","26275396","26275689","chr5","101264714","101265010","49","74989318"
"chr24","26399993","26400177","chr3","52694057","52694240","36","26294064"
"chr24","26549720","26550028","chr7","105990712","105991027","25","79440992"
"chr24","26630210","26630497","chr7","106070890","106071180","13","79440680"
"chr24","26650698","26651010","chr7","106093561","106093873","19","79442863"
"chr24","26655191","26655488","chr12","102905543","102905840","26","76250352"
"chr24","26663588","26663881","chr7","106107667","106107959","9","79444079"
"chr24","26671807","26672112","chr7","106116166","106116473","9","79444359"
"chr24","26685523","26685830","chr7","106129372","106129677","8","79443849"
"chr24","26758740","26758910","chr9","40214036","40214205","32","13455296"
"chr24","26759221","26759355","chr11","74966065","74966200","14","48206844"
"chr24","26773680","26773965","chr7","106225882","106226176","17","79452202"
"chr24","26929632","26929914","chr7","106373838","106374118","10","79444206"
"chr24","26962061","26962260","chr7","106406433","106406667","40","79444372"
"chr24","27214429","27214662","chr20","45176902","45177129","42","17962473"
"chr24","27217151","27217464","chr7","106653659","106653972","15","79436508"
"chr24","27242323","27242518","chr7","106677946","106678139","8","79435623"
"chr24","27244159","27244455","chr7","106680960","106681255","17","79436801"
"chr24","27294214","27294525","chr7","106726267","106726559","30","79432053"
"chr24","27305398","27305615","chr7","106736893","106737110","3","79431495"
"chr24","27409581","27409877","chr9","56014155","56014453","65","28604574"
"chr24","27461036","27461346","chr7","106892091","106892402","14","79431055"
"chr24","27475726","27476025","chr19","13599878","13600174","34","13875848"
"chr24","27476037","27476153","chr7","88383874","88383990","15","60907837"
"chr24","27625120","27625285","chr7","107056664","107056829","4","79431544"
"chr24","27715833","27716122","chr13","35986391","35986676","74","8270558"
"chr24","27820251","27820398","chr9","47985537","47985685","27","20165286"
"chr24","27877249","27877329","chr1","10498242","10498322","18","17379007"
"chr24","27877331","27877504","chr12","8726849","8727016","30","19150482"
"chr24","27894888","27895183","chr7","107311859","107312155","7","79416971"
"chr24","27926745","27926879","chr11","74966065","74966200","18","47039320"
"chr24","27927181","27927196","chr9","32916732","32916748","7","4989551"
"chr24","28035691","28035978","chr7","107448085","107448389","21","79412394"
"chr24","28138430","28138649","chr7","107543063","107543283","8","79404633"
"chr24","28239210","28239498","chr5","34689739","34690029","68","6450529"
"chr24","28312999","28313141","chr7","107715700","107715842","1","79402701"
"chr24","28358313","28358510","chr5","71732980","71733175","31","43374667"
"chr24","28376711","28377030","chr7","107776144","107776461","6","79399433"
"chr24","28377073","28377166","chrX","111178670","111178762","11","82801597"
"chr24","28383362","28383676","chr7","107782396","107782708","12","79399034"
"chr24","28578244","28578537","chr7","107971965","107972253","18","79393721"
"chr24","28631651","28631954","chr7","108021117","108021407","30","79389466"
"chr24","28933262","28933579","chr7","108303072","108303374","30","79369810"
"chr24","29004170","29004448","chr7","108368216","108368506","24","79364046"
"chr24","29024498","29024783","chr7","108387625","108387931","29","79363127"
"chr24","29248359","29248659","chr7","108587322","108587618","29","79338963"
"chr24","29317095","29317397","chr7","108661358","108661664","11","79344263"
"chr24","29508196","29508497","chr7","108832792","108833094","7","79324596"
"chr24","29550091","29550403","chr12","33443124","33443427","53","3893033"
"chr24","29583661","29583731","chr1","178906736","178906809","17","149323075"
"chr24","29605035","29605333","chr7","108933338","108933635","9","79328303"
"chr24","29641823","29642111","chr10","27594987","27595275","44","2046836"
"chr24","29693626","29693915","chr7","109021105","109021397","15","79327479"
"chr24","29719861","29720183","chr4","33634818","33635130","56","3914957"
"chr24","29749080","29749355","chr13","45223597","45223872","41","15474517"
"chr24","29751885","29752186","chr7","109076937","109077236","17","79325052"
"chr24","29752187","29752257","chr20","459004","459074","11","29293183"
"chr24","29752271","29752377","chr13","90917763","90917870","13","61165492"
"chr24","29760354","29760569","chr7","109084967","109085183","9","79324613"
"chr24","29788066","29788375","chr7","109114066","109114368","14","79326000"
"chr24","29894420","29894713","chr5","96758699","96758996","35","66864279"
"chr24","29990041","29990336","chr7","38962613","38962910","35","8972572"
"chr24","30248542","30248813","chr7","109555588","109555858","5","79307046"
"chr24","30251641","30251939","chr13","63444738","63445036","40","33193097"
"chr24","30286205","30286516","chr7","109594507","109594823","16","79308302"
"chr24","30361945","30362250","chr7","109664032","109664342","12","79302087"
"chr24","30552598","30552904","chr3","87683648","87683945","43","57131050"
"chr24","30844979","30845286","chr10","31480620","31480919","40","635641"
"chr24","30931895","30932186","chr7","110206544","110206843","12","79274649"
"chr24","31170247","31170452","chr7","110434672","110434877","3","79264425"
"chr24","31286475","31286767","chr1","27513704","27514001","35","3772771"
"chr24","31598632","31598925","chr7","110834846","110835145","12","79236214"
"chr24","31610268","31610578","chr7","110846681","110846989","9","79236413"
"chr24","31652096","31652142","chr18","46883289","46883339","8","15231193"
"chr24","31755191","31755464","chr7","110990075","110990379","39","79234884"
"chr24","31755475","31755648","chr14","31856154","31856328","28","100679"
"chr24","32054857","32055156","chr7","111280959","111281265","36","79226102"
"chr24","32102902","32103193","chr11","129977941","129978232","52","97875039"
"chr24","32303538","32303702","chr11","51479292","51479450","28","19175754"
"chr24","32303743","32303873","chr1","125213986","125214113","18","92910243"
"chr24","32314878","32315170","chr7","111544753","111545056","18","79229875"
"chr24","32419754","32419862","chr7","48718403","48718507","19","16298649"
"chr24","32436040","32436344","chr7","111666176","111666479","24","79230136"
"chr24","32471257","32471320","chr4","45488506","45488575","15","13017249"
"chr24","32505544","32505709","chr7","111737903","111738071","8","79232359"
"chr24","32671251","32671548","chr1","211652051","211652347","44","178980800"
"chr24","32959274","32959438","chr1","142750171","142750329","29","109790897"
"chr24","33259368","33259561","chr1","169877937","169878138","28","136618569"
"chr24","33291363","33291665","chr19","43330634","43330924","47","10039271"
"chr24","33619321","33619620","chr7","112856761","112857059","13","79237440"
"chr24","33753339","33753643","chr1","124687580","124687882","34","90934241"
"chr24","33914879","33915156","chr7","113163810","113164117","49","79248931"
"chr24","34008039","34008300","chr7","129089695","129089948","40","95081656"
"chr24","34271034","34271291","chr3","41518207","41518448","53","7247173"
"chr24","34307577","34307796","chr19","19138187","19138406","36","15169390"
"chr24","34436767","34437023","chr7","113669790","113670058","19","79233023"
"chr24","34462123","34462422","chr7","113695655","113695954","13","79233532"
"chr24","34634894","34635198","chr7","113864426","113864732","8","79229532"
"chr24","34736778","34737049","chr4","37457450","37457713","43","2720672"
"chr24","34816426","34816556","chr1","60853472","60853605","10","26037046"
"chr24","35327014","35327314","chr7","114558696","114558996","9","79231682"
"chr24","35366721","35367012","chr7","114597314","114597598","12","79230593"
"chr24","35483292","35483584","chr7","59115867","59116164","35","23632575"
"chr24","35495264","35495404","chr7","114727185","114727311","17","79231921"
"chr24","35511483","35511820","chr7","114744365","114744715","21","79232882"
"chr24","35541344","35541474","chr7","114773939","114774072","4","79232595"
"chr24","35605288","35605589","chr20","41353021","41353320","40","5747733"
"chr24","35615425","35615730","chr7","19119407","19119712","40","16496018"
"chr24","35630052","35630336","chr7","114855400","114855684","6","79225348"
"chr24","35649891","35649980","chr14","118844532","118844613","31","83194641"
"chr24","35682787","35683053","chr7","114906641","114906926","33","79223854"
"chr24","35775895","35776219","chr13","79190966","79191261","81","43415071"
"chr24","35833255","35833548","chr7","115056283","115056580","20","79223028"
"chr24","35845000","35845196","chr8","41189399","41189594","41","5344399"
"chr24","35845197","35845496","chr7","115068380","115068705","26","79223183"
"chr24","35845497","35845629","chr11","50202051","50202180","21","14356554"
"chr24","36191297","36191583","chr7","115400933","115401220","8","79209636"
"chr24","36307122","36307360","chr7","115511786","115512024","3","79204664"
"chr24","36391173","36391465","chr8","89399339","89399634","40","53008166"
"chr24","36506447","36506758","chr7","115706349","115706659","31","79199902"
"chr24","36795016","36795297","chr7","115997213","115997524","41","79202197"
"chr24","36839596","36839905","chr7","116036325","116036630","13","79196729"
"chr24","36933962","36934069","chr18","38221085","38221191","12","1287123"
"chr24","37487348","37487630","chr7","116694506","116694785","11","79207158"
"chr24","37683766","37684072","chr4","123566723","123567029","61","85882957"
"chr24","37763767","37764063","chr7","116993488","116993788","12","79229721"
"chr24","37775115","37775473","chr7","117004850","117005189","22","79229735"
"chr24","37790942","37791248","chr7","117022631","117022937","17","79231689"
"chr24","37886458","37886748","chr1","48355594","48355888","33","10469136"
"chr24","37888167","37888472","chr7","117121467","117121772","6","79233300"
"chr24","37931042","37931354","chr7","117165756","117166068","14","79234714"
"chr24","38002031","38002333","chr7","117235939","117236239","7","79233908"
"chr24","38050073","38050370","chr7","117282483","117282778","11","79232410"
"chr24","38098219","38098520","chr2","184554529","184554839","46","146456310"
"chr24","38320495","38320602","chr15","103551367","103551478","18","65230872"
"chr24","38388788","38388988","chr7","117634961","117635162","4","79246173"
"chr24","38414382","38414411","chr7","145790583","145790608","14","107376201"
"chr24","38414677","38414783","chr7","40643415","40643516","24","2228738"
"chr24","38458282","38458362","chr19","10482652","10482731","21","27975630"
"chr24","38584438","38584578","chr7","117826161","117826301","1","79241723"
"chr24","38799985","38800293","chr7","118038943","118039256","14","79238958"
"chr24","38888230","38888525","chr7","118123658","118123955","9","79235428"
"chr24","38944036","38944346","chr7","118179118","118179427","6","79235082"
"chr24","38952408","38952715","chr7","118187523","118187831","4","79235115"
"chr24","38981109","38981420","chr4","115864645","115864957","54","76883536"
"chr24","39015005","39015300","chr7","118251449","118251743","8","79236444"
"chr24","39016989","39017276","chr7","118252567","118252867","28","79235578"
"chr24","39026980","39027277","chr7","118261968","118262261","11","79234988"
"chr24","39227190","39227405","chr7","118464023","118464233","9","79236833"
"chr24","39246463","39246735","chr4","38264652","38264908","63","981811"
"chr24","39645570","39645735","chr7","118871219","118871384","3","79225649"
"chr24","39817479","39817811","chr7","119046804","119047105","61","79229325"
"chr24","40004627","40004924","chr7","119222797","119223088","19","79218170"
"chr24","40044364","40044670","chr7","119260899","119261200","21","79216535"
"chr24","40062305","40062592","chr7","119278317","119278604","7","79216012"
"chr24","40181860","40182157","chr7","119398492","119398792","15","79216632"
"chr24","40194470","40194631","chr1","195987398","195987558","25","155792928"
"chr24","40216188","40216414","chr7","119432166","119432391","10","79215978"
"chr24","40313393","40313686","chr7","119528705","119529004","21","79215312"
"chr24","40413680","40413979","chr19","2214197","2214497","42","38199483"
"chr24","40516610","40516805","chr15","22574221","22574418","32","17942389"
"chr24","40536644","40536950","chr7","119737781","119738087","9","79201137"
"chr24","40575232","40575459","chr7","119776145","119776370","11","79200913"
"chr24","40585099","40585396","chr7","119786032","119786338","12","79200933"
"chr24","40587913","40588222","chr7","119788858","119789165","7","79200945"
"chr24","40651128","40651415","chr7","119842702","119842981","22","79191574"
"chr24","40732931","40733062","chr7","119927501","119927632","2","79194570"
"chr24","40744732","40744898","chr5","130050020","130050176","42","89305288"
"chr24","40788477","40788615","chr7","119974068","119974210","10","79185591"
"chr24","40855661","40855959","chr7","120039414","120039712","11","79183753"
"chr24","40883098","40883296","chr9","106603471","106603658","59","65720373"
"chr24","40920987","40921284","chr7","120110118","120110413","6","79189131"
"chr24","40954843","40955139","chr7","120142354","120142652","13","79187511"
"chr24","40970371","40970486","chr2","43384978","43385093","16","2414607"
"chr24","40970497","40970616","chr1","115571102","115571221","27","74600605"
"chr24","40993619","40993892","chr5","97228218","97228495","38","56234599"
"chr24","41023855","41024022","chr5","35273347","35273505","25","5750508"
"chr24","41063331","41063413","chr2","130967091","130967173","15","89903760"
"chr24","41097927","41098243","chr5","174041357","174041657","50","132943430"
"chr24","41146873","41147041","chr1","31438797","31438959","31","9708076"
"chr24","41147351","41147487","chr19","5256624","5256760","20","35890727"
"chr24","41179572","41179724","chr16","48582108","48582261","25","7402536"
"chr24","41229094","41229387","chr7","120398538","120398837","20","79169444"
"chr24","41296329","41296481","chr12","47212900","47213050","27","5916571"
"chr24","41296492","41296571","chr8","93957739","93957816","18","52661247"
"chr24","41314476","41314667","chr7","120481862","120482053","7","79167386"
"chr24","41454057","41454353","chr7","120617976","120618283","18","79163919"
"chr24","41504786","41505090","chr7","120670448","120670755","14","79165662"
"chr24","41508444","41508728","chr7","120674737","120675026","15","79166293"
"chr24","41542842","41543036","chr1","169877937","169878138","37","128335095"
"chr24","41547006","41547317","chr7","120712971","120713287","10","79165965"
"chr24","41547924","41548222","chr7","120713889","120714187","5","79165965"
"chr24","41552649","41552775","chr7","120718298","120718424","6","79165649"
"chr24","41600858","41601167","chr7","120741023","120741328","25","79140165"
"chr24","41683641","41683938","chr7","120827704","120828001","10","79144063"
"chr24","41692744","41693038","chr7","120836582","120836882","17","79143838"
"chr24","41696553","41696846","chr7","38962613","38962910","33","2733940"
"chr24","41734091","41734379","chr7","120880889","120881178","8","79146798"
"chr24","41737062","41737346","chr7","120883852","120884136","7","79146790"
"chr24","41780100","41780384","chr7","120926817","120927106","14","79146717"
"chr24","41855166","41855226","chr16","51701031","51701090","7","9845865"
"chr24","41898244","41898550","chr7","121043177","121043487","23","79144933"
"chr24","41962855","41963197","chr7","148441749","148442080","62","106478894"
"chr24","42024342","42024628","chr8","36209556","36209838","42","5814786"
"chr24","42029824","42030117","chr7","121172278","121172574","6","79142454"
"chr24","42175951","42176255","chr6","51250604","51250912","46","9074653"
"chr24","42224296","42224454","chr9","84908163","84908318","27","42683867"
"chr24","42251746","42252058","chr7","121394754","121395066","11","79143008"
"chr24","42262185","42262475","chr7","121405138","121405428","8","79142953"
"chr24","42348611","42348897","chr6","51494635","51494920","38","9146024"
"chr24","42350187","42350478","chr7","121494555","121494848","7","79144368"
"chr24","42419605","42419902","chr7","121565448","121565745","12","79145843"
"chr24","42468355","42468653","chr11","49014484","49014784","42","6546129"
"chr24","42480791","42480856","chr5","89598423","89598483","14","47117632"
"chr24","42503631","42503880","chr7","121647136","121647392","13","79143505"
"chr24","42522338","42522600","chr7","121665901","121666151","27","79143563"
"chr24","42554694","42554994","chr7","121705731","121706030","10","79151037"
"chr24","42641955","42642254","chr7","121790193","121790489","17","79148238"
"chr24","42699779","42699930","chr12","32880869","32881021","22","9818910"
"chr24","42699931","42700239","chr16","40386842","40387152","32","2313089"
"chr24","42776298","42776482","chr1","202503652","202503831","31","159727354"
"chr24","43069759","43070050","chr20","22183442","22183738","43","20886317"
"chr24","43787171","43787463","chr7","122658955","122659247","11","78871784"
"chr24","44150686","44150996","chr7","123014080","123014390","4","78863394"
"chr24","44180944","44181241","chr7","63558520","63558814","39","19377576"
"chr24","44242551","44242824","chr7","123112011","123112280","13","78869460"
"chr24","44586478","44586645","chr1","47026703","47026870","28","2440225"
"chr24","44586942","44587001","chr16","51701031","51701090","11","7114089"
"chr24","44648964","44649249","chr7","123527826","123528112","6","78878862"
"chr24","44877629","44877754","chrX","14373756","14373890","37","30503873"
"chr24","45152553","45152858","chr8","114941567","114941877","44","69789014"
"chr24","45274934","45275237","chr7","124180453","124180757","9","78905519"
"chr24","45353314","45353569","chr9","15546946","15547204","59","29806368"
"chr24","45451067","45451342","chr5","97228218","97228495","48","51777151"
"chr24","45544457","45544743","chr15","97061406","97061689","36","51516949"
"chr24","45585211","45585487","chr7","124493703","124493987","20","78908492"
"chr24","45761638","45761931","chr7","124669338","124669631","10","78907700"
"chr24","45958343","45958642","chr7","124861154","124861458","16","78902811"
"chr24","46071476","46071774","chr7","124976161","124976464","10","78904685"
"chr24","46073314","46073612","chr4","112821610","112821902","48","66748296"
"chr24","46073667","46073851","chr10","78426870","78427045","37","32353203"
"chr24","46080840","46081156","chr7","124985534","124985843","14","78904694"
"chr24","46085905","46086201","chr7","124989988","124990289","12","78904083"
"chr24","46212242","46212469","chr19","19138187","19138406","35","27074055"
"chr24","46289590","46289892","chr7","125192964","125193267","7","78903374"
"chr24","46301992","46302270","chr7","125205161","125205452","20","78903169"
"chr24","46350938","46351249","chr7","125253917","125254239","23","78902979"
"chr24","46357032","46357194","chr7","125259089","125259250","7","78902057"
"chr24","46456375","46456695","chr7","125357183","125357488","20","78900808"
"chr24","46466293","46466473","chr20","26048038","26048215","45","20418255"
"chr24","46578447","46578758","chr12","6396661","6396970","44","40181786"
"chr24","46676887","46677068","chr7","125570637","125570818","2","78893750"
"chr24","46695028","46695320","chr6","121127806","121128097","40","74432778"
"chr24","46751252","46751421","chr7","125660225","125660394","5","78908973"
"chr24","46993901","46994194","chr7","125901770","125902063","11","78907869"
"chr24","47004358","47004653","chr7","125911995","125912291","13","78907637"
"chr24","47005760","47006044","chr7","125913712","125913996","7","78907952"
"chr24","47064641","47064732","chr7","125974315","125974406","2","78909674"
"chr24","47165776","47165956","chr12","57375913","57376086","43","10210137"
"chr24","47390726","47391025","chr7","126292367","126292662","11","78901641"
"chr24","47394708","47395016","chr7","126296334","126296641","7","78901626"
"chr24","47459383","47459687","chr7","126355520","126355825","7","78896137"
"chr24","47524137","47524342","chr5","151165705","151165912","31","103641568"
"chr24","47570417","47570612","chr5","174477211","174477407","33","126906794"
"chr24","47591634","47591929","chr4","34853643","34853938","45","12737991"
"chr24","47627813","47628123","chr7","126508413","126508707","22","78880600"
"chr24","47809199","47809397","chr7","126682400","126682598","2","78873201"
"chr24","47901889","47902196","chr12","14273839","14274149","42","33628050"
"chr24","47994862","47995163","chr11","53058359","53058663","36","5063497"
"chr24","48002889","48003180","chr7","126875119","126875411","7","78872230"
"chr24","48049984","48050209","chr7","126919502","126919732","15","78869518"
"chr24","48190762","48191059","chr7","127056748","127057050","12","78865986"
"chr24","48241037","48241306","chr7","127105445","127105708","11","78864408"
"chr24","48457770","48458063","chr16","11614132","11614429","39","36843638"
"chr24","48468653","48468950","chr7","127330516","127330822","17","78861863"
"chr24","48564075","48564317","chr7","127419680","127419920","6","78855605"
"chr24","48573600","48573686","chr11","95585015","95585104","23","47011415"
"chr24","48644308","48644393","chr9","16510882","16510978","18","32133426"
"chr24","48649551","48649841","chr7","127501045","127501337","8","78851494"
"chr24","48740630","48740852","chr15","81723402","81723630","49","32982772"
"chr24","48789449","48789755","chr7","127636584","127636889","7","78847135"
"chr24","48802753","48802945","chr1","127998511","127998699","44","79195758"
"chr24","48984162","48984463","chrX","67240193","67240493","40","18256031"
"chr24","49027044","49027333","chr7","127872050","127872339","9","78845006"
"chr24","49049223","49049528","chr7","127895279","127895582","9","78846056"
"chr24","49392736","49393044","chr7","128227636","128227954","17","78834900"
"chr24","49440221","49440525","chr7","128272588","128272891","8","78832367"
"chr24","49451762","49451977","chr7","128286878","128287098","23","78835116"
"chr24","49482465","49482777","chr9","85510522","85510832","42","36028057"
"chr24","49529289","49529596","chr7","128360780","128361087","7","78831491"
"chr24","49626210","49626495","chr7","128455788","128456073","4","78829578"
"chr24","49660420","49660697","chr15","2334429","2334705","47","47325991"
"chr24","49683006","49683304","chr7","128509934","128510229","15","78826928"
"chr24","49683332","49683478","chr1","29749515","29749661","27","19933817"
"chr24","49738369","49738688","chr8","43313475","43313794","54","6424894"
"chr24","50077861","50078169","chr7","128884186","128884494","21","78806325"
"chr24","50091265","50091567","chr7","128897427","128897728","10","78806162"
"chr24","50116771","50117067","chr7","128922407","128922705","7","78805636"
"chr24","50122991","50123263","chr7","128928617","128928890","12","78805626"
"chr24","50175058","50175354","chr7","42590215","42590512","48","7584843"
"chr24","50256048","50256177","chr9","61526184","61526314","22","11270136"
"chr24","50267017","50267305","chr7","129077543","129077831","8","78810526"
"chr24","50269514","50269771","chr7","129079250","129079501","18","78809736"
"chr24","50284688","50284870","chr6","171104438","171104615","38","120819750"
"chr24","50287694","50287982","chr9","105541667","105541959","37","55253973"
"chr24","50288033","50288215","chr6","171104438","171104615","38","120816405"
"chr24","50290886","50291176","chr9","95912718","95913023","54","45621832"
"chr24","50303067","50303363","chr7","129118441","129118743","17","78815374"
"chr24","50354557","50354836","chr7","129167369","129167667","32","78812812"
"chr24","50574979","50575277","chr7","129390338","129390636","7","78815359"
"chr24","50614194","50614494","chr7","129433276","129433574","4","78819082"
"chr24","50620188","50620496","chr17","19447899","19448205","36","31172289"
"chr24","50642916","50643215","chr7","129462787","129463091","20","78819871"
"chr24","50699126","50699284","chr7","129520645","129520795","8","78821519"
"chr24","50702105","50702395","chr7","129523606","129523893","8","78821501"
"chr24","50706072","50706345","chr7","129527631","129527901","6","78821559"
"chr24","50800246","50800419","chr13","25682158","25682328","32","25118088"
"chr24","50819818","50820128","chr7","129650325","129650638","10","78830507"
"chr24","50823907","50824217","chr7","129650325","129650638","10","78826418"
"chr24","50868457","50868759","chr7","129691924","129692225","11","78823467"
"chr24","50880020","50880319","chr7","129722472","129722768","8","78842452"
"chr24","50973466","50973630","chr14","110336486","110336641","35","59363020"
"chr24","50973987","50974216","chr7","129835161","129835390","3","78861174"
"chr24","50998033","50998341","chr7","129858559","129858866","8","78860526"
"chr24","51005684","51005882","chr13","66759399","66759601","33","15753715"
"chr24","51042967","51043225","chr7","129906542","129906800","3","78863575"
"chr24","51068469","51068751","chr3","8623468","8623755","13","42445001"
"chr24","51068811","51069068","chr7","129928071","129928325","15","78859260"
"chr24","51070507","51070729","chr1","18143522","18143743","37","32926985"
"chr24","51075299","51075627","chr19","7819014","7819337","77","43256285"
"chr24","51152523","51152811","chr7","130007212","130007500","9","78854689"
"chr24","51239509","51239809","chr19","50426132","50426432","41","813377"
"chr24","51277492","51277777","chr7","130131706","130131989","13","78854214"
"chr24","51287487","51287778","chr8","108693624","108693930","56","57406137"
"chr24","51304099","51304405","chr7","130157582","130157876","18","78853483"
"chr24","51304687","51304919","chr7","130160820","130161061","19","78856133"
"chr24","51309463","51309750","chr7","130159430","130159717","9","78849967"
"chr24","51401238","51401446","chr1","85737563","85737773","34","34336325"
"chr24","51434133","51434446","chr7","130293229","130293544","7","78859096"
"chr24","51494649","51494920","chr9","7687482","7687759","44","43807167"
"chr24","51512944","51513246","chr7","130372812","130373118","16","78859868"
"chr24","51513350","51513646","chr7","130373215","130373511","9","78859865"
"chr24","51535694","51535998","chr7","130398733","130399035","18","78863039"
"chr24","51878182","51878490","chr7","130741486","130741792","10","78863304"
"chr24","51952055","51952354","chr7","130814274","130814571","15","78862219"
"chr24","51953955","51954244","chr7","130816565","130816853","5","78862610"
"chr24","51958321","51958631","chr7","130820597","130820905","4","78862276"
"chr24","52013541","52013842","chr7","130879542","130879843","8","78866001"
"chr24","52064696","52064995","chr20","26955162","26955459","8","25109534"
"chr24","52202591","52202894","chr7","131064935","131065238","9","78862344"
"chr24","52231941","52232071","chr7","131094416","131094546","6","78862475"
"chr24","52232077","52232385","chr7","131094553","131094863","21","78862476"
"chr24","52244234","52244464","chr2","29224867","29225092","42","23019367"
"chr24","52257239","52257533","chr7","131120579","131120877","11","78863340"
"chr24","52314934","52315232","chr7","131177032","131177347","35","78862098"
"chr24","52369715","52370021","chr2","184554529","184554839","43","132184814"
"chr24","52378078","52378382","chr7","131240160","131240461","11","78862082"
"chr24","52394512","52394811","chr5","150564066","150564368","42","98169554"
"chr24","52423747","52424050","chr7","131284856","131285156","8","78861109"
"chr24","52452410","52452797","chr7","131313035","131313424","12","78860625"
"chr24","52519948","52520253","chr7","131379229","131379537","12","78859281"
"chr24","52549556","52549746","chr8","81164830","81165024","25","28615274"
"chr24","52567271","52567568","chr7","131425985","131426286","13","78858714"
"chr24","52726511","52726814","chr7","131575349","131575629","32","78848838"
"chr24","52857373","52857652","chr7","131710541","131710820","4","78853168"
"chr24","53059714","53060019","chr14","61494855","61495152","57","8435141"
"chr24","53129993","53130282","chr7","131983177","131983465","8","78853184"
"chr24","53132034","53132328","chr7","131985215","131985509","9","78853181"
"chr24","53205439","53205739","chr7","132057005","132057289","25","78851566"
"chr24","53343140","53343433","chr7","132193752","132194049","9","78850612"
"chr24","53400100","53400397","chr7","132250564","132250868","17","78850464"
"chr24","53706060","53706237","chr15","38907370","38907545","29","14798690"
"chr24","53805642","53805945","chr14","114481545","114481847","39","60675903"
"chr24","53810026","53810290","chr4","37457450","37457713","26","16352576"
"chr24","53842505","53842797","chr19","11956646","11956936","33","41885859"
"chr24","53889084","53889387","chr7","132720515","132720808","17","78831431"
"chr24","53950317","53950617","chr7","132773909","132774211","10","78823592"
"chr24","54220986","54221278","chr7","133044868","133045160","7","78823882"
"chr24","54237565","54237694","chr10","73050153","73050283","21","18812588"
"chr24","54253171","54253466","chr7","133079620","133079918","12","78826449"
"chr24","54253499","54253809","chr7","133079951","133080263","19","78826452"
"chr24","54265631","54265930","chr7","133092280","133092577","16","78826649"
"chr24","54268622","54268927","chr7","133095296","133095601","16","78826674"
"chr24","54304507","54304655","chr4","52283470","52283609","25","2021037"
"chr24","54316350","54316653","chr7","133142732","133143035","9","78826382"
"chr24","54356319","54356630","chr7","133178906","133179217","8","78822587"
"chr24","54411508","54411782","chr7","133234010","133234275","10","78822502"
"chr24","54500006","54500059","chr13","1581395","1581445","12","52918611"
"chr24","54603204","54603463","chr7","133420685","133420976","37","78817481"
"chr24","54644176","54644483","chr7","133460764","133461065","17","78816588"
"chr24","54696519","54696814","chr7","133512341","133512637","8","78815822"
"chr24","54722549","54722700","chr4","153267515","153267663","22","98544966"
"chr24","54750993","54751334","chr4","26547903","26548244","82","28203090"
"chr24","54772775","54773055","chr7","133591600","133591886","10","78818825"
"chr24","54792606","54792755","chr4","41177678","41177819","36","13614928"
"chr24","54795465","54795761","chr1","29903957","29904258","38","24891508"
"chr24","54836451","54836647","chr7","133648493","133648702","20","78812042"
"chr24","54853211","54853337","chr11","74966065","74966200","21","20112854"
"chr24","54853412","54853677","chr7","133671432","133671711","37","78818020"
"chr24","54894465","54894692","chr14","119521808","119522032","38","64627343"
"chr24","54895580","54895888","chr7","133713394","133713695","16","78817814"
"chr24","54900488","54900699","chr1","202123535","202123748","38","147223047"
"chr24","54900786","54900994","chr8","36422408","36422615","39","18478378"
"chr24","54921666","54921913","chr7","133738104","133738377","31","78816438"
"chr24","55097807","55098083","chr12","81458055","81458323","56","26360248"
"chr24","55104498","55104816","chr9","90742285","90742597","59","35637787"
"chr24","55229555","55229647","chr6","50039572","50039667","16","5189983"
"chr24","55535079","55535361","chr7","134350207","134350509","26","78815128"
"chr24","56034140","56034455","chrX","41480159","41480472","50","14553981"
"chr24","56165257","56165582","chr7","134962638","134962947","29","78797381"
"chr24","56305139","56305419","chr7","135104103","135104400","31","78798964"
"chr24","56452892","56453179","chr7","135250525","135250811","8","78797633"
"chr24","56526811","56527122","chr12","14273839","14274149","39","42252972"
"chr24","56585857","56586152","chr7","135386682","135386973","16","78800825"
"chr24","56586440","56586754","chr7","135387267","135387583","28","78800827"
"chr24","56922030","56922316","chr5","153019407","153019691","45","96097377"
"chr24","57009601","57009816","chr7","135799491","135799717","47","78789890"
"chr24","57092338","57092643","chr7","135880516","135880825","18","78788178"
"chr24","57110627","57110922","chr7","135901664","135901969","23","78791037"
"chr24","57369708","57370013","chr7","136144945","136145253","16","78775237"
"chr24","57475626","57475928","chr7","136246768","136247065","12","78771142"
"chr24","57780798","57780974","chr1","64354712","64354878","27","6573914"
"chr24","58128023","58128317","chr20","22952628","22952920","46","35175395"
"chr24","58279860","58280172","chr7","137026334","137026624","38","78746474"
"chr24","58325312","58325617","chr7","137072691","137072988","24","78747379"
"chr24","58478030","58478325","chr7","137222344","137222639","10","78744314"
"chr24","58523392","58523675","chr7","137266375","137266660","10","78742983"
"chr24","58540811","58540914","chr7","137283828","137283931","4","78743017"
"chr24","58577304","58577595","chr4","108028622","108028912","38","49451318"
"chr24","58609315","58609626","chr7","137351492","137351804","8","78742177"
"chr24","58747756","58748062","chr7","137484016","137484306","24","78736260"
"chr24","58757981","58758277","chr7","137493496","137493791","31","78735515"
"chr24","58799945","58800258","chr9","85510522","85510832","49","26710577"
"chr24","58838070","58838374","chr7","137574673","137574984","21","78736603"
"chr24","58882429","58882596","chr15","96440767","96440936","39","37558338"
"chr24","58882610","58882754","chr3","174195344","174195491","32","115312734"
"chr24","59082714","59082971","chr9","42935279","42935529","42","16147435"
"chr24","59096853","59097108","chr15","99708676","99708934","48","40611823"
"chr24","59176671","59176745","chr5","29481593","29481657","18","29695078"
"chr24","59599800","59600008","chr5","87808960","87809168","46","28209160"
"chr24","59609248","59609390","chr13","107246533","107246677","25","47637285"
"chr24","60128183","60128464","chr10","77350859","77351141","33","17222676"
"chr24","60613450","60613732","chr7","139288365","139288670","33","78674915"
"chr24","60715906","60716215","chr7","139387155","139387460","20","78671249"
"chr24","60716250","60716560","chr7","139387489","139387801","16","78671239"
"chr24","60959401","60959706","chr7","139623747","139624052","18","78664346"
"chr24","61221544","61221842","chr14","67508158","67508462","50","6286614"
"chr24","61290243","61290535","chr7","139956979","139957280","25","78666736"
"chr24","61373747","61374029","chr7","140034404","140034713","33","78660657"
"chr24","61558749","61559050","chr7","140209968","140210276","12","78651219"
"chr24","61710046","61710347","chr7","140355651","140355964","31","78645605"
"chr24","61740363","61740674","chr2","45305833","45306143","44","16434530"
"chr24","62065230","62065525","chr7","140686658","140686956","14","78621428"
"chr24","62325594","62325886","chr7","140928577","140928865","14","78602983"
"chr24","62414225","62414242","chr9","32916732","32916748","17","29497493"
"chr24","62414270","62414465","chr20","27426210","27426408","37","34988060"
"chr24","62534238","62534517","chr9","96188099","96188383","46","33653861"
"chr24","62651816","62652084","chr6","87969452","87969713","56","25317636"
"chr24","62717756","62718043","chr7","35880467","35880757","41","26837289"
"chr24","62815365","62815552","chr9","37683436","37683632","47","25131929"
"chr24","62815563","62815856","chr10","82360145","82360441","64","19544582"
"chr24","63035236","63035543","chr7","141628463","141628773","9","78593227"
"chr24","63069731","63070013","chr1","185490436","185490721","46","122420705"
"chr24","63181843","63182101","chr4","104447047","104447304","37","41265204"
"chr24","63287779","63287923","chr7","141862975","141863119","5","78575196"
"chr24","63289457","63289596","chr7","141862975","141863119","12","78573518"
"chr24","63646797","63647094","chr3","106437635","106437933","40","42790838"
"chr24","63972749","63973054","chr7","142493348","142493657","18","78520599"
"chr24","64140769","64141007","chr7","142647291","142647502","42","78506522"
"chr24","64514497","64514692","chr7","143004331","143004526","5","78489834"
"chr24","64585309","64585365","chr3","39155682","39155748","18","25429627"
"chr24","64614018","64614331","chr7","143108057","143108367","14","78494039"
"chr24","64667445","64667741","chr7","143155435","143155716","34","78487990"
"chr24","64670026","64670288","chr7","143157986","143158296","53","78487960"
"chr24","64670321","64670337","chr9","32916732","32916748","11","31753589"
"chr24","64789123","64789177","chr19","8747990","8748060","19","56041133"
"chr24","64789189","64789454","chr7","143281083","143281379","37","78491894"
"chr24","64825418","64825701","chr7","143313077","143313356","14","78487659"
"chr24","64933317","64933612","chr7","143411263","143411556","16","78477946"
"chr24","64950373","64950650","chr7","143427922","143428199","6","78477549"
"chr24","64950687","64950835","chr12","82717468","82717611","31","17766781"
"chr24","64982046","64982330","chr7","143456926","143457210","12","78474880"
"chr24","65219782","65220026","chr9","104154211","104154453","32","38934429"
"chr24","65234146","65234448","chr7","143691361","143691664","12","78457215"
"chr24","65467748","65468073","chr7","143942082","143942386","28","78474334"
"chr24","65503325","65503460","chr11","107800157","107800295","19","42296832"
"chr24","65675559","65675860","chr7","144136877","144137185","16","78461318"
"chr24","65869430","65869726","chr7","144321001","144321298","11","78451571"
"chr24","66120453","66120622","chr19","47792069","47792235","36","18328384"
"chr24","66120650","66120685","chr7","15018539","15018575","16","51102111"
"chr24","66131696","66131993","chr1","31261228","31261523","49","34870468"
"chr24","66163739","66164047","chr7","144625670","144625961","30","78461931"
"chr24","66195331","66195469","chr11","74966065","74966200","22","8770734"
"chr24","66195781","66195929","chr9","57442273","57442413","28","8753508"
"chr24","66202535","66202827","chr7","144664117","144664409","11","78461582"
"chr24","66299842","66300145","chr7","144760321","144760601","36","78460479"
"chr24","66374834","66374851","chr7","145790583","145790608","12","79415749"
"chr24","66429042","66429133","chrX","111178670","111178762","16","44749628"
"chr24","66429209","66429502","chr7","144880563","144880856","15","78451354"
"chr24","66454842","66454917","chr7","144904590","144904665","6","78449748"
"chr24","66562495","66562790","chrX","25734220","25734518","44","40828275"
"chr24","66778647","66778833","chr1","158753292","158753472","25","91974645"
"chr24","66779053","66779088","chr1","123801160","123801194","7","57022107"
"chr24","66991927","66992213","chr7","145417040","145417325","7","78425113"
"chr24","67059027","67059325","chr7","145480621","145480913","17","78421594"
"chr24","67111153","67111463","chr7","145530862","145531172","5","78419709"
"chr24","67119905","67120186","chr16","9079401","9079679","47","58040504"
"chr24","67134677","67134784","chr7","121664501","121664610","10","54529824"
"chr24","67144739","67144872","chr6","47849580","47849709","12","19295159"
"chr24","67145178","67145349","chr1","56150277","56150446","23","10994901"
"chr24","67223281","67223442","chr7","145642119","145642281","5","78418838"
"chr24","67232865","67233182","chr7","145651049","145651364","13","78418184"
"chr24","67240676","67240897","chr4","25733321","25733536","34","41507355"
"chr24","67319075","67319362","chr7","145735537","145735832","12","78416462"
"chr24","67331451","67331745","chr7","145747516","145747809","11","78416065"
"chr24","67379548","67379599","chr1","142279794","142279841","11","74900246"
"chr24","67512977","67513288","chr7","145919786","145920097","7","78406809"
"chr24","67528278","67528378","chr6","50039572","50039667","18","17488706"
"chr24","67585074","67585389","chr7","145990356","145990663","14","78405282"
"chr24","67792992","67793259","chr3","173996167","173996439","44","106203175"
"chr24","67873298","67873541","chr16","39944381","39944627","41","27928917"
"chr24","68110120","68110419","chr7","146481401","146481696","33","78371281"
"chr24","68113077","68113388","chr7","146484842","146485149","12","78371765"
"chr24","68129544","68129842","chr7","146501472","146501776","10","78371928"
"chr24","68138132","68138468","chr7","146509858","146510156","56","78371726"
"chr24","68201074","68201274","chr5","33889043","33889255","34","34312031"
"chr24","68201314","68201445","chr5","111699622","111699752","18","43498308"
"chr24","68381998","68382298","chr7","146739898","146740196","8","78357900"
"chr24","68393369","68393665","chr8","124953535","124953832","34","56560166"
"chr24","68461132","68461291","chr11","8735889","8736050","25","59725243"
"chr24","68461302","68461587","chr7","146815755","146816039","34","78354453"
"chr24","68487189","68487376","chr10","14229756","14229940","29","54257433"
"chr24","68489266","68489389","chr4","21810577","21810704","21","46678689"
"chr24","68584602","68584734","chr6","74452348","74452476","16","5867746"
"chr24","68645938","68646237","chr7","147002121","147002422","9","78356183"
"chr24","68849909","68850109","chr7","147198353","147198553","6","78348444"
"chr24","68906232","68906355","chr1","181341091","181341211","15","112434859"
"chr24","68906387","68906554","chr16","70198814","70198977","25","1292427"
"chr24","69199700","69200008","chr7","147548947","147549254","26","78349247"
"chr24","69272345","69272570","chr7","147623864","147624088","4","78351519"
"chr24","69476081","69476355","chr7","147825032","147825306","12","78348951"
"chr24","69794503","69794648","chr7","148167157","148167300","10","78372654"
"chr24","69813252","69813531","chr7","148192158","148192433","15","78378906"
"chr24","69821361","69821663","chr7","148200318","148200620","6","78378957"
"chr24","69845240","69845534","chr7","148223625","148223930","21","78378385"
"chr24","69852798","69853096","chr7","148231525","148231815","15","78378727"
"chr24","69872005","69872305","chr1","124687580","124687882","41","54815575"
"chr24","69897802","69898095","chr7","148269652","148269948","7","78371850"
"chr24","69937094","69937406","chr9","107157958","107158261","43","37220864"
"chr24","70063157","70063471","chr7","148441749","148442080","44","78378592"
"chr24","70063507","70063517","chr9","32916732","32916748","12","37146775"
"chr24","70105794","70106112","chr7","148487373","148487698","19","78381579"
"chr24","70467911","70468179","chr7","148849528","148849797","10","78381617"
"chr24","70504669","70504888","chr7","148886670","148886889","5","78382001"
"chr24","70531800","70532102","chr7","148913512","148913821","20","78381712"
"chr24","70554592","70554889","chr7","148936871","148937169","6","78382279"
"chr24","70557915","70558233","chr7","148939980","148940298","9","78382065"
"chr24","70837502","70837805","chr7","149223722","149224021","18","78386220"
"chr24","70885633","70885935","chrX","25734220","25734518","41","45151413"
"chr24","70893875","70894037","chr9","28488686","28488858","37","42405189"
"chr24","70911075","70911361","chr7","149294570","149294852","23","78383495"
"chr24","70959757","70960039","chr16","63385874","63386155","31","7573883"
"chr24","70996881","70997186","chr7","149389824","149390116","24","78392943"
"chr24","71061819","71062121","chr7","117047714","117048020","48","45985895"
"chr24","71087699","71088001","chr12","94909752","94910053","35","23822053"
"chr24","71186213","71186514","chr7","149584726","149585021","18","78398513"
"chr24","71202916","71203227","chr7","149601311","149601646","34","78398395"
"chr24","71242226","71242526","chr7","149640489","149640789","4","78398263"
"chr24","71499597","71499794","chr4","43073550","43073743","28","28426047"
"chr24","71638143","71638444","chr7","150023767","150024072","11","78385624"
"chr24","71858697","71859004","chr7","38293232","38293539","36","33565465"
"chr24","71962163","71962457","chr16","46462500","46462789","46","25499663"
"chr24","72076592","72076888","chr12","13082614","13082909","35","58993978"
"chr24","72190590","72190687","chr6","50039572","50039667","15","22151018"
"chr24","72442955","72443012","chr6","92853909","92853958","27","20410954"
"chr24","72509172","72509466","chr7","150852077","150852371","17","78342905"
"chr24","72546830","72547132","chr7","150889329","150889637","31","78342499"
"chr24","72555209","72555512","chr7","150895521","150895823","12","78340312"
"chr24","72556750","72557055","chr7","150897039","150897345","20","78340289"
"chr24","72629453","72629734","chr7","150967583","150967879","29","78338130"
"chr24","72635564","72635786","chr10","88101734","88101973","48","15466170"
"chr24","72786352","72786493","chr7","151114237","151114379","3","78327885"
"chr24","72936850","72937138","chr7","151257417","151257700","13","78320567"
"chr24","73079460","73079767","chr5","96204462","96204768","51","23125002"
"chr24","73079778","73080066","chr9","29942387","29942672","39","43137391"
"chr24","73133190","73133456","chr4","127835945","127836206","52","54702755"
"chr24","73372173","73372460","chr7","151673164","151673451","8","78300991"
"chr24","73402466","73402770","chr7","151703508","151703796","31","78301042"
"chr24","73790964","73791257","chr7","152086955","152087252","18","78295991"
"chr24","73841354","73841659","chr7","152132578","152132886","16","78291224"
"chr24","74179015","74179319","chr7","152460230","152460520","22","78281215"
"chr24","74284866","74285167","chr6","66175498","66175798","33","8109368"
"chr24","74288660","74288968","chr7","152572088","152572389","17","78283428"
"chr24","74348787","74349097","chr7","152629959","152630265","12","78281172"
"chr24","74673396","74673705","chr7","152955523","152955822","22","78282127"
"chr24","74683257","74683539","chr6","51494635","51494920","30","23188622"
"chr24","74823336","74823635","chr7","153107578","153107887","22","78284242"
"chr24","74826225","74826525","chr7","153110481","153110768","19","78284256"
"chr24","75707734","75708011","chr7","153971453","153971729","6","78263719"
"chr24","75866006","75866281","chr7","102496735","102497006","49","26630729"
"chr24","75923880","75924208","chr2","155132229","155132535","64","79208349"
"chr24","76383218","76383514","chr7","154634865","154635160","9","78251647"
"chr24","76411163","76411337","chr7","154662582","154662746","14","78251419"
"chr24","76784225","76784511","chr7","155021011","155021292","10","78236786"
"chr24","77233782","77233991","chr1","3671483","3671698","38","73562299"
"chr24","77540960","77541252","chr7","155754714","155755018","20","78213754"
"chr24","77576338","77576612","chr7","155788835","155789119","16","78212497"
"chr24","77610629","77610901","chr6","162084999","162085272","46","84474370"
"chr24","77785618","77785904","chr1","123709050","123709336","54","45923432"
"chr24","77833512","77833812","chrX","51079701","51080001","33","26753811"
"chr24","77933220","77933426","chr2","71394189","71394393","40","6539031"
"chr24","77943309","77943615","chr17","18770392","18770693","34","59172917"
"chr24","78139747","78140037","chr7","156348422","156348688","28","78208675"
"chr24","78149577","78149937","chrX","45569822","45570137","100","32579755"
"chr24","78184769","78184829","chr19","30703092","30703147","14","47481677"
"chr24","78276229","78276533","chr7","156491502","156491803","10","78215273"
"chr24","78282761","78283063","chr7","156498389","156498685","20","78215628"
"chr24","78317035","78317344","chr7","156532129","156532442","10","78215094"
"chr24","78378630","78378931","chr7","156592378","156592680","8","78213748"
"chr24","78566451","78566700","chr7","156778218","156778475","15","78211767"
"chr24","78625767","78626141","chr20","65667844","65668200","89","12957923"
"chr24","78706032","78706337","chr2","1378446","1378754","41","77327586"
"chr24","78706398","78706707","chr1","42353131","42353436","42","36353267"
"chr24","78729336","78729641","chr7","156942096","156942403","6","78212760"
"chr24","78756213","78756343","chrX","101901062","101901192","11","23144849"
"chr24","78857538","78857840","chr7","157069473","157069776","18","78211935"
"chr24","78920712","78920883","chr16","29072841","29073006","40","49847871"
"chr24","78971656","78971936","chr7","157180583","157180882","23","78208927"
"chr24","78999720","79000000","chrX","122068895","122069169","38","43069175"
"chr24","79409017","79409329","chr7","157610840","157611148","16","78201823"
"chr24","79625820","79626109","chr7","157865269","157865558","12","78239449"
"chr24","79660290","79660590","chr7","157897329","157897621","18","78237039"
"chr24","79837149","79837297","chr9","84908163","84908318","23","5071014"
"chr24","79908098","79908231","chr7","131094416","131094546","17","51186318"
"chr24","79908526","79908697","chr8","81498618","81498784","31","1590092"
"chr24","79938340","79938647","chr7","158164125","158164432","3","78225785"
"chr24","79992355","79992645","chr7","158217723","158218013","9","78225368"
"chr24","80039313","80039603","chr7","158284920","158285210","8","78245607"
"chr24","80040653","80040891","chr7","158286312","158286545","11","78245659"
"chr24","80060723","80061062","chr7","149601311","149601646","48","69540588"
"chr24","80185338","80185641","chr7","158433827","158434130","3","78248489"
"chr24","80189442","80189723","chr7","158437968","158438260","24","78248526"
"chr24","80214491","80214797","chr7","158461365","158461672","11","78246874"
"chr24","80260694","80260994","chr7","158509891","158510194","13","78249197"
"chr24","80379524","80379813","chr19","44770402","44770691","42","35609122"
"chr24","80479596","80479906","chr7","158716063","158716376","32","78236467"
"chr24","80513134","80513440","chr7","158762176","158762464","27","78249042"
"chr24","80567189","80567509","chrX","28745828","28746133","43","51821361"
"chr24","80572152","80572460","chr15","13366172","13366483","40","67205980"
"chr24","80576718","80577011","chr6","165507825","165508119","38","84931107"
"chr24","80581168","80581477","chr7","158821814","158822115","16","78240646"
"chr24","80613066","80613296","chr6","152649773","152650007","33","72036707"
"chr24","80622868","80623155","chr7","158860541","158860828","7","78237673"
"chr24","80629354","80629484","chr4","52283470","52283609","33","28345884"
"chr24","80629514","80629761","chr13","107338645","107338901","48","26709131"
"chr24","80644510","80644735","chr7","158881408","158881632","6","78236898"
"chr24","80650550","80650773","chr7","77503235","77503458","29","3147315"
"chr24","80657416","80657545","chr7","158894309","158894439","1","78236893"
"chr24","80854884","80855172","chr7","159089062","159089347","11","78234178"
"chr24","80888609","80888761","chr7","159121320","159121462","15","78232711"
"chr24","80942653","80942949","chr7","159177250","159177551","14","78234597"
"chr24","81000001","81000099","chr16","39647980","39648086","17","41352021"
"chr24","81019135","81019415","chr3","38837512","38837806","50","42181623"
"chr24","81026261","81026540","chr7","159261721","159262015","19","78235460"
"chr24","81145041","81145192","chr3","138145467","138145617","26","57000426"
"chr24","81191525","81191826","chr7","159418823","159419130","24","78227298"
"chr24","81295215","81295523","JH682082","77630","77930","43","81217585"
"chr24","81296161","81296469","JH682082","77630","77930","43","81218531"
"chr24","81305803","81305909","chr3","178445364","178445472","17","97139561"
"chr24","81318162","81318458","chr13","41183605","41183901","51","40134557"
"chr24","81383422","81383521","chr3","124193705","124193800","27","42810283"
"chr24","81384036","81384243","chr15","65868395","65868596","38","15515641"
"chr24","81490008","81490144","chr4","41177678","41177819","29","40312330"
"chr24","81553287","81553457","chr1","56150277","56150446","30","25403010"
"chr24","81584433","81584639","chr7","159849912","159850120","9","78265479"
"chr24","81592885","81593082","chr7","159866864","159867061","2","78273979"
"chr24","81691721","81692031","chr7","159959142","159959450","18","78267421"
"chr24","81752713","81752989","chr7","160018669","160018954","17","78265956"
"chr24","81811347","81811598","chr3","127662993","127663237","44","45851646"
"chr24","81944665","81944917","chr4","120075495","120075735","50","38130830"
"chr24","81950140","81950442","chr7","160219642","160219947","16","78269502"
"chr24","82052012","82052319","chr8","27314232","27314543","57","54737780"
"chr24","82308109","82308313","chr7","160575631","160575835","6","78267522"
"chr24","82308341","82308354","chr9","32916732","32916748","13","49391609"
"chr24","82335415","82335750","chr7","160603359","160603676","27","78267944"
"chr24","82656090","82656400","chr7","160922885","160923201","10","78266795"
"chr24","82683854","82684154","chr7","160951029","160951324","19","78267175"
"chr24","82761793","82762092","chr7","161028500","161028799","8","78266707"
"chr24","82839305","82839608","chr4","131115831","131116135","44","48276526"
"chr24","82843213","82843318","chr7","161110952","161111057","2","78267739"
"chr24","82920429","82920726","chr7","161195069","161195366","10","78274640"
"chr24","82922619","82922905","chr7","161196354","161196640","9","78273735"
"chr24","82927735","82928025","chr7","161201471","161201761","8","78273736"
"chr24","82946355","82946643","chr7","161221119","161221406","8","78274764"
"chr24","82947833","82948140","chr7","161222606","161222909","11","78274773"
"chr24","82998215","82998516","chr6","160821501","160821795","43","77823286"
"chr24","83135433","83135733","chr4","84688323","84688622","38","1552890"
"chr24","83170872","83171180","chr7","161493739","161494047","10","78322867"
"chr24","83414079","83414373","chr7","161741807","161742110","18","78327728"
"chr24","83448153","83448445","chr19","15489451","15489743","33","67958702"
"chr24","84489988","84490175","chr1","11127474","11127672","47","73362514"
"chr25","1290924","1291226","chr1","136900201","136900504","6","135609277"
"chr25","1613293","1613598","chr14","67074609","67074912","38","65461316"
"chr25","1775266","1775396","chr1","137395099","137395229","4","135619833"
"chr25","2021168","2021284","chr1","10670794","10670914","30","8649626"
"chr25","2760155","2760440","chr1","138283945","138284230","3","135523790"
"chr25","2836076","2836380","chr1","138357570","138357862","17","135521494"
"chr25","2900945","2901223","chr1","138422784","138423077","23","135521839"
"chr25","3054352","3054636","chr1","138587986","138588290","27","135533634"
"chr25","3217619","3217921","chr1","138758356","138758656","14","135540737"
"chr25","3336126","3336426","chr1","138876929","138877229","9","135540803"
"chr25","3358900","3359197","chr1","138899740","138900038","11","135540840"
"chr25","3363611","3363839","chr1","138904424","138904652","9","135540813"
"chr25","3435794","3436018","chr1","28927308","28927529","38","25491514"
"chr25","3483080","3483409","chr1","139027911","139028240","11","135544831"
"chr25","3493843","3494134","chr1","21412647","21412940","52","17918804"
"chr25","3623214","3623508","chr1","139173426","139173722","9","135550212"
"chr25","3636942","3637241","chr1","139187773","139188073","18","135550831"
"chr25","3644050","3644154","chr16","51420989","51421088","17","47776939"
"chr25","3680740","3680751","chr9","32916732","32916748","12","29235992"
"chr25","3681136","3681306","chr4","69251240","69251410","39","65570104"
"chr25","3681619","3681758","chr1","29749515","29749661","26","26067896"
"chr25","3696752","3697032","chr1","139265170","139265450","7","135568418"
"chr25","3727602","3727881","chr1","139285539","139285818","7","135557937"
"chr25","3741941","3742168","chr20","48291970","48292177","57","44550029"
"chr25","3742479","3742632","chr4","6664487","6664644","25","2922008"
"chr25","3764073","3764203","chr1","125213986","125214113","15","121449913"
"chr25","3789387","3789670","chr13","53811182","53811468","38","50021795"
"chr25","3820936","3821234","chr1","139382832","139383135","14","135561896"
"chr25","3835205","3835516","chr2","1378446","1378754","37","2456759"
"chr25","3856553","3856758","chr1","139419165","139419370","5","135562612"
"chr25","3973147","3973449","chr1","139553064","139553373","16","135579917"
"chr25","4104414","4104711","chr1","139674821","139675113","9","135570407"
"chr25","4256330","4256614","chr1","139825211","139825492","17","135568881"
"chr25","4346711","4347026","chr1","139916981","139917303","16","135570270"
"chr25","4737374","4737670","chr1","140316811","140317107","11","135579437"
"chr25","4779664","4779946","chr1","140359119","140359400","10","135579455"
"chr25","4902651","4902919","chr1","140424349","140424644","35","135521698"
"chr25","4919481","4919794","chr1","140440662","140440971","15","135521181"
"chr25","5135448","5135745","chr19","10298463","10298759","39","5163015"
"chr25","5454594","5454901","chr1","140986707","140987006","17","135532113"
"chr25","5463325","5463571","chr18","13218384","13218632","41","7755059"
"chr25","5523446","5523714","chr1","141060484","141060771","25","135537038"
"chr25","5541906","5542195","chr1","141078017","141078308","12","135536111"
"chr25","5551520","5551812","chr1","141088041","141088337","18","135536521"
"chr25","5554519","5554711","chr1","141091291","141091483","4","135536772"
"chr25","5563497","5563667","chr2","128526383","128526556","35","122962886"
"chr25","5584766","5585084","chr1","141122821","141123139","9","135538055"
"chr25","5588116","5588397","chr1","180553660","180553948","49","174965544"
"chr25","5801668","5801977","chr1","141345470","141345778","11","135543802"
"chr25","6526758","6526964","chr1","142004499","142004705","7","135477741"
"chr25","6576048","6576350","chr1","142054470","142054781","22","135478422"
"chr25","6696331","6696671","chr19","35629555","35629861","81","28933224"
"chr25","6734225","6734518","chr1","142211698","142211999","15","135477473"
"chr25","7020633","7020906","chr1","142506649","142506945","31","135486016"
"chr25","7023166","7023477","chr1","142509232","142509540","13","135486066"
"chr25","7173446","7173750","chr1","142663679","142663979","10","135490233"
"chr25","7258741","7258905","chr1","142750171","142750329","9","135491430"
"chr25","7588957","7589204","chr1","143085555","143085801","4","135496598"
"chr25","7613645","7613930","chr1","143117311","143117596","6","135503666"
"chr25","7947541","7947862","chr1","143459804","143460131","17","135512263"
"chr25","8099277","8099543","chr1","147559738","147560010","40","139460461"
"chr25","8438178","8438479","chr1","143949616","143949931","23","135511438"
"chr25","8558887","8559176","chr1","144071617","144071905","7","135512730"
"chr25","8712997","8713032","chr19","2058570","2058609","10","6654427"
"chr25","8956929","8957059","chr10","58172899","58173028","17","49215970"
"chr25","8957209","8957364","chr5","130050020","130050176","27","121092811"
"chr25","9003265","9003574","chr1","144513615","144513921","8","135510350"
"chr25","9071664","9071974","chr1","144579665","144579970","16","135508001"
"chr25","9127901","9128209","chr5","52169709","52170013","39","43041808"
"chr25","9183730","9184024","chr1","144690651","144690951","21","135506921"
"chr25","9354846","9355151","chr1","179189054","179189355","39","169834208"
"chr25","9373845","9374121","chr1","144878735","144879021","22","135504890"
"chr25","9410119","9410336","chr1","72919673","72919892","31","63509554"
"chr25","9423475","9423764","chr1","144928034","144928321","8","135504559"
"chr25","9453206","9453517","chr1","144957586","144957892","16","135504380"
"chr25","9463014","9463321","chr1","144967341","144967648","11","135504327"
"chr25","9466117","9466421","chr1","144970438","144970743","14","135504321"
"chr25","9471504","9471808","chr1","144976339","144976637","16","135504835"
"chr25","9488498","9488643","chr4","153267515","153267663","32","143779017"
"chr25","9521040","9521343","chr1","37689627","37689933","37","28168587"
"chr25","9665748","9666053","chr1","145169343","145169619","36","135503595"
"chr25","9838446","9838737","chr1","145348528","145348818","6","135510082"
"chr25","10071829","10072128","chr1","136414644","136414940","36","126342815"
"chr25","10145312","10145580","chr1","145658461","145658738","16","135513149"
"chr25","10209939","10210233","chr1","145725637","145725942","15","135515698"
"chr25","10305242","10305549","chr1","145825633","145825940","14","135520391"
"chr25","10306541","10306814","chr11","51818343","51818619","61","41511802"
"chr25","10382867","10383033","chr5","58040847","58041007","28","47657980"
"chr25","10555687","10555995","chrX","28745828","28746133","53","18190141"
"chr25","11047974","11048266","chr1","144878735","144879021","45","133830761"
"chr25","11177840","11178132","chr1","146706661","146706948","9","135528821"
"chr25","11466177","11466396","chr1","147002811","147003032","10","135536634"
"chr25","11705079","11705335","chr6","135961426","135961681","49","124256347"
"chr25","11833144","11833443","chr1","147373847","147374141","16","135540703"
"chr25","11894013","11894318","chr1","147434933","147435241","21","135540920"
"chr25","11904848","11905148","chr1","147445633","147445932","20","135540785"
"chr25","11908973","11909281","chr13","24299174","24299481","37","12390201"
"chr25","11920084","11920390","chr1","147462669","147462963","23","135542585"
"chr25","11988571","11988872","chr1","147532175","147532472","13","135543604"
"chr25","12039239","12039504","chr14","13252190","13252459","43","1212951"
"chr25","12232674","12232969","chr16","3513179","3513470","43","8719495"
"chr25","12400138","12400262","chr1","147943777","147943901","3","135543639"
"chr25","13155809","13156087","chr1","148694356","148694663","41","135538547"
"chr25","13311146","13311453","chr20","57297001","57297313","61","43985855"
"chr25","13362265","13362570","chr1","148899180","148899483","16","135536915"
"chr25","13461682","13461975","chr1","149001152","149001462","21","135539470"
"chr25","13918468","13918773","chr1","149464648","149464954","11","135546180"
"chr25","13999033","13999342","chr1","149545927","149546236","6","135546894"
"chr25","14637605","14637677","chr1","150190696","150190768","2","135553091"
"chr25","14682946","14683210","chr16","50309902","50310180","46","35626956"
"chr25","14913755","14913974","chr1","150464590","150464817","14","135550835"
"chr25","15022440","15022745","chr9","54721483","54721784","42","39699043"
"chr25","15217893","15218202","chr1","150772372","150772679","16","135554479"
"chr25","15331065","15331366","chr5","58041009","58041316","41","42709944"
"chr25","15421098","15421388","chr16","59888566","59888863","47","44467468"
"chr25","15493394","15493691","chr1","151050766","151051066","12","135557372"
"chr25","15521526","15521828","chr1","151079143","151079445","16","135557617"
"chr25","15542216","15542426","chr1","151099733","151099946","7","135557517"
"chr25","15734871","15735173","chr6","66175498","66175798","59","50440627"
"chr25","15738414","15738719","chr1","151297282","151297590","50","135558868"
"chr25","16079471","16079620","chr10","73606345","73606493","19","57526874"
"chr25","16233960","16234267","chr1","151799301","151799608","8","135565341"
"chr25","16514391","16514696","chr1","3180721","3181028","44","13333670"
"chr25","16516528","16516695","chr1","142750171","142750329","36","126233643"
"chr25","16518924","16519082","chr16","68029231","68029389","29","51510307"
"chr25","16530198","16530491","chr1","198788222","198788518","43","182258024"
"chr25","16714447","16714637","chr2","71394189","71394393","42","54679742"
"chr25","16733437","16733736","chr15","27498585","27498875","43","10765148"
"chr25","16760077","16760349","chr5","94426469","94426744","57","77666392"
"chr25","16789841","16790143","chr16","7638577","7638878","48","9151264"
"chr25","16839219","16839523","chr1","119540011","119540320","33","102700792"
"chr25","17060861","17061178","chr6","148201578","148201891","48","131140717"
"chr25","17225666","17225957","chr9","55799302","55799592","40","38573636"
"chr25","17239327","17239626","chr19","48174971","48175267","37","30935644"
"chr25","17240239","17240546","chr12","36444891","36445198","37","19204652"
"chr25","17324834","17325130","chr1","151865661","151865949","19","134540827"
"chr25","17369708","17369838","chr11","74966065","74966200","19","57596357"
"chr25","17472823","17473118","chr1","152013184","152013479","5","134540361"
"chr25","17546185","17546453","chr1","152089940","152090208","9","134543755"
"chr25","17556383","17556689","chr1","152105763","152106068","14","134549380"
"chr25","17653280","17653583","chr1","152209430","152209726","11","134556150"
"chr25","17709823","17710103","chr1","152266791","152267069","6","134556968"
"chr25","17867820","17868119","chr1","152425914","152426212","19","134558094"
"chr25","18018917","18019195","chr1","152579678","152579974","35","134560761"
"chr25","18086164","18086394","chr2","147833476","147833694","42","129747312"
"chr25","18100764","18101072","chr1","152674508","152674816","7","134573744"
"chr25","18136068","18136288","chr4","35766092","35766310","41","17630024"
"chr25","18236858","18237119","chr1","152811308","152811572","5","134574450"
"chr25","18266439","18266739","chr1","152846197","152846498","7","134579758"
"chr25","18287804","18288102","chr1","152871709","152872008","14","134583905"
"chr25","18336552","18336838","chr17","24846429","24846719","39","6509877"
"chr25","18947952","18948257","chr1","153568963","153569268","9","134621011"
"chr25","19259823","19260106","chr1","153875470","153875774","33","134615647"
"chr25","19414849","19415131","chr1","154034769","154035077","35","134619920"
"chr25","19495588","19495896","chr1","48867065","48867371","41","29371477"
"chr25","20074522","20074835","chr1","154691876","154692192","10","134617354"
"chr25","20188623","20188934","chr1","154805018","154805317","34","134616395"
"chr25","20305998","20306305","chr1","154923632","154923943","16","134617634"
"chr25","20458205","20458513","chr12","40913554","40913861","42","20455349"
"chr25","20567630","20567915","chr1","155189564","155189854","20","134621934"
"chr25","20588008","20588308","chr1","155209933","155210237","23","134621925"
"chr25","21133318","21133608","chr1","155651201","155651491","7","134517883"
"chr25","21159669","21159973","chr1","155677478","155677782","7","134517809"
"chr25","21224975","21225094","chr2","61470321","61470439","18","40245346"
"chr25","21225132","21225283","chrX","142278602","142278756","24","121053470"
"chr25","21225319","21225333","chr9","32916732","32916748","12","11691413"
"chr25","21234058","21234354","chr1","155752133","155752433","23","134518075"
"chr25","21508028","21508318","chr1","156025914","156026205","22","134517886"
"chr25","21710500","21710799","chr1","156236162","156236462","10","134525662"
"chr25","21975645","21975951","chr1","156505194","156505494","13","134529549"
"chr25","22033104","22033371","chr1","156550222","156550494","25","134517118"
"chr25","22035687","22036009","chr1","156552822","156553140","18","134517135"
"chr25","22537559","22537852","chr16","20635635","20635935","36","1901924"
"chr25","22710684","22710993","chr1","157275511","157275817","8","134564827"
"chr25","22738682","22738998","chr1","157305047","157305380","29","134566365"
"chr25","22892920","22893219","chr1","157459679","157459985","14","134566759"
"chr25","22950952","22951258","chr1","117466315","117466610","45","94515363"
"chr25","23057321","23057633","chr1","157622742","157623052","12","134565421"
"chr25","23110197","23110463","chr1","157675563","157675851","33","134565366"
"chr25","23150879","23150929","chr10","72543263","72543302","25","49392384"
"chr25","23152765","23153076","chr1","157718424","157718713","32","134565659"
"chr25","23202862","23203171","chr1","157766598","157766904","13","134563736"
"chr25","23353267","23353568","chr1","157919695","157920004","15","134566428"
"chr25","23616258","23616567","chr1","158179986","158180290","10","134563728"
"chr25","23650840","23651146","chr1","158215313","158215623","10","134564473"
"chr25","23651494","23651776","chr4","153173836","153174115","35","129522342"
"chr25","23716347","23716636","chr4","128193292","128193596","60","104476945"
"chr25","23724798","23725098","chr1","158288332","158288608","38","134563534"
"chr25","23863653","23863950","chr1","158429234","158429531","10","134565581"
"chr25","23882155","23882471","chr1","158446820","158447137","13","134564665"
"chr25","23972973","23973282","chr7","19119407","19119712","45","4853566"
"chr25","24038036","24038325","chr1","158603618","158603908","11","134565582"
"chr25","24041066","24041236","chr1","158606978","158607152","14","134565912"
"chr25","24102982","24103276","chr1","158669575","158669877","13","134566593"
"chr25","24122017","24122313","chr5","42794074","42794374","18","18672057"
"chr25","24195779","24196076","chr1","158761773","158762072","9","134565994"
"chr25","24196961","24197115","chr1","158762927","158763089","14","134565966"
"chr25","24220697","24221011","chrX","28745828","28746133","44","4525131"
"chr25","24234565","24234872","chr12","71433217","71433527","42","47198652"
"chr25","24780164","24780454","chr1","159346878","159347165","6","134566714"
"chr25","24820151","24820229","chr1","37252092","37252159","26","12431941"
"chr25","24820540","24820671","chr15","13945665","13945792","12","10874875"
"chr25","24828137","24828442","chr1","159396041","159396332","19","134567904"
"chr25","24864612","24864904","chr2","176864663","176864968","57","152000051"
"chr25","24952583","24952837","chr1","159521137","159521389","11","134568554"
"chr25","25020461","25020551","chr7","79506249","79506339","23","54485788"
"chr25","25064550","25064762","chr19","28927814","28928026","51","3863264"
"chr25","25378517","25378813","chr1","219514426","219514725","50","194135909"
"chr25","25394635","25394913","chr3","38669502","38669782","48","13274867"
"chr25","25398699","25398983","chr1","159967710","159967993","4","134569011"
"chr25","25432655","25432981","chr1","160001127","160001450","9","134568472"
"chr25","25448612","25448893","chr20","45938174","45938463","43","20489562"
"chr25","25476666","25476964","chr1","160044175","160044473","4","134567509"
"chr25","25483613","25483912","chr12","80500631","80500931","32","55017018"
"chr25","25518160","25518460","chr1","160085697","160085998","6","134567537"
"chr25","25534866","25535162","chr1","160102516","160102814","11","134567650"
"chr25","25538759","25539038","chr1","160106377","160106656","6","134567618"
"chr25","25589785","25590097","chr1","160157148","160157463","13","134567363"
"chr25","25614703","25615005","chr1","160179849","160180152","10","134565146"
"chr25","25654350","25654593","chr15","41422009","41422271","58","15767659"
"chr25","25657899","25658202","chr1","160223255","160223567","20","134565356"
"chr25","25680134","25680266","chr8","38181713","38181843","14","12501579"
"chr25","25680572","25680737","chr15","27288087","27288254","28","1607515"
"chr25","25745713","25745936","chr14","6888632","6888850","40","18857081"
"chr25","25755670","25755947","chr5","34197961","34198242","40","8442291"
"chr25","25910233","25910538","chrX","41480159","41480472","47","15569926"
"chr25","25956972","25957240","chr3","44099084","44099346","46","18142112"
"chr25","25991027","25991316","chr1","160559878","160560168","15","134568851"
"chr25","26029090","26029389","chr1","160597983","160598280","7","134568893"
"chr25","26042268","26042579","chr1","160610866","160611177","12","134568598"
"chr25","26349294","26349596","chr1","160920106","160920406","10","134570812"
"chr25","26405455","26405745","chr1","160984533","160984824","10","134579078"
"chr25","26578433","26578731","chr1","161164916","161165217","10","134586483"
"chr25","26593341","26593595","chr1","161179850","161180104","5","134586509"
"chr25","26622005","26622301","chr1","161208784","161209087","20","134586779"
"chr25","26635188","26635489","chr1","161221967","161222268","8","134586779"
"chr25","27012482","27012647","chr1","161578156","161578321","3","134565674"
"chr25","27038168","27038479","chr12","6396661","6396970","35","20641507"
"chr25","27095305","27095587","chr1","161661417","161661726","37","134566112"
"chr25","27110620","27110726","chr1","161676598","161676704","3","134565978"
"chr25","27157839","27158143","chr1","161724409","161724712","9","134566570"
"chr25","27167040","27167341","chr1","161732058","161732354","15","134565018"
"chr25","27265531","27265843","chr9","107157958","107158261","48","79892427"
"chr25","27266376","27266675","chr1","161833362","161833661","18","134566986"
"chr25","27285087","27285385","chr1","161853191","161853505","37","134568104"
"chr25","27364125","27364431","chr6","49444493","49444800","43","22080368"
"chr25","27413642","27413924","chr1","6746799","6747092","58","20666843"
"chr25","27424815","27425054","chr15","81334484","81334714","48","53909669"
"chr25","27433898","27434191","chr1","161986344","161986638","4","134552446"
"chr25","27465661","27465714","chr3","55441801","55441851","9","27976140"
"chr25","27466022","27466202","chr20","53357945","53358114","35","25891923"
"chr25","27466204","27466381","chr16","19922656","19922815","40","7543548"
"chr25","27647256","27647554","chr1","162201144","162201443","12","134553888"
"chr25","27951336","27951646","chr1","162506359","162506665","13","134555023"
"chr25","28073943","28074200","chr1","162630443","162630704","14","134556500"
"chr25","28300805","28301106","chr1","162858201","162858496","19","134557396"
"chr25","28561570","28561868","chr1","163121120","163121421","14","134559550"
"chr25","28627139","28627457","chr1","163187141","163187454","16","134560002"
"chr25","28660984","28661264","chr1","163219227","163219509","8","134558243"
"chr25","28750282","28750595","chr1","163309896","163310207","12","134559614"
"chr25","28799697","28800029","chr1","163357046","163357355","28","134557349"
"chr25","28840824","28841114","chr1","163397398","163397695","22","134556574"
"chr25","28856752","28857055","chr1","163412928","163413228","17","134556176"
"chr25","28907010","28907305","chr9","61437156","61437445","44","32530146"
"chr25","28927286","28927553","chr3","67958930","67959188","43","39031644"
"chr25","28953417","28953726","chr1","163510600","163510906","12","134557183"
"chr25","28994561","28994755","chr1","163545151","163545346","4","134550590"
"chr25","29016478","29016780","chr1","163567146","163567446","10","134550668"
"chr25","29053945","29054253","chr1","163605741","163606052","11","134551796"
"chr25","29064099","29064393","chr1","163615892","163616192","18","134551793"
"chr25","29065394","29065683","chr13","6559333","6559621","42","22506061"
"chr25","29065718","29065867","chr1","109093491","109093637","25","80027773"
"chr25","29074428","29074598","chr1","47026703","47026870","39","17952275"
"chr25","29074904","29075012","chr5","129694837","129694933","26","100619933"
"chr25","29302270","29302580","chr1","163855460","163855777","22","134553190"
"chr25","29314614","29314918","chr1","163867101","163867402","14","134552487"
"chr25","29315588","29315911","chr1","163868072","163868395","12","134552484"
"chr25","29428635","29428919","chr1","163980544","163980836","15","134551909"
"chr25","29451761","29452053","chr1","164004840","164005138","19","134553079"
"chr25","29477266","29477535","chr1","164023596","164023877","18","134546330"
"chr25","29570501","29570815","chr1","164116737","164117046","11","134546236"
"chr25","29571123","29571422","chr13","100072689","100072985","34","70501566"
"chr25","29620411","29620713","chr16","45880002","45880300","44","16259591"
"chr25","29669166","29669459","chr1","164218510","164218819","24","134549344"
"chr25","29833494","29833797","chr1","55110624","55110917","36","25277130"
"chr25","29909719","29910017","chr1","164454112","164454414","12","134544393"
"chr25","30202592","30202899","chr14","58116005","58116307","36","27913413"
"chr25","30969702","30970005","chrX","25734220","25734518","42","5235482"
"chr25","31270732","31271006","chr4","113542851","113543128","51","82272119"
"chr25","31382916","31383220","chr3","38884850","38885151","39","7501934"
"chr25","31622362","31622652","chr10","27594987","27595275","39","4027375"
"chr25","31728667","31728958","chr1","166279996","166280287","14","134551329"
"chr25","32097850","32098105","chr1","166649946","166650199","9","134552096"
"chr25","32175034","32175344","chr1","166728339","166728651","19","134553305"
"chr25","32491488","32491795","chr15","8139410","8139720","43","24352078"
"chr25","32953667","32953978","chr9","87213846","87214165","69","54260179"
"chr25","33150660","33150899","chr8","2915610","2915849","38","30235050"
"chr25","33219323","33219597","chr1","167821088","167821352","25","134601765"
"chr25","33532457","33532809","chr7","24537561","24537897","66","8994896"
"chr25","34560984","34561298","chr1","169184513","169184832","20","134623529"
"chr25","34573104","34573410","chr1","169196649","169196956","14","134623545"
"chr25","34658314","34658620","chr1","169280797","169281103","9","134622483"
"chr25","34689779","34690093","chr1","169312133","169312447","4","134622354"
"chr25","35319163","35319314","chr1","170198659","170198810","5","134879496"
"chr25","35388342","35388637","chr20","70817416","70817712","41","35429074"
"chr25","35903205","35903486","chr1","170782091","170782393","34","134878886"
"chr25","36316532","36316820","chr1","171190187","171190469","14","134873655"
"chr25","36322391","36322681","chr9","71562572","71562860","29","35240181"
"chr25","36365228","36365532","chr1","171238436","171238746","14","134873208"
"chr25","36879863","36880181","chr4","52290669","52290980","42","15410806"
"chr25","37005928","37006209","chr1","171879834","171880114","18","134873906"
"chr25","37094508","37094786","chrX","96267872","96268151","32","59173364"
"chr25","37261354","37261653","chr1","172128694","172128997","12","134867340"
"chr25","37270009","37270306","chr2","81657964","81658255","49","44387955"
"chr25","37365137","37365448","chrX","138496280","138496588","48","101131143"
"chr25","37376212","37376521","chr1","172245895","172246201","19","134869683"
"chr25","37755105","37755412","chr1","172630998","172631301","29","134875893"
"chr25","38865497","38865777","chr1","173751793","173752073","6","134886296"
"chr25","39051927","39052225","chr1","173941198","173941500","9","134889271"
"chr25","39083612","39083909","chr1","173972550","173972846","10","134888938"
"chr25","39252150","39252284","chr1","174140099","174140220","18","134887949"
"chr25","39288090","39288277","chr1","174176566","174176760","18","134888476"
"chr25","39501809","39502117","chr1","174391419","174391727","20","134889610"
"chr25","39726881","39727128","chr1","28303075","28303318","50","11423806"
"chr25","39997428","39997725","chr1","174867285","174867594","27","134869857"
"chr25","40107021","40107313","chr3","52383652","52383946","49","12276631"
"chr25","40218437","40218583","chr1","175082649","175082795","2","134864212"
"chr25","40343543","40343841","chr1","175206427","175206724","17","134862884"
"chr25","40447475","40447782","chr1","175311054","175311370","14","134863579"
"chr25","40505590","40505892","chr1","175371204","175371522","31","134865614"
"chr25","40708579","40708886","chr1","175571087","175571386","20","134862508"
"chr25","40721925","40722250","chr15","99400201","99400514","44","58678276"
"chr25","41521782","41522097","chr1","176408446","176408760","7","134886664"
"chr25","41593814","41594153","chr4","11690488","11690817","61","29903326"
"chr25","41986402","41986620","chr1","176871263","176871478","18","134884861"
"chr25","42033542","42033826","chr1","176918597","176918915","39","134885055"
"chr25","42696155","42696466","chr1","177603519","177603815","20","134907364"
"chr25","42739043","42739347","chr1","177646194","177646495","14","134907151"
"chr25","43154409","43154715","chr1","178060481","178060792","10","134906072"
"chr25","43390926","43391205","chr1","178302036","178302322","10","134911110"
"chr25","43802728","43802781","chr3","150333047","150333098","11","106530319"
"chr25","43802781","43802830","chr9","30006564","30006614","8","13796217"
"chr25","43921747","43922015","chr1","178829967","178830248","27","134908220"
"chr25","43961330","43961636","chr1","178870073","178870382","12","134908743"
"chr25","44279844","44280145","chr1","179189054","179189355","9","134909210"
"chr25","44281544","44281837","chr1","179190756","179191053","11","134909212"
"chr25","44378268","44378564","chr1","179286611","179286909","8","134908343"
"chr25","44497390","44497687","chr1","179403922","179404231","16","134906532"
"chr25","44548213","44548520","chr1","179451681","179451991","24","134903468"
"chr25","44596265","44596565","chr10","31480620","31480919","42","13115645"
"chr25","44709724","44709857","chr1","179608774","179608907","3","134899050"
"chr25","44780936","44781235","chr1","179680040","179680340","16","134899104"
"chr25","44800181","44800484","chr1","179699054","179699360","14","134898873"
"chr25","45149299","45149430","chr14","1288834","1288965","15","43860465"
"chr25","45462171","45462472","chr15","19871906","19872213","51","25590265"
"chr25","45650226","45650514","chr1","180553660","180553948","3","134903434"
"chr25","45727692","45727997","chr1","180635078","180635374","17","134907386"
"chr25","45781817","45782122","chr1","180689118","180689438","22","134907301"
"chr25","45787972","45788255","chr1","69278140","69278429","38","23490168"
"chr25","45970968","45971267","chr11","104069818","104070114","40","58098850"
"chr25","46014747","46014905","chr7","150892935","150893104","39","104878188"
"chr25","46014969","46015214","chr6","148160277","148160517","40","102145308"
"chr25","46163941","46164230","chr1","181076426","181076711","14","134912485"
"chr25","46168784","46169066","chr15","101909506","101909787","38","55740722"
"chr25","46310921","46311203","chr1","181221931","181222214","5","134911010"
"chr25","46342956","46343230","chr1","181255114","181255406","23","134912158"
"chr25","46381769","46381971","chr1","181291576","181291791","19","134909807"
"chr25","46395369","46395628","chr1","181306364","181306632","36","134910995"
"chr25","46428696","46429069","chrX","44426862","44427214","79","2001834"
"chr25","46775985","46776288","chr1","181689964","181690255","23","134913979"
"chr25","46792282","46792596","chr1","215492199","215492509","40","168699917"
"chr25","46910188","46910487","chr1","181818665","181818960","15","134908477"
"chr25","46937630","46937897","chr16","15246748","15247010","54","31690882"
"chr25","46985660","46985981","chr1","181896576","181896897","11","134910916"
"chr25","47012780","47013070","chr1","181922153","181922448","22","134909373"
"chr25","47089078","47089381","chr1","181999026","181999329","13","134909948"
"chr25","47153560","47153722","chr1","182061450","182061605","9","134907890"
"chr25","47199597","47199907","chr1","182109787","182110078","21","134910190"
"chr25","47250115","47250423","chr2","184554529","184554839","35","137304414"
"chr25","47271663","47271967","chr1","182181655","182181958","15","134909992"
"chr25","47367302","47367604","chr1","182281267","182281568","35","134913965"
"chr25","47466444","47466654","chr1","182383141","182383355","8","134916697"
"chr25","48242075","48242381","chr1","67550948","67551256","45","19308873"
"chr25","48319654","48319965","chr1","183240569","183240878","13","134920915"
"chr25","48347352","48347645","chr1","183268995","183269291","15","134921643"
"chr25","48355918","48356225","chr1","183277613","183277920","8","134921695"
"chr25","48356564","48356871","chr1","183278260","183278568","16","134921696"
"chr25","48362389","48362682","chr3","83610987","83611284","35","35248598"
"chr25","48387049","48387321","chr1","183308962","183309234","6","134921913"
"chr25","48449932","48450172","chrX","122606792","122607042","49","74156860"
"chr25","48560705","48561011","chr1","183481916","183482223","5","134921211"
"chr25","48582853","48583153","chr1","183504250","183504558","12","134921397"
"chr25","48629585","48629882","chr1","183555461","183555758","6","134925876"
"chr25","48975727","48976029","chr1","183686398","183686701","9","134710671"
"chr25","49061537","49061816","chr3","90725905","90726186","32","41664368"
"chr25","49203135","49203440","chr9","122574226","122574522","60","73371091"
"chr25","49537163","49537449","chr6","125303922","125304205","50","75766759"
"chr25","49544603","49544912","chr9","123486746","123487049","36","73942143"
"chr25","49634555","49634864","chr1","184357034","184357351","12","134722479"
"chr25","49759751","49760036","chr1","184483318","184483603","4","134723567"
"chr25","49836390","49836700","chr1","184559085","184559389","18","134722695"
"chr25","49856594","49856716","chr1","184578551","184578672","5","134721957"
"chr25","49870614","49870763","chr1","184592787","184592936","6","134722173"
"chr25","49891421","49891721","chr1","184613413","184613713","5","134721992"
"chr25","49969020","49969327","chr13","44205794","44206102","37","5763226"
"chr25","49988316","49988621","chrX","25734220","25734518","36","24254096"
"chr25","50006566","50006865","chr1","184743596","184743895","13","134737030"
"chr25","50010379","50010663","chr1","184747427","184747724","25","134737048"
"chr25","50025071","50025231","chr16","49134882","49135037","33","890189"
"chr25","50025537","50025662","chr15","13945665","13945792","25","36079872"
"chr25","50034427","50034599","chr6","48180421","48180589","35","1854006"
"chr25","50120047","50120332","chr1","184850183","184850466","18","134730136"
"chr25","50147342","50147634","chr3","40358018","40358309","40","9789324"
"chr25","50207296","50207581","chr1","16705632","16705915","34","33501664"
"chr25","50296263","50296547","chr1","185028514","185028801","8","134732251"
"chr25","50312488","50312766","chr1","185044834","185045116","9","134732346"
"chr25","50377608","50377889","chr1","185110687","185110982","31","134733079"
"chr25","50532490","50532783","chr1","185266237","185266533","9","134733747"
"chr25","50555583","50555777","chr12","37977508","37977704","49","12578075"
"chr25","50640562","50640693","chr1","185385948","185386082","5","134745386"
"chr25","50647074","50647358","chr1","185392460","185392746","12","134745386"
"chr25","50709489","50709794","chr1","185459333","185459638","8","134749844"
"chr25","50749532","50749841","chr1","185507862","185508172","13","134758330"
"chr25","50948267","50948545","chr1","185707155","185707433","3","134758888"
"chr25","50980468","50980766","chr11","120640045","120640342","35","69659577"
"chr25","51039071","51039359","chr1","185790579","185790867","7","134751508"
"chr25","51257337","51257540","chr5","58072411","58072612","41","6815074"
"chr25","51268540","51268842","chr10","35520239","35520543","34","15748301"
"chr25","51276377","51276685","chr5","52169709","52170013","46","893332"
"chr25","51392029","51392339","chr1","200503994","200504304","3","149111965"
"chr25","51811726","51812020","chr1","200069159","200069474","34","148257433"
"chr25","51952892","51953039","chr1","199930290","199930437","4","147977398"
"chr25","52083900","52084188","chr1","199799096","199799383","14","147715196"
"chr25","52982840","52982954","chr1","198907205","198907319","2","145924365"
"chr25","52983233","52983541","chr1","198906619","198906926","8","145923386"
"chr25","52994384","52994568","chr1","198895554","198895746","15","145901170"
"chr25","53095558","53095854","chr1","198788222","198788518","9","145692664"
"chr25","53328069","53328367","chr10","27003274","27003571","36","26324795"
"chr25","54322165","54322447","chr1","197550686","197550955","18","143228521"
"chr25","54322662","54322967","chr16","8956806","8957111","41","45365856"
"chr25","54336028","54336210","chr10","59152991","59153181","42","4816963"
"chr25","54475787","54476089","chr1","197394462","197394763","8","142918675"
"chr25","54548202","54548471","chr1","197316320","197316599","13","142768118"
"chr25","54658746","54659041","chr1","197207033","197207329","7","142548287"
"chr25","54706242","54706444","chr7","46045467","46045669","32","8660775"
"chr25","54818658","54818954","chrX","28662175","28662471","36","26156483"
"chr25","54940651","54940954","chr1","196919608","196919911","12","141978957"
"chr25","54993220","54993524","chr1","196867676","196867981","5","141874456"
"chr25","55024251","55024559","chr1","196836306","196836607","15","141812055"
"chr25","55076349","55076657","chr1","196781226","196781535","7","141704877"
"chr25","55212367","55212666","chr1","196642271","196642568","10","141429904"
"chr25","55244807","55245083","chr1","196610181","196610458","10","141365374"
"chr25","55348850","55349150","chr10","81306607","81306908","39","25957757"
"chr25","55362651","55362937","chr13","86285933","86286217","36","30923282"
"chr25","55381711","55381986","chr1","196470312","196470588","6","141088601"
"chr25","55413405","55413606","chr1","196438385","196438586","3","141024980"
"chr25","55436199","55436401","chr5","153249256","153249463","47","97813057"
"chr25","55455120","55455415","chr10","72361645","72361943","39","16906525"
"chr25","55527295","55527605","chr1","196324349","196324652","23","140797054"
"chr25","55631388","55631554","chr1","196219951","196220118","13","140588563"
"chr25","55779782","55780080","chr1","196068601","196068899","11","140288819"
"chr25","55833827","55834141","chr10","14404792","14405102","45","41429035"
"chr25","55850712","55850997","chr1","195995624","195995908","14","140144912"
"chr25","55859076","55859238","chr1","195987398","195987558","10","140128322"
"chr25","56929931","56930228","chr1","194880438","194880736","11","137950507"
"chr25","57186715","57186992","chr1","194620517","194620831","41","137433802"
"chr25","57375035","57375329","chr1","194427971","194428266","14","137052936"
"chr25","57489924","57490235","chr1","194310413","194310721","31","136820489"
"chr25","57504321","57504628","chr12","92678446","92678759","44","35174125"
"chr25","57529812","57530097","chr1","194267583","194267897","41","136737771"
"chr25","57573218","57573518","chr1","194223217","194223518","11","136649999"
"chr25","57706364","57706659","chr1","67559257","67559554","37","9852893"
"chr25","57741002","57741291","chr10","15259523","15259813","51","42481479"
"chr25","58028392","58028674","chr8","36291698","36291996","51","21736694"
"chr25","58458678","58458951","chr1","193500496","193500779","16","135041818"
"chr25","58460948","58461104","chr1","193498345","193498501","12","135037397"
"chr25","58540608","58540879","chr1","193414186","193414467","20","134873578"
"chr25","58661768","58662068","chr1","193293001","193293301","10","134631233"
"chr25","58712857","58713152","chr11","84452711","84453003","40","25739854"
"chr25","58873654","58873974","chr13","102489163","102489479","46","43615509"
"chr25","59006695","59006991","chr1","192948416","192948712","8","133941721"
"chr25","59167291","59167592","chr1","192788124","192788421","13","133620833"
"chr25","59176064","59176343","chr1","192779107","192779386","8","133603043"
"chr25","59254924","59255210","chr1","192700766","192701053","7","133445842"
"chr25","59432325","59432633","chr1","192519145","192519450","12","133086820"
"chr25","59900682","59900997","chr1","37689627","37689933","42","22211055"
"chr25","59955817","59956028","chr1","192006597","192006811","7","132050780"
"chr25","60211393","60211710","chr1","191746507","191746806","28","131535114"
"chr25","60637143","60637270","chr1","191331394","191331523","9","130694251"
"chr25","60988123","60988333","chr1","190982479","190982687","4","129994356"
"chr25","61054011","61054313","chr1","190915901","190916202","4","129861890"
"chr25","61085463","61085742","chr1","190884490","190884765","6","129799027"
"chr25","61159651","61159942","chr1","190810718","190811015","20","129651067"
"chr25","61188386","61188673","chr1","190780024","190780311","7","129591638"
"chr25","61282804","61283096","chr1","190687006","190687298","7","129404202"
"chr25","61310774","61311076","chr1","190658699","190659001","10","129347925"
"chr25","61495503","61495785","chr9","5849715","5850009","47","55645788"
"chr25","61512628","61512906","chr1","190455710","190455987","10","128943082"
"chr25","61574941","61575138","chr10","89893451","89893643","33","28318510"
"chr25","61575454","61575568","chr8","61552388","61552501","14","23066"
"chr25","61947990","61948284","chr1","190016293","190016592","29","128068303"
"chr25","61958045","61958357","chr1","190006263","190006575","13","128048218"
"chr25","62274330","62274627","chr1","189688981","189689281","10","127414651"
"chr25","62310869","62311166","chr13","109013818","109014115","59","46702949"
"chr25","62516926","62517220","chr1","189447052","189447342","15","126930126"
"chr25","63126278","63126496","chr4","25733321","25733536","39","37392957"
"chr25","63156046","63156106","chr5","89598423","89598483","12","26442377"
"chr25","63178805","63179111","chr1","220200858","220201159","66","157022053"
"chr25","63187061","63187352","chr1","188783487","188783781","11","125596426"
"chr25","63348098","63348354","chr5","35824220","35824476","39","27523878"
"chr25","63759238","63759544","chr1","188206304","188206611","16","124447066"
"chr25","63926158","63926299","chr1","188038620","188038761","4","124112462"
"chr25","64109864","64110153","chr1","134625073","134625359","48","70515209"
"chr25","64212181","64212296","chr9","83236635","83236749","16","19024454"
"chr25","64272507","64272799","chr1","187689103","187689394","11","123416596"
"chr25","64320313","64320588","chr1","187641121","187641394","13","123320808"
"chr25","64336531","64336820","chr1","187624537","187624810","26","123288006"
"chr25","64345507","64345797","chr1","187615138","187615426","12","123269631"
"chr25","64758531","64758709","chr1","187202706","187202884","6","122444175"
"chr25","64826954","64827106","chr8","135870967","135871117","21","71044013"
"chr25","65304791","65305075","chr1","186650001","186650290","13","121345210"
"chr25","65557957","65558256","chr7","74417021","74417317","64","8859064"
"chr25","65904232","65904514","chr1","186039812","186040128","42","120135580"
"chr25","66092253","66092548","chr1","220237179","220237474","10","154144926"
"chr25","66097134","66097443","chr1","220232280","220232590","16","154135146"
"chr25","66128335","66128619","chr1","220200858","220201159","26","154072523"
"chr25","66202815","66203122","chr1","220127534","220127814","32","153924719"
"chr25","66257221","66257546","chr1","220073433","220073775","26","153816212"
"chr25","66317560","66317860","chr1","220010491","220010790","4","153692931"
"chr25","66534247","66534554","chr1","9293724","9294032","42","57240523"
"chr25","66545006","66545318","chr1","219777395","219777689","23","153232389"
"chr25","66602435","66602704","chr1","219718586","219718884","31","153116151"
"chr25","66619899","66620215","chr7","145155503","145155800","67","78535604"
"chr25","66680734","66681042","chr1","219641046","219641346","34","152960312"
"chr25","66750530","66750814","chr1","219569821","219570101","19","152819291"
"chr25","66765272","66765555","chr1","219557123","219557406","8","152791851"
"chr25","66772076","66772388","chr1","219550330","219550640","22","152778254"
"chr25","66774968","66775265","chr8","5849083","5849379","39","60925885"
"chr25","66785523","66785826","chr1","219537197","219537489","24","152751674"
"chr25","66807175","66807474","chr1","219514426","219514725","9","152707251"
"chr25","66816052","66816349","chr1","219505244","219505542","14","152689192"
"chr25","66820659","66820979","chr1","219500857","219501172","14","152680198"
"chr25","67501511","67501795","chr13","110851364","110851653","37","43349853"
"chr25","67888659","67888960","chr1","218434697","218434996","9","150546038"
"chr25","68014269","68014568","chr1","218310302","218310594","24","150296033"
"chr25","68067105","68067383","chr1","218257610","218257907","30","150190505"
"chr25","68245847","68246145","chr1","218083470","218083765","7","149837623"
"chr25","68349115","68349426","chr1","217979913","217980220","16","149630798"
"chr25","68469144","68469408","chr8","41129278","41129547","43","27339866"
"chr25","68500031","68500343","chr2","147124801","147125112","38","78624770"
"chr25","68557317","68557632","chr1","217770749","217771048","32","149213432"
"chr25","68568973","68569191","chr19","27630272","27630490","37","40938701"
"chr25","68607390","68607649","chr1","217703129","217703388","25","149095739"
"chr25","68626785","68627087","chr1","217681593","217681898","18","149054808"
"chr25","68672440","68672746","chr1","217635631","217635926","20","148963191"
"chr25","68729272","68729515","chr7","43179604","43179849","35","25549668"
"chr25","68782080","68782396","chr1","217518692","217519008","17","148736612"
"chr25","68789449","68789776","chr1","217511732","217512029","40","148722283"
"chr25","68868256","68868570","chr1","217432797","217433108","12","148564541"
"chr25","68957843","68958102","chr1","217326211","217326478","30","148368368"
"chr25","69326560","69326836","chr7","159089062","159089347","64","89762502"
"chr25","69400235","69400508","chr5","160679286","160679558","40","91279051"
"chr25","69443962","69444166","chr15","33453024","33453227","39","35990938"
"chr25","69584175","69584484","chr1","216698908","216699218","11","147114733"
"chr25","69936565","69936853","chr1","216348339","216348626","23","146411774"
"chr25","70037275","70037573","chr1","216247572","216247870","11","146210297"
"chr25","70194067","70194360","chr1","216087997","216088292","21","145893930"
"chr25","70293327","70293637","chr1","215988086","215988396","24","145694759"
"chr25","70499559","70499856","chr1","215787155","215787453","9","145287596"
"chr25","70579553","70579785","chr1","215707697","215707934","18","145128144"
"chr25","70585238","70585524","chr1","215701926","215702219","22","145116688"
"chr25","70699991","70700297","chr1","215579962","215580268","10","144879971"
"chr25","70767594","70767904","chr1","215492199","215492509","6","144724605"
"chr25","70801653","70801954","chr1","215458207","215458505","7","144656554"
"chr25","71115396","71115702","chr1","215158709","215158992","31","144043313"
"chr25","71139945","71140254","chr1","215126297","215126604","24","143986352"
"chr25","71547406","71547707","chr1","214711059","214711358","9","143163653"
"chr25","71551887","71552172","chr11","58342389","58342667","49","13209498"
"chr25","71654141","71654445","chr5","34939017","34939316","41","36715124"
"chr25","71742954","71743251","chr1","214510992","214511265","36","142768038"
"chr25","71757757","71758045","chr1","214496221","214496529","34","142738464"
"chr25","71785049","71785351","chr1","214468591","214468899","8","142683542"
"chr25","71920924","71921127","chr20","56043822","56044030","9","15877102"
"chr25","72052547","72052841","chr1","27513704","27514001","44","44538843"
"chr25","72244982","72245121","chr1","214010431","214010566","10","141765449"
"chr25","72283191","72283415","chr1","213970656","213970881","8","141687465"
"chr25","72300927","72301224","chr1","213952194","213952496","10","141651267"
"chr25","72373438","72373738","chr1","213880449","213880739","19","141507011"
"chr25","72390254","72390537","chr1","213864478","213864759","14","141474224"
"chr25","72402140","72402447","chr1","213852180","213852491","12","141450040"
"chr25","72404848","72405143","chr1","213849493","213849793","18","141444645"
"chr25","72410122","72410281","chr7","59776737","59776890","38","12633385"
"chr25","72482046","72482335","chr3","71771822","71772106","55","710224"
"chr25","72513203","72513258","chr1","142279794","142279841","14","69766591"
"chr25","72513561","72513725","chr1","140999555","140999719","30","68485994"
"chr25","72542291","72542540","chr7","40061369","40061621","47","32480922"
"chr25","72607441","72607730","chr1","213642916","213643206","11","141035475"
"chr25","72609754","72609919","chr1","213640691","213640863","18","141030937"
"chr25","72670835","72671133","chr1","213579175","213579474","16","140908340"
"chr25","72685423","72685710","chr6","141386768","141387061","36","68701345"
"chr25","72690195","72690469","chr1","213559574","213559843","18","140869379"
"chr25","72691594","72691870","chr1","213558170","213558454","16","140866576"
"chr25","72727156","72727438","chr1","213521307","213521589","9","140794151"
"chr25","72727465","72727478","chr9","32916732","32916748","11","39810733"
"chr25","72748362","72748660","chr1","213500791","213501086","10","140752429"
"chr25","72749975","72750086","chr1","213499355","213499466","5","140749380"
"chr25","72778032","72778301","chr1","213470325","213470594","14","140692293"
"chr25","72821806","72822002","chr5","157311330","157311525","29","84489524"
"chr25","73019080","73019305","chr1","213226526","213226764","19","140207446"
"chr25","73109759","73110063","chr1","213135794","213136101","13","140026035"
"chr25","73159889","73160020","chr6","174378395","174378524","17","101218506"
"chr25","73160301","73160481","chr14","31856154","31856328","24","41304147"
"chr25","73202138","73202423","chr1","213039286","213039583","20","139837148"
"chr25","73203185","73203341","chr1","213038359","213038524","12","139835174"
"chr25","73234749","73235054","chr1","213008564","213008851","30","139773815"
"chr25","73448849","73449098","chr1","212792230","212792479","14","139343381"
"chr25","73457962","73458252","chrX","28745828","28746133","48","44712134"
"chr25","73461357","73461654","chr1","212776166","212776462","11","139314809"
"chr25","73586398","73586656","chr13","22193479","22193734","33","51392919"
"chr25","73739604","73739835","JH682236","102370","102601","41","73637234"
"chr25","73740894","73741163","chr3","172074013","172074273","43","98333119"
"chr25","73915061","73915362","chr1","212327158","212327457","12","138412097"
"chr25","73916628","73916901","chr1","212325608","212325896","27","138408980"
"chr25","74088346","74088641","chr1","212150291","212150604","41","138061945"
"chr25","74192365","74192631","chr1","212049068","212049346","29","137856703"
"chr25","74288388","74288688","chr1","211953747","211954046","18","137665359"
"chr25","74386544","74386848","chr1","211854702","211855006","9","137468158"
"chr25","74474763","74475068","chr1","211766701","211767010","16","137291938"
"chr25","74586802","74587096","chr1","211652051","211652347","17","137065249"
"chr25","74674697","74674991","chr1","211564918","211565210","13","136890221"
"chr25","74687369","74687667","chr1","211551834","211552123","21","136864465"
"chr25","74784543","74784719","chr10","18127077","18127254","25","56657466"
"chr25","74906832","74907126","chr1","211335239","211335535","8","136428407"
"chr25","75397830","75398133","chr1","210833259","210833570","22","135435429"
"chr25","75800951","75801256","chr1","210429205","210429500","26","134628254"
"chr25","75915122","75915441","chr3","99783511","99783799","81","23868389"
"chr25","76157312","76157584","chr1","210062069","210062348","23","133904757"
"chr25","76293607","76293888","chr1","209925986","209926266","6","133632379"
"chr25","76476954","76477231","chr7","148192158","148192433","40","71715204"
"chr25","76513628","76513905","chr15","105184019","105184280","57","28670391"
"chr25","76554797","76555085","chrX","107117173","107117462","40","30562376"
"chr25","76924845","76925138","chr1","209293533","209293834","29","132368688"
"chr25","77164312","77164622","chr9","60792156","60792455","49","16372156"
"chr25","77216467","77216761","chr7","63558520","63558814","34","13657947"
"chr25","77312522","77312754","chr4","136679409","136679640","32","59366887"
"chr25","77435373","77435620","chr7","43179604","43179849","43","34255769"
"chr25","77464450","77464749","chr1","208745364","208745666","19","131280914"
"chr25","77606113","77606414","chr1","208607105","208607405","5","131000992"
"chr25","77665968","77666296","chr1","208545726","208546037","26","130879758"
"chr25","77682971","77683276","chr1","139397060","139397335","73","61714089"
"chr25","77729272","77729560","chr7","106225882","106226176","48","28496610"
"chr25","77791178","77791482","chr1","208419063","208419370","9","130627885"
"chr25","77831681","77831966","chr20","66358182","66358460","50","11473499"
"chr25","77973015","77973314","chr1","208239287","208239586","12","130266272"
"chr25","78071204","78071522","chr1","208139337","208139651","24","130068133"
"chr25","78098008","78098311","chr1","208111921","208112225","7","130013913"
"chr25","78129463","78129761","chr1","208079590","208079884","12","129950127"
"chr25","78238866","78239151","chr1","207969833","207970122","12","129730967"
"chr25","78265775","78266084","chr1","207942410","207942710","20","129676635"
"chr25","78305357","78305589","chr1","207905831","207906064","15","129600474"
"chr25","78453070","78453377","chr1","207757074","207757374","10","129304004"
"chr25","78545799","78546109","chr7","65840740","65841047","47","12705059"
"chr25","78570429","78570744","chr1","207639191","207639506","11","129068762"
"chr25","78635153","78635443","chr1","207566178","207566473","15","128931025"
"chr25","78974432","78974624","chr11","113863509","113863699","38","34889077"
"chr25","79004896","79005204","chr1","207195261","207195567","23","128190365"
"chr25","79016494","79016801","chr1","207195261","207195567","9","128178767"
"chr25","79018676","79018976","chr7","131284856","131285156","39","52266180"
"chr25","79020993","79021235","chr2","161586583","161586839","55","82565590"
"chr25","79031562","79031861","chr2","176864663","176864968","41","97833101"
"chr25","79089112","79089413","chr1","207112383","207112684","13","128023271"
"chr25","79159890","79160198","chr1","207037205","207037507","19","127877315"
"chr25","79265852","79266162","chr1","206932796","206933097","17","127666944"
"chr25","79489093","79489405","chr3","100495317","100495628","45","21006224"
"chr25","79508290","79508443","chr12","19037809","19037962","24","60470481"
"chr25","79508720","79508733","chr9","32916732","32916748","11","46591988"
"chr25","79660123","79660400","chr1","206539428","206539702","19","126879305"
"chr25","79708463","79708772","chr1","206491500","206491809","11","126783037"
"chr25","79738989","79739300","chr12","40189788","40190097","36","39549201"
"chr25","79861129","79861432","chr1","206326001","206326305","15","126464872"
"chr25","79976032","79976334","chr1","206213659","206213955","14","126237627"
"chr25","79983696","79983998","chr1","42353131","42353436","40","37630565"
"chr25","80012108","80012391","chr1","206178037","206178326","16","126165929"
"chr25","80058903","80059063","chr1","47026703","47026870","27","33032200"
"chr25","80059093","80059214","chr5","102949179","102949303","15","22890086"
"chr25","80077014","80077313","chr1","206111217","206111499","24","126034203"
"chr25","80173415","80173692","chr1","206014280","206014554","7","125840865"
"chr25","80223361","80223683","chr1","205964756","205965065","22","125741395"
"chr25","80437346","80437437","chrX","62719211","62719304","15","17718135"
"chr25","80437747","80437912","chr8","62682529","62682690","31","17755218"
"chr25","80630954","80631160","chr3","101469536","101469751","44","20838582"
"chr25","80631200","80631263","chr9","121414543","121414606","15","40783343"
"chr25","81193461","81193770","chr12","14273839","14274149","36","66919622"
"chr25","81240370","81240680","chr1","204948787","204949089","25","123708417"
"chr25","81389885","81390171","chr16","3905182","3905470","60","77484703"
"chr25","81392080","81392290","chr1","204798379","204798584","10","123406299"
"chr25","81508206","81508505","chr3","87683648","87683945","39","6175442"
"chr25","81556128","81556428","chr1","204637883","204638185","15","123081755"
"chr25","81677566","81677875","chr1","204501066","204501379","17","122823500"
"chr25","81729360","81729632","chr1","204450394","204450670","11","122721034"
"chr25","81742562","81742873","chr1","204439921","204440216","32","122697359"
"chr25","81750088","81750377","chr7","106431191","106431479","38","24681103"
"chr25","81769932","81770230","chr1","65292751","65293045","39","16477181"
"chr25","81832384","81832683","chr1","204336862","204337150","27","122504478"
"chr25","81921322","81921630","chr1","204246905","204247206","27","122325583"
"chr25","81927878","81928195","chr1","204240267","204240583","14","122312389"
"chr25","81951362","81951650","chr1","204215310","204215594","22","122263948"
"chr25","81969518","81969821","chr1","204197191","204197494","9","122227673"
"chr25","81969907","81970187","chr9","115815931","115816212","38","33846024"
"chr25","81973454","81973749","chr2","161629368","161629659","44","79655914"
"chr25","81985119","81985427","chr1","204182844","204183135","34","122197725"
"chr25","82010338","82010541","chr1","204156754","204156958","4","122146416"
"chr25","82020000","82020139","chr1","204147807","204147946","0","122127807"
"chr25","82194603","82194905","chr1","203971002","203971296","28","121776399"
"chr25","82218252","82218529","chr1","203947491","203947769","9","121729239"
"chr25","82255370","82255676","chr4","112981003","112981319","39","30725633"
"chr25","82356011","82356303","chr1","203810691","203810984","12","121454680"
"chr25","82434256","82434542","chr9","115815931","115816212","39","33381675"
"chr25","82453285","82453451","chr16","32682137","32682310","27","49771148"
"chr25","82453452","82453743","chr1","203713719","203714008","16","121260267"
"chr25","82453744","82453876","chr13","26738522","26738652","16","55715222"
"chr25","82455310","82455640","chr1","203711829","203712152","16","121256519"
"chr25","82583227","82583538","chr7","128884186","128884494","43","46300959"
"chr25","82597418","82597711","chr1","203568421","203568692","44","120971003"
"chr25","82710634","82710936","chr1","42353131","42353436","35","40357503"
"chr25","82714134","82714437","chr1","203455704","203456010","14","120741570"
"chr25","82986786","82987066","chr1","203181763","203182044","11","120194977"
"chr25","83074788","83075099","chr2","184554529","184554839","40","101479741"
"chr25","83156766","83157061","chr6","67069515","67069812","32","16087251"
"chr25","83577098","83577396","chr1","202575323","202575635","23","118998225"
"chr25","83631611","83631925","chr1","202522298","202522614","10","118890687"
"chr25","83642629","83642929","chr1","202512842","202513143","23","118870213"
"chr25","83643373","83643481","chr3","178445364","178445472","12","94801991"
"chr25","83652148","83652423","chr6","77077531","77077811","39","6574617"
"chr25","83671372","83671668","chr1","202485503","202485795","6","118814131"
"chr25","83751629","83751867","chr1","202405797","202406036","5","118654168"
"chr25","83786940","83787222","chr1","202369567","202369834","22","118582627"
"chr25","83808484","83808643","chr1","202353928","202354077","14","118545444"
"chr25","83850991","83851297","chrX","47853289","47853588","33","35997702"
"chr25","83953883","83954238","chr20","9787730","9788065","72","74166153"
"chr25","84059445","84059755","chr1","202128627","202128937","23","118069182"
"chr25","84134158","84134334","chr11","57418414","57418583","34","26715744"
"chr25","84134629","84134721","chrX","62719211","62719304","16","21415418"
"chr25","84142742","84143042","chr3","104121442","104121745","20","19978700"
"chr25","84145634","84145932","chr13","69271573","69271881","34","14874061"
"chr25","84161628","84161931","chr13","57520502","57520807","38","26641126"
"chr25","84166326","84166629","chr1","202035368","202035675","14","117869042"
"chr25","84168549","84168850","chr1","202032808","202033097","20","117864259"
"chr25","84295032","84295342","chr1","201897663","201897975","19","117602631"
"chr25","84315206","84315484","chr1","201877269","201877548","8","117562063"
"chr25","84356892","84357185","chr1","201835956","201836248","15","117479064"
"chr25","84445631","84445773","chr1","201743147","201743276","14","117297516"
"chr25","84548559","84548805","chr1","201633344","201633597","11","117084785"
"chr25","84583934","84584153","chr3","46244176","46244390","32","38339758"
"chr25","84831662","84831952","chr1","201501220","201501510","12","116669558"
"chr25","84873981","84874274","chr5","96758699","96758996","33","11884718"
"chr25","84893288","84893514","chr1","201440388","201440620","12","116547100"
"chr25","84897050","84897148","chr1","201436761","201436859","4","116539711"
"chr25","85084429","85084729","chr1","201162823","201163123","17","116078394"
"chr25","85392748","85393047","chr8","90960558","90960857","42","5567810"
"chr25","85635044","85635164","chr14","63838295","63838421","26","21796749"
"chr25","85682338","85682650","chr1","200738345","200738658","19","115056007"
"chr25","85718755","85719106","chr7","24537561","24537897","57","61181194"
"chr26","25165613","25165874","chr7","32522183","32522435","20","7356570"
"chr26","2228045","2228339","chr7","55642622","55642915","21","53414577"
"chr26","1126258","1126505","chr7","57096442","57096705","23","55970184"
"chr26","1183957","1184254","chr7","56709168","56709465","8","55525211"
"chr26","1272143","1272269","chr7","56620954","56621080","3","55348811"
"chr26","1289269","1289575","chr7","56603354","56603657","11","55314085"
"chr26","1318215","1318512","chrX","43418250","43418544","41","42100035"
"chr26","1478560","1478860","chr13","31404135","31404435","40","29925575"
"chr26","1779586","1779838","chr7","56104341","56104593","4","54324755"
"chr26","1850813","1851096","chr12","100471340","100471615","42","98620527"
"chr26","2223271","2223573","chr7","55647363","55647665","5","53424092"
"chr26","2334226","2334518","chr10","90862207","90862499","36","88527981"
"chr26","2418690","2418995","chr7","55451557","55451866","9","53032867"
"chr26","2447469","2447764","chr7","55423043","55423341","8","52975574"
"chr26","2472450","2472744","chr7","55398214","55398505","7","52925764"
"chr26","2676772","2677080","chr7","55190357","55190665","7","52513585"
"chr26","2955868","2956134","chr7","54911502","54911767","7","51955634"
"chr26","3034120","3034407","chr7","54832635","54832943","30","51798515"
"chr26","3245710","3245861","chr4","41177678","41177819","27","37931968"
"chr26","3246162","3246298","chr2","55063458","55063595","18","51817296"
"chr26","3311460","3311760","chrX","34762859","34763150","20","31451399"
"chr26","3323019","3323316","chr7","54534254","54534549","10","51211235"
"chr26","3366982","3367264","chr7","54492033","54492314","7","51125051"
"chr26","3371212","3371441","chr20","45176902","45177129","39","41805690"
"chr26","3427200","3427498","chr7","54440949","54441245","9","51013749"
"chr26","3427912","3428033","chr4","27307709","27307825","14","23879797"
"chr26","3428082","3428283","chr3","179636688","179636888","48","176208606"
"chr26","3463410","3463717","chr7","54400823","54401127","16","50937413"
"chr26","3658756","3659029","chr9","50092949","50093230","46","46434193"
"chr26","3714896","3715198","chr7","54148022","54148322","9","50433126"
"chr26","3889436","3889728","chr7","53965001","53965292","7","50075565"
"chr26","3929581","3929810","chr7","53925042","53925270","6","49995461"
"chr26","4275857","4276155","chr20","27092013","27092310","52","22816156"
"chr26","4378697","4379002","chr7","53481476","53481776","13","49102779"
"chr26","4522020","4522172","chr3","34678444","34678597","25","30156424"
"chr26","4535112","4535418","chr7","53325353","53325659","10","48790241"
"chr26","4542249","4542520","chr7","53318311","53318609","35","48776062"
"chr26","4640063","4640348","chr15","97061406","97061689","46","92421343"
"chr26","4767839","4768144","chr7","52976252","52976559","13","48208413"
"chr26","4782334","4782631","chr5","100542024","100542319","38","95759690"
"chr26","4807559","4807851","chr7","52935212","52935502","8","48127653"
"chr26","4815535","4815778","chr2","151438197","151438438","40","146622662"
"chr26","5000001","5000201","chr7","39959558","39959756","44","34959557"
"chr26","5004583","5004666","chr2","10374722","10374802","23","5370139"
"chr26","5150929","5151199","chr7","52596334","52596625","39","47445405"
"chr26","5280406","5280694","chr10","27594987","27595275","43","22314581"
"chr26","6101987","6102259","chr1","112665869","112666137","42","106563882"
"chr26","6153572","6153881","chr7","51625931","51626237","10","45472359"
"chr26","6354957","6355259","chr7","51423352","51423654","1","45068395"
"chr26","6362463","6362758","chr7","51415532","51415825","11","45053069"
"chr26","6384650","6384958","chr7","51393417","51393722","10","45008767"
"chr26","6408187","6408477","chr7","51363817","51364107","6","44955630"
"chr26","6673643","6673921","chr7","51093010","51093302","19","44419367"
"chr26","6845315","6845612","chr7","50921321","50921621","11","44076006"
"chr26","6993618","6993926","chr7","50755139","50755422","34","43761521"
"chr26","7022195","7022452","chr7","50727613","50727899","36","43705418"
"chr26","7026082","7026382","chr7","133512341","133512637","55","126486259"
"chr26","7039805","7040033","chr11","53142761","53142982","38","46102956"
"chr26","7204921","7205138","chr10","90385274","90385491","34","83180353"
"chr26","7214459","7214765","chr7","50541841","50542143","20","43327382"
"chr26","7221404","7221724","chr7","50526599","50526904","21","43305195"
"chr26","7240716","7241040","chr7","50507735","50508058","12","43267019"
"chr26","7342494","7342774","chr7","50407773","50408045","12","43065279"
"chr26","7427553","7427861","chr7","50322043","50322349","15","42894490"
"chr26","7437934","7438213","chr7","50311673","50311952","8","42873739"
"chr26","7566735","7567039","chr7","50249511","50249792","29","42682776"
"chr26","7653814","7654123","chr2","149003574","149003882","43","141349760"
"chr26","7781449","7781795","chr7","50130009","50130311","48","42348560"
"chr26","7836776","7837076","chr7","50073670","50073966","12","42236894"
"chr26","7868266","7868371","chr16","46046285","46046394","27","38178019"
"chr26","7878505","7878724","chr7","50030368","50030583","8","42151863"
"chr26","7898657","7898948","chr7","50010075","50010364","12","42111418"
"chr26","7899208","7899285","chrX","131304892","131304971","8","123405684"
"chr26","7901183","7901460","chr7","50007874","50008165","27","42106691"
"chr26","7933832","7934136","chr7","49973660","49973960","16","42039828"
"chr26","7953303","7953587","chr7","49953599","49953893","17","42000296"
"chr26","7956082","7956344","chr7","49951176","49951431","13","41995094"
"chr26","8017595","8017890","chr19","13599878","13600174","34","5582283"
"chr26","8096860","8096947","chr1","192591687","192591775","20","184494827"
"chr26","8314911","8315046","chr13","102045852","102045981","16","93730941"
"chr26","8319537","8319809","chr1","14141684","14141954","32","5822147"
"chr26","8339886","8340067","chr7","49658360","49658542","14","41318474"
"chr26","8357856","8358178","chr1","79123","79441","55","8278733"
"chr26","8372371","8372668","chr7","49627226","49627519","17","41254855"
"chr26","8382401","8382687","chr7","49616755","49617058","22","41234354"
"chr26","8382976","8383284","chr7","49616137","49616443","15","41233161"
"chr26","8410126","8410427","chr5","45547723","45548028","50","37137597"
"chr26","8411500","8411798","chr15","105630305","105630601","38","97218805"
"chr26","8471991","8472296","chr6","160220855","160221152","49","151748864"
"chr26","8487195","8487485","chr7","49504966","49505255","5","41017771"
"chr26","8520511","8520815","chr7","49472799","49473100","12","40952288"
"chr26","8538321","8538627","chr7","49452330","49452634","9","40914009"
"chr26","8541070","8541188","chr2","61470321","61470439","16","52929251"
"chr26","8550762","8551070","chr4","56583800","56584109","56","48033038"
"chr26","8572437","8572776","chr15","60250369","60250674","64","51677932"
"chr26","8577202","8577491","chr7","49410790","49411088","19","40833588"
"chr26","8587241","8587548","chr7","49399554","49399860","11","40812313"
"chr26","8596318","8596628","chr10","32417996","32418307","41","23821678"
"chr26","8609448","8609631","chr1","19775982","19776154","35","11166534"
"chr26","8609928","8609990","chr16","51701031","51701090","16","43091103"
"chr26","8718567","8718642","chr19","44123362","44123445","20","35404795"
"chr26","8779303","8779491","chr7","49200182","49200359","12","40420879"
"chr26","8824248","8824544","chr7","49153661","49153946","13","40329413"
"chr26","8826115","8826413","chr7","49151798","49152097","8","40325683"
"chr26","8950865","8951162","chr7","49025421","49025714","17","40074556"
"chr26","8978628","8978928","chr7","48997656","48997954","14","40019028"
"chr26","9147226","9147514","chr7","48823099","48823387","9","39675873"
"chr26","9249318","9249422","chr7","48718403","48718507","3","39469085"
"chr26","9261033","9261321","chr7","48706774","48707077","25","39445741"
"chr26","9327182","9327490","chr7","48640496","48640808","13","39313314"
"chr26","9530502","9530807","chrX","28745828","28746133","39","19215326"
"chr26","9587409","9587696","chr7","48349271","48349559","7","38761862"
"chr26","9810184","9810493","chr7","48123530","48123840","6","38313346"
"chr26","9814283","9814580","chr7","48111627","48111924","8","38297344"
"chr26","9815690","9816001","chr7","48123530","48123840","9","38307840"
"chr26","10012487","10012795","chr7","47919018","47919325","17","37906531"
"chr26","10012919","10013218","chr1","217770749","217771048","41","207757830"
"chr26","10265183","10265474","chr7","47658911","47659206","9","37393728"
"chr26","10565120","10565419","chr7","47353018","47353319","8","36787898"
"chr26","10571755","10571986","chr7","47346444","47346675","5","36774689"
"chr26","10571987","10572280","chr7","47346150","47346443","6","36774163"
"chr26","10684045","10684339","chr7","47227805","47228102","11","36543760"
"chr26","10774427","10774730","chr7","47131337","47131642","11","36356910"
"chr26","10787142","10787369","chr7","47119736","47119963","10","36332594"
"chr26","10810176","10810473","chr16","50757049","50757341","41","39946873"
"chr26","10838591","10838742","chr19","35471280","35471437","34","24632689"
"chr26","10971906","10972180","chr1","139265170","139265450","44","128293264"
"chr26","11000483","11000778","chr7","46942329","46942620","9","35941846"
"chr26","11083139","11083376","chr7","46855930","46856167","3","35772791"
"chr26","11157831","11158138","chr7","46777010","46777317","27","35619179"
"chr26","11286239","11286535","chr7","46648282","46648578","4","35362043"
"chr26","11313022","11313344","chr7","46621997","46622329","18","35308975"
"chr26","11387603","11387905","chr7","46550253","46550552","11","35162650"
"chr26","11398198","11398499","chr7","46539974","46540272","16","35141776"
"chr26","11424013","11424314","chr7","46514228","46514530","10","35090215"
"chr26","11675183","11675470","chr7","46260521","46260822","26","34585338"
"chr26","11852733","11853024","chr7","46078856","46079154","11","34226123"
"chr26","11888408","11888606","chr7","46045467","46045669","14","34157059"
"chr26","12356885","12357196","chr14","48016372","48016681","40","35659487"
"chr26","12392943","12393251","chr7","45530275","45530582","10","33137332"
"chr26","12841454","12841753","chr7","45074358","45074663","16","32232904"
"chr26","12883117","12883421","chr7","45033063","45033367","4","32149946"
"chr26","13226147","13226456","chr7","44692230","44692539","15","31466083"
"chr26","13560483","13560610","chr7","44352620","44352743","8","30792137"
"chr26","13620807","13621125","chr7","44291819","44292137","11","30671012"
"chr26","14119020","14119324","chr7","43791892","43792196","8","29672872"
"chr26","14267497","14267665","chr7","58056502","58056683","37","43789005"
"chr26","14284772","14285064","chr7","43621817","43622109","11","29337045"
"chr26","14511527","14511832","chr14","107950262","107950560","42","93438735"
"chr26","14586332","14586646","chr7","43319267","43319575","30","28732935"
"chr26","14703038","14703335","chr7","43202324","43202624","11","28499286"
"chr26","14725475","14725784","chr3","163385781","163386087","37","148660306"
"chr26","15262518","15262817","chr7","42634383","42634676","21","27371865"
"chr26","15289499","15289674","chr7","42606545","42606698","24","27317046"
"chr26","15305443","15305752","chr7","42590215","42590512","20","27284772"
"chr26","15308042","15308257","chr7","42587713","42587922","12","27279671"
"chr26","15318859","15319167","chr7","42577049","42577361","13","27258190"
"chr26","15421136","15421440","chr7","42471965","42472262","13","27050829"
"chr26","15613330","15613636","chr7","42278533","42278844","11","26665203"
"chr26","15659508","15659690","chr8","39522470","39522626","44","23862962"
"chr26","15822662","15822966","chr7","42069605","42069905","9","26246943"
"chr26","16012693","16012989","chr7","41876306","41876628","32","25863613"
"chr26","16014309","16014602","chr13","110851364","110851653","44","94837055"
"chr26","16143786","16144078","chr7","41743922","41744226","23","25600136"
"chr26","16300842","16301144","chr7","41585226","41585529","7","25284384"
"chr26","16323037","16323325","chr7","41561987","41562274","12","25238950"
"chr26","16347147","16347317","chr7","41537437","41537607","3","25190290"
"chr26","16459173","16459412","chr7","41424916","41425155","3","24965743"
"chr26","16565868","16566172","chrX","91196525","91196830","42","74630657"
"chr26","16604455","16604747","chr9","84621580","84621874","31","68017125"
"chr26","16671990","16672290","chr7","41213410","41213705","14","24541420"
"chr26","16873058","16873281","chr7","41010620","41010838","11","24137562"
"chr26","16924779","16924999","chr7","40958829","40959049","8","24034050"
"chr26","16932035","16932326","chr7","40951484","40951791","30","24019449"
"chr26","16935820","16936009","chr5","97497589","97497761","39","80561769"
"chr26","16936316","16936449","chr6","47849580","47849709","16","30913264"
"chr26","16987230","16987526","chr7","40894300","40894596","13","23907070"
"chr26","17006568","17006702","chr7","40875102","40875234","3","23868534"
"chr26","17007951","17008256","chr1","53665897","53666198","35","36657946"
"chr26","17008306","17008611","chr7","40873204","40873509","4","23864898"
"chr26","17012192","17012490","chr7","40869381","40869677","14","23857189"
"chr26","17151676","17151851","chr7","40728052","40728227","2","23576376"
"chr26","17176166","17176338","chr7","40703676","40703847","7","23527510"
"chr26","17196071","17196364","chr7","40679082","40679375","11","23483011"
"chr26","17217092","17217240","chr7","40656331","40656485","8","23439239"
"chr26","17225838","17226138","chr7","40647108","40647409","9","23421270"
"chr26","17237953","17238246","chr7","40635044","40635335","4","23397091"
"chr26","17270001","17270309","chr7","40602765","40603074","7","23332764"
"chr26","17347801","17348078","chr7","40523069","40523346","11","23175268"
"chr26","17582794","17583086","chr7","40284822","40285122","19","22702028"
"chr26","17635805","17636103","chr1","217770749","217771048","38","200134944"
"chr26","17696472","17696637","chr7","40171567","40171740","15","22475095"
"chr26","17732017","17732144","chr15","13945665","13945792","13","3786352"
"chr26","17732457","17732635","chr8","100191307","100191488","25","82458850"
"chr26","17732687","17732991","chr7","40135086","40135392","16","22402399"
"chr26","17755363","17755501","chr17","24226938","24227076","20","6471575"
"chr26","17787581","17787884","chr2","176864663","176864968","62","159077082"
"chr26","17805656","17805901","chr7","40061369","40061621","16","22255713"
"chr26","17931968","17932268","chr19","44171189","44171493","44","26239221"
"chr26","18097600","18097898","chr10","71268206","71268509","35","53170606"
"chr26","18107972","18108257","chr7","39760254","39760541","9","21652282"
"chr26","18266977","18267187","chr3","112000001","112000215","46","93733024"
"chr26","18312712","18313019","chr7","39554567","39554874","10","21241855"
"chr26","18338352","18338564","chr16","4657696","4657895","32","13680656"
"chr26","18338565","18338763","chr7","126682400","126682598","24","108343835"
"chr26","18339755","18340037","chr15","82707577","82707867","37","64367822"
"chr26","18391871","18392042","chr15","105561519","105561693","23","87169648"
"chr26","18413417","18413606","chr5","142039789","142039979","43","123626372"
"chr26","18442249","18442545","chr7","39421346","39421639","14","20979097"
"chr26","18479338","18479612","chr14","18431699","18431969","45","47639"
"chr26","18483946","18484129","chr7","39369777","39369979","19","20885831"
"chr26","18564315","18564609","chr6","2618893","2619187","43","15945422"
"chr26","18607109","18607388","chr7","39245130","39245438","35","20638021"
"chr26","18612499","18612808","chr7","39239366","39239675","8","20626867"
"chr26","18647346","18647625","chr7","39206061","39206364","32","20558715"
"chr26","18744595","18744904","chrX","108139917","108140226","45","89395322"
"chr26","18783135","18783425","chr7","39057707","39057996","16","20274572"
"chr26","18783450","18783751","chr7","39057372","39057682","22","20273922"
"chr26","18794847","18795149","chr7","39040582","39040879","9","20245735"
"chr26","18799218","18799390","chr9","26580472","26580636","34","7781254"
"chr26","18799688","18799832","chr2","55063458","55063595","24","36263770"
"chr26","18820293","18820637","chr7","39019197","39019541","10","20198904"
"chr26","18914831","18915130","chr7","38842410","38842721","23","19927579"
"chr26","18954128","18954291","chr7","38805884","38806052","6","19851756"
"chr26","18978608","18978739","chrX","65491826","65491967","28","46513218"
"chr26","18979332","18979521","chr5","35273347","35273505","47","16294015"
"chr26","19032003","19032284","chr1","163982460","163982753","63","144950457"
"chr26","19085303","19085431","chr7","120718298","120718424","14","101632995"
"chr26","19130509","19130805","chr7","38625023","38625319","7","19494514"
"chr26","19142062","19142380","chr7","38613292","38613597","22","19471230"
"chr26","19147136","19147436","chr7","38608387","38608687","4","19461251"
"chr26","19166805","19167104","chr7","38587632","38587932","8","19420827"
"chr26","19181478","19181778","chr7","38571803","38572104","15","19390325"
"chr26","19183415","19183675","chr7","38569924","38570188","14","19386509"
"chr26","19183838","19184134","chr1","184169186","184169479","36","164985348"
"chr26","19201819","19202120","chrX","28745828","28746133","41","9544009"
"chr26","19285472","19285778","chr7","38473097","38473403","12","19187625"
"chr26","19349638","19349930","chr19","15489451","15489743","38","3860187"
"chr26","19357488","19357796","chr7","38400341","38400646","21","19042853"
"chr26","19461518","19461787","chr1","203568421","203568692","36","184106903"
"chr26","19478262","19478465","chr7","38275501","38275705","17","18797239"
"chr26","19557573","19557885","chr7","38194125","38194437","3","18636552"
"chr26","19828369","19828682","chr7","37919322","37919632","19","18090953"
"chr26","19858236","19858530","chr7","37889200","37889494","11","18030964"
"chr26","19896894","19897201","chr1","47199040","47199335","56","27302146"
"chr26","19970644","19970918","chr7","37776564","37776838","5","17805920"
"chr26","20059111","20059407","chr7","37683636","37683927","19","17624525"
"chr26","20161782","20162067","chr14","8624838","8625132","58","11536944"
"chr26","20327125","20327418","chr7","37412518","37412812","6","17085393"
"chr26","20329900","20330030","chr1","125213986","125214113","21","104884086"
"chr26","20393169","20393467","chr7","37346218","37346513","10","16953049"
"chr26","20535876","20536142","chr7","37200302","37200569","6","16664426"
"chr26","20543001","20543280","chr7","37193029","37193331","31","16650028"
"chr26","20584792","20585069","chr7","37152539","37152816","7","16567747"
"chr26","20639012","20639306","chr7","37098604","37098895","13","16459592"
"chr26","20660513","20660810","chr1","27513704","27514001","33","6853191"
"chr26","20787501","20787636","chr5","111699622","111699752","16","90912121"
"chr26","20787931","20788081","chr11","51815504","51815652","28","31027573"
"chr26","20854611","20854907","chr3","10886078","10886377","38","9968533"
"chr26","21024673","21024970","chr7","36713564","36713850","24","15688891"
"chr26","21160514","21160693","chr12","57375913","57376086","39","36215399"
"chr26","21161000","21161057","chr16","51701031","51701090","8","30540031"
"chr26","21327252","21327559","chr7","36406270","36406578","15","15079018"
"chr26","21452607","21452907","chr7","36274461","36274763","15","14821854"
"chr26","21606278","21606521","chr5","78756152","78756392","37","57149874"
"chr26","21646280","21646589","chr7","36070101","36070401","22","14423821"
"chr26","21756466","21756629","chr4","103351435","103351601","30","81594969"
"chr26","21830201","21830502","chr7","35880467","35880757","27","14050266"
"chr26","21957424","21957731","chr7","35752125","35752451","32","13794701"
"chr26","22169334","22169635","chr6","173551711","173552010","41","151382377"
"chr26","22197390","22197692","chr7","131985215","131985509","48","109787825"
"chr26","22269944","22270252","chr7","35440386","35440696","14","13170442"
"chr26","22290334","22290641","chr7","35420024","35420331","11","13129690"
"chr26","22298157","22298415","chr15","6438791","6439051","31","15859366"
"chr26","22806664","22806949","chr7","34899317","34899602","7","12092653"
"chr26","23057731","23058027","chr7","34647973","34648283","25","11590242"
"chr26","23059017","23059324","chr7","34646681","34646988","9","11587664"
"chr26","23236688","23237005","chr7","34459719","34460037","16","11223031"
"chr26","23267170","23267429","chr7","34436294","34436562","18","11169124"
"chr26","23399960","23400238","chr7","34294042","34294334","26","10894082"
"chr26","23489074","23489367","chr7","34203289","34203589","20","10714215"
"chr26","23773742","23773935","chr7","33925225","33925418","7","10151483"
"chr26","23813104","23813305","chr20","27426210","27426408","39","3613106"
"chr26","23835397","23835706","chr7","33864101","33864388","36","10028704"
"chr26","23910365","23910649","chr7","33784118","33784405","12","9873753"
"chr26","23913530","23913875","chr4","24051300","24051621","69","137770"
"chr26","24098568","24098865","chr14","19322798","19323096","52","4775770"
"chr26","24283756","24284037","chr7","33412446","33412740","24","9128690"
"chr26","24303880","24303996","chr4","3638567","3638675","17","20665313"
"chr26","24314838","24315165","chr5","129307672","129307996","61","104992834"
"chr26","24322920","24323038","chr7","33373243","33373361","3","9050323"
"chr26","24460009","24460308","chr7","33234309","33234621","16","8774300"
"chr26","24471433","24471737","chr7","33220957","33221262","9","8749524"
"chr26","24538874","24539137","chr7","33152269","33152532","6","8613395"
"chr26","24545795","24546109","chr8","28797580","28797889","40","4251785"
"chr26","24606854","24607147","chr7","33082593","33082887","12","8475739"
"chr26","24640559","24640851","chr7","33049249","33049541","8","8408690"
"chr26","24640893","24641117","chr7","33048980","33049204","5","8408087"
"chr26","24647490","24647779","chr7","33041595","33041887","7","8394105"
"chr26","24665333","24665592","chr7","33019925","33020183","7","8354592"
"chr26","24665747","24666051","chr7","33019473","33019770","17","8353726"
"chr26","24694757","24695060","chr7","32989692","32989989","20","8294935"
"chr26","24748114","24748362","chr7","32937537","32937781","14","8189423"
"chr26","24758374","24758555","chr1","19775982","19776154","30","4982392"
"chr26","24758864","24758935","chr20","459004","459074","12","24299860"
"chr26","24831108","24831386","chr7","32855228","32855506","6","8024120"
"chr26","24895562","24895864","chr7","32788645","32788945","7","7893083"
"chr26","25089980","25090284","chr5","173975721","173976034","53","148885741"
"chr26","25119801","25120100","chr7","32567858","32568159","13","7448057"
"chr26","26091752","26091866","chr17","11520456","11520574","15","14571296"
"chr26","26166622","26166917","chr4","100341429","100341712","61","74174807"
"chr26","26328667","26328964","chr11","103146997","103147288","42","76818330"
"chr26","26361570","26361864","chr1","27513704","27514001","60","1152134"
"chr26","26380242","26380523","chr7","31297597","31297887","14","4917355"
"chr26","26498165","26498448","chr7","31179600","31179881","9","4681435"
"chr26","26532540","26532841","chr7","31143088","31143382","36","4610548"
"chr26","26625415","26625650","chr11","104584664","104584900","50","77959249"
"chr26","26634529","26634835","chr7","31040480","31040787","8","4405951"
"chr26","26648946","26649206","chr7","31023536","31023796","16","4374590"
"chr26","26658115","26658357","chr7","31023536","31023796","22","4365421"
"chr26","26749974","26750280","chr7","30924323","30924620","17","4174349"
"chr26","26816460","26816745","chr6","48014414","48014697","44","21197954"
"chr26","26877122","26877399","chr5","131121441","131121712","43","104244319"
"chr26","27042730","27043014","chr7","30642993","30643254","27","3600263"
"chr26","27253492","27253798","chr7","30435317","30435623","11","3181825"
"chr26","27474054","27474357","chr7","30199085","30199391","19","2725031"
"chr26","27627057","27627231","chr6","132712830","132712998","19","105085773"
"chr26","27728172","27728232","chr16","51701031","51701090","11","23972859"
"chr26","27749573","27749873","chr7","29916945","29917243","16","2167372"
"chr26","27752105","27752412","chr1","153875470","153875774","48","126123365"
"chr26","27762104","27762263","chr7","29913422","29913598","24","2151318"
"chr26","27769206","27769509","chr7","29905911","29906202","24","2136705"
"chr26","27785514","27785803","chr7","29889117","29889405","11","2103603"
"chr26","27821037","27821055","chr7","145790583","145790608","13","117969546"
"chr26","27821082","27821349","chr1","81208416","81208689","53","53387334"
"chr26","27838507","27838801","chr1","38259809","38260102","47","10421302"
"chr26","27891754","27892060","chr1","18413691","18413998","61","9478063"
"chr26","27902703","27902999","chr7","29773135","29773435","15","1870432"
"chr26","27910290","27910576","chr6","51765657","51765954","49","23855367"
"chr26","27986789","27987093","chr19","46761323","46761624","45","18774534"
"chr26","27993310","27993524","chr12","45001580","45001797","33","17008270"
"chr26","27998152","27998451","chr7","29671769","29672069","14","1673617"
"chr26","28052362","28052660","chr7","29612768","29613064","20","1560406"
"chr26","28052666","28052796","chr7","67494514","67494644","13","39441848"
"chr26","28107072","28107313","chr7","29555493","29555734","4","1448421"
"chr26","28164632","28164893","chr7","29490251","29490541","47","1325619"
"chr26","28352373","28352681","chr7","29301393","29301698","20","949020"
"chr26","28543202","28543382","chr7","29101799","29101959","32","558597"
"chr26","28605231","28605528","chr7","29030792","29031092","12","425561"
"chr26","28683806","28684079","chr7","28952261","28952534","8","268455"
"chr26","28749251","28749564","chr7","28888096","28888412","17","138845"
"chr26","29019724","29019887","chr7","28621481","28621637","14","398243"
"chr26","29309550","29309831","chr7","28322216","28322497","8","987334"
"chr26","29412185","29412496","chr7","28219325","28219636","7","1192860"
"chr26","29773470","29773779","chr7","27853033","27853343","17","1920437"
"chr26","29981338","29981635","chr7","27641577","27641888","33","2339761"
"chr26","30058855","30059175","chr7","27563285","27563597","14","2495570"
"chr26","30371251","30371577","chr7","27249584","27249916","31","3121667"
"chr26","30578697","30578853","chr7","97437099","97437258","23","66858402"
"chr26","30586237","30586543","chr7","27028178","27028483","15","3558059"
"chr26","30763476","30763783","chr1","43206634","43206939","45","12443158"
"chr26","30858296","30858615","chr7","26753253","26753565","12","4105043"
"chr26","30858729","30859047","chr7","26752808","26753128","9","4105921"
"chr26","30939083","30939362","chr7","26670395","26670674","12","4268688"
"chr26","30998163","30998465","chr3","52536837","52537137","47","21538674"
"chr26","31049542","31049841","chr7","26561492","26561793","7","4488050"
"chr26","31092574","31092852","chr3","47366342","47366620","38","16273768"
"chr26","31120443","31120737","chr7","59115867","59116164","42","27995424"
"chr26","31121526","31121818","chr7","26489090","26489380","16","4632436"
"chr26","31284929","31285059","chr7","26320617","26320747","1","4964312"
"chr26","31358665","31358964","chr7","26245268","26245565","9","5113397"
"chr26","31398820","31398999","chr7","29676736","29676918","40","1722084"
"chr26","31410788","31411102","chr7","26190507","26190818","18","5220281"
"chr26","31439006","31439296","chr7","26162071","26162365","11","5276935"
"chr26","31441808","31442104","chr7","26159293","26159594","14","5282515"
"chr26","31442107","31442399","chr7","26158997","26159290","14","5283110"
"chr26","31557321","31557576","chr7","26045490","26045757","18","5511831"
"chr26","31713443","31713740","chr6","172177218","172177517","37","140463775"
"chr26","31718816","31719128","chr10","70009581","70009891","40","38290765"
"chr26","32257440","32257705","chr7","25342191","25342456","6","6915249"
"chr26","32491960","32492269","chr7","25103846","25104153","21","7388114"
"chr26","32535878","32536191","chr7","25059391","25059687","28","7476487"
"chr26","32548999","32549308","chr7","25045662","25045966","11","7503337"
"chr26","32602221","32602517","chr7","24989017","24989314","8","7613204"
"chr26","32620782","32621073","chr2","41662345","41662636","39","9041563"
"chr26","32664425","32664727","chr7","24927297","24927594","14","7737128"
"chr26","32671946","32672151","chr10","7555728","7555934","43","25116218"
"chr26","32695666","32695977","chr7","24894662","24894976","12","7801004"
"chr26","32735135","32735413","chr7","24854689","24854967","5","7880446"
"chr26","32803351","32803658","chr7","24787225","24787537","15","8016126"
"chr26","32821234","32821498","chr7","24768877","24769175","45","8052357"
"chr26","32874254","32874552","chr7","24714991","24715289","11","8159263"
"chr26","32886915","32887232","chr7","24701682","24701969","41","8185233"
"chr26","32906999","32907288","chr7","24680335","24680622","13","8226664"
"chr26","32933084","32933361","chr7","24663545","24663819","16","8269539"
"chr26","32934131","32934409","chr7","24650443","24650743","31","8283688"
"chr26","32997568","32997871","chr7","24581079","24581382","8","8416489"
"chr26","33010278","33010556","chr7","24567111","24567384","16","8443167"
"chr26","33039471","33039752","chr4","153173836","153174115","32","120134365"
"chr26","33057316","33057608","chr7","24519820","24520111","4","8537496"
"chr26","33065027","33065198","chr7","24512233","24512400","15","8552794"
"chr26","33132373","33132661","chr7","24445614","24445931","36","8686759"
"chr26","33261431","33261632","chr7","24313658","24313862","12","8947773"
"chr26","33460623","33460924","chr7","24104831","24105136","13","9355792"
"chr26","34004442","34004736","chr7","23562590","23562894","28","10441852"
"chr26","34464935","34465199","chr7","23088658","23088929","25","11376277"
"chr26","34581674","34581984","chr7","22972271","22972577","15","11609403"
"chr26","34924146","34924304","chr9","84908163","84908318","24","49984017"
"chr26","34933070","34933351","chr7","22625428","22625735","34","12307642"
"chr26","35096571","35096875","chr4","16747413","16747711","42","18349158"
"chr26","35289980","35290286","chr7","22266385","22266692","16","13023595"
"chr26","35759018","35759316","chr7","21791763","21792061","7","13967255"
"chr26","36235045","36235332","chr3","171610616","171610898","38","135375571"
"chr26","36344480","36344770","chr7","21184189","21184483","20","15160291"
"chr26","36462964","36463247","chr7","21058227","21058513","18","15404737"
"chr26","36476116","36476408","JH680017","12318","12634","35","36463798"
"chr26","36970002","36970149","chr18","9574737","9574878","25","27395265"
"chr26","37363041","37363353","chr7","20171107","20171409","15","17191934"
"chr26","37498754","37499042","chr7","20031545","20031832","14","17467209"
"chr26","37522505","37522688","chr8","100191307","100191488","38","62668802"
"chr26","37537544","37537841","chr13","125541390","125541690","49","88003846"
"chr26","37558041","37558350","chr7","19967207","19967514","8","17590834"
"chr26","37591025","37591313","chr7","19933571","19933860","8","17657454"
"chr26","37784151","37784450","chr1","28146328","28146638","66","9637823"
"chr26","37788796","37788955","chr13","86660799","86660961","54","48872003"
"chr26","37843761","37844047","chr7","19674244","19674553","30","18169517"
"chr26","37880625","37880857","chr7","19638176","19638387","27","18242449"
"chr26","37894151","37894451","chr7","19627594","19627893","9","18266557"
"chr26","37959058","37959367","chr14","77890180","77890485","47","39931122"
"chr26","38005410","38005624","chr7","19514600","19514814","5","18490810"
"chr26","38119828","38120137","chr7","19399952","19400262","12","18719876"
"chr26","38286928","38287163","chr7","19289778","19290012","8","18997150"
"chr26","38360253","38360307","chr3","44253619","44253673","11","5893366"
"chr26","38391873","38392166","chr7","19184852","19185143","11","19207021"
"chr26","38422026","38422327","chr7","19154015","19154315","14","19268011"
"chr26","38456537","38456578","chr7","40026639","40026685","16","1570102"
"chr26","38456679","38456959","chr17","77009101","77009382","32","38552422"
"chr26","38461551","38461859","chr7","19114469","19114772","14","19347082"
"chr26","38475400","38475691","chr7","19100666","19100960","11","19374734"
"chr26","38510157","38510428","chr7","19053113","19053384","5","19457044"
"chr26","38525478","38525761","chr7","19037616","19037899","9","19487862"
"chr26","38533864","38534177","chr7","19029136","19029457","21","19504728"
"chr26","38586605","38586896","chr7","18972775","18973066","15","19613830"
"chr26","38596981","38597269","chr7","18961996","18962284","12","19634985"
"chr26","38630746","38631044","chr7","18933088","18933386","6","19697658"
"chr26","38632753","38632962","chr7","18931167","18931375","5","19701586"
"chr26","38677168","38677468","chr7","18886816","18887126","21","19790352"
"chr26","38677637","38677838","chr7","18886430","18886641","13","19791207"
"chr26","38714457","38714747","chr7","18849293","18849580","8","19865164"
"chr26","38717597","38717910","chr7","18846122","18846437","7","19871475"
"chr26","38731659","38731856","chr7","18832142","18832339","0","19899517"
"chr26","38731867","38732167","chr7","18831825","18832123","5","19900042"
"chr26","38755833","38756128","chr7","18809809","18810104","10","19946024"
"chr26","38764380","38764540","chr7","18802474","18802630","5","19961906"
"chr26","38771398","38771706","chr12","36444891","36445198","38","2326507"
"chr26","38792309","38792437","chr7","131094416","131094546","13","92302107"
"chr26","38814637","38814946","chr13","114705092","114705397","39","75890455"
"chr26","38864294","38864609","chr7","18697917","18698219","22","20166377"
"chr26","39030622","39030924","chr7","18536189","18536490","8","20494433"
"chr26","39168969","39169241","chr7","18390931","18391198","10","20778038"
"chr26","39182768","39183062","chr7","18375882","18376187","18","20806886"
"chr26","39241569","39241878","chr7","18316351","18316652","20","20925218"
"chr26","39253234","39253537","chr2","147796910","147797205","36","108543676"
"chr26","39262183","39262332","chr1","30028124","30028263","23","9234059"
"chr26","39262367","39262529","chr16","70198814","70198977","25","30936447"
"chr26","39302448","39302764","chr7","18254782","18255095","11","21047666"
"chr26","39329774","39330071","chr8","15883159","15883455","46","23446615"
"chr26","39351943","39352246","chr7","18234647","18234949","7","21117296"
"chr26","39406472","39406779","chr7","18161738","18162041","11","21244734"
"chr26","39447504","39447826","chr3","96136709","96137037","48","56689205"
"chr26","39451391","39451692","chr13","79190966","79191261","38","39739575"
"chr26","39463238","39463553","chr7","18109935","18110246","15","21353303"
"chr26","39600069","39600354","chr7","17974030","17974312","9","21626039"
"chr26","39651676","39651746","chr13","12661992","12662048","22","26989684"
"chr26","39707717","39707907","chr7","17864988","17865178","6","21842729"
"chr26","39718523","39718835","chr7","17854206","17854525","22","21864317"
"chr26","39867762","39868063","chr7","17703632","17703931","28","22164130"
"chr26","39933828","39934118","chr7","17631827","17632125","13","22302001"
"chr26","39962491","39962793","chr7","17601869","17602171","11","22360622"
"chr26","39968755","39969054","chr7","17595132","17595427","10","22373623"
"chr26","40069442","40069743","chr7","17497546","17497839","19","22571896"
"chr26","40098774","40099072","chr7","17465838","17466132","13","22632936"
"chr26","40153963","40154212","chr1","92616917","92617170","39","52462954"
"chr26","40170769","40170987","chr7","17399305","17399519","4","22771464"
"chr26","40192027","40192334","chr7","17378381","17378689","8","22813646"
"chr26","40264897","40265143","chr7","17307280","17307525","14","22957617"
"chr26","40268586","40268886","chr2","98436125","98436433","47","58167539"
"chr26","40270379","40270510","chr9","61929700","61929830","13","21659321"
"chr26","40396781","40397054","chr13","112546160","112546432","31","72149379"
"chr26","40677104","40677404","chr7","16896929","16897226","9","23780175"
"chr26","40759375","40759660","chr7","16813589","16813870","26","23945786"
"chr26","41239956","41240253","chr7","16332790","16333069","24","24907166"
"chr26","41264913","41265204","chr7","16307370","16307648","18","24957543"
"chr26","41301421","41301734","chr5","174041357","174041657","52","132739936"
"chr26","41301972","41302274","chr7","38962613","38962910","40","2339359"
"chr26","41304331","41304589","chr2","152060688","152060961","57","110756357"
"chr26","41305654","41305929","chrX","12592161","12592437","47","28713493"
"chr26","41349427","41349729","chr7","16219839","16220142","7","25129588"
"chr26","41353042","41353349","chr7","16216217","16216516","18","25136825"
"chr26","41374191","41374489","chr7","16195662","16195959","8","25178529"
"chr26","41465817","41466112","chr3","152241829","152242119","44","110776012"
"chr26","41540214","41540495","chr4","153173836","153174115","32","111633622"
"chr26","41548113","41548387","chr7","16017182","16017457","9","25530931"
"chr26","41573845","41574139","chr7","15988144","15988433","11","25585701"
"chr26","41579245","41579522","chr7","15982084","15982395","42","25597161"
"chr26","41613267","41613569","chr7","15945464","15945768","12","25667803"
"chr26","41720896","41721190","chr7","15849294","15849587","8","25871602"
"chr26","41740368","41740666","chr1","218083470","218083765","35","176343102"
"chr26","41754040","41754180","chr1","11081089","11081232","33","30672951"
"chr26","41792944","41793270","chr7","15777580","15777903","11","26015364"
"chr26","41814839","41815085","chr7","43179604","43179849","34","1364765"
"chr26","41825040","41825205","chr7","15748960","15749141","23","26076080"
"chr26","41840891","41841081","chr16","40834321","40834520","47","1006570"
"chr26","41841098","41841269","chr1","110101391","110101568","50","68260293"
"chr26","41841850","41842014","chr16","19922656","19922815","31","21919194"
"chr26","41873580","41873886","chr7","15688042","15688351","18","26185538"
"chr26","41909262","41909413","chr7","15652912","15653064","5","26256350"
"chr26","41998071","41998367","chr7","15564128","15564417","14","26433943"
"chr26","42002143","42002440","chr7","15559707","15560004","3","26442436"
"chr26","42028370","42028677","chr6","142906072","142906386","46","100877702"
"chr26","42163341","42163638","chr7","15394590","15394891","13","26768751"
"chr26","42322645","42322938","chr7","15230666","15230962","14","27091979"
"chr26","42333432","42333714","chr1","213558170","213558454","36","171224738"
"chr26","42388820","42389073","chr9","104154211","104154453","41","61765391"
"chr26","42487144","42487230","chr12","69827062","69827152","22","27339918"
"chr26","42489362","42489668","chr7","15045733","15046043","14","27443629"
"chr26","42610168","42610451","chr7","14923032","14923315","10","27687136"
"chr26","42916906","42917218","chr7","14606003","14606315","11","28310903"
"chr26","43393699","43393910","chr7","14123121","14123330","6","29270578"
"chr26","43397605","43397886","chr9","71562572","71562860","45","28164967"
"chr26","43409060","43409264","chr7","14107654","14107858","7","29301406"
"chr26","43436237","43436532","chr7","14080293","14080590","16","29355944"
"chr26","43634856","43635130","chr9","83759698","83759973","44","40124842"
"chr26","44063045","44063351","chr7","32567858","32568159","42","11495187"
"chr26","44082575","44082888","chr7","24787225","24787537","45","19295350"
"chr26","44253996","44254167","chr19","34581520","34581689","43","9672476"
"chr26","44469953","44470240","chr7","13028915","13029215","18","31441038"
"chr26","44810171","44810479","chr7","12692948","12693255","19","32117223"
"chr26","45313185","45313462","chr7","12183861","12184135","10","33129324"
"chr26","45385177","45385408","chr7","12111538","12111792","33","33273639"
"chr26","45422441","45422739","chr7","12073784","12074078","13","33348657"
"chr26","45840269","45840571","chr7","11659846","11660162","27","34180423"
"chr26","45894706","45895018","chr7","11604170","11604450","43","34290536"
"chr26","45967791","45968088","chr7","11530753","11531051","11","34437038"
"chr26","46173847","46174140","chr7","11296548","11296841","10","34877299"
"chr26","47268695","47268710","chr9","32916732","32916748","11","14351963"
"chr26","47268749","47269032","chr14","15360953","15361233","39","31907796"
"chr26","47284668","47284835","chr7","10183001","10183174","19","37101667"
"chr26","47626554","47626852","chr7","9832161","9832461","15","37794393"
"chr26","47822298","47822592","chr7","63458509","63458804","33","15636211"
"chr26","47878430","47878743","chr7","9571974","9572284","24","38306456"
"chr26","47939867","47940171","chr7","9507470","9507774","8","38432397"
"chr26","47977177","47977432","chr13","55529062","55529318","42","7551885"
"chr26","48464968","48465272","chr7","9006300","9006605","13","39458668"
"chr26","48562463","48562755","chr7","8905309","8905602","7","39657154"
"chr26","48576921","48577144","chr2","149255065","149255289","33","100678144"
"chr26","48797433","48797734","chr7","8671802","8672105","9","40125631"
"chr26","48800036","48800342","chr7","8668905","8669198","25","40131131"
"chr26","48817345","48817646","chr7","8650867","8651168","7","40166478"
"chr26","48834864","48835154","chr7","8632959","8633255","16","40201905"
"chr26","48873794","48874094","chr1","27006519","27006818","38","21867275"
"chr26","48883524","48883810","chr19","15142415","15142716","67","33741109"
"chr26","48886800","48886873","chr3","150333047","150333098","31","101446247"
"chr26","48917899","48918075","chr1","19775982","19776154","28","29141917"
"chr26","48976489","48976806","chr7","8496720","8497036","14","40479769"
"chr26","49059790","49060091","chr7","8410453","8410756","19","40649337"
"chr26","49063746","49064046","chr7","8406659","8406958","14","40657087"
"chr26","49153420","49153722","chrX","7286644","7286945","38","41866776"
"chr26","49301673","49301966","chr7","8152595","8152906","33","41149078"
"chr26","49503260","49503553","chr7","7952079","7952370","16","41551181"
"chr26","49530941","49531247","chr7","7924227","7924528","11","41606714"
"chr26","49657291","49657594","chr12","80466149","80466446","48","30808858"
"chr26","49688217","49688525","chr7","7765102","7765395","20","41923115"
"chr26","49696335","49696544","chr1","3671483","3671698","28","46024852"
"chr26","49705794","49706102","chr7","7747271","7747563","24","41958523"
"chr26","49760161","49760469","chr7","7693656","7693965","26","42066505"
"chr26","49947969","49948267","chr7","7501297","7501595","14","42446672"
"chr26","50010209","50010513","chr7","7438734","7439037","9","42571475"
"chr26","50360923","50361213","chr4","148808667","148808959","38","98447744"
"chr26","50560558","50560854","chr7","6935170","6935467","13","43625388"
"chr26","50722296","50722606","chr7","6767690","6767989","20","43954606"
"chr26","50723290","50723594","chr7","6766739","6767043","14","43956551"
"chr26","50755704","50755828","chr1","134324751","134324881","16","83569047"
"chr26","51242427","51242712","chr10","28230658","28230945","36","23011769"
"chr26","51428392","51428702","chr3","103906951","103907262","42","52478559"
"chr26","51516372","51516666","chr1","42353131","42353436","36","9163241"
"chr26","51535696","51535991","chr7","5955413","5955717","34","45580283"
"chr26","51717175","51717354","chr1","19775982","19776154","26","31941193"
"chr26","51717667","51717799","chr1","30028124","30028263","14","21689543"
"chr26","51797590","51797886","chr5","34939017","34939316","34","16858573"
"chr26","51981501","51981727","chr7","4660652","4660871","14","47320849"
"chr26","52106337","52106634","chr19","48174971","48175267","33","3931366"
"chr26","52225850","52226113","chr4","37457450","37457713","46","14768400"
"chr26","52448523","52448731","chr15","30314291","30314499","41","22134232"
"chr26","52503725","52503955","chr13","60018618","60018848","37","7514893"
"chr26","52547327","52547610","chr19","1074823","1075116","58","51472504"
"chr26","52616423","52616739","chr19","30012489","30012798","48","22603934"
"chr26","52690008","52690316","chr7","5373954","5374254","17","47316054"
"chr26","52746080","52746382","chr16","22081615","22081922","50","30664465"
"chr26","52790682","52791005","chr7","5475951","5476260","20","47314731"
"chr26","52805821","52806050","chr4","35766092","35766310","46","17039729"
"chr26","52909210","52909515","chr7","5549530","5549839","10","47359680"
"chr26","52976246","52976536","chr7","5616637","5616931","17","47359609"
"chr26","52992998","52993014","chr9","32916732","32916748","12","20076266"
"chr26","52993052","52993340","chr7","5633345","5633663","42","47359707"
"chr26","53183486","53183779","chr5","58041009","58041316","42","4857523"
"chr26","53185212","53185389","chr6","76965850","76966031","30","23780638"
"chr26","53185697","53185709","chr9","32916732","32916748","11","20268965"
"chr26","53234650","53234943","chr9","124872509","124872802","14","71637859"
"chr26","53241821","53242115","chr9","124880045","124880355","28","71638224"
"chr26","53399306","53399595","chr9","125048662","125048952","16","71649356"
"chr26","53515006","53515297","chr15","10842017","10842312","33","42672989"
"chr26","53560245","53560369","chr7","4269769","4269906","14","49290476"
"chr26","53590207","53590510","chr7","4239496","4239789","26","49350711"
"chr26","53631008","53631307","chr7","4198718","4199022","23","49432290"
"chr26","53657340","53657644","chr3","127577597","127577891","43","73920257"
"chr26","53705959","53706252","chr6","14536169","14536461","45","39169790"
"chr26","53729719","53729997","chr16","64472090","64472369","34","10742371"
"chr26","53781656","53781967","chr7","4445544","4445850","10","49336112"
"chr26","53800982","53801307","chr7","4423442","4423772","18","49377540"
"chr26","53871045","53871238","chr7","4037852","4038045","6","49833193"
"chr26","53932015","53932317","chr7","3975365","3975666","8","49956650"
"chr26","53973585","53973893","chr7","3930681","3930993","14","50042904"
"chr26","54108655","54108952","chr7","3792618","3792918","13","50316037"
"chr26","54603975","54604297","chr8","23726355","23726661","51","30877620"
"chr26","54858226","54858535","chr7","3030059","3030354","23","51828167"
"chr26","54993816","54994108","chr7","2893906","2894205","21","52099910"
"chr26","55067447","55067739","chr7","2818258","2818549","10","52249189"
"chr26","55169248","55169555","chr7","2717177","2717484","11","52452071"
"chr26","55310887","55311139","chr7","2574077","2574324","16","52736810"
"chr26","55316160","55316440","chr7","2568447","2568723","11","52747713"
"chr26","55331655","55331961","chr7","2552794","2553094","17","52778861"
"chr26","55360262","55360426","chr1","152824194","152824363","30","97463932"
"chr26","55518001","55518325","chr7","2363761","2364090","23","53154240"
"chr26","55531617","55531927","chr19","14562944","14563258","42","40968673"
"chr26","55578806","55578965","chr7","2302159","2302318","6","53276647"
"chr26","55677376","55677684","chr7","2200897","2201200","18","53476479"
"chr26","55680352","55680660","chr7","95850425","95850732","36","40170073"
"chr26","55730082","55730391","chr7","2148996","2149296","16","53581086"
"chr26","55816611","55816667","chr16","51701031","51701090","13","4115580"
"chr26","55844390","55844668","chr7","2033478","2033755","11","53810912"
"chr26","56040984","56041304","chr7","1839900","1840203","31","54201084"
"chr26","56052506","56052818","chr5","101329543","101329852","44","45277037"
"chr26","56074636","56074930","chr12","12393668","12393965","40","43680968"
"chr26","56224548","56224858","chr7","1649819","1650112","29","54574729"
"chr26","56368260","56368564","JH681052","1064805","1065110","14","55303455"
"chr26","56495667","56495933","JH681052","1200430","1200696","12","55295237"
"chr26","56801047","56801333","chr7","1517116","1517400","6","55283931"
"chr26","57133254","57133560","chr7","1172989","1173295","13","55960265"
"chr26","57171259","57171568","chr7","1135276","1135592","25","56035983"
"chr26","57184883","57185050","chr13","25905887","25906053","25","31278996"
"chr26","57450400","57450707","chr6","89170891","89171200","47","31720491"
"chr26","57472441","57472751","chr9","56992847","56993155","41","479594"
"chr26","57645204","57645530","chr7","703550","703871","29","56941654"
"chr26","57647696","57647945","chr7","701334","701576","12","56946362"
"chr26","57701756","57702055","chr7","653899","654191","31","57047857"
"chr26","57718656","57718966","chr16","32414102","32414417","38","25304554"
"chr26","57791701","57791964","chr7","562954","563219","12","57228747"
"chr26","57989953","57990224","chr7","358708","358979","11","57631245"
"chr27","8519654","8519960","chr5","36554070","36554351","40","28034416"
"chr27","1347325","1347628","chr5","43938727","43939033","10","42591402"
"chr27","1379595","1379901","chr5","43906752","43907055","12","42527157"
"chr27","1411031","1411283","chr5","43868499","43868760","15","42457468"
"chr27","1432677","1432975","chr5","43847616","43847916","7","42414939"
"chr27","1440362","1440665","chr5","43838630","43838935","11","42398268"
"chr27","1443421","1443748","chr18","42958629","42958957","43","41515208"
"chr27","1444645","1444917","chr5","43834417","43834685","9","42389772"
"chr27","1481957","1482257","chr5","43798623","43798921","12","42316666"
"chr27","1529841","1530142","chr5","43749579","43749886","15","42219738"
"chr27","2070689","2070988","chr5","43183203","43183492","13","41112514"
"chr27","2166918","2167191","chr6","106835201","106835475","4","104668283"
"chr27","2388426","2388711","chr5","42858403","42858692","9","40469977"
"chr27","2453036","2453340","chr5","42794074","42794374","11","40341038"
"chr27","2650401","2650584","chr5","42587294","42587474","10","39936893"
"chr27","2740026","2740315","chr5","42493931","42494220","10","39753905"
"chr27","2781857","2781870","chr9","32916732","32916748","11","30134875"
"chr27","2781899","2782214","chr5","42493931","42494220","75","39712032"
"chr27","3132962","3133085","chr7","120718298","120718424","17","117585336"
"chr27","3133113","3133244","chr1","147943777","147943901","26","144810664"
"chr27","3244213","3244524","chr5","41976287","41976595","6","38732074"
"chr27","3505765","3506057","chr5","41703257","41703554","16","38197492"
"chr27","3509013","3509289","chr5","41700000","41700276","5","38190987"
"chr27","4028131","4028394","chr1","217326211","217326478","52","213298080"
"chr27","4227111","4227281","chr6","85030770","85030944","50","80803659"
"chr27","4652314","4652616","chr5","40529229","40529535","17","35876915"
"chr27","5115495","5115775","chr5","40049652","40049928","13","34934157"
"chr27","5169768","5170069","chr5","39994930","39995244","25","34825162"
"chr27","5215037","5215338","chr5","39943742","39944043","5","34728705"
"chr27","5236015","5236326","chr5","39912325","39912634","8","34676310"
"chr27","5561053","5561332","chr5","39543687","39543986","24","33982634"
"chr27","5590087","5590377","chr5","39514267","39514542","21","33924180"
"chr27","5815829","5816090","chr5","39263302","39263563","5","33447473"
"chr27","6145938","6146226","chr5","38919695","38919987","13","32773757"
"chr27","6193141","6193453","chr9","37190254","37190557","52","30997113"
"chr27","6216855","6217166","chr12","39915072","39915374","46","33698217"
"chr27","6593641","6593939","chr5","38468947","38469234","21","31875306"
"chr27","6979221","6979395","chr5","38119077","38119258","15","31139856"
"chr27","7121606","7121840","chr7","127419680","127419920","44","120298074"
"chr27","7156526","7156851","chr5","37937297","37937608","28","30780771"
"chr27","7258175","7258475","chr2","173190140","173190450","45","165931965"
"chr27","7765402","7765697","chr5","37325443","37325738","6","29560041"
"chr27","7869274","7869599","chr5","37219076","37219381","29","29349802"
"chr27","7874476","7874768","chr5","37213923","37214221","16","29339447"
"chr27","7921450","7921752","chr5","37167012","37167302","23","29245562"
"chr27","7968657","7968967","chr5","37118942","37119234","31","29150285"
"chr27","7971515","7971798","chr5","37116086","37116374","18","29144571"
"chr27","8079016","8079249","chr5","37004074","37004307","10","28925058"
"chr27","8102995","8103295","chr7","38962613","38962910","39","30859618"
"chr27","8139861","8140156","chr1","31261228","31261523","43","23121367"
"chr27","8270204","8270524","chr5","36807015","36807326","24","28536811"
"chr27","8359174","8359483","chr6","154098666","154098974","45","145739492"
"chr27","8427872","8428172","chr5","36650264","36650566","14","28222392"
"chr27","8472371","8472659","chr13","17437038","17437328","47","8964667"
"chr27","8865136","8865282","chr1","30028124","30028263","20","21162988"
"chr27","8865328","8865505","chr14","31856154","31856328","27","22990826"
"chr27","8916027","8916331","chr5","36160899","36161210","22","27244872"
"chr27","9115999","9116297","chr4","138137923","138138215","49","129021924"
"chr27","9239576","9239880","chr19","9137092","9137395","48","102484"
"chr27","9245022","9245306","chr19","37139106","37139386","33","27894084"
"chr27","9253932","9254150","chr14","116874021","116874232","40","107620089"
"chr27","9364425","9364728","chr5","35704605","35704906","9","26340180"
"chr27","9370890","9371190","chr5","35697778","35698076","7","26326888"
"chr27","9389734","9390023","chr5","35678528","35678817","6","26288794"
"chr27","9405267","9405452","chr5","35662632","35662817","1","26257365"
"chr27","9594697","9594854","chr16","19922656","19922815","31","10327959"
"chr27","9601689","9601974","chr5","35467770","35468054","5","25866081"
"chr27","9662312","9662539","chr18","12679863","12680106","51","3017551"
"chr27","9707485","9707774","chr5","35326081","35326370","3","25618596"
"chr27","9737420","9737727","chr2","5999410","5999718","42","3738010"
"chr27","9761195","9761352","chr5","35273347","35273505","3","25512152"
"chr27","9783603","9783784","chr10","27274433","27274610","32","17490830"
"chr27","9894836","9895125","chr5","35137952","35138240","6","25243116"
"chr27","9922370","9922545","chr5","35109047","35109222","2","25186677"
"chr27","9950926","9951226","chr5","35080160","35080456","16","25129234"
"chr27","10005756","10006058","chr1","55110624","55110917","54","45104868"
"chr27","10034918","10035236","chr5","34987444","34987730","45","24952526"
"chr27","10036913","10037221","chr5","34985455","34985763","12","24948542"
"chr27","10041381","10041510","chr6","47849580","47849709","24","37808199"
"chr27","10123627","10123915","chr5","34900645","34900921","18","24777018"
"chr27","10173351","10173370","chr7","145790583","145790608","13","135617232"
"chr27","10173681","10173859","chr8","92892879","92893059","33","82719198"
"chr27","10218731","10219022","chr5","34804003","34804293","20","24585272"
"chr27","10259827","10260038","chr5","34756783","34756995","5","24496956"
"chr27","10271563","10271788","chr19","7828363","7828592","39","2443200"
"chr27","10272207","10272498","chr20","70817416","70817712","34","60545209"
"chr27","10273758","10274059","chr5","34753741","34754029","21","24479983"
"chr27","10286871","10287022","chr5","34728938","34729089","3","24442067"
"chr27","10295529","10295769","chr5","34720842","34721067","39","24425313"
"chr27","10298845","10299140","chr5","34717503","34717806","17","24418658"
"chr27","10316805","10317121","chr5","34697907","34698219","12","24381102"
"chr27","10319313","10319609","chr5","34698874","34699170","3","24379561"
"chr27","10320375","10320655","chr5","34695653","34695933","7","24375278"
"chr27","10328763","10329050","chr5","34689739","34690029","15","24360976"
"chr27","10461087","10461377","chr5","34559672","34559963","7","24098585"
"chr27","10483495","10483667","chr20","20156932","20157107","48","9673437"
"chr27","10483924","10484205","chr5","34534672","34534973","28","24050748"
"chr27","10497274","10497406","chr11","74966065","74966200","17","64468791"
"chr27","10497708","10497885","chr10","18431579","18431752","29","7933871"
"chr27","10498136","10498446","chr5","34520368","34520681","7","24022232"
"chr27","10519612","10519911","chr5","34496858","34497157","10","23977246"
"chr27","10532859","10533150","chr5","34480918","34481204","10","23948059"
"chr27","10583866","10584037","chr5","34427947","34428118","2","23844081"
"chr27","10585182","10585470","chr5","34426184","34426480","17","23841002"
"chr27","10589101","10589407","chr5","34419694","34419993","21","23830593"
"chr27","10611164","10611478","chrX","111172971","111173289","45","100561807"
"chr27","10622707","10623009","chr7","120713889","120714187","40","110091182"
"chr27","10639092","10639389","chrX","51165804","51166099","34","40526712"
"chr27","10672106","10672411","chr1","37223173","37223482","39","26551067"
"chr27","10686804","10687106","chr5","34314277","34314595","29","23627473"
"chr27","10722284","10722580","chr5","34279019","34279315","15","23556735"
"chr27","10747107","10747412","chr5","34253367","34253672","8","23506260"
"chr27","10750617","10750972","chr5","34249818","34250173","4","23499201"
"chr27","10808410","10808717","chr8","56782524","56782826","42","45974114"
"chr27","10814095","10814379","chr5","34197961","34198242","4","23383866"
"chr27","10834658","10834828","chr12","59239946","59240109","22","48405288"
"chr27","10835116","10835250","chr15","7139680","7139810","18","3695436"
"chr27","10867072","10867272","chr5","34143682","34143882","7","23276610"
"chr27","10914582","10914877","chr6","135934118","135934406","42","125019536"
"chr27","10942534","10942848","chr5","34062453","34062767","11","23119919"
"chr27","10996514","10996785","chr5","34007150","34007422","7","23010636"
"chr27","11035095","11035360","chr5","33966514","33966774","9","22931419"
"chr27","11052026","11052322","chr5","33949288","33949583","7","22897262"
"chr27","11111503","11111715","chr5","33889043","33889255","1","22777540"
"chr27","11124469","11124750","chr5","33876672","33876975","28","22752203"
"chr27","11137791","11137942","chr5","33864249","33864407","9","22726458"
"chr27","11164491","11164790","chr5","33838217","33838517","13","22673726"
"chr27","11174214","11174530","chr5","33829473","33829781","22","22655259"
"chr27","11242743","11243020","chr5","33760863","33761142","8","22518120"
"chr27","11264260","11264544","chr5","33737615","33737904","12","22473355"
"chr27","11279243","11279543","chr5","33724667","33724966","7","22445424"
"chr27","11340741","11341031","chr5","33666105","33666402","21","22325364"
"chr27","11445814","11446085","chr1","9617318","9617584","42","1828496"
"chr27","11590506","11590759","chr4","9250294","9250554","35","2340212"
"chr27","11597327","11597644","chr5","33425370","33425686","20","21828043"
"chr27","11698247","11698562","chr5","33323823","33324141","15","21625576"
"chr27","11913186","11913496","chr2","98134419","98134717","49","86221233"
"chr27","11937179","11937465","chr5","33087413","33087697","8","21150234"
"chr27","12027067","12027363","chr5","32990346","32990642","7","20963279"
"chr27","12116339","12116642","chr5","32900653","32900959","23","20784314"
"chr27","12134227","12134534","chr2","1378446","1378754","40","10755781"
"chr27","12231881","12232186","chr6","121656199","121656500","36","109424318"
"chr27","12281621","12281918","chr6","77077531","77077811","49","64795910"
"chr27","12309603","12309890","chr5","32704741","32705029","10","20395138"
"chr27","12677669","12677951","chr4","27196757","27197033","70","14519088"
"chr27","12691427","12691728","chr5","32318221","32318520","12","19626794"
"chr27","12913367","12913680","chr5","32089579","32089892","17","19176212"
"chr27","13541059","13541344","chr5","31468615","31468903","11","17927556"
"chr27","14465169","14465499","chr5","30643559","30643876","26","16178390"
"chr27","15000001","15000196","chr20","27426210","27426408","28","12426209"
"chr27","15060139","15060441","chr4","127797953","127798259","45","112737814"
"chr27","15298221","15298539","chr5","29820366","29820655","37","14522145"
"chr27","15384473","15384618","chr8","135870967","135871117","46","120486494"
"chr27","15384650","15384777","chr20","61247127","61247256","19","45862477"
"chr27","15648413","15648477","chr5","29481593","29481657","0","13833180"
"chr27","15648478","15648688","chr5","29481373","29481592","15","13832895"
"chr27","15852881","15853171","chr5","29275605","29275895","9","13422724"
"chr27","16288266","16288568","chr5","28847302","28847605","16","12559036"
"chr27","16421034","16421254","chr5","28714095","28714299","24","12293061"
"chr27","16577088","16577370","chr5","28565537","28565820","13","11988449"
"chr27","16608056","16608353","chr19","48174971","48175267","44","31566915"
"chr27","16863219","16863504","chr8","63420825","63421118","50","46557606"
"chr27","16998569","16998862","chr6","35621177","35621477","44","18622608"
"chr27","17445386","17445675","chr1","989161","989451","49","16456225"
"chr27","17592489","17592795","chr5","27563147","27563442","23","9970658"
"chr27","17624898","17625190","chr5","27524241","27524528","25","9899343"
"chr27","17890626","17890826","chr5","27275962","27276164","10","9385336"
"chr27","18299898","18300190","chr19","15489451","15489743","47","2810447"
"chr27","18307075","18307394","chr4","24051300","24051621","44","5744225"
"chr27","18333316","18333589","chr5","26851549","26851822","5","8518233"
"chr27","18379231","18379521","chr5","26804930","26805220","25","8425699"
"chr27","18418240","18418567","chr1","129936614","129936928","54","111518374"
"chr27","18802043","18802339","chr2","42556049","42556347","49","23754006"
"chr27","18850492","18850801","chr5","26336185","26336494","16","7485693"
"chr27","18862156","18862475","chr5","26324633","26324926","33","7462477"
"chr27","18979385","18979700","chr5","26206991","26207300","24","7227606"
"chr27","19134731","19134925","chr5","174477211","174477407","38","155342480"
"chr27","19175178","19175467","chr5","26009388","26009681","16","6834210"
"chr27","19178220","19178532","chr5","26003720","26004033","8","6825500"
"chr27","19540613","19540907","chr5","25637042","25637340","17","6096429"
"chr27","19545042","19545344","chr5","25632626","25632916","27","6087584"
"chr27","19868194","19868467","chr5","25319039","25319311","19","5450845"
"chr27","19912727","19913042","chr5","25267163","25267466","15","5354436"
"chr27","20079840","20080179","chr5","25094681","25095034","35","5014841"
"chr27","20115710","20116011","chr15","17708845","17709148","46","2406865"
"chr27","20891461","20891775","chr7","106892091","106892402","39","86000630"
"chr27","21332609","21332751","chr7","151114237","151114379","19","129781628"
"chr27","21462778","21463100","chr5","23689738","23690037","32","2226960"
"chr27","21823842","21824146","chr5","23328153","23328452","29","1504311"
"chr27","21994964","21995287","chr5","23151982","23152268","42","1157018"
"chr27","22468900","22469214","chr5","22668430","22668744","13","199530"
"chr27","22471029","22471322","chr5","22666311","22666612","19","195282"
"chr27","22489513","22489817","chr5","22648480","22648785","22","158967"
"chr27","22511652","22511803","chr5","22613617","22613768","4","101965"
"chr27","22670676","22670951","chr1","185707155","185707433","38","163036479"
"chr27","23360053","23360345","chr1","44080217","44080512","39","20720164"
"chr27","23506919","23507086","chr5","21605090","21605256","4","1901829"
"chr27","23659924","23660101","chr5","21453544","21453717","8","2206380"
"chr27","23701809","23702107","chr5","21413075","21413376","6","2288734"
"chr27","23849150","23849462","chr5","21263550","21263862","14","2585600"
"chr27","23980233","23980531","chr5","21132503","21132801","2","2847730"
"chr27","24145097","24145387","chr15","27498585","27498875","39","3353488"
"chr27","24148333","24148631","chr5","20959826","20960125","14","3188507"
"chr27","24160719","24161022","chr5","20948150","20948455","17","3212569"
"chr27","24430114","24430415","chr5","20673222","20673517","22","3756892"
"chr27","24474350","24474651","chr5","20628937","20629228","23","3845413"
"chr27","24637893","24638198","chr5","20469826","20470135","18","4168067"
"chr27","24653829","24654127","chr5","20447889","20448189","16","4205940"
"chr27","24678095","24678377","chr6","113294692","113294978","37","88616597"
"chr27","24719669","24719977","chr5","20380217","20380525","7","4339452"
"chr27","24759134","24759368","chr5","20351849","20352092","12","4407285"
"chr27","24789760","24790052","chr5","20319742","20320037","17","4470018"
"chr27","24798238","24798342","chr5","20311335","20311439","3","4486903"
"chr27","24909035","24909245","chr7","63422659","63422869","45","38513624"
"chr27","25054742","25055060","chr5","20053350","20053668","7","5001392"
"chr27","25173632","25173741","chr5","19937332","19937452","14","5236300"
"chr27","25218342","25218612","chr5","19891522","19891792","11","5326820"
"chr27","25355054","25355302","chr7","60438021","60438267","45","35082967"
"chr27","25541234","25541544","chr6","88628976","88629286","41","63087742"
"chr27","25697905","25698063","chr10","60219624","60219764","36","34521719"
"chr27","25787455","25787756","chr7","89242284","89242582","38","63454829"
"chr27","25790225","25790516","chr5","19314306","19314610","21","6475919"
"chr27","25810764","25811066","chr5","19293779","19294078","8","6516985"
"chr27","25914498","25914789","chr5","19194928","19195218","9","6719570"
"chr27","26064739","26065046","chr5","19043086","19043389","10","7021653"
"chr27","26203822","26204001","chr7","120481862","120482053","34","94278040"
"chr27","26456657","26456958","chr5","18651242","18651548","16","7805415"
"chr27","26716659","26716968","chr5","18389627","18389936","10","8327032"
"chr27","26782379","26782665","chr5","18324366","18324651","16","8458013"
"chr27","26951925","26952237","chr5","18155457","18155766","18","8796468"
"chr27","27049231","27049513","chr5","18056672","18056958","9","8992559"
"chr27","27158418","27158607","chr5","17946877","17947077","13","9211541"
"chr27","27217748","27218058","chr5","17885589","17885898","25","9332159"
"chr27","27255619","27255888","chr16","44881532","44881810","41","17625913"
"chr27","27591561","27591872","chr14","29316094","29316399","46","1724533"
"chr27","27629424","27629760","chr5","17458899","17459238","9","10170525"
"chr27","27647452","27647738","chr5","17441191","17441470","14","10206261"
"chr27","27658954","27659264","chr1","38340035","38340345","46","10681081"
"chr27","27725811","27725822","chr9","32916732","32916748","11","5190921"
"chr27","27725853","27726135","chr16","54603165","54603446","44","26877312"
"chr27","27783341","27783642","chr5","17302625","17302937","24","10480716"
"chr27","27792084","27792384","chr5","17293916","17294222","16","10498168"
"chr27","27862998","27863242","chr5","17220973","17221219","7","10642025"
"chr27","27880935","27881149","chr5","17202856","17203063","14","10678079"
"chr27","28041985","28042288","chr5","17034958","17035257","27","11007027"
"chr27","28071818","28072118","chr5","17005182","17005481","15","11066636"
"chr27","28091620","28091925","chr5","16984555","16984851","20","11107065"
"chr27","28235019","28235326","chr5","16841198","16841484","32","11393821"
"chr27","28382771","28383071","chr5","16687708","16688012","10","11695063"
"chr27","28407461","28407774","chr12","44956348","44956657","62","16548887"
"chr27","28498848","28499021","chr10","30508740","30508911","29","2009892"
"chr27","28605541","28605821","chr5","16458412","16458719","33","12147129"
"chr27","28797728","28798028","chr5","16263003","16263305","17","12534725"
"chr27","28876417","28876693","chr5","16183812","16184088","12","12692605"
"chr27","28876869","28877178","chr4","52290669","52290980","46","23413800"
"chr27","28885307","28885539","chr11","111065884","111066104","52","82180577"
"chr27","29364970","29365295","chr5","15682846","15683171","41","13682124"
"chr27","29408214","29408492","chr16","21781850","21782128","42","7626364"
"chr27","29498028","29498344","chr5","15543913","15544206","43","13954115"
"chr27","29693715","29694020","chr5","15350238","15350535","23","14343477"
"chr27","29756237","29756527","chr5","15287840","15288130","13","14468397"
"chr27","29773875","29774183","chr5","15270533","15270814","36","14503342"
"chr27","29987237","29987531","chr5","15059254","15059548","10","14927983"
"chr27","30145852","30146163","chr5","14893538","14893850","12","15252314"
"chr27","30464202","30464511","chr16","10989286","10989594","39","19474916"
"chr27","30497524","30497812","chr7","131985215","131985509","44","101487691"
"chr27","30530674","30530960","chr5","14509307","14509593","6","16021367"
"chr27","30748210","30748511","chr5","14289111","14289415","18","16459099"
"chr27","31262621","31262932","chr5","13769293","13769605","3","17493328"
"chr27","31385062","31385366","chr5","13657895","13658191","25","17727167"
"chr27","31713536","31713831","chr5","13323811","13324105","23","18389725"
"chr27","31828364","31828676","chr5","13205368","13205687","22","18622996"
"chr27","32304289","32304599","chr18","41064044","41064355","43","8759755"
"chr27","32584794","32585100","chr10","65469233","65469538","36","32884439"
"chr27","32615231","32615531","chr5","140103285","140103581","33","107488054"
"chr27","32633610","32633971","chr8","120139498","120139827","75","87505888"
"chr27","32648157","32648333","chr19","327379","327551","33","32320778"
"chr27","32648629","32648762","chr11","74966065","74966200","16","42317436"
"chr27","32700595","32700904","chr5","12274352","12274665","39","20426243"
"chr27","32735304","32735601","chr13","23995139","23995431","39","8740165"
"chr27","32773449","32773751","chrX","25734220","25734518","35","7039229"
"chr27","32920909","32921218","chr5","12045190","12045492","17","20875719"
"chr27","33016011","33016317","chr5","11949764","11950061","16","21066247"
"chr27","33088683","33088903","chr4","33553246","33553458","40","464563"
"chr27","33095453","33095731","chr4","153173836","153174115","45","120078383"
"chr27","33122197","33122421","chr9","60410462","60410695","43","27288265"
"chr27","33132946","33133257","chr5","11833334","11833618","57","21299612"
"chr27","33208929","33209251","chr5","11755119","11755434","20","21453810"
"chr27","33231668","33231891","chr5","11730264","11730488","8","21501404"
"chr27","33283445","33283746","chr5","11678643","11678948","14","21604802"
"chr27","33423361","33423661","chr6","69141111","69141393","63","35717750"
"chr27","33799511","33799814","chr5","11163589","11163892","11","22635922"
"chr27","33808579","33808870","chr3","37560253","37560542","44","3751674"
"chr27","33877922","33878128","chr10","28374773","28374983","38","5503149"
"chr27","33914341","33914660","chr6","148356345","148356657","34","114442004"
"chr27","33983783","33983837","chr1","115571222","115571269","25","81587439"
"chr27","33983888","33984178","chr5","10971707","10972023","41","23012181"
"chr27","33997260","33997560","chr9","87616358","87616658","36","53619098"
"chr27","34236293","34236593","chr5","10716251","10716551","13","23520042"
"chr27","34413094","34413415","chr19","37097543","37097854","51","2684449"
"chr27","34465002","34465314","chr5","10497217","10497543","21","23967785"
"chr27","34483524","34483806","chr5","10475731","10476009","9","24007793"
"chr27","34636257","34636538","chr5","10312969","10313239","17","24323288"
"chr27","34719464","34719765","chr5","10229364","10229664","22","24490100"
"chr27","35381962","35382274","chr5","9567718","9568026","22","25814244"
"chr27","35863654","35863753","chrX","62719211","62719304","35","26855557"
"chr27","35981469","35981722","chr5","8967351","8967631","35","27014118"
"chr27","36542077","36542374","chr5","8406886","8407188","19","28135191"
"chr27","36549538","36549833","chr5","8399415","8399701","18","28150123"
"chr27","36612620","36612909","chr5","8335461","8335750","5","28277159"
"chr27","36697200","36697475","chr11","125655951","125656230","42","88958751"
"chr27","37365409","37365713","chr1","48867065","48867371","47","11501656"
"chr27","37415061","37415365","chr5","7517402","7517706","5","29897659"
"chr27","37629998","37630302","chr5","7296544","7296852","6","30333454"
"chr27","37714087","37714372","chr3","53913208","53913496","52","16199121"
"chr27","38285587","38285897","chr5","6623597","6623907","7","31661990"
"chr27","38361857","38362169","chr5","6546856","6547166","16","31815001"
"chr27","38485176","38485477","chr5","6434848","6435172","26","32050328"
"chr27","38539535","38539770","chr5","6379006","6379241","10","32160529"
"chr27","38915763","38916087","chr5","6012005","6012314","25","32903758"
"chr27","39286569","39286871","chr5","5637761","5638060","28","33648808"
"chr27","39306115","39306423","chr5","5618034","5618366","36","33688081"
"chr27","39583821","39583910","chr5","5340972","5341062","2","34242849"
"chr27","39595297","39595512","chr7","107086246","107086470","37","67490949"
"chr27","39600144","39600459","chr5","5323277","5323591","19","34276867"
"chr27","40029522","40029804","chr5","4854284","4854563","13","35175238"
"chr27","40306246","40306538","chr7","89242284","89242582","48","48936038"
"chr27","40335622","40335930","chr5","4550005","4550315","9","35785617"
"chr27","40371885","40372193","chr13","69267578","69267882","18","28895693"
"chr27","40377092","40377399","chr5","4505845","4506154","12","35871247"
"chr27","40423063","40423372","chr6","143942639","143942944","48","103519576"
"chr27","40425353","40425663","chr6","132494448","132494758","39","92069095"
"chr27","40451813","40451830","chr9","32916732","32916748","13","7535081"
"chr27","40451866","40452136","chr15","101909506","101909787","42","61457640"
"chr27","40529908","40530211","chr5","4363548","4363854","27","36166360"
"chr27","40718604","40718909","chr5","4177521","4177826","5","36541083"
"chr27","41052959","41053190","chr5","3842820","3843050","9","37210139"
"chr27","41110951","41111041","chr8","9375780","9375870","11","31735171"
"chr27","41616612","41616908","chr5","3302133","3302441","26","38314479"
"chr27","41696202","41696510","chr5","3220016","3220327","14","38476186"
"chr27","41946053","41946294","chr5","2972738","2972975","15","38973315"
"chr27","41997324","41997636","chr20","27318388","27318698","37","14678936"
"chr27","42118577","42118882","chr5","2803059","2803358","17","39315518"
"chr27","42811167","42811375","chr5","2104049","2104263","21","40707118"
"chr27","42844936","42845230","chr5","2065858","2066151","11","40779078"
"chr27","42967488","42967634","chr5","1945021","1945166","3","41022467"
"chr27","43003033","43003331","chr10","19793301","19793601","37","23209732"
"chr27","43016788","43016902","chr12","80814918","80815021","27","37798130"
"chr27","43066426","43066694","chr5","1843002","1843271","11","41223424"
"chr27","43153347","43153657","chr5","1753282","1753579","28","41400065"
"chr27","43183749","43184058","chr5","1722283","1722592","12","41461466"
"chr27","43207389","43207703","chr5","1696760","1697068","26","41510629"
"chr27","43928676","43928982","chr18","16317024","16317330","47","27611652"
"chr27","44384826","44385130","chr5","356177","356498","30","44028649"
"chr27","44453696","44453801","chr10","51054650","51054751","34","6600954"
"chr27","44501155","44501455","chr7","37789284","37789582","59","6711871"
"chr27","44631959","44632145","chr5","108111","108302","9","44523848"
"chr27","44822524","44822836","chr1","79123","79441","19","44743401"
"chr27","45445307","45445618","chr1","709290","709601","12","44736017"
"chr27","45465078","45465346","chr1","728834","729104","13","44736244"
"chr27","45570570","45570811","chr1","139579317","139579559","37","94008747"
"chr27","45579615","45579918","chr1","844604","844913","19","44735011"
"chr27","45583082","45583381","chr1","848090","848381","14","44734992"
"chr27","45638195","45638491","chr1","904792","905090","15","44733403"
"chr27","45646755","45646890","chr7","67494514","67494644","25","21847759"
"chr27","45647508","45647683","chr14","31856154","31856328","26","13791354"
"chr27","45715436","45715734","chr10","65766672","65766974","36","20051236"
"chr27","45854537","45854841","chr16","40881726","40882030","47","4972811"
"chr27","45881082","45881385","chr1","1141170","1141480","22","44739912"
"chr27","45971751","45971881","chr1","1238421","1238551","3","44733330"
"chr27","46007977","46008286","chr1","1272659","1272968","11","44735318"
"chr27","46029735","46029887","chr19","12482960","12483114","23","33546775"
"chr27","46053815","46053933","chr1","1322307","1322425","7","44731508"
"chr27","46062126","46062425","chr8","94055543","94055842","41","47993417"
"chr27","46098934","46099238","chr1","1366794","1367099","4","44732140"
"chr27","46109111","46109316","chr1","1376877","1377082","2","44732234"
"chr27","46171205","46171502","chr1","1437685","1437982","12","44733520"
"chr27","46195655","46195954","chr1","1462387","1462685","10","44733268"
"chr27","46213287","46213598","chr1","1480622","1480933","13","44732665"
"chr27","46225398","46225708","chr1","1490948","1491262","9","44734450"
"chr27","46228627","46228932","chr1","1495883","1496186","6","44732744"
"chr27","46237474","46237776","chr3","37817034","37817336","40","8420440"
"chr27","46239182","46239252","chr11","15800360","15800435","12","30438822"
"chr27","46263052","46263348","chr1","1537680","1537980","11","44725372"
"chr27","46282671","46282955","chr1","27513704","27514001","48","18768967"
"chr27","46283603","46283915","chr1","1558108","1558419","12","44725495"
"chr27","46305463","46305642","chr1","19775982","19776154","23","26529481"
"chr27","46451787","46452082","chr1","1722009","1722304","15","44729778"
"chr27","46533740","46533933","chr16","42861575","42861768","34","3672165"
"chr27","46647256","46647462","chr9","110832433","110832640","40","64185177"
"chr27","46726425","46726674","chr1","2000961","2001209","3","44725464"
"chr27","46819324","46819624","chr1","2088878","2089174","12","44730446"
"chr27","46857067","46857276","chr1","2126878","2127087","2","44730189"
"chr27","46878269","46878563","chr1","2146434","2146728","12","44731835"
"chr27","47058077","47058232","chr7","129090498","129090652","27","82032421"
"chr27","47058536","47058587","chr2","47576719","47576770","20","518183"
"chr27","47058849","47058968","chr5","173758367","173758488","17","126699518"
"chr27","47164735","47164919","chr6","125808305","125808485","36","78643570"
"chr27","47413461","47413591","chrX","101901062","101901192","11","54487601"
"chr27","47563434","47563696","chr1","145169343","145169619","46","97605909"
"chr27","47841456","47841709","chr1","3134646","3134900","5","44706810"
"chr27","47884939","47885247","chr1","3180721","3181028","13","44704218"
"chr27","47990839","47991043","chr1","202123535","202123748","36","154132696"
"chr27","48102254","48102401","chr11","30992530","30992678","25","17109724"
"chr27","48102428","48102546","chr1","1322307","1322425","21","46780121"
"chr27","48342983","48343246","chr1","3626824","3627087","13","44716159"
"chr27","48383190","48383405","chr1","3671483","3671698","7","44711707"
"chr27","48448080","48448384","chr1","3736446","3736751","15","44711634"
"chr27","48452113","48452297","chr4","14479468","14479656","23","33972645"
"chr27","48510697","48510982","chr14","4055785","4056070","49","44454912"
"chr28","10354560","10354736","chr1","30670207","30670384","28","20315647"
"chr28","1180235","1180516","chr11","94750444","94750725","47","93570209"
"chr28","1207119","1207449","chr5","53045025","53045351","55","51837906"
"chr28","1216599","1216927","chr16","40386842","40387152","56","39170243"
"chr28","1251390","1251641","chr3","52786183","52786427","18","51534793"
"chr28","1313280","1313581","chr3","52725151","52725452","9","51411871"
"chr28","1345131","1345313","chr3","52694057","52694240","4","51348926"
"chr28","1350864","1351159","chr3","52659389","52659686","6","51308525"
"chr28","1358345","1358399","chr1","142279794","142279841","16","140921449"
"chr28","1365370","1365524","chr8","135870967","135871117","24","134505597"
"chr28","1373827","1374057","chr1","83728780","83729006","42","82354953"
"chr28","1422426","1422720","chr2","87271582","87271880","43","85849156"
"chr28","1461494","1461791","chr3","52536837","52537137","12","51075343"
"chr28","1566509","1566801","chr3","52455519","52455811","6","50889010"
"chr28","1579436","1579590","chr3","52441713","52441865","12","50862277"
"chr28","1594559","1594858","chr3","52426972","52427271","7","50832413"
"chr28","1647352","1647630","chr3","52383652","52383946","21","50736300"
"chr28","1687443","1687739","chr3","52340214","52340507","8","50652771"
"chr28","1704448","1704784","chr1","122973975","122974302","58","121269527"
"chr28","1709914","1710206","chr1","55110624","55110917","48","53400710"
"chr28","1710945","1711246","chr7","38962613","38962910","40","37251668"
"chr28","1756411","1756733","chr5","53045025","53045351","54","51288614"
"chr28","1765425","1765730","chr2","176864663","176864968","44","175099238"
"chr28","1772677","1772875","chr7","88618116","88618301","45","86845439"
"chr28","1772915","1773073","chr4","6664487","6664644","24","4891572"
"chr28","1801796","1801918","chr1","113374605","113374734","20","111572809"
"chr28","1802233","1802400","chr6","132712830","132712998","24","130910597"
"chr28","1820042","1820357","chr3","52308600","52308910","18","50488558"
"chr28","1833057","1833223","chr1","213038359","213038524","27","211205302"
"chr28","1863846","1864134","chr3","52262651","52262944","10","50398805"
"chr28","1867044","1867353","chr3","47239982","47240283","47","45372938"
"chr28","2019539","2019846","chr3","52088970","52089277","6","50069431"
"chr28","2107393","2107689","chr9","56137313","56137605","41","54029920"
"chr28","2113809","2114113","chr3","52042897","52043205","20","49929088"
"chr28","2188157","2188302","chr3","51866003","51866148","1","49677846"
"chr28","2216291","2216447","chr3","51895106","51895275","17","49678815"
"chr28","2248309","2248320","chr9","32916732","32916748","12","30668423"
"chr28","2248348","2248624","chr3","51984559","51984863","39","49736211"
"chr28","2251912","2252224","chr3","51980631","51980943","5","49728719"
"chr28","2289990","2290268","chr3","51940576","51940857","11","49650586"
"chr28","2365980","2366276","chr2","82884788","82885080","44","80518808"
"chr28","2414916","2415210","chr12","14814712","14815005","52","12399796"
"chr28","2416471","2416663","chr19","13769911","13770094","36","11353440"
"chr28","2416977","2417110","chr15","7139680","7139810","18","4722703"
"chr28","2423133","2423441","chr3","51780468","51780792","19","49357335"
"chr28","2424223","2424510","chr3","51779400","51779686","10","49355177"
"chr28","2466723","2467027","chr3","51738860","51739163","11","49272137"
"chr28","2467916","2468130","chr3","51737718","51737932","4","49269802"
"chr28","2475106","2475395","chr3","51729636","51729925","7","49254530"
"chr28","2523508","2523666","chr1","175082649","175082795","42","172559141"
"chr28","2531033","2531343","chr3","51669261","51669575","23","49138228"
"chr28","2588422","2588652","chr3","51613115","51613345","4","49024693"
"chr28","2602251","2602562","chr3","51597285","51597618","33","48995034"
"chr28","2621047","2621360","chr3","51575299","51575611","15","48954252"
"chr28","2625327","2625627","chr3","51571022","51571325","17","48945695"
"chr28","2642472","2642756","chr3","51552859","51553143","23","48910387"
"chr28","2779181","2779486","chr3","51414362","51414659","21","48635181"
"chr28","2794980","2795140","chr3","51396905","51397062","9","48601925"
"chr28","2838816","2839121","chr3","51351491","51351788","21","48512675"
"chr28","2854919","2855223","chr3","51335360","51335640","31","48480441"
"chr28","2901389","2901701","chr3","51291746","51292033","30","48390357"
"chr28","2914258","2914551","chr3","51280338","51280627","16","48366080"
"chr28","2942144","2942412","chr3","51252728","51252994","10","48310584"
"chr28","2973836","2974129","chr11","47605843","47606132","39","44632007"
"chr28","3006114","3006226","chr3","51188372","51188481","9","48182258"
"chr28","3037484","3037673","chr3","51147965","51148153","6","48110481"
"chr28","3065013","3065323","chr3","51126963","51127287","26","48061950"
"chr28","3107631","3107759","chr6","74452348","74452476","14","71344717"
"chr28","3107787","3107933","chr3","43716511","43716650","32","40608724"
"chr28","3183093","3183300","chr3","51009103","51009310","4","47826010"
"chr28","3289931","3290183","chr7","43179604","43179849","39","39889673"
"chr28","3524387","3524525","chr4","52283470","52283609","20","48759083"
"chr28","3601808","3602113","chr3","50591607","50591905","13","46989799"
"chr28","3619278","3619295","chr9","32916732","32916748","11","29297454"
"chr28","3619355","3619602","chr3","50568798","50569040","17","46949443"
"chr28","3651955","3652243","chr3","50533513","50533802","10","46881558"
"chr28","3683394","3683682","chr9","61437156","61437445","40","57753762"
"chr28","3733553","3733914","chr8","120139498","120139827","92","116405945"
"chr28","3756405","3756710","chr3","50428274","50428579","19","46671869"
"chr28","3791197","3791507","chr1","215492199","215492509","43","211701002"
"chr28","3906178","3906482","chr9","84418579","84418877","44","80512401"
"chr28","3913905","3914148","chr3","50269034","50269284","13","46355129"
"chr28","3927021","3927317","chr3","50256312","50256606","13","46329291"
"chr28","4058469","4058607","chr3","50125297","50125436","8","46066828"
"chr28","4068195","4068396","chr1","11127474","11127672","40","7059279"
"chr28","4212077","4212369","chr3","49968847","49969138","5","45756770"
"chr28","4292381","4292603","chr3","49888543","49888768","12","45596162"
"chr28","4394496","4394752","chr3","49789129","49789392","18","45394633"
"chr28","4423964","4424243","chr1","145169343","145169619","36","140745379"
"chr28","4561113","4561382","chr1","152089940","152090208","30","147528827"
"chr28","4562586","4562886","chr3","49619519","49619824","16","45056933"
"chr28","4577825","4578027","chr3","49604396","49604603","9","45026571"
"chr28","4624148","4624436","chr3","49555311","49555599","8","44931163"
"chr28","4645967","4646249","chr3","49534045","49534335","26","44888078"
"chr28","4707059","4707356","chr3","49474966","49475273","19","44767907"
"chr28","4919468","4919765","chr3","49262368","49262680","21","44342900"
"chr28","5104772","5105074","chr3","49071179","49071484","13","43966407"
"chr28","5123044","5123347","chr3","49053232","49053529","14","43930188"
"chr28","5193573","5193867","chr3","48984701","48985018","49","43791128"
"chr28","5249964","5250274","chr3","48920809","48921119","8","43670845"
"chr28","5306900","5307216","chr3","48863532","48863826","32","43556632"
"chr28","5573980","5574268","chr14","50563677","50563961","42","44989697"
"chr28","5594345","5594634","chr3","55369985","55370277","61","49775640"
"chr28","5783055","5783356","chr3","48389210","48389510","9","42606155"
"chr28","5897126","5897367","chr19","34999763","35000000","34","29102637"
"chr28","6030548","6030842","chrX","47107100","47107397","36","41076552"
"chr28","6032801","6033080","chr3","48125201","48125480","7","42092400"
"chr28","6086224","6086507","chr3","48071929","48072212","7","41985705"
"chr28","6185329","6185603","chr9","93559887","93560152","54","87374558"
"chr28","6332113","6332411","chr15","90917621","90917918","34","84585508"
"chr28","6376382","6376688","chr3","47782398","47782705","11","41406016"
"chr28","6394036","6394275","chr3","47765162","47765406","13","41371126"
"chr28","6431379","6431669","chr3","47728419","47728712","12","41297040"
"chr28","6589395","6589716","chr3","47568626","47568950","22","40979231"
"chr28","6621908","6622043","chr7","67494514","67494644","15","60872606"
"chr28","6622357","6622531","chr1","56150277","56150446","28","49527920"
"chr28","6648197","6648487","chr3","47509749","47510034","23","40861552"
"chr28","6709863","6710139","chr3","47450824","47451098","14","40740961"
"chr28","6831337","6831633","chr3","47325462","47325738","27","40494125"
"chr28","6871794","6872016","chr3","47285997","47286219","6","40414203"
"chr28","6884113","6884401","chr19","16717575","16717867","38","9833462"
"chr28","6890807","6891083","chr3","47268210","47268485","16","40377403"
"chr28","6905295","6905431","chr6","117391178","117391317","22","110485883"
"chr28","6910620","6910670","chr13","1581395","1581445","15","5329225"
"chr28","6939706","6939874","chr15","96440767","96440936","32","89501061"
"chr28","7036428","7036732","chr14","29316094","29316399","37","22279666"
"chr28","7067700","7068001","chr3","47085379","47085679","7","40017679"
"chr28","7158291","7158598","chrX","15966596","15966896","45","8808305"
"chr28","7231096","7231386","chr3","46924338","46924627","10","39693242"
"chr28","7345160","7345387","chr3","46809983","46810215","9","39464823"
"chr28","7356328","7356622","chr5","42794074","42794374","34","35437746"
"chr28","7385055","7385366","chr3","46770504","46770793","34","39385449"
"chr28","7391444","7391707","chr3","46761168","46761425","12","39369724"
"chr28","7446087","7446362","chr11","94750444","94750725","37","87304357"
"chr28","7450435","7450709","chr3","46709645","46709939","38","39259210"
"chr28","7470804","7471086","chr3","46688690","46688972","12","39217886"
"chr28","7494663","7494957","chr3","46664125","46664417","15","39169462"
"chr28","7499790","7500000","chr4","66891362","66891565","38","59391572"
"chr28","7577059","7577350","chr19","15489451","15489743","40","7912392"
"chr28","7621091","7621397","chr5","165013359","165013670","47","157392268"
"chr28","7765242","7765531","chr5","78351855","78352146","41","70586613"
"chr28","7777543","7777837","chr3","46413622","46413924","35","38636079"
"chr28","7783129","7783421","chr3","46407987","46408287","21","38624858"
"chr28","7790628","7790925","chr3","46400495","46400794","23","38609867"
"chr28","7811056","7811276","chr7","107086246","107086470","37","99275190"
"chr28","7837283","7837579","chr7","150967583","150967879","42","143130300"
"chr28","7908460","7908790","chr3","46281754","46282091","27","38373294"
"chr28","7937540","7937802","chr17","32287050","32287316","48","24349510"
"chr28","7950273","7950487","chr3","46244176","46244390","9","38293903"
"chr28","7993181","7993339","chr1","12474894","12475046","33","4481713"
"chr28","8002474","8002715","chr13","39455114","39455354","35","31452640"
"chr28","8016017","8016313","chr3","46182451","46182745","12","38166434"
"chr28","8046094","8046389","chr8","76276805","76277102","36","68230711"
"chr28","8055363","8055480","chr8","75401550","75401667","21","67346187"
"chr28","8088717","8088878","chr10","51084484","51084649","24","42995767"
"chr28","8090433","8090588","chr19","12482960","12483114","22","4392527"
"chr28","8145113","8145414","chr1","29151098","29151407","48","21005985"
"chr28","8174307","8174619","chr2","176864663","176864968","45","168690356"
"chr28","8225306","8225592","chr3","45962394","45962658","27","37737088"
"chr28","8256820","8257116","chr3","45928933","45929229","10","37672113"
"chr28","8262650","8262958","chr7","40951484","40951791","35","32688834"
"chr28","8263426","8263697","chr3","45920764","45921022","25","37657338"
"chr28","8301895","8302190","chr3","45881496","45881791","3","37579601"
"chr28","8320391","8320631","chr3","45865396","45865636","10","37545005"
"chr28","8434380","8434679","chr7","38962613","38962910","42","30528233"
"chr28","8453836","8454150","chr3","45721693","45722003","20","37267857"
"chr28","8458385","8458695","chr3","45717772","45718076","16","37259387"
"chr28","8467348","8467629","chr2","145259823","145260099","37","136792475"
"chr28","8467630","8467841","chr5","18903977","18904186","33","10436347"
"chr28","8473577","8473744","chr19","17186615","17186779","29","8713038"
"chr28","8601309","8601599","chr3","45575093","45575383","7","36973784"
"chr28","8653851","8654119","chr3","45521501","45521753","20","36867650"
"chr28","8659232","8659546","chr3","45516062","45516365","23","36856830"
"chr28","8712375","8712667","chr3","45457462","45457757","21","36745087"
"chr28","8714957","8715273","chr3","45454535","45454834","30","36739578"
"chr28","8726139","8726446","chr3","45443305","45443612","3","36717166"
"chr28","8738522","8738685","chr3","45431221","45431377","12","36692699"
"chr28","8771796","8772081","chr10","33313320","33313596","39","24541524"
"chr28","8784914","8785210","chr3","21986299","21986599","42","13201385"
"chr28","8786187","8786497","chr3","45372317","45372625","24","36586130"
"chr28","8813582","8813877","chr6","51494635","51494920","43","42681053"
"chr28","8838353","8838487","chr1","113374605","113374734","18","104536252"
"chr28","8875223","8875528","chr3","45269551","45269858","13","36394328"
"chr28","8909512","8909780","chr14","13252190","13252459","38","4342678"
"chr28","8937293","8937602","chr3","45208819","45209128","16","36271526"
"chr28","9016633","9016927","chr16","19883882","19884171","39","10867249"
"chr28","9153797","9153944","chr3","44985113","44985255","7","35831316"
"chr28","9216324","9216631","chr3","44921246","44921548","17","35704922"
"chr28","9218128","9218410","chr3","44919430","44919707","21","35701302"
"chr28","9266029","9266158","chr1","125213986","125214113","23","115947957"
"chr28","9271679","9271983","chr3","44862214","44862523","20","35590535"
"chr28","9281110","9281408","chr3","44851771","44852072","11","35570661"
"chr28","9323405","9323609","chr3","44803804","44804006","9","35480399"
"chr28","9371622","9371916","chr3","44757304","44757601","28","35385682"
"chr28","9405125","9405362","chr10","70243545","70243771","45","60838420"
"chr28","9408552","9408862","chr3","44723587","44723896","20","35315035"
"chr28","9412297","9412525","chr15","55819299","55819528","46","46407002"
"chr28","9493972","9494276","chr3","46477170","46477469","46","36983198"
"chr28","9514056","9514330","chr16","56705854","56706129","43","47191798"
"chr28","9517505","9517768","chr3","44584392","44584655","2","35066887"
"chr28","9544883","9545182","chr3","44593424","44593723","9","35048541"
"chr28","9601525","9601863","chr1","46518047","46518354","71","36916522"
"chr28","9635098","9635371","chr15","97061406","97061689","40","87426308"
"chr28","9642947","9643279","chr1","190728238","190728548","71","181085291"
"chr28","9684964","9685235","chr3","44414570","44414842","9","34729606"
"chr28","9985308","9985606","chr3","44104945","44105245","10","34119637"
"chr28","9991313","9991577","chr3","44099084","44099346","8","34107771"
"chr28","9994832","9995138","chr3","44095503","44095798","23","34100671"
"chr28","10040766","10040883","chr3","169410230","169410340","20","159369464"
"chr28","10106907","10107215","chr3","43976943","43977244","21","33870036"
"chr28","10116247","10116529","chr3","43963440","43963722","10","33847193"
"chr28","10119195","10119485","chr2","55278893","55279184","41","45159698"
"chr28","10125078","10125378","chr3","43954234","43954537","12","33829156"
"chr28","10131780","10132088","chr3","43947193","43947501","15","33815413"
"chr28","10151556","10151942","chr4","84443218","84443581","74","74291662"
"chr28","10273343","10273641","chr1","2886678","2886972","41","7386665"
"chr28","10287916","10288197","chr3","43788504","43788794","31","33500588"
"chr28","10292621","10292921","chr6","173551711","173552010","48","163259090"
"chr28","10340792","10341048","chr16","49685089","49685346","66","39344297"
"chr28","10345869","10346162","chr1","47199040","47199335","52","36853171"
"chr28","10355036","10355052","chr13","77378324","77378343","11","67023288"
"chr28","10372523","10372802","chr14","84917223","84917500","39","74544700"
"chr28","10455588","10455886","chr3","43615496","43615801","13","33159908"
"chr28","10488722","10489016","chr15","27498585","27498875","38","17009863"
"chr28","10568198","10568487","chr3","43500296","43500585","12","32932098"
"chr28","10576675","10576925","chr3","43491783","43492051","27","32915108"
"chr28","10645257","10645408","chr16","48582108","48582261","22","37936851"
"chr28","10664159","10664456","chr3","43399143","43399440","16","32734984"
"chr28","10683931","10684225","chr5","33708345","33708639","49","23024414"
"chr28","10699853","10700164","chr3","43365065","43365373","18","32665212"
"chr28","10720402","10720571","chr3","43339775","43339943","4","32619373"
"chr28","10759984","10760286","chr3","43299423","43299722","23","32539439"
"chr28","10768983","10768997","chr9","32916732","32916748","11","22147749"
"chr28","10769290","10769461","chr1","19775982","19776154","32","9006692"
"chr28","10777458","10777757","chr2","48036280","48036576","37","37258822"
"chr28","10789391","10789681","chr3","43268979","43269269","8","32479588"
"chr28","10851241","10851541","chr18","69139447","69139748","41","58288206"
"chr28","10870755","10871048","chr10","81667311","81667605","38","70796556"
"chr28","10880807","10880964","chr2","50073640","50073802","28","39192833"
"chr28","10883394","10883509","chr3","43168812","43168927","6","32285418"
"chr28","10884637","10884842","chr19","4613202","4613422","47","6271435"
"chr28","10903816","10904114","chr19","48174971","48175267","32","37271155"
"chr28","11044810","11045113","chr3","43009753","43010039","33","31964943"
"chr28","11081432","11081730","chr3","42974330","42974630","22","31892898"
"chr28","11118143","11118371","chr3","42938084","42938312","8","31819941"
"chr28","11143961","11144218","chr3","42911981","42912232","9","31768020"
"chr28","11144659","11144869","chr3","42911325","42911541","11","31766666"
"chr28","11153782","11154075","chr7","159816911","159817210","61","148663129"
"chr28","11212207","11212507","chr6","152645567","152645867","42","141433360"
"chr28","11264055","11264364","chr3","42790478","42790781","10","31526423"
"chr28","11274605","11274830","chr3","42780531","42780768","22","31505926"
"chr28","11388087","11388386","chr3","42665050","42665346","12","31276963"
"chr28","11465042","11465352","chr3","42589656","42589966","16","31124614"
"chr28","11472974","11473259","chr3","42581431","42581718","21","31108457"
"chr28","11484044","11484340","chr17","5958695","5958992","41","5525349"
"chr28","11522203","11522513","chr3","42520859","42521169","10","30998656"
"chr28","11596177","11596442","chr3","42445238","42445528","29","30849061"
"chr28","11632437","11632660","chr3","158077741","158077971","35","146445304"
"chr28","11682821","11683150","chr3","42355973","42356277","36","30673152"
"chr28","11713396","11713628","chr3","42327100","42327341","19","30613704"
"chr28","11766435","11766646","chr19","47788255","47788458","51","36021820"
"chr28","11792183","11792269","chrX","117770003","117770089","23","105977820"
"chr28","11792572","11792735","chr2","50073640","50073802","25","38281068"
"chr28","11801284","11801541","chr3","42234945","42235202","8","30433661"
"chr28","11867633","11867925","chr3","42169896","42170183","15","30302263"
"chr28","11873875","11874181","chr3","42163149","42163454","18","30289274"
"chr28","11906843","11907146","chr3","12962418","12962725","38","1055575"
"chr28","11986860","11987147","chr3","171610616","171610898","39","159623756"
"chr28","12070650","12070948","chr6","121656199","121656500","42","109585549"
"chr28","12083251","12083554","chr1","217770749","217771048","42","205687498"
"chr28","12220815","12221116","chr5","141011443","141011743","52","128790628"
"chr28","12308422","12308708","chr3","41915178","41915464","16","29606756"
"chr28","12395187","12395485","chrX","56847873","56848175","49","44452686"
"chr28","12443041","12443321","chr3","20923251","20923527","52","8480210"
"chr28","12448043","12448339","chr3","41772882","41773180","14","29324839"
"chr28","12500087","12500393","chr3","41708998","41709298","14","29208911"
"chr28","12592528","12592812","chr5","18324366","18324651","55","5731838"
"chr28","12593910","12594199","chr13","125308365","125308653","54","112714455"
"chr28","12594733","12594784","chr9","30006564","30006614","14","17411831"
"chr28","12602736","12603030","chr1","101057397","101057694","37","88454661"
"chr28","12677111","12677395","chr11","105903071","105903355","53","93225960"
"chr28","12696902","12697137","chr18","12679863","12680106","44","17039"
"chr28","12705656","12705953","chr5","21132503","21132801","43","8426847"
"chr28","12744895","12744914","chr9","32916732","32916748","13","20171837"
"chr28","12745247","12745411","chr15","96440767","96440936","26","83695520"
"chr28","12787073","12787373","chr3","41653063","41653367","17","28865990"
"chr28","12798221","12798500","chr3","41641989","41642268","7","28843768"
"chr28","12837144","12837294","chrX","64729355","64729497","24","51892211"
"chr28","12860813","12861102","chr13","125308365","125308653","43","112447552"
"chr28","12880934","12881239","chr3","41548272","41548566","29","28667338"
"chr28","12910019","12910324","chr17","9614138","9614432","31","3295881"
"chr28","12942991","12943247","chr3","41479828","41480084","8","28536837"
"chr28","12943490","12943808","chr3","41479268","41479584","28","28535778"
"chr28","12964603","12964918","chr3","41458032","41458337","17","28493429"
"chr28","12968870","12969181","chr3","41454099","41454412","16","28485229"
"chr28","13000001","13000147","chr6","132836210","132836351","18","119836209"
"chr28","13009043","13009332","chr1","83845105","83845392","59","70836062"
"chr28","13040765","13041063","chr3","41381742","41382039","9","28340977"
"chr28","13105784","13106092","chrX","28745828","28746133","35","15640044"
"chr28","13171172","13171477","chr3","74904320","74904624","40","61733148"
"chr28","13252321","13252599","chr1","47550041","47550302","46","34297720"
"chr28","13349966","13350264","chr9","56014155","56014453","42","42664189"
"chr28","13351860","13352082","chr3","41066661","41066883","7","27714801"
"chr28","13614926","13615224","chr14","18184474","18184776","43","4569548"
"chr28","13666225","13666419","chr9","6166435","6166632","41","7499790"
"chr28","13729163","13729451","chr3","40736334","40736622","4","27007171"
"chr28","13770622","13770790","chr13","89745393","89745560","25","75974771"
"chr28","13782769","13782936","chr16","9315362","9315534","29","4467407"
"chr28","13782964","13783082","chr17","11520456","11520574","14","2262508"
"chr28","13790024","13790152","chrX","101901062","101901192","18","88111038"
"chr28","13790460","13790596","chr14","762537","762668","38","13027923"
"chr28","13810326","13810592","chr11","24860140","24860413","49","11049814"
"chr28","13819727","13820031","chr4","32480381","32480687","37","18660654"
"chr28","13878713","13879013","chr3","40583209","40583509","9","26704496"
"chr28","13891252","13891556","chr3","40570115","40570426","15","26678863"
"chr28","13942389","13942697","chr3","40523443","40523752","17","26581054"
"chr28","13949763","13949922","chr16","47371877","47372035","32","33422114"
"chr28","13996771","13997064","chr3","40461224","40461517","7","26464453"
"chr28","14008176","14008457","chr13","53090682","53090956","38","39082506"
"chr28","14037742","14038048","chr10","71880315","71880618","41","57842573"
"chr28","14094215","14094537","chr3","40364419","40364728","24","26270204"
"chr28","14129876","14130174","chr3","40329161","40329469","20","26199285"
"chr28","14367651","14367964","chr16","41169380","41169687","47","26801729"
"chr28","14453595","14453904","chr4","32480381","32480687","39","18026786"
"chr28","14635368","14635669","chr1","87792105","87792403","46","73156737"
"chr28","14731816","14732116","chr5","90824963","90825256","43","76093147"
"chr28","14760786","14761080","chr3","39691589","39691876","12","24930803"
"chr28","14835712","14836004","chr3","39613133","39613437","28","24777421"
"chr28","14941032","14941339","chr18","35961264","35961574","43","21020232"
"chr28","15021629","15021933","chr3","39422688","39423001","15","24401059"
"chr28","15123593","15123895","chr3","39317868","39318160","21","24194275"
"chr28","15149431","15149729","chr3","39292724","39293019","19","24143293"
"chr28","15166753","15167051","chr14","58116005","58116307","37","42949252"
"chr28","15195482","15195794","chr7","106892091","106892402","41","91696609"
"chr28","15250099","15250405","chr2","144217349","144217649","42","128967250"
"chr28","15266596","15266893","chr20","70817416","70817712","35","55550820"
"chr28","15271532","15271613","chrX","131304892","131304971","14","116033360"
"chr28","15295889","15296187","chr3","38467890","38468186","10","23172001"
"chr28","15300117","15300398","chr3","38472820","38473115","19","23172703"
"chr28","15301798","15301990","chr3","38474760","38474952","5","23172962"
"chr28","15308327","15308652","chr3","38481885","38482188","28","23173558"
"chr28","15316695","15316996","chr1","13175932","13176238","56","2140763"
"chr28","15338537","15338854","chr3","38513178","38513480","23","23174641"
"chr28","15400379","15400546","chr18","46516546","46516727","30","31116167"
"chr28","15471666","15471973","chr3","38647500","38647807","8","23175834"
"chr28","15474159","15474311","chr19","12482960","12483114","34","2991199"
"chr28","15474614","15474756","chr7","117118645","117118785","19","101644031"
"chr28","15482601","15482744","chr3","38658645","38658788","7","23176044"
"chr28","15543853","15544147","chr3","38724218","38724518","13","23180365"
"chr28","15573937","15574252","chr3","38758229","38758545","15","23184292"
"chr28","15605934","15606214","chr3","38792623","38792909","14","23186689"
"chr28","15657898","15658035","chr3","38841666","38841813","16","23183768"
"chr28","15668529","15668891","chrX","45903433","45903777","77","30234904"
"chr28","15678553","15678870","chr3","38864867","38865184","10","23186314"
"chr28","15708649","15708945","chr3","38896203","38896499","19","23187554"
"chr28","15727833","15728129","chr3","38917154","38917450","11","23189321"
"chr28","15744183","15744492","chr3","38934916","38935220","16","23190733"
"chr28","15758008","15758303","chr3","38946182","38946493","43","23188174"
"chr28","15779442","15779602","chr4","6664487","6664644","24","9114955"
"chr28","15831530","15831791","chr1","158524460","158524725","43","142692930"
"chr28","15845032","15845320","chr2","50243905","50244200","47","34398873"
"chr28","15868140","15868391","chr3","39067810","39068061","7","23199670"
"chr28","15952096","15952399","chr1","208607105","208607405","41","192655009"
"chr28","15952882","15953165","chr3","39158683","39158972","12","23205801"
"chr28","15963560","15963849","chr3","37790496","37790787","2","21826936"
"chr28","15991045","15991346","chr3","37817034","37817336","7","21825989"
"chr28","16018268","16018561","chr3","37844498","37844788","9","21826230"
"chr28","16037535","16037586","chr3","44253619","44253673","14","28216084"
"chr28","16079061","16079204","chr16","52009371","52009517","33","35930310"
"chr28","16118438","16118768","chr14","93345951","93346276","48","77227513"
"chr28","16148404","16148579","chr4","103351435","103351601","37","87203031"
"chr28","16154399","16154703","chr3","37995185","37995477","24","21840786"
"chr28","16168840","16169022","chr3","23690314","23690501","34","7521474"
"chr28","16199152","16199461","chr7","125205161","125205452","54","109006009"
"chr28","16218146","16218454","chr3","38063263","38063538","38","21845117"
"chr28","16284171","16284478","chr3","38134150","38134458","18","21849979"
"chr28","16327249","16327548","chr3","38181996","38182293","11","21854747"
"chr28","16335384","16335696","chr3","38188841","38189140","27","21853457"
"chr28","16402659","16402860","chr5","157311330","157311525","32","140908671"
"chr28","16439243","16439550","chr3","38296643","38296950","18","21857400"
"chr28","16450530","16450816","chr13","59826159","59826442","49","43375629"
"chr28","16487609","16487762","chr4","153267515","153267663","20","136779906"
"chr28","16588697","16588973","chr8","62958792","62959066","46","46370095"
"chr28","16615716","16615902","chr3","37665547","37665744","15","21049831"
"chr28","16649572","16649859","chr3","37636635","37636923","8","20987063"
"chr28","16660287","16660571","chr5","11833334","11833618","49","4826953"
"chr28","16679752","16680057","chr3","37605663","37605974","18","20925911"
"chr28","16706438","16706737","chr7","89242284","89242582","38","72535846"
"chr28","16708657","16708966","chr4","74236960","74237270","38","57528303"
"chr28","16730794","16731084","chr3","37560253","37560542","8","20829459"
"chr28","16757582","16757876","chr3","37375698","37375984","22","20618116"
"chr28","16866408","16866692","chr3","37263354","37263638","8","20396946"
"chr28","16965663","16965971","chr2","28666618","28666924","44","11700955"
"chr28","16988805","16989115","chr3","37132216","37132530","17","20143411"
"chr28","17006996","17007325","chrX","12910196","12910513","62","4096800"
"chr28","17022235","17022528","chr3","37104935","37105243","25","20082700"
"chr28","17050840","17051152","chr16","22081615","22081922","45","5030775"
"chr28","17095647","17095953","chr2","98436125","98436433","40","81340478"
"chr28","17143325","17143638","chr3","37046160","37046466","21","19902835"
"chr28","17191495","17191807","chr3","36993212","36993502","32","19801717"
"chr28","17286931","17286973","chr20","14853801","14853845","12","2433130"
"chr28","17289506","17289548","chr20","14853801","14853845","12","2435705"
"chr28","17436839","17437148","chr3","36749139","36749444","16","19312300"
"chr28","17714420","17714708","chr6","158066224","158066513","41","140351804"
"chr28","17868041","17868350","chr13","42628729","42629039","36","24760688"
"chr28","18038040","18038342","chr11","27505966","27506267","34","9467926"
"chr28","18048571","18048731","chr3","36134200","36134354","17","18085629"
"chr28","18248422","18248726","chr3","35927060","35927361","15","17678638"
"chr28","18260858","18261160","chr3","35914791","35915084","17","17653933"
"chr28","18323159","18323476","chrX","128909748","128910052","46","110586589"
"chr28","18331193","18331459","chr3","35844829","35845103","19","17513636"
"chr28","18625661","18625953","chr6","121127806","121128097","35","102502145"
"chr28","18685253","18685550","chr3","35489919","35490218","17","16804666"
"chr28","18711159","18711473","chr1","19603624","19603931","47","892465"
"chr28","18724330","18724637","chr14","10960662","10960966","42","7763668"
"chr28","18726760","18727084","chr3","35445598","35445893","37","16718838"
"chr28","18761627","18761912","chr20","33081997","33082283","52","14320370"
"chr28","18924889","18925194","chr3","35245487","35245764","42","16320598"
"chr28","18958864","18959160","chr7","38962613","38962910","39","20003749"
"chr28","18968278","18968590","chr3","35199762","35200070","11","16231484"
"chr28","18982157","18982451","chr3","35187032","35187336","17","16204875"
"chr28","19159331","19159602","chr3","35001970","35002241","9","15842639"
"chr28","19182156","19182473","chr6","88628976","88629286","74","69446820"
"chr28","19261786","19262099","chr3","34833735","34834042","18","15571949"
"chr28","19298921","19299216","chr6","160220855","160221152","35","140921934"
"chr28","19426988","19427283","chr3","34653732","34654029","21","15226744"
"chr28","19780823","19781124","chr3","34295203","34295502","11","14514380"
"chr28","19821132","19821286","chr16","2993592","2993746","18","16827540"
"chr28","19961207","19961392","chr6","125808305","125808485","30","105847098"
"chr28","19964457","19964761","chrX","28745828","28746133","36","8781371"
"chr28","20167015","20167194","chr9","42858605","42858783","36","22691590"
"chr28","20241208","20241500","chr7","121565448","121565745","38","101324240"
"chr28","20269727","20270012","chr1","185490436","185490721","44","165220709"
"chr28","20294784","20295036","chr15","56759119","56759369","31","36464335"
"chr28","20379719","20380024","chr1","64353555","64353866","39","43973836"
"chr28","20410692","20410956","chr3","9164825","9165104","50","11245867"
"chr28","20441008","20441296","chr7","54148022","54148322","54","33707014"
"chr28","20448010","20448123","chr3","173306408","173306520","12","152858398"
"chr28","20624027","20624331","chr3","33481538","33481839","10","12857511"
"chr28","20721345","20721427","chr1","10498242","10498322","22","10223103"
"chr28","20794552","20794856","chr3","33293928","33294228","19","12499376"
"chr28","20856482","20856674","chr10","59152991","59153181","30","38296509"
"chr28","20878682","20878874","chr3","33210545","33210734","7","12331863"
"chr28","20922784","20923074","chr16","22333231","22333523","40","1410447"
"chr28","20927067","20927362","chr3","33163773","33164072","18","12236706"
"chr28","21017347","21017650","chr1","217770749","217771048","33","196753402"
"chr28","21073804","21074097","chr6","160220855","160221152","53","139147051"
"chr28","21193888","21194184","chr4","25786415","25786711","34","4592527"
"chr28","21197077","21197388","chr11","118727844","118728154","41","97530767"
"chr28","21303250","21303563","chr3","32864563","32864875","22","11561313"
"chr28","21378805","21379088","chr1","213521307","213521589","34","192142502"
"chr29","1290587","1290849","chr7","57096442","57096705","6","55805855"
"chr29","1312936","1313253","chr7","57120972","57121245","49","55808036"
"chr29","1358562","1358845","chr7","57165572","57165879","32","55807010"
"chr29","1456510","1456846","chr9","87213846","87214165","78","85757336"
"chr29","1567102","1567406","chr7","57406845","57407143","14","55839743"
"chr29","1590127","1590269","chr8","51898379","51898520","23","50308252"
"chr29","1753882","1754190","chr7","57606051","57606347","17","55852169"
"chr29","1820818","1821101","chr15","97061406","97061689","35","95240588"
"chr29","1908055","1908361","chr7","57782874","57783176","14","55874819"
"chr29","1978599","1978904","chr15","92297169","92297471","45","90318570"
"chr29","1986602","1986904","chr7","57859283","57859587","12","55872681"
"chr29","2180799","2180971","chr7","58056502","58056683","9","55875703"
"chr29","2225837","2226142","chr7","58102631","58102935","17","55876794"
"chr29","2570182","2570489","chr7","58436396","58436702","14","55866214"
"chr29","2579048","2579328","chr11","108027697","108027986","45","105448649"
"chr29","2619996","2620287","chr13","125308365","125308653","41","122688369"
"chr29","2633259","2633559","chr7","58498466","58498773","19","55865207"
"chr29","2696467","2696752","chr3","7254658","7254962","41","4558191"
"chr29","2720236","2720397","chr7","129090498","129090652","26","126370262"
"chr29","2733715","2734009","chr7","58598494","58598797","14","55864779"
"chr29","2750580","2750873","chr7","58615927","58616232","18","55865347"
"chr29","2797768","2798076","chr1","42353131","42353436","51","39555363"
"chr29","2864595","2864851","chr7","58727973","58728229","6","55863378"
"chr29","2879572","2879859","chr7","58742238","58742524","4","55862666"
"chr29","2915560","2915769","chr7","58779721","58779929","3","55864161"
"chr29","2923020","2923306","chr7","58786879","58787189","33","55863859"
"chr29","2928038","2928247","chr7","58791886","58792095","7","55863848"
"chr29","2967321","2967623","chr7","58836059","58836361","5","55868738"
"chr29","2995233","2995528","chr7","58866284","58866556","29","55871051"
"chr29","3019368","3019669","chr7","58892362","58892663","11","55872994"
"chr29","3107428","3107719","chr1","190849425","190849722","37","187741997"
"chr29","3237449","3237746","chr7","59044821","59045121","6","55807372"
"chr29","3306488","3306788","chr7","59115867","59116164","8","55809379"
"chr29","3417435","3417745","chr7","59227246","59227558","13","55809811"
"chr29","3477391","3477639","chr7","59286835","59287082","8","55809444"
"chr29","3599933","3600090","chr7","59406768","59406925","4","55806835"
"chr29","3638125","3638440","chr7","59444862","59445171","23","55806737"
"chr29","3678525","3678832","chr7","59485896","59486203","6","55807371"
"chr29","3756904","3757192","chr7","59563394","59563684","16","55806490"
"chr29","3918408","3918719","chr7","59737406","59737718","8","55818998"
"chr29","3955262","3955416","chr7","59776737","59776890","8","55821475"
"chr29","3981090","3981407","chr7","59802820","59803128","15","55821730"
"chr29","3989357","3989649","chr7","59811667","59811971","32","55822310"
"chr29","4107326","4107618","chr7","59929908","59930200","15","55822582"
"chr29","4159233","4159509","chr7","59982509","59982805","27","55823276"
"chr29","4293168","4293409","chr7","60116272","60116513","4","55823104"
"chr29","4295799","4296088","chr7","60119011","60119307","15","55823212"
"chr29","4438654","4438890","chr11","116104043","116104279","43","111665389"
"chr29","4471287","4471596","chr17","85457987","85458296","36","80986700"
"chr29","4534972","4535268","chr5","79153622","79153920","41","74618650"
"chr29","4616365","4616588","chr7","60438021","60438267","27","55821656"
"chr29","4620692","4620951","chr7","60442373","60442632","4","55821681"
"chr29","4645579","4645854","chr7","60467786","60468061","2","55822207"
"chr29","4658211","4658500","chr7","60480373","60480673","21","55822162"
"chr29","4674364","4674654","chr16","19031584","19031879","42","14357220"
"chr29","4860960","4861268","chr14","52889325","52889635","39","48028365"
"chr29","4942504","4942812","chr7","60774809","60775106","23","55832305"
"chr29","5010285","5010557","chr2","99593091","99593359","49","94582806"
"chr29","5310474","5310761","chr7","61148078","61148378","24","55837604"
"chr29","5482015","5482323","chr7","61320739","61321045","8","55838724"
"chr29","5492039","5492316","chr7","61332665","61332970","36","55840626"
"chr29","5547762","5548067","chr5","152650573","152650875","42","147102811"
"chr29","5564505","5564650","chr7","61403887","61404032","11","55839382"
"chr29","5710489","5710792","chr7","61560050","61560354","35","55849561"
"chr29","6158678","6159020","chr7","62042291","62042585","56","55883613"
"chr29","6197973","6198273","chr7","62081808","62082108","10","55883835"
"chr29","6643187","6643469","chr7","62535562","62535845","13","55892375"
"chr29","6647919","6648200","chr7","62540320","62540602","5","55892401"
"chr29","6675838","6676126","chr7","62568329","62568617","7","55892491"
"chr29","6957559","6957798","chr16","48990250","48990502","47","42032691"
"chr29","7127168","7127441","chr7","63024967","63025239","7","55897799"
"chr29","7206578","7206722","chr7","63107186","63107329","6","55900608"
"chr29","7262533","7262823","chr7","63163421","63163711","4","55900888"
"chr29","7461699","7462000","chr1","117466315","117466610","39","110004616"
"chr29","7465492","7465793","chr14","107652418","107652711","37","100186926"
"chr29","7534269","7534575","chr1","13175932","13176238","41","5641663"
"chr29","7552124","7552420","chr7","63458509","63458804","7","55906385"
"chr29","7556973","7557298","chr7","63463698","63464004","36","55906725"
"chr29","7582607","7582903","chr7","63492943","63493249","18","55910336"
"chr29","7596557","7596741","chr7","70306375","70306541","41","62709818"
"chr29","7643567","7643858","chr7","63558520","63558814","7","55914953"
"chr29","8349855","8350162","chr7","64261844","64262151","8","55911989"
"chr29","8365802","8365953","chr4","13711274","13711425","40","5345472"
"chr29","8366223","8366526","chr14","17001883","17002179","40","8635660"
"chr29","8384481","8384745","chr7","64298449","64298716","9","55913968"
"chr29","8391883","8392175","chr7","64305967","64306264","15","55914084"
"chr29","8408200","8408511","chr5","166226706","166227006","69","157818506"
"chr29","8454265","8454575","chr7","64369044","64369354","3","55914779"
"chr29","8467131","8467365","chr7","64381746","64381980","5","55914615"
"chr29","8481739","8481833","chr14","119383400","119383494","9","110901661"
"chr29","8513145","8513423","chr7","64430843","64431128","14","55917698"
"chr29","8517900","8518193","chr7","64435583","64435875","5","55917683"
"chr29","8533251","8533563","chr17","19453709","19454010","57","10920458"
"chr29","8679489","8679786","chr7","64598941","64599238","20","55919452"
"chr29","8689444","8689752","chr9","14337314","14337624","35","5647870"
"chr29","8693761","8694041","chr7","64612032","64612323","23","55918271"
"chr29","8726219","8726514","chr7","64645098","64645396","17","55918879"
"chr29","8746957","8747271","chr7","64667405","64667705","26","55920448"
"chr29","8833832","8834128","chr2","113692060","113692354","46","104858228"
"chr29","8849404","8849704","chr3","84821391","84821690","41","75971987"
"chr29","8856760","8856936","chr15","101678665","101678840","26","92821905"
"chr29","8903370","8903668","chr3","41381742","41382039","38","32478372"
"chr29","8918301","8918609","chr5","99210362","99210672","39","90292061"
"chr29","8934546","8934837","chr12","14816176","14816470","31","5881630"
"chr29","9130172","9130481","chr7","135901664","135901969","43","126771492"
"chr29","9138891","9139198","chr7","65154021","65154333","11","56015130"
"chr29","9240445","9240705","chr7","65059371","65059641","23","55818926"
"chr29","9357239","9357542","chr7","64943208","64943505","13","55585969"
"chr29","9359123","9359422","chr7","64941309","64941614","7","55582186"
"chr29","9475473","9475786","chr7","64826597","64826910","10","55351124"
"chr29","9515571","9515859","chr7","64785287","64785575","13","55269716"
"chr29","9529548","9529883","chr8","120139498","120139827","68","110609950"
"chr29","9546110","9546420","chr6","74415134","74415440","43","64869024"
"chr29","9562630","9562802","chr1","19775982","19776154","20","10213352"
"chr29","9563113","9563247","chr1","30028124","30028263","12","20465011"
"chr29","9854362","9854669","chr7","65547165","65547476","14","55692803"
"chr29","10070121","10070429","chr7","65772318","65772629","11","55702197"
"chr29","10135274","10135581","chr7","65840740","65841047","8","55705466"
"chr29","10193565","10193879","chr7","65900252","65900551","28","55706687"
"chr29","10437740","10438041","chr7","66144679","66144983","5","55706939"
"chr29","10504484","10504777","chr7","66211209","66211512","22","55706725"
"chr29","10750558","10750851","chr15","27498585","27498875","36","16748027"
"chr29","10981422","10981728","chr3","41422036","41422331","50","30440614"
"chr29","10997399","10997669","chr12","81458055","81458323","40","70460656"
"chr29","11205625","11205783","chr7","66909218","66909366","13","55703593"
"chr29","11305922","11306222","chr7","67009010","67009310","31","55703088"
"chr29","11328848","11329079","chr7","67037203","67037407","35","55708355"
"chr29","11331513","11331804","chr7","67028343","67028624","23","55696830"
"chr29","11364996","11365159","chr8","81498618","81498784","30","70133622"
"chr29","11365199","11365337","chrX","6470321","6470448","38","4894878"
"chr29","11410595","11410891","chr7","67130700","67130985","20","55720105"
"chr29","11461831","11462129","chr7","67179526","67179824","12","55717695"
"chr29","11537607","11537910","chr1","161732058","161732354","49","150194451"
"chr29","11710168","11710476","chr7","67429297","67429595","21","55719129"
"chr29","11777851","11778030","chr5","60293176","60293354","29","48515325"
"chr29","11778341","11778490","chr19","49957750","49957891","18","38179409"
"chr29","11849971","11850242","chr3","175344344","175344616","35","163494373"
"chr29","11881147","11881445","chr14","28141206","28141513","47","16260059"
"chr29","12202657","12202954","chr4","68671582","68671879","40","56468925"
"chr29","12388469","12388778","chr7","68105492","68105802","18","55717023"
"chr29","12624739","12624975","chr7","68348321","68348555","15","55723582"
"chr29","12654745","12655042","chr7","68375808","68376106","18","55721063"
"chr29","13081207","13081481","chr2","108133121","108133408","46","95051914"
"chr29","13108093","13108380","chr7","68835968","68836259","19","55727875"
"chr29","13114320","13114602","chr16","21781850","21782128","45","8667530"
"chr29","13219680","13219977","chr7","68946989","68947302","30","55727309"
"chr29","13296543","13296854","chr7","69024535","69024841","14","55727992"
"chr29","13351816","13352126","chr7","69079714","69080022","19","55727898"
"chr29","13529318","13529612","chr7","69260530","69260838","23","55731212"
"chr29","13680051","13680391","chr2","108309109","108309421","75","94629058"
"chr29","14316459","14316672","chr12","39967115","39967336","39","25650656"
"chr29","14386301","14386608","chr11","51309938","51310241","48","36923637"
"chr29","14493814","14494114","chr7","70232063","70232375","23","55738249"
"chr29","14567017","14567185","chr7","70306375","70306541","6","55739358"
"chr29","14699760","14700074","chr14","67169576","67169884","47","52469816"
"chr29","14769957","14770257","chr7","70509454","70509767","24","55739497"
"chr29","14951059","14951364","chr1","42353131","42353436","44","27402072"
"chr29","15041264","15041573","chr16","19889407","19889704","48","4848143"
"chr29","15647475","15647775","chr7","71388034","71388335","10","55740559"
"chr29","15684792","15685070","chr7","71425297","71425581","17","55740505"
"chr29","15938989","15939295","chr7","71686333","71686632","14","55747344"
"chr29","16089870","16090187","chr7","71847245","71847562","15","55757375"
"chr29","16151788","16152038","chr7","71911206","71911453","8","55759418"
"chr29","16180591","16180862","chr7","71948978","71949272","35","55768387"
"chr29","16295085","16295393","chr7","72080979","72081283","15","55785894"
