"chr1","115986","116130","JH378105","47885237","47885382","23","47769251"
"chr1","116588","116646","JH378213","5190098","5190153","18","5073510"
"chr1","2273311","2273602","JH378257","294971","295263","48","1978340"
"chr1","6058435","6058729","JH378245","3312448","3312742","39","2745987"
"chr1","6264538","6264836","JH378127","10024758","10025055","40","3760220"
"chr1","6388913","6389158","JH378135","1397577","1397847","61","4991336"
"chr1","7902253","7902612","JH378110","20343307","20343641","80","12441054"
"chr1","10658064","10658358","JH378164","8983183","8983477","44","1674881"
"chr1","10705159","10705455","JH378257","294971","295263","45","10410188"
"chr1","10939635","10939924","JH378217","248242","248529","52","10691393"
"chr1","11133695","11133865","JH378124","5290980","5291152","33","5842715"
"chr1","11340545","11340839","JH378127","10024758","10025055","39","1315787"
"chr1","11434785","11435075","JH378151","1290971","1291257","44","10143814"
"chr1","11522623","11522892","JH378300","522382","522652","52","11000241"
"chr1","11864449","11864746","JH378160","9491908","9492202","43","2372541"
"chr1","15599198","15599509","JH378182","4696933","4697238","42","10902265"
"chr1","17280432","17280699","JH378300","522382","522652","33","16758050"
"chr1","17292361","17292446","JH378222","5812451","5812511","31","11479910"
"chr1","17704088","17704364","JH378300","1082016","1082293","56","16622072"
"chr1","18572153","18572423","JH378214","2331537","2331805","36","16240616"
"chr1","18628059","18628340","JH378127","10024758","10025055","44","8603301"
"chr1","18793810","18794096","JH378151","1290971","1291257","43","17502839"
"chr1","22018082","22018382","JH378257","739639","739933","49","21278443"
"chr1","23564880","23565164","JH378257","155958","156242","48","23408922"
"chr1","24880099","24880369","JH378107","6629710","6629970","58","18250389"
"chr1","25818375","25818680","JH378106","12647150","12647453","56","13171225"
"chr1","26453946","26454276","AGCE01149172","369","683","61","26453577"
"chr1","28568495","28568673","JH378150","16479013","16479192","35","12089482"
"chr1","32576748","32577054","JH378120","4029777","4030079","49","28546971"
"chr1","32740763","32741064","JH378129","7783178","7783478","41","24957585"
"chr1","34521717","34522013","JH378257","155958","156242","62","34365759"
"chr1","37507736","37508043","JH378154","84041","84351","49","37423695"
"chr1","41203017","41203349","JH378116","27615727","27616051","56","13587290"
"chr1","45031387","45031705","JH378322","329261","329580","60","44702126"
"chr1","45823870","45824176","JH378176","1335842","1336152","43","44488028"
"chr1","46187063","46187370","JH378114","25103281","25103591","49","21083782"
"chr1","46247727","46248015","JH378151","9107602","9107893","39","37140125"
"chr1","49066347","49066649","JH378110","13883859","13884149","42","35182488"
"chr1","49664868","49665174","JH378114","37512577","37512883","47","12152291"
"chr1","51173754","51174061","JH378106","12647150","12647453","53","38526604"
"chr1","53609325","53609626","JH378249","3737189","3737485","47","49872136"
"chr1","54855414","54855702","JH378125","4105726","4106015","43","50749688"
"chr1","55499962","55500000","JH378108","25093204","25093240","20","30406758"
"chr1","62629430","62629728","JH378123","21576066","21576366","49","41053364"
"chr1","62709233","62709548","JH378125","4344553","4344853","48","58364680"
"chr1","63080744","63080957","JH378282","2787430","2787634","40","60293314"
"chr1","63260269","63260561","JH378225","680389","680687","41","62579880"
"chr1","63995627","63995934","JH378116","13794467","13794778","45","50201160"
"chr1","63999214","63999515","JH378148","3009466","3009760","39","60989748"
"chr1","64501402","64501688","JH378113","3770451","3770739","38","60730951"
"chr1","64791397","64791553","JH378126","25560714","25560871","25","39230683"
"chr1","65041537","65041847","JH378123","11664205","11664513","43","53377332"
"chr1","65769732","65770043","JH378209","3195862","3196167","48","62573870"
"chr1","66604046","66604139","JH378116","38743069","38743164","21","27860977"
"chr1","67615662","67615819","JH378127","18614282","18614439","27","49001380"
"chr1","69350858","69351188","JH378176","1335842","1336152","63","68015016"
"chr1","71143635","71143943","JH378321","537646","537948","48","70605989"
"chr1","71432831","71433146","JH378137","12880677","12880985","59","58552154"
"chr1","74270483","74270781","JH378148","3009466","3009760","52","71261017"
"chr1","80574094","80574403","JH378125","2068457","2068768","44","78505637"
"chr1","81594867","81595175","JH378125","2068457","2068768","54","79526410"
"chr1","87598036","87598320","JH378110","13883859","13884149","55","73714177"
"chr1","87630386","87630668","JH378245","3312448","3312742","55","84317938"
"chr1","88953281","88953544","JH378300","878349","878611","44","88074932"
"chr1","89806914","89807217","JH378145","15857815","15858117","46","73949099"
"chr1","92054799","92055062","JH378110","42889343","42889608","56","49165456"
"chr1","92073541","92073617","JH378120","24864698","24864766","26","67208843"
"chr1","92925898","92926107","JH378115","15568332","15568546","45","77357566"
"chr1","95068666","95068733","JH378134","16871382","16871454","29","78197284"
"chr1","99099593","99099900","JH378107","46009365","46009670","48","53090228"
"chr1","99260435","99260727","JH378127","10024758","10025055","42","89235677"
"chr1","99814955","99815264","JH378225","2864156","2864458","47","96950799"
"chr1","99815453","99815763","JH378225","2864156","2864458","49","96951297"
"chr1","101217706","101217788","JH378105","47884425","47884510","17","53333281"
"chr1","102823341","102823612","JH378223","38539","38830","69","102784802"
"chr1","103243429","103243738","JH378107","46009365","46009670","38","57234064"
"chr1","105395986","105396226","JH378114","20985078","20985319","37","84410908"
"chr1","105400238","105400442","JH378173","72299","72499","46","105327939"
"chr1","110233462","110233765","JH378107","46009365","46009670","43","64224097"
"chr1","114748941","114749228","JH378119","21729384","21729670","41","93019557"
"chr1","117484854","117485149","JH378148","3009466","3009760","34","114475388"
"chr1","120009378","120009468","JH378262","3050363","3050459","28","116959015"
"chr1","120165300","120165592","JH378148","3009466","3009760","53","117155834"
"chr1","120451781","120452053","JH378119","86732","87007","60","120365049"
"chr1","121154684","121154938","JH378106","28970354","28970606","51","92184330"
"chr2","403289","403595","JH378113","18649350","18649646","41","18246061"
"chr2","1896715","1897009","JH378169","11824133","11824434","49","9927418"
"chr2","3298076","3298356","JH378151","5590079","5590358","48","2292003"
"chr2","6715190","6715499","JH378140","1530714","1531009","44","5184476"
"chr2","7332976","7333274","JH378205","1510121","1510420","46","5822855"
"chr2","9332664","9332964","JH378123","21576066","21576366","39","12243402"
"chr2","11233804","11234096","JH378141","15686973","15687263","42","4453169"
"chr2","12371485","12371788","JH378190","1325792","1326096","43","11045693"
"chr2","13812379","13812677","JH378169","11824133","11824434","42","1988246"
"chr2","13965121","13965274","JH378146","591208","591357","39","13373913"
"chr2","13965571","13965583","JH378272","2083837","2083868","21","11881734"
"chr2","14413364","14413653","JH378170","939520","939798","50","13473844"
"chr2","14842350","14842642","JH378245","3312448","3312742","42","11529902"
"chr2","14953010","14953298","JH378151","9107602","9107893","47","5845408"
"chr2","16732164","16732440","JH378106","48879996","48880280","48","32147832"
"chr2","18912033","18912328","JH378108","50208845","50209139","44","31296812"
"chr2","19166618","19166798","JH378192","5406761","5406913","70","13759857"
"chr2","20467217","20467504","JH378189","5898223","5898514","48","14568994"
"chr2","21504845","21505141","JH378146","17525689","17525983","31","3979156"
"chr2","22394768","22395014","JH378140","14368734","14368986","55","8026034"
"chr2","22792248","22792509","JH378185","920965","921227","47","21871283"
"chr2","32389114","32389399","JH378151","9107602","9107893","43","23281512"
"chr2","34566258","34566558","JH378106","12647150","12647453","39","21919108"
"chr2","35482447","35482749","JH378106","12647150","12647453","41","22835297"
"chr2","35624242","35624556","JH378165","12389091","12389397","53","23235151"
"chr2","36038801","36039079","JH378108","50208845","50209139","49","14170044"
"chr2","36782707","36782999","JH378262","3286510","3286805","45","33496197"
"chr2","37450255","37450574","JH378176","1335842","1336152","53","36114413"
"chr2","39236455","39236747","JH378199","3403770","3404056","39","35832685"
"chr2","41413747","41414016","JH378322","644589","644866","50","40769158"
"chr2","42487927","42488231","JH378150","241281","241578","42","42246646"
"chr2","43336884","43337177","JH378110","6448504","6448791","41","36888380"
"chr2","45499398","45499697","JH378150","241281","241578","42","45258117"
"chr2","48021246","48021546","JH378156","7076545","7076843","49","40944701"
"chr2","50599693","50599998","JH378182","4696933","4697238","64","45902760"
"chr2","52663381","52663691","JH378148","3009466","3009760","55","49653915"
"chr2","56352001","56352311","JH378137","12880677","12880985","43","43471324"
"chr2","56503883","56504174","JH378151","9107602","9107893","45","47396281"
"chr2","56744149","56744453","JH378107","46009365","46009670","41","10734784"
"chr2","57506049","57506337","JH378136","18027573","18027877","47","39478476"
"chr2","58462374","58462676","JH378276","2107073","2107375","45","56355301"
"chr2","59706494","59706787","JH378148","3009466","3009760","40","56697028"
"chr2","61067026","61067327","JH378118","9164013","9164313","36","51903013"
"chr2","61088307","61088439","JH378108","45073060","45073182","28","16015247"
"chr2","61849104","61849367","JH378185","920965","921227","37","60928139"
"chr2","63592734","63593022","JH378257","294971","295263","50","63297763"
"chr2","64869358","64869680","JH378182","4696933","4697238","80","60172425"
"chr2","68022681","68022795","JH378131","12820060","12820177","24","55202621"
"chr2","68394412","68394719","JH378119","6050976","6051277","47","62343436"
"chr2","68455127","68455397","JH378139","4978818","4979087","54","63476309"
"chr2","68508186","68508482","JH378156","7076545","7076843","34","61431641"
"chr2","69991043","69991337","JH378128","24901658","24901954","61","45089385"
"chr2","70712386","70712691","JH378148","3009466","3009760","49","67702920"
"chr2","71332596","71332877","JH378257","294971","295263","54","71037625"
"chr2","71881503","71881692","JH378265","2292824","2293009","37","69588679"
"chr2","74995070","74995361","JH378223","6194371","6194661","51","68800699"
"chr2","76149927","76150237","JH378145","10634547","10634848","55","65515380"
"chr2","78539436","78539733","JH378206","6968121","6968417","36","71571315"
"chr2","81275216","81275523","JH378117","28305531","28305841","39","52969685"
"chr2","82683557","82683857","JH378107","3274339","3274641","50","79409218"
"chr2","83319392","83319681","JH378197","3767028","3767327","49","79552364"
"chr2","85014270","85014400","JH378123","26134969","26135105","28","58879301"
"chr2","85270547","85270851","JH378106","70219640","70219948","43","15050907"
"chr2","85892792","85893106","JH378136","18027573","18027877","51","67865219"
"chr2","86794635","86794848","JH378168","1940111","1940324","48","84854524"
"chr2","86819405","86819700","JH378133","14721548","14721853","39","72097857"
"chr2","87437889","87438190","JH378240","1530960","1531261","50","85906929"
"chr2","87562217","87562507","JH378206","2476848","2477135","37","85085369"
"chr2","89931241","89931529","JH378206","2476848","2477135","46","87454393"
"chr3","360094","360352","JH378131","2425118","2425380","38","2065024"
"chr3","685515","685796","JH378124","15926514","15926796","44","15240999"
"chr3","992375","992418","JH378116","19218206","19218247","17","18225831"
"chr3","1051227","1051492","JH378107","6629710","6629970","44","5578483"
"chr3","1178095","1178389","JH378107","9067769","9068059","48","7889674"
"chr3","1444688","1444961","JH378117","12219002","12219265","47","10774314"
"chr3","3299924","3300227","JH378108","38566905","38567200","50","35266981"
"chr3","4345727","4345893","JH378216","4339434","4339595","22","6293"
"chr3","4807648","4807941","JH378112","33518148","33518439","40","28710500"
"chr3","7627416","7627637","JH378277","3215226","3215442","39","4412190"
"chr3","9530642","9530942","JH378245","3312448","3312742","48","6218194"
"chr3","9795788","9796081","JH378227","3749686","3749973","40","6046102"
"chr3","9961998","9962257","JH378185","920965","921227","43","9041033"
"chr3","11192088","11192376","JH378278","2024551","2024836","44","9167537"
"chr3","18980181","18980494","JH378117","28305531","28305841","44","9325350"
"chr3","19087986","19088282","JH378108","38566905","38567200","45","19478919"
"chr3","23452069","23452150","JH378120","30378070","30378156","16","6926001"
"chr3","24350972","24351252","JH378242","2029382","2029674","43","22321590"
"chr3","25314166","25314458","JH378197","3767028","3767327","42","21547138"
"chr3","25921864","25922064","JH378156","11265928","11266128","29","14655936"
"chr3","27561453","27561734","JH378129","22226033","22226310","40","5335420"
"chr3","27975595","27975883","JH378148","3009466","3009760","47","24966129"
"chr3","28375830","28376119","JH378223","6174571","6174858","37","22201259"
"chr3","29269335","29269636","JH378136","18027573","18027877","35","11241762"
"chr3","29919213","29919510","JH378117","25647280","25647574","44","4271933"
"chr3","39445096","39445391","JH378181","3298975","3299267","47","36146121"
"chr3","39844684","39844983","JH378205","1510121","1510420","44","38334563"
"chr3","39922078","39922243","JH378127","18614282","18614439","33","21307796"
"chr3","43036374","43036654","JH378140","16943059","16943341","54","26093315"
"chr3","48687212","48687470","JH378139","15168175","15168450","63","33519037"
"chr3","49827691","49827967","JH378106","28970354","28970606","84","20857337"
"chr3","54716472","54716762","JH378190","1369448","1369736","41","53347024"
"chr3","57317867","57318022","JH378153","2286322","2286477","42","55031545"
"chr3","60910966","60911265","JH378109","11216706","11217003","39","49694260"
"chr3","62381221","62381526","JH378107","46009365","46009670","47","16371856"
"chr3","63274706","63274997","JH378119","25833099","25833391","37","37441607"
"chr3","63429589","63429897","JH378107","46009365","46009670","49","17420224"
"chr3","64448518","64448824","JH378107","46009365","46009670","42","18439153"
"chr3","65142072","65142404","JH378148","12566856","12567148","104","52575216"
"chr3","66009747","66010050","JH378107","46009365","46009670","43","20000382"
"chr3","69196596","69196903","JH378137","1949849","1950158","47","67246747"
"chr3","70975566","70975863","JH378127","10024758","10025055","35","60950808"
"chr3","71127705","71128002","JH378108","50208845","50209139","46","20918860"
"chr3","72859314","72859648","JH378110","20343307","20343641","69","52516007"
"chr3","73887318","73887589","JH378153","2037238","2037513","54","71850080"
"chr3","74090174","74090452","JH378151","1290971","1291257","44","72799203"
"chr3","74881583","74881888","JH378151","1290971","1291257","61","73590612"
"chr3","77217152","77217448","JH378134","20911825","20912116","43","56305327"
"chr3","78955370","78955670","JH378120","4029777","4030079","46","74925593"
"chr3","81271102","81271400","JH378249","3737189","3737485","53","77533913"
"chr3","83655509","83655808","JH378169","11824133","11824434","47","71831376"
"chr3","87710109","87710398","JH378342","271500","271786","45","87438609"
"chr3","88804055","88804321","JH378133","19659852","19660116","39","69144203"
"chr3","89067764","89068056","JH378245","3312448","3312742","44","85755316"
"chr3","90670845","90671038","JH378184","7337357","7337550","38","83333488"
"chr4","3878507","3878666","JH378107","1664482","1664637","30","2214025"
"chr4","4751669","4751982","JH378107","46009365","46009670","53","41257696"
"chr4","9829632","9829939","JH378181","1956880","1957180","46","7872752"
"chr4","10261024","10261306","JH378151","5590079","5590358","44","4670945"
"chr4","10466997","10467191","JH378131","12987907","12988093","36","2520910"
"chr4","10467405","10467601","JH378131","12987907","12988093","34","2520502"
"chr4","10527215","10527494","JH378151","5590079","5590358","44","4937136"
"chr4","12862160","12862453","JH378117","25647280","25647574","44","12785120"
"chr4","13757389","13757683","JH378148","3009466","3009760","47","10747923"
"chr4","13995193","13995474","JH378106","70896573","70896859","47","56901380"
"chr4","18183505","18183811","JH378107","46009365","46009670","37","27825860"
"chr4","20737149","20737424","JH378129","22226033","22226310","38","1488884"
"chr4","21166320","21166604","JH378148","3009466","3009760","49","18156854"
"chr4","21707441","21707740","JH378149","10116423","10116716","45","11591018"
"chr4","28930722","28930922","JH378156","10547885","10548076","31","18382837"
"chr4","29397087","29397394","JH378117","28305531","28305841","49","1091556"
"chr4","31076210","31076367","JH378105","47885237","47885382","35","16809027"
"chr4","31364191","31364302","JH378217","4123939","4124062","46","27240252"
"chr4","31503923","31504220","JH378148","3009466","3009760","39","28494457"
"chr4","31747845","31748134","JH378142","11522757","11523044","60","20225088"
"chr4","34335146","34335441","JH378193","3568817","3569111","39","30766329"
"chr4","36077666","36078045","JH378113","38272855","38273168","126","2195189"
"chr4","36223704","36223989","JH378143","18236239","18236524","45","17987465"
"chr4","36321969","36322262","JH378137","17916762","17917051","43","18405207"
"chr4","40297387","40297691","JH378136","9599015","9599310","43","30698372"
"chr4","47178940","47179236","JH378181","3298975","3299267","37","43879965"
"chr4","51422641","51422909","JH378107","6629710","6629970","45","44792931"
"chr4","62009393","62009483","JH378120","30378070","30378156","16","31631323"
"chr4","65419764","65420062","JH378116","34204048","34204349","46","31215716"
"chr4","65891444","65891750","JH378150","241281","241578","43","65650163"
"chr4","67704835","67705140","JH378184","986034","986342","45","66718801"
"chr4","67778752","67779042","JH378132","8950928","8951208","44","58827824"
"chr4","69036143","69036443","JH378130","7588210","7588506","42","61447933"
"chr4","69986377","69986668","JH378107","9067769","9068059","48","60918608"
"chr4","70646198","70646503","JH378107","46009365","46009670","48","24636833"
"chr4","72112573","72112882","JH378106","58660565","58660863","45","13452008"
"chr4","72615488","72615671","JH378153","5487406","5487588","31","67128082"
"chr4","73277213","73277452","JH378140","14368734","14368986","56","58908479"
"chr4","73341439","73341722","JH378245","3312448","3312742","45","70028991"
"chr4","75462566","75462712","JH378114","30341399","30341543","26","45121167"
"chr4","77309250","77309556","JH378182","4696933","4697238","37","72612317"
"chr4","79907196","79907209","JH378272","2083837","2083868","19","77823359"
"chr4","79907509","79907666","JH378192","5406761","5406913","42","74500748"
"chr4","82158190","82158476","JH378206","2476848","2477135","47","79681342"
"chr4","89475830","89476142","JH378174","11112447","11112756","46","78363383"
"chr4","90153726","90154023","JH378129","7783178","7783478","43","82370548"
"chr5","519657","519957","JH378127","10024758","10025055","46","9505101"
"chr5","1269268","1269446","JH378123","21150681","21150831","49","19881413"
"chr5","1788199","1788293","JH378136","7277126","7277221","16","5488927"
"chr5","1952973","1953267","JH378114","19068127","19068419","43","17115154"
"chr5","2692431","2692616","JH378184","7337357","7337550","35","4644926"
"chr5","3072096","3072403","JH378182","4696933","4697238","43","1624837"
"chr5","3962683","3963025","JH378107","44172487","44172807","80","40209804"
"chr5","4404601","4404898","JH378205","1510121","1510420","43","2894480"
"chr5","5490431","5490619","JH378171","3859812","3860006","54","1630619"
"chr5","6458343","6458637","JH378245","3312448","3312742","35","3145895"
"chr5","6689202","6689510","JH378137","1949849","1950158","50","4739353"
"chr5","6811793","6812092","JH378141","9607676","9607979","48","2795883"
"chr5","8343857","8344153","JH378117","25647280","25647574","42","17303423"
"chr5","8479932","8480228","JH378216","1924829","1925136","53","6555103"
"chr5","8740202","8740498","JH378120","30887337","30887632","46","22147135"
"chr5","10201522","10201832","JH378107","46009365","46009670","40","35807843"
"chr5","11274902","11275068","JH378293","1016027","1016200","38","10258875"
"chr5","11441538","11441836","JH378206","6968121","6968417","45","4473417"
"chr5","11500001","11500280","JH378151","5590079","5590358","40","5909922"
"chr5","12089910","12090138","JH378151","9531562","9531791","44","2558348"
"chr5","13195685","13195981","JH378134","20911825","20912116","42","7716140"
"chr5","15493902","15494212","JH378137","1949849","1950158","46","13544053"
"chr5","16799512","16799818","JH378106","70219640","70219948","35","53420128"
"chr5","18708938","18709245","JH378106","50292653","50292960","43","31583715"
"chr5","19536988","19537288","JH378119","21729384","21729670","57","2192396"
"chr5","20006498","20006659","JH378143","8005253","8005418","34","12001245"
"chr5","21487694","21487947","JH378106","28970354","28970606","41","7482660"
"chr5","22595157","22595449","JH378245","3312448","3312742","39","19282709"
"chr5","22845295","22845590","JH378148","3009466","3009760","45","19835829"
"chr5","25437553","25437861","JH378201","3287246","3287553","47","22150307"
"chr5","26071590","26071911","JH378230","2697043","2697360","55","23374547"
"chr5","26958318","26958633","JH378107","44172487","44172807","60","17214169"
"chr5","27295348","27295655","JH378120","4029777","4030079","46","23265571"
"chr5","27418526","27418729","JH378149","3982832","3983034","34","23435694"
"chr5","29032308","29032462","JH378107","1664482","1664637","28","27367826"
"chr5","32032319","32032590","JH378177","3710536","3710807","49","28321783"
"chr5","32238916","32239219","JH378135","21763200","21763501","52","10475716"
"chr5","33124762","33125049","JH378206","6968121","6968417","43","26156641"
"chr5","35922617","35922910","JH378136","9599015","9599310","39","26323602"
"chr5","37048413","37048730","JH378182","4696933","4697238","47","32351480"
"chr5","37228861","37228909","JH378108","25093204","25093240","17","12135657"
"chr5","38771858","38772155","JH378205","1510121","1510420","37","37261737"
"chr5","42941515","42941809","JH378169","11824133","11824434","44","31117382"
"chr5","43570071","43570380","JH378201","3287246","3287553","39","40282825"
"chr5","52536171","52536470","JH378150","241281","241578","43","52294890"
"chr5","52623654","52623935","JH378146","6921944","6922227","40","45701710"
"chr5","52726952","52727241","JH378217","248242","248529","50","52478710"
"chr5","52744078","52744371","JH378135","2257364","2257657","39","50486714"
"chr5","53391770","53392069","JH378209","262934","263230","52","53128836"
"chr5","56130415","56130715","JH378245","3312448","3312742","43","52817967"
"chr5","56290358","56290661","JH378107","46009365","46009670","43","10280993"
"chr5","56674358","56674536","JH378189","1484999","1485181","37","55189359"
"chr5","56674570","56674695","JH378122","2043842","2043972","17","54630728"
"chr5","58885789","58886082","JH378257","294971","295263","57","58590818"
"chr5","60437624","60437927","JH378120","4029777","4030079","49","56407847"
"chr5","62595186","62595497","JH378107","46009365","46009670","45","16585821"
"chr5","66167153","66167448","JH378145","15823378","15823672","40","50343775"
"chr5","66746723","66747036","JH378156","7076545","7076843","50","59670178"
"chr5","66756644","66756935","JH378245","3312448","3312742","41","63444196"
"chr5","67249802","67250137","JH378110","20343307","20343641","66","46906495"
"chr5","68926589","68926863","JH378120","16339076","16339352","58","52587513"
"chr5","69009752","69010055","JH378106","58660565","58660863","41","10349187"
"chr5","70190805","70191114","JH378107","46009365","46009670","46","24181440"
"chr5","70368963","70369248","JH378106","70896573","70896859","38","527610"
"chr5","72761300","72761571","JH378119","86732","87007","37","72674568"
"chr5","73142175","73142391","JH378209","2717312","2717521","50","70424863"
"chr5","73161993","73162299","JH378330","594897","595205","48","72567096"
"chr5","73181754","73182031","JH378105","57938733","57939014","52","15243021"
"chr5","73200548","73200831","JH378245","3312448","3312742","41","69888100"
"chr5","73275018","73275324","JH378206","6968121","6968417","49","66306897"
"chr5","74958578","74958852","JH378305","900440","900712","42","74058138"
"chr5","75139126","75139382","JH378129","3873045","3873297","45","71266081"
"chr6","602634","602922","JH378165","12389091","12389397","51","11786457"
"chr6","737011","737322","JH378162","23612","23922","44","713399"
"chr6","977369","977502","JH378108","17478737","17478871","19","16501368"
"chr6","978089","978227","JH378105","49917117","49917247","23","48939028"
"chr6","1317855","1318037","JH378137","4604383","4604572","40","3286528"
"chr6","2258080","2258389","JH378117","28305531","28305841","50","26047451"
"chr6","2903645","2903942","JH378257","294971","295263","55","2608674"
"chr6","3443210","3443507","JH378136","18027573","18027877","49","14584363"
"chr6","3896054","3896345","JH378245","3312448","3312742","46","583606"
"chr6","5387868","5388038","JH378163","8328457","8328624","21","2940589"
"chr6","6399895","6400190","JH378127","10024758","10025055","44","3624863"
"chr6","6817310","6817595","JH378227","3749686","3749973","39","3067624"
"chr6","7138194","7138501","JH378137","12880677","12880985","41","5742483"
"chr6","7426169","7426476","JH378107","46009365","46009670","40","38583196"
"chr6","8456909","8457141","JH378197","7261383","7261611","52","1195526"
"chr6","8823575","8823873","JH378156","7076545","7076843","46","1747030"
"chr6","9574604","9574678","JH378166","13136329","13136397","16","3561725"
"chr6","9780191","9780453","JH378300","522382","522652","51","9257809"
"chr6","9887074","9887366","JH378127","10024758","10025055","45","137684"
"chr6","10277841","10278137","JH378129","7783178","7783478","47","2494663"
"chr6","10321756","10321899","JH378334","303191","303331","21","10018565"
"chr6","10322197","10322365","JH378153","15964977","15965150","42","5642780"
"chr6","10878328","10878624","JH378205","1510121","1510420","48","9368207"
"chr6","10887318","10887615","JH378148","3009466","3009760","36","7877852"
"chr6","11172919","11173225","JH378110","34753497","34753807","45","23580578"
"chr6","11560841","11561149","JH378127","13837233","13837537","52","2276392"
"chr6","12090327","12090641","JH378107","46009365","46009670","51","33919038"
"chr6","12281633","12281768","JH378255","1235513","1235640","20","11046120"
"chr6","13119441","13119733","JH378117","25647280","25647574","38","12527839"
"chr6","13158096","13158423","JH378176","1335842","1336152","60","11822254"
"chr6","15282553","15282855","JH378169","11824133","11824434","39","3458420"
"chr6","16120933","16121221","JH378156","7076545","7076843","48","9044388"
"chr6","17089898","17090203","JH378116","34204048","34204349","45","17114150"
"chr6","17661778","17662082","JH378173","5034027","5034323","44","12627751"
"chr6","17717115","17717396","JH378112","34465721","34465992","72","16748606"
"chr6","17911944","17912247","JH378156","7076545","7076843","40","10835399"
"chr6","18125642","18125889","JH378140","14368734","14368986","39","3756908"
"chr6","18170848","18171146","JH378130","7588210","7588506","48","10582638"
"chr6","18424261","18424525","JH378149","8670852","8671127","59","9753409"
"chr6","18482225","18482526","JH378123","21576066","21576366","47","3093841"
"chr6","18989195","18989441","JH378239","5400101","5400333","38","13589094"
"chr6","19056410","19056715","JH378137","4716291","4716586","52","14340119"
"chr6","19462418","19462538","JH378131","12820060","12820177","30","6642358"
"chr6","19491467","19491762","JH378106","58660565","58660863","46","39169098"
"chr6","19636925","19637160","JH378239","5400101","5400333","33","14236824"
"chr6","19838222","19838521","JH378124","6602405","6602705","40","13235817"
"chr6","20250084","20250372","JH378148","3009466","3009760","43","17240618"
"chr6","20308705","20309013","JH378107","46009365","46009670","46","25700660"
"chr6","20557654","20557935","JH378111","17080898","17081179","50","3476756"
"chr6","21023791","21024095","JH378204","2887668","2887969","55","18136123"
"chr6","21295892","21296196","JH378124","6602405","6602705","62","14693487"
"chr6","23904991","23905304","JH378120","4029777","4030079","52","19875214"
"chr6","26982253","26982548","JH378137","4716291","4716586","52","22265962"
"chr6","30939864","30940147","JH378205","1510121","1510420","47","29429743"
"chr6","31301545","31301844","JH378125","4344553","4344853","39","26956992"
"chr6","31526769","31527069","JH378240","1530960","1531261","47","29995809"
"chr6","32283889","32284190","JH378107","46009365","46009670","37","13725476"
"chr6","32296234","32296473","JH378274","640157","640386","39","31656077"
"chr6","32377042","32377353","JH378190","1325792","1326096","45","31051250"
"chr6","33442520","33442809","JH378245","3312448","3312742","41","30130072"
"chr6","33471689","33471973","JH378107","5313909","5314193","47","28157780"
"chr6","34064387","34064693","JH378169","11824133","11824434","48","22240254"
"chr6","34105924","34106241","JH378125","2068457","2068768","53","32037467"
"chr6","34744411","34744502","JH378450","1235","1313","27","34743176"
"chr6","34820438","34820730","JH378206","6968121","6968417","42","27852317"
"chr6","35431657","35431955","JH378119","1423786","1424080","43","34007871"
"chr6","35854509","35854612","JH378136","7277126","7277221","27","28577383"
"chr6","37522371","37522510","JH378182","2239318","2239435","32","35283053"
"chr6","39041499","39041785","JH378257","294971","295263","42","38746528"
"chr6","39180052","39180222","JH378153","6574953","6575126","28","32605099"
"chr6","39402080","39402377","JH378249","3737189","3737485","45","35664891"
"chr6","41053156","41053451","JH378145","12963180","12963482","45","28089976"
"chr6","41444028","41444311","JH378144","11145837","11146122","49","30298191"
"chr6","41527841","41528136","JH378145","15823378","15823672","37","25704463"
"chr6","41636641","41636994","JH378165","12389091","12389397","90","29247550"
"chr6","42125977","42126141","JH378143","8005253","8005418","27","34120724"
"chr6","42294269","42294576","JH378107","46009365","46009670","48","3715096"
"chr6","42311505","42311793","JH378148","3009466","3009760","46","39302039"
"chr6","42777242","42777336","JH378111","41550302","41550406","35","1226940"
"chr6","43237955","43238257","JH378107","46009365","46009670","33","2771410"
"chr6","43679500","43679791","JH378146","17525689","17525983","46","26153811"
"chr6","44686128","44686438","JH378201","3287246","3287553","42","41398882"
"chr6","45278052","45278348","JH378156","7076545","7076843","45","38201507"
"chr6","45413318","45413599","JH378206","2476848","2477135","46","42936470"
"chr6","45753507","45753812","JH378106","47539192","47539491","58","1785685"
"chr6","46900207","46900277","JH378293","1015824","1015887","20","45884383"
"chr6","47277254","47277549","JH378245","3312448","3312742","40","43964806"
"chr6","50406693","50406982","JH378148","3009466","3009760","34","47397227"
"chr6","50407933","50408091","JH378152","15963159","15963313","27","34444774"
"chr7","827545","827808","JH378146","6921944","6922227","58","6094399"
"chr7","1709950","1710234","JH378148","3009466","3009760","51","1299516"
"chr7","2131159","2131458","JH378108","38566905","38567200","46","36435746"
"chr7","2660838","2661149","JH378187","8721059","8721370","43","6060221"
"chr7","4143633","4143730","JH378136","7277126","7277221","17","3133493"
"chr7","6256968","6257273","JH378174","11112447","11112756","45","4855479"
"chr7","11841640","11841847","JH378112","35574224","35574418","50","23732584"
"chr7","12051137","12051413","JH378153","2212277","2212560","52","9838860"
"chr7","16413470","16413771","JH378107","46009365","46009670","43","29595895"
"chr7","18279393","18279453","JH378177","2470209","2470260","18","15809184"
"chr7","19212743","19213027","JH378206","2476848","2477135","42","16735895"
"chr7","23940309","23940600","JH378245","3312448","3312742","39","20627861"
"chr7","24582333","24582633","JH378261","1404235","1404536","46","23178098"
"chr7","24992491","24992775","JH378129","22226033","22226310","46","2766458"
"chr7","25099844","25100005","JH378153","5487406","5487588","46","19612438"
"chr7","26356803","26357102","JH378107","46009365","46009670","40","19652562"
"chr7","27355653","27355925","JH378147","15650003","15650291","52","11705650"
"chr7","28760156","28760350","JH378115","31351021","31351219","31","2590865"
"chr7","31368435","31368712","JH378242","4505823","4506099","40","26862612"
"chr7","32491656","32491951","JH378175","7514268","7514564","43","24977388"
"chr7","32742112","32742431","JH378170","7759979","7760296","69","24982133"
"chr7","33860493","33860788","JH378127","10024758","10025055","35","23835735"
"chr7","35121167","35121426","JH378133","19659852","19660116","52","15461315"
"chr7","39102065","39102374","JH378114","25103281","25103591","45","13998784"
"chr7","40032631","40032804","JH378105","35472325","35472495","29","4560306"
"chr7","43769780","43770075","JH378144","12982451","12982752","53","30787329"
"chr7","46169263","46169565","JH378106","58660565","58660863","41","12491302"
"chr7","47034742","47035049","JH378107","46009365","46009670","47","1025377"
"chr7","47159583","47159886","JH378190","1325792","1326096","50","45833791"
"chr7","49050457","49050748","JH378148","3009466","3009760","58","46040991"
"chr7","51177592","51177840","JH378138","2698097","2698345","51","48479495"
"chr7","54910297","54910400","JH378136","7277126","7277221","30","47633171"
"chr7","57425728","57426033","JH378209","3195862","3196167","45","54229866"
"chr7","64034319","64034548","JH378138","2698097","2698345","57","61336222"
"chr7","70288815","70289084","JH378139","4978818","4979087","57","65309997"
"chr7","72895220","72895430","JH378115","15568332","15568546","44","57326888"
"chr7","78581252","78581556","JH378245","2025413","2025720","48","76555839"
"chr7","80253692","80253982","JH378245","3312448","3312742","71","76941244"
"chr7","82374717","82374999","JH378129","22226033","22226310","44","60148684"
"chr7","83723486","83723772","JH378110","13883859","13884149","47","69839627"
"chr7","86208670","86208840","JH378124","5290980","5291152","33","80917690"
"chr7","89447308","89447609","JH378205","1510121","1510420","44","87937187"
"chr7","94247394","94247698","JH378123","21576066","21576366","45","72671328"
"chr7","94276907","94277222","JH378120","4029777","4030079","62","90247130"
"chr7","97975861","97976167","JH378118","11017884","11018188","43","86957977"
"chr7","99144738","99144827","JH378106","6555639","6555725","34","92589099"
"chr7","99917594","99917916","JH378187","8721059","8721370","48","91196535"
"chr7","99993214","99993524","JH378245","3312448","3312742","51","96680766"
"chr7","102772022","102772318","JH378119","1423786","1424080","53","101348236"
"chr7","102828284","102828565","JH378214","2331537","2331805","61","100496747"
"chr7","103304191","103304350","JH378188","114626","114783","22","103189565"
"chr7","107192317","107192616","JH378107","3274339","3274641","50","103917978"
"chr7","107601861","107602149","JH378148","3009466","3009760","45","104592395"
"chr7","107694734","107694928","JH378156","11265928","11266128","32","96428806"
"chr7","112217017","112217177","JH378153","15964977","15965150","35","96252040"
"chr7","113509624","113509917","JH378117","25647280","25647574","42","87862344"
"chr7","118446176","118446456","JH378105","57938733","57939014","46","60507443"
"chr7","123306251","123306554","JH378124","6602405","6602705","41","116703846"
"chr7","123753559","123753840","JH378342","271500","271786","50","123482059"
"chr7","128983768","128984070","JH378342","67187","67491","41","128916581"
"chr7","130603986","130604272","JH378227","3749686","3749973","40","126854300"
"chr7","131893805","131894095","JH378127","10024758","10025055","46","121869047"
"chr7","134175586","134175769","JH378167","11092398","11092586","34","123083188"
"chr7","134175851","134176039","JH378107","57343532","57343720","29","76832319"
"chr7","134444510","134444813","JH378169","11824133","11824434","44","122620377"
"chr7","135147470","135147771","JH378186","7276999","7277299","47","127870471"
"chr8","1156431","1156726","JH378129","7783178","7783478","37","6626747"
"chr8","1887825","1888116","JH378245","3312448","3312742","41","1424623"
"chr8","2426566","2426863","JH378148","3009466","3009760","51","582900"
"chr8","2928564","2928887","JH378152","15953207","15953516","64","13024643"
"chr8","3760822","3761131","JH378132","22555890","22556195","59","18795068"
"chr8","4927938","4928135","JH378180","6499799","6499997","44","1571861"
"chr8","7309175","7309457","JH378131","18580170","18580458","49","11270995"
"chr8","7434050","7434173","JH378108","13466061","13466177","31","6032011"
"chr8","8306963","8307248","JH378148","3009466","3009760","57","5297497"
"chr8","9607649","9607815","JH378163","8328457","8328624","24","1279192"
"chr8","10043629","10043676","JH378213","5190098","5190153","17","4853531"
"chr8","10698218","10698516","JH378149","10116423","10116716","40","581795"
"chr8","10926924","10927226","JH378142","11522757","11523044","50","595833"
"chr8","13503286","13503589","JH378223","6194371","6194661","77","7308915"
"chr8","13597831","13598130","JH378245","3312448","3312742","37","10285383"
"chr8","15461460","15461731","JH378139","15168175","15168450","49","293285"
"chr8","17817925","17818255","JH378110","20343307","20343641","61","2525382"
"chr8","17906268","17906582","JH378170","7759979","7760296","57","10146289"
"chr8","21829404","21829701","JH378245","3312448","3312742","38","18516956"
"chr8","25835535","25835817","JH378115","4423236","4423519","47","21412299"
"chr8","25835854","25835864","JH378272","2083837","2083868","23","23752017"
"chr8","29122452","29122657","JH378303","1359446","1359651","28","27763006"
"chr8","31697389","31697492","JH378131","12820060","12820177","29","18877329"
"chr8","36792389","36792678","JH378315","1028585","1028878","44","35763804"
"chr8","38032395","38032591","JH378156","10547885","10548076","34","27484510"
"chr8","39463860","39464169","JH378107","46009365","46009670","39","6545505"
"chr8","39536497","39536696","JH378115","31351021","31351219","34","8185476"
"chr8","40518150","40518424","JH378137","5445816","5446095","47","35072334"
"chr8","40518460","40518471","JH378272","2083837","2083868","21","38434623"
"chr8","40600605","40600901","JH378148","3009466","3009760","50","37591139"
"chr8","41131491","41131773","JH378145","14148161","14148440","56","26983330"
"chr8","43143332","43143638","JH378136","18027573","18027877","40","25115759"
"chr8","47316313","47316604","JH378223","38539","38830","48","47277774"
"chr8","50202205","50202392","JH378107","57343532","57343720","29","7141327"
"chr8","50874138","50874285","JH378105","47885237","47885382","26","2988901"
"chr8","52335243","52335458","JH378115","31202561","31202787","49","21132682"
"chr8","54093353","54093662","JH378125","2068457","2068768","44","52024896"
"chr8","55329089","55329300","JH378115","31351021","31351219","34","23978068"
"chr8","62447239","62447552","JH378152","15953207","15953516","46","46494032"
"chr8","65661110","65661399","JH378148","3009466","3009760","44","62651644"
"chr8","66322232","66322404","JH378123","21217689","21217863","30","45104543"
"chr8","69514875","69515184","JH378137","1949849","1950158","44","67565026"
"chr8","70854092","70854386","JH378127","10024758","10025055","42","60829334"
"chr8","72446414","72446559","JH378192","5406761","5406913","39","67039653"
"chr8","72446585","72446712","JH378217","185730","185857","15","72260855"
"chr8","76588167","76588318","JH378106","68289436","68289584","26","8298731"
"chr8","79109552","79109861","JH378123","11664205","11664513","47","67445347"
"chr8","79614598","79614745","JH378148","4171062","4171203","30","75443536"
"chr8","80355119","80355396","JH378115","4423236","4423519","48","75931883"
"chr8","81597957","81598241","JH378106","70896573","70896859","48","10701384"
"chr8","86754772","86755020","JH378121","14610271","14610542","53","72144501"
"chr8","88282445","88282728","JH378115","4423236","4423519","54","83859209"
"chr8","89395994","89396303","JH378107","46009365","46009670","45","43386629"
"chr8","89489479","89489768","JH378119","27398979","27399261","47","62090500"
"chr8","91732665","91732976","JH378107","46009365","46009670","39","45723300"
"chr8","94015429","94015737","JH378137","1949849","1950158","39","92065580"
"chr8","95482017","95482311","JH378185","2391314","2391602","47","93090703"
"chr8","96323916","96324249","JH378116","27615727","27616051","55","68708189"
"chr8","97542389","97542686","JH378127","10024758","10025055","32","87517631"
"chr8","97684202","97684375","JH378158","4851153","4851320","40","92833049"
"chr8","98260790","98261098","JH378136","18027573","18027877","35","80233217"
"chr8","99127321","99127618","JH378206","3042454","3042750","47","96084867"
"chr8","102372662","102372952","JH378119","1423786","1424080","47","100948876"
"chr8","104047909","104048207","JH378129","7783178","7783478","47","96264731"
"chr8","106027150","106027321","JH378123","21217689","21217863","36","84809461"
"chr8","112365867","112366180","JH378107","46009365","46009670","42","66356502"
"chr8","114410662","114410935","JH378129","22226033","22226310","45","92184629"
"chr8","114650838","114651136","JH378206","6968121","6968417","43","107682717"
"chr8","116445825","116446073","AGCE01150141","1188","1433","51","116444637"
"chr8","119935631","119935911","JH378143","18236239","18236524","45","101699392"
"chr8","120563113","120563415","JH378106","58660565","58660863","49","61902548"
"chr8","125277913","125278173","JH378205","3491925","3492172","57","121785988"
"chr8","127502567","127502735","JH378124","4450708","4450884","49","123051859"
"chr8","128272652","128272943","JH378148","3009466","3009760","38","125263186"
"chr8","129053867","129054155","JH378195","2842417","2842689","57","126211450"
"chr8","132765112","132765396","JH378239","4840763","4841048","45","127924349"
"chr8","137776215","137776498","JH378151","5590079","5590358","49","132186136"
"chr8","138561354","138561651","JH378148","3009466","3009760","43","135551888"
"chr9","2472289","2472543","JH378233","5445189","5445457","50","2972900"
"chr9","3222204","3222392","JH378115","31351021","31351219","50","28128817"
"chr9","3222406","3222542","JH378153","5301835","5301976","34","2079429"
"chr9","5701964","5702191","JH378135","338460","338687","56","5363504"
"chr9","5865268","5865498","JH378145","7037822","7038056","42","1172554"
"chr9","5933624","5933923","JH378156","7076545","7076843","38","1142921"
"chr9","6447237","6447528","JH378148","3009466","3009760","42","3437771"
"chr9","9356817","9357124","JH378109","11216706","11217003","47","1859889"
"chr9","12325138","12325437","JH378201","3287246","3287553","51","9037892"
"chr9","12328137","12328428","JH378148","12566856","12567148","44","238719"
"chr9","12329919","12330215","JH378201","3287246","3287553","54","9042673"
"chr9","12929262","12929568","JH378199","5489890","5490197","43","7439372"
"chr9","12952554","12952832","JH378152","11710870","11711149","47","1241684"
"chr9","14827542","14827822","JH378278","2024551","2024836","45","12802991"
"chr9","15822466","15822745","JH378108","50208845","50209139","48","34386379"
"chr9","17002109","17002407","JH378228","5010858","5011162","41","11991251"
"chr9","17171553","17171823","JH378139","4978818","4979087","47","12192735"
"chr9","19293221","19293550","JH378205","408088","408412","49","18885133"
"chr9","21254132","21254439","JH378199","5489890","5490197","47","15764242"
"chr9","24369766","24370059","JH378245","3312448","3312742","40","21057318"
"chr9","26312895","26313210","JH378165","12389091","12389397","60","13923804"
"chr9","28360259","28360538","JH378151","5590079","5590358","36","22770180"
"chr9","29726706","29726965","JH378233","5445189","5445457","76","24281517"
"chr9","34359227","34359520","JH378151","9107602","9107893","46","25251625"
"chr9","34551640","34551947","JH378190","1325792","1326096","46","33225848"
"chr9","37264535","37264848","JH378110","20343307","20343641","76","16921228"
"chr9","38190390","38190699","JH378342","67187","67491","40","38123203"
"chr9","38840154","38840447","JH378119","1423786","1424080","50","37416368"
"chr9","41514277","41514470","JH378111","22049650","22049841","25","19464627"
"chr9","41786562","41786826","JH378112","34465721","34465992","64","7320841"
"chr9","42035547","42035678","JH378113","4416646","4416776","16","37618901"
"chr9","42035990","42036094","JH378220","5577714","5577817","24","36458276"
"chr9","43119008","43119315","JH378190","1325792","1326096","44","41793216"
"chr9","44943374","44943684","JH378240","1530960","1531261","46","43412414"
"chr9","47742956","47743156","JH378115","31351021","31351219","28","16391935"
"chr9","52953157","52953353","JH378120","1816911","1817119","61","51136246"
"chr9","57035120","57035427","JH378165","12389091","12389397","49","44646029"
"chr9","57193285","57193379","JH378248","3043693","3043786","17","54149592"
"chr9","57193680","57193910","JH378105","22061292","22061515","44","35132388"
"chr9","57211507","57211805","JH378123","14223567","14223865","43","42987940"
"chr9","57395923","57396219","JH378148","3009466","3009760","44","54386457"
"chr9","58590523","58590812","JH378245","3312448","3312742","40","55278075"
"chr9","58632685","58632984","JH378151","9107602","9107893","45","49525083"
"chr9","59982914","59983238","JH378152","15953207","15953516","57","44029707"
"chr9","62838253","62838457","JH378111","22049650","22049841","37","40788603"
"chr9","62853671","62853972","JH378146","17525689","17525983","60","45327982"
"chr9","63008728","63009022","JH378206","6968121","6968417","40","56040607"
"chr9","63656481","63656680","JH378127","4854841","4855013","55","58801640"
"chr9","64128552","64128844","JH378124","2736680","2736977","45","61391872"
"chr9","64326133","64326263","JH378130","14777422","14777560","28","49548711"
"chr9","67745212","67745506","JH378110","6448504","6448791","38","61296708"
"chr9","70470752","70471056","JH378106","12647150","12647453","44","57823602"
"chr9","70608067","70608348","JH378137","5445816","5446095","67","65162251"
"chr9","71325636","71325943","JH378267","2860025","2860335","46","68465611"
"chr9","71622880","71623158","JH378137","5445816","5446095","40","66177064"
"chr9","72095989","72096234","JH378221","1227057","1227311","56","70868932"
"chr9","73568534","73568677","JH378145","4003983","4004132","32","69564551"
"chr9","75035829","75036008","JH378179","1282549","1282728","29","73753280"
"chr9","78087320","78087509","JH378137","4604383","4604572","30","73482937"
"chr9","82744832","82745142","JH378209","3195862","3196167","43","79548970"
"chr9","85628751","85628795","JH378108","25093204","25093240","21","60535547"
"chr9","86334279","86334492","JH378198","1738697","1738911","38","84595582"
"chr9","86356166","86356441","JH378129","22226033","22226310","36","64130133"
"chr9","87702149","87702457","JH378129","7783178","7783478","51","79918971"
"chr9","90056630","90056917","JH378217","248242","248529","44","89808388"
"chr9","90188789","90189019","JH378151","9531562","9531791","41","80657227"
"chr9","90458341","90458434","JH378120","30378070","30378156","20","60080271"
"chr9","90639446","90639739","JH378136","18027573","18027877","46","72611873"
"chr9","90729075","90729366","JH378257","294971","295263","48","90434104"
"chr9","90852264","90852577","JH378145","15857815","15858117","50","74994449"
"chr9","92357624","92357922","JH378148","3009466","3009760","38","89348158"
"chr9","93975712","93976017","JH378125","4344553","4344853","47","89631159"
"chr9","95203008","95203310","JH378245","3312448","3312742","37","91890560"
"chr9","95419570","95419882","JH378110","34753497","34753807","53","60666073"
"chr9","96384210","96384493","JH378153","2212277","2212560","39","94171933"
"chr9","98065234","98065537","JH378106","70219640","70219948","47","27845594"
"chr9","103700548","103700874","JH378205","408088","408412","56","103292460"
"chr9","104917811","104918122","JH378107","46009365","46009670","47","58908446"
"chr9","107436390","107436667","JH378300","1082016","1082293","36","106354374"
"chr9","111503158","111503214","JH378127","2009272","2009328","11","109493886"
"chr9","112427041","112427348","JH378107","46009365","46009670","43","66417676"
"chr9","112532539","112532840","JH378245","3312448","3312742","43","109220091"
"chr9","113752100","113752377","JH378131","18580170","18580458","61","95171930"
"chr9","114792619","114792629","JH378272","2083837","2083868","22","112708782"
"chr9","114792656","114792820","JH378143","8005253","8005418","29","106787403"
"chr9","114792847","114792970","JH378281","676024","676150","15","114116823"
"chr9","117520202","117520394","JH378115","31351021","31351219","42","86169181"
"chr9","117997377","117997699","JH378107","46009365","46009670","55","71988012"
"chr9","118409253","118409500","JH378130","11368815","11369072","48","107040438"
"chr9","120908539","120908846","JH378106","70219640","70219948","40","50688899"
"chr9","123723377","123723641","JH378185","920965","921227","43","122802412"
"chrX","18909","19211","JH378240","1530960","1531261","45","1512051"
"chrX","955384","955707","JH378137","12880677","12880985","66","11925293"
"chrX","4404972","4405281","JH378227","1195635","1195952","84","3209337"
"chrX","7023948","7024226","JH378129","22226033","22226310","46","15202085"
"chrX","7260032","7260346","JH378107","46009365","46009670","44","38749333"
"chrX","11870355","11870663","JH378136","18027573","18027877","42","6157218"
"chrX","11914868","11915172","JH378109","48782100","48782405","39","36867232"
"chrX","15160952","15161254","JH378120","4029777","4030079","38","11131175"
"chrX","18307694","18307981","JH378107","9067769","9068059","46","9239925"
"chrX","21588974","21589261","JH378200","8146795","8147080","46","13442179"
"chrX","21722049","21722345","JH378197","7162474","7162772","56","14559575"
"chrX","21806540","21806835","JH378162","14916397","14916692","35","6890143"
"chrX","22361169","22361429","JH378185","920965","921227","44","21440204"
"chrX","27550109","27550407","JH378240","1530960","1531261","48","26019149"
"chrX","29159459","29159738","JH378119","21729384","21729670","42","7430075"
"chrX","30257485","30257780","JH378245","3312448","3312742","31","26945037"
"chrX","33133313","33133595","JH378143","18236239","18236524","46","14897074"
"chrX","33462096","33462402","JH378145","10634547","10634848","46","22827549"
"chrX","34158338","34158628","JH378156","7076545","7076843","45","27081793"
"chrX","34294974","34295266","JH378177","11151879","11152168","49","23143095"
"chrX","35860617","35860878","JH378303","460856","461111","64","35399761"
"chrX","38699103","38699413","JH378118","33434628","33434936","42","5264475"
"chrX","39399972","39400266","JH378245","3312448","3312742","48","36087524"
"chrX","40131539","40131839","JH378154","84041","84351","47","40047498"
"chrX","42038037","42038338","JH378156","7076545","7076843","44","34961492"
"chrX","42492858","42493166","JH378107","46009365","46009670","43","3516507"
"chrX","45180050","45180387","JH378118","5727285","5727623","66","39452765"
"chrX","45972399","45972596","JH378156","11265928","11266128","27","34706471"
"chrX","48279096","48279405","JH378106","70219640","70219948","48","21940544"
"chrX","49237550","49237850","JH378205","1510121","1510420","39","47727429"
"chrX","55676793","55677094","JH378107","3274339","3274641","47","52402454"
"chrX","59475281","59475512","JH378274","640157","640386","38","58835124"
"chrX","60451460","60451750","JH378245","3312448","3312742","44","57139012"
"chrX","61128422","61128685","JH378185","920965","921227","50","60207457"
"chrX","66751718","66752018","JH378165","12389091","12389397","42","54362627"
"chrX","69242036","69242340","JH378117","25647280","25647574","54","43594756"
"chrX","76510175","76510472","JH378125","2068457","2068768","58","74441718"
"chrX","77541379","77541676","JH378142","11522757","11523044","53","66018622"
"chrX","84468662","84468945","JH378139","4978818","4979087","49","79489844"
"chrX","85388603","85388911","JH378169","11824133","11824434","45","73564470"
"chrX","89653679","89653865","JH378115","25520973","25521144","45","64132706"
"chrX","89721928","89722219","JH378127","10024758","10025055","56","79697170"
"chrX","90934395","90934629","JH378167","1129351","1129594","38","89805044"
"chrX","95773709","95774008","JH378106","12647150","12647453","45","83126559"
"chrX","104501758","104502064","JH378148","3009466","3009760","50","101492292"
"chrX","107454189","107454483","JH378118","9164013","9164313","38","98290176"
"chrX","107948717","107948998","JH378195","2842417","2842689","49","105106300"
"chrX","108623964","108624293","JH378316","958682","959016","60","107665282"
"chrX","108792499","108792647","JH378114","30341399","30341543","26","78451100"
"chrX","108959727","108960037","JH378209","3195862","3196167","37","105763865"
"chrX","109618157","109618406","JH378233","5445189","5445457","61","104172968"
"chrX","113429291","113429581","JH378143","18236239","18236524","43","95193052"
"chrX","115143276","115143575","JH378118","9164013","9164313","38","105979263"
"chrX","127403676","127403991","JH378107","46009365","46009670","37","81394311"
"chrX","128400168","128400471","JH378148","3009466","3009760","56","125390702"
"chrY","20388","20484","JH378262","3050363","3050459","27","3029975"
"chrY","222105","222224","JH378117","37726911","37727032","18","37504806"
"chrY","222330","222506","JH378194","3698567","3698741","29","3476237"
"chrY","342313","342582","JH378133","19659852","19660116","48","19317539"
"chrY","2619076","2619381","JH378201","3287246","3287553","47","668170"
"chrY","5393364","5393639","JH378151","5590079","5590358","62","196715"
"chr10","1362347","1362653","JH378136","18027573","18027877","53","16665226"
"chr10","2268531","2268816","JH378223","6174571","6174858","48","3906040"
"chr10","2276165","2276431","JH378129","22226033","22226310","44","19949868"
"chr10","2426870","2426916","JH378127","8379049","8379101","15","5952179"
"chr10","3488762","3489077","JH378201","3287246","3287553","46","201516"
"chr10","5697989","5698281","JH378148","3009466","3009760","38","2688523"
"chr10","9401564","9401878","JH378162","23612","23922","49","9377952"
"chr10","10268824","10268990","JH378143","8005253","8005418","36","2263571"
"chr10","10269260","10269275","JH378272","2083837","2083868","18","8185423"
"chr10","11731653","11731953","JH378151","9107602","9107893","49","2624051"
"chr10","13604059","13604353","JH378204","2887668","2887969","53","10716391"
"chr10","15751963","15752271","JH378143","3476619","3476922","50","12275344"
"chr10","20553851","20554096","JH378221","1227057","1227311","50","19326794"
"chr10","25218417","25218611","JH378118","32538848","32539042","32","7320431"
"chr10","27077715","27078016","JH378245","3312448","3312742","55","23765267"
"chr10","27145510","27145807","JH378250","1827403","1827699","40","25318107"
"chr10","36635715","36635861","JH378114","30341399","30341543","16","6294316"
"chr10","36716936","36717107","JH378115","17666853","17667025","29","19050083"
"chr10","39937862","39938160","JH378148","3009466","3009760","49","36928396"
"chr10","43920429","43920742","JH378137","12880677","12880985","49","31039752"
"chr10","46418092","46418358","JH378108","20464703","20464956","53","25953389"
"chr10","48459915","48460199","JH378119","21729384","21729670","41","26730531"
"chr10","49405303","49405613","JH378145","10634547","10634848","50","38770756"
"chr10","51695283","51695571","JH378148","3009466","3009760","43","48685817"
"chr10","56628780","56629083","JH378119","732276","732582","44","55896504"
"chr10","57338534","57338842","JH378190","7150441","7150741","44","50188093"
"chr10","59611372","59611665","JH378106","48879996","48880280","53","10731376"
"chr10","60523664","60523964","JH378245","2025413","2025720","49","58498251"
"chr10","60614299","60614580","JH378200","8146795","8147080","36","52467504"
"chr10","62807820","62808118","JH378342","67187","67491","61","62740633"
"chr10","68536430","68536734","JH378165","12389091","12389397","47","56147339"
"chr10","73779812","73780109","JH378129","7783178","7783478","43","65996634"
"chr10","75328340","75328604","JH378107","6629710","6629970","53","68698630"
"chr10","77448937","77449075","JH378143","4605826","4605972","37","72843111"
"chr10","82322665","82322938","JH378300","1082016","1082293","41","81240649"
"chr10","82675963","82676193","JH378176","10685165","10685400","56","71990798"
"chr10","83839454","83839736","JH378146","6921944","6922227","37","76917510"
"chr10","85598831","85599125","JH378113","18649350","18649646","39","66949481"
"chr10","86705824","86705947","JH378182","2239318","2239435","35","84466506"
"chr10","87792817","87793116","JH378137","1949849","1950158","49","85842968"
"chr10","88325092","88325226","JH378182","2239318","2239435","28","86085774"
"chr10","88642840","88643017","JH378163","8328457","8328624","33","80314383"
"chr10","89219729","89219998","JH378137","5445816","5446095","57","83773913"
"chr10","89323525","89323714","JH378111","22049650","22049841","24","67273875"
"chr10","92303491","92303798","JH378127","13837233","13837537","44","78466258"
"chr10","93623126","93623434","JH378107","46009365","46009670","38","47613761"
"chr10","97406705","97406854","JH378145","4003983","4004132","31","93402722"
"chr10","100640172","100640481","JH378174","11112447","11112756","43","89527725"
"chr10","100844715","100844911","JH378107","57343532","57343720","40","43501183"
"chr10","104395565","104395857","JH378148","3009466","3009760","47","101386099"
"chr10","104740587","104740881","JH378107","46009365","46009670","43","58731222"
"chr10","105041335","105041618","JH378110","6448504","6448791","43","98592831"
"chr10","105101553","105101850","JH378113","18649350","18649646","44","86452203"
"chr10","105145319","105145619","JH378107","3274339","3274641","37","101870980"
"chr10","113789128","113789318","JH378156","10547885","10548076","28","103241243"
"chr10","115024615","115024775","JH378127","18614282","18614439","27","96410333"
"chr10","116784137","116784461","JH378110","34753497","34753807","73","82030640"
"chr10","117043953","117044006","JH378127","8379049","8379101","27","108664904"
"chr10","117044037","117044053","JH378272","2083837","2083868","20","114960200"
"chr10","117044101","117044195","JH378163","13529119","13529229","26","103514982"
"chr10","119014371","119014660","JH378223","6174571","6174858","51","112839800"
"chr10","120442881","120443161","JH378272","1010798","1011072","64","119432083"
"chr10","121174170","121174482","JH378143","3476619","3476922","53","117697551"
"chr10","126762221","126762532","JH378184","986034","986342","50","125776187"
"chr10","127588049","127588202","JH378106","68289436","68289584","27","59298613"
"chr10","127738443","127738731","JH378201","659448","659744","44","127078995"
"chr11","6220426","6220717","JH378197","3767028","3767327","34","2453398"
"chr11","7035719","7036027","JH378137","12880677","12880985","42","5844958"
"chr11","7576676","7576976","JH378120","4029777","4030079","43","3546899"
"chr11","7839634","7839928","JH378107","46009365","46009670","50","38169731"
"chr11","7926615","7926904","JH378149","410782","411076","57","7515833"
"chr11","10846021","10846229","JH378156","11265928","11266128","38","419907"
"chr11","12042442","12042741","JH378197","3767028","3767327","39","8275414"
"chr11","12345279","12345586","JH378169","11824133","11824434","45","521146"
"chr11","14166161","14166422","JH378132","8950928","8951208","53","5215233"
"chr11","18112035","18112329","JH378148","3009466","3009760","39","15102569"
"chr11","19258545","19258846","JH378245","3312448","3312742","40","15946097"
"chr11","19665755","19666055","JH378163","2131797","2132101","46","17533958"
"chr11","23679813","23680123","JH378169","11824133","11824434","48","11855680"
"chr11","25440868","25441183","JH378182","4696933","4697238","54","20743935"
"chr11","25767678","25767945","JH378233","5445189","5445457","41","20322489"
"chr11","26045544","26045827","JH378206","2476848","2477135","42","23568696"
"chr11","26343419","26343704","JH378151","1290971","1291257","44","25052448"
"chr11","31342211","31342499","JH378148","3009466","3009760","43","28332745"
"chr11","31833129","31833334","JH378288","2223220","2223408","48","29609909"
"chr11","34146193","34146502","JH378174","11112447","11112756","50","23033746"
"chr11","36470816","36471086","JH378149","8670852","8671127","50","27799964"
"chr11","36515438","36515725","JH378151","9107602","9107893","38","27407836"
"chr11","36571479","36571789","JH378342","67187","67491","49","36504292"
"chr11","38487671","38487955","JH378199","3403770","3404056","48","35083901"
"chr11","44634821","44635120","JH378120","4029777","4030079","39","40605044"
"chr11","45215342","45215651","JH378162","23612","23922","46","45191730"
"chr11","45691807","45692130","JH378211","4593785","4594086","71","41098022"
"chr11","47243101","47243406","JH378137","1949849","1950158","44","45293252"
"chr11","47275574","47275860","JH378245","3312448","3312742","44","43963126"
"chr11","47315498","47315778","JH378118","6053772","6054053","48","41261726"
"chr11","50175610","50175905","JH378127","10024758","10025055","37","40150852"
"chr11","50448316","50448596","JH378124","15926514","15926796","47","34521802"
"chr11","51732519","51732789","JH378133","19659852","19660116","44","32072667"
"chr11","51892651","51892959","JH378107","46009365","46009670","40","5883286"
"chr11","52040975","52041270","JH378245","3312448","3312742","41","48728527"
"chr11","52117364","52117650","JH378160","9491908","9492202","43","42625456"
"chr11","52230503","52230681","JH378153","6574953","6575126","32","45655550"
"chr11","52999807","53000000","JH378137","4604383","4604572","27","48395424"
"chr11","55843912","55844184","JH378195","2842417","2842689","47","53001495"
"chr11","57460902","57461203","JH378169","11824133","11824434","58","45636769"
"chr11","57835167","57835443","JH378129","22226033","22226310","38","35609134"
"chr11","58499627","58499956","JH378116","27615727","27616051","56","30883900"
"chr11","60051832","60052134","JH378120","4029777","4030079","46","56022055"
"chr11","60479481","60479704","JH378137","15525020","15525239","69","44954461"
"chr11","60860630","60860955","JH378227","1195635","1195952","53","59664995"
"chr11","65252572","65252866","JH378217","248242","248529","45","65004330"
"chr11","67304389","67304682","JH378148","3009466","3009760","40","64294923"
"chr11","67443387","67443693","JH378119","6050976","6051277","48","61392411"
"chr11","78136632","78136919","JH378151","1290971","1291257","43","76845661"
"chr11","78153761","78154070","JH378228","1913613","1913919","56","76240148"
"chr11","88033209","88033513","JH378135","21763200","21763501","56","66270009"
"chr11","88348612","88348909","JH378124","6602405","6602705","41","81746207"
"chr11","91662447","91662742","JH378127","10024758","10025055","44","81637689"
"chr11","95565817","95566108","JH378148","3009466","3009760","37","92556351"
"chr11","98711773","98712074","JH378132","2228150","2228421","65","96483623"
"chr11","101603393","101603690","JH378206","6968121","6968417","42","94635272"
"chr11","102492689","102492781","JH378256","852926","853017","33","101639763"
"chr11","105167872","105168169","JH378165","4452928","4453221","44","100714944"
"chr11","105334898","105335032","JH378135","1028575","1028695","37","104306323"
"chr11","105786422","105786708","JH378146","6921944","6922227","40","98864478"
"chr11","107226552","107226758","JH378137","3561673","3561865","72","103664879"
"chr11","108231342","108231522","JH378121","20961993","20962171","46","87269349"
"chr11","108630365","108630507","JH378114","30341399","30341543","28","78288966"
"chr11","110951575","110951877","JH378169","11824133","11824434","40","99127442"
"chr11","113550363","113550670","JH378107","46009365","46009670","48","67540998"
"chr11","114904788","114905063","JH378124","15926514","15926796","41","98978274"
"chr11","115633669","115633966","JH378129","7783178","7783478","40","107850491"
"chr11","116801506","116801801","JH378206","6968121","6968417","50","109833385"
"chr11","116817136","116817427","JH378163","4312537","4312825","43","112504599"
"chr11","116985750","116986059","JH378205","1510121","1510420","48","115475629"
"chr11","117013468","117013553","JH378120","30378070","30378156","15","86635398"
"chr11","117013867","117014075","JH378282","2787430","2787634","45","114226437"
"chr11","117044007","117044298","JH378205","1510121","1510420","43","115533886"
"chr11","117456974","117457246","JH378151","1290971","1291257","49","116166003"
"chr11","118760425","118760739","JH378201","3287246","3287553","51","115473179"
"chr11","118793535","118793837","JH378209","262934","263230","47","118530601"
"chr11","124395512","124395801","JH378245","3312448","3312742","34","121083064"
"chr11","124588240","124588424","JH378194","3698567","3698741","35","120889673"
"chr11","125153305","125153590","JH378148","3009466","3009760","41","122143839"
"chr11","125309443","125309740","JH378148","3009466","3009760","43","122299977"
"chr11","127038862","127039174","JH378152","15953207","15953516","42","111085655"
"chr11","127138257","127138551","JH378245","3312448","3312742","39","123825809"
"chr11","128276232","128276530","JH378205","1510121","1510420","42","126766111"
"chr12","407742","408043","JH378124","6602405","6602705","45","6194663"
"chr12","503657","503956","JH378181","7510342","7510649","52","7006685"
"chr12","556859","557163","JH378240","1530960","1531261","47","974101"
"chr12","1106052","1106323","JH378305","900440","900712","54","205612"
"chr12","1498710","1498882","JH378188","114626","114783","34","1384084"
"chr12","2171118","2171372","JH378153","15792297","15792535","55","13621179"
"chr12","3290948","3291263","JH378135","14346149","14346445","71","11055201"
"chr12","3958649","3958846","JH378156","10547885","10548076","27","6589236"
"chr12","3959322","3959519","JH378156","10547885","10548076","28","6588563"
"chr12","4005017","4005302","JH378115","4423236","4423519","56","418219"
"chr12","4056181","4056346","JH378216","4339434","4339595","28","283253"
"chr12","7270440","7270749","JH378201","3287246","3287553","43","3983194"
"chr12","8014950","8015252","JH378106","70219640","70219948","51","62204690"
"chr12","8069264","8069558","JH378240","1530960","1531261","40","6538304"
"chr12","8335738","8336088","JH378165","12389091","12389397","85","4053353"
"chr12","8606328","8606615","JH378132","8950928","8951208","46","344600"
"chr12","9120323","9120618","JH378127","10024758","10025055","48","904435"
"chr12","9140722","9141002","JH378129","22226033","22226310","47","13085311"
"chr12","9449231","9449302","JH378150","15302586","15302660","18","5853355"
"chr12","9747228","9747506","JH378149","8670852","8671127","47","1076376"
"chr12","10681193","10681481","JH378148","3009466","3009760","51","7671727"
"chr12","11020988","11021202","JH378238","4463495","4463707","44","6557493"
"chr12","11302854","11303156","JH378165","12389091","12389397","47","1086237"
"chr12","13225514","13225678","JH378216","4339434","4339595","23","8886080"
"chr12","14668343","14668649","JH378342","67187","67491","40","14601156"
"chr12","17581026","17581330","JH378107","46009365","46009670","41","28428339"
"chr12","18053970","18054085","JH378131","12820060","12820177","23","5233910"
"chr12","18085040","18085180","JH378153","5301835","5301976","29","12783205"
"chr12","20906201","20906505","JH378137","1949849","1950158","49","18956352"
"chr12","21440051","21440310","JH378140","14368734","14368986","52","7071317"
"chr12","22901399","22901471","JH378120","24864698","24864766","25","1963299"
"chr12","23152330","23152665","JH378116","27615727","27616051","63","4463397"
"chr12","24164017","24164324","JH378127","12764541","12764849","46","11399476"
"chr12","26888631","26888911","JH378272","1010798","1011072","61","25877833"
"chr12","30687563","30687879","JH378135","21763200","21763501","52","8924363"
"chr12","30696749","30697043","JH378117","25647280","25647574","41","5049469"
"chr12","31929231","31929545","JH378174","11112447","11112756","47","20816784"
"chr12","32193603","32193795","JH378282","2787430","2787634","42","29406173"
"chr12","33945253","33945551","JH378205","1510121","1510420","38","32435132"
"chr12","34624929","34625003","JH378150","15302586","15302660","22","19322343"
"chr12","34758305","34758601","JH378150","241281","241578","39","34517024"
"chr12","34892878","34893158","JH378140","16943059","16943341","41","17949819"
"chr12","35143302","35143636","JH378110","20343307","20343641","66","14799995"
"chr12","35778120","35778343","JH378105","22061292","22061515","38","13716828"
"chr12","35927504","35927796","JH378165","12389091","12389397","64","23538413"
"chr12","37181914","37182184","JH378195","2842417","2842689","54","34339497"
"chr12","40263677","40263982","JH378205","1510121","1510420","48","38753556"
"chr12","41306934","41307115","JH378150","16479013","16479192","29","24827921"
"chr12","41977191","41977384","JH378156","10547885","10548076","27","31429306"
"chr12","43530134","43530317","JH378150","16479013","16479192","29","27051121"
"chr12","46206164","46206465","JH378107","46009365","46009670","46","196799"
"chr12","47697379","47697676","JH378129","7783178","7783478","35","39914201"
"chr12","48465742","48466030","JH378206","2476848","2477135","45","45988894"
"chr12","52648609","52648897","JH378223","6194371","6194661","43","46454238"
"chr12","56700406","56700491","JH378131","12987140","12987221","27","43713266"
"chr12","62057201","62057508","JH378137","12880677","12880985","47","49176524"
"chr12","62789944","62790221","JH378132","8950928","8951208","63","53839016"
"chr12","64466072","64466362","JH378148","3009466","3009760","32","61456606"
"chr12","65197059","65197371","JH378114","25103281","25103591","41","40093778"
"chr12","73286915","73287063","JH378108","17478737","17478871","25","55808178"
"chr12","73287374","73287479","JH378109","48114191","48114281","32","25173183"
"chr12","73466728","73466902","JH378124","5290980","5291152","34","68175748"
"chr12","73630098","73630216","JH378131","12820060","12820177","23","60810038"
"chr12","73764649","73764948","JH378127","10024758","10025055","47","63739891"
"chr12","75186080","75186372","JH378107","9067769","9068059","41","66118311"
"chr12","79141680","79141966","JH378206","2476848","2477135","39","76664832"
"chr12","81318649","81318819","JH378123","21217689","21217863","46","60100960"
"chr12","82041768","82042063","JH378160","9491908","9492202","52","72549860"
"chr12","83124888","83125181","JH378156","7076545","7076843","34","76048343"
"chr12","83468482","83468717","JH378145","7037822","7038056","36","76430660"
"chr12","83469017","83469065","JH378169","8331960","8332009","20","75137057"
"chr12","83793775","83794069","JH378113","18649350","18649646","42","65144425"
"chr12","92677227","92677535","JH378150","241281","241578","51","92435946"
"chr12","93059929","93060083","JH378127","2009013","2009171","41","91050916"
"chr12","93706639","93706907","JH378151","5590079","5590358","52","88116560"
"chr12","94631082","94631199","JH378149","4394101","4394222","20","90236981"
"chr12","94631233","94631388","JH378114","30341399","30341543","34","64289834"
"chr12","95164350","95164647","JH378145","15823378","15823672","42","79340972"
"chr12","95470743","95471020","JH378169","2128596","2128880","56","93342147"
"chr12","96616445","96616725","JH378137","4540196","4540479","56","92076249"
"chr12","97975316","97975610","JH378110","34753497","34753807","60","63221819"
"chr12","98918690","98918969","JH378137","5445816","5446095","61","93472874"
"chr12","100119785","100120073","JH378257","294971","295263","44","99824814"
"chr12","102748799","102748932","JH378314","253667","253805","38","102495132"
"chr12","103876848","103877140","JH378108","38566905","38567200","40","65309943"
"chr12","105022962","105023119","JH378127","2009013","2009171","38","103013949"
"chr12","106843720","106844033","JH378123","21581480","21581777","57","85262240"
"chr13","1705650","1705954","JH378107","46009365","46009670","45","44303715"
"chr13","2038203","2038481","JH378129","22226033","22226310","36","20187830"
"chr13","2977325","2977611","JH378245","3312448","3312742","48","335123"
"chr13","3662855","3663117","JH378112","34465721","34465992","65","30802866"
"chr13","7496458","7496758","JH378123","14223567","14223865","45","6727109"
"chr13","14185916","14186234","JH378156","7076545","7076843","57","7109371"
"chr13","14727006","14727329","JH378227","1195635","1195952","53","13531371"
"chr13","17215202","17215505","JH378107","46009365","46009670","58","28794163"
"chr13","21659318","21659350","JH378272","2083837","2083868","19","19575481"
"chr13","21890622","21890971","JH378316","958682","959016","96","20931940"
"chr13","24055268","24055551","JH378223","38539","38830","46","24016729"
"chr13","28867675","28867973","JH378107","46009365","46009670","48","17141690"
"chr13","28996732","28996834","JH378107","18478313","18478417","19","10518419"
"chr13","34248987","34249279","JH378245","3312448","3312742","38","30936539"
"chr13","34291811","34292112","JH378124","6602405","6602705","45","27689406"
"chr13","35741172","35741462","JH378110","6448504","6448791","42","29292668"
"chr13","40714293","40714605","JH378135","2257364","2257657","75","38456929"
"chr13","41068486","41068599","JH378217","4123939","4124062","27","36944547"
"chr13","44487988","44488294","JH378169","11824133","11824434","55","32663855"
"chr13","47697150","47697451","JH378252","2422884","2423186","64","45274266"
"chr13","49151505","49151676","JH378163","8328457","8328624","36","40823048"
"chr13","50279676","50279976","JH378129","7783178","7783478","37","42496498"
"chr13","52411678","52411824","JH378114","30341399","30341543","27","22070279"
"chr13","60283537","60283742","JH378173","72299","72499","50","60211238"
"chr13","61247504","61247807","JH378199","5489890","5490197","49","55757614"
"chr13","63087761","63087962","JH378156","11265928","11266128","35","51821833"
"chr13","64541813","64542033","JH378310","1414787","1414994","64","63127026"
"chr13","65103284","65103583","JH378206","3042454","3042750","39","62060830"
"chr13","65538586","65538885","JH378114","19068127","19068419","44","46470459"
"chr13","65669765","65670065","JH378150","241281","241578","48","65428484"
"chr13","66109360","66109649","JH378108","50208845","50209139","84","15900515"
"chr13","66889030","66889209","JH378123","12803625","12803809","38","54085405"
"chr13","67100137","67100158","JH378272","2083837","2083868","23","65016300"
"chr13","67100189","67100296","JH378119","21816426","21816529","27","45283763"
"chr13","67129580","67129742","JH378143","8005253","8005418","35","59124327"
"chr13","68849365","68849663","JH378136","18027573","18027877","47","50821792"
"chr13","72594069","72594357","JH378148","3009466","3009760","40","69584603"
"chr13","74951368","74951590","JH378151","9531562","9531791","33","65419806"
"chr13","78407540","78407824","JH378108","33277714","33278014","48","45129826"
"chr13","78435304","78435585","JH378151","9631099","9631387","40","68804205"
"chr13","79354693","79354984","JH378106","12647150","12647453","46","66707543"
"chr13","82389630","82389928","JH378160","9491908","9492202","54","72897722"
"chr13","83882115","83882379","JH378166","2712726","2712970","52","81169389"
"chr13","85880028","85880260","JH378145","7037822","7038056","47","78842206"
"chr13","87063436","87063711","JH378129","22226033","22226310","41","64837403"
"chr13","87701648","87701902","JH378300","522382","522652","56","87179266"
"chr13","87922815","87922888","JH378141","12431503","12431552","36","75491312"
"chr13","94723893","94724082","JH378153","6574953","6575126","46","88148940"
"chr13","94727010","94727329","JH378107","46009365","46009670","67","48717645"
"chr13","97335268","97335505","JH378140","14368734","14368986","54","82966534"
"chr14","68812625","68812813","JH378137","14938447","14938649","36","53874178"
"chr14","2395523","2395841","JH378342","67187","67491","52","2328336"
"chr14","3004727","3005024","JH378120","4029777","4030079","57","1025050"
"chr14","4284826","4285127","JH378113","18649350","18649646","43","14364524"
"chr14","9868840","9869041","JH378156","11265928","11266128","29","1397088"
"chr14","14959525","14959703","JH378179","1282549","1282728","32","13676976"
"chr14","14959774","14959970","JH378156","11265928","11266128","35","3693846"
"chr14","16070401","16070736","JH378154","84041","84351","69","15986360"
"chr14","18930579","18930709","JH378123","26134969","26135105","32","7204390"
"chr14","21969498","21969788","JH378114","11037461","11037757","43","10932037"
"chr14","26373110","26373408","JH378205","1510121","1510420","43","24862989"
"chr14","29669031","29669320","JH378206","2476848","2477135","51","27192183"
"chr14","34179772","34180066","JH378127","10024758","10025055","43","24155014"
"chr14","36817828","36818118","JH378293","1785914","1786205","41","35031914"
"chr14","37272166","37272456","JH378245","3312448","3312742","41","33959718"
"chr14","37794703","37794987","JH378151","5590079","5590358","39","32204624"
"chr14","38308644","38308811","JH378111","12561525","12561693","32","25747119"
"chr14","38788300","38788613","JH378106","12647150","12647453","45","26141150"
"chr14","42059894","42060204","JH378137","12880677","12880985","43","29179217"
"chr14","42947490","42947785","JH378108","50208845","50209139","37","7261355"
"chr14","42971711","42972009","JH378123","21576066","21576366","38","21395645"
"chr14","43220790","43221074","JH378124","15926514","15926796","43","27294276"
"chr14","44030157","44030456","JH378245","3312448","3312742","39","40717709"
"chr14","45067292","45067564","JH378185","920965","921227","51","44146327"
"chr14","45108975","45109164","JH378115","31351021","31351219","41","13757954"
"chr14","45882723","45883027","JH378148","3009466","3009760","49","42873257"
"chr14","45938389","45938525","JH378106","44477961","44478085","39","1460428"
"chr14","52767183","52767452","JH378300","1082016","1082293","46","51685167"
"chr14","52978750","52979045","JH378245","3312448","3312742","42","49666302"
"chr14","52998627","52998931","JH378115","41997612","41997916","33","11001015"
"chr14","53978872","53979154","JH378257","155958","156242","48","53822914"
"chr14","54201438","54201564","JH378207","3947430","3947555","27","50254008"
"chr14","54716919","54717205","JH378278","2024551","2024836","37","52692368"
"chr14","59285642","59285925","JH378239","4840763","4841048","41","54444879"
"chr14","59953629","59953939","JH378106","12647150","12647453","43","47306479"
"chr14","61496095","61496400","JH378107","46009365","46009670","47","15486730"
"chr14","63079333","63079640","JH378125","2068457","2068768","42","61010876"
"chr14","68103139","68103419","JH378137","5445816","5446095","46","62657323"
"chr14","68206928","68207226","JH378109","11216706","11217003","40","56990222"
"chr14","68262705","68263007","JH378205","1510121","1510420","47","66752584"
"chr14","68724755","68725042","JH378151","1290971","1291257","47","67433784"
"chr14","69887319","69887480","JH378127","2009013","2009171","51","67878306"
"chr14","70367808","70368101","JH378106","6408883","6409184","37","63958925"
"chr14","70693463","70693681","JH378115","15568332","15568546","31","55125131"
"chr14","70838705","70838997","JH378190","1369448","1369736","48","69469257"
"chr14","72768745","72769077","JH378110","20343307","20343641","59","52425438"
"chr14","73543946","73544224","JH378300","1082016","1082293","47","72461930"
"chr14","73558282","73558457","JH378143","8005253","8005418","38","65553029"
"chr14","73558739","73558758","JH378272","2083837","2083868","20","71474902"
"chr14","73559050","73559199","JH378211","2595499","2595629","54","70963551"
"chr14","74136297","74136607","JH378125","2068457","2068768","47","72067840"
"chr14","74433085","74433253","JH378163","8328457","8328624","24","66104628"
"chr14","75267583","75267709","JH378110","1999401","1999481","51","73268182"
"chr14","80256083","80256277","JH378118","32538848","32539042","34","47717235"
"chr14","81672668","81672953","JH378151","1290971","1291257","45","80381697"
"chr14","81843847","81844018","JH378194","3698567","3698741","34","78145280"
"chr14","81844338","81844349","JH378272","2083837","2083868","22","79760501"
"chr14","81866423","81866729","JH378107","46009365","46009670","50","35857058"
"chr14","81974111","81974410","JH378245","3312448","3312742","33","78661663"
"chr14","86552818","86552954","JH378152","4616174","4616322","30","81936644"
"chr14","87647783","87648112","JH378205","408088","408412","55","87239695"
"chr14","91898897","91898956","JH378222","5812451","5812511","20","86086446"
"chr14","93382985","93383266","JH378129","22226033","22226310","42","71156952"
"chr14","96450859","96451156","JH378245","3312448","3312742","38","93138411"
"chr14","98051227","98051524","JH378201","3287246","3287553","40","94763981"
"chr14","98899931","98900221","JH378227","3749686","3749973","42","95150245"
"chr15","95151","95425","JH378119","86732","87007","48","8419"
"chr15","133447","133742","JH378156","7076545","7076843","40","6943098"
"chr15","2449371","2449567","JH378112","35574224","35574418","36","33124853"
"chr15","2488179","2488477","JH378113","18649350","18649646","49","16161171"
"chr15","4628665","4628979","JH378187","8721059","8721370","53","4092394"
"chr15","5508798","5509094","JH378119","1423786","1424080","48","4085012"
"chr15","5843780","5844072","JH378146","17525689","17525983","43","11681909"
"chr15","6116734","6117027","JH378206","6968121","6968417","46","851387"
"chr15","6195125","6195429","JH378133","21136022","21136325","46","14940897"
"chr15","6465633","6465934","JH378150","241281","241578","47","6224352"
"chr15","7578954","7579263","JH378107","46009365","46009670","48","38430411"
"chr15","7585622","7585916","JH378148","3009466","3009760","41","4576156"
"chr15","7655384","7655684","JH378206","6968121","6968417","48","687263"
"chr15","10062676","10062963","JH378148","3009466","3009760","38","7053210"
"chr15","10207397","10207692","JH378127","10024758","10025055","41","182639"
"chr15","10867675","10867985","JH378261","2905026","2905326","44","7962649"
"chr15","14593674","14593974","JH378106","12647150","12647453","46","1946524"
"chr15","14850974","14851257","JH378151","1290971","1291257","46","13560003"
"chr15","15199213","15199514","JH378189","5898223","5898514","63","9300990"
"chr15","15539395","15539706","JH378118","11017884","11018188","48","4521511"
"chr15","16828771","16828865","JH378109","48114191","48114281","21","31285420"
"chr15","21101719","21102010","JH378148","3009466","3009760","42","18092253"
"chr15","30302900","30303096","JH378184","7337357","7337550","27","22965543"
"chr15","31271922","31272074","JH378141","10807454","10807607","24","20464468"
"chr15","35574244","35574529","JH378169","11824133","11824434","48","23750111"
"chr15","36876183","36876435","AGCE01150141","1188","1433","58","36874995"
"chr15","37663872","37664154","JH378300","522382","522652","56","37141490"
"chr15","39858028","39858333","JH378107","46009365","46009670","44","6151337"
"chr15","41815212","41815529","JH378230","2697043","2697360","41","39118169"
"chr15","41846767","41847057","JH378148","3009466","3009760","39","38837301"
"chr15","46881646","46881944","JH378106","58660565","58660863","37","11778919"
"chr15","47916650","47916660","JH378272","2083837","2083868","21","45832813"
"chr15","47916859","47917042","JH378123","12803625","12803809","26","35113234"
"chr15","47996395","47996697","JH378136","18027573","18027877","41","29968822"
"chr15","48273545","48273851","JH378107","46009365","46009670","41","2264180"
"chr15","51204830","51205123","JH378125","4344553","4344853","47","46860277"
"chr15","51608081","51608379","JH378127","10024758","10025055","31","41583323"
"chr15","53642429","53642703","JH378147","15650003","15650291","52","37992426"
"chr15","53747318","53747502","JH378216","4339434","4339595","39","49407884"
"chr15","56793451","56793734","JH378206","2476848","2477135","46","54316603"
"chr15","60402279","60402419","JH378105","49917117","49917247","21","10485162"
"chr15","60402719","60402887","JH378194","3698567","3698741","24","56704152"
"chr15","64065245","64065546","JH378123","14223567","14223865","42","49841678"
"chr15","65003841","65003974","JH378108","17478737","17478871","17","47525104"
"chr15","65004274","65004426","JH378153","2286322","2286477","30","62717952"
"chr15","68449257","68449559","JH378125","4344553","4344853","43","64104704"
"chr15","70409852","70410054","JH378124","5290980","5291152","51","65118872"
"chr15","72152437","72152701","JH378107","6629710","6629970","53","65522727"
"chr15","72551904","72552208","JH378174","5123517","5123811","48","67428387"
"chr15","72925926","72926231","JH378123","21576066","21576366","44","51349860"
"chr15","73122012","73122155","JH378115","2961797","2961958","62","70160215"
"chr15","73928001","73928278","JH378137","5445816","5446095","48","68482185"
"chr15","74127462","74127764","JH378182","4696933","4697238","46","69430529"
"chr15","76124035","76124269","JH378239","5400101","5400333","38","70723934"
"chr15","76607116","76607396","JH378105","57938733","57939014","43","18668383"
"chr15","76808391","76808688","JH378249","3737189","3737485","39","73071202"
"chr15","76818750","76819053","JH378150","241281","241578","46","76577469"
"chr15","78111653","78111814","JH378113","26558714","26558876","27","51552939"
"chr15","81198758","81198903","JH378143","4605826","4605972","27","76592932"
"chr15","82922147","82922444","JH378107","46009365","46009670","40","36912782"
"chr15","85466387","85466695","JH378201","3287246","3287553","45","82179141"
"chr15","89361278","89361539","JH378221","1227057","1227311","58","88134221"
"chr15","90638400","90638693","JH378278","2024551","2024836","44","88613849"
"chr15","90877101","90877400","JH378182","4696933","4697238","51","86180168"
"chr15","91116759","91117052","JH378107","46009365","46009670","54","45107394"
"chr15","91417182","91417470","JH378191","4023591","4023879","46","87393591"
"chr16","137735","138034","JH378125","4344553","4344853","45","4206818"
"chr16","470968","471288","JH378227","1195635","1195952","47","724667"
"chr16","1029808","1030118","JH378117","28305531","28305841","50","27275723"
"chr16","1358278","1358406","JH378179","4506525","4506651","28","3148247"
"chr16","3132108","3132404","JH378127","10024758","10025055","41","6892650"
"chr16","3300309","3300434","JH378137","10358917","10359050","25","7058608"
"chr16","4269174","4269332","JH378216","4339434","4339595","24","70260"
"chr16","4582553","4582869","JH378182","4696933","4697238","51","114380"
"chr16","4827321","4827611","JH378162","14916397","14916692","44","10089076"
"chr16","6094676","6094968","JH378148","12566856","12567148","41","6472180"
"chr16","6435237","6435547","JH378115","41997612","41997916","42","35562375"
"chr16","6899587","6899886","JH378160","9491908","9492202","50","2592321"
"chr16","7057230","7057535","JH378137","12880677","12880985","52","5823447"
"chr16","8097244","8097541","JH378257","294971","295263","43","7802273"
"chr16","8658231","8658510","JH378115","4423236","4423519","43","4234995"
"chr16","8899555","8899853","JH378127","10024758","10025055","38","1125203"
"chr16","9183175","9183461","JH378143","18236239","18236524","40","9053064"
"chr16","10047350","10047647","JH378108","50208845","50209139","36","40161495"
"chr16","10136230","10136507","JH378300","1082016","1082293","45","9054214"
"chr16","10500514","10500802","JH378245","3312448","3312742","45","7188066"
"chr16","12892112","12892403","JH378107","9067769","9068059","43","3824343"
"chr16","13229460","13229764","JH378148","3009466","3009760","43","10219994"
"chr16","14270503","14270799","JH378245","3312448","3312742","38","10958055"
"chr16","15164545","15164821","JH378129","22226033","22226310","47","7061488"
"chr16","15308726","15309028","JH378342","67187","67491","39","15241539"
"chr16","15330946","15331243","JH378206","3042454","3042750","41","12288492"
"chr16","15763432","15763578","JH378108","52115640","52115778","32","36352208"
"chr16","16247942","16248260","JH378342","67187","67491","50","16180755"
"chr16","17011444","17011616","JH378194","3698567","3698741","34","13312877"
"chr16","17654940","17655222","JH378141","13122265","13122540","45","4532675"
"chr16","18607722","18607923","JH378173","72299","72499","41","18535423"
"chr16","19190594","19190884","JH378148","12566856","12567148","39","6623738"
"chr16","20817273","20817574","JH378106","58660565","58660863","48","37843292"
"chr16","20972887","20973220","JH378116","27615727","27616051","73","6642840"
"chr16","23483685","23483980","JH378148","3009466","3009760","47","20474219"
"chr16","23719868","23720177","JH378201","3287246","3287553","42","20432622"
"chr16","24059186","24059504","JH378165","12389091","12389397","56","11670095"
"chr16","25168705","25168898","JH378115","31351021","31351219","31","6182316"
"chr16","25487522","25487806","JH378129","7783178","7783478","47","17704344"
"chr16","26114431","26114727","JH378123","14223567","14223865","48","11890864"
"chr16","27279781","27280050","JH378300","522382","522652","47","26757399"
"chr16","27890871","27891207","JH378116","27615727","27616051","67","275144"
"chr16","29641336","29641433","JH378136","7277126","7277221","18","22364210"
"chr16","29683287","29683599","JH378182","4696933","4697238","43","24986354"
"chr16","30466954","30467123","JH378194","3698567","3698741","25","26768387"
"chr16","32036481","32036751","JH378151","9107602","9107893","56","22928879"
"chr16","32466920","32467216","JH378148","3009466","3009760","38","29457454"
"chr16","37674370","37674679","JH378342","67187","67491","45","37607183"
"chr16","38907165","38907462","JH378142","11522757","11523044","62","27384408"
"chr16","42132871","42133167","JH378148","3009466","3009760","46","39123405"
"chr16","43097415","43097713","JH378106","10346439","10346736","35","32750976"
"chr16","43329792","43330104","JH378342","67187","67491","50","43262605"
"chr16","44301256","44301512","JH378146","4261330","4261588","57","40039926"
"chr16","44513771","44514072","JH378151","1318098","1318398","55","43195673"
"chr16","45968451","45968675","JH378197","7261383","7261611","39","38707068"
"chr16","46404415","46404660","JH378145","7037822","7038056","49","39366593"
"chr16","46483637","46483943","JH378261","2905026","2905326","46","43578611"
"chr16","46507229","46507525","JH378129","7783178","7783478","48","38724051"
"chr16","48893575","48893919","JH378205","408088","408412","68","48485487"
"chr16","49487842","49488133","JH378153","8755648","8755940","45","40732194"
"chr16","51337699","51337987","JH378148","3009466","3009760","40","48328233"
"chr16","53582068","53582363","JH378137","4716291","4716586","38","48865777"
"chr16","54075252","54075559","JH378169","11824133","11824434","48","42251119"
"chr16","56470227","56470535","JH378165","12389091","12389397","66","44081136"
"chr16","57142775","57143084","JH378190","1325792","1326096","38","55816983"
"chr16","57480853","57481172","JH378113","38272855","38273168","74","19207998"
"chr16","58426839","58426977","JH378124","27263702","27263841","20","31163137"
"chr16","58427275","58427442","JH378194","3698567","3698741","25","54728708"
"chr16","58747802","58748104","JH378129","7783178","7783478","30","50964624"
"chr16","58762017","58762297","JH378148","3322629","3322913","48","55439388"
"chr16","58964250","58964513","JH378110","20699280","20699545","40","38264970"
"chr16","59536799","59537092","JH378127","10024758","10025055","40","49512041"
"chr16","59554569","59554859","JH378245","3312448","3312742","40","56242121"
"chr16","61587439","61587725","JH378129","22226033","22226310","45","39361406"
"chr16","62237765","62238079","JH378176","1335842","1336152","47","60901923"
"chr16","62442240","62442553","JH378107","46009365","46009670","45","16432875"
"chr16","63190900","63190934","JH378272","2083837","2083868","13","61107063"
"chr16","63372991","63373038","JH378293","1015824","1015887","21","62357167"
"chr16","63574174","63574375","JH378156","11265928","11266128","30","52308246"
"chr16","63691954","63692201","JH378146","4261330","4261588","42","59430624"
"chr16","63907342","63907526","JH378115","31351021","31351219","42","32556321"
"chr16","64310065","64310368","JH378124","2736680","2736977","53","61573385"
"chr16","64332586","64332891","JH378115","41997612","41997916","38","22334974"
"chr16","64400308","64400493","JH378111","22049650","22049841","29","42350658"
"chr16","64477864","64478175","JH378107","46009365","46009670","50","18468499"
"chr16","65764107","65764381","JH378217","248242","248529","61","65515865"
"chr16","65899512","65899665","JH378216","4339434","4339595","28","61560078"
"chr16","68424272","68424583","JH378182","4696933","4697238","44","63727339"
"chr16","69679967","69680270","JH378127","10024758","10025055","46","59655209"
"chr16","72496122","72496423","JH378106","12647150","12647453","46","59848972"
"chr16","73116738","73117053","JH378190","1325792","1326096","49","71790946"
"chr16","73567591","73567881","JH378156","7076545","7076843","51","66491046"
"chr16","73757867","73758090","JH378197","7261383","7261611","38","66496484"
"chr16","74338879","74339062","JH378179","1282549","1282728","27","73056330"
"chr16","74423406","74423702","JH378106","12647150","12647453","42","61776256"
"chr17","1791426","1791710","JH378137","5445816","5446095","55","3654390"
"chr17","5351914","5352221","JH378182","4696933","4697238","43","654981"
"chr17","8881033","8881323","JH378293","1785914","1786205","58","7095119"
"chr17","14269313","14269612","JH378172","9387774","9388063","45","4881539"
"chr17","20709060","20709351","JH378148","3009466","3009760","44","17699594"
"chr17","21668659","21668985","JH378116","27615727","27616051","65","5947068"
"chr17","24064199","24064317","JH378110","31431724","31431841","23","7367525"
"chr17","24784545","24784790","JH378106","28970354","28970606","51","4185809"
"chr17","25205748","25206059","JH378182","4696933","4697238","49","20508815"
"chr17","27090519","27090826","JH378209","3195862","3196167","41","23894657"
"chr17","27572093","27572415","JH378116","27615727","27616051","47","43634"
"chr17","29091919","29092228","JH378137","3188267","3188563","47","25903652"
"chr17","34462599","34462881","JH378141","4514363","4514647","50","29948236"
"chr17","34639284","34639518","JH378111","33834112","33834347","43","805172"
"chr17","34727617","34727919","JH378123","21581480","21581777","45","13146137"
"chr17","34806325","34806569","JH378221","1227057","1227311","56","33579268"
"chr17","34984227","34984527","JH378156","7076545","7076843","43","27907682"
"chr17","36610025","36610303","JH378109","48876313","48876597","47","12266288"
"chr17","37236720","37236988","JH378139","4978818","4979087","39","32257902"
"chr17","37775883","37776040","JH378129","11830783","11830909","45","25945100"
"chr17","37776351","37776485","JH378108","17478737","17478871","20","20297614"
"chr17","38515856","38516157","JH378182","4696933","4697238","38","33818923"
"chr17","39654402","39654684","JH378206","2476848","2477135","38","37177554"
"chr17","39928168","39928476","JH378132","22555890","22556195","48","17372278"
"chr17","40079669","40079956","JH378146","5307529","5307813","71","34772140"
"chr17","41276788","41277079","JH378245","3312448","3312742","40","37964340"
"chr17","41302103","41302409","JH378117","28305531","28305841","44","12996572"
"chr17","41800276","41800568","JH378245","3312448","3312742","49","38487828"
"chr17","42399034","42399370","JH378116","27615727","27616051","58","14783307"
"chr17","42970169","42970466","JH378114","19068127","19068419","53","23902042"
"chr17","43031716","43032022","JH378106","12647150","12647453","40","30384566"
"chr17","43142266","43142557","JH378249","3737189","3737485","49","39405077"
"chr17","43765095","43765405","JH378187","8721059","8721370","49","35044036"
"chr17","44021313","44021512","JH378108","45073288","45073488","30","1051975"
"chr17","45972907","45973171","JH378141","13122265","13122540","54","32850642"
"chr17","48216342","48216634","JH378137","17916762","17917051","38","30299580"
"chr17","48691137","48691435","JH378245","3312448","3312742","44","45378689"
"chr17","49194585","49194886","JH378190","1325792","1326096","43","47868793"
"chr17","50271904","50272004","JH378118","33459072","33459162","28","16812832"
"chr17","50505791","50506075","JH378300","1082016","1082293","53","49423775"
"chr17","50561353","50561648","JH378148","12566856","12567148","44","37994497"
"chr17","51999464","51999762","JH378245","3312448","3312742","41","48687016"
"chr17","53852144","53852454","JH378107","46009365","46009670","45","7842779"
"chr17","54549468","54549777","JH378129","7783178","7783478","39","46766290"
"chr17","55478638","55478944","JH378190","1325792","1326096","39","54152846"
"chr17","55509378","55509643","JH378221","1227057","1227311","57","54282321"
"chr17","56105068","56105359","JH378163","2615368","2615665","61","53489700"
"chr17","56856621","56856758","JH378196","1493325","1493471","36","55363296"
"chr17","57100384","57100679","JH378127","25854026","25854317","46","31246358"
"chr17","61267380","61267666","JH378127","10024758","10025055","47","51242622"
"chr17","61359320","61359626","JH378342","67187","67491","35","61292133"
"chr17","62152051","62152238","JH378189","1484999","1485181","38","60667052"
"chr17","62299015","62299348","JH378316","958682","959016","62","61340333"
"chr17","62855996","62856294","JH378156","7076545","7076843","49","55779451"
"chr17","64351142","64351445","JH378139","9761108","9761412","57","54590034"
"chr17","68948667","68948962","JH378190","1325792","1326096","47","67622875"
"chr18","2603179","2603476","JH378129","22226033","22226310","54","19622854"
"chr18","3376651","3376943","JH378148","3009466","3009760","45","367185"
"chr18","3898270","3898510","JH378140","14368734","14368986","49","10470464"
"chr18","5449933","5450222","JH378150","3663097","3663397","50","1786836"
"chr18","6805621","6805908","JH378227","3749686","3749973","49","3055935"
"chr18","9535887","9536138","JH378106","28970354","28970606","38","19434467"
"chr18","10502768","10503039","JH378148","3009466","3009760","56","7493302"
"chr18","12375660","12375940","JH378137","17916762","17917051","51","5541102"
"chr18","15669979","15670268","JH378245","3312448","3312742","49","12357531"
"chr18","17267168","17267448","JH378129","22226033","22226310","40","4958865"
"chr18","17338487","17338794","JH378137","1949849","1950158","53","15388638"
"chr18","19245899","19246210","JH378230","2697043","2697360","50","16548856"
"chr18","20767241","20767543","JH378156","7076545","7076843","42","13690696"
"chr18","20917665","20917985","JH378113","38272855","38273168","67","17355190"
"chr18","21952219","21952524","JH378106","12647150","12647453","49","9305069"
"chr18","27712057","27712072","JH378272","2083837","2083868","27","25628220"
"chr18","27712102","27712381","JH378148","3009466","3009760","50","24702636"
"chr18","37962118","37962387","JH378195","2842417","2842689","46","35119701"
"chr18","41851716","41852022","JH378162","23612","23922","49","41828104"
"chr18","42141601","42141881","JH378153","2212277","2212560","49","39929324"
"chr18","43917767","43918056","JH378146","6921944","6922227","41","36995823"
"chr18","47572297","47572473","JH378179","1282549","1282728","32","46289748"
"chr18","48614063","48614332","JH378141","13122265","13122540","38","35491798"
"chr18","51166823","51167128","JH378113","38272855","38273168","71","12893968"
"chr18","51895218","51895523","JH378204","2887668","2887969","44","49007550"
"chr18","52150674","52150949","JH378137","17916762","17917051","55","34233912"
"chr18","54564771","54565051","JH378300","1082016","1082293","43","53482755"
"chr18","54590096","54590384","JH378113","18649350","18649646","47","35940746"
"chr18","56117208","56117511","JH378117","25647280","25647574","37","30469928"
"chr18","56777621","56777657","JH378108","25093204","25093240","18","31684417"
"chr18","58625023","58625325","JH378123","14223567","14223865","52","44401456"
"chr18","58681051","58681354","JH378114","19068127","19068419","45","39612924"
"chr18","59028670","59028974","JH378201","3287246","3287553","48","55741424"
"chr18","59200819","59201111","JH378245","3312448","3312742","36","55888371"
"chr18","59276669","59276940","JH378233","5445189","5445457","53","53831480"
"chr18","59382532","59382664","JH378253","90002","90132","14","59292530"
"chr18","59382953","59383158","JH378158","4851153","4851320","62","54531800"
"chr18","62602961","62603262","JH378106","12647150","12647453","45","49955811"
"chr18","67654344","67654581","JH378167","1129351","1129594","46","66524993"
"chr18","71637440","71637727","JH378206","3042454","3042750","47","68594986"
"chr19","1524850","1525160","JH378182","4696933","4697238","38","3172083"
"chr19","1900028","1900307","JH378242","4505823","4506099","62","2605795"
"chr19","2492707","2492901","JH378115","31351021","31351219","26","28858314"
"chr19","5320813","5320827","JH378272","2083837","2083868","19","3236976"
"chr19","5320860","5321144","JH378129","22226033","22226310","49","16905173"
"chr19","6582096","6582107","JH378272","2083837","2083868","22","4498259"
"chr19","6582158","6582304","JH378192","5406761","5406913","29","1175397"
"chr19","6756807","6757119","JH378107","23828191","23828501","46","17071384"
"chr19","7365298","7365602","JH378201","3287246","3287553","46","4078052"
"chr19","8167442","8167624","JH378150","16479013","16479192","33","8311571"
"chr19","11633062","11633360","JH378119","1423786","1424080","51","10209276"
"chr19","11634014","11634310","JH378245","3312448","3312742","38","8321566"
"chr19","11980124","11980422","JH378245","3312448","3312742","42","8667676"
"chr19","12488955","12489264","JH378137","12880677","12880985","44","391722"
"chr19","14343078","14343376","JH378124","6602405","6602705","38","7740673"
"chr19","14518008","14518221","JH378156","11265928","11266128","39","3252080"
"chr19","14655914","14656225","JH378201","3287246","3287553","48","11368668"
"chr19","15719861","15720168","JH378107","46009365","46009670","49","30289504"
"chr19","15754977","15755275","JH378165","12389091","12389397","56","3365886"
"chr19","16662878","16663175","JH378124","6602405","6602705","36","10060473"
"chr19","17339409","17339486","JH378134","16871382","16871454","17","468027"
"chr19","17465424","17465735","JH378114","25103281","25103591","51","7637857"
"chr19","19021384","19021684","JH378127","10024758","10025055","34","8996626"
"chr19","20988797","20989098","JH378150","241281","241578","38","20747516"
"chr19","21037454","21037485","JH378108","25093204","25093240","16","4055750"
"chr19","21037746","21037825","JH378216","4338867","4338949","15","16698879"
"chr19","21375409","21375750","JH378106","10346439","10346736","82","11028970"
"chr19","22847267","22847572","JH378107","46009365","46009670","41","23162098"
"chr19","22982255","22982548","JH378148","3009466","3009760","35","19972789"
"chr19","23593619","23593799","JH378156","10547885","10548076","39","13045734"
"chr19","23771577","23771869","JH378245","3312448","3312742","47","20459129"
"chr19","23990879","23991178","JH378249","3737189","3737485","39","20253690"
"chr19","24407350","24407649","JH378129","7783178","7783478","37","16624172"
"chr19","24513325","24513615","JH378189","5898223","5898514","46","18615102"
"chr19","24787675","24787929","JH378245","2640263","2640532","63","22147412"
"chr19","25025708","25026005","JH378145","15823378","15823672","45","9202330"
"chr19","25070808","25071096","JH378110","13883859","13884149","47","11186949"
"chr19","25334347","25334649","JH378150","3663097","3663397","37","21671250"
"chr19","27137415","27137717","JH378107","46009365","46009670","31","18871950"
"chr19","27169619","27169912","JH378147","9499603","9499891","41","17670016"
"chr19","27352077","27352217","JH378196","1493325","1493471","30","25858752"
"chr19","29096574","29096733","JH378158","3396105","3396264","21","25700469"
"chr19","29337475","29337776","JH378137","1949849","1950158","54","27387626"
"chr19","30414153","30414462","JH378107","46009365","46009670","38","15595212"
"chr20","1591231","1591528","JH378156","7076545","7076843","38","5485314"
"chr20","3693537","3693835","JH378124","6602405","6602705","38","2908868"
"chr20","7261007","7261299","JH378106","12647150","12647453","46","5386143"
"chr20","7503844","7504154","JH378162","23612","23922","52","7480232"
"chr20","8651331","8651621","JH378288","1182700","1182983","40","7468631"
"chr20","9277335","9277531","JH378115","31351021","31351219","40","22073686"
"chr20","9369702","9369783","JH378115","17667159","17667239","14","8297457"
"chr20","9407154","9407454","JH378107","46009365","46009670","41","36602211"
"chr20","9479271","9479583","JH378199","5489890","5490197","47","3989381"
"chr20","9719446","9719745","JH378156","7076545","7076843","40","2642901"
"chr20","9905313","9905607","JH378245","3312448","3312742","41","6592865"
"chr20","10085972","10086269","JH378127","10024758","10025055","35","61214"
"chr20","11947151","11947456","JH378124","6602405","6602705","38","5344746"
"chr20","12062966","12063273","JH378119","6050976","6051277","43","6011990"
"chr20","12437368","12437642","JH378245","2640263","2640532","50","9797105"
"chr20","12736825","12737133","JH378135","21763200","21763501","40","9026375"
"chr20","12930117","12930335","JH378238","4463495","4463707","47","8466622"
"chr20","17493085","17493362","JH378195","2842417","2842689","42","14650668"
"chr20","18911495","18911787","JH378146","17525689","17525983","44","1385806"
"chr20","21723438","21723734","JH378190","1369448","1369736","36","20353990"
"chr20","22668957","22669261","JH378245","3312448","3312742","42","19356509"
"chr20","24022446","24022724","JH378300","522382","522652","42","23500064"
"chr20","24529015","24529316","JH378150","241281","241578","41","24287734"
"chr20","24581009","24581271","JH378107","6629710","6629970","56","17951299"
"chr20","29009905","29010209","JH378106","70219640","70219948","52","41209735"
"chr20","31872223","31872536","JH378152","15953207","15953516","46","15919016"
"chr20","33177314","33177596","JH378124","6602405","6602705","52","26574909"
"chr20","40464297","40464604","JH378165","12389091","12389397","55","28075206"
"chr20","41702770","41703066","JH378127","10024758","10025055","42","31678012"
"chr20","42184403","42184696","JH378127","10024758","10025055","40","32159645"
"chr20","44033636","44033862","JH378151","9531562","9531791","39","34502074"
"chr20","47640259","47640607","JH378227","1195635","1195952","81","46444624"
"chr20","47898573","47898853","JH378146","6921944","6922227","43","40976629"
"chr20","52100390","52100691","JH378151","1318098","1318398","39","50782292"
"chr20","55262270","55262577","JH378245","2025413","2025720","39","53236857"
"chr20","55683931","55684225","JH378127","10024758","10025055","43","45659173"
"chr20","55829066","55829363","JH378113","18649350","18649646","40","37179716"
"chr20","65395596","65395897","JH378107","46009365","46009670","40","19386231"
"chr20","67865478","67865638","JH378158","3396105","3396264","22","64469373"
"chr20","70885040","70885310","JH378135","2257364","2257657","56","68627676"
"chr20","71961234","71961547","JH378107","46009365","46009670","50","25951869"
"chr20","72162411","72162721","JH378132","22555890","22556195","45","49606521"
"chr20","72775087","72775238","JH378188","114626","114783","23","72660461"
"chr20","72775291","72775419","JH378281","676024","676150","11","72099267"
"chr20","73485173","73485460","JH378148","3009466","3009760","55","70475707"
"chr20","77751619","77751912","JH378245","3312448","3312742","38","74439171"
"chr20","78993610","78993896","JH378239","4840763","4841048","39","74152847"
"chr20","79177328","79177628","JH378107","3274339","3274641","40","75902989"
"chr20","80219551","80219859","JH378169","11824133","11824434","50","68395418"
"chr20","80241303","80241509","JH378105","49496793","49497016","60","30744510"
"chr20","84900108","84900407","JH378205","1510121","1510420","45","83389987"
"chr20","85582318","85582616","JH378240","1530960","1531261","43","84051358"
"chr20","85703210","85703489","JH378137","5445816","5446095","41","80257394"
"chr20","86408997","86409061","JH378146","13025209","13025262","29","73383788"
"chr20","86447077","86447224","JH378192","5406761","5406913","26","81040316"
"chr20","87211518","87211619","JH378238","1393993","1394085","27","85817525"
"chr20","87421224","87421527","JH378182","4696933","4697238","51","82724291"
"chr20","88295775","88295936","JH378216","4339434","4339595","26","83956341"
"chr20","90402655","90402933","JH378278","2024551","2024836","49","88378104"
"chr20","92566766","92566854","JH378153","13808015","13808097","28","78758751"
"chr20","93127875","93127976","JH378120","30611219","30611327","30","62516656"
"chr20","93432441","93432734","JH378151","1290971","1291257","48","92141470"
"chr20","93768736","93768777","JH378149","16292698","16292741","16","77476038"
"chr20","93838691","93839061","JH378165","12389091","12389397","112","81449600"
"chr20","95282654","95282836","JH378123","12803625","12803809","37","82479029"
"chr20","95282875","95283041","JH378163","8404492","8404650","33","86878383"
"chr20","95283119","95283302","JH378137","4604383","4604572","33","90678736"
"chr20","95378642","95378948","JH378205","1510121","1510420","47","93868521"
"chr20","96789114","96789308","JH378118","32538848","32539042","28","64250266"
"chr20","97046649","97046944","JH378113","18649350","18649646","34","78397299"
"chr20","97744647","97744951","JH378145","15857815","15858117","56","81886832"
"chr20","99723820","99723990","JH378127","4854841","4855013","25","94868979"
"chr20","100021800","100022106","JH378201","3287246","3287553","46","96734554"
"chr20","100057051","100057359","JH378107","46009365","46009670","47","54047686"
"chr20","100160225","100160528","JH378129","7783178","7783478","44","92377047"
"chr20","100303313","100303622","JH378199","5489890","5490197","47","94813423"
"chr20","100540143","100540448","JH378137","3188267","3188563","49","97351876"
"chr20","100793594","100793895","JH378107","46009365","46009670","45","54784229"
"chr20","101392871","101393034","JH378111","12561525","12561693","35","88831346"
"chr20","103227745","103228037","JH378114","11037461","11037757","41","92190284"
"chr20","104058516","104058807","JH378169","11824133","11824434","47","92234383"
"chr20","104097028","104097326","JH378261","2905026","2905326","37","101192002"
"chr20","107268655","107268956","JH378148","12566856","12567148","36","94701799"
"chr20","107873056","107873309","JH378156","123757","124013","52","107749299"
"chr20","107910651","107910806","JH378216","4339434","4339595","22","103571217"
"chr20","107997571","107997739","JH378194","3698567","3698741","32","104299004"
"chr20","108805692","108805881","JH378112","35574224","35574418","37","73231468"
"chr20","108954737","108954898","JH378157","2827604","2827763","27","106127133"
"chr20","109684605","109684895","JH378110","6448504","6448791","37","103236101"
"chr20","110880569","110880878","JH378137","1949849","1950158","47","108930720"
"chr20","112704810","112705119","JH378107","46009365","46009670","40","66695445"
"chr20","113328586","113328631","JH378125","23362781","23362833","20","89965805"
"chr20","115162939","115163237","JH378127","10024758","10025055","42","105138181"
"chr20","115676775","115677074","JH378106","12647150","12647453","48","103029625"
"chr20","117109891","117110004","JH378193","8879330","8879458","33","108230561"
"chr20","120863706","120864019","JH378297","898690","898987","50","119965016"
"chr20","121650096","121650355","JH378130","3444198","3444441","50","118205898"
"chr20","122012296","122012579","JH378148","3009466","3009760","49","119002830"
"chr20","122755800","122756087","JH378206","2476848","2477135","36","120278952"
"chr20","124225658","124225854","JH378108","45073288","45073488","34","79152370"
"chr20","128835576","128835732","JH378107","1664482","1664637","27","127171094"
"chr20","129597579","129597738","JH378158","3396105","3396264","18","126201474"
"chr20","129849211","129849458","JH378140","14368734","14368986","55","115480477"
"chr21","1564543","1564825","JH378206","3042454","3042750","61","1477911"
"chr21","2539219","2539505","JH378223","6174571","6174858","49","3635352"
"chr21","3576671","3576973","JH378127","11410671","11410972","45","7834000"
"chr21","3843255","3843490","JH378239","5400101","5400333","58","1556846"
"chr21","4652080","4652395","JH378182","4696933","4697238","44","44853"
"chr21","7684555","7684857","JH378205","1510121","1510420","40","6174434"
"chr21","8862105","8862411","JH378106","12647150","12647453","52","3785045"
"chr21","10856321","10856581","JH378191","4189875","4190134","39","6666446"
"chr21","14016805","14017117","JH378152","15953207","15953516","46","1936402"
"chr21","15411776","15412070","JH378127","10024758","10025055","40","5387018"
"chr21","18317970","18318217","JH378145","7037822","7038056","51","11280148"
"chr21","21108380","21108677","JH378114","19068127","19068419","41","2040253"
"chr21","21232044","21232337","JH378127","10024758","10025055","39","11207286"
"chr21","21740390","21740715","JH378227","1195635","1195952","63","20544755"
"chr21","21932351","21932625","JH378195","2842417","2842689","41","19089934"
"chr21","23259088","23259396","JH378137","9398637","9398942","44","13860451"
"chr21","25512916","25513218","JH378190","1325792","1326096","45","24187124"
"chr21","25626170","25626464","JH378206","3042454","3042750","38","22583716"
"chr21","27180142","27180341","JH378115","2961797","2961958","59","24218345"
"chr21","28692582","28692880","JH378118","9164013","9164313","44","19528569"
"chr21","29112975","29113284","JH378137","12880677","12880985","45","16232298"
"chr21","31107321","31107620","JH378240","1530960","1531261","39","29576361"
"chr21","33568953","33569253","JH378150","241281","241578","38","33327672"
"chr21","35989187","35989403","JH378238","4463495","4463707","49","31525692"
"chr21","36293330","36293627","JH378205","1510121","1510420","42","34783209"
"chr21","40468239","40468434","JH378156","10547885","10548076","25","29920354"
"chr21","41479852","41480159","JH378154","84041","84351","45","41395811"
"chr21","43897011","43897236","JH378176","10685165","10685400","52","33211846"
"chr21","45639326","45639640","JH378227","1195635","1195952","56","44443691"
"chr21","48116317","48116623","JH378123","11664205","11664513","48","36452112"
"chr21","51893125","51893369","JH378114","20985078","20985319","39","30908047"
"chr21","53005712","53006004","JH378107","9067769","9068059","40","43937943"
"chr21","53705306","53705601","JH378151","9107602","9107893","36","44597704"
"chr21","58820254","58820432","JH378153","6574953","6575126","33","52245301"
"chr21","62049176","62049484","JH378136","18027573","18027877","45","44021603"
"chr21","66908291","66908592","JH378127","10024758","10025055","52","56883533"
"chr21","67870082","67870393","JH378115","3422370","3422675","53","64447712"
"chr21","68455010","68455315","JH378166","2226392","2226694","50","66228618"
"chr21","70954979","70955301","JH378322","329261","329580","51","70625718"
"chr21","71227919","71228213","JH378206","3042454","3042750","39","68185465"
"chr21","71778279","71778585","JH378159","15339467","15339775","49","56438812"
"chr21","72359891","72360199","JH378216","761767","762068","46","71598124"
"chr21","72368013","72368308","JH378114","516361","516660","51","71851652"
"chr21","74261193","74261356","JH378124","5290980","5291152","37","68970213"
"chr21","74261633","74261776","JH378105","47885237","47885382","19","26376396"
"chr21","78214626","78214815","JH378107","57343532","57343720","36","20871094"
"chr21","79603758","79604067","JH378162","23612","23922","55","79580146"
"chr21","80189582","80189891","JH378267","2860025","2860335","49","77329557"
"chr21","81548525","81548803","JH378137","5445816","5446095","44","76102709"
"chr21","82859712","82860004","JH378110","13883859","13884149","41","68975853"
"chr21","83093349","83093658","JH378106","70219640","70219948","44","12873709"
"chr21","83665986","83666156","JH378163","8328457","8328624","30","75337529"
"chr21","85096546","85096849","JH378106","12647150","12647453","38","72449396"
"chr21","85529964","85530007","JH378213","5190098","5190153","21","80339866"
"chr21","85716785","85717074","JH378148","12566856","12567148","40","73149929"
"chr21","92769275","92769536","JH378121","14610271","14610542","50","78159004"
"chr21","93476766","93477059","JH378125","1051912","1052200","53","92424854"
"chr21","93851973","93852277","JH378245","4232718","4233002","65","89619255"
"chr21","98755591","98755923","JH378170","7759979","7760296","58","90995612"
"chr21","98800372","98800695","JH378137","1949849","1950158","57","96850523"
"chr21","100354794","100355053","JH378139","11152105","11152353","51","89202689"
"chr21","102550721","102550971","JH378146","4261330","4261588","49","98289391"
"chr21","104820154","104820460","JH378182","4696933","4697238","50","100123221"
"chr21","105297603","105297911","JH378110","34753497","34753807","46","70544106"
"chr21","106837902","106838207","JH378152","15953207","15953516","45","90884695"
"chr21","108830404","108830581","JH378179","1282549","1282728","25","107547855"
"chr21","109022148","109022429","JH378107","9067769","9068059","48","99954379"
"chr21","109206773","109207073","JH378114","11037461","11037757","54","98169312"
"chr21","109207224","109207478","JH378106","28970354","28970606","44","80236870"
"chr21","109907327","109907618","JH378142","3051970","3052264","48","106855357"
"chr21","110660814","110661096","JH378146","6921944","6922227","39","103738870"
"chr21","112062022","112062323","JH378148","3009466","3009760","41","109052556"
"chr21","113548244","113548542","JH378156","7076545","7076843","36","106471699"
"chr21","115877174","115877456","JH378170","939520","939798","59","114937654"
"chr21","117621963","117622223","JH378146","4261330","4261588","38","113360633"
"chr21","120642492","120642787","JH378205","1510121","1510420","49","119132371"
"chr21","120719727","120719896","JH378163","8328457","8328624","26","112391270"
"chr21","120922252","120922555","JH378107","46009365","46009670","34","74912887"
"chr21","123810838","123811135","JH378123","11664205","11664513","58","112146633"
"chr21","125370690","125370981","JH378245","3312448","3312742","38","122058242"
"chr22","99614504","99614811","JH378107","46009365","46009670","44","53605139"
"chr22","3252859","3253156","JH378136","9599015","9599310","51","6346156"
"chr22","5992814","5993127","JH378201","3287246","3287553","58","2705568"
"chr22","7270059","7270357","JH378107","3274339","3274641","38","3995720"
"chr22","8361284","8361587","JH378145","15857815","15858117","41","7496531"
"chr22","8578922","8579215","JH378117","25647280","25647574","44","17068358"
"chr22","9213725","9214019","JH378129","7783178","7783478","41","1430547"
"chr22","9223541","9223836","JH378106","12647150","12647453","41","3423609"
"chr22","10022335","10022692","JH378109","5928370","5928695","90","4093965"
"chr22","10745116","10745404","JH378129","7783178","7783478","41","2961938"
"chr22","12440053","12440327","JH378214","2331537","2331805","40","10108516"
"chr22","12893787","12894084","JH378113","18649350","18649646","44","5755563"
"chr22","13974000","13974308","JH378107","46009365","46009670","46","32035365"
"chr22","18423718","18423909","JH378180","6499799","6499997","33","11923919"
"chr22","23267291","23267603","JH378117","28305531","28305841","46","5038240"
"chr22","23636725","23637029","JH378107","46009365","46009670","43","22372640"
"chr22","26836971","26837272","JH378107","7040983","7041283","50","19795988"
"chr22","30267680","30267983","JH378156","7076545","7076843","47","23191135"
"chr22","31842342","31842614","JH378214","2331537","2331805","43","29510805"
"chr22","34029965","34030012","JH378127","8379049","8379101","12","25650916"
"chr22","35902931","35903081","JH378105","47885237","47885382","32","11982306"
"chr22","39219570","39219850","JH378141","13122265","13122540","50","26097305"
"chr22","39372653","39372908","JH378131","2425118","2425380","55","36947535"
"chr22","49481193","49481496","JH378127","10024758","10025055","47","39456435"
"chr22","55902576","55902884","JH378125","4344553","4344853","44","51558023"
"chr22","56105988","56106163","JH378124","5290980","5291152","32","50815008"
"chr22","56559809","56560120","JH378143","3476619","3476922","51","53083190"
"chr22","58133202","58133350","JH378167","12774102","12774220","54","45359100"
"chr22","58432461","58432747","JH378140","16943059","16943341","45","41489402"
"chr22","59223716","59223996","JH378227","3749686","3749973","47","55474030"
"chr22","60628184","60628481","JH378110","13883859","13884149","43","46744325"
"chr22","60696459","60696766","JH378107","46009365","46009670","40","14687094"
"chr22","62832610","62832910","JH378136","9599015","9599310","43","53233595"
"chr22","64393562","64393842","JH378105","57938733","57939014","48","6454829"
"chr22","65298221","65298495","JH378129","22226033","22226310","45","43072188"
"chr22","71441903","71442117","JH378209","2717312","2717521","42","68724591"
"chr22","72482839","72483132","JH378148","3009466","3009760","41","69473373"
"chr22","74038473","74038639","JH378193","6530552","6530710","38","67507921"
"chr22","74038708","74038906","JH378156","11265928","11266128","35","62772780"
"chr22","75692040","75692341","JH378127","10024758","10025055","42","65667282"
"chr22","76068206","76068387","JH378115","28839239","28839413","36","47228967"
"chr22","82041228","82041504","JH378197","8170164","8170434","56","73871064"
"chr22","84764195","84764514","JH378205","408088","408412","59","84356107"
"chr22","85250349","85250639","JH378148","3009466","3009760","44","82240883"
"chr22","88878377","88878685","JH378190","1325792","1326096","54","87552585"
"chr22","89869807","89869997","JH378131","12987907","12988093","35","76881900"
"chr22","91780936","91781012","JH378110","1999401","1999481","25","89781535"
"chr22","92364827","92365090","JH378118","6053772","6054053","69","86311055"
"chr22","100085973","100086243","JH378128","18764679","18764960","56","81321294"
"chr23","2583947","2584227","JH378143","18236239","18236524","36","15652292"
"chr23","6644197","6644507","JH378137","1949849","1950158","44","4694348"
"chr23","8474313","8474556","JH378166","2712726","2712970","46","5761587"
"chr23","10071685","10071905","JH378151","9531562","9531791","47","540123"
"chr23","10367070","10367380","JH378342","67187","67491","43","10299883"
"chr23","11810062","11810355","JH378245","3312448","3312742","35","8497614"
"chr23","13741471","13741622","JH378188","114626","114783","32","13626845"
"chr23","20097951","20098135","JH378111","22049650","22049841","40","1951699"
"chr23","20283647","20283940","JH378141","9607676","9607979","54","10675971"
"chr23","22306702","22307007","JH378107","3274339","3274641","49","19032363"
"chr23","24030216","24030475","JH378114","6942033","6942297","64","17088183"
"chr23","24997207","24997505","JH378321","537646","537948","48","24459561"
"chr23","25609196","25609495","JH378205","1510121","1510420","45","24099075"
"chr23","31247721","31248019","JH378135","1195110","1195405","42","30052611"
"chr23","32267984","32268293","JH378107","46009365","46009670","37","13741381"
"chr23","32597712","32598023","JH378187","8721059","8721370","43","23876653"
"chr23","34388150","34388405","JH378108","34952434","34952688","62","564284"
"chr23","34527541","34527808","JH378112","34465721","34465992","55","61820"
"chr23","35700590","35700890","JH378205","1510121","1510420","44","34190469"
"chr23","35790545","35790851","JH378146","17525689","17525983","47","18264856"
"chr23","36874612","36874914","JH378245","3312448","3312742","42","33562164"
"chr23","37489478","37489770","JH378181","3298975","3299267","44","34190503"
"chr23","37553704","37554012","JH378109","11216706","11217003","54","26336998"
"chr23","37609031","37609325","JH378151","9107602","9107893","45","28501429"
"chr23","37615720","37615994","JH378112","34465721","34465992","65","3149999"
"chr23","42193359","42193488","JH378125","3309971","3310101","18","38883388"
"chr23","42193793","42194009","JH378115","15568332","15568546","55","26625461"
"chr23","42355286","42355586","JH378123","21576066","21576366","42","20779220"
"chr23","42814713","42815021","JH378137","1949849","1950158","44","40864864"
"chr23","43701746","43702047","JH378169","11824133","11824434","37","31877613"
"chr23","43822597","43822788","JH378105","35472325","35472495","45","8350272"
"chr23","46171360","46171509","JH378127","2009013","2009171","33","44162347"
"chr23","46404565","46404840","JH378129","22226033","22226310","40","24178532"
"chr23","48719019","48719221","JH378115","31351021","31351219","32","17367998"
"chr23","51502161","51502476","JH378330","594897","595205","50","50907264"
"chr23","57046973","57047261","JH378175","987490","987775","47","56059483"
"chr23","57116704","57116971","JH378300","522382","522652","54","56594322"
"chr23","59407909","59408234","JH378125","2068457","2068768","54","57339452"
"chr23","60077297","60077601","JH378122","25214931","25215229","50","34862366"
"chr23","60364634","60364944","JH378135","21763200","21763501","51","38601434"
"chr23","60399108","60399410","JH378164","2806253","2806554","44","57592855"
"chr23","61358307","61358612","JH378132","22555890","22556195","50","38802417"
"chr23","62544107","62544416","JH378137","1949849","1950158","49","60594258"
"chr23","68215971","68216281","JH378162","23612","23922","40","68192359"
"chr23","69968549","69968851","JH378114","19068127","19068419","49","50900422"
"chr23","71362948","71363278","JH378140","13135695","13136018","62","58227253"
"chr23","73300730","73301029","JH378136","18027573","18027877","55","55273157"
"chr23","74944487","74944770","JH378119","21729384","21729670","45","53215103"
"chr23","78099623","78099935","JH378113","38272855","38273168","64","39826768"
"chr23","78458758","78459046","JH378105","47941022","47941314","48","30517736"
"chr23","79065923","79066234","JH378106","70219640","70219948","50","8846283"
"chr23","79754065","79754369","JH378136","18027573","18027877","42","61726492"
"chr23","80297146","80297451","JH378174","11112447","11112756","45","69184699"
"chr23","80492871","80493082","JH378115","31351021","31351219","47","49141850"
"chr23","80775552","80775854","JH378113","18649350","18649646","59","62126202"
"chr23","81444646","81444944","JH378120","4029777","4030079","44","77414869"
"chr23","82326745","82327030","JH378107","46009365","46009670","49","36317380"
"chr24","2978179","2978432","JH378156","123757","124013","44","2854422"
"chr24","3269890","3270194","JH378209","3195862","3196167","42","74028"
"chr24","7876347","7876640","JH378250","1827403","1827699","55","6048944"
"chr24","8689197","8689504","JH378143","3476619","3476922","43","5212578"
"chr24","9116259","9116409","JH378141","10807454","10807607","20","1691195"
"chr24","10462174","10462477","JH378106","58660565","58660863","49","48198391"
"chr24","11409373","11409673","JH378129","7783178","7783478","42","3626195"
"chr24","12299094","12299407","JH378170","7759979","7760296","47","4539115"
"chr24","12367168","12367470","JH378106","58660565","58660863","41","46293397"
"chr24","13094294","13094573","JH378137","12279217","12279489","44","815077"
"chr24","13951103","13951307","JH378182","3173157","3173342","64","10777946"
"chr24","14605034","14605322","JH378169","2128596","2128880","45","12476438"
"chr24","15887663","15887958","JH378127","10024758","10025055","41","5862905"
"chr24","16002726","16003016","JH378112","33518148","33518439","47","17515422"
"chr24","16024398","16024708","JH378136","18027573","18027877","41","2003175"
"chr24","16650653","16650933","JH378108","50208845","50209139","52","33558192"
"chr24","16841304","16841599","JH378181","3298975","3299267","52","13542329"
"chr24","19391289","19391389","JH378248","3043693","3043786","25","16347596"
"chr24","22975915","22976240","JH378116","27615727","27616051","48","4639812"
"chr24","26875250","26875554","JH378321","537646","537948","44","26337604"
"chr24","26978909","26979217","JH378182","4696933","4697238","52","22281976"
"chr24","27104789","27105089","JH378108","38566905","38567200","53","11462116"
"chr24","27127275","27127509","JH378274","640157","640386","38","26487118"
"chr24","28878849","28879155","JH378136","18027573","18027877","43","10851276"
"chr24","29510324","29510634","JH378116","13794467","13794778","45","15715857"
"chr24","29811762","29812081","JH378117","28305531","28305841","45","1506231"
"chr24","30285300","30285583","JH378206","2476848","2477135","41","27808452"
"chr24","30326592","30326888","JH378149","10116423","10116716","50","20210169"
"chr24","32228803","32229073","JH378149","1496180","1496456","64","30732623"
"chr24","32471321","32471506","JH378107","57343532","57343720","35","24872211"
"chr24","34444500","34444807","JH378136","18027573","18027877","50","16416927"
"chr24","39004486","39004792","JH378174","11112447","11112756","60","27892039"
"chr24","40565643","40565938","JH378156","7076545","7076843","42","33489098"
"chr24","41162975","41163138","JH378127","4854841","4855013","35","36308134"
"chr24","41529891","41530175","JH378137","17916762","17917051","43","23613129"
"chr24","41566287","41566567","JH378129","22226033","22226310","45","19340254"
"chr24","42046241","42046347","JH378108","6707317","6707423","19","35338924"
"chr24","44045014","44045298","JH378151","1290971","1291257","43","42754043"
"chr24","44369128","44369289","JH378216","4339434","4339595","25","40029694"
"chr24","44749357","44749656","JH378127","10024758","10025055","41","34724599"
"chr24","46169503","46169829","JH378116","27615727","27616051","53","18553776"
"chr24","46455173","46455455","JH378206","2476848","2477135","46","43978325"
"chr24","50298771","50299068","JH378124","6602405","6602705","41","43696366"
"chr24","50355955","50356243","JH378146","6921944","6922227","52","43434011"
"chr24","50542074","50542379","JH378171","2650968","2651276","47","47891106"
"chr24","50797940","50798248","JH378205","1510121","1510420","58","49287819"
"chr24","51165768","51165999","JH378120","16910234","16910469","55","34255534"
"chr24","51188034","51188334","JH378136","18027573","18027877","46","33160461"
"chr24","53665942","53666220","JH378242","4505823","4506099","42","49160119"
"chr24","53802117","53802419","JH378240","1530960","1531261","35","52271157"
"chr24","58720650","58720660","JH378272","2083837","2083868","21","56636813"
"chr24","58720941","58721040","JH378248","3043693","3043786","22","55677248"
"chr24","59997226","59997520","JH378181","1956880","1957180","55","58040346"
"chr24","63093943","63094233","JH378131","22567728","22568021","45","40526215"
"chr24","65610078","65610276","JH378184","7337357","7337550","37","58272721"
"chr24","66157911","66158231","JH378227","1195635","1195952","51","64962276"
"chr24","66596189","66596484","JH378106","12647150","12647453","44","53949039"
"chr24","67082468","67082766","JH378152","12352915","12353201","41","54729553"
"chr24","71103720","71103983","JH378191","4189875","4190134","47","66913845"
"chr24","71790441","71790695","JH378185","920965","921227","49","70869476"
"chr24","72988710","72989005","JH378216","4572139","4572441","54","68416571"
"chr24","76957614","76957765","JH378127","18614282","18614439","23","58343332"
"chr24","77011776","77011883","JH378106","68288629","68288728","21","8723147"
"chr24","78756349","78756631","JH378105","57938733","57939014","45","20817616"
"chr24","79908232","79908525","JH378107","9067769","9068059","39","70840463"
"chr24","80171838","80172149","JH378143","3476619","3476922","49","76695219"
"chr24","80515847","80516144","JH378245","3312448","3312742","45","77203399"
"chr24","80519711","80519893","JH378189","1484999","1485181","35","79034712"
"chr24","80929606","80929903","JH378127","10024758","10025055","38","70904848"
"chr24","81745245","81745549","JH378169","11824133","11824434","40","69921112"
"chr25","2957128","2957423","JH378127","10024758","10025055","38","7067630"
"chr25","3566127","3566419","JH378148","3009466","3009760","39","556661"
"chr25","3900083","3900389","JH378199","5489890","5490197","43","1589807"
"chr25","4895026","4895191","JH378146","13024712","13024887","39","8129686"
"chr25","5346356","5346661","JH378165","12389091","12389397","59","7042735"
"chr25","6197456","6197601","JH378108","52115640","52115778","37","45918184"
"chr25","7014825","7015117","JH378106","12647150","12647453","49","5632325"
"chr25","17376919","17377214","JH378149","10116423","10116716","41","7260496"
"chr25","17755191","17755493","JH378118","9164013","9164313","38","8591178"
"chr25","18293114","18293412","JH378240","1530960","1531261","43","16762154"
"chr25","19103003","19103311","JH378107","46009365","46009670","49","26906362"
"chr25","22291817","22292060","JH378128","1922974","1923199","55","20368843"
"chr25","23181267","23181524","JH378140","14368734","14368986","47","8812533"
"chr25","23644750","23645059","JH378107","46009365","46009670","44","22364615"
"chr25","23695400","23695441","JH378127","8379049","8379101","18","15316351"
"chr25","24628852","24628988","JH378108","52115640","52115778","23","27486788"
"chr25","24945510","24945804","JH378117","25647280","25647574","46","701770"
"chr25","25591912","25592210","JH378129","7783178","7783478","39","17808734"
"chr25","26699247","26699547","JH378108","43432816","43433120","38","16733569"
"chr25","26869093","26869406","JH378156","7076545","7076843","56","19792548"
"chr25","27292636","27292935","JH378190","1325792","1326096","46","25966844"
"chr25","27371407","27371702","JH378145","15823378","15823672","37","11548029"
"chr25","27381227","27381396","JH378144","18154196","18154346","50","9227031"
"chr25","27381620","27381746","JH378106","69920305","69920420","40","42538685"
"chr25","27883664","27883965","JH378129","7783178","7783478","48","20100486"
"chr25","28631447","28631750","JH378107","46009365","46009670","49","17377918"
"chr25","31608736","31609048","JH378137","1949849","1950158","43","29658887"
"chr25","34319634","34319950","JH378116","13794467","13794778","46","20525167"
"chr25","34861211","34861502","JH378148","12566856","12567148","42","22294355"
"chr25","36286128","36286422","JH378150","241281","241578","50","36044847"
"chr25","36698199","36698494","JH378108","50208845","50209139","42","13510646"
"chr25","37782375","37782552","JH378111","22049650","22049841","38","15732725"
"chr25","43599150","43599435","JH378342","271500","271786","48","43327650"
"chr25","44180804","44181036","JH378274","640157","640386","50","43540647"
"chr25","44186674","44186895","JH378239","5400101","5400333","46","38786573"
"chr25","46297521","46297825","JH378173","5034027","5034323","50","41263494"
"chr25","46551946","46552217","JH378147","9499603","9499891","54","37052343"
"chr25","48497246","48497551","JH378175","386556","386866","37","48110690"
"chr25","48987757","48988073","JH378120","8970906","8971219","52","40016851"
"chr25","50621447","50621765","JH378107","46009365","46009670","45","4612082"
"chr25","50731755","50732061","JH378127","10024758","10025055","34","40706997"
"chr25","54775178","54775481","JH378342","67187","67491","43","54707991"
"chr25","55551263","55551561","JH378108","38566905","38567200","43","16984358"
"chr25","57604190","57604482","JH378162","14916397","14916692","44","42687793"
"chr25","57665062","57665200","JH378149","3982453","3982578","30","53682609"
"chr25","60739533","60739841","JH378107","23828191","23828501","46","36911342"
"chr25","61214453","61214729","JH378300","1082016","1082293","32","60132437"
"chr25","61700233","61700514","JH378129","22226033","22226310","44","39474200"
"chr25","61845862","61846132","JH378129","22226033","22226310","47","39619829"
"chr25","62803039","62803333","JH378114","33680531","33680827","47","29122508"
"chr25","64443996","64444310","JH378107","46009365","46009670","47","18434631"
"chr25","65998532","65998820","JH378114","25897117","25897404","42","40101415"
"chr25","68065227","68065517","JH378148","3009466","3009760","32","65055761"
"chr25","68570424","68570668","JH378173","12631684","12631941","47","55938740"
"chr25","68849501","68849690","JH378184","7337357","7337550","33","61512144"
"chr25","69068015","69068317","JH378106","12647150","12647453","40","56420865"
"chr25","71733177","71733478","JH378216","3793751","3794051","39","67939426"
"chr25","76669854","76670146","JH378148","12566856","12567148","41","64102998"
"chr25","77219516","77219664","JH378192","5406761","5406913","22","71812755"
"chr25","78349052","78349359","JH378342","67187","67491","43","78281865"
"chr25","79724342","79724588","JH378130","3444198","3444441","40","76280144"
"chr25","79912202","79912510","JH378263","1783042","1783350","49","78129160"
"chr25","81860300","81860580","JH378146","6921944","6922227","49","74938356"
"chr25","81955592","81955794","JH378115","15568332","15568546","45","66387260"
"chr25","81956113","81956231","JH378106","69920305","69920420","27","12035808"
"chr25","82488324","82488408","JH378109","48114191","48114281","23","34374133"
"chr25","84165795","84166052","JH378191","4189875","4190134","44","79975920"
"chr26","4672503","4672812","JH378107","46009365","46009670","43","41336862"
"chr26","5453427","5453735","JH378231","5711075","5711379","48","257648"
"chr26","5820398","5820703","JH378342","67187","67491","45","5753211"
"chr26","9485939","9486229","JH378148","3009466","3009760","40","6476473"
"chr26","11046106","11046404","JH378152","15953207","15953516","48","4907101"
"chr26","17010189","17010487","JH378148","3009466","3009760","41","14000723"
"chr26","18463591","18463897","JH378342","67187","67491","35","18396404"
"chr26","18711273","18711580","JH378125","4344553","4344853","49","14366720"
"chr26","19645435","19645716","JH378106","48879996","48880280","73","29234561"
"chr26","23110168","23110466","JH378127","10024758","10025055","43","13085410"
"chr26","28134776","28135081","JH378190","1325792","1326096","47","26808984"
"chr26","28739533","28739820","JH378206","2476848","2477135","48","26262685"
"chr26","30754042","30754333","JH378288","1182700","1182983","55","29571342"
"chr26","32102518","32102802","JH378148","3009466","3009760","43","29093052"
"chr26","32656325","32656595","JH378120","16339076","16339352","55","16317249"
"chr26","32671248","32671550","JH378143","3476619","3476922","45","29194629"
"chr26","33521194","33521487","JH378110","6448504","6448791","41","27072690"
"chr26","35030104","35030387","JH378146","6921944","6922227","38","28108160"
"chr26","36817993","36818277","JH378151","9107602","9107893","49","27710391"
"chr26","37793786","37794085","JH378106","6408883","6409184","42","31384903"
"chr26","38631874","38632172","JH378113","18649350","18649646","41","19982524"
"chr26","39125454","39125757","JH378199","5489890","5490197","43","33635564"
"chr26","39241879","39242168","JH378137","17916762","17917051","43","21325117"
"chr26","39322734","39323041","JH378115","41997612","41997916","35","2674878"
"chr26","39376649","39376956","JH378115","41997612","41997916","35","2620963"
"chr26","40023295","40023592","JH378131","22567728","22568021","40","17455567"
"chr26","40246317","40246577","JH378107","6629710","6629970","46","33616607"
"chr26","40270198","40270368","JH378153","6574953","6575126","24","33695245"
"chr26","40387164","40387464","JH378123","14223567","14223865","41","26163597"
"chr26","40514583","40514913","JH378227","1195635","1195952","55","39318948"
"chr26","42009766","42010055","JH378245","3312448","3312742","43","38697318"
"chr26","42376223","42376519","JH378106","58660565","58660863","42","16284342"
"chr26","42388494","42388801","JH378157","10197552","10197859","36","32190942"
"chr26","42420329","42420490","JH378216","4339434","4339595","29","38080895"
"chr26","47776383","47776688","JH378110","29099632","29099936","34","18676751"
"chr26","48058763","48059038","JH378217","248242","248529","60","47810521"
"chr26","49467416","49467535","JH378173","72072","72191","17","49395344"
"chr26","49467571","49467633","JH378125","23362781","23362833","29","26104790"
"chr26","52870958","52871239","JH378129","22226033","22226310","41","30644925"
"chr26","53176960","53177270","JH378107","46009365","46009670","48","7167595"
"chr26","53576036","53576270","JH378172","1119350","1119580","53","52456686"
"chr26","53708274","53708570","JH378127","10024758","10025055","37","43683516"
"chr26","53871325","53871622","JH378106","12647150","12647453","54","41224175"
"chr26","54963400","54963705","JH378118","11017884","11018188","40","43945516"
"chr26","55298550","55298851","JH378137","12880677","12880985","48","42417873"
"chr26","55975162","55975461","JH378206","6968121","6968417","39","49007041"
"chr26","57597324","57597605","JH378109","48876313","48876597","44","8721011"
"chr27","1800535","1800842","JH378190","1325792","1326096","40","474743"
"chr27","5694520","5694828","JH378112","23369850","23370156","48","17675330"
"chr27","6811961","6812247","JH378132","2228150","2228421","59","4583811"
"chr27","7881203","7881509","JH378132","22555890","22556195","44","14674687"
"chr27","8146035","8146347","JH378106","70219640","70219948","50","62073605"
"chr27","9650698","9650786","JH378197","7261714","7261806","14","2388984"
"chr27","9651098","9651303","JH378108","45073288","45073488","30","35422190"
"chr27","10213322","10213614","JH378145","15823378","15823672","41","5610056"
"chr27","10284634","10284933","JH378127","10024758","10025055","45","259876"
"chr27","10343561","10343810","JH378109","46986697","46986938","48","36643136"
"chr27","10352448","10352741","JH378125","4344553","4344853","50","6007895"
"chr27","10453787","10454093","JH378110","34753497","34753807","54","24299710"
"chr27","10455238","10455545","JH378110","34753497","34753807","48","24298259"
"chr27","11047384","11047688","JH378182","4696933","4697238","38","6350451"
"chr27","11246225","11246533","JH378190","1325792","1326096","43","9920433"
"chr27","11668513","11668807","JH378245","3312448","3312742","41","8356065"
"chr27","12516965","12517242","JH378245","3312448","3312742","55","9204517"
"chr27","12940300","12940597","JH378127","10024758","10025055","39","2915542"
"chr27","16188967","16189163","JH378184","7337357","7337550","30","8851610"
"chr27","19531307","19531594","JH378148","3009466","3009760","49","16521841"
"chr27","20645568","20645731","JH378134","18831867","18832031","33","1813701"
"chr27","20896024","20896331","JH378107","46009365","46009670","42","25113341"
"chr27","22019838","22019867","JH378108","25093204","25093240","18","3073366"
"chr27","22020179","22020313","JH378108","17478737","17478871","20","4541442"
"chr27","22645707","22646005","JH378124","6602405","6602705","43","16043302"
"chr27","23935422","23935729","JH378132","22555890","22556195","41","1379532"
"chr27","28477293","28477567","JH378122","5525941","5526220","47","22951352"
"chr27","31247253","31247400","JH378106","68289436","68289584","24","37042183"
"chr27","38803088","38803390","JH378199","5489890","5490197","65","33313198"
"chr27","41444495","41444794","JH378113","18649350","18649646","37","22795145"
"chr27","44132579","44132776","JH378184","7337357","7337550","30","36795222"
"chr27","45158990","45159285","JH378127","10024758","10025055","37","35134232"
"chr27","45538029","45538320","JH378134","20911825","20912116","44","24626204"
"chr27","47078641","47078939","JH378223","6194371","6194661","51","40884270"
"chr28","1329597","1329890","JH378245","3312448","3312742","36","1982851"
"chr28","1546558","1546840","JH378160","9647173","9647458","40","8100615"
"chr28","1608599","1608896","JH378107","46009365","46009670","57","44400766"
"chr28","2142297","2142600","JH378115","41997612","41997916","38","39855315"
"chr28","2142630","2142752","JH378255","1235513","1235640","26","907117"
"chr28","2183860","2184149","JH378148","3322629","3322913","41","1138769"
"chr28","2296531","2296720","JH378108","45073288","45073488","38","42776757"
"chr28","2318094","2318391","JH378160","9491908","9492202","44","7173814"
"chr28","2805522","2805805","JH378146","6921944","6922227","41","4116422"
"chr28","3419579","3419873","JH378114","19068127","19068419","50","15648548"
"chr28","3583432","3583629","JH378184","7337357","7337550","34","3753925"
"chr28","4545439","4545534","JH378153","13808015","13808097","30","9262576"
"chr28","6022647","6022943","JH378127","10024758","10025055","48","4002111"
"chr28","6895738","6895994","JH378130","3444198","3444441","49","3451540"
"chr28","7178994","7179286","JH378148","3009466","3009760","43","4169528"
"chr28","7819409","7819709","JH378249","3737189","3737485","40","4082220"
"chr28","9313824","9314021","JH378184","7337357","7337550","25","1976467"
"chr28","9649283","9649594","JH378107","46009365","46009670","41","36360082"
"chr28","10426889","10427200","JH378232","1945012","1945323","68","8481877"
"chr28","11505054","11505363","JH378107","46009365","46009670","41","34504311"
"chr28","11715110","11715400","JH378137","17916762","17917051","45","6201652"
"chr28","12260209","12260510","JH378169","11824133","11824434","50","436076"
"chr28","12311429","12311591","JH378216","4339434","4339595","22","7971995"
"chr28","12375217","12375527","JH378175","386556","386866","40","11988661"
"chr28","13009503","13009758","JH378113","12639751","12639999","50","369752"
"chr28","13019071","13019363","JH378162","14916397","14916692","41","1897326"
"chr28","13849895","13849993","JH378450","1235","1313","34","13848660"
"chr28","14158230","14158538","JH378137","12880677","12880985","34","1277553"
"chr28","14599599","14599907","JH378107","46009365","46009670","43","31409766"
"chr28","14904489","14904785","JH378245","3312448","3312742","45","11592041"
"chr28","15162528","15162816","JH378257","294971","295263","51","14867557"
"chr28","15285667","15285953","JH378153","2212277","2212560","50","13073390"
"chr28","15982642","15982929","JH378146","6921944","6922227","41","9060698"
"chr28","16713103","16713412","JH378137","1949849","1950158","48","14763254"
"chr28","16751204","16751496","JH378156","7076545","7076843","48","9674659"
"chr28","18899829","18900121","JH378129","7783178","7783478","46","11116651"
"chr28","19966695","19966952","JH378112","34465721","34465992","70","14499026"
"chr28","20395280","20395585","JH378240","1530960","1531261","40","18864320"
"chr29","1459274","1459593","JH378124","6602405","6602705","52","5143131"
"chr29","2859007","2859316","JH378199","5489890","5490197","42","2630883"
"chr29","3452292","3452620","JH378175","386556","386866","54","3065736"
"chr29","4961787","4962093","JH378107","46009365","46009670","39","41047578"
"chr29","5572455","5572754","JH378127","10024758","10025055","41","4452303"
"chr29","7714598","7714892","JH378148","3009466","3009760","35","4705132"
"chr29","8188752","8189044","JH378148","3009466","3009760","37","5179286"
"chr29","8200375","8200674","JH378148","3009466","3009760","54","5190909"
"chr29","8522549","8522822","JH378121","22655093","22655368","58","14132544"
"chr29","8948200","8948492","JH378245","3312448","3312742","34","5635752"
"chr29","9072772","9072817","JH378127","8379049","8379101","19","693723"
"chr29","9134002","9134301","JH378240","1530960","1531261","52","7603042"
"chr29","10252104","10252369","JH378122","30173994","30174254","44","19921890"
"chr29","11512832","11513138","JH378106","70219640","70219948","47","58706808"
"chr29","11647815","11648125","JH378107","46009365","46009670","42","34361550"
"chr29","12304295","12304390","JH378139","12730864","12730955","17","426569"
"chr29","12878451","12878679","JH378197","7261383","7261611","35","5617068"
"chr29","13975386","13975692","JH378321","537646","537948","41","13437740"
"chr29","14995004","14995301","JH378151","9107602","9107893","43","5887402"
"chr29","18005747","18006026","JH378137","5445816","5446095","47","12559931"
"chr29","21334298","21334599","JH378106","58660565","58660863","52","37326267"
"chr29","21419984","21420295","JH378137","1949849","1950158","56","19470135"
"chr29","21708892","21709190","JH378107","46009365","46009670","58","24300473"
"chrUn_KE147541v1","391401","391559","JH378158","3396105","3396264","30","3004704"
"chrUn_KE147541v1","553216","553376","JH378127","18614282","18614439","20","18061066"
"chrUn_KE147541v1","759255","759441","JH378107","57343532","57343720","29","56584277"
"chrUn_KE147549v1","96376","96636","JH378173","12631684","12631941","47","12535308"
"chrUn_KE147596v1","23742","24037","JH378143","18236239","18236524","53","18212497"
"chrUn_KE147616v1","22947","23249","JH378136","18027573","18027877","45","18004626"
"chrUn_KE147621v1","21044","21344","JH378137","12880677","12880985","48","12859633"
"chrUn_KE147630v1","14550","14755","JH378156","11265928","11266128","32","11251378"
"chrUn_KE147637v1","25628","25930","JH378124","6602405","6602705","52","6576777"
"chrUn_KE147845v1","132","336","JH378115","31351021","31351219","30","31350889"
"chr1_KE147938v1_random","989","1293","JH378162","23612","23922","50","22623"
"chr2_KE147952v1_random","2202","2384","JH378184","7337357","7337550","36","7335155"
"chrX_KE148108v1_random","942713","942989","JH378129","22226033","22226310","49","21283320"
"chrX_KE148109v1_random","48417","48721","JH378182","4696933","4697238","37","4648516"
"chrX_KE148109v1_random","2225414","2225662","JH378127","9199435","9199704","70","6974021"
"chr10_KE148023v1_random","37662","37953","JH378134","20911825","20912116","47","20874163"
"chr20_KE148049v1_random","8238","8537","JH378125","4344553","4344853","53","4336315"
"chr20_KE148049v1_random","25848","26141","JH378140","1530714","1531009","48","1504866"
"chr20_KE148049v1_random","733180","733479","JH378117","25647280","25647574","47","24914100"
"chr20_KE148049v1_random","843959","844247","JH378151","1290971","1291257","50","447012"
"chr21_KE148061v1_random","8129","8392","JH378117","25368227","25368493","65","25360098"
"chr7_AQIB01158257v1_random","4779","5072","JH378106","12647150","12647453","59","12642371"
"chr21_AQIB01157572v1_random","1659","1965","JH378107","46009365","46009670","41","46007706"
