"chr1","100663116","100663387","chr14","98498744","98499032","26","2164372"
"chr1","39845600","39845918","chr14","39675969","39676270","18","169631"
"chr1","12451718","12451871","chr10","19384137","19384299","38","6932419"
"chr1","54788078","54788330","chr14","54936412","54936660","4","148334"
"chr1","68026210","68026511","chr14","66657760","66658064","11","1368450"
"chr1","74317754","74318083","chr14","73111310","73111619","30","1206444"
"chr1","105250544","105250843","chr14","103322357","103322659","20","1928187"
"chr1","107216722","107217025","chr14","105217446","105217752","12","1999276"
"chr1","125698039","125698170","chr20","23604037","23604160","30","102094002"
"chr1","100125","100222","chr14","115600","115697","0","15475"
"chr1","149672","149836","chr14","169987","170151","9","20315"
"chr1","164804","165105","chr10","60756775","60757070","74","60591971"
"chr1","244137","244440","chr14","269994","270291","15","25857"
"chr1","245334","245484","chr10","12154518","12154669","35","11909184"
"chr1","255389","255456","chr10","13991449","13991512","15","13736060"
"chr1","255742","255952","chr5","50313471","50313682","73","50057729"
"chr1","271098","271415","chr14","297711","298026","18","26613"
"chr1","272290","272450","chr8","18227257","18227416","33","17954967"
"chr1","274715","274994","chr14","301321","301593","13","26606"
"chr1","296535","296703","chr19","41987163","41987330","30","41690628"
"chr1","296940","297084","chr16","24034428","24034567","31","23737488"
"chr1","322239","322429","chr12","80183830","80184020","41","79861591"
"chr1","347079","347341","chr14","361974","362236","6","14895"
"chr1","357607","357879","chr14","379203","379473","8","21596"
"chr1","408689","408993","chr14","432075","432374","24","23386"
"chr1","418570","418857","chr14","441312","441592","10","22742"
"chr1","453205","453431","chr14","477689","477914","9","24484"
"chr1","483652","483785","chr14","508603","508736","3","24951"
"chr1","492611","492888","chr14","513302","513581","16","20691"
"chr1","525947","526074","chr14","556998","557120","6","31051"
"chr1","526693","526753","chr9","24005286","24005348","25","23478593"
"chr1","547716","547851","chr14","586393","586528","4","38677"
"chr1","563075","563388","chr14","598949","599259","10","35874"
"chr1","588669","588846","chr3","46023413","46023578","33","45434744"
"chr1","589162","589296","chr16","44027381","44027507","21","43438219"
"chr1","611005","611281","chr14","650570","650845","6","39565"
"chr1","613408","613582","chr17","8516683","8516860","52","7903275"
"chr1","615928","616204","chr14","650570","650845","6","34642"
"chr1","684813","685076","chr14","718679","718940","12","33866"
"chr1","687975","688109","chr1","14666143","14666275","24","13978168"
"chr1","688246","688557","chr14","723402","723713","11","35156"
"chr1","692539","692819","chr14","727703","727984","6","35164"
"chr1","693441","693603","chr14","728598","728775","17","35157"
"chr1","709444","709563","chr14","744702","744830","12","35258"
"chr1","728441","728722","chr14","765359","765651","15","36918"
"chr1","729079","729212","chr1","14279367","14279499","28","13550288"
"chr1","732847","733132","chr14","61667097","61667388","65","60934250"
"chr1","742304","742573","chr10","67145918","67146179","70","66403614"
"chr1","780109","780408","chr14","818639","818938","4","38530"
"chr1","812625","812893","chr14","852599","852867","2","39974"
"chr1","880956","881203","chr14","918524","918771","6","37568"
"chr1","928740","928874","chr14","965400","965534","1","36660"
"chr1","931773","931894","chr14","968276","968398","2","36503"
"chr1","1156547","1156824","chr14","1107469","1107750","20","49078"
"chr1","1171146","1171309","chr14","1116246","1116422","16","54900"
"chr1","1187863","1188185","chr14","1126710","1127030","20","61153"
"chr1","1434961","1435244","chr14","3025291","3025589","27","1590330"
"chr1","1442968","1443235","chr1","181979310","181979579","55","180536342"
"chr1","1443274","1443303","chr16","31975848","31975874","11","30532574"
"chr1","1490394","1490527","chr14","1355507","1355649","10","134887"
"chr1","1541944","1542236","chr14","1405873","1406165","9","136071"
"chr1","1743117","1743130","chr17","75305381","75305394","6","73562264"
"chr1","1743794","1743907","chr12","20914760","20914872","27","19170966"
"chr1","1746889","1747163","chr14","1605030","1605304","9","141859"
"chr1","1749732","1749968","chr16","54557869","54558094","76","52808137"
"chr1","1750520","1750605","chr1","163517028","163517115","18","161766508"
"chr1","1760602","1760892","chr14","1618802","1619087","18","141800"
"chr1","1806046","1806342","chr14","1663527","1663822","6","142519"
"chr1","1880351","1880682","chr14","1736930","1737263","11","143421"
"chr1","1997549","1997836","chr14","1855420","1855707","7","142129"
"chr1","2035494","2035782","chr14","1888498","1888785","4","146996"
"chr1","2044725","2044851","chr14","1898346","1898476","5","146379"
"chr1","2045009","2045095","chr14","1898534","1898620","2","146475"
"chr1","2058760","2059020","chr14","1911424","1911685","12","147336"
"chr1","2089912","2090170","chr1","65285247","65285469","87","63195335"
"chr1","2092986","2093137","chr3","67254519","67254663","32","65161533"
"chr1","2094256","2094547","chrX","49546448","49546737","61","47452192"
"chr1","2251600","2251720","chr14","2096955","2097077","3","154645"
"chr1","2330758","2331064","chr14","2174756","2175077","25","156002"
"chr1","2444014","2444317","chr14","2291511","2291814","3","152503"
"chr1","2605804","2606083","chr14","2453205","2453484","4","152599"
"chr1","2678252","2678528","chr4","13362288","13362560","61","10684036"
"chr1","2688515","2688641","chr20","10415874","10415996","16","7727359"
"chr1","2748599","2748914","chr14","2596376","2596661","34","152223"
"chr1","2837867","2838162","chr12","33914753","33915043","52","31076886"
"chr1","2872425","2872601","chr14","2719553","2719720","15","152872"
"chr1","2884718","2884880","chr1","53323208","53323366","40","50438490"
"chr1","2889940","2890070","chr3","78127239","78127371","24","75237299"
"chr1","2895116","2895405","chr14","2736883","2737171","8","158233"
"chr1","2957181","2957455","chr14","2796362","2796635","12","160819"
"chr1","2998647","2998835","chr11","514085","514258","38","2484562"
"chr1","3000785","3000981","chr14","2838383","2838578","1","162402"
"chr1","3051927","3052233","chr14","2890939","2891245","3","160988"
"chr1","3077556","3077765","chr14","2917208","2917417","7","160348"
"chr1","3164638","3164954","chr14","3025291","3025589","42","139347"
"chr1","3192755","3192996","chr11","64749109","64749361","56","61556354"
"chr1","3241811","3242105","chr14","3098528","3098810","17","143283"
"chr1","3281163","3281473","chr19","40711187","40711494","62","37430024"
"chr1","3380757","3380874","chr14","3228640","3228767","10","152117"
"chr1","3414943","3415240","chr15","6399863","6400156","77","2984920"
"chr1","3416400","3416693","chr14","3263797","3264096","16","152603"
"chr1","3517110","3517364","chr14","3359155","3359441","39","157955"
"chr1","3541985","3542132","chr8","19959540","19959701","32","16417555"
"chr1","3542442","3542494","chr3","37888327","37888376","11","34345885"
"chr1","3553284","3553449","chr6","51678059","51678224","37","48124775"
"chr1","3589964","3590275","chr14","3427728","3428040","31","162236"
"chr1","3590282","3590412","chr1","135097790","135097920","19","131507508"
"chr1","3634649","3634960","chr14","3468132","3468451","12","166517"
"chr1","3634961","3635095","chr4","84764886","84765021","21","81129925"
"chr1","3684563","3684693","chr14","3520775","3520905","0","163788"
"chr1","3733774","3734073","chr14","3568659","3568959","17","165115"
"chr1","4015855","4016010","chr3","178842613","178842752","38","174826758"
"chr1","4016297","4016467","chr10","797388","797552","38","3218909"
"chr1","4017146","4017406","chr14","3843277","3843536","15","173869"
"chr1","4039812","4039939","chr14","3866507","3866634","4","173305"
"chr1","4053217","4053515","chr14","3879931","3880237","24","173286"
"chr1","4065393","4065674","chr14","3892380","3892665","11","173013"
"chr1","4120442","4120571","chr1","38250718","38250853","24","34130276"
"chr1","4120887","4121074","chr1","49411370","49411556","47","45290483"
"chr1","4125818","4126085","chr14","3961222","3961483","13","164596"
"chr1","4129230","4129494","chr19","11466922","11467172","69","7337692"
"chr1","4162908","4163163","chr14","3990327","3990610","33","172581"
"chr1","4166537","4166810","chr7","26708548","26708832","60","22542011"
"chr1","4166843","4166862","chr1","152721362","152721385","6","148554519"
"chr1","4189456","4189575","chr14","4016895","4017014","0","172561"
"chr1","4195526","4195843","chr14","4022961","4023242","51","172565"
"chr1","4222416","4222597","chr4","10353260","10353422","57","6130844"
"chr1","4234175","4234466","chr14","4062324","4062598","24","171851"
"chr1","4243552","4243683","chr18","62333586","62333705","47","58090034"
"chr1","4244261","4244433","chr1","141495223","141495381","50","137250962"
"chr1","4245060","4245167","chr2","71992571","71992677","28","67747511"
"chr1","4245468","4245659","chr20","17372994","17373175","35","13127526"
"chr1","4254670","4254965","chr14","4082460","4082757","20","172210"
"chr1","4286314","4286490","chrX","106870930","106871094","48","102584616"
"chr1","4286526","4286668","chr2","47755062","47755203","39","43468536"
"chr1","4334598","4334763","chr1","55479485","55479648","28","51144887"
"chr1","4370361","4370663","chr14","4197600","4197903","3","172761"
"chr1","4379767","4380046","chr14","4206922","4207208","20","172845"
"chr1","4391002","4391120","chr1","124978448","124978564","20","120587446"
"chr1","4397635","4397931","chr14","4223580","4223875","8","174055"
"chr1","4497358","4497454","chr20","10778463","10778551","31","6281105"
"chr1","4770240","4770539","chr14","4594822","4595128","19","175418"
"chr1","4786005","4786276","chr14","4609236","4609510","17","176769"
"chr1","4865607","4865918","chrX","139201945","139202258","59","134336338"
"chr1","4930313","4930610","chr14","4753999","4754296","8","176314"
"chr1","4942256","4942443","chr7","46370913","46371074","50","41428657"
"chr1","5026089","5026381","chr14","4852207","4852502","10","173882"
"chr1","5169154","5169467","chr14","4991596","4991909","6","177558"
"chr1","5305249","5305540","chr14","5119475","5119766","10","185774"
"chr1","5375329","5375501","chr6","97539963","97540135","36","92164634"
"chr1","5375784","5375801","chr6","172915280","172915296","7","167539496"
"chr1","5434902","5435197","chr11","50394945","50395238","56","44960043"
"chr1","5488656","5488932","chr2","50678937","50679211","52","45190281"
"chr1","5548840","5549122","chr14","5355200","5355482","14","193640"
"chr1","5599734","5600014","chr14","5404424","5404686","24","195310"
"chr1","5613573","5613696","chr4","107805004","107805127","20","102191431"
"chr1","5663396","5663680","chr18","46102894","46103181","59","40439498"
"chr1","5675402","5675736","chr14","5482254","5482578","22","193148"
"chr1","5687827","5688104","chr14","5500967","5501247","16","186860"
"chr1","5694446","5694721","chr14","5507209","5507484","10","187237"
"chr1","5710454","5710724","chr14","5522966","5523236","9","187488"
"chr1","5720509","5720667","chr14","5533034","5533198","11","187475"
"chr1","5722992","5723285","chr14","5535585","5535880","14","187407"
"chr1","5744454","5744728","chr14","5557244","5557518","7","187210"
"chr1","5744918","5745195","chr14","5557670","5557999","62","187248"
"chr1","5746524","5746656","chr14","5559327","5559459","3","187197"
"chr1","5748239","5748328","chr7","44425106","44425193","20","38676867"
"chr1","5755713","5756007","chr1","136318628","136318924","61","130562915"
"chr1","5779858","5779981","chr2","143610328","143610452","23","137830470"
"chr1","5794644","5794932","chr6","102148295","102148583","60","96353651"
"chr1","5814745","5815030","chr1","161292549","161292810","71","155477804"
"chr1","5867029","5867317","chr14","5687576","5687862","6","179453"
"chr1","5882740","5883028","chr14","5687576","5687862","6","195164"
"chr1","5913203","5913327","chr14","5720033","5720157","2","193170"
"chr1","5915790","5915913","chr14","5722624","5722747","1","193166"
"chr1","5971994","5972162","chrX","141655179","141655362","54","135683185"
"chr1","6056649","6056954","chr14","5869886","5870199","11","186763"
"chr1","6075651","6075957","chr14","5887635","5887928","19","188016"
"chr1","6097105","6097396","chr14","66820243","66820536","63","60723138"
"chr1","6118300","6118614","chr19","3591267","3591564","75","2527033"
"chr1","6127900","6128214","chr13","68708801","68709111","55","62580901"
"chr1","6176491","6176653","chr3","37236924","37237094","32","31060433"
"chr1","6176966","6176990","chr11","104617974","104617996","6","98441008"
"chr1","6177297","6177427","chr1","135097790","135097920","22","128920493"
"chr1","6235808","6235929","chr2","177274768","177274891","21","171038960"
"chr1","6235942","6236230","chr14","6053593","6053877","14","182349"
"chr1","6248889","6249185","chr9","94719928","94720222","64","88471039"
"chr1","6267447","6267733","chr14","6084739","6085020","14","182708"
"chr1","6280048","6280331","chr14","6095584","6095861","14","184464"
"chr1","6288401","6288645","chr14","6104658","6104904","9","183743"
"chr1","6316549","6316733","chr14","6141906","6142127","39","174643"
"chr1","6334671","6334972","chr14","6161409","6161718","12","173262"
"chr1","6370861","6371062","chr11","34020823","34021026","62","27649962"
"chr1","6429144","6429313","chr11","430004","430168","42","5999140"
"chr1","6429340","6429424","chr2","6035107","6035187","26","394233"
"chr1","6467882","6468169","chr14","6288432","6288720","4","179450"
"chr1","6473134","6473429","chr14","6293644","6293934","7","179490"
"chr1","6542321","6542552","chr4","103606660","103606868","55","97064339"
"chr1","6617532","6617821","chr14","6438961","6439245","17","178571"
"chr1","6694336","6694672","chr1","163547605","163547908","95","156853269"
"chr1","6694960","6694972","chr14","63373169","63373183","4","56678209"
"chr1","6697423","6697546","chr14","6519071","6519190","5","178352"
"chr1","6699006","6699291","chr14","6520654","6520945","14","178352"
"chr1","6731942","6732199","chr14","6556401","6556594","72","175541"
"chr1","6750273","6750432","chr14","6574269","6574428","4","176004"
"chr1","6785663","6785966","chr2","113663436","113663736","64","106877773"
"chr1","6787539","6787816","chr14","6613062","6613329","24","174477"
"chr1","6792189","6792507","chr14","6618099","6618412","16","174090"
"chr1","6804651","6804784","chr1","128856145","128856265","27","122051494"
"chr1","6819311","6819517","chr14","6646392","6646598","4","172919"
"chr1","6873428","6873719","chr14","6700564","6700870","20","172864"
"chr1","6875882","6876177","chr14","6703006","6703335","38","172876"
"chr1","6916075","6916334","chr14","6743484","6743743","2","172591"
"chr1","6923093","6923231","chr14","6750050","6750188","2","173043"
"chr1","6924601","6924904","chr14","6751261","6751567","8","173340"
"chr1","6925124","6925404","chr14","6751768","6752049","40","173356"
"chr1","6932442","6932743","chr3","48773863","48774158","79","41841421"
"chr1","6937581","6937749","chrX","44106841","44107004","36","37169260"
"chr1","7051931","7052198","chr14","6881097","6881364","5","170834"
"chr1","7096674","7096942","chr14","6926485","6926753","2","170189"
"chr1","7106425","7106559","chr17","73545177","73545312","35","66438752"
"chr1","7142342","7142494","chr14","6970949","6971101","2","171393"
"chr1","7165809","7165985","chr3","45464941","45465102","52","38299132"
"chr1","7175938","7176092","chr14","7003706","7003861","11","172232"
"chr1","7197752","7197924","chr14","7026982","7027152","6","170770"
"chr1","7233149","7233303","chr10","86961880","86962044","38","79728731"
"chr1","7233913","7234061","chr19","40441658","40441803","31","33207745"
"chr1","7265344","7265639","chr1","127926907","127927194","57","120661563"
"chr1","7265657","7265782","chr6","75990624","75990747","22","68724967"
"chr1","7268150","7268448","chr14","7098639","7098936","10","169511"
"chr1","7272222","7272284","chr3","44192432","44192486","15","36920210"
"chr1","7272567","7272643","chr12","59071718","59071794","10","51799151"
"chr1","7292589","7292896","chr14","7125804","7126109","10","166785"
"chr1","7345859","7345990","chr14","7172498","7172629","1","173361"
"chr1","7348159","7348285","chr14","7174792","7174918","3","173367"
"chr1","7430312","7430440","chr11","49083937","49084065","15","41653625"
"chr1","7447011","7447297","chr14","7272702","7272998","22","174309"
"chr1","7458459","7458610","chr14","7283544","7283695","2","174915"
"chr1","7460479","7460676","chr14","7285932","7286130","2","174547"
"chr1","7461598","7461887","chr14","7287067","7287357","6","174531"
"chr1","7481359","7481558","chr18","12582891","12583081","59","5101532"
"chr1","7484500","7484796","chr14","7310105","7310400","9","174395"
"chr1","7501226","7501533","chr14","7326483","7326783","11","174743"
"chr1","7512016","7512143","chr8","10524125","10524251","15","3012109"
"chr1","7512430","7512737","chr14","7349643","7349932","25","162787"
"chr1","7520056","7520359","chr14","7364101","7364406","10","155955"
"chr1","7523128","7523362","chr14","7367157","7367411","30","155971"
"chr1","7523761","7523880","chr7","59449106","59449220","28","51925345"
"chr1","7572377","7572689","chr14","7417548","7417860","4","154829"
"chr1","7604818","7605119","chr14","7449994","7450302","18","154824"
"chr1","7621055","7621364","chr20","17539167","17539473","60","9918112"
"chr1","7640207","7640418","chr2","99821540","99821768","75","92181333"
"chr1","7657394","7657534","chr6","65340078","65340208","28","57682684"
"chr1","7657840","7657998","chr1","181459991","181460155","34","173802151"
"chr1","7689974","7690214","chr20","70071196","70071414","50","62381222"
"chr1","7721432","7721540","chr1","17151763","17151871","31","9430331"
"chr1","7735844","7735891","chr14","7579342","7579389","0","156502"
"chr1","7751691","7751870","chr14","7596344","7596523","3","155347"
"chr1","7752840","7753148","chr14","7597490","7597804","11","155350"
"chr1","7755155","7755436","chr14","7599813","7600094","4","155342"
"chr1","7776393","7776676","chr14","7615583","7615866","3","160810"
"chr1","7816415","7816697","chr14","7660921","7661203","1","155494"
"chr1","7842779","7842905","chr7","42742260","42742396","26","34899481"
"chr1","7849804","7850117","chr14","7674376","7674687","9","175428"
"chr1","7853204","7853499","chr2","83809366","83809656","64","75956162"
"chr1","7891279","7891593","chr14","7715307","7715623","10","175972"
"chr1","7996788","7997084","chr14","7831796","7832103","16","164992"
"chr1","8018850","8019133","chr1","54828170","54828461","74","46809320"
"chr1","8028882","8029047","chr14","7863606","7863769","7","165276"
"chr1","8038779","8039061","chr14","7873530","7873825","15","165249"
"chr1","8057831","8058146","chr14","7892968","7893283","8","164863"
"chr1","8059674","8059804","chr14","7894813","7894942","9","164861"
"chr1","8068315","8068601","chr2","39666999","39667279","64","31598684"
"chr1","8071993","8072300","chr14","7907129","7907437","12","164864"
"chr1","8076490","8076615","chr1","47614860","47614983","34","39538370"
"chr1","8083284","8083595","chr7","147649286","147649582","73","139566002"
"chr1","8086848","8087151","chr14","7922147","7922450","7","164701"
"chr1","8091525","8091648","chr14","7927247","7927373","5","164278"
"chr1","8099941","8100065","chr14","7936220","7936343","2","163721"
"chr1","8113405","8113538","chr14","7949276","7949409","1","164129"
"chr1","8152009","8152174","chr14","7995092","7995257","3","156917"
"chr1","8176754","8177053","chr14","8020050","8020348","7","156704"
"chr1","8179372","8179672","chr14","8022452","8022752","5","156920"
"chr1","8194122","8194243","chr14","8037010","8037131","3","157112"
"chr1","8227009","8227227","chr14","8070692","8070970","63","156317"
"chr1","8268300","8268438","chr11","886023","886159","41","7382277"
"chr1","8288437","8288735","chr14","8135584","8135861","29","152853"
"chr1","8309015","8309222","chr14","8156514","8156721","3","152501"
"chr1","8309543","8309698","chr14","8157040","8157199","10","152503"
"chr1","8316491","8316638","chr7","55178775","55178915","43","46862284"
"chr1","8322065","8322260","chr1","31179864","31180065","53","22857799"
"chr1","8329447","8329733","chr14","8178316","8178603","5","151131"
"chr1","8348719","8348880","chr14","8197128","8197289","3","151591"
"chr1","8350529","8350824","chr19","9929527","9929817","68","1578998"
"chr1","8358877","8359011","chr16","48742453","48742590","29","40383576"
"chr1","8379065","8379360","chr14","8231644","8231938","8","147421"
"chr1","8401723","8401983","chr14","8261454","8261731","24","140269"
"chr1","8416233","8416516","chr14","8268072","8268360","12","148161"
"chr1","8416981","8417138","chr8","70097392","70097551","29","61680411"
"chr1","8417146","8417315","chr7","64222660","64222824","29","55805514"
"chr1","8417616","8417762","chr7","133612316","133612460","27","125194700"
"chr1","8431545","8431856","chr14","8283526","8283832","23","148019"
"chr1","8464228","8464451","chr11","51737345","51737559","47","43273117"
"chr1","8480566","8480725","chr14","8332269","8332428","1","148297"
"chr1","8492245","8492520","chr1","202424892","202425168","55","193932647"
"chr1","8496188","8496384","chr14","8351291","8351453","35","144897"
"chr1","8555997","8556211","chr14","8389420","8389633","4","166577"
"chr1","8569190","8569507","chr14","8407394","8407699","17","161796"
"chr1","8572684","8572749","chr14","8408691","8408756","1","163993"
"chr1","8677695","8678059","chr11","118853258","118853585","113","110175563"
"chr1","8725216","8725326","chr14","8562841","8562951","2","162375"
"chr1","8728693","8728907","chr2","85923177","85923396","45","77194484"
"chr1","8765681","8765738","chr1","184763834","184763896","13","175998153"
"chr1","8775902","8776071","chr10","6854434","6854599","32","1921468"
"chr1","8832048","8832331","chr14","8671108","8671391","9","160940"
"chr1","8840524","8840777","chr3","40518573","40518839","62","31678049"
"chr1","8841794","8842052","chr10","80783354","80783625","78","71941560"
"chr1","8858235","8858467","chr14","8696370","8696608","35","161865"
"chr1","8865456","8865769","chr14","8703324","8703631","14","162132"
"chr1","8872618","8872730","chr14","8710993","8711108","7","161625"
"chr1","8891519","8891798","chr14","8733101","8733382","11","158418"
"chr1","8900702","8900975","chr7","160141639","160141907","54","151240937"
"chr1","8904585","8904909","chr14","8743837","8744164","7","160748"
"chr1","8933666","8933814","chr6","125911267","125911421","30","116977601"
"chr1","8994735","8995011","chr14","8845998","8846279","18","148737"
"chr1","9010305","9010600","chr20","38637596","38637890","52","29627291"
"chr1","9028623","9028754","chr14","8870874","8871005","4","157749"
"chr1","9028758","9029040","chr14","8871010","8871293","7","157748"
"chr1","9067000","9067125","chr1","52522560","52522684","19","43455560"
"chr1","9067152","9067279","chr14","4528866","4528995","35","4538286"
"chr1","9068183","9068345","chr14","8910421","8910575","11","157762"
"chr1","9073699","9073831","chr14","8916216","8916351","5","157483"
"chr1","9085451","9085751","chr14","8928036","8928333","9","157415"
"chr1","9090185","9090303","chr19","38187504","38187626","23","29097319"
"chr1","9109442","9109723","chr14","8953398","8953679","6","156044"
"chr1","9126470","9126745","chr14","8970900","8971175","11","155570"
"chr1","9134656","9134960","chr14","8980492","8980797","8","154164"
"chr1","9137993","9138295","chr14","8982947","8983222","31","155046"
"chr1","9171043","9171258","chr11","51737345","51737559","26","42566302"
"chr1","9184538","9184794","chr14","9030098","9030358","13","154440"
"chr1","9187089","9187208","chr14","9032942","9033061","0","154147"
"chr1","9190960","9191098","chr14","9037203","9037330","17","153757"
"chr1","9191276","9191530","chr14","9037521","9037775","6","153755"
"chr1","9204860","9204985","chr14","9052643","9052768","4","152217"
"chr1","9238900","9239205","chr14","9088865","9089176","24","150035"
"chr1","9242431","9242729","chr14","9092853","9093152","8","149578"
"chr1","9276041","9276308","chr14","9127194","9127441","24","148847"
"chr1","9277708","9277959","chr14","9128816","9129045","25","148892"
"chr1","9282073","9282369","chr4","101589619","101589923","60","92307546"
"chr1","9314102","9314369","chr14","9167140","9167396","13","146962"
"chr1","9341630","9341913","chr4","41892111","41892398","55","32550481"
"chr1","9362998","9363061","chr1","129981236","129981301","17","120618238"
"chr1","9368480","9368766","chr14","9221936","9222225","17","146544"
"chr1","9389662","9389952","chr14","9243055","9243348","10","146607"
"chr1","9413252","9413388","chr14","9269338","9269474","4","143914"
"chr1","9415648","9415926","chr17","9591862","9592149","72","176214"
"chr1","9422295","9422590","chr9","59392519","59392812","60","49970224"
"chr1","9425336","9425642","chr1","40409433","40409733","53","30984097"
"chr1","9446950","9447243","chr14","9309990","9310292","19","136960"
"chr1","9453021","9453328","chr14","9306010","9306313","10","147011"
"chr1","9669343","9669563","chr14","9527421","9527642","6","141922"
"chr1","9677223","9677357","chr1","135111546","135111683","27","125434323"
"chr1","9677652","9677831","chr7","111640971","111641143","40","101963319"
"chr1","9693053","9693364","chr14","9551424","9551735","8","141629"
"chr1","9698104","9698404","chr14","9556531","9556833","12","141573"
"chr1","9750595","9750901","chr14","9602394","9602707","16","148201"
"chr1","9753265","9753555","chr14","9605052","9605344","9","148213"
"chr1","9766675","9766884","chr20","26618226","26618422","58","16851551"
"chr1","9789043","9789363","chr14","9641398","9641718","7","147645"
"chr1","9802000","9802305","chr14","9654782","9655080","12","147218"
"chr1","9893917","9894214","chr14","9748221","9748518","2","145696"
"chr1","9901808","9902119","chr16","19363002","19363312","53","9461194"
"chr1","9904967","9905271","chr14","9760454","9760715","52","144513"
"chr1","9932370","9932660","chr14","9788599","9788899","18","143771"
"chr1","9951962","9952179","chr14","9809113","9809330","4","142849"
"chr1","10045414","10045544","chr14","9902645","9902775","3","142769"
"chr1","10050255","10050553","chr14","9908068","9908366","4","142187"
"chr1","10064528","10064665","chr1","64347249","64347380","32","54282721"
"chr1","10064961","10065094","chr20","8803112","8803244","31","1261849"
"chr1","10067113","10067355","chr14","9924689","9924973","46","142424"
"chr1","10070952","10071251","chr1","18180752","18181036","70","8109800"
"chr1","10077377","10077679","chr14","9934965","9935267","3","142412"
"chr1","10079663","10079794","chr14","9937254","9937385","5","142409"
"chr1","10096567","10096860","chr14","9954219","9954513","12","142348"
"chr1","10178680","10178914","chr14","10038431","10038672","37","140249"
"chr1","10214902","10215024","chr1","52522560","52522684","19","42307658"
"chr1","10215324","10215511","chr3","42608312","42608486","45","32392988"
"chr1","10250022","10250161","chr5","158215124","158215258","24","147965102"
"chr1","10250457","10250616","chr1","55803875","55804033","35","45553418"
"chr1","10255095","10255362","chr14","10110388","10110680","28","144707"
"chr1","10261072","10261211","chr14","10116471","10116610","0","144601"
"chr1","10296806","10297122","chr19","49767213","49767522","65","39470407"
"chr1","10319698","10319993","chr15","100537592","100537890","62","90217894"
"chr1","10361821","10362083","chr14","10212914","10213182","8","148907"
"chr1","10366394","10366698","chr14","10218112","10218417","10","148282"
"chr1","10383435","10383584","chr11","94822598","94822729","32","84439163"
"chr1","10383904","10384046","chrX","1742107","1742261","41","8641797"
"chr1","10400211","10400520","chr10","52737902","52738234","74","42337691"
"chr1","10401743","10401919","chr20","26340579","26340743","41","15938836"
"chr1","10402201","10402229","chr1","68077163","68077192","8","57674962"
"chr1","10402537","10402647","chr16","72937358","72937467","15","62534821"
"chr1","10429063","10429351","chr14","10281488","10281774","11","147575"
"chr1","10430061","10430215","chr14","10282483","10282637","5","147578"
"chr1","10433738","10434045","chr14","10285960","10286265","15","147778"
"chr1","10440772","10441106","chr10","52737902","52738234","76","42297130"
"chr1","10447015","10447322","chr15","23338291","23338598","65","12891276"
"chr1","10490262","10490445","chr14","10336297","10336492","14","153965"
"chr1","10496492","10496785","chr14","10342994","10343285","6","153498"
"chr1","10511545","10511852","chr14","10358075","10358349","37","153470"
"chr1","10536813","10537141","chr14","10382241","10382537","33","154572"
"chr1","10549389","10549518","chr14","10394859","10394994","6","154530"
"chr1","10576839","10577113","chr14","10424830","10425080","29","152009"
"chr1","10607013","10607281","chr14","10456533","10456803","8","150480"
"chr1","10617049","10617175","chr14","10466487","10466619","7","150562"
"chr1","10617183","10617460","chr14","10466627","10466895","13","150556"
"chr1","10628814","10628832","chr19","33097419","33097435","6","22468605"
"chr1","10628963","10629080","chr1","36395707","36395820","42","25766744"
"chr1","10693416","10693724","chr3","35714713","35715009","85","25021297"
"chr1","10929868","10930060","chr14","10758858","10759051","3","171010"
"chr1","10945359","10945585","chr14","10774090","10774316","3","171269"
"chr1","11000007","11000214","chr6","133900932","133901137","38","122900925"
"chr1","11013299","11013556","chr14","10840607","10840864","4","172692"
"chr1","11021800","11021943","chr14","10848626","10848768","6","173174"
"chr1","11025173","11025416","chr1","159007899","159008149","63","147982726"
"chr1","11039111","11039383","chr14","10863826","10864098","3","175285"
"chr1","11049184","11049459","chr14","10868649","10868929","15","180535"
"chr1","11056427","11056716","chr14","10876350","10876632","15","180077"
"chr1","11104807","11105026","chr5","71518102","71518314","47","60413295"
"chr1","11210251","11210414","chr14","11037215","11037375","5","173036"
"chr1","11210452","11210747","chr14","11037421","11037710","16","173031"
"chr1","11268638","11268776","chr19","34740102","34740237","18","23471464"
"chr1","11359652","11359785","chr14","11193373","11193506","4","166279"
"chr1","11390221","11390559","chr14","11226584","11226922","13","163637"
"chr1","11410784","11411063","chr14","11248518","11248797","12","162266"
"chr1","11411767","11412073","chr11","52114651","52114943","67","40702884"
"chr1","11446970","11447264","chr15","54570698","54570986","99","43123728"
"chr1","11451343","11451522","chr2","84657232","84657402","40","73205889"
"chr1","11451821","11451941","chr14","11292974","11293088","9","158847"
"chr1","11465502","11465798","chr14","11306688","11306989","14","158814"
"chr1","11468604","11468899","chr14","11310075","11310371","25","158529"
"chr1","11548396","11548575","chr1","29438532","29438689","57","17890136"
"chr1","11631882","11632163","chr6","143011919","143012182","83","131380037"
"chr1","11651343","11651639","chr14","11531781","11532077","8","119562"
"chr1","11683658","11683982","chr14","11565938","11566262","14","117720"
"chr1","11741777","11741848","chr14","11624736","11624807","4","117041"
"chr1","11778011","11778227","chr11","120237603","120237820","56","108459592"
"chr1","11779711","11779980","chr13","84641391","84641666","57","72861680"
"chr1","11796605","11796774","chr14","11680481","11680650","3","116124"
"chr1","11806860","11807158","chr14","11691097","11691395","6","115763"
"chr1","11831034","11831208","chr5","45377977","45378143","34","33546943"
"chr1","11831241","11831355","chr9","94751654","94751771","20","82920413"
"chr1","11849324","11849616","chr14","11735894","11736194","15","113430"
"chr1","11852815","11852993","chr3","39323973","39324142","34","27471158"
"chr1","11853294","11853423","chrX","141830909","141831042","23","129977615"
"chr1","11866312","11866509","chr15","55551700","55551888","45","43685388"
"chr1","11866532","11866810","chr14","11753398","11753676","5","113134"
"chr1","11952086","11952396","chr14","11838115","11838424","11","113971"
"chr1","11999531","11999731","chr14","11885948","11886144","7","113583"
"chr1","12033311","12033429","chr19","9398125","9398242","22","2635186"
"chr1","12055801","12056073","chr14","11942168","11942437","4","113633"
"chr1","12154187","12154492","chr11","85441981","85442272","72","73287794"
"chr1","12242922","12243170","chr1","94648078","94648341","65","82405156"
"chr1","12380624","12380908","chr14","12273449","12273749","20","107175"
"chr1","12381472","12381635","chr14","12274317","12274482","4","107155"
"chr1","12404460","12404732","chr14","12303462","12303733","10","100998"
"chr1","12437722","12438009","chr14","12339269","12339556","4","98453"
"chr1","12463593","12463877","chr14","12367531","12367817","16","96062"
"chr1","12475604","12475737","chr14","12380490","12380623","2","95114"
"chr1","12517229","12517402","chr13","117917462","117917623","54","105400233"
"chr1","12523232","12523546","chr14","12428294","12428601","12","94938"
"chr1","12563986","12564285","chr1","23547642","23547937","61","10983656"
"chr1","12564802","12565090","chr13","59591543","59591826","63","47026741"
"chr1","12571835","12572143","chr1","40647710","40648004","66","28075875"
"chr1","12576054","12576343","chr14","12482999","12483298","19","93055"
"chr1","12580428","12580776","chr14","12487420","12487770","11","93008"
"chr1","12586706","12586728","chr7","125655255","125655271","8","113068549"
"chr1","12760103","12760378","chrX","120504044","120504309","54","107743941"
"chr1","12790068","12790238","chr16","1021795","1021947","54","11768273"
"chr1","12796213","12796469","chr3","172665701","172665959","72","159869488"
"chr1","12804892","12805192","chr14","12681386","12681689","11","123506"
"chr1","12819097","12819248","chr20","36156810","36156963","34","23337713"
"chr1","12826054","12826345","chr14","12701155","12701446","25","124899"
"chr1","12855633","12855913","chr16","30348027","30348301","48","17492394"
"chr1","12930713","12931008","chr1","218952078","218952374","58","206021365"
"chr1","13051382","13051664","chr14","12916591","12916879","16","134791"
"chr1","13062948","13063254","chr14","12928709","12929013","8","134239"
"chr1","13353466","13353772","chr14","13226451","13226752","11","127015"
"chr1","13558349","13558601","chr14","13431721","13431969","7","126628"
"chr1","13834637","13834949","chr14","13706214","13706534","15","128423"
"chr1","13856004","13856287","chr2","81971075","81971353","63","68115071"
"chr1","13874799","13875093","chr14","13748619","13748913","2","126180"
"chr1","13895122","13895433","chr9","116503932","116504233","100","102608810"
"chr1","13920164","13920211","chr14","13792885","13792932","1","127279"
"chr1","13920776","13920914","chr5","35133353","35133480","36","21212577"
"chr1","13921234","13921408","chr19","27289681","27289845","36","13368447"
"chr1","13927103","13927425","chr14","13801352","13801665","19","125751"
"chr1","13982167","13982384","chr3","31064513","31064730","74","17082346"
"chr1","14042990","14043287","chr14","13909566","13909867","17","133424"
"chr1","14046504","14046629","chr14","13912943","13913068","3","133561"
"chr1","14048632","14048914","chrX","98476578","98476858","59","84427946"
"chr1","14077634","14077753","chr14","13942927","13943040","9","134707"
"chr1","14090663","14090876","chr14","13952616","13952831","10","138047"
"chr1","14096405","14096546","chr14","13961008","13961152","4","135397"
"chr1","14132312","14132398","chr14","13993471","13993552","8","138841"
"chr1","14136239","14136528","chr1","26804031","26804320","69","12667792"
"chr1","14141409","14141495","chr9","61230439","61230524","16","47089030"
"chr1","14436673","14436975","chr18","14662500","14662786","24","225827"
"chr1","14689449","14689599","chr14","14575279","14575429","0","114170"
"chr1","14765694","14765997","chr14","14645638","14645940","7","120056"
"chr1","14797671","14797885","chr7","52534516","52534718","67","37736845"
"chr1","14798932","14799267","chr14","14676302","14676607","35","122630"
"chr1","15191531","15191716","chr14","728598","728775","39","14462933"
"chr1","15253209","15253491","chr14","15120101","15120383","5","133108"
"chr1","15279845","15279963","chr14","15144882","15145000","2","134963"
"chr1","15310739","15310814","chr9","44367429","44367503","25","29056690"
"chr1","15395312","15395438","chr14","17264951","17265076","23","1869639"
"chr1","15398365","15398659","chr14","15260488","15260784","7","137877"
"chr1","15414507","15414788","chr16","57075941","57076226","56","41661434"
"chr1","15432952","15433251","chr14","15297585","15297883","2","135367"
"chr1","15447917","15448207","chr14","15312454","15312746","12","135463"
"chr1","15462465","15462770","chr14","15327260","15327563","5","135205"
"chr1","15473764","15474063","chr14","15337026","15337324","6","136738"
"chr1","15513243","15513543","chr2","144697481","144697780","63","129184238"
"chr1","15531072","15531341","chr14","15390285","15390551","8","140787"
"chr1","15592848","15593084","chr14","15451322","15451558","5","141526"
"chr1","15594538","15594827","chr14","15453015","15453297","18","141523"
"chr1","15599512","15599823","chr14","15455803","15456101","16","143709"
"chr1","15610282","15610405","chr3","37917816","37917940","3","22307534"
"chr1","15635483","15635668","chr14","15493384","15493569","3","142099"
"chr1","15669165","15669424","chr2","55627532","55627789","61","39958367"
"chr1","15678742","15679047","chr14","15537221","15537529","10","141521"
"chr1","15693150","15693379","chrX","141051214","141051437","67","125358064"
"chr1","15708165","15708461","chr14","15564184","15564489","13","143981"
"chr1","15714859","15714920","chr16","45037163","45037222","13","29322304"
"chr1","15731922","15732174","chr11","119712914","119713140","76","103980992"
"chr1","15738500","15738746","chr14","15592098","15592393","55","146402"
"chr1","15742143","15742464","chr14","15595206","15595520","16","146937"
"chr1","15795954","15796232","chr14","15643302","15643595","19","152652"
"chr1","15796713","15797009","chr14","15644076","15644372","5","152637"
"chr1","15819933","15820196","chr14","15666555","15666819","11","153378"
"chr1","15835576","15835709","chr14","15682861","15682996","4","152715"
"chr1","16035983","16036283","chr14","15874929","15875229","15","161054"
"chr1","16114222","16114389","chr13","73441194","73441360","31","57326972"
"chr1","16176425","16176732","chr14","16013025","16013333","8","163400"
"chr1","16367231","16367359","chr14","16205785","16205913","3","161446"
"chr1","16459263","16459536","chr14","16270486","16270760","6","188777"
"chr1","16571351","16571668","chr14","16371392","16371689","25","199959"
"chr1","16587194","16587312","chr14","16384997","16385106","12","202197"
"chr1","16587363","16587375","chr6","128359960","128359970","2","111772597"
"chr1","16610596","16610884","chr14","16413894","16414150","41","196702"
"chr1","16722456","16722578","chr14","16591309","16591436","6","131147"
"chr1","16737437","16737736","chr14","16636293","16636591","14","101144"
"chr1","16854164","16854326","chr14","16714440","16714602","7","139724"
"chr1","16854835","16854980","chr7","138339375","138339524","32","121484540"
"chr1","16855023","16855141","chr6","17154848","17154966","22","299825"
"chr1","16866270","16866574","chr14","16725377","16725681","8","140893"
"chr1","16901129","16901433","chr6","65523493","65523786","72","48622364"
"chr1","17024484","17024790","chr16","8249401","8249703","64","8775083"
"chr1","17099367","17099694","chr14","16959044","16959356","21","140323"
"chr1","17125770","17126082","chr14","16992861","16993170","16","132909"
"chr1","17164950","17165089","chr14","17031354","17031493","2","133596"
"chr1","17197982","17198283","chr13","32650023","32650326","62","15452041"
"chr1","17221485","17221832","chr20","21433517","21433840","88","4212032"
"chr1","17228654","17228964","chr14","17096479","17096777","21","132175"
"chr1","17237799","17238012","chr1","24583071","24583273","49","7345272"
"chr1","17295678","17295995","chr14","17159468","17159779","17","136210"
"chr1","17323944","17324256","chr14","17186841","17187131","31","137103"
"chr1","17333206","17333420","chr1","31170582","31170788","44","13837376"
"chr1","17333436","17333546","chr14","17200339","17200457","8","133097"
"chr1","17334689","17335011","chr11","115848950","115849252","112","98514261"
"chr1","17349028","17349327","chr14","17210850","17211144","17","138178"
"chr1","17349845","17349973","chr2","89607419","89607539","34","72257574"
"chr1","17350269","17350436","chr16","32307102","32307264","43","14956833"
"chr1","17362106","17362390","chr14","17222475","17222776","30","139631"
"chr1","17368895","17369200","chr19","33496054","33496356","59","16127159"
"chr1","17380912","17381126","chr19","3468713","3468932","57","13912199"
"chr1","17406461","17406586","chr14","17264951","17265076","2","141510"
"chr1","17434114","17434277","chr3","43397217","43397380","43","25963103"
"chr1","17463109","17463412","chr14","17313895","17314211","22","149214"
"chr1","17475252","17475550","chr14","17325487","17325785","3","149765"
"chr1","17501839","17501963","chr3","157237570","157237689","23","139735731"
"chr1","17517255","17517528","chr14","17368961","17369232","4","148294"
"chr1","17521183","17521291","chr14","17365695","17365792","12","155488"
"chr1","17528438","17528597","chr14","17378343","17378502","2","150095"
"chr1","17534098","17534361","chr14","17384730","17384993","5","149368"
"chr1","17548208","17548227","chr7","131755732","131755746","6","114207524"
"chr1","17548830","17548987","chr1","27534797","27534952","37","9985967"
"chr1","17564211","17564335","chr13","14929543","14929668","22","2634668"
"chr1","17573244","17573527","chr14","17422254","17422540","10","150990"
"chr1","17578370","17578527","chr14","17427407","17427564","1","150963"
"chr1","17579237","17579368","chr2","50193421","50193549","24","32614184"
"chr1","17595047","17595187","chr14","17443850","17443990","3","151197"
"chr1","17623280","17623443","chr14","17473230","17473393","3","150050"
"chr1","17628531","17628878","chr14","17478249","17478600","8","150282"
"chr1","17635186","17635476","chr14","17486681","17486968","7","148505"
"chr1","17645665","17645965","chr3","44042985","44043288","59","26397320"
"chr1","17649272","17649504","chr14","17501838","17502064","12","147434"
"chr1","17671510","17671628","chr4","19859330","19859446","27","2187820"
"chr1","17686268","17686560","chr14","17538928","17539221","6","147340"
"chr1","17695236","17695489","chr14","17549412","17549664","5","145824"
"chr1","17706455","17706731","chr14","17560640","17560916","7","145815"
"chr1","17719315","17719534","chrX","61746096","61746314","36","44026781"
"chr1","17756240","17756473","chr7","107406631","107406864","57","89650391"
"chr1","17756767","17756854","chr4","151171062","151171149","18","133414295"
"chr1","17761618","17761925","chr14","17615502","17615808","5","146116"
"chr1","17772965","17773100","chr14","17627054","17627190","4","145911"
"chr1","17805473","17805765","chr14","17658348","17658638","7","147125"
"chr1","17807598","17807743","chr14","17665796","17665941","1","141802"
"chr1","17813851","17814144","chr14","17672107","17672404","25","141744"
"chr1","17832869","17833154","chr14","17690492","17690767","12","142377"
"chr1","17872581","17872922","chr14","17734575","17734879","49","138006"
"chr1","17892479","17892761","chr14","17732351","17732632","6","160128"
"chr1","17922900","17923180","chr14","17788175","17788455","5","134725"
"chr1","17943672","17943860","chr14","17809132","17809319","5","134540"
"chr1","18002288","18002442","chr14","17871209","17871348","24","131079"
"chr1","18074833","18075135","chr14","17945240","17945539","10","129593"
"chr1","18078646","18078936","chr2","100400583","100400867","63","82321937"
"chr1","18084859","18085049","chr14","17954796","17954984","4","130063"
"chr1","18096782","18097062","chr14","17966996","17967283","9","129786"
"chr1","18097366","18097658","chr14","17967588","17967860","25","129778"
"chr1","18110561","18110894","chr14","17979154","17979471","27","131407"
"chr1","18115775","18116050","chr14","17984060","17984335","6","131715"
"chr1","18150170","18150445","chr14","18019834","18020108","7","130336"
"chr1","18167793","18167894","chr3","152944626","152944725","26","134776833"
"chr1","18186480","18186785","chr14","18056720","18057021","9","129760"
"chr1","18188829","18189120","chr9","85939825","85940111","69","67750996"
"chr1","18193609","18193890","chr7","45930267","45930552","69","27736658"
"chr1","18239343","18239634","chr14","18114844","18115137","8","124499"
"chr1","18278723","18279027","chr14","18152018","18152312","13","126705"
"chr1","18281645","18281946","chr14","18154925","18155224","10","126720"
"chr1","18283199","18283517","chr14","18156476","18156802","16","126723"
"chr1","18289248","18289551","chr14","18162495","18162800","8","126753"
"chr1","18339693","18339985","chr14","18212819","18213100","18","126874"
"chr1","18377816","18378118","chr14","18250406","18250710","8","127410"
"chr1","18408277","18408590","chr14","18283110","18283413","13","125167"
"chr1","18422988","18423220","chrX","14035066","14035271","57","4387922"
"chr1","18427219","18427537","chr14","18302630","18302948","6","124589"
"chr1","18427606","18427916","chr14","18303014","18303315","15","124592"
"chr1","18436217","18436335","chr14","18311687","18311805","4","124530"
"chr1","18439595","18439878","chr14","18315041","18315319","10","124554"
"chr1","18490433","18490739","chr14","18343319","18343625","7","147114"
"chr1","18539228","18539465","chr14","18390789","18391026","6","148439"
"chr1","18545335","18545657","chr14","18397409","18397733","12","147926"
"chr1","18546903","18547187","chr14","18398995","18399278","8","147908"
"chr1","18563534","18563832","chr14","18415654","18415952","9","147880"
"chr1","18568959","18569142","chr8","98047098","98047277","44","79478139"
"chr1","18591156","18591333","chr14","18444021","18444188","12","147135"
"chr1","18592585","18592750","chr14","18446366","18446541","16","146219"
"chr1","18594691","18594833","chr6","73447417","73447558","23","54852726"
"chr1","18606538","18606667","chr1","139103675","139103802","21","120497137"
"chr1","18649503","18649819","chr2","93331211","93331510","68","74681708"
"chr1","18667674","18667965","chr14","18525983","18526274","4","141691"
"chr1","18668346","18668467","chr16","59407499","59407615","27","40739153"
"chr1","18672143","18672432","chr11","96877214","96877505","51","78205071"
"chr1","18695981","18696271","chr14","18560139","18560433","12","135842"
"chr1","18703400","18703557","chr14","18555125","18555271","16","148275"
"chr1","18748959","18749105","chr5","172132568","172132717","42","153383609"
"chr1","18775157","18775297","chr14","18633124","18633268","6","142033"
"chr1","18801607","18801905","chr11","44451253","44451550","59","25649646"
"chr1","18826629","18826935","chr14","18683381","18683693","20","143248"
"chr1","18993233","18993408","chr6","124853098","124853260","45","105859865"
"chr1","18993409","18993698","chr14","18851678","18851964","7","141731"
"chr1","18993699","18993868","chr13","46457607","46457762","57","27463908"
"chr1","19005770","19005954","chrX","11316974","11317137","55","7688796"
"chr1","19006247","19006377","chr12","93063345","93063469","17","74057098"
"chr1","19024826","19024991","chr11","111507890","111508054","28","92483064"
"chr1","19026897","19027212","chr14","18885771","18886086","8","141126"
"chr1","19068161","19068482","chr20","21433517","21433840","84","2365356"
"chr1","19079389","19079527","chr14","18936101","18936227","17","143288"
"chr1","19108259","19108378","chr14","18964079","18964203","10","144180"
"chr1","19119919","19120049","chr1","18876922","18877042","27","242997"
"chr1","19120849","19120877","chr4","37952686","37952708","9","18831837"
"chr1","19130101","19130243","chr14","35121308","35121446","33","15991207"
"chr1","19130535","19130767","chr12","102599393","102599608","65","83468858"
"chr1","19166328","19166527","chr11","121709073","121709273","61","102542745"
"chr1","19185331","19185635","chrX","49864269","49864563","57","30678938"
"chr1","19317875","19318162","chr7","119763600","119763879","65","100445725"
"chr1","19350717","19351022","chr14","19205333","19205637","4","145384"
"chr1","19383044","19383314","chr4","13090197","13090450","62","6292847"
"chr1","19416431","19416619","chr20","27056139","27056302","51","7639708"
"chr1","19416946","19417080","chr7","42742260","42742396","22","23325314"
"chr1","19476204","19476477","chr14","19329789","19330040","35","146415"
"chr1","19480764","19481036","chr14","19334185","19334462","10","146579"
"chr1","19529262","19529566","chr14","19381947","19382250","10","147315"
"chr1","19776344","19776500","chr14","19620442","19620585","15","155902"
"chr1","19797959","19798218","chr14","19640637","19640900","9","157322"
"chr1","19811296","19811339","chr11","104618562","104618606","9","84807266"
"chr1","19811342","19811551","chr20","48657166","48657387","51","28845824"
"chr1","19812157","19812442","chr14","19653888","19654169","15","158269"
"chr1","19968080","19968380","chr14","19804351","19804624","44","163729"
"chr1","20058293","20058500","chr20","21209788","21209988","43","1151495"
"chr1","20142741","20143030","chr16","52382641","52382930","66","32239900"
"chr1","20458276","20458544","chr14","20282598","20282866","10","175678"
"chr1","20598094","20598209","chr1","54347262","54347363","43","33749168"
"chr1","20598220","20598516","chr14","20415459","20415747","13","182761"
"chr1","20648957","20649267","chr14","20464508","20464821","20","184449"
"chr1","20659412","20659698","chr14","20475110","20475396","2","184302"
"chr1","20714319","20714454","chr4","22872978","22873111","27","2158659"
"chr1","20824588","20824885","chr5","50168338","50168627","100","29343750"
"chr1","20842930","20843218","chr14","20652453","20652745","8","190477"
"chr1","20885789","20885961","chr14","20691809","20691976","17","193980"
"chr1","20902153","20902328","chr14","20708005","20708180","3","194148"
"chr1","20927649","20927801","chr14","20735144","20735296","4","192505"
"chr1","20930580","20930882","chr14","20738054","20738356","2","192526"
"chr1","20956381","20956666","chr9","57672920","57673205","80","36716539"
"chr1","20977953","20978068","chr12","51605169","51605285","16","30627216"
"chr1","21004898","21005207","chr14","20807756","20808062","11","197142"
"chr1","21006772","21007089","chr14","20809417","20809734","11","197355"
"chr1","21018196","21018482","chr14","20820490","20820804","38","197706"
"chr1","21068326","21068596","chr14","20868243","20868509","12","200083"
"chr1","21088102","21088268","chr11","112934504","112934668","28","91846402"
"chr1","21114888","21115175","chr14","20914130","20914413","10","200758"
"chr1","21176844","21176965","chr14","20974822","20974939","24","202022"
"chr1","21205236","21205421","chr10","27686319","27686486","55","6481083"
"chr1","21257482","21257700","chr14","21053147","21053365","8","204335"
"chr1","21268989","21269284","chr14","21063536","21063820","14","205453"
"chr1","21278608","21278858","chr14","21072921","21073171","5","205687"
"chr1","21282884","21283194","chr14","21077168","21077460","29","205716"
"chr1","21312739","21312867","chr16","59467809","59467934","20","38155070"
"chr1","21313164","21313340","chr16","71916151","71916323","48","50602987"
"chr1","21352001","21352213","chr11","31957963","31958172","52","10605962"
"chr1","21401616","21401823","chr7","47172536","47172742","52","25770920"
"chr1","21411242","21411303","chr18","35166246","35166305","10","13755004"
"chr1","21434259","21434554","chr6","170068196","170068491","62","148633937"
"chr1","21487880","21488020","chr9","59147820","59147951","30","37659940"
"chr1","21488021","21488194","chr3","84841040","84841196","40","63353019"
"chr1","21522672","21522984","chr14","21309345","21309657","8","213327"
"chr1","21529776","21530080","chr14","21316144","21316443","16","213632"
"chr1","21539296","21539607","chr19","8961877","8962186","60","12577419"
"chr1","21614265","21614566","chr14","21398271","21398572","8","215994"
"chr1","21628890","21629218","chr4","18955197","18955504","99","2673693"
"chr1","21636725","21636879","chr9","59290685","59290838","32","37653960"
"chr1","21640274","21640568","chr14","21424330","21424626","8","215944"
"chr1","21651296","21651587","chr14","21434916","21435206","4","216380"
"chr1","21687594","21687867","chr19","27529864","27530148","65","5842270"
"chr1","21699873","21700091","chr2","71422735","71422956","43","49722862"
"chr1","21708699","21708850","chr14","21491546","21491692","8","217153"
"chr1","21709169","21709300","chr20","48662955","48663087","22","26953786"
"chr1","21750769","21750982","chr2","71422735","71422956","45","49671966"
"chr1","21764010","21764296","chr14","21544466","21544751","11","219544"
"chr1","21775702","21776017","chr14","21556450","21556768","24","219252"
"chr1","21808860","21809095","chr6","36716590","36716823","69","14907730"
"chr1","21809176","21809474","chr14","21588854","21589148","11","220322"
"chr1","21883980","21884267","chr14","21662513","21662800","10","221467"
"chr1","21885874","21886177","chr14","21664399","21664702","3","221475"
"chr1","21960774","21961037","chr14","21739502","21739764","6","221272"
"chr1","21983741","21984049","chr14","21762467","21762775","18","221274"
"chr1","22008860","22009163","chr14","21786085","21786388","10","222775"
"chr1","22014830","22015135","chr6","42299250","42299556","67","20284420"
"chr1","22039927","22040231","chr14","21814268","21814569","9","225659"
"chr1","22056315","22056543","chr10","29852409","29852641","69","7796094"
"chr1","22084474","22084777","chr14","21858388","21858688","13","226086"
"chr1","22138865","22139084","chr11","119420155","119420375","48","97281290"
"chr1","22205516","22205812","chr19","28458469","28458756","80","6252953"
"chr1","22217554","22217595","chr3","163461676","163461710","12","141244122"
"chr1","22217629","22217670","chr1","25153862","25153913","17","2936233"
"chr1","22270182","22270299","chr14","22031373","22031477","24","238809"
"chr1","22530123","22530409","chr14","22299077","22299340","29","231046"
"chr1","22546996","22547145","chr14","22315989","22316137","6","231007"
"chr1","22885873","22886177","chr14","22648311","22648615","6","237562"
"chr1","23000001","23000158","chr1","44970927","44971092","34","21970926"
"chr1","23602996","23603112","chr7","43514265","43514383","21","19911269"
"chr1","23603400","23603599","chr1","114766685","114766871","52","91163285"
"chr1","23613625","23613907","chr14","23386495","23386770","16","227130"
"chr1","23959136","23959405","chr8","36373732","36373993","55","12414596"
"chr1","24133090","24133407","chr14","23901881","23902196","8","231209"
"chr1","24204785","24205088","chr14","23970217","23970512","14","234568"
"chr1","24334305","24334593","chr14","24083162","24083450","7","251143"
"chr1","24375668","24375916","chr14","24123711","24124003","50","251957"
"chr1","24670703","24671028","chr14","24409469","24409795","20","261234"
"chr1","24709638","24709885","chr14","24446766","24447054","61","262872"
"chr1","24709886","24710106","chr6","157247183","157247399","55","132537297"
"chr1","24827031","24827211","chr16","50075717","50075889","49","25248686"
"chr1","25018966","25019113","chr13","36351099","36351261","40","11332133"
"chr1","25052647","25052931","chr19","13146864","13147143","57","11905783"
"chr1","25173645","25173922","chr14","24884402","24884672","8","289243"
"chr1","25485652","25485931","chr14","25188966","25189245","9","296686"
"chr1","25602501","25602692","chr16","36535900","36536092","64","10933399"
"chr1","25658063","25658354","chr14","25350815","25351106","5","307248"
"chr1","25828298","25828438","chr4","162235385","162235519","33","136407087"
"chr1","25828437","25828535","chr12","99753638","99753733","22","73925201"
"chr1","25929435","25929578","chr2","81959215","81959353","36","56029780"
"chr1","26450862","26450985","chr1","163990603","163990729","38","137539741"
"chr1","26451227","26451396","chr3","43726451","43726611","44","17275224"
"chr1","26559640","26559967","chr14","26227867","26228159","48","331773"
"chr1","26748968","26749276","chr14","26408988","26409286","18","339980"
"chr1","27168211","27168333","chr5","8457352","8457475","10","18710859"
"chr1","27169092","27169392","chr14","26818778","26819078","11","350314"
"chr1","27220854","27221164","chr14","26886489","26886797","6","334365"
"chr1","27404260","27404386","chr14","27059419","27059545","1","344841"
"chr1","27593210","27593432","chr14","27259464","27259686","12","333746"
"chr1","27620983","27621145","chr14","27294793","27294958","5","326190"
"chr1","27809437","27809589","chr14","27485790","27485942","2","323647"
"chr1","28036259","28036536","chr14","27704540","27704837","41","331719"
"chr1","28036543","28036687","chr1","192942459","192942607","28","164905916"
"chr1","28040772","28040908","chr14","27708782","27708918","2","331990"
"chr1","28046122","28046409","chr14","27714149","27714468","40","331973"
"chr1","28048045","28048173","chr2","143754075","143754200","24","115706030"
"chr1","28060414","28060719","chr14","27728311","27728625","28","332103"
"chr1","28075570","28075834","chr13","27403471","27403729","54","672099"
"chr1","28143362","28143531","chr19","27961412","27961569","46","181950"
"chr1","28230516","28230676","chr3","45464941","45465102","30","17234425"
"chr1","28494470","28494730","chr14","28137943","28138208","14","356527"
"chr1","28521397","28521679","chr14","28169128","28169390","30","352269"
"chr1","28742557","28742869","chr14","28375235","28375537","21","367322"
"chr1","28869819","28869972","chr14","28499303","28499456","4","370516"
"chr1","28920782","28920941","chr14","28550183","28550342","8","370599"
"chr1","29026102","29026376","chr14","28649946","28650254","43","376156"
"chr1","29027440","29027570","chr11","49083937","49084065","20","20056497"
"chr1","29027619","29027914","chr14","28651319","28651636","25","376300"
"chr1","29028327","29028548","chr18","43134114","43134342","68","14105787"
"chr1","29053033","29053338","chr14","101086205","101086505","66","72033172"
"chr1","29070622","29070934","chr14","28691393","28691702","10","379229"
"chr1","29164414","29164534","chr14","28780822","28780943","5","383592"
"chr1","29356638","29356931","chr9","69437680","69437976","55","40081042"
"chr1","29376524","29376795","chr14","28990735","28991004","12","385789"
"chr1","29406963","29407083","chr14","29020323","29020443","0","386640"
"chr1","29428030","29428208","chr2","173711164","173711330","48","144283134"
"chr1","29533223","29533511","chr14","29145975","29146257","12","387248"
"chr1","29569447","29569533","chr14","29176682","29176768","1","392765"
"chr1","29627642","29627774","chr14","29233580","29233703","13","394062"
"chr1","29648749","29649035","chr14","29254496","29254782","6","394253"
"chr1","29879221","29879347","chr14","29478726","29478852","1","400495"
"chr1","30269513","30269814","chr14","29867573","29867870","12","401940"
"chr1","30342585","30342870","chr14","29941221","29941506","11","401364"
"chr1","30388257","30388422","chr14","29995971","29996131","9","392286"
"chr1","30394040","30394233","chr5","154506626","154506809","47","124112586"
"chr1","30419800","30420029","chr14","30026001","30026230","6","393799"
"chr1","30518690","30518983","chr14","30120793","30121085","7","397897"
"chr1","30805693","30805987","chr14","30399981","30400280","9","405712"
"chr1","30861443","30861741","chr14","30455763","30456060","12","405680"
"chr1","30897687","30897990","chr14","30485704","30486009","11","411983"
"chr1","30911839","30912160","chr14","30498787","30499103","11","413052"
"chr1","30965490","30965788","chr14","30552017","30552315","7","413473"
"chr1","30971378","30971547","chrX","138578420","138578584","30","107607042"
"chr1","30988534","30988662","chr15","9686918","9687043","22","21301616"
"chr1","30995566","30995839","chr14","30582587","30582859","13","412979"
"chr1","31009913","31010232","chr9","35073765","35074063","72","4063852"
"chr1","31018103","31018248","chr14","30605132","30605277","2","412971"
"chr1","31028966","31029173","chr13","28789639","28789847","41","2239327"
"chr1","31029184","31029396","chr13","54796592","54796804","52","23767408"
"chr1","31035057","31035386","chr14","30621415","30621731","17","413642"
"chr1","31043661","31043939","chr14","30630953","30631234","10","412708"
"chr1","31094598","31094756","chr14","30680962","30681121","2","413636"
"chr1","31128729","31128852","chr11","115156201","115156326","18","84027472"
"chr1","31178420","31178669","chr14","30763864","30764153","46","414556"
"chr1","31178753","31178894","chr3","33499818","33499956","38","2321065"
"chr1","31180241","31180387","chr10","26845851","26845996","36","4334390"
"chr1","31188087","31188399","chr14","30770771","30771083","5","417316"
"chr1","31214529","31214686","chr1","219063570","219063724","31","187849041"
"chr1","31328346","31328482","chr14","30915394","30915523","10","412952"
"chr1","31370358","31370509","chr14","30957638","30957781","16","412720"
"chr1","31376948","31377179","chrX","37673645","37673879","60","6296697"
"chr1","31424983","31425177","chr11","122001349","122001535","64","90576366"
"chr1","31425210","31425344","chr3","44980270","44980402","26","13555060"
"chr1","31425681","31425853","chr3","38426461","38426617","45","7000780"
"chr1","31479932","31480274","chr9","60687757","60688100","104","29207825"
"chr1","31526507","31526806","chr11","116519123","116519427","58","84992616"
"chr1","31534687","31534977","chr14","31121377","31121674","13","413310"
"chr1","31631326","31631493","chr14","31208002","31208169","6","423324"
"chr1","31736629","31736917","chr14","31311720","31312008","4","424909"
"chr1","31737239","31737499","chr14","31312330","31312622","43","424909"
"chr1","31737512","31737754","chr20","5194495","5194734","69","26543017"
"chr1","31742283","31742414","chr14","31316655","31316786","8","425628"
"chr1","31767351","31767655","chr14","31340623","31340917","16","426728"
"chr1","31774111","31774432","chr4","149894398","149894711","88","118120287"
"chr1","31821801","31822122","chr14","31393615","31393927","18","428186"
"chr1","31872191","31872473","chr14","31442483","31442762","8","429708"
"chr1","31984275","31984396","chr14","31552394","31552515","2","431881"
"chr1","31985819","31986057","chr14","31553937","31554189","16","431882"
"chr1","31993494","31993682","chr14","31561610","31561799","10","431884"
"chr1","32001006","32001166","chr14","31572904","31573067","4","428102"
"chr1","32028135","32028422","chr17","19330893","19331177","61","12697242"
"chr1","32033104","32033156","chr11","47490097","47490151","9","15456993"
"chr1","32036566","32036881","chr14","31652542","31652860","11","384024"
"chr1","32067481","32067591","chr14","31683606","31683716","4","383875"
"chr1","32088920","32089025","chr14","31705510","31705613","4","383410"
"chr1","32119224","32119513","chr14","31736156","31736449","13","383068"
"chr1","32122735","32123036","chr14","31739671","31739971","7","383064"
"chr1","32144028","32144308","chr14","31788408","31788691","8","355620"
"chr1","32239998","32240278","chr14","31885473","31885749","11","354525"
"chr1","32241931","32242034","chr14","31887396","31887503","5","354535"
"chr1","32260079","32260385","chr14","31906438","31906747","8","353641"
"chr1","32266719","32267005","chr14","31913118","31913405","9","353601"
"chr1","32277027","32277225","chr14","31923438","31923646","16","353589"
"chr1","32288187","32288431","chr14","31934790","31935035","5","353397"
"chr1","32293709","32293850","chr14","31940146","31940287","1","353563"
"chr1","32314275","32314536","chr7","38649905","38650168","53","6335630"
"chr1","32315370","32315654","chr14","31962152","31962435","3","353218"
"chr1","32340156","32340462","chr14","31987190","31987506","15","352966"
"chr1","32342741","32343039","chr14","31989782","31990080","7","352959"
"chr1","32427914","32428072","chr14","32074711","32074869","6","353203"
"chr1","32436748","32437043","chr14","32083545","32083838","11","353203"
"chr1","32439682","32439989","chr14","32086481","32086788","3","353201"
"chr1","32483930","32484213","chr14","32131819","32132102","9","352111"
"chr1","32506717","32506970","chr14","32154401","32154654","8","352316"
"chr1","32510417","32510697","chr18","18178882","18179160","64","14331535"
"chr1","32519211","32519506","chr14","32167305","32167617","21","351906"
"chr1","32540504","32540787","chr14","32182854","32183137","8","357650"
"chr1","32657180","32657467","chr14","32297364","32297649","11","359816"
"chr1","32784102","32784250","chr3","44646579","44646728","36","11862477"
"chr1","32784279","32784394","chr13","116495251","116495365","19","83710972"
"chr1","32787052","32787353","chr14","32429464","32429765","7","357588"
"chr1","32899310","32899574","chr11","91433805","91434074","59","58534495"
"chr1","32902038","32902248","chr15","42297515","42297731","52","9395477"
"chr1","33006575","33006871","chr14","32642268","32642565","12","364307"
"chr1","33010502","33010632","chr14","32646209","32646339","5","364293"
"chr1","33088691","33088967","chr14","32725168","32725432","20","363523"
"chr1","33168262","33168438","chr14","32804966","32805131","17","363296"
"chr1","33182492","33182806","chr14","32819206","32819510","17","363286"
"chr1","33209174","33209455","chr14","32845993","32846274","6","363181"
"chr1","33311832","33311968","chr20","28232278","28232409","28","5079554"
"chr1","33312274","33312438","chr1","138524065","138524229","37","105211791"
"chr1","33360293","33360599","chr14","32998542","32998848","4","361751"
"chr1","33372503","33372776","chr11","112202844","112203121","69","78830341"
"chr1","33425536","33425655","chr14","33064028","33064147","2","361508"
"chr1","33433781","33433959","chr14","33072305","33072483","4","361476"
"chr1","33476469","33476772","chr14","33115253","33115556","1","361216"
"chr1","33495556","33495705","chr14","33134404","33134553","2","361152"
"chr1","33608999","33609184","chr14","33246315","33246500","0","362684"
"chr1","33674322","33674611","chr14","33309333","33309622","3","364989"
"chr1","33731210","33731365","chr14","33365464","33365618","3","365746"
"chr1","33807631","33807777","chr1","8975618","8975762","28","24832013"
"chr1","33841850","33842121","chr14","33487535","33487812","12","354315"
"chr1","33860223","33860350","chr5","36815376","36815499","24","2955153"
"chr1","33943093","33943368","chr14","33593848","33594132","10","349245"
"chr1","34174353","34174647","chr14","33833616","33833909","7","340737"
"chr1","34195445","34195735","chr14","33854679","33854968","7","340766"
"chr1","34362688","34362833","chr14","34022103","34022248","3","340585"
"chr1","34392316","34392562","chr14","34051419","34051665","5","340897"
"chr1","34551102","34551403","chr14","34208894","34209195","5","342208"
"chr1","34628063","34628355","chr14","34288874","34289181","21","339189"
"chr1","35111290","35111462","chr14","34783102","34783262","16","328188"
"chr1","35290054","35290177","chr14","34967620","34967743","4","322434"
"chr1","35494375","35494644","chr14","35179657","35179927","9","314718"
"chr1","35662624","35662921","chr18","53624681","53624980","81","17962057"
"chr1","36179787","36180052","chr14","35897289","35897554","4","282498"
"chr1","36185806","36186082","chr14","35903312","35903588","8","282494"
"chr1","36528788","36528915","chr14","36251571","36251698","3","277217"
"chr1","36795578","36795860","chr14","36533121","36533403","1","262457"
"chr1","36893515","36893796","chr14","36637197","36637474","11","256318"
"chr1","36933355","36933669","chr14","36677532","36677806","52","255823"
"chr1","36994611","36994779","chr14","36739563","36739749","20","255048"
"chr1","37163235","37163366","chr14","36912842","36912973","11","250393"
"chr1","37361194","37361506","chr14","37115365","37115676","8","245829"
"chr1","37415859","37416129","chr14","37169643","37169916","10","246216"
"chr1","37441154","37441426","chr14","37197931","37198200","8","243223"
"chr1","37489507","37489634","chr7","137532073","137532197","23","100042566"
"chr1","37516772","37517082","chr14","37273396","37273706","3","243376"
"chr1","37650941","37651133","chr14","37413235","37413432","11","237706"
"chr1","37653239","37653361","chr14","37415537","37415659","5","237702"
"chr1","37656493","37656780","chr14","37418967","37419254","13","237526"
"chr1","37681392","37681640","JH682036","182966","183200","65","37498426"
"chr1","37731891","37732210","chr14","37493274","37493586","19","238617"
"chr1","37767717","37767923","chr14","37528750","37528955","4","238967"
"chr1","37888234","37888527","chr14","37650383","37650659","37","237851"
"chr1","37924342","37924639","chr4","84750658","84750949","53","46826316"
"chr1","37942567","37942835","chr14","37705245","37705484","41","237322"
"chr1","38183234","38183536","chr14","37960342","37960650","11","222892"
"chr1","38228699","38228999","chr14","38005551","38005851","6","223148"
"chr1","38294133","38294231","chr6","150262661","150262759","23","111968528"
"chr1","38600739","38601043","chr14","38381384","38381685","7","219355"
"chr1","38613686","38614005","chr14","38394316","38394627","21","219370"
"chr1","38644595","38644904","chr9","7715302","7715599","66","30929293"
"chr1","38998709","38999005","chr14","38788543","38788845","11","210166"
"chr1","39052063","39052195","chr14","38845443","38845575","4","206620"
"chr1","39197482","39197784","chr15","98041136","98041442","60","58843654"
"chr1","39441562","39441782","chr3","155652924","155653159","55","116211362"
"chr1","39550270","39550576","chr14","39384096","39384381","37","166174"
"chr1","39610098","39610402","chr6","42299250","42299556","65","2689152"
"chr1","39635927","39636214","chr14","39465296","39465583","8","170631"
"chr1","39711768","39712063","chr14","39535135","39535430","7","176633"
"chr1","39800207","39800493","chr13","19165113","19165392","72","20635094"
"chr1","40209864","40209999","chr14","40047726","40047859","3","162138"
"chr1","40263832","40264103","chr14","40101233","40101508","12","162599"
"chr1","40712780","40713118","chr14","41145933","41146253","28","433153"
"chr1","40784701","40784830","chr9","3763865","3763991","30","37020836"
"chr1","40803899","40804177","chr14","41049276","41049536","30","245377"
"chr1","40929088","40929189","chr14","40914576","40914684","7","14512"
"chr1","41032245","41032349","chr14","40806023","40806129","3","226222"
"chr1","41551045","41551380","chr14","41381477","41381820","30","169568"
"chr1","41705283","41705543","chr14","41538344","41538609","19","166939"
"chr1","41712833","41712991","chr14","41545148","41545332","31","167685"
"chr1","41955800","41956116","chr14","41784671","41784987","9","171129"
"chr1","41956394","41956711","chr14","41785302","41785606","21","171092"
"chr1","41994621","41994900","chr14","41823969","41824247","10","170652"
"chr1","42074274","42074405","chrX","59937006","59937125","27","17862732"
"chr1","42098356","42098518","chr19","48925399","48925561","38","6827043"
"chr1","42098558","42098680","chr14","97405238","97405361","26","55306680"
"chr1","42103264","42103395","chr4","108003689","108003818","25","65900425"
"chr1","42288645","42288918","chr14","63770094","63770375","62","21481449"
"chr1","42355927","42356226","chr14","42186132","42186403","32","169795"
"chr1","42743762","42744048","chr14","42567982","42568268","4","175780"
"chr1","42782697","42782922","chr7","47948237","47948456","69","5165540"
"chr1","42795253","42795391","chr8","139222689","139222821","39","96427436"
"chr1","42795417","42795595","chr3","49879060","49879215","57","7083643"
"chr1","43132391","43132672","chr14","42985672","42985913","50","146719"
"chr1","43134735","43134861","chr14","42987583","42987709","6","147152"
"chr1","43354317","43354628","chr14","43239398","43239696","25","114919"
"chr1","43537867","43538179","chr14","43426317","43426637","21","111550"
"chr1","43741453","43741764","chr16","69742060","69742362","56","26000607"
"chr1","43999202","43999507","chr14","43892000","43892304","7","107202"
"chr1","44037546","44037842","chr14","43931111","43931426","26","106435"
"chr1","44121875","44122191","chr14","44015660","44015974","9","106215"
"chr1","44262384","44262671","chr14","44159473","44159760","8","102911"
"chr1","44320823","44320961","chr14","44217638","44217776","5","103185"
"chr1","44328982","44329266","chr14","44226451","44226733","11","102531"
"chr1","44365335","44365548","chr5","154506626","154506809","65","110141291"
"chr1","44389753","44389924","chr14","44287092","44287263","3","102661"
"chr1","44438280","44438559","chr14","44336195","44336472","6","102085"
"chr1","44465022","44465332","chr14","44365340","44365648","10","99682"
"chr1","44479309","44479605","chr14","44379770","44380070","10","99539"
"chr1","44496074","44496372","chr14","44393627","44393925","7","102447"
"chr1","44560044","44560342","chr14","44451356","44451654","3","108688"
"chr1","44564012","44564148","chr2","65864891","65865027","31","21300879"
"chr1","44583841","44584150","chr14","44478039","44478346","8","105802"
"chr1","44630844","44631068","chr7","40163304","40163515","52","4467540"
"chr1","44704929","44705218","chr6","38001858","38002141","56","6703071"
"chr1","44737161","44737463","chr14","44631162","44631468","11","105999"
"chr1","44812468","44812677","chr14","44706495","44706707","22","105973"
"chr1","44892827","44893136","chr16","69742060","69742362","64","24849233"
"chr1","44894799","44895108","chr14","44787922","44788232","5","106877"
"chr1","44923417","44923696","chrX","16961555","16961838","64","27961862"
"chr1","45035104","45035372","chr14","44925868","44926136","5","109236"
"chr1","45122820","45123151","chr14","45013603","45013893","51","109217"
"chr1","45202804","45202918","chr14","45093527","45093644","6","109277"
"chr1","45218050","45218332","chr14","45108741","45109083","68","109309"
"chr1","45282695","45282846","chr14","45175168","45175319","4","107527"
"chr1","45453482","45453600","chr15","78414283","78414399","22","32960801"
"chr1","45453630","45453812","chr3","46023413","46023578","44","569783"
"chr1","45666510","45666595","chr5","175536878","175536962","20","129870368"
"chr1","45666621","45666798","chr7","41292768","41292947","37","4373853"
"chr1","45703288","45703616","chr14","45598368","45598691","8","104920"
"chr1","45745458","45745624","chr14","45641125","45641291","4","104333"
"chr1","45800716","45801016","chr14","45696553","45696854","4","104163"
"chr1","45856189","45856343","chr5","20009802","20009960","37","25846387"
"chr1","45856856","45856997","chr14","97689298","97689429","29","51832442"
"chr1","45904855","45905223","chr5","35891396","35891739","106","10013459"
"chr1","46189765","46189898","chr5","74519379","74519510","21","28329614"
"chr1","46267847","46267976","chr14","46229775","46229903","5","38072"
"chr1","46300643","46300931","chr14","46265390","46265678","11","35253"
"chr1","46301057","46301368","chr14","46265800","46266105","14","35257"
"chr1","46307711","46307913","chr14","46274011","46274213","4","33700"
"chr1","46324518","46324787","chr14","46290599","46290868","10","33919"
"chr1","46335167","46335328","chr14","46301243","46301404","10","33924"
"chr1","46358596","46358885","chr14","46324706","46324994","5","33890"
"chr1","46442654","46442776","chr14","46412611","46412733","1","30043"
"chr1","46470626","46470679","chr3","39516748","39516801","9","6953878"
"chr1","46470991","46471139","chr3","44195508","44195639","40","2275483"
"chr1","46507024","46507277","chr10","69536080","69536332","58","23029056"
"chr1","46511892","46511974","chr8","97058911","97058981","23","50547019"
"chr1","46520204","46520405","chr2","85594158","85594349","50","39073954"
"chr1","46537145","46537444","chr14","46512739","46513035","8","24406"
"chr1","46547904","46548220","chr14","46522822","46523140","10","25082"
"chr1","46549334","46549459","chr14","46524246","46524371","0","25088"
"chr1","46559512","46559813","chr7","65132163","65132472","62","18572651"
"chr1","46573092","46573382","chr8","83858939","83859233","73","37285847"
"chr1","46587216","46587383","chr14","46567747","46567914","5","19469"
"chr1","46597654","46597946","chr14","46578771","46579054","15","18883"
"chr1","46610180","46610442","chr14","46591895","46592155","9","18285"
"chr1","46628917","46629221","chr14","46610326","46610554","81","18591"
"chr1","46633692","46633840","chr14","46615013","46615161","3","18679"
"chr1","46650956","46651224","chr14","46633169","46633443","15","17787"
"chr1","46654910","46655009","chr4","26561662","26561748","39","20093248"
"chr1","46655053","46655143","chr14","46637263","46637351","2","17790"
"chr1","46680143","46680416","chr14","46666231","46666506","5","13912"
"chr1","46708244","46708524","chr14","46692386","46692673","10","15858"
"chr1","46709582","46709876","chr14","46693724","46694019","6","15858"
"chr1","46748271","46748565","chr14","46731865","46732163","8","16406"
"chr1","46847475","46847767","chr14","46865677","46865969","2","18202"
"chr1","46875596","46875689","chr13","76109254","76109339","25","29233658"
"chr1","46884818","46885096","chr14","46903160","46903442","12","18342"
"chr1","46890711","46890850","chr3","3746291","3746428","27","43144420"
"chr1","46897913","46898108","chr10","33080999","33081193","47","13816914"
"chr1","46898176","46898326","chr7","138339375","138339524","27","91441199"
"chr1","46901482","46901643","chr14","46919445","46919605","6","17963"
"chr1","46924859","46925090","chr14","46942796","46943027","3","17937"
"chr1","46938121","46938444","chr14","46955970","46956289","16","17849"
"chr1","47001360","47001668","chr14","47019167","47019475","23","17807"
"chr1","47029366","47029526","chr14","47048849","47049009","6","19483"
"chr1","47082193","47082319","chr14","47105617","47105743","3","23424"
"chr1","47158112","47158399","chr11","44586263","44586545","64","2571849"
"chr1","47553873","47554141","chr14","47576528","47576800","7","22655"
"chr1","47561583","47561787","chr14","47584209","47584383","31","22626"
"chr1","47590887","47591200","chr14","47613470","47613770","24","22583"
"chr1","47608929","47609061","chr1","54427641","54427773","22","6818712"
"chr1","47614800","47615105","chr14","47629389","47629710","19","14589"
"chr1","47615477","47615785","chr14","47630055","47630370","13","14578"
"chr1","47648592","47648712","chr14","47663080","47663200","1","14488"
"chr1","47664528","47664823","chr14","47679349","47679646","7","14821"
"chr1","47687355","47687670","chr14","47702079","47702391","9","14724"
"chr1","47703614","47703908","chr14","47723114","47723408","17","19500"
"chr1","47733106","47733428","chr8","68776109","68776419","61","21043003"
"chr1","47739494","47739750","chr14","47754053","47754309","7","14559"
"chr1","47750424","47750698","chr14","47765692","47765966","6","15268"
"chr1","47764149","47764267","chr14","47779402","47779501","20","15253"
"chr1","47782113","47782410","chr14","47798257","47798553","6","16144"
"chr1","47789495","47789616","chr14","47805936","47806049","11","16441"
"chr1","47808106","47808417","chr14","47824081","47824384","13","15975"
"chr1","47809931","47810021","chr18","24592519","24592604","25","23217412"
"chr1","47829656","47829799","chr8","121627178","121627323","32","73797522"
"chr1","47830093","47830266","chr5","56057119","56057294","33","8227026"
"chr1","47848232","47848530","chr19","28473075","28473382","67","19375157"
"chr1","47852025","47852177","chr14","47867216","47867363","6","15191"
"chr1","47856284","47856609","chr14","47871477","47871802","4","15193"
"chr1","47880512","47880719","chr14","47896406","47896616","6","15894"
"chr1","47921184","47921456","chr14","47934420","47934692","8","13236"
"chr1","47923898","47924213","chr14","47937078","47937389","7","13180"
"chr1","47931193","47931497","chr14","66578143","66578448","61","18646950"
"chr1","48043910","48044195","chr14","48060099","48060384","5","16189"
"chr1","48054592","48054909","chr14","48071196","48071521","14","16604"
"chr1","48071279","48071530","chr14","48088651","48088853","51","17372"
"chr1","48115118","48115429","chr14","48132971","48133279","9","17853"
"chr1","48150307","48150458","chr14","48168400","48168552","2","18093"
"chr1","48188115","48188358","chr14","48206099","48206342","2","17984"
"chr1","48253707","48253977","chr14","48266648","48266916","5","12941"
"chr1","48275749","48276042","chr14","48295837","48296129","6","20088"
"chr1","48283961","48284095","chr14","48304058","48304188","5","20097"
"chr1","48314268","48314338","chr13","46404557","46404620","16","1909711"
"chr1","48369837","48370014","chr14","48394994","48395171","2","25157"
"chr1","48384276","48384399","chr14","48409813","48409937","4","25537"
"chr1","48479227","48479510","chr14","48508925","48509208","3","29698"
"chr1","48607486","48607794","chr14","17725874","17726179","60","30881612"
"chr1","48759663","48759838","chr14","48797737","48797912","2","38074"
"chr1","48769623","48769923","chr11","47398663","47398965","57","1370960"
"chr1","48790957","48791283","chr14","48829064","48829391","9","38107"
"chr1","49393662","49393783","chr12","94373386","94373505","15","44979724"
"chr1","49750214","49750330","chr11","129803273","129803389","17","80053059"
"chr1","49750373","49750541","chr7","43295160","43295316","37","6455213"
"chr1","49886166","49886289","chr18","13750418","13750542","15","36135748"
"chr1","50005299","50005593","chr14","50068096","50068398","25","62797"
"chr1","50105390","50105570","chr1","213602573","213602748","38","163497183"
"chr1","50105606","50105639","chr14","46636934","46636967","6","3468672"
"chr1","50208113","50208306","chr9","22928764","22928943","60","27279349"
"chr1","50270562","50270860","chr14","50346147","50346444","4","75585"
"chr1","50331728","50332031","chr19","16304922","16305219","59","34026806"
"chr1","50350307","50350470","chr16","2324929","2325095","43","48025378"
"chr1","50362718","50363006","chr14","50439599","50439887","4","76881"
"chr1","50374886","50375193","chr14","50451478","50451785","10","76592"
"chr1","50395709","50395858","chr9","120372604","120372763","34","69976895"
"chr1","50437326","50437619","chr14","50516771","50517061","8","79445"
"chr1","50492279","50492408","chr14","50569330","50569459","1","77051"
"chr1","50555861","50556017","chr14","50632207","50632369","8","76346"
"chr1","50556851","50557164","chr14","50633202","50633519","8","76351"
"chr1","50569505","50569788","chr14","50645533","50645820","17","76028"
"chr1","50580157","50580436","chr14","50656200","50656481","9","76043"
"chr1","50585584","50585770","chr14","50661637","50661831","11","76053"
"chr1","50608447","50608723","chr14","50684994","50685275","9","76547"
"chr1","50637308","50637581","chr14","50718238","50718512","3","80930"
"chr1","50648924","50649226","chr14","50729816","50730118","7","80892"
"chr1","50745359","50745662","chr2","100150833","100151135","57","49405474"
"chr1","50758962","50759038","chr14","50846884","50846960","0","87922"
"chr1","50810178","50810491","chr14","50898209","50898520","5","88031"
"chr1","50832287","50832598","chr12","99813610","99813921","59","48981323"
"chr1","50860844","50860998","chr3","154629469","154629627","26","103768625"
"chr1","50994753","50994902","chr14","51086945","51087087","8","92192"
"chr1","51041123","51041424","chr14","51133678","51133976","13","92555"
"chr1","51261482","51261763","chr14","51356252","51356533","3","94770"
"chr1","51298588","51298790","chr14","51392152","51392355","4","93564"
"chr1","51324061","51324353","chr14","51418860","51419168","23","94799"
"chr1","51348382","51348688","chr14","51448542","51448846","7","100160"
"chr1","51407583","51407902","chr15","96894313","96894623","73","45486730"
"chr1","51470599","51470884","chr14","51570536","51570820","7","99937"
"chr1","51601571","51601856","chr14","51702162","51702434","23","100591"
"chr1","51643777","51643926","chr14","51744814","51744964","4","101037"
"chr1","51653412","51653720","chr14","51754484","51754772","33","101072"
"chr1","51676473","51676748","chr14","51777631","51777906","5","101158"
"chr1","51725162","51725495","chr20","60386350","60386676","82","8661188"
"chr1","51857782","51858089","chr14","51956952","51957250","10","99170"
"chr1","51912900","51913184","chr6","164432235","164432496","64","112519335"
"chr1","51921425","51921718","chr14","52022631","52022930","15","101206"
"chr1","51937898","51938187","chr14","52038968","52039257","7","101070"
"chr1","51941456","51941744","chr14","52042521","52042815","18","101065"
"chr1","51986620","51986928","chr14","52088560","52088867","8","101940"
"chr1","52087937","52088233","chr14","52189579","52189875","3","101642"
"chr1","52107126","52107398","chr14","52209054","52209326","3","101928"
"chr1","52210655","52210945","chr14","76802791","76803075","55","24592136"
"chr1","52243762","52243923","chr14","52342985","52343148","6","99223"
"chr1","52250105","52250332","chr14","52349347","52349577","7","99242"
"chr1","52271435","52271599","chr14","52370807","52370971","4","99372"
"chr1","52300811","52301093","chr14","52401118","52401395","10","100307"
"chr1","52439850","52439934","chr14","52540886","52540970","0","101036"
"chr1","52462047","52462335","chr14","52563496","52563785","11","101449"
"chr1","52463635","52463691","chr14","52565085","52565141","0","101450"
"chr1","52527134","52527448","chr14","52632973","52633288","3","105839"
"chr1","52531280","52531547","chr14","52637111","52637378","5","105831"
"chr1","52588767","52588925","chr14","52694412","52694572","3","105645"
"chr1","52718388","52718518","chr14","52824176","52824304","2","105788"
"chr1","52746013","52746187","chr14","52852291","52852459","7","106278"
"chr1","52769784","52770037","chr9","60569619","60569873","67","7799835"
"chr1","52776874","52777023","chr14","52883451","52883615","24","106577"
"chr1","52780881","52781175","chr14","52887440","52887737","5","106559"
"chr1","52787625","52787927","chr19","12169551","12169851","59","40618074"
"chr1","52885676","52885957","chr14","52993226","52993508","9","107550"
"chr1","52938037","52938338","chr14","53045725","53046033","13","107688"
"chr1","52981031","52981150","chr14","53088357","53088476","1","107326"
"chr1","53066701","53066996","chr14","53174106","53174402","7","107405"
"chr1","53109302","53109453","chr14","53216897","53217057","9","107595"
"chr1","53170995","53171156","chr14","53286915","53287076","5","115920"
"chr1","53174414","53174695","chr14","53290334","53290596","23","115920"
"chr1","53401362","53401670","chr14","53524513","53524821","10","123151"
"chr1","53421694","53421948","chr14","53543289","53543543","10","121595"
"chr1","53794088","53794261","chr14","53926701","53926874","5","132613"
"chr1","53821370","53821534","chr14","53954237","53954402","3","132867"
"chr1","53825253","53825561","chr14","53958150","53958459","9","132897"
"chr1","53836562","53836682","chr14","53969469","53969589","3","132907"
"chr1","53868954","53869241","chr14","54004118","54004405","3","135164"
"chr1","53893257","53893378","chr9","27458996","27459121","27","26434261"
"chr1","53893416","53893529","chr4","81926746","81926857","18","28033330"
"chr1","53909748","53909927","chr14","54051582","54051734","28","141834"
"chr1","53979797","53980096","chr14","54124547","54124864","32","144750"
"chr1","54070256","54070542","chr14","54214731","54215016","1","144475"
"chr1","54080208","54080357","chr14","54224680","54224829","4","144472"
"chr1","54087829","54087993","chr14","54232271","54232440","12","144442"
"chr1","54100484","54100769","chr14","54239437","54239721","16","138953"
"chr1","54187095","54187371","chr14","54326694","54327006","41","139599"
"chr1","54290289","54290421","chr14","54428801","54428933","3","138512"
"chr1","54479570","54479707","chr14","54622457","54622596","5","142887"
"chr1","54494089","54494392","chr14","54637222","54637521","6","143133"
"chr1","54510337","54510599","chr14","54655040","54655302","7","144703"
"chr1","54514537","54514693","chr14","54659231","54659387","0","144694"
"chr1","54538938","54538956","chr20","49182636","49182649","5","5356302"
"chr1","54564511","54564669","chr3","84830259","84830419","34","30265748"
"chr1","54564968","54565000","chr7","123958073","123958105","8","69393105"
"chr1","54565227","54565358","chr1","135097790","135097920","24","80532563"
"chr1","54619553","54619633","chr8","36419858","36419936","18","18199695"
"chr1","54693984","54694266","chr14","54844282","54844567","7","150298"
"chr1","54745028","54745300","chr2","50678937","50679211","69","4066091"
"chr1","54784244","54784536","chr14","54932577","54932869","2","148333"
"chr1","54789519","54789816","chr14","54937850","54938147","7","148331"
"chr1","54804818","54805103","chr14","54953424","54953709","4","148606"
"chr1","54839003","54839200","chr14","54987780","54987978","6","148777"
"chr1","54851840","54852111","chr14","55000870","55001173","36","149030"
"chr1","54856215","54856400","chr14","103257710","103257870","57","48401495"
"chr1","54874402","54874574","chr3","83453266","83453438","40","28578864"
"chr1","54932551","54932719","chr19","5517456","5517621","36","49415095"
"chr1","54933025","54933161","chr5","33425687","33425822","24","21507338"
"chr1","54994067","54994190","chr14","55141394","55141517","1","147327"
"chr1","55053637","55053922","chr14","55201800","55202090","5","148163"
"chr1","55086466","55086753","chr14","55235896","55236195","37","149430"
"chr1","55114546","55114856","chr2","89739110","89739420","56","34624564"
"chr1","55148137","55148425","chr14","55296874","55297179","21","148737"
"chr1","55165697","55165858","chr12","37986807","37986965","29","17178890"
"chr1","55185257","55185378","chr14","55336966","55337094","9","151709"
"chr1","55195058","55195223","chr14","55346687","55346852","2","151629"
"chr1","55211815","55211916","chr14","55365337","55365438","1","153522"
"chr1","55220450","55220756","chr14","55373987","55374286","19","153537"
"chr1","55227075","55227329","chr2","86331386","86331671","40","31104311"
"chr1","55259527","55259796","chr14","55408694","55408960","10","149167"
"chr1","55277114","55277259","chr7","42742260","42742396","29","12534854"
"chr1","55277566","55277738","chr4","43464272","43464440","33","11813294"
"chr1","55291230","55291506","chr14","55438589","55438875","18","147359"
"chr1","55349825","55349945","chr8","110127962","110128092","35","54778137"
"chr1","55415208","55415463","chr14","55569172","55569420","12","153964"
"chr1","55416214","55416341","chr14","55570182","55570309","0","153968"
"chr1","55418110","55418281","chr14","55572078","55572249","5","153968"
"chr1","55426342","55426639","chr4","4674302","4674596","59","50752040"
"chr1","55472885","55473070","chr11","108572609","108572797","60","53099724"
"chr1","55473362","55473499","chr10","28113068","28113208","24","27360294"
"chr1","55492505","55492780","chr14","55656481","55656752","11","163976"
"chr1","55504479","55504592","chr1","113559363","113559473","21","58054884"
"chr1","55505186","55505211","chr20","50274213","50274244","10","5230973"
"chr1","55505520","55505673","chr1","217896553","217896692","41","162391033"
"chr1","55573653","55573938","chr14","55733711","55733996","9","160058"
"chr1","55586878","55587160","chrX","140629655","140629941","59","85042777"
"chr1","55594255","55594559","chr14","55755637","55755945","14","161382"
"chr1","55603051","55603298","chr3","47896686","47896923","56","7706365"
"chr1","55620853","55621160","chr11","7107896","7108198","62","48512957"
"chr1","55631820","55632114","chr14","55794182","55794474","9","162362"
"chr1","55634677","55634977","chr14","55797040","55797340","7","162363"
"chr1","55677712","55678017","chr14","55839326","55839628","9","161614"
"chr1","55693472","55693591","chr8","63997023","63997145","19","8303551"
"chr1","55693624","55693802","chr16","71916151","71916323","49","16222527"
"chr1","55701471","55701651","chr3","42608312","42608486","39","13093159"
"chr1","55701698","55701813","chr7","160077512","160077629","18","104375814"
"chr1","55707450","55707723","chr14","55867929","55868196","14","160479"
"chr1","55725021","55725319","chr14","55885192","55885486","12","160171"
"chr1","55730438","55730710","chr14","55890547","55890821","7","160109"
"chr1","55760572","55760879","chr14","55920907","55921214","6","160335"
"chr1","55780731","55781031","chr14","55940838","55941142","10","160107"
"chr1","55784051","55784343","chr3","111611693","111611983","76","55827642"
"chr1","55854397","55854687","chr14","56014443","56014731","14","160046"
"chr1","55862959","55863192","chr14","56023305","56023540","12","160346"
"chr1","55884762","55885083","chr14","56044823","56045147","6","160061"
"chr1","55885870","55886172","chr14","56045932","56046242","15","160062"
"chr1","55916936","55917219","chr14","56076718","56077001","3","159782"
"chr1","55943949","55944255","chr14","56103804","56104110","7","159855"
"chr1","55958012","55958304","chr14","56117898","56118191","8","159886"
"chr1","56009504","56009616","chr14","56168952","56169066","4","159448"
"chr1","56028381","56028562","chr19","27135468","27135639","42","28892913"
"chr1","56029237","56029368","chr14","6774406","6774536","23","49254831"
"chr1","56039510","56039792","chr14","56198195","56198480","6","158685"
"chr1","56057039","56057309","chr7","121569360","121569626","65","65512321"
"chr1","56067287","56067403","chr14","56226394","56226513","4","159107"
"chr1","56100598","56100910","chr14","56260219","56260539","13","159621"
"chr1","56147921","56148207","chr14","56307674","56307960","1","159753"
"chr1","56188447","56188751","chr14","56345628","56345929","9","157181"
"chr1","56189556","56189749","chr14","56346748","56346910","39","157192"
"chr1","56195802","56195904","chr3","34904438","34904544","22","21291364"
"chr1","56203632","56203755","chr14","56360610","56360733","2","156978"
"chr1","56254539","56254835","chr14","56412541","56412843","8","158002"
"chr1","56293294","56293607","chr16","68652004","68652315","62","12358710"
"chr1","56315588","56315891","chr4","101589619","101589923","57","45274031"
"chr1","56386935","56387208","chr14","56497700","56497974","3","110765"
"chr1","56387551","56387830","chr14","56498240","56498522","8","110689"
"chr1","56388444","56388570","chr14","56499135","56499261","0","110691"
"chr1","56429811","56430114","chr14","56540792","56541100","11","110981"
"chr1","56478039","56478344","chr10","84265012","84265321","59","27786973"
"chr1","56525802","56525963","chr1","26628765","26628914","36","29897037"
"chr1","56588442","56588677","chr14","56699569","56699804","5","111127"
"chr1","56591554","56591833","chr14","56702987","56703266","2","111433"
"chr1","56647628","56647887","chr14","56758726","56758980","8","111098"
"chr1","56808279","56808578","chr14","56915568","56915868","4","107289"
"chr1","56826734","56826887","chr14","56935482","56935631","7","108748"
"chr1","56912812","56913096","chr5","71381541","71381818","60","14468729"
"chr1","56930722","56931034","chr10","5783468","5783771","75","51147254"
"chr1","56935443","56935719","chr5","58074065","58074341","58","1138622"
"chr1","57108488","57108632","chr15","368115","368257","30","56740373"
"chr1","57112300","57112392","chr2","160349125","160349215","17","103236825"
"chr1","57134805","57134949","chr14","57031038","57031190","13","103767"
"chr1","57389524","57389681","chr14","57286041","57286198","3","103483"
"chr1","57443056","57443337","chr14","57338710","57338987","7","104346"
"chr1","57609573","57609708","chr14","57521705","57521840","3","87868"
"chr1","57724179","57724283","chr14","57651362","57651482","18","72817"
"chr1","57777329","57777608","chr14","57706880","57707174","21","70449"
"chr1","57872668","57872971","chr14","57804466","57804769","4","68202"
"chr1","57895119","57895280","chr14","57825927","57826091","6","69192"
"chr1","58108566","58108576","chr19","32678666","32678677","4","25429900"
"chr1","58108612","58108893","chr14","58250505","58250783","8","141893"
"chr1","58131436","58131732","chr14","58286649","58286945","5","155213"
"chr1","58247641","58247920","chr14","58406060","58406352","21","158419"
"chr1","58357381","58357547","chr14","58515218","58515384","0","157837"
"chr1","58373195","58373509","chr2","32784888","32785199","65","25588307"
"chr1","58403639","58403768","chr1","28679708","28679840","27","29723931"
"chr1","58476276","58476436","chr14","58636939","58637140","42","160663"
"chr1","58484889","58485006","chr19","27214122","27214242","15","31270767"
"chr1","58676945","58677099","chr8","96638621","96638776","33","37961676"
"chr1","60702822","60702945","chr14","59055791","59055914","10","1647031"
"chr1","60753299","60753425","chr14","59055791","59055914","12","1697508"
"chr1","61012102","61012330","chr1","211571963","211572190","51","150559861"
"chr1","61150284","61150591","chr14","59645265","59645574","9","1505019"
"chr1","61410097","61410239","chr14","59965349","59965491","2","1444748"
"chr1","61415666","61415869","chr14","59970092","59970281","18","1445574"
"chr1","61429179","61429501","chr14","59982249","59982563","38","1446930"
"chr1","61499794","61499961","chr14","60052419","60052586","3","1447375"
"chr1","61574304","61574316","chr6","128359960","128359970","3","66785656"
"chr1","61574342","61574617","chr14","60167050","60167326","7","1407292"
"chr1","61731282","61731458","chr13","9996136","9996309","51","51735146"
"chr1","61909412","61909539","chrX","93590445","93590573","28","31681033"
"chr1","62048972","62049271","chr14","60570345","60570644","8","1478627"
"chr1","62179214","62179364","chr5","4568942","4569090","32","57610272"
"chr1","62214945","62215255","chr14","60743114","60743428","8","1471831"
"chr1","62424855","62425132","chr14","21063536","21063820","58","41361319"
"chr1","62481418","62481710","chr14","61023213","61023501","8","1458205"
"chr1","62563835","62563953","chr14","61108229","61108337","13","1455606"
"chr1","62623042","62623353","chr14","61167641","61167947","9","1455401"
"chr1","62632792","62632873","chr14","61177846","61177927","1","1454946"
"chr1","62637170","62637361","chr14","61181772","61181963","1","1455398"
"chr1","62639001","62639286","chr14","61183601","61183898","21","1455400"
"chr1","62673150","62673414","chr14","61218101","61218400","37","1455049"
"chr1","62731131","62731402","chr14","61275507","61275778","4","1455624"
"chr1","62734714","62734899","chr14","61279087","61279257","19","1455627"
"chr1","62748655","62748968","chr14","61292550","61292863","4","1456105"
"chr1","62754685","62754968","chr1","26133512","26133802","72","36621173"
"chr1","62767561","62767831","chr14","61310928","61311198","2","1456633"
"chr1","62815140","62815399","chr14","61359962","61360224","6","1455178"
"chr1","62837838","62838144","chr1","10978022","10978322","71","51859816"
"chr1","62864172","62864447","chr14","61412232","61412505","4","1451940"
"chr1","62870560","62870852","chr14","61418710","61419008","8","1451850"
"chr1","62876492","62876801","chr14","61424686","61424995","4","1451806"
"chr1","62909621","62909890","chr14","61458126","61458391","7","1451495"
"chr1","62909913","62910079","chr14","61458417","61458581","2","1451496"
"chr1","62984343","62984627","chr6","132797282","132797549","75","69812939"
"chr1","62992022","62992319","chr14","61540786","61541089","18","1451236"
"chr1","62994027","62994330","chr14","61542816","61543118","4","1451211"
"chr1","62994356","62994485","chr14","61543145","61543274","2","1451211"
"chr1","63007489","63007766","chr14","61556439","61556716","3","1451050"
"chr1","63011596","63011716","chr14","61560580","61560700","1","1451016"
"chr1","63052948","63053229","chr14","61602568","61602852","4","1450380"
"chr1","63073527","63073811","chr14","61623406","61623689","7","1450121"
"chr1","63111032","63111339","chr14","61665033","61665340","1","1445999"
"chr1","63113402","63113519","chr13","31587684","31587800","18","31525718"
"chr1","63114346","63114468","chr14","61668358","61668480","1","1445988"
"chr1","63128297","63128454","chr14","61682586","61682743","2","1445711"
"chr1","63147914","63148211","chr14","61702253","61702551","8","1445661"
"chr1","63149629","63149934","chr14","61703964","61704274","12","1445665"
"chr1","63160638","63160775","chr14","61715150","61715286","5","1445488"
"chr1","63166259","63166554","chr9","40978425","40978716","63","22187834"
"chr1","63171729","63172040","chr14","61727132","61727443","7","1444597"
"chr1","63172450","63172748","chr14","61727851","61728167","19","1444599"
"chr1","63193913","63194180","chr11","52169244","52169505","61","11024669"
"chr1","63246890","63247193","chr14","61802987","61803298","12","1443903"
"chr1","63250808","63251125","chr19","11527232","11527534","62","51723576"
"chr1","63257044","63257204","chr14","61813053","61813213","3","1443991"
"chr1","63267348","63267663","chr4","103780277","103780583","56","40512929"
"chr1","63268379","63268689","chr14","61825508","61825821","7","1442871"
"chr1","63278029","63278303","chr14","61835835","61836108","1","1442194"
"chr1","63287956","63288119","chr14","61846043","61846218","14","1441913"
"chr1","63291912","63292048","chr14","61849687","61849821","16","1442225"
"chr1","63342486","63342747","chr10","27102134","27102394","57","36240352"
"chr1","63345120","63345430","chr14","61905106","61905416","6","1440014"
"chr1","63373406","63373698","chr14","64239206","64239498","52","865800"
"chr1","63415571","63415890","chr14","61975312","61975619","19","1440259"
"chr1","63429249","63429332","chr14","61990635","61990718","0","1438614"
"chr1","63469077","63469248","chr14","62031069","62031240","1","1438008"
"chr1","63474494","63474753","chr17","68652209","68652468","62","5177715"
"chr1","63477488","63477746","chr14","62039380","62039624","18","1438108"
"chr1","63478809","63479119","chr4","5107932","5108233","60","58370877"
"chr1","63480332","63480646","chr14","62042536","62042838","15","1437796"
"chr1","63498934","63499222","chr14","62061126","62061410","7","1437808"
"chr1","63505052","63505338","chr14","62068065","62068351","1","1436987"
"chr1","63516645","63516930","chr14","62080356","62080641","3","1436289"
"chr1","63591705","63592000","chr14","62155619","62155914","8","1436086"
"chr1","63622382","63622628","chr14","62187088","62187351","20","1435294"
"chr1","63668371","63668668","chr14","62233256","62233539","19","1435115"
"chr1","63669709","63669949","chr14","62234604","62234844","6","1435105"
"chr1","63704384","63704708","chr14","62269196","62269505","17","1435188"
"chr1","63710531","63710823","chr14","62275178","62275470","2","1435353"
"chr1","63718504","63718803","chr14","62283130","62283436","14","1435374"
"chr1","63926270","63926567","chr14","62488754","62489058","27","1437516"
"chr1","63971108","63971420","chr14","62534157","62534469","10","1436951"
"chr1","63972538","63972832","chr14","62535592","62535886","3","1436946"
"chr1","64092279","64092429","chr14","62656112","62656259","10","1436167"
"chr1","64139925","64140218","chr1","3182307","3182605","56","60957618"
"chr1","64161666","64161828","chr14","62726041","62726185","22","1435625"
"chr1","64169541","64169845","chr9","124749453","124749756","52","60579912"
"chr1","64188536","64188842","chr3","5358985","5359294","58","58829551"
"chr1","64222128","64222418","chr14","62784600","62784886","8","1437528"
"chr1","64249895","64250194","chr14","62813355","62813633","25","1436540"
"chr1","64281502","64281772","chr14","62845706","62845995","23","1435796"
"chr1","64282357","64282657","chr14","62846569","62846865","10","1435788"
"chr1","64305107","64305459","chr9","80667474","80667809","93","16362367"
"chr1","64315361","64315649","chr14","62884294","62884584","15","1431067"
"chr1","64316646","64316949","chr14","62885584","62885886","5","1431062"
"chr1","64342080","64342347","chr14","62911608","62911878","6","1430472"
"chr1","64352352","64352655","chr13","32650023","32650326","68","31702329"
"chr1","64355421","64355666","chr8","7569362","7569621","67","56786059"
"chr1","64362883","64363193","chr20","38637596","38637890","70","25725287"
"chr1","64366650","64366947","chr14","62936250","62936548","9","1430400"
"chr1","64371613","64371784","chr13","117917462","117917623","50","53545849"
"chr1","64402892","64403214","chr10","32616053","32616361","73","31786839"
"chr1","64413463","64413764","chr14","62981440","62981747","10","1432023"
"chr1","64460022","64460306","chr14","63039636","63039920","4","1420386"
"chr1","64497863","64498032","chr16","3930638","3930802","42","60567225"
"chr1","64498071","64498213","chr8","67836179","67836305","42","3338108"
"chr1","64500441","64500705","chr11","6843954","6844221","48","57656487"
"chr1","64513176","64513479","chr14","63092343","63092648","14","1420833"
"chr1","64562942","64563241","chr14","63141768","63142067","3","1421174"
"chr1","64581725","64582011","chr14","63160507","63160793","12","1421218"
"chr1","64630284","64630587","chr14","63209230","63209533","4","1421054"
"chr1","64659317","64659605","chr14","63237943","63238222","15","1421374"
"chr1","64677804","64678095","chr19","3087935","3088217","74","61589869"
"chr1","64685848","64686140","chr14","63264996","63265290","8","1420852"
"chr1","64758820","64759098","chr14","63339092","63339370","4","1419728"
"chr1","64766781","64766934","chr9","113639441","113639586","31","48872660"
"chr1","64788229","64788517","chr13","59591543","59591826","57","5196686"
"chr1","64789980","64790130","chr14","63370308","63370460","6","1419672"
"chr1","64799322","64799620","chr14","63379453","63379751","13","1419869"
"chr1","64803305","64803461","chr14","57286041","57286198","29","7517264"
"chr1","64830039","64830332","chr14","63409400","63409693","1","1420639"
"chr1","64836020","64836266","chr14","63415415","63415660","5","1420605"
"chr1","64837411","64837685","chr14","63416805","63417079","2","1420606"
"chr1","64838656","64838765","chr19","43231125","43231234","26","21607531"
"chr1","64840007","64840280","chrX","107420002","107420277","57","42579995"
"chr1","64860418","64860697","chr14","63440055","63440347","26","1420363"
"chr1","64862514","64862790","chr14","63442765","63443036","9","1419749"
"chr1","64874914","64875217","chr14","63457377","63457679","6","1417537"
"chr1","64878409","64878564","chr8","97944275","97944427","24","33065866"
"chr1","64880421","64880540","chr14","63459999","63460116","5","1420422"
"chr1","64881064","64881373","chr14","63460642","63460947","18","1420422"
"chr1","64888507","64888668","chr8","136357917","136358082","33","71469410"
"chr1","64890884","64891199","chr14","63471149","63471461","11","1419735"
"chr1","64905498","64905806","chr2","77198193","77198497","60","12292695"
"chr1","64946092","64946372","chr2","89872396","89872675","63","24926304"
"chr1","64957953","64958253","chr13","118392627","118392926","56","53434674"
"chr1","64983852","64984151","chr14","63560780","63561070","15","1423072"
"chr1","64993049","64993210","chr14","63570779","63570935","9","1422270"
"chr1","64999597","64999880","chr14","63577499","63577781","10","1422098"
"chr1","65021571","65021853","chr14","63597231","63597520","11","1424340"
"chr1","65032626","65032757","chr2","77035071","77035200","24","12002445"
"chr1","65035266","65035555","chr14","63617753","63618066","33","1417513"
"chr1","65038214","65038335","chr14","63620683","63620809","9","1417531"
"chr1","65048825","65048987","chr9","94707894","94708052","39","29659069"
"chr1","65049284","65049425","chr14","7037585","7037720","29","58011699"
"chr1","65070193","65070488","chr14","63656981","63657276","4","1413212"
"chr1","65082408","65082553","chr4","15132694","15132836","37","49949714"
"chr1","65083506","65083540","chrX","142113732","142113770","11","77030226"
"chr1","65085063","65085359","chr14","63670269","63670565","2","1414794"
"chr1","65088705","65089020","chr14","63674559","63674875","8","1414146"
"chr1","65094194","65094485","chr19","40003632","40003921","55","25090562"
"chr1","65105415","65105706","chr14","63691646","63691937","8","1413769"
"chr1","65141036","65141325","chr14","63727617","63727866","54","1413419"
"chr1","65145696","65145833","chr3","78127239","78127371","34","12981543"
"chr1","65146136","65146274","chr14","46545228","46545359","32","18600908"
"chr1","65159392","65159705","chr14","63747027","63747341","5","1412365"
"chr1","65159942","65160069","chr14","63747578","63747705","2","1412364"
"chr1","65182813","65183096","chr14","63770094","63770375","8","1412719"
"chr1","65231009","65231324","chr14","63817457","63817772","7","1413552"
"chr1","65243156","65243425","chr20","27035169","27035433","66","38207987"
"chr1","65262894","65263183","chr16","31457894","31458186","56","33805000"
"chr1","65265630","65265926","chr14","63856365","63856661","8","1409265"
"chr1","65279146","65279271","chr14","63869942","63870067","2","1409204"
"chr1","65290672","65290816","chr14","63881513","63881660","4","1409159"
"chr1","65322074","65322205","chrX","121473540","121473669","21","56151466"
"chr1","65322508","65322637","chrX","21537190","21537296","39","43785318"
"chr1","65375154","65375453","chr14","63965965","63966264","5","1409189"
"chr1","65405604","65405886","chr14","64004523","64004801","7","1401081"
"chr1","65411814","65412077","chr14","64012516","64012779","8","1399298"
"chr1","65448035","65448332","chr14","64049552","64049849","2","1398483"
"chr1","65456192","65456455","chr9","35022528","35022793","59","30433664"
"chr1","65463503","65463814","chr14","64065546","64065856","6","1397957"
"chr1","65537656","65537944","chr14","64143923","64144208","6","1393733"
"chr1","65557984","65558273","chr1","29624021","29624313","65","35933963"
"chr1","65572236","65572521","chr14","64177247","64177540","11","1394989"
"chr1","65632670","65632965","chr14","64239206","64239498","11","1393464"
"chr1","65647114","65647419","chr14","64254150","64254459","13","1392964"
"chr1","65647508","65647815","chr14","64254548","64254845","12","1392960"
"chr1","65658407","65658547","chr14","64265447","64265587","4","1392960"
"chr1","65670872","65671035","chr2","172689872","172690032","26","107019000"
"chr1","65676696","65676992","chr14","64283136","64283432","4","1393560"
"chr1","65695914","65696225","chr14","64302369","64302671","11","1393545"
"chr1","65764369","65764669","chr14","64372571","64372879","16","1391798"
"chr1","65805840","65805993","chr8","19959540","19959701","39","45846300"
"chr1","65808256","65808542","chr14","64415639","64415926","5","1392617"
"chr1","65812232","65812518","chr14","64419629","64419917","5","1392603"
"chr1","65821238","65821534","chr14","64428367","64428663","3","1392871"
"chr1","65840702","65840998","chr14","64447630","64447926","4","1393072"
"chr1","65844701","65844824","chr14","64451696","64451819","4","1393005"
"chr1","65850734","65850873","chr10","60059265","60059407","35","5791469"
"chr1","65851175","65851264","chr10","35350809","35350895","16","30500366"
"chr1","65931762","65931947","chr14","64538450","64538624","15","1393312"
"chr1","65932274","65932401","chr14","64538970","64539094","5","1393304"
"chr1","65969982","65970271","chr14","64576564","64576862","14","1393418"
"chr1","66031505","66031806","chr14","64638300","64638597","13","1393205"
"chr1","66031933","66032185","chr14","64638722","64638977","12","1393211"
"chr1","66032301","66032561","chrX","7021462","7021721","54","59010839"
"chr1","66043406","66043529","chr19","10776998","10777127","24","55266408"
"chr1","66049539","66049854","chr14","64661130","64661443","7","1388409"
"chr1","66072680","66072973","chr14","64684105","64684397","4","1388575"
"chr1","66132718","66132859","chr14","64747096","64747238","2","1385622"
"chr1","66153372","66153679","chr14","64769963","64770267","9","1383409"
"chr1","66192008","66192306","chr14","64808644","64808955","17","1383364"
"chr1","66232849","66233061","chr3","160581546","160581763","46","94348697"
"chr1","66234296","66234541","chr5","10266246","10266475","69","55968050"
"chr1","66271195","66271338","chr20","24177828","24177968","30","42093367"
"chr1","66313976","66314259","chr14","56307674","56307960","57","10006302"
"chr1","66325618","66325921","chr11","124428933","124429229","62","58103315"
"chr1","66366475","66366763","chr14","64984684","64984980","17","1381791"
"chr1","66371686","66371963","chr7","133755091","133755371","69","67383405"
"chr1","66414024","66414332","chr14","65032530","65032835","9","1381494"
"chr1","66444576","66444706","chr14","65063484","65063614","2","1381092"
"chr1","66474246","66474552","chr14","65095780","65096086","6","1378466"
"chr1","66475409","66475710","chr14","65096943","65097244","8","1378466"
"chr1","66477689","66478007","chr14","65099194","65099508","6","1378495"
"chr1","66553788","66553902","chr14","65172267","65172381","1","1381521"
"chr1","66554003","66554078","chr14","65172482","65172562","5","1381521"
"chr1","66554399","66554465","chr14","65173201","65173267","0","1381198"
"chr1","66556566","66556843","chr14","65175059","65175342","10","1381507"
"chr1","66564941","66565066","chr2","143610328","143610452","21","77045387"
"chr1","66583986","66584304","chr14","65202723","65203038","8","1381263"
"chr1","66587547","66587687","chr19","28554231","28554368","29","38033316"
"chr1","66587976","66588159","chr11","131761877","131762042","42","65173901"
"chr1","66588506","66588630","chr14","65725039","65725163","3","863467"
"chr1","66597730","66597881","chr14","65214256","65214407","2","1383474"
"chr1","66709756","66709897","chr14","65332315","65332456","0","1377441"
"chr1","66719121","66719283","chr14","65342003","65342162","5","1377118"
"chr1","66778329","66778477","chr19","1275202","1275342","38","65503127"
"chr1","66782189","66782479","chr14","65404275","65404538","33","1377914"
"chr1","66897280","66897409","chr14","65520685","65520809","8","1376595"
"chr1","66910346","66910617","chr14","65533535","65533813","10","1376811"
"chr1","66977977","66978260","chr14","65600538","65600817","12","1377439"
"chr1","67023290","67023587","chr14","65646335","65646631","12","1376955"
"chr1","67046470","67046642","chr14","65669218","65669390","4","1377252"
"chr1","67055384","67055537","chr14","65678184","65678337","2","1377200"
"chr1","67065511","67065653","chr12","93357881","93358012","26","26292370"
"chr1","67083693","67084044","chr14","65706660","65707018","28","1377033"
"chr1","67107565","67107828","chr1","213503592","213503853","64","146396027"
"chr1","67123919","67124213","chr14","65749633","65749926","8","1374286"
"chr1","67125705","67125841","chr14","65751423","65751559","1","1374282"
"chr1","67194178","67194486","chr14","65822195","65822510","17","1371983"
"chr1","67195487","67195648","chr14","65823514","65823679","7","1371973"
"chr1","67244747","67245053","chr14","65876623","65876928","11","1368124"
"chr1","67290232","67290539","chr16","38211469","38211775","61","29078763"
"chr1","67345498","67345775","chr14","65977748","65978025","2","1367750"
"chr1","67435756","67436036","chr14","66067747","66068018","14","1368009"
"chr1","67469606","67469736","chr3","45701174","45701301","21","21768432"
"chr1","67507414","67507701","chr14","66138528","66138807","15","1368886"
"chr1","67571732","67572050","chr14","66203914","66204232","7","1367818"
"chr1","67618262","67618522","chr14","66249456","66249713","6","1368806"
"chr1","67622820","67623083","chr14","66254001","66254265","6","1368819"
"chr1","67702091","67702386","chr14","66333519","66333805","15","1368572"
"chr1","67728385","67728692","chr14","66359421","66359727","11","1368964"
"chr1","67734257","67734568","chr14","66364972","66365280","15","1369285"
"chr1","67944649","67944954","chr14","66578143","66578448","6","1366506"
"chr1","67956158","67956279","chr7","149164080","149164202","19","81207922"
"chr1","67956313","67956451","chr3","161921199","161921328","38","93964886"
"chr1","67985173","67985474","chr14","66618053","66618354","8","1367120"
"chr1","68006131","68006246","chr14","66638340","66638455","3","1367791"
"chr1","68008151","68008424","chr1","85860621","85860902","58","17852470"
"chr1","68033857","68033979","chr14","66665810","66665932","7","1368047"
"chr1","68036282","68036404","chr14","66669178","66669300","1","1367104"
"chr1","68101029","68101216","chr14","66734524","66734711","1","1366505"
"chr1","68107228","68107388","chr14","66740684","66740842","8","1366544"
"chr1","68108732","68109025","chr14","66742189","66742482","4","1366543"
"chr1","68129244","68129376","chr14","66762110","66762241","5","1367134"
"chr1","68183151","68183444","chr14","66820243","66820536","2","1362908"
"chr1","68183679","68183981","chr14","66820771","66821085","17","1362908"
"chr1","68200461","68200693","chr14","66837594","66837826","3","1362867"
"chr1","68211909","68212209","chr9","35073765","35074063","61","33138144"
"chr1","68256357","68256668","chr14","66897802","66898117","11","1358555"
"chr1","68288603","68288678","chr14","66926582","66926664","7","1362021"
"chr1","68301411","68301714","chr14","66939436","66939736","7","1361975"
"chr1","68534885","68535173","chr14","67177295","67177583","9","1357590"
"chr1","68595064","68595364","chr14","67236859","67237160","4","1358205"
"chr1","68613870","68614177","chr14","67255524","67255826","16","1358346"
"chr1","68658842","68659130","chr14","67304789","67305089","19","1354053"
"chr1","68688628","68688960","chr14","67335403","67335717","28","1353225"
"chr1","68701589","68701872","chr14","67350295","67350578","3","1351294"
"chr1","68719826","68720128","chr9","81665742","81666044","67","12945916"
"chr1","68731196","68731484","chr5","130512747","130513038","70","61781551"
"chr1","68739341","68739628","chr14","67391944","67392231","6","1347397"
"chr1","68751401","68751692","chr14","67403958","67404249","5","1347443"
"chr1","68799641","68799938","chr14","67456710","67457012","12","1342931"
"chr1","68818604","68818829","chr14","67466787","67467016","6","1351817"
"chr1","68861502","68861690","chr14","67510065","67510253","7","1351437"
"chr1","68894712","68895003","chr14","67542370","67542661","4","1352342"
"chr1","68948474","68948755","chr14","67597407","67597707","24","1351067"
"chr1","68972514","68972817","chr14","67621958","67622271","19","1350556"
"chr1","68988427","68988731","chr14","67638203","67638506","15","1350224"
"chr1","68994230","68994453","chr20","19946969","19947192","52","49047261"
"chr1","68997911","68998205","chr14","67648392","67648696","16","1349519"
"chr1","69011489","69011562","chr19","10270107","10270187","16","58741382"
"chr1","69046073","69046371","chr17","7009493","7009785","70","62036580"
"chr1","69138582","69138760","chr14","67787229","67787406","2","1351353"
"chr1","69145901","69146196","chr14","67794911","67795202","15","1350990"
"chr1","69148614","69148914","chr14","67797625","67797923","8","1350989"
"chr1","69171728","69172007","chr14","67822311","67822589","7","1349417"
"chr1","69176102","69176368","chr14","67826668","67826934","8","1349434"
"chr1","69179503","69179826","chr15","96894313","96894623","79","27714810"
"chr1","69212739","69212984","chr14","67861778","67862037","18","1350961"
"chr1","69226039","69226209","chr4","125692449","125692614","50","56466410"
"chr1","69231313","69231428","chr14","67882821","67882937","2","1348492"
"chr1","69231724","69231754","chr1","68077163","68077192","12","1154561"
"chr1","69236360","69236663","chr14","67889569","67889859","21","1346791"
"chr1","69239416","69239713","chr14","67892620","67892917","15","1346796"
"chr1","69244580","69244840","chr1","41227974","41228233","57","28016606"
"chr1","69246692","69246883","chr19","7250569","7250762","32","61996123"
"chr1","69249847","69250144","chr14","67904779","67905075","11","1345068"
"chr1","69257984","69258163","chr3","39637535","39637706","35","29620449"
"chr1","69258475","69258606","chr3","35121394","35121519","24","34137081"
"chr1","69260108","69260353","chr14","67915518","67915796","36","1344590"
"chr1","69268994","69269116","chr14","67924136","67924258","4","1344858"
"chr1","69274790","69275075","chr14","67929940","67930235","23","1344850"
"chr1","69279711","69279975","chr14","67935640","67935904","6","1344071"
"chr1","69321916","69322204","chr14","67977859","67978147","6","1344057"
"chr1","69325311","69325394","chr14","67981283","67981366","0","1344028"
"chr1","69340985","69341130","chr14","67995076","67995228","12","1345909"
"chr1","69347403","69347558","chr3","84841040","84841196","38","15493637"
"chr1","69347584","69347718","chr1","152419754","152419872","32","83072170"
"chr1","69399737","69399949","chr18","38314274","38314473","52","31085463"
"chr1","69401663","69401937","chr14","68059907","68060181","6","1341756"
"chr1","69562599","69562745","chr20","11508333","11508479","25","58054266"
"chr1","69593307","69593429","chr14","68251670","68251792","5","1341637"
"chr1","69594590","69594879","chr14","68252959","68253249","6","1341631"
"chr1","69617160","69617439","chr14","68275155","68275434","5","1342005"
"chr1","69674549","69674715","chr14","68332949","68333116","8","1341600"
"chr1","69681344","69681609","chr14","68340131","68340384","17","1341213"
"chr1","69687599","69687898","chr14","68346979","68347275","15","1340620"
"chr1","69709516","69709812","chr14","68369001","68369297","4","1340515"
"chr1","69715196","69715483","chr14","68375030","68375316","5","1340166"
"chr1","69727757","69728040","chr14","68387277","68387560","6","1340480"
"chr1","69741075","69741230","chr14","68400574","68400729","0","1340501"
"chr1","69761808","69762118","chr14","68421297","68421581","35","1340511"
"chr1","69763566","69763836","chrX","6633386","6633678","64","63130180"
"chr1","69776811","69777085","chr14","68436369","68436644","8","1340442"
"chr1","69814591","69814914","chr1","19248120","19248426","69","50566471"
"chr1","69826739","69827039","chr14","68495720","68496014","8","1331019"
"chr1","69900568","69900780","chr14","68574562","68574771","9","1326006"
"chr1","70054525","70054628","chr9","6146777","6146883","16","63907748"
"chr1","70054943","70055167","chr3","42075297","42075503","53","27979646"
"chr1","70140930","70141090","chr14","68833600","68833760","4","1307330"
"chr1","70388663","70388972","chr14","69085329","69085632","13","1303334"
"chr1","70431344","70431693","chr14","69127856","69128203","8","1303488"
"chr1","70435741","70435955","chr14","69132196","69132413","9","1303545"
"chr1","70502670","70502896","chr14","69199050","69199239","42","1303620"
"chr1","70703849","70704066","chr14","69401676","69401885","10","1302173"
"chr1","70754745","70755010","chr14","69453362","69453638","15","1301383"
"chr1","70796904","70797182","chr14","69496646","69496969","53","1300258"
"chr1","70838099","70838429","chr14","69537803","69538123","17","1300296"
"chr1","70957451","70957742","chr9","92330990","92331282","68","21373539"
"chr1","71185735","71185855","chr20","10415874","10415996","20","60769861"
"chr1","71289184","71289453","chr14","69995375","69995633","18","1293809"
"chr1","71397014","71397301","chr14","70110252","70110539","7","1286762"
"chr1","71531921","71532235","chr14","70255265","70255575","14","1276656"
"chr1","72119583","72119934","chr8","139467684","139468018","79","67348101"
"chr1","72275074","72275380","chr14","71028239","71028550","17","1246835"
"chr1","72389337","72389462","chr14","71145412","71145537","4","1243925"
"chr1","72638152","72638272","chr14","71396776","71396896","5","1241376"
"chr1","72749356","72749654","chr14","71508868","71509177","17","1240488"
"chr1","72835122","72835294","chr19","27135468","27135639","35","45699654"
"chr1","72835355","72835473","chr16","23629406","23629522","18","49205949"
"chr1","72926712","72926871","chr14","71692855","71693014","2","1233857"
"chr1","72977028","72977335","chr14","71745824","71746124","20","1231204"
"chr1","73136986","73137151","chr14","71916857","71917013","10","1220129"
"chr1","73382364","73382693","chr7","33570558","33570868","88","39811806"
"chr1","73613429","73613721","chr14","72395734","72396027","9","1217695"
"chr1","73865316","73865611","chr14","72655149","72655443","9","1210167"
"chr1","73985953","73986140","chr14","72776825","72777018","9","1209128"
"chr1","73989609","73989899","chr14","72780453","72780746","11","1209156"
"chr1","74041052","74041204","chr16","16696267","16696414","29","57344785"
"chr1","74064582","74064743","chr14","72855346","72855507","10","1209236"
"chr1","74090869","74091151","chr14","72879805","72880086","6","1211064"
"chr1","74111838","74112119","chr1","213936486","213936778","61","139824648"
"chr1","74117556","74117841","chr14","72906559","72906844","2","1210997"
"chr1","74162827","74163136","chr14","72951097","72951404","17","1211730"
"chr1","74163586","74163748","chr14","72952160","72952325","10","1211426"
"chr1","74164859","74165117","chr8","36373732","36373993","53","37791127"
"chr1","74180104","74180361","chr14","72968736","72968995","6","1211368"
"chr1","74219205","74219507","chr14","73008177","73008479","5","1211028"
"chr1","74222094","74222346","chr14","73014236","73014486","8","1207858"
"chr1","74222698","74222887","chr9","108311699","108311887","47","34089001"
"chr1","74245180","74245449","chr14","73037089","73037365","14","1208091"
"chr1","74269281","74269442","chr14","73061711","73061872","2","1207570"
"chr1","74275374","74275571","chr5","113386249","113386453","48","39110875"
"chr1","74300112","74300426","chr14","73093722","73094038","13","1206390"
"chr1","74302032","74302342","chr14","73095630","73095940","4","1206402"
"chr1","74312534","74312699","chr14","73106165","73106328","5","1206369"
"chr1","74313677","74313795","chr14","73107306","73107424","2","1206371"
"chr1","74319260","74319415","chr5","158084895","158085039","34","83765635"
"chr1","74319449","74319464","chr19","32678666","32678677","4","41640783"
"chr1","74379900","74380018","chr14","73173581","73173711","16","1206319"
"chr1","74446050","74446278","chr10","4901683","4901910","52","69544367"
"chr1","74486200","74486495","chr14","73284857","73285149","8","1201343"
"chr1","74516056","74516223","chr1","6500168","6500312","50","68015888"
"chr1","74571296","74571564","chr14","73373102","73373369","8","1198194"
"chr1","74745055","74745340","chr14","73547697","73547967","20","1197358"
"chr1","74874926","74875156","chr14","73679300","73679540","17","1195626"
"chr1","74936665","74936969","chr3","152176068","152176374","61","77239403"
"chr1","74939763","74940057","chr2","62514523","62514799","72","12425240"
"chr1","75260341","75260464","chr8","118152331","118152460","26","42891990"
"chr1","75341342","75341510","chr14","74146533","74146685","20","1194809"
"chr1","75365984","75366215","chr14","74170835","74171063","17","1195149"
"chr1","75417064","75417198","chr14","74221516","74221637","14","1195548"
"chr1","75419877","75420183","chr14","74224312","74224611","20","1195565"
"chr1","75796902","75797212","chr14","74586304","74586614","8","1210598"
"chr1","75803737","75804080","chr3","3882570","3882908","83","71921167"
"chr1","76087654","76087829","chrX","7162880","7163039","41","68924774"
"chr1","76430367","76430502","chr6","133305260","133305397","24","56874893"
"chr1","76501240","76501373","chr14","75275380","75275513","3","1225860"
"chr1","76696439","76696743","chr14","75467093","75467395","9","1229346"
"chr1","76720583","76720742","chr5","20009802","20009960","45","56710781"
"chr1","76730744","76731051","chr14","75506239","75506535","20","1224505"
"chr1","76832715","76832847","chr14","75610385","75610516","5","1222330"
"chr1","76860901","76861035","chr1","72125793","72125930","28","4735108"
"chr1","76881307","76881578","chr14","75660356","75660630","10","1220951"
"chr1","76931916","76932089","chr14","75711624","75711796","2","1220292"
"chr1","76997097","76997263","chr14","75776079","75776245","5","1221018"
"chr1","77031597","77031764","chr10","50613068","50613228","39","26418529"
"chr1","77031823","77031941","chr9","13443061","13443177","18","63588762"
"chr1","77038824","77039037","chr14","75818059","75818271","7","1220765"
"chr1","77042193","77042475","chr14","75821419","75821689","17","1220774"
"chr1","77083556","77083853","chr4","34365628","34365919","57","42717928"
"chr1","77083920","77083937","chr6","172915280","172915296","7","95831360"
"chr1","77109723","77109979","chr3","13565324","13565584","59","63544399"
"chr1","77113160","77113250","chr15","59189593","59189684","19","17923567"
"chr1","77131050","77131341","chr14","75906761","75907049","13","1224289"
"chr1","77149984","77150277","chr14","75925637","75925930","3","1224347"
"chr1","77152306","77152613","chr14","75930479","75930783","16","1221827"
"chr1","77154588","77154775","chr8","63339372","63339558","41","13815216"
"chr1","77179009","77179156","chr14","75951230","75951377","3","1227779"
"chr1","77192067","77192388","chr14","75962210","75962531","1","1229857"
"chr1","77205382","77205691","chr14","75975447","75975756","7","1229935"
"chr1","77249301","77249601","chr14","76020266","76020568","7","1229035"
"chr1","77261308","77261588","chr14","76032327","76032607","4","1228981"
"chr1","77268911","77269226","chr14","76039713","76040028","4","1229198"
"chr1","77277088","77277333","chr14","76047899","76048144","8","1229189"
"chr1","77320147","77320425","chr14","76091514","76091797","12","1228633"
"chr1","77328080","77328243","chr14","76099465","76099628","4","1228615"
"chr1","77347660","77347950","chr14","76119310","76119600","4","1228350"
"chr1","77364295","77364428","chr4","84764886","84765021","22","7400591"
"chr1","77383136","77383424","chr14","76154955","76155273","38","1228181"
"chr1","77405125","77405358","chr14","76177735","76177968","6","1227390"
"chr1","77453211","77453246","chr14","76225547","76225582","0","1227664"
"chr1","77458398","77458535","chr14","76230713","76230852","4","1227685"
"chr1","77490138","77490423","chr14","76262360","76262648","9","1227778"
"chr1","77508985","77509272","chr14","76281282","76281566","9","1227703"
"chr1","77545953","77546224","chr14","76318142","76318435","29","1227811"
"chr1","77550354","77550668","chr14","21664399","21664702","85","55885955"
"chr1","77574572","77574876","chr14","76346546","76346856","13","1228026"
"chr1","77613112","77613373","chr14","76373228","76373490","4","1239884"
"chr1","77976433","77976740","chr14","76723277","76723578","13","1253156"
"chr1","78056600","78056886","chr14","76802791","76803075","7","1253809"
"chr1","78112626","78112905","chr14","76857863","76858132","13","1254763"
"chr1","78150388","78150669","chr14","76895617","76895907","19","1254771"
"chr1","78154674","78154958","chr20","17619127","17619407","60","60535547"
"chr1","78282204","78282495","chr14","77027488","77027779","1","1254716"
"chr1","78317876","78318169","chr14","77062090","77062380","5","1255786"
"chr1","78321569","78321876","chr14","77066731","77067037","13","1254838"
"chr1","78365164","78365451","chr14","77110334","77110621","8","1254830"
"chr1","78417583","78417857","chr16","4985387","4985662","60","73432196"
"chr1","78477501","78477630","chr14","77222774","77222902","1","1254727"
"chr1","78484241","78484520","chr14","77229517","77229789","15","1254724"
"chr1","78570079","78570386","chr14","77317774","77318081","11","1252305"
"chr1","78713419","78713688","chr14","77459560","77459830","6","1253859"
"chr1","78936758","78937021","chr3","40518573","40518839","87","38418185"
"chr1","79109452","79109740","chr3","37702216","37702498","65","41407236"
"chr1","79217652","79217961","chrX","127890550","127890860","57","48672898"
"chr1","79446652","79446840","chr19","48000422","48000592","55","31446230"
"chr1","80239871","80240002","chr1","5234348","5234479","28","75005523"
"chr1","80344876","80345020","chr14","79093770","79093907","9","1251106"
"chr1","80509874","80510023","chrX","111365399","111365546","33","30855525"
"chr1","80512332","80512468","chr6","65257366","65257502","26","15254966"
"chr1","80547946","80548248","chr14","79295850","79296151","11","1252096"
"chr1","80598166","80598329","chr14","79345780","79345943","10","1252386"
"chr1","80709652","80709925","chr14","79449221","79449497","11","1260431"
"chr1","80728629","80728825","chrX","44545943","44546152","57","36182686"
"chr1","80728853","80729147","chr14","79467600","79467894","8","1261253"
"chr1","80738950","80739083","chr7","38966908","38967039","31","41772042"
"chr1","80753784","80753909","chr1","115104886","115105013","21","34351102"
"chr1","80894213","80894317","chr8","28190307","28190410","24","52703906"
"chr1","80954123","80954246","chr19","46170532","46170663","33","34783591"
"chr1","80993922","80994221","chr16","40520636","40520931","82","40473286"
"chr1","81076645","81076787","chr14","79682120","79682262","2","1394525"
"chr1","81108754","81108815","chr1","64903662","64903722","15","16205092"
"chr1","81109131","81109366","chrX","15821713","15821945","68","65287418"
"chr1","81116748","81116901","chr7","56554138","56554292","39","24562610"
"chr1","81150296","81150440","chr14","79798703","79798848","4","1351593"
"chr1","81162919","81163214","chr8","133538699","133538987","69","52375780"
"chr1","81166094","81166379","chr7","131928785","131929080","64","50762691"
"chr1","81198684","81198838","chr2","32862647","32862790","58","48336037"
"chr1","81248509","81248667","chr14","79856448","79856606","2","1392061"
"chr1","81338840","81338964","chr8","50488836","50488953","37","30850004"
"chr1","81339301","81339443","chr3","47840685","47840827","34","33498616"
"chr1","81339556","81339746","chr14","72935164","72935369","54","8404392"
"chr1","81389118","81389388","chr14","79953754","79954028","10","1435364"
"chr1","81413073","81413387","chr17","7125249","7125559","57","74287824"
"chr1","82039220","82039392","chr14","80572162","80572333","4","1467058"
"chr1","82039808","82039921","chr19","49958747","49958865","32","32081061"
"chr1","82142376","82142573","chr6","101289974","101290154","62","19147598"
"chr1","82235501","82235609","chr14","80752122","80752240","14","1483379"
"chr1","82259588","82259710","chr14","80774367","80774489","2","1485221"
"chr1","82259729","82260034","chr14","80774508","80774817","10","1485221"
"chr1","82266362","82266654","chr14","80781164","80781454","10","1485198"
"chr1","82335951","82336280","chr15","68688383","68688699","86","13647568"
"chr1","83269029","83269162","chr14","81798779","81798911","3","1470250"
"chr1","83428393","83428531","chr14","81964867","81965008","6","1463526"
"chr1","83449912","83450197","chr19","8000593","8000867","64","75449319"
"chr1","83560738","83561023","chr16","41996591","41996870","68","41564147"
"chr1","83614886","83615195","chr17","76062721","76063023","60","7552165"
"chr1","83621164","83621478","chr14","82159332","82159644","9","1461832"
"chr1","83623518","83623636","chr1","43059628","43059745","18","40563890"
"chr1","83623678","83623860","chr19","37145471","37145638","47","46478207"
"chr1","83631473","83631779","chr14","82169562","82169867","10","1461911"
"chr1","83652469","83652695","chr14","82194055","82194281","12","1458414"
"chr1","83664285","83664565","chr1","25513248","25513529","59","58151037"
"chr1","83867806","83868106","chr14","82407931","82408217","20","1459875"
"chr1","83937302","83937602","chr14","82474568","82474865","13","1462734"
"chr1","84110027","84110344","chr14","82647158","82647475","7","1462869"
"chr1","84251148","84251311","chr11","112934504","112934668","32","28683356"
"chr1","84263008","84263320","chr14","82807008","82807298","29","1456000"
"chr1","84332356","84332484","chr16","67566400","67566524","27","16765956"
"chr1","84332809","84333017","chr12","20750977","20751172","60","63581832"
"chr1","84396492","84396796","chr9","94719928","94720222","64","10323436"
"chr1","84506149","84506301","chr14","83040286","83040443","7","1465863"
"chr1","84572350","84572637","chr14","83103184","83103471","6","1469166"
"chr1","84672650","84672763","chr1","19820152","19820274","28","64852498"
"chr1","84795487","84795781","chr14","83319802","83320092","21","1475685"
"chr1","84823260","84823415","chr14","83345853","83346018","14","1477407"
"chr1","84826489","84826794","chr14","83349086","83349388","20","1477403"
"chr1","84864474","84864784","chr14","83383468","83383783","7","1481006"
"chr1","84866229","84866512","chr14","83385228","83385509","5","1481001"
"chr1","84922204","84922379","chr14","117342454","117342622","49","32420250"
"chr1","84924225","84924350","chr14","83441969","83442094","1","1482256"
"chr1","84986927","84987193","chr14","83505622","83505888","5","1481305"
"chr1","85007566","85007857","chr14","83526126","83526413","8","1481440"
"chr1","85027092","85027237","chr14","83545916","83546061","8","1481176"
"chr1","85033170","85033442","chr14","83551977","83552249","4","1481193"
"chr1","85046248","85046380","chr14","83569393","83569525","2","1476855"
"chr1","85049352","85049625","chr14","83572876","83573146","10","1476476"
"chr1","85053028","85053198","chr14","30605132","30605277","50","54447896"
"chr1","85175830","85176114","chr14","83706268","83706574","33","1469562"
"chr1","85221026","85221147","chr14","83752051","83752172","9","1468975"
"chr1","85232184","85232457","chr14","83763231","83763502","5","1468953"
"chr1","85315438","85315616","chr14","83843851","83844032","40","1471587"
"chr1","85431385","85431712","chr14","83962424","83962754","13","1468961"
"chr1","85441239","85441505","chr14","83972178","83972442","11","1469061"
"chr1","85493710","85493861","chr14","84021234","84021385","2","1472476"
"chr1","85516956","85517091","chr1","12988795","12988929","24","72528161"
"chr1","85517145","85517315","chr9","121604996","121605164","31","36087851"
"chr1","85543160","85543269","chr14","84070741","84070850","2","1472419"
"chr1","85562908","85563098","chr1","2133543","2133734","40","83429365"
"chr1","85571124","85571263","chr16","24034428","24034567","26","61536696"
"chr1","85642902","85643190","chr14","84177714","84178026","28","1465188"
"chr1","85646966","85647121","chr14","84181792","84181949","2","1465174"
"chr1","85682838","85682985","chr6","125911267","125911421","34","40228429"
"chr1","85710115","85710421","chr14","84243486","84243766","31","1466629"
"chr1","85797806","85798111","chr14","84331346","84331651","9","1466460"
"chr1","85879460","85879699","chr14","84413413","84413655","8","1466047"
"chr1","86129790","86129953","chr13","22976598","22976770","31","63153192"
"chr1","86131370","86131481","chr14","84654796","84654914","11","1476574"
"chr1","86161958","86162165","chr7","64714072","64714260","58","21447886"
"chr1","86201148","86201280","chr13","90598152","90598287","21","4397004"
"chr1","86203403","86203702","chr14","84727573","84727870","9","1475830"
"chr1","86221173","86221308","chr14","84745245","84745367","14","1475928"
"chr1","86676278","86676415","chr14","85187423","85187562","6","1488855"
"chr1","86749980","86750137","chr14","85253927","85254098","17","1496053"
"chr1","86750138","86750377","chr14","85253927","85254098","70","1496211"
"chr1","86817728","86817878","chrX","6992416","6992567","32","79825312"
"chr1","86817913","86818024","chr12","45094509","45094624","19","41723404"
"chr1","86855203","86855508","chr15","8117529","8117829","68","78737674"
"chr1","87049464","87049610","chr14","85543671","85543817","4","1505793"
"chr1","87365451","87365589","chr14","85849048","85849186","8","1516403"
"chr1","87449588","87449886","chr8","96393704","96393990","56","8944116"
"chr1","88493953","88494099","chr3","49847363","49847482","66","38646590"
"chr1","88703441","88703720","chr2","185065293","185065568","66","96361852"
"chr1","88925372","88925469","chr7","131272609","131272705","21","42347237"
"chr1","89002762","89003045","chr14","87413722","87414005","3","1589040"
"chr1","89104967","89105251","chr14","87518702","87518986","13","1586265"
"chr1","89131660","89131967","chr14","87545964","87546263","16","1585696"
"chr1","89377120","89377438","chr14","87777854","87778164","16","1599266"
"chr1","89787185","89787468","chr14","88187209","88187491","13","1599976"
"chr1","90183173","90183506","chr19","17513317","17513652","80","72669856"
"chr1","90487776","90487907","chr11","91526242","91526364","32","1038466"
"chr1","90527243","90527543","chr20","27136159","27136455","70","63391084"
"chr1","90900150","90900456","chr14","89186980","89187295","16","1713170"
"chr1","91024138","91024325","chr14","89305367","89305554","8","1718771"
"chr1","91229339","91229391","chr3","44192432","44192486","10","47036907"
"chr1","91683773","91683933","chr14","89957375","89957535","6","1726398"
"chr1","91753332","91753632","chr14","90026347","90026629","25","1726985"
"chr1","92074274","92074474","chr3","151326839","151327041","44","59252565"
"chr1","92087282","92087563","chr10","71665638","71665922","68","20421644"
"chr1","92192884","92193012","chr14","90444803","90444938","10","1748081"
"chr1","92413901","92414183","chr3","9030983","9031266","58","83382918"
"chr1","92474302","92474603","chr14","90724248","90724543","18","1750054"
"chr1","92524558","92524864","chr14","90773227","90773534","18","1751331"
"chr1","93011960","93012095","chr14","91254905","91255036","10","1757055"
"chr1","93063540","93063850","chr19","29827672","29827974","67","63235868"
"chr1","93349771","93350075","chr14","91591376","91591684","13","1758395"
"chr1","93373427","93373548","chr14","91614180","91614301","6","1759247"
"chr1","93374063","93374363","chr14","91614820","91615127","32","1759243"
"chr1","93395624","93395763","chr1","38250718","38250853","27","55144906"
"chr1","93419285","93419417","chr14","91660599","91660731","3","1758686"
"chr1","93431688","93431965","chr14","91672407","91672684","6","1759281"
"chr1","93444368","93444468","chr4","36644652","36644750","36","56799716"
"chr1","93444749","93444969","chr11","121709073","121709273","80","28264324"
"chr1","93531628","93531909","chr12","103388212","103388489","63","9856584"
"chr1","93539413","93539719","chr14","91777591","91777896","8","1761822"
"chr1","93553178","93553470","chr14","91790898","91791190","5","1762280"
"chr1","93563272","93563588","chr14","91801036","91801352","6","1762236"
"chr1","93592778","93592893","chr14","91829827","91829942","1","1762951"
"chr1","93655877","93656166","chr14","91892233","91892522","2","1763644"
"chr1","93707739","93708038","chr14","91942755","91943040","24","1764984"
"chr1","93763084","93763345","chr16","23004179","23004447","64","70758905"
"chr1","93907116","93907248","chr1","64347249","64347380","15","29559867"
"chr1","93921217","93921356","chr14","92155305","92155444","2","1765912"
"chr1","94017016","94017320","chr1","12662590","12662891","53","81354426"
"chr1","94081470","94081760","chr14","92302140","92302428","16","1779330"
"chr1","94095081","94095331","chr14","92323277","92323531","7","1771804"
"chr1","94136748","94137022","chr8","95088354","95088628","59","951606"
"chr1","94228015","94228305","chr14","92446937","92447227","2","1781078"
"chr1","94239291","94239535","chr14","92457811","92458055","2","1781480"
"chr1","94267094","94267274","chr4","153444456","153444635","37","59177362"
"chr1","94275208","94275337","chr14","92490952","92491081","4","1784256"
"chr1","94320483","94320628","chr14","92534437","92534582","4","1786046"
"chr1","94320658","94320774","chr7","85387348","85387456","26","8933310"
"chr1","94320775","94320817","chr19","5111513","5111556","8","89209262"
"chr1","94382433","94382735","chr7","145077798","145078098","69","50695365"
"chr1","94454214","94454529","chr1","101299319","101299631","64","6845105"
"chr1","94459429","94459723","chr14","92675838","92676142","33","1783591"
"chr1","94462321","94462550","chr13","125403966","125404209","69","30941645"
"chr1","94480754","94480908","chr16","47084815","47084966","27","47395939"
"chr1","94569921","94570218","chr14","92782431","92782727","12","1787490"
"chr1","94588821","94589115","chr14","92801155","92801448","11","1787666"
"chr1","94664557","94664837","chr14","92872480","92872774","19","1792077"
"chr1","94735650","94735935","chr14","92943751","92944037","12","1791899"
"chr1","94797809","94798098","chr9","104907851","104908150","65","10110042"
"chr1","94870528","94870789","chrX","16754313","16754568","66","78116215"
"chr1","94977676","94977827","chr14","93173376","93173527","2","1804300"
"chr1","95052277","95052559","chr20","20969632","20969915","89","74082645"
"chr1","95324114","95324399","chr14","93506966","93507250","13","1817148"
"chr1","95422697","95422810","chr2","20006981","20007099","23","75415716"
"chr1","95592473","95592591","chr15","55864385","55864502","16","39728088"
"chr1","95592633","95592799","chr19","1682687","1682841","45","93909946"
"chr1","95624898","95624984","chr14","96991883","96991978","25","1366985"
"chr1","95732061","95732346","chr14","104916597","104916874","59","9184536"
"chr1","95903375","95903651","chr14","94095528","94095804","9","1807847"
"chr1","95904324","95904606","chr6","31204540","31204826","60","64699784"
"chr1","95909869","95910169","chr14","94102112","94102403","12","1807757"
"chr1","95978618","95978934","chr14","94171431","94171736","24","1807187"
"chr1","96070923","96071241","chr16","65641462","65641777","64","30429461"
"chr1","96176972","96177281","chr14","94365797","94366106","13","1811175"
"chr1","96411268","96411561","chr1","26942818","26943113","71","69468450"
"chr1","96455536","96455833","chr14","94654617","94654917","18","1800919"
"chr1","96481955","96482233","chr14","94679601","94679877","5","1802354"
"chr1","96783452","96783582","chr14","94795388","94795518","2","1988064"
"chr1","96794033","96794339","chr14","94806247","94806554","15","1987786"
"chr1","96816112","96816404","chr14","94828945","94829246","16","1987167"
"chr1","96851164","96851451","chr14","94863525","94863824","18","1987639"
"chr1","96851470","96851645","chr16","49014767","49014941","56","47836703"
"chr1","96949522","96949713","chr3","55231009","55231199","46","41718513"
"chr1","96949724","96949779","chr2","184106680","184106735","15","87156956"
"chr1","97400318","97400511","chr14","95413992","95414147","38","1986326"
"chr1","97443367","97443606","chr1","13445722","13445949","71","83997645"
"chr1","97633737","97633904","chr14","95634411","95634578","2","1999326"
"chr1","97750507","97750771","chr14","95749027","95749306","18","2001480"
"chr1","97927951","97928251","chr14","95925550","95925848","12","2002401"
"chr1","98199432","98199649","chr14","96197359","96197576","1","2002073"
"chr1","98718230","98718506","chr14","96587319","96587597","13","2130911"
"chr1","98719545","98719796","chr8","25791612","25791871","70","72927933"
"chr1","98719812","98719997","chr16","63321935","63322109","46","35397877"
"chr1","98765208","98765367","chr11","130986985","130987143","32","32221777"
"chr1","98870788","98871071","chr14","96734718","96735001","7","2136070"
"chr1","98880944","98881237","chr14","96744775","96745055","25","2136169"
"chr1","98914357","98914481","chr14","96777643","96777767","1","2136714"
"chr1","99052963","99053242","chr14","96917363","96917638","8","2135600"
"chr1","99067939","99068228","chr14","96932043","96932327","19","2135896"
"chr1","99086182","99086448","chr16","27622553","27622818","50","71463629"
"chr1","99110153","99110459","chr14","96974249","96974559","16","2135904"
"chr1","99121396","99121573","chr14","96984531","96984707","6","2136865"
"chr1","99141000","99141155","chr14","97003509","97003663","4","2137491"
"chr1","99152466","99152663","chr12","65679996","65680190","48","33472470"
"chr1","99189640","99189748","chr14","97050331","97050454","19","2139309"
"chr1","99209028","99209170","chr1","135111546","135111683","31","35902518"
"chr1","99209466","99209607","chr6","148217095","148217234","39","49007629"
"chr1","99210031","99210315","chr1","154910149","154910434","50","55700118"
"chr1","99225669","99225803","chr14","97083472","97083588","18","2142197"
"chr1","99277886","99278126","chr6","127516201","127516428","67","28238315"
"chr1","99279843","99280120","chr14","97136117","97136394","4","2143726"
"chr1","99287167","99287282","chr14","97142317","97142427","28","2144850"
"chr1","99307977","99308252","chr14","97161585","97161870","37","2146392"
"chr1","99329003","99329161","chr14","97186701","97186859","0","2142302"
"chr1","99331501","99331795","chr14","97189051","97189334","19","2142450"
"chr1","99370347","99370468","chr20","39963840","39963961","19","59406507"
"chr1","99389203","99389476","chr14","97247597","97247867","7","2141606"
"chr1","99396418","99396546","chr14","97254941","97255067","3","2141477"
"chr1","99397358","99397670","chr14","97255881","97256195","9","2141477"
"chr1","99419354","99419642","chr14","97278617","97278905","13","2140737"
"chr1","99442645","99442780","chr1","54427641","54427773","25","45015004"
"chr1","99443080","99443241","chr9","15659131","15659290","29","83783949"
"chr1","99447498","99447645","chr2","77617006","77617144","46","21830492"
"chr1","99447717","99447837","chr6","46453346","46453465","23","52994371"
"chr1","99450723","99450880","chr14","97309294","97309464","14","2141429"
"chr1","99458606","99458766","chr3","51191432","51191595","25","48267174"
"chr1","99462623","99462922","chr14","97321195","97321496","11","2141428"
"chr1","99472095","99472381","chr14","97327642","97327938","30","2144453"
"chr1","99475099","99475319","chr14","97330469","97330689","6","2144630"
"chr1","99477378","99477659","chr14","97332681","97332978","22","2144697"
"chr1","99482874","99483022","chr6","169660932","169661076","33","70178058"
"chr1","99484680","99484853","chr14","97341074","97341247","2","2143606"
"chr1","99501951","99502244","chr14","97358294","97358587","2","2143657"
"chr1","99513114","99513403","chr14","97369031","97369317","5","2144083"
"chr1","99526758","99527039","chr14","97383011","97383291","5","2143747"
"chr1","99529904","99530208","chr16","42972049","42972353","55","56557855"
"chr1","99539955","99540261","chr14","97395349","97395648","26","2144606"
"chr1","99548286","99548440","chr14","97403891","97404050","9","2144395"
"chr1","99549296","99549419","chr14","97405238","97405361","2","2144058"
"chr1","99551465","99551786","chr14","97407412","97407735","10","2144053"
"chr1","99552011","99552146","chr14","97407960","97408095","6","2144051"
"chr1","99559354","99559474","chr14","97414999","97415119","3","2144355"
"chr1","99561610","99561826","chr10","41469093","41469305","76","58092517"
"chr1","99565347","99565511","chr14","97420677","97420841","14","2144670"
"chr1","99572706","99573013","chr14","97428008","97428281","42","2144698"
"chr1","99574336","99574635","chr14","97429631","97429931","6","2144705"
"chr1","99577961","99578326","chr19","13336958","13337305","95","86241003"
"chr1","99599916","99600204","chr14","97454679","97454968","19","2145237"
"chr1","99609852","99610007","chr4","6693215","6693360","39","92916637"
"chr1","99610103","99610216","chr11","114106578","114106697","25","14496475"
"chr1","99623507","99623755","chr1","196822297","196822544","76","97198790"
"chr1","99664370","99664590","chr5","35573521","35573745","63","64090849"
"chr1","99717325","99717548","chr1","135111711","135111931","56","35394386"
"chr1","99728170","99728370","chrX","37795431","37795609","54","61932739"
"chr1","99738234","99738516","chr14","97587696","97587978","12","2150538"
"chr1","99738634","99738939","chr13","69089354","69089660","54","30649280"
"chr1","99744133","99744429","chr19","38288636","38288930","64","61455497"
"chr1","99771999","99772310","chr14","97620314","97620626","8","2151685"
"chr1","99808920","99809210","chr14","97657864","97658156","9","2151056"
"chr1","99812974","99813106","chr14","97661977","97662109","5","2150997"
"chr1","99813107","99813403","chr14","97662110","97662404","14","2150997"
"chr1","99816789","99817117","chr3","34747936","34748225","106","65068853"
"chr1","99839825","99839959","chr14","97689298","97689429","7","2150527"
"chr1","99850480","99850622","chr11","111580097","111580231","27","11729617"
"chr1","99850640","99850947","chr14","97697972","97698273","13","2152668"
"chr1","99871541","99871632","chr14","97720400","97720491","2","2151141"
"chr1","99874194","99874490","chr14","97722730","97723025","6","2151464"
"chr1","99874981","99875274","chr14","97723513","97723802","15","2151468"
"chr1","99903185","99903417","chr11","119712914","119713140","60","19809729"
"chr1","99903721","99903749","chr9","50043100","50043127","13","49860621"
"chr1","99904043","99904136","chr5","2919689","2919780","20","96984354"
"chr1","99970613","99970873","chr14","97813132","97813392","8","2157481"
"chr1","100046247","100046414","chrX","20856190","20856354","30","79190057"
"chr1","100074246","100074553","chr7","159701314","159701613","64","59627068"
"chr1","100086809","100087116","chr14","97929497","97929802","17","2157312"
"chr1","100105570","100105879","chr14","97947719","97948026","13","2157851"
"chr1","100110953","100111172","chr14","97953126","97953341","9","2157827"
"chr1","100135401","100135604","chr14","97977637","97977841","6","2157764"
"chr1","100156751","100156939","chr7","155916652","155916838","45","55759901"
"chr1","100833420","100833652","chr14","98676729","98676952","13","2156691"
"chr1","101024535","101024813","chr14","98880088","98880386","29","2144447"
"chr1","101196223","101196475","chr8","36444771","36445023","62","64751452"
"chr1","101378474","101378769","chr14","99236489","99236784","16","2141985"
"chr1","101431585","101431740","chr14","99289912","99290066","2","2141673"
"chr1","101467323","101467459","chr20","17784087","17784218","33","83683236"
"chr1","101467760","101467892","chr10","85649678","85649809","23","15818082"
"chr1","101485656","101485965","chr14","99344064","99344376","11","2141592"
"chr1","101561593","101561889","chr4","152598804","152599112","87","51037211"
"chr1","101651379","101651685","chr14","99512228","99512536","11","2139151"
"chr1","101654806","101654971","chr14","99515694","99515865","9","2139112"
"chr1","101683649","101683946","chr14","99544293","99544592","13","2139356"
"chr1","101690633","101690763","chr11","124387945","124388076","25","22697312"
"chr1","101702230","101702281","chr1","38683039","38683088","21","63019191"
"chr1","101703157","101703295","chr14","99563414","99563534","19","2139743"
"chr1","101706997","101707111","chr6","36535914","36536023","24","65171083"
"chr1","101707424","101707617","chr4","3793676","3793870","44","97913748"
"chr1","101707926","101708045","chr20","2216218","2216337","22","99491708"
"chr1","101708090","101708268","chr1","190595781","190595952","43","88887691"
"chr1","101714568","101714661","chr14","99574546","99574643","5","2140022"
"chr1","101718902","101719234","chr14","99579186","99579511","17","2139716"
"chr1","101782708","101783031","chr14","99643464","99643775","19","2139244"
"chr1","101784980","101785265","chr20","56486135","56486424","52","45298845"
"chr1","101871970","101872268","chr14","99735234","99735537","10","2136736"
"chr1","101957459","101957641","chr14","99817677","99817858","6","2139782"
"chr1","101982151","101982227","chr3","124332794","124332871","19","22350643"
"chr1","102013904","102014179","chr14","99872298","99872577","9","2141606"
"chr1","102486245","102486371","chr3","109531013","109531135","33","7044768"
"chr1","102486382","102486427","chr13","52893249","52893295","7","49593133"
"chr1","102567398","102567675","chr14","100692392","100692670","8","1875006"
"chr1","102724271","102724526","chr14","100843604","100843860","8","1880667"
"chr1","102748793","102748928","chr4","95387309","95387448","38","7361484"
"chr1","102754340","102754624","chr14","100872713","100872997","3","1881627"
"chr1","102811379","102811682","chr14","100929765","100930067","12","1881614"
"chr1","102824914","102825212","chr14","100943419","100943713","7","1881495"
"chr1","102850497","102850780","chr7","39061813","39062099","72","63788684"
"chr1","102862139","102862467","chr14","100979859","100980182","12","1882280"
"chr1","102901999","102902312","chr9","117281921","117282235","61","14379922"
"chr1","102905937","102906243","chr14","101023964","101024260","14","1881973"
"chr1","102923292","102923585","chr14","101040603","101040895","11","1882689"
"chr1","102961617","102961914","chr14","101076780","101077068","31","1884837"
"chr1","102971549","102971850","chr14","101086205","101086505","4","1885344"
"chr1","103006114","103006237","chr14","101120094","101120218","6","1886020"
"chr1","103029097","103029408","chr14","101143142","101143448","14","1885955"
"chr1","103098432","103098725","chr14","101213093","101213387","6","1885339"
"chr1","103103969","103104177","chr14","101219616","101219825","4","1884353"
"chr1","103117950","103118254","chr16","69742060","69742362","52","33375890"
"chr1","103132370","103132689","chr8","10996695","10997008","66","92135675"
"chr1","103133171","103133458","chr14","101247773","101248060","5","1885398"
"chr1","103170883","103171089","chr13","28789639","28789847","44","74381244"
"chr1","103181659","103181949","chr14","101296789","101297078","7","1884870"
"chr1","103188651","103188950","chr14","101303150","101303445","8","1885501"
"chr1","103201902","103202209","chr11","115848950","115849252","68","12647048"
"chr1","103209944","103210221","chr14","101323458","101323732","9","1886486"
"chr1","103219592","103219860","chr6","132797282","132797549","53","29577690"
"chr1","103237424","103237683","chr8","35894506","35894750","64","67342918"
"chr1","103254488","103254720","chr1","31088061","31088292","59","72166427"
"chr1","103255084","103255096","chr17","75305381","75305394","7","27949703"
"chr1","103265796","103266086","chr15","38198773","38199065","48","65067023"
"chr1","103289980","103290152","chr14","101405914","101406086","2","1884066"
"chr1","103317319","103317440","chr14","101432753","101432874","2","1884566"
"chr1","103329407","103329701","chr14","101444837","101445131","1","1884570"
"chr1","103334151","103334447","chr14","101449275","101449573","6","1884876"
"chr1","103354853","103355152","chr14","101467847","101468146","4","1887006"
"chr1","103357888","103358111","chr7","145085966","145086197","50","41728078"
"chr1","103376215","103376521","chr14","101490085","101490400","14","1886130"
"chr1","103404573","103404695","chr14","101520451","101520577","4","1884122"
"chr1","103404797","103404923","chr14","101520451","101520577","0","1884346"
"chr1","103435561","103435597","chr7","65483810","65483843","11","37951751"
"chr1","103435625","103435739","chr4","30452516","30452633","23","72983109"
"chr1","103468154","103468319","chr14","101587451","101587616","4","1880703"
"chr1","103482950","103483163","chr14","101603835","101604048","4","1879115"
"chr1","103484392","103484578","chr18","12582891","12583081","50","90901501"
"chr1","103496371","103496559","chr14","101617883","101618073","6","1878488"
"chr1","103508466","103508659","chr14","101628453","101628649","9","1880013"
"chr1","103545423","103545713","chr14","101664431","101664729","18","1880992"
"chr1","103553921","103554231","chr14","101673649","101673959","10","1880272"
"chr1","103573967","103574058","chr7","35078543","35078632","30","68495424"
"chr1","103590332","103590514","chr14","101712729","101712911","3","1877603"
"chr1","103592422","103592574","chr1","2150591","2150745","43","101441831"
"chr1","103628486","103628800","chr14","101747467","101747782","12","1881019"
"chr1","103683976","103684244","chr14","101800971","101801260","25","1883005"
"chr1","103687415","103687651","chr14","101804423","101804662","7","1882992"
"chr1","103717905","103718135","chr14","101834847","101835068","23","1883058"
"chr1","104088608","104088905","chr14","102175762","102176048","24","1912846"
"chr1","104229201","104229506","chr14","102316629","102316929","12","1912572"
"chr1","104266285","104266586","chr14","102354792","102355101","13","1911493"
"chr1","104403328","104403559","chr14","102492402","102492633","7","1910926"
"chr1","104862837","104863112","chr14","102944106","102944381","9","1918731"
"chr1","104869092","104869399","chr14","102950363","102950661","11","1918729"
"chr1","105115955","105116241","chr14","103194102","103194388","9","1921853"
"chr1","105119952","105120206","chr14","103198117","103198372","10","1921835"
"chr1","105137520","105137798","chr14","103219973","103220251","4","1917547"
"chr1","105142749","105143067","chr14","103212796","103213124","20","1929953"
"chr1","105164361","105164488","chr1","217581341","217581464","22","112416980"
"chr1","105165611","105165776","chr14","103240644","103240810","3","1924967"
"chr1","105182288","105182593","chr14","103256715","103257018","12","1925573"
"chr1","105183590","105183752","chr14","103257710","103257870","10","1925880"
"chr1","105212169","105212345","chr14","103285307","103285484","14","1926862"
"chr1","105249466","105249665","chr9","52243259","52243444","61","53006207"
"chr1","105258942","105259250","chr14","103330678","103330988","11","1928264"
"chr1","105263900","105264182","chr14","103335989","103336271","4","1927911"
"chr1","105286492","105286787","chr14","103357896","103358164","31","1928596"
"chr1","105325777","105325932","chr14","103394635","103394780","15","1931142"
"chr1","105326164","105326320","chr6","148217095","148217234","53","42890931"
"chr1","105326468","105326578","chr2","176910755","176910862","29","71584287"
"chr1","105326891","105327094","chr11","49342228","49342423","50","55984663"
"chr1","105328800","105328933","chr14","103397642","103397775","2","1931158"
"chr1","105328944","105329253","chr14","103397786","103398123","36","1931158"
"chr1","105349182","105349427","chr19","28783390","28783642","62","76565792"
"chr1","105353911","105354143","chr16","18783449","18783673","47","86570462"
"chr1","105501257","105501564","chr14","103559615","103559923","16","1941642"
"chr1","105540293","105540419","chr14","103597401","103597525","5","1942892"
"chr1","105575510","105575812","chr14","103631970","103632282","26","1943540"
"chr1","105817692","105818011","chr4","16657168","16657477","69","89160524"
"chr1","105838768","105838928","chr14","103884164","103884325","11","1954604"
"chr1","105914559","105914856","chr14","103957512","103957814","12","1957047"
"chr1","106226356","106226541","chr7","136900840","136901020","35","30674484"
"chr1","106373236","106373376","chr14","104395139","104395279","1","1978097"
"chr1","106404949","106405078","chr1","14279367","14279499","23","92125582"
"chr1","106507374","106507673","chr14","104520783","104521064","22","1986591"
"chr1","106626735","106627033","chr14","104638752","104639043","17","1987983"
"chr1","106662778","106663088","chr6","144224328","144224631","59","37561550"
"chr1","106730313","106730618","chr14","104738500","104738805","11","1991813"
"chr1","106810894","106811145","chr14","104818922","104819174","16","1991972"
"chr1","106928707","106928795","chr14","104934668","104934756","6","1994039"
"chr1","106936282","106936580","chr14","104941764","104942066","9","1994518"
"chr1","106944808","106945113","chr14","104949851","104950155","9","1994957"
"chr1","107031112","107031257","chr19","38341043","38341189","30","68690069"
"chr1","107042019","107042162","chr14","105046992","105047136","7","1995027"
"chr1","107044684","107044966","chr11","101240134","101240418","78","5804550"
"chr1","107046301","107046453","chr10","12418645","12418802","37","94627656"
"chr1","107046464","107046511","chrX","142113732","142113770","17","35067268"
"chr1","107046512","107046745","chr14","105051002","105051269","40","1995510"
"chr1","107053709","107053883","chr1","28517728","28517896","33","78535981"
"chr1","107053909","107054026","chr7","123589542","123589660","18","16535633"
"chr1","107080744","107081103","chr8","20975982","20976323","99","86104762"
"chr1","107109135","107109465","chrX","44539181","44539514","96","62569954"
"chr1","107156747","107157046","chr14","105158678","105158977","9","1998069"
"chr1","107444867","107444991","chr3","108978488","108978612","11","1533621"
"chr1","107515749","107515917","chr14","105513974","105514142","1","2001775"
"chr1","107603281","107603449","chr17","8516683","8516860","45","99086598"
"chr1","107660874","107661157","chr14","105657022","105657319","29","2003852"
"chr1","107667377","107667677","chr14","105663512","105663812","9","2003865"
"chr1","107683116","107683283","chr14","105679164","105679325","9","2003952"
"chr1","107752373","107752525","chr14","105749066","105749218","2","2003307"
"chr1","107764135","107764432","chr14","105761395","105761689","19","2002740"
"chr1","107790354","107790655","chr14","105787903","105788204","10","2002451"
"chr1","108043898","108044186","chr14","106033794","106034081","5","2010104"
"chr1","108101028","108101111","chr18","24592519","24592604","15","83508509"
"chr1","108108981","108109090","chr14","106095827","106095936","2","2013154"
"chr1","108167627","108167919","chr14","106155197","106155499","23","2012430"
"chr1","108168824","108169110","chr14","106156392","106156680","7","2012432"
"chr1","108207963","108208209","chr14","106194325","106194571","7","2013638"
"chr1","108219757","108220046","chr14","106206559","106206848","1","2013198"
"chr1","108269747","108270049","chr14","106256813","106257114","9","2012934"
"chr1","108274448","108274737","chr1","85860621","85860902","50","22413827"
"chr1","108283635","108283759","chr14","106270613","106270737","1","2013022"
"chr1","108302206","108302282","chr3","43246146","43246205","25","65056060"
"chr1","108302589","108302729","chr14","46545228","46545359","32","61757361"
"chr1","108312905","108313184","chr14","106299630","106299900","45","2013275"
"chr1","108318769","108319066","chr14","106304784","106305081","7","2013985"
"chr1","108342529","108342649","chr14","106328416","106328536","3","2014113"
"chr1","108349267","108349390","chr14","106335150","106335271","6","2014117"
"chr1","108350195","108350497","chr14","106336101","106336403","6","2014094"
"chr1","108355312","108355580","chr14","106341237","106341512","13","2014075"
"chr1","108364643","108364934","chr3","35477073","35477365","60","72887570"
"chr1","108369496","108369746","chr14","106355285","106355535","9","2014211"
"chr1","108373434","108373578","chr3","39114315","39114460","29","69259119"
"chr1","108381445","108381759","chr14","106366605","106366920","9","2014840"
"chr1","108384474","108384763","chr14","106369626","106369914","11","2014848"
"chr1","108387100","108387375","chr14","106372249","106372524","7","2014851"
"chr1","108394101","108394213","chr1","101074284","101074399","26","7319817"
"chr1","108406653","108406951","chr15","75206450","75206725","84","33200203"
"chr1","108411847","108411972","chr14","106395833","106395949","11","2016014"
"chr1","108417736","108417929","chr14","106401150","106401346","6","2016586"
"chr1","108424784","108425082","chr14","106408101","106408400","5","2016683"
"chr1","108425787","108425908","chr14","106409104","106409217","10","2016683"
"chr1","108440483","108440780","chr14","106423135","106423432","5","2017348"
"chr1","108446434","108446543","chr14","106428912","106429021","2","2017522"
"chr1","108460691","108460965","chr14","106442866","106443152","21","2017825"
"chr1","108534887","108535044","chr14","106518422","106518561","20","2016465"
"chr1","108608228","108608269","chr6","93924005","93924043","6","14684223"
"chr1","108618761","108619073","chr13","69089354","69089660","68","39529407"
"chr1","108624866","108625145","chr14","106608526","106608805","1","2016340"
"chr1","108632874","108633059","chr8","98047098","98047277","52","10585776"
"chr1","108642385","108642594","chr19","7250569","7250762","52","101391816"
"chr1","108642887","108643021","chr20","4017552","4017678","25","104625335"
"chr1","108644474","108644626","chr14","106627914","106628064","5","2016560"
"chr1","108656197","108656491","chr14","106639420","106639728","25","2016777"
"chr1","108683600","108683703","chr9","20982926","20983029","25","87700674"
"chr1","108685264","108685492","chr14","106667781","106668017","10","2017483"
"chr1","108692982","108693111","chr1","64347249","64347380","26","44345733"
"chr1","108705741","108706080","chr14","106687982","106688344","31","2017759"
"chr1","108715658","108715966","chr14","106698075","106698365","24","2017583"
"chr1","108717099","108717397","chr14","106699501","106699799","8","2017598"
"chr1","108722143","108722455","chr13","110725016","110725316","60","2002873"
"chr1","108739456","108739631","chr7","64951267","64951445","37","43788189"
"chr1","108765350","108765643","chr14","106748676","106748972","6","2016674"
"chr1","108893009","108893326","chr13","69089354","69089660","66","39803655"
"chr1","109410812","109411090","chr14","107381430","107381714","10","2029382"
"chr1","109472206","109472478","chrX","64078914","64079180","59","45393292"
"chr1","109477339","109477656","chr14","107441769","107442096","17","2035570"
"chr1","109493468","109493546","chr14","107457913","107457990","2","2035555"
"chr1","109586158","109586323","chr14","107545353","107545518","4","2040805"
"chr1","109592060","109592326","chr14","107551205","107551470","8","2040855"
"chr1","109654624","109654787","chr14","107609720","107609882","3","2044904"
"chr1","109657158","109657457","chr14","107612245","107612543","3","2044913"
"chr1","109669124","109669415","chr1","85860621","85860902","52","23808503"
"chr1","109670013","109670285","chr19","38260341","38260611","67","71409672"
"chr1","109713754","109714060","chr1","220320956","220321247","67","110607202"
"chr1","109759695","109759997","chr14","107714503","107714807","7","2045192"
"chr1","109782672","109782847","chr14","107728039","107728215","4","2054633"
"chr1","109815184","109815452","chr14","107767706","107767973","5","2047478"
"chr1","109834430","109834607","chr1","85260492","85260663","38","24573938"
"chr1","109834888","109835027","chr4","151791608","151791740","31","41956720"
"chr1","109838914","109839070","chr14","107792097","107792253","3","2046817"
"chr1","109840067","109840186","chr14","107793261","107793380","0","2046806"
"chr1","109841921","109842228","chr14","107795098","107795405","3","2046823"
"chr1","109847422","109847554","chr16","45304312","45304443","17","64543110"
"chr1","109850913","109851144","chr14","107804430","107804661","6","2046483"
"chr1","109851878","109851992","chr1","211875434","211875540","33","102023556"
"chr1","109863743","109863903","chr14","107817149","107817308","4","2046594"
"chr1","109871252","109871587","chr14","107824662","107824998","7","2046590"
"chr1","109882106","109882398","chr14","107835668","107835966","11","2046438"
"chr1","109892255","109892523","chr14","107845889","107846156","2","2046366"
"chr1","109893531","109893818","chr14","107847434","107847723","15","2046097"
"chr1","109934052","109934337","chr14","107887439","107887724","7","2046613"
"chr1","109935353","109935514","chr14","107888739","107888900","1","2046614"
"chr1","109941367","109941467","chr7","131272609","131272705","26","21331242"
"chr1","109941777","109941795","chr8","40522869","40522882","7","69418908"
"chr1","109952730","109953057","chr14","107907849","107908180","16","2044881"
"chr1","109988545","109988715","chr14","107944342","107944513","3","2044203"
"chr1","110101726","110101850","chr14","108061684","108061802","7","2040042"
"chr1","110134919","110135187","chr14","108086899","108087183","20","2048020"
"chr1","110143536","110143728","chr14","108095597","108095765","26","2047939"
"chr1","110158732","110159041","chr14","108111948","108112257","31","2046784"
"chr1","110189852","110190166","chr13","10730962","10731272","61","99458890"
"chr1","110195610","110195690","chr14","108146291","108146371","2","2049319"
"chr1","110208174","110208480","chr14","108159723","108160034","10","2048451"
"chr1","110208585","110208729","chr2","185560426","185560568","35","75351841"
"chr1","110214182","110214484","chr14","108161196","108161500","10","2052986"
"chr1","110235180","110235479","chr14","108191309","108191608","4","2043871"
"chr1","110239160","110239286","chr14","108195742","108195851","25","2043418"
"chr1","110239926","110240185","chr14","108196454","108196745","34","2043472"
"chr1","110245159","110245457","chr9","112447531","112447840","64","2202372"
"chr1","110262310","110262464","chr14","108219388","108219542","2","2042922"
"chr1","110315063","110315397","chr18","15222822","15223169","67","95092241"
"chr1","110315549","110315869","chr11","115848950","115849252","86","5533401"
"chr1","110318141","110318318","chr14","108281106","108281277","7","2037035"
"chr1","110322092","110322430","chr14","108274861","108275199","6","2047231"
"chr1","110327705","110327856","chr7","121748871","121749021","30","11421166"
"chr1","110328451","110328506","chr8","10040731","10040771","27","100287720"
"chr1","110328843","110328961","chr18","12339166","12339282","18","97989677"
"chr1","110336737","110336987","chr14","108295720","108295970","3","2041017"
"chr1","110352963","110353139","chr14","108311488","108311663","3","2041475"
"chr1","110355867","110356005","chr3","161233673","161233808","24","50877806"
"chr1","110356297","110356437","chrX","10436162","10436292","40","99920135"
"chr1","110378056","110378122","chr4","6076216","6076283","21","104301840"
"chr1","110410420","110410571","chr14","108370007","108370159","3","2040413"
"chr1","110415873","110416139","chr7","58691889","58692160","61","51723984"
"chr1","110424734","110425045","chr14","108386760","108387054","27","2037974"
"chr1","110468754","110469063","chr14","108433242","108433551","3","2035512"
"chr1","110487954","110488266","chr5","46502107","46502402","73","63985847"
"chr1","110512294","110512604","chr14","108477710","108478020","10","2034584"
"chr1","110539195","110539360","chr16","3930638","3930802","30","106608557"
"chr1","110539597","110539740","chr15","7461808","7461949","28","103077789"
"chr1","110553928","110554094","chr14","108520249","108520415","4","2033679"
"chr1","110554577","110554738","chr8","9842855","9843014","51","100711722"
"chr1","110555030","110555159","chr10","81042856","81042981","19","29512174"
"chr1","110576763","110576930","chr14","108544321","108544488","3","2032442"
"chr1","110589376","110589542","chr14","108555857","108556024","2","2033519"
"chr1","110606475","110606637","chr14","108572726","108572885","9","2033749"
"chr1","110628177","110628297","chr15","88438615","88438736","17","22189562"
"chr1","110628597","110628766","chr3","37236924","37237094","39","73391673"
"chr1","110630843","110630959","chr14","108601340","108601453","3","2029503"
"chr1","110653851","110654145","chr14","108624973","108625267","11","2028878"
"chr1","110658514","110658779","chr14","108629738","108629941","64","2028776"
"chr1","110665893","110666184","chr14","108636449","108636748","20","2029444"
"chr1","110667213","110667308","chr14","108637764","108637859","0","2029449"
"chr1","110728630","110728878","chr14","108699511","108699759","8","2029119"
"chr1","110817978","110818295","chrX","69865145","69865442","84","40952833"
"chr1","110860170","110860339","chr14","108824076","108824241","9","2036094"
"chr1","110885172","110885492","chr14","108847010","108847326","16","2038162"
"chr1","110891815","110892090","chr14","108852693","108852967","8","2039122"
"chr1","110921003","110921301","chr14","108881724","108882022","6","2039279"
"chr1","110941304","110941532","chr14","108902014","108902240","6","2039290"
"chr1","110949735","110950016","chr14","108910066","108910338","14","2039669"
"chr1","110988434","110988720","chr14","108948602","108948892","7","2039832"
"chr1","110990041","110990162","chr9","89445497","89445617","17","21544544"
"chr1","110998453","110998575","chr14","108958059","108958181","6","2040394"
"chr1","110999197","110999428","chr14","108958940","108959174","10","2040257"
"chr1","111155991","111156171","chr10","7690859","7691030","50","103465132"
"chr1","111215813","111216066","chrX","90959394","90959649","60","20256419"
"chr1","111310025","111310144","chr1","90344933","90345053","28","20965092"
"chr1","111385761","111386050","chr14","109331769","109332058","11","2053992"
"chr1","111476596","111476901","chr14","109417646","109417951","0","2058950"
"chr1","111617926","111618185","chr3","153892874","153893134","70","42274948"
"chr1","111653802","111653949","chr14","109592039","109592187","4","2061763"
"chr1","111725450","111725745","chr14","109662869","109663168","8","2062581"
"chr1","111785194","111785493","chr14","109722205","109722505","9","2062989"
"chr1","111879853","111880138","chr14","109815994","109816279","8","2063859"
"chr1","111907263","111907573","chr14","109843252","109843562","8","2064011"
"chr1","111907741","111908059","chr14","109843252","109843562","56","2064489"
"chr1","111908395","111908707","chr14","109843252","109843562","16","2065143"
"chr1","111976196","111976218","chr1","49605714","49605731","9","62370482"
"chr1","111976497","111976673","chr10","79836868","79837032","48","32139629"
"chr1","111978757","111979040","chr14","109910595","109910886","16","2068162"
"chr1","111984295","111984458","chr14","109915655","109915818","2","2068640"
"chr1","111989202","111989362","chr14","109920324","109920484","7","2068878"
"chr1","112019114","112019191","chr14","109949272","109949350","4","2069842"
"chr1","112034681","112034967","chr14","109964342","109964628","4","2070339"
"chr1","112101482","112101789","chr9","55599796","55600094","55","56501686"
"chr1","112392707","112393021","chr3","131199612","131199923","52","18806905"
"chr1","112446936","112447195","chr14","110351329","110351589","6","2095607"
"chr1","112457303","112457591","chr14","110361322","110361615","14","2095981"
"chr1","112584040","112584322","chr14","110493853","110494135","8","2090187"
"chr1","112613294","112613593","chr13","118392627","118392926","53","5779333"
"chr1","112617556","112617822","chr3","52436427","52436695","55","60181129"
"chr1","112654340","112654524","chr14","110562526","110562710","3","2091814"
"chr1","112726516","112726787","chr1","43175749","43176012","55","69550767"
"chr1","112770639","112770767","chr6","135155487","135155619","20","22384848"
"chr1","112821077","112821209","chr1","39889584","39889713","22","72931493"
"chr1","112825521","112825795","chr14","110725187","110725461","5","2100334"
"chr1","112829667","112829814","chr9","113639441","113639586","25","809774"
"chr1","112830102","112830135","chr13","103141007","103141035","11","9689095"
"chr1","112919945","112920252","chr14","110819918","110820225","12","2100027"
"chr1","112996443","112996700","chr1","218501116","218501377","78","105504673"
"chr1","113163537","113163662","chr13","5913315","5913439","21","107250222"
"chr1","113531441","113531604","chr5","34267924","34268082","34","79263517"
"chr1","113547040","113547203","chr2","103903931","103904093","33","9643109"
"chr1","113547243","113547371","chr3","149402615","149402739","23","35855372"
"chr1","113620277","113620571","chr14","111501349","111501640","9","2118928"
"chr1","113689597","113689892","chr14","111568320","111568617","9","2121277"
"chr1","113740171","113740464","chr14","111619025","111619317","2","2121146"
"chr1","114039365","114039420","chr8","17521314","17521371","10","96518051"
"chr1","114040071","114040221","chr14","111920276","111920402","25","2119795"
"chr1","114064647","114064913","chr14","111935574","111935856","24","2129073"
"chr1","114083240","114083529","chr14","111952914","111953202","10","2130326"
"chr1","114101992","114102129","chrX","41141731","41141864","28","72960261"
"chr1","114128112","114128421","chr14","111999450","111999760","12","2128662"
"chr1","114142370","114142640","chr14","112013517","112013800","23","2128853"
"chr1","114153469","114153647","chr14","112031976","112032153","8","2121493"
"chr1","114203445","114203595","chr14","112069928","112070078","4","2133517"
"chr1","114219897","114220185","chr14","112087169","112087440","21","2132728"
"chr1","114254035","114254318","chr14","112124460","112124739","18","2129575"
"chr1","114258705","114258864","chr14","112129161","112129320","4","2129544"
"chr1","114271589","114271749","chr8","9041388","9041544","34","105230201"
"chr1","114290589","114290894","chr1","49504013","49504312","64","64786576"
"chr1","114433444","114433741","chr17","7881220","7881520","51","106552224"
"chr1","114486820","114487153","chr14","112348755","112349089","13","2138065"
"chr1","114488594","114488876","chr14","112350521","112350765","46","2138073"
"chr1","114503594","114503880","chr14","112365287","112365573","8","2138307"
"chr1","114510718","114510845","chr14","112377000","112377124","8","2133718"
"chr1","114554658","114554820","chr1","160161699","160161861","42","45607041"
"chr1","114577129","114577394","chr14","112447357","112447624","7","2129772"
"chr1","114617526","114617664","chr13","90598152","90598287","27","24019374"
"chr1","114617976","114618154","chr4","28695728","28695906","46","85922248"
"chr1","114628821","114629120","chr14","112497273","112497581","53","2131548"
"chr1","114629133","114629270","chr1","39889584","39889713","23","74739549"
"chr1","114658233","114658507","chr8","123294216","123294504","71","8635983"
"chr1","114659548","114659765","chr13","28789639","28789847","46","85869909"
"chr1","114688114","114688401","chr14","112554308","112554588","13","2133806"
"chr1","114691361","114691485","chr14","112557401","112557525","2","2133960"
"chr1","114729688","114729978","chr14","112593898","112594189","6","2135790"
"chr1","114735144","114735280","chr14","112599340","112599496","23","2135804"
"chr1","114787233","114787521","chr14","112650015","112650299","7","2137218"
"chr1","114841766","114842054","chr14","112701526","112701811","5","2140240"
"chr1","114850365","114850669","chr16","24177960","24178263","57","90672405"
"chr1","114856526","114856710","chr10","59045601","59045800","56","55810925"
"chr1","114856722","114856987","chr14","112717027","112717308","25","2139695"
"chr1","114860989","114861189","chr1","25542459","25542657","57","89318530"
"chr1","114866243","114866370","chr14","112726122","112726249","0","2140121"
"chr1","114871246","114871531","chr5","104004974","104005252","77","10866272"
"chr1","114911059","114911135","chr14","112771008","112771083","1","2140051"
"chr1","114912139","114912442","chr14","112772096","112772391","15","2140043"
"chr1","114919497","114919812","chr14","112779337","112779662","23","2140160"
"chr1","114947712","114947885","chr6","166416162","166416336","43","51468450"
"chr1","114953430","114953718","chr14","112812693","112812992","18","2140737"
"chr1","115010177","115010452","chr14","112869018","112869295","6","2141159"
"chr1","115011101","115011291","chr14","112869938","112870131","8","2141163"
"chr1","115031955","115032257","chr14","112890130","112890435","9","2141825"
"chr1","115068686","115068951","chr14","112925192","112925456","11","2143494"
"chr1","115076680","115076804","chr13","116495251","116495365","23","1418571"
"chr1","115082272","115082430","chrX","45457197","45457372","56","69625075"
"chr1","115099912","115100034","chr14","112954888","112955001","15","2145024"
"chr1","115310502","115310741","chr19","28722612","28722867","64","86587890"
"chr1","115332369","115332658","JH680372","6024","6318","23","115326345"
"chr1","115544631","115544908","chr14","113443959","113444232","12","2100672"
"chr1","115624777","115625066","chr14","113520948","113521237","4","2103829"
"chr1","115707246","115707377","chr14","113598962","113599093","2","2108284"
"chr1","115764918","115765237","chr14","113653907","113654225","7","2111011"
"chr1","115805982","115806195","chr14","113696015","113696228","6","2109967"
"chr1","115820778","115820882","chr6","32615778","32615877","25","83205000"
"chr1","115825108","115825415","chr4","144793657","144793940","82","28968549"
"chr1","115850690","115850988","chrX","107746496","107746795","63","8104194"
"chr1","115871314","115871635","chr14","113760146","113760464","8","2111168"
"chr1","115876822","115877123","chr14","113765650","113765951","5","2111172"
"chr1","115919258","115919536","chr11","489490","489768","60","115429768"
"chr1","115944844","115945033","chr3","78136377","78136543","56","37808467"
"chr1","115945611","115945937","chr14","113833815","113834141","6","2111796"
"chr1","115978362","115978493","chr14","113866574","113866705","3","2111788"
"chr1","116084663","116084945","chr14","113967302","113967585","8","2117361"
"chr1","116354549","116354845","chr14","114224636","114224934","9","2129913"
"chr1","116590920","116591034","chr5","19375736","19375852","20","97215184"
"chr1","116621100","116621372","chr14","114487869","114488149","16","2133231"
"chr1","116639430","116639727","chr14","114505978","114506275","5","2133452"
"chr1","116640568","116640860","chr14","114507118","114507412","9","2133450"
"chr1","116641643","116641924","chr14","114508191","114508472","4","2133452"
"chr1","116641932","116642109","chr8","98260927","98261097","38","18381005"
"chr1","116642135","116642243","chr1","90811429","90811536","21","25830706"
"chr1","116642253","116642398","chr6","125911267","125911421","39","9269014"
"chr1","116665280","116665447","chr14","114531808","114531969","14","2133472"
"chr1","116676882","116677005","chr9","51852602","51852725","16","64824280"
"chr1","116741003","116741302","chr14","114610519","114610822","15","2130484"
"chr1","116741647","116741938","chr14","114611629","114611920","8","2130018"
"chr1","116760183","116760468","chr14","114630777","114631062","3","2129406"
"chr1","116767242","116767408","chr14","114637491","114637650","8","2129751"
"chr1","116795542","116795842","chr14","114665585","114665884","15","2129957"
"chr1","116798573","116798680","chr14","114668621","114668728","3","2129952"
"chr1","116996280","116996403","chr14","114875802","114875928","6","2120478"
"chr1","117068281","117068557","chr14","114955472","114955748","6","2112809"
"chr1","117124737","117124987","chr14","115012610","115012858","8","2112127"
"chr1","117128098","117128373","chr14","115015774","115016049","12","2112324"
"chr1","117161336","117161615","chr14","115049120","115049399","8","2112216"
"chr1","117208888","117209185","chr2","66770115","66770407","69","50438773"
"chr1","117305749","117305953","chr14","115194424","115194629","9","2111325"
"chr1","117310536","117310828","chr14","115199543","115199831","15","2110993"
"chr1","117377884","117378175","chr14","115267897","115268182","14","2109987"
"chr1","117387117","117387414","chr14","115277413","115277693","29","2109704"
"chr1","117447445","117447705","chr12","101273965","101274253","76","16173480"
"chr1","117484770","117484852","chr6","73696379","73696456","21","43788391"
"chr1","117513748","117513868","chr14","115400649","115400769","3","2113099"
"chr1","117517556","117517869","chr14","115404433","115404739","13","2113123"
"chr1","117520629","117520814","chr14","115407506","115407674","22","2113123"
"chr1","117569230","117569353","chr14","115456276","115456394","6","2112954"
"chr1","117593029","117593376","chr14","115480202","115480542","31","2112827"
"chr1","117741123","117741409","chr14","115628796","115629082","11","2112327"
"chr1","117802957","117803220","chr14","115688164","115688426","14","2114793"
"chr1","117826834","117827144","chr14","115712377","115712677","19","2114457"
"chr1","117930151","117930320","chr14","115815150","115815318","3","2115001"
"chr1","118277945","118278241","chr14","116152942","116153257","45","2125003"
"chr1","118319575","118319884","chr19","17040440","17040745","56","101279135"
"chr1","118504888","118505182","chr14","116371045","116371344","16","2133843"
"chr1","119187888","119188040","chr14","117035716","117035872","10","2152172"
"chr1","119495035","119495322","chr14","117335651","117335939","11","2159384"
"chr1","119501165","119501332","chr14","117342454","117342622","6","2158711"
"chr1","119925696","119925993","chr14","117760414","117760710","8","2165282"
"chr1","119959521","119959699","chr2","20705096","20705268","47","99254425"
"chr1","119981292","119981315","chr20","49216577","49216598","7","70764715"
"chr1","119981366","119981657","chr11","2341511","2341799","53","117639855"
"chr1","120330356","120330638","chr14","118142286","118142569","7","2188070"
"chr1","120367160","120367276","chr20","52216539","52216653","24","68150621"
"chr1","120386492","120386760","chr14","118205855","118206125","6","2180637"
"chr1","120407289","120407564","chr14","118226236","118226523","22","2181053"
"chr1","120528243","120528512","chr14","118343745","118344017","8","2184498"
"chr1","120532283","120532574","chr14","118347777","118348069","14","2184506"
"chr1","120634929","120635208","chr14","118453990","118454266","9","2180939"
"chr1","120643103","120643392","chr5","36006065","36006355","57","84637038"
"chr1","120838783","120839045","chr14","118665021","118665283","8","2173762"
"chr1","120844948","120845126","chr3","46023413","46023578","52","74821535"
"chr1","120848063","120848355","chr14","118674585","118674877","7","2173478"
"chr1","120917321","120917610","chr14","118737594","118737882","9","2179727"
"chr1","120969976","120970109","chr14","118789360","118789493","5","2180616"
"chr1","120988434","120988745","chr14","118808186","118808496","11","2180248"
"chr1","121023995","121024130","chr14","118843227","118843362","3","2180768"
"chr1","121061643","121061780","chr9","26915565","26915701","32","94146078"
"chr1","121071301","121071433","chr5","33425687","33425822","21","87645614"
"chr1","121071772","121071927","chr14","118886376","118886532","6","2185396"
"chr1","121079651","121079958","chr14","118894004","118894314","10","2185647"
"chr1","121087253","121087540","chr19","44901522","44901811","63","76185731"
"chr1","121098749","121098875","chr14","118912676","118912803","9","2186073"
"chr1","121102490","121102786","chr14","118916183","118916481","9","2186307"
"chr1","121108570","121108863","chr14","118922104","118922396","9","2186466"
"chr1","121281094","121281371","chr14","119088558","119088835","8","2192536"
"chr1","121291037","121291285","chr14","119098613","119098861","2","2192424"
"chr1","121295271","121295573","chr14","119112424","119112725","6","2182847"
"chr1","121313761","121314050","chrX","101607206","101607489","10","19706555"
"chr1","121348607","121348913","chr14","119167795","119168103","10","2180812"
"chr1","121359486","121359774","chrX","126132845","126133127","72","4773359"
"chr1","121377509","121377630","chr14","119194806","119194927","2","2182703"
"chr1","121385848","121386086","chr14","119202897","119203135","5","2182951"
"chr1","121398555","121398692","chr1","135097790","135097920","29","13699235"
"chr1","121407392","121407709","chr14","119224884","119225202","12","2182508"
"chr1","121437820","121437951","chr1","25938649","25938779","23","95499171"
"chr1","121464693","121465009","chr13","72279055","72279366","59","49185638"
"chr1","121475163","121475458","chr14","119294676","119294974","10","2180487"
"chr1","121509358","121509481","chr16","59467809","59467934","21","62041549"
"chr1","121509516","121509576","chr20","8918554","8918613","17","112590962"
"chr1","121515895","121516071","chr14","119335005","119335181","3","2180890"
"chr1","121581927","121582081","chr8","70097392","70097551","28","51484535"
"chr1","121588184","121588322","chr14","119405970","119406087","25","2182214"
"chr1","121611370","121611654","chr14","119429049","119429344","24","2182321"
"chr1","121657505","121657787","chr3","35441535","35441830","65","86215970"
"chr1","122013825","122014148","chr14","119840624","119840945","16","2173201"
"chr1","122047023","122047333","chr13","69089354","69089660","61","52957669"
"chr1","122168683","122168802","chr14","119997233","119997352","3","2171450"
"chr1","122196745","122196997","chr14","120025312","120025564","15","2171433"
"chr1","122420504","122420801","chr14","120252038","120252336","11","2168466"
"chr1","122546417","122546700","chr14","120379715","120379999","11","2166702"
"chr1","122658879","122659162","chr14","120492510","120492793","10","2166369"
"chr1","122746888","122747165","chr14","120582216","120582515","27","2164672"
"chr1","122760610","122760926","chr14","120595906","120596220","6","2164704"
"chr1","123123343","123123594","chr8","37220903","37221166","80","85902440"
"chr1","123140094","123140313","chr15","41638869","41639077","56","81501225"
"chr1","123143016","123143317","chr15","100949741","100950035","75","22193275"
"chr1","123170501","123170676","chr14","120996393","120996565","12","2174108"
"chr1","123236369","123236661","chr14","121060698","121060971","28","2175671"
"chr1","123403441","123403734","chr14","121222609","121222908","9","2180832"
"chr1","123591147","123591445","chr14","121403893","121404196","10","2187254"
"chr1","123619306","123619678","chr9","7599573","7599919","114","116019733"
"chr1","124495481","124495624","chr14","122301866","122302015","10","2193615"
"chr1","124627872","124628025","chr14","122433101","122433265","15","2194771"
"chr1","125023429","125023589","chr14","122813716","122813876","5","2209713"
"chr1","125062140","125062433","chr14","122852456","122852753","11","2209684"
"chr1","125071195","125071424","chr14","122861637","122861865","8","2209558"
"chr1","125075046","125075275","chr14","122861637","122861865","8","2213409"
"chr1","125080342","125080633","chr14","122869283","122869559","19","2211059"
"chr1","125115980","125116264","chr14","122904796","122905079","5","2211184"
"chr1","125120744","125121006","chr14","122909462","122909772","58","2211282"
"chr1","125157378","125157654","chr14","122944476","122944752","6","2212902"
"chr1","125160803","125160856","chr8","75919998","75920049","10","49240805"
"chr1","125161157","125161258","chr15","1225011","1225111","31","123936146"
"chr1","125175094","125175316","chr20","70071196","70071414","47","55103898"
"chr1","125176528","125176840","chr14","122963806","122964111","20","2212722"
"chr1","125245047","125245386","chr14","123029994","123030339","14","2215053"
"chr1","125271082","125271210","chr14","123055933","123056061","3","2215149"
"chr1","125277688","125277992","chr14","123062855","123063160","12","2214833"
"chr1","125296035","125296129","chr14","123081466","123081565","8","2214569"
"chr1","125334484","125334780","chr10","29159116","29159410","62","96175368"
"chr1","125342200","125342506","chr14","123127435","123127705","46","2214765"
"chr1","125342522","125342621","chr9","50432420","50432519","21","74910102"
"chr1","125448279","125448443","chr11","1521502","1521659","32","123926777"
"chr1","125448760","125448778","chr6","133330208","133330220","8","7881448"
"chr1","125471130","125471423","chr14","123252644","123252937","8","2218486"
"chr1","125820484","125820769","chr14","123595676","123595961","4","2224808"
"chr1","125924545","125924797","chr20","8512638","8512879","78","117411907"
"chr1","125992231","125992324","chr2","152109306","152109398","22","26117075"
"chr2","16514993","16515240","chr10","16871021","16871267","12","356028"
"chr2","35913617","35913935","chr10","32641512","32641842","20","3272105"
"chr2","58195671","58195969","chr3","44936009","44936310","62","13259662"
"chr2","82575134","82575450","chr3","7942340","7942649","27","74632794"
"chr2","25854","26198","chrX","51007870","51008168","97","50982016"
"chr2","120924","121058","chr3","31460946","31461082","24","31340022"
"chr2","245991","246255","chr4","87066181","87066444","64","86820190"
"chr2","250737","251035","chr10","287985","288285","9","37248"
"chr2","302688","302985","chr10","343741","344038","3","41053"
"chr2","320129","320200","chrX","45624497","45624565","17","45304368"
"chr2","341627","341879","chr10","390051","390304","4","48424"
"chr2","358262","358558","chr10","405994","406290","9","47732"
"chr2","413227","413388","chr3","43807268","43807431","30","43394041"
"chr2","413730","413741","chr19","32678666","32678677","4","32264936"
"chr2","414095","414243","chr4","102434054","102434182","32","102019959"
"chr2","432235","432366","chr18","29507418","29507545","26","29075183"
"chr2","432671","432786","chr19","15949508","15949612","29","15516837"
"chr2","513767","514039","chr10","567452","567736","15","53685"
"chr2","544468","544813","chr10","598844","599133","65","54376"
"chr2","588367","588650","chr12","77856651","77856943","57","77268284"
"chr2","592733","593050","chr10","656035","656345","15","63302"
"chr2","607117","607416","chr1","109986397","109986691","62","109379280"
"chr2","677729","677944","chr10","732023","732233","12","54294"
"chr2","682094","682362","chr10","739798","740066","10","57704"
"chr2","700265","700564","chr10","757495","757797","11","57230"
"chr2","703587","703710","chr12","93788821","93788945","19","93085234"
"chr2","736195","736363","chr10","797388","797552","17","61193"
"chr2","736364","736660","chr10","797554","797850","5","61190"
"chr2","748817","748951","chr10","809464","809598","4","60647"
"chr2","976771","977070","chr5","12231358","12231648","63","11254587"
"chr2","989831","990122","chr10","1075848","1076139","4","86017"
"chr2","992074","992323","chr10","1078261","1078481","30","86187"
"chr2","995235","995485","chr10","1078261","1078481","31","83026"
"chr2","1134057","1134353","chr4","52586133","52586439","59","51452076"
"chr2","1135678","1135978","chr6","134760313","134760616","64","133624635"
"chr2","1245316","1245599","chr10","1334270","1334572","26","88954"
"chr2","1283934","1284181","chr10","1373990","1374226","14","90056"
"chr2","1289241","1289497","chr10","1379290","1379537","19","90049"
"chr2","1299712","1299862","chr10","1390674","1390818","9","90962"
"chr2","1307763","1307884","chr10","1398931","1399052","2","91168"
"chr2","1370176","1370469","chr10","1460888","1461184","9","90712"
"chr2","1375591","1375608","chr8","40522869","40522882","8","39147278"
"chr2","1375917","1375988","chr11","124554268","124554336","19","123178351"
"chr2","1760857","1761001","chrX","120386450","120386590","29","118625593"
"chr2","1761295","1761461","chr10","19384137","19384299","33","17622842"
"chr2","1772343","1772601","chr4","35476787","35477050","56","33704444"
"chr2","1797838","1798143","chr10","1883767","1884072","5","85929"
"chr2","1942652","1942934","chr10","2033785","2034064","14","91133"
"chr2","1977802","1978105","chr10","2070409","2070720","13","92607"
"chr2","1990003","1990303","chr4","154143890","154144178","64","152153887"
"chr2","2041998","2042286","chr10","2135372","2135673","35","93374"
"chr2","2042613","2042893","chr10","2135686","2135966","12","93073"
"chr2","2059800","2059895","chr10","2153060","2153155","2","93260"
"chr2","2061748","2062041","chr10","2155039","2155339","10","93291"
"chr2","2124635","2124955","chr10","2220019","2220350","30","95384"
"chr2","2132003","2132268","chr2","173731266","173731532","53","171599263"
"chr2","2143093","2143387","chr10","2239240","2239534","2","96147"
"chr2","2143875","2144173","chr10","2240029","2240327","2","96154"
"chr2","2155144","2155451","chr6","65039019","65039342","80","62883875"
"chr2","2164570","2164827","chr10","2256990","2257250","6","92420"
"chr2","2259090","2259404","chr10","2358395","2358707","13","99305"
"chr2","2263971","2264210","chr3","178304084","178304331","65","176040113"
"chr2","2417524","2417806","chr10","2516428","2516717","17","98904"
"chr2","2793415","2793717","chr5","3044008","3044312","66","250593"
"chr2","2828459","2828680","chr10","2970381","2970603","10","141922"
"chr2","2841459","2841777","chr10","2983650","2983967","14","142191"
"chr2","2854240","2854499","chr10","2996596","2996855","4","142356"
"chr2","2856154","2856465","chr10","2998506","2998817","7","142352"
"chr2","2881998","2882197","chr10","3025547","3025746","2","143549"
"chr2","2921889","2922115","chr20","70071196","70071414","49","67149307"
"chr2","3077643","3077947","chr10","3221885","3222197","21","144242"
"chr2","3090192","3090513","chr10","3234467","3234789","14","144275"
"chr2","3153829","3154130","chr10","3299316","3299617","11","145487"
"chr2","3190465","3190773","chr10","3335618","3335910","27","145153"
"chr2","3508291","3508594","chr10","3646343","3646646","5","138052"
"chr2","3555196","3555318","chr10","3692832","3692938","19","137636"
"chr2","3842238","3842498","chr10","3986105","3986365","8","143867"
"chr2","3921059","3921354","chr10","4063864","4064161","30","142805"
"chr2","4078261","4078604","chr8","112908129","112908464","87","108829868"
"chr2","4404377","4404658","chr10","4546153","4546444","12","141776"
"chr2","4754383","4754610","chr10","4901683","4901910","2","147300"
"chr2","4766066","4766188","chr1","92851869","92851992","15","88085803"
"chr2","4766512","4766707","chr7","17349222","17349406","47","12582710"
"chr2","4789619","4789922","chr10","4936603","4936904","17","146984"
"chr2","4864879","4865185","chr10","5011514","5011815","12","146635"
"chr2","4939088","4939257","chr14","63372422","63372593","46","58433334"
"chr2","4998904","4999219","chr10","5142966","5143259","25","144062"
"chr2","5006165","5006551","chr10","5150278","5150654","18","144113"
"chr2","5148387","5148641","chr16","1647845","1648104","56","3500542"
"chr2","5169275","5169417","chr11","110720558","110720704","29","105551283"
"chr2","5183654","5183924","chr10","5327636","5327910","33","143982"
"chr2","5188709","5188848","chr10","5336346","5336486","5","147637"
"chr2","5209901","5210182","chr10","5358747","5359028","3","148846"
"chr2","5215761","5215910","chr10","5376692","5376841","1","160931"
"chr2","5363907","5364040","chr10","5514869","5515002","4","150962"
"chr2","5635217","5635528","chr10","5783468","5783771","16","148251"
"chr2","5679547","5679845","chr10","5828681","5828980","11","149134"
"chr2","5694607","5694842","chr10","5843756","5843994","9","149149"
"chr2","5699379","5699519","chr10","5853901","5854063","28","154522"
"chr2","5746415","5746629","chr10","5896932","5897098","53","150517"
"chr2","5907643","5907937","chr10","6064470","6064771","10","156827"
"chr2","5919069","5919372","chr6","119684902","119685190","69","113765833"
"chr2","5977870","5978174","chr4","103780277","103780583","58","97802407"
"chr2","6000043","6000322","chr10","6156217","6156495","6","156174"
"chr2","6066174","6066460","chr10","6221881","6222167","4","155707"
"chr2","6210612","6210915","chr10","6365132","6365433","10","154520"
"chr2","6318829","6319042","chr6","133900932","133901137","37","127582103"
"chr2","6335028","6335319","chr10","6488937","6489227","6","153909"
"chr2","6343297","6343569","chr10","6501736","6502008","9","158439"
"chr2","6344547","6344825","chr10","6502985","6503263","0","158438"
"chr2","6353400","6353511","chr14","16384997","16385106","22","10031597"
"chr2","6353898","6354084","chr3","44009149","44009329","49","37655251"
"chr2","6392198","6392501","chr10","6550438","6550733","19","158240"
"chr2","6394610","6394945","chr10","6552894","6553207","32","158284"
"chr2","6466791","6467086","chr10","6624542","6624837","5","157751"
"chr2","6478106","6478380","chr10","6635519","6635790","12","157413"
"chr2","6478418","6478437","chr6","172915280","172915296","7","166436862"
"chr2","6565151","6565282","chr10","6721495","6721626","5","156344"
"chr2","6583103","6583221","chr10","6740249","6740368","7","157146"
"chr2","6605904","6606209","chr10","6763799","6764109","14","157895"
"chr2","6609991","6610252","chr10","6767900","6768171","14","157909"
"chr2","6611762","6612060","chr10","6769658","6769956","7","157896"
"chr2","6616853","6617160","chr3","39639304","39639603","64","33022451"
"chr2","6627185","6627489","chr10","6785533","6785841","10","158348"
"chr2","6668892","6669186","chr13","103157704","103157992","56","96488812"
"chr2","6688625","6688770","chr7","123883480","123883617","41","117194855"
"chr2","6689064","6689233","JH681718","2251","2420","36","6686813"
"chr2","6691722","6691884","chr10","6854434","6854599","15","162712"
"chr2","6782585","6782755","chr10","6945283","6945425","30","162698"
"chr2","6796688","6796852","chr10","6959472","6959628","11","162784"
"chr2","6799926","6800238","chr10","6963030","6963343","12","163104"
"chr2","6838484","6838795","chr10","7000480","7000793","10","161996"
"chr2","6913098","6913232","chr3","39654914","39655050","18","32741816"
"chr2","6942122","6942421","chr10","7101944","7102244","16","159822"
"chr2","6962418","6962623","chr10","7122453","7122657","11","160035"
"chr2","7064320","7064599","chr10","7216827","7217106","8","152507"
"chr2","7098849","7099104","chr10","7251955","7252210","9","153106"
"chr2","7146896","7147171","chr10","7299144","7299419","7","152248"
"chr2","7156875","7157179","chr10","7308376","7308686","19","151501"
"chr2","7165880","7166111","chr10","7317399","7317662","47","151519"
"chr2","7235969","7236164","chr6","169355916","169356113","39","162119947"
"chr2","7240527","7240726","chr1","2133543","2133734","34","5106984"
"chr2","7304400","7304704","chr2","63240548","63240846","67","55936148"
"chr2","7328718","7328869","chr2","41392977","41393129","30","34064259"
"chr2","7328896","7328976","chr1","15066667","15066744","16","7737771"
"chr2","7452471","7452754","chr10","7606652","7606947","24","154181"
"chr2","7460890","7461186","chr10","7626810","7627105","7","165920"
"chr2","7467126","7467420","chr10","7631526","7631825","9","164400"
"chr2","7469798","7470106","chr10","36226337","36226641","70","28756539"
"chr2","7508050","7508351","chr10","7668395","7668696","7","160345"
"chr2","7511051","7511186","chr10","7671394","7671529","1","160343"
"chr2","7514338","7514645","chr11","25261833","25262133","55","17747495"
"chr2","7517639","7517938","chr7","131944095","131944393","57","124426456"
"chr2","7528246","7528413","chr10","7690859","7691030","27","162613"
"chr2","7531314","7531486","chr10","7693906","7694077","7","162592"
"chr2","7554654","7554959","chr10","7717649","7717914","71","162995"
"chr2","7583951","7584253","chr10","7743256","7743554","6","159305"
"chr2","7586343","7586370","chr4","37952686","37952708","7","30366343"
"chr2","7586674","7586908","chr1","176955313","176955551","69","169368639"
"chr2","7590334","7590627","chr14","109964342","109964628","66","102374008"
"chr2","7591053","7591224","chr6","65690499","65690668","32","58099446"
"chr2","7591510","7591640","chr19","12136318","12136450","28","4544808"
"chr2","7649740","7650029","chr10","7809391","7809680","7","159651"
"chr2","7654192","7654457","chr10","7813845","7814109","7","159653"
"chr2","7658854","7659160","chr10","7818501","7818805","8","159647"
"chr2","7659410","7659553","chr10","7819055","7819198","4","159645"
"chr2","7682040","7682359","chr10","7841672","7842003","20","159632"
"chr2","7682416","7682572","chr10","7842060","7842216","2","159644"
"chr2","7683453","7683758","chr10","7843093","7843394","15","159640"
"chr2","7748673","7748973","chr3","45936653","45936957","58","38187980"
"chr2","7756580","7756724","chr1","24259422","24259552","33","16502842"
"chr2","7757017","7757080","chr3","55002047","55002104","17","47245030"
"chr2","7802329","7802640","chr10","7961240","7961549","8","158911"
"chr2","7835656","7835824","chr10","7997131","7997303","7","161475"
"chr2","8520463","8520627","chr10","8689354","8689518","5","168891"
"chr2","8651338","8651513","chr8","98260927","98261097","40","89609589"
"chr2","8651562","8651682","chr11","101119335","101119452","24","92467773"
"chr2","8906184","8906337","chr10","9078751","9078904","4","172567"
"chr2","9167883","9168174","chr9","101043602","101043894","59","91875719"
"chr2","9182126","9182429","chr10","9357255","9357548","23","175129"
"chr2","9214273","9214552","chr10","9387760","9388039","36","173487"
"chr2","9278474","9278599","chr3","149402615","149402739","22","140124141"
"chr2","9304949","9305243","chr10","9477687","9477979","24","172738"
"chr2","9383757","9383913","chr10","9559493","9559649","6","175736"
"chr2","9390412","9390699","chr10","9566146","9566433","13","175734"
"chr2","9410616","9410914","chr10","9594180","9594478","9","183564"
"chr2","9438251","9438546","chr10","9621961","9622259","13","183710"
"chr2","9460972","9461227","chr19","46249678","46249922","74","36788706"
"chr2","9461733","9461800","chr5","118460085","118460145","16","108998352"
"chr2","9611379","9611703","chr10","9799839","9800158","17","188460"
"chr2","9665810","9665945","chr10","9853788","9853922","6","187978"
"chr2","9693593","9693910","chr10","9882102","9882420","7","188509"
"chr2","9740843","9741172","chr10","9929630","9929934","32","188787"
"chr2","9763995","9764288","chr10","9949119","9949410","5","185124"
"chr2","9898586","9898877","chr16","69370480","69370762","62","59471894"
"chr2","9959657","9959948","chr10","10145321","10145606","16","185664"
"chr2","10034922","10035087","chr2","42046634","42046799","31","32011712"
"chr2","10035120","10035243","chr1","52522560","52522684","17","42487440"
"chr2","10095770","10096067","chr10","10284441","10284738","4","188671"
"chr2","10127545","10127665","chr10","10316612","10316732","6","189067"
"chr2","10145507","10145683","chr10","10335282","10335460","2","189775"
"chr2","10213576","10213891","chr10","10400813","10401128","4","187237"
"chr2","10232420","10232567","chr19","39445304","39445449","34","29212884"
"chr2","10232867","10233024","chr3","38426461","38426617","26","28193594"
"chr2","10248158","10248443","chr10","10435197","10435479","16","187039"
"chr2","10269600","10269778","chr20","17372994","17373175","37","7103394"
"chr2","10335973","10336249","chr10","10528666","10528934","19","192693"
"chr2","10358371","10358661","chr10","10556634","10556926","11","198263"
"chr2","10388963","10389093","chr3","44487749","44487877","26","34098786"
"chr2","10391545","10391703","chr7","33550359","33550504","42","23158814"
"chr2","10399739","10400055","chr10","10602206","10602532","16","202467"
"chr2","10416395","10416688","chr10","10619013","10619301","14","202618"
"chr2","10421372","10421669","chr10","10625426","10625718","14","204054"
"chr2","10461703","10461757","chr10","10667253","10667307","3","205550"
"chr2","10464892","10465022","chr10","10670171","10670301","3","205279"
"chr2","10467067","10467378","chr10","10672343","10672650","14","205276"
"chr2","10472366","10472665","chr10","10680073","10680376","8","207707"
"chr2","10488886","10489193","chr10","10695749","10696028","33","206863"
"chr2","10492118","10492416","chr10","10697726","10698024","9","205608"
"chr2","10497062","10497348","chr15","37564473","37564760","48","27067411"
"chr2","10514490","10514531","chr1","134174120","134174160","4","123659630"
"chr2","10514533","10514737","chr1","31179864","31180065","51","20665331"
"chr2","10538302","10538516","chr10","10744080","10744294","7","205778"
"chr2","10540541","10540769","chr4","65901631","65901855","54","55361090"
"chr2","10541055","10541158","chr2","127503316","127503411","21","116962261"
"chr2","10551137","10551296","chr10","10756357","10756516","6","205220"
"chr2","10556078","10556380","chr10","10761388","10761690","3","205310"
"chr2","10578049","10578385","chr10","10783290","10783630","18","205241"
"chr2","10596709","10597037","chr10","10802028","10802358","10","205319"
"chr2","10599508","10599816","chr10","10804823","10805113","21","205315"
"chr2","10605318","10605609","chr10","10810930","10811227","15","205612"
"chr2","10698033","10698336","chr10","10906173","10906477","7","208140"
"chr2","10722781","10723064","chr10","10930916","10931194","16","208135"
"chr2","10847054","10847197","chr11","94335759","94335894","31","83488705"
"chr2","10868260","10868578","chr10","11075826","11076135","15","207566"
"chr2","10890773","10890937","chr10","11098328","11098494","5","207555"
"chr2","10941094","10941248","chr16","28437161","28437301","41","17496067"
"chr2","11039093","11039398","chr10","11244353","11244662","10","205260"
"chr2","11232324","11232630","chr10","11437336","11437646","12","205012"
"chr2","11418573","11418868","chr10","11622961","11623256","1","204388"
"chr2","11423850","11424144","chr10","11628207","11628501","13","204357"
"chr2","11426612","11426913","chr10","11630965","11631271","14","204353"
"chr2","11552619","11552908","chr10","11756980","11757269","4","204361"
"chr2","11604848","11605121","chr10","11810557","11810820","22","205709"
"chr2","11745500","11745810","chr10","11959136","11959451","11","213636"
"chr2","11763775","11763905","chr7","30229204","30229339","44","18465429"
"chr2","11871534","11871653","chr10","12082570","12082685","5","211036"
"chr2","11905828","11906042","chr8","40741694","40741919","74","28835866"
"chr2","11915212","11915342","chr1","39578192","39578322","17","27662980"
"chr2","11919326","11919619","chr10","12131844","12132132","16","212518"
"chr2","11925455","11925758","chr10","12131844","12132132","25","206389"
"chr2","11939717","11939999","chr3","172389112","172389390","60","160449395"
"chr2","11947479","11947630","chr10","12154518","12154669","3","207039"
"chr2","11964499","11964802","chr10","12171509","12171803","12","207010"
"chr2","11974169","11974445","chr10","12184178","12184454","3","210009"
"chr2","12001107","12001286","chr10","12213533","12213710","6","212426"
"chr2","12018439","12018722","chr10","12231187","12231471","7","212748"
"chr2","12019390","12019675","chr10","12232901","12233188","8","213511"
"chr2","12019846","12019950","chr10","12233370","12233470","10","213524"
"chr2","12023356","12023641","chr10","12232901","12233188","8","209545"
"chr2","12023812","12023916","chr10","12233370","12233470","10","209558"
"chr2","12024844","12025045","chr16","23499813","23500000","50","11474969"
"chr2","12074298","12074457","chrX","135312607","135312761","55","123238309"
"chr2","12080729","12080986","chr2","133769611","133769842","78","121688882"
"chr2","12089642","12089893","chr6","85080753","85081008","53","72991111"
"chr2","12096717","12097039","chr10","12313920","12314255","22","217203"
"chr2","12114072","12114361","chr1","33441257","33441541","54","21327185"
"chr2","12152713","12152886","chr13","91151372","91151543","48","78998659"
"chr2","12153182","12153301","chr7","43514265","43514383","25","31361083"
"chr2","12159302","12159441","chr14","44217638","44217776","27","32058336"
"chr2","12159744","12159782","chr8","28190426","28190458","9","16030682"
"chr2","12175677","12175994","chr10","12397921","12398242","14","222244"
"chr2","12196032","12196189","chr10","12418645","12418802","3","222613"
"chr2","12196411","12196534","chr10","12419024","12419147","2","222613"
"chr2","12206805","12206928","chr13","9352512","9352637","29","2854293"
"chr2","12212080","12212253","JH683180","7576","7750","3","12204504"
"chr2","12230644","12230930","chr10","12436788","12437083","17","206144"
"chr2","12238839","12239162","chr10","12445567","12445872","26","206728"
"chr2","12248856","12248977","chr10","12456471","12456594","5","207615"
"chr2","12250784","12251071","chr10","12458382","12458672","12","207598"
"chr2","12260339","12260690","chr15","8724004","8724348","88","3536335"
"chr2","12269278","12269425","chr3","112136863","112137014","35","99867585"
"chr2","12275263","12275386","chr10","12481519","12481642","2","206256"
"chr2","12276723","12277021","chr10","12482999","12483294","8","206276"
"chr2","12283987","12284194","chr20","17372994","17373175","58","5089007"
"chr2","12291121","12291415","chr10","12500603","12500902","13","209482"
"chr2","12298904","12299199","chr10","12510449","12510715","43","211545"
"chr2","12307883","12308189","chr10","12519928","12520234","6","212045"
"chr2","12315636","12315952","chr10","12525139","12525446","14","209503"
"chr2","12328955","12329268","chr10","12536917","12537225","18","207962"
"chr2","12445229","12445506","chr10","12651814","12652101","20","206585"
"chr2","12454501","12454822","chr2","92900701","92901013","67","80446200"
"chr2","12458624","12458929","chr10","12665342","12665643","10","206718"
"chr2","12519817","12520101","chr14","63770094","63770375","56","51250277"
"chr2","12548815","12549121","chr1","94322360","94322668","57","81773545"
"chr2","12556907","12557210","chr10","12766783","12767080","13","209876"
"chr2","12580375","12580630","chr10","12790244","12790499","5","209869"
"chr2","12595177","12595307","chr10","12804695","12804819","10","209518"
"chr2","12677081","12677334","chr7","158209159","158209427","55","145532078"
"chr2","12680368","12680665","chr10","12887796","12888094","8","207428"
"chr2","12721307","12721604","chr10","12929040","12929337","8","207733"
"chr2","12833115","12833413","chr10","13039901","13040199","5","206786"
"chr2","12834487","12834757","chr5","34412443","34412711","60","21577956"
"chr2","12858226","12858519","chr10","13064886","13065189","12","206660"
"chr2","12928478","12928778","chr10","13131030","13131332","11","202552"
"chr2","12940004","12940307","chr10","13142581","13142870","26","202577"
"chr2","12946603","12946877","chr10","13149564","13149836","7","202961"
"chr2","12996581","12996842","chr10","13198498","13198757","15","201917"
"chr2","12999608","12999864","chr10","13202867","13203167","51","203259"
"chr2","13003637","13003948","chr10","13206683","13206995","6","203046"
"chr2","13034683","13034970","chr10","13237733","13238020","4","203050"
"chr2","13049256","13049385","chrX","107109345","107109474","38","94060089"
"chr2","13049421","13049539","chr12","67960782","67960892","31","54911361"
"chr2","13090712","13090989","chr10","13293716","13293987","15","203004"
"chr2","13091777","13091913","chr2","65864891","65865027","32","52773114"
"chr2","13101713","13101995","chr15","20782767","20783050","62","7681054"
"chr2","13108922","13109215","chr10","13312638","13312932","10","203716"
"chr2","13124947","13125230","chr10","13329501","13329782","11","204554"
"chr2","13132344","13132480","chr10","85649678","85649809","24","72517334"
"chr2","13132773","13132917","chr15","56668298","56668430","35","43535525"
"chr2","13165207","13165496","chr10","13359889","13360184","19","194682"
"chr2","13169743","13169991","chr2","160398223","160398459","58","147228480"
"chr2","13171338","13171476","chr10","13371634","13371775","3","200296"
"chr2","13191714","13192010","chr10","13390562","13390858","12","198848"
"chr2","13198796","13199129","chr10","13530438","13530752","44","331642"
"chr2","13204594","13204927","chr10","13530438","13530752","44","325844"
"chr2","13208350","13208661","chr10","13405829","13406125","20","197479"
"chr2","13209433","13209686","chr10","13408223","13408473","5","198790"
"chr2","13221025","13221281","chr10","13419033","13419290","6","198008"
"chr2","13244572","13244871","chr10","13442945","13443244","6","198373"
"chr2","13251292","13251580","chr10","13449885","13450180","21","198593"
"chr2","13251635","13251775","chr3","39114315","39114460","32","25862680"
"chr2","13263668","13263964","chr10","13462147","13462443","15","198479"
"chr2","13265653","13265782","chr16","976705","976833","21","12288948"
"chr2","13266067","13266243","chr20","8532916","8533092","47","4733151"
"chr2","13293495","13293741","chr10","13492354","13492601","6","198859"
"chr2","13295940","13296237","chr9","13161201","13161499","51","134739"
"chr2","13311363","13311491","chr14","18936101","18936227","21","5624738"
"chr2","13311795","13311994","chr2","46307206","46307397","55","32995411"
"chr2","13314797","13315102","chr10","13513662","13513968","8","198865"
"chr2","13328654","13328809","chrX","44848368","44848530","28","31519714"
"chr2","13340281","13340402","chr10","13542115","13542236","3","201834"
"chr2","13365014","13365312","chr10","13566218","13566515","5","201204"
"chr2","13394483","13394794","chr10","13595554","13595856","16","201071"
"chr2","13421706","13422011","chr10","13623103","13623414","16","201397"
"chr2","13424349","13424486","chr10","13625734","13625880","20","201385"
"chr2","13439106","13439380","chr10","13640384","13640656","4","201278"
"chr2","13481509","13481805","chr2","93331211","93331510","60","79849702"
"chr2","13500684","13501003","chr10","13701217","13701530","17","200533"
"chr2","13501396","13501528","chr10","13701923","13702055","2","200527"
"chr2","13501690","13502005","chr10","13702218","13702533","7","200528"
"chr2","13507193","13507355","chr20","3825469","3825629","39","9681724"
"chr2","13511542","13511806","chr10","13712486","13712750","7","200944"
"chr2","13555781","13556110","chr10","13758428","13758751","18","202647"
"chr2","13604714","13605016","chr10","13807815","13808127","15","203101"
"chr2","13655251","13655563","chr10","13857494","13857800","12","202243"
"chr2","13719056","13719191","chr10","13920967","13921095","9","201911"
"chr2","13742865","13743102","chr3","40553496","40553726","51","26810631"
"chr2","13762321","13762480","chr3","33357074","33357229","38","19594753"
"chr2","13765558","13765869","chr10","13965844","13966125","34","200286"
"chr2","13792004","13792307","chr10","13993133","13993435","8","201129"
"chr2","13797728","13798013","chr10","13999519","13999827","43","201791"
"chr2","13802015","13802259","chr10","14003763","14003965","48","201748"
"chr2","13810353","13810642","chr2","87330258","87330547","53","73519905"
"chr2","13823159","13823289","chr10","14025931","14026048","15","202772"
"chr2","13849714","13850014","chr10","14052243","14052545","3","202529"
"chr2","13882462","13882761","chr10","14085567","14085868","8","203105"
"chr2","13891396","13891541","chr12","85824456","85824592","31","71933060"
"chr2","13891839","13891996","chr13","68961194","68961354","32","55069355"
"chr2","13905613","13905732","chr11","95806764","95806885","17","81901151"
"chr2","13917023","13917312","chr7","149471807","149472092","65","135554784"
"chr2","13923284","13923584","chr10","14125106","14125405","3","201822"
"chr2","13927258","13927545","chr10","14128579","14128858","11","201321"
"chr2","13940661","13940967","chr10","14141955","14142254","21","201294"
"chr2","13942928","13943234","chr2","144697481","144697780","59","130754553"
"chr2","13953154","13953454","chr10","14154489","14154805","27","201335"
"chr2","13957180","13957303","chr10","14158524","14158647","1","201344"
"chr2","13996437","13996584","chr10","14198115","14198259","10","201678"
"chr2","13996934","13997082","chr10","14198614","14198762","2","201680"
"chr2","14014178","14014356","chr10","14215977","14216155","3","201799"
"chr2","14055095","14055252","chr10","14248442","14248602","12","193347"
"chr2","14060687","14060809","chr20","39963840","39963961","14","25903153"
"chr2","14062245","14062500","chr10","14251407","14251699","44","189162"
"chr2","14071482","14071782","chr10","14261600","14261900","10","190118"
"chr2","14091584","14091722","chr10","14282544","14282682","1","190960"
"chr2","14094115","14094411","chr10","14285064","14285360","6","190949"
"chr2","14116196","14116497","chr2","93331211","93331510","51","79215015"
"chr2","14126073","14126197","chr19","28726771","28726900","27","14600698"
"chr2","14132695","14132771","chr10","14323776","14323847","5","191081"
"chr2","14136298","14136557","chr10","14327380","14327637","5","191082"
"chr2","14153610","14153754","chr10","14344673","14344836","23","191063"
"chr2","14187062","14187353","chr10","14382044","14382334","5","194982"
"chr2","14188212","14188507","chr10","14383202","14383494","24","194990"
"chr2","14191751","14192051","chr10","14387447","14387750","8","195696"
"chr2","14198516","14198814","chr4","17075987","17076292","60","2877471"
"chr2","14213828","14214145","chr2","149644669","149644984","66","135430841"
"chr2","14219195","14219498","chr20","37180438","37180743","59","22961243"
"chr2","14227442","14227743","chr10","14427593","14427894","4","200151"
"chr2","14230734","14231055","chr10","14430874","14431196","4","200140"
"chr2","14235402","14235709","chr2","14212303","14212610","52","23099"
"chr2","14240857","14240990","chr10","14441320","14441447","7","200463"
"chr2","14250224","14250518","chr5","45599462","45599754","64","31349238"
"chr2","14250542","14250602","chr4","4056990","4057044","15","10193552"
"chr2","14273716","14273942","chr10","14471616","14471828","22","197900"
"chr2","14282829","14283112","chr10","14482012","14482289","12","199183"
"chr2","14378428","14378715","chr10","14583403","14583689","5","204975"
"chr2","14386454","14386751","chr10","14591740","14592036","7","205286"
"chr2","14390587","14390842","chr10","14596147","14596401","6","205560"
"chr2","14428609","14428852","chr10","14633891","14634133","9","205282"
"chr2","14447418","14447552","chr10","14654111","14654246","5","206693"
"chr2","14507357","14507648","chr10","14714184","14714476","9","206827"
"chr2","14515843","14516161","chr10","14722654","14722972","4","206811"
"chr2","14524913","14525204","chr10","14731568","14731858","9","206655"
"chr2","14528508","14528786","chr10","14735192","14735470","11","206684"
"chr2","14529444","14529609","chr8","125405220","125405386","32","110875776"
"chr2","14574762","14574990","chr7","43556943","43557154","56","28982181"
"chr2","14614754","14615062","chr10","14821754","14822062","9","207000"
"chr2","14629834","14629996","chr10","14836535","14836709","18","206701"
"chr2","14632903","14633173","chr19","3132609","3132883","72","11500294"
"chr2","14634242","14634401","chr10","14840879","14841038","4","206637"
"chr2","14659655","14659955","chr1","204895747","204896048","62","190236092"
"chr2","14661857","14661964","chr10","14870576","14870682","2","208719"
"chr2","14682460","14682765","chr10","14891122","14891430","7","208662"
"chr2","14691262","14691555","chr10","14899944","14900237","6","208682"
"chr2","14699397","14699589","chr10","14908182","14908371","8","208785"
"chr2","14733526","14733685","chr2","91641050","91641211","35","76907524"
"chr2","14734279","14734400","chr1","211937816","211937946","28","197203537"
"chr2","14735334","14735638","chr10","14935995","14936292","13","200661"
"chr2","14746818","14746972","chr7","101677960","101678112","38","86931142"
"chr2","14747264","14747421","chr1","181459991","181460155","37","166712727"
"chr2","14761076","14761352","chr10","14973433","14973710","13","212357"
"chr2","14767544","14767701","chr3","44884377","44884509","49","30116833"
"chr2","14767964","14768104","chr4","105380374","105380517","30","90612410"
"chr2","14769001","14769319","chr10","14980370","14980680","34","211369"
"chr2","14772132","14772270","chr3","44195508","44195639","28","29423376"
"chr2","14777318","14777600","chr10","14984668","14984948","7","207350"
"chr2","14783398","14783673","chr2","112941733","112942001","79","98158335"
"chr2","14784742","14784813","chr10","14997427","14997497","3","212685"
"chr2","14831432","14831590","chr10","15048428","15048586","6","216996"
"chr2","14837164","14837296","chr2","81959215","81959353","31","67122051"
"chr2","14837595","14837718","chr20","11533182","11533297","34","3304413"
"chr2","14855307","14855604","chr10","15074103","15074402","9","218796"
"chr2","14864818","14865128","chr7","132663975","132664269","65","117799157"
"chr2","14880391","14880672","chr10","25528973","25529273","73","10648582"
"chr2","14881539","14881746","chr10","15102586","15102797","12","221047"
"chr2","14883582","14883877","chr10","15104632","15104927","12","221050"
"chr2","14892490","14892773","chr10","15114639","15114930","12","222149"
"chr2","14897882","14898171","chr10","15120036","15120324","5","222154"
"chr2","14904406","14904598","chr10","15126563","15126755","3","222157"
"chr2","14904647","14904798","chr10","15126808","15126965","20","222161"
"chr2","14915762","14916066","chr17","6694787","6695083","67","8220975"
"chr2","14918511","14918786","chr10","15140468","15140756","20","221957"
"chr2","14922876","14923022","chr10","15145174","15145320","5","222298"
"chr2","14927736","14927844","chr10","15150051","15150158","4","222315"
"chr2","14931147","14931307","chr10","15153261","15153421","2","222114"
"chr2","14932205","14932450","chr10","15154336","15154569","14","222131"
"chr2","14942375","14942477","chr10","15164043","15164145","1","221668"
"chr2","14945108","14945408","chr10","15166754","15167054","3","221646"
"chr2","14955576","14955734","chr1","53323208","53323366","28","38367632"
"chr2","14956058","14956190","chr2","145210423","145210557","29","130254365"
"chr2","14963181","14963490","chr10","15186393","15186699","8","223212"
"chr2","15016002","15016297","chr20","25004689","25004990","60","9988687"
"chr2","15026193","15026350","chr10","60685058","60685215","30","45658865"
"chr2","15031247","15031555","chr10","15256219","15256518","17","224972"
"chr2","15034565","15034689","chr10","15259856","15259980","4","225291"
"chr2","15038324","15038492","chr12","81001667","81001831","28","65963343"
"chr2","15058718","15059027","chr10","15284632","15284943","6","225914"
"chr2","15074083","15074387","chr10","15292899","15293191","19","218816"
"chr2","15084064","15084361","chr10","15303119","15303390","28","219055"
"chr2","15118162","15118329","chr10","15328483","15328647","8","210321"
"chr2","15122709","15122872","chr10","15341074","15341237","2","218365"
"chr2","15318988","15319174","chr10","15540108","15540294","2","221120"
"chr2","15325662","15325970","chr10","15546720","15547031","22","221058"
"chr2","15331151","15331404","chr10","15552161","15552415","11","221010"
"chr2","15339027","15339101","chr10","15559630","15559704","3","220603"
"chr2","15356524","15356714","chr1","194284702","194284877","60","178928178"
"chr2","15365478","15365766","chr10","15586794","15587081","6","221316"
"chr2","15407149","15407461","chr10","15629287","15629598","8","222138"
"chr2","15448426","15448518","chr10","15670631","15670723","2","222205"
"chr2","15475821","15476137","chrX","121953620","121953932","85","106477799"
"chr2","15517830","15518128","chr10","15770112","15770409","10","252282"
"chr2","15519529","15519842","chrX","37573852","37574162","73","22054323"
"chr2","15535735","15535986","chr10","15787812","15788069","20","252077"
"chr2","15690306","15690610","chr2","27173387","27173675","63","11483081"
"chr2","15771113","15771295","chr10","16021185","16021369","2","250072"
"chr2","15792215","15792486","chr10","16042520","16042791","3","250305"
"chr2","15848271","15848392","chr10","16099780","16099901","1","251509"
"chr2","15909827","15910119","chr10","16159735","16160024","9","249908"
"chr2","16066272","16066567","chr10","16330023","16330318","8","263751"
"chr2","16118733","16119016","chr2","150175028","150175295","68","134056295"
"chr2","16148705","16148993","chr10","16427046","16427335","7","278341"
"chr2","16211660","16211679","chr7","125655255","125655271","5","109443595"
"chr2","16211715","16211861","chr3","39114315","39114460","28","22902600"
"chr2","16314396","16314681","chr10","16594689","16594985","19","280293"
"chr2","16316896","16317043","chr10","16597203","16597350","4","280307"
"chr2","16351111","16351249","chr11","48610879","48611011","31","32259768"
"chr2","16378626","16378760","chr20","67342238","67342363","28","50963612"
"chr2","16378784","16379126","chr10","16670922","16671262","9","292138"
"chr2","16393287","16393588","chr10","16685046","16685347","3","291759"
"chr2","16415464","16415591","chr10","16708144","16708271","2","292680"
"chr2","16428647","16428713","chr11","122766142","122766202","14","106337495"
"chr2","16428957","16429092","chr16","8977219","8977362","44","7451738"
"chr2","16441673","16441981","chr10","16737846","16738153","6","296173"
"chr2","16445814","16445934","chr19","13669142","13669263","19","2776672"
"chr2","16448996","16449170","chr10","16750565","16750737","6","301569"
"chr2","16456066","16456249","chrX","13954261","13954444","41","2501805"
"chr2","16456551","16456692","chr6","73447417","73447558","30","56990866"
"chr2","16476398","16476678","chr3","128066238","128066519","7","111589840"
"chr2","16477379","16477682","chr10","16822639","16822939","13","345260"
"chr2","16486882","16487216","chr10","16836804","16837109","39","349922"
"chr2","16492894","16493083","chr10","16848519","16848704","10","355625"
"chr2","16500149","16500436","chr10","16856069","16856349","13","355920"
"chr2","16503421","16503508","chr11","123380872","123380960","19","106877451"
"chr2","16507060","16507206","chr5","34361044","34361193","31","17853984"
"chr2","16507504","16507650","chr7","133852733","133852868","31","117345229"
"chr2","16527282","16527576","chr10","16882424","16882716","6","355142"
"chr2","16538900","16539191","chr10","16906658","16906951","10","367758"
"chr2","16560734","16561027","chr10","16929110","16929403","7","368376"
"chr2","16566203","16566335","chr10","16934646","16934778","0","368443"
"chr2","16573346","16573593","chr10","16940523","16940780","15","367177"
"chr2","16596827","16596866","chr6","34144626","34144667","10","17547799"
"chr2","16599196","16599488","chr10","16966554","16966839","12","367358"
"chr2","16606264","16606568","chr10","16973929","16974235","10","367665"
"chr2","16648661","16648834","chr10","17015315","17015488","0","366654"
"chr2","16654505","16654792","chr10","17019533","17019820","2","365028"
"chr2","16658167","16658266","chr15","97757772","97757867","25","81099605"
"chr2","16705555","16705856","chr10","17070515","17070817","16","364960"
"chr2","16737341","16737471","chr10","17103397","17103527","2","366056"
"chr2","16777252","16777328","chr10","17150858","17150942","10","373606"
"chr2","16778526","16778685","chr12","84405129","84405288","28","67626603"
"chr2","16779004","16779134","chrX","142101531","142101647","30","125322527"
"chr2","16790165","16790462","chr10","17164055","17164352","12","373890"
"chr2","16810530","16810803","chr10","17184449","17184722","5","373919"
"chr2","16814243","16814550","chr10","17188173","17188466","25","373930"
"chr2","16838035","16838314","chr10","17216657","17216936","10","378622"
"chr2","16856833","16857112","chr10","17235394","17235678","8","378561"
"chr2","16954075","16954384","chr10","17334250","17334559","19","380175"
"chr2","17012848","17013114","chr16","23247710","23247966","63","6234862"
"chr2","17014316","17014620","chr1","217865786","217866087","53","200851470"
"chr2","17039390","17039695","chr10","17422458","17422767","17","383068"
"chr2","17084244","17084404","chr10","17467887","17468040","11","383643"
"chr2","17099874","17100184","chr10","17483815","17484126","19","383941"
"chr2","17117772","17118079","chr10","17504528","17504834","11","386756"
"chr2","17158660","17158938","chr11","112202844","112203121","51","95044184"
"chr2","17189516","17189751","chr10","17575677","17575919","13","386161"
"chr2","17233738","17234001","chr10","17620182","17620446","11","386444"
"chr2","17280404","17280731","chr10","17667011","17667339","14","386607"
"chr2","17313139","17313448","chr10","17700190","17700501","7","387051"
"chr2","17316906","17317065","chr10","17704028","17704187","5","387122"
"chr2","17357143","17357428","chr10","17754398","17754684","4","397255"
"chr2","17510501","17510813","chr10","17898885","17899191","8","388384"
"chr2","17697198","17697497","chr10","18086177","18086476","8","388979"
"chr2","17711711","17712009","chr10","18100646","18100973","36","388935"
"chr2","17747746","17747892","chr10","18136602","18136748","4","388856"
"chr2","17772311","17772445","chr3","52586688","52586819","31","34814377"
"chr2","17783748","17783895","chr6","73447417","73447558","28","55663669"
"chr2","17787167","17787472","chr10","18177731","18178035","7","390564"
"chr2","17796591","17796873","chr10","18187183","18187464","9","390592"
"chr2","17845484","17845783","chr11","116519123","116519427","61","98673639"
"chr2","17884293","17884595","chr10","18277228","18277526","6","392935"
"chr2","17891946","17892251","chr10","18284922","18285226","17","392976"
"chr2","17892339","17892564","chr10","18285313","18285535","16","392974"
"chr2","17916798","17917012","chr10","18308782","18308996","5","391984"
"chr2","17943276","17943550","chr10","18335622","18335900","12","392346"
"chr2","17955262","17955295","chr16","51874120","51874153","4","33918858"
"chr2","17955590","17955721","chr9","59223715","59223849","21","41268125"
"chr2","17957332","17957635","chr3","50050188","50050504","74","32092856"
"chr2","17968202","17968372","chr10","18361381","18361532","22","393179"
"chr2","17980753","17980880","chr10","18377501","18377628","4","396748"
"chr2","17983267","17983574","chr10","18380230","18380536","7","396963"
"chr2","17989212","17989529","chr8","127970126","127970433","66","109980914"
"chr2","17995285","17995496","chr10","18392298","18392514","8","397013"
"chr2","18017928","18018229","chr14","112772096","112772391","55","94754168"
"chr2","18021756","18021886","chr6","65565763","65565893","19","47544007"
"chr2","18023239","18023541","chr10","18419492","18419798","16","396253"
"chr2","18029794","18029914","chr13","68565337","68565455","26","50535543"
"chr2","18064948","18065239","chr10","18462252","18462543","4","397304"
"chr2","18085295","18085592","chr10","18482520","18482816","5","397225"
"chr2","18118875","18119087","chr10","18515747","18515959","4","396872"
"chr2","18163504","18163667","chr10","18567005","18567174","6","403501"
"chr2","18211223","18211349","chr1","74007916","74008035","23","55796693"
"chr2","18273668","18273814","chr10","53834758","53834908","35","35561090"
"chr2","18274113","18274277","chr12","58940704","58940858","38","40666591"
"chr2","18308327","18308634","chr10","18729442","18729751","12","421115"
"chr2","18339250","18339552","chr10","18761089","18761391","14","421839"
"chr2","18372843","18373153","chr10","18795443","18795755","8","422600"
"chr2","18374478","18374781","chr10","18797068","18797373","6","422590"
"chr2","18417415","18417540","chr10","18837020","18837145","4","419605"
"chr2","18449206","18449362","chr10","18869083","18869239","6","419877"
"chr2","18478020","18478160","chr12","103607395","103607530","32","85129375"
"chr2","18478449","18478612","chr12","58940704","58940858","40","40462255"
"chr2","18482173","18482471","chr10","18901474","18901772","8","419301"
"chr2","18487276","18487395","chr8","63997023","63997145","26","45509747"
"chr2","18487422","18487561","chr6","37194721","37194857","32","18707299"
"chr2","18583041","18583328","chr10","19003493","19003788","13","420452"
"chr2","18700887","18701166","chr16","43907747","43908027","57","25206860"
"chr2","18745767","18746069","chr10","19174619","19174921","2","428852"
"chr2","18762622","18762901","chr10","19191529","19191808","2","428907"
"chr2","18781528","18781833","chr10","19210413","19210728","19","428885"
"chr2","18797194","18797509","chr10","19227378","19227681","19","430184"
"chr2","18805226","18805510","chr10","19235844","19236130","14","430618"
"chr2","18825433","18825588","chr10","19256193","19256329","22","430760"
"chr2","18826711","18827028","chr10","19257473","19257796","11","430762"
"chr2","18838458","18838742","chr10","19269215","19269500","3","430757"
"chr2","18845946","18846077","chr10","19276793","19276924","0","430847"
"chr2","18881141","18881448","chr10","19311177","19311479","7","430036"
"chr2","18883139","18883436","chr10","19313435","19313735","8","430296"
"chr2","18884451","18884701","chr10","19314752","19315002","4","430301"
"chr2","18955877","18956039","chr10","19384137","19384299","3","428260"
"chr2","18970022","18970315","chr16","48620626","48620924","67","29650604"
"chr2","18974148","18974452","chr10","19401542","19401873","40","427394"
"chr2","18984335","18984452","chr6","66460914","66461031","22","47476579"
"chr2","18984501","18984660","chr3","43011928","43012086","33","24027427"
"chr2","18989171","18989472","chr10","19418028","19418329","5","428857"
"chr2","19017702","19017992","chr10","19446624","19446914","3","428922"
"chr2","19023028","19023303","chr10","19451952","19452225","7","428924"
"chr2","19071268","19071343","chr10","19500864","19500939","0","429596"
"chr2","19168828","19169119","chr10","19597361","19597658","11","428533"
"chr2","19195574","19195888","chr10","19623647","19623961","5","428073"
"chr2","19213750","19214051","chr10","19641718","19642036","21","427968"
"chr2","19254078","19254389","chr10","19680937","19681247","6","426859"
"chr2","19292132","19292407","chr10","19719672","19719947","8","427540"
"chr2","19308403","19308673","chr10","19740687","19740957","11","432284"
"chr2","19361976","19362235","chr10","19792753","19793012","5","430777"
"chr2","19379292","19379576","chr16","21591245","21591543","63","2211953"
"chr2","19380272","19380582","chr10","19808527","19808798","45","428255"
"chr2","19383764","19384059","chr10","19811965","19812252","20","428201"
"chr2","19409804","19410118","chr10","19837329","19837638","11","427525"
"chr2","19474077","19474375","chr10","19904015","19904315","10","429938"
"chr2","19491637","19491953","chr10","19922539","19922854","22","430902"
"chr2","19495523","19495801","chr3","160644498","160644781","46","141148975"
"chr2","19495802","19495936","chr4","10603822","10603956","28","8891980"
"chr2","19496239","19496384","chr19","39445304","39445449","35","19949065"
"chr2","19506497","19506831","chr10","19935733","19936031","43","429236"
"chr2","19507076","19507234","chr10","19936280","19936440","6","429204"
"chr2","19509003","19509289","chr2","184628426","184628715","60","165119423"
"chr2","19530691","19530815","chr10","19960793","19960917","3","430102"
"chr2","19624280","19624561","chr10","20053100","20053394","18","428820"
"chr2","19628718","19628955","chr10","20057676","20057913","11","428958"
"chr2","19664952","19665075","chr10","20093241","20093364","5","428289"
"chr2","19693583","19693882","chr10","20122858","20123161","16","429275"
"chr2","19736096","19736379","chr10","20166675","20166950","43","430579"
"chr2","19823529","19823818","chr10","20255419","20255697","16","431890"
"chr2","19874064","19874356","chr10","20306623","20306958","56","432559"
"chr2","19895575","19895740","chr10","20328181","20328346","6","432606"
"chr2","19909733","19909895","chr10","20341919","20342081","2","432186"
"chr2","19997449","19997565","chr15","41280770","41280882","22","21283321"
"chr2","19997920","19998089","chr7","159815500","159815665","39","139817580"
"chr2","20016492","20016783","chr10","20446062","20446376","34","429570"
"chr2","20021584","20021746","chr10","20452068","20452227","4","430484"
"chr2","20042002","20042313","chr10","20471015","20471319","17","429013"
"chr2","20047739","20048021","chr10","20476783","20477061","11","429044"
"chr2","20063338","20063503","chr10","20493363","20493514","21","430025"
"chr2","20072082","20072382","chr10","20494324","20494624","7","422242"
"chr2","20081111","20081402","chr10","20515091","20515387","15","433980"
"chr2","20090794","20091112","chr4","103780277","103780583","78","83689483"
"chr2","20115513","20115844","chr14","8269134","8269468","87","11846379"
"chr2","20138220","20138345","chr7","38325290","38325420","24","18187070"
"chr2","20140299","20140594","chr10","20577125","20577419","10","436826"
"chr2","20141912","20142207","chr10","20578738","20579038","12","436826"
"chr2","20146793","20146939","chrX","28615127","28615274","41","8468334"
"chr2","20147189","20147346","chr3","43807268","43807431","41","23660079"
"chr2","20149375","20149540","chr14","7026982","7027152","36","13122393"
"chr2","20149850","20149977","chr19","3737820","3737945","26","16412030"
"chr2","20150443","20150729","chr10","20586689","20586965","15","436246"
"chr2","20152555","20152731","chr19","14916432","14916613","44","5236123"
"chr2","20190625","20190928","chr10","20640417","20640719","10","449792"
"chr2","20208683","20208964","chr5","78901752","78902025","63","58693069"
"chr2","20287084","20287272","chr20","17372994","17373175","55","2914090"
"chr2","20293628","20293923","chr10","20742193","20742488","4","448565"
"chr2","20298947","20299230","chr10","20747522","20747807","6","448575"
"chr2","20301624","20301919","chr10","20750199","20750487","24","448575"
"chr2","20320621","20320761","chr19","34482522","34482656","21","14161901"
"chr2","20325186","20325461","chr10","20765301","20765576","4","440115"
"chr2","20347120","20347243","chr11","111817578","111817697","29","91470458"
"chr2","20348440","20348586","chr10","20789227","20789373","1","440787"
"chr2","20348594","20348793","chr10","20789381","20789574","15","440787"
"chr2","20349394","20349729","chr10","20790194","20790505","33","440800"
"chr2","20353425","20353574","chr8","36927787","36927936","34","16574362"
"chr2","20362437","20362721","chr10","20803131","20803421","25","440694"
"chr2","20382696","20383008","chr11","108109890","108110198","65","87727194"
"chr2","20389863","20390166","chr4","101589619","101589923","51","81199756"
"chr2","20390546","20390847","chr10","20826264","20826573","31","435718"
"chr2","20398761","20399043","chr10","20832185","20832488","23","433424"
"chr2","20399948","20400075","chr10","20833234","20833361","2","433286"
"chr2","20415091","20415411","chr10","20848736","20849041","21","433645"
"chr2","20467910","20468194","chr10","20900897","20901183","6","432987"
"chr2","20736723","20736982","chr10","21173804","21174062","7","437081"
"chr2","20801395","20801710","chr10","21237788","21238103","5","436393"
"chr2","20860600","20860913","chr10","21299654","21299967","6","439054"
"chr2","20969004","20969304","chr10","21409406","21409710","21","440402"
"chr2","21084541","21084656","chr10","21524435","21524551","5","439894"
"chr2","21144854","21144953","chr10","21584094","21584193","5","439240"
"chr2","21159355","21159653","chr6","31309434","31309732","59","10150079"
"chr2","21178856","21179138","chr3","40518573","40518839","69","19339717"
"chr2","21255908","21256037","chr5","36282606","36282736","21","15026698"
"chr2","21326449","21326735","chr10","21767746","21768039","11","441297"
"chr2","21408946","21409245","chr10","21849550","21849844","19","440604"
"chr2","21439206","21439525","chr10","21880181","21880491","18","440975"
"chr2","21449659","21449882","chr16","62269606","62269831","57","40819947"
"chr2","21541874","21542015","chr3","149948194","149948328","25","128406320"
"chr2","21542305","21542476","chr15","95691963","95692122","39","74149658"
"chr2","21695627","21695778","chr10","22140196","22140328","27","444569"
"chr2","21744222","21744525","chr10","22189409","22189708","16","445187"
"chr2","21836795","21836955","chr12","84254819","84254984","29","62418024"
"chr2","21897856","21898004","chr10","22344447","22344599","5","446591"
"chr2","22141143","22141446","chr10","22596427","22596727","12","455284"
"chr2","22148032","22148234","chr10","22603293","22603495","2","455261"
"chr2","22338546","22338859","chr10","22795548","22795859","5","457002"
"chr2","22378510","22378629","chr10","22835880","22836002","7","457370"
"chr2","22389447","22389759","chr10","22846906","22847218","11","457459"
"chr2","22404778","22404946","chr16","63321935","63322109","43","40917157"
"chr2","22422049","22422318","chr10","22881816","22882056","43","459767"
"chr2","22486720","22487017","chr10","22944844","22945141","7","458124"
"chr2","22506237","22506331","chr5","53057962","53058053","24","30551725"
"chr2","22650882","22651195","chr10","23101267","23101564","22","450385"
"chr2","22651718","22651860","chr10","23102298","23102440","5","450580"
"chr2","22661912","22662190","chr10","23112518","23112781","18","450606"
"chr2","22709796","22710081","chr10","23160399","23160684","4","450603"
"chr2","22763637","22763946","chr4","107778431","107778748","68","85014794"
"chr2","22777952","22778113","chrX","44106841","44107004","33","21328889"
"chr2","22778415","22778555","chr9","26297512","26297655","29","3519097"
"chr2","22793980","22794261","chr1","5072710","5072988","54","17721270"
"chr2","22798555","22798727","chr3","62048362","62048527","42","39249807"
"chr2","22799631","22799770","chr12","93250168","93250304","31","70450537"
"chr2","22813888","22814168","chr12","65839082","65839357","51","43025194"
"chr2","22839448","22839582","chr10","30305918","30306056","37","7466470"
"chr2","23326565","23326699","chr9","59223715","59223849","18","35897150"
"chr2","23355328","23355629","chr10","23784029","23784325","13","428701"
"chr2","23896505","23896673","chr1","141495223","141495381","49","117598718"
"chr2","23896815","23896982","chr10","24319952","24320116","6","423137"
"chr2","23900355","23900635","chr10","24323294","24323528","54","422939"
"chr2","23955188","23955328","chr16","67275132","67275265","39","43319944"
"chr2","23955360","23955477","chr11","89541506","89541623","20","65586146"
"chr2","24088943","24089192","chr10","24514053","24514302","5","425110"
"chr2","24129673","24129964","chr3","39987533","39987826","57","15857860"
"chr2","24384317","24384457","chr20","17144275","17144420","36","7240042"
"chr2","24384488","24384615","chr16","66120676","66120798","19","41736188"
"chr2","24453994","24454279","chr7","26708548","26708832","52","2254554"
"chr2","24594360","24594529","chr1","150807263","150807429","25","126212903"
"chr2","24653144","24653435","chr10","25087971","25088263","8","434827"
"chr2","24672771","24673083","chr10","25107862","25108174","4","435091"
"chr2","24726826","24727118","chr10","25161976","25162270","12","435150"
"chr2","24765668","24765900","chr7","145085966","145086197","49","120320298"
"chr2","24824136","24824323","chr20","17372994","17373175","40","7451142"
"chr2","24828914","24829250","chr1","15882977","15883283","76","8945937"
"chr2","24841228","24841525","chr10","25270869","25271166","12","429641"
"chr2","24843490","24843794","chr10","25272791","25273082","22","429301"
"chr2","24936936","24937254","chr10","25370192","25370510","5","433256"
"chr2","24955334","24955610","chr10","25388904","25389183","12","433570"
"chr2","24969243","24969537","chr10","25402737","25403031","5","433494"
"chr2","24971156","24971439","chr10","25404651","25404934","3","433495"
"chr2","25067028","25067230","chr7","63655842","63656022","60","38588814"
"chr2","25072789","25073020","chr10","25507596","25507827","2","434807"
"chr2","25083510","25083765","chr3","127120651","127120902","59","102037141"
"chr2","25093536","25093836","chr10","25528973","25529273","9","435437"
"chr2","25094549","25094851","chr10","25529989","25530293","7","435440"
"chr2","25123307","25123600","chr10","25556748","25557033","17","433441"
"chr2","25138006","25138284","chr10","25570097","25570372","12","432091"
"chr2","25148497","25148806","chr10","25579137","25579445","6","430640"
"chr2","25238707","25238898","chr10","25667456","25667620","29","428749"
"chr2","25312481","25312566","chr2","10423933","10424014","22","14888548"
"chr2","25312620","25312921","chr10","25740829","25741132","16","428209"
"chr2","25332145","25332353","chr3","39559031","39559238","39","14226886"
"chr2","25337295","25337316","chr1","67208138","67208152","7","41870843"
"chr2","25337606","25337740","chr4","11036003","11036134","33","14301603"
"chr2","25347012","25347314","chr10","25774672","25774974","15","427660"
"chr2","25353813","25354098","chr10","25781576","25781861","8","427763"
"chr2","25359740","25360026","chr10","25787465","25787751","8","427725"
"chr2","25363209","25363332","chr14","7021394","7021526","27","18341815"
"chr2","25407821","25408123","chr10","25837297","25837598","8","429476"
"chr2","25451689","25451796","chr1","163275712","163275823","19","137824023"
"chr2","25465109","25465223","chr10","25893487","25893601","1","428378"
"chr2","25494031","25494324","chr14","64239206","64239498","56","38745175"
"chr2","25518018","25518308","chr10","25949270","25949560","6","431252"
"chr2","25538941","25539203","chr10","25970111","25970373","5","431170"
"chr2","25572303","25572619","chr3","165200351","165200663","61","139628048"
"chr2","25589249","25589568","chr10","26020355","26020673","2","431106"
"chr2","25632485","25632761","chr10","26064104","26064387","18","431619"
"chr2","25657816","25658128","chr10","26089869","26090181","9","432053"
"chr2","25774782","25774896","chr10","26207840","26207954","3","433058"
"chr2","25810391","25810711","chr10","26244060","26244377","15","433669"
"chr2","25825867","25826175","chr10","26259519","26259826","11","433652"
"chr2","25839353","25839665","chr10","26273030","26273345","11","433677"
"chr2","25841468","25841761","chr10","26275148","26275443","18","433680"
"chr2","25865936","25866243","chr10","26299957","26300264","6","434021"
"chr2","25901426","25901742","chr10","26336205","26336515","11","434779"
"chr2","25992870","25993186","chr10","26426819","26427137","11","433949"
"chr2","26001922","26002181","chr3","47657963","47658228","65","21656041"
"chr2","26044500","26044794","chr10","26477898","26478204","16","433398"
"chr2","26058467","26058769","chr10","26491350","26491646","10","432883"
"chr2","26149688","26149985","chr10","26576766","26577036","38","427078"
"chr2","26209163","26209316","chr5","141861687","141861839","37","115652524"
"chr2","26209619","26209747","chr15","40486899","40487026","29","14277280"
"chr2","26245430","26245552","chr10","26672512","26672634","3","427082"
"chr2","26248400","26248530","chr10","26675489","26675619","1","427089"
"chr2","26257975","26258158","chr3","76343326","76343497","54","50085351"
"chr2","26339234","26339540","chr7","15348662","15348968","57","10990572"
"chr2","26342588","26342700","chr4","35941925","35942042","21","9599337"
"chr2","26342738","26342883","chr13","47228381","47228529","36","20885643"
"chr2","26348543","26348866","chr10","26775796","26776127","18","427253"
"chr2","26361356","26361655","chr10","26788627","26788923","26","427271"
"chr2","26377480","26377608","chr10","26804147","26804272","7","426667"
"chr2","26382948","26383222","chr10","26807686","26807964","12","424738"
"chr2","26409772","26410067","chr9","35073765","35074063","53","8663993"
"chr2","26414756","26415055","chr10","26840339","26840638","3","425583"
"chr2","26416762","26416788","chr20","49216577","49216598","9","22799815"
"chr2","26416814","26417072","chr10","26842328","26842609","37","425514"
"chr2","26423740","26424033","chr10","26849283","26849568","17","425543"
"chr2","26425090","26425172","chr16","67656031","67656119","24","41230941"
"chr2","26428650","26428941","chr10","26854545","26854836","14","425895"
"chr2","26438255","26438447","chr8","96780687","96780855","55","70342432"
"chr2","26453174","26453334","chr1","54981655","54981803","34","28528481"
"chr2","26479371","26479523","chr10","26911949","26912100","3","432578"
"chr2","26485825","26486115","chr10","26918446","26918736","10","432621"
"chr2","26510038","26510345","chr10","26941873","26942181","7","431835"
"chr2","26511804","26512090","chr10","26943624","26943914","8","431820"
"chr2","26526828","26527097","chr10","26958413","26958682","3","431585"
"chr2","26531788","26532041","chr10","26963363","26963621","9","431575"
"chr2","26544620","26544679","chr14","61278976","61279036","17","34734356"
"chr2","26544982","26545142","chr2","186224801","186224960","27","159679819"
"chr2","26547080","26547378","chr10","26978269","26978567","4","431189"
"chr2","26556337","26556640","chr10","26987492","26987804","19","431155"
"chr2","26564702","26564992","chr10","26995542","26995831","8","430840"
"chr2","26567193","26567494","chr10","26998032","26998327","14","430839"
"chr2","26578413","26578610","chr6","84907227","84907403","55","58328814"
"chr2","26595896","26596092","chr1","127384608","127384773","58","100788712"
"chr2","26804343","26804604","chr8","48815031","48815297","59","22010688"
"chr2","26992216","26992447","chr7","15823002","15823232","57","11169214"
"chr2","27048952","27049259","chr10","43878546","43878857","12","16829594"
"chr2","27083694","27083989","chr10","43842070","43842374","16","16758376"
"chr2","27307293","27307407","chr10","43614905","43615010","11","16307612"
"chr2","27461329","27461629","chr10","43458033","43458337","18","15996704"
"chr2","27540491","27540790","chr10","43378596","43378894","11","15838105"
"chr2","27557382","27557708","chr10","43361039","43361367","10","15803657"
"chr2","27560640","27560942","chr10","43357812","43358108","16","15797172"
"chr2","27698939","27699230","chr10","43219304","43219593","5","15520365"
"chr2","27713683","27713994","chr10","43204216","43204506","27","15490533"
"chr2","27768888","27769012","chr1","52522560","52522684","24","24753672"
"chr2","27778497","27778808","chr10","43139632","43139916","43","15361135"
"chr2","27790103","27790258","chrX","108538754","108538906","31","80748651"
"chr2","27797492","27797615","chr6","53123473","53123595","24","25325981"
"chr2","27837639","27837939","chr3","44863353","44863658","59","17025714"
"chr2","27858895","27859199","chr10","43056421","43056699","33","15197526"
"chr2","27927760","27928098","chr10","42986356","42986685","13","15058596"
"chr2","27971542","27971851","chr2","95064546","95064846","58","67093004"
"chr2","27976243","27976522","chr16","53051433","53051712","87","25075190"
"chr2","28127986","28128112","chr10","42786272","42786398","3","14658286"
"chr2","28203115","28203409","chr10","42708709","42708999","20","14505594"
"chr2","28221796","28221918","chr10","42690326","42690445","9","14468530"
"chr2","28264871","28264972","chr10","42646887","42646988","1","14382016"
"chr2","28275022","28275331","chr10","42636553","42636863","13","14361531"
"chr2","28374064","28374367","chr2","184655759","184656058","58","156281695"
"chr2","28432140","28432432","chr10","42478503","42478792","15","14046363"
"chr2","28450500","28450632","chr10","42460821","42460961","9","14010321"
"chr2","28579479","28579780","chr10","42327806","42328108","6","13748327"
"chr2","28615526","28615842","chr10","42292447","42292762","10","13676921"
"chr2","28633009","28633319","chr10","42274996","42275305","12","13641987"
"chr2","28736625","28736907","chr10","42172823","42173117","18","13436198"
"chr2","28810597","28810912","chr10","42099667","42099984","13","13289070"
"chr2","28859336","28859515","chr8","98260927","98261097","40","69401591"
"chr2","28859542","28859661","chr11","46077906","46078022","18","17218364"
"chr2","29049944","29050221","chr10","41855747","41856023","10","12805803"
"chr2","29062442","29062732","chr10","41842943","41843231","11","12780501"
"chr2","29106956","29107257","chr10","41799000","41799304","6","12692044"
"chr2","29237230","29237250","chr6","172915280","172915296","6","143678050"
"chr2","29237293","29237485","chr3","44009149","44009329","54","14771856"
"chr2","29237777","29237914","chr1","26709633","26709761","30","2528144"
"chr2","29319514","29319810","chr1","198473054","198473333","58","169153540"
"chr2","29355808","29356091","chr17","9421614","9421903","72","19934194"
"chr2","29383085","29383243","chr10","41530339","41530489","29","12147254"
"chr2","29403778","29403984","chr2","42450981","42451179","54","13047203"
"chr2","29431009","29431332","chr10","41482274","41482574","33","12051265"
"chr2","29439410","29439691","chr10","41473920","41474202","7","12034510"
"chr2","29443974","29444186","chr10","41469093","41469305","11","12025119"
"chr2","29610275","29610381","chr7","76890820","76890918","32","47280545"
"chr2","29610695","29610767","chr10","41303413","41303483","6","11692718"
"chr2","29610821","29611143","chr10","41303042","41303361","20","11692221"
"chr2","29780315","29780467","chr10","41138085","41138245","10","11357770"
"chr2","29829970","29830275","chr10","41095881","41096190","6","11265911"
"chr2","29832348","29832607","chr10","41093533","41093786","14","11261185"
"chr2","29866650","29866936","chr10","41060165","41060461","15","11193515"
"chr2","29920156","29920458","chr10","40995250","40995546","16","11075094"
"chr2","30076222","30076503","chr10","40838912","40839193","2","10762690"
"chr2","30159466","30159752","chr10","40754417","40754692","22","10594951"
"chr2","30162642","30162771","chr4","30759124","30759254","28","596482"
"chr2","30382275","30382584","chr10","40526673","40526937","55","10144398"
"chr2","30441464","30441770","chr10","40465207","40465513","12","10023743"
"chr2","30445078","30445203","chr1","52522560","52522684","20","22077482"
"chr2","30445243","30445397","chr1","203424004","203424153","35","172978761"
"chr2","30487913","30488205","chr10","40419984","40420275","9","9932071"
"chr2","30494955","30495076","chr10","40413213","40413331","3","9918258"
"chr2","30522500","30522769","chr10","40386807","40387087","24","9864307"
"chr2","30755106","30755408","chr10","40155181","40155475","15","9400075"
"chr2","30945624","30945858","chr10","39961909","39962143","7","9016285"
"chr2","30947414","30947716","chr10","39960061","39960360","11","9012647"
"chr2","31001722","31001996","chr10","39905736","39906012","6","8904014"
"chr2","31306140","31306439","chr20","53564953","53565251","64","22258813"
"chr2","31312198","31312397","chr4","29292502","29292697","41","2019696"
"chr2","31375897","31376070","chr10","39532198","39532335","38","8156301"
"chr2","31401882","31402019","chr10","39506260","39506396","6","8104378"
"chr2","31475392","31475680","chr10","39431204","39431491","6","7955812"
"chr2","31606105","31606378","chr10","39302180","39302453","13","7696075"
"chr2","31669201","31669509","chr10","39242423","39242728","10","7573222"
"chr2","31862249","31862550","chr10","39049458","39049760","5","7187209"
"chr2","31905842","31906050","chr13","44615884","44616091","44","12710042"
"chr2","32004831","32005112","chr10","38902279","38902570","23","6897448"
"chr2","32073804","32074081","chr10","38833650","38833940","21","6759846"
"chr2","32080679","32080799","chr2","145187598","145187716","26","113106919"
"chr2","32088933","32089253","chr11","51898132","51898436","62","19809199"
"chr2","32110813","32111098","chr10","38797227","38797508","7","6686414"
"chr2","32114356","32114464","chr10","38794004","38794112","0","6679648"
"chr2","32134725","32134977","chr10","38773764","38774016","6","6639039"
"chr2","32156320","32156635","chr3","37699503","37699811","74","5543183"
"chr2","32160191","32160487","chr10","38748631","38748926","8","6588440"
"chr2","32230397","32230698","chr10","38678062","38678359","10","6447665"
"chr2","32246574","32246887","chr10","38658915","38659228","4","6412341"
"chr2","32281720","32281839","chr10","38621466","38621577","13","6339746"
"chr2","32303160","32303446","chr10","38600125","38600413","10","6296965"
"chr2","32327228","32327497","chr10","38578181","38578391","65","6250953"
"chr2","32336414","32336712","chr10","38569209","38569513","12","6232795"
"chr2","32353318","32353610","chr10","38551712","38551994","19","6198394"
"chr2","32365936","32366042","chr5","34124675","34124777","20","1758739"
"chr2","32375459","32375573","chr19","11905286","11905395","21","20470173"
"chr2","32391142","32391447","chr10","38516841","38517155","17","6125699"
"chr2","32403914","32404193","chr10","38503831","38504100","22","6099917"
"chr2","32425566","32425759","chrX","37400924","37401105","47","4975358"
"chr2","32426069","32426200","chr1","52522560","52522684","23","20096491"
"chr2","32428504","32428809","chr10","38477241","38477546","7","6048737"
"chr2","32431369","32431502","chr3","80862974","80863102","20","48431605"
"chr2","32433428","32433736","chr10","38472403","38472715","11","6038975"
"chr2","32451521","32451676","chr4","11509551","11509689","37","20941970"
"chr2","32451957","32452138","chr7","87895596","87895781","44","55443639"
"chr2","32460112","32460398","chr10","38444342","38444639","18","5984230"
"chr2","32470187","32470493","chr10","38434201","38434507","18","5964014"
"chr2","32473630","32473916","chr10","38430732","38431016","7","5957102"
"chr2","32501010","32501283","chr2","48371641","48371894","65","15870631"
"chr2","32511589","32511753","chr10","38392771","38392940","8","5881182"
"chr2","32517870","32517904","chrX","38937236","38937267","8","6419366"
"chr2","32517937","32517978","chr18","49750292","49750328","12","17232355"
"chr2","32559197","32559363","chr10","38345835","38346000","4","5786638"
"chr2","32560036","32560296","chr10","38344899","38345160","9","5784863"
"chr2","32624584","32624884","chr10","38260939","38261240","4","5636355"
"chr2","32645924","32646233","chr10","38238956","38239262","33","5593032"
"chr2","32775158","32775312","chr10","38104613","38104769","6","5329455"
"chr2","32853649","32853916","chr15","21679515","21679794","56","11174134"
"chr2","32920272","32920552","chr10","37956156","37956437","5","5035884"
"chr2","32930291","32930452","chr10","37946193","37946354","2","5015902"
"chr2","32938081","32938353","chr7","59546176","59546452","57","26608095"
"chr2","32945766","32946048","chr10","37931228","37931510","14","4985462"
"chr2","32952243","32952419","chr10","37925523","37925696","7","4973280"
"chr2","32961042","32961330","chr10","37915831","37916119","10","4954789"
"chr2","32961977","32962275","chr4","20208560","20208866","71","12753417"
"chr2","32963755","32963866","chr10","37912989","37913108","9","4949234"
"chr2","32964680","32964929","chrX","46793365","46793619","53","13828685"
"chr2","32981648","32981957","chr10","37893835","37894144","5","4912187"
"chr2","32992235","32992489","chr10","37883384","37883638","6","4891149"
"chr2","33005254","33005387","chr10","37870083","37870216","4","4864829"
"chr2","33013898","33014043","chr10","37860588","37860733","0","4846690"
"chr2","33023413","33023689","chr2","76006073","76006351","53","42982660"
"chr2","33032058","33032210","chr1","6504143","6504290","39","26527915"
"chr2","33032509","33032617","chr2","87829840","87829957","31","54797331"
"chr2","33045090","33045374","chr10","37824432","37824716","7","4779342"
"chr2","33046747","33046912","chr10","37822553","37822723","8","4775806"
"chr2","33062160","33062472","chr1","93784633","93784930","73","60722473"
"chr2","33078473","33078589","chr6","65405335","65405455","26","32326862"
"chr2","33093798","33093957","chr10","37779075","37779238","5","4685277"
"chr2","33097447","33097528","chr5","85719592","85719666","18","52622145"
"chr2","33097808","33098002","chr11","122001349","122001535","44","88903541"
"chr2","33099176","33099451","chr5","133823157","133823428","53","100723981"
"chr2","33103285","33103589","chr10","37769423","37769726","3","4666138"
"chr2","33119799","33120076","chr10","37753340","37753611","10","4633541"
"chr2","33134284","33134524","chr10","37738779","37739020","4","4604495"
"chr2","33134525","33134658","chr10","37738645","37738778","4","4604120"
"chr2","33152496","33152621","chr7","137532073","137532197","17","104379577"
"chr2","33152914","33153079","chr16","7575424","7575597","40","25577490"
"chr2","33169962","33170259","chr10","37703337","37703637","9","4533375"
"chr2","33171298","33171584","chr10","37702010","37702297","10","4530712"
"chr2","33212070","33212355","chr10","37661329","37661574","48","4449259"
"chr2","33230079","33230332","chr1","37583469","37583710","61","4353390"
"chr2","33231618","33231740","chr10","37642570","37642705","14","4410952"
"chr2","33238513","33238816","chrX","117507244","117507546","54","84268731"
"chr2","33314527","33314701","chr10","37561488","37561669","13","4246961"
"chr2","33316052","33316219","chr10","37559988","37560162","16","4243936"
"chr2","33375655","33375787","chr10","68306523","68306652","18","34930868"
"chr2","33376547","33376658","chr10","37496674","37496785","0","4120127"
"chr2","33384515","33384851","chr4","69376577","69376888","75","35992062"
"chr2","33387088","33387379","chr10","37485945","37486247","18","4098857"
"chr2","33411862","33412014","chrX","7162880","7163039","39","26248982"
"chr2","33417209","33417486","chr10","37453026","37453315","16","4035817"
"chr2","33450766","33451066","chr10","37408501","37408803","11","3957735"
"chr2","33477776","33477894","chr10","37377977","37378095","2","3900201"
"chr2","33570309","33570624","chr10","35674586","35674901","4","2104277"
"chr2","33596856","33596992","chr10","35700683","35700819","0","2103827"
"chr2","33602136","33602247","chr9","34778406","34778518","27","1176270"
"chr2","33605815","33606036","chr10","35710268","35710489","3","2104453"
"chr2","33614686","33614822","chr10","35719056","35719211","24","2104370"
"chr2","33629315","33629506","chr10","35730324","35730486","36","2101009"
"chr2","33636106","33636229","chr10","35737025","35737149","2","2100919"
"chr2","33645969","33646247","chr10","35746833","35747105","7","2100864"
"chr2","33649194","33649494","chr10","35750061","35750358","6","2100867"
"chr2","33687192","33687412","chr10","35789920","35790141","5","2102728"
"chr2","33746746","33747055","chr11","11695712","11696013","62","22051034"
"chr2","33748971","33749273","chr20","22581005","22581295","61","11167966"
"chr2","33765531","33765812","chr8","118100696","118100972","53","84335165"
"chr2","33772721","33772883","chr10","35875572","35875734","3","2102851"
"chr2","33781900","33782176","chr10","35886689","35886964","1","2104789"
"chr2","33802976","33803106","chr1","135097790","135097920","22","101294814"
"chr2","33803399","33803576","chr13","91151372","91151543","44","57347973"
"chr2","33814079","33814273","chr10","35926284","35926492","16","2112205"
"chr2","33814402","33814547","chr10","35926530","35926675","1","2112128"
"chr2","33827821","33828041","chr5","71518102","71518314","41","37690281"
"chr2","33849152","33849283","chr19","49683972","49684107","26","15834820"
"chr2","33849594","33849769","chr14","7026982","7027152","42","26822612"
"chr2","33857734","33858045","chr10","35972701","35973007","15","2114967"
"chr2","33875716","33876019","chr10","35997957","35998261","6","2122241"
"chr2","33876152","33876450","chr10","35998394","35998694","8","2122242"
"chr2","33914366","33914519","chr3","34370078","34370227","34","455712"
"chr2","33915052","33915199","chr6","73447417","73447558","23","39532365"
"chr2","33955472","33955747","chr10","36076088","36076352","17","2120616"
"chr2","33989251","33989515","chr10","36110552","36110809","17","2121301"
"chr2","33996140","33996251","chr4","132435469","132435585","28","98439329"
"chr2","33996560","33996728","chr3","46023413","46023578","28","12026853"
"chr2","34066085","34066398","chr16","53009632","53009937","63","18943547"
"chr2","34067563","34067846","chr10","36189298","36189580","13","2121735"
"chr2","34070318","34070587","chr14","2453205","2453484","78","31617113"
"chr2","34079094","34079352","chr3","6946875","6947131","58","27132219"
"chr2","34103624","34103763","chr10","36225470","36225610","2","2121846"
"chr2","34110602","34110895","chr10","36232439","36232737","13","2121837"
"chr2","34119543","34119801","chr10","36241531","36241789","6","2121988"
"chr2","34128948","34129244","chr16","20727967","20728260","62","13400981"
"chr2","34129554","34129863","chr10","36252607","36252906","15","2123053"
"chr2","34148885","34149187","chr2","43334917","43335223","74","9186032"
"chr2","34149486","34149517","chr16","54707203","54707234","4","20557717"
"chr2","34178910","34179197","chr10","36300008","36300303","13","2121098"
"chr2","34219514","34219786","chr10","36339022","36339297","7","2119508"
"chr2","34246577","34246876","chr10","36365696","36365995","10","2119119"
"chr2","34251039","34251340","chr10","36370145","36370447","14","2119106"
"chr2","34257954","34258257","chr10","36377011","36377314","6","2119057"
"chr2","34278840","34279159","chr10","36398343","36398661","11","2119503"
"chr2","34389313","34389618","chr10","36509368","36509673","10","2120055"
"chr2","34397679","34397991","chr10","36517719","36518035","10","2120040"
"chr2","34400184","34400345","chr10","36519892","36520050","5","2119708"
"chr2","34504341","34504662","chr10","36608658","36608967","19","2104317"
"chr2","34518576","34518873","chr10","36629429","36629725","5","2110853"
"chr2","34525372","34525607","chr5","115582899","115583115","69","81057527"
"chr2","34545450","34545752","chr10","36657517","36657826","16","2112067"
"chr2","34563019","34563307","chr10","36674784","36675073","5","2111765"
"chr2","34572945","34573082","chr13","26373157","26373296","35","8199788"
"chr2","34573378","34573407","chr18","41619767","41619798","7","7046389"
"chr2","34583976","34584105","chr5","159089141","159089264","25","124505165"
"chr2","34584420","34584554","chr14","31940146","31940287","29","2644274"
"chr2","34602454","34602741","chr10","36714787","36715074","4","2112333"
"chr2","34617619","34617818","chr10","36730104","36730304","6","2112485"
"chr2","34627606","34627911","chr10","36739673","36739969","16","2112067"
"chr2","34631860","34632135","chr9","7082508","7082798","54","27549352"
"chr2","34634728","34635029","chr10","36746789","36747092","12","2112061"
"chr2","34639354","34639649","chr10","36751441","36751731","14","2112087"
"chr2","34655320","34655617","chr10","36767130","36767434","13","2111810"
"chr2","34676499","34676795","chr10","36788806","36789087","22","2112307"
"chr2","34677863","34678141","chr10","36790158","36790435","7","2112295"
"chr2","34680818","34680973","chr10","36793128","36793284","3","2112310"
"chr2","34682367","34682666","chr10","36794661","36794961","7","2112294"
"chr2","34691269","34691572","chr10","36803544","36803843","17","2112275"
"chr2","34762546","34762701","chr7","133981595","133981749","19","99219049"
"chr2","34792341","34792486","chr10","36915167","36915305","12","2122826"
"chr2","34801184","34801312","chr10","36924349","36924477","1","2123165"
"chr2","34806735","34806901","chr10","36929800","36929967","2","2123065"
"chr2","34809942","34810108","chr10","36929800","36929967","2","2119858"
"chr2","34818294","34818461","chr10","36940753","36940918","9","2122459"
"chr2","34891232","34891358","chr8","63997023","63997145","16","29105791"
"chr2","34893440","34893568","chr2","143610328","143610452","16","108716888"
"chr2","34909321","34909621","chr10","37080310","37080613","13","2170989"
"chr2","34913013","34913192","chr4","10353260","10353422","47","24559753"
"chr2","34917298","34917425","chr10","37088280","37088407","2","2170982"
"chr2","35074918","35075214","chr19","39890965","39891258","64","4816047"
"chr2","35189272","35189419","chr10","57644990","57645155","21","22455718"
"chr2","35228718","35228917","chr3","55317884","55318076","44","20089166"
"chr2","35229527","35229643","chr15","69803572","69803689","27","34574045"
"chr2","35230576","35230879","chr10","58133684","58133989","10","22903108"
"chr2","35248421","35248725","chr10","58153395","58153698","10","22904974"
"chr2","35249906","35250219","chr17","76062721","76063023","67","40812815"
"chr2","35255380","35255557","chr10","58160343","58160537","21","22904963"
"chr2","35258415","35258573","chr10","58163052","58163217","11","22904637"
"chr2","35299975","35300269","chr10","32971426","32971720","3","2328549"
"chr2","35332463","35332778","chr10","33006814","33007127","14","2325649"
"chr2","35351657","35351966","chr10","33026355","33026664","6","2325302"
"chr2","35402240","35402430","chr10","33080999","33081193","9","2321241"
"chr2","35432652","35432955","chr10","33114189","33114492","8","2318463"
"chr2","35440441","35440718","chr10","33122283","33122565","5","2318158"
"chr2","35443473","35443601","chr10","33125349","33125480","7","2318124"
"chr2","35446000","35446304","chr13","23580326","23580623","55","11865674"
"chr2","35446536","35446831","chr10","33128113","33128407","7","2318423"
"chr2","35450765","35451028","chr10","13712486","13712750","55","21738279"
"chr2","35483480","35483772","chr10","33172138","33172446","28","2311342"
"chr2","35515547","35515847","chr10","18795443","18795755","65","16720104"
"chr2","35518477","35518708","chr10","33207679","33207910","2","2310798"
"chr2","35526337","35526604","chr10","33215325","33215602","14","2311012"
"chr2","35527498","35527789","chr10","33216491","33216781","10","2311007"
"chr2","35536097","35536354","chr10","33230819","33231061","27","2305278"
"chr2","35561963","35562005","chrX","106640457","106640499","8","71078494"
"chr2","35572624","35572925","chr7","9765236","9765532","66","25807388"
"chr2","35787507","35787827","chr3","44863353","44863658","65","9075846"
"chr2","35843746","35844035","chr10","32710200","32710487","7","3133546"
"chr2","35866115","35866243","chr14","97689298","97689429","23","61823183"
"chr2","35872965","35873292","chr10","32683572","32683893","9","3189393"
"chr2","35879321","35879679","chr7","149227665","149228001","103","113348344"
"chr2","35883158","35883455","chr10","32673817","32674117","11","3209341"
"chr2","35895408","35895536","chr10","32661370","32661498","3","3234038"
"chr2","35932548","35932856","chr10","32616053","32616361","6","3316495"
"chr2","35938950","35939080","chr15","81610275","81610419","27","45671325"
"chr2","35939699","35939782","chrX","75467026","75467108","17","39527327"
"chr2","35993403","35993634","chr10","32555158","32555389","4","3438245"
"chr2","35994433","35994624","chr7","93878469","93878641","53","57884036"
"chr2","35994922","35995053","chr1","57106679","57106809","28","21111757"
"chr2","36028963","36029084","chr6","53123473","53123595","17","17094510"
"chr2","36034761","36034945","chr14","7026982","7027152","39","29007779"
"chr2","36035587","36035714","chr10","32510901","32511028","0","3524686"
"chr2","36035817","36035976","chr5","141861687","141861839","42","105825870"
"chr2","36036288","36036433","chr1","217511492","217511641","30","181475204"
"chr2","36063323","36063620","chr10","32477498","32477795","4","3585825"
"chr2","36090336","36090477","chr10","13701923","13702055","26","22388413"
"chr2","36090785","36090809","chr16","14189051","14189074","8","21901734"
"chr2","36092149","36092431","chr10","32447653","32447935","6","3644496"
"chr2","36092436","36092741","chr10","32447341","32447648","7","3645095"
"chr2","36159192","36159361","chr10","32381761","32381926","8","3777431"
"chr2","36203341","36203613","chr10","32335708","32335983","11","3867633"
"chr2","36260554","36260859","chr10","32278286","32278593","6","3982268"
"chr2","36261813","36262122","chr10","32277010","32277319","10","3984803"
"chr2","36280431","36280563","chr10","32257622","32257754","15","4022809"
"chr2","36300540","36300829","chr10","32238769","32239056","8","4061771"
"chr2","36317045","36317344","chr10","32222017","32222316","6","4095028"
"chr2","36319235","36319535","chr10","32219839","32220142","13","4099396"
"chr2","36349384","36349687","chr10","32188958","32189271","23","4160426"
"chr2","36355142","36355440","chr10","32183217","32183503","15","4171925"
"chr2","36377230","36377525","chr10","32161406","32161701","11","4215824"
"chr2","36401294","36401587","chr10","32137903","32138196","9","4263391"
"chr2","36413793","36414085","chr10","32125245","32125540","15","4288548"
"chr2","36427457","36427635","chr1","56987728","56987906","42","20560271"
"chr2","36427668","36427786","chr7","49244730","49244846","14","12817062"
"chr2","36437573","36437904","chr10","32101435","32101746","31","4336138"
"chr2","36446197","36446495","chr10","32092836","32093148","25","4353361"
"chr2","36452125","36452414","chr10","32086790","32087085","14","4365335"
"chr2","36469614","36469874","chr10","32069229","32069489","6","4400385"
"chr2","36486259","36486381","chr16","66120676","66120798","18","29634417"
"chr2","36486672","36486854","chr11","83033403","83033574","40","46546731"
"chr2","36493793","36494073","chr10","32044465","32044790","50","4449328"
"chr2","36509877","36510171","chr14","18343319","18343625","62","18166558"
"chr2","36513457","36513755","chr2","91672977","91673271","61","55159520"
"chr2","36518030","36518319","chr10","32015491","32015777","11","4502539"
"chr2","36533169","36533298","chr10","32000236","32000365","0","4532933"
"chr2","36537651","36537944","chr10","31995579","31995873","6","4542072"
"chr2","36581754","36582039","chr10","31955744","31956029","4","4626010"
"chr2","36623780","36624081","chr1","33790407","33790699","60","2833373"
"chr2","36642899","36642994","chr2","152109306","152109398","21","115466407"
"chr2","36643021","36643100","chr7","129278320","129278398","21","92635299"
"chr2","36643372","36643657","chr10","31894155","31894438","7","4749217"
"chr2","36649723","36649847","chr3","178386385","178386509","26","141736662"
"chr2","36650157","36650305","chr19","27961412","27961569","41","8688745"
"chr2","36661205","36661378","chr7","158326197","158326366","46","121664992"
"chr2","36661674","36661688","chr2","6035060","6035071","6","30626614"
"chr2","36661977","36662074","chr2","44205101","44205207","27","7543124"
"chr2","36668841","36669158","chr16","65641462","65641777","61","28972621"
"chr2","36678332","36678613","chr10","31859104","31859385","4","4819228"
"chr2","36678622","36678790","chr1","164045613","164045784","35","127366991"
"chr2","36702136","36702299","chr10","31837986","31838148","3","4864150"
"chr2","36720186","36720343","chr3","47985053","47985213","37","11264867"
"chr2","36720471","36720727","chr9","5827491","5827765","77","30892980"
"chr2","36724156","36724282","chr10","31812572","31812698","2","4911584"
"chr2","36726314","36726615","chr10","31810283","31810580","10","4916031"
"chr2","36731343","36731486","chr8","66163970","66164109","26","29432627"
"chr2","36748175","36748452","chr10","31789574","31789850","6","4958601"
"chr2","36751612","36751909","chr20","38637596","38637890","66","1885984"
"chr2","36765242","36765547","chr10","31774246","31774551","5","4990996"
"chr2","36777134","36777433","chr10","31762456","31762754","5","5014678"
"chr2","36782273","36782455","chr20","17372994","17373175","49","19409279"
"chr2","36786277","36786525","chr10","31753354","31753604","10","5032923"
"chr2","36791457","36791590","chr10","31748060","31748192","7","5043397"
"chr2","36792128","36792442","chr10","31747195","31747509","9","5044933"
"chr2","36885187","36885513","chr10","31653204","31653530","11","5231983"
"chr2","36887065","36887343","chr10","31651103","31651392","17","5235962"
"chr2","36918786","36918943","chr10","31620022","31620182","8","5298764"
"chr2","36929013","36929271","chr10","31609706","31609953","16","5319307"
"chr2","36947323","36947604","chr10","31590728","31591008","13","5356595"
"chr2","36974717","36974980","chr3","35593296","35593570","58","1381421"
"chr2","36991393","36991617","chr6","133717820","133718030","63","96726427"
"chr2","36991923","36991977","chr5","53232803","53232853","10","16240880"
"chr2","37015049","37015210","chr6","131266330","131266479","42","94251281"
"chr2","37024133","37024434","chr10","31512168","31512468","5","5511965"
"chr2","37034986","37035269","chr10","31501985","31502265","10","5533001"
"chr2","37039408","37039562","chr10","31497696","31497850","3","5541712"
"chr2","37050719","37050879","chrX","41653636","41653796","30","4602917"
"chr2","37050924","37051041","chr9","60647949","60648066","15","23597025"
"chr2","37063364","37063669","chr8","36816360","36816661","51","247004"
"chr2","37064307","37064598","chr20","10983153","10983444","60","26081154"
"chr2","37066993","37067127","chr10","31473962","31474096","3","5593031"
"chr2","37067333","37067477","chr10","31473612","31473756","5","5593721"
"chr2","37068921","37069201","chr10","31471878","31472167","19","5597043"
"chr2","37098337","37098484","chr10","31429372","31429519","4","5668965"
"chr2","37099538","37099829","chr10","31439060","31439351","4","5660478"
"chr2","37108928","37109050","chr10","31432495","31432617","2","5676433"
"chr2","37109579","37109797","chr10","85861367","85861575","62","48751788"
"chr2","37134496","37134630","chr1","34470396","34470521","33","2664100"
"chr2","37134935","37135057","chr15","23776705","23776816","31","13358230"
"chr2","37157033","37157314","chr10","31372943","31373223","4","5784090"
"chr2","37164193","37164346","chr5","6190546","6190702","31","30973647"
"chr2","37164665","37164794","chr3","84655379","84655507","29","47490714"
"chr2","37168276","37168566","chr10","31361709","31361998","9","5806567"
"chr2","37171354","37171515","chr10","31358755","31358921","13","5812599"
"chr2","37210374","37210535","chr10","31329017","31329178","1","5881357"
"chr2","37226121","37226422","chr10","31312110","31312409","7","5914011"
"chr2","37228714","37228950","chr6","128012345","128012578","51","90783631"
"chr2","37230910","37231043","chr10","31308828","31308961","2","5922082"
"chr2","37243532","37243747","chr1","180821603","180821823","46","143578071"
"chr2","37247345","37247563","chr10","31290865","31291083","1","5956480"
"chr2","37265759","37265928","chr2","45722729","45722893","27","8456970"
"chr2","37266231","37266361","chrX","45089798","45089928","21","7823567"
"chr2","37269628","37269796","chr10","31268438","31268604","5","6001190"
"chr2","37281440","37281729","chr10","31255819","31256109","8","6025621"
"chr2","37320139","37320449","chr10","64532211","64532522","64","27212072"
"chr2","37329389","37329577","chr19","38284437","38284620","38","955048"
"chr2","37329879","37330008","chr7","9414548","9414678","19","27915331"
"chr2","37456058","37456219","chr10","31082765","31082922","11","6373293"
"chr2","37498206","37498490","chr10","31043235","31043531","21","6454971"
"chr2","37537357","37537730","chr10","31002756","31003129","6","6534601"
"chr2","37556641","37556926","chr10","30982707","30982992","12","6573934"
"chr2","37581611","37581949","chr10","30956769","30957113","13","6624842"
"chr2","37654003","37654318","chr10","30881669","30881965","29","6772334"
"chr2","37671838","37672006","chr12","41293082","41293245","49","3621244"
"chr2","37672307","37672415","chr7","58515097","58515209","20","20842790"
"chr2","37678962","37679073","chr7","88096624","88096732","18","50417662"
"chr2","37688857","37689146","chr10","30850136","30850425","6","6838721"
"chr2","37708683","37708819","chr7","120023342","120023474","23","82314659"
"chr2","37709115","37709303","chr9","34604869","34605038","46","3104246"
"chr2","37717969","37718134","chr2","21477489","21477653","37","16240480"
"chr2","37726109","37726382","chr9","92727155","92727450","65","55001046"
"chr2","37746074","37746380","chr10","30792117","30792424","9","6953957"
"chr2","37749752","37749950","chr7","87895596","87895781","49","50145844"
"chr2","37752894","37752955","chr3","44101399","44101458","14","6348505"
"chr2","37763692","37763961","chr10","30768180","30768449","9","6995512"
"chr2","37764507","37764602","chr10","30767529","30767635","16","6996978"
"chr2","37765448","37765617","chr13","92739576","92739730","49","54974128"
"chr2","37775391","37775422","chr9","50043100","50043127","13","12267709"
"chr2","37775758","37775928","chr4","42512390","42512552","41","4736632"
"chr2","37776388","37776520","chr10","30750533","30750659","7","7025855"
"chr2","37797042","37797158","chr3","51849522","51849644","24","14052480"
"chr2","37805274","37805540","chr10","30718585","30718852","6","7086689"
"chr2","37818884","37819163","chr5","136271472","136271734","78","98452588"
"chr2","37820173","37820370","chr10","30701577","30701773","3","7118596"
"chr2","37830126","37830303","chr10","30691395","30691578","13","7138731"
"chr2","37836563","37836673","chr11","47239093","47239197","26","9402530"
"chr2","37836732","37836983","chr10","30684146","30684394","5","7152586"
"chr2","37884595","37884874","chr10","30636805","30637094","18","7247790"
"chr2","37892386","37892702","chr10","30630163","30630482","7","7262223"
"chr2","37900664","37900961","chr10","30621610","30621907","7","7279054"
"chr2","37944553","37944690","chr10","30576584","30576721","3","7367969"
"chr2","37955597","37955934","chr3","39639304","39639603","93","1683707"
"chr2","37971530","37971801","chr10","30549205","30549476","2","7422325"
"chr2","37974492","37974786","chr10","30545528","30545822","3","7428964"
"chr2","37992095","37992371","chr10","30531166","30531436","14","7460929"
"chr2","38002943","38003232","chr10","30519676","30519966","8","7483267"
"chr2","38028397","38028697","chr10","30491773","30492073","6","7536624"
"chr2","38053693","38054002","chr10","30469318","30469623","10","7584375"
"chr2","38059983","38060157","chr10","30463035","30463209","4","7596948"
"chr2","38064188","38064475","chr10","30458495","30458782","2","7605693"
"chr2","38064857","38065044","chr7","17349222","17349406","37","20715635"
"chr2","38065356","38065488","chr7","54255086","54255215","22","16189730"
"chr2","38065846","38066127","chr4","14005906","14006193","64","24059940"
"chr2","38092259","38092560","chr10","30426658","30426960","7","7665601"
"chr2","38097082","38097373","chr10","30430464","30430759","8","7666618"
"chr2","38118738","38118972","chr10","30402785","30403021","7","7715953"
"chr2","38159213","38159364","chr10","30361889","30362049","12","7797324"
"chr2","38161364","38161656","chr10","30359669","30359961","8","7801695"
"chr2","38167988","38168072","chr6","65666132","65666215","14","27498144"
"chr2","38174212","38174475","chr10","30344895","30345162","7","7829317"
"chr2","38204809","38204895","chr17","44834422","44834503","20","6629613"
"chr2","38205214","38205352","chrX","12242300","12242441","28","25962914"
"chr2","38214687","38214847","chr14","65342003","65342162","23","27127316"
"chr2","38216458","38216742","chr10","30304048","30304332","5","7912410"
"chr2","38219852","38220164","chr10","30299966","30300278","6","7919886"
"chr2","38227175","38227480","chr11","46631266","46631567","62","8404091"
"chr2","38228815","38229101","chr10","30293152","30293438","5","7935663"
"chr2","38229645","38229908","chr10","30292345","30292608","8","7937300"
"chr2","38232435","38232753","chr3","44863353","44863658","73","6630918"
"chr2","38235421","38235723","chr10","30286530","30286831","6","7948891"
"chr2","38263773","38264082","chr10","30256514","30256816","14","8007259"
"chr2","38324597","38324892","chr10","30197671","30197967","8","8126926"
"chr2","38333093","38333392","chr10","30189336","30189640","14","8143757"
"chr2","38388264","38388432","chr2","103617946","103618114","54","65229682"
"chr2","38396044","38396130","chr4","134208025","134208107","18","95811981"
"chr2","38419767","38420043","chr7","17971605","17971873","66","20448162"
"chr2","38449732","38450030","chr10","30058711","30059011","6","8391021"
"chr2","38474184","38474203","chr6","172915280","172915296","6","134441096"
"chr2","38474505","38474661","chr1","115389715","115389864","48","76915210"
"chr2","38475685","38475841","chr10","30039656","30039810","6","8436029"
"chr2","38478730","38479035","chr10","30036473","30036776","12","8442257"
"chr2","38542297","38542584","chr10","29980442","29980720","12","8561855"
"chr2","38543219","38543517","chr10","29979483","29979780","3","8563736"
"chr2","38560287","38560420","chr9","26915565","26915701","32","11644722"
"chr2","38560421","38560720","chrX","50958174","50958473","59","12397753"
"chr2","38560721","38560879","chr1","55803875","55804033","28","17243154"
"chr2","38609011","38609180","chrX","44106841","44107004","38","5497830"
"chr2","38609206","38609308","chr1","44680924","44681030","22","6071718"
"chr2","38620978","38621270","chr14","107381430","107381714","75","68760452"
"chr2","38622606","38622900","chr3","172575160","172575438","61","133952554"
"chr2","38622927","38622952","chr20","49216577","49216598","8","10593650"
"chr2","38624025","38624335","chr9","60433413","60433709","59","21809388"
"chr2","38639192","38639414","chr3","45566889","45567100","55","6927697"
"chr2","38639720","38639739","chr7","125655255","125655271","5","87015535"
"chr2","38646442","38646767","chr10","29874977","29875295","14","8771465"
"chr2","38649236","38649536","chr10","29872197","29872495","11","8777039"
"chr2","38655795","38656102","chr10","29864579","29864888","8","8791216"
"chr2","38665734","38665861","chr10","29855179","29855306","3","8810555"
"chr2","38670376","38670733","chr10","29851579","29851935","12","8818797"
"chr2","38715308","38715574","chr10","29806657","29806923","6","8908651"
"chr2","38716685","38716867","chr10","29805381","29805546","18","8911304"
"chr2","38723157","38723450","chr10","29798795","29799090","12","8924362"
"chr2","38735788","38736092","chr10","29786177","29786466","27","8949611"
"chr2","38758427","38758582","chr13","85906319","85906472","38","47147892"
"chr2","38766352","38766498","chrX","107973038","107973185","28","69206686"
"chr2","38766801","38766848","chr1","41913866","41913911","8","3147065"
"chr2","38776871","38776968","chr10","29744892","29744990","2","9031979"
"chr2","38789799","38790103","chr10","29731542","29731847","7","9058257"
"chr2","38792412","38792705","chr10","29727453","29727743","10","9064959"
"chr2","38827708","38827967","chr10","29692092","29692362","20","9135616"
"chr2","38853931","38854001","chr19","11620093","11620165","19","27233838"
"chr2","38854307","38854419","chr9","12303533","12303642","17","26550774"
"chr2","38875189","38875353","chr10","29644218","29644365","27","9230971"
"chr2","38897154","38897339","chr10","29621186","29621371","2","9275968"
"chr2","38907679","38907987","chr10","29609926","29610230","13","9297753"
"chr2","38918358","38918661","chr10","29600800","29601103","5","9317558"
"chr2","38930632","38930933","chr10","29587200","29587501","10","9343432"
"chr2","38932859","38933135","chr10","29584992","29585268","15","9347867"
"chr2","38972462","38972591","chr1","43065377","43065506","24","4092915"
"chr2","38972895","38973065","chr3","39637535","39637706","31","664640"
"chr2","38974375","38974562","chr3","78136377","78136543","55","39162002"
"chr2","38993999","38994303","chr10","29527203","29527508","7","9466796"
"chr2","39015334","39015645","chr10","29504977","29505286","8","9510357"
"chr2","39026234","39026407","chr10","29494483","29494644","12","9531751"
"chr2","39033732","39034016","chr10","29486533","29486817","3","9547199"
"chr2","39069040","39069199","chr10","29448810","29448969","2","9620230"
"chr2","39080519","39080822","chr10","29437565","29437868","4","9642954"
"chr2","39083888","39084015","chr11","11976275","11976400","27","27107613"
"chr2","39088652","39088662","chr2","6035060","6035071","4","33053592"
"chr2","39088689","39088966","chrX","43599483","43599761","51","4510794"
"chr2","39096811","39097113","chr10","29421972","29422268","15","9674839"
"chr2","39118954","39119231","chr10","29399002","29399285","23","9719952"
"chr2","39122349","39122487","chr15","81610275","81610419","33","42487926"
"chr2","39142647","39142951","chr11","46631266","46631567","60","7488619"
"chr2","39172113","39172426","chr10","29345769","29346086","11","9826344"
"chr2","39265037","39265195","chr10","29253505","29253663","1","10011532"
"chr2","39269187","39269333","chr10","29249052","29249213","18","10020135"
"chr2","39358743","39359038","chr10","29159116","29159410","12","10199627"
"chr2","39378323","39378586","chr10","29138708","29138968","10","10239615"
"chr2","39423488","39423801","chr10","29096638","29096951","9","10326850"
"chr2","39458159","39458362","chr10","29061817","29062021","8","10396342"
"chr2","39461327","39461599","chr10","29058501","29058773","3","10402826"
"chr2","39483066","39483348","chr10","29037225","29037508","7","10445841"
"chr2","40496013","40496227","chr10","27469840","27470054","3","13026173"
"chr2","40904888","40905186","chr10","44751022","44751297","39","3846134"
"chr2","40914422","40914725","chr10","44758740","44759016","32","3844318"
"chr2","40917497","40917836","chr10","44761772","44762088","27","3844275"
"chr2","41005629","41005937","chr10","44850591","44850920","29","3844962"
"chr2","41039591","41039715","chr6","74502016","74502139","19","33462425"
"chr2","41194925","41195201","chr10","45041324","45041597","16","3846399"
"chr2","41262816","41263099","chr10","45110928","45111212","9","3848112"
"chr2","41347158","41347474","chr10","45194337","45194653","3","3847179"
"chr2","41600488","41600609","chr10","45443594","45443715","1","3843106"
"chr2","41660655","41660956","chr15","106705555","106705844","74","65044900"
"chr2","41972802","41972977","chr10","45816663","45816844","12","3843861"
"chr2","42099497","42099859","chr10","45943963","45944298","44","3844466"
"chr2","42257361","42257627","chr10","46104853","46105119","9","3847492"
"chr2","42464863","42465024","chr10","46317644","46317806","6","3852781"
"chr2","42475804","42476111","chr10","46328589","46328895","6","3852785"
"chr2","42533540","42533702","chr10","46396476","46396635","8","3862936"
"chr2","42584019","42584304","chr10","46447925","46448212","14","3863906"
"chr2","42591967","42592113","chr10","46456251","46456397","1","3864284"
"chr2","42719139","42719301","chr13","85906319","85906472","38","43187180"
"chr2","42731864","42732160","chr10","46596830","46597123","9","3864966"
"chr2","42767090","42767197","chr1","67193675","67193788","31","24426585"
"chr2","42924853","42925128","chr10","46780900","46781175","5","3856047"
"chr2","42970164","42970500","chr15","99326907","99327234","84","56356743"
"chr2","43026608","43026914","chr10","46884954","46885260","11","3858346"
"chr2","43083130","43083425","chr9","39237030","39237325","49","3846100"
"chr2","43307439","43307722","chr10","47167687","47167971","8","3860248"
"chr2","43591979","43592276","chr10","47463046","47463332","13","3871067"
"chr2","43796944","43797217","chr13","8848047","8848314","62","34948897"
"chr2","43846723","43847011","chr10","47717519","47717808","4","3870796"
"chr2","43890155","43890278","chr10","47761103","47761226","2","3870948"
"chr2","43927445","43927717","chr10","47797807","47798079","5","3870362"
"chr2","44029263","44029367","chr5","71517877","71517978","19","27488614"
"chr2","44090939","44091233","chr10","47959830","47960132","14","3868891"
"chr2","44158212","44158372","chr10","48026796","48026956","2","3868584"
"chr2","44219038","44219156","chr10","48086798","48086924","9","3867760"
"chr2","44247170","44247300","chr9","59223715","59223849","24","14976545"
"chr2","44258687","44258773","chr10","48132160","48132247","2","3873473"
"chr2","44284406","44284699","chr10","48156235","48156515","25","3871829"
"chr2","44305357","44305666","chr10","48177358","48177647","34","3872001"
"chr2","44338777","44339079","chr10","48210872","48211174","10","3872095"
"chr2","44340620","44340922","chr10","48212721","48213023","4","3872101"
"chr2","44342671","44342980","chr10","48214771","48215080","1","3872100"
"chr2","44699916","44700021","chr10","48575993","48576097","1","3876077"
"chr2","44794778","44795095","chr10","48675863","48676171","17","3881085"
"chr2","45073827","45074046","chr2","85923177","85923396","62","40849350"
"chr2","45074100","45074399","chr6","101395446","101395748","67","56321346"
"chr2","45116657","45116957","chr10","49000593","49000886","22","3883936"
"chr2","45295711","45295829","chr14","4038475","4038592","17","41257236"
"chr2","45295876","45296018","chr5","16683752","16683891","31","28612124"
"chr2","45363971","45364132","chr10","49248219","49248380","4","3884248"
"chr2","45430182","45430487","chr1","63168273","63168576","67","17738091"
"chr2","45453919","45454224","chr10","49338789","49339097","13","3884870"
"chr2","45474527","45474666","chr10","49362078","49362227","20","3887551"
"chr2","45482325","45482630","chr12","77807198","77807490","75","32324873"
"chr2","45491220","45491509","chr10","49378754","49379048","12","3887534"
"chr2","45543134","45543314","chr7","125448714","125448884","51","79905580"
"chr2","45565599","45565897","chr4","36611976","36612272","66","8953623"
"chr2","45569447","45569522","chr1","180380906","180380969","21","134811459"
"chr2","45609760","45610039","chr10","49498939","49499218","6","3889179"
"chr2","45611051","45611332","chr10","49500230","49500512","7","3889179"
"chr2","45626958","45627084","chr10","49516117","49516245","7","3889159"
"chr2","46010117","46010277","chr10","49739094","49739252","4","3728977"
"chr2","46010408","46010513","chr10","49739405","49739509","9","3728997"
"chr2","46130001","46130291","chr10","49859495","49859786","6","3729494"
"chr2","46181151","46181438","chr10","49909892","49910190","21","3728741"
"chr2","46310227","46310491","chr10","50040159","50040423","4","3729932"
"chr2","46344381","46344661","chr10","50075877","50076172","23","3731496"
"chr2","46423312","46423447","chr10","50156120","50156239","21","3732808"
"chr2","46532291","46532584","chr10","50263271","50263574","23","3730980"
"chr2","46576632","46576927","chr10","50309416","50309707","10","3732784"
"chr2","46611568","46611619","chr16","23819538","23819589","8","22792030"
"chr2","46621198","46621489","chr10","50354628","50354926","13","3733430"
"chr2","46622383","46622684","chr10","50355835","50356141","10","3733452"
"chr2","46663652","46663830","chr14","63372422","63372593","57","16708770"
"chr2","46673740","46673892","chr10","50406858","50407010","2","3733118"
"chr2","46749623","46749697","chr10","50482954","50483028","1","3733331"
"chr2","46833543","46833813","chr10","50567586","50567857","13","3734043"
"chr2","46875843","46876114","chr10","50610375","50610652","15","3734532"
"chr2","46878525","46878684","chr10","50613068","50613228","6","3734543"
"chr2","46932622","46932909","chr3","41704322","41704610","60","5228300"
"chr2","46943184","46943490","chr10","50677113","50677394","30","3733929"
"chr2","46951022","46951264","chr9","66560042","66560269","65","19609020"
"chr2","46954639","46954973","chr6","65091469","65091785","86","18136830"
"chr2","46995657","46995781","chr10","50728453","50728577","3","3732796"
"chr2","47056469","47056786","chr16","23591456","23591764","60","23465013"
"chr2","47097876","47098171","chr10","50831654","50831952","17","3733778"
"chr2","47138974","47139153","chr10","50873455","50873627","10","3734481"
"chr2","47149077","47149299","chr4","65901631","65901855","52","18752554"
"chr2","47151234","47151499","chr10","50883925","50884193","20","3732691"
"chr2","47216891","47217043","chr13","85906319","85906472","24","38689428"
"chr2","47217358","47217493","chr4","102434054","102434182","30","55216696"
"chr2","47250679","47250949","chr10","50985416","50985684","10","3734737"
"chr2","47280968","47281262","chr10","51016248","51016550","12","3735280"
"chr2","47305051","47305332","chr10","51040422","51040703","5","3735371"
"chr2","47391752","47391882","chrX","49911501","49911621","37","2519749"
"chr2","47539671","47539967","chr15","37422164","37422461","54","10117507"
"chr2","47579503","47579804","chr10","51294118","51294419","7","3714615"
"chr2","47587686","47587949","chr10","51302016","51302279","12","3714330"
"chr2","47614051","47614183","chr1","54427641","54427773","22","6813590"
"chr2","47660436","47660736","chr10","51372138","51372434","17","3711702"
"chr2","47666107","47666415","chr10","51377786","51378098","14","3711679"
"chr2","47694453","47694741","chr10","51403945","51404230","10","3709492"
"chr2","47699239","47699567","chr10","51408729","51409048","13","3709490"
"chr2","47738443","47738760","chr10","51452500","51452811","13","3714057"
"chr2","47740972","47741265","chr20","15277986","15278281","59","32462986"
"chr2","47746835","47747122","chr10","51460898","51461185","6","3714063"
"chr2","47793083","47793402","chr10","51483671","51483969","36","3690588"
"chr2","47887568","47887697","JH680411","52241","52370","30","47835327"
"chr2","47945672","47945992","chr10","51639723","51640036","11","3694051"
"chr2","48017535","48017836","chr10","51718361","51718655","23","3700826"
"chr2","48247657","48247818","chr10","51951973","51952134","7","3704316"
"chr2","48405644","48405925","chr10","52108720","52108999","9","3703076"
"chr2","48708450","48708757","chr10","52414550","52414859","5","3706100"
"chr2","48741233","48741523","chr10","52447799","52448083","10","3706566"
"chr2","48903254","48903520","chr10","52611565","52611842","18","3708311"
"chr2","48954343","48954655","chr10","52663302","52663614","12","3708959"
"chr2","49022493","49022759","chr10","52733251","52733518","7","3710758"
"chr2","49037314","49037612","chr10","52749060","52749356","10","3711746"
"chr2","49169600","49169869","chr10","52894589","52894850","15","3724989"
"chr2","49369953","49370259","chr10","53097401","53097708","7","3727448"
"chr2","49544879","49545187","chr10","53272274","53272581","9","3727395"
"chr2","49601569","49601877","chr10","53329117","53329421","10","3727548"
"chr2","49665906","49666193","chr10","53391850","53392137","7","3725944"
"chr2","49711044","49711173","chr10","53436704","53436833","1","3725660"
"chr2","49711691","49711934","chr10","53437360","53437617","22","3725669"
"chr2","49719052","49719218","chr10","53444649","53444815","3","3725597"
"chr2","49728601","49728911","chr10","53454441","53454751","8","3725840"
"chr2","49789835","49790119","chr10","53516388","53516681","16","3726553"
"chr2","49793385","49793506","chr1","52522560","52522684","17","2729175"
"chr2","49796919","49797206","chr10","53523608","53523895","16","3726689"
"chr2","49838885","49839194","chr9","113441409","113441670","101","63602524"
"chr2","49840434","49840713","chr3","66083157","66083432","67","16242723"
"chr2","49853418","49853577","chr13","73353671","73353826","31","23500253"
"chr2","49853884","49854013","chr3","33499818","33499956","34","16354066"
"chr2","49862335","49862501","chr10","53588767","53588944","16","3726432"
"chr2","49865210","49865522","chr16","38799146","38799460","61","11066064"
"chr2","49895979","49896178","chr10","53622334","53622533","2","3726355"
"chr2","49925091","49925359","chr15","56511675","56511946","61","6586584"
"chr2","49973377","49973531","chr11","125101048","125101205","24","75127671"
"chr2","49997745","49997892","chr10","53724423","53724558","14","3726678"
"chr2","50067377","50067682","chr10","53795552","53795864","15","3728175"
"chr2","50105835","50105986","chr10","53834758","53834908","5","3728923"
"chr2","50108461","50108758","chr10","53837367","53837670","16","3728906"
"chr2","50125476","50125756","chr10","53854137","53854415","10","3728661"
"chr2","50146566","50146826","chr10","53875218","53875482","9","3728652"
"chr2","50271757","50272071","chr10","53995234","53995548","11","3723477"
"chr2","50273816","50273940","chr1","52522560","52522684","15","2248744"
"chr2","50285196","50285355","chr10","54008613","54008778","9","3723417"
"chr2","50538737","50539047","chr10","54263855","54264160","12","3725118"
"chr2","50547530","50547824","chr10","54272743","54273034","12","3725213"
"chr2","50549730","50549990","chr10","54274936","54275197","2","3725206"
"chr2","50569587","50569875","chr10","54294820","54295108","9","3725233"
"chr2","50588087","50588398","chr10","54312966","54313277","9","3724879"
"chr2","50664306","50664567","chr10","54387132","54387393","4","3722826"
"chr2","50688694","50688869","chr10","54411560","54411734","1","3722866"
"chr2","50720767","50721067","chr10","54443620","54443917","4","3722853"
"chr2","50841188","50841338","chr10","54565652","54565802","2","3724464"
"chr2","50905822","50906116","chr10","54629907","54630201","4","3724085"
"chr2","50930305","50930597","chr10","54654373","54654663","13","3724068"
"chr2","51502867","51503168","chr10","55209298","55209599","8","3706431"
"chr2","51507678","51507804","chr10","55213966","55214092","8","3706288"
"chr2","51522726","51523006","chr10","55228429","55228709","6","3705703"
"chr2","51550758","51550942","chr10","55256055","55256238","8","3705297"
"chr2","51660408","51660559","chr10","55364639","55364787","9","3704231"
"chr2","51887996","51888281","chrX","122498390","122498669","60","70610394"
"chr2","52135900","52136221","chr10","55840626","55840945","23","3704726"
"chr2","52434616","52434898","chr1","23050651","23050933","7","29383965"
"chr2","52436987","52437312","chr18","24069545","24069854","81","28367442"
"chr2","52441666","52441959","chr9","104907851","104908150","61","52466185"
"chr2","52714361","52714660","chr6","28820602","28820901","7","23893759"
"chr2","52730069","52730226","chr16","45590806","45590957","36","7139263"
"chr2","52800305","52800458","chr1","19023774","19023927","27","33776531"
"chr2","52804098","52804252","chr1","19023774","19023927","24","33780324"
"chr2","52851082","52851368","chr10","56359875","56360161","8","3508793"
"chr2","52876938","52877185","chr10","56385992","56386239","7","3509054"
"chr2","53125695","53125710","chr1","49605714","49605731","4","3519981"
"chr2","53125837","53126166","chr10","56691728","56692013","56","3565891"
"chr2","53169969","53170255","chr10","56737291","56737584","15","3567322"
"chr2","53477171","53477323","chr10","57030845","57030997","9","3553674"
"chr2","53630913","53631190","chr10","57202275","57202552","4","3571362"
"chr2","53754623","53754886","chr10","35587087","35587352","13","18167536"
"chr2","53757764","53758057","chr10","35583961","35584244","24","18173803"
"chr2","53759592","53759905","chr10","35582107","35582420","16","18177485"
"chr2","53781573","53781838","chr3","43056812","43057081","61","10724761"
"chr2","53817548","53817844","chr10","35525076","35525372","4","18292472"
"chr2","53823806","53823936","chr10","35518664","35518794","5","18305142"
"chr2","53827946","53828261","chr10","35514370","35514687","8","18313576"
"chr2","53829625","53829917","chr10","35512700","35513004","19","18316925"
"chr2","53835514","53835667","chr10","35506915","35507069","5","18328599"
"chr2","53841027","53841331","chr10","35500990","35501290","8","18340037"
"chr2","53841884","53842170","chr10","35500140","35500436","32","18341744"
"chr2","53891071","53891346","chr10","35449730","35450004","9","18441341"
"chr2","53903089","53903383","chr10","35437060","35437333","24","18466029"
"chr2","53914934","53915222","chr10","35425107","35425399","6","18489827"
"chr2","53931575","53931867","chr10","35407995","35408293","16","18523580"
"chr2","53970530","53970748","chr7","17349222","17349406","70","36621308"
"chr2","54039658","54039960","chr10","35291750","35292052","7","18747908"
"chr2","54076847","54076995","chr10","35252920","35253068","2","18823927"
"chr2","54108300","54108616","chr10","35221878","35222191","10","18886422"
"chr2","54216871","54217174","chr10","35111104","35111388","28","19105767"
"chr2","54217247","54217401","chr19","1682687","1682841","29","52534560"
"chr2","54217686","54217853","chr1","131309323","131309487","47","77091637"
"chr2","54244975","54245078","chr2","87988383","87988480","26","33743408"
"chr2","54245378","54245536","chr1","69226039","69226196","37","14980661"
"chr2","54268983","54269290","chr17","7125249","7125559","54","47143734"
"chr2","54271831","54272101","chr10","35056577","35056850","14","19215254"
"chr2","54275822","54275952","chr10","35052725","35052855","2","19223097"
"chr2","54282472","54282767","chr10","35046144","35046441","3","19236328"
"chr2","54293596","54293875","chr10","35034170","35034450","5","19259426"
"chr2","54310928","54311226","chr10","35017257","35017559","9","19293671"
"chr2","54323663","54323979","chr3","5358985","5359294","65","48964678"
"chr2","54357354","54357478","chr10","34970195","34970315","9","19387159"
"chr2","54388492","54388736","chr10","34938725","34938970","6","19449767"
"chr2","54392219","54392528","chr10","34934908","34935217","7","19457311"
"chr2","54399819","54399955","chr2","55177138","55177270","24","777319"
"chr2","54419223","54419520","chr10","34908379","34908676","5","19510844"
"chr2","54426029","54426265","chr3","34095981","34096213","56","20330048"
"chr2","54427677","54427970","chr10","34901639","34901935","12","19526038"
"chr2","54461103","54461404","chr8","127970126","127970433","57","73509023"
"chr2","54471402","54471662","chr10","34856952","34857225","25","19614450"
"chr2","54481938","54482234","chr14","63770094","63770375","57","9288156"
"chr2","54583638","54583897","chr10","34743083","34743356","29","19840555"
"chr2","54583937","54583956","chr7","125655255","125655271","4","71071318"
"chr2","54665487","54665625","chr10","34660244","34660386","6","20005243"
"chr2","54700926","54701229","chr10","34625697","34625998","7","20075229"
"chr2","54732164","54732443","chr10","34594473","34594759","13","20137691"
"chr2","55089760","55089890","chr10","34291412","34291543","3","20798348"
"chr2","55224214","55224517","chr10","34151713","34152002","16","21072501"
"chr2","55299552","55299671","chr10","34076517","34076636","3","21223035"
"chr2","55301036","55301342","chr10","34075140","34075446","12","21225896"
"chr2","55327259","55327545","chr10","34049555","34049846","7","21277704"
"chr2","55346849","55347152","chr10","34016152","34016453","17","21330697"
"chr2","55351308","55351613","chr10","34011764","34012057","20","21339544"
"chr2","55421008","55421141","chr10","33940240","33940373","3","21480768"
"chr2","55502639","55502799","chr10","33858580","33858740","2","21644059"
"chr2","55567797","55568098","chr10","33799278","33799579","7","21768519"
"chr2","55570228","55570523","chr10","33796856","33797155","11","21773372"
"chr2","55646166","55646461","chr10","33717902","33718201","30","21928264"
"chr2","55763867","55764170","chr10","33592809","33593115","7","22171058"
"chr2","55800850","55801144","chr10","33551459","33551750","13","22249391"
"chr2","55809866","55810170","chr10","33542772","33543076","11","22267094"
"chr2","55876988","55877269","chr10","33474598","33474897","21","22402390"
"chr2","55918127","55918422","chr10","33433948","33434240","9","22484179"
"chr2","55935730","55936007","chr10","33415143","33415407","20","22520587"
"chr2","55968920","55969079","chr10","33382404","33382563","3","22586516"
"chr2","55991722","55991852","chr10","33359114","33359240","12","22632608"
"chr2","55996288","55996598","chr10","33354356","33354676","16","22641932"
"chr2","55997690","55997978","chr10","33352951","33353237","15","22644739"
"chr2","56000301","56000423","chr9","89445497","89445617","15","33445196"
"chr2","56109885","56110173","chr17","76038379","76038674","56","19928494"
"chr2","56143536","56143671","chr4","150711893","150712027","38","94568357"
"chr2","56242848","56242958","chr10","28876482","28876609","20","27366366"
"chr2","56256707","56257000","chr11","124428933","124429229","59","68172226"
"chr2","56294971","56295273","chr10","28822289","28822589","14","27472682"
"chr2","56314223","56314517","chr10","28803925","28804217","5","27510298"
"chr2","56321236","56321519","chr10","28796559","28796859","25","27524677"
"chr2","56323569","56323725","chr10","28794848","28795004","3","27528721"
"chr2","56328872","56329161","chr10","28789417","28789707","3","27539455"
"chr2","56333877","56334089","chr10","28784484","28784696","4","27549393"
"chr2","56348933","56349208","chr10","28769181","28769455","6","27579752"
"chr2","56375563","56375863","chr10","28743299","28743599","3","27632264"
"chr2","56375961","56376189","chr10","28742949","28743201","25","27633012"
"chr2","56390687","56391000","chr14","69537803","69538123","69","13147116"
"chr2","56397142","56397298","chr15","56891672","56891816","34","494530"
"chr2","56504267","56504518","chr10","28628677","28628949","28","27875590"
"chr2","56520839","56521150","chr19","32474193","32474516","67","24046646"
"chr2","56531653","56531784","chr10","28599430","28599561","2","27932223"
"chr2","56560844","56561133","chr10","28569562","28569863","15","27991282"
"chr2","56596547","56596711","chr10","28525284","28525456","10","28071263"
"chr2","56635228","56635345","chr6","122733615","122733735","25","66098387"
"chr2","56651773","56651789","chr1","67208138","67208152","10","10556365"
"chr2","56651905","56652154","chr3","83420679","83420919","77","26768774"
"chr2","56655271","56655320","chr1","23400009","23400049","23","33255262"
"chr2","56655616","56655703","chr11","120248413","120248500","19","63592797"
"chr2","56670283","56670463","chr10","28428329","28428508","6","28241954"
"chr2","56676436","56676693","chr10","28422078","28422346","21","28254358"
"chr2","56685643","56685822","chr2","20705096","20705268","38","35980547"
"chr2","56686423","56686566","chr9","108819500","108819636","25","52133077"
"chr2","56708661","56708958","chr10","28395885","28396190","15","28312776"
"chr2","56717240","56717449","chr10","28330422","28330631","3","28386818"
"chr2","56767952","56768246","chr10","28280546","28280839","5","28487406"
"chr2","56772623","56772915","chr10","28275938","28276200","33","28496685"
"chr2","56822332","56822587","chr10","28228498","28228754","3","28593834"
"chr2","56829999","56830160","chr10","28216696","28216855","4","28613303"
"chr2","56836471","56836756","chr10","28210099","28210387","12","28626372"
"chr2","56840769","56840951","chr7","87301181","87301365","50","30460412"
"chr2","56841238","56841367","chr1","135097790","135097920","26","78256552"
"chr2","56844096","56844172","chr4","129947574","129947650","19","73103478"
"chr2","56894086","56894382","chr1","29624021","29624313","60","27270065"
"chr2","56896326","56896408","chr8","85762168","85762249","16","28865842"
"chr2","56931011","56931151","chr10","28113068","28113208","0","28817943"
"chr2","56933169","56933289","chrX","45083803","45083925","20","11849366"
"chr2","57027449","57027590","chr20","39101524","39101654","34","17925925"
"chr2","57027905","57028055","chr12","85824456","85824592","30","28796551"
"chr2","57043409","57043694","chr10","27998736","27999021","10","29044673"
"chr2","57064105","57064278","chr10","27978081","27978282","30","29086024"
"chr2","57066318","57066590","chr10","27975750","27976048","30","29090568"
"chr2","57080087","57080420","chr10","27961681","27961982","37","29118406"
"chr2","57098718","57099000","chr3","40125688","40125968","58","16973030"
"chr2","57103708","57103769","chr7","120628262","120628322","10","63524554"
"chr2","57104059","57104213","chr7","138339375","138339524","45","81235316"
"chr2","57147545","57147847","chr10","27891370","27891673","5","29256175"
"chr2","57207897","57208182","chr10","27834408","27834710","42","29373489"
"chr2","57218185","57218485","chr10","27824326","27824629","12","29393859"
"chr2","57257548","57257827","chr10","27783930","27784216","11","29473618"
"chr2","57281007","57281292","chr10","27759911","27760197","7","29521096"
"chr2","57281602","57281617","chr19","32678666","32678677","5","24602936"
"chr2","57307656","57307952","chr10","27733824","27734111","15","29573832"
"chr2","57313665","57313781","chr20","17255959","17256079","22","40057706"
"chr2","57325463","57325767","chr11","26789186","26789492","53","30536277"
"chr2","57332858","57333154","chr10","27708704","27709000","6","29624154"
"chr2","57333158","57333449","chr13","22721007","22721299","52","34612151"
"chr2","57347132","57347255","chr10","27694684","27694807","0","29652448"
"chr2","57355442","57355613","chr10","27686319","27686486","6","29669123"
"chr2","57355617","57355913","chr9","104907851","104908150","58","47552234"
"chr2","57358449","57358771","chr10","27682865","27683188","5","29675584"
"chr2","57362121","57362268","chr1","64347249","64347380","31","6985128"
"chr2","57362552","57362715","chr2","21477489","21477653","36","35885063"
"chr2","57364366","57364654","chr10","27677317","27677605","4","29687049"
"chr2","57366913","57367224","chr10","27674735","27675039","11","29692178"
"chr2","57372361","57372540","chr10","27668769","27668948","5","29703592"
"chr2","57375744","57375873","chrX","15823053","15823178","30","41552691"
"chr2","57376182","57376338","chr1","69226039","69226196","33","11849857"
"chr2","57376817","57377100","chr10","27664207","27664511","30","29712610"
"chr2","57378479","57378747","chr10","27662293","27662561","2","29716186"
"chr2","57379219","57379371","chr13","10035827","10035973","35","47343392"
"chr2","57379670","57379813","chr7","159247864","159248017","40","101868194"
"chr2","57381300","57381518","chr9","95748463","95748672","48","38367163"
"chr2","57395567","57395656","chr4","30084217","30084308","28","27311350"
"chr2","57408012","57408293","chr15","37564473","37564760","57","19843539"
"chr2","57417799","57418002","chr10","16706428","16706633","56","40711371"
"chr2","57422643","57422935","chr10","27617926","27618218","14","29804717"
"chr2","57433058","57433191","chr1","54427641","54427773","22","3005417"
"chr2","57458603","57458896","chr10","27580912","27581205","7","29877691"
"chr2","57523405","57523681","chr10","27400136","27400412","5","30123269"
"chr2","57578318","57578632","chr10","27343315","27343632","12","30235003"
"chr2","57579432","57579711","chrX","1049995","1050266","62","56529437"
"chr2","57581443","57581707","chr10","27339636","27339895","9","30241807"
"chr2","57584367","57584672","chr10","27336665","27336974","10","30247702"
"chr2","57592491","57592795","chr10","27328668","27328972","6","30263823"
"chr2","57631138","57631441","chr10","27286606","27286915","18","30344532"
"chr2","57634208","57634491","chr10","27283418","27283701","6","30350790"
"chr2","57658603","57658937","chr13","60566867","60567199","75","2908264"
"chr2","57658983","57659045","chr10","27256929","27256991","0","30402054"
"chr2","57666397","57666701","chr10","27242252","27242562","15","30424145"
"chr2","57675408","57675640","chr1","211571963","211572190","50","153896555"
"chr2","57684469","57684575","chr16","54487901","54488007","24","3196568"
"chr2","57684873","57685034","chr16","4414489","4414647","38","53270384"
"chr2","57692956","57693132","chr10","27221466","27221640","5","30471490"
"chr2","57781247","57781545","chr3","12117311","12117612","13","45663936"
"chr2","57783228","57783338","chr2","86497663","86497779","24","28714435"
"chr2","57783626","57783773","chr11","131227505","131227638","41","73443879"
"chr2","57783816","57783832","chr7","131755732","131755746","6","73971916"
"chr2","57805342","57805513","chr3","12141512","12141651","38","45663830"
"chr2","57816880","57817182","chr9","28905635","28905926","63","28911245"
"chr2","57896371","57896641","chr5","45455661","45455934","51","12440710"
"chr2","57938311","57938436","chr3","12269925","12270050","2","45668386"
"chr2","57995338","57995431","chr7","109085686","109085783","18","51090348"
"chr2","57995796","57996006","chr6","135843431","135843634","58","77847635"
"chr2","58163496","58163621","chr3","12497085","12497210","4","45666411"
"chr2","58188795","58188909","chr8","28061505","28061620","17","30127290"
"chr2","58188961","58189122","chr11","1521502","1521659","35","56667459"
"chr2","58195530","58195659","chr3","12529175","12529305","6","45666355"
"chr2","58218968","58219269","chr3","12551737","12551998","49","45667231"
"chr2","58230779","58231071","chr3","12563456","12563737","22","45667323"
"chr2","58245730","58246020","chr3","12578439","12578741","39","45667291"
"chr2","58287317","58287603","chr3","12620653","12620940","10","45666664"
"chr2","58288126","58288415","chr3","12621467","12621756","12","45666659"
"chr2","58413126","58413411","chr3","12746537","12746822","2","45666589"
"chr2","58439245","58439557","chr3","12773121","12773429","8","45666124"
"chr2","58451141","58451417","chr3","12784919","12785208","16","45666222"
"chr2","58458353","58458648","chr8","7131555","7131851","54","51326798"
"chr2","58460996","58461300","chr3","12794469","12794773","3","45666527"
"chr2","58462200","58462373","chr3","12795673","12795828","22","45666527"
"chr2","58462955","58463082","chr3","12796503","12796626","5","45666452"
"chr2","58463118","58463248","chr3","12796662","12796792","6","45666456"
"chr2","58491994","58492264","chr7","49108655","49108917","70","9383339"
"chr2","58492823","58493115","chr14","56307674","56307960","63","2185149"
"chr2","58515351","58515644","chr3","12848916","12849209","8","45666435"
"chr2","58549129","58549367","chr3","12881792","12882030","8","45667337"
"chr2","58556257","58556542","chr3","12889624","12889910","7","45666633"
"chr2","58558764","58559069","chr3","12892795","12893101","7","45665969"
"chr2","58577516","58577821","chr3","12911933","12912238","3","45665583"
"chr2","58595174","58595458","chr3","12926585","12926881","15","45668589"
"chr2","58648445","58648748","chr3","12980089","12980386","19","45668356"
"chr2","58660934","58661203","chr8","94661922","94662193","66","36000988"
"chr2","58684006","58684305","chr3","13016598","13016896","9","45667408"
"chr2","58686317","58686579","chr3","13018896","13019155","9","45667421"
"chr2","58778179","58778454","chr3","13116337","13116615","12","45661842"
"chr2","58785385","58785675","chr11","82978074","82978355","63","24192689"
"chr2","58792996","58793182","chr2","20705096","20705268","45","38087900"
"chr2","58813266","58813558","chr3","13156919","13157210","9","45656347"
"chr2","58829458","58829633","chr4","51487609","51487778","42","7341849"
"chr2","58871037","58871259","chr3","13214540","13214778","21","45656497"
"chr2","58999562","58999847","chr3","42406924","42407215","50","16592638"
"chr2","59025761","59025784","chr20","49216577","49216598","4","9809184"
"chr2","59025828","59026081","chr3","13371401","13371668","22","45654427"
"chr2","59029503","59029666","chr1","11995295","11995463","31","47034208"
"chr2","59050351","59050474","chr3","13396686","13396809","3","45653665"
"chr2","59065981","59066248","chr12","67960240","67960507","68","8894259"
"chr2","59083391","59083536","chr19","15585114","15585257","28","43498277"
"chr2","59083852","59084017","chr3","43726451","43726611","41","15357401"
"chr2","59093262","59093518","chr7","120250904","120251150","66","61157642"
"chr2","59118847","59119041","chrX","13954261","13954444","48","45164586"
"chr2","59134854","59135156","chr3","13482677","13482970","19","45652177"
"chr2","59193908","59194017","chr11","6807682","6807794","20","52386226"
"chr2","59217717","59217977","chr3","13565324","13565584","4","45652393"
"chr2","59231128","59231260","chr3","13578835","13578967","3","45652293"
"chr2","59232645","59232963","chr3","13580367","13580685","10","45652278"
"chr2","59250337","59250629","chr1","21335622","21335905","59","37914715"
"chr2","59287338","59287621","chr3","13634757","13635040","8","45652581"
"chr2","59370932","59371242","chr12","35783620","35783936","67","23587312"
"chr2","59402331","59402622","chr3","13752004","13752303","17","45650327"
"chr2","59465668","59465967","chr3","13816525","13816833","13","45649143"
"chr2","59524004","59524307","chr3","13875826","13876134","10","45648178"
"chr2","59624414","59624536","chr3","13977886","13978008","8","45646528"
"chr2","59645573","59645874","chr3","13999454","13999759","12","45646119"
"chr2","59685457","59685567","chr5","90179917","90180026","25","30494460"
"chr2","59730597","59730885","chrX","121523147","121523454","70","61792550"
"chr2","59757045","59757205","chr3","14112604","14112782","20","45644441"
"chr2","59776235","59776477","chr3","14131799","14132041","11","45644436"
"chr2","59830570","59830662","chr20","53930313","53930403","20","5900257"
"chr2","59830690","59830723","chr8","135907167","135907197","7","76076477"
"chr2","59833008","59833128","chr1","16572037","16572155","27","43260971"
"chr2","59833617","59833893","chr3","14188146","14188447","34","45645471"
"chr2","59844901","59845197","chr7","155993171","155993466","60","96148270"
"chr2","59925181","59925484","chr3","14280105","14280364","56","45645076"
"chr2","60075000","60075287","chr3","14430039","14430314","20","45644961"
"chr2","60080454","60080536","chr3","14435505","14435587","3","45644949"
"chr2","60161687","60161980","chr1","6193812","6194103","60","53967875"
"chr2","60168681","60168991","chr3","14524856","14525168","16","45643825"
"chr2","60234363","60234664","chr3","14614712","14615013","6","45619651"
"chr2","60297420","60297581","chr3","14678225","14678386","7","45619195"
"chr2","60303899","60304185","chr3","14684709","14684998","4","45619190"
"chr2","60345730","60345838","chr2","25822529","25822639","27","34523201"
"chr2","60356736","60357060","chr3","14732317","14732607","49","45624419"
"chr2","60392746","60393023","chr3","14769849","14770134","12","45622897"
"chr2","60469916","60470212","chr3","14852431","14852728","10","45617485"
"chr2","60478845","60479132","chr3","14856134","14856425","15","45622711"
"chr2","60489883","60490158","chr3","14869303","14869582","16","45620580"
"chr2","60492392","60492716","chr1","42884695","42885005","84","17607697"
"chr2","60557965","60558266","chr4","151886897","151887193","63","91328932"
"chr2","60560935","60561244","chr3","14938332","14938637","10","45622603"
"chr2","60600435","60600733","chr3","14979203","14979501","6","45621232"
"chr2","60632920","60633211","chr3","15009136","15009428","5","45623784"
"chr2","60663819","60664125","chr3","15038131","15038437","9","45625688"
"chr2","60802690","60802812","chr6","117234623","117234745","17","56431933"
"chr2","60803084","60803246","chr5","172672030","172672188","35","111868946"
"chr2","60810395","60810526","chr19","48736280","48736409","27","12074115"
"chr2","60824473","60824673","chr3","15205426","15205626","5","45619047"
"chr2","60845430","60845713","chr3","15225741","15226019","13","45619689"
"chr2","60919202","60919484","chr13","8590882","8591148","72","52328320"
"chr2","60930653","60930988","chr3","15310439","15310753","42","45620214"
"chr2","61003964","61004264","chr9","84914415","84914720","71","23910451"
"chr2","61048284","61048376","chr12","4058991","4059081","24","56989293"
"chr2","61048406","61048531","chr3","39551707","39551823","21","21496699"
"chr2","61053635","61053940","chr16","24181855","24182164","66","36871780"
"chr2","61056785","61056930","chr3","15436097","15436245","6","45620688"
"chr2","61108628","61108945","chr14","3427728","3428040","60","57680900"
"chr2","61112914","61113172","chr3","15494154","15494412","6","45618760"
"chr2","61114477","61114774","chr3","15495783","15496087","18","45618694"
"chr2","61331367","61331648","chr3","15625259","15625571","38","45706108"
"chr2","61440351","61440576","chr3","15728807","15729028","8","45711544"
"chr2","61612753","61612934","chr3","15896749","15896910","21","45716004"
"chr2","61758715","61758999","chr3","16059817","16060099","10","45698898"
"chr2","61864924","61865161","chr3","16180310","16180589","46","45684614"
"chr2","62029696","62029796","chr11","51646038","51646136","27","10383658"
"chr2","62368588","62368874","chr2","50104448","50104732","62","12264140"
"chr2","62704633","62704700","chr13","22939115","22939175","18","39765518"
"chr2","62796749","62797021","chr3","17131547","17131821","8","45665202"
"chr2","62812975","62813266","chr3","17149649","17149939","12","45663326"
"chr2","62851424","62851586","chr8","70097392","70097551","27","7245968"
"chr2","62885456","62885733","chr3","17221679","17221955","4","45663777"
"chr2","63003980","63004131","chr3","17341013","17341164","3","45662967"
"chr2","63041988","63042265","chr6","132221422","132221700","61","69179434"
"chr2","63049445","63049741","chr3","17385692","17385988","3","45663753"
"chr2","63108906","63109207","chr3","17445636","17445979","55","45663270"
"chr2","63265092","63265286","chr18","50178043","50178239","46","13087049"
"chr2","63307197","63307511","chr3","17652883","17653199","13","45654314"
"chr2","63316877","63317114","chr3","17661596","17661827","17","45655281"
"chr2","63330343","63330655","chr3","17675372","17675682","5","45654971"
"chr2","63347036","63347050","chr7","131755732","131755746","6","68408696"
"chr2","63347325","63347409","chr3","17692896","17692978","5","45654429"
"chr2","63433273","63433395","chr3","17780580","17780702","7","45652693"
"chr2","63709687","63709936","chr19","8794537","8794792","53","54915150"
"chr2","63733954","63734180","chr15","25754231","25754458","50","37979723"
"chr2","63801964","63802230","chr3","18157181","18157455","22","45644783"
"chr2","63890746","63891042","chr9","7369089","7369383","64","56521657"
"chr2","63981685","63981991","chr3","18343803","18344107","8","45637882"
"chr2","64036611","64036896","chr3","18402515","18402796","8","45634096"
"chr2","64136374","64136503","chr3","18499562","18499691","2","45636812"
"chr2","64152724","64152809","chr11","125473279","125473363","16","61320555"
"chr2","64199254","64199385","chr4","78660483","78660615","24","14461229"
"chr2","64269955","64270216","chr3","18633419","18633679","12","45636536"
"chr2","64407631","64407908","chr9","92105443","92105725","76","27697812"
"chr2","64617960","64618252","chr3","18986209","18986501","4","45631751"
"chr2","64716052","64716220","chr3","19090810","19090958","29","45625242"
"chr2","64875866","64876151","chr3","19248809","19249094","11","45627057"
"chr2","64913997","64914199","chr3","19286320","19286518","9","45627677"
"chr2","64947246","64947366","chr3","19319794","19319913","3","45627452"
"chr2","65000831","65000980","chr3","19373440","19373590","10","45627391"
"chr2","65271420","65271630","chr3","19644289","19644502","18","45627131"
"chr2","65549099","65549377","chr2","44214350","44214623","68","21334749"
"chr2","65727358","65727630","chr3","20103011","20103283","13","45624347"
"chr2","65940100","65940374","chr12","78387309","78387594","59","12447209"
"chr2","65990087","65990246","chr8","66216290","66216447","33","226203"
"chr2","66029435","66029558","chr3","20410361","20410484","5","45619074"
"chr2","66031224","66031464","chr3","45440138","45440377","60","20591086"
"chr2","66098626","66098766","chr12","62153504","62153640","29","3945122"
"chr2","66099072","66099205","chrX","14594029","14594161","28","51505043"
"chr2","66151712","66152006","chr3","20532596","20532890","11","45619116"
"chr2","66236447","66236611","chr3","20619245","20619411","14","45617202"
"chr2","66241074","66241445","chr3","20623954","20624270","84","45617120"
"chr2","66271756","66272068","chr3","20664777","20665087","11","45606979"
"chr2","66380626","66380936","chr3","20772862","20773165","17","45607764"
"chr2","66393433","66393671","chr3","20786435","20786685","21","45606998"
"chr2","66404064","66404239","chr3","20796652","20796825","11","45607412"
"chr2","66444561","66444845","chr3","33123502","33123789","25","33321059"
"chr2","66444892","66445181","chr3","33123826","33124119","34","33321066"
"chr2","66530114","66530246","chr20","32381156","32381284","30","34148958"
"chr2","66531542","66531848","chr3","20873627","20873929","12","45657915"
"chr2","66553239","66553535","chr3","20895583","20895876","5","45657656"
"chr2","66565910","66566203","chr3","20908418","20908713","8","45657492"
"chr2","66566343","66566654","chr3","20908853","20909153","17","45657490"
"chr2","66603985","66604290","chr3","20946862","20947167","7","45657123"
"chr2","66612136","66612301","chr3","20955072","20955237","5","45657064"
"chr2","66612305","66612614","chr3","20955241","20955551","12","45657064"
"chr2","66617256","66617392","chr19","34482522","34482656","28","32134734"
"chr2","66653529","66653802","chr3","20997559","20997838","18","45655970"
"chr2","66763208","66763473","chr3","21108557","21108822","6","45654651"
"chr2","66815947","66816238","chr3","21167549","21167840","8","45648398"
"chr2","66962400","66962453","chr3","21312958","21313011","1","45649442"
"chr2","66994287","66994622","chr3","21343045","21343361","27","45651242"
"chr2","67349461","67349736","chr3","21703070","21703363","32","45646391"
"chr2","67508593","67508887","chr3","21857955","21858255","13","45650638"
"chr2","67518524","67518684","chr3","21867219","21867360","23","45651305"
"chr2","67564954","67565226","chr3","21912958","21913229","9","45651996"
"chr2","67736989","67737267","chr3","22088699","22088982","18","45648290"
"chr2","67758145","67758440","chr3","22109075","22109367","7","45649070"
"chr2","68124730","68124939","chr3","22477281","22477490","10","45647449"
"chr2","68181849","68182018","chr9","34604869","34605038","46","33576980"
"chr2","68182313","68182436","chr9","13443061","13443177","25","54739252"
"chr2","68303067","68303169","chr17","50765837","50765930","21","17537230"
"chr2","68318887","68319191","chr3","22665037","22665341","6","45653850"
"chr2","68329539","68329718","chr7","93878469","93878641","45","25548930"
"chr2","68329746","68329870","chr10","31294672","31294793","24","37035074"
"chr2","68807218","68807520","chr3","23148357","23148646","24","45658861"
"chr2","68886955","68887190","chr3","23239074","23239309","6","45647881"
"chr2","68920212","68920520","chr3","23272763","23273071","5","45647449"
"chr2","68935319","68935531","chr3","23284468","23284680","4","45650851"
"chr2","68946425","68946598","chr1","10731446","10731599","54","58214979"
"chr2","68946679","68946866","chr13","42435054","42435223","54","26511625"
"chr2","69192789","69193094","chr3","23543482","23543794","14","45649307"
"chr2","69301875","69302166","chr6","73480085","73480366","64","4178210"
"chr2","69377754","69377931","chr6","28480925","28481094","16","40896829"
"chr2","69417483","69417774","chr16","31114287","31114560","91","38303196"
"chr2","69499762","69499913","chr7","91052016","91052162","35","21552254"
"chr2","69532723","69533035","chr6","28584175","28584488","19","40948548"
"chr2","69669803","69669970","chr11","124278525","124278691","41","54608722"
"chr2","69670012","69670117","chr16","50461701","50461803","26","19208311"
"chr2","69703026","69703337","chr3","23782772","23783068","30","45920254"
"chr2","70469196","70469378","chr18","12582891","12583081","54","57886305"
"chr2","70484478","70484626","chr3","24590506","24590636","24","45893972"
"chr2","71437527","71437650","chr3","25542449","25542572","5","45895078"
"chr2","71576751","71576977","chr3","25684393","25684620","9","45892358"
"chr2","71721811","71722074","chr3","25830861","25831124","5","45890950"
"chr2","72046290","72046572","chr3","26161895","26162177","10","45884395"
"chr2","72078991","72079289","chr3","26199505","26199806","11","45879486"
"chr2","72379643","72379773","chr3","26509200","26509331","2","45870443"
"chr2","72561334","72561630","chr3","26677238","26677534","8","45884096"
"chr2","72601713","72601826","chrX","111334","111443","31","72490379"
"chr2","72602268","72602422","chr3","26719281","26719435","3","45882987"
"chr2","72652853","72652985","chr3","26766351","26766478","10","45886502"
"chr2","72715467","72715767","chr5","173057848","173058133","71","100342381"
"chr2","72727958","72728268","chr3","26843128","26843437","16","45884830"
"chr2","72877225","72877522","chr7","5479982","5480281","69","67397243"
"chr2","72882202","72882493","chr3","27013524","27013820","7","45868678"
"chr2","73070019","73070305","chr7","88119210","88119502","67","15049191"
"chr2","73098363","73098672","chr3","27232486","27232791","16","45865877"
"chr2","73472516","73472689","chr11","1490987","1491145","45","71981529"
"chr2","73549828","73549942","chr3","27667235","27667355","12","45882593"
"chr2","73628059","73628336","chr3","27745474","27745754","9","45882585"
"chr2","73728610","73728733","chr3","27851269","27851391","8","45877341"
"chr2","74064127","74064280","chr3","28199460","28199603","15","45864667"
"chr2","74084772","74085095","chr3","28220522","28220829","37","45864250"
"chr2","74256522","74256836","chr3","28397186","28397500","7","45859336"
"chr2","74639124","74639426","chr2","48973116","48973421","73","25666008"
"chr2","74713364","74713663","chr3","28869603","28869906","23","45843761"
"chr2","74761036","74761319","chr3","28915623","28915906","5","45845413"
"chr2","74800132","74800431","chr2","144697481","144697780","57","69897349"
"chr2","74809605","74809909","chrX","2995820","2996129","71","71813785"
"chr2","74855375","74855634","chr3","29007762","29008037","22","45847613"
"chr2","74887825","74887987","chr3","39965658","39965819","28","34922167"
"chr2","74923540","74923819","chr3","29070310","29070599","15","45853230"
"chr2","74939963","74940234","chr3","29085814","29086085","8","45854149"
"chr2","74951612","74951850","chr3","29097021","29097260","13","45854591"
"chr2","74966822","74967108","chr13","103157704","103157992","62","28190882"
"chr2","75020754","75021050","chr3","29164129","29164435","23","45856625"
"chr2","75022494","75022802","chr3","29165735","29166039","14","45856759"
"chr2","75036672","75036938","chr1","213503592","213503853","64","138466920"
"chr2","75055791","75056098","chr3","29203780","29204087","4","45852011"
"chr2","75062122","75062384","chr3","29210645","29210937","56","45851477"
"chr2","75069336","75069640","chr3","29218432","29218736","6","45850904"
"chr2","75080042","75080184","chr3","29231037","29231182","6","45849005"
"chr2","75110632","75110919","chr3","29258986","29259275","11","45851646"
"chr2","75119639","75119949","chr3","29267274","29267582","8","45852365"
"chr2","75120023","75120234","chr3","29267656","29267861","12","45852367"
"chr2","75126373","75126642","chr3","29275541","29275809","8","45850832"
"chr2","75129536","75129808","chr3","29271101","29271373","6","45858435"
"chr2","75133902","75134228","chr3","29281279","29281600","24","45852623"
"chr2","75137645","75137690","chr8","138253385","138253431","8","63115740"
"chr2","75156161","75156303","chr1","10730262","10730417","15","64425899"
"chr2","75185055","75185365","chr11","116519123","116519427","74","41334068"
"chr2","75201846","75202167","chr3","29350194","29350529","51","45851652"
"chr2","75217055","75217322","chr3","29365530","29365797","3","45851525"
"chr2","75225382","75225591","chr3","29374331","29374570","41","45851051"
"chr2","75590401","75590756","chr16","2223043","2223376","82","73367358"
"chr2","75607088","75607362","chr3","29765032","29765292","29","45842056"
"chr2","75766511","75766634","chr9","3763865","3763991","27","72002646"
"chr2","75766922","75767113","chr7","87895596","87895781","50","12128674"
"chr2","76004534","76004683","chr3","30164392","30164543","7","45840142"
"chr2","76366973","76367145","chr3","30535157","30535329","4","45831816"
"chr2","76426697","76426921","chr18","43134114","43134342","57","33292583"
"chr2","76427554","76427593","chr6","96901709","96901744","10","20474155"
"chr2","76726399","76726727","chr3","83608844","83609144","89","6882445"
"chr2","76825530","76825783","chr3","31015889","31016142","3","45809641"
"chr2","76876738","76876927","chr8","63339372","63339558","41","13537366"
"chr2","76876955","76877072","chr8","65868625","65868738","16","11008330"
"chr2","77266929","77267065","chr3","31460946","31461082","2","45805983"
"chr2","77304530","77304783","chr2","66145642","66145875","70","11158888"
"chr2","77470803","77471095","chr1","34148312","34148612","56","43322491"
"chr2","77514232","77514396","chr3","31711776","31711929","30","45802456"
"chr2","77551110","77551333","chr2","165069146","165069367","37","87518036"
"chr2","77552561","77552852","chr3","31749367","31749657","5","45803194"
"chr2","77651946","77652109","chrX","44848368","44848530","33","32803578"
"chr2","77740964","77741262","chr3","31943364","31943676","15","45797600"
"chr2","77800754","77801012","chr3","32005474","32005703","33","45795280"
"chr2","77912160","77912313","chr1","40633096","40633243","33","37279064"
"chr2","77980290","77980599","chr3","32179243","32179550","18","45801047"
"chr2","77989982","77990272","chr3","32189261","32189573","35","45800721"
"chr2","78087691","78087826","chr3","32289687","32289823","8","45798004"
"chr2","78167719","78167841","chr3","32382555","32382677","2","45785164"
"chr2","78535728","78536029","chr3","12055498","12055783","50","66480230"
"chr2","78551837","78551905","chr20","26545018","26545081","11","52006819"
"chr2","78599593","78599756","chr3","45203998","45204167","33","33395595"
"chr2","78608684","78608983","chr3","11975006","11975306","9","66633678"
"chr2","78670046","78670213","chr3","11912790","11912951","16","66757256"
"chr2","78686104","78686422","chr1","48482386","48482686","62","30203718"
"chr2","78755488","78755629","chr3","11826248","11826379","11","66929240"
"chr2","78755633","78755858","chr3","11826009","11826243","15","66929624"
"chr2","78787767","78788052","chr3","11793366","11793652","4","66994401"
"chr2","78931310","78931440","chr3","11649237","11649367","2","67282073"
"chr2","78993027","78993212","chr8","5780553","5780737","41","73212474"
"chr2","79306305","79306568","chr20","41073218","41073484","55","38233087"
"chr2","79456648","79456948","chr3","11128550","11128847","12","68328098"
"chr2","79487358","79487662","chr3","11098026","11098308","50","68389332"
"chr2","79560251","79560556","chr3","11024764","11025040","36","68535487"
"chr2","79566794","79567089","chr3","11018444","11018738","9","68548350"
"chr2","79621147","79621233","chr3","10964615","10964699","8","68656532"
"chr2","79809403","79809708","chr3","10775182","10775488","6","69034221"
"chr2","79897225","79897515","chr3","10651984","10652269","10","69245241"
"chr2","79959543","79959850","chr3","10590048","10590348","8","69369495"
"chr2","79980273","79980581","chr11","115927331","115927628","57","35947058"
"chr2","80013726","80014023","chr3","10534375","10534659","21","69479351"
"chr2","80061819","80062129","chr3","10486456","10486751","38","69575363"
"chr2","80084620","80084907","chr3","10463796","10464124","47","69620824"
"chr2","80134263","80134525","chr3","10415029","10415298","11","69719234"
"chr2","80134903","80135188","chr3","10414365","10414649","10","69720538"
"chr2","80141050","80141330","chr3","10407035","10407315","16","69734015"
"chr2","80157437","80157761","chr3","10398386","10398701","24","69759051"
"chr2","80167290","80167599","chr3","10382981","10383290","5","69784309"
"chr2","80205178","80205480","chr3","10344686","10344988","8","69860492"
"chr2","80239876","80240004","chr3","78127239","78127371","23","2112637"
"chr2","80240295","80240450","chr5","86848023","86848178","33","6607728"
"chr2","80252674","80252939","chr4","111654887","111655146","57","31402213"
"chr2","80258134","80258418","chr1","64527650","64527937","52","15730484"
"chr2","80263952","80264218","chr3","10282353","10282620","9","69981599"
"chr2","80293178","80293227","chrX","134841739","134841792","18","54548561"
"chr2","80293599","80293708","chr11","111460672","111460781","24","31167073"
"chr2","80296865","80297022","chr15","92795245","92795394","46","12498380"
"chr2","80297331","80297459","chr12","65136117","65136245","22","15161214"
"chr2","80299138","80299420","chr3","10244424","10244704","15","70054714"
"chr2","80344293","80344553","chr3","10193853","10194114","5","70150440"
"chr2","80346810","80346974","chr3","10191422","10191587","5","70155388"
"chr2","80351057","80351185","chr3","10187294","10187420","5","70163763"
"chr2","80352943","80353248","chr3","10184764","10185044","32","70168179"
"chr2","80368853","80369056","chr6","133900932","133901137","51","53532079"
"chr2","80375425","80375721","chr3","10162488","10162787","19","70212937"
"chr2","80384987","80385273","chr3","10153118","10153404","3","70231869"
"chr2","80397961","80398248","chr3","10140230","10140527","14","70257731"
"chr2","80411502","80411794","chr3","10126635","10126923","12","70284867"
"chr2","80439097","80439262","chr3","10098677","10098838","6","70340420"
"chr2","80450422","80450562","chr3","10085439","10085562","20","70364983"
"chr2","80454883","80455205","chr3","10080931","10081253","9","70373952"
"chr2","80483254","80483409","chr1","56026077","56026234","37","24457177"
"chr2","80573470","80573772","chr3","9960711","9961018","10","70612759"
"chr2","80631052","80631317","chr3","9900713","9901011","41","70730339"
"chr2","80641476","80641752","chr14","61283143","61283421","56","19358333"
"chr2","80733082","80733431","chr4","113921418","113921754","90","33188336"
"chr2","80736100","80736376","chr3","9801550","9801863","43","70934550"
"chr2","80736377","80736536","chr3","9801391","9801547","7","70934986"
"chr2","80744206","80744495","chr3","9793324","9793614","57","70950882"
"chr2","80815400","80815676","chr3","9718916","9719190","11","71096484"
"chr2","80825934","80826227","chr3","9707851","9708144","25","71118083"
"chr2","80855878","80856153","chr3","9677046","9677321","3","71178832"
"chr2","80890381","80890681","chr3","9643054","9643354","13","71247327"
"chr2","80891058","80891173","chr3","9642562","9642677","5","71248496"
"chr2","80892585","80892862","chr3","9640878","9641151","15","71251707"
"chr2","80904181","80904476","chr3","9629214","9629509","4","71274967"
"chr2","80915535","80915825","chr3","9617899","9618187","13","71297636"
"chr2","80947136","80947431","chr14","103256715","103257018","56","22309579"
"chr2","80950296","80950494","chr1","55376812","55377009","52","25573484"
"chr2","80950523","80950643","chr1","124978448","124978564","21","44027925"
"chr2","80952538","80952802","chr3","9580715","9580981","5","71371823"
"chr2","80955193","80955330","chr3","9578187","9578325","2","71377006"
"chr2","80966627","80966917","chr3","9567716","9568003","8","71398911"
"chr2","81002931","81003225","chr3","9530836","9531128","9","71472095"
"chr2","81005915","81006198","chr3","9523169","9523454","9","71482746"
"chr2","81016043","81016330","chr3","9512285","9512584","23","71503758"
"chr2","81081378","81081716","chr11","110319987","110320283","90","29238609"
"chr2","81126252","81126498","chr3","9400166","9400420","41","71726086"
"chr2","81144307","81144384","chr9","117414290","117414365","14","36269983"
"chr2","81199776","81199908","chr3","9325723","9325839","17","71874053"
"chr2","81204707","81205013","chr3","9320924","9321230","5","71883783"
"chr2","81247942","81248157","chr20","70071196","70071414","37","11176746"
"chr2","81248458","81248552","chr10","71117910","71118005","18","10130548"
"chr2","81251551","81251829","chr3","9274701","9274959","29","71976850"
"chr2","81269077","81269393","chr3","9257194","9257510","5","72011883"
"chr2","81276489","81276795","chr3","70943236","70943534","64","10333253"
"chr2","81282251","81282557","chr3","9243831","9244136","9","72038420"
"chr2","81286427","81286720","chr3","9239536","9239834","15","72046891"
"chr2","81286747","81287039","chr3","9239202","9239509","63","72047545"
"chr2","81293103","81293383","chr3","9232885","9233165","10","72060218"
"chr2","81300438","81300592","chr3","9227814","9227968","3","72072624"
"chr2","81333405","81333489","chr14","61990635","61990718","16","19342770"
"chr2","81340454","81340710","chr3","9188445","9188721","24","72152009"
"chr2","81342294","81342459","chr3","9186716","9186881","3","72155578"
"chr2","81350897","81351021","chr11","4775032","4775164","23","76575865"
"chr2","81351068","81351268","chr7","87895596","87895781","64","6544528"
"chr2","81395848","81396114","chr3","9132823","9133093","24","72263025"
"chr2","81396157","81396321","chr3","9132627","9132791","6","72263530"
"chr2","81406089","81406278","chr15","101910733","101910913","51","20504644"
"chr2","81421269","81421577","chr3","9107684","9107987","12","72313585"
"chr2","81435356","81435659","chr3","9093317","9093615","10","72342039"
"chr2","81455483","81455727","chr3","9074264","9074508","6","72381219"
"chr2","81484298","81484580","chr3","9045202","9045483","6","72439096"
"chr2","81497152","81497317","chr3","9032468","9032633","6","72464684"
"chr2","81498194","81498476","chr3","9030983","9031266","12","72467211"
"chr2","81506044","81506325","chr3","9023155","9023436","6","72482889"
"chr2","81513314","81513468","chr3","9015621","9015767","14","72497693"
"chr2","81525669","81525972","chr3","9001432","9001731","22","72524237"
"chr2","81528571","81528862","chr3","9005779","9006075","14","72522792"
"chr2","81632172","81632399","chr3","8896430","8896657","15","72735742"
"chr2","81657284","81657600","chr3","8871163","8871481","24","72786121"
"chr2","81692047","81692346","chr3","8835959","8836239","32","72856088"
"chr2","81718490","81718780","chr3","8809501","8809796","13","72908989"
"chr2","82017985","82018194","chr3","8502976","8503185","1","73515009"
"chr2","82325236","82325485","chr3","8193150","8193395","15","74132086"
"chr2","82377162","82377231","chr1","179217122","179217191","15","96839960"
"chr2","82592610","82592899","chr3","34747936","34748225","69","47844674"
"chr2","82908424","82908736","chr15","77261359","77261664","66","5647065"
"chr2","82954466","82954760","chr3","7560929","7561223","8","75393537"
"chr2","83144585","83144718","chr4","15201468","15201584","41","67943117"
"chr2","83147189","83147506","chr3","7367925","7368229","18","75779264"
"chr2","83161791","83162088","chr3","7353524","7353823","14","75808267"
"chr2","83178224","83178385","chr3","7337222","7337383","1","75841002"
"chr2","83211322","83211616","chr3","7303706","7303994","13","75907616"
"chr2","83215024","83215155","chrX","95852057","95852188","24","12637033"
"chr2","83239805","83239980","chr3","7274841","7275007","15","75964964"
"chr2","83249650","83249938","chr3","7264855","7265142","7","75984795"
"chr2","83255801","83255890","chr3","7256899","7256982","6","75998902"
"chr2","83258951","83259123","chr8","7480356","7480508","51","75778595"
"chr2","83259443","83259612","chr2","21477489","21477653","38","61781954"
"chr2","83261747","83262048","chr3","7252050","7252347","9","76009697"
"chr2","83293920","83294186","chr3","7219557","7219821","7","76074363"
"chr2","83307487","83307786","chr3","7205157","7205442","21","76102330"
"chr2","83312208","83312516","chr3","7200101","7200403","36","76112107"
"chr2","83318009","83318295","chr11","47498863","47499141","68","35819146"
"chr2","83321099","83321266","chr3","7190873","7191040","2","76130226"
"chr2","83321889","83321994","chr3","7190143","7190248","5","76131746"
"chr2","83346401","83346692","chr3","7162634","7162923","8","76183767"
"chr2","83350985","83351281","chr3","7158360","7158656","7","76192625"
"chr2","83360660","83360938","chr3","7148719","7148996","10","76211941"
"chr2","83389415","83389597","chr3","7118966","7119149","1","76270449"
"chr2","83400556","83400872","chr3","7108041","7108354","15","76292515"
"chr2","83414412","83414690","chr3","7093425","7093703","8","76320987"
"chr2","83461475","83461778","chr3","7045409","7045707","8","76416066"
"chr2","83535558","83535677","chr3","6971996","6972115","4","76563562"
"chr2","83537540","83537860","chr3","6969813","6970133","16","76567727"
"chr2","83548253","83548544","chrX","63721978","63722256","71","19826275"
"chr2","83560519","83560776","chr3","6946875","6947131","9","76613644"
"chr2","83582959","83583259","chr3","6924132","6924433","14","76658827"
"chr2","83602053","83602332","chr3","6905435","6905724","14","76696618"
"chr2","83606857","83607004","chr3","6900747","6900894","3","76706110"
"chr2","83805063","83805355","chr1","26133512","26133802","67","57671551"
"chr2","83880914","83881219","chr3","6617516","6617830","20","77263398"
"chr2","83893397","83893700","chr3","41968858","41969173","61","41924539"
"chr2","84043994","84044152","chr3","33357074","33357229","41","50686920"
"chr2","84226016","84226110","chr3","6265243","6265328","14","77960773"
"chr2","84246845","84246996","chr3","6244982","6245132","2","78001863"
"chr2","84285494","84285773","chr3","6201487","6201791","34","78084007"
"chr2","84440737","84440911","chr2","96357040","96357200","43","11916303"
"chr2","84538105","84538396","chr3","5946059","5946350","1","78592046"
"chr2","84603553","84603827","chr2","81971075","81971353","55","2632478"
"chr2","84628466","84628762","chr3","5851724","5852020","8","78776742"
"chr2","84702434","84702727","chr3","5778584","5778877","9","78923850"
"chr2","84771055","84771366","chr3","5710203","5710514","9","79060852"
"chr2","84794234","84794355","chr3","5683957","5684078","1","79110277"
"chr2","84826732","84826904","chr3","5650025","5650197","8","79176707"
"chr2","84863631","84863801","chr3","5613573","5613744","5","79250058"
"chr2","84892868","84893015","chr3","157410126","157410267","41","72517258"
"chr2","84911846","84911993","chr3","157410126","157410267","41","72498280"
"chr2","84962637","84962797","chr1","86300683","86300842","29","1338046"
"chr2","84982394","84982689","chr4","55944205","55944492","68","29038189"
"chr2","85004296","85004415","chr3","5491064","5491183","5","79513232"
"chr2","85037668","85037996","chr3","5457793","5458119","7","79579875"
"chr2","85056593","85056877","chr3","5438695","5438965","19","79617898"
"chr2","85136454","85136760","chr3","5358985","5359294","16","79777469"
"chr2","85148697","85148995","chr3","5346389","5346684","11","79802308"
"chr2","85177080","85177176","chr5","33426823","33426913","15","51750257"
"chr2","85177576","85177746","chr10","14682761","14682934","42","70494815"
"chr2","85226948","85227231","chr3","5268206","5268500","16","79958742"
"chr2","85326322","85326598","chr3","5168832","5169098","21","80157490"
"chr2","85365015","85365267","chr3","46335615","46335855","67","39029400"
"chr2","85414031","85414308","chr3","5079657","5079933","15","80334374"
"chr2","85420142","85420238","chr1","16102281","16102381","28","69317861"
"chr2","85444174","85444303","chr3","5051561","5051687","12","80392613"
"chr2","85458323","85458464","chr7","15270816","15270955","31","70187507"
"chr2","85458755","85458903","chr10","85351862","85352013","46","106893"
"chr2","85543416","85543730","chr3","4962483","4962791","13","80580933"
"chr2","85549247","85549376","chr3","4956761","4956880","14","80592486"
"chr2","85567126","85567274","chr3","4939255","4939403","4","80627871"
"chr2","85597982","85598210","chr3","4908155","4908382","6","80689827"
"chr2","85669368","85669640","chr3","4836529","4836801","20","80832839"
"chr2","85761498","85761712","chr3","4740957","4741174","6","81020541"
"chr2","85775379","85775501","chr4","34699899","34700017","30","51075480"
"chr2","85794003","85794307","chr3","4707841","4708150","16","81086162"
"chr2","85824334","85824642","chr3","4676054","4676367","14","81148280"
"chr2","85843199","85843275","chr3","4657299","4657375","0","81185900"
"chr2","85843754","85844039","chr3","4656542","4656823","13","81187212"
"chr2","85902559","85902864","chr3","4598111","4598417","10","81304448"
"chr2","85907966","85908249","chr3","4592696","4592981","8","81315270"
"chr2","85933544","85933766","chr3","4567231","4567451","6","81366313"
"chr2","85935611","85935937","chr3","4564916","4565242","8","81370695"
"chr2","85982196","85982517","chr3","4518593","4518853","68","81463603"
"chr2","86021038","86021319","chr3","4478313","4478594","8","81542725"
"chr2","86057554","86057855","chr3","4440144","4440446","11","81617410"
"chr2","86087087","86087224","chr19","4929573","4929703","40","81157514"
"chr2","86122280","86122581","chr3","4375188","4375489","10","81747092"
"chr2","86256076","86256335","chr3","4235091","4235350","9","82020985"
"chr2","86341860","86342153","chr3","4153814","4154105","30","82188046"
"chr2","86387929","86388253","chr3","4106752","4107076","3","82281177"
"chr2","86440203","86440501","chr3","4053943","4054241","7","82386260"
"chr2","86518807","86518960","chr3","3977210","3977374","15","82541597"
"chr2","86611015","86611353","chr3","3882570","3882908","10","82728445"
"chr2","86632016","86632146","chr3","3861668","3861794","5","82770348"
"chr2","86754156","86754461","chr3","3733443","3733730","29","83020713"
"chr2","86780626","86780742","chr4","127630777","127630889","28","40850151"
"chr2","86781218","86781402","chr11","47171410","47171598","44","39609808"
"chr2","86813833","86814178","chr3","3670720","3671067","17","83143113"
"chr2","86844901","86845211","chr3","3641671","3641958","37","83203230"
"chr2","86850914","86851198","chr3","3629026","3629310","10","83221888"
"chr2","86906498","86906631","chr9","108819500","108819636","27","21913002"
"chr2","86917065","86917356","chr3","3569714","3570005","14","83347351"
"chr2","87004844","87004982","chr3","3470132","3470270","4","83534712"
"chr2","87021518","87021821","chr3","3452231","3452541","13","83569287"
"chr2","87058063","87058371","chr3","3415296","3415604","9","83642767"
"chr2","87111683","87111974","chr3","37702216","37702498","61","49409467"
"chr2","87323450","87323754","chr13","68145644","68145945","65","19177806"
"chr2","87377292","87377607","chr3","3096635","3096949","22","84280657"
"chr2","87389143","87389453","chr3","3088105","3088419","12","84301038"
"chr2","87394102","87394397","chr3","3082462","3082755","5","84311640"
"chr2","87414990","87415283","chr19","12058897","12059179","82","75356093"
"chr2","87442562","87442637","chr3","120794986","120795060","19","33352424"
"chr2","87446625","87446940","chr6","140318206","140318513","67","52871581"
"chr2","87486991","87487007","chr7","125655255","125655271","5","38168264"
"chr2","87487038","87487315","chr11","31272440","31272716","63","56214598"
"chr2","87504966","87505275","chr3","2967617","2967924","13","84537349"
"chr2","87505828","87506123","chr9","15305530","15305824","57","72200298"
"chr2","87511883","87512195","chr3","2958841","2959153","23","84553042"
"chr2","87520653","87520954","chr3","2949513","2949814","8","84571140"
"chr2","87543646","87544005","chr10","82948351","82948704","61","4595295"
"chr2","87556750","87556877","chr3","2910168","2910295","3","84646582"
"chr2","87570360","87570618","chr3","2891439","2891695","7","84678921"
"chr2","87591413","87591478","chr2","54957374","54957436","14","32634039"
"chr2","87651178","87651493","chr3","2809525","2809842","9","84841653"
"chr2","87683867","87684031","chr3","2774287","2774443","12","84909580"
"chr2","87726738","87727052","chr3","2732094","2732408","17","84994644"
"chr2","87756955","87757255","chr3","2701164","2701464","10","85055791"
"chr2","87782495","87782763","chr3","2674000","2674293","42","85108495"
"chr2","87785987","87786235","chr3","2674000","2674293","64","85111987"
"chr2","87806117","87806394","chr3","2651677","2651961","10","85154440"
"chr2","87888134","87888440","chr3","2565935","2566243","18","85322199"
"chr2","87943631","87943761","chr3","2508158","2508285","10","85435473"
"chr2","87967848","87968151","chr3","2470675","2470978","5","85497173"
"chr2","87990296","87990590","chr3","2458315","2458621","26","85531981"
"chr2","88095052","88095343","chr3","34747936","34748225","48","53347116"
"chr2","88100993","88101269","chr3","2342819","2343094","8","85758174"
"chr2","88106660","88106940","chr2","89798257","89798539","62","1691597"
"chr2","88151029","88151310","chr3","2290826","2291105","25","85860203"
"chr2","88167551","88167795","chr17","80125613","80125866","65","8041938"
"chr2","88270120","88270235","chr3","2176529","2176643","3","86093591"
"chr2","88270543","88270738","chr7","52245062","52245250","48","36025481"
"chr2","88340646","88340767","chr3","2097475","2097596","8","86243171"
"chr2","88404144","88404482","chr19","9218762","9219103","73","79185382"
"chr2","88414675","88414843","chr7","13358613","13358787","31","75056062"
"chr2","88467866","88468148","chr3","1964953","1965235","12","86502913"
"chr2","88522268","88522554","chr3","1904667","1904957","15","86617601"
"chr2","88547060","88547304","chr3","1878849","1879131","45","86668211"
"chr2","88595748","88596126","chr16","24004452","24004792","113","64591296"
"chr2","88635622","88635918","chr1","154237624","154237916","58","65602002"
"chr2","88774922","88774981","chr3","1640353","1640408","5","87134569"
"chr2","88780347","88780570","chr3","1634780","1635003","3","87145567"
"chr2","88824521","88824773","chr3","1590611","1590864","12","87233910"
"chr2","88829773","88830073","chr3","1585304","1585608","7","87244469"
"chr2","88984566","88984884","chr5","15603192","15603504","86","73381374"
"chr2","89027113","89027408","chr3","1385679","1385974","8","87641434"
"chr2","89069789","89070097","chr5","174145513","174145823","57","85075724"
"chr2","89302326","89302448","chr3","1099536","1099659","2","88202790"
"chr2","89311425","89311683","chr3","1089980","1090197","45","88221445"
"chr2","89374604","89374926","chr3","1025608","1025928","12","88348996"
"chr2","89420540","89420711","chr17","8516683","8516860","38","80903857"
"chr2","89445971","89446277","chr1","94075230","94075521","68","4629259"
"chr2","89469061","89469352","chr3","13353994","13354280","62","76115067"
"chr2","89527243","89527550","chr3","869129","869438","16","88658114"
"chr2","89563634","89563929","chr3","833504","833799","5","88730130"
"chr2","89675599","89675836","chr9","24585805","24586026","72","65089794"
"chr2","89683674","89683806","chr3","716974","717102","10","88966700"
"chr2","89788781","89788999","chr20","27357143","27357355","49","62431638"
"chr2","89799797","89800093","chr3","598496","598793","6","89201301"
"chr2","89815078","89815364","chr3","582993","583279","6","89232085"
"chr2","89852996","89853252","chr3","543378","543634","8","89309618"
"chr2","89870024","89870317","chr3","526098","526386","14","89343926"
"chr2","89884161","89884486","chr1","137091030","137091365","80","47206869"
"chr2","89890513","89890821","chr3","509888","510197","8","89380625"
"chr2","89900306","89900423","chr2","44912420","44912537","18","44987886"
"chr2","89900784","89900924","chr16","31223819","31223950","29","58676965"
"chr2","89916917","89917209","chr3","475898","476199","19","89441019"
"chr2","89931110","89931238","chr10","12804695","12804819","28","77126415"
"chr2","89948536","89948829","chr3","439468","439754","12","89509068"
"chr2","89959829","89960136","chr3","427895","428202","4","89531934"
"chr2","89972176","89972296","chr8","92912241","92912358","18","2940065"
"chr2","89976380","89976673","chr12","32828321","32828603","65","57148059"
"chr2","89987253","89987537","chr3","398365","398649","10","89588888"
"chr2","89996965","89997208","chr3","388243","388488","8","89608722"
"chr2","90057194","90057439","chr3","322015","322262","18","89735179"
"chr2","90067104","90067254","chr3","312266","312416","3","89754838"
"chr2","90080355","90080659","chr3","299109","299415","12","89781246"
"chr2","90105732","90106031","chr3","273561","273858","10","89832171"
"chr2","90147064","90147375","chr3","238097","238403","12","89908967"
"chr2","90256542","90256839","chr3","126728","127025","7","90129814"
"chr2","90342744","90343063","chr12","51459752","51460053","68","38882992"
"chr3","5111676","5111981","chr17","5223714","5224005","22","112038"
"chr3","81395625","81395871","chr17","80127724","80127975","28","1267901"
"chr3","29576","29742","chr17","39620","39786","5","10044"
"chr3","84550","84839","chr17","93661","93961","16","9111"
"chr3","89718","89892","chr17","99385","99542","22","9667"
"chr3","114402","114474","chr17","130611","130683","0","16209"
"chr3","122836","123010","chr17","139021","139182","16","16185"
"chr3","134686","134969","chr17","149655","149936","5","14969"
"chr3","144215","144501","chr17","159090","159376","8","14875"
"chr3","159861","160156","chr17","176129","176426","10","16268"
"chr3","183438","183583","chr19","11965344","11965488","29","11781906"
"chr3","218696","218960","chr17","236573","236846","12","17877"
"chr3","221337","221461","chr17","239169","239293","2","17832"
"chr3","237642","237940","chrX","16824149","16824449","63","16586507"
"chr3","251474","251751","chr17","275982","276286","31","24508"
"chr3","390798","390924","chr17","419967","420088","8","29169"
"chr3","417011","417312","chr2","73023855","73024152","63","72606844"
"chr3","442899","442981","chr14","107932456","107932537","14","107489557"
"chr3","468414","468674","chr17","493654","493901","20","25240"
"chr3","514271","514595","chr1","21989231","21989556","92","21474960"
"chr3","520957","521085","chr17","550217","550348","5","29260"
"chr3","524293","524590","chr17","553859","554156","2","29566"
"chr3","555533","555687","chr8","7015852","7016003","41","6460319"
"chr3","555986","556142","chr11","48139910","48140065","27","47583924"
"chr3","563936","564222","chr17","603195","603511","41","39259"
"chr3","580742","581025","chr17","621539","621821","8","40797"
"chr3","613385","613505","chr17","659913","660033","5","46528"
"chr3","636991","637146","chr17","696773","696928","5","59782"
"chr3","641016","641303","chr17","700771","701059","7","59755"
"chr3","695977","696180","chr17","770324","770535","18","74347"
"chr3","746145","746277","chr17","815884","816015","12","69739"
"chr3","772528","772800","chr3","103079417","103079706","62","102306889"
"chr3","787221","787353","chr4","127321972","127322099","25","126534751"
"chr3","810777","811073","chr17","869479","869775","11","58702"
"chr3","833028","833267","chr17","898744","898983","6","65716"
"chr3","876273","876557","chr17","944101","944385","11","67828"
"chr3","914065","914302","chr17","981564","981801","5","67499"
"chr3","970930","971251","chr20","14194292","14194617","76","13223362"
"chr3","982958","983129","chr7","109263846","109264017","46","108280888"
"chr3","983427","983568","chr15","25685158","25685298","31","24701731"
"chr3","987961","988237","chr17","1058461","1058735","13","70500"
"chr3","992155","992374","chr6","170954100","170954318","46","169961945"
"chr3","993802","994123","chr17","1063933","1064252","16","70131"
"chr3","1012724","1012840","chr17","1085432","1085540","8","72708"
"chr3","1027031","1027220","chr17","1101509","1101698","6","74478"
"chr3","1044217","1044509","chr17","1115057","1115352","12","70840"
"chr3","1044647","1044790","chr1","120666191","120666322","30","119621544"
"chr3","1054369","1054489","chr17","1117394","1117505","17","63025"
"chr3","1066401","1066664","chr17","1139562","1139825","5","73161"
"chr3","1081368","1081632","chr7","121569360","121569626","61","120487992"
"chr3","1096871","1097156","chrX","16754615","16754905","61","15657744"
"chr3","1099721","1099846","chr17","1175691","1175816","3","75970"
"chr3","1105938","1105991","chr1","162445792","162445846","16","161339854"
"chr3","1106285","1106529","chr3","83420679","83420919","55","82314394"
"chr3","1117108","1117434","chr16","59837348","59837646","87","58720240"
"chr3","1125996","1126146","chr17","1195986","1196137","2","69990"
"chr3","1126199","1126273","chr13","97578133","97578206","19","96451934"
"chr3","1134024","1134156","chr1","94739411","94739545","16","93605387"
"chr3","1161969","1162243","chr17","1235462","1235745","15","73493"
"chr3","1166457","1166773","chr17","1245861","1246173","17","79404"
"chr3","1167586","1167803","chr17","1247630","1247847","3","80044"
"chr3","1168007","1168277","chrX","49546448","49546737","67","48378441"
"chr3","1171554","1171838","chr17","1267552","1267852","23","95998"
"chr3","1207102","1207340","chr17","1291130","1291370","3","84028"
"chr3","1214895","1215044","chrX","62529834","62529985","37","61314939"
"chr3","1222075","1222379","chr17","1305806","1306112","7","83731"
"chr3","1233969","1234022","chr17","1317657","1317713","4","83688"
"chr3","1250058","1250356","chr17","1334554","1334829","30","84496"
"chr3","1271650","1271915","chr17","1354777","1355039","7","83127"
"chr3","1302225","1302390","chr17","1392250","1392424","10","90025"
"chr3","1320960","1321249","chr17","1411301","1411580","20","90341"
"chr3","1341800","1341994","chr17","1432951","1433145","1","91151"
"chr3","1468584","1468850","chr17","1532698","1532964","8","64114"
"chr3","1511181","1511475","chr17","1584802","1585094","6","73621"
"chr3","1615321","1615626","chr17","1691187","1691501","15","75866"
"chr3","1615664","1615952","chr17","1691547","1691835","1","75883"
"chr3","1648619","1648924","chr17","1730548","1730853","6","81929"
"chr3","1652651","1652939","chr17","1734995","1735291","14","82344"
"chr3","1659354","1659638","chr17","1741406","1741687","15","82052"
"chr3","1695215","1695388","chr1","85260492","85260663","53","83565277"
"chr3","1837382","1837642","chr17","1917610","1917865","8","80228"
"chr3","1899698","1899826","chr6","82258025","82258153","22","80358327"
"chr3","2078490","2078571","chr5","3154686","3154774","18","1076196"
"chr3","2078605","2078773","chr4","10353260","10353422","33","8274655"
"chr3","2145466","2145745","chr17","2232308","2232583","11","86842"
"chr3","2560358","2560659","chr17","2638690","2638973","30","78332"
"chr3","2621048","2621291","chr17","2699802","2700045","2","78754"
"chr3","2798817","2799151","chr2","87666260","87666601","83","84867443"
"chr3","2893437","2893749","chr8","123556845","123557156","63","120663408"
"chr3","2965919","2966044","chr11","82712540","82712662","29","79746621"
"chr3","2966314","2966439","chr11","82712540","82712662","29","79746226"
"chr3","3015190","3015467","chr17","3068290","3068567","2","53100"
"chr3","3181896","3182112","chr17","3231396","3231586","27","49500"
"chr3","3408815","3408941","chr17","3468399","3468523","5","59584"
"chr3","3412019","3412311","chr17","3472056","3472342","12","60037"
"chr3","3506480","3506763","chr17","3564192","3564496","26","57712"
"chr3","3531515","3531631","chr17","3589604","3589720","4","58089"
"chr3","3550318","3550488","chr17","3609770","3609940","3","59452"
"chr3","3552858","3553028","chr17","3612301","3612473","4","59443"
"chr3","3631026","3631222","chr17","3692751","3692947","2","61725"
"chr3","3807091","3807246","chr7","50840771","50840927","25","47033680"
"chr3","3855665","3855796","chr7","30229204","30229339","32","26373539"
"chr3","3858218","3858343","chr17","3934193","3934318","11","75975"
"chr3","3882456","3882747","chr8","36816360","36816661","71","32933904"
"chr3","3910616","3910916","chr17","3988427","3988721","15","77811"
"chr3","3934860","3935160","chr17","4014425","4014729","18","79565"
"chr3","3949921","3950213","chr17","4029050","4029342","3","79129"
"chr3","3968291","3968540","chr17","4046644","4046888","14","78353"
"chr3","4044227","4044381","chr3","50749437","50749590","36","46705210"
"chr3","4044382","4044693","chr17","4123289","4123601","10","78907"
"chr3","4044694","4044826","chr7","158458197","158458328","24","154413503"
"chr3","4118084","4118213","chr17","4199868","4199997","4","81784"
"chr3","4163357","4163703","chr17","4244779","4245090","42","81422"
"chr3","4224714","4224968","chr8","36444771","36445023","60","32220057"
"chr3","4226577","4226860","chr17","4303616","4303897","15","77039"
"chr3","4249468","4249736","chr17","4327548","4327816","7","78080"
"chr3","4252616","4252905","chr17","4330697","4330992","10","78081"
"chr3","4253084","4253365","chr17","4331168","4331446","10","78084"
"chr3","4273939","4274236","chr17","4350496","4350794","7","76557"
"chr3","4306724","4306929","chr19","15636800","15637003","56","11330076"
"chr3","4307215","4307351","chr1","21628432","21628567","24","17321217"
"chr3","4362462","4362589","chr20","10415874","10415996","25","6053412"
"chr3","4387139","4387254","chr1","52522560","52522684","22","48135421"
"chr3","4395367","4395469","chr17","4475382","4475483","3","80015"
"chr3","4408345","4408633","chr4","114377497","114377784","56","109969152"
"chr3","4419558","4419718","chrX","13728541","13728701","23","9308983"
"chr3","4447219","4447345","chr17","4527224","4527348","3","80005"
"chr3","4449180","4449337","chr17","4529188","4529344","5","80008"
"chr3","4450650","4450850","chr8","63339372","63339558","56","58888722"
"chr3","4452243","4452532","chr9","31284558","31284838","60","26832315"
"chr3","4536664","4536955","chr17","4623740","4624031","9","87076"
"chr3","4606597","4606884","chr17","4702644","4702945","31","96047"
"chr3","4609068","4609078","chr19","32678666","32678677","3","28069598"
"chr3","4609105","4609259","chr17","4693008","4693175","20","83903"
"chr3","4614799","4614970","chr17","4707300","4707469","3","92501"
"chr3","4624874","4625158","chr17","4717442","4717736","28","92568"
"chr3","4675325","4675633","chr17","4766604","4766928","34","91279"
"chr3","4680081","4680212","chr16","30023241","30023370","16","25343160"
"chr3","4689365","4689534","chr19","8318484","8318635","41","3629119"
"chr3","4721943","4722075","chr1","14279367","14279499","21","9557424"
"chr3","4805843","4806142","chr17","4912657","4912949","13","106814"
"chr3","4812090","4812401","chr17","4918896","4919207","18","106806"
"chr3","4838485","4838616","chr17","4945088","4945215","10","106603"
"chr3","4858516","4858777","chr17","4965184","4965445","12","106668"
"chr3","4961899","4962170","chr17","5067869","5068168","39","105970"
"chr3","5025273","5025390","chr14","35120368","35120476","31","30095095"
"chr3","5067009","5067308","chr17","5177914","5178205","20","110905"
"chr3","5162949","5163137","chr6","84907227","84907403","44","79744278"
"chr3","5163452","5163586","chr8","36119278","36119416","30","30955826"
"chr3","5174961","5175261","chr9","33007490","33007788","64","27832529"
"chr3","5182623","5182935","chr17","5296537","5296843","14","113914"
"chr3","5192161","5192413","chr17","5305937","5306187","9","113776"
"chr3","5210034","5210189","chr17","5322825","5322979","3","112791"
"chr3","5273444","5273752","chr17","5386609","5386920","10","113165"
"chr3","5283244","5283506","chr17","5396360","5396620","10","113116"
"chr3","5386479","5386756","chr17","5500148","5500427","8","113669"
"chr3","5402341","5402462","chr17","5517499","5517620","3","115158"
"chr3","5403665","5403791","chr1","14170763","14170885","31","8767098"
"chr3","5403818","5403982","chr4","4268188","4268352","26","1135630"
"chr3","5412963","5413242","chr17","5528100","5528375","12","115137"
"chr3","5413828","5414129","chr17","5528966","5529274","19","115138"
"chr3","5443350","5443492","chr17","5558046","5558193","10","114696"
"chr3","5488329","5488633","chr17","5602738","5603042","34","114409"
"chr3","5502976","5503274","chr17","5617144","5617442","6","114168"
"chr3","5519333","5519611","chr17","5633800","5634078","9","114467"
"chr3","5566830","5567126","chr17","5685342","5685646","19","118512"
"chr3","5854601","5854919","chr17","5982977","5983293","8","128376"
"chr3","5939267","5939572","chr17","6068159","6068465","9","128892"
"chr3","5942088","5942272","chr17","6070973","6071159","12","128885"
"chr3","5959721","5960038","chr10","16836804","16837109","73","10877083"
"chr3","6052629","6052903","chr17","6179446","6179729","16","126817"
"chr3","6068200","6068461","chr17","6195038","6195293","8","126838"
"chr3","6182026","6182311","chr17","6310156","6310440","4","128130"
"chr3","6183372","6183545","chr3","51729450","51729610","56","45546078"
"chr3","6197910","6198218","chr17","6327427","6327725","16","129517"
"chr3","6201406","6201531","chr17","6330932","6331061","7","129526"
"chr3","6203351","6203476","chr17","6330932","6331061","7","127581"
"chr3","6203477","6203766","chr10","5327636","5327910","72","875841"
"chr3","6247130","6247395","chr17","6373858","6374121","8","126728"
"chr3","6273855","6274139","chr1","43030769","43031052","53","36756914"
"chr3","6277750","6278030","chr17","6404187","6404467","6","126437"
"chr3","6280363","6280640","chr17","6407123","6407400","10","126760"
"chr3","6302348","6302502","chr19","3279543","3279697","34","3022805"
"chr3","6310765","6311012","chr17","6437372","6437619","9","126607"
"chr3","6327945","6328248","chr17","6454578","6454885","27","126633"
"chr3","6355472","6355767","chr17","6486432","6486735","10","130960"
"chr3","6384776","6385085","chr7","38050101","38050386","73","31665325"
"chr3","6400964","6401087","chr17","6533205","6533327","4","132241"
"chr3","6412248","6412548","chr17","6544541","6544848","11","132293"
"chr3","6416684","6416849","chr17","6549021","6549186","5","132337"
"chr3","6439535","6439677","chr12","62153504","62153640","40","55713969"
"chr3","6455510","6455797","chr1","30349655","30349945","59","23894145"
"chr3","6480433","6480741","chr17","6619907","6620230","36","139474"
"chr3","6504385","6504676","chr6","135496415","135496710","61","128992030"
"chr3","6506988","6507280","chr2","99898346","99898628","67","93391358"
"chr3","6524314","6524605","chr17","6663825","6664102","18","139511"
"chr3","6538489","6538778","chr17","6678260","6678550","5","139771"
"chr3","6555623","6555930","chr17","6694787","6695083","17","139164"
"chr3","6565144","6565456","chr17","6704282","6704597","11","139138"
"chr3","6570051","6570347","chr17","6708896","6709189","15","138845"
"chr3","6591443","6591685","chr17","6730343","6730585","8","138900"
"chr3","6614309","6614581","chr17","6753677","6753949","11","139368"
"chr3","6633436","6633752","chr17","6772868","6773184","9","139432"
"chr3","6636790","6636930","chr17","6776207","6776347","5","139417"
"chr3","6736113","6736416","chr17","6877357","6877660","10","141244"
"chr3","6776303","6776546","chr17","6919181","6919424","4","142878"
"chr3","6843583","6843889","chr17","6987097","6987389","22","143514"
"chr3","6844530","6844802","chr17","6988026","6988307","15","143496"
"chr3","6846603","6846891","chr17","6990134","6990412","14","143531"
"chr3","6864570","6864885","chr17","7008456","7008771","7","143886"
"chr3","6865619","6865909","chr17","7009493","7009785","14","143874"
"chr3","6936565","6936881","chr17","7070691","7070986","26","134126"
"chr3","6941493","6941806","chr17","7075554","7075871","16","134061"
"chr3","6945462","6945746","chr17","7079518","7079807","10","134056"
"chr3","6974136","6974440","chrX","16790369","16790672","58","9816233"
"chr3","6991245","6991266","chr20","49216577","49216598","6","42225332"
"chr3","6991335","6991616","chr17","7125249","7125559","34","133914"
"chr3","6995059","6995341","chr17","7128727","7128988","33","133668"
"chr3","7017750","7017948","chr17","7151301","7151504","6","133551"
"chr3","7018387","7018689","chr17","7151940","7152242","7","133553"
"chr3","7027629","7027822","chr2","184455211","184455407","49","177427582"
"chr3","7028134","7028267","chr18","43166044","43166175","23","36137910"
"chr3","7058349","7058474","chr17","7192219","7192337","9","133870"
"chr3","7062132","7062297","chr17","7195955","7196120","2","133823"
"chr3","7108471","7108764","chr17","7244839","7245128","11","136368"
"chr3","7125882","7126189","chr17","7262784","7263085","14","136902"
"chr3","7153942","7154199","chr17","7290638","7290892","10","136696"
"chr3","7181538","7181853","chr1","15527506","15527809","67","8345968"
"chr3","7207161","7207305","chr17","7341847","7342011","22","134686"
"chr3","7209265","7209574","chr17","7343943","7344253","4","134678"
"chr3","7258275","7258423","chr17","7393959","7394107","0","135684"
"chr3","7259053","7259342","chr17","7394731","7395012","10","135678"
"chr3","7288805","7289117","chr17","7424966","7425258","23","136161"
"chr3","7297163","7297382","chr6","170954100","170954318","47","163656937"
"chr3","7310449","7310762","chr17","7445746","7446059","11","135297"
"chr3","7315524","7315803","chr17","7451006","7451286","10","135482"
"chr3","7319768","7320010","chr17","7455229","7455471","1","135461"
"chr3","7341593","7341756","chr17","7478196","7478359","3","136603"
"chr3","7364051","7364225","chr1","71255801","71255954","53","63891750"
"chr3","7372696","7373007","chr17","7509174","7509479","13","136478"
"chr3","7374480","7374761","chr17","7510940","7511221","7","136460"
"chr3","7380833","7380955","chr17","7517276","7517398","4","136443"
"chr3","7423293","7423541","chr17","7558022","7558271","3","134729"
"chr3","7430199","7430352","chr17","7565287","7565441","1","135088"
"chr3","7458283","7458562","chr17","7593428","7593701","34","135145"
"chr3","7474680","7474799","chr10","71178136","71178254","20","63703456"
"chr3","7482342","7482639","chr17","7616490","7616786","9","134148"
"chr3","7573600","7573779","chr17","8516683","8516860","43","943083"
"chr3","7665030","7665291","chr17","7800462","7800723","10","135432"
"chr3","7699735","7699958","chr17","7835138","7835355","13","135403"
"chr3","7746683","7746979","chr17","7881220","7881520","17","134537"
"chr3","7770990","7771174","chr19","9815573","9815748","56","2044583"
"chr3","7773595","7773895","chr17","7909834","7910127","21","136239"
"chr3","7778834","7779131","chr17","7915203","7915500","6","136369"
"chr3","7784715","7784911","chr3","39870336","39870516","53","32085621"
"chr3","7839457","7839753","chr17","7977825","7978117","9","138368"
"chr3","7850077","7850340","chr17","7989344","7989619","21","139267"
"chr3","7944756","7945041","chr17","8074141","8074425","17","129385"
"chr3","7965758","7966045","chr17","8095139","8095426","4","129381"
"chr3","8047287","8047588","chr17","8175746","8176042","17","128459"
"chr3","8049886","8050086","chr17","8178327","8178526","9","128441"
"chr3","8123314","8123619","chr11","46631266","46631567","55","38507952"
"chr3","8125989","8126153","chr17","8251394","8251536","25","125405"
"chr3","8261670","8261955","chr17","8389473","8389759","11","127803"
"chr3","8281412","8281703","chr17","8409461","8409747","13","128049"
"chr3","8311316","8311583","chr19","3615739","3615993","72","4695577"
"chr3","8374764","8374926","chr19","15398379","15398546","32","7023615"
"chr3","8374957","8375075","chr1","161911078","161911195","16","153536121"
"chr3","8444965","8445274","chr17","8574680","8574986","9","129715"
"chr3","8466448","8466740","chr1","29275935","29276220","74","20809487"
"chr3","8581600","8581900","chr17","8713564","8713868","20","131964"
"chr3","8652964","8653245","chr17","8803193","8803473","13","150229"
"chr3","8685596","8685860","chr17","8832488","8832751","9","146892"
"chr3","8691783","8691904","chr17","8838679","8838800","0","146896"
"chr3","8756980","8757276","chr4","36058555","36058841","74","27301575"
"chr3","8791622","8791933","chr17","8944665","8944972","16","153043"
"chr3","8818288","8818592","chr17","8971588","8971887","11","153300"
"chr3","8832211","8832514","chr17","8985543","8985837","13","153332"
"chr3","8914248","8914589","chr9","24045232","24045566","83","15130984"
"chr3","8917731","8918017","chr17","9070877","9071162","7","153146"
"chr3","8918358","8918498","chr17","9071501","9071643","4","153143"
"chr3","9008029","9008334","chr17","9164522","9164819","14","156493"
"chr3","9044002","9044295","chr17","9197495","9197792","20","153493"
"chr3","9187884","9188039","chr7","74006851","74006999","37","64818967"
"chr3","9192804","9193104","chr17","9348980","9349279","9","156176"
"chr3","9194364","9194527","chr17","9350524","9350687","8","156160"
"chr3","9208126","9208446","chr17","9363969","9364278","24","155843"
"chr3","9243466","9243694","chr17","9399059","9399282","9","155593"
"chr3","9248143","9248436","chr11","46631266","46631567","62","37383123"
"chr3","9253755","9254035","chr17","9409629","9409898","26","155874"
"chr3","9260784","9260941","chr8","20414982","20415141","29","11154198"
"chr3","9266161","9266450","chr17","9421614","9421903","8","155453"
"chr3","9278182","9278504","chr17","9433276","9433599","21","155094"
"chr3","9398036","9398299","chr17","9554653","9554930","15","156617"
"chr3","9408446","9408732","chr17","9563852","9564148","17","155406"
"chr3","9412198","9412460","chr17","9567503","9567776","27","155305"
"chr3","9437496","9437767","chr17","9591457","9591726","10","153961"
"chr3","9456449","9456749","chr17","9611089","9611389","7","154640"
"chr3","9463986","9464136","chr17","9618619","9618769","3","154633"
"chr3","9471980","9472120","chr17","9627052","9627195","4","155072"
"chr3","9511138","9511455","chr17","9665171","9665488","14","154033"
"chr3","9528606","9528955","chr12","33230381","33230718","101","23701775"
"chr3","9554074","9554214","chr17","9706088","9706228","3","152014"
"chr3","9567751","9567904","chr17","9718859","9719013","7","151108"
"chr3","9613994","9614291","chr17","9764989","9765283","13","150995"
"chr3","9617547","9617714","chrX","7162880","7163039","41","2454667"
"chr3","9648321","9648612","chr8","83858939","83859233","61","74210618"
"chr3","9719105","9719399","chr17","9870386","9870680","5","151281"
"chr3","9782391","9782686","chr17","9929749","9930049","18","147358"
"chr3","9803093","9803385","chr17","9950108","9950404","19","147015"
"chr3","9826760","9827040","chr17","9974576","9974856","5","147816"
"chr3","9927442","9927575","chr17","10075979","10076113","3","148537"
"chr3","9936479","9936794","chr17","10084884","10085199","9","148405"
"chr3","10008694","10009001","chr15","41556067","41556371","68","31547373"
"chr3","10028178","10028336","chr17","10177047","10177205","7","148869"
"chr3","10172198","10172477","chr17","10323971","10324263","23","151773"
"chr3","10285042","10285319","chr17","10446722","10447002","18","161680"
"chr3","10486784","10487068","chr17","10668473","10668759","4","181689"
"chr3","10684309","10684596","chr17","10890961","10891264","27","206652"
"chr3","10807958","10808266","chr19","6778093","6778400","62","4029865"
"chr3","11091507","11091802","chr17","11300489","11300784","4","208982"
"chr3","11122390","11122512","chr17","11331475","11331597","1","209085"
"chr3","11215827","11216102","chr17","11416735","11417006","13","200908"
"chr3","11282103","11282319","chr17","11489115","11489332","7","207012"
"chr3","11286352","11286554","chr17","76233397","76233605","48","64947045"
"chr3","11297348","11297633","chr17","11505244","11505529","8","207896"
"chr3","11302808","11303009","chr12","36837071","36837263","46","25534263"
"chr3","11303291","11303440","chr14","5559327","5559459","39","5743964"
"chr3","11325682","11325973","chr17","11533871","11534164","7","208189"
"chr3","11341115","11341418","chr17","11549365","11549654","19","208250"
"chr3","11392875","11393205","chr17","11601440","11601756","22","208565"
"chr3","11522001","11522311","chr1","184520035","184520339","67","172998034"
"chr3","11546844","11547128","chr17","11754068","11754358","13","207224"
"chr3","11598339","11598617","chr17","11800757","11801034","11","202418"
"chr3","11602241","11602567","chr15","19746637","19746956","77","8144396"
"chr3","11621322","11621623","chr17","11824002","11824303","7","202680"
"chr3","11654485","11654797","chr1","28136765","28137073","71","16482280"
"chr3","11748685","11748982","chr15","103327306","103327612","56","91578621"
"chr3","11779797","11779934","chr17","11971221","11971355","6","191424"
"chr3","11786423","11786718","chr17","11978282","11978601","29","191859"
"chr3","11813897","11814145","chrX","51070951","51071194","61","39257054"
"chr3","11881874","11882015","chr7","15523849","15523987","21","3641975"
"chr3","11882314","11882474","chr9","956316","956473","33","10925998"
"chr3","12025929","12026225","chr17","12214318","12214625","17","188389"
"chr3","12084262","12084426","chr17","12271586","12271746","11","187324"
"chr3","12133713","12134028","chr17","12320626","12320941","4","186913"
"chr3","12187035","12187343","chr17","12374645","12374942","20","187610"
"chr3","12230149","12230436","chr14","52401118","52401395","78","40170969"
"chr3","12294216","12294529","chr17","12485890","12486197","10","191674"
"chr3","12383347","12383626","chr9","39857935","39858219","60","27474588"
"chr3","12413563","12413833","chr17","12609887","12610158","11","196324"
"chr3","12536226","12536517","chr17","12733291","12733582","6","197065"
"chr3","12550068","12550378","chr17","12746818","12747131","12","196750"
"chr3","12685288","12685557","chr17","12889705","12889976","10","204417"
"chr3","12735658","12735959","chr17","12946407","12946718","19","210749"
"chr3","12858547","12858843","chrX","22404446","22404735","61","9545899"
"chr3","12906478","12906707","chr1","211571963","211572190","45","198665485"
"chr3","13150385","13150607","chr17","13376853","13377083","11","226468"
"chr3","13196850","13197168","chr4","102812906","102813216","59","89616056"
"chr3","13211384","13211683","chr17","13437473","13437772","10","226089"
"chr3","13289869","13290159","chr17","13520836","13521124","9","230967"
"chr3","13390109","13390397","chr17","13616652","13616939","12","226543"
"chr3","13411401","13411524","chr17","13637675","13637798","2","226274"
"chr3","13502143","13502464","chr10","26299957","26300264","74","12797814"
"chr3","13614558","13614840","chr17","13853807","13854090","7","239249"
"chr3","13739571","13739732","chr8","31727053","31727230","46","17987482"
"chr3","13739763","13739883","chr2","147278218","147278334","22","133538455"
"chr3","13755964","13756278","chr11","109018494","109018810","66","95262530"
"chr3","13764504","13764765","chr1","137160839","137161126","71","123396335"
"chr3","13827217","13827524","chr17","14068126","14068431","15","240909"
"chr3","13848301","13848599","chr17","14089436","14089733","8","241135"
"chr3","13879084","13879221","chr20","17120549","17120689","22","3241465"
"chr3","14097730","14097993","chr17","14338909","14339172","3","241179"
"chr3","14176355","14176526","chr20","49736975","49737141","43","35560620"
"chr3","14176832","14176969","chr10","18837020","18837145","36","4660188"
"chr3","14247615","14247889","chr17","14492038","14492312","5","244423"
"chr3","14420158","14420457","chr17","14673873","14674173","9","253715"
"chr3","14503631","14503937","chr17","14758802","14759097","21","255171"
"chr3","14575301","14575469","chr6","170093922","170094093","33","155518621"
"chr3","14576162","14576307","chr17","14824129","14824268","10","247967"
"chr3","14619563","14619719","chr17","14866854","14867010","4","247291"
"chr3","14631856","14632007","chr17","14879086","14879240","11","247230"
"chr3","14708421","14708728","chr17","14955852","14956159","6","247431"
"chr3","14787269","14787556","chr5","72941667","72941963","65","58154398"
"chr3","14824104","14824219","chr17","15071554","15071673","6","247450"
"chr3","14918004","14918312","chr17","15165684","15165992","4","247680"
"chr3","14932594","14932749","chr17","15179745","15179900","3","247151"
"chr3","15001860","15002091","chr17","15265595","15265866","48","263735"
"chr3","15028307","15028471","chr17","15292180","15292344","6","263873"
"chr3","15120259","15120570","chr17","15374307","15374618","10","254048"
"chr3","15135466","15135756","chr17","15387930","15388226","12","252464"
"chr3","15140512","15140813","chr17","15392972","15393262","18","252460"
"chr3","15174107","15174406","chr17","15427075","15427386","16","252968"
"chr3","15212003","15212300","chr17","15462242","15462537","12","250239"
"chr3","15319225","15319522","chr17","15567834","15568132","11","248609"
"chr3","15356640","15356740","chr17","15606352","15606452","4","249712"
"chr3","15383077","15383252","chr17","15632777","15632952","10","249700"
"chr3","15461214","15461516","chrX","68236791","68237086","60","52775577"
"chr3","15482255","15482419","chr17","15728873","15729025","13","246618"
"chr3","15491144","15491376","chr17","15737841","15738076","10","246697"
"chr3","15492721","15492877","chr17","15739423","15739578","10","246702"
"chr3","15505851","15506039","chr8","20252251","20252442","39","4746400"
"chr3","15524378","15524667","chr17","15770005","15770287","12","245627"
"chr3","15631244","15631389","chr17","14824129","14824268","32","807115"
"chr3","15652232","15652476","chr17","15899683","15899924","10","247451"
"chr3","15656760","15656916","chr17","15904218","15904374","4","247458"
"chr3","15804367","15804663","chr17","16059000","16059296","2","254633"
"chr3","15862770","15862890","chr10","22835880","22836002","27","6973110"
"chr3","15923841","15924150","chr10","86052053","86052361","68","70128212"
"chr3","16141929","16142235","chr15","8630846","8631147","12","7511083"
"chr3","16224633","16224925","chr17","16476336","16476630","6","251703"
"chr3","16229747","16230013","chr3","50567407","50567679","64","34337660"
"chr3","16240107","16240178","chr17","16496124","16496195","3","256017"
"chr3","16251082","16251188","chr17","16507407","16507513","2","256325"
"chr3","16364869","16365178","chr17","16631809","16632118","7","266940"
"chr3","16465302","16465488","chr6","171678881","171679052","42","155213579"
"chr3","16491651","16491952","chr17","16761661","16761962","4","270010"
"chr3","16704629","16704774","chr17","16981251","16981396","2","276622"
"chr3","16749939","16750197","chr17","17007024","17007279","17","257085"
"chr3","16794242","16794524","chr17","17051201","17051486","12","256959"
"chr3","16887163","16887496","chr17","17143924","17144245","20","256761"
"chr3","16916852","16917011","chr17","17173519","17173678","6","256667"
"chr3","16928661","16928808","chr17","17185284","17185432","2","256623"
"chr3","16948061","16948359","chr17","17205814","17206114","3","257753"
"chr3","17187149","17187367","chr17","17453834","17454046","18","266685"
"chr3","17202132","17202294","chr17","17468585","17468746","5","266453"
"chr3","17250704","17250839","chr17","17516133","17516267","3","265429"
"chr3","17317897","17318012","chr17","17583379","17583491","9","265482"
"chr3","17335119","17335243","chr17","17601274","17601396","5","266155"
"chr3","17775267","17775493","chr17","18045262","18045488","13","269995"
"chr3","17857642","17857752","chr17","18133705","18133815","7","276063"
"chr3","17880879","17881182","chr17","18156992","18157292","22","276113"
"chr3","17882941","17883224","chr19","44901522","44901811","58","27018581"
"chr3","17938370","17938661","chr17","18213096","18213387","12","274726"
"chr3","17942787","17943066","chr17","18217513","18217785","15","274726"
"chr3","17947386","17947681","chr17","18222099","18222380","26","274713"
"chr3","18003642","18003923","chr3","67395491","67395772","61","49391849"
"chr3","18009274","18009534","chr13","45847891","45848167","62","27838617"
"chr3","18023122","18023470","chr2","54964426","54964759","108","36941304"
"chr3","18032207","18032443","chr17","18288192","18288427","4","255985"
"chr3","18098276","18098570","chr11","22318283","22318570","64","4220007"
"chr3","18209897","18210181","chr17","18474930","18475212","11","265033"
"chr3","18250668","18250969","chrX","14229260","14229558","69","4021408"
"chr3","18503585","18503890","chr17","18772563","18772858","17","268978"
"chr3","18568657","18568958","chr17","18838204","18838503","4","269547"
"chr3","18620193","18620466","chr17","18889538","18889804","11","269345"
"chr3","18822222","18822534","chr17","19095994","19096305","13","273772"
"chr3","18875768","18876071","chr20","51642748","51643047","62","32766980"
"chr3","18898979","18899126","chr7","42742260","42742396","32","23843281"
"chr3","18899420","18899583","chr8","18227257","18227416","37","672163"
"chr3","18953852","18954147","chr17","19226474","19226774","12","272622"
"chr3","18955511","18955788","chr17","19228139","19228416","1","272628"
"chr3","19034967","19035058","chr17","19308647","19308725","15","273680"
"chr3","19047620","19047753","chr15","76802005","76802137","16","57754385"
"chr3","19052382","19052498","chr8","63997023","63997145","23","44944641"
"chr3","19054632","19054917","chr17","19330893","19331177","6","276261"
"chr3","19055636","19055939","chr17","19331915","19332214","11","276279"
"chr3","19091673","19091955","chr17","19375700","19375982","3","284027"
"chr3","19112706","19112948","chr17","19399852","19400094","6","287146"
"chr3","19133837","19134132","chr17","19419308","19419600","12","285471"
"chr3","19180084","19180329","chr17","19467076","19467321","5","286992"
"chr3","19208875","19209148","chr17","19535998","19536261","17","327123"
"chr3","19228134","19228420","chr17","19555394","19555680","9","327260"
"chr3","19233111","19233412","chr11","46631266","46631567","59","27398155"
"chr3","19250789","19250953","chr3","46023413","46023578","33","26772624"
"chr3","19250990","19251108","chr2","43983496","43983613","15","24732506"
"chr3","19254518","19254807","chr5","58282419","58282713","61","39027901"
"chr3","19268340","19268620","chr17","19596078","19596357","8","327738"
"chr3","19277617","19277943","chr17","19605243","19605536","48","327626"
"chr3","19319185","19319471","chr14","8733101","8733382","60","10586084"
"chr3","19338738","19339010","chr17","19666833","19667105","3","328095"
"chr3","19353281","19353417","chr17","19681370","19681525","19","328089"
"chr3","19359809","19360120","chr17","19688516","19688831","9","328707"
"chr3","19387668","19387959","chr17","19716640","19716931","8","328972"
"chr3","19494116","19494278","chr17","19834752","19834917","4","340636"
"chr3","19501880","19502016","chr5","33365125","33365260","27","13863245"
"chr3","19502317","19502507","chr1","114766685","114766871","47","95264368"
"chr3","19525682","19525971","chr17","19862573","19862861","16","336891"
"chr3","19601556","19601824","chr17","19939661","19939928","4","338105"
"chr3","19604708","19604987","chr17","19942823","19943103","22","338115"
"chr3","19641439","19641719","chr17","19979103","19979386","17","337664"
"chr3","19642775","19643068","chr17","19980438","19980732","9","337663"
"chr3","19720253","19720547","chr1","212409941","212410235","67","192689688"
"chr3","19727424","19727559","chr17","20052445","20052568","12","325021"
"chr3","19777932","19778239","chr17","20106850","20107158","13","328918"
"chr3","19954699","19954991","chr4","128196230","128196513","76","108241531"
"chr3","20025762","20026087","chr1","127799859","127800166","81","107774097"
"chr3","20149497","20149771","chr17","20477749","20478011","23","328252"
"chr3","20200066","20200222","chr17","20529349","20529513","12","329283"
"chr3","20228386","20228693","chr17","20557452","20557759","3","329066"
"chr3","20235230","20235402","chr17","20564616","20564793","12","329386"
"chr3","20353884","20354053","chr17","20703469","20703638","2","349585"
"chr3","20382189","20382354","chr17","20732923","20733089","4","350734"
"chr3","20429554","20429759","chr17","20780616","20780821","6","351062"
"chr3","20483248","20483367","chr17","20836937","20837056","2","353689"
"chr3","20533924","20534158","chr7","126484489","126484725","47","105950565"
"chr3","20550802","20550933","chr1","139109760","139109893","28","118558958"
"chr3","20556301","20556579","chr17","20917043","20917310","16","360742"
"chr3","20582489","20582787","chr17","20943339","20943646","15","360850"
"chr3","20624817","20625146","chr17","20985876","20986175","44","361059"
"chr3","20655930","20656078","chr17","21016935","21017083","2","361005"
"chr3","20669869","20670032","chr19","6553658","6553825","35","14116211"
"chr3","20724386","20724697","chr17","21085306","21085618","8","360920"
"chr3","20732415","20732756","chr17","21093347","21093685","12","360932"
"chr3","20751337","20751645","chr17","21112007","21112294","27","360670"
"chr3","20821200","20821478","chr17","21185017","21185297","9","363817"
"chr3","20844967","20845244","chr17","21208777","21209068","23","363810"
"chr3","20910497","20910771","chr17","21276962","21277235","11","366465"
"chr3","20977229","20977553","chr17","21344676","21344987","21","367447"
"chr3","21072487","21072640","chr17","21440116","21440254","16","367629"
"chr3","21125229","21125395","chr15","58570081","58570240","38","37444852"
"chr3","21125427","21125531","chr15","9193154","9193257","25","11932273"
"chr3","21146800","21146926","chr17","21515653","21515779","3","368853"
"chr3","21148733","21149019","chr17","21517585","21517874","10","368852"
"chr3","21164212","21164345","chr5","74519379","74519510","25","53355167"
"chr3","21182830","21183098","chr17","21557574","21557832","16","374744"
"chr3","21223946","21224217","chr9","52496470","52496739","69","31272524"
"chr3","21232716","21232848","chr17","21619800","21619932","1","387084"
"chr3","21236642","21236904","chr17","21623688","21623950","4","387046"
"chr3","21278877","21279175","chr17","21666520","21666818","5","387643"
"chr3","21344864","21345149","chr17","21734956","21735245","12","390092"
"chr3","21549895","21550181","chr6","143011919","143012182","70","121462024"
"chr3","21681034","21681164","chr17","22079409","22079539","1","398375"
"chr3","21876460","21876731","chr17","22278579","22278849","9","402119"
"chr3","21959389","21959660","chr17","22364552","22364818","9","405163"
"chr3","22037030","22037311","chr17","22440002","22440306","26","402972"
"chr3","22070250","22070397","chr17","22473069","22473202","16","402819"
"chr3","22139481","22139612","chr17","22541647","22541778","1","402166"
"chr3","22306782","22306920","chr12","62153504","62153640","31","39846722"
"chr3","22454442","22454633","chr17","22854733","22854901","33","400291"
"chr3","22515808","22516086","chr17","22912684","22912975","26","396876"
"chr3","22574965","22575264","chr17","22971773","22972073","9","396808"
"chr3","22592741","22592873","chr14","17264951","17265076","32","5327790"
"chr3","22593170","22593336","chr3","92991998","92992155","45","70398828"
"chr3","22602067","22602353","chr10","31043235","31043531","62","8441168"
"chr3","22621778","22622064","chr17","23018268","23018554","1","396490"
"chr3","22630669","22630823","chr17","23025972","23026132","9","395303"
"chr3","22647508","22647723","chr6","166665921","166666139","41","144018413"
"chr3","22697162","22697290","chr17","23090671","23090799","5","393509"
"chr3","22710120","22710287","chr17","23105487","23105658","15","395367"
"chr3","22717436","22717730","chr17","23112767","23113061","7","395331"
"chr3","22737268","22737565","chr17","23135472","23135767","9","398204"
"chr3","22744621","22744914","chr17","23142758","23143051","10","398137"
"chr3","22764129","22764418","chr17","23162556","23162845","11","398427"
"chr3","22765244","22765547","chr17","23163668","23163983","18","398424"
"chr3","22800250","22800537","chr1","64527650","64527937","50","41727400"
"chr3","22820418","22820661","chr6","131457837","131458063","61","108637419"
"chr3","22829436","22829556","chr14","107793261","107793380","30","84963825"
"chr3","22841889","22842068","chr17","23239273","23239463","13","397384"
"chr3","22895512","22895616","chr11","118884203","118884306","17","95988691"
"chr3","22895666","22895795","chr9","28241775","28241904","29","5346109"
"chr3","22944920","22945203","chr17","23329276","23329559","7","384356"
"chr3","22954479","22954788","chr17","23338838","23339142","20","384359"
"chr3","22956654","22956921","chr17","23341002","23341269","6","384348"
"chr3","22977491","22977771","chr17","23361578","23361858","8","384087"
"chr3","23025499","23025678","chr2","60465075","60465255","38","37439576"
"chr3","23048287","23048585","chr17","23433651","23433952","11","385364"
"chr3","23050715","23051017","chr17","23436074","23436376","6","385359"
"chr3","23070696","23070890","chr2","84995957","84996149","46","61925261"
"chr3","23077835","23077982","chrX","44305405","44305548","28","21227570"
"chr3","23078740","23078934","chr12","99689407","99689609","47","76610667"
"chr3","23086829","23087121","chr17","23466451","23466745","13","379622"
"chr3","23089324","23089622","chr2","144697481","144697780","53","121608157"
"chr3","23108015","23108306","chr17","23489142","23489433","9","381127"
"chr3","23119590","23119878","chr17","23500866","23501153","8","381276"
"chr3","23155502","23155751","chr17","23536185","23536440","16","380683"
"chr3","23166351","23166618","chr17","23542099","23542360","18","375748"
"chr3","23175611","23175740","chr17","23554742","23554871","3","379131"
"chr3","23188073","23188218","chr17","23570215","23570360","7","382142"
"chr3","23188747","23189017","chr1","123886830","123887109","70","100698083"
"chr3","23215622","23215928","chr17","23597384","23597686","11","381762"
"chr3","23220530","23220831","chr17","23602460","23602747","34","381930"
"chr3","23279673","23279800","chr17","23662724","23662852","3","383051"
"chr3","23293193","23293470","chr17","23676288","23676557","18","383095"
"chr3","23319595","23319935","chr17","23701839","23702182","8","382244"
"chr3","23329354","23329666","chr17","23711274","23711583","7","381920"
"chr3","23357888","23358179","chr17","23740187","23740478","6","382299"
"chr3","23358185","23358478","chr17","23740484","23740777","9","382299"
"chr3","23400226","23400451","chrX","109092629","109092837","55","85692403"
"chr3","23400762","23400865","chr9","14816417","14816523","19","8584345"
"chr3","23418664","23418967","chr17","23801550","23801853","4","382886"
"chr3","23439251","23439386","chr12","36556795","36556927","22","13117544"
"chr3","23458044","23458272","chr16","28875487","28875701","58","5417443"
"chr3","23479428","23479731","chr17","23844810","23845103","15","365382"
"chr3","23492194","23492487","chr17","23858189","23858482","20","365995"
"chr3","23500878","23501058","chr17","23869499","23869676","7","368621"
"chr3","23551538","23551849","chr17","23918707","23919016","4","367169"
"chr3","23580113","23580404","chr17","23946533","23946822","9","366420"
"chr3","23593169","23593465","chr17","23959591","23959887","10","366422"
"chr3","23628321","23628409","chr10","83833653","83833739","23","60205332"
"chr3","23628716","23628850","chrX","122733169","122733297","36","99104453"
"chr3","23838211","23838507","chr17","24213153","24213453","8","374942"
"chr3","23886424","23886713","chr17","24261365","24261656","14","374941"
"chr3","23982837","23983093","chr17","24355931","24356187","9","373094"
"chr3","24011363","24011616","chr17","24384571","24384824","4","373208"
"chr3","24047358","24047661","chr17","24420671","24420975","7","373313"
"chr3","24075800","24075976","chr17","24449093","24449270","3","373293"
"chr3","24081453","24081729","chr17","24454791","24455067","11","373338"
"chr3","24242752","24243056","chr17","24619155","24619459","8","376403"
"chr3","24337347","24337657","chr16","42972049","42972353","58","18634702"
"chr3","24348542","24348856","chr17","24728516","24728816","32","379974"
"chr3","24392374","24392658","chr17","24773442","24773743","27","381068"
"chr3","24583221","24583371","chr17","24956112","24956259","6","372891"
"chr3","24583441","24583457","chr7","125655255","125655271","1","101071814"
"chr3","24719312","24719608","chr17","25088319","25088614","12","369007"
"chr3","24725350","24725687","chr17","25094309","25094646","16","368959"
"chr3","24792913","24793200","chr17","25158783","25159097","38","365870"
"chr3","24851661","24851889","chr17","25218854","25219083","11","367193"
"chr3","24900576","24900768","chr18","41420567","41420761","48","16519991"
"chr3","25006338","25006445","chr17","25374892","25374997","6","368554"
"chr3","25047227","25047484","chr17","25416383","25416640","10","369156"
"chr3","25213220","25213494","chr17","25565609","25565916","36","352389"
"chr3","25388010","25388299","chr17","25745623","25745911","11","357613"
"chr3","25456657","25456951","chr17","25820844","25821140","10","364187"
"chr3","25887910","25888123","chr17","26264864","26265080","10","376954"
"chr3","25911239","25911362","chr14","63763267","63763391","24","37852028"
"chr3","25924585","25924894","chr17","26304640","26304949","10","380055"
"chr3","25926246","25926369","chr17","26306311","26306434","3","380065"
"chr3","25947234","25947411","chr17","26327419","26327593","11","380185"
"chr3","25953948","25954243","chr17","26334503","26334798","4","380555"
"chr3","25991042","25991331","chr17","26372064","26372353","5","381022"
"chr3","26045822","26045969","chr17","26431601","26431750","9","385779"
"chr3","26129347","26129619","chr17","26515514","26515786","5","386167"
"chr3","26145847","26145921","chr17","26532433","26532507","1","386586"
"chr3","26159834","26160118","chr17","26546406","26546692","12","386572"
"chr3","26164675","26164803","chr17","26551610","26551738","3","386935"
"chr3","26367408","26367588","chr2","98286411","98286594","54","71919003"
"chr3","26379987","26380276","chr17","26764889","26765178","9","384902"
"chr3","26390727","26391006","chr17","26775597","26775906","39","384870"
"chr3","26471903","26472169","chr17","26857249","26857512","15","385346"
"chr3","26482065","26482359","chr17","26867383","26867704","35","385318"
"chr3","26574641","26574936","chr17","26959889","26960182","7","385248"
"chr3","26793384","26793667","chr17","27179093","27179376","8","385709"
"chr3","26948297","26948571","chr17","27334888","27335148","19","386591"
"chr3","26977115","26977324","chr17","27364156","27364368","7","387041"
"chr3","26980294","26980448","chr8","96638621","96638776","30","69658327"
"chr3","26989846","26990171","chr17","27377102","27377421","16","387256"
"chr3","26998621","26998918","chr17","27385945","27386242","6","387324"
"chr3","27056713","27056949","chr17","27442725","27442970","9","386012"
"chr3","27089826","27090138","chr17","27475735","27476048","7","385909"
"chr3","27095493","27095820","chr10","17700190","17700501","87","9395303"
"chr3","27177510","27177809","chr17","27564690","27564989","3","387180"
"chr3","27177887","27178051","chr17","27565067","27565231","3","387180"
"chr3","27186580","27186897","chr17","27573494","27573811","9","386914"
"chr3","27245259","27245534","chrX","63721978","63722256","58","36476719"
"chr3","27266546","27266788","chr1","13445722","13445949","72","13820824"
"chr3","27269171","27269469","chr17","27659518","27659815","11","390347"
"chr3","27281292","27281431","chr17","27671755","27671894","4","390463"
"chr3","27285791","27285951","chr7","111640971","111641143","38","84355180"
"chr3","27285981","27286099","chr10","20516549","20516668","17","6769432"
"chr3","27348037","27348165","chr17","27738699","27738831","7","390662"
"chr3","27355016","27355308","chr17","27745674","27745982","38","390658"
"chr3","27378078","27378392","chr17","27768153","27768466","20","390075"
"chr3","27402049","27402348","chr17","27792542","27792846","14","390493"
"chr3","27409407","27409613","chr17","27800083","27800272","24","390676"
"chr3","27434295","27434601","chr17","27818963","27819270","8","384668"
"chr3","27465099","27465370","chr17","27849853","27850132","19","384754"
"chr3","27508568","27508695","chr17","27892302","27892429","1","383734"
"chr3","27508816","27509113","chr17","27892549","27892838","16","383733"
"chr3","27523728","27523861","chr17","27907493","27907623","6","383765"
"chr3","27538589","27538901","chr17","27922042","27922321","41","383453"
"chr3","27547155","27547279","chr17","27930961","27931085","8","383806"
"chr3","27561002","27561321","chr14","8980492","8980797","61","18580510"
"chr3","27561896","27562217","chr17","27946890","27947210","7","384994"
"chr3","27574165","27574287","chr2","144725602","144725726","18","117151437"
"chr3","27611236","27611508","chr9","55852049","55852326","61","28240813"
"chr3","27641376","27641658","chr1","18180752","18181036","61","9460624"
"chr3","27658467","27658643","chr18","3930992","3931167","35","23727475"
"chr3","27670600","27670893","chr17","28055855","28056137","17","385255"
"chr3","27674979","27675249","chr17","28060234","28060512","13","385255"
"chr3","27689302","27689624","chr17","28074862","28075184","5","385560"
"chr3","27708537","27708822","chr17","28094120","28094406","5","385583"
"chr3","27729501","27729620","chr17","28113731","28113854","5","384230"
"chr3","27735563","27735753","chr16","45274890","45275069","40","17539327"
"chr3","27736020","27736153","chr20","17120549","17120689","26","10615471"
"chr3","27752402","27752688","chr17","28136604","28136890","6","384202"
"chr3","27769310","27769573","chr17","28153179","28153442","3","383869"
"chr3","27775137","27775324","chr17","28158999","28159186","4","383862"
"chr3","27782500","27782650","chr17","28166333","28166478","10","383833"
"chr3","27838947","27839130","chr3","166118901","166119078","47","138279954"
"chr3","27839164","27839280","chr6","42712148","42712264","17","14872984"
"chr3","27856472","27856667","chr2","60465075","60465255","67","32608603"
"chr3","27867406","27867694","chr17","28249091","28249378","5","381685"
"chr3","27980547","27980708","chr17","28363237","28363397","3","382690"
"chr3","28015650","28015933","chr17","28396585","28396868","3","380935"
"chr3","28049663","28049916","chr17","28430899","28431151","7","381236"
"chr3","28099693","28099981","chr17","28481071","28481352","11","381378"
"chr3","28100795","28100956","chr17","28482150","28482311","4","381355"
"chr3","28126404","28126653","chr17","28507791","28508040","2","381387"
"chr3","28145462","28145755","chr17","28528265","28528561","17","382803"
"chr3","28239300","28239600","chr17","28627965","28628248","19","388665"
"chr3","28324904","28325052","chr17","28713227","28713375","2","388323"
"chr3","28353663","28353950","chr17","28741482","28741768","7","387819"
"chr3","28510889","28511178","chr17","28896399","28896689","4","385510"
"chr3","28523944","28524219","chr17","28909735","28910030","21","385791"
"chr3","28585540","28585805","chr17","28966580","28966852","13","381040"
"chr3","28601083","28601378","chr17","28982607","28982927","30","381524"
"chr3","28653243","28653524","chr17","29035116","29035397","5","381873"
"chr3","28715521","28715833","chr17","29101410","29101726","18","385889"
"chr3","28806252","28806529","chr17","29192067","29192344","11","385815"
"chr3","28820788","28821089","chr17","29206270","29206568","11","385482"
"chr3","28858263","28858583","chr16","65641462","65641777","65","36783199"
"chr3","28978642","28978803","chr17","29369489","29369652","12","390847"
"chr3","29099255","29099568","chr11","116075904","116076210","63","86976649"
"chr3","29190636","29190963","chr17","29581571","29581895","16","390935"
"chr3","29357248","29357412","chr17","29749038","29749202","3","391790"
"chr3","29428362","29428626","chr17","29819377","29819641","3","391015"
"chr3","29502809","29503084","chr5","173510028","173510307","60","144007219"
"chr3","29506055","29506326","chr19","6924144","6924409","64","22581911"
"chr3","29560183","29560479","chr17","29947246","29947542","7","387063"
"chr3","29644561","29644836","chr17","30033149","30033424","4","388588"
"chr3","29705006","29705285","chr17","30095584","30095863","5","390578"
"chr3","29729898","29730062","chr17","30121840","30122002","7","391942"
"chr3","29743173","29743458","chr17","30134279","30134574","14","391106"
"chr3","29782128","29782424","chr17","30173883","30174184","15","391755"
"chr3","29861829","29861979","chr20","23028925","23029076","29","6832904"
"chr3","29895935","29896187","chr14","6104658","6104904","66","23791277"
"chr3","29925505","29925639","chr17","30315613","30315748","4","390108"
"chr3","29925641","29925772","chr17","30315750","30315879","6","390109"
"chr3","29933457","29933767","chr17","30323776","30324084","15","390319"
"chr3","29948853","29949002","chr17","30337974","30338123","2","389121"
"chr3","29968647","29968892","chr17","30357061","30357306","4","388414"
"chr3","29968921","29969279","chr17","30357350","30357692","22","388429"
"chr3","29971975","29972256","chr17","30360401","30360682","3","388426"
"chr3","29972905","29973196","chr17","30361295","30361588","8","388390"
"chr3","29979876","29980180","chr17","30368258","30368562","8","388382"
"chr3","30020329","30020621","chr17","30409749","30410042","8","389420"
"chr3","30026552","30026710","chr4","107284250","107284407","33","77257698"
"chr3","30034312","30034573","chr17","30424179","30424439","4","389867"
"chr3","30060148","30060272","chr17","30449988","30450112","2","389840"
"chr3","30070315","30070581","chr17","30650856","30651130","22","580541"
"chr3","30076897","30077060","chr17","30657533","30657694","5","580636"
"chr3","30103048","30103328","chr17","26764889","26765178","61","3338159"
"chr3","30151326","30151575","chr17","30575915","30576164","7","424589"
"chr3","30198716","30198904","chr3","42608312","42608486","54","12409596"
"chr3","30206936","30207230","chr17","30650856","30651130","45","443920"
"chr3","30218683","30218842","chr17","30517406","30517564","3","298723"
"chr3","30220440","30220599","chr17","30517406","30517564","3","296966"
"chr3","30239392","30239609","chr17","30674046","30674263","4","434654"
"chr3","30242641","30242941","chr8","85494946","85495240","66","55252305"
"chr3","30336943","30337187","chr17","19467076","19467321","38","10869867"
"chr3","30377287","30377431","chr9","10126709","10126857","34","20250578"
"chr3","30377750","30377886","chr7","25893408","25893548","25","4484342"
"chr3","30444401","30444669","chr17","30773281","30773548","18","328880"
"chr3","30447927","30448202","chr17","30776656","30776931","5","328729"
"chr3","30453878","30454029","chr17","30782620","30782771","4","328742"
"chr3","30459494","30459798","chr17","30788203","30788509","7","328709"
"chr3","30489802","30489997","chr17","30818300","30818495","6","328498"
"chr3","30555297","30555591","chr17","30886052","30886378","39","330755"
"chr3","30914919","30915231","chr17","31250795","31251107","7","335876"
"chr3","31035262","31035276","chr6","172915280","172915296","4","141880018"
"chr3","31035312","31035613","chr17","31373813","31374116","11","338501"
"chr3","31206956","31207250","chr17","31569278","31569572","6","362322"
"chr3","31254463","31254661","chr17","31618071","31618269","4","363608"
"chr3","31296791","31297026","chr10","20057676","20057913","58","11239115"
"chr3","31357330","31357611","chr6","85532764","85533041","73","54175434"
"chr3","31382880","31383134","chr17","31750150","31750411","18","367270"
"chr3","31666217","31666301","chr17","32062666","32062759","15","396449"
"chr3","32582056","32582347","chr17","32975855","32976146","13","393799"
"chr3","32610618","32610895","chrX","12613073","12613355","64","19997545"
"chr3","32627634","32627914","chr17","33020274","33020551","16","392640"
"chr3","32794922","32795215","chr17","33188224","33188516","8","393302"
"chr3","32797555","32797707","chr20","20437126","20437275","38","12360429"
"chr3","32797754","32797865","chr1","146890742","146890853","21","114092988"
"chr3","32850885","32851205","chr17","33242453","33242759","23","391568"
"chr3","32860208","32860497","chr17","33250553","33250842","10","390345"
"chr3","32961902","32962124","chr18","39346715","39346933","60","6384813"
"chr3","32990278","32990416","chr17","33382294","33382431","8","392016"
"chr3","34087919","34088216","chr17","34529226","34529524","8","441307"
"chr3","34104067","34104296","chr17","34544334","34544584","39","440267"
"chr3","34491614","34491839","chr19","9132401","9132621","62","25359213"
"chr3","34769381","34769500","chr17","35221557","35221676","8","452176"
"chr3","34905030","34905246","chr2","126328952","126329143","67","91423922"
"chr3","34946685","34946965","chr17","35392214","35392516","62","445529"
"chr3","34955833","34956126","chr17","35392214","35392516","18","436381"
"chr3","35066195","35066473","chr17","35505441","35505731","18","439246"
"chr3","35161571","35161798","chr1","94854648","94854907","39","59693077"
"chr3","35386647","35386941","chr11","44541399","44541683","67","9154752"
"chr3","35410505","35410675","chr17","35861564","35861734","7","451059"
"chr3","35444805","35445072","chr3","44184749","44185025","66","8739944"
"chr3","35512054","35512353","chr17","35966180","35966471","14","454126"
"chr3","35532660","35532955","chr17","35986476","35986765","15","453816"
"chr3","35602783","35602940","chr17","36056258","36056421","19","453475"
"chr3","35862356","35862662","chr17","36324071","36324378","6","461715"
"chr3","35953934","35954225","chr17","36415197","36415488","4","461263"
"chr3","36485117","36485419","chr17","36951448","36951738","35","466331"
"chr3","36855608","36855938","chr7","9270428","9270751","81","27585180"
"chr3","37078954","37079146","chr7","8592025","8592196","52","28486929"
"chr3","37130458","37130762","chr17","37618916","37619214","15","488458"
"chr3","37199884","37200175","chr15","42078527","42078825","59","4878643"
"chr3","37547676","37547988","chr17","38033730","38034042","16","486054"
"chr3","37552282","37552579","chr17","38038332","38038641","21","486050"
"chr3","37576041","37576313","chr17","38061995","38062266","6","485954"
"chr3","37576651","37576784","chr17","38062624","38062757","1","485973"
"chr3","37604484","37604619","chr9","108819500","108819636","25","71215016"
"chr3","37651424","37651550","chr17","38141478","38141604","1","490054"
"chr3","37737518","37737815","chr17","38227694","38227991","3","490176"
"chr3","37912546","37912876","chr17","38403264","38403591","11","490718"
"chr3","37918520","37918830","chr17","38409233","38409550","21","490713"
"chr3","37967437","37967724","chr17","38457613","38457900","7","490176"
"chr3","37976656","37976741","chr16","7331976","7332055","21","30644680"
"chr3","37976805","37977026","chr2","88423859","88424053","63","50447054"
"chr3","37998317","37998620","chr17","38488289","38488593","7","489972"
"chr3","38077920","38078053","chr17","38574279","38574413","3","496359"
"chr3","38139407","38139549","chr8","54838722","54838873","41","16699315"
"chr3","38332920","38333249","chr4","123758172","123758481","87","85425252"
"chr3","38610099","38610411","chr17","39124200","39124509","16","514101"
"chr3","38947502","38947798","chr7","132736943","132737227","75","93789441"
"chr3","38959847","38959979","chr17","39481063","39481195","4","521216"
"chr3","39107277","39107398","chr17","39648529","39648653","7","541252"
"chr3","39156755","39156912","chr17","39712259","39712416","4","555504"
"chr3","39406757","39406881","chr17","39974727","39974851","4","567970"
"chr3","39618105","39618206","chr10","59688101","59688202","22","20069996"
"chr3","39641278","39641612","chr14","18156476","18156802","97","21484802"
"chr3","39657596","39657757","chr18","16376576","16376737","31","23281020"
"chr3","39695229","39695485","chr17","40116268","40116572","56","421039"
"chr3","39756715","39757015","chr17","40161576","40161878","11","404861"
"chr3","39870085","39870236","JH681359","983","1134","1","39869102"
"chr3","39876416","39876567","JH681359","983","1134","1","39875433"
"chr3","39945102","39945250","chr3","50690886","50691030","42","10745784"
"chr3","40237500","40237814","chr1","5578472","5578779","79","34659028"
"chr3","40244057","40244345","chr17","40447709","40447960","46","203652"
"chr3","40588842","40589133","chr17","40754938","40755230","17","166096"
"chr3","40813894","40814112","chr17","40986943","40987161","8","173049"
"chr3","40973244","40973543","chr17","41155559","41155858","7","182315"
"chr3","41148787","41149077","chr17","41291429","41291731","22","142642"
"chr3","41346888","41347193","chr17","41506224","41506535","10","159336"
"chr3","41465822","41466130","chr7","123311406","123311704","71","81845584"
"chr3","41718071","41718385","chr17","42112771","42113080","27","394700"
"chr3","41788731","41788890","chr17","42205726","42205884","3","416995"
"chr3","42016393","42016552","chr17","42445856","42446015","7","429463"
"chr3","42301075","42301354","chr6","143554710","143554993","68","101253635"
"chr3","42308224","42308505","chr17","42752967","42753248","6","444743"
"chr3","42511487","42511797","chr17","42956047","42956360","9","444560"
"chr3","42526030","42526332","chr17","42970634","42970925","22","444604"
"chr3","42669986","42670153","chr20","20661224","20661394","41","22008762"
"chr3","43276838","43277140","chr17","43680617","43680920","4","403779"
"chr3","44525746","44526061","chr17","43853406","43853709","18","672340"
"chr3","44583657","44583942","chr17","43912179","43912464","4","671478"
"chr3","44674245","44674501","chr17","44011595","44011835","26","662650"
"chr3","44728371","44728505","chr4","102434054","102434182","27","57705683"
"chr3","44752161","44752421","chr17","44091114","44091365","10","661047"
"chr3","44917802","44918116","chr7","145626084","145626385","80","100708282"
"chr3","45123482","45123603","chr20","10415874","10415996","20","34707608"
"chr3","45128966","45129137","chr17","44476879","44477034","19","652087"
"chr3","45221025","45221301","chr17","44577743","44578025","16","643282"
"chr3","45497232","45497533","chr17","44860409","44860686","28","636823"
"chr3","45591567","45591706","chr17","44955446","44955572","16","636121"
"chr3","45953861","45954116","chr17","45320691","45320946","5","633170"
"chr3","46169915","46170056","chr17","45535790","45535935","10","634125"
"chr3","46212127","46212370","chr17","45580372","45580655","45","631755"
"chr3","46246053","46246356","chr8","7183090","7183388","58","39062963"
"chr3","46357838","46358091","chr9","31412432","31412684","61","14945406"
"chr3","46448394","46448475","chr17","45834488","45834569","1","613906"
"chr3","46655627","46655916","chr17","46047502","46047784","15","608125"
"chr3","46870835","46870953","chr8","10385329","10385446","21","36485506"
"chr3","46870989","46871170","chr16","43417245","43417416","44","3453744"
"chr3","47285643","47285809","chr20","16419481","16419624","47","30866162"
"chr3","47706738","47707050","chr10","70613994","70614293","89","22907256"
"chr3","47796633","47796703","chr17","47181821","47181891","3","614812"
"chr3","48674996","48675277","JH681052","701554","701835","13","47973442"
"chr3","48796922","48797054","chr7","17035969","17036088","42","31760953"
"chr3","48797086","48797201","chr12","65645919","65646033","20","16848833"
"chr3","48826113","48826411","chr10","68869012","68869312","82","20042899"
"chr3","48869885","48870172","chr20","10565101","10565390","56","38304784"
"chr3","49071771","49071922","chr17","47512160","47512311","6","1559611"
"chr3","49542623","49542919","chr17","48007058","48007354","6","1535565"
"chr3","49571294","49571428","chr4","17863705","17863829","37","31707589"
"chr3","49571739","49571910","chr7","93878469","93878641","45","44306730"
"chr3","49620391","49620607","chr4","164907245","164907451","60","115286854"
"chr3","49661077","49661382","chr17","48132437","48132741","9","1528640"
"chr3","50198777","50198917","chr1","120666191","120666322","28","70467414"
"chr3","50211504","50211806","chr17","48685865","48686166","13","1525639"
"chr3","50596474","50596601","chr17","49104031","49104160","8","1492443"
"chr3","50639205","50639488","chr11","115819014","115819304","76","65179809"
"chr3","50662678","50662995","chr17","49174082","49174400","5","1488596"
"chr3","50845231","50845505","chr17","49359415","49359688","6","1485816"
"chr3","50872492","50872715","chr2","71422735","71422956","57","20550243"
"chr3","50877602","50877921","chr17","49392405","49392717","20","1485197"
"chr3","50917154","50917317","chr19","9392299","9392452","52","41524855"
"chr3","50933520","50933790","chr17","49453799","49454074","12","1479721"
"chr3","50945762","50946059","chr14","17945240","17945539","61","33000522"
"chr3","50956316","50956597","chr17","49475996","49476275","7","1480320"
"chr3","50995225","50995356","chr11","94335759","94335894","34","43340534"
"chr3","50995397","50995518","chr13","3706971","3707089","24","47288426"
"chr3","51056800","51057115","chrX","2995820","2996129","68","48060980"
"chr3","51058739","51058943","chr17","49578243","49578446","10","1480496"
"chr3","51153607","51153901","chr17","49679361","49679658","8","1474246"
"chr3","51324983","51325056","chr14","114590284","114590355","23","63265301"
"chr3","51603333","51603546","chr17","50132585","50132814","26","1470748"
"chr3","51623434","51623549","chr17","50153205","50153320","3","1470229"
"chr3","51645001","51645317","chr17","50173572","50173885","8","1471429"
"chr3","51725121","51725384","chr17","50253286","50253549","9","1471835"
"chr3","51774831","51775088","chr17","50303168","50303420","10","1471663"
"chr3","51833962","51834244","chr17","50366041","50366323","10","1467921"
"chr3","51886526","51886689","chr17","50416845","50417012","9","1469681"
"chr3","51912007","51912266","chr17","50444982","50445241","5","1467025"
"chr3","51929045","51929333","chr1","85860621","85860902","59","33931576"
"chr3","51965335","51965619","chr17","50496637","50496913","15","1468698"
"chr3","51984435","51984445","chr6","128359960","128359970","3","76375525"
"chr3","51984516","51984621","chr17","50515684","50515789","1","1468832"
"chr3","52053926","52054212","chr17","50585239","50585528","13","1468687"
"chr3","52076467","52076759","chr17","50608644","50608950","21","1467823"
"chr3","52100488","52100765","chr17","50633468","50633743","9","1467020"
"chr3","52110003","52110308","chr17","50642973","50643284","18","1467030"
"chr3","52116873","52117170","chr17","50649854","50650152","11","1467019"
"chr3","52148959","52149074","chr1","28068017","28068132","27","24080942"
"chr3","52149109","52149264","chr9","15659131","15659290","33","36489978"
"chr3","52151295","52151390","chr16","3469514","3469607","18","48681781"
"chr3","52151688","52151894","chr13","28789639","28789847","51","23362049"
"chr3","52167838","52167972","chr7","159137870","159138001","31","106970032"
"chr3","52168003","52168121","JH682906","94362","94477","20","52073641"
"chr3","52182926","52183215","chr17","50722316","50722606","6","1460610"
"chr3","52183822","52184138","chr17","50723214","50723531","8","1460608"
"chr3","52221962","52222253","chr17","50762076","50762367","8","1459886"
"chr3","52225741","52225834","chr17","50765837","50765930","1","1459904"
"chr3","52230819","52231114","chr17","50770893","50771188","5","1459926"
"chr3","52244379","52244680","chr17","50785469","50785775","11","1458910"
"chr3","52295022","52295173","chr17","50838928","50839079","5","1456094"
"chr3","52326905","52327207","chr17","50870622","50870921","13","1456283"
"chr3","52345037","52345338","chr17","50888524","50888845","28","1456513"
"chr3","52349581","52349887","chr17","50892773","50893080","5","1456808"
"chr3","52475199","52475347","chr17","51022776","51022924","3","1452423"
"chr3","52634985","52635263","chr17","51180385","51180669","24","1454600"
"chr3","52639079","52639375","chr17","51184501","51184797","7","1454578"
"chr3","52670705","52670974","chr17","51216590","51216860","8","1454115"
"chr3","52691510","52691835","chr7","80152136","80152442","65","27460626"
"chr3","52765056","52765406","chr17","51314442","51314791","5","1450614"
"chr3","52778356","52778635","chr17","51327741","51328013","10","1450615"
"chr3","52780561","52780821","chr17","51329931","51330191","4","1450630"
"chr3","52805180","52805480","chr17","51355288","51355625","48","1449892"
"chr3","52844209","52844339","chr14","65063484","65063614","20","12219275"
"chr3","52860361","52860657","chr17","51410505","51410806","14","1449856"
"chr3","52911339","52911637","chr17","51465157","51465456","6","1446182"
"chr3","52942955","52943236","chrX","43599483","43599761","55","9343472"
"chr3","52943267","52943295","chr16","31975848","31975874","9","20967419"
"chr3","52986126","52986401","chr17","51543505","51543780","4","1442621"
"chr3","53089272","53089405","chr17","51651076","51651208","5","1438196"
"chr3","53191969","53192201","chr17","51755129","51755361","6","1436840"
"chr3","53206053","53206335","chr17","51769233","51769514","4","1436820"
"chr3","53207946","53208171","chr17","51771445","51771667","4","1436501"
"chr3","53220768","53221066","chr17","51784581","51784888","15","1436187"
"chr3","53253013","53253156","chr17","51818316","51818459","4","1434697"
"chr3","53520460","53520748","chr10","26807686","26807964","71","26712774"
"chr3","53564952","53565090","chr17","52139456","52139594","3","1425496"
"chr3","53661956","53662120","chr17","52246729","52246898","10","1415227"
"chr3","53811053","53811212","chr17","52395806","52395966","5","1415247"
"chr3","53823959","53824207","chr1","124638911","124639130","69","70814952"
"chr3","53839090","53839225","chr17","87831340","87831476","32","33992250"
"chr3","53865568","53865633","chr5","118460085","118460145","15","64594517"
"chr3","53865683","53865857","chr3","71425769","71425940","42","17560086"
"chr3","53875277","53875389","chr17","52456260","52456362","13","1419017"
"chr3","53884652","53884957","chr17","52465589","52465894","12","1419063"
"chr3","54002615","54002897","chr17","52582691","52582977","10","1419924"
"chr3","54126946","54127211","chr17","52710772","52711055","25","1416174"
"chr3","54136470","54136796","chr17","52719952","52720300","28","1416518"
"chr3","54201519","54201743","chr20","55882413","55882633","51","1680894"
"chr3","54311560","54311852","chr17","52894098","52894405","25","1417462"
"chr3","54411863","54412002","chr17","52993876","52994016","2","1417987"
"chr3","54413084","54413374","chr17","52995094","52995388","11","1417990"
"chr3","54431098","54431400","chr13","68145644","68145945","49","13714546"
"chr3","54515609","54515776","chr3","50690274","50690433","40","3825335"
"chr3","54515804","54515949","chr3","109035723","109035857","30","54519919"
"chr3","54530972","54531269","chr17","53111168","53111464","12","1419804"
"chr3","54559720","54559778","chr14","17954694","17954750","9","36605026"
"chr3","54605452","54605622","chrX","41516292","41516457","54","13089160"
"chr3","54655149","54655450","chr17","53236008","53236305","10","1419141"
"chr3","54679933","54680218","chr17","53260123","53260404","12","1419810"
"chr3","54698760","54698984","chr17","53278389","53278610","7","1420371"
"chr3","54706494","54706773","chr17","53286131","53286406","18","1420363"
"chr3","54788731","54789005","chr17","53369592","53369872","14","1419139"
"chr3","54886429","54886719","chr17","53470248","53470538","5","1416181"
"chr3","55033073","55033374","chr17","53620925","53621219","24","1412148"
"chr3","55036476","55036780","chr17","53624812","53625085","46","1411664"
"chr3","55107883","55108106","chr3","40524628","40524850","47","14583255"
"chr3","55229950","55230200","chr17","53826241","53826491","2","1403709"
"chr3","55411919","55412079","chr17","54020374","54020530","11","1391545"
"chr3","55678661","55678782","chr17","54287583","54287699","5","1391078"
"chr3","55920970","55921253","chr2","44037100","44037382","57","11883870"
"chr3","56059029","56059317","chr6","65047236","65047526","63","8988207"
"chr3","56195545","56195754","chr17","54819453","54819662","20","1376092"
"chr3","56195778","56195829","chr1","86014339","86014391","7","29818561"
"chr3","56347540","56347831","chr17","54970625","54970914","7","1376915"
"chr3","56433605","56433881","chr17","55055200","55055479","6","1378405"
"chr3","56447525","56447705","chr13","29903656","29903832","42","26543869"
"chr3","56447733","56447849","chr7","80104769","80104885","21","23657036"
"chr3","56510336","56510460","chr17","55132834","55132958","6","1377502"
"chr3","56564634","56564939","chr17","55186989","55187292","12","1377645"
"chr3","56683684","56683984","chr17","55306517","55306817","4","1377167"
"chr3","56703665","56703931","chr17","55326573","55326806","39","1377092"
"chr3","56789547","56789852","chr17","55413705","55414006","13","1375842"
"chr3","57350853","57351168","chr3","44863353","44863658","66","12487500"
"chr3","57683344","57683569","chr17","56100764","56101011","31","1582580"
"chr3","57691873","57692083","chr17","56109654","56109844","24","1582219"
"chr3","57777901","57778205","chr17","56199865","56200177","11","1578036"
"chr3","57797495","57797729","chr17","56222533","56222756","13","1574962"
"chr3","57810467","57810601","chr11","117183111","117183240","32","59372644"
"chr3","57810648","57810832","chrX","13954261","13954444","44","43856387"
"chr3","57811164","57811315","chr1","203424004","203424153","32","145612840"
"chr3","57811358","57811478","chr9","91767457","91767580","20","33956099"
"chr3","58136616","58136908","chr17","56579407","56579699","4","1557209"
"chr3","58238454","58238756","chr17","56684083","56684384","10","1554371"
"chr3","58275827","58276137","chr17","56720666","56720972","10","1555161"
"chr3","58333920","58334074","chr5","141997116","141997260","50","83663196"
"chr3","58379118","58379423","chr14","103256715","103257018","56","44877597"
"chr3","58429851","58430161","chr17","56875836","56876141","10","1554015"
"chr3","58488241","58488418","chr17","56934697","56934871","6","1553544"
"chr3","58517587","58517672","chr17","56964633","56964718","3","1552954"
"chr3","58525951","58526295","chr17","56972052","56972396","10","1553899"
"chr3","58558494","58558604","chr9","84176638","84176749","20","25618144"
"chr3","58558641","58558808","chr3","35120511","35120680","41","23438130"
"chr3","58587517","58587819","chr17","57033829","57034131","7","1553688"
"chr3","58636434","58636708","chr17","57077564","57077839","3","1558870"
"chr3","58709562","58709845","chr17","57149680","57149959","13","1559882"
"chr3","58718207","58718524","chr17","57157363","57157681","18","1560844"
"chr3","59110751","59111082","chr17","57547707","57548039","9","1563044"
"chr3","59135799","59135812","chr6","128359960","128359970","4","69224161"
"chr3","59135842","59136126","chr11","1749641","1749915","73","57386201"
"chr3","59223227","59223404","chr2","113897752","113897914","55","54674525"
"chr3","59223708","59223824","chr2","20346840","20346956","22","38876868"
"chr3","59256236","59256534","chr17","57699106","57699402","4","1557130"
"chr3","59297009","59297175","chr17","57743292","57743457","11","1553717"
"chr3","59342715","59343015","chr17","57792670","57792971","8","1550045"
"chr3","59365654","59365941","chr17","57815870","57816156","10","1549784"
"chr3","59371147","59371388","chr17","57821590","57821832","19","1549557"
"chr3","59431308","59431609","chr7","110738489","110738785","67","51307181"
"chr3","59446056","59446302","chr17","57897846","57898092","8","1548210"
"chr3","59832496","59832669","chr9","21978017","21978182","45","37854479"
"chr3","59861035","59861383","chr17","58321393","58321713","39","1539642"
"chr3","59925702","59926027","chr18","24069545","24069854","74","35856157"
"chr3","60087212","60087375","chr9","61381654","61381818","42","1294442"
"chr3","60087418","60087535","chr1","157383976","157384093","25","97296558"
"chr3","60160761","60161065","chr17","58635601","58635908","33","1525160"
"chr3","60543102","60543262","chr17","59029390","59029550","5","1513712"
"chr3","60559030","60559350","chr17","59045743","59046070","11","1513287"
"chr3","60583105","60583245","chr17","59068989","59069129","10","1514116"
"chr3","60663685","60663837","chr17","59150287","59150431","9","1513398"
"chr3","60675279","60675390","chr17","80165935","80166044","29","19490656"
"chr3","60764594","60764881","chr9","88011233","88011527","64","27246639"
"chr3","60807610","60807833","chr17","59319565","59319788","3","1488045"
"chr3","60945279","60945442","chr17","59457870","59458036","7","1487409"
"chr3","60966588","60966877","chr14","56307674","56307960","70","4658914"
"chr3","60975288","60975538","chr17","59482536","59482786","10","1492752"
"chr3","60976108","60976436","chr17","59483376","59483691","21","1492732"
"chr3","61064146","61064431","chr17","59570600","59570885","6","1493546"
"chr3","61214330","61214628","chr9","93312723","93313016","64","32098393"
"chr3","61384714","61384871","chr17","59897317","59897445","33","1487397"
"chr3","61707525","61707791","chr17","60166413","60166680","10","1541112"
"chr3","61922664","61922796","chr17","60380678","60380810","2","1541986"
"chr3","62057722","62057881","chr17","60498493","60498651","5","1559229"
"chr3","62060098","62060396","chr17","60500863","60501162","9","1559235"
"chr3","62112220","62112508","chr17","60555182","60555468","14","1557038"
"chr3","62179933","62180083","chr17","60623199","60623345","6","1556734"
"chr3","62480761","62480992","chr1","136876357","136876594","55","74395596"
"chr3","62590468","62590639","chr17","61033004","61033175","1","1557464"
"chr3","63028600","63028733","chr17","61465789","61465915","10","1562811"
"chr3","63181572","63181734","chr1","160161699","160161861","48","96980127"
"chr3","63181769","63181896","chr14","55263679","55263802","29","7918090"
"chr3","63206959","63207124","chr17","61644695","61644856","11","1562264"
"chr3","63232484","63232783","chr17","61673396","61673692","12","1559088"
"chr3","63433967","63434091","chr3","108978488","108978612","5","45544521"
"chr3","63617834","63618133","chr17","62049523","62049821","13","1568311"
"chr3","63824533","63824817","chr17","62265192","62265474","13","1559341"
"chr3","63858827","63859106","chrX","21028371","21028655","65","42830456"
"chr3","63975489","63975638","chr2","130628505","130628638","46","66653016"
"chr3","64309547","64309878","chr17","62749482","62749791","37","1560065"
"chr3","64379231","64379391","chr17","62820495","62820649","8","1558736"
"chr3","64597013","64597310","chr7","53292088","53292386","66","11304925"
"chr3","64627825","64628160","chr3","170921665","170921973","87","106293840"
"chr3","64686885","64687197","chr17","63131677","63131991","3","1555208"
"chr3","64727048","64727357","chr1","2215855","2216167","68","62511193"
"chr3","64728626","64728921","chr17","63169467","63169763","12","1559159"
"chr3","64769002","64769149","chr17","63210119","63210266","6","1558883"
"chr3","64799371","64799488","chr17","63241855","63241987","16","1557516"
"chr3","64919230","64919532","chr17","63354645","63354940","13","1564585"
"chr3","64953170","64953294","chr17","63389546","63389670","2","1563624"
"chr3","65513919","65514055","chr6","133305260","133305397","36","67791341"
"chr3","65729800","65730102","chr17","64175584","64175886","8","1554216"
"chr3","65782703","65782981","chr3","83903459","83903739","71","18120756"
"chr3","65926405","65926690","chr17","64367350","64367649","29","1559055"
"chr3","67051520","67051646","chr17","65495558","65495678","12","1555962"
"chr3","67104693","67104873","chr17","65548824","65549005","12","1555869"
"chr3","67568456","67568567","chr8","28315496","28315594","33","39252960"
"chr3","67569335","67569622","chr13","54475559","54475835","77","13093776"
"chr3","67628081","67628372","chr17","66077070","66077361","16","1551011"
"chr3","67677306","67677484","chr14","55989546","55989716","45","11687760"
"chr3","67677512","67677628","chr11","27087610","27087725","18","40589902"
"chr3","67703284","67703392","chr17","66151001","66151112","5","1552283"
"chr3","67705649","67705802","chr5","159574722","159574867","49","91869073"
"chr3","67706168","67706198","chr13","101590453","101590488","10","33884285"
"chr3","67912601","67912765","chr17","66376281","66376447","9","1536320"
"chr3","68297803","68297954","chr17","66768668","66768806","16","1529135"
"chr3","68403475","68403767","chr17","66876817","66877108","5","1526658"
"chr3","68526747","68527066","chr17","67006050","67006369","18","1520697"
"chr3","68932817","68933040","chr4","154205501","154205705","64","85272684"
"chr3","68975008","68975291","chr17","67428289","67428572","3","1546719"
"chr3","69014899","69015020","chr2","44949784","44949901","20","24065115"
"chr3","69107103","69107260","chr17","67559360","67559517","1","1547743"
"chr3","69286489","69286788","chr17","67737854","67738153","10","1548635"
"chr3","69326890","69327171","chr6","65742270","65742548","69","3584620"
"chr3","69633863","69634164","chr17","68090120","68090419","10","1543743"
"chr3","69661424","69661705","chr17","68181619","68181890","26","1479805"
"chr3","69768720","69768992","chr17","68281732","68282024","43","1486988"
"chr3","69815397","69815516","chr17","68328367","68328486","3","1487030"
"chr3","69928303","69928570","chr5","77958438","77958710","70","8030135"
"chr3","69957758","69958053","chr16","9777644","9777935","74","60180114"
"chr3","70138944","70139232","chr17","68652209","68652468","36","1486735"
"chr3","70140773","70141048","chr17","68654012","68654287","16","1486761"
"chr3","70197622","70197876","chr17","68710582","68710842","9","1487040"
"chr3","70200404","70200687","chr17","68713048","68713331","7","1487356"
"chr3","70230743","70231054","chr16","42972049","42972353","55","27258694"
"chr3","70308162","70308452","chr17","68820976","68821275","16","1487186"
"chr3","70565996","70566214","chr17","69096295","69096513","5","1469701"
"chr3","70867450","70867695","chr17","69409193","69409438","3","1458257"
"chr3","71013555","71013846","chr17","69558019","69558312","9","1455536"
"chr3","71198550","71198854","chr17","69745670","69745981","16","1452880"
"chr3","71331779","71331922","chr2","43054399","43054552","37","28277380"
"chr3","71491933","71492086","chr17","70039097","70039251","7","1452836"
"chr3","71500360","71500544","chr17","70047796","70047986","12","1452564"
"chr3","71622428","71622605","chr12","65839757","65839917","51","5782671"
"chr3","71640218","71640343","chr17","70193308","70193433","2","1446910"
"chr3","71648073","71648393","chr17","70201117","70201444","24","1446956"
"chr3","71759961","71760256","chr17","70311256","70311532","30","1448705"
"chr3","71885035","71885329","chr17","70438354","70438647","6","1446681"
"chr3","71885335","71885625","chr17","70438653","70438945","15","1446682"
"chr3","71931002","71931297","chr17","70483481","70483780","17","1447521"
"chr3","71991338","71991644","chr17","70543685","70543992","12","1447653"
"chr3","71991645","71991978","chr17","70543993","70544298","44","1447652"
"chr3","72121134","72121441","chr17","70669958","70670274","14","1451176"
"chr3","72147422","72147595","chr3","177712287","177712458","46","105564865"
"chr3","72148380","72148676","chr17","70696920","70697235","27","1451460"
"chr3","72163020","72163199","chr13","103017259","103017422","48","30854239"
"chr3","72179569","72179886","chr17","70728591","70728905","12","1450978"
"chr3","72209851","72210112","chr17","70756960","70757235","27","1452891"
"chr3","72317564","72317875","chr6","68969766","68970077","66","3347798"
"chr3","72604351","72604557","chr17","71156154","71156360","6","1448197"
"chr3","72646687","72646978","chr17","71199165","71199457","12","1447522"
"chr3","72870636","72870932","chr17","71425462","71425752","16","1445174"
"chr3","73023442","73023733","chr11","117117097","117117389","52","44093655"
"chr3","73049237","73049513","chr17","71605861","71606099","44","1443376"
"chr3","73085100","73085413","chr17","71641946","71642259","4","1443154"
"chr3","73130947","73131248","chr17","71687883","71688191","14","1443064"
"chr3","73218974","73219097","chr17","71775937","71776060","5","1443037"
"chr3","73221530","73221625","chr3","38083483","38083578","20","35138047"
"chr3","73221899","73222123","chr16","56691748","56691970","47","16530151"
"chr3","73237093","73237230","chr5","158084895","158085039","35","84847802"
"chr3","73257044","73257340","chr19","43611035","43611325","64","29646009"
"chr3","73361235","73361391","chr17","71920135","71920291","7","1441100"
"chr3","73449514","73449814","chr17","72012901","72013201","6","1436613"
"chr3","73454393","73454667","chr7","119763600","119763879","61","46309207"
"chr3","73474209","73474329","chr17","72038519","72038639","1","1435690"
"chr3","73475548","73475819","chr4","118263209","118263477","73","44787661"
"chr3","73486005","73486292","chr17","72050406","72050693","5","1435599"
"chr3","73497280","73497590","chr17","72061646","72061956","12","1435634"
"chr3","73525792","73526110","chr17","72088368","72088679","16","1437424"
"chr3","73563564","73563825","chr17","72125882","72126143","4","1437682"
"chr3","73602841","73603126","chr17","72166769","72167057","7","1436072"
"chr3","73636224","73636353","chr17","72201641","72201770","1","1434583"
"chr3","73670735","73671042","chr17","72235460","72235761","10","1435275"
"chr3","73695342","73695619","chr17","72262680","72262957","6","1432662"
"chr3","73703765","73704031","chr17","72271095","72271361","8","1432670"
"chr3","73780919","73781237","chr17","72352430","72352730","29","1428489"
"chr3","73828660","73828956","chr17","72405797","72406093","5","1422863"
"chr3","73904784","73905070","chr17","72484513","72484799","6","1420271"
"chr3","73959970","73960272","chr17","72542690","72542992","6","1417280"
"chr3","73973408","73973670","chr17","72556110","72556372","8","1417298"
"chr3","74039014","74039311","chr17","72620806","72621103","4","1418208"
"chr3","74052967","74053110","chr1","141402784","141402919","35","67349817"
"chr3","74053382","74053559","chr3","35120511","35120680","44","38932871"
"chr3","74055062","74055388","chr17","72636872","72637205","17","1418190"
"chr3","74090483","74090611","chr8","16557321","16557457","38","57533162"
"chr3","74104140","74104438","chr17","72688398","72688697","5","1415742"
"chr3","74108900","74109019","chr17","72693189","72693308","0","1415711"
"chr3","74111007","74111322","chr1","124160466","124160777","73","50049459"
"chr3","74137231","74137483","chr3","40065718","40065972","59","34071513"
"chr3","74140361","74140662","chr17","72726005","72726307","11","1414356"
"chr3","74147760","74147881","chr17","72733449","72733570","3","1414311"
"chr3","74148895","74149023","chr1","52522560","52522684","18","21626335"
"chr3","74154774","74155105","chr17","72744890","72745216","12","1409884"
"chr3","74157795","74157850","chr14","108147487","108147541","14","33989692"
"chr3","74163657","74163933","chr17","72749307","72749583","4","1414350"
"chr3","74172269","74172586","chr17","72754461","72754809","38","1417808"
"chr3","74178962","74179259","chr17","72769339","72769637","5","1409623"
"chr3","74183521","74183545","chr11","104617974","104617996","8","30434453"
"chr3","74183606","74183885","chr17","72773469","72773762","24","1410137"
"chr3","74188947","74189097","chr3","50749437","50749590","28","23439510"
"chr3","74189404","74189414","chr6","128359960","128359970","4","54170556"
"chr3","74193587","74193885","chr17","72783574","72783873","4","1410013"
"chr3","74197712","74198022","chr1","120848081","120848392","58","46650369"
"chr3","74221018","74221352","chr6","74236917","74237257","78","15899"
"chr3","74243611","74243966","chr17","72835386","72835746","15","1408225"
"chr3","74256687","74256848","chr17","72849858","72850019","8","1406829"
"chr3","74284189","74284313","chr1","52522560","52522684","17","21761629"
"chr3","74303747","74304084","chr14","97131835","97132183","106","22828088"
"chr3","74312539","74312845","chr17","72907100","72907406","9","1405439"
"chr3","74433610","74433749","chr17","73026457","73026590","13","1407153"
"chr3","74506037","74506333","chr17","73099346","73099640","13","1406691"
"chr3","74510256","74510366","chr17","73103175","73103285","1","1407081"
"chr3","74526587","74526879","chr17","73119246","73119552","24","1407341"
"chr3","74544009","74544136","chr17","73138251","73138378","0","1405758"
"chr3","74551225","74551383","chr17","73145459","73145617","1","1405766"
"chr3","74642550","74642839","chr17","73265049","73265337","5","1377501"
"chr3","74695343","74695534","chr17","73318787","73318978","3","1376556"
"chr3","74696584","74696889","chr17","73320041","73320345","6","1376543"
"chr3","74702318","74702447","chr17","73325777","73325906","2","1376541"
"chr3","74777493","74777801","chr10","84265012","84265321","66","9487519"
"chr3","74789767","74790044","chr17","73417603","73417885","12","1372164"
"chr3","74817322","74817618","chr17","73445490","73445787","11","1371832"
"chr3","74823169","74823445","chr3","56102762","56103043","69","18720407"
"chr3","74919140","74919418","chr1","85860621","85860902","63","10941481"
"chr3","75198010","75198295","chr17","73824447","73824732","10","1373563"
"chr3","75456921","75457216","chr1","95798062","95798355","71","20341141"
"chr3","75473281","75473579","chr17","74105761","74106059","7","1367520"
"chr3","75907108","75907265","chr17","74553098","74553264","10","1354010"
"chr3","75994250","75994554","chr17","74639055","74639352","18","1355195"
"chr3","76376929","76377060","chr17","75037650","75037781","2","1339279"
"chr3","76381788","76382067","chr17","75042203","75042468","27","1339585"
"chr3","76437686","76437997","chr17","75100041","75100346","42","1337645"
"chr3","76619421","76619717","chr17","75288060","75288362","17","1331361"
"chr3","76680329","76680596","chr17","75350014","75350275","10","1330315"
"chr3","76694683","76694799","chr8","23543796","23543909","29","53150887"
"chr3","76717562","76717704","chr17","75387683","75387823","8","1329879"
"chr3","76719368","76719677","chr3","170153769","170154071","56","93434401"
"chr3","76724330","76724640","chr17","75394803","75395129","21","1329527"
"chr3","76739750","76740056","chr17","75411741","75412047","9","1328009"
"chr3","76782352","76782461","chr17","75454932","75455041","1","1327420"
"chr3","76804194","76804332","chr19","4240732","4240868","26","72563462"
"chr3","76804634","76804654","chr2","6035060","6035071","9","70769574"
"chr3","76820226","76820354","chr12","63685352","63685482","23","13134874"
"chr3","76862780","76863074","chr1","85860621","85860902","72","8997841"
"chr3","76878384","76878669","chr17","75552812","75553097","9","1325572"
"chr3","76952453","76952729","chr10","19719672","19719947","61","57232781"
"chr3","76970362","76970632","chr17","75645465","75645724","19","1324897"
"chr3","76973283","76973581","chr7","111121159","111121462","61","34147876"
"chr3","76974166","76974462","chr17","75647177","75647479","16","1326989"
"chr3","76996281","76996565","chr17","75668877","75669157","13","1327404"
"chr3","77033985","77034255","chr16","49586960","49587230","56","27447025"
"chr3","77040046","77040356","chr17","75712983","75713275","21","1327063"
"chr3","77054216","77054506","chr17","75727048","75727317","31","1327168"
"chr3","77078298","77078603","chr17","75758866","75759171","7","1319432"
"chr3","77113031","77113358","chr17","75793530","75793860","11","1319501"
"chr3","77134187","77134313","chr17","75813744","75813870","3","1320443"
"chr3","77242502","77242677","chr1","115056051","115056225","31","37813549"
"chr3","77284507","77284807","chr17","75963457","75963763","12","1321050"
"chr3","77300247","77300468","chr1","183184735","183184961","48","105884488"
"chr3","77309451","77309754","chr17","75989428","75989739","14","1320023"
"chr3","77320674","77320959","chr17","76001269","76001558","11","1319405"
"chr3","77343179","77343455","chr3","39639304","39639603","72","37703875"
"chr3","77347907","77348101","chrX","13954261","13954444","42","63393646"
"chr3","77357519","77357828","chr17","76038379","76038674","22","1319140"
"chr3","77408834","77409151","chr7","156002873","156003185","71","78594039"
"chr3","77476802","77477111","chr17","76159464","76159773","5","1317338"
"chr3","77480305","77480429","chr17","76162909","76163033","2","1317396"
"chr3","77528614","77528791","chr19","5517456","5517621","41","72011158"
"chr3","77528831","77528948","chr4","35941925","35942042","21","41586906"
"chr3","77532032","77532308","chr17","76216740","76217016","5","1315292"
"chr3","77535973","77536285","chr17","76220673","76220988","12","1315300"
"chr3","77548763","77548971","chr17","76233397","76233605","1","1315366"
"chr3","77686124","77686402","chr17","76371033","76371310","4","1315091"
"chr3","77725185","77725405","chr17","76410736","76410956","4","1314449"
"chr3","77739137","77739440","chr4","59489904","59490204","63","18249233"
"chr3","77746317","77746593","chr17","76431616","76431892","7","1314701"
"chr3","77755200","77755489","chr17","76440508","76440808","21","1314692"
"chr3","77765645","77765946","chr17","76450948","76451249","7","1314697"
"chr3","77771802","77772073","chr17","76457374","76457645","5","1314428"
"chr3","77799074","77799239","chr17","76484544","76484717","18","1314530"
"chr3","77812996","77813119","chr17","76507233","76507356","2","1305763"
"chr3","77816149","77816401","chr17","76510688","76510939","15","1305461"
"chr3","77819240","77819552","chr17","76513192","76513487","23","1306048"
"chr3","77835541","77835686","chr17","76529174","76529327","13","1306367"
"chr3","77904405","77904529","chr17","76602267","76602391","2","1302138"
"chr3","77915741","77915848","chrX","43922555","43922662","22","33993186"
"chr3","77932259","77932556","chr17","76629970","76630267","5","1302289"
"chr3","77968127","77968450","chr17","76666243","76666585","23","1301884"
"chr3","78168589","78168876","chr17","76863875","76864130","41","1304714"
"chr3","78188259","78188528","chr17","76883720","76883994","10","1304539"
"chr3","78188529","78188824","chr17","76883995","76884279","18","1304534"
"chr3","78210869","78211138","chr17","76916132","76916401","3","1294737"
"chr3","78222790","78223072","chr17","76928075","76928376","34","1294715"
"chr3","78227056","78227357","chr11","110319987","110320283","55","32092931"
"chr3","78235098","78235377","chr2","114738422","114738708","52","36503324"
"chr3","78252822","78252971","chr16","47084815","47084966","29","31168007"
"chr3","78261572","78261866","chr17","76965944","76966239","11","1295628"
"chr3","78294896","78295181","chr17","76999634","76999918","6","1295262"
"chr3","78353688","78353860","chr17","77056899","77057062","16","1296789"
"chr3","78358409","78358626","chr4","103606660","103606868","52","25248251"
"chr3","78456904","78457210","chr17","77156824","77157134","17","1300080"
"chr3","78463585","78463876","chr17","77165921","77166220","13","1297664"
"chr3","78464187","78464404","chr17","77166544","77166756","11","1297643"
"chr3","78464704","78464714","chr6","128359960","128359970","3","49895256"
"chr3","78498373","78498654","chr17","77200182","77200474","20","1298191"
"chr3","78531541","78531778","chr17","77232069","77232309","6","1299472"
"chr3","78554153","78554378","chr17","77256968","77257197","7","1297185"
"chr3","78563371","78563531","chr17","77266111","77266262","13","1297260"
"chr3","78565688","78565840","chr14","112599340","112599496","35","34033652"
"chr3","78578291","78578576","chr17","77280695","77280987","11","1297596"
"chr3","78580428","78580439","chr1","67208138","67208152","5","11372290"
"chr3","78580737","78580869","chr17","77283154","77283287","3","1297583"
"chr3","78597193","78597486","chr17","77300293","77300587","5","1296900"
"chr3","78651793","78652088","chr17","77354689","77354986","8","1297104"
"chr3","78671952","78671989","chr7","121340156","121340191","8","42668204"
"chr3","78715356","78715664","chr17","77424566","77424890","25","1290790"
"chr3","78758106","78758265","chr17","77468473","77468640","18","1289633"
"chr3","78770182","78770460","chr17","77480583","77480842","27","1289599"
"chr3","78776052","78776372","chr17","77486761","77487085","21","1289291"
"chr3","78797486","78797592","chr17","77507982","77508088","2","1289504"
"chr3","78816819","78816936","chr17","77532854","77532970","3","1283965"
"chr3","78911514","78911801","chr17","77619099","77619354","37","1292415"
"chr3","78951253","78951396","chr2","72525140","72525280","25","6426113"
"chr3","78951698","78951821","chr10","36885159","36885281","25","42066539"
"chr3","78966229","78966501","chr13","27391208","27391471","70","51575021"
"chr3","78982020","78982317","chr17","77689426","77689714","16","1292594"
"chr3","79027612","79027723","chr9","89330844","89330955","23","10303232"
"chr3","79083797","79084077","JH682906","77851","78145","69","79005946"
"chr3","79113642","79113943","chr17","77830201","77830495","17","1283441"
"chr3","79180978","79181289","chr19","29684146","29684447","59","49496832"
"chr3","79197917","79198086","chr17","8516683","8516860","36","70681234"
"chr3","79220511","79220771","chr20","49143583","49143847","63","30076928"
"chr3","79283590","79283758","chr17","77997666","77997834","3","1285924"
"chr3","79294840","79295134","chr17","78008925","78009219","5","1285915"
"chr3","79371482","79371776","chr17","78086654","78086951","17","1284828"
"chr3","79381055","79381383","chr17","78095735","78096062","15","1285320"
"chr3","79428359","79428495","chr17","78143265","78143401","3","1285094"
"chr3","79452826","79453091","chr17","78167714","78167978","11","1285112"
"chr3","79453867","79454171","chr17","78168753","78169042","24","1285114"
"chr3","79544128","79544419","chr17","78265888","78266173","14","1278240"
"chr3","79622476","79622594","chr9","65064186","65064307","17","14558290"
"chr3","79748325","79748523","chr8","63339372","63339558","50","16408953"
"chr3","79768818","79769104","chr17","78491160","78491450","11","1277658"
"chr3","79904143","79904418","chr9","87111485","87111764","68","7207342"
"chr3","80014687","80014978","chr17","78735347","78735654","21","1279340"
"chr3","80279873","80280179","chr17","78993801","78994109","8","1286072"
"chr3","80342290","80342437","chr17","79055630","79055775","5","1286660"
"chr3","80850522","80850760","chr17","79577876","79578123","25","1272646"
"chr3","81068377","81068672","chr17","79798653","79798948","1","1269724"
"chr3","81132937","81133246","chr1","33809672","33809974","65","47323265"
"chr3","81155768","81155976","chr17","79885064","79885272","5","1270704"
"chr3","81270163","81270450","chr17","80000934","80001221","5","1269229"
"chr3","81324095","81324419","chr17","80055962","80056286","15","1268133"
"chr3","81355499","81355789","chr17","80087926","80088215","3","1267573"
"chr3","81375828","81376133","chr17","80108588","80108893","5","1267240"
"chr3","81392083","81392382","chr17","80124814","80125113","3","1267269"
"chr3","81392882","81393135","chr17","80125613","80125866","12","1267269"
"chr3","81433002","81433141","chr13","20727733","20727872","30","60705269"
"chr3","81471286","81471567","chr1","218684701","218684980","65","137213415"
"chr3","81500001","81500180","chr10","18567005","18567174","36","62932996"
"chr3","81613167","81613458","chr17","80350737","80351041","25","1262430"
"chr3","81655501","81655613","chr17","80392177","80392289","2","1263324"
"chr3","81666310","81666433","chr17","80402967","80403090","2","1263343"
"chr3","81769506","81769825","chr17","80521707","80522026","13","1247799"
"chr3","82119072","82119367","chr17","80861963","80862258","5","1257109"
"chr3","82206326","82206580","chr17","80949337","80949587","13","1256989"
"chr3","82237806","82237981","chr16","2412447","2412620","39","79825359"
"chr3","82238282","82238426","chr7","42742260","42742396","31","39496022"
"chr3","82339830","82340051","chr17","81084337","81084556","9","1255493"
"chr3","82387860","82388032","chr3","29748402","29748560","46","52639458"
"chr3","82388230","82388359","chr3","48671977","48672107","31","33716253"
"chr3","82734174","82734306","chr17","81462917","81463049","6","1271257"
"chr3","82765341","82765630","chr17","81494994","81495283","7","1270347"
"chr3","82914878","82915137","chrX","106655207","106655472","60","23740329"
"chr3","83060469","83060617","chr17","81794527","81794675","3","1265942"
"chr3","83115351","83115699","chrX","4227748","4228078","92","78887603"
"chr3","83220418","83220573","chr16","16980156","16980308","32","66240262"
"chr3","83365203","83365498","chr17","82343818","82344112","45","1021385"
"chr3","83647584","83647865","chr6","34259629","34259913","71","49387955"
"chr3","83660945","83661230","chr17","82403967","82404231","32","1256978"
"chr3","83764869","83765182","chr17","82513082","82513390","13","1251787"
"chr3","83985310","83985460","chr17","82734859","82735014","8","1250451"
"chr3","84184024","84184188","chr3","34730784","34730941","51","49453240"
"chr3","84228098","84228385","chr17","82981342","82981629","4","1246756"
"chr3","84239893","84239908","chr7","125655255","125655271","3","41415362"
"chr3","84239939","84240207","chr3","36987460","36987723","58","47252479"
"chr3","84260669","84260830","chr8","9041388","9041544","36","75219281"
"chr3","84260868","84260986","chr2","34906987","34907104","18","49353881"
"chr3","84297108","84297150","chr17","83051753","83051795","0","1245355"
"chr3","84306664","84306961","chr17","83061612","83061909","7","1245052"
"chr3","84308364","84308594","chr17","83063311","83063541","3","1245053"
"chr3","84465591","84465890","chr17","83222508","83222807","9","1243083"
"chr3","84662446","84662576","chr17","83409542","83409666","7","1252904"
"chr3","84705524","84705715","chr20","17372994","17373175","52","67332530"
"chr3","85349496","85349620","chr2","103750764","103750888","3","18401268"
"chr3","85365057","85365181","chr17","84113931","84114065","13","1251126"
"chr3","85389164","85389398","chr17","84137705","84137972","40","1251459"
"chr3","85722199","85722430","chr17","84489896","84490127","6","1232303"
"chr3","85778093","85778376","chr17","84546134","84546416","9","1231959"
"chr3","85780848","85781162","chr17","84548871","84549185","6","1231977"
"chr3","85895086","85895249","chr17","84664023","84664184","11","1231063"
"chr3","86377579","86377873","chr17","85149918","85150212","16","1227661"
"chr3","86392469","86392740","chr17","85159783","85160054","12","1232686"
"chr3","86413603","86413906","chr10","86052053","86052361","63","361550"
"chr3","86772386","86772657","chr17","85547729","85548004","14","1224657"
"chr3","86921538","86921830","chrX","117469765","117470047","59","30548227"
"chr3","87015469","87015570","chr17","85796454","85796555","2","1219015"
"chr3","87044869","87044995","chr17","85826160","85826274","14","1218709"
"chr3","87183234","87183314","chr8","85762168","85762249","17","1421066"
"chr3","87220376","87220544","chr17","86005337","86005520","19","1215039"
"chr3","87648961","87649298","chr1","46185850","46186184","79","41463111"
"chr3","87704475","87704760","chr17","86488950","86489256","38","1215525"
"chr3","87820227","87820503","chr17","86602636","86602912","12","1217591"
"chr3","87913020","87913180","chr1","137346435","137346596","28","49433415"
"chr3","87971022","87971324","chr6","67184731","67185027","66","20786291"
"chr3","88030460","88030751","chrX","14229260","14229558","64","73801200"
"chr3","88179768","88180072","chr17","86959840","86960144","7","1219928"
"chr3","88417600","88417743","chr17","87197023","87197166","1","1220577"
"chr3","88668432","88668580","chr17","87446834","87446975","10","1221598"
"chr3","88717630","88717886","chr17","87497314","87497570","11","1220316"
"chr3","88737365","88737678","chr3","45936653","45936957","62","42800712"
"chr3","88760759","88760884","chr17","87541113","87541238","1","1219646"
"chr3","88768163","88768458","chr17","87549396","87549688","8","1218767"
"chr3","88778679","88778981","chr17","87560391","87560696","9","1218288"
"chr3","88779400","88779695","chr17","87561120","87561418","13","1218280"
"chr3","88782747","88783045","chr17","87564508","87564808","8","1218239"
"chr3","88825137","88825445","chr17","87608903","87609214","12","1216234"
"chr3","88884532","88884832","chr17","87664794","87665088","11","1219738"
"chr3","88921830","88922151","chr17","87698953","87699269","21","1222877"
"chr3","88957893","88958067","chr17","87736375","87736524","27","1221518"
"chr3","88971517","88971785","chr17","87750380","87750648","3","1221137"
"chr3","88975561","88975770","chr17","87754994","87755215","20","1220567"
"chr3","89087095","89087282","chr11","8812711","8812896","30","80274384"
"chr3","89117270","89117570","chr13","67224471","67224778","60","21892799"
"chr3","89333270","89333540","chr2","112941733","112942001","59","23608463"
"chr3","89369817","89370105","chr17","88142574","88142862","8","1227243"
"chr3","89725316","89725608","chr17","88516111","88516403","13","1209205"
"chr3","89785220","89785532","chr17","88575840","88576152","14","1209380"
"chr3","89787462","89787592","chr17","88578081","88578211","2","1209381"
"chr3","90001768","90002054","chr17","88714432","88714717","20","1287336"
"chr3","90101980","90102270","chr5","2330607","2330904","62","87771373"
"chr3","90124479","90124754","chr17","88835353","88835628","11","1289126"
"chr3","90449570","90449732","chr17","89158060","89158222","3","1291510"
"chr3","90517648","90517769","chr17","89235398","89235521","7","1282250"
"chr3","90539784","90539908","chr2","103750764","103750888","13","13210980"
"chr3","90700787","90701086","chr17","89424597","89424893","13","1276190"
"chr3","90704105","90704367","chr17","89427954","89428217","8","1276151"
"chr3","90862391","90862690","chr17","89584266","89584563","12","1278125"
"chr3","90977870","90977931","chr7","123661126","123661193","16","32683256"
"chr3","91014292","91014552","chr17","89738123","89738385","5","1276169"
"chr3","91050688","91050978","chr17","89774334","89774620","7","1276354"
"chr3","91167170","91167344","chr17","89883059","89883233","5","1284111"
"chr3","91173538","91173821","chr17","89890110","89890393","6","1283428"
"chr3","91175731","91176027","chr17","89892102","89892405","15","1283629"
"chr3","91255077","91255352","chr17","89975561","89975837","19","1279516"
"chr3","91260973","91261251","chr17","89981406","89981680","11","1279567"
"chr3","91264966","91265257","chr17","89986345","89986641","9","1278621"
"chr3","91282914","91283208","chr17","90009486","90009780","10","1273428"
"chr3","91289411","91289703","chr17","90016143","90016435","13","1273268"
"chr3","91291837","91292116","chr3","9617899","9618187","75","81673938"
"chr3","91307778","91308066","chr17","90036398","90036689","19","1271380"
"chr3","91334726","91334855","chr1","52522560","52522684","24","38812166"
"chr3","91358670","91358974","chr17","90092173","90092433","48","1266497"
"chr3","91373099","91373379","chr17","90106551","90106836","18","1266548"
"chr3","91421099","91421221","chr17","90155686","90155807","3","1265413"
"chr3","91448807","91449111","chr17","90181391","90181670","32","1267416"
"chr3","91498522","91498809","chr17","90234469","90234758","8","1264053"
"chr3","91506873","91507167","chr17","90242715","90243009","6","1264158"
"chr3","91529089","91529354","chr17","90264303","90264568","6","1264786"
"chr3","91612842","91613139","chr17","90339640","90339936","5","1273202"
"chr3","91619465","91619771","chr17","90346596","90346908","21","1272869"
"chr3","91629148","91629258","chr3","71083307","71083419","21","20545841"
"chr3","92033338","92033504","chr17","90783460","90783626","4","1249878"
"chr3","92038980","92039256","chr17","90789168","90789444","3","1249812"
"chr3","92060826","92061120","chr17","90811355","90811650","8","1249471"
"chr4","37617659","37617962","chr6","38235254","38235558","5","617595"
"chr4","71201","71501","chr4","13074516","13074807","72","13003315"
"chr4","131507","131643","chr6","1335673","1335809","1","1204166"
"chr4","190273","190566","chr16","51911764","51912063","64","51721491"
"chr4","238092","238397","chr6","121784","122098","12","116308"
"chr4","328698","328832","chr7","54253604","54253736","19","53924906"
"chr4","517291","517474","chr6","418407","418590","4","98884"
"chr4","917938","918057","chr14","97892859","97892977","22","96974921"
"chr4","1085693","1085986","chr6","954290","954583","11","131403"
"chr4","1134698","1134819","chr4","157145492","157145613","24","156010794"
"chr4","1290415","1290696","chr6","1164240","1164521","18","126175"
"chr4","1525476","1525789","chr2","63366502","63366812","69","61841026"
"chr4","1596730","1597029","chr6","1572202","1572474","33","24528"
"chr4","1694224","1694482","chr6","1676574","1676832","1","17650"
"chr4","1695366","1695611","chr6","1677698","1677942","5","17668"
"chr4","1742975","1743106","chr6","1726161","1726292","3","16814"
"chr4","1978947","1979235","chr6","1975051","1975341","26","3896"
"chr4","2342180","2342463","chr6","2351708","2351982","16","9528"
"chr4","2354393","2354557","chr7","151122937","151123107","48","148768544"
"chr4","2894571","2894860","chr6","2913663","2913958","13","19092"
"chr4","3202402","3202548","chr6","3224975","3225121","3","22573"
"chr4","3203656","3203923","chr6","3226454","3226726","9","22798"
"chr4","3214047","3214249","chr6","3236852","3237054","6","22805"
"chr4","3550044","3550334","chr6","3574284","3574558","23","24240"
"chr4","3642281","3642529","chr6","3666881","3667129","9","24600"
"chr4","3732690","3732944","chr6","3757983","3758243","11","25293"
"chr4","3739837","3739965","chr6","3763875","3764004","3","24038"
"chr4","3884888","3885193","chr6","3906230","3906498","43","21342"
"chr4","4038364","4038672","chr6","4076180","4076490","6","37816"
"chr4","4251999","4252125","chr6","4290307","4290433","2","38308"
"chr4","4583414","4583535","chr6","4629850","4629971","1","46436"
"chr4","4845146","4845394","chr6","4905636","4905901","25","60490"
"chr4","5089752","5090045","chr6","5165687","5165980","5","75935"
"chr4","5130204","5130509","chr6","5205277","5205585","16","75073"
"chr4","5233716","5233957","chr16","48527492","48527734","66","43293776"
"chr4","5628026","5628293","chr6","5704276","5704543","7","76250"
"chr4","5748562","5748864","chr6","5825306","5825607","13","76744"
"chr4","6123280","6123443","chr6","6204756","6204916","8","81476"
"chr4","6141639","6141930","chr6","6220683","6220976","10","79044"
"chr4","6175205","6175517","chr6","6255229","6255540","7","80024"
"chr4","6251503","6251564","chr3","40803651","40803720","18","34552148"
"chr4","6329082","6329334","chr6","6410376","6410630","12","81294"
"chr4","6376360","6376491","chr9","55145141","55145272","19","48768781"
"chr4","7155114","7155431","chr6","7255325","7255644","21","100211"
"chr4","7223857","7224168","chr6","7322749","7323036","34","98892"
"chr4","7291683","7291972","chr6","7390997","7391286","10","99314"
"chr4","7392417","7392706","chr6","7492257","7492545","12","99840"
"chr4","7790158","7790434","chr6","7933893","7934175","18","143735"
"chr4","8068512","8068673","chr15","36891701","36891866","33","28823189"
"chr4","8621100","8621401","chr6","8832794","8833095","8","211694"
"chr4","8706925","8707056","chr6","8923647","8923778","5","216722"
"chr4","8784694","8784866","chr15","35673268","35673434","41","26888574"
"chr4","8784910","8785030","chr2","135332242","135332364","20","126547332"
"chr4","9129000","9129162","chr6","9350398","9350559","12","221398"
"chr4","9129474","9129485","chr6","128359960","128359970","4","119230486"
"chr4","9611248","9611564","chr6","9851396","9851712","9","240148"
"chr4","9677921","9678207","chr6","9919198","9919486","12","241277"
"chr4","9694609","9694792","chr7","13358613","13358787","39","3664004"
"chr4","9729399","9729675","chr6","9970333","9970592","25","240934"
"chr4","9740088","9740382","chr6","9980999","9981293","7","240911"
"chr4","9768589","9768891","chr6","10009513","10009813","4","240924"
"chr4","9784304","9784559","chr6","10025537","10025795","8","241233"
"chr4","9793529","9793788","chr6","10034480","10034738","6","240951"
"chr4","9809089","9809335","chr6","10049306","10049548","5","240217"
"chr4","9822458","9822642","chr16","45274890","45275069","36","35452432"
"chr4","9822936","9823066","chr11","12046432","12046561","21","2223496"
"chr4","9831787","9832095","chr6","10073689","10074005","33","241902"
"chr4","9852486","9852743","chr6","10094836","10095098","8","242350"
"chr4","9881199","9881492","chr6","10123403","10123689","9","242204"
"chr4","9908049","9908329","chr6","10149842","10150126","10","241793"
"chr4","9927530","9927835","chr6","10169323","10169636","15","241793"
"chr4","9954309","9954579","chr10","71507440","71507709","64","61553131"
"chr4","9964664","9964921","chr4","111654887","111655146","66","101690223"
"chr4","9986629","9986928","chr6","10232961","10233251","17","246332"
"chr4","10002530","10002817","chr6","10248075","10248374","25","245545"
"chr4","10015243","10015321","chr6","10258590","10258668","2","243347"
"chr4","10056592","10056896","chr6","10299828","10300120","28","243236"
"chr4","10064063","10064357","chr6","10308920","10309207","17","244857"
"chr4","10083589","10083903","chr6","10328069","10328383","12","244480"
"chr4","10135937","10136233","chr6","10380114","10380398","20","244177"
"chr4","10157282","10157442","chrX","46020490","46020627","48","35863208"
"chr4","10174439","10174666","chr6","10422420","10422648","11","247981"
"chr4","10184306","10184612","chr9","109488067","109488380","28","99303761"
"chr4","10748725","10749012","chr11","130152422","130152703","60","119403697"
"chr4","10754739","10755047","chr6","11009618","11009930","22","254879"
"chr4","10837330","10837635","chr2","149920256","149920554","66","139082926"
"chr4","10885048","10885180","chr6","11138522","11138654","2","253474"
"chr4","10962433","10962569","chr3","96606300","96606432","30","85643867"
"chr4","10973858","10974155","chr6","11226420","11226720","10","252562"
"chr4","11002824","11003104","chrX","63721978","63722256","66","52719154"
"chr4","11040780","11041024","chr6","11293974","11294218","5","253194"
"chr4","11135590","11135897","chr6","11393449","11393755","7","257859"
"chr4","11214562","11214826","chr6","11470793","11471073","24","256231"
"chr4","11440478","11440727","chr6","11697903","11698150","4","257425"
"chr4","11486516","11486824","chr6","11753630","11753933","17","267114"
"chr4","11501553","11501915","chr6","11753630","11753933","73","252077"
"chr4","11670781","11670946","chr6","11929414","11929580","7","258633"
"chr4","11862574","11862894","chr6","68969766","68970077","75","57107192"
"chr4","11897972","11898132","chr15","23755330","23755487","40","11857358"
"chr4","12134172","12134377","chr6","12406847","12407052","2","272675"
"chr4","12194882","12195014","chr1","28679708","28679840","25","16484826"
"chr4","12200076","12200136","chr6","53988169","53988227","17","41788093"
"chr4","12260995","12261278","chr6","12581791","12582077","11","320796"
"chr4","12448353","12448663","chr9","56697359","56697664","92","44249006"
"chr4","12765948","12766226","chr3","144381836","144382124","71","131615888"
"chr4","12766440","12766721","chr16","47392199","47392488","67","34625759"
"chr4","12981566","12981740","chr6","172675345","172675518","53","159693779"
"chr4","13011475","13011696","chr16","21319536","21319750","54","8308061"
"chr4","13270262","13270384","chr6","13570497","13570621","5","300235"
"chr4","13320668","13320947","chr6","13622999","13623279","12","302331"
"chr4","13333133","13333231","chr6","13638452","13638550","1","305319"
"chr4","13385680","13385962","chr8","15991772","15992052","70","2606092"
"chr4","13466911","13467182","chr17","38061995","38062266","52","24595084"
"chr4","13530764","13531059","chr6","13837257","13837553","11","306493"
"chr4","13684904","13685049","chr6","13993023","13993169","4","308119"
"chr4","13727796","13728087","chr9","7082508","7082798","58","6645288"
"chr4","13770254","13770496","chr6","14078789","14079031","8","308535"
"chr4","13772847","13773000","chr6","14081369","14081518","4","308522"
"chr4","13789711","13789996","chr6","14097779","14098066","20","308068"
"chr4","13834329","13834634","chr6","14141539","14141839","16","307210"
"chr4","13836995","13837317","chr6","14144196","14144518","7","307201"
"chr4","13892514","13892682","chr4","110989758","110989915","51","97097244"
"chr4","13915733","13916039","chr9","102511155","102511459","60","88595422"
"chr4","14077470","14077763","chr6","14382701","14382998","15","305231"
"chr4","14172025","14172335","chr6","14475084","14475388","31","303059"
"chr4","14179417","14179731","chr6","14482512","14482826","18","303095"
"chr4","14276216","14276422","chr18","14295973","14296177","43","19757"
"chr4","14276432","14276703","chr16","25481386","25481661","71","11204954"
"chr4","14318783","14319092","chr6","14626797","14627110","20","308014"
"chr4","14346125","14346328","chr6","14654467","14654674","10","308342"
"chr4","14347216","14347465","chr6","133098946","133099194","53","118751730"
"chr4","14370303","14370600","chr6","14679121","14679431","19","308818"
"chr4","14439366","14439644","chr6","14749836","14750114","6","310470"
"chr4","14467460","14467740","chr6","14777531","14777809","10","310071"
"chr4","14503535","14503825","chr6","14813636","14813928","12","310101"
"chr4","14540551","14540853","chr6","14851404","14851715","21","310853"
"chr4","14551429","14551727","chr6","14862296","14862594","8","310867"
"chr4","14569424","14569560","chr6","14881576","14881712","1","312152"
"chr4","14643734","14644008","chr6","14957081","14957354","7","313347"
"chr4","14651401","14651708","chr6","74497070","74497370","65","59845669"
"chr4","14658460","14658616","chr6","14972083","14972239","5","313623"
"chr4","14829556","14829865","chr1","180091890","180092200","62","165262334"
"chr4","15153070","15153380","chr10","80769611","80769923","59","65616541"
"chr4","15237174","15237330","chr18","9768530","9768691","29","5468644"
"chr4","15237423","15237631","chrX","109092629","109092837","51","93855206"
"chr4","15284290","15284390","chr3","41989061","41989158","21","26704771"
"chr4","15441099","15441333","chr6","15770562","15770800","14","329463"
"chr4","15465075","15465386","chr8","123020173","123020491","75","107555098"
"chr4","15598922","15599203","chr6","15932715","15932996","14","333793"
"chr4","15610930","15611229","chr6","15945039","15945338","17","334109"
"chr4","15624259","15624572","chr6","15958667","15958991","34","334408"
"chr4","15870943","15871099","chr6","16207028","16207184","14","336085"
"chr4","15946666","15946956","chr6","16281865","16282155","8","335199"
"chr4","16135434","16135607","chr3","34370078","34370227","44","18234644"
"chr4","16188787","16189046","chr16","49443623","49443889","60","33254836"
"chr4","16239188","16239348","chr6","16576393","16576563","14","337205"
"chr4","16304099","16304372","chr6","16641873","16642145","12","337774"
"chr4","16360045","16360351","chr6","16698396","16698706","13","338351"
"chr4","16381159","16381457","chr6","16722175","16722474","7","341016"
"chr4","16411102","16411262","chr16","687175","687330","47","15723927"
"chr4","16468200","16468305","chr5","171513228","171513331","30","155045028"
"chr4","16473261","16473385","chr6","16816848","16816972","5","343587"
"chr4","16590957","16591260","chr6","16937620","16937929","20","346663"
"chr4","16628271","16628552","chr6","16976918","16977203","7","348647"
"chr4","16636090","16636212","chr6","16984792","16984914","2","348702"
"chr4","16643294","16643569","chr6","16992002","16992271","15","348708"
"chr4","16646877","16647175","chr6","16995856","16996155","8","348979"
"chr4","16675187","16675479","chr6","17020878","17021169","5","345691"
"chr4","16683356","16683577","chr3","160581546","160581763","51","143898190"
"chr4","16694556","16694662","chr1","219993184","219993287","14","203298628"
"chr4","16711494","16711808","chr6","17061265","17061563","26","349771"
"chr4","16714226","16714343","chr6","17064630","17064746","3","350404"
"chr4","16717989","16718297","chr6","17068337","17068644","8","350348"
"chr4","16733492","16733778","chr6","17085659","17085947","12","352167"
"chr4","16805455","16805752","chr13","118392627","118392926","52","101587172"
"chr4","16810337","16810613","chr3","42589016","42589298","62","25778679"
"chr4","16850648","16850948","chr15","14201791","14202098","63","2648857"
"chr4","16926210","16926483","chr6","17296727","17297000","8","370517"
"chr4","16939889","16940021","chr13","57110761","57110894","22","40170872"
"chr4","16986286","16986600","chr6","17349548","17349862","6","363262"
"chr4","17016887","17017189","chr6","17381700","17382002","5","364813"
"chr4","17068365","17068532","chr14","57286041","57286198","43","40217676"
"chr4","17085077","17085201","chr3","150499859","150499983","21","133414782"
"chr4","17202444","17202716","chr6","17495203","17495475","7","292759"
"chr4","17373907","17374220","chr6","17671041","17671323","36","297134"
"chr4","17394366","17394528","chr6","17691828","17691991","4","297462"
"chr4","17475509","17475670","chr6","17775636","17775798","5","300127"
"chr4","17633343","17633635","chr6","17935263","17935568","19","301920"
"chr4","17758729","17758893","chr6","18047498","18047663","20","288769"
"chr4","17900352","17900512","chr13","10016063","10016225","35","7884289"
"chr4","18013524","18013817","chr17","23482933","23483227","65","5469409"
"chr4","18017302","18017617","chr6","18315531","18315847","8","298229"
"chr4","18046349","18046456","chr1","100161967","100162072","26","82115618"
"chr4","18097505","18097791","chr6","18396002","18396312","31","298497"
"chr4","18106883","18107161","chr6","18405432","18405727","27","298549"
"chr4","18607625","18607929","chr6","18915420","18915724","9","307795"
"chr4","18723642","18723947","chr6","19032112","19032417","7","308470"
"chr4","19169223","19169520","chr6","19484136","19484433","21","314913"
"chr4","19232152","19232280","chr2","72107750","72107874","31","52875598"
"chr4","19232589","19232793","chr9","110466520","110466712","50","91233931"
"chr4","19397813","19398117","chr19","41633964","41634271","72","22236151"
"chr4","19609274","19609577","chr6","19921533","19921837","8","312259"
"chr4","19740187","19740311","chr6","20050041","20050163","6","309854"
"chr4","19864664","19864938","chr6","20175897","20176171","6","311233"
"chr4","20265607","20265910","chr6","20581210","20581509","34","315603"
"chr4","20274839","20274981","chr14","18964079","18964203","37","1310760"
"chr4","20496746","20496951","chr19","7250569","7250762","51","13246177"
"chr4","20497146","20497286","chr1","25411205","25411345","33","4914059"
"chr4","20717246","20717504","chr6","21037043","21037323","29","319797"
"chr4","20850767","20850974","chr6","21177760","21177968","14","326993"
"chr4","20853442","20853709","chr6","21180462","21180732","14","327020"
"chr4","20905775","20905925","chr6","21232377","21232529","4","326602"
"chr4","20938791","20938940","chr6","21264867","21265045","34","326076"
"chr4","21100342","21100639","chr6","21473838","21474131","7","373496"
"chr4","21342783","21343123","chr6","21710326","21710624","51","367543"
"chr4","21598587","21598701","chr13","31348032","31348148","21","9749445"
"chr4","21598742","21598877","chr5","30179695","30179816","40","8580953"
"chr4","21809565","21809849","chr6","22193262","22193536","19","383697"
"chr4","21811797","21811896","chr6","22195494","22195593","5","383697"
"chr4","21976162","21976460","chr6","22367560","22367861","12","391398"
"chr4","22007057","22007225","chr3","43165082","43165250","39","21158025"
"chr4","22007551","22007645","chr8","6296331","6296433","29","15711220"
"chr4","22050006","22050318","chr4","103297332","103297649","72","81247326"
"chr4","22255806","22256096","chr16","49489962","49490253","67","27234156"
"chr4","22434580","22434875","chr6","22840904","22841207","17","406324"
"chr4","22449223","22449488","chr6","22855438","22855703","5","406215"
"chr4","22679120","22679241","chr20","14375979","14376102","19","8303141"
"chr4","22900114","22900335","chr6","23339760","23339984","11","439646"
"chr4","22951448","22951741","chr6","23390768","23391061","8","439320"
"chr4","23139690","23140007","chr6","23580516","23580809","33","440826"
"chr4","23259972","23260262","chr6","23714006","23714311","33","454034"
"chr4","23530322","23530630","chr6","23991129","23991437","13","460807"
"chr4","23930102","23930389","chr6","24387527","24387814","4","457425"
"chr4","24045987","24046134","chr4","10196998","10197143","43","13848989"
"chr4","24253431","24253557","chr6","24714122","24714246","6","460691"
"chr4","24333070","24333360","chr17","5617144","5617442","74","18715926"
"chr4","24982461","24982771","chr6","25458504","25458816","17","476043"
"chr4","24985469","24985735","chrX","6410553","6410822","62","18574916"
"chr4","25114880","25115099","chr19","3468713","3468932","62","21646167"
"chr4","25281922","25282071","chr6","25774423","25774572","4","492501"
"chr4","25290897","25291195","chr6","25783369","25783648","32","492472"
"chr4","25432847","25433061","chr6","25918807","25919021","5","485960"
"chr4","25957084","25957362","chr12","67960240","67960507","78","42003156"
"chr4","26292489","26292792","chr6","26785204","26785508","4","492715"
"chr4","26470143","26470449","chr14","4197600","4197903","76","22272543"
"chr4","26684266","26684544","chr6","27178388","27178685","22","494122"
"chr4","26782564","26782612","chr1","38683039","38683088","12","11900475"
"chr4","26993062","26993352","chr6","27503116","27503406","8","510054"
"chr4","27031897","27032076","chr6","27539871","27540037","18","507974"
"chr4","27177989","27178294","chr6","27694483","27694785","14","516494"
"chr4","27182490","27182757","chr6","27699343","27699609","8","516853"
"chr4","27375995","27376172","chr6","27887980","27888146","13","511985"
"chr4","27908812","27909113","chr6","28434853","28435156","10","526041"
"chr4","27954154","27954327","chr6","28480925","28481094","16","526771"
"chr4","28052198","28052510","chr6","28584175","28584488","15","531977"
"chr4","28228314","28228611","chr6","28748516","28748813","5","520202"
"chr4","28297074","28297337","chr6","28820602","28820901","42","523528"
"chr4","28527929","28528231","chr6","28988346","28988648","7","460417"
"chr4","28804065","28804357","chr6","29273830","29274118","8","469765"
"chr4","29176319","29176595","chr6","29655121","29655404","16","478802"
"chr4","29379609","29379900","chr6","29833454","29833745","13","453845"
"chr4","29786802","29786944","chr7","17417887","17418035","35","12368915"
"chr4","30054114","30054411","chr6","30531272","30531569","6","477158"
"chr4","30199298","30199462","chr6","30680168","30680333","12","480870"
"chr4","30436862","30437154","chr6","30916934","30917226","5","480072"
"chr4","30505847","30506017","chr6","30984975","30985143","6","479128"
"chr4","30654407","30654705","chr6","31133959","31134256","13","479552"
"chr4","30683000","30683259","chr6","31163190","31163449","6","480190"
"chr4","30723775","30724061","chr6","31204540","31204826","13","480765"
"chr4","30725387","30725575","chrX","133559377","133559542","56","102833990"
"chr4","30772781","30772926","chr1","217511492","217511641","28","186738711"
"chr4","30773232","30773393","chr3","29748402","29748560","38","1024830"
"chr4","30828307","30828589","chr16","21518264","21518546","57","9310043"
"chr4","30832860","30833159","chr6","31309434","31309732","12","476574"
"chr4","30886171","30886338","chr6","31362350","31362516","9","476179"
"chr4","30904946","30905232","chr6","31381581","31381867","9","476635"
"chr4","30909261","30909512","chr6","31385921","31386208","41","476660"
"chr4","30976077","30976383","chr8","9836820","9837122","73","21139257"
"chr4","30987896","30988171","chr4","37771924","37772202","74","6784028"
"chr4","30989482","30989753","chr6","31465684","31465954","13","476202"
"chr4","31050307","31050511","chr3","55317884","55318076","46","24267577"
"chr4","31064311","31064594","chr6","31541034","31541317","3","476723"
"chr4","31082174","31082480","chr6","31558999","31559270","43","476825"
"chr4","31120772","31120884","chr8","98046457","98046568","19","66925685"
"chr4","31121568","31121596","chr4","37952686","37952708","9","6831118"
"chr4","31174148","31174388","chr6","31654561","31654815","18","480413"
"chr4","31233591","31233710","chr11","47233982","47234092","30","16000391"
"chr4","31288172","31288345","chr1","11995295","11995463","32","19292877"
"chr4","31292858","31293157","chr6","31768151","31768444","11","475293"
"chr4","31297525","31297810","chr3","35477073","35477365","59","4179548"
"chr4","31307341","31307613","chrX","63721978","63722256","54","32414637"
"chr4","31336006","31336303","chr6","31811472","31811777","16","475466"
"chr4","31367143","31367290","chr6","31840563","31840707","4","473420"
"chr4","31389434","31389606","chrX","133559377","133559542","37","102169943"
"chr4","31401909","31402026","chr20","22372349","22372471","21","9029560"
"chr4","31424169","31424318","chr11","129140110","129140253","40","97715941"
"chr4","31424618","31424754","chr20","17784087","17784218","41","13640531"
"chr4","31426319","31426579","chr6","31901855","31902110","13","475536"
"chr4","31449561","31449865","chr6","31929378","31929678","11","479817"
"chr4","31462837","31463008","chr6","31943582","31943750","5","480745"
"chr4","31466317","31466627","chr6","31946369","31946679","6","480052"
"chr4","31475082","31475193","chr6","31951749","31951860","3","476667"
"chr4","31494149","31494445","chr6","31974959","31975254","9","480810"
"chr4","31497281","31497404","chr1","137851415","137851537","29","106354134"
"chr4","31505217","31505488","chr6","31991923","31992194","4","486706"
"chr4","31523958","31524241","chr6","32010311","32010601","10","486353"
"chr4","31531817","31531980","chr6","32019100","32019263","2","487283"
"chr4","31534783","31535081","chr6","32023348","32023646","6","488565"
"chr4","31541109","31541273","chr11","430004","430168","35","31111105"
"chr4","31541310","31541421","chr20","55281880","55281990","18","23740570"
"chr4","31550629","31550928","chr6","32039397","32039684","16","488768"
"chr4","31569265","31569564","chr6","32057876","32058172","8","488611"
"chr4","31586055","31586327","chr6","32074957","32075242","19","488902"
"chr4","31599396","31599691","chr6","32090368","32090677","20","490972"
"chr4","31605776","31606068","chr6","32096629","32096927","11","490853"
"chr4","31651497","31651787","chr4","84750658","84750949","61","53099161"
"chr4","31706647","31706805","chr6","32198075","32198233","3","491428"
"chr4","31718071","31718213","chr6","32210280","32210441","21","492209"
"chr4","31730125","31730253","chr6","32222537","32222660","5","492412"
"chr4","31731695","31731995","chr6","32224097","32224405","21","492402"
"chr4","31748966","31749146","chr1","123231010","123231183","40","91482044"
"chr4","31761352","31761604","chr18","46765535","46765791","58","15004183"
"chr4","31785337","31785626","chr6","32280838","32281123","10","495501"
"chr4","31792200","31792486","chr9","12008224","12008511","60","19783976"
"chr4","31800543","31800846","chr11","12232594","12232893","74","19567949"
"chr4","31815869","31815988","chr6","32312110","32312227","4","496241"
"chr4","31825717","31826033","chr6","32321863","32322189","19","496146"
"chr4","31827789","31828083","chr9","93312723","93313016","54","61484934"
"chr4","31838066","31838194","chr6","32334044","32334171","3","495978"
"chr4","31888992","31889294","chr6","32385762","32386065","11","496770"
"chr4","32112133","32112232","chr6","32615778","32615877","1","503645"
"chr4","32199914","32200078","chr1","56026077","56026234","33","23826163"
"chr4","32200375","32200521","chr10","36416332","36416468","30","4215957"
"chr4","32263433","32263722","chr6","32783546","32783833","10","520113"
"chr4","32350372","32350629","chr6","32871310","32871567","5","520938"
"chr4","32463332","32463585","chr6","32990969","32991222","6","527637"
"chr4","32668357","32668530","chr6","33198462","33198626","13","530105"
"chr4","32668534","32668798","chr6","33198631","33198901","7","530097"
"chr4","32686506","32686712","chr6","33215792","33216000","10","529286"
"chr4","32722673","32722819","chr6","148217095","148217234","36","115494422"
"chr4","32976481","32976764","chr6","33503660","33503943","6","527179"
"chr4","33045779","33046067","chr6","33577744","33578035","18","531965"
"chr4","33135990","33136109","chr3","36706893","36707010","21","3570903"
"chr4","33136151","33136316","chr19","42053278","42053441","30","8917127"
"chr4","33138037","33138173","chr11","120116159","120116293","22","86978122"
"chr4","33184686","33185005","chr6","33717000","33717319","13","532314"
"chr4","33233517","33233823","chr6","33765749","33766057","10","532232"
"chr4","33281929","33282062","chr6","33813795","33813927","5","531866"
"chr4","33378778","33379075","chr6","33911793","33912091","13","533015"
"chr4","33406165","33406439","chr6","33939418","33939688","12","533253"
"chr4","33433786","33434087","chr6","33967167","33967471","7","533381"
"chr4","33444688","33444816","chr1","166516268","166516393","19","133071580"
"chr4","33484738","33485040","chr6","34016991","34017282","21","532253"
"chr4","33487191","33487444","chr6","34019441","34019694","6","532250"
"chr4","33504876","33505185","chr6","34037026","34037326","22","532150"
"chr4","33511115","33511420","chr6","34043252","34043545","22","532137"
"chr4","33557364","33557584","chr6","34092110","34092330","8","534746"
"chr4","33558731","33559039","chr6","31355578","31355887","54","2203153"
"chr4","33607805","33607846","chr6","34144626","34144667","1","536821"
"chr4","33622590","33622898","chr6","34160079","34160386","7","537489"
"chr4","33631069","33631200","chr6","34167555","34167686","2","536486"
"chr4","33790980","33791117","chr6","34324828","34324965","2","533848"
"chr4","33799132","33799433","chr6","34333002","34333289","20","533870"
"chr4","33806435","33806564","chr14","56226394","56226513","34","22419959"
"chr4","33810895","33811177","chr6","34344134","34344415","6","533239"
"chr4","33820634","33820969","chr3","47961768","47962112","103","14141134"
"chr4","33857412","33857720","chr17","76062721","76063023","63","42205309"
"chr4","33858058","33858352","chr6","34384339","34384581","58","526281"
"chr4","34138708","34138885","chr20","19706982","19707152","34","14431726"
"chr4","34139183","34139281","chr14","52540886","52540970","27","18401703"
"chr4","34416323","34416490","chr6","34967492","34967656","24","551169"
"chr4","34477788","34478077","chr6","35030730","35031019","11","552942"
"chr4","34490806","34490908","chr9","93689932","93690039","22","59199126"
"chr4","34551517","34551743","chr6","35110859","35111085","5","559342"
"chr4","34784079","34784398","chr2","129860620","129860927","66","95076541"
"chr4","35092093","35092244","chr4","18105467","18105624","35","16986626"
"chr4","35092547","35092655","chr5","4129348","4129450","32","30963199"
"chr4","35235646","35235949","chr3","20908853","20909153","62","14326793"
"chr4","35462763","35462886","chr3","105419310","105419431","16","69956547"
"chr4","35563688","35563839","chr6","36138674","36138825","1","574986"
"chr4","35592320","35592629","chr6","36167052","36167361","6","574732"
"chr4","35801484","35801763","chr6","36385596","36385875","6","584112"
"chr4","35839770","35840057","chr10","70765843","70766136","59","34926073"
"chr4","35929978","35930208","chr19","27550400","27550607","63","8379578"
"chr4","35936893","35937188","chr6","36520391","36520685","27","583498"
"chr4","35950552","35950878","chr6","36534003","36534331","14","583451"
"chr4","35952495","35952604","chr6","36535914","36536023","1","583419"
"chr4","35992441","35992742","chr6","36576120","36576423","15","583679"
"chr4","35998876","35999193","chr6","36582542","36582865","7","583666"
"chr4","36011846","36012122","chr6","36595861","36596137","8","584015"
"chr4","36028010","36028309","chr6","36616219","36616518","4","588209"
"chr4","36068692","36068850","chr6","36657124","36657292","38","588432"
"chr4","36069172","36069322","chr6","36657124","36657292","24","587952"
"chr4","36075342","36075506","chr6","36663099","36663261","6","587757"
"chr4","36096853","36097004","chr14","108370007","108370159","34","72273154"
"chr4","36097308","36097346","chr5","35775936","35775969","14","321372"
"chr4","36098075","36098372","chr6","36691243","36691546","12","593168"
"chr4","36119226","36119533","chr6","36712426","36712732","7","593200"
"chr4","36124693","36124927","chr6","36716590","36716823","14","591897"
"chr4","36178281","36178409","chr1","211937816","211937946","28","175759535"
"chr4","36178715","36178899","chr7","17349222","17349406","40","18829493"
"chr4","36179120","36179433","chr6","36780308","36780632","17","601188"
"chr4","36200968","36201250","chr6","36798628","36798910","5","597660"
"chr4","36212055","36212263","chr10","69747194","69747408","50","33535139"
"chr4","36218915","36219231","chr6","36816216","36816533","10","597301"
"chr4","36258182","36258475","chr6","36855536","36855831","6","597354"
"chr4","36269049","36269329","chr6","36866373","36866654","8","597324"
"chr4","36274817","36275118","chr6","36871598","36871909","18","596781"
"chr4","36275760","36275888","chr20","48662955","48663087","27","12387195"
"chr4","36291665","36291956","chr6","36887011","36887319","25","595346"
"chr4","36293641","36293929","chr2","135238031","135238296","64","98944390"
"chr4","36363872","36364019","chr13","54245350","54245487","33","17881478"
"chr4","36364325","36364468","chr20","28232278","28232409","33","8132047"
"chr4","36427704","36427866","chr6","37024179","37024333","10","596475"
"chr4","36453051","36453223","chr1","117466024","117466197","32","81012973"
"chr4","36453466","36453614","chr4","20101867","20102002","38","16351599"
"chr4","36531068","36531199","chr6","37150024","37150154","2","618956"
"chr4","36576241","36576378","chr6","37194721","37194857","3","618480"
"chr4","36662935","36663236","chr6","37280656","37280955","12","617721"
"chr4","36737123","36737410","chr6","37354284","37354571","6","617161"
"chr4","36946617","36946890","chr6","37562546","37562819","8","615929"
"chr4","37197484","37197600","chr6","37809473","37809586","4","611989"
"chr4","37228111","37228340","chr6","37840173","37840408","14","612062"
"chr4","37230346","37230472","chr6","37842418","37842543","14","612072"
"chr4","37292037","37292315","chr6","37902232","37902509","6","610195"
"chr4","37351287","37351481","chr6","37961216","37961453","45","609929"
"chr4","37392127","37392380","chr6","38001858","38002141","35","609731"
"chr4","37478742","37479046","chr6","38088974","38089264","32","610232"
"chr4","37664071","37664392","chr6","38282947","38283272","10","618876"
"chr4","37845167","37845357","chr1","63145287","63145466","45","25300120"
"chr4","37852385","37852517","chr6","38475277","38475405","6","622892"
"chr4","37890268","37890581","chr7","18834936","18835241","77","19055332"
"chr4","37927841","37928150","chr6","38551501","38551813","8","623660"
"chr4","37936592","37936887","chr6","38560223","38560533","19","623631"
"chr4","37961371","37961660","chr6","38584922","38585211","5","623551"
"chr4","38337914","38338187","chr6","38970824","38971110","17","632910"
"chr4","38674730","38675029","chr6","39328415","39328733","24","653685"
"chr4","38697624","38697742","chr6","39349194","39349312","5","651570"
"chr4","39007416","39007562","chr6","39668697","39668859","20","661281"
"chr4","39079851","39080194","chr20","55628160","55628507","87","16548309"
"chr4","39147463","39147635","chr15","98369303","98369467","32","59221840"
"chr4","39147675","39147793","chr2","87107564","87107679","18","47959889"
"chr4","39201366","39201654","chr6","39900761","39901048","6","699395"
"chr4","39327172","39327295","chr11","95806764","95806885","18","56479592"
"chr4","39327348","39327516","chr7","117821081","117821230","60","78493733"
"chr4","39450285","39450571","chr6","40150466","40150751","8","700181"
"chr4","39502132","39502499","chr6","40200535","40200901","9","698403"
"chr4","39517495","39517625","chr6","40218363","40218493","1","700868"
"chr4","39524786","39525071","chr6","40225957","40226242","3","701171"
"chr4","39542971","39543264","chr6","40244143","40244436","3","701172"
"chr4","39591405","39591679","chr6","40291278","40291554","14","699873"
"chr4","39592199","39592298","chrX","34907249","34907346","28","4684950"
"chr4","39594104","39594226","chr6","40294230","40294366","14","700126"
"chr4","39620802","39620931","chr4","24496554","24496684","22","15124248"
"chr4","39648931","39649238","chr6","40346614","40346918","5","697683"
"chr4","39708212","39708501","chr6","40405532","40405825","11","697320"
"chr4","39739872","39739950","chr10","30271374","30271450","17","9468498"
"chr4","39914878","39915176","chr6","40624394","40624692","3","709516"
"chr4","40251869","40252000","chr6","40976555","40976690","4","724686"
"chr4","40422193","40422372","chr7","13358613","13358787","46","27063580"
"chr4","40519055","40519341","chr6","41251117","41251411","15","732062"
"chr4","40649800","40650112","chr6","41381469","41381781","9","731669"
"chr4","40654548","40654842","chr6","41388795","41389072","24","734247"
"chr4","40662420","40662597","chrX","46179692","46179870","41","5517272"
"chr4","40844817","40845023","chr6","41593573","41593779","3","748756"
"chr4","41106130","41106285","chr6","41860324","41860479","6","754194"
"chr4","41204925","41205203","chr6","41965516","41965794","4","760591"
"chr4","41513827","41513981","chr6","42265812","42265964","10","751985"
"chr4","41545859","41546164","chr6","42299250","42299556","5","753391"
"chr4","41619254","41619552","chr6","42370253","42370561","16","750999"
"chr4","41700121","41700415","chr6","42456880","42457176","8","756759"
"chr4","41766248","41766385","chr15","368115","368257","39","41398133"
"chr4","41766437","41766556","chr9","94751654","94751771","22","52985217"
"chr4","41778476","41778774","chr6","42548800","42549097","7","770324"
"chr4","41819431","41819693","chr6","42585356","42585618","6","765925"
"chr4","41825148","41825448","chr6","42592950","42593245","10","767802"
"chr4","41867623","41867783","chr6","42637523","42637683","3","769900"
"chr4","41985198","41985513","chr6","42758795","42759116","11","773597"
"chr4","41994347","41994636","chr6","42767787","42768073","14","773440"
"chr4","42009993","42010300","chr6","42785604","42785906","12","775611"
"chr4","42018409","42018688","chr6","42794128","42794406","11","775719"
"chr4","42160154","42160450","chr6","42947345","42947641","9","787191"
"chr4","42162465","42162782","chr6","42949660","42949977","3","787195"
"chr4","42180610","42180738","chr6","42968113","42968242","6","787503"
"chr4","42263810","42264113","chr6","43048695","43048996","5","784885"
"chr4","42268436","42268743","chr6","43053322","43053626","4","784886"
"chr4","42278337","42278625","chr6","43063166","43063449","11","784829"
"chr4","42369760","42370072","chr6","42299250","42299556","59","70510"
"chr4","42397126","42397256","chr6","43180637","43180767","2","783511"
"chr4","42417630","42417905","chr6","43201843","43202122","11","784213"
"chr4","42430770","42430908","chr7","42742260","42742396","28","311490"
"chr4","43079227","43079514","chr8","95088354","95088628","67","52009127"
"chr4","43104080","43104341","chr6","43883694","43883956","6","779614"
"chr4","43142587","43142886","chr6","43921825","43922124","8","779238"
"chr4","43310939","43311204","chr6","44102935","44103200","5","791996"
"chr4","43782193","43782470","chr6","44599507","44599784","8","817314"
"chr4","43818546","43818859","chr6","44636796","44637108","10","818250"
"chr4","43821250","43821585","chr6","44639536","44639871","6","818286"
"chr4","43940309","43940622","chr6","44758310","44758622","7","818001"
"chr4","44145478","44145779","chr6","44964200","44964504","9","818722"
"chr4","44309276","44309405","chr6","45131399","45131517","13","822123"
"chr4","44312547","44312812","chr6","45134690","45134950","11","822143"
"chr4","44428408","44428691","chr6","45260214","45260499","7","831806"
"chr4","44473188","44473462","chr15","4492238","4492515","62","39980950"
"chr4","46645349","46645568","chr6","46294938","46295160","5","350411"
"chr4","46726020","46726333","chr6","46376493","46376806","5","349527"
"chr4","46728315","46728607","chr6","46378788","46379085","12","349527"
"chr4","46802657","46802776","chr6","46453346","46453465","1","349311"
"chr4","46825349","46825667","chr6","46474869","46475188","8","350480"
"chr4","46879630","46879931","chr6","46535278","46535579","8","344352"
"chr4","47290596","47290751","chr6","46944874","46945029","3","345722"
"chr4","47352151","47352268","chr1","80103355","80103478","25","32751204"
"chr4","47522523","47522816","chr6","47184304","47184597","5","338219"
"chr4","47603345","47603543","chr14","61617342","61617529","47","14013997"
"chr4","47761524","47761724","chr14","72935164","72935369","49","25173640"
"chr4","47875955","47876300","chr6","47561599","47561929","27","314356"
"chr4","48328327","48328605","chr6","48042296","48042571","16","286031"
"chr4","48378925","48379206","chr6","48098569","48098849","11","280356"
"chr4","49046382","49046503","chr6","48796213","48796334","1","250169"
"chr4","49049977","49050189","chr6","48799838","48800018","36","250139"
"chr4","49313943","49314064","chr6","49067471","49067590","8","246472"
"chr4","49412591","49412897","chr6","49168228","49168534","4","244363"
"chr4","49537129","49537251","chrX","45754362","45754485","24","3782767"
"chr4","49678658","49678942","chr6","49433068","49433352","4","245590"
"chr4","50080935","50081234","chr6","49842349","49842653","10","238586"
"chr4","50113639","50113938","chr6","49876758","49877070","19","236881"
"chr4","50200017","50200322","chr1","44910611","44910915","64","5289406"
"chr4","50262675","50262967","chr14","56307674","56307960","60","6044999"
"chr4","50272479","50272803","chr6","50043466","50043787","4","229013"
"chr4","50290908","50291033","chr1","28653014","28653136","20","21637894"
"chr4","50419401","50419647","chr6","50196951","50197186","16","222450"
"chr4","50572255","50572546","chr6","50354347","50354640","11","217908"
"chr4","50629646","50629947","chr6","50413383","50413677","11","216263"
"chr4","50709827","50710112","chr13","24040813","24041093","45","26669014"
"chr4","50710145","50710160","chr6","172915280","172915296","6","122205135"
"chr4","50722235","50722510","chr6","50507061","50507333","11","215174"
"chr4","50758376","50758495","chr11","52608207","52608323","15","1849831"
"chr4","50771372","50771482","chr19","5039473","5039582","30","45731899"
"chr4","50771795","50771870","chr6","51599007","51599074","27","827212"
"chr4","50772980","50773022","chr3","94256038","94256083","14","43483058"
"chr4","50786936","50787067","chr6","50574442","50574560","15","212494"
"chr4","50803407","50803564","chr6","50591193","50591350","1","212214"
"chr4","50841862","50842188","chr6","50629570","50629880","27","212292"
"chr4","50850155","50850400","chr6","50637855","50638100","2","212300"
"chr4","50942389","50942670","chr6","50730025","50730310","13","212364"
"chr4","51084137","51084288","chr6","50874453","50874610","9","209684"
"chr4","51381498","51381792","chr6","51184240","51184536","12","197258"
"chr4","51404628","51404917","chr6","51206830","51207118","5","197798"
"chr4","51437626","51437917","chr6","51240148","51240438","7","197478"
"chr4","51509898","51510185","chr6","51312207","51312494","7","197691"
"chr4","51536583","51536856","chr6","51341262","51341535","4","195321"
"chr4","51566568","51566855","chr6","51371356","51371643","6","195212"
"chr4","51614602","51614885","chr6","51420038","51420324","12","194564"
"chr4","51642831","51643126","chr6","51448488","51448782","11","194343"
"chr4","51693695","51693843","chr6","51494218","51494368","8","199477"
"chr4","51703546","51703731","chr6","51504077","51504231","36","199469"
"chr4","51710522","51710659","chr6","51510848","51510981","6","199674"
"chr4","51715015","51715305","chr6","51515433","51515717","13","199582"
"chr4","51716701","51717002","chr6","51517116","51517421","10","199585"
"chr4","51719001","51719329","chr6","51519339","51519655","30","199662"
"chr4","51758318","51758629","chr6","51557490","51557798","6","200828"
"chr4","51766666","51766818","chr6","51565857","51566011","4","200809"
"chr4","51785974","51786272","chr6","51586317","51586614","4","199657"
"chr4","51798340","51798407","chr6","51599007","51599074","1","199333"
"chr4","51824822","51825114","chr4","41621994","41622285","58","10202828"
"chr4","51879799","51879946","chr6","51688964","51689108","6","190835"
"chr4","51907739","51908040","chr6","51716003","51716305","11","191736"
"chr4","51945523","51945661","chr6","51755744","51755882","2","189779"
"chr4","51945662","51945792","chr20","48911635","48911769","26","3034027"
"chr4","51946095","51946283","chr19","14916432","14916613","52","37029663"
"chr4","51958997","51959172","chrX","102720684","102720851","44","50761687"
"chr4","51987299","51987405","chr6","51796078","51796186","3","191221"
"chr4","51998973","51999269","chr6","51807358","51807658","10","191615"
"chr4","52019494","52019789","chr6","51827557","51827870","25","191937"
"chr4","52227386","52227721","chrX","21422433","21422750","77","30804953"
"chr4","52246274","52246510","chr6","52065770","52066010","16","180504"
"chr4","52309525","52309815","chr6","52129349","52129634","12","180176"
"chr4","52328727","52328878","chr6","52143212","52143363","7","185515"
"chr4","52378347","52378604","chr6","52200327","52200584","4","178020"
"chr4","52392392","52392704","chr6","52214392","52214705","10","178000"
"chr4","52395302","52395568","chr6","52217305","52217571","2","177997"
"chr4","52422509","52422796","chr6","52244229","52244510","14","178280"
"chr4","52454181","52454270","chr2","152109306","152109398","17","99655125"
"chr4","52469758","52469924","chr20","20661224","20661394","45","31808534"
"chr4","52565036","52565191","chr6","52397267","52397438","19","167769"
"chr4","52806650","52806940","chr16","1987818","1988107","61","50818832"
"chr4","52850592","52850900","chr6","52686211","52686517","10","164381"
"chr4","52918134","52918285","chr6","52754007","52754157","4","164127"
"chr4","53022050","53022312","chr7","64954616","64954880","61","11932566"
"chr4","53091988","53092270","chr3","42508729","42509018","59","10583259"
"chr4","53094590","53094858","chr7","2773818","2774099","63","50320772"
"chr4","53108582","53108855","chr6","52948008","52948275","10","160574"
"chr4","53129838","53130072","chr3","40553496","40553726","49","12576342"
"chr4","53193802","53193936","chr6","53032998","53033132","2","160804"
"chr4","53228787","53228923","chr6","53068098","53068234","5","160689"
"chr4","53260286","53260582","chrX","61947807","61948106","57","8687521"
"chr4","53284208","53284330","chr6","53123473","53123595","0","160735"
"chr4","53308003","53308169","chr6","53144706","53144872","3","163297"
"chr4","53311978","53312282","chr6","53152442","53152758","20","159536"
"chr4","53333029","53333329","chr6","53176090","53176390","9","156939"
"chr4","53347617","53347635","chr1","67208138","67208152","8","13860521"
"chr4","53347678","53347804","chr2","143610328","143610452","21","90262650"
"chr4","53352345","53352473","chr6","53210599","53210722","7","141746"
"chr4","53353052","53353163","chr1","163617881","163618004","39","110264829"
"chr4","53353423","53353721","chr2","77198193","77198497","72","23844770"
"chr4","53360823","53360990","chr6","53205115","53205259","52","155708"
"chr4","53361332","53361424","chr7","15037453","15037539","15","38323879"
"chr4","53362670","53362927","chr7","126484489","126484725","65","73121819"
"chr4","53383065","53383362","chr6","53227960","53228257","8","155105"
"chr4","53385976","53386148","chr10","19384137","19384299","55","34001839"
"chr4","53413833","53413996","chr6","53259868","53260002","30","153965"
"chr4","53431466","53431540","chr19","11620093","11620165","17","41811373"
"chr4","53441793","53442051","chr6","53288223","53288515","38","153570"
"chr4","53452799","53452894","chr13","46837360","46837448","25","6615439"
"chr4","53456154","53456259","chr11","102901454","102901557","24","49445300"
"chr4","53456562","53456731","chr1","10731446","10731599","52","42725116"
"chr4","53463960","53464115","chr1","121167019","121167167","39","67703059"
"chr4","53484990","53485115","chr6","53330788","53330912","2","154202"
"chr4","53485125","53485394","chr9","94877478","94877759","71","41392353"
"chr4","53489897","53490017","chr9","16558755","16558876","21","36931142"
"chr4","53493116","53493269","chr6","53338933","53339086","1","154183"
"chr4","53544309","53544584","chr16","6055895","6056168","61","47488414"
"chr4","53553527","53553658","chr14","5559327","5559459","18","47994200"
"chr4","53572204","53572363","chr6","53418136","53418294","3","154068"
"chr4","53574220","53574531","chr6","53420274","53420589","23","153946"
"chr4","53583998","53584307","chr6","53430127","53430436","9","153871"
"chr4","54116404","54116462","chr6","53988169","53988227","0","128235"
"chr4","54264402","54264571","chr20","55425031","55425204","36","1160629"
"chr4","54359707","54360014","chr6","54234139","54234449","13","125568"
"chr4","54413396","54413682","chr6","54287511","54287797","3","125885"
"chr4","54478544","54478676","chr6","54352884","54353012","6","125660"
"chr4","54481509","54481629","chr6","54355732","54355848","5","125777"
"chr4","54531649","54531937","chr6","54403260","54403547","10","128389"
"chr4","54562351","54562625","chr6","54434938","54435243","42","127413"
"chr4","54617495","54617766","chr6","54489304","54489591","42","128191"
"chr4","54627291","54627429","chr6","54498900","54499037","2","128391"
"chr4","54703974","54704149","chr6","54575720","54575888","12","128254"
"chr4","54997643","54997956","chr6","54870106","54870421","7","127537"
"chr4","55019531","55019800","chr6","54892273","54892542","4","127258"
"chr4","55104754","55105064","chr6","54976865","54977139","45","127889"
"chr4","55115163","55115455","chr6","54987638","54987949","21","127525"
"chr4","55139396","55139692","chr6","55013758","55014058","11","125638"
"chr4","55157272","55157529","chr6","55031633","55031890","5","125639"
"chr4","55303670","55303799","JH679691","128618","128747","1","55175052"
"chr4","55313927","55314076","chr17","39712259","39712416","47","15601668"
"chr4","55314102","55314234","chr9","59223715","59223849","21","3909613"
"chr4","55377067","55377191","JH679691","202631","202755","3","55174436"
"chr4","55380862","55381164","chr10","14085567","14085868","55","41295295"
"chr4","55387220","55387401","JH679691","212596","212778","8","55174624"
"chr4","55621015","55621266","chr6","55093658","55093908","9","527357"
"chr4","55642345","55642646","chr6","55115334","55115635","5","527011"
"chr4","55727322","55727589","chr6","55202487","55202754","5","524835"
"chr4","55844531","55844837","chr6","55317321","55317622","14","527210"
"chr4","55900011","55900283","chr6","55372016","55372289","4","527995"
"chr4","55975066","55975345","chr6","55448526","55448804","15","526540"
"chr4","56057988","56058287","chr6","55531666","55531966","6","526322"
"chr4","56201926","56202052","chr6","55675416","55675542","1","526510"
"chr4","56453354","56453405","chr6","55933395","55933446","0","519959"
"chr4","56608299","56608601","chr13","69089354","69089660","63","12481055"
"chr4","56646367","56646547","chr6","56130383","56130563","5","515984"
"chr4","56677440","56677751","chr6","56163955","56164267","8","513485"
"chr4","56978787","56979085","chr6","56479318","56479616","3","499469"
"chr4","57032960","57033138","chr17","8516683","8516860","46","48516277"
"chr4","57035407","57035608","chr11","85742073","85742255","57","28706666"
"chr4","57052405","57052698","chr6","56554279","56554572","8","498126"
"chr4","57087158","57087290","chr6","56589477","56589609","2","497681"
"chr4","57110667","57110954","chr6","56613296","56613578","10","497371"
"chr4","57401511","57401656","chr6","56907887","56908032","4","493624"
"chr4","57448734","57449046","chr6","56954809","56955119","11","493925"
"chr4","57473651","57473879","chr6","56979706","56979934","10","493945"
"chr4","57473941","57474257","chr6","56979996","56980328","25","493945"
"chr4","57529579","57529725","chr6","57035747","57035890","6","493832"
"chr4","57551921","57552052","chr1","35707300","35707428","22","21844621"
"chr4","57552364","57552403","chrX","142113732","142113770","8","84561368"
"chr4","57597418","57597718","chr6","57104201","57104500","10","493217"
"chr4","57598329","57598599","chr6","57105093","57105378","32","493236"
"chr4","57755309","57755620","chr6","57262307","57262618","5","493002"
"chr4","58335748","58336017","chr6","57850894","57851179","29","484854"
"chr4","58378040","58378319","chr6","57895765","57896017","48","482275"
"chr4","58421425","58421724","chr6","11226420","11226720","69","47195005"
"chr4","58440913","58441219","chr11","111446387","111446698","63","53005474"
"chr4","58457788","58458088","chr6","57974679","57974979","6","483109"
"chr4","58463580","58463712","chr6","57980360","57980492","4","483220"
"chr4","58481423","58481640","chr6","57998803","57999025","9","482620"
"chr4","58518626","58518892","chr6","58034477","58034757","22","484149"
"chr4","58522397","58522707","chr6","58038287","58038597","5","484110"
"chr4","58542766","58543024","chr6","58060613","58060882","19","482153"
"chr4","58584240","58584534","chr15","70446996","70447307","62","11862756"
"chr4","58617270","58617563","chr6","58126473","58126763","9","490797"
"chr4","58619441","58619730","chr6","58128674","58128961","7","490767"
"chr4","58652567","58652718","chr6","58161026","58161179","6","491541"
"chr4","58653412","58653714","chr6","58161875","58162178","9","491537"
"chr4","58675851","58676158","chr6","58183928","58184239","14","491923"
"chr4","58719272","58719423","chr6","58231526","58231677","2","487746"
"chr4","58737062","58737173","chr1","67193675","67193788","24","8456613"
"chr4","58739863","58740013","chr4","34856087","34856228","37","23883776"
"chr4","58873372","58873659","chr8","9046244","9046533","60","49827128"
"chr4","58882683","58882994","chr6","58401318","58401635","16","481365"
"chr4","58905504","58905635","chr9","59223715","59223849","23","318211"
"chr4","58908646","58908943","chr4","153377554","153377856","52","94468908"
"chr4","58944747","58944951","chr6","58468361","58468565","4","476386"
"chr4","59158837","59159107","chr15","16747077","16747345","66","42411760"
"chr4","59470520","59470822","chr6","59027248","59027550","8","443272"
"chr4","59834498","59834807","chr16","49591319","49591627","58","10243179"
"chr4","59886149","59886423","chr6","59469404","59469678","11","416745"
"chr4","59932383","59932659","chr6","59511987","59512264","14","420396"
"chr4","60124986","60125295","chr6","59704245","59704556","12","420741"
"chr4","60255097","60255224","chrX","96912289","96912418","18","36657192"
"chr4","60402173","60402473","chr6","59994840","59995149","17","407333"
"chr4","60407944","60408261","chr6","60000771","60001073","19","407173"
"chr4","60648369","60648493","chr1","124061221","124061336","56","63412852"
"chr4","60910970","60911232","chr6","60526669","60526929","8","384301"
"chr4","61166452","61166784","chr6","60783203","60783505","34","383249"
"chr4","61169051","61169368","chr6","60785786","60786077","30","383265"
"chr4","61204890","61205001","chr3","39551707","39551823","27","21653183"
"chr4","61205041","61205052","chr6","128359960","128359970","3","67154919"
"chr4","61242126","61242386","chr6","60859195","60859491","38","382931"
"chr4","61276529","61276839","chr6","60892800","60893112","22","383729"
"chr4","61318432","61318735","chr6","60935105","60935408","6","383327"
"chr4","61351769","61352059","chr6","60971460","60971751","5","380309"
"chr4","61389562","61389703","chr6","61008972","61009118","10","380590"
"chr4","61422488","61422770","chr6","61040097","61040380","8","382391"
"chr4","61423299","61423603","chr6","61040908","61041215","8","382391"
"chr4","61439657","61439964","chr14","103256715","103257018","58","41817058"
"chr4","61542278","61542471","chr8","35285976","35286158","55","26256302"
"chr4","61574148","61574397","chr6","61189800","61190040","12","384348"
"chr4","61581095","61581389","chr6","61203241","61203547","15","377854"
"chr4","61593451","61593730","chr6","61215352","61215629","5","378099"
"chr4","61682704","61682820","chr6","61299655","61299771","3","383049"
"chr4","61693592","61693812","chr6","61310838","61311051","13","382754"
"chr4","61833282","61833584","chr6","61455298","61455609","16","377984"
"chr4","61879820","61879944","chr13","119464952","119465076","12","57585132"
"chr4","61906314","61906646","chr6","61529098","61529430","9","377216"
"chr4","61932428","61932687","chr7","38649905","38650168","58","23282523"
"chr4","61942919","61943223","chr6","61563398","61563702","9","379521"
"chr4","61952374","61952664","chr6","61573615","61573906","9","378759"
"chr4","61964688","61964827","chr6","61586747","61586886","0","377941"
"chr4","62019878","62020174","chr2","172913754","172914059","64","110893876"
"chr4","62026030","62026323","chr20","25681394","25681683","58","36344636"
"chr4","62034224","62034333","chr6","61657320","61657428","4","376904"
"chr4","62055186","62055478","chr6","61678152","61678444","4","377034"
"chr4","62063057","62063346","chr6","61687904","61688193","7","375153"
"chr4","62103128","62103287","chr6","61727972","61728109","24","375156"
"chr4","62116894","62117191","chr6","42299250","42299556","57","19817644"
"chr4","62132767","62133063","chr6","61754956","61755261","16","377811"
"chr4","62164334","62164602","chr7","46624407","46624690","67","15539927"
"chr4","62173278","62173558","chr7","124024334","124024619","59","61851056"
"chr4","62181310","62181413","chr19","36647859","36647955","17","25533451"
"chr4","62181447","62181631","chr11","82940215","82940392","53","20758768"
"chr4","62238944","62239104","chr1","31276826","31276986","40","30962118"
"chr4","62255207","62255344","chr13","23478501","23478640","32","38776706"
"chr4","62255345","62255391","chr11","104618562","104618606","7","42363217"
"chr4","62326306","62326608","chr1","213898854","213899145","76","151572548"
"chr4","62334512","62334631","chr6","61966436","61966556","5","368076"
"chr4","62335692","62335996","chr6","61967518","61967822","4","368174"
"chr4","62375923","62376213","chr6","62008074","62008364","3","367849"
"chr4","62406000","62406312","chr6","62038804","62039113","9","367196"
"chr4","62428678","62428975","chr6","62061463","62061758","5","367215"
"chr4","62632426","62632646","chr6","62264928","62265146","6","367498"
"chr4","62755183","62755492","chr6","62394083","62394395","13","361100"
"chr4","62805814","62806128","chr6","62443123","62443438","13","362691"
"chr4","62837295","62837580","chr6","62474284","62474559","17","363011"
"chr4","62966519","62966682","chr6","62603019","62603180","5","363500"
"chr4","63043395","63043699","chr6","62679928","62680233","14","363467"
"chr4","63115825","63115976","chr6","62752414","62752587","24","363411"
"chr4","63138722","63139019","chr11","121847744","121848041","69","58709022"
"chr4","63338560","63338704","chr6","62977769","62977920","11","360791"
"chr4","63349890","63350189","chr6","62989124","62989413","22","360766"
"chr4","63489144","63489422","chr6","63128573","63128880","38","360571"
"chr4","63756567","63756861","chr6","63406017","63406311","4","350550"
"chr4","63824650","63824831","chr6","63473601","63473776","8","351049"
"chr4","63947838","63948135","chr6","63602356","63602653","6","345482"
"chr4","64097740","64098013","chr6","63762362","63762636","5","335378"
"chr4","64106527","64106800","chr6","63762362","63762636","5","344165"
"chr4","64147426","64147707","chr6","63805804","63806085","14","341622"
"chr4","64205892","64206178","chr6","63865713","63865997","11","340179"
"chr4","64309296","64309437","chr7","33754309","33754457","28","30554987"
"chr4","64426359","64426660","chr6","64086871","64087171","12","339488"
"chr4","64533481","64533792","chr6","64194421","64194733","8","339060"
"chr4","64880007","64880164","chr6","64544707","64544862","2","335300"
"chr4","65050662","65050969","chr11","111557871","111558181","57","46507209"
"chr4","65076258","65076419","chr16","65672598","65672756","31","596340"
"chr4","65091904","65092197","chr6","64758524","64758824","11","333380"
"chr4","65161282","65161575","chr6","64835375","64835664","14","325907"
"chr4","65161658","65161877","chr6","64835747","64835966","7","325911"
"chr4","65183376","65183666","chr6","64851259","64851574","38","332117"
"chr4","65183905","65184195","chr6","64851820","64852110","7","332085"
"chr4","65193619","65193926","chr6","64861688","64861997","7","331931"
"chr4","65209735","65209938","chr6","64878430","64878634","4","331305"
"chr4","65212218","65212390","chr6","64880977","64881142","11","331241"
"chr4","65228528","65228812","chr6","64895763","64896046","9","332765"
"chr4","65229145","65229445","chr6","64896374","64896671","15","332771"
"chr4","65232043","65232323","chr6","64899989","64900268","7","332054"
"chr4","65235368","65235627","chr6","64903478","64903737","8","331890"
"chr4","65238499","65238633","chr1","38250718","38250853","20","26987781"
"chr4","65247464","65247746","chr6","64915247","64915529","12","332217"
"chr4","65259029","65259223","chr6","64919719","64919913","3","339310"
"chr4","65275049","65275187","chr6","64935339","64935477","3","339710"
"chr4","65296522","65296803","chr6","64956551","64956822","17","339971"
"chr4","65303861","65303997","chr9","34873639","34873773","26","30430222"
"chr4","65305025","65305192","chr6","64968070","64968235","7","336955"
"chr4","65316073","65316221","chr13","69627522","69627672","29","4311449"
"chr4","65332883","65333195","chr6","64994953","64995266","12","337930"
"chr4","65345931","65346220","chr6","65007513","65007803","9","338418"
"chr4","65346271","65346524","chr6","65007804","65008087","36","338467"
"chr4","65361948","65362255","chr4","69376577","69376888","64","4014629"
"chr4","65367993","65368290","chr6","65030762","65031058","7","337231"
"chr4","65372172","65372304","chr11","111580097","111580231","20","46207925"
"chr4","65375940","65376262","chr6","65039019","65039342","14","336921"
"chr4","65384317","65384597","chr6","65047236","65047526","17","337081"
"chr4","65386687","65386987","chr6","65049844","65050142","13","336843"
"chr4","65407116","65407431","chr1","219655392","219655692","62","154248276"
"chr4","65412501","65412650","chr1","166516575","166516724","31","101104074"
"chr4","65420986","65421275","chr6","65089017","65089307","6","331969"
"chr4","65423426","65423742","chr6","65091469","65091785","8","331957"
"chr4","65437478","65437772","chr6","65116880","65117173","8","320598"
"chr4","65444909","65445179","chr6","65124702","65124970","18","320207"
"chr4","65449259","65449535","chr6","65129067","65129343","10","320192"
"chr4","65453862","65454129","chr6","65133636","65133900","9","320226"
"chr4","65458933","65459210","chr6","65138705","65138983","3","320228"
"chr4","65459717","65459989","chr6","65139494","65139764","6","320223"
"chr4","65461125","65461417","chr6","65140902","65141194","1","320223"
"chr4","65475182","65475495","chr6","65155446","65155719","43","319736"
"chr4","65476956","65477038","chrX","86625082","86625163","16","21148126"
"chr4","65480316","65480584","chr8","36758299","36758544","90","28722017"
"chr4","65484014","65484146","chr10","34291412","34291543","19","31192602"
"chr4","65538738","65538897","chr20","36156810","36156963","36","29381928"
"chr4","65539472","65539606","chrX","95852057","95852188","22","30312585"
"chr4","65548168","65548457","chrX","49546448","49546737","53","16001720"
"chr4","65558368","65558668","chr6","65248148","65248451","8","310220"
"chr4","65573985","65574121","chr6","65257366","65257502","2","316619"
"chr4","65577264","65577399","chr6","65260621","65260738","21","316643"
"chr4","65577689","65577863","chr6","65261077","65261223","36","316612"
"chr4","65600217","65600504","chr6","65284074","65284361","4","316143"
"chr4","65608505","65608660","chr6","65292529","65292684","2","315976"
"chr4","65640193","65640357","chr6","65325629","65325790","3","314564"
"chr4","65652457","65652587","chr6","65340078","65340208","0","312379"
"chr4","65664268","65664592","chr6","65348949","65349272","15","315319"
"chr4","65678698","65678991","chr6","65362348","65362634","17","316350"
"chr4","65714438","65714747","chr6","65399213","65399552","38","315225"
"chr4","65720366","65720490","chr6","65405335","65405455","7","315031"
"chr4","65722396","65722706","chr6","65407361","65407660","19","315035"
"chr4","65748487","65748622","chr6","65432548","65432680","10","315939"
"chr4","65752714","65753002","chr6","65436483","65436789","28","316231"
"chr4","65770511","65770810","chr6","65455824","65456120","18","314687"
"chr4","65772539","65772754","chr6","65457860","65458076","4","314679"
"chr4","65784307","65784456","chr6","65470683","65470832","8","313624"
"chr4","65788847","65788946","chr7","133870522","133870610","34","68081675"
"chr4","65813230","65813485","chr6","65499578","65499845","16","313652"
"chr4","65820126","65820235","chr15","71195076","71195182","17","5374950"
"chr4","65820265","65820431","chr13","103017259","103017422","34","37196994"
"chr4","65821276","65821570","chr6","65507639","65507934","6","313637"
"chr4","65821651","65821932","chr6","65508014","65508294","4","313637"
"chr4","65825860","65826018","chr6","118215101","118215251","37","52389241"
"chr4","65826321","65826456","chr1","135097790","135097920","25","69271469"
"chr4","65833806","65834123","chr6","65519923","65520240","3","313883"
"chr4","65837388","65837677","chr6","65523493","65523786","9","313895"
"chr4","65837899","65838205","chr6","65523967","65524264","11","313932"
"chr4","65861115","65861411","chr6","65548517","65548813","5","312598"
"chr4","65865973","65866133","chr6","65553413","65553573","3","312560"
"chr4","65878323","65878453","chr6","65565763","65565893","0","312560"
"chr4","65904743","65905003","chr10","30684146","30684394","61","35220597"
"chr4","65921166","65921333","chr4","71614142","71614285","50","5692976"
"chr4","65929736","65929982","chr6","65616857","65617103","4","312879"
"chr4","65963577","65963885","chr6","65652874","65653184","11","310703"
"chr4","65971415","65971541","chr1","156838459","156838578","30","90867044"
"chr4","65976960","65977064","chr6","65666132","65666215","23","310828"
"chr4","65997900","65998193","chr6","65687169","65687463","9","310731"
"chr4","66001162","66001337","chr6","65690499","65690668","8","310663"
"chr4","66024461","66024718","chr9","26002595","26002866","70","40021866"
"chr4","66029152","66029346","chr6","65725261","65725456","2","303891"
"chr4","66031904","66032072","chr6","65728016","65728184","4","303888"
"chr4","66034100","66034396","chr6","65730215","65730511","8","303885"
"chr4","66041604","66041738","chr1","5234348","5234479","19","60807256"
"chr4","66061880","66062188","chr19","28473075","28473382","60","37588805"
"chr4","66121716","66121987","chr6","65825784","65826060","8","295932"
"chr4","66156870","66157158","chr6","65862456","65862759","31","294414"
"chr4","66399816","66400113","chr6","66106413","66106712","11","293403"
"chr4","66429035","66429311","JH680086","220391","220672","50","66208644"
"chr4","66458040","66458339","chr1","11840155","11840450","61","54617885"
"chr4","66482636","66482771","chr6","66190631","66190766","2","292005"
"chr4","66520311","66520479","chr15","78950023","78950190","31","12429712"
"chr4","66520791","66520925","chr20","55689059","55689187","22","10831732"
"chr4","66540055","66540353","chr6","66247507","66247805","4","292548"
"chr4","66562999","66563298","chr6","66270441","66270744","7","292558"
"chr4","66589906","66590192","chr6","66297719","66298004","7","292187"
"chr4","66602162","66602327","chr9","110691610","110691774","30","44089448"
"chr4","66622622","66622929","chr6","66330116","66330434","22","292506"
"chr4","66661449","66661747","chr6","66368872","66369165","14","292577"
"chr4","66755096","66755249","chr11","41902354","41902511","35","24852742"
"chr4","66755559","66755666","chr7","58581024","58581115","32","8174535"
"chr4","66899089","66899383","chr6","66608962","66609275","25","290127"
"chr4","67132240","67132525","chr6","66851206","66851484","12","281034"
"chr4","67132780","67132936","chr6","66851732","66851890","4","281048"
"chr4","67138616","67138944","chr6","66857811","66858138","8","280805"
"chr4","67203952","67204245","chr6","66924689","66924965","24","279263"
"chr4","67259917","67260184","chr6","66980032","66980292","12","279885"
"chr4","67275950","67276234","chr6","66996414","66996702","11","279536"
"chr4","67318233","67318521","chr6","67040255","67040544","7","277978"
"chr4","67330858","67331122","chr6","67053000","67053266","7","277858"
"chr4","67332169","67332467","chr18","2474923","2475238","66","64857246"
"chr4","67440701","67441001","chr6","67160455","67160709","50","280246"
"chr4","67452038","67452296","chr20","10213779","10214041","53","57238259"
"chr4","67470192","67470484","chr6","67189967","67190260","8","280225"
"chr4","67476523","67476783","chr6","67196346","67196610","12","280177"
"chr4","67489927","67490231","chr6","67209778","67210087","15","280149"
"chr4","67501647","67501963","chr6","67221470","67221785","18","280177"
"chr4","67630247","67630357","chr2","44803220","44803330","19","22827027"
"chr4","67630398","67630542","chr7","40347217","40347363","32","27283181"
"chr4","67753977","67754145","chr6","67474117","67474287","14","279860"
"chr4","67776404","67776709","chr6","67496838","67497143","10","279566"
"chr4","67803489","67803558","chr6","67523619","67523695","11","279870"
"chr4","67817952","67818254","chr6","67538707","67538993","23","279245"
"chr4","67826015","67826136","chr1","93265880","93265997","19","25439865"
"chr4","67841144","67841267","chr6","67560591","67560714","4","280553"
"chr4","67922411","67922690","chr6","67640881","67641159","15","281530"
"chr4","68052051","68052226","chr6","67772583","67772757","2","279468"
"chr4","68053669","68053958","chr1","213936486","213936778","52","145882817"
"chr4","68102675","68103038","chr8","20975982","20976323","95","47126693"
"chr4","68124353","68124566","chr12","43092469","43092692","67","25031884"
"chr4","68183338","68183613","chr6","67904982","67905263","10","278356"
"chr4","68350704","68350827","chr6","68072156","68072279","1","278548"
"chr4","68706300","68706464","chr6","68429136","68429307","10","277164"
"chr4","68724683","68724984","chr6","68449762","68450063","4","274921"
"chr4","68772120","68772406","chr6","68498058","68498344","12","274062"
"chr4","68939229","68939379","chr20","20437126","20437275","29","48502103"
"chr4","68989856","68990040","chr6","68722281","68722465","7","267575"
"chr4","69104654","69104885","chr6","68837551","68837780","10","267103"
"chr4","69157581","69157736","chr6","68897755","68897914","8","259826"
"chr4","69189636","69189802","chr6","68929534","68929697","4","260102"
"chr4","69193471","69193651","chr6","68933442","68933622","3","260029"
"chr4","69229656","69229965","chr6","68969766","68970077","9","259890"
"chr4","69234124","69234425","chr6","68974229","68974537","10","259895"
"chr4","69240983","69241250","chr6","68981505","68981772","5","259478"
"chr4","69267228","69267527","chr6","69006904","69007210","9","260324"
"chr4","69315255","69315540","JH682036","324259","324541","62","68990996"
"chr4","69349956","69350016","chr10","46339394","46339450","18","23010562"
"chr4","69350043","69350121","chr8","138759427","138759502","19","69409384"
"chr4","69370738","69371043","chr6","42299250","42299556","51","27071488"
"chr4","69396347","69396644","chr11","128956277","128956576","51","59559930"
"chr4","69563978","69564234","chr6","69312918","69313177","8","251060"
"chr4","69592128","69592299","chr6","69340934","69341069","38","251194"
"chr4","69594736","69594889","chr6","69349546","69349702","4","245190"
"chr4","69601108","69601384","chr6","69356373","69356645","11","244735"
"chr4","69637783","69637959","chr6","69424069","69424231","17","213714"
"chr4","69638477","69638626","chr6","69424735","69424852","36","213742"
"chr4","69710262","69710483","chr6","69498067","69498281","12","212195"
"chr4","69719268","69719496","chr6","69507410","69507650","17","211858"
"chr4","69724377","69724606","chr6","69512630","69512859","4","211747"
"chr4","69760412","69760687","chr10","29980442","29980720","65","39779970"
"chr4","69776595","69776765","chr6","69564842","69565024","17","211753"
"chr4","69793637","69793935","chr6","69582009","69582309","6","211628"
"chr4","69847458","69847580","chr6","69638700","69638807","17","208758"
"chr4","69858408","69858654","chr6","69650681","69650925","8","207727"
"chr4","69864911","69865198","chr6","69656925","69657212","5","207986"
"chr4","69866116","69866369","chr8","40100191","40100453","64","29765925"
"chr4","69885653","69885951","chr6","69679196","69679492","12","206457"
"chr4","70025810","70026107","chr8","17847546","17847850","64","52178264"
"chr4","70027333","70027601","chr6","69819478","69819746","10","207855"
"chr4","70036204","70036334","chr6","69828356","69828486","3","207848"
"chr4","70068314","70068471","chr6","69864216","69864370","11","204098"
"chr4","70146345","70146508","chr2","73966444","73966606","36","3820099"
"chr4","70169537","70169847","chr6","69973598","69973880","45","195939"
"chr4","70402290","70402589","chr6","70212174","70212473","5","190116"
"chr4","70476732","70477039","chr6","70286611","70286918","8","190121"
"chr4","70593276","70593559","chr6","70402693","70402977","4","190583"
"chr4","70614961","70615085","chr6","70424693","70424817","5","190268"
"chr4","70615434","70615555","chr12","36653402","36653525","26","33962032"
"chr4","70641587","70641876","chr6","70452452","70452739","9","189135"
"chr4","70688115","70688408","chr6","70498144","70498450","20","189971"
"chr4","70715000","70715132","chr1","5234348","5234479","19","65480652"
"chr4","70725853","70725985","chr6","70538851","70538983","2","187002"
"chr4","70773949","70774261","chr6","70585905","70586216","7","188044"
"chr4","70793883","70794196","chr6","70606691","70607000","10","187192"
"chr4","70832708","70832885","chr6","70645562","70645738","3","187146"
"chr4","70877349","70877472","chr6","70689776","70689900","8","187573"
"chr4","70887754","70888056","chr6","70701299","70701601","5","186455"
"chr4","70939582","70939846","chr6","70752598","70752901","47","186984"
"chr4","71000352","71000665","chr6","70814261","70814570","7","186091"
"chr4","71057747","71058014","chr6","70873391","70873647","12","184356"
"chr4","71070978","71071252","chr6","70886901","70887172","6","184077"
"chr4","71072475","71072565","chr8","94909436","94909523","20","23836961"
"chr4","71072857","71073018","chr7","33550359","33550504","37","37522498"
"chr4","71080586","71080722","chr6","70896507","70896643","3","184079"
"chr4","71080723","71081056","chr6","70896644","70896972","15","184079"
"chr4","71090962","71091242","chr6","70907150","70907428","14","183812"
"chr4","71091555","71091863","chr20","29154550","29154846","48","41937005"
"chr4","71119365","71119607","chr19","6262160","6262405","59","64857205"
"chr4","71122066","71122332","chrX","11859598","11859874","62","59262468"
"chr4","71172809","71173089","chr6","70991595","70991890","22","181214"
"chr4","71184565","71184856","chr6","71003188","71003479","8","181377"
"chr4","71190964","71191265","chr6","71010528","71010825","16","180436"
"chr4","71210757","71210880","chr6","71030199","71030322","2","180558"
"chr4","71254404","71254535","chr6","71074594","71074725","5","179810"
"chr4","71262538","71262710","chr1","28517728","28517896","43","42744810"
"chr4","71262745","71262858","chr2","73846272","73846384","18","2583527"
"chr4","71264580","71264896","chr6","71084736","71085054","3","179844"
"chr4","71300591","71300741","chr6","169660932","169661076","45","98360341"
"chr4","71345176","71345357","chr6","71165050","71165233","6","180126"
"chr4","71367621","71367806","chr6","71183207","71183392","2","184414"
"chr4","71490249","71490535","chr6","71303574","71303860","4","186675"
"chr4","71664830","71665004","chr6","71478822","71478991","11","186008"
"chr4","71725536","71725845","chr6","71541827","71542131","11","183709"
"chr4","71792320","71792611","chr6","71609049","71609340","15","183271"
"chr4","71835938","71836256","chr6","71653362","71653690","17","182576"
"chr4","71881268","71881364","chr6","71699774","71699870","0","181494"
"chr4","71913644","71913768","chr6","71733274","71733402","10","180370"
"chr4","72188189","72188485","chr6","72014196","72014472","23","173993"
"chr4","72232801","72233115","chr2","32784888","32785199","61","39447913"
"chr4","72254653","72254935","chr6","72082318","72082588","18","172335"
"chr4","72265033","72265297","chr6","72092329","72092599","11","172704"
"chr4","72315492","72315744","chr2","40820567","40820827","71","31494925"
"chr4","72342205","72342369","chr6","72169694","72169858","1","172511"
"chr4","72475953","72476242","chr2","93331211","93331510","64","20855258"
"chr4","72488717","72489010","chr6","72318457","72318718","41","170260"
"chr4","72502856","72502993","chr6","72332604","72332741","1","170252"
"chr4","72502996","72503289","chr6","72332744","72333043","14","170252"
"chr4","72512430","72512727","chr6","72342103","72342410","20","170327"
"chr4","72534249","72534540","chr6","72364428","72364737","41","169821"
"chr4","72541898","72542067","chr6","72371749","72371914","7","170149"
"chr4","72548753","72549048","chr6","72378366","72378659","9","170387"
"chr4","72556818","72557096","chr2","49769646","49769911","63","22787172"
"chr4","72645852","72645979","chr13","124720578","124720710","21","52074726"
"chr4","72648191","72648320","chr4","13305947","13306077","22","59342244"
"chr4","72656746","72656928","chr6","72486557","72486739","3","170189"
"chr4","72703150","72703451","chr6","72542004","72542276","38","161146"
"chr4","72742440","72742690","chr6","72581264","72581510","6","161176"
"chr4","72837925","72838090","chr6","72679761","72679926","4","158164"
"chr4","72853543","72853665","chr6","72695642","72695764","5","157901"
"chr4","72946612","72946905","chr6","72786944","72787237","10","159668"
"chr4","72960202","72960509","chr6","72804359","72804660","12","155843"
"chr4","73017811","73018119","chr6","72862220","72862528","2","155591"
"chr4","73051615","73051897","chr6","72896122","72896404","5","155493"
"chr4","73102031","73102302","chr6","72948676","72948967","25","153355"
"chr4","73249092","73249226","chr6","73096659","73096777","16","152433"
"chr4","73255570","73255868","chr19","34888181","34888478","66","38367389"
"chr4","73324373","73324651","chr6","73170853","73171131","6","153520"
"chr4","73381668","73381944","chr6","73229637","73229916","6","152031"
"chr4","73396239","73396529","chr6","73243583","73243884","13","152656"
"chr4","73405380","73405511","chr6","73252757","73252888","3","152623"
"chr4","73411526","73411660","chr6","73259490","73259624","3","152036"
"chr4","73415598","73415876","chr6","73263571","73263849","5","152027"
"chr4","73446620","73446890","chr6","73295087","73295366","11","151533"
"chr4","73477832","73477949","chr11","82194346","82194455","42","8716514"
"chr4","73478556","73478695","chr7","42742260","42742396","23","30736296"
"chr4","73481104","73481221","chr6","73331140","73331257","3","149964"
"chr4","73493130","73493436","chr6","73342728","73343031","9","150402"
"chr4","73513696","73513812","chr6","73363431","73363547","1","150265"
"chr4","73521742","73521888","chr15","66234180","66234346","43","7287562"
"chr4","73528543","73528749","chr14","112869938","112870131","57","39341395"
"chr4","73534573","73534734","chr6","73383810","73383971","0","150763"
"chr4","73581576","73581699","chr6","73432357","73432480","4","149219"
"chr4","73597212","73597353","chr6","73447417","73447558","1","149795"
"chr4","73608444","73608758","chr6","73458689","73459024","33","149755"
"chr4","73630135","73630422","chr6","73480085","73480366","11","150050"
"chr4","73652352","73652513","chr13","68961194","68961354","27","4691158"
"chr4","73661214","73661518","chr6","73511662","73511964","10","149552"
"chr4","73679791","73680073","chr6","73530143","73530422","7","149648"
"chr4","73687524","73687833","chr6","73538262","73538563","14","149262"
"chr4","73755339","73755640","chr1","39654971","39655275","68","34100368"
"chr4","73759352","73759611","chr17","77232069","77232309","58","3472717"
"chr4","73776003","73776132","chr6","73626649","73626778","1","149354"
"chr4","73784931","73785053","chr6","73635370","73635491","2","149561"
"chr4","73800281","73800595","chr6","73650349","73650670","16","149932"
"chr4","73803563","73803861","chr1","178000177","178000465","63","104196614"
"chr4","73822592","73822667","chr4","105725877","105725953","11","31903285"
"chr4","73917184","73917457","chr6","73763910","73764181","12","153274"
"chr4","73927178","73927490","chr6","73773601","73773913","8","153577"
"chr4","74121958","74122253","chr6","73969688","73969983","5","152270"
"chr4","74206293","74206532","chr6","74053944","74054183","5","152349"
"chr4","74241653","74241778","chr5","79733652","79733772","29","5491999"
"chr4","74242070","74242252","chr5","38150450","38150621","39","36091620"
"chr4","74279482","74279710","chr17","77232069","77232309","59","2952587"
"chr4","74291257","74291398","chr6","74143213","74143349","10","148044"
"chr4","74325410","74325699","chr6","74180650","74180938","8","144760"
"chr4","74328884","74329186","chr6","74156024","74156319","15","172860"
"chr4","74340305","74340425","chr8","47474366","47474489","25","26865939"
"chr4","74350277","74350553","chr6","74202214","74202496","15","148063"
"chr4","74364467","74364614","chr6","74216848","74216996","4","147619"
"chr4","74383832","74384172","chr6","74236917","74237257","8","146915"
"chr4","74386590","74386915","chr9","35146460","35146769","70","39240130"
"chr4","74398377","74398566","chr6","74251405","74251592","6","146972"
"chr4","74417029","74417312","chr6","74270474","74270757","6","146555"
"chr4","74424453","74424757","chr6","74278137","74278443","8","146316"
"chr4","74436444","74436567","chr2","135332242","135332364","16","60895798"
"chr4","74461871","74462171","chr6","74314313","74314596","24","147558"
"chr4","74471608","74471889","chr11","61388611","61388889","66","13082997"
"chr4","74476930","74477050","chr6","74330357","74330477","1","146573"
"chr4","74486607","74486918","chr6","74339775","74340070","20","146832"
"chr4","74494228","74494350","chr6","74347417","74347538","5","146811"
"chr4","74498480","74498789","chr6","74357139","74357448","6","141341"
"chr4","74522387","74522648","chr6","74382044","74382298","11","140343"
"chr4","74540174","74540474","chr6","74400568","74400869","8","139606"
"chr4","74545554","74545682","chr9","92987635","92987770","30","18442081"
"chr4","74552848","74553135","chr3","42534940","42535235","80","32017908"
"chr4","74555889","74556055","chrX","19260826","19260981","48","55295063"
"chr4","74584806","74585093","chr6","74445406","74445693","3","139400"
"chr4","74599914","74600195","chr11","112288387","112288682","65","37688473"
"chr4","74631210","74631522","chr6","74491965","74492277","9","139245"
"chr4","74635275","74635387","chr6","74496018","74496130","3","139257"
"chr4","74636313","74636614","chr6","74497070","74497370","3","139243"
"chr4","74641259","74641382","chr6","74502016","74502139","0","139243"
"chr4","74645628","74645909","chr10","28976196","28976475","70","45669432"
"chr4","74655536","74655809","chr6","74516118","74516391","7","139418"
"chr4","74656072","74656357","chr6","74517228","74517513","9","138844"
"chr4","74677453","74677759","chr6","74537196","74537504","12","140257"
"chr4","74750107","74750243","chr2","155937718","155937853","23","81187611"
"chr4","74750543","74750659","chrX","122870871","122870984","32","48120328"
"chr4","74756126","74756400","chr6","74616807","74617082","7","139319"
"chr4","74776433","74776723","chr6","74637100","74637392","13","139333"
"chr4","74819316","74819541","chr6","74679772","74679995","3","139544"
"chr4","74852772","74853059","chr6","74713406","74713690","8","139366"
"chr4","74880417","74880554","chr8","63434865","63435005","34","11445552"
"chr4","74920014","74920303","chr10","80474500","80474776","66","5554486"
"chr4","74979664","74979787","chr6","74838748","74838871","1","140916"
"chr4","75061933","75062234","chr9","35073765","35074063","66","39988168"
"chr4","75063457","75063754","chr6","74931336","74931632","15","132121"
"chr4","75066943","75067109","chr8","18227257","18227416","34","56839686"
"chr4","75072891","75073045","chr1","185625169","185625322","32","110552278"
"chr4","75073355","75073498","chr7","15523849","15523987","26","59549506"
"chr4","75077635","75077935","chr6","74945395","74945705","19","132240"
"chr4","75111970","75112243","chr6","74980587","74980859","5","131383"
"chr4","75125618","75125777","chr3","111537508","111537663","41","36411890"
"chr4","75125778","75126069","chr13","68324947","68325237","50","6800831"
"chr4","75126070","75126208","chr2","93422976","93423115","31","18296906"
"chr4","75189567","75189857","chr6","75060615","75060920","22","128952"
"chr4","75208538","75208709","chr5","1967140","1967311","32","73241398"
"chr4","75254287","75254587","chr6","75125578","75125876","8","128709"
"chr4","75268970","75269286","chr6","75140299","75140622","13","128671"
"chr4","75423827","75423990","chr6","75302981","75303145","2","120846"
"chr4","75465982","75466258","chr6","75348595","75348871","3","117387"
"chr4","75528834","75529141","chr6","75412331","75412640","9","116503"
"chr4","75534697","75535001","chr6","75418199","75418503","3","116498"
"chr4","75573738","75574037","chr6","75457543","75457846","8","116195"
"chr4","75687185","75687484","chr6","75573317","75573615","6","113868"
"chr4","75719645","75719927","chr6","75606431","75606712","9","113214"
"chr4","75752484","75752780","chr6","75641091","75641382","13","111393"
"chr4","75778567","75778838","chr6","75667131","75667407","8","111436"
"chr4","75779418","75779732","chr6","75667990","75668304","4","111428"
"chr4","75889513","75889759","chr6","75781214","75781455","9","108299"
"chr4","75950727","75951035","chr1","33809672","33809974","65","42141055"
"chr4","76100860","76100983","chr6","75990624","75990747","2","110236"
"chr4","76106724","76107001","chr6","75996781","75997058","6","109943"
"chr4","76114957","76115251","chr6","76005038","76005308","50","109919"
"chr4","76119571","76119866","chr6","76010028","76010324","7","109543"
"chr4","76135291","76135580","chr6","76025889","76026184","8","109402"
"chr4","76276540","76276674","chr6","76176676","76176811","3","99864"
"chr4","76341029","76341336","chr6","76240261","76240577","21","100768"
"chr4","76414467","76414592","chr6","76313015","76313140","3","101452"
"chr4","76441998","76442306","chr6","76341384","76341691","10","100614"
"chr4","76653719","76653900","chr3","39637535","39637706","39","37016184"
"chr4","76667274","76667455","chr3","39637535","39637706","39","37029739"
"chr4","76930305","76930429","chr6","76837755","76837879","3","92550"
"chr4","76964637","76964932","chr6","76872377","76872672","3","92260"
"chr4","77006021","77006290","chr6","76917265","76917535","12","88756"
"chr4","77201703","77201877","chr6","77111896","77112070","3","89807"
"chr4","77322291","77322347","chr3","44192432","44192486","11","33129859"
"chr4","77349087","77349366","chr6","77257450","77257723","10","91637"
"chr4","77351611","77351774","chr6","77259971","77260136","7","91640"
"chr4","77459295","77459592","chr6","77370747","77371045","9","88548"
"chr4","77595682","77595965","chr6","77510298","77510569","20","85384"
"chr4","77642283","77642431","chr6","77556893","77557041","3","85390"
"chr4","77859272","77859419","chr4","153422777","153422925","36","75563505"
"chr4","78022155","78022474","chr6","77942672","77942998","19","79483"
"chr4","78378379","78378685","chr6","78300667","78300972","3","77712"
"chr4","78384899","78385206","chr6","78307504","78307812","5","77395"
"chr4","78677977","78678142","chr6","78605430","78605594","4","72547"
"chr4","78706881","78707172","chr6","78633610","78633904","13","73271"
"chr4","78846547","78846671","chr6","78769352","78769475","2","77195"
"chr4","79036186","79036280","chr6","78962048","78962142","2","74138"
"chr4","79105213","79105502","chrX","44337155","44337439","59","34768058"
"chr4","79122599","79122742","chr6","79051742","79051885","4","70857"
"chr4","79218337","79218636","chr1","192069174","192069469","71","112850837"
"chr4","79300846","79301009","chr7","121254394","121254564","36","41953548"
"chr4","79426491","79426686","chr1","159094270","159094464","48","79667779"
"chr4","79620022","79620285","chr6","79568152","79568413","14","51870"
"chr4","79626867","79627096","chr6","79574711","79574941","9","52156"
"chr4","79655340","79655627","chr6","79608391","79608687","24","46949"
"chr4","79865942","79866073","chr7","15763253","15763384","26","64102689"
"chr4","79866362","79866568","chr9","83593024","83593225","59","3726662"
"chr4","79883112","79883236","chr6","79848389","79848513","3","34723"
"chr4","79980672","79980985","chr6","79948318","79948630","11","32354"
"chr4","80176641","80176780","chr6","80180437","80180576","5","3796"
"chr4","80244658","80244786","chr6","80644101","80644229","10","399443"
"chr4","80410547","80410700","chr3","50749437","50749590","30","29661110"
"chr4","80410983","80411087","chr17","16507407","16507513","23","63903576"
"chr4","80606910","80607178","chr6","80272490","80272758","12","334420"
"chr4","80622211","80622355","chr20","67039160","67039303","31","13583051"
"chr4","80622659","80622821","chr20","26457135","26457300","35","54165524"
"chr4","80817770","80818077","chr6","80847887","80848195","14","30117"
"chr4","80818254","80818454","chr1","38252740","38252919","63","42565514"
"chr4","80839585","80839861","chr6","80869571","80869847","6","29986"
"chr4","80865795","80865921","chr6","80896449","80896575","4","30654"
"chr4","80998818","80998981","chr6","81037813","81037972","6","38995"
"chr4","81083269","81083402","chr3","49847363","49847482","36","31235906"
"chr4","81101954","81102232","chr6","81141373","81141636","20","39419"
"chr4","81108965","81109081","chr9","110843528","110843640","25","29734563"
"chr4","81157019","81157285","chr6","81200474","81200739","9","43455"
"chr4","81174975","81175264","chr6","81218273","81218568","15","43298"
"chr4","81196583","81196705","chr6","81239587","81239709","1","43004"
"chr4","81199009","81199320","chr11","116519123","116519427","67","35320114"
"chr4","81203213","81203587","chr6","81246607","81246941","47","43394"
"chr4","81223476","81223766","chr6","81267322","81267617","20","43846"
"chr4","81260550","81260835","chr6","81304528","81304813","7","43978"
"chr4","81280376","81280666","chr6","81324850","81325126","22","44474"
"chr4","81326130","81326253","chr1","52522560","52522684","26","28803570"
"chr4","81375161","81375443","chr6","81419390","81419667","13","44229"
"chr4","81784434","81784731","chr6","81848333","81848632","22","63899"
"chr4","81936847","81937149","chr6","82001826","82002122","18","64979"
"chr4","82117761","82118042","chr6","82193033","82193313","8","75272"
"chr4","82181456","82181584","chr6","82258025","82258153","2","76569"
"chr4","82209962","82210251","chr1","196612231","196612520","73","114402269"
"chr4","82243687","82243852","chr6","82320936","82321100","4","77249"
"chr4","82277666","82277823","chr6","82354940","82355070","27","77274"
"chr4","82283887","82284022","chr10","34291412","34291543","21","47992475"
"chr4","82284344","82284503","chr12","65839757","65839917","32","16444587"
"chr4","82299612","82299738","chr6","82376863","82376985","5","77251"
"chr4","82323268","82323577","chr6","82401296","82401607","9","78028"
"chr4","82401867","82402157","chr6","82483750","82484043","7","81883"
"chr4","82435912","82436204","chrX","1100456","1100742","76","81335456"
"chr4","82509503","82509812","chr2","88767598","88767907","62","6258095"
"chr4","82609538","82609857","chr6","82714721","82715040","6","105183"
"chr4","82633852","82634085","chr6","82737391","82737624","5","103539"
"chr4","82690784","82691090","chr6","82794339","82794645","10","103555"
"chr4","82729366","82729656","chr6","82832969","82833258","5","103603"
"chr4","82765374","82765635","chr6","82868016","82868277","3","102642"
"chr4","82954257","82954554","chr6","83057322","83057584","42","103065"
"chr4","82990140","82990443","chr6","83093427","83093735","12","103287"
"chr4","83021660","83021784","chr6","83125004","83125128","1","103344"
"chr4","83030020","83030308","chr6","83133357","83133645","8","103337"
"chr4","83148255","83148382","chr2","143610328","143610452","19","60462073"
"chr4","83207510","83207839","chr3","154158015","154158330","84","70950505"
"chr4","83211952","83212183","chr6","83316963","83317194","3","105011"
"chr4","83338903","83339220","chr19","44901522","44901811","97","38437381"
"chr4","83669562","83669856","chr9","95422486","95422771","62","11752924"
"chr4","83714852","83715017","chr6","83830065","83830227","12","115213"
"chr4","83717389","83717663","chr9","14876651","14876929","77","68840738"
"chr4","83865696","83865995","chr6","83977600","83977898","6","111904"
"chr4","84047358","84047508","chr17","51022776","51022924","40","33024582"
"chr4","84047763","84047787","chr3","5683934","5683952","12","78363829"
"chr4","84048112","84048289","chr3","38426461","38426617","49","45621651"
"chr4","84218567","84218863","chr5","78429725","78430023","63","5788842"
"chr4","84254440","84254589","chr2","88463646","88463792","29","4209206"
"chr4","84299106","84299422","chr2","73277329","73277656","84","11021777"
"chr4","84342626","84342930","chr6","84462755","84463061","5","120129"
"chr4","84364138","84364445","chr4","118376218","118376514","54","34012080"
"chr4","84390551","84390819","chr6","84512276","84512549","11","121725"
"chr4","84564067","84564182","chr9","13443061","13443177","23","71121006"
"chr4","84564217","84564379","chr2","21477489","21477653","42","63086728"
"chr4","84672549","84672826","chr6","84784575","84784851","8","112026"
"chr4","84779354","84779505","chr3","162621779","162621932","26","77842425"
"chr4","84780684","84780966","chr6","84892591","84892868","9","111907"
"chr4","84817833","84818095","chr6","84930274","84930529","15","112441"
"chr4","84903753","84903868","chr6","85016885","85017000","3","113132"
"chr4","84941115","84941424","chr6","85054093","85054394","17","112978"
"chr4","85110888","85111205","chr2","183672734","183673030","88","98561846"
"chr4","85119604","85119881","chr6","85239245","85239541","24","119641"
"chr4","85139003","85139096","chr13","26711829","26711923","16","58427174"
"chr4","85139415","85139657","chr15","74113365","74113590","54","11026050"
"chr4","85156482","85156566","chr6","85276068","85276152","1","119586"
"chr4","85173104","85173226","chr6","85293338","85293460","1","120234"
"chr4","85218270","85218400","chr6","85339010","85339140","1","120740"
"chr4","85225136","85225297","chr6","85346012","85346195","26","120876"
"chr4","85229443","85229723","chr1","5296135","5296412","79","79933308"
"chr4","85258622","85258893","chr6","85382813","85383085","7","124191"
"chr4","85267011","85267091","chr17","19308647","19308725","20","65958364"
"chr4","85273906","85273946","chr4","69318398","69318436","7","15955508"
"chr4","85274254","85274333","chr4","39047237","39047319","20","46227017"
"chr4","85305402","85305702","chr6","85429337","85429638","12","123935"
"chr4","85332097","85332440","chr6","85452585","85452920","18","120488"
"chr4","85333903","85334196","chr6","85454370","85454669","15","120467"
"chr4","85411573","85411851","chr6","85532764","85533041","4","121191"
"chr4","85445615","85445861","chr6","85568613","85568907","55","122998"
"chr4","85461409","85461637","chr14","101716849","101717071","63","16255440"
"chr4","85523253","85523553","chr11","110319987","110320283","63","24796734"
"chr4","85703875","85704155","chr6","85827197","85827477","4","123322"
"chr4","85710018","85710170","chr6","85833359","85833511","3","123341"
"chr4","85823048","85823342","chr6","85953544","85953837","8","130496"
"chr4","85989013","85989326","chr6","86120799","86121113","11","131786"
"chr4","86576634","86576803","chr6","86707254","86707426","6","130620"
"chr4","86651872","86651961","chr20","10547297","10547384","21","76104575"
"chr4","86707145","86707399","chr6","86844372","86844626","8","137227"
"chr4","87014114","87014236","chr20","14375979","14376102","12","72638135"
"chr4","87220544","87220708","chr6","87355178","87355351","16","134634"
"chr4","87260125","87260378","chr6","87396053","87396306","5","135928"
"chr4","87328269","87328591","chr6","87465435","87465757","4","137166"
"chr4","87512384","87512588","chr6","87652905","87653109","7","140521"
"chr4","87531814","87532107","chr6","87673530","87673825","4","141716"
"chr4","87654732","87655012","chr6","87794391","87794670","9","139659"
"chr4","87724331","87724627","chr6","87864765","87865069","21","140434"
"chr4","87741885","87742181","chr6","87882615","87882912","9","140730"
"chr4","87747283","87747443","chr6","87893112","87893274","11","145829"
"chr4","87797828","87798106","chr6","87943472","87943750","7","145644"
"chr4","87818906","87819179","chr6","87964443","87964716","6","145537"
"chr4","87847550","87847830","chr6","87990027","87990312","19","142477"
"chr4","87956080","87956232","chr6","88099056","88099209","3","142976"
"chr4","87960869","87961095","chr6","88103854","88104086","8","142985"
"chr4","87987250","87987566","chr6","88130283","88130599","7","143033"
"chr4","88020117","88020397","chr1","5072710","5072988","51","82947407"
"chr4","88065440","88065673","chr6","88209588","88209814","23","144148"
"chr4","88155713","88155880","chr6","88309193","88309356","6","153480"
"chr4","88165554","88165849","chr6","88319080","88319347","35","153526"
"chr4","88456222","88456389","chr6","88602885","88603052","4","146663"
"chr4","88491974","88492277","chr11","46631266","46631567","60","41860708"
"chr4","88546063","88546334","chr16","72696012","72696292","64","15850051"
"chr4","88546681","88546871","chr6","88695920","88696073","40","149239"
"chr4","88547174","88547317","chr2","68824787","68824929","28","19722387"
"chr4","88565532","88565836","chr4","101589619","101589923","63","13024087"
"chr4","88601947","88602234","chr6","88749862","88750155","14","147915"
"chr4","88614177","88614404","chr6","88762619","88762842","8","148442"
"chr4","88715617","88715922","chr6","88860653","88860972","20","145036"
"chr4","88948584","88948872","chr6","89093347","89093640","8","144763"
"chr4","89213923","89214231","chr6","89362332","89362635","14","148409"
"chr4","89460895","89461179","chr6","89606843","89607127","9","145948"
"chr4","89501013","89501312","chr15","22267869","22268169","49","67233144"
"chr4","89513745","89513951","chr15","1347930","1348134","49","88165815"
"chr4","89571323","89571606","chr6","89716015","89716301","14","144692"
"chr4","89614293","89614571","chr6","89758822","89759100","6","144529"
"chr4","89810493","89810694","chr6","89952688","89952912","27","142195"
"chr4","89966972","89967168","chr6","90113833","90114033","8","146861"
"chr4","90057272","90057543","chr6","90204354","90204628","20","147082"
"chr4","90303072","90303372","chr6","65047236","65047526","61","25255836"
"chr4","90431606","90431912","chr6","90600004","90600307","11","168398"
"chr4","90556807","90557115","chr6","90724948","90725259","7","168141"
"chr4","90558584","90558885","chr6","90726498","90726799","8","167914"
"chr4","90558953","90559217","chr6","90726867","90727131","5","167914"
"chr4","90588349","90588613","chr6","90756590","90756893","47","168241"
"chr4","90765325","90765624","chr6","90936266","90936564","10","170941"
"chr4","90823306","90823585","chr1","27534966","27535256","78","63288340"
"chr4","90844066","90844341","chr6","91018267","91018587","48","174201"
"chr4","90846597","90846915","chr6","91020854","91021168","17","174257"
"chr4","90907604","90907920","chr10","15629287","15629598","58","75278317"
"chr4","90937647","90937928","chr6","91119234","91119520","14","181587"
"chr4","90995159","90995453","chr6","91173778","91174071","11","178619"
"chr5","14680013","14680320","chr20","14603344","14603656","18","76669"
"chr5","17694498","17694797","chr20","17590368","17590666","13","104130"
"chr5","53608220","53608521","chr20","56061360","56061628","43","2453140"
"chr5","63569869","63570154","chr20","59863543","59863826","11","3706326"
"chr5","63832024","63832326","chr20","60127768","60128055","25","3704256"
"chr5","51839","52107","chr19","32763131","32763408","56","32711292"
"chr5","129119","129414","chr20","53892","54186","13","75227"
"chr5","142526","142817","chr20","62546","62839","19","79980"
"chr5","152177","152452","chr20","73709","73984","11","78468"
"chr5","160484","160779","chr20","83407","83702","7","77077"
"chr5","160879","161022","chr20","83802","83944","6","77077"
"chr5","178051","178085","chr16","51874120","51874153","6","51696069"
"chr5","178396","178539","chr15","7461808","7461949","29","7283412"
"chr5","182349","182620","chr20","41199850","41200130","76","41017501"
"chr5","187852","188170","chr20","117586","117879","39","70266"
"chr5","191728","191904","chr10","15153261","15153421","56","14961533"
"chr5","215633","215792","chr20","149376","149534","7","66257"
"chr5","242016","242169","chr1","38250718","38250853","37","38008702"
"chr5","260303","260474","chr20","195582","195754","10","64721"
"chr5","265921","266065","chr20","201312","201456","1","64609"
"chr5","274550","274825","chr20","211634","211909","10","62916"
"chr5","276491","276787","chr20","213580","213875","6","62911"
"chr5","292048","292350","chr20","232364","232666","6","59684"
"chr5","299086","299395","chr16","68930266","68930576","62","68631180"
"chr5","336867","337027","chr20","279644","279804","6","57223"
"chr5","348397","348681","chr20","290661","290950","14","57736"
"chr5","358152","358231","chr20","300206","300288","7","57946"
"chr5","367962","368094","chr20","306506","306638","1","61456"
"chr5","381353","381548","chr1","2133543","2133734","42","1752190"
"chr5","390574","390701","chr20","348143","348270","2","42431"
"chr5","437084","437207","chr20","390739","390862","1","46345"
"chr5","445557","445839","chr11","11407837","11408118","56","10962280"
"chr5","521878","522081","chr3","48359472","48359679","45","47837594"
"chr5","530683","530969","chr20","486659","486945","7","44024"
"chr5","574523","574838","chr20","534586","534902","21","39937"
"chr5","675639","675927","chr20","637725","638013","9","37914"
"chr5","730257","730535","chr20","690463","690741","7","39794"
"chr5","730614","730754","chr20","17120549","17120689","18","16389935"
"chr5","768300","768603","chr20","730874","731185","23","37426"
"chr5","775568","775759","chr20","738190","738394","21","37378"
"chr5","786586","786843","chr20","749939","750201","11","36647"
"chr5","900120","900417","chr20","863986","864291","25","36134"
"chr5","910792","911084","chr20","874342","874616","32","36450"
"chr5","926428","926720","chr20","874342","874616","32","52086"
"chr5","943796","944096","chr20","902064","902361","19","41732"
"chr5","954973","955286","chr20","913223","913533","24","41750"
"chr5","978978","979252","chr20","938190","938464","9","40788"
"chr5","1147431","1147719","chr20","1113390","1113689","23","34041"
"chr5","1148278","1148503","chr4","1260164","1260384","41","111886"
"chr5","1148635","1148755","chr1","52522560","52522684","22","51373925"
"chr5","1152794","1152926","chr4","85820506","85820634","19","84667712"
"chr5","1160518","1160808","chr20","1125830","1126130","20","34688"
"chr5","1212455","1212743","chr20","1181949","1182236","13","30506"
"chr5","1221963","1222256","chr20","1191231","1191527","13","30732"
"chr5","1268099","1268267","chr20","1237002","1237170","5","31097"
"chr5","1274144","1274456","chr20","1244002","1244312","16","30142"
"chr5","1274660","1274814","chr20","1244490","1244644","5","30170"
"chr5","1278461","1278773","chr20","1244002","1244312","17","34459"
"chr5","1278977","1279131","chr20","1244490","1244644","5","34487"
"chr5","1302030","1302158","chr20","1269035","1269163","2","32995"
"chr5","1315237","1315365","chr20","1283774","1283900","4","31463"
"chr5","1361457","1361727","chr20","1331076","1331340","17","30381"
"chr5","1371985","1372295","chr20","1341710","1342016","14","30275"
"chr5","1376347","1376423","chr2","149300761","149300836","12","147924414"
"chr5","1376713","1376925","chr7","87924096","87924326","65","86547383"
"chr5","1377238","1377248","chr6","128359960","128359970","2","126982722"
"chr5","1435856","1436148","chr20","1406154","1406446","6","29702"
"chr5","1463833","1464082","chrX","56787898","56788144","54","55324065"
"chr5","1489418","1489740","chr20","1459739","1460049","25","29679"
"chr5","1520228","1520349","chr20","1491958","1492078","3","28270"
"chr5","1611922","1612216","chr20","1581717","1582012","9","30205"
"chr5","1630754","1631071","chr7","133031227","133031534","65","131400473"
"chr5","1639594","1639930","chr20","1615263","1615599","13","24331"
"chr5","1664930","1665054","chr1","52522560","52522684","18","50857630"
"chr5","1665102","1665264","chrX","41653636","41653796","34","39988534"
"chr5","1692746","1693039","chr20","1666692","1666985","15","26054"
"chr5","1716978","1717271","chr20","1684157","1684453","13","32821"
"chr5","1769220","1769502","chr20","1749872","1750155","14","19348"
"chr5","1770033","1770139","chr6","132399974","132400083","16","130629941"
"chr5","1782416","1782708","chr20","1764314","1764606","7","18102"
"chr5","1787645","1787944","chr20","1768558","1768840","46","19087"
"chr5","1797238","1797552","chr12","89892772","89893075","64","88095534"
"chr5","1804481","1804791","chr20","1788618","1788928","13","15863"
"chr5","1827740","1828008","chr20","1813900","1814170","15","13840"
"chr5","1830214","1830354","chr20","1813774","1813899","19","16440"
"chr5","1830648","1830698","chr16","73935948","73935994","9","72105300"
"chr5","1848653","1848952","chr4","151886897","151887193","53","150038244"
"chr5","1864009","1864126","chr20","1849530","1849638","16","14479"
"chr5","1878496","1878802","chr20","1863014","1863298","41","15482"
"chr5","1893791","1894056","chr20","1879477","1879739","8","14314"
"chr5","2016506","2016814","chr20","2006620","2006927","12","9886"
"chr5","2025401","2025681","chr20","2015993","2016272","9","9408"
"chr5","2082682","2082977","chr20","2073323","2073619","8","9359"
"chr5","2095950","2096111","chr20","2086805","2086964","4","9145"
"chr5","2116868","2117089","chr20","2110283","2110495","16","6585"
"chr5","2122138","2122311","chr17","5328638","5328796","45","3206500"
"chr5","2122915","2123080","chr3","162621779","162621932","43","160498864"
"chr5","2145041","2145328","chr20","2139585","2139872","13","5456"
"chr5","2188697","2188988","chr20","2185375","2185666","7","3322"
"chr5","2218492","2218610","chr20","2216218","2216337","6","2274"
"chr5","2225076","2225267","chr20","2222837","2223042","16","2239"
"chr5","2236256","2236562","chr20","2234801","2235094","16","1455"
"chr5","2255145","2255296","chr6","65261077","65261223","45","63005932"
"chr5","2255610","2255730","chr5","74292528","74292650","24","72036918"
"chr5","2292604","2292890","chr20","2304437","2304723","5","11833"
"chr5","2356692","2356986","chr20","2367885","2368178","7","11193"
"chr5","2357564","2357740","chr5","141019346","141019517","50","138661782"
"chr5","2358453","2358632","chr2","102200925","102201100","46","99842472"
"chr5","2377840","2377974","chr8","123557949","123558084","20","121180109"
"chr5","2378269","2378432","chr1","181459991","181460155","43","179081722"
"chr5","2395568","2395881","chr20","2413532","2413845","10","17964"
"chr5","2396028","2396151","chr20","2414002","2414125","1","17974"
"chr5","2408373","2408601","chr20","2426038","2426266","5","17665"
"chr5","2426740","2427028","chr20","2451442","2451725","9","24702"
"chr5","2448547","2448807","chr3","160653041","160653295","52","158204494"
"chr5","2474334","2474627","chr20","2527561","2527858","16","53227"
"chr5","2491957","2492071","chr5","35232384","35232498","18","32740427"
"chr5","2513463","2513740","chr20","2559095","2559372","5","45632"
"chr5","2560191","2560482","chr20","2603651","2603927","23","43460"
"chr5","2611405","2611674","chr20","2666963","2667232","2","55558"
"chr5","2646956","2647257","chr11","122267281","122267574","84","119620325"
"chr5","2652908","2653205","chr20","2705289","2705610","34","52381"
"chr5","2662036","2662120","chr8","85762168","85762249","17","83100132"
"chr5","2682468","2682593","chr20","2740946","2741070","4","58478"
"chr5","2703249","2703380","chrX","96912289","96912418","20","94209040"
"chr5","2704344","2704556","chr19","13047680","13047891","55","10343336"
"chr5","2704955","2705070","chr20","2763063","2763178","2","58108"
"chr5","2723575","2723627","chr6","171292289","171292340","11","168568714"
"chr5","2743685","2743995","chr14","32086481","32086788","58","29342796"
"chr5","2745033","2745313","chr20","2810784","2811066","11","65751"
"chr5","2779859","2779869","chr19","32678666","32678677","3","29898807"
"chr5","2779931","2780226","chr20","2846023","2846327","20","66092"
"chr5","2788928","2789220","chr20","2860401","2860695","7","71473"
"chr5","2790161","2790451","chr20","2861632","2861943","33","71471"
"chr5","2801936","2802262","chr20","2873342","2873668","8","71406"
"chr5","2826698","2826969","chr1","198473054","198473333","50","195646356"
"chr5","2828671","2828790","chr13","60075494","60075618","23","57246823"
"chr5","2829090","2829112","chr11","104617974","104617996","8","101788884"
"chr5","2829407","2829574","chr2","149789963","149790125","32","146960556"
"chr5","2887394","2887463","chr20","2955731","2955797","5","68337"
"chr5","2896419","2896609","chr20","2973487","2973678","10","77068"
"chr5","2896836","2897002","chr12","41394685","41394853","35","38497849"
"chr5","2897301","2897407","chr13","85907117","85907215","28","83009816"
"chr5","2921687","2921889","chr20","3000827","3001033","8","79140"
"chr5","2947942","2948220","chr20","3029874","3030155","14","81932"
"chr5","2953974","2954096","chr20","3035930","3036053","1","81956"
"chr5","2980160","2980462","chr20","3064414","3064732","20","84254"
"chr5","2981166","2981435","chr20","3065579","3065849","9","84413"
"chr5","2985452","2985736","chr20","3069653","3069938","7","84201"
"chr5","2986324","2986628","chr20","3070530","3070842","13","84206"
"chr5","2995410","2995537","chr9","26493639","26493762","23","23498229"
"chr5","2997739","2998004","chr20","3082407","3082673","5","84668"
"chr5","3000744","3000873","chr20","3085071","3085200","3","84327"
"chr5","3010392","3010694","chr20","3095037","3095335","18","84645"
"chr5","3015824","3015932","chr20","3100584","3100692","0","84760"
"chr5","3045426","3045701","chr20","3132081","3132352","8","86655"
"chr5","3050117","3050244","chr16","67566400","67566524","17","64516283"
"chr5","3055575","3055867","chr12","102922733","102923015","72","99867158"
"chr5","3097554","3097706","chr20","3190637","3190790","3","93083"
"chr5","3105321","3105618","chr20","3200280","3200580","8","94959"
"chr5","3115225","3115524","chr20","3210260","3210548","22","95035"
"chr5","3115842","3116124","chr20","3210877","3211158","12","95035"
"chr5","3118195","3118318","chr19","38273209","38273331","20","35155014"
"chr5","3119535","3119663","chr2","69213374","69213504","19","66093839"
"chr5","3119950","3120132","chr15","5969077","5969272","46","2849127"
"chr5","3149602","3149758","chr20","3243442","3243604","8","93840"
"chr5","3162014","3162290","chr20","3258132","3258409","21","96118"
"chr5","3189485","3189577","chr10","15670631","15670723","24","12481146"
"chr5","3189892","3189910","chr1","67208138","67208152","6","64018246"
"chr5","3200225","3200531","chr1","85860621","85860902","79","82660396"
"chr5","3204125","3204395","chr20","3301227","3301504","13","97102"
"chr5","3218581","3218718","chr14","97689298","97689429","25","94470717"
"chr5","3219036","3219205","chr6","27887980","27888146","32","24668944"
"chr5","3226385","3226681","chr20","3316704","3316999","3","90319"
"chr5","3266439","3266734","chr5","72941667","72941963","50","69675228"
"chr5","3271568","3271774","chr20","3367477","3367689","16","95909"
"chr5","3272201","3272510","chr20","3368434","3368717","36","96233"
"chr5","3273260","3273570","chr20","3369590","3369894","12","96330"
"chr5","3283993","3284291","chr20","3380110","3380408","9","96117"
"chr5","3317022","3317147","chr20","3413249","3413374","3","96227"
"chr5","3320249","3320388","chr16","28898721","28898841","56","25578472"
"chr5","3391736","3391972","chr20","3504739","3504978","10","113003"
"chr5","3398475","3398736","chr20","3512153","3512397","28","113678"
"chr5","3437450","3437710","chr20","3563446","3563706","4","125996"
"chr5","3445630","3445916","chr19","5714255","5714531","61","2268625"
"chr5","3518321","3518617","chr14","58286649","58286945","56","54768328"
"chr5","3533436","3533737","chr20","3653810","3654107","9","120374"
"chr5","3557629","3557946","chr20","3677909","3678208","25","120280"
"chr5","3574523","3574830","chr20","3692319","3692626","6","117796"
"chr5","3584282","3584392","chr20","3700762","3700866","10","116480"
"chr5","3587045","3587331","chr20","3696512","3696821","28","109467"
"chr5","3592891","3593043","chr16","20760127","20760260","37","17167236"
"chr5","3593337","3593489","chr3","50749437","50749590","27","47156100"
"chr5","3622606","3622920","chr20","3746767","3747080","13","124161"
"chr5","3629176","3629460","chr20","3754433","3754717","8","125257"
"chr5","3634626","3634985","chr20","3759538","3759896","12","124912"
"chr5","3651062","3651309","chr20","3776349","3776617","26","125287"
"chr5","3664953","3665244","chr20","3790652","3790944","17","125699"
"chr5","3700842","3701015","chr20","3831399","3831576","9","130557"
"chr5","3716724","3717031","chr20","3846429","3846732","13","129705"
"chr5","3717688","3717985","chr10","5011514","5011815","55","1293826"
"chr5","3719398","3719712","chr20","3849107","3849421","11","129709"
"chr5","3725312","3725445","chr20","3855027","3855160","3","129715"
"chr5","3726955","3727215","chr20","3857300","3857562","7","130345"
"chr5","3738975","3739107","chr20","3868776","3868908","6","129801"
"chr5","3768273","3768426","chr4","150711893","150712027","47","146943620"
"chr5","3785423","3785599","chr20","3914568","3914743","2","129145"
"chr5","3814777","3815066","chr20","3946560","3946849","9","131783"
"chr5","3827313","3827476","chr4","155000830","155000993","33","151173517"
"chr5","3827789","3827920","chr20","32381156","32381284","27","28553367"
"chr5","3830460","3830651","chr7","87895596","87895781","42","84065136"
"chr5","3830960","3831088","chr2","20006981","20007099","31","16176021"
"chr5","3836020","3836238","chr20","3972365","3972577","17","136345"
"chr5","3855189","3855294","chr12","91786155","91786261","27","87930966"
"chr5","3855901","3856100","chr9","83593024","83593225","53","79737123"
"chr5","3859637","3859715","chr5","49640568","49640647","16","45780931"
"chr5","3859974","3860150","chr19","48925399","48925561","44","45065425"
"chr5","3871487","3871795","chr20","4014377","4014673","19","142890"
"chr5","3873537","3873708","chr20","4016422","4016596","7","142885"
"chr5","3874004","3874050","chrX","142113776","142113818","19","138239772"
"chr5","3874338","3874469","chr20","4017552","4017678","8","143214"
"chr5","3877148","3877431","chr20","4020684","4020967","6","143536"
"chr5","3889344","3889647","chr20","4032720","4033028","14","143376"
"chr5","3890848","3891101","chr20","4034228","4034481","5","143380"
"chr5","3905597","3905895","chr11","116519123","116519427","65","112613526"
"chr5","3911534","3911837","chr20","4054182","4054493","23","142648"
"chr5","3918182","3918478","chr20","4062804","4063094","9","144622"
"chr5","3920468","3920742","chr20","4065082","4065356","9","144614"
"chr5","3932510","3932810","chr20","4077475","4077769","9","144965"
"chr5","3937228","3937496","chr20","4082777","4083044","10","145549"
"chr5","3939652","3939948","chr20","4085062","4085360","14","145410"
"chr5","3943326","3943614","chr20","4088655","4088947","25","145329"
"chr5","3956465","3956589","chrX","38461974","38462095","28","34505509"
"chr5","3958670","3958967","chr20","4105067","4105364","8","146397"
"chr5","3961272","3961556","chr20","4108679","4108970","12","147407"
"chr5","3963827","3963962","chr11","111580097","111580231","19","107616270"
"chr5","3964808","3964924","chr14","108061684","108061802","26","104096876"
"chr5","3965238","3965262","chr11","111777083","111777104","11","107811845"
"chr5","4032659","4032838","chr9","57896734","57896903","43","53864075"
"chr5","4033200","4033296","chr20","26083542","26083634","19","22050342"
"chr5","4039392","4039518","chr20","4186696","4186822","3","147304"
"chr5","4086883","4087176","chr20","4233214","4233507","10","146331"
"chr5","4111837","4111960","chr20","4258986","4259109","5","147149"
"chr5","4115012","4115140","chr20","4262170","4262298","1","147158"
"chr5","4128851","4129173","chr20","4267531","4267846","18","138680"
"chr5","4143880","4144195","chr20","4293395","4293710","10","149515"
"chr5","4144596","4144887","chr20","4294108","4294404","26","149512"
"chr5","4144891","4145029","chr20","4294409","4294541","12","149518"
"chr5","4176418","4176713","chr20","4326997","4327291","13","150579"
"chr5","4178495","4178802","chr20","4329021","4329328","10","150526"
"chr5","4182563","4182898","chr11","111446387","111446698","82","107263824"
"chr5","4188249","4188535","chr20","4338732","4339023","13","150483"
"chr5","4228457","4228735","chr3","44184749","44185025","61","39956292"
"chr5","4233553","4233859","chr20","4385261","4385567","9","151708"
"chr5","4236652","4236925","chr20","4388371","4388644","13","151719"
"chr5","4238108","4238230","chr6","74838748","74838871","19","70600640"
"chr5","4244748","4245016","chr20","4396594","4396862","12","151846"
"chr5","4248200","4248501","chr3","40135605","40135904","56","35887405"
"chr5","4250393","4250562","chr20","4403048","4403217","0","152655"
"chr5","4251750","4252041","chr20","4404406","4404694","10","152656"
"chr5","4276323","4276445","chr20","4431361","4431482","2","155038"
"chr5","4282686","4282860","chr20","4437924","4438099","19","155238"
"chr5","4284946","4285234","chr20","4440397","4440684","14","155451"
"chr5","4288869","4289154","chr20","4444231","4444505","18","155362"
"chr5","4317666","4317969","chr20","4474016","4474320","9","156350"
"chr5","4326643","4326797","chr6","14081369","14081518","30","9754726"
"chr5","4327101","4327241","chr3","12670795","12670940","35","8343694"
"chr5","4327936","4328215","chr20","4489751","4490049","24","161815"
"chr5","4342314","4342602","chr7","40625467","40625756","61","36283153"
"chr5","4384884","4385035","chr20","4548834","4548985","2","163950"
"chr5","4390616","4390908","chr20","4553934","4554227","15","163318"
"chr5","4427849","4428002","chr20","4596254","4596405","6","168405"
"chr5","4429964","4430122","chr6","101935951","101936107","30","97505987"
"chr5","4430409","4430540","chr14","32516296","32516428","19","28085887"
"chr5","4431962","4432120","chr20","4598652","4598810","3","166690"
"chr5","4433378","4433665","chr1","85860621","85860902","49","81427243"
"chr5","4438514","4438824","chr20","4605993","4606291","28","167479"
"chr5","4457986","4457998","chr2","6035060","6035071","10","1577074"
"chr5","4458117","4458374","chr1","16025115","16025374","58","11566998"
"chr5","4478276","4478573","chr20","4654070","4654365","5","175794"
"chr5","4503892","4504024","chr20","4680152","4680284","7","176260"
"chr5","4513563","4513884","chr20","4690515","4690833","9","176952"
"chr5","4520990","4521263","chr2","82111768","82112028","62","77590778"
"chr5","4551289","4551468","chr20","4728186","4728361","8","176897"
"chr5","4551639","4551797","chr4","138530658","138530804","53","133979019"
"chr5","4559848","4560125","chr20","4737048","4737328","12","177200"
"chr5","4578701","4578988","chr20","4755229","4755520","11","176528"
"chr5","4584204","4584358","chr20","4761055","4761209","3","176851"
"chr5","4592015","4592313","chr20","4768869","4769166","10","176854"
"chr5","4604027","4604373","chr20","4780734","4781046","44","176707"
"chr5","4616388","4616510","chr20","4794112","4794234","5","177724"
"chr5","4622998","4623129","chr20","4799175","4799304","5","176177"
"chr5","4624038","4624186","chr20","4800226","4800374","4","176188"
"chr5","4628839","4628995","chr8","22990019","22990171","40","18361180"
"chr5","4636105","4636435","chr20","4811970","4812310","19","175865"
"chr5","4638220","4638518","chr16","53053211","53053513","51","48414991"
"chr5","4643321","4643622","chrX","51007870","51008168","54","46364549"
"chr5","4649474","4649609","chr19","34482522","34482656","18","29833048"
"chr5","4667920","4668111","chrX","13975618","13975814","48","9307698"
"chr5","4671338","4671459","chr20","4849962","4850083","4","178624"
"chr5","4680210","4680519","chr20","4858916","4859229","9","178706"
"chr5","4689186","4689484","chr20","4867912","4868215","13","178726"
"chr5","4697603","4697814","chr8","38257428","38257621","69","33559825"
"chr5","4699287","4699487","chr20","4879949","4880149","3","180662"
"chr5","4717180","4717497","chr20","4898009","4898326","16","180829"
"chr5","4736180","4736348","chr20","4917684","4917851","9","181504"
"chr5","4789238","4789547","chr20","4985623","4985933","15","196385"
"chr5","4800469","4800786","chr7","145626084","145626385","67","140825615"
"chr5","4802906","4803078","chr20","4559420","4559590","37","243486"
"chr5","4803110","4803245","chr11","124326417","124326536","37","119523307"
"chr5","4806236","4806545","chr12","61665282","61665578","57","56859046"
"chr5","4839489","4839778","chr20","5036485","5036774","11","196996"
"chr5","4889750","4890073","chr20","5087216","5087537","16","197466"
"chr5","4903354","4903692","chr20","5100554","5100863","41","197200"
"chr5","4925851","4926153","chr20","5123327","5123626","10","197476"
"chr5","4963348","4963483","chr20","5161520","5161643","16","198172"
"chr5","4972050","4972354","chr20","5171588","5171892","12","199538"
"chr5","5026899","5027183","chr20","5228287","5228587","27","201388"
"chr5","5054198","5054496","chr20","5259000","5259282","39","204802"
"chr5","5071683","5071970","chr20","5277469","5277756","11","205786"
"chr5","5148769","5149071","chr20","5353948","5354250","11","205179"
"chr5","5164535","5164797","chr20","5369505","5369767","6","204970"
"chr5","5184047","5184335","chr20","5389005","5389296","9","204958"
"chr5","5239231","5239521","chr20","5445722","5445958","60","206491"
"chr5","5312745","5312922","chr20","8532916","8533092","51","3220171"
"chr5","5313158","5313272","chrX","87585236","87585358","27","82272078"
"chr5","5374648","5374892","chr20","5578864","5579105","9","204216"
"chr5","5395111","5395412","chr20","5600010","5600311","10","204899"
"chr5","5458835","5459135","chr20","5663588","5663882","13","204753"
"chr5","5473629","5473797","chr6","65690499","65690668","38","60216870"
"chr5","5474125","5474254","chrX","121473540","121473669","21","115999415"
"chr5","5480646","5480952","chr20","5685721","5686007","32","205075"
"chr5","5512141","5512303","chr20","5716759","5716921","11","204618"
"chr5","5513221","5513399","chr17","3612301","3612473","42","1900920"
"chr5","5745611","5745915","chr20","5947927","5948231","13","202316"
"chr5","5756270","5756570","chr20","5957914","5958208","35","201644"
"chr5","5940275","5940465","chr20","38164403","38164587","54","32224128"
"chr5","5956797","5956957","chr20","6160205","6160366","8","203408"
"chr5","6051203","6051363","chr20","6255265","6255428","10","204062"
"chr5","6073610","6073779","chr20","6278307","6278471","12","204697"
"chr5","6170666","6170940","chr14","66254001","66254265","61","60083335"
"chr5","6333787","6334111","chr20","6541692","6542014","11","207905"
"chr5","6336377","6336567","chr3","9015621","9015767","67","2679244"
"chr5","6336599","6336731","chr11","111580097","111580231","23","105243498"
"chr5","6368699","6368830","chr20","6575262","6575393","2","206563"
"chr5","6478443","6478712","chr20","6685763","6686042","23","207320"
"chr5","6478832","6479140","chr20","6686158","6686492","39","207326"
"chr5","6487546","6487828","chr19","19737809","19738084","20","13250263"
"chr5","6573238","6573558","chr20","6783147","6783468","26","209909"
"chr5","6613054","6613228","chr20","6822952","6823130","10","209898"
"chr5","6629503","6629708","chr20","6839727","6839932","29","210224"
"chr5","6676867","6677127","chr20","6889280","6889545","19","212413"
"chr5","6749547","6749678","chr5","32677518","32677651","17","25927971"
"chr5","6824949","6825227","chr20","7042068","7042336","14","217119"
"chr5","6858334","6858637","chr20","7075892","7076197","16","217558"
"chr5","6976754","6977051","chr20","7193623","7193920","12","216869"
"chr5","7083761","7084053","chr20","7299943","7300255","28","216182"
"chr5","7096972","7097256","chr20","7313531","7313815","10","216559"
"chr5","7144163","7144341","chr20","7363311","7363482","14","219148"
"chr5","7181265","7181414","chr20","7400992","7401141","2","219727"
"chr5","7235742","7235863","chr20","7455125","7455263","21","219383"
"chr5","7324402","7324534","chr6","170001759","170001883","29","162677357"
"chr5","7368673","7368960","chr13","41788972","41789246","73","34420299"
"chr5","7512101","7512398","chr20","7732783","7733059","41","220682"
"chr5","7585645","7585936","chr20","7806728","7807019","9","221083"
"chr5","7608032","7608151","chr4","84422333","84422450","17","76814301"
"chr5","7725487","7725792","chrX","16790369","16790672","58","9064882"
"chr5","7734014","7734295","chr20","7952466","7952747","4","218452"
"chr5","7740914","7741248","chr20","7959375","7959666","47","218461"
"chr5","7779695","7779814","chr1","217581341","217581464","26","209801646"
"chr5","8008570","8008868","chr20","8226937","8227237","11","218367"
"chr5","8056874","8057176","chr20","8276894","8277191","14","220020"
"chr5","8064417","8064734","chr20","8285512","8285828","17","221095"
"chr5","8073548","8073832","chr20","8295116","8295407","9","221568"
"chr5","8076716","8076975","chr4","35476787","35477050","65","27400071"
"chr5","8103270","8103565","chr20","8330994","8331288","4","227724"
"chr5","8156711","8157008","chr20","8384702","8385001","9","227991"
"chr5","8171163","8171322","chr3","43807268","43807431","32","35636105"
"chr5","8171366","8171484","chr7","160049491","160049609","19","151878125"
"chr5","8191408","8191706","chr20","8420115","8420416","13","228707"
"chr5","8195633","8195765","chr20","8423579","8423705","8","227946"
"chr5","8221071","8221381","chr20","8450979","8451285","13","229908"
"chr5","8222913","8223144","chr20","8452812","8453043","8","229899"
"chr5","8231320","8231624","chr20","8462151","8462457","13","230831"
"chr5","8244079","8244386","chr20","8462151","8462457","13","218072"
"chr5","8260465","8260780","chr20","8487310","8487624","22","226845"
"chr5","8262284","8262581","chr20","8489058","8489336","28","226774"
"chr5","8281019","8281348","chr20","8509034","8509348","18","228015"
"chr5","8284344","8284585","chr20","8512638","8512879","9","228294"
"chr5","8284638","8284938","chr20","8512931","8513244","19","228293"
"chr5","8288137","8288440","chr11","119942293","119942594","61","111654156"
"chr5","8295799","8296053","chr20","8520121","8520375","8","224322"
"chr5","8303066","8303189","chr1","137851415","137851537","19","129548349"
"chr5","8303590","8303924","chr6","49729086","49729401","91","41425496"
"chr5","8305777","8306005","chr20","8535109","8535347","11","229332"
"chr5","8331475","8331734","chr20","8562220","8562480","14","230745"
"chr5","8397560","8397720","chr20","8626084","8626245","6","228524"
"chr5","8427786","8428075","chr14","64239206","64239498","53","55811420"
"chr5","8428107","8428327","chr20","8657731","8657951","7","229624"
"chr5","8442004","8442290","chr20","8672402","8672684","16","230398"
"chr5","8453738","8454043","chr20","8679813","8680119","11","226075"
"chr5","8458021","8458325","chr20","8688007","8688310","11","229986"
"chr5","8464132","8464408","chr20","8694175","8694459","23","230043"
"chr5","8474963","8475266","chr11","100048007","100048310","77","91573044"
"chr5","8490870","8491182","chr20","8722424","8722733","11","231554"
"chr5","8491790","8492077","chr20","8723315","8723602","20","231525"
"chr5","8504784","8504948","chr7","123778152","123778310","46","115273368"
"chr5","8556938","8557072","chr1","124300208","124300339","22","115743270"
"chr5","8564234","8564463","chr20","8802860","8803092","19","238626"
"chr5","8567427","8567695","chr9","62042177","62042445","69","53474750"
"chr5","8573422","8573678","chr20","8816085","8816341","8","242663"
"chr5","8574962","8575111","chr20","8819465","8819636","32","244503"
"chr5","8580794","8581108","chr19","2339665","2339970","79","6241129"
"chr5","8601115","8601289","chr3","76343326","76343497","50","67742211"
"chr5","8601600","8601756","chr9","31192616","31192774","48","22591016"
"chr5","8612744","8612920","chr20","8876368","8876543","14","263624"
"chr5","8613216","8613229","chr2","6035060","6035071","6","2578156"
"chr5","8613526","8613671","chr20","8877153","8877293","7","263627"
"chr5","8618596","8618894","chr20","8882977","8883294","22","264381"
"chr5","8621949","8622255","chr20","8886636","8886952","18","264687"
"chr5","8637921","8638212","chr20","8910443","8910736","12","272522"
"chr5","8638246","8638536","chr20","8910767","8911061","9","272521"
"chr5","8643950","8644009","chr20","8918554","8918613","3","274604"
"chr5","8645523","8645791","chr20","8920205","8920471","10","274682"
"chr5","8648458","8648592","chr20","8921233","8921356","12","272775"
"chr5","8712094","8712395","chr20","8989265","8989566","24","277171"
"chr5","8729328","8729412","chr19","28250037","28250122","17","19520709"
"chr5","8743928","8744232","chr9","35073765","35074063","69","26329837"
"chr5","8751674","8752001","chrX","41355790","41356103","70","32604116"
"chr5","8785874","8786173","chr20","9064917","9065209","16","279043"
"chr5","8803690","8803862","chr20","9082731","9082890","21","279041"
"chr5","8820080","8820374","chr20","9098808","9099116","24","278728"
"chr5","8822290","8822512","chr20","9101035","9101254","11","278745"
"chr5","8880293","8880427","chr20","9159110","9159240","11","278817"
"chr5","8919278","8919584","chr20","9207872","9208180","8","288594"
"chr5","8978015","8978141","chr20","9267798","9267905","21","289783"
"chr5","9002985","9003248","chr20","9292610","9292873","10","289625"
"chr5","9159694","9159805","chr20","9449505","9449616","3","289811"
"chr5","9197829","9198127","chrX","16790369","16790672","63","7592540"
"chr5","9238459","9238763","chr20","9527135","9527439","4","288676"
"chr5","9270174","9270479","chr20","9558031","9558335","6","287857"
"chr5","9290851","9291056","chr20","9578779","9578982","10","287928"
"chr5","9316933","9317223","chr20","9605420","9605709","9","288487"
"chr5","9343688","9343996","chr20","9632276","9632592","15","288588"
"chr5","9500151","9500305","chr20","36156810","36156963","33","26656659"
"chr5","9548569","9548869","chr2","106361319","106361626","62","96812750"
"chr5","9558893","9559173","chr7","34110426","34110704","60","24551533"
"chr5","9561130","9561435","chr3","128008571","128008877","62","118447441"
"chr5","9638667","9638976","chr12","25728884","25729195","85","16090217"
"chr5","9718790","9719103","chr12","39865642","39865940","64","30146852"
"chr5","9769687","9769957","chr3","10415029","10415298","51","645342"
"chr5","9776956","9777081","chr1","52522560","52522684","21","42745604"
"chr5","9778235","9778520","chr14","111501349","111501640","64","101723114"
"chr5","9782750","9783038","chrX","106914787","106915073","60","97132037"
"chr5","9796125","9796296","chr9","57896734","57896903","36","48100609"
"chr5","9796599","9796734","chr7","123549912","123550042","23","113753313"
"chr5","9821032","9821309","chr11","114849211","114849491","58","105028179"
"chr5","9827649","9827943","chr5","78429725","78430023","58","68602076"
"chr5","9843389","9843683","chr19","40529449","40529751","66","30686060"
"chr5","9848817","9849092","chr7","121569360","121569626","63","111720543"
"chr5","9862034","9862310","chr11","489490","489768","73","9372544"
"chr5","9866310","9866607","chr20","9727955","9728240","20","138355"
"chr5","9888194","9888457","chr20","9748945","9749232","28","139249"
"chr5","9923261","9923424","chr20","9784936","9785098","2","138325"
"chr5","10003746","10004014","chr20","9870855","9871120","9","132891"
"chr5","10014397","10014524","chr20","9881081","9881208","1","133316"
"chr5","10029027","10029316","chr20","9898502","9898791","10","130525"
"chr5","10047490","10047835","chr14","8269134","8269468","84","1778356"
"chr5","10048422","10048732","chr20","9925207","9925520","14","123215"
"chr5","10050286","10050495","chr6","126368018","126368214","62","116317732"
"chr5","10054163","10054457","chr20","9921276","9921570","2","132887"
"chr5","10067471","10067781","chr18","28059495","28059801","58","17992024"
"chr5","10085256","10085555","chr20","9958448","9958727","29","126808"
"chr5","10109269","10109534","chr20","9982853","9983123","15","126416"
"chr5","10111240","10111531","chr20","9984864","9985144","36","126376"
"chr5","10112508","10112750","chr20","9986115","9986362","10","126393"
"chr5","10116520","10116822","chr11","117325244","117325549","63","107208724"
"chr5","10117741","10118048","chr20","9991443","9991744","16","126298"
"chr5","10124982","10125287","chr20","9999572","9999853","29","125410"
"chr5","10127962","10128142","chr20","10002565","10002720","32","125397"
"chr5","10128436","10128447","chr6","128359960","128359970","4","118231524"
"chr5","10135331","10135632","chr20","10010475","10010773","14","124856"
"chr5","10153111","10153422","chr20","10026539","10026838","29","126572"
"chr5","10169460","10169754","chr3","130154233","130154530","63","119984773"
"chr5","10172690","10172989","chr20","10046237","10046535","10","126453"
"chr5","10265483","10265647","chr20","10127277","10127441","6","138206"
"chr5","10272459","10272754","chr20","10134539","10134839","15","137920"
"chr5","10273635","10273756","chr2","62457538","62457656","15","52183903"
"chr5","10273797","10273988","chr20","55425031","55425204","45","45151234"
"chr5","10280036","10280167","chr20","10142211","10142342","1","137825"
"chr5","10297304","10297577","chr20","10159754","10160017","15","137550"
"chr5","10304280","10304571","chr20","10167695","10167987","8","136585"
"chr5","10318803","10319108","chr20","10183510","10183815","8","135293"
"chr5","10325290","10325430","chr20","10190050","10190186","9","135240"
"chr5","10332705","10332969","chr18","14112464","14112742","73","3779759"
"chr5","10341332","10341619","chr20","10205992","10206282","9","135340"
"chr5","10349118","10349380","chr20","10213779","10214041","1","135339"
"chr5","10361199","10361471","chr20","10226883","10227154","7","134316"
"chr5","10392056","10392334","chr20","10258090","10258377","20","133966"
"chr5","10392681","10392807","chr3","37978007","37978145","34","27585326"
"chr5","10394287","10394577","chr20","10260322","10260611","7","133965"
"chr5","10411998","10412251","chr20","10279403","10279662","15","132595"
"chr5","10445470","10445594","chr20","10312483","10312607","7","132987"
"chr5","10450126","10450413","chr1","108876051","108876338","61","98425925"
"chr5","10544371","10544674","chr20","10410425","10410721","16","133946"
"chr5","10546544","10546818","chr20","10412588","10412849","37","133956"
"chr5","10549829","10549951","chr20","10415874","10415996","1","133955"
"chr5","10555124","10555134","chr2","6035060","6035071","5","4520064"
"chr5","10555201","10555465","chr20","10422230","10422491","11","132971"
"chr5","10558619","10558929","chr20","10425615","10425922","13","133004"
"chr5","10571608","10571923","chr20","10438336","10438651","9","133272"
"chr5","10577337","10577652","chr20","10444088","10444395","15","133249"
"chr5","10587885","10588155","chr20","10454656","10454926","5","133229"
"chr5","10594905","10595208","chr20","10461661","10461964","5","133244"
"chr5","10652633","10652945","chr20","10519272","10519583","6","133361"
"chr5","10661248","10661542","chr20","10527920","10528221","25","133328"
"chr5","10672089","10672387","chr20","10538725","10539028","16","133364"
"chr5","10674614","10674859","chr20","10541245","10541493","8","133369"
"chr5","10675846","10676144","chr20","10542800","10543102","16","133046"
"chr5","10680349","10680436","chr20","10547297","10547384","2","133052"
"chr5","10685777","10686075","chr20","10552663","10552963","8","133114"
"chr5","10698172","10698461","chr20","10565101","10565390","6","133071"
"chr5","10728406","10728713","chr19","17966827","17967137","51","7238421"
"chr5","10729041","10729354","chr20","10597213","10597516","18","131828"
"chr5","10735445","10735753","chr20","10603933","10604232","15","131512"
"chr5","10756209","10756516","chr20","10624791","10625097","5","131418"
"chr5","10768880","10769146","chr20","10638199","10638465","17","130681"
"chr5","10778200","10778447","chr20","10646829","10647074","14","131371"
"chr5","10790366","10790474","chr6","36535914","36536023","20","25745548"
"chr5","10790475","10790739","chr2","186637149","186637412","56","175846674"
"chr5","10790740","10790904","chr1","191087922","191088076","38","180297182"
"chr5","10792076","10792183","chr2","69454203","69454310","15","58662127"
"chr5","10792638","10792661","chr16","63349524","63349545","7","52556886"
"chr5","10792711","10792958","chr3","40394404","40394625","65","29601693"
"chr5","10795067","10795351","chr20","10663572","10663866","28","131495"
"chr5","10805833","10806070","chr20","10674220","10674459","6","131613"
"chr5","10806429","10806551","chr1","52522560","52522684","19","41716131"
"chr5","10811327","10811620","chr20","10680383","10680676","4","130944"
"chr5","10815171","10815460","chr20","10684379","10684670","5","130792"
"chr5","10871779","10871906","chr1","26709633","26709761","20","15837854"
"chr5","10872415","10872562","chr16","24034428","24034567","29","13162013"
"chr5","10888571","10888743","chr20","10757489","10757658","10","131082"
"chr5","10903758","10904061","chr20","10773862","10774168","13","129896"
"chr5","10908393","10908484","chr20","10778463","10778551","4","129930"
"chr5","10925468","10925736","chr20","10795511","10795780","10","129957"
"chr5","10939539","10939665","chr20","10810168","10810275","20","129371"
"chr5","10948196","10948454","chr20","10819194","10819460","12","129002"
"chr5","10989149","10989317","chr20","10861479","10861611","36","127670"
"chr5","10989323","10989600","chr7","111188132","111188406","63","100198809"
"chr5","10990990","10991274","chr20","10863018","10863315","22","127972"
"chr5","11005679","11005958","chr20","10877802","10878084","8","127877"
"chr5","11018245","11018418","chr20","10889079","10889258","17","129166"
"chr5","11018716","11018854","chr6","70896507","70896643","22","59877791"
"chr5","11019608","11019732","chr5","71781403","71781528","14","60761795"
"chr5","11019736","11020005","chr4","8091193","8091467","61","2928543"
"chr5","11029161","11029450","chr20","10899805","10900109","21","129356"
"chr5","11038405","11038709","chr20","10908750","10909044","18","129655"
"chr5","11044423","11044731","chr20","10912745","10913053","18","131678"
"chr5","11052035","11052318","chr20","10918292","10918594","37","133743"
"chr5","11061173","11061475","chr19","28473075","28473382","49","17411902"
"chr5","11068443","11068688","chr5","10266246","10266475","54","802197"
"chr5","11093047","11093180","chr9","88515343","88515476","19","77422296"
"chr5","11110304","11110602","chr8","98362943","98363241","69","87252639"
"chr5","11118521","11118824","chr7","145977202","145977487","79","134858681"
"chr5","11122722","11122853","chr20","11005034","11005165","6","117688"
"chr5","11127358","11127654","chr20","11009663","11009963","15","117695"
"chr5","11153287","11153454","chr20","11036392","11036560","1","116895"
"chr5","11159633","11159931","chr20","11043303","11043606","10","116330"
"chr5","11188103","11188238","chr20","11073609","11073744","2","114494"
"chr5","11207574","11207886","chr20","11093924","11094233","14","113650"
"chr5","11210509","11210807","chr20","11096859","11097163","17","113650"
"chr5","11247905","11248052","chr20","11135820","11135971","10","112085"
"chr5","11249627","11249897","chr20","11137535","11137805","10","112092"
"chr5","11254228","11254398","chr9","43553612","43553775","42","32299384"
"chr5","11255521","11255815","chr20","11143191","11143487","7","112330"
"chr5","11259432","11259760","chr20","11147051","11147383","12","112381"
"chr5","11275669","11275980","chr20","11172167","11172478","5","103502"
"chr5","11299450","11299732","chr20","11189130","11189413","15","110320"
"chr5","11304055","11304362","chr1","183152705","183153001","68","171848650"
"chr5","11306549","11306798","chr20","11196057","11196302","20","110492"
"chr5","11308957","11309239","chr20","11189130","11189413","15","119827"
"chr5","11313100","11313407","chr14","85027558","85027856","67","73714458"
"chr5","11315594","11315843","chr20","11196057","11196302","20","119537"
"chr5","11319733","11320011","chr20","11200372","11200650","9","119361"
"chr5","11348413","11348708","chr20","11228929","11229225","15","119484"
"chr5","11359261","11359435","chr1","55803875","55804033","46","44444614"
"chr5","11359446","11359577","chr16","47350399","47350530","21","35990953"
"chr5","11369109","11369233","chr20","11249541","11249662","4","119568"
"chr5","11388845","11389007","chr20","11269916","11270080","8","118929"
"chr5","11399221","11399339","chr20","11289571","11289689","2","109650"
"chr5","11405715","11406022","chr20","11297133","11297441","3","108582"
"chr5","11416500","11416791","chr20","13644828","13645126","56","2228328"
"chr5","11419575","11419873","chr20","11311717","11312013","12","107858"
"chr5","11419938","11420226","chr1","181269444","181269732","66","169849506"
"chr5","11423859","11424083","chr20","11316703","11316887","58","107156"
"chr5","11430652","11430958","chr20","11323978","11324264","31","106674"
"chr5","11458345","11458654","chr20","11352656","11352966","13","105689"
"chr5","11477589","11477740","chr20","11373247","11373398","4","104342"
"chr5","11499616","11499903","chr20","11391461","11391746","7","108155"
"chr5","11509824","11510066","chr20","11401635","11401876","7","108189"
"chr5","11511063","11511382","chr20","11402873","11403198","13","108190"
"chr5","11551814","11551946","chr18","6832549","6832678","20","4719265"
"chr5","11552264","11552411","chr3","9015621","9015767","26","2536643"
"chr5","11556093","11556377","chr20","11446766","11447049","7","109327"
"chr5","11571420","11571713","chr20","11462491","11462790","18","108929"
"chr5","11575756","11576042","chr20","11466774","11467063","14","108982"
"chr5","11616217","11616364","chr20","11508333","11508479","6","107884"
"chr5","11622615","11622749","chr20","11514787","11514922","6","107828"
"chr5","11639431","11639708","chr20","11531667","11531957","31","107764"
"chr5","11640938","11641061","chr20","11533182","11533297","9","107756"
"chr5","11644990","11645290","chr20","11536919","11537219","18","108071"
"chr5","11654846","11655026","chr20","17372994","17373175","41","5718148"
"chr5","11655343","11655471","chr20","28232278","28232409","27","16576935"
"chr5","11721130","11721423","chr20","11611317","11611615","12","109813"
"chr5","11788815","11789124","chr1","137894317","137894627","65","126105502"
"chr5","11807964","11808265","chr20","11699809","11700109","9","108155"
"chr5","11832246","11832532","chr20","11724175","11724461","12","108071"
"chr5","11858794","11859103","chr20","11749075","11749363","30","109719"
"chr5","11869709","11870014","chr20","11759676","11760020","49","110033"
"chr5","11891005","11891155","chr20","11780589","11780739","6","110416"
"chr5","11905029","11905356","chr20","11791600","11791914","24","113429"
"chr5","11944710","11944984","chr8","135995158","135995436","57","124050448"
"chr5","11955107","11955201","chr20","11837287","11837381","2","117820"
"chr5","11960992","11961303","chr20","11843203","11843519","16","117789"
"chr5","11965823","11965947","chr20","11848039","11848164","5","117784"
"chr5","11977000","11977301","chr20","11859149","11859445","15","117851"
"chr5","11983563","11983842","chr20","11866233","11866512","4","117330"
"chr5","12049613","12049869","chr20","11925874","11926135","25","123739"
"chr5","12083873","12084189","chr20","11960621","11960931","12","123252"
"chr5","12087870","12088176","chr3","40380604","40380913","69","28292734"
"chr5","12091786","12091985","chr9","34604869","34605038","59","22513083"
"chr5","12099059","12099333","chr11","109335458","109335734","72","97236399"
"chr5","12103661","12103876","chr11","51737345","51737559","36","39633684"
"chr5","12132847","12132965","chr20","12013221","12013339","5","119626"
"chr5","12143789","12144103","chr20","12024071","12024385","6","119718"
"chr5","12172695","12172804","chr9","5873039","5873148","15","6299656"
"chr5","12173379","12173505","chr9","86293362","86293481","34","74119983"
"chr5","12177786","12177884","chr20","12057511","12057609","3","120275"
"chr5","12249940","12250227","chr18","3908960","3909249","56","8340980"
"chr5","12255454","12255741","chr20","12135608","12135902","12","119846"
"chr5","12262369","12262669","chr20","12142721","12143021","9","119648"
"chr5","12292031","12292155","chr20","12173103","12173227","1","118928"
"chr5","12413316","12413439","chr1","52522560","52522684","18","40109244"
"chr5","12470438","12470599","chr3","7337222","7337383","33","5133216"
"chr5","12470925","12471058","chr19","34482522","34482656","31","22011597"
"chr5","12471061","12471162","chr6","150262661","150262759","19","137791600"
"chr5","12521140","12521262","chr4","20124828","20124952","22","7603688"
"chr5","12556759","12557044","chr20","12441842","12442127","7","114917"
"chr5","12557049","12557183","chr20","12442132","12442265","2","114917"
"chr5","12557729","12557924","chr20","12442808","12443003","1","114921"
"chr5","12569599","12569871","chr20","12453703","12453996","27","115896"
"chr5","12624382","12624616","chr20","12507572","12507830","32","116810"
"chr5","12630020","12630155","chr20","12512944","12513078","7","117076"
"chr5","12639034","12639332","chr20","12522255","12522565","23","116779"
"chr5","12673141","12673411","chr20","12557052","12557322","13","116089"
"chr5","12719417","12719548","chr20","12603098","12603229","3","116319"
"chr5","12799157","12799497","chr20","12685298","12685631","16","113859"
"chr5","12803602","12803720","chr1","21890280","21890400","18","9086678"
"chr5","12847538","12847853","chr6","74945395","74945705","65","62097857"
"chr5","12851513","12851670","chr1","53323208","53323366","38","40471695"
"chr5","12877857","12877991","chr3","149948194","149948328","26","137070337"
"chr5","13026694","13026986","chr20","12914567","12914841","25","112127"
"chr5","13107927","13108237","chr20","12998439","12998748","12","109488"
"chr5","13129908","13130200","chr20","13024669","13024961","9","105239"
"chr5","13179176","13179332","chr20","13079560","13079718","3","99616"
"chr5","13198390","13198517","chr20","13098899","13099033","13","99491"
"chr5","13200588","13200886","chr20","13101059","13101357","3","99529"
"chr5","13311365","13311476","chr20","13205800","13205911","5","105565"
"chr5","13390543","13390672","chr13","14929543","14929668","24","1539000"
"chr5","13390974","13391133","chr9","95997864","95998011","51","82606890"
"chr5","13441809","13442094","chr20","13335964","13336249","9","105845"
"chr5","13451711","13451902","chr13","22943290","22943466","45","9491579"
"chr5","13452197","13452330","chr3","44487749","44487877","24","31035552"
"chr5","13455815","13456117","chr20","13350230","13350522","26","105585"
"chr5","13466610","13466919","chr20","13359525","13359836","20","107085"
"chr5","13469844","13470153","chr20","13362766","13363075","8","107078"
"chr5","13471222","13471503","chr19","16304922","16305219","59","2833700"
"chr5","13471506","13471629","chr20","13364430","13364553","7","107076"
"chr5","13477984","13478284","chr16","67685656","67685945","60","54207672"
"chr5","13483415","13483703","chr20","13376785","13377073","4","106630"
"chr5","13489552","13489826","chr2","78054924","78055196","68","64565372"
"chr5","13501411","13501539","chr1","135097790","135097920","20","121596379"
"chr5","13501583","13501728","chr15","83799523","83799667","30","70297940"
"chr5","13525007","13525159","chr20","13418330","13418480","6","106677"
"chr5","13528851","13529147","chr7","131928785","131929080","59","118399934"
"chr5","13538076","13538378","chr20","13431264","13431565","6","106812"
"chr5","13579528","13579689","chr20","13473156","13473316","7","106372"
"chr5","13652683","13652964","chr20","13545195","13545476","12","107488"
"chr5","13662832","13663001","chr13","103017259","103017422","28","89354427"
"chr5","13663048","13663168","chr10","38300372","38300489","21","24637324"
"chr5","13716898","13717118","chr8","97986631","97986854","56","84269733"
"chr5","13741001","13741149","chr1","49606719","49606859","33","35865718"
"chr5","13741455","13741655","chrX","107049030","107049216","52","93307575"
"chr5","13747782","13748112","chr20","13640575","13640909","11","107207"
"chr5","13749400","13749565","chr20","13642139","13642304","3","107261"
"chr5","13752443","13752745","chr20","13644828","13645126","18","107615"
"chr5","13755819","13756127","chr11","110319987","110320283","53","96564168"
"chr5","13771234","13771399","chr20","13662593","13662749","13","108641"
"chr5","13773409","13773610","chr3","84801150","84801353","56","71027741"
"chr5","13775788","13775941","chr11","127584437","127584582","30","113808649"
"chr5","13776237","13776363","chr1","14645274","14645391","34","869037"
"chr5","13777479","13777783","chr10","27044093","27044398","62","13266614"
"chr5","13801851","13802164","chr20","13694055","13694359","18","107796"
"chr5","13805434","13805710","chr20","13697620","13697889","17","107814"
"chr5","13814542","13814828","chr20","13707259","13707546","14","107283"
"chr5","13817922","13818053","chr20","13710632","13710781","23","107290"
"chr5","13829750","13830043","chr20","13722457","13722750","4","107293"
"chr5","13842988","13843277","chr20","13736943","13737235","13","106045"
"chr5","13845055","13845260","chr20","13739020","13739225","6","106035"
"chr5","13863835","13864152","chr12","77653708","77654011","61","63789873"
"chr5","13864778","13865048","chr20","13761320","13761602","21","103458"
"chr5","13877593","13877662","chr20","8930670","8930722","24","4946923"
"chr5","13877966","13878110","chr10","28113068","28113208","25","14235102"
"chr5","13888775","13888931","chr20","13785515","13785664","7","103260"
"chr5","13900421","13900723","chr20","13797248","13797541","18","103173"
"chr5","13907950","13908236","chr20","13804702","13804990","8","103248"
"chr5","13934007","13934131","chr20","13831022","13831146","2","102985"
"chr5","13938652","13938842","chr20","13833627","13833816","7","105025"
"chr5","13953614","13953916","chr20","13850089","13850392","7","103525"
"chr5","13958857","13959046","chr16","74286375","74286537","57","60327518"
"chr5","13959619","13959726","chr1","94949606","94949713","30","80989987"
"chr5","13959772","13959907","chr20","17784087","17784218","34","3824315"
"chr5","13978978","13979252","chr20","13875481","13875755","9","103497"
"chr5","13995330","13995485","chr20","13891890","13892046","36","103440"
"chr5","14004118","14004406","chr20","13900616","13900904","7","103502"
"chr5","14015641","14015777","chr20","13911986","13912119","10","103655"
"chr5","14030880","14031135","chr20","13927126","13927370","17","103754"
"chr5","14068286","14068585","chrX","49864269","49864563","63","35795983"
"chr5","14082359","14082671","chr20","13979463","13979762","19","102896"
"chr5","14082763","14082891","chr6","37842418","37842543","24","23759655"
"chr5","14089955","14090149","chr3","48359472","48359679","50","34269517"
"chr5","14094554","14094833","chr20","13996710","13996984","17","97844"
"chr5","14116669","14116951","chr20","14017226","14017508","7","99443"
"chr5","14124120","14124379","chr20","14019803","14020060","9","104317"
"chr5","14131377","14131666","chr20","14030709","14030993","8","100668"
"chr5","14143396","14143657","chr20","14044954","14045215","7","98442"
"chr5","14145105","14145228","chr20","14046646","14046775","6","98459"
"chr5","14151520","14151833","chr2","43334917","43335223","83","29183397"
"chr5","14166036","14166317","chr20","14069732","14070013","12","96304"
"chr5","14228678","14228945","chr20","14134205","14134483","21","94473"
"chr5","14243522","14243809","chr20","14150655","14150942","9","92867"
"chr5","14286158","14286477","chr20","14194292","14194617","20","91866"
"chr5","14313306","14313613","chr20","14221551","14221852","16","91755"
"chr5","14330400","14330532","chr20","14240061","14240193","0","90339"
"chr5","14387741","14387950","chr20","14300049","14300258","11","87692"
"chr5","14412190","14412399","chr20","14333441","14333650","6","78749"
"chr5","14421045","14421206","chr20","14340792","14340948","9","80253"
"chr5","14423332","14423455","chr1","52522560","52522684","24","38099228"
"chr5","14446261","14446570","chr2","96286003","96286316","62","81839742"
"chr5","14457692","14457815","chr20","14375979","14376102","4","81713"
"chr5","14459075","14459247","chr20","14377381","14377535","21","81694"
"chr5","14462353","14462665","chr20","14380944","14381260","19","81409"
"chr5","14464365","14464641","chr20","14383511","14383781","12","80854"
"chr5","14484082","14484290","chr20","14402503","14402714","15","81579"
"chr5","14503631","14503919","chr7","40625467","40625756","63","26121836"
"chr5","14504178","14504496","chr20","14423050","14423368","17","81128"
"chr5","14531203","14531519","chr20","14451750","14452066","13","79453"
"chr5","14543724","14543901","chr2","84657232","84657402","45","70113508"
"chr5","14544582","14544695","chr6","66460914","66461031","21","51916332"
"chr5","14547772","14548067","chrX","45086442","45086734","56","30538670"
"chr5","14565961","14566085","chr1","52522560","52522684","20","37956599"
"chr5","14566395","14566596","chr5","110351764","110351951","44","95785369"
"chr5","14568002","14568263","chr20","14490838","14491099","4","77164"
"chr5","14660824","14661110","chr20","14584330","14584615","19","76494"
"chr5","14668232","14668511","chr20","14591710","14591992","7","76522"
"chr5","14681461","14681769","chr20","14603344","14603656","18","78117"
"chr5","14684710","14684999","chr3","39987533","39987826","73","25302823"
"chr5","14698243","14698405","chr20","14621091","14621253","3","77152"
"chr5","14704098","14704296","chr20","14627023","14627221","11","77075"
"chr5","14705645","14706028","chr20","14628551","14628861","87","77094"
"chr5","14713180","14713346","chr3","45464941","45465102","29","30751761"
"chr5","14718982","14719224","chr20","14641861","14642097","20","77121"
"chr5","14723670","14723867","chr20","14646525","14646722","4","77145"
"chr5","14724886","14725009","chr20","14647740","14647863","4","77146"
"chr5","14733548","14733826","chr20","14656320","14656597","14","77228"
"chr5","14749875","14750186","chr20","14673020","14673329","15","76855"
"chr5","14759746","14760050","chr20","14682878","14683183","14","76868"
"chr5","14766458","14766774","chr20","14690057","14690342","44","76401"
"chr5","14776340","14776483","chr1","212761457","212761590","30","197985117"
"chr5","14776780","14776951","chr3","46023413","46023578","33","31246633"
"chr5","14784426","14784549","chr20","14707692","14707815","4","76734"
"chr5","14791812","14791943","chr2","69308103","69308235","16","54516291"
"chr5","14807190","14807451","chr20","14730525","14730773","19","76665"
"chr5","14824015","14824300","chr20","14747516","14747796","12","76499"
"chr5","14834883","14835007","JH681718","1679","1807","9","14833204"
"chr5","14857747","14858025","chr20","14778005","14778300","25","79742"
"chr5","14866728","14867023","chr20","14786889","14787173","21","79839"
"chr5","14883424","14883698","chr20","14804182","14804494","42","79242"
"chr5","14909871","14910174","chr20","14829696","14830008","25","80175"
"chr5","14912893","14913223","chr20","14832745","14833076","25","80148"
"chr5","14921540","14921800","chr20","14841632","14841891","12","79908"
"chr5","14926911","14927077","chr20","14847607","14847795","24","79304"
"chr5","14931652","14931931","chr18","14112464","14112742","64","819188"
"chr5","14933065","14933225","chr2","33748176","33748338","30","18815111"
"chr5","14961661","14961951","chr20","14875833","14876161","51","85828"
"chr5","14961982","14962166","chr20","14876165","14876349","10","85817"
"chr5","14966730","14966997","chr20","14880825","14881093","7","85905"
"chr5","14979956","14980262","chr15","41319616","41319927","53","26339660"
"chr5","14982188","14982498","chr20","14894547","14894857","6","87641"
"chr5","15010144","15010441","chr20","14928627","14928933","26","81517"
"chr5","15012931","15013215","chr20","14931419","14931703","9","81512"
"chr5","15015696","15015999","chr20","14933153","14933459","13","82543"
"chr5","15031197","15031381","chr18","16422268","16422443","43","1391071"
"chr5","15032752","15032882","chr4","13305947","13306077","24","1726805"
"chr5","15050981","15051105","chr20","14968987","14969099","13","81994"
"chr5","15057148","15057448","chr20","14975329","14975629","4","81819"
"chr5","15072673","15072943","chr7","49718463","49718733","61","34645790"
"chr5","15072947","15073185","chr3","38810427","38810652","78","23737480"
"chr5","15078504","15078654","chr20","14996880","14997053","33","81624"
"chr5","15088170","15088411","chr20","15006490","15006738","13","81680"
"chr5","15091401","15091678","chr20","15009688","15009965","10","81713"
"chr5","15113491","15113763","chr20","15030645","15030916","4","82846"
"chr5","15117764","15117896","chr20","15034938","15035056","15","82826"
"chr5","15130001","15130302","chr11","92867850","92868159","63","77737849"
"chr5","15144711","15145026","chr20","15062534","15062860","26","82177"
"chr5","15165086","15165329","chrX","50086502","50086766","57","34921416"
"chr5","15185840","15186124","chr20","15106912","15107195","6","78928"
"chr5","15191282","15191422","chr20","15113287","15113425","5","77995"
"chr5","15192135","15192431","chrX","16754615","16754905","56","1562480"
"chr5","15209884","15210004","chr20","15131647","15131766","5","78237"
"chr5","15232397","15232731","chr9","101243889","101244189","90","86011492"
"chr5","15237596","15237717","chr20","15158240","15158360","3","79356"
"chr5","15262143","15262453","chr20","15183806","15184107","14","78337"
"chr5","15285130","15285269","chr20","15206499","15206640","2","78631"
"chr5","15306080","15306373","chr20","15227233","15227493","40","78847"
"chr5","15327452","15327746","chr20","15248692","15248984","11","78760"
"chr5","15342197","15342488","chr9","35073765","35074063","56","19731568"
"chr5","15349883","15350050","chr20","15271217","15271384","3","78666"
"chr5","15350156","15350469","chr20","15271488","15271808","29","78668"
"chr5","15351846","15352120","chr20","15273463","15273738","8","78383"
"chr5","15355770","15356036","chr20","15277248","15277519","11","78522"
"chr5","15356504","15356809","chr20","15277986","15278281","14","78518"
"chr5","15362330","15362455","chr4","7029582","7029705","16","8332748"
"chr5","15362485","15362641","chr11","48139910","48140065","36","32777425"
"chr5","15366294","15366604","chr20","15287644","15287954","12","78650"
"chr5","15404312","15404621","chr20","15325963","15326274","10","78349"
"chr5","15411274","15411566","chr20","15332881","15333173","8","78393"
"chr5","15424755","15424868","chr1","114917690","114917804","17","99492935"
"chr5","15424902","15425060","chr4","162894646","162894806","34","147469744"
"chr5","15528048","15528311","chr20","15432141","15432412","21","95907"
"chr5","15589012","15589298","chr19","6839340","6839633","59","8749672"
"chr5","15635991","15636108","chr20","15541292","15541409","4","94699"
"chr5","15648673","15648985","chr20","15556514","15556839","25","92159"
"chr5","15707149","15707235","chr14","52540886","52540970","21","36833737"
"chr5","15707539","15707690","chrX","15665078","15665231","30","42461"
"chr5","15724665","15724804","chr6","65257366","65257502","22","49532701"
"chr5","15737918","15738205","chr20","15648463","15648749","6","89455"
"chr5","15782992","15783050","chr20","15690052","15690110","1","92940"
"chr5","15812480","15812767","chr20","15719137","15719424","6","93343"
"chr5","15880732","15881004","chr20","15788079","15788353","21","92653"
"chr5","16059115","16059399","chr20","15967654","15967937","9","91461"
"chr5","16059404","16059540","chr20","15967942","15968078","2","91462"
"chr5","16066638","16066961","chr20","15975067","15975395","19","91571"
"chr5","16125733","16126016","chr20","16033206","16033489","7","92527"
"chr5","16139838","16140151","chr20","16047387","16047683","23","92451"
"chr5","16149189","16149499","chr20","16057379","16057677","26","91810"
"chr5","16160423","16160726","chr20","16068978","16069283","11","91445"
"chr5","16164079","16164357","chr1","69520736","69521018","68","53356657"
"chr5","16170047","16170064","chr6","128359960","128359970","7","112189913"
"chr5","16170090","16170274","chr20","16078615","16078811","20","91475"
"chr5","16176072","16176089","chr6","128359960","128359970","7","112183888"
"chr5","16176115","16176299","chr20","16078615","16078811","20","97500"
"chr5","16251194","16251473","chr4","4845865","4846145","57","11405329"
"chr5","16262474","16262596","chr20","16168336","16168458","2","94138"
"chr5","16319514","16319787","chr20","16225446","16225719","6","94068"
"chr5","16354205","16354493","chr20","16260792","16261088","20","93413"
"chr5","16386667","16386817","chr20","16292854","16293012","13","93813"
"chr5","16401885","16402190","chr20","16308033","16308335","14","93852"
"chr5","16462033","16462155","chr6","120494931","120495053","20","104032898"
"chr5","16466253","16466419","chr10","31620022","31620182","30","15153769"
"chr5","16519665","16519807","chr20","16419481","16419624","4","100184"
"chr5","16603893","16604164","chr20","16501610","16501884","39","102283"
"chr5","16698967","16699262","chr20","16595022","16595317","6","103945"
"chr5","16735363","16735682","chr20","16631022","16631338","34","104341"
"chr5","16797831","16798122","chr20","16693230","16693532","17","104601"
"chr5","16849946","16850252","chrX","62968595","62968901","66","46118649"
"chr5","16868550","16868836","chr20","16764161","16764454","8","104389"
"chr5","16879111","16879424","chr20","16773847","16774154","12","105264"
"chr5","16900442","16900622","chr20","16790909","16791093","10","109533"
"chr5","16912535","16912813","chr20","16803226","16803504","6","109309"
"chr5","16928167","16928291","chr2","143610328","143610452","16","126682161"
"chr5","16929806","16929930","chr2","143610328","143610452","17","126680522"
"chr5","16943417","16943708","chr1","212022638","212022922","63","195079221"
"chr5","17005630","17005886","chr20","16897625","16897883","7","108005"
"chr5","17009348","17009626","chr20","16901380","16901658","9","107968"
"chr5","17015906","17016196","chr20","16907897","16908194","45","108009"
"chr5","17028034","17028323","chr3","34747936","34748225","57","17719902"
"chr5","17042860","17043154","chr20","16932491","16932786","10","110369"
"chr5","17044078","17044234","chr20","16933711","16933868","4","110367"
"chr5","17045266","17045545","chr20","16934904","16935183","9","110362"
"chr5","17051807","17051928","chr7","117729162","117729282","19","100677355"
"chr5","17090551","17090700","chr20","16983345","16983478","18","107206"
"chr5","17170952","17171247","chr20","17063151","17063444","7","107801"
"chr5","17193009","17193292","chr20","17085959","17086242","11","107050"
"chr5","17194204","17194334","chr4","84764886","84765021","22","67570682"
"chr5","17194675","17194956","chr3","162835097","162835336","82","145640422"
"chr5","17219471","17219625","chr20","17112052","17112206","4","107419"
"chr5","17220118","17220236","chr20","17112587","17112705","3","107531"
"chr5","17235021","17235147","chr10","81042856","81042981","20","63807835"
"chr5","17269392","17269709","chr1","34840523","34840838","72","17571131"
"chr5","17279278","17279464","chr3","151268977","151269166","44","133989699"
"chr5","17284357","17284560","chr20","17178804","17178999","15","105553"
"chr5","17291383","17291667","chr20","17186677","17186956","16","104706"
"chr5","17299028","17299147","chr11","119676537","119676655","19","102377509"
"chr5","17299178","17299369","chr7","17349222","17349406","43","50044"
"chr5","17305153","17305287","chrX","15823053","15823178","34","1482100"
"chr5","17305581","17305778","chr10","33080999","33081193","45","15775418"
"chr5","17308408","17308419","chr19","15900476","15900487","11","1407932"
"chr5","17308464","17308585","chr14","28780822","28780943","18","11472358"
"chr5","17325365","17325675","chr20","17219956","17220245","31","105409"
"chr5","17329388","17329693","chr20","17223958","17224266","7","105430"
"chr5","17330682","17330997","chr20","17225255","17225552","35","105427"
"chr5","17343825","17344111","chr20","17239315","17239600","13","104510"
"chr5","17356612","17356746","chr5","33425687","33425822","15","16069075"
"chr5","17357044","17357248","chr5","52260447","52260647","65","34903403"
"chr5","17359835","17360003","chr6","65690499","65690668","34","48330664"
"chr5","17360303","17360432","chr16","52050986","52051117","23","34690683"
"chr5","17360483","17360603","chr20","17255959","17256079","0","104524"
"chr5","17372557","17372732","chr20","17268263","17268430","10","104294"
"chr5","17375168","17375260","chr8","81678945","81679032","22","64303777"
"chr5","17396602","17396908","chr15","37564473","37564760","63","20167871"
"chr5","17399964","17400151","chr20","17295569","17295743","14","104395"
"chr5","17407224","17407523","chr20","17302788","17303087","8","104436"
"chr5","17411829","17411939","chr3","100177321","100177435","25","82765492"
"chr5","17441366","17441528","chr20","17338557","17338719","8","102809"
"chr5","17466930","17467233","chr20","17365329","17365633","6","101601"
"chr5","17472894","17473222","chr20","17371311","17371625","28","101583"
"chr5","17473821","17474118","chr3","88082882","88083172","61","70609061"
"chr5","17477587","17477880","chr20","17376650","17376940","10","100937"
"chr5","17490596","17490758","chr20","17389710","17389869","7","100886"
"chr5","17494065","17494146","chr3","9258987","9259058","22","8235078"
"chr5","17494646","17494734","chr8","138652474","138652562","21","121157828"
"chr5","17534839","17535208","chr3","125884378","125884723","125","108349539"
"chr5","17535508","17535689","chr16","2406326","2406508","51","15129182"
"chr5","17576027","17576322","chr20","17474571","17474864","22","101456"
"chr5","17580804","17581112","chr20","17479347","17479656","7","101457"
"chr5","17603812","17604115","chr20","17502358","17502661","23","101454"
"chr5","17624343","17624658","chrX","16824149","16824449","65","800194"
"chr5","17632022","17632300","chr9","62035625","62035901","61","44403603"
"chr5","17639204","17639307","chr1","145594182","145594289","17","127954978"
"chr5","17639600","17639785","chr18","316110","316304","58","17323490"
"chr5","17643246","17643549","chr20","17539167","17539473","16","104079"
"chr5","17650191","17650494","chr20","17546244","17546562","25","103947"
"chr5","17654345","17654629","chr20","66063433","66063725","65","48409088"
"chr5","17660708","17660808","chr19","51167657","51167766","28","33506949"
"chr5","17673729","17673912","chr20","71459050","71459226","45","53785321"
"chr5","17674680","17674783","chr3","109600449","109600550","20","91925769"
"chr5","17690760","17690911","chr20","17586646","17586797","8","104114"
"chr5","17695775","17696086","chr1","109685161","109685468","63","91989386"
"chr5","17698591","17698897","chr20","17597221","17597519","18","101370"
"chr5","17699677","17699795","chr20","17598194","17598300","14","101483"
"chr5","17702256","17702386","chr9","89290859","89290974","31","71588603"
"chr5","17702649","17702797","chr8","50059979","50060111","47","32357330"
"chr5","17708189","17708353","chr20","17606656","17606827","14","101533"
"chr5","17733723","17733841","chr4","42189874","42189990","20","24456151"
"chr5","17733871","17734033","chr1","69226039","69226196","32","51492168"
"chr5","17740192","17740325","chr20","17642634","17642764","10","97558"
"chr5","17746201","17746512","chr20","17648916","17649233","15","97285"
"chr5","17751712","17751976","chr20","17654910","17655174","6","96802"
"chr5","17787030","17787321","chr20","17691788","17692070","16","95242"
"chr5","17804099","17804388","chr20","17708351","17708649","16","95748"
"chr5","17836274","17836444","chr20","17740926","17741092","9","95348"
"chr5","17845114","17845431","chr2","32784888","32785199","66","14939774"
"chr5","17853307","17853593","chr20","17757706","17757989","15","95601"
"chr5","17878246","17878547","chr20","17780854","17781160","14","97392"
"chr5","17879041","17879346","chr20","17781658","17781963","10","97383"
"chr5","17881536","17881647","chr20","17784087","17784218","23","97449"
"chr5","17910857","17911145","chr16","18751161","18751455","59","840304"
"chr5","17914183","17914378","chr20","17816798","17816993","9","97385"
"chr5","17927035","17927179","chr20","17829762","17829904","6","97273"
"chr5","17963724","17964024","chr20","17865460","17865759","8","98264"
"chr5","17972513","17972635","chr10","13542115","13542236","19","4430398"
"chr5","18020416","18020715","chr5","72941667","72941963","52","54921251"
"chr5","18036355","18036639","chr19","33242106","33242395","58","15205751"
"chr5","18042619","18042742","chr6","75990624","75990747","21","57948005"
"chr5","18042760","18043046","chr20","17947564","17947850","8","95196"
"chr5","18055680","18055974","chr20","17961113","17961387","29","94567"
"chr5","18065525","18065841","chr3","44863353","44863658","63","26797828"
"chr5","18073248","18073553","chr20","17978934","17979235","12","94314"
"chr5","18098352","18098659","chr20","18002631","18002936","10","95721"
"chr5","18115151","18115434","chr20","18021650","18021921","15","93501"
"chr5","18121012","18121321","chr20","18027515","18027813","17","93497"
"chr5","18131997","18132295","chr20","18038824","18039120","8","93173"
"chr5","18150989","18151271","chr20","18059302","18059577","14","91687"
"chr5","18175274","18175570","chr20","18083294","18083598","52","91980"
"chr5","18183693","18183858","chr20","18091822","18091990","6","91871"
"chr5","18184148","18184344","chr20","18092186","18092420","44","91962"
"chr5","18187557","18187853","chr20","18095484","18095775","13","92073"
"chr5","18192749","18193070","chr20","18100655","18101000","27","92094"
"chr5","18199938","18200244","chr20","18108143","18108444","16","91795"
"chr5","18225784","18226104","chr20","1788618","1788928","64","16437166"
"chr5","18327807","18327998","chr17","8516683","8516860","50","9811124"
"chr5","18391356","18391634","chr20","18304799","18305077","9","86557"
"chr5","18414608","18414847","chr20","18327763","18327998","11","86845"
"chr5","18522305","18522568","chr20","18436699","18436957","8","85606"
"chr5","18556738","18556841","chr20","18472403","18472494","13","84335"
"chr5","18577779","18578022","chr20","18493546","18493779","18","84233"
"chr5","18655957","18656230","chr20","18572626","18572899","7","83331"
"chr5","18773693","18773864","chr20","18697801","18697972","2","75892"
"chr5","18829837","18830116","chr20","18754488","18754762","14","75349"
"chr5","18862927","18863205","chr6","152808527","152808803","56","133945600"
"chr5","18875472","18875768","chr20","18807490","18807786","10","67982"
"chr5","18936612","18936920","chr20","18884457","18884766","9","52155"
"chr5","18952338","18952614","chr20","18899883","18900156","6","52455"
"chr5","18970561","18970863","chr20","18917629","18917937","10","52932"
"chr5","19013173","19013474","chr20","18960965","18961265","8","52208"
"chr5","19017627","19017928","chr20","18960965","18961265","10","56662"
"chr5","19043388","19043689","chr20","18988777","18989076","10","54611"
"chr5","19072563","19072726","chr1","86155568","86155728","25","67083005"
"chr5","19077182","19077484","chr20","19022252","19022560","11","54930"
"chr5","19097789","19098075","chr20","19042449","19042742","13","55340"
"chr5","19111109","19111210","chr20","19056184","19056285","0","54925"
"chr5","19121409","19121694","chr20","19066389","19066674","3","55020"
"chr5","19137090","19137396","chr20","19080292","19080597","13","56798"
"chr5","19138455","19138684","chr20","19081650","19081879","5","56805"
"chr5","19143426","19143740","chr20","19086508","19086832","14","56918"
"chr5","19144839","19145145","chr20","19087930","19088230","22","56909"
"chr5","19158650","19158995","chr14","69537803","69538123","97","50379153"
"chr5","19173708","19173967","chr20","19119780","19120035","12","53928"
"chr5","19187674","19187954","chr20","19133431","19133730","27","54243"
"chr5","19196173","19196475","chr20","19142578","19142870","18","53595"
"chr5","19211027","19211150","chr20","19157391","19157514","3","53636"
"chr5","19219971","19220262","chr1","118234619","118234911","58","99014648"
"chr5","19232984","19233266","chr20","19179191","19179472","16","53793"
"chr5","19234154","19234276","chr20","19180360","19180486","9","53794"
"chr5","19234291","19234616","chr20","19180501","19180835","20","53790"
"chr5","19235270","19235440","chr20","19181498","19181672","9","53772"
"chr5","19235454","19235512","chr20","19181685","19181743","0","53769"
"chr5","19249019","19249293","chr20","19194973","19195247","6","54046"
"chr5","19294161","19294475","chr20","19240428","19240739","26","53733"
"chr5","19309124","19309382","chr11","41529852","41530119","75","22220728"
"chr5","19361784","19361914","chr20","19306849","19306979","3","54935"
"chr5","19662644","19662804","chr20","19599986","19600158","12","62658"
"chr5","19695898","19696184","chr20","19632390","19632670","11","63508"
"chr5","19707725","19708015","chr4","13074516","13074807","54","6633209"
"chr5","19716416","19716717","chr20","19646893","19647198","16","69523"
"chr5","19725970","19726267","chr20","19656159","19656444","19","69811"
"chr5","19767096","19767399","chr20","19696525","19696823","43","70571"
"chr5","19772889","19772990","chr4","36644652","36644750","21","16871763"
"chr5","19777711","19777867","chr20","19706982","19707152","14","70729"
"chr5","19796453","19796592","chr20","19728355","19728490","4","68098"
"chr5","19801958","19802098","chrX","41431232","41431368","36","21629274"
"chr5","19802390","19802530","chr8","22597520","22597660","28","2795130"
"chr5","19816230","19816532","chr20","19748264","19748566","4","67966"
"chr5","19817694","19817999","chr20","19749731","19750029","19","67963"
"chr5","19843027","19843148","chr20","19773045","19773161","6","69982"
"chr5","19845961","19846250","chr20","8295116","8295407","61","11550845"
"chr5","19851324","19851616","chr20","19780892","19781176","23","70432"
"chr5","19868425","19868690","chr20","19803207","19803473","6","65218"
"chr5","19879406","19879695","chr20","19809901","19810191","5","69505"
"chr5","19893044","19893349","chr20","19823204","19823506","10","69840"
"chr5","19903925","19904203","chr3","176306580","176306860","62","156402655"
"chr5","19913087","19913377","chr20","19843522","19843811","11","69565"
"chr5","19941255","19941435","chr20","19872743","19872922","8","68512"
"chr5","19948715","19949023","chr20","19880989","19881297","1","67726"
"chr5","19959258","19959394","chr20","19890943","19891079","1","68315"
"chr5","19972958","19973248","chr20","19905005","19905291","24","67953"
"chr5","19984918","19985234","chr20","19917215","19917535","14","67703"
"chr5","20016952","20017134","chr17","8516683","8516860","40","11500269"
"chr5","20059787","20060092","chr20","19992707","19992999","20","67080"
"chr5","20065113","20065243","chr20","19997608","19997738","3","67505"
"chr5","20076254","20076537","chr20","20009208","20009501","24","67046"
"chr5","20077989","20078292","chr20","20010940","20011249","15","67049"
"chr5","20081401","20081699","chr20","20016255","20016553","7","65146"
"chr5","20090084","20090140","chr9","54659580","54659635","12","34569496"
"chr5","20091478","20091753","chr9","51011656","51011931","63","30920178"
"chr5","20100617","20100870","chr20","20036890","20037143","6","63727"
"chr5","20106490","20106806","chr3","40419911","40420197","82","20313421"
"chr5","20106837","20106871","chr16","31975848","31975874","11","11869011"
"chr5","20117387","20117677","chr3","37327997","37328292","60","17210610"
"chr5","20157462","20157775","chr20","20095841","20096154","9","61621"
"chr5","20169209","20169481","chr20","20108851","20109132","15","60358"
"chr5","20171448","20171707","chr20","20111092","20111351","6","60356"
"chr5","20201087","20201376","chr4","66800581","66800869","59","46599494"
"chr5","20205476","20205756","chr20","20146677","20146956","2","58799"
"chr5","20237839","20238135","chr20","20179625","20179920","5","58214"
"chr5","20239473","20239773","chr20","20181247","20181547","6","58226"
"chr5","20290688","20290986","chr20","20232664","20232962","12","58024"
"chr5","20292718","20292999","chr20","20234655","20234939","16","58063"
"chr5","20327366","20327525","chr20","20269929","20270088","2","57437"
"chr5","20332349","20332640","chr20","20274913","20275204","16","57436"
"chr5","20340232","20340479","chr20","20283059","20283310","13","57173"
"chr5","20359046","20359330","chr20","20305027","20305292","23","54019"
"chr5","20363232","20363509","chr13","43902971","43903251","60","23539739"
"chr5","20407359","20407665","chr2","64373929","64374230","52","43966570"
"chr5","20415294","20415490","chr20","20359075","20359271","5","56219"
"chr5","20446607","20446775","chr20","20392064","20392232","2","54543"
"chr5","20488643","20488804","chr20","20433004","20433173","10","55639"
"chr5","20493099","20493269","chr2","90612913","90613075","30","70119814"
"chr5","20493415","20493428","chr6","133330208","133330220","3","112836793"
"chr5","20520332","20520627","chr20","20467887","20468196","26","52445"
"chr5","20527492","20527802","chr20","20475125","20475434","11","52367"
"chr5","20556146","20556431","chr20","20503900","20504185","14","52246"
"chr5","20610259","20610548","chr20","20558127","20558416","11","52132"
"chr5","20626204","20626408","chr20","20574085","20574290","4","52119"
"chr5","20626465","20626796","chr20","20574347","20574647","35","52118"
"chr5","20670455","20670577","chr20","20618570","20618695","15","51885"
"chr5","20687678","20687978","chr20","20635878","20636177","8","51800"
"chr5","20712750","20713042","chr20","20660737","20661030","8","52013"
"chr5","20750372","20750660","chr20","20698683","20698965","25","51689"
"chr5","20837627","20837916","chr20","12568783","12569061","54","8268844"
"chr5","20841526","20841793","chr20","20790333","20790600","6","51193"
"chr5","20841822","20841955","chr20","20790629","20790762","4","51193"
"chr5","20863887","20864055","chr7","95636696","95636880","51","74772809"
"chr5","20874752","20875063","chr20","20824353","20824662","9","50399"
"chr5","20895844","20896139","chr20","20846139","20846441","16","49705"
"chr5","20918498","20918799","chr20","20868949","20869247","13","49549"
"chr5","20926082","20926235","chr20","20878794","20878928","25","47288"
"chr5","20936348","20936651","chr20","20892837","20893140","14","43511"
"chr5","20940356","20940655","chr20","20897050","20897351","15","43306"
"chr5","20953368","20953534","chr14","106636302","106636459","34","85682934"
"chr5","20961351","20961647","chr20","20920429","20920725","9","40922"
"chr5","20966169","20966337","chr10","15328483","15328647","28","5637686"
"chr5","20982534","20982683","chr20","20936656","20936806","6","45878"
"chr5","20987798","20987972","chr15","78950023","78950190","41","57962225"
"chr5","20987998","20988115","chr2","27715698","27715815","23","6727700"
"chr5","20997087","20997378","chr20","20950987","20951277","14","46100"
"chr5","21006805","21006920","chr20","20961092","20961206","3","45713"
"chr5","21010225","21010514","chr7","58237538","58237836","54","37227313"
"chr5","21015080","21015363","chr20","20969632","20969915","7","45448"
"chr5","21027456","21027738","chr20","20982022","20982305","15","45434"
"chr5","21052472","21052774","chr20","21006214","21006504","26","46258"
"chr5","21067067","21067362","chr20","41073218","41073484","73","20006151"
"chr5","21087866","21087961","chr7","106646647","106646733","24","85558781"
"chr5","21092219","21092467","chr3","41497047","41497293","65","20404828"
"chr5","21098661","21098947","chr20","21052853","21053139","5","45808"
"chr5","21112304","21112456","chr20","21066483","21066635","3","45821"
"chr5","21113881","21114190","chr20","21068068","21068371","16","45813"
"chr5","21124289","21124586","chr20","21078201","21078502","12","46088"
"chr5","21165143","21165419","chr20","21117241","21117517","6","47902"
"chr5","21168465","21168674","chr20","21122308","21122518","10","46157"
"chr5","21189453","21189734","chr20","21145848","21146128","11","43605"
"chr5","21225034","21225152","chr1","97294961","97295084","26","76069927"
"chr5","21255144","21255338","chr20","21209788","21209988","10","45356"
"chr5","21262997","21263218","chrX","124166614","124166826","52","102903617"
"chr5","21265254","21265552","chr20","21219362","21219658","10","45892"
"chr5","21266712","21266858","chr6","74143213","74143349","37","52876501"
"chr5","21271732","21272048","chr20","21226403","21226719","8","45329"
"chr5","21299859","21299993","chr20","21254616","21254744","8","45243"
"chr5","21319197","21319487","chr20","21274394","21274688","6","44803"
"chr5","21328446","21328761","chr20","21282373","21282684","11","46073"
"chr5","21343344","21343473","chr1","114560362","114560488","25","93217018"
"chr5","21348526","21348619","chr2","173952914","173952995","32","152604388"
"chr5","21348946","21349106","chr3","50749437","50749590","33","29400491"
"chr5","21351949","21352265","chr3","150672422","150672734","65","129320473"
"chr5","21363633","21363947","chr10","52737902","52738234","67","31374269"
"chr5","21370235","21370538","chr19","3169721","3170018","63","18200514"
"chr5","21404214","21404484","chr20","21359476","21359749","9","44738"
"chr5","21407108","21407390","chr20","21362370","21362652","5","44738"
"chr5","21412232","21412548","chr20","21367474","21367786","13","44758"
"chr5","21415924","21416185","chr20","21371172","21371433","5","44752"
"chr5","21417656","21417888","chr20","21372900","21373132","3","44756"
"chr5","21425889","21426220","chr7","80152136","80152442","70","58726247"
"chr5","21433840","21434055","chr13","53985359","53985578","49","32551519"
"chr5","21434370","21434384","chr6","133330208","133330220","4","111895838"
"chr5","21442553","21442740","chr20","21397594","21397764","18","44959"
"chr5","21447980","21448266","chr8","37018726","37019017","60","15570746"
"chr5","21450498","21450800","chr20","21405223","21405534","24","45275"
"chr5","21453111","21453416","chr20","21407851","21408153","9","45260"
"chr5","21465807","21466090","chr20","21420924","21421207","4","44883"
"chr5","21471004","21471318","chr20","21426078","21426389","9","44926"
"chr5","21477114","21477444","chr20","21433517","21433840","17","43597"
"chr5","21485301","21485462","chr15","48033753","48033917","28","26548452"
"chr5","21485502","21485627","chr20","50786945","50787068","16","29301443"
"chr5","21488863","21489139","chr20","21445265","21445541","12","43598"
"chr5","21505165","21505475","chr1","207111586","207111894","64","185606421"
"chr5","21512108","21512375","chr20","21469439","21469702","15","42669"
"chr5","21544116","21544447","chr8","28796065","28796375","68","7251949"
"chr5","21544841","21544976","chr3","149948194","149948328","27","128403353"
"chr5","21545286","21545479","chr11","82940215","82940392","57","61394929"
"chr5","21552917","21553205","chr20","21503723","21504009","9","49194"
"chr5","21631954","21632237","chr20","21582454","21582744","28","49500"
"chr5","21633662","21633902","chr20","21584161","21584392","11","49501"
"chr5","21636209","21636501","chr12","20849701","20849992","63","786508"
"chr5","21646888","21647166","chr20","21597460","21597739","11","49428"
"chr5","21672311","21672484","chr6","72335719","72335882","49","50663408"
"chr5","21672510","21672629","chr11","119858788","119858905","14","98186278"
"chr5","21695086","21695372","chr20","21645611","21645897","7","49475"
"chr5","21739955","21740096","chr20","21691363","21691502","2","48592"
"chr5","21751637","21751852","chr3","47454312","47454532","50","25702675"
"chr5","21781384","21781669","chr16","31420671","31420951","67","9639287"
"chr5","21789734","21790028","chr17","7070691","7070986","55","14719043"
"chr5","21791913","21792183","chr1","202424892","202425168","61","180632979"
"chr5","21831454","21831759","chr20","21783477","21783782","11","47977"
"chr5","21836016","21836146","chr4","52673139","52673269","17","30837123"
"chr5","21853077","21853243","chr20","21804959","21805132","11","48118"
"chr5","21857523","21857808","chr20","21809440","21809714","18","48083"
"chr5","21878140","21878424","chr20","21830012","21830296","6","48128"
"chr5","21892018","21892180","chr20","21843994","21844156","3","48024"
"chr5","21893475","21893674","chr20","21845448","21845646","10","48027"
"chr5","21895782","21895900","chr20","21847734","21847849","5","48048"
"chr5","21928100","21928248","chr18","15359846","15359990","33","6568254"
"chr5","21954493","21954790","chr20","21907096","21907398","20","47397"
"chr5","21985172","21985451","chr20","21937631","21937910","8","47541"
"chr5","22004299","22004542","chr6","11697903","11698150","53","10306396"
"chr5","22015436","22015743","chr20","21968823","21969118","19","46613"
"chr5","22021609","22021789","chr10","62272760","62272933","38","40251151"
"chr5","22022102","22022233","chr4","69363391","69363522","23","47341289"
"chr5","22046027","22046328","chr20","22000372","22000672","12","45655"
"chr5","22065980","22066261","chr20","22020351","22020647","26","45629"
"chr5","22093943","22094227","chr20","22048344","22048627","5","45599"
"chr5","22109243","22109526","chr11","1608443","1608718","63","20500800"
"chr5","22141369","22141685","chr20","22096709","22097025","6","44660"
"chr5","22155509","22155788","chr19","3132609","3132883","73","19022900"
"chr5","22171837","22172132","chr20","22126496","22126794","11","45341"
"chr5","22177913","22178194","chr20","22132470","22132792","49","45443"
"chr5","22182409","22182539","chr20","22136985","22137115","6","45424"
"chr5","22187446","22187747","chr20","22142012","22142314","8","45434"
"chr5","22214335","22214462","chr10","33295232","33295356","27","11080897"
"chr5","22215074","22215207","chrX","12078736","12078868","31","10136338"
"chr5","22218763","22219075","chr20","22172300","22172612","5","46463"
"chr5","22225654","22225915","chr20","22179396","22179690","37","46258"
"chr5","22238939","22239239","chr20","22192342","22192640","8","46597"
"chr5","22242497","22242805","chr20","22195901","22196195","20","46596"
"chr5","22247338","22247635","chr20","22200735","22201035","15","46603"
"chr5","22251344","22251645","chr10","7784096","7784395","56","14467248"
"chr5","22256231","22256537","chr20","22209497","22209790","19","46734"
"chr5","22258015","22258298","chr20","22211263","22211551","9","46752"
"chr5","22260355","22260508","chr4","150711893","150712027","41","128451538"
"chr5","22261909","22262226","chr20","22215199","22215520","10","46710"
"chr5","22263415","22263544","chr1","190446839","190446970","40","168183424"
"chr5","22264748","22265053","chr20","22218032","22218338","14","46716"
"chr5","22312544","22312809","chr20","22265704","22265966","9","46840"
"chr5","22315097","22315416","chr20","22268083","22268400","9","47014"
"chr5","22352441","22352735","chr20","22305942","22306235","6","46499"
"chr5","22357883","22358188","chr20","22311401","22311690","29","46482"
"chr5","22360054","22360355","chr20","22313505","22313806","7","46549"
"chr5","22367917","22368225","chr20","22321220","22321519","33","46697"
"chr5","22374869","22375011","chr15","7461808","7461949","22","14913061"
"chr5","22375172","22375474","chr4","20504400","20504700","55","1870772"
"chr5","22385959","22386111","chr20","22342852","22343004","1","43107"
"chr5","22394305","22394457","chr20","22342852","22343004","1","51453"
"chr5","22395392","22395672","chr20","22339927","22340211","13","55465"
"chr5","22400884","22401103","chr20","22354004","22354223","5","46880"
"chr5","22401669","22401961","chr7","17356529","17356815","56","5045140"
"chr5","22407272","22407535","chr20","22360782","22361047","8","46490"
"chr5","22409768","22410076","chr20","22363262","22363572","12","46506"
"chr5","22410797","22411106","chr20","22364290","22364599","4","46507"
"chr5","22414301","22414572","chr20","22368088","22368370","13","46213"
"chr5","22418282","22418405","chr20","22372349","22372471","1","45933"
"chr5","22422561","22422685","chr18","71592757","71592883","20","49170196"
"chr5","22426948","22427269","chr20","22381383","22381680","32","45565"
"chr5","22433957","22434252","chr20","22388249","22388559","20","45708"
"chr5","22434744","22434872","chr5","79733652","79733772","22","57298908"
"chr5","22435181","22435213","chr13","103141007","103141035","12","80705826"
"chr5","22437469","22437634","chr13","68645227","68645384","35","46207758"
"chr5","22437679","22437791","chr20","60368013","60368124","19","37930334"
"chr5","22485561","22485832","chr20","22439956","22440220","14","45605"
"chr5","22510626","22510922","chr20","22465487","22465783","3","45139"
"chr5","22559135","22559446","chr20","22513166","22513469","20","45969"
"chr5","22562665","22562966","chr20","22518185","22518483","21","44480"
"chr5","22570645","22570951","chr20","22526063","22526370","11","44582"
"chr5","22572851","22573111","chr20","22528396","22528692","40","44455"
"chr5","22575688","22575707","chr7","131755732","131755746","5","109180044"
"chr5","22575755","22576017","chr20","22531644","22531901","10","44111"
"chr5","22576890","22577016","chr3","177838420","177838532","26","155261530"
"chr5","22577371","22577411","chr4","118693000","118693042","5","96115629"
"chr5","22580664","22580802","chr20","22536769","22536907","6","43895"
"chr5","22580989","22581296","chr20","22537100","22537403","28","43889"
"chr5","22584815","22584971","chr8","9041388","9041544","41","13543427"
"chr5","22584998","22585088","chr4","34538503","34538587","15","11953505"
"chr5","22586268","22586508","chr20","22542367","22542635","36","43901"
"chr5","22623266","22623616","chr20","22581005","22581295","82","42261"
"chr5","22623625","22623918","chr20","22581005","22581295","16","42620"
"chr5","22631610","22631775","chr20","22589273","22589436","7","42337"
"chr5","22636063","22636364","chr4","84750658","84750949","63","62114595"
"chr5","22646246","22646501","chr20","22604138","22604394","16","42108"
"chr5","22652106","22652277","chr20","22610032","22610198","6","42074"
"chr5","22688831","22688958","chr20","22646999","22647126","5","41832"
"chr5","22696943","22697225","chr9","93273317","93273599","54","70576374"
"chr5","22716628","22716963","chr20","22675434","22675766","14","41194"
"chr5","22745220","22745521","chr20","22704475","22704783","11","40745"
"chr5","22746211","22746375","chr20","22705463","22705624","7","40748"
"chr5","22763775","22764041","chr20","22724646","22724942","33","39129"
"chr5","22767948","22768256","chr20","22728845","22729151","9","39103"
"chr5","22791365","22791503","chr19","28554231","28554368","22","5762866"
"chr5","22791504","22791813","chr20","22755005","22755310","9","36499"
"chr5","22791814","22791985","chr6","27887980","27888146","48","5096166"
"chr5","22799632","22799988","chr20","22763182","22763544","18","36450"
"chr5","22873299","22873561","chr20","22834577","22834864","59","38722"
"chr5","22874821","22875134","chr10","80651039","80651327","89","57776218"
"chr5","22899583","22899812","chr15","75805863","75806103","52","52906280"
"chr5","22916605","22916916","chr13","99462323","99462635","61","76545718"
"chr5","22934941","22935225","chr20","22898472","22898776","26","36469"
"chr5","22973163","22973375","chr20","22939314","22939526","3","33849"
"chr5","22984070","22984343","chr20","22953015","22953287","10","31055"
"chr5","22985616","22985921","chr20","22954570","22954869","13","31046"
"chr5","23049883","23050189","chr20","23014187","23014490","12","35696"
"chr5","23057583","23057702","chr20","23021878","23021999","5","35705"
"chr5","23063205","23063361","chr20","23028925","23029076","6","34280"
"chr5","23070794","23070955","chr5","34267924","34268082","24","11197130"
"chr5","23071042","23071119","chr14","85609457","85609526","17","62538415"
"chr5","23086808","23087096","chr20","23050970","23051228","38","35838"
"chr5","23092709","23092982","chr20","23056852","23057125","4","35857"
"chr5","23102313","23102602","chr20","23066432","23066718","18","35881"
"chr5","23119827","23119951","chr20","23086223","23086347","3","33604"
"chr5","23151577","23151878","chr20","23117931","23118212","30","33646"
"chr5","23188092","23188407","chr20","23154772","23155080","13","33320"
"chr5","23240997","23241305","chr15","40148450","40148756","58","16907453"
"chr5","23251664","23251970","chr13","86547061","86547362","58","63295397"
"chr5","23256241","23256519","chr6","126424215","126424455","75","103167974"
"chr5","23263340","23263617","chr3","40567501","40567781","58","17304161"
"chr5","23273175","23273514","chr20","23240431","23240765","40","32744"
"chr5","23281415","23281727","chr20","23248581","23248867","33","32834"
"chr5","23287973","23288174","chr20","23255089","23255290","4","32884"
"chr5","23296511","23296758","chr20","23264001","23264248","16","32510"
"chr5","23306330","23306641","chr20","23273184","23273483","41","33146"
"chr5","23319488","23319779","chr20","23284757","23285048","9","34731"
"chr5","23327302","23327602","chr20","23292472","23292771","6","34830"
"chr5","23341732","23342027","chr20","23307182","23307478","3","34550"
"chr5","23371815","23372078","chr20","23336353","23336618","7","35462"
"chr5","23390700","23390973","chr20","23355213","23355476","13","35487"
"chr5","23413117","23413289","chr11","83033403","83033574","45","59620286"
"chr5","23413587","23413708","chr8","95244920","95245039","29","71831333"
"chr5","23421307","23421616","chr20","23386258","23386567","15","35049"
"chr5","23439827","23440114","chr20","23405356","23405640","11","34471"
"chr5","23497292","23497602","chr20","23462420","23462732","11","34872"
"chr5","23529316","23529465","chr9","26297512","26297655","28","2768196"
"chr5","23540148","23540459","chr12","40377044","40377338","64","16836896"
"chr5","23562841","23562986","chr6","169660932","169661076","42","146098091"
"chr5","23613493","23613644","chr2","136514822","136514973","30","112901329"
"chr5","23622155","23622465","chr20","23584844","23585154","9","37311"
"chr5","23638791","23639002","chr19","6937669","6937881","42","16701122"
"chr5","23641547","23641687","chr20","23604037","23604160","22","37510"
"chr5","23642644","23642941","chr9","15305530","15305824","54","8337114"
"chr5","23736570","23736730","chr20","23700506","23700667","6","36064"
"chr5","23738180","23738339","chr7","158122178","158122345","35","134383998"
"chr5","23738647","23738822","chr20","19884118","19884306","55","3854529"
"chr5","23831632","23831759","chr7","58687154","58687283","25","34855522"
"chr5","23901691","23901990","chr11","46631266","46631567","60","22729575"
"chr5","24073876","24074039","chr20","24025739","24025902","6","48137"
"chr5","24198667","24198789","chr20","24152860","24152984","5","45807"
"chr5","24224449","24224716","chr20","24178701","24178967","5","45748"
"chr5","24354410","24354716","chr20","24309620","24309925","9","44790"
"chr5","24376815","24376966","chr20","24333711","24333863","2","43104"
"chr5","24434324","24434614","chr20","24392181","24392470","6","42143"
"chr5","24517060","24517337","chr20","24474779","24475056","3","42281"
"chr5","24539741","24540030","chr20","24496703","24496989","5","43038"
"chr5","24550896","24551107","chr20","24507728","24507937","6","43168"
"chr5","24606393","24606695","chr20","24561787","24562062","30","44606"
"chr5","24612127","24612411","chr20","24568185","24568468","4","43942"
"chr5","24634480","24634802","chr20","24590432","24590756","15","44048"
"chr5","24635191","24635321","chr10","68306523","68306652","17","43671332"
"chr5","24659981","24660260","chr20","24616890","24617169","12","43091"
"chr5","24677229","24677362","chrX","92984306","92984437","22","68307077"
"chr5","24680797","24681112","chr20","24638438","24638754","28","42359"
"chr5","24689625","24689914","chr20","24647169","24647475","21","42456"
"chr5","24698553","24698851","chr12","3740749","3741035","72","20957804"
"chr5","24723118","24723387","chr11","51668667","51668949","65","26945549"
"chr5","24760239","24760400","chr20","24714279","24714442","3","45960"
"chr5","24766071","24766362","chr20","24720189","24720481","14","45882"
"chr5","24779564","24779805","chr3","159709903","159710134","57","134930339"
"chr5","24813325","24813646","chr20","24768652","24768967","31","44673"
"chr5","24837125","24837416","chr20","24792084","24792375","5","45041"
"chr5","24857533","24857841","chr20","24811928","24812236","14","45605"
"chr5","24866168","24866332","chr6","64880977","64881142","36","40014809"
"chr5","24866362","24866487","chr3","84655379","84655507","24","59789017"
"chr5","24869016","24869226","chr5","50313471","50313682","44","25444455"
"chr5","24894939","24895226","chr20","24849344","24849636","11","45595"
"chr5","24912426","24912682","chr20","24867464","24867725","15","44962"
"chr5","24914044","24914337","chr7","32439889","32440179","57","7525845"
"chr5","24957410","24957526","chr20","24914287","24914403","3","43123"
"chr5","24970356","24970666","chr16","21599718","21600031","66","3370638"
"chr5","24986780","24987055","chr20","24943898","24944173","7","42882"
"chr5","24991404","24991680","chr20","24948427","24948706","16","42977"
"chr5","24996383","24996545","chr13","107651634","107651790","49","82655251"
"chr5","24998421","24998703","chr20","24957739","24958030","19","40682"
"chr5","25012409","25012709","chr3","35477073","35477365","54","10464664"
"chr5","25014897","25015143","chr20","24972332","24972540","41","42565"
"chr5","25015534","25015841","chr19","13941891","13942195","71","11073643"
"chr5","25018879","25019006","chr20","24976310","24976437","3","42569"
"chr5","25029121","25029258","chr2","63682980","63683123","29","38653859"
"chr5","25046957","25047250","chr20","25004689","25004990","13","42268"
"chr5","25066554","25066869","chr20","25026816","25027132","10","39738"
"chr5","25075704","25076019","chr20","25034551","25034868","12","41153"
"chr5","25082888","25083184","chr20","25041505","25041801","9","41383"
"chr5","25083943","25084097","chr20","25042586","25042719","25","41357"
"chr5","25133720","25134033","chr5","2263987","2264298","56","22869733"
"chr5","25139275","25139547","chr20","25101276","25101571","35","37999"
"chr5","25139742","25140053","chr13","68708801","68709111","48","43569059"
"chr5","25142577","25142703","chr10","58210717","58210841","21","33068140"
"chr5","25219479","25219792","chr17","15427075","15427386","55","9792404"
"chr5","25229495","25229775","chr20","25191699","25191989","15","37796"
"chr5","25246448","25246751","chr20","25208680","25208982","14","37768"
"chr5","25254348","25254586","chr20","25216494","25216740","15","37854"
"chr5","25256042","25256172","chr20","25218394","25218524","1","37648"
"chr5","25259619","25259920","chr20","25222280","25222582","13","37339"
"chr5","25266579","25266894","chr8","120130049","120130354","66","94863470"
"chr5","25279868","25280019","chr19","40441658","40441803","31","15161790"
"chr5","25280328","25280474","chr1","180629552","180629704","33","155349224"
"chr5","25289973","25290109","chr16","4559512","4559642","24","20730461"
"chr5","25300433","25300500","chr19","6569013","6569078","10","18731420"
"chr5","25300805","25300968","chr1","181459991","181460155","33","156159186"
"chr5","25308485","25308609","chr20","25271335","25271457","11","37150"
"chr5","25318801","25318983","chr20","25281631","25281812","3","37170"
"chr5","25327635","25327805","chr20","25290242","25290401","14","37393"
"chr5","25333407","25333715","chr20","25296535","25296843","10","36872"
"chr5","25334900","25335217","chr20","25298042","25298363","12","36858"
"chr5","25339481","25339772","chr20","25302624","25302915","8","36857"
"chr5","25348511","25348805","chr20","25312044","25312338","7","36467"
"chr5","25358843","25359146","chr20","25323243","25323546","4","35600"
"chr5","25364271","25364451","chr1","139327231","139327385","60","113962960"
"chr5","25367363","25367674","chr20","25331587","25331898","13","35776"
"chr5","25370905","25371205","chr20","25335121","25335418","14","35784"
"chr5","25384269","25384451","chr11","82940215","82940392","57","57555946"
"chr5","25384728","25384883","chr8","36119278","36119416","42","10734550"
"chr5","25405039","25405201","chr20","25369211","25369373","1","35828"
"chr5","25405680","25405959","chr20","25369854","25370133","7","35826"
"chr5","25466987","25467255","chr10","26842328","26842609","57","1375341"
"chr5","25467259","25467564","chr20","25431467","25431783","22","35792"
"chr5","25471372","25471669","chr20","25435567","25435864","9","35805"
"chr5","25517468","25517628","chr20","25482467","25482632","8","35001"
"chr5","25532015","25532169","chr20","25497080","25497233","4","34935"
"chr5","25548565","25548794","chr20","25513611","25513839","3","34954"
"chr5","25557336","25557640","chr20","25521385","25521690","11","35951"
"chr5","25583390","25583717","chr20","25547488","25547805","31","35902"
"chr5","25585712","25586023","chr20","25549804","25550115","10","35908"
"chr5","25591789","25592109","chr20","25555984","25556310","13","35805"
"chr5","25631434","25631693","chr3","6946875","6947131","68","18684559"
"chr5","25631718","25631851","chr3","105419310","105419431","27","79787592"
"chr5","25642543","25642725","chr20","25610570","25610748","8","31973"
"chr5","25648460","25648744","chr8","41180937","41181224","56","15532477"
"chr5","25658420","25658579","chr1","69343827","69343985","31","43685407"
"chr5","25667352","25667662","chr20","25635651","25635959","11","31701"
"chr5","25682360","25682453","chr14","52540886","52540970","23","26858526"
"chr5","25698026","25698157","chr20","25666385","25666517","3","31641"
"chr5","25700167","25700445","chr20","25668531","25668808","6","31636"
"chr5","25702261","25702562","chr20","25670671","25670984","18","31590"
"chr5","25741706","25741900","chr15","1347930","1348134","52","24393776"
"chr5","25763182","25763487","chr20","25734294","25734604","11","28888"
"chr5","25765722","25766006","chr20","25736825","25737109","12","28897"
"chr5","25771922","25772051","chr20","25743037","25743166","2","28885"
"chr5","25774570","25774888","chr15","98041136","98041442","64","72266566"
"chr5","25780527","25780597","chr3","44101399","44101458","22","18320872"
"chr5","25781879","25782168","chr20","25752851","25753148","13","29028"
"chr5","25793080","25793353","chr20","25763009","25763289","11","30071"
"chr5","25816390","25816702","chr20","25786166","25786453","44","30224"
"chr5","25839694","25839988","chr20","25809789","25810086","8","29905"
"chr5","25856619","25856931","chr20","25826752","25827064","10","29867"
"chr5","25865773","25866078","chr20","25836650","25836955","1","29123"
"chr5","25876967","25877090","chr20","25847487","25847607","3","29480"
"chr5","25883628","25883781","chr20","25854127","25854280","1","29501"
"chr5","25904518","25904668","chr20","25875068","25875218","2","29450"
"chr5","25912353","25912579","chr20","25882896","25883125","26","29457"
"chr5","25934316","25934437","chr20","25909073","25909194","4","25243"
"chr5","25940982","25941108","chr20","25916347","25916472","7","24635"
"chr5","25943823","25944089","chr20","25919183","25919457","15","24640"
"chr5","25958412","25958533","chr11","122969171","122969295","20","97010759"
"chr5","25958565","25958736","chr8","98260927","98261097","36","72302362"
"chr5","25960915","25961226","chr20","25936815","25937127","11","24100"
"chr5","25968882","25969175","chr20","25945509","25945802","6","23373"
"chr5","25972436","25972746","chr20","25949059","25949371","5","23377"
"chr5","25982683","25982802","chr3","39548757","39548876","26","13566074"
"chr5","25996816","25997131","chr16","19363002","19363312","56","6633814"
"chr5","26005626","26005848","chrX","141806653","141806871","53","115801027"
"chr5","26010177","26010310","chr1","135097790","135097920","18","109087613"
"chr5","26010554","26010578","chr1","26799984","26800011","9","789430"
"chr5","26010607","26010794","chr1","6671688","6671861","49","19338919"
"chr5","26012971","26013252","chr20","25990188","25990468","5","22783"
"chr5","26029958","26030023","chr20","26006815","26006880","1","23143"
"chr5","26031683","26031826","chr8","63434865","63435005","25","37403182"
"chr5","26037949","26038147","chr20","26014782","26014981","7","23167"
"chr5","26045906","26046052","chr2","185560426","185560568","33","159514520"
"chr5","26046351","26046533","chr13","83684025","83684195","39","57637674"
"chr5","26058710","26058996","chr20","26036664","26036978","31","22046"
"chr5","26073977","26074107","chr20","26052646","26052779","7","21331"
"chr5","26078461","26078754","chr20","26058457","26058750","5","20004"
"chr5","26097062","26097194","chr11","112416071","112416203","18","86319009"
"chr5","26100357","26100643","chr10","13965844","13966125","52","12134513"
"chr5","26109186","26109460","chr20","26088762","26089063","32","20424"
"chr5","26114674","26114978","chr20","26094285","26094589","9","20389"
"chr5","26137345","26137541","chr3","55231009","55231199","59","29093664"
"chr5","26154556","26154829","chr19","29433097","29433373","63","3278541"
"chr5","26162027","26162158","chr5","36282606","36282736","22","10120579"
"chr5","26169534","26169708","chr3","46023413","46023578","34","19853879"
"chr5","26169734","26169853","chr13","31287619","31287735","18","5117885"
"chr5","26174222","26174420","chr18","16422268","16422443","55","9751954"
"chr5","26200226","26200341","chr20","26181458","26181573","2","18768"
"chr5","26203740","26203922","chr20","26185017","26185199","4","18723"
"chr5","26212989","26213222","chr20","26200262","26200496","6","12727"
"chr5","26227430","26227725","chr20","26197127","26197439","21","30303"
"chr5","26241685","26241846","chr20","26225612","26225775","6","16073"
"chr5","26264941","26265229","chr20","26250888","26251176","5","14053"
"chr5","26299045","26299171","chr20","26283511","26283637","5","15534"
"chr5","26311669","26311986","chr11","93942142","93942458","65","67630473"
"chr5","26319143","26319445","chr13","109110405","109110712","64","82791262"
"chr5","26323141","26323380","chr2","55627532","55627789","65","29304391"
"chr5","26359924","26360237","chr20","26650736","26651034","24","290812"
"chr5","26364033","26364305","chr20","26646388","26646666","15","282355"
"chr5","26381307","26381426","chr20","26627502","26627618","4","246195"
"chr5","26383288","26383400","chr12","56169139","56169250","24","29785851"
"chr5","26387889","26388174","chr20","26619864","26620153","8","231975"
"chr5","26388225","26388438","chr8","119071532","119071755","73","92683307"
"chr5","26401045","26401206","chr6","157050273","157050423","43","130649228"
"chr5","26403995","26404128","chrX","38711766","38711898","30","12307771"
"chr5","26404436","26404581","chr3","165523245","165523382","36","139118809"
"chr5","26421823","26421954","chr20","26584281","26584412","2","162458"
"chr5","26433346","26433625","chr20","26571840","26572119","11","138494"
"chr5","26440205","26440494","chr20","26548014","26548302","11","107809"
"chr5","26450708","26450965","chr20","26550759","26551014","8","100051"
"chr5","26490720","26491059","chr6","132755142","132755482","70","106264422"
"chr5","26491907","26492142","chr20","26499351","26499596","12","7444"
"chr5","26502172","26502449","chr20","26486730","26487004","9","15442"
"chr5","26506044","26506173","chr4","84764886","84765021","23","58258842"
"chr5","26524340","26524602","chrX","38279038","38279286","80","11754698"
"chr5","26525598","26525619","chr1","49605714","49605731","11","23080116"
"chr5","26526894","26527052","chr13","85906319","85906472","27","59379425"
"chr5","26527085","26527250","chr20","26457135","26457300","5","69950"
"chr5","26532019","26532322","chr20","26452425","26452725","8","79594"
"chr5","26544534","26544822","chr20","26439997","26440281","7","104537"
"chr5","26548968","26549258","chr20","26435586","26435886","14","113382"
"chr5","26550308","26550419","chr20","26434103","26434209","5","116205"
"chr5","26621907","26622221","chr3","42655362","42655662","59","16033455"
"chr5","26623150","26623493","chr3","45063625","45063934","93","18440475"
"chr5","26625889","26626058","chr13","37916478","37916629","44","11290589"
"chr5","26628869","26629160","chr4","35794489","35794769","62","9165620"
"chr5","26694481","26694614","chr14","97689298","97689429","19","70994817"
"chr5","26694913","26694979","chr9","61580249","61580313","14","34885336"
"chr5","26719099","26719225","chr9","13471811","13471943","32","13247288"
"chr5","26720058","26720197","chr8","15054262","15054402","27","11665796"
"chr5","26727419","26727602","chr3","41794122","41794287","50","15066703"
"chr5","26730939","26731062","chr2","84033794","84033916","15","57302855"
"chr5","26756186","26756444","chr11","92597930","92598166","70","65841744"
"chr5","26757046","26757153","chr16","25481696","25481802","23","1275350"
"chr5","26780109","26780392","chr4","55944205","55944492","56","29164096"
"chr5","26788409","26788721","chr19","43644400","43644713","72","16855991"
"chr5","26795994","26796150","chr19","1682687","1682841","27","25113307"
"chr5","26796844","26796946","chr8","10930089","10930189","19","15866755"
"chr5","26805940","26806187","chr20","48183736","48183992","63","21377796"
"chr5","26808344","26808516","chr11","52925931","52926094","34","26117587"
"chr5","26809120","26809240","chr4","107623714","107623837","20","80814594"
"chr5","26825654","26825941","chr1","19449109","19449397","50","7376545"
"chr5","26876828","26877064","chr1","14415563","14415793","47","12461265"
"chr5","26888765","26889101","chr10","52737902","52738234","81","25849137"
"chr5","26893678","26893963","chr10","73451419","73451702","55","46557741"
"chr5","26897306","26897592","chr16","6055895","6056168","67","20841411"
"chr5","26907215","26907513","chr4","33736193","33736495","63","6828978"
"chr5","26923116","26923261","chr7","38335584","38335732","29","11412468"
"chr5","26923549","26923567","chr1","67208138","67208152","5","40284589"
"chr5","26955453","26955584","chr1","22165770","22165899","23","4789683"
"chr5","26955887","26955940","chr1","12802616","12802666","17","14153271"
"chr5","26960381","26960474","chr7","77772464","77772552","24","50812083"
"chr5","26961623","26961932","chr11","123979767","123980073","53","97018144"
"chr5","26971661","26971936","chr7","91837250","91837529","64","64865589"
"chr5","26973389","26973746","chr7","149795032","149795388","85","122821643"
"chr5","26976827","26976963","chr12","33557674","33557807","21","6580847"
"chr5","26981100","26981402","chr7","145077798","145078098","51","118096698"
"chr5","26984318","26984500","chr6","61881984","61882167","53","34897666"
"chr5","26986473","26986629","chr5","173571563","173571715","27","146585090"
"chr5","26995596","26995928","chr8","139467684","139468018","58","112472088"
"chr5","26995999","26996126","chr9","7361118","7361249","25","19634881"
"chr5","26998960","26999184","chr20","48657166","48657387","40","21658206"
"chr5","27001015","27001279","chr20","30788204","30788458","67","3787189"
"chr5","27003695","27003760","chr13","83751368","83751426","19","56747673"
"chr5","27007776","27007854","chr6","127743115","127743196","14","100735339"
"chr5","27008521","27008727","chr1","25821045","25821235","51","1187476"
"chr5","27009840","27010108","chr18","24479224","24479490","72","2530616"
"chr5","27011368","27011624","chr3","2290826","2291105","79","24720542"
"chr5","27012717","27012850","chr4","24496554","24496684","22","2516163"
"chr5","27016589","27016886","chr14","3682164","3682456","62","23334425"
"chr5","27021016","27021327","chr13","69089354","69089660","59","42068338"
"chr5","27024906","27025035","chr15","77280067","77280200","25","50255161"
"chr5","27065302","27065467","chr7","88237669","88237835","42","61172367"
"chr5","27084543","27084816","chr9","87111485","87111764","64","60026942"
"chr5","27092453","27092624","chr15","104169342","104169513","41","77076889"
"chr5","27116758","27117052","chr13","42873947","42874242","60","15757189"
"chr5","27119625","27119712","chr15","103819277","103819358","17","76699652"
"chr5","27141704","27141876","chr1","28517728","28517896","36","1376024"
"chr5","27156925","27157228","chr6","151363205","151363514","57","124206280"
"chr5","27167815","27168043","chr16","24637996","24638226","51","2529819"
"chr5","27170502","27170814","chrX","50817458","50817774","64","23646956"
"chr5","27173532","27173691","chr8","18227257","18227416","28","8946275"
"chr5","27182760","27182913","chr16","687175","687330","30","26495585"
"chr5","27191611","27191736","chr2","89773022","89773125","47","62581411"
"chr5","27192750","27193028","chr11","112202844","112203121","57","85010094"
"chr5","27195963","27196262","chr2","93416855","93417160","63","66220892"
"chr5","27280939","27281090","chr20","26718948","26719101","11","561991"
"chr5","27294033","27294331","chr8","133675160","133675453","53","106381127"
"chr5","27315673","27315833","chr20","26755271","26755431","5","560402"
"chr5","27332207","27332347","chr2","89584490","89584626","27","62252283"
"chr5","27332619","27332796","chr1","28517728","28517896","38","1185109"
"chr5","27341916","27342026","chr5","19885716","19885826","18","7456200"
"chr5","27342338","27342533","chr3","124204745","124204919","46","96862407"
"chr5","27363734","27363864","chr20","26808886","26808999","18","554848"
"chr5","27364152","27364289","chr1","202698004","202698131","54","175333852"
"chr5","27370513","27370801","chr20","26815068","26815356","3","555445"
"chr5","27395339","27395549","chr20","26841777","26841987","7","553562"
"chr5","27397731","27397765","chrX","142113732","142113770","10","114716001"
"chr5","27398093","27398194","chr1","12802208","12802304","28","14595885"
"chr5","27406242","27406598","chrX","112475631","112475960","88","85069389"
"chr5","27406896","27407204","chr20","26854156","26854464","5","552740"
"chr5","27436346","27436530","chr20","26891897","26892081","2","544449"
"chr5","27477638","27477835","chr9","22324595","22324785","57","5153043"
"chr5","27478152","27478287","chr1","211937816","211937946","26","184459664"
"chr5","27488260","27488549","chr20","26946381","26946670","36","541879"
"chr5","27517355","27517524","chr20","26974894","26975047","20","542461"
"chr5","27521161","27521458","chr20","26978592","26978898","12","542569"
"chr5","27555485","27555809","chr20","27017906","27018218","21","537579"
"chr5","27559371","27559658","chr20","27021192","27021448","35","538179"
"chr5","27562291","27562447","chr20","27024111","27024267","5","538180"
"chr5","27564580","27564664","chr16","66435472","66435552","16","38870892"
"chr5","27570315","27570450","chr11","111580097","111580231","24","84009782"
"chr5","27570741","27570922","chr16","74286375","74286537","46","46715634"
"chr5","27573134","27573398","chr20","27035169","27035433","3","537965"
"chr5","27575418","27575695","chr20","27037337","27037617","7","538081"
"chr5","27583027","27583220","chr20","27045311","27045500","6","537716"
"chr5","27584793","27585072","chr20","27047069","27047348","2","537724"
"chr5","27596596","27596759","chr20","27056139","27056302","4","540457"
"chr5","27600016","27600300","chr19","29664161","29664445","8","2064145"
"chr5","27627082","27627369","chr1","181480945","181481226","52","153853863"
"chr5","27658590","27658885","chr20","27116554","27116849","7","542036"
"chr5","27679191","27679485","chr20","27136159","27136455","9","543032"
"chr5","27686202","27686565","chr3","151366867","151367226","104","123680665"
"chr5","27695959","27696268","chr20","27152653","27152964","11","543306"
"chr5","27702097","27702279","chr16","71212619","71212796","41","43510522"
"chr5","27702315","27702460","chr1","17681578","17681717","30","10020737"
"chr5","27710422","27710598","chr14","7026982","7027152","31","20683440"
"chr5","27710907","27711023","chr7","91374287","91374406","37","63663380"
"chr5","27713569","27713907","chr20","27164165","27164492","24","549404"
"chr5","27718945","27719105","chr12","65839757","65839917","31","38120812"
"chr5","27719417","27719548","chr1","135097790","135097920","18","107378373"
"chr5","27728583","27728693","chr20","27186902","27187017","6","541681"
"chr5","27728992","27729022","chr1","68077163","68077192","10","40348171"
"chr5","27735037","27735163","chr3","15490110","15490240","29","12244927"
"chr5","27735468","27735648","chr18","39507271","39507446","40","11771803"
"chr5","27739525","27739827","chr16","69742060","69742362","60","42002535"
"chr5","27751616","27751882","chr20","27214890","27215157","15","536726"
"chr5","27754580","27754869","chr20","27217817","27218106","12","536763"
"chr5","27755075","27755422","chr20","27218358","27218706","9","536717"
"chr5","27786332","27786487","chr20","27257409","27257564","2","528923"
"chr5","27787990","27788223","chr20","27251639","27251872","8","536351"
"chr5","27810458","27810761","chr20","27282253","27282563","14","528205"
"chr5","27844264","27844476","chr3","55231009","55231199","61","27386745"
"chr5","27844512","27844650","chr13","54245350","54245487","29","26400838"
"chr5","27852289","27852407","chr9","89486348","89486469","38","61634059"
"chr5","27852703","27852881","chr19","27135468","27135639","30","717235"
"chr5","27857751","27858052","chr20","27333639","27333941","7","524112"
"chr5","27894363","27894519","chr20","27369416","27369580","11","524947"
"chr5","27896142","27896447","chr20","27371448","27371751","4","524694"
"chr5","27896886","27897189","chr19","40044621","40044920","56","12147735"
"chr5","27901126","27901340","chr20","27376439","27376657","10","524687"
"chr5","27904156","27904459","chr20","27387374","27387671","10","516782"
"chr5","27908040","27908348","chr20","27391289","27391598","14","516751"
"chr5","27913976","27914135","chr20","27384937","27385099","8","529039"
"chr5","27925731","27926025","chr7","36830501","36830791","65","8904770"
"chr5","27929826","27930121","chr20","27404641","27404936","9","525185"
"chr5","27934518","27934642","chr20","27409571","27409695","1","524947"
"chr5","27936588","27936759","chr20","27411667","27411813","30","524921"
"chr5","27955979","27956280","chr20","27427133","27427440","13","528846"
"chr5","27956472","27956645","chr20","27427621","27427806","20","528851"
"chr5","27965758","27966047","chr20","27423450","27423738","7","542308"
"chr5","27966624","27966789","chr20","10127277","10127441","26","17839347"
"chr5","27979158","27979462","chr20","27441047","27441348","8","538111"
"chr5","28006127","28006260","chr5","32677518","32677651","21","4671391"
"chr5","28035206","28035481","chr20","21454796","21455071","55","6580410"
"chr5","28042784","28043092","chr20","27509852","27510160","8","532932"
"chr5","28047633","28047786","chr2","68824787","68824929","41","40777154"
"chr5","28048090","28048273","chr14","7026982","7027152","35","21021108"
"chr5","28049033","28049208","chr7","111640971","111641143","36","83591938"
"chr5","28049507","28049650","chr6","73447417","73447558","31","45397910"
"chr5","28072322","28072489","chr20","27540084","27540253","3","532238"
"chr5","28091838","28092100","chr20","27560497","27560759","10","531341"
"chr5","28095199","28095332","chr1","25744674","25744804","26","2350525"
"chr5","28097151","28097448","chr1","41208937","41209251","65","13111786"
"chr5","28100918","28101209","chr20","27569176","27569469","5","531742"
"chr5","28105603","28105850","chr8","36758299","36758544","54","8652696"
"chr5","28123874","28124187","chr20","27591623","27591932","19","532251"
"chr5","28124775","28124908","chr20","27592527","27592660","4","532248"
"chr5","28130987","28131269","chr20","27602801","27603107","39","528186"
"chr5","28136683","28136999","chr3","35714713","35715009","88","7578030"
"chr5","28137437","28137573","chr20","27605898","27606025","10","531539"
"chr5","28140907","28141194","chr20","27609360","27609667","22","531547"
"chr5","28149719","28150000","chr20","27618896","27619177","7","530823"
"chr5","28150637","28150909","chr20","27619800","27620071","6","530837"
"chr5","28184316","28184447","chr20","27655104","27655226","13","529212"
"chr5","28195314","28195566","chr20","27666066","27666310","15","529248"
"chr5","28198095","28198219","chr1","4309619","4309738","24","23888476"
"chr5","28232727","28232797","chr16","66671279","66671347","12","38438552"
"chr5","28500947","28501138","chr1","63145287","63145466","46","34644340"
"chr5","28520139","28520451","chr20","28016041","28016354","7","504098"
"chr5","28534192","28534357","chr20","28030081","28030246","18","504111"
"chr5","28635338","28635520","chr20","28100773","28100956","4","534565"
"chr5","28666800","28666995","chr20","28132365","28132546","21","534435"
"chr5","28760651","28760858","chr7","130168274","130168482","43","101407623"
"chr5","28762472","28762603","chr20","28232278","28232409","3","530194"
"chr5","28762604","28762885","chr20","28232410","28232695","13","530194"
"chr5","28764543","28764829","chr20","28234375","28234660","4","530168"
"chr5","28793072","28793366","chr20","28263242","28263536","18","529830"
"chr5","28815699","28815997","chr20","28285331","28285627","30","530368"
"chr5","28832431","28832646","chr20","28301257","28301471","9","531174"
"chr5","29063974","29064266","chr1","2399384","2399675","71","26664590"
"chr5","29064380","29064657","chr14","114487869","114488149","73","85423489"
"chr5","31476358","31476386","chr16","31975848","31975874","10","499490"
"chr5","31477066","31477296","chr15","20692955","20693189","72","10784111"
"chr5","31507826","31508124","chr13","32650023","32650326","67","1142197"
"chr5","31508993","31509104","chr4","26267527","26267638","30","5241466"
"chr5","31730679","31730857","chr2","106902581","106902755","41","75171902"
"chr5","31731159","31731276","chr5","4129348","4129450","33","27601811"
"chr5","31764692","31764963","chr20","28882266","28882537","11","2882426"
"chr5","31790080","31790249","chr20","28846890","28847077","22","2943190"
"chr5","31821470","31821765","chr20","28816863","28817158","16","3004607"
"chr5","31838367","31838675","chr19","28473075","28473382","69","3365292"
"chr5","31871577","31871697","chr7","43514265","43514383","14","11642688"
"chr5","31871710","31871995","chr20","28232410","28232695","25","3639300"
"chr5","31877628","31877918","chr6","72896122","72896404","68","41018494"
"chr5","31895561","31895856","chr20","28263242","28263536","32","3632319"
"chr5","31910630","31910914","chr20","28285331","28285627","39","3625299"
"chr5","32017336","32017631","chr13","32650023","32650326","65","632687"
"chr5","32040316","32040620","chr8","49904610","49904916","87","17864294"
"chr5","32045670","32045963","chr20","28741448","28741744","36","3304222"
"chr5","32178419","32178606","chr20","28846890","28847077","14","3331529"
"chr5","32223766","32224065","chr2","160270968","160271263","72","128047202"
"chr5","32274841","32275136","chr20","28816863","28817158","22","3457978"
"chr5","32297492","32297680","chr20","28846890","28847077","5","3450602"
"chr5","32325244","32325533","chr20","28882266","28882537","31","3442978"
"chr5","32364658","32364855","chr20","29002585","29002782","3","3362073"
"chr5","32414610","32414730","chr20","28980401","28980529","11","3434209"
"chr5","32466551","32466806","chr20","29060194","29060443","14","3406357"
"chr5","32472987","32473273","chr20","29066146","29066431","10","3406841"
"chr5","32477632","32477775","chr20","29070783","29070926","4","3406849"
"chr5","32494643","32494921","chr20","29088146","29088424","9","3406497"
"chr5","32514637","32514931","chr20","29106596","29106891","9","3408041"
"chr5","32515127","32515242","chr5","90179917","90180026","29","57664790"
"chr5","32515529","32515585","chr6","20666767","20666815","14","11848762"
"chr5","32515883","32515930","chr5","92723168","92723216","6","60207285"
"chr5","32523976","32524262","chr20","70195839","70196132","65","37671863"
"chr5","32549169","32549356","chr17","8516683","8516860","51","24032486"
"chr5","32555995","32556149","chr20","29154061","29154199","21","3401934"
"chr5","32556493","32556782","chr20","29154550","29154846","8","3401943"
"chr5","32565940","32566231","chr20","29160872","29161158","9","3405068"
"chr5","32581237","32581545","chr20","29175869","29176177","9","3405368"
"chr5","32584396","32584517","chr20","29179326","29179447","1","3405070"
"chr5","32594760","32595022","chr10","61043778","61044029","66","28449018"
"chr5","32597862","32598160","chr20","29193000","29193322","29","3404862"
"chr5","32616349","32616634","chr20","29213442","29213729","9","3402907"
"chr5","32616865","32617159","chr20","29213960","29214254","8","3402905"
"chr5","32634827","32634974","chr17","21016935","21017083","29","11617892"
"chr5","32657866","32658180","chr20","29255763","29256077","8","3402103"
"chr5","32684419","32684734","chr2","163807549","163807855","66","131123130"
"chr5","32702835","32703080","chr20","29301110","29301349","15","3401725"
"chr5","32708134","32708434","chr20","29307027","29307329","9","3401107"
"chr5","32709343","32709600","chr20","29308496","29308776","38","3400847"
"chr5","32718122","32718360","chr20","29317240","29317505","31","3400882"
"chr5","32728997","32729280","chr20","29326690","29326990","21","3402307"
"chr5","32735254","32735518","chr20","29339054","29339320","6","3396200"
"chr5","32737937","32738062","chr20","29347993","29348120","3","3389944"
"chr5","32750709","32750860","chr20","49105867","49106023","30","16355158"
"chr5","32763097","32763396","chr20","29374122","29374424","8","3388975"
"chr5","32764034","32764182","chr2","42645412","42645560","25","9881378"
"chr5","32773703","32773857","chrX","7162880","7163039","36","25610823"
"chr5","32774841","32775133","chr20","29386189","29386481","3","3388652"
"chr5","32784984","32785290","chr19","3220367","3220656","75","29564617"
"chr5","32804027","32804179","chr4","140910266","140910416","34","108106239"
"chr5","32805137","32805305","chr8","69451725","69451883","32","36646588"
"chr5","32821006","32821149","chr20","29433979","29434122","2","3387027"
"chr5","32823524","32823844","chr20","29436487","29436808","10","3387037"
"chr5","32825078","32825366","chr20","29438049","29438338","4","3387029"
"chr5","32827256","32827553","chr20","29440206","29440503","6","3387050"
"chr5","32828949","32829221","chr20","29442215","29442487","8","3386734"
"chr5","32852838","32853012","chr5","100072099","100072264","64","67219261"
"chr5","32853288","32853449","chr15","71499734","71499890","34","38646446"
"chr5","32856989","32857276","chr20","29474963","29475250","4","3382026"
"chr5","32857642","32857914","chr1","27410301","27410563","52","5447341"
"chr5","32860032","32860152","chr20","29477866","29477986","1","3382166"
"chr5","32872575","32872880","chr1","69436045","69436343","68","36563470"
"chr5","32879706","32879836","chrX","60002296","60002420","19","27122590"
"chr5","32886013","32886300","chr20","29503743","29504031","3","3382270"
"chr5","32886426","32886549","chr20","29504157","29504280","1","3382269"
"chr5","32888438","32888737","chr20","29506170","29506469","3","3382268"
"chr5","32889967","32890283","chr20","29507699","29508014","8","3382268"
"chr5","32900994","32901128","chr3","33995147","33995281","26","1094153"
"chr5","32901462","32901628","chr3","43807268","43807431","38","10905806"
"chr5","32907556","32907857","chr20","29525311","29525612","3","3382245"
"chr5","32912121","32912416","chr20","29529886","29530180","5","3382235"
"chr5","32914948","32915234","chr20","29532665","29532973","28","3382283"
"chr5","32939145","32939442","chr20","29557048","29557348","14","3382097"
"chr5","32980653","32980922","chr20","29598841","29599149","52","3381812"
"chr5","32980996","32981011","chr14","63373169","63373183","3","30392173"
"chr5","33006330","33006622","chrX","49864269","49864563","55","16857939"
"chr5","33016147","33016442","chr20","29634814","29635110","8","3381333"
"chr5","33021718","33022028","chr3","40135605","40135904","73","7113887"
"chr5","33120097","33120397","chr20","29743284","29743583","3","3376813"
"chr5","33136334","33136636","chr20","29759393","29759685","17","3376941"
"chr5","33219791","33219916","chr20","29842285","29842410","0","3377506"
"chr5","33238002","33238294","chr20","29860243","29860535","6","3377759"
"chr5","33267484","33267721","chr20","29893581","29893849","43","3373903"
"chr5","33366809","33367104","chr20","29999685","29999980","6","3367124"
"chr5","33418496","33418815","chr20","30053423","30053742","3","3365073"
"chr5","33426349","33426507","chr20","30061280","30061438","2","3365069"
"chr5","33502452","33502575","chr20","30141556","30141679","6","3360896"
"chr5","33515627","33515791","chr20","30156096","30156256","4","3359531"
"chr5","33653715","33653825","chr7","111871049","111871157","24","78217334"
"chr5","33654129","33654278","chr3","55112284","55112434","40","21458155"
"chr5","33692393","33692705","chr20","30339349","30339661","9","3353044"
"chr5","33741470","33741737","chr20","30388602","30388869","5","3352868"
"chr5","33782791","33783053","chr20","30430095","30430383","31","3352696"
"chr5","33790085","33790256","chr5","148035089","148035252","37","114245004"
"chr5","33813296","33813574","chr20","30460655","30460932","6","3352641"
"chr5","33938028","33938343","chr20","30585072","30585387","3","3352956"
"chr5","33949213","33949381","chr1","27514380","27514546","38","6434833"
"chr5","33949432","33949652","chr6","170954100","170954318","38","137004668"
"chr5","33974762","33974956","chrX","82263171","82263342","47","48288409"
"chr5","33989725","33989849","chr20","30636505","30636629","1","3353220"
"chr5","34019600","34019752","chr10","53834758","53834908","26","19815158"
"chr5","34020069","34020189","chr12","79202341","79202445","38","45182272"
"chr5","34044692","34044999","chr20","30691049","30691356","9","3353643"
"chr5","34052636","34052943","chr20","30691049","30691356","9","3361587"
"chr5","34146360","34146673","chr20","30785404","30785714","9","3360956"
"chr5","34158174","34158296","chr7","48484404","48484525","24","14326230"
"chr5","34175286","34175556","chr16","50044359","50044626","63","15869073"
"chr5","34203413","34203532","chr20","30841563","30841690","11","3361850"
"chr5","34213512","34213640","chr1","52522560","52522684","22","18309048"
"chr5","34218133","34218448","chr20","30853987","30854315","18","3364146"
"chr5","34229131","34229408","chr20","30868098","30868375","10","3361033"
"chr5","34230239","34230350","chr15","11930625","11930733","23","22299614"
"chr5","34235652","34235727","chr9","117414290","117414365","14","83178638"
"chr5","34243296","34243424","chr1","163990603","163990729","24","129747307"
"chr5","34248818","34249117","chr20","30885784","30886082","8","3363034"
"chr5","34251583","34251738","chr13","92739576","92739730","35","58487993"
"chr5","34252152","34252337","chr20","30889146","30889315","16","3363006"
"chr5","34265340","34265632","chr20","30902303","30902595","3","3363037"
"chr5","34271485","34271604","chr20","30909342","30909461","0","3362143"
"chr5","34296866","34297146","chr20","30934482","30934762","0","3362384"
"chr5","34297680","34297834","chr20","30935294","30935449","3","3362386"
"chr5","34299383","34299462","chr20","30936982","30937055","9","3362401"
"chr5","34299801","34300007","chr20","30937401","30937605","4","3362400"
"chr5","34317418","34317564","chr10","9559493","9559649","28","24757925"
"chr5","34326620","34326916","chr20","30966346","30966642","7","3360274"
"chr5","34381225","34381530","chr20","31021106","31021410","4","3360119"
"chr5","34388979","34389135","chr20","31028581","31028737","4","3360398"
"chr5","34414750","34414921","chr20","31053658","31053828","7","3361092"
"chr5","34434701","34434868","chr2","186224801","186224960","30","151790100"
"chr5","34448623","34448913","chr20","31084224","31084520","14","3364399"
"chr5","34476856","34477145","chr20","31119380","31119677","15","3357476"
"chr5","34502012","34502307","chr20","31144552","31144847","2","3357460"
"chr5","34512366","34512494","chr20","31160564","31160694","5","3351802"
"chr5","34637962","34638238","chr20","31285061","31285348","16","3352901"
"chr5","34801848","34802134","chr20","31464935","31465221","6","3336913"
"chr5","34876902","34877209","chr20","31539946","31540254","7","3336956"
"chr5","35126145","35126271","chr14","46524246","46524371","24","11398101"
"chr5","35135089","35135437","chr20","31798427","31798778","8","3336662"
"chr5","35173508","35173645","chr19","34482522","34482656","26","690986"
"chr5","35177763","35177895","chr1","2068146","2068275","21","33109617"
"chr5","35184617","35184987","chr20","31848218","31848580","15","3336399"
"chr5","35194154","35194457","chr2","85492686","85492988","59","50298532"
"chr5","35207450","35207763","chr20","31872569","31872884","16","3334881"
"chr5","35210654","35210772","chr20","31875773","31875891","4","3334881"
"chr5","35224013","35224311","chr20","31889176","31889464","21","3334837"
"chr5","35247052","35247312","chr20","31911400","31911654","12","3335652"
"chr5","35344805","35345118","chr20","32011017","32011331","6","3333788"
"chr5","35458303","35458573","chr8","94661922","94662193","66","59203619"
"chr5","35466838","35467146","chr20","32125968","32126277","4","3340870"
"chr5","35478000","35478226","chr9","30218748","30218978","66","5259252"
"chr5","35488715","35489029","chr20","32147564","32147890","18","3341151"
"chr5","35510172","35510488","chr20","32169693","32169977","42","3340479"
"chr5","35552826","35553135","chr20","32210622","32210953","26","3342204"
"chr5","35584162","35584483","chr20","32241651","32241972","4","3342511"
"chr5","35664271","35664380","chr15","88438615","88438736","26","52774344"
"chr5","35664657","35664808","chr11","79031573","79031717","48","43366916"
"chr5","35668917","35669224","chr20","32328053","32328362","9","3340864"
"chr5","35671042","35671310","chr20","32330162","32330430","2","3340880"
"chr5","35675686","35676004","chr4","30888516","30888831","60","4787170"
"chr5","35691922","35692090","chr7","29066315","29066483","38","6625607"
"chr5","35696266","35696454","chr8","5780553","5780737","36","29915713"
"chr5","35704595","35704893","chr20","32363509","32363805","12","3341086"
"chr5","35717932","35718084","chr5","172132568","172132717","35","136414636"
"chr5","35718389","35718537","chr1","21628432","21628567","31","14089957"
"chr5","35719207","35719341","chr19","34482522","34482656","19","1236685"
"chr5","35719651","35719815","chrX","44848368","44848530","32","9128717"
"chr5","35722056","35722187","chr20","32381156","32381284","4","3340900"
"chr5","35778920","35779147","chr20","32441352","32441579","4","3337568"
"chr5","35779262","35779453","chr17","8516683","8516860","57","27262579"
"chr5","35797496","35797652","chr20","32459275","32459431","1","3338221"
"chr5","35798353","35798650","chr20","32460152","32460455","11","3338201"
"chr5","35806057","35806190","chr20","32468158","32468294","5","3337899"
"chr5","35814159","35814285","chr20","32476406","32476521","15","3337753"
"chr5","35825133","35825440","chr20","32487335","32487642","8","3337798"
"chr5","35829091","35829401","chr20","32491337","32491647","9","3337754"
"chr5","35836354","35836632","chr20","32498296","32498575","6","3338058"
"chr5","35836799","35836931","chr20","32498747","32498879","3","3338052"
"chr5","35841813","35841962","chr20","32504408","32504554","8","3337405"
"chr5","35846046","35846274","chr20","32511795","32512023","11","3334251"
"chr5","35849344","35849640","chr20","32515083","32515381","14","3334261"
"chr5","35855654","35855779","chr14","18964079","18964203","20","16891575"
"chr5","35860997","35861291","chrX","49546448","49546737","46","13685451"
"chr5","35861331","35861493","chr20","32528779","32528940","4","3332552"
"chr5","35881911","35882080","chr6","123731389","123731563","43","87849478"
"chr5","35900498","35900656","chr20","32573041","32573199","1","3327457"
"chr5","35904890","35905185","chr20","32577425","32577725","10","3327465"
"chr5","35905196","35905493","chr20","32577731","32578029","7","3327465"
"chr5","35912436","35912529","chr20","32586764","32586854","4","3325672"
"chr5","35913766","35914037","chr15","39639102","39639376","56","3725336"
"chr5","35925791","35926100","chr20","32599423","32599732","9","3326368"
"chr5","35928389","35928668","chr20","32602038","32602316","7","3326351"
"chr5","35939497","35939681","chr1","218287082","218287253","45","182347585"
"chr5","35940050","35940183","chr20","32613146","32613277","10","3326904"
"chr5","35946174","35946444","chr20","32622000","32622268","9","3324174"
"chr5","35967099","35967375","chr20","32642123","32642367","36","3324976"
"chr5","35985688","35985822","chr6","168751024","168751156","27","132765336"
"chr5","35993664","35993962","chr20","32667980","32668279","12","3325684"
"chr5","35993976","35994150","chr6","171678881","171679052","35","135684905"
"chr5","36010159","36010451","chr14","112772096","112772391","58","76761937"
"chr5","36036160","36036287","chr20","32710992","32711119","4","3325168"
"chr5","36041804","36041962","chr20","32716754","32716908","11","3325050"
"chr5","36055087","36055374","chr20","32729738","32730047","27","3325349"
"chr5","36057318","36057603","chr20","32731982","32732294","30","3325336"
"chr5","36067566","36067847","chr20","32744346","32744627","1","3323220"
"chr5","36075398","36075676","chr20","32752429","32752707","9","3322969"
"chr5","36105640","36105774","chr8","53961855","53961988","22","17856215"
"chr5","36130256","36130543","chr1","154910149","154910434","59","118779893"
"chr5","36163553","36163857","chr1","183878908","183879200","67","147715355"
"chr5","36182011","36182130","chr20","32859522","32859641","2","3322489"
"chr5","36214774","36215074","chr20","32891717","32892014","11","3323057"
"chr5","36227275","36227441","chr20","32904413","32904579","2","3322862"
"chr5","36238053","36238339","chr20","32915361","32915647","7","3322692"
"chr5","36239161","36239287","chr20","32916781","32916907","2","3322380"
"chr5","36239754","36240059","chr4","119390285","119390581","76","83150531"
"chr5","36254920","36255212","chr20","32932556","32932851","7","3322364"
"chr5","36259965","36260225","chr20","32937243","32937502","7","3322722"
"chr5","36325274","36325557","chr20","33003170","33003481","35","3322104"
"chr5","36334124","36334416","chr20","33012388","33012680","1","3321736"
"chr5","36338462","36338749","chr20","33016727","33017017","5","3321735"
"chr5","36366381","36366677","chr6","135961788","135962081","68","99595407"
"chr5","36473573","36473849","chr20","33148645","33148925","10","3324928"
"chr5","36477150","36477415","chr20","33152233","33152523","31","3324917"
"chr5","36501230","36501527","chr1","212409941","212410235","59","175908711"
"chr5","36520107","36520427","chr20","33192258","33192538","44","3327849"
"chr5","36544360","36544699","chr20","33216505","33216842","12","3327855"
"chr5","36615533","36615820","chr20","33288106","33288393","8","3327427"
"chr5","36645301","36645498","chr20","33319144","33319344","6","3326157"
"chr5","36646718","36646983","chr20","33320564","33320851","30","3326154"
"chr5","36647325","36647452","chr5","74519379","74519510","19","37872054"
"chr5","36656911","36657020","chr6","36535914","36536023","21","120997"
"chr5","36706073","36706353","chr20","33379639","33379919","4","3326434"
"chr5","36737414","36737717","chr11","110955091","110955386","66","74217677"
"chr5","36802498","36802803","chr20","33476385","33476697","14","3326113"
"chr5","36841110","36841405","chr20","33515659","33515957","9","3325451"
"chr5","36863316","36863614","chr20","33537756","33538054","6","3325560"
"chr5","36892481","36892717","chr1","37583469","37583710","59","690988"
"chr5","36893022","36893085","chr10","84096152","84096211","12","47203130"
"chr5","36909565","36909883","chr20","33584369","33584687","4","3325196"
"chr5","36978588","36978897","chr20","33653258","33653541","34","3325330"
"chr5","36992123","36992440","chr20","33666947","33667263","9","3325176"
"chr5","37025778","37025966","chr7","17349222","17349406","45","19676556"
"chr5","37026253","37026397","chr1","12049841","12049973","37","24976412"
"chr5","37037298","37037574","chr20","33711911","33712201","17","3325387"
"chr5","37089998","37090290","chr20","33764013","33764307","7","3325985"
"chr5","37119240","37119531","chr2","69697369","69697666","62","32578129"
"chr5","37146333","37146456","chr20","33819704","33819827","4","3326629"
"chr5","37190865","37191136","chr20","33863464","33863737","7","3327401"
"chr5","37204612","37204901","chr20","33877238","33877528","7","3327374"
"chr5","37351401","37351692","chr20","34026704","34027012","42","3324697"
"chr5","37381922","37382067","chr20","34056960","34057105","2","3324962"
"chr5","37387625","37387762","chr20","34062669","34062806","6","3324956"
"chr5","37426496","37426648","chr20","34101574","34101729","6","3324922"
"chr5","37445168","37445454","chr20","34120182","34120476","17","3324986"
"chr5","37467798","37468100","chr13","84903862","84904159","54","47436064"
"chr5","37551208","37551499","chr20","34227949","34228235","18","3323259"
"chr5","37583423","37583735","chr9","35073765","35074063","71","2509658"
"chr5","37599268","37599567","chr20","34276050","34276354","13","3323218"
"chr5","37712285","37712552","chr20","34389157","34389424","8","3323128"
"chr5","37760524","37760771","chr20","34437744","34437991","3","3322780"
"chr5","37772904","37773209","chr20","34450026","34450331","3","3322878"
"chr5","37972984","37973161","chr20","34650056","34650225","11","3322928"
"chr5","38161892","38162191","chr20","34839603","34839898","9","3322289"
"chr5","38173375","38173668","chr10","59097386","59097673","55","20924011"
"chr5","38248246","38248554","chr9","124749453","124749756","54","86501207"
"chr5","38324797","38325116","chr19","6261077","6261381","69","32063720"
"chr5","38343476","38343785","chr20","35035137","35035448","10","3308339"
"chr5","38391921","38392224","chr20","35086904","35087207","10","3305017"
"chr5","38400418","38400651","chr20","35095361","35095592","7","3305057"
"chr5","38660230","38660525","chr20","35357382","35357670","18","3302848"
"chr5","38664111","38664228","chr2","145187598","145187716","34","106523487"
"chr5","38788424","38788583","chr20","35487304","35487457","8","3301120"
"chr5","38838797","38838925","chr20","35537136","35537260","7","3301661"
"chr5","38844976","38845106","chr20","35543701","35543827","7","3301275"
"chr5","38855577","38855857","chr20","35554336","35554627","18","3301241"
"chr5","38861388","38861663","chr20","35560101","35560376","3","3301287"
"chr5","38872684","38872987","chr20","35570551","35570857","10","3302133"
"chr5","38889488","38889800","chr20","35586820","35587133","7","3302668"
"chr5","38907671","38907971","chr20","35605753","35606067","19","3301918"
"chr5","38928497","38928761","chr20","35625971","35626235","3","3302526"
"chr5","38936555","38936713","chr16","15069653","15069808","32","23866902"
"chr5","38939686","38939751","chr1","110101700","110101762","18","71162014"
"chr5","38942019","38942310","chr20","35639163","35639455","8","3302856"
"chr5","38949482","38949643","chr20","35646640","35646807","12","3302842"
"chr5","38951528","38951777","chr20","35648457","35648718","14","3303071"
"chr5","38966617","38966922","chr20","35663622","35663949","27","3302995"
"chr5","39040398","39040702","chr20","35738144","35738440","13","3302254"
"chr5","39046734","39047033","chr20","35744783","35745080","6","3301951"
"chr5","39066532","39066617","chr11","45829649","45829733","15","6763117"
"chr5","39108290","39108441","chr13","60540394","60540536","31","21432104"
"chr5","39242464","39242766","chr20","35940698","35941001","7","3301766"
"chr5","39247158","39247469","chr20","35945408","35945735","17","3301750"
"chr5","39267688","39267959","chr20","35966662","35966933","6","3301026"
"chr5","39314176","39314420","chr6","156923131","156923382","60","117608955"
"chr5","39350112","39350191","chr13","63878062","63878142","19","24527950"
"chr5","39350588","39350665","chr18","13999076","13999154","15","25351512"
"chr5","39350669","39350797","chr11","49083937","49084065","26","9733268"
"chr5","39416189","39416475","chr9","93273317","93273599","67","53857128"
"chr5","39436545","39436668","chr20","36138656","36138779","3","3297889"
"chr5","39504272","39504589","chr20","36206717","36207031","11","3297555"
"chr5","39545120","39545429","chr20","36247072","36247378","9","3298048"
"chr5","39574540","39574672","chr1","28679708","28679840","22","10894832"
"chr5","39579688","39579781","chr4","144760220","144760309","23","105180532"
"chr5","39579820","39579939","chr1","135571368","135571484","21","95991548"
"chr5","39668557","39668874","chr20","36369419","36369739","10","3299138"
"chr5","39681334","39681613","chr2","186933216","186933494","58","147251882"
"chr5","39693051","39693353","chr8","629780","630083","71","39063271"
"chr5","39700091","39700308","chr20","36401332","36401550","11","3298759"
"chr5","39745491","39745620","chr20","36445864","36445988","9","3299627"
"chr5","39793647","39793759","chr2","44205101","44205207","22","4411454"
"chr5","39851158","39851450","chr20","36551338","36551630","11","3299820"
"chr5","39873415","39873689","chr20","36573597","36573871","7","3299818"
"chr5","39880951","39881167","chr13","28789639","28789847","45","11091312"
"chr5","39888736","39889022","chr20","36588956","36589246","15","3299780"
"chr5","39912733","39913031","chrX","41355790","41356103","71","1443057"
"chr5","39924742","39925046","chr20","36624035","36624315","36","3300707"
"chr5","39927076","39927397","chrX","41510812","41511113","77","1583736"
"chr5","39942721","39942821","chr10","69690829","69690925","25","29748108"
"chr5","39948474","39948775","chr20","36648685","36649023","39","3299789"
"chr5","39964027","39964318","chr20","36664281","36664569","13","3299746"
"chr5","39990613","39990738","chr8","63997023","63997145","16","24006410"
"chr5","40003510","40003805","chr20","36703711","36704004","14","3299799"
"chr5","40036556","40036865","chr20","36735456","36735778","18","3301100"
"chr5","40038457","40038743","chr20","36737389","36737693","26","3301068"
"chr5","40091960","40092241","chr20","36793338","36793619","5","3298622"
"chr5","40105776","40106093","chr20","36807404","36807721","8","3298372"
"chr5","40154315","40154445","chr20","36856840","36856970","2","3297475"
"chr5","40154456","40154757","chr20","36856980","36857280","9","3297476"
"chr5","40192946","40193247","chr20","36896210","36896512","17","3296736"
"chr5","40194745","40195047","chr20","36898010","36898313","15","3296735"
"chr5","40229851","40229999","chr4","153422777","153422925","22","113192926"
"chr5","40269105","40269436","chr20","36971393","36971711","21","3297712"
"chr5","40315791","40315955","chr20","37022013","37022177","7","3293778"
"chr5","40344522","40344826","chr20","37050434","37050743","16","3294088"
"chr5","40363075","40363374","chr20","37068938","37069250","19","3294137"
"chr5","40402991","40403305","chrX","44041282","44041596","66","3638291"
"chr5","40406111","40406277","chr20","37111900","37112067","6","3294211"
"chr5","40407257","40407557","chr20","37113046","37113348","11","3294211"
"chr5","40474179","40474488","chr20","37186210","37186519","4","3287969"
"chr5","40508564","40508712","chr1","179717698","179717839","28","139209134"
"chr5","40518044","40518275","chr20","37235261","37235492","7","3282783"
"chr5","40519369","40519682","chr20","37236584","37236894","21","3282785"
"chr5","40523911","40524223","chr20","37241027","37241338","11","3282884"
"chr5","40534770","40535064","chr20","37253239","37253533","15","3281531"
"chr5","40598222","40598534","chr20","37316125","37316438","8","3282097"
"chr5","40605901","40606022","chr20","37323828","37323949","0","3282073"
"chr5","40625293","40625577","chr20","37344936","37345203","21","3280357"
"chr5","40657772","40658052","chr20","37377576","37377856","9","3280196"
"chr5","40717000","40717120","chr20","37436258","37436372","8","3280742"
"chr5","40727398","40727680","chr8","51943064","51943345","46","11215666"
"chr5","40750589","40750720","chr9","95548862","95548991","20","54798273"
"chr5","41060452","41060747","chr20","37779211","37779509","7","3281241"
"chr5","41146236","41146539","chr20","37865825","37866120","24","3280411"
"chr5","41257373","41257625","chr20","37978208","37978494","38","3279165"
"chr5","41289608","41289908","chr20","38010338","38010634","18","3279270"
"chr5","41292944","41293267","chr20","38013689","38014010","10","3279255"
"chr5","41301586","41301865","chr20","38022310","38022590","7","3279276"
"chr5","41425514","41425637","chr20","39963840","39963961","24","1461674"
"chr5","41429086","41429358","chr10","19719672","19719947","61","21709414"
"chr5","41445709","41445891","chr20","38164403","38164587","4","3281306"
"chr5","41539866","41539990","chr20","38263928","38264052","1","3275938"
"chr5","41565430","41565721","chr20","38289603","38289901","23","3275827"
"chr5","41587515","41587805","chr20","38289603","38289901","26","3297912"
"chr5","41602130","41602288","chr20","38319659","38319818","6","3282471"
"chr5","41602334","41602630","chr20","38319863","38320157","18","3282471"
"chr5","41616812","41616933","chr20","38353557","38353678","4","3263255"
"chr5","41630208","41630500","chr20","38289603","38289901","25","3340605"
"chr5","41669064","41669359","chr20","38411146","38411445","31","3257918"
"chr5","41678669","41678963","JH681913","23802","24091","11","41654867"
"chr5","41697544","41697668","JH681913","4493","4617","5","41693051"
"chr5","41714790","41714911","chr20","38353557","38353678","9","3361233"
"chr5","41729528","41729811","chr20","38373905","38374189","4","3355623"
"chr5","41760286","41760447","chr20","38319659","38319818","12","3440627"
"chr5","41766634","41766939","chr20","38411146","38411445","30","3355488"
"chr5","41776752","41777052","chr20","38421236","38421537","14","3355516"
"chr5","41797322","41797612","chr20","38445422","38445712","3","3351900"
"chr5","41968198","41968291","chr13","27714750","27714841","20","14253448"
"chr5","41988437","41988579","chr7","42208624","42208765","22","220187"
"chr5","41991302","41991596","chr20","38637596","38637890","7","3353706"
"chr5","42063108","42063409","chr20","38712816","38713118","12","3350292"
"chr5","42212707","42213003","chr20","38862668","38862964","8","3350039"
"chr5","42335313","42335591","chr20","38983569","38983848","9","3351744"
"chr5","42382671","42382975","chr20","39031780","39032086","8","3350891"
"chr5","42398692","42398961","chr20","39047817","39048083","8","3350875"
"chr5","42402482","42402769","chr20","39051568","39051857","10","3350914"
"chr5","42422678","42422977","chr20","39070205","39070505","11","3352473"
"chr5","42443406","42443640","chr20","39091242","39091451","29","3352164"
"chr5","42450034","42450304","chr2","68707206","68707483","57","26257172"
"chr5","42452979","42453279","chr20","39100801","39101101","14","3352178"
"chr5","42453702","42453824","chr20","39101524","39101654","13","3352178"
"chr5","42453883","42453943","chr1","110101700","110101762","18","67647817"
"chr5","42466538","42466825","chr20","39114727","39115016","11","3351811"
"chr5","42470120","42470320","chr7","87301181","87301365","55","44831061"
"chr5","42470602","42470731","chr11","126491408","126491534","29","84020806"
"chr5","42471493","42471809","chr20","39119768","39120084","5","3351725"
"chr5","42475041","42475370","chr20","39123922","39124229","32","3351119"
"chr5","42479923","42480225","chr20","39129171","39129473","10","3350752"
"chr5","42487637","42487798","chr20","39137600","39137762","5","3350037"
"chr5","42491715","42491847","chr20","39141663","39141795","5","3350052"
"chr5","42491848","42492164","chr20","39141796","39142118","22","3350052"
"chr5","42520275","42520589","chr20","39171541","39171849","26","3348734"
"chr5","42542803","42542856","chr1","128093200","128093242","14","85550397"
"chr5","42543167","42543279","chr7","153996588","153996697","27","111453421"
"chr5","42618587","42618859","chr20","39262738","39263007","14","3355849"
"chr5","42641219","42641341","chr20","39293468","39293590","7","3347751"
"chr5","42647988","42648302","chr7","45014940","45015228","68","2366952"
"chr5","42654587","42654903","chr20","39307643","39307960","4","3346944"
"chr5","42703522","42703604","chr14","65172482","65172562","21","22468960"
"chr5","42707771","42707882","chr1","202266948","202267059","19","159559177"
"chr5","42708319","42708514","chr1","49411370","49411556","52","6703051"
"chr5","42745826","42746134","chr12","95200533","95200838","67","52454707"
"chr5","42769301","42769592","chr20","39425820","39426111","5","3343481"
"chr5","42833576","42833731","chr20","39488864","39489015","8","3344712"
"chr5","42840833","42840903","chr20","39496126","39496196","1","3344707"
"chr5","42842209","42842486","chr3","67134825","67135105","66","24292616"
"chr5","42903032","42903222","chr20","39558933","39559123","6","3344099"
"chr5","42906430","42906738","chr10","77474646","77474949","53","34568216"
"chr5","42915973","42916192","chr20","39572942","39573158","6","3343031"
"chr5","42949422","42949753","chr8","10996695","10997008","79","31952727"
"chr5","42963980","42964281","chr20","39621657","39621954","18","3342323"
"chr5","42965059","42965358","chr20","39622736","39623034","5","3342323"
"chr5","42978251","42978559","chr20","39635920","39636227","7","3342331"
"chr5","42992073","42992361","chr20","39649735","39650023","7","3342338"
"chr5","43018369","43018549","chr20","39675533","39675702","18","3342836"
"chr5","43021537","43021670","chr20","39678695","39678828","1","3342842"
"chr5","43062149","43062445","chr20","39719181","39719472","19","3342968"
"chr5","43087567","43087757","chr20","39744361","39744552","5","3343206"
"chr5","43132294","43132423","chr4","84446963","84447089","22","41314669"
"chr5","43147532","43147849","chr16","48926132","48926434","68","5778600"
"chr5","43154391","43154527","chr6","169660932","169661076","42","126506541"
"chr5","43197761","43198048","chr20","39853502","39853785","11","3344259"
"chr5","43198845","43198866","chr1","152721362","152721385","8","109522517"
"chr5","43199179","43199370","chr7","111640971","111641143","42","68441792"
"chr5","43199429","43199715","chr20","39855162","39855472","30","3344267"
"chr5","43207677","43207949","chr20","39862726","39862998","8","3344951"
"chr5","43210823","43211120","chr20","39866099","39866399","24","3344724"
"chr5","43218520","43218755","chr20","39873772","39874008","5","3344748"
"chr5","43222509","43222613","chr9","14816417","14816523","16","28406092"
"chr5","43222660","43222827","chr6","101935951","101936107","26","58713291"
"chr5","43237005","43237216","chr20","39899361","39899569","15","3337644"
"chr5","43237897","43238248","chr20","39892355","39892670","42","3345542"
"chr5","43250272","43250577","chr20","39906770","39907049","37","3343502"
"chr5","43285367","43285484","chrX","43820745","43820862","20","535378"
"chr5","43285675","43285978","chr20","39943611","39943925","19","3342064"
"chr5","43305084","43305205","chr20","39963840","39963961","10","3341244"
"chr5","43330659","43330834","chr3","43397217","43397380","42","66558"
"chr5","43339101","43339242","chr9","55191746","55191878","37","11852645"
"chr5","43382369","43382500","chr20","40041047","40041178","4","3341322"
"chr5","43385761","43386067","chr20","40044757","40045057","8","3341004"
"chr5","43448095","43448391","chr20","40108163","40108471","32","3339932"
"chr5","43460457","43460574","chr20","40120230","40120347","3","3340227"
"chr5","43472039","43472336","chr20","40132051","40132380","40","3339988"
"chr5","43479024","43479320","chr20","40139057","40139353","2","3339967"
"chr5","43479914","43480226","chr20","40139947","40140260","4","3339967"
"chr5","43516711","43517019","chr7","56833899","56834198","61","13317188"
"chr5","43519767","43520053","chr7","132929032","132929323","63","89409265"
"chr5","43556654","43556951","chr20","40211697","40211994","10","3344957"
"chr5","43573235","43573403","chr20","40228216","40228386","10","3345019"
"chr5","43581011","43581309","chr20","40235779","40236085","22","3345232"
"chr5","43585327","43585498","chr4","10353260","10353422","39","33232067"
"chr5","43585787","43585919","chr8","95815946","95816075","21","52230159"
"chr5","43602772","43603090","chr20","40258223","40258543","8","3344549"
"chr5","43622005","43622130","chr20","40277862","40277983","10","3344143"
"chr5","43623299","43623429","chr20","3428950","3429080","18","40194349"
"chr5","43634139","43634398","chr20","40290005","40290263","6","3344134"
"chr5","43645615","43645897","chr13","38468758","38469034","54","5176857"
"chr5","43648529","43648716","chr8","98260927","98261097","45","54612398"
"chr5","43649029","43649149","chr3","50864029","50864147","24","7215000"
"chr5","43650815","43651109","chr20","40306739","40307037","12","3344076"
"chr5","43662871","43663169","chr20","40318693","40319008","32","3344178"
"chr5","43709557","43709833","chr20","40367459","40367735","9","3342098"
"chr5","43712575","43712861","chr20","40370470","40370751","13","3342105"
"chr5","43725865","43726173","chr20","40383560","40383856","21","3342305"
"chr5","43752519","43752823","chr20","40410090","40410410","24","3342429"
"chr5","43793263","43793439","chr20","40448945","40449116","9","3344318"
"chr5","43805037","43805354","chr20","40460570","40460872","32","3344467"
"chr5","43809306","43809602","chr20","40465033","40465329","7","3344273"
"chr5","43820323","43820456","chr20","40475745","40475878","1","3344578"
"chr5","43845317","43845619","chr20","40500416","40500719","7","3344901"
"chr5","43849570","43849703","chr7","38325290","38325420","16","5524280"
"chr5","43861464","43861753","chr20","40516550","40516817","25","3344914"
"chr5","43890390","43890578","chr19","28641830","28642027","48","15248560"
"chr5","43900214","43900495","chr20","40555317","40555596","15","3344897"
"chr5","43914562","43914729","chr20","40569964","40570124","12","3344598"
"chr5","43989144","43989452","chr10","18797068","18797373","56","25192076"
"chr5","44066457","44066632","chr15","13241481","13241649","54","30824976"
"chr5","44066934","44067061","chr10","36885159","36885281","36","7181775"
"chr5","44075792","44075969","chr4","52141005","52141166","53","8065213"
"chr5","44079933","44080142","chr20","40724382","40724591","3","3355551"
"chr5","44089526","44089813","chr20","40734118","40734405","9","3355408"
"chr5","44148508","44148688","chr10","64130671","64130848","49","19982163"
"chr5","44191211","44191411","chr8","63339372","63339558","53","19148161"
"chr5","44193325","44193429","chr20","40839599","40839703","3","3353726"
"chr5","44220825","44221108","chr20","40866594","40866881","9","3354231"
"chr5","44226774","44227084","chr20","40872562","40872871","12","3354212"
"chr5","44231056","44231308","chr20","40876803","40877055","6","3354253"
"chr5","44231567","44231880","chr20","40877314","40877627","7","3354253"
"chr5","44259057","44259232","chr20","40904529","40904705","3","3354528"
"chr5","44345950","44346112","chr20","32528779","32528940","32","11817171"
"chr5","44346138","44346257","chr2","147278218","147278334","20","102932080"
"chr5","44351890","44352163","chr20","41001669","41001943","4","3350221"
"chr5","44374913","44375225","chr20","41023829","41024141","5","3351084"
"chr5","44378412","44378722","chr20","41027323","41027624","21","3351089"
"chr5","44393769","44394077","chr20","41042937","41043239","10","3350832"
"chr5","44424001","44424264","chr20","41073218","41073484","9","3350783"
"chr5","44426100","44426382","chr15","37564473","37564760","51","6861627"
"chr5","44429750","44430054","chr19","7120953","7121262","62","37308797"
"chr5","44431669","44431963","chr3","75749934","75750231","75","31318265"
"chr5","44432347","44432509","chr20","41081711","41081876","12","3350636"
"chr5","44434423","44434588","chr20","41083790","41083955","4","3350633"
"chr5","44466243","44466440","chrX","141388372","141388547","61","96922129"
"chr5","44499640","44499761","chr6","10194848","10194965","24","34304792"
"chr5","44506069","44506238","chr20","41157956","41158093","35","3348113"
"chr5","44508101","44508393","chr20","41165303","41165601","14","3342798"
"chr5","44544071","44544411","chr20","41196202","41196550","17","3347869"
"chr5","44544869","44544885","chr19","33097419","33097435","5","11447450"
"chr5","44545184","44545335","chr20","41197334","41197477","10","3347850"
"chr5","44551260","44551530","chr2","61859634","61859887","59","17308374"
"chr5","44574073","44574382","chr20","41228650","41228945","23","3345423"
"chr5","44579245","44579420","chr5","172183309","172183482","51","127604064"
"chr5","44582429","44582606","chr20","41235621","41235797","15","3346808"
"chr5","44583630","44583713","chr18","55292733","55292815","14","10709103"
"chr5","44584000","44584134","chr7","15763253","15763384","21","28820747"
"chr5","44606560","44606883","chrX","50817458","50817774","68","6210898"
"chr5","44614656","44614953","chr20","41269786","41270087","8","3344870"
"chr5","44615740","44615990","chr20","41270876","41271150","35","3344864"
"chr5","44627345","44627511","chr20","41286612","41286781","9","3340733"
"chr5","44630033","44630330","chr20","41289141","41289437","7","3340892"
"chr5","44648673","44648792","chr20","41307572","41307691","1","3341101"
"chr5","44648795","44649074","chr20","41307694","41307972","10","3341101"
"chr5","44653689","44654034","chr20","41312751","41313054","46","3340938"
"chr5","44668624","44668890","chr20","41328751","41328996","33","3339873"
"chr5","44680365","44680679","chr20","41344287","41344601","6","3336078"
"chr5","44692629","44692929","chr20","41360870","41361181","28","3331759"
"chr5","44723813","44724144","chr4","15056096","15056426","86","29667717"
"chr5","44728202","44728372","chr20","41393077","41393247","4","3335125"
"chr5","44737822","44738124","chr20","41402720","41403016","13","3335102"
"chr5","44744276","44744578","chr20","41402720","41403016","13","3341556"
"chr5","44772158","44772458","chr20","41428615","41428915","14","3343543"
"chr5","44773234","44773536","chr20","41429705","41430002","16","3343529"
"chr5","44830157","44830468","chr20","41486383","41486694","9","3343774"
"chr5","45032907","45033210","chr20","41704465","41704777","20","3328442"
"chr5","45102640","45102760","chr20","41773797","41773919","3","3328843"
"chr5","45132709","45133009","chr20","41799567","41799865","26","3333142"
"chr5","45163788","45164061","chr20","41830053","41830326","4","3333735"
"chr5","45176743","45177026","chr20","41843043","41843325","6","3333700"
"chr5","45363699","45363952","chr16","38850927","38851165","67","6512772"
"chr5","45588101","45588385","chr3","33467270","33467552","63","12120831"
"chr5","45658388","45658405","chr6","172915280","172915296","7","127256892"
"chr5","46134681","46134828","chr20","42814175","42814322","3","3320506"
"chr5","46283376","46283555","chr20","42961674","42961851","10","3321702"
"chr5","46336932","46337117","chr20","43009050","43009215","26","3327882"
"chr5","46430100","46430248","chr20","43103709","43103863","10","3326391"
"chr5","46840079","46840399","chr3","55327096","55327373","94","8487017"
"chr5","47092281","47092575","chr20","43762984","43763278","10","3329297"
"chr5","47100335","47100612","chr20","43773701","43773995","31","3326634"
"chr5","47449683","47449800","chrX","118451274","118451391","20","71001591"
"chr5","47449844","47450009","chr4","20147735","20147897","38","27302109"
"chr5","47453915","47454056","chr2","147539679","147539813","41","100085764"
"chr5","47611040","47611264","chr6","133717820","133718030","69","86106780"
"chr5","47728414","47728717","chr11","46631266","46631567","54","1097148"
"chr5","47771565","47771867","chr20","44250727","44251022","16","3520838"
"chr5","47814201","47814320","chr20","44292547","44292678","13","3521654"
"chr5","47824519","47824530","chr19","32678666","32678677","2","15145853"
"chr5","47824576","47824841","chr3","60190719","60190985","66","12366143"
"chr5","47833661","47833945","chr13","673769","674054","64","47159892"
"chr5","47896148","47896404","chrX","86626848","86627111","73","38730700"
"chr5","47941060","47941074","chr19","32678666","32678677","3","15262394"
"chr5","47941138","47941442","chr6","58161875","58162178","65","10220737"
"chr5","48020942","48021063","chr20","44497315","44497436","0","3523627"
"chr5","48120335","48120484","chr20","44597077","44597225","4","3523258"
"chr5","48135979","48136249","chr20","44614356","44614626","5","3521623"
"chr5","48169561","48169723","chr20","44647880","44648050","10","3521681"
"chr5","48188486","48188800","chr20","44675553","44675865","5","3512933"
"chr5","48333386","48333506","chr4","34418769","34418893","24","13914617"
"chr5","48479137","48479431","chr20","44964269","44964561","13","3514868"
"chr5","48498429","48498738","chr20","44983826","44984135","7","3514603"
"chr5","48549085","48549366","chr20","45033987","45034272","12","3515098"
"chr5","48598324","48598616","chr3","41704322","41704610","55","6894002"
"chr5","48860536","48860677","chr3","55856459","55856583","50","6995923"
"chr5","48860709","48860723","chr8","40522869","40522882","6","8337840"
"chr5","48861403","48861546","chr1","33373176","33373318","34","15488227"
"chr5","48866843","48867152","chr20","45356251","45356558","7","3510592"
"chr5","49293804","49294109","chr20","45788306","45788623","21","3505498"
"chr5","49319224","49319380","chr20","45814210","45814367","6","3505014"
"chr5","49388982","49389109","chr10","81042856","81042981","23","31653874"
"chr5","49389405","49389613","chr7","15737046","15737229","60","33652359"
"chr5","49424302","49424590","chr20","45921536","45921821","17","3502766"
"chr5","49714855","49715142","chr1","19449109","19449397","61","30265746"
"chr5","49904324","49904461","chr20","46398435","46398572","1","3505889"
"chr5","50036828","50037136","chr8","127970126","127970433","63","77933298"
"chr5","50059245","50059563","chr20","46554339","46554647","17","3504906"
"chr5","50427007","50427139","chr1","22826330","22826461","26","27600677"
"chr5","50449199","50449510","chr20","46951861","46952172","10","3497338"
"chr5","50552153","50552434","chr20","47051567","47051848","7","3500586"
"chr5","50577830","50578133","chr20","47077914","47078235","26","3499916"
"chr5","50623368","50623676","chr1","98259054","98259366","75","47635686"
"chr5","50629401","50629705","chr20","47130184","47130464","30","3499217"
"chr5","50678548","50678660","chr3","173647545","173647653","31","122968997"
"chr5","50680447","50680757","chr4","70732746","70733050","61","20052299"
"chr5","50884180","50884399","chr20","47382344","47382563","2","3501836"
"chr5","51039746","51040085","chr20","47536825","47537149","20","3502921"
"chr5","51136441","51136451","chr6","128359960","128359970","4","77223519"
"chr5","51136954","51137266","chr20","13394817","13395131","93","37742137"
"chr5","51144882","51145147","chr20","47641446","47641724","18","3503436"
"chr5","51379983","51380206","chr20","47881168","47881391","2","3498815"
"chr5","51390735","51390868","chr20","47892858","47893010","21","3497877"
"chr5","51400243","51400545","chr20","47902402","47902704","8","3497841"
"chr5","51402952","51403254","chr20","47905156","47905432","27","3497796"
"chr5","51656167","51656452","chr20","48168128","48168404","14","3488039"
"chr5","51672051","51672308","chr20","48183736","48183992","8","3488315"
"chr5","51744563","51744854","chr20","48257160","48257467","29","3487403"
"chr5","51876822","51876962","chr20","48390389","48390519","14","3486433"
"chr5","52014415","52014429","chr1","49605714","49605731","4","2408701"
"chr5","52014531","52014698","chr20","48529079","48529263","27","3485452"
"chr5","52092346","52092487","chr15","71709625","71709764","25","19617279"
"chr5","52125487","52125605","chr7","117729162","117729282","34","65603675"
"chr5","52141684","52141904","chr20","48657166","48657387","6","3484518"
"chr5","52143527","52143691","chr20","48659014","48659178","5","3484513"
"chr5","52147462","52147594","chr20","48662955","48663087","4","3484507"
"chr5","52188742","52189098","chr20","48703821","48704172","15","3484921"
"chr5","52198668","52198958","chr20","48713777","48714067","4","3484891"
"chr5","52209801","52210093","chr20","48724902","48725201","9","3484899"
"chr5","52217743","52218037","chr20","48732853","48733144","7","3484890"
"chr5","52276457","52276744","chr20","48791397","48791684","9","3485060"
"chr5","52283293","52283416","chr7","49004395","49004509","28","3278898"
"chr5","52283712","52283815","chr9","11049350","11049448","33","41234362"
"chr5","52295282","52295415","chr4","84764886","84765021","26","32469604"
"chr5","52296052","52296221","chr3","43807268","43807431","39","8488784"
"chr5","52327987","52328297","chr20","48841123","48841425","14","3486864"
"chr5","52354852","52355120","chr20","48868358","48868625","12","3486494"
"chr5","52366245","52366533","chr14","111501349","111501640","58","59135104"
"chr5","52375723","52375888","chr20","48890693","48890853","9","3485030"
"chr5","52377932","52378064","chr12","93357881","93358012","24","40979949"
"chr5","52394769","52394891","chr20","48909076","48909198","0","3485693"
"chr5","52397348","52397480","chr20","48911635","48911769","5","3485713"
"chr5","52397828","52398140","chr20","48912118","48912430","11","3485710"
"chr5","52423454","52423748","chr11","110319987","110320283","61","57896533"
"chr5","52457253","52457573","chr20","48972023","48972316","31","3485230"
"chr5","52476895","52477222","chr20","48990829","48991153","19","3486066"
"chr5","52512892","52513190","chr20","49027710","49028008","4","3485182"
"chr5","52547316","52547594","chr20","49062439","49062709","12","3484877"
"chr5","52558094","52558392","chr20","49073223","49073521","5","3484871"
"chr5","52566964","52567250","chr20","49082554","49082841","7","3484410"
"chr5","52568288","52568443","chr19","254482","254647","31","52313806"
"chr5","52578910","52579190","chr20","49094683","49094960","10","3484227"
"chr5","52585754","52586064","chr20","49102083","49102363","40","3483671"
"chr5","52589571","52589728","chr20","49105867","49106023","4","3483704"
"chr5","52629020","52629224","chr16","45274890","45275069","57","7354130"
"chr5","52629983","52630256","chr20","49143583","49143847","15","3486400"
"chr5","52639126","52639270","chr20","49152355","49152499","1","3486771"
"chr5","52648486","52648630","chr20","49152355","49152499","1","3496131"
"chr5","52674612","52674787","chr1","79571833","79572000","36","26897221"
"chr5","52686666","52686826","chr4","18105467","18105624","41","34581199"
"chr5","52695329","52695607","chr20","56714015","56714293","8","4018686"
"chr5","52708817","52709023","chr20","56701319","56701525","3","3992502"
"chr5","52715681","52715999","chr14","69537803","69538123","78","16822122"
"chr5","52730929","52731118","chr3","39637535","39637706","62","13093394"
"chr5","52735488","52735765","chr10","72603712","72603976","63","19868224"
"chr5","52767624","52767937","chr20","56639685","56639995","23","3872061"
"chr5","52801745","52802040","chr4","151886897","151887193","51","99085152"
"chr5","52808562","52808697","chr20","56599479","56599614","1","3790917"
"chr5","52842081","52842213","chr20","56567527","56567659","5","3725446"
"chr5","52852473","52852780","chr20","56556850","56557153","18","3704377"
"chr5","52857731","52858015","chr20","56551641","56551918","19","3693910"
"chr5","52869148","52869382","chr2","46765908","46766129","72","6103240"
"chr5","52875996","52876287","chr20","56532872","56533163","5","3656876"
"chr5","52878849","52879068","chr20","56530047","56530266","5","3651198"
"chr5","52887406","52887544","chr20","56520576","56520714","5","3633170"
"chr5","52923071","52923364","chr20","56486135","56486424","18","3563064"
"chr5","52926842","52927034","chr1","49411370","49411556","57","3515472"
"chr5","52927644","52927801","chrX","112840401","112840543","32","59912757"
"chr5","52950618","52950922","chr6","165295006","165295303","59","112344388"
"chr5","52960779","52960909","chr20","56449515","56449645","2","3488736"
"chr5","52984195","52984489","chr20","56425862","56426156","7","3441667"
"chr5","52995180","52995497","chr20","56414486","56414808","20","3419306"
"chr5","52996363","52996657","chr20","56413335","56413629","4","3416972"
"chr5","53003586","53003719","chr3","33995147","33995281","24","19008439"
"chr5","53006926","53007241","chr20","56399573","56399888","6","3392647"
"chr5","53046768","53046865","chr5","168503174","168503262","26","115456406"
"chr5","53047171","53047304","chr3","44195508","44195639","37","8851663"
"chr5","53063009","53063309","chr20","56349090","56349391","7","3286081"
"chr5","53065835","53066123","chr20","56346292","56346580","8","3280457"
"chr5","53077103","53077388","chr20","56334043","56334329","5","3256940"
"chr5","53101586","53101931","chr20","56300677","56301022","4","3199091"
"chr5","53106045","53106340","chr20","56310272","56310567","4","3204227"
"chr5","53138732","53139019","chr20","56266740","56267018","16","3128008"
"chr5","53159249","53159405","chr20","56246173","56246340","14","3086924"
"chr5","53167094","53167207","chr6","10005579","10005691","22","43161515"
"chr5","53167255","53167423","chr1","185625169","185625322","48","132457914"
"chr5","53197200","53197491","chr19","15124041","15124333","58","38073159"
"chr5","53217589","53217761","JH682236","40995","41167","4","53176594"
"chr5","53234681","53234974","JH682236","59097","59389","6","53175584"
"chr5","53260578","53260713","chr1","47964232","47964364","22","5296346"
"chr5","53261008","53261183","chr16","71916151","71916323","39","18655143"
"chr5","53286015","53286121","chrX","122922221","122922326","23","69636206"
"chr5","53294148","53294442","JH682236","120621","120915","7","53173527"
"chr5","53314219","53314438","chr1","35090757","35090967","61","18223462"
"chr5","53336927","53337047","chr1","13428605","13428729","29","39908322"
"chr5","53346671","53346951","JH682236","177503","177784","3","53169168"
"chr5","53348763","53348975","chr2","104324422","104324631","44","50975659"
"chr5","53370579","53370697","JH682236","201993","202111","1","53168586"
"chr5","53375655","53375811","JH682236","207069","207225","6","53168586"
"chr5","53387713","53387943","chr11","119712914","119713140","62","66325201"
"chr5","53390874","53391159","JH682236","223807","224093","13","53167067"
"chr5","53419216","53419494","JH682236","254105","254384","4","53165111"
"chr5","53421831","53421969","JH682236","257018","257155","4","53164813"
"chr5","53424207","53424516","JH682236","259032","259343","6","53165175"
"chr5","53428360","53428648","JH682236","263327","263614","14","53165033"
"chr5","53429622","53429761","chr10","52740618","52740762","37","689004"
"chr5","53434033","53434167","chr1","112277484","112277617","29","58843451"
"chr5","53434468","53434617","chr7","59530380","59530530","31","6095912"
"chr5","53435782","53436065","JH682236","270804","271087","10","53164978"
"chr5","53455435","53455683","chrX","46793365","46793619","50","6662070"
"chr5","53456869","53457006","chr6","145155121","145155252","29","91698252"
"chr5","53457300","53457470","chr3","172218172","172218337","33","118760872"
"chr5","53459456","53459669","chrX","37942111","37942320","48","15517345"
"chr5","53460011","53460127","chr12","59073669","59073786","18","5613658"
"chr5","53466325","53466631","chr13","69089354","69089660","55","15623029"
"chr5","53469405","53469720","chr20","56204841","56205149","17","2735436"
"chr5","53484652","53484951","chr20","56189869","56190168","4","2705217"
"chr5","53487991","53488255","chr20","56187015","56187302","31","2699024"
"chr5","53488647","53488800","chr20","56186510","56186663","2","2697863"
"chr5","53502198","53502456","chrX","50035905","50036149","66","3466293"
"chr5","53517566","53517861","chr20","56157353","56157648","6","2639787"
"chr5","53524097","53524389","chr4","14005906","14006193","61","39518191"
"chr5","53537019","53537302","chr20","56136977","56137260","0","2599958"
"chr5","53540430","53540586","chr20","56134178","56134338","7","2593748"
"chr5","53542050","53542345","chr20","56132427","56132722","6","2590377"
"chr5","53556013","53556305","chrX","16824149","16824449","73","36731864"
"chr5","53562268","53562475","chr20","56111379","56111586","7","2549111"
"chr5","53590256","53590533","chr20","56082555","56082832","10","2492299"
"chr5","53601799","53602076","chr20","56067432","56067709","9","2465633"
"chr5","53604595","53604725","chr20","56064823","56064953","2","2460228"
"chr5","53611717","53611995","chr20","56057867","56058131","21","2446150"
"chr5","53612421","53612558","chr16","30023241","30023370","28","23589180"
"chr5","53668975","53669247","chr7","47067766","47068030","71","6601209"
"chr5","53670919","53671120","chr20","55994180","55994383","13","2323261"
"chr5","53696038","53696333","chr20","55965359","55965653","7","2269321"
"chr5","53696964","53697222","chr9","28383983","28384241","63","25312981"
"chr5","53702656","53702755","chr3","41989061","41989158","21","11713595"
"chr5","53721099","53721352","chr20","55940512","55940773","13","2219413"
"chr5","53728288","53728615","chr20","55932311","55932637","30","2204023"
"chr5","53729899","53730166","chr20","55930762","55931029","13","2200863"
"chr5","53748052","53748325","chr20","55913204","55913477","5","2165152"
"chr5","53750267","53750568","chr20","55910982","55911282","3","2160715"
"chr5","53777990","53778210","chr20","55882413","55882633","2","2104423"
"chr5","53778374","53778656","chr20","55881953","55882235","4","2103579"
"chr5","53785167","53785236","chr20","55875014","55875084","2","2089847"
"chr5","53785906","53786070","chr12","81001667","81001831","27","27215761"
"chr5","53788426","53788555","chr7","158483798","158483927","20","104695372"
"chr5","53808563","53808869","chr20","55855481","55855792","12","2046918"
"chr5","53864620","53864756","chr2","160631503","160631633","23","106766883"
"chr5","53865056","53865256","chr15","88860341","88860550","57","34995285"
"chr5","53875890","53876161","chr20","55787075","55787349","9","1911185"
"chr5","53922203","53922490","chr1","54868310","54868589","60","946107"
"chr5","53954502","53954788","chr20","55708881","55709187","29","1754379"
"chr5","53977057","53977185","chr20","55689059","55689187","5","1712002"
"chr5","54036752","54037070","chr20","55628160","55628507","37","1591408"
"chr5","54159332","54159633","chr20","55518415","55518715","8","1359083"
"chr5","54170648","54170942","chr20","55507096","55507393","6","1336448"
"chr5","54182536","54182849","chr20","55495192","55495503","11","1312656"
"chr5","54231675","54231977","chr20","55447560","55447864","11","1215885"
"chr5","54244527","54244837","chr15","96460895","96461198","68","42216368"
"chr5","54296634","54296937","chr7","111121159","111121462","64","56824525"
"chr5","54449794","54450092","chr20","55226426","55226724","7","776632"
"chr5","54513611","54513911","chr20","55160572","55160872","5","646961"
"chr5","54551435","54551719","chr20","55125416","55125708","14","573981"
"chr5","54551943","54552216","chr20","55124939","55125190","50","572996"
"chr5","54555707","54555966","chr20","55121116","55121417","51","565409"
"chr5","54572277","54572401","chr16","30023241","30023370","27","24549036"
"chr5","54645510","54645648","chr20","55028323","55028455","7","382813"
"chr5","54701520","54701833","chr20","54966816","54967130","8","265296"
"chr5","54706982","54707290","chr20","54962316","54962602","32","255334"
"chr5","54742570","54742763","chr9","30198097","30198287","35","24544473"
"chr5","54756536","54756803","chr10","81289323","81289597","50","26532787"
"chr5","54758438","54758605","chr20","54920999","54921167","6","162561"
"chr5","54783373","54783530","chr20","54895487","54895645","4","112114"
"chr5","54838498","54838803","chr20","54838125","54838430","6","373"
"chr5","54870009","54870303","chr6","73480085","73480366","69","18610076"
"chr5","54881772","54881903","chr1","113417615","113417737","26","58535843"
"chr5","54911494","54911766","chr20","54763604","54763868","11","147890"
"chr5","54922798","54923112","chr20","54752888","54753202","4","169910"
"chr5","54925972","54926254","chr20","54749900","54750181","7","176072"
"chr5","54942136","54942245","chr20","54740652","54740771","12","201484"
"chr5","54949155","54949360","chr20","54734510","54734713","9","214645"
"chr5","54984071","54984339","chrX","64078914","64079180","58","9094843"
"chr5","55030670","55030915","chr15","94324121","94324364","70","39293451"
"chr5","55067046","55067181","chr3","37978007","37978145","43","17089039"
"chr5","55112411","55112698","chr20","54574366","54574681","42","538045"
"chr5","55122862","55123157","chr20","54564320","54564615","12","558542"
"chr5","55130000","55130298","chr20","54556979","54557268","17","573021"
"chr5","55140617","55140751","chr20","54546458","54546592","8","594159"
"chr5","55155098","55155406","chr20","54532249","54532543","26","622849"
"chr5","55163609","55163889","chr2","79428143","79428421","48","24264534"
"chr5","55164215","55164428","chr20","54523098","54523307","9","641117"
"chr5","55170501","55170618","chr20","54516924","54517041","3","653577"
"chr5","55200859","55200973","chr15","97061284","97061403","24","41860425"
"chr5","55281878","55282178","chr20","54410230","54410533","8","871648"
"chr5","55380316","55380617","chr20","54311082","54311383","2","1069234"
"chr5","55659729","55659851","chr9","79725072","79725202","23","24065343"
"chr5","55682097","55682231","chr20","53996368","53996502","2","1685729"
"chr5","55713411","55713708","chr20","53965855","53966169","21","1747556"
"chr5","55714873","55715053","chr20","53964539","53964719","3","1750334"
"chr5","55729835","55730035","chr20","53950372","53950571","9","1779463"
"chr5","55735965","55736241","chr20","53944168","53944444","7","1791797"
"chr5","55737657","55737962","chr20","53942450","53942747","14","1795207"
"chr5","55748755","55748875","chr1","181303049","181303169","18","125554294"
"chr5","55763929","55764204","chr20","53914634","53914909","3","1849295"
"chr5","55789055","55789348","chr20","53889016","53889308","10","1900039"
"chr5","55810431","55810724","chrX","6633386","6633678","71","49177045"
"chr5","55812282","55812587","chr20","53865775","53866078","10","1946507"
"chr5","55825780","55826019","chr20","53851773","53852006","19","1974007"
"chr5","55876950","55877240","chr20","53800353","53800643","9","2076597"
"chr5","55893060","55893365","chr7","145077798","145078098","64","89184738"
"chr5","55930964","55931268","chr20","53742440","53742717","37","2188524"
"chr5","55963098","55963396","chr20","53710732","53711035","13","2252366"
"chr5","55988228","55988350","chr20","53685760","53685882","2","2302468"
"chr5","56064585","56064801","chr2","71422735","71422956","42","15358150"
"chr5","56089467","56089598","chr20","53585220","53585352","1","2504247"
"chr5","56108955","56109258","chr20","53564953","53565251","14","2544002"
"chr5","56112420","56112727","chr16","53053211","53053513","70","3059209"
"chr5","56114456","56114756","chr20","53559564","53559864","9","2554892"
"chr5","56165440","56165561","chr20","53508679","53508800","5","2656761"
"chr5","56201352","56201522","chr20","53472782","53472952","3","2728570"
"chr5","56214714","56215027","chr20","53461588","53461891","16","2753126"
"chr5","56221555","56221685","chr12","36556795","36556927","17","19664760"
"chr5","56237488","56237768","chr20","53439441","53439721","6","2798047"
"chr5","56246497","56246799","chr20","53430416","53430718","7","2816081"
"chr5","56247226","56247545","chr20","53429671","53429963","30","2817555"
"chr5","56261626","56261919","chr20","53415125","53415419","5","2846501"
"chr5","56274017","56274311","chr20","53402747","53403035","10","2871270"
"chr5","56288384","56288651","chr20","53388179","53388446","6","2900205"
"chr5","56314869","56315013","chr20","53361913","53362058","4","2952956"
"chr5","56318118","56318271","chr20","53358623","53358776","5","2959495"
"chr5","56376782","56376947","chr20","53299802","53299965","25","3076980"
"chr5","56403250","56403536","chr20","53273263","53273551","9","3129987"
"chr5","56500666","56500796","chr4","102434054","102434182","19","45933388"
"chr5","56514863","56514983","chr20","53164451","53164571","4","3350412"
"chr5","56553421","56553686","chr20","53125156","53125443","31","3428265"
"chr5","56577982","56578288","chr20","53100437","53100732","30","3477545"
"chr5","56606872","56607172","chr20","53071394","53071694","6","3535478"
"chr5","56628222","56628524","chr20","53050101","53050404","5","3578121"
"chr5","56819818","56820035","chr20","52863378","52863595","7","3956440"
"chr5","56872421","56872731","chr20","52810546","52810860","16","4061875"
"chr5","56927212","56927510","chr20","52756500","52756798","10","4170712"
"chr5","56935944","56936031","chr18","18732116","18732201","24","38203828"
"chr5","56943557","56943844","chr5","4089817","4090100","69","52853740"
"chr5","56975857","56976146","chr20","52707184","52707475","5","4268673"
"chr5","57026929","57027193","chr20","52655581","52655864","24","4371348"
"chr5","57035827","57036135","chr20","52646649","52646949","30","4389178"
"chr5","57137159","57137452","chr20","52546952","52547263","26","4590207"
"chr5","57145720","57145864","chrX","12078736","12078868","41","45066984"
"chr5","57146161","57146345","chr19","27135468","27135639","40","30010693"
"chr5","57191959","57192255","chr20","52491637","52491940","14","4700322"
"chr5","57206697","57206858","chr20","52475648","52475810","3","4731049"
"chr5","57231256","57231538","chr6","72896122","72896404","56","15664866"
"chr5","57236319","57236602","chr20","52446447","52446722","13","4789872"
"chr5","57244996","57245241","chr20","52437553","52437813","16","4807443"
"chr5","57268207","57268406","chr20","52414415","52414611","13","4853792"
"chr5","57297370","57297692","chr20","52391922","52392243","9","4905448"
"chr5","57322614","57322735","chr20","52366342","52366463","0","4956272"
"chr5","57341396","57341512","chr20","52351349","52351467","5","4990047"
"chr5","57366636","57366902","chr20","52331229","52331495","3","5035407"
"chr5","57395771","57396054","chr20","52301982","52302273","15","5093789"
"chr5","57402316","57402619","chr20","52295141","52295436","19","5107175"
"chr5","57422091","57422360","chr20","52275699","52275967","13","5146392"
"chr5","57429863","57430010","chr5","173571563","173571715","33","116141700"
"chr5","57439214","57439494","chr20","52257265","52257546","4","5181949"
"chr5","57448943","57449074","chr20","52247430","52247561","2","5201513"
"chr5","57476539","57476883","chr20","52219257","52219598","10","5257282"
"chr5","57476932","57477026","chr20","52219114","52219208","2","5257818"
"chr5","57500962","57501235","chr20","52194205","52194495","25","5306757"
"chr5","57507398","57507603","chr20","52187694","52187899","7","5319704"
"chr5","57510390","57510689","chr20","52184244","52184543","5","5326146"
"chr5","57511038","57511331","chr20","52183599","52183893","4","5327439"
"chr5","57512446","57512765","chr20","52182162","52182485","11","5330284"
"chr5","57514300","57514593","chr20","52180334","52180627","7","5333966"
"chr5","57520661","57520913","chr20","52174071","52174335","17","5346590"
"chr5","57536074","57536356","chr20","52158318","52158601","7","5377756"
"chr5","57536770","57537069","chr20","52157606","52157905","5","5379164"
"chr5","57537726","57537932","chr15","41638869","41639077","41","15898857"
"chr5","57556627","57556785","chr15","4401923","4402084","25","53154704"
"chr5","57559429","57559571","chr20","52134431","52134559","16","5424998"
"chr5","57574024","57574209","chr20","52120426","52120609","5","5453598"
"chr5","57585744","57586026","chr20","52108947","52109230","9","5476797"
"chr5","57596105","57596404","chr20","52098764","52099063","9","5497341"
"chr5","57600267","57600560","chr10","86192654","86192948","63","28592387"
"chr5","57615221","57615508","chr20","52078275","52078556","12","5536946"
"chr5","57618944","57619198","chr20","52073717","52073975","17","5545227"
"chr5","57619657","57619968","chr20","52072941","52073246","17","5546716"
"chr5","57632417","57632708","chr20","52060425","52060720","17","5571992"
"chr5","57642153","57642442","chr20","52050796","52051085","7","5591357"
"chr5","57662903","57663196","chr1","26482556","26482849","57","31180347"
"chr5","57673801","57674052","chr20","52018046","52018297","4","5655755"
"chr5","57674988","57675084","chr10","59688101","59688202","22","2013113"
"chr5","57682582","57682859","chr20","52009465","52009742","6","5673117"
"chr5","57684499","57684642","chr15","6223076","6223220","35","51461423"
"chr5","57684928","57685074","chr19","28554231","28554368","30","29130697"
"chr5","57692472","57692724","chr20","51999617","51999878","15","5692855"
"chr5","57715925","57716249","chr2","45606642","45606952","68","12109283"
"chr5","57741641","57741794","chr1","160161699","160161861","33","102420058"
"chr5","57741820","57741858","chr1","114743292","114743326","10","57001472"
"chr5","57780806","57781114","chr20","51909335","51909642","4","5871471"
"chr5","57783743","57784052","chr20","51906429","51906727","15","5877314"
"chr5","57788217","57788392","chr6","72335719","72335882","38","14547502"
"chr5","57788440","57788562","chr14","55141394","55141517","19","2647046"
"chr5","57809876","57810154","chr20","51879994","51880266","12","5929882"
"chr5","57818658","57818937","chr20","51871239","51871517","8","5947419"
"chr5","57848735","57849056","chr20","51839826","51840147","2","6008909"
"chr5","57855501","57855784","chr8","23127647","23127933","70","34727854"
"chr5","57860742","57860990","chr20","51827667","51827917","9","6033075"
"chr5","57867884","57868049","chr20","51820487","51820652","2","6047397"
"chr5","57885265","57885518","chr1","34168443","34168694","54","23716822"
"chr5","57893939","57894214","chr1","218036404","218036692","62","160142465"
"chr5","57895638","57895938","chrX","41965898","41966196","58","15929740"
"chr5","57903166","57903340","chr1","4899290","4899466","39","53003876"
"chr5","57903653","57903788","chr9","34873639","34873773","24","23030014"
"chr5","57910866","57911028","chr20","51777226","51777381","28","6133640"
"chr5","57919487","57919619","chr12","33557674","33557807","22","24361813"
"chr5","57924543","57924879","chr1","27446824","27447135","85","30477719"
"chr5","57927211","57927485","chr3","9045202","9045483","71","48882009"
"chr5","57946855","57947012","chr20","51741536","51741706","17","6205319"
"chr5","57952248","57952557","chr20","51736013","51736319","8","6216235"
"chr5","57982518","57982631","chr8","10285603","10285714","19","47696915"
"chr5","57982935","57983125","chr3","155086659","155086848","42","97103724"
"chr5","57989008","57989313","chr20","51698349","51698648","19","6290659"
"chr5","57990957","57991261","chr20","51697313","51697619","19","6293644"
"chr5","58004543","58004718","chr20","51683649","51683824","2","6320894"
"chr5","58005046","58005208","chr20","51683159","51683321","1","6321887"
"chr5","58044428","58044727","chr20","51642748","51643047","5","6401680"
"chr5","58088483","58088737","chr20","51598667","51598923","10","6489816"
"chr5","58105829","58106115","chr20","51580535","51580820","6","6525294"
"chr5","58113976","58114285","chr20","51573170","51573482","15","6540806"
"chr5","58127567","58127700","chr20","51559902","51560035","3","6567665"
"chr5","58158716","58159021","chr20","51536502","51536812","13","6622214"
"chr5","58179685","58179985","chr16","30332251","30332544","69","27847434"
"chr5","58196922","58197198","chr20","51497730","51498006","1","6699192"
"chr5","58207200","58207363","chr20","51487344","51487507","2","6719856"
"chr5","58235275","58235573","chr20","51453100","51453401","13","6782175"
"chr5","58247161","58247400","chr20","51440561","51440799","6","6806600"
"chr5","58271972","58272259","chr11","4503262","4503547","65","53768710"
"chr5","58316556","58316684","chr20","51371022","51371150","3","6945534"
"chr5","58341961","58342120","chrX","41653636","41653796","42","16688325"
"chr5","58343634","58343855","chr20","51343262","51343484","13","7000372"
"chr5","58351872","58352180","chr16","3822644","3822946","64","54529228"
"chr5","58352996","58353132","chr7","42742260","42742396","20","15610736"
"chr5","58353440","58353578","chr1","129882312","129882439","46","71528872"
"chr5","58384300","58384421","chr20","51298219","51298335","9","7086081"
"chr5","58388925","58389270","chr20","51293387","51293694","43","7095538"
"chr5","58414744","58414886","chr19","43152745","43152884","25","15261999"
"chr5","58415244","58415380","chr15","368115","368257","28","58047129"
"chr5","58420910","58421033","chr1","113417615","113417737","16","54996705"
"chr5","58433731","58433925","chr19","7210810","7211001","34","51222921"
"chr5","58475169","58475345","chr20","51204464","51204645","7","7270705"
"chr5","58517097","58517382","chr20","51161073","51161363","11","7356024"
"chr5","58533752","58533875","chr2","103750764","103750888","15","45217012"
"chr5","58535662","58535916","chrX","1133300","1133545","60","57402362"
"chr5","58535917","58536023","chr20","51142387","51142493","2","7393530"
"chr5","58552877","58553188","chr5","35282459","35282762","53","23270418"
"chr5","58553562","58553796","chr20","51121254","51121492","7","7432308"
"chr5","58559960","58560263","chr20","51114290","51114592","7","7445670"
"chr5","58563467","58563800","chr20","51110760","51111090","8","7452707"
"chr5","58602525","58602811","chr20","51069585","51069864","16","7532940"
"chr5","58604661","58604977","chr16","25463711","25464018","66","33140950"
"chr5","58612015","58612314","chr20","51060204","51060510","16","7551811"
"chr5","58616186","58616464","chr7","36625826","36626110","54","21990360"
"chr5","58618446","58618664","chr14","30569027","30569245","66","28049419"
"chr5","58619394","58619692","chr20","51052702","51053010","18","7566692"
"chr5","58622718","58623020","chr20","51049312","51049612","9","7573406"
"chr5","58625099","58625370","chr16","30348027","30348301","61","28277072"
"chr5","58628926","58629051","chr20","51043211","51043336","4","7585715"
"chr5","58638421","58638548","chr20","51033809","51033936","2","7604612"
"chr5","58646295","58646425","chr20","51028793","51028934","14","7617502"
"chr5","58656422","58656545","chr20","51018125","51018239","11","7638297"
"chr5","58665939","58666081","chr20","48662955","48663087","30","10002984"
"chr5","58679868","58680203","chr20","50994906","50995246","15","7684962"
"chr5","58689311","58689622","chr3","35477073","35477365","70","23212238"
"chr5","58692863","58693152","chr20","50978274","50978579","19","7714589"
"chr5","58706813","58707087","chr20","50964991","50965265","8","7741822"
"chr5","58708040","58708135","chr20","50964026","50964121","1","7744014"
"chr5","58731874","58731997","chr1","80103355","80103478","22","21371481"
"chr5","58744730","58744972","chr20","50927971","50928218","8","7816759"
"chr5","58777550","58777807","chr7","125356304","125356565","47","66578754"
"chr5","58779492","58779662","chr8","98260927","98261097","36","39481435"
"chr5","58779972","58780121","chr9","113751090","113751230","36","54971118"
"chr5","58781096","58781394","chr20","50891921","50892218","6","7889175"
"chr5","58804097","58804394","chr20","50866057","50866352","10","7938040"
"chr5","58822553","58822852","chr20","50847643","50847941","13","7974910"
"chr5","58827654","58827932","chr20","50844365","50844643","8","7983289"
"chr5","58854627","58854914","chr20","50815195","50815508","31","8039432"
"chr5","58868197","58868326","chr20","50802115","50802244","2","8066082"
"chr5","58872460","58872575","chr20","10415874","10415996","21","48456586"
"chr5","58872604","58872767","chr1","17265325","17265490","33","41607279"
"chr5","58879266","58879561","chr20","50790546","50790849","18","8088720"
"chr5","58889438","58889737","chr20","50780483","50780771","19","8108955"
"chr5","58891709","58891988","chr10","19191529","19191808","56","39700180"
"chr5","58938924","58939172","chr20","50728818","50729066","4","8210106"
"chr5","59029921","59030219","chr2","43952610","43952912","59","15077311"
"chr5","59061650","59061920","chr20","50608973","50609243","6","8452677"
"chr5","59066091","59066391","chr20","50604518","50604818","13","8461573"
"chr5","59080791","59080868","chr20","50591389","50591466","1","8489402"
"chr5","59085954","59086264","chr20","50586000","50586307","10","8499954"
"chr5","59107814","59108079","chr20","50563300","50563565","7","8544514"
"chr5","59121563","59121722","chr6","51678059","51678224","34","7443504"
"chr5","59131808","59132100","chr20","50539084","50539377","7","8592724"
"chr5","59139441","59139738","chr20","50531637","50531977","57","8607804"
"chr5","59147588","59147872","chr20","50522573","50522857","4","8625015"
"chr5","59151088","59151382","chr20","50519259","50519553","5","8631829"
"chr5","59158541","59158654","chr8","128746408","128746508","28","69587867"
"chr5","59159275","59159387","chr18","10067798","10067913","25","49091477"
"chr5","59169264","59169419","chr1","150807263","150807429","36","91637999"
"chr5","59169454","59169573","chr10","49258196","49258312","17","9911258"
"chr5","59202093","59202416","chr20","50466801","50467126","9","8735292"
"chr5","59206142","59206308","chr20","50463162","50463328","4","8742980"
"chr5","59213589","59213633","chr20","50455208","50455252","1","8758381"
"chr5","59251924","59252238","chr20","50418202","50418520","9","8833722"
"chr5","59255675","59255802","chr20","50414347","50414474","2","8841328"
"chr5","59270244","59270406","chr20","50399046","50399223","21","8871198"
"chr5","59295726","59295900","chr1","37304379","37304537","57","21991347"
"chr5","59299728","59299977","chr20","50366673","50366947","28","8933055"
"chr5","59303058","59303337","chr20","50363044","50363324","3","8940014"
"chr5","59333535","59333809","chr20","50334440","50334718","13","8999095"
"chr5","59360530","59360743","chr20","50306343","50306553","4","9054187"
"chr5","59364745","59365052","chr20","50302053","50302361","4","9062692"
"chr5","59384456","59384735","chr20","50280689","50280968","12","9103767"
"chr5","59387805","59388079","chr20","50280689","50280968","14","9107116"
"chr5","59394310","59394472","chr2","43061430","43061592","30","16332880"
"chr5","59398895","59399183","chr20","50269748","50270035","4","9129147"
"chr5","59425689","59425810","chr20","50241469","50241590","11","9184220"
"chr5","59447627","59447821","chr5","154506626","154506809","44","95058999"
"chr5","59448450","59448621","chr17","50805351","50805510","46","8643099"
"chr5","59498886","59499180","chr20","50169750","50170046","11","9329136"
"chr5","59585288","59585408","chr20","50081730","50081850","3","9503558"
"chr5","59604382","59604672","chr20","50060445","50060735","5","9543937"
"chr5","59640140","59640283","chr14","30605132","30605277","26","29035008"
"chr5","59640597","59640740","chr9","26915565","26915701","26","32725032"
"chr5","59645373","59645535","chr20","50017046","50017208","3","9628327"
"chr5","59658340","59658641","chr20","49998440","49998739","9","9659900"
"chr5","59666399","59666571","chr3","46023413","46023578","39","13642986"
"chr5","59681921","59682200","chr20","49974458","49974746","17","9707463"
"chr5","59682201","59682466","chr20","49974190","49974457","14","9708011"
"chr5","59698712","59699013","chr20","49956678","49956983","6","9742034"
"chr5","59754761","59755054","chr20","49903061","49903353","10","9851700"
"chr5","59764520","59764831","chr20","49892573","49892912","33","9871947"
"chr5","59767927","59768148","chr7","91196468","91196685","48","31428541"
"chr5","59804915","59805233","chr20","49852739","49853038","27","9952176"
"chr5","59809976","59810113","chr6","74569445","74569577","30","14759469"
"chr5","59810424","59810591","chr14","6774406","6774536","53","53036018"
"chr5","59841707","59841830","chr20","49818307","49818414","16","10023400"
"chr5","59846993","59847151","chr1","203424004","203424153","38","143577011"
"chr5","59847440","59847477","chr6","73599922","73599960","16","13752482"
"chr5","59848091","59848228","chr1","64347249","64347380","29","4499158"
"chr5","59856664","59856765","chr20","49803322","49803422","5","10053342"
"chr5","59864728","59864850","chr5","158430597","158430718","11","98565869"
"chr5","59865229","59865398","chr20","49793175","49793340","9","10072054"
"chr5","59884076","59884352","chr20","49773941","49774223","13","10110135"
"chr5","59895554","59895841","chr20","49761890","49762177","2","10133664"
"chr5","59920308","59920473","chr20","49736975","49737141","5","10183333"
"chr5","59939314","59939612","chr20","49723111","49723409","4","10216203"
"chr5","59944781","59945039","chr20","49717716","49717963","31","10227065"
"chr5","59956849","59957058","chr20","49704605","49704858","44","10252244"
"chr5","59965077","59965235","chr2","69561663","69561819","47","9596586"
"chr5","59989061","59989245","chr10","14682761","14682934","41","45306300"
"chr5","60008011","60008314","chr20","49650104","49650407","3","10357907"
"chr5","60035663","60035788","chr2","158300088","158300205","21","98264425"
"chr5","60035814","60035955","chr15","368115","368257","34","59667699"
"chr5","60039383","60039666","chr3","160548507","160548790","60","100509124"
"chr5","60047823","60048117","chr20","49610190","49610484","4","10437633"
"chr5","60089214","60089384","chr1","120497693","120497861","43","60408479"
"chr5","60096547","60096815","chr8","15359970","15360223","77","44736577"
"chr5","60109899","60110193","chr20","49546609","49546906","10","10563290"
"chr5","60110591","60110896","chr20","49545912","49546214","7","10564679"
"chr5","60130104","60130255","chr20","49526996","49527144","6","10603108"
"chr5","60139787","60140025","chr3","104552728","104552955","60","44412941"
"chr5","60146039","60146350","chr20","49511303","49511616","15","10634736"
"chr5","60185476","60185781","chr20","49471235","49471545","20","10714241"
"chr5","60223509","60223748","chr10","30684146","30684394","74","29539363"
"chr5","60265462","60265765","chr20","49392932","49393239","11","10872530"
"chr5","60266074","60266231","chr20","49392467","49392623","6","10873607"
"chr5","60295780","60296085","chr20","49362466","49362768","11","10933314"
"chr5","60321451","60321725","chr20","49335996","49336302","44","10985455"
"chr5","60326119","60326263","chr3","13173170","13173296","38","47152949"
"chr5","60346956","60347257","chr20","49310342","49310638","39","11036614"
"chr5","60364103","60364338","chr20","49293503","49293738","6","11070600"
"chr5","60406402","60406702","chr20","49257680","49257984","10","11148722"
"chr5","60421979","60422267","chr20","49250815","49251103","10","11171164"
"chr5","60455338","60455354","chr20","49216577","49216598","5","11238761"
"chr5","60455355","60455508","chr20","49216423","49216576","5","11238932"
"chr5","60455820","60456153","chr19","3591267","3591564","100","56864553"
"chr5","60469930","60470065","chr3","161233673","161233808","26","100763743"
"chr5","60470378","60470549","chr7","111640971","111641143","39","51170593"
"chr5","60481444","60481711","chr20","49192136","49192403","4","11289308"
"chr5","60484672","60484802","chr20","49189042","49189158","19","11295630"
"chr5","60490137","60490413","chr20","49183341","49183613","14","11306796"
"chr5","60491795","60492127","chr6","135313290","135313605","64","74821495"
"chr5","60493359","60493479","chr1","68795361","68795479","23","8302002"
"chr5","60520139","60520513","chr20","56748935","56749305","33","3771204"
"chr5","60532963","60533204","chr20","56762646","56762897","23","3770317"
"chr5","60569928","60570222","chr20","56800421","56800726","15","3769507"
"chr5","60571206","60571330","chr20","56801690","56801822","15","3769516"
"chr5","60578849","60579138","chr20","56810244","56810537","9","3768605"
"chr5","60614777","60614890","chr20","56846123","56846236","5","3768654"
"chr5","60633482","60633771","chr20","56865822","56866110","5","3767660"
"chr5","60634894","60635199","chr20","56867448","56867753","7","3767446"
"chr5","60660293","60660608","chr4","52586133","52586439","78","8074160"
"chr5","60667092","60667373","chr20","56899148","56899415","29","3767944"
"chr5","60677610","60677891","chr20","56910295","56910575","8","3767315"
"chr5","60679066","60679223","chr20","56912664","56912811","14","3766402"
"chr5","60688014","60688178","chr20","56921870","56922034","8","3766144"
"chr5","60689269","60689376","chr20","56923124","56923230","4","3766145"
"chr5","60689683","60689807","chr9","66806885","66807013","45","6117202"
"chr5","60698201","60698474","chr20","56933660","56933932","6","3764541"
"chr5","60752783","60753069","chr20","56992001","56992282","13","3760782"
"chr5","60756632","60756796","chr20","56995822","56995986","3","3760810"
"chr5","60760907","60761057","chrX","44305405","44305548","32","16455502"
"chr5","60761350","60761485","chr1","141402784","141402919","25","80641434"
"chr5","60784112","60784394","chr20","57024656","57024938","6","3759456"
"chr5","60801598","60801711","chr11","52088825","52088928","32","8712773"
"chr5","60801740","60801855","chr1","135200720","135200835","15","74398980"
"chr5","60809795","60809900","chr20","57052132","57052240","4","3757663"
"chr5","60824730","60824838","chr1","12878013","12878120","20","47946717"
"chr5","60825143","60825315","chr3","160737202","160737369","49","99912059"
"chr5","60828282","60828445","chr4","148265423","148265581","30","87437141"
"chr5","60828749","60828893","chr7","42742260","42742396","34","18086489"
"chr5","60838065","60838181","chr4","7029582","7029705","20","53808483"
"chr5","60891822","60892095","chr1","211756270","211756520","69","150864448"
"chr5","60894427","60894557","chr4","126403683","126403814","28","65509256"
"chr5","60905407","60905653","chr20","57150261","57150507","6","3755146"
"chr5","60909265","60909387","chr20","57155228","57155350","2","3754037"
"chr5","60917577","60917714","chr7","42742260","42742396","26","18175317"
"chr5","60918011","60918173","chr2","69326199","69326359","31","8408188"
"chr5","60934608","60934894","chr7","106428309","106428592","66","45493701"
"chr5","60935971","60936242","chr20","57182506","57182808","45","3753465"
"chr5","60951093","60951401","chr20","57198121","57198430","12","3752972"
"chr5","61000428","61000717","chr7","121764460","121764748","64","60764032"
"chr5","61026415","61026686","chr20","57274352","57274666","50","3752063"
"chr5","61028617","61028789","chr20","57276606","57276790","16","3752011"
"chr5","61044731","61044894","chr20","57292737","57292890","14","3751994"
"chr5","61046938","61047069","chr20","57294909","57295039","3","3752029"
"chr5","61070616","61070772","chr20","57318317","57318470","6","3752299"
"chr5","61144599","61144760","chr20","57397320","57397481","2","3747279"
"chr5","61154629","61154922","chr20","57407150","57407443","3","3747479"
"chr5","61178606","61178851","chr7","31418612","31418862","62","29759994"
"chr5","61227847","61228156","chr20","57486128","57486437","9","3741719"
"chr5","61252261","61252544","chr20","57511756","57512039","5","3740505"
"chr5","61527641","61527943","chr20","57782076","57782378","13","3745565"
"chr5","61621986","61622274","chr20","57880862","57881148","8","3741124"
"chr5","61669327","61669596","chr20","57929333","57929602","3","3739994"
"chr5","61893503","61893790","chr20","58158225","58158513","7","3735278"
"chr5","61951666","61951937","chr1","48471428","48471710","57","13480238"
"chr5","62015392","62015499","chr19","5355596","5355702","23","56659796"
"chr5","62015529","62015697","chr8","96423624","96423788","37","34408095"
"chr5","62087352","62087653","chrX","93254496","93254795","68","31167144"
"chr5","62225756","62225952","chr20","58497240","58497431","10","3728516"
"chr5","62232162","62232456","chr6","171262313","171262600","69","109030151"
"chr5","62471359","62471638","chr20","58744964","58745233","17","3726395"
"chr5","62515327","62515639","chr20","58789195","58789509","19","3726132"
"chr5","62630386","62630709","chr4","153377554","153377856","64","90747168"
"chr5","62785840","62786131","chr20","59075251","59075543","14","3710589"
"chr5","62811797","62812100","chr20","59100119","59100425","13","3711678"
"chr5","62861240","62861531","chr20","59148652","59148947","11","3712588"
"chr5","62896145","62896332","chr3","55231009","55231199","39","7665136"
"chr5","62896695","62896806","chr5","163719874","163719985","23","100823179"
"chr5","63005023","63005339","chr20","59291068","59291378","12","3713955"
"chr5","63041212","63041482","chr20","59327562","59327843","24","3713650"
"chr5","63069607","63069844","chr20","59356546","59356780","13","3713061"
"chr5","63113794","63114077","chr20","59401816","59402109","21","3711978"
"chr5","63134080","63134382","chr2","164608968","164609256","80","101474888"
"chr5","63150154","63150439","chr15","37564473","37564760","52","25585681"
"chr5","63164726","63165020","chr20","59452596","59452881","19","3712130"
"chr5","63168320","63168599","chr20","59456306","59456599","19","3712014"
"chr5","63198377","63198559","chr1","125928388","125928553","47","62730011"
"chr5","63198852","63198970","chr8","95798596","95798713","20","32599744"
"chr5","63213964","63214263","chr20","59504377","59504677","10","3709587"
"chr5","63437535","63437776","chr20","59732235","59732491","24","3705300"
"chr5","63446503","63446791","chr20","59741541","59741824","17","3704962"
"chr5","63500001","63500260","chr17","68652209","68652468","61","5152208"
"chr5","63513501","63513771","chr20","59809310","59809582","17","3704191"
"chr5","63524961","63525235","chr20","59819405","59819690","36","3705556"
"chr5","63525688","63525971","chr20","59820144","59820428","21","3705544"
"chr5","63537406","63537626","chr15","38698270","38698482","71","24839136"
"chr5","63567050","63567172","chr20","59860804","59860926","3","3706246"
"chr5","63571308","63571432","chr20","59864983","59865108","4","3706325"
"chr5","63578289","63578654","chr13","86341280","86341636","101","22762991"
"chr5","63593494","63593702","chr20","59887890","59888098","7","3705604"
"chr5","63604589","63604697","chr20","59899334","59899442","2","3705255"
"chr5","63610556","63610853","chr20","59904979","59905274","12","3705577"
"chr5","63695925","63696325","chr20","59991691","59992087","22","3704234"
"chr5","63738833","63739044","chr20","60035418","60035629","12","3703415"
"chr5","63865736","63865794","chr2","184106680","184106735","19","120240944"
"chr5","63901089","63901404","chr9","24383125","24383440","82","39517964"
"chr5","63906098","63906350","chr20","60201697","60201968","24","3704401"
"chr5","63907083","63907348","chr12","61454709","61454981","67","2452374"
"chr5","63915112","63915425","chr20","60211073","60211394","12","3704039"
"chr5","63940744","63941049","chr20","60236932","60237240","19","3703812"
"chr5","63992687","63992910","chr10","61450973","61451178","66","2541714"
"chr5","64027223","64027503","chr20","60324417","60324698","11","3702806"
"chr5","64027513","64027637","chr6","73432357","73432480","22","9404844"
"chr5","64053975","64054233","chr20","60352449","60352730","29","3701526"
"chr5","64055967","64056263","chr20","60354462","60354754","21","3701505"
"chr5","64069516","64069751","chr6","128227030","128227255","57","64157514"
"chr5","64070947","64071236","chr20","60369287","60369576","11","3701660"
"chr5","64088047","64088324","chr9","82908758","82909034","52","18820711"
"chr5","64130394","64130519","chr20","60428788","60428913","7","3701606"
"chr5","64133502","64133664","chr8","18227257","18227416","36","45906245"
"chr5","64155394","64155681","chr15","37564473","37564760","62","26590921"
"chr5","64160236","64160363","chr20","60459297","60459428","12","3700939"
"chr5","64162803","64162954","chr20","60461862","60462002","18","3700941"
"chr5","64164724","64164942","chr20","60463776","60463994","15","3700948"
"chr5","64165425","64165562","chr3","33995147","33995281","21","30170278"
"chr5","64165852","64166016","chr16","36507772","36507936","31","27658080"
"chr5","64167038","64167200","chr14","61682586","61682743","35","2484452"
"chr5","64168500","64168612","chr20","60467550","60467663","10","3700950"
"chr5","64174913","64175219","chr20","60473921","60474225","20","3700992"
"chr5","64186589","64186712","chr15","7149370","7149493","24","57037219"
"chr5","64188026","64188309","chr20","60487042","60487324","7","3700984"
"chr5","64192826","64192979","chr20","60491753","60491906","4","3701073"
"chr5","64208389","64208681","chr20","60506982","60507274","12","3701407"
"chr5","64255493","64255823","chr20","60554835","60555158","28","3700658"
"chr5","64289151","64289457","chr20","60589337","60589643","5","3699814"
"chr5","64344490","64344794","chr20","60644314","60644622","13","3700176"
"chr5","64447866","64448172","chr20","60746796","60747088","20","3701070"
"chr5","64474498","64474792","chr20","60773167","60773456","29","3701331"
"chr5","64516488","64516811","chrX","50817458","50817774","67","13699030"
"chr5","64539721","64540036","chr20","60837672","60837976","19","3702049"
"chr5","64553757","64554052","chr20","60851632","60851954","42","3702125"
"chr5","64554083","64554098","chr7","131755732","131755746","3","67201649"
"chr5","64557178","64557461","chr20","60855038","60855309","23","3702140"
"chr5","64570162","64570294","chr20","60868031","60868158","9","3702131"
"chr5","64591724","64591917","chr20","42961674","42961851","57","21630050"
"chr5","64592229","64592358","chr1","39578192","39578322","25","25014037"
"chr5","64593908","64594205","chr11","26789186","26789492","64","37804722"
"chr5","64658088","64658379","chrX","38217637","38217936","62","26440451"
"chr5","64674667","64674984","chr20","60971182","60971500","10","3703485"
"chr5","64745027","64745339","chr20","61041543","61041835","24","3703484"
"chr5","64905354","64905473","chr20","61200287","61200424","23","3705067"
"chr5","64925741","64926066","chr6","65039019","65039342","98","113278"
"chr5","64930004","64930299","chr20","61225495","61225793","8","3704509"
"chr5","65191727","65191839","chr14","17380597","17380711","18","47811130"
"chr5","65191885","65192005","chr14","20974822","20974939","35","44217063"
"chr5","65192087","65192151","chr1","52970561","52970624","8","12221526"
"chr5","65352427","65352697","chr20","61651582","61651851","9","3700845"
"chr5","65604506","65604771","chr20","61902602","61902893","35","3701904"
"chr5","65930564","65930874","chr3","170745382","170745691","67","104814818"
"chr5","65941738","65942027","chr20","62247846","62248136","12","3693892"
"chr5","66041177","66041342","chr20","62347605","62347770","5","3693572"
"chr5","66346317","66346620","chr10","25528973","25529273","61","40817344"
"chr5","66355263","66355604","chr3","52028466","52028797","82","14326797"
"chr5","66363914","66364083","chr20","62669983","62670151","3","3693931"
"chr5","66373256","66373568","chr20","62679350","62679662","5","3693906"
"chr5","66409473","66409774","chr20","62715319","62715618","11","3694154"
"chr5","66412872","66413064","chr3","46168830","46168990","55","20244042"
"chr5","66443433","66443730","chr17","23740187","23740478","63","42703246"
"chr5","66476176","66476298","chr20","62782873","62782995","3","3693303"
"chr5","66495304","66495378","chr1","202884129","202884202","16","136388825"
"chr5","66547875","66547995","chr4","43841666","43841786","33","22706209"
"chr5","66557406","66557531","chr20","62865154","62865278","4","3692252"
"chr5","66559884","66560171","chrX","13202211","13202506","64","53357673"
"chr5","66588266","66588462","chr20","62896202","62896399","6","3692064"
"chr5","66595048","66595359","chr20","62903610","62903921","15","3691438"
"chr5","66607197","66607464","chr20","62915543","62915809","7","3691654"
"chr5","66612848","66613107","chr20","9986115","9986362","61","56626733"
"chr5","66669721","66669972","chr20","62978654","62978920","19","3691067"
"chr5","66670908","66671088","chr1","79571833","79572000","35","12900925"
"chr5","66671694","66671846","chr9","26915565","26915701","38","39756129"
"chr5","66676479","66676643","chr3","41704152","41704313","35","24972327"
"chr5","66696983","66697280","chr14","110361322","110361615","57","43664339"
"chr5","66718961","66719256","chr20","63032929","63033224","7","3686032"
"chr5","66728074","66728363","chr20","63041984","63042273","9","3686090"
"chr5","66729056","66729359","chr20","63042966","63043269","4","3686090"
"chr5","66737626","66737934","chr14","3427728","3428040","57","63309898"
"chr5","66759128","66759297","chr13","68961194","68961354","33","2202066"
"chr5","66770984","66771268","chr20","63080877","63081166","11","3690107"
"chr5","66776453","66776769","chr4","130680275","130680590","60","63903822"
"chr5","66788005","66788119","chr20","63097944","63098057","7","3690061"
"chr5","66795336","66795619","chr20","63105230","63105513","4","3690106"
"chr5","66798071","66798374","chr20","63107580","63107891","12","3690491"
"chr5","66801423","66801710","chr20","63110943","63111230","8","3690480"
"chr5","66845808","66846075","chr11","110937789","110938053","59","44091981"
"chr5","66848792","66849072","chr20","63158632","63158909","14","3690160"
"chr5","66850067","66850339","chr11","47498863","47499141","72","19351204"
"chr5","66984544","66984836","chr20","63295634","63295921","15","3688910"
"chr5","67006841","67006956","chr20","32859522","32859641","19","34147319"
"chr5","67055965","67056240","chr13","45847891","45848167","52","21208074"
"chr5","67151939","67152215","chr20","63458036","63458299","23","3693903"
"chr5","67155236","67155555","chr20","63461291","63461617","16","3693945"
"chr5","67168240","67168515","chr20","63473672","63473947","9","3694568"
"chr5","67175282","67175639","chr20","63480749","63481098","17","3694533"
"chr5","67216743","67216897","chr6","101935951","101936107","34","34719208"
"chr5","67216935","67217053","chr10","77185041","77185168","22","9968106"
"chr5","67218790","67219072","chr12","92811915","92812197","59","25593125"
"chr5","67225416","67225578","chr20","63530768","63530930","1","3694648"
"chr5","67246721","67247022","chr20","63552468","63552767","15","3694253"
"chr5","67259389","67259700","chr20","63565521","63565828","13","3693868"
"chr5","67263637","67263794","chr1","23420494","23420645","33","43843143"
"chr5","67263820","67263945","chr1","128006569","128006694","19","60742749"
"chr5","67276558","67276867","chr20","63582280","63582589","4","3694278"
"chr5","67305297","67305437","chr20","63611372","63611512","1","3693925"
"chr5","67342598","67342873","chr20","63648166","63648442","8","3694432"
"chr5","67387631","67387899","chr20","63692993","63693261","5","3694638"
"chr5","67420612","67420900","chr20","63726246","63726549","24","3694366"
"chr5","67640117","67640199","chr18","24592519","24592604","19","43047598"
"chr5","67742359","67742535","chr1","121622157","121622313","47","53879798"
"chr5","67815794","67816102","chr20","64121884","64122192","11","3693910"
"chr5","67882285","67882585","chr20","64191297","64191607","17","3690988"
"chr5","68036296","68036588","chr20","64344840","64345128","16","3691456"
"chr5","68095240","68095508","chr20","64403014","64403289","30","3692226"
"chr5","68246264","68246555","chr20","64553835","64554128","9","3692429"
"chr5","68660461","68660552","chr5","85719592","85719666","26","17059131"
"chr5","68660584","68660700","chr14","62631587","62631703","28","6028997"
"chr5","68665566","68665861","chr20","64984676","64984972","9","3680890"
"chr5","68675743","68676032","chr20","64994899","64995189","7","3680844"
"chr5","68882608","68882899","chr20","65201186","65201476","24","3681422"
"chr5","69015820","69016114","chr20","65334576","65334872","12","3681244"
"chr5","69016955","69017246","chr20","65335715","65336001","11","3681240"
"chr5","69078980","69079274","chr20","65397670","65397963","5","3681310"
"chr5","69174355","69174663","chr20","65492792","65493102","12","3681563"
"chr5","69230175","69230409","chr12","14247334","14247575","61","54982841"
"chr5","69295941","69296159","chr20","65606630","65606849","7","3689311"
"chr5","69342115","69342415","chr20","65654682","65654978","10","3687433"
"chr5","69411590","69411832","chr20","65724462","65724709","12","3687128"
"chr5","69417992","69418309","chr20","65730841","65731157","8","3687151"
"chr5","69471151","69471429","chr20","65784755","65785026","14","3686396"
"chr5","69495548","69495857","chr20","65809752","65810066","12","3685796"
"chr5","69556085","69556158","chr6","51599007","51599074","18","17957078"
"chr5","69557312","69557528","chr7","16015964","16016183","36","53541348"
"chr5","69563532","69563844","chr20","65882083","65882396","20","3681449"
"chr5","69579556","69579819","chr20","65898543","65898818","23","3681013"
"chr5","69611103","69611260","chr20","65930185","65930340","6","3680918"
"chr5","69620854","69621167","chr20","65940013","65940329","11","3680841"
"chr5","69623422","69623700","chr20","65942536","65942816","17","3680886"
"chr5","69640113","69640427","chr20","65959086","65959374","36","3681027"
"chr5","69733539","69733838","chrX","49546448","49546737","57","20187091"
"chr5","69746846","69747129","chr20","66063433","66063725","23","3683413"
"chr5","69759894","69760166","chr13","71945250","71945536","59","2185356"
"chr5","69782318","69782599","chr1","31315160","31315451","66","38467158"
"chr5","69800697","69800874","chr20","66110918","66111113","26","3689779"
"chr5","69806862","69807120","chr20","66117124","66117405","32","3689738"
"chr5","69819888","69820014","chr20","66130178","66130301","11","3689710"
"chr5","69893746","69894054","chrX","41355790","41356103","55","28537956"
"chr5","69912269","69912566","chr20","66225006","66225311","22","3687263"
"chr5","69915757","69916059","chr20","66228433","66228732","14","3687324"
"chr5","69947199","69947482","chr4","118955371","118955649","56","49008172"
"chr5","69957665","69957964","chr17","23740187","23740478","58","46217478"
"chr5","69964638","69964949","chr20","66281614","66281925","17","3683024"
"chr5","69981626","69981904","chr20","66297973","66298249","8","3683653"
"chr5","69984933","69985245","chr20","66300982","66301295","13","3683951"
"chr5","69989620","69989741","chr16","43700141","43700263","23","26289479"
"chr5","69990455","69990767","chr8","16404389","16404700","59","53586066"
"chr5","70032874","70033163","chr6","102148295","102148583","57","32115421"
"chr5","70054873","70055163","chr20","66369556","66369847","10","3685317"
"chr5","70058077","70058235","chr3","50749437","50749590","36","19308640"
"chr5","70058529","70058654","chrX","41609482","41609604","23","28449047"
"chr5","70076736","70077019","chr20","66390903","66391182","14","3685833"
"chr5","70084102","70084322","chr20","66398124","66398339","14","3685978"
"chr5","70086326","70086618","chr20","66400671","66400965","11","3685655"
"chr5","70091709","70092005","chr20","66405923","66406221","16","3685786"
"chr5","70097569","70097872","chr20","66411766","66412070","6","3685803"
"chr5","70112140","70112256","chr1","33374215","33374332","28","36737925"
"chr5","70158941","70159235","chr20","66472803","66473095","13","3686138"
"chr5","70231054","70231244","chr10","41303487","41303671","58","28927567"
"chr5","70231556","70231746","chr7","133092005","133092203","53","62860449"
"chr5","70254212","70254518","chr20","66569565","66569866","21","3684647"
"chr5","70286174","70286310","chr20","66600929","66601063","5","3685245"
"chr5","70327032","70327330","chr20","66641392","66641690","6","3685640"
"chr5","70409559","70409683","chr10","12804695","12804819","20","57604864"
"chr5","70409948","70410155","chr3","42075297","42075503","55","28334651"
"chr5","70414756","70415059","chr20","66733598","66733899","10","3681158"
"chr5","70416510","70416795","chr20","66735353","66735638","6","3681157"
"chr5","70424417","70424546","chr20","66743535","66743656","15","3680882"
"chr5","70445816","70446006","chr6","73953228","73953420","50","3507412"
"chr5","70446314","70446425","chr15","42710936","42711053","19","27735378"
"chr5","70523433","70523704","chr20","66845062","66845350","27","3678371"
"chr5","70576418","70576587","chr15","22276994","22277167","36","48299424"
"chr5","70576888","70577031","chr5","74519379","74519510","30","3942491"
"chr5","70601652","70601788","chr1","135097790","135097920","26","64496138"
"chr5","70602080","70602251","chr20","43009050","43009215","32","27593030"
"chr5","70618552","70618787","chr20","66939725","66939970","18","3678827"
"chr5","70619921","70619971","chr10","37896586","37896644","12","32723335"
"chr5","70628722","70628864","chr3","12670795","12670940","26","57957927"
"chr5","70629169","70629337","chrX","44848368","44848530","31","25780801"
"chr5","70661696","70661764","chr20","66984063","66984131","0","3677633"
"chr5","70695023","70695294","chr20","67019106","67019377","12","3675917"
"chr5","70715039","70715183","chr20","67039160","67039303","3","3675879"
"chr5","70718839","70719127","chr20","67043052","67043339","8","3675787"
"chr5","70724433","70724589","chr20","67048651","67048805","7","3675782"
"chr5","70737495","70737806","chr20","67062051","67062333","39","3675444"
"chr5","70758632","70758848","chr20","67083084","67083300","7","3675548"
"chr5","70775317","70775449","chr20","67100883","67101014","3","3674434"
"chr5","70825636","70825936","chr20","67150317","67150617","12","3675319"
"chr5","70829897","70830193","chr20","67154526","67154822","14","3675371"
"chr5","70881967","70882268","chr20","67206600","67206901","3","3675367"
"chr5","70905693","70905980","chr20","67230087","67230374","5","3675606"
"chr5","70927169","70927356","chr20","67252098","67252284","17","3675071"
"chr5","70960013","70960325","chr20","67285858","67286170","12","3674155"
"chr5","70978794","70979097","chr20","67304252","67304545","15","3674542"
"chr5","70984758","70985076","chr20","67310193","67310499","20","3674565"
"chr5","71016688","71016806","chr20","67342238","67342363","11","3674450"
"chr5","71021375","71021520","chr20","67346931","67347076","3","3674444"
"chr5","71032090","71032370","chr3","2651677","2651961","74","68380413"
"chr5","71055732","71056024","chr20","67381089","67381385","14","3674643"
"chr5","71082842","71082991","chr20","67407991","67408140","3","3674851"
"chr5","71097028","71097147","chr1","16572037","16572155","21","54524991"
"chr5","71097666","71097948","chr12","70209765","70210048","59","887901"
"chr5","71101940","71102071","chr20","4017552","4017678","24","67084388"
"chr5","71102072","71102351","chr1","96121065","96121346","53","25018993"
"chr5","71102352","71102386","chr16","51874120","51874153","4","19228232"
"chr5","71106956","71107261","chr20","67431556","67431861","6","3675400"
"chr5","71107264","71107410","chr20","67431864","67432010","3","3675400"
"chr5","71280408","71280725","chr1","16269128","16269444","59","55011280"
"chr5","71291773","71292068","chr20","67622450","67622748","8","3669323"
"chr5","71340860","71341175","chr20","67672043","67672357","17","3668817"
"chr5","71346123","71346423","chr20","67677218","67677516","8","3668905"
"chr5","71365004","71365322","chr20","67696394","67696726","24","3668610"
"chr5","71382286","71382603","chr20","67712789","67713110","9","3669497"
"chr5","71427148","71427446","chr20","67758395","67758697","12","3668753"
"chr5","71510093","71510248","chr20","67842139","67842293","9","3667954"
"chr5","71594031","71594341","chr20","67926731","67927027","24","3667300"
"chr5","71797678","71797953","chr20","68131315","68131589","9","3666363"
"chr5","71824152","71824460","chr20","68156987","68157286","21","3667165"
"chr5","71828704","71828973","chr20","68161582","68161851","6","3667122"
"chr5","71920957","71921254","chr20","68256534","68256827","7","3664423"
"chr5","71942611","71942758","chr20","68278290","68278437","4","3664321"
"chr5","71997671","71997973","chr20","68337137","68337444","9","3660534"
"chr5","72129724","72130023","chr20","68471335","68471631","12","3658389"
"chr5","72147163","72147481","chr20","68488718","68489038","12","3658445"
"chr5","72183959","72184118","chr20","68528024","68528181","5","3655935"
"chr5","72186173","72186455","chr20","68530256","68530571","41","3655917"
"chr5","72221087","72221364","chr20","68565272","68565547","14","3655815"
"chr5","72226549","72226858","chr20","68570746","68571055","8","3655803"
"chr5","72326469","72326774","chr20","68666205","68666510","7","3660264"
"chr5","72428900","72429205","chr20","68771181","68771487","4","3657719"
"chr5","72456209","72456484","chr20","68798878","68799152","4","3657331"
"chr5","72522870","72522935","chr3","40803651","40803720","23","31719219"
"chr5","72523370","72523421","chr7","24689946","24690003","16","47833424"
"chr5","72530627","72530760","chr1","135097790","135097920","19","62567163"
"chr5","72584313","72584628","chr20","68928860","68929167","17","3655453"
"chr5","72629158","72629477","chr20","68972885","68973197","11","3656273"
"chr5","72659764","72659884","chr20","69003612","69003734","4","3656152"
"chr5","72665603","72665897","chr20","69009339","69009632","1","3656264"
"chr5","72668377","72668615","chr10","34938725","34938970","57","37729652"
"chr5","72668616","72668807","chr17","3692751","3692947","39","68975865"
"chr5","72679724","72680021","chr20","69022831","69023125","10","3656893"
"chr5","72711911","72712065","chr20","69055481","69055637","7","3656430"
"chr5","72727482","72727771","chr20","69071479","69071764","12","3656003"
"chr5","72736949","72737241","chr2","183602325","183602622","63","110865376"
"chr5","72743266","72743568","chr17","56684083","56684384","63","16059183"
"chr5","72758281","72758402","chr11","108975430","108975553","27","36217149"
"chr5","72768807","72769088","chr20","69115036","69115317","4","3653771"
"chr5","72811524","72811819","chr20","69156766","69157059","12","3654758"
"chr5","72814394","72814693","chr20","69159640","69159941","6","3654754"
"chr5","72834558","72834856","chr20","69179994","69180290","7","3654564"
"chr5","72860276","72860566","chr20","69207020","69207314","10","3653256"
"chr5","72880400","72880655","chr20","69223043","69223279","29","3657357"
"chr5","72884232","72884533","chr20","69227674","69227987","19","3656558"
"chr5","72895551","72895843","chr20","69237721","69238016","12","3657830"
"chr5","72898181","72898479","chr20","69240328","69240636","15","3657853"
"chr5","72918927","72919234","chr20","69261573","69261879","9","3657354"
"chr5","72948269","72948546","chr1","85860621","85860902","62","12912352"
"chr5","72950244","72950561","chr20","69293459","69293776","15","3656785"
"chr5","72987784","72987995","chr13","9650970","9651175","48","63336814"
"chr5","73002786","73002962","chrX","83434571","83434725","58","10431785"
"chr5","73003272","73003390","chr14","108601340","108601453","18","35598068"
"chr5","73020706","73020882","chrX","83434571","83434725","58","10413865"
"chr5","73021192","73021310","chr14","108601340","108601453","18","35580148"
"chr5","73029133","73029419","chr20","69355746","69356034","10","3673387"
"chr5","73043028","73043308","chr20","69371093","69371374","13","3671935"
"chr5","73055576","73055911","chr20","69385682","69386020","17","3669894"
"chr5","73072318","73072469","chr20","69401902","69402053","5","3670416"
"chr5","73141278","73141547","chr20","69472108","69472377","8","3669170"
"chr5","73148823","73149112","chr20","69480017","69480308","21","3668806"
"chr5","73174673","73174986","chr20","69508424","69508761","37","3666249"
"chr5","73188505","73188801","chr5","137609677","137609969","72","64421172"
"chr5","73290796","73291063","chr20","69631461","69631728","11","3659335"
"chr5","73314348","73314660","chr20","69654950","69655273","16","3659398"
"chr5","73386948","73387078","chr19","398464","398595","20","72988484"
"chr5","73431523","73431579","chr20","69776680","69776739","10","3654843"
"chr5","73464312","73464453","chrX","104139983","104140125","27","30675671"
"chr5","73464743","73464910","chr3","45464941","45465102","33","27999802"
"chr5","73468316","73468613","chr5","143178836","143179138","55","69710520"
"chr5","73481644","73481894","chr20","69826182","69826428","17","3655462"
"chr5","73492178","73492487","chr20","69837055","69837364","6","3655123"
"chr5","73508988","73509156","chr20","69854223","69854391","4","3654765"
"chr5","73515541","73515845","chr20","69860757","69861060","9","3654784"
"chr5","73551488","73551624","chr20","69900255","69900392","3","3651233"
"chr5","73663674","73664027","chr20","70009760","70010091","28","3653914"
"chr5","73764968","73765275","chr20","70092970","70093269","25","3671998"
"chr5","73864144","73864266","chr1","1098032","1098153","24","72766112"
"chr5","73980312","73980434","chr20","70314924","70315043","7","3665388"
"chr5","74004428","74004561","chr8","95815946","95816075","21","21811518"
"chr5","74036902","74037029","chr20","70373397","70373524","2","3663505"
"chr5","74039903","74040030","chr16","47350399","47350530","27","26689504"
"chr5","74040330","74040473","chr20","70383829","70383951","23","3656501"
"chr5","74055128","74055418","chr20","70387412","70387704","13","3667716"
"chr5","74064035","74064336","chr20","70397453","70397753","10","3666582"
"chr5","74071794","74072119","chr20","70405229","70405555","20","3666565"
"chr5","74185237","74185379","chr1","21625934","21626082","34","52559303"
"chr5","74217855","74217952","chr10","59330013","59330105","21","14887842"
"chr5","74218253","74218480","chr4","69198997","69199212","59","5019256"
"chr5","74238508","74238668","chr20","70576030","70576190","5","3662478"
"chr5","74319894","74320201","chr20","70657650","70657954","16","3662244"
"chr5","74333963","74334273","chr1","120848081","120848392","57","46514118"
"chr5","74500982","74501255","chr20","70839723","70839996","10","3661259"
"chr5","74534440","74534606","chr13","42435054","42435223","38","32099386"
"chr5","74534921","74535036","chr6","120264632","120264729","40","45729711"
"chr5","74609038","74609340","chr1","114224152","114224463","63","39615114"
"chr5","74614718","74614860","chr20","41310699","41310832","27","33304019"
"chr5","74614864","74615138","chr13","19028594","19028874","66","55586270"
"chr5","74618211","74618342","chr20","70979373","70979504","2","3638838"
"chr5","74619496","74619779","chr20","70980653","70980981","64","3638843"
"chr5","74626382","74626656","chr20","70984231","70984507","11","3642151"
"chr5","74728224","74728512","chr20","71087571","71087856","15","3640653"
"chr5","74756255","74756566","chr20","71116924","71117235","9","3639331"
"chr5","74760815","74761103","chr11","129965264","129965565","78","55204449"
"chr5","74762489","74762773","chr20","71123164","71123449","6","3639325"
"chr5","74764805","74764941","chr14","15144882","15145000","33","59619923"
"chr5","74764983","74765172","chr1","28361930","28362109","43","46403053"
"chr5","74769655","74769829","chr20","71136539","71136713","3","3633116"
"chr5","74775242","74775546","chr20","71131549","71131857","9","3643693"
"chr5","74796797","74796925","chr20","71159649","71159777","5","3637148"
"chr5","74798470","74798769","chr20","71161330","71161629","9","3637140"
"chr5","74802171","74802467","chr20","71165361","71165658","10","3636810"
"chr5","74810453","74810689","chr3","162835097","162835336","67","88024644"
"chr5","74822562","74822865","chr3","55885786","55886084","58","18936776"
"chr5","74838295","74838595","chr20","71205317","71205619","9","3632978"
"chr5","74865563","74865687","chr14","28780822","28780943","20","46084741"
"chr5","74867817","74867933","chr1","14893993","14894105","29","59973824"
"chr5","74868221","74868351","chr3","68243956","68244092","49","6624265"
"chr5","74910771","74911068","chr20","71273957","71274246","28","3636814"
"chr5","74989246","74989507","chr20","71363101","71363375","15","3626145"
"chr5","75003322","75003451","chr4","22872978","22873111","24","52130344"
"chr5","75009011","75009345","chr1","48339055","48339355","93","26669956"
"chr5","75027792","75027855","chr4","100332905","100332963","21","25305113"
"chr5","75028157","75028233","chr19","4115923","4115996","15","70912234"
"chr5","75030609","75030745","chr20","71408239","71408375","3","3622370"
"chr5","75084964","75085216","chr3","43056812","43057081","66","32028152"
"chr5","75092626","75092913","chr20","71473133","71473422","10","3619493"
"chr5","75095307","75095455","chr6","67635399","67635550","42","7459908"
"chr5","75116254","75116555","chrX","14112822","14113128","60","61003432"
"chr5","75120289","75120592","chr20","71501376","71501672","23","3618913"
"chr5","75147690","75147780","chr11","120248413","120248500","24","45100723"
"chr5","75155952","75156240","chr20","71539242","71539528","12","3616710"
"chr5","75189539","75189827","chr5","78429725","78430023","66","3240186"
"chr5","75198113","75198272","chrX","16706870","16707030","27","58491243"
"chr5","75203771","75204050","chr20","71593359","71593639","6","3610412"
"chr5","75207438","75207522","chr20","71588789","71588873","0","3618649"
"chr5","75214413","75214582","chr20","71598770","71598935","13","3615643"
"chr5","75218382","75218495","chr16","28898721","28898841","35","46319661"
"chr5","75218770","75218829","chr7","130802357","130802416","9","55583587"
"chr5","75271042","75271368","chr20","14194292","14194617","75","61076750"
"chr5","75271827","75272119","chr20","71660691","71660983","5","3611136"
"chr5","75282295","75282602","chr11","116075904","116076210","64","40793609"
"chr5","75307247","75307386","chr3","147458909","147459046","41","72151662"
"chr5","75307705","75307829","chr5","72911397","72911518","27","2396308"
"chr5","75312886","75313018","chr20","71704583","71704715","6","3608303"
"chr5","75323243","75323366","chr3","39572133","39572259","24","35751110"
"chr5","75335254","75335421","chr20","71727080","71727251","10","3608174"
"chr5","75343280","75343481","chr20","71736147","71736355","12","3607133"
"chr5","75350687","75350837","chr20","71742466","71742624","12","3608221"
"chr5","75357867","75358019","chr20","71751191","71751343","4","3606676"
"chr5","75394235","75394519","chr19","39890965","39891258","51","35503270"
"chr6","17432335","17432647","chr19","17526554","17526858","12","94219"
"chr6","30932917","30933216","chr19","30543385","30543683","11","389532"
"chr6","33423231","33423370","chr5","16683752","16683891","33","16739479"
"chr6","8749","9055","chr19","8710","9019","12","39"
"chr6","9258","9412","chr19","9222","9373","5","36"
"chr6","23771","23905","chr10","27082622","27082751","26","27058851"
"chr6","72517","72566","chr1","219370160","219370208","7","219297643"
"chr6","76478","76608","chr19","86146","86276","3","9668"
"chr6","140842","141003","chr19","129671","129843","16","11171"
"chr6","228275","228571","chr2","151241420","151241708","63","151013145"
"chr6","258255","258420","chr19","254482","254647","6","3773"
"chr6","273013","273315","chr19","272334","272636","14","679"
"chr6","287741","288042","chr19","287013","287305","15","728"
"chr6","309096","309225","chr19","298936","299064","6","10160"
"chr6","332107","332408","chr19","322400","322692","25","9707"
"chr6","457411","457723","chr19","441550","441841","31","15861"
"chr6","457881","458047","chr9","17262873","17263040","35","16804992"
"chr6","458078","458217","chr16","21548252","21548379","34","21090174"
"chr6","466480","466774","chr19","450543","450837","7","15937"
"chr6","468509","468801","chr19","458023","458307","22","10486"
"chr6","493623","493937","chr19","478959","479262","22","14664"
"chr6","597032","597323","chr16","48554798","48555100","59","47957766"
"chr6","614434","614648","chr2","71422735","71422956","48","70808301"
"chr6","629629","629942","chr19","610692","611009","19","18937"
"chr6","642695","642826","chr3","44195508","44195639","27","43552813"
"chr6","649293","649622","chr10","59233864","59234177","86","58584571"
"chr6","674094","674345","chr19","650940","651230","54","23154"
"chr6","681426","681701","chr19","655112","655385","13","26314"
"chr6","682880","683174","chr19","656598","656893","13","26282"
"chr6","687407","687680","chr19","661068","661342","10","26339"
"chr6","694180","694494","chr19","668189","668494","18","25991"
"chr6","724547","724838","chr19","693430","693724","10","31117"
"chr6","737721","737958","chr19","709251","709489","7","28470"
"chr6","753963","754259","chr11","110955091","110955386","61","110201128"
"chr6","826551","826685","chr3","33995147","33995281","28","33168596"
"chr6","828660","828796","chr16","44804833","44804962","26","43976173"
"chr6","843017","843265","chr1","42914911","42915163","70","42071894"
"chr6","853010","853165","chr19","825306","825468","12","27704"
"chr6","901428","901550","chr9","93458401","93458526","24","92556973"
"chr6","902891","903038","chr19","865815","865963","6","37076"
"chr6","911026","911322","chr19","871348","871644","9","39678"
"chr6","915491","915576","chrX","44610288","44610367","20","43694797"
"chr6","915886","916020","chr11","4775032","4775164","22","3859146"
"chr6","1009491","1009764","chr19","979529","979802","3","29962"
"chr6","1011774","1011902","chr1","217581341","217581464","21","216569567"
"chr6","1025117","1025241","chr19","995103","995231","5","30014"
"chr6","1032494","1032760","chr19","1002515","1002781","9","29979"
"chr6","1038655","1038730","chr14","55444678","55444756","11","54406023"
"chr6","1039038","1039245","chr8","28778438","28778624","56","27739400"
"chr6","1045003","1045136","chr1","135097790","135097920","29","134052787"
"chr6","1053314","1053452","chr20","14190974","14191105","24","13137660"
"chr6","1073497","1073606","chr5","19885716","19885826","22","18812219"
"chr6","1075826","1076116","chr19","1049284","1049576","5","26542"
"chr6","1088729","1088973","chrX","16047423","16047667","60","14958694"
"chr6","1110589","1110840","chr19","1099992","1100243","10","10597"
"chr6","1118224","1118530","chr19","1102096","1102401","20","16128"
"chr6","1122634","1122721","chr19","1106937","1107019","6","15697"
"chr6","1167768","1168057","chr19","1151013","1151316","22","16755"
"chr6","1176776","1176895","chr4","85007153","85007271","26","83830377"
"chr6","1178712","1178837","chr11","1652125","1652252","15","473413"
"chr6","1212934","1213065","chr19","1191802","1191932","9","21132"
"chr6","1231639","1231867","chr19","1211268","1211520","33","20371"
"chr6","1294387","1294612","chr3","44014666","44014889","44","42720279"
"chr6","1296489","1296790","chr19","1277104","1277405","9","19385"
"chr6","1307008","1307150","chr8","66163970","66164109","33","64856962"
"chr6","1307445","1307579","chr11","44889552","44889684","21","43582107"
"chr6","1337307","1337623","chr19","1323286","1323585","27","14021"
"chr6","1338228","1338392","chr9","32503887","32504057","36","31165659"
"chr6","1338682","1338814","chr11","111580097","111580231","18","110241415"
"chr6","1362430","1362563","chr19","1351268","1351401","4","11162"
"chr6","1364538","1364734","chr5","35654131","35654318","68","34289593"
"chr6","1379027","1379196","chr8","125405220","125405386","40","124026193"
"chr6","1379496","1379632","chr1","28679708","28679840","26","27300212"
"chr6","1382063","1382351","chr19","1373383","1373691","33","8680"
"chr6","1387767","1388023","chr19","1376982","1377238","11","10785"
"chr6","1424939","1425237","chr19","1415147","1415435","24","9792"
"chr6","1426728","1426844","chr6","132399974","132400083","27","130973246"
"chr6","1427156","1427310","chr4","116163686","116163844","55","114736530"
"chr6","1429373","1429493","chr19","1420196","1420316","4","9177"
"chr6","1452302","1452584","chr1","152790642","152790919","65","151338340"
"chr6","1454501","1454806","chr19","1445983","1446287","17","8518"
"chr6","1482783","1483096","chr13","26550860","26551174","71","25068077"
"chr6","1483424","1483566","chr3","38205118","38205247","34","36721694"
"chr6","1485651","1485790","chr1","14279367","14279499","25","12793716"
"chr6","1486101","1486279","chr11","85601304","85601475","34","84115203"
"chr6","1494580","1494747","chr19","27147351","27147516","30","25652771"
"chr6","1526232","1526366","chr14","7540763","7540884","52","6014531"
"chr6","1526367","1526555","chr2","56568444","56568605","58","55042077"
"chr6","1556536","1556686","chr1","192942459","192942607","36","191385923"
"chr6","1557298","1557481","chr19","14916432","14916613","44","13359134"
"chr6","1565943","1566231","chr19","1545165","1545453","16","20778"
"chr6","1566539","1566719","chr19","1545764","1545932","16","20775"
"chr6","1580025","1580323","chr16","19889035","19889327","59","18309010"
"chr6","1589955","1590268","chr19","1569333","1569639","20","20622"
"chr6","1621802","1622100","chr2","173479304","173479592","73","171857502"
"chr6","1625911","1626168","chr19","1606254","1606511","13","19657"
"chr6","1635188","1635461","chr19","1616188","1616464","11","19000"
"chr6","1636708","1636998","chr1","11844132","11844420","61","10207424"
"chr6","1696854","1697011","chr19","1682687","1682841","7","14167"
"chr6","1700963","1701243","chr2","110116664","110116936","68","108415701"
"chr6","1701252","1701350","chr3","150949910","150950007","23","149248658"
"chr6","1702870","1703172","chr19","1677982","1678289","30","24888"
"chr6","1703415","1703724","chr19","1687432","1687711","44","15983"
"chr6","1708246","1708539","chr19","1692356","1692650","11","15890"
"chr6","1720619","1720836","chr11","119420155","119420375","41","117699536"
"chr6","1720838","1720890","chr4","107298475","107298528","11","105577637"
"chr6","1720892","1721197","chr11","116075904","116076210","56","114355012"
"chr6","1736005","1736180","chrX","6953658","6953818","42","5217653"
"chr6","1736478","1736576","chr9","38103135","38103232","28","36366657"
"chr6","1741600","1741876","chr19","1724267","1724553","17","17333"
"chr6","1792074","1792348","chr19","1773522","1773795","10","18552"
"chr6","1805385","1805678","chr3","42406924","42407215","54","40601539"
"chr6","1821660","1821943","chr9","31284558","31284838","48","29462898"
"chr6","1831726","1831845","chr18","13663305","13663416","33","11831579"
"chr6","1832140","1832283","chr19","1809517","1809650","14","22623"
"chr6","1842298","1842408","chr19","5355596","5355702","19","3513298"
"chr6","1875369","1875535","chr19","1861894","1862060","11","13475"
"chr6","1886044","1886332","chr19","1874993","1875281","14","11051"
"chr6","1892264","1892575","chr19","1880897","1881206","7","11367"
"chr6","1903889","1903950","chr19","10619763","10619823","12","8715874"
"chr6","1928427","1928663","chr19","1917533","1917769","6","10894"
"chr6","1971694","1971818","chr1","52522560","52522684","21","50550866"
"chr6","1994864","1995051","chr1","49411370","49411556","44","47416506"
"chr6","1995330","1995454","chrX","142101531","142101647","36","140106201"
"chr6","2032528","2032833","chr19","2035449","2035748","17","2921"
"chr6","2057641","2057824","chr20","55425031","55425204","41","53367390"
"chr6","2058134","2058313","chr15","7461808","7461949","56","5403674"
"chr6","2070725","2070875","chr19","2081074","2081224","3","10349"
"chr6","2084153","2084433","chr19","2095867","2096175","33","11714"
"chr6","2110170","2110479","chr19","2119823","2120144","25","9653"
"chr6","2115650","2115775","chr1","52522560","52522684","18","50406910"
"chr6","2133748","2133879","chr19","2147399","2147530","2","13651"
"chr6","2137742","2138034","chr19","2151478","2151790","25","13736"
"chr6","2143447","2143744","chr19","2157174","2157471","11","13727"
"chr6","2147190","2147559","chr19","2161077","2161441","23","13887"
"chr6","2152629","2152890","chr19","16307678","16307959","63","14155049"
"chr6","2156435","2156648","chr19","33367566","33367779","49","31211131"
"chr6","2165945","2166234","chr4","71475604","71475899","73","69309659"
"chr6","2166363","2166492","JH679934","22899","23024","7","2143464"
"chr6","2173695","2173989","chr20","13722457","13722750","49","11548762"
"chr6","2173995","2174266","chr19","17090090","17090355","48","14916095"
"chr6","2176253","2176434","chr13","22939279","22939461","44","20763026"
"chr6","2177403","2177595","chr1","4899290","4899466","51","2721887"
"chr6","2190778","2191123","chr7","149795032","149795388","89","147604254"
"chr6","2220566","2220699","chr9","60332190","60332322","24","58111624"
"chr6","2220984","2221145","chr19","11966509","11966663","38","9745525"
"chr6","2226674","2226993","chr20","4605287","4605605","58","2378613"
"chr6","2237454","2237524","chr11","124554268","124554336","16","122316814"
"chr6","2237816","2238000","chr7","17349222","17349406","43","15111406"
"chr6","2239231","2239349","chr11","89541506","89541623","17","87302275"
"chr6","2241545","2241706","chr8","18227257","18227416","27","15985712"
"chr6","2242031","2242063","chr20","50274213","50274244","10","48032182"
"chr6","2242367","2242479","chr19","11905286","11905395","22","9662919"
"chr6","2246005","2246165","chr1","702052","702214","36","1543953"
"chr6","2258852","2258983","chr19","2244064","2244195","2","14788"
"chr6","2268943","2269251","chr19","2254180","2254485","9","14763"
"chr6","2270659","2270963","chr2","144697481","144697780","54","142426822"
"chr6","2306774","2307066","chr7","50449668","50449954","59","48142894"
"chr6","2324399","2324542","chr19","2317553","2317688","15","6846"
"chr6","2343767","2344062","chr19","2338302","2338563","42","5465"
"chr6","2345085","2345101","chr6","172915280","172915296","5","170570195"
"chr6","2345134","2345413","chr19","2339665","2339970","36","5469"
"chr6","2356711","2356876","chr3","38426461","38426617","35","36069750"
"chr6","2357171","2357307","chr17","10075979","10076113","23","7718808"
"chr6","2364041","2364342","chr8","41043630","41043941","61","38679589"
"chr6","2364535","2364748","chr19","2358753","2358960","16","5782"
"chr6","2364965","2365272","chr19","2359177","2359484","7","5788"
"chr6","2368555","2368679","chr1","128006569","128006694","20","125638014"
"chr6","2370989","2371283","chr3","51117555","51117844","62","48746566"
"chr6","2372633","2372890","chr19","2377491","2377760","45","4858"
"chr6","2381407","2381713","chr19","2374958","2375263","12","6449"
"chr6","2417689","2417994","chr19","2415446","2415751","10","2243"
"chr6","2419731","2419857","chr19","2417791","2417916","5","1940"
"chr6","2426381","2426736","chr19","2423841","2424187","19","2540"
"chr6","2436728","2437045","chr1","197502143","197502451","68","195065415"
"chr6","2442494","2442623","chr19","2439918","2440048","5","2576"
"chr6","2454294","2454586","chr19","2451857","2452149","10","2437"
"chr6","2461068","2461380","chr19","2457589","2457901","7","3479"
"chr6","2462433","2462721","chr19","2458957","2459241","13","3476"
"chr6","2463878","2464186","chr19","2460269","2460553","34","3609"
"chr6","2469436","2469566","chr2","50023283","50023414","27","47553847"
"chr6","2469567","2469860","chr19","2466487","2466780","10","3080"
"chr6","2469861","2469955","chr4","69037413","69037495","26","66567552"
"chr6","2469999","2470316","chr19","2466919","2467207","49","3080"
"chr6","2486762","2487060","chr9","39237030","39237325","55","36750268"
"chr6","2522947","2523241","chr15","54570698","54570986","66","52047751"
"chr6","2527000","2527146","chr16","15069653","15069808","35","12542653"
"chr6","2531983","2532179","chr9","22324595","22324785","54","19792612"
"chr6","2532474","2532584","chr20","3403779","3403887","19","871305"
"chr6","2535984","2536267","chr19","2533140","2533427","33","2844"
"chr6","2556302","2556585","chr19","2553213","2553500","21","3089"
"chr6","2565246","2565504","chr19","2562212","2562470","16","3034"
"chr6","2571282","2571588","chr2","144697481","144697780","58","142126199"
"chr6","2579689","2579869","chr7","8592025","8592196","51","6012336"
"chr6","2591174","2591450","chr19","2588950","2589226","9","2224"
"chr6","2598065","2598351","chr19","2596521","2596807","15","1544"
"chr6","2607983","2608021","chr7","57735052","57735089","11","55127069"
"chr6","2608331","2608604","chr19","2607858","2608160","36","473"
"chr6","2673791","2673915","chr16","67566400","67566524","18","64892609"
"chr6","2678352","2678487","chrX","92136058","92136198","34","89457706"
"chr6","2678782","2678903","chr4","15201468","15201584","18","12522686"
"chr6","2683702","2683852","chr19","2690544","2690693","5","6842"
"chr6","2703028","2703152","chr11","60544180","60544303","21","57841152"
"chr6","2732197","2732505","chr19","2745666","2745970","15","13469"
"chr6","2737084","2737311","chr19","2751698","2751936","17","14614"
"chr6","2739392","2739691","chr19","2753607","2753926","35","14215"
"chr6","2743351","2743627","chr1","18180752","18181036","57","15437401"
"chr6","2745584","2745871","chr19","2758563","2758854","10","12979"
"chr6","2751773","2752048","chr19","2764980","2765263","18","13207"
"chr6","2754352","2754637","chr19","2767713","2767998","7","13361"
"chr6","2764381","2764523","chr19","2778010","2778135","23","13629"
"chr6","2767490","2767624","chr5","74519379","74519510","25","71751889"
"chr6","2767916","2768069","chr6","14081369","14081518","27","11313453"
"chr6","2768556","2768730","chr3","37236924","37237094","38","34468368"
"chr6","2802765","2803100","chrX","723621","723928","83","2079144"
"chr6","2809740","2810049","chr5","45912959","45913262","57","43103219"
"chr6","2821559","2821688","chr9","59223715","59223849","23","56402156"
"chr6","2846110","2846290","chr19","2859830","2860011","6","13720"
"chr6","2848932","2849230","chr19","2862690","2862971","22","13758"
"chr6","2853440","2853742","chr4","31562147","31562447","62","28708707"
"chr6","2856290","2856550","chr19","2868560","2868822","9","12270"
"chr6","2879479","2879768","chr19","2897588","2897878","10","18109"
"chr6","2893385","2893680","chr19","2911755","2912052","7","18370"
"chr6","2934469","2934625","chr19","2951152","2951310","16","16683"
"chr6","2945969","2946165","chr15","5969077","5969272","37","3023108"
"chr6","2946468","2946583","chr3","134920199","134920314","18","131973731"
"chr6","2980522","2980662","chr9","26297512","26297655","33","23316990"
"chr6","2983854","2984151","chr19","3001029","3001326","9","17175"
"chr6","2985652","2985935","chr19","3002906","3003207","22","17254"
"chr6","2996717","2996934","chrX","44545943","44546152","43","41549226"
"chr6","3003376","3003676","chr19","3021305","3021604","20","17929"
"chr6","3010614","3010881","chr19","3028275","3028576","43","17661"
"chr6","3010984","3011273","chr9","79467709","79467999","57","76456725"
"chr6","3011979","3012114","chr19","3029745","3029868","17","17766"
"chr6","3026413","3026709","chr10","13595554","13595856","52","10569141"
"chr6","3028355","3028647","chr19","3044093","3044411","53","15738"
"chr6","3029116","3029424","chr19","3044884","3045192","10","15768"
"chr6","3033445","3033672","chr19","3049405","3049632","6","15960"
"chr6","3060619","3060946","chr19","3084752","3085072","16","24133"
"chr6","3062436","3062720","chr14","46277071","46277353","56","43214635"
"chr6","3065022","3065322","chr19","3071541","3071846","12","6519"
"chr6","3069097","3069390","chrX","10669371","10669654","65","7600274"
"chr6","3070253","3070573","chr19","3087935","3088217","45","17682"
"chr6","3083426","3083686","chr1","27410301","27410563","51","24326875"
"chr6","3111946","3112222","chr19","3132609","3132883","11","20663"
"chr6","3112549","3112559","chr6","128359960","128359970","3","125247411"
"chr6","3121179","3121489","chr19","3141452","3141761","16","20273"
"chr6","3149125","3149302","chr14","7026982","7027152","36","3877857"
"chr6","3149342","3149460","chr9","60647949","60648066","24","57498607"
"chr6","3163691","3163869","chr20","21804959","21805132","34","18641268"
"chr6","3163921","3164058","chr20","25042586","25042719","35","21878665"
"chr6","3178997","3179305","chr19","3203136","3203443","13","24139"
"chr6","3185251","3185546","chr19","3211405","3211709","17","26154"
"chr6","3194119","3194439","chr7","33570558","33570868","57","30376439"
"chr6","3205315","3205385","chr12","84295403","84295471","23","81090088"
"chr6","3207737","3208019","chr19","3235892","3236173","16","28155"
"chr6","3216726","3216846","chr19","3245186","3245307","6","28460"
"chr6","3217544","3217845","chr19","3246010","3246311","10","28466"
"chr6","3245607","3245874","chr19","3273883","3274156","21","28276"
"chr6","3252095","3252249","chr19","3279543","3279697","1","27448"
"chr6","3252323","3252340","chr8","40522869","40522882","6","37270546"
"chr6","3252685","3252799","chr7","7092684","7092798","23","3839999"
"chr6","3260464","3260614","chr19","3288609","3288756","10","28145"
"chr6","3282624","3282916","chr19","3313610","3313902","6","30986"
"chr6","3328547","3328711","chr19","3361653","3361809","15","33106"
"chr6","3340444","3340604","chr19","3375890","3376050","6","35446"
"chr6","3342613","3342770","chr3","111537508","111537663","39","108194895"
"chr6","3343067","3343166","chr12","21639111","21639203","31","18296044"
"chr6","3361614","3361764","chr19","3398035","3398190","5","36421"
"chr6","3407246","3407546","chr19","3440529","3440832","15","33283"
"chr6","3411514","3411627","chr19","3444724","3444847","13","33210"
"chr6","3416204","3416328","chrX","46356726","46356843","25","42940522"
"chr6","3416355","3416507","chr1","185625169","185625322","34","182208814"
"chr6","3421883","3422015","chr3","44487749","44487877","24","41065866"
"chr6","3435775","3435996","chr19","3468713","3468932","8","32938"
"chr6","3438431","3438700","chr19","3471372","3471640","10","32941"
"chr6","3439250","3439492","chr19","3472157","3472414","59","32907"
"chr6","3464296","3464587","chr19","3498521","3498807","20","34225"
"chr6","3478143","3478448","chr19","3510441","3510747","11","32298"
"chr6","3490722","3490871","chr1","30077769","30077907","32","26587047"
"chr6","3504334","3504638","chr19","3540828","3541140","19","36494"
"chr6","3508562","3508866","chr19","3544875","3545179","10","36313"
"chr6","3512600","3512878","chr19","3548606","3548906","33","36006"
"chr6","3512880","3513040","chr3","162621779","162621932","33","159108899"
"chr6","3519150","3519286","chr19","3557626","3557761","4","38476"
"chr6","3519597","3519725","chr10","36885159","36885281","28","33365562"
"chr6","3520050","3520071","chr1","68077163","68077192","10","64557113"
"chr6","3536023","3536326","chr19","3576970","3577273","14","40947"
"chr6","3550212","3550496","chr7","157756249","157756538","59","154206037"
"chr6","3552011","3552313","chr19","3591267","3591564","14","39256"
"chr6","3567374","3567660","chr19","3606193","3606446","45","38819"
"chr6","3588275","3588573","chr19","3625653","3625960","18","37378"
"chr6","3591236","3591543","chr16","56531795","56532096","62","52940559"
"chr6","3596636","3596797","chr19","3634095","3634254","8","37459"
"chr6","3604117","3604393","chr19","3641209","3641485","8","37092"
"chr6","3606280","3606426","chr6","73447417","73447558","27","69841137"
"chr6","3606724","3606876","chr7","50330050","50330196","41","46723326"
"chr6","3609440","3609741","chr19","3655350","3655653","11","45910"
"chr6","3613937","3614241","chr19","3647492","3647804","26","33555"
"chr6","3617143","3617288","chr19","3650746","3650891","8","33603"
"chr6","3627386","3627673","chr19","3667644","3667933","13","40258"
"chr6","3631198","3631376","chr19","3671371","3671550","4","40173"
"chr6","3639075","3639353","chr10","67912543","67912824","55","64273468"
"chr6","3645416","3645726","chr19","3679182","3679490","21","33766"
"chr6","3646975","3647254","chr19","3681065","3681344","6","34090"
"chr6","3650507","3650644","chr11","99465468","99465602","26","95814961"
"chr6","3650951","3651108","chr20","24928533","24928693","44","21277582"
"chr6","3656003","3656129","chr19","3692154","3692272","16","36151"
"chr6","3660873","3661156","chr19","3697070","3697352","9","36197"
"chr6","3666730","3666853","chr4","7029582","7029705","16","3362852"
"chr6","3668427","3668588","chr17","10177047","10177205","26","6508620"
"chr6","3670857","3670875","chr6","172915280","172915296","7","169244423"
"chr6","3671173","3671312","chr5","158084895","158085039","37","154413722"
"chr6","3684483","3684804","chr19","3723436","3723757","20","38953"
"chr6","3692449","3692758","chr19","3730898","3731208","8","38449"
"chr6","3699269","3699475","chr1","31179864","31180065","39","27480595"
"chr6","3701192","3701410","chr19","3740350","3740566","10","39158"
"chr6","3706137","3706446","chr19","3748142","3748451","7","42005"
"chr6","3709542","3709667","chr19","3750053","3750171","11","40511"
"chr6","3710242","3710526","chr19","3750737","3751020","12","40495"
"chr6","3722428","3722583","chr1","140635014","140635181","33","136912586"
"chr6","3750932","3751067","chr19","3793109","3793244","1","42177"
"chr6","3755980","3756109","chr3","44487749","44487877","23","40731769"
"chr6","3758958","3759078","chr1","52522560","52522684","29","48763602"
"chr6","3759395","3759492","chr13","68218363","68218453","26","64458968"
"chr6","3763133","3763317","chr16","51671517","51671698","52","47908384"
"chr6","3763630","3763760","chr2","152260879","152261000","28","148497249"
"chr6","3766275","3766408","chr6","1550647","1550777","34","2215628"
"chr6","3781604","3781917","chr13","115873050","115873363","52","112091446"
"chr6","3792214","3792332","chr1","12900201","12900320","27","9107987"
"chr6","3850898","3851020","chr19","3905960","3906082","2","55062"
"chr6","3858603","3858714","chr7","88096624","88096732","22","84238021"
"chr6","3864789","3865060","chr1","85860621","85860902","54","81995832"
"chr6","3872688","3872952","chr2","135238031","135238296","53","131365343"
"chr6","3875132","3875495","JH680287","29710","30055","98","3845422"
"chr6","3883174","3883302","chr1","39889584","39889713","22","36006410"
"chr6","3904741","3905018","chr19","3965577","3965854","6","60836"
"chr6","3906847","3907147","chr19","3967665","3967968","10","60818"
"chr6","3915999","3916156","chr13","103017259","103017422","36","99101260"
"chr6","3916202","3916318","chrX","16833930","16834042","21","12917728"
"chr6","3917194","3917508","chr10","77474646","77474949","67","73557452"
"chr6","3942815","3943117","chr19","4005719","4005998","31","62904"
"chr6","3948871","3949076","chr13","28789639","28789847","41","24840768"
"chr6","3951185","3951485","chr19","4014934","4015231","19","63749"
"chr6","3952897","3953196","chr19","4016695","4016994","7","63798"
"chr6","3955098","3955371","chr19","3014249","3014512","64","940849"
"chr6","3955416","3955527","chr19","4019833","4019944","2","64417"
"chr6","3955781","3956096","chr19","4020198","4020517","32","64417"
"chr6","3973488","3973797","chr19","4041210","4041519","14","67722"
"chr6","3979503","3979784","chr11","123185362","123185640","62","119205859"
"chr6","3991139","3991481","chr20","9809021","9809351","63","5817882"
"chr6","3992749","3993049","chr19","4075357","4075653","14","82608"
"chr6","4009979","4010271","chr19","4080345","4080633","18","70366"
"chr6","4013373","4013650","chr19","4084029","4084306","8","70656"
"chr6","4023737","4024051","chr19","4096635","4096964","25","72898"
"chr6","4086525","4086798","chr19","4153317","4153588","7","66792"
"chr6","4116852","4117147","chr19","4184125","4184418","9","67273"
"chr6","4122899","4123058","chr4","107284250","107284407","37","103161351"
"chr6","4141813","4141931","chr15","12416064","12416194","23","8274251"
"chr6","4142226","4142393","chr7","158326197","158326366","40","154183971"
"chr6","4151230","4151509","chr6","17095188","17095463","62","12943958"
"chr6","4156233","4156359","chr19","4226370","4226496","2","70137"
"chr6","4162636","4162941","chr19","4233667","4233971","11","71031"
"chr6","4168358","4168478","chr19","4239064","4239184","2","70706"
"chr6","4168947","4169062","chr19","4239660","4239766","9","70713"
"chr6","4223520","4223811","chr5","1001048","1001348","56","3222472"
"chr6","4236620","4236743","chr19","4312955","4313078","2","76335"
"chr6","4236777","4237036","chr19","4313112","4313373","16","76335"
"chr6","4250298","4250577","chr19","4328473","4328752","8","78175"
"chr6","4255027","4255359","chrX","38632544","38632853","73","34377517"
"chr6","4287021","4287306","chr19","4373306","4373591","8","86285"
"chr6","4323298","4323577","chr19","4412714","4412993","9","89416"
"chr6","4337185","4337358","chr19","4439503","4439669","12","102318"
"chr6","4348720","4348908","chr4","40868864","40869033","51","36520144"
"chr6","4359579","4359929","chr10","82948351","82948704","66","78588772"
"chr6","4360739","4360861","chr19","4454048","4454175","14","93309"
"chr6","4373087","4373246","chr1","141495223","141495381","32","137122136"
"chr6","4375202","4375331","chr16","45304312","45304443","25","40929110"
"chr6","4375628","4375786","chr1","153747722","153747874","41","149372094"
"chr6","4376568","4376867","chrX","49546448","49546737","60","45169880"
"chr6","4384172","4384498","chr19","4478637","4478963","12","94465"
"chr6","4402902","4403126","chr3","51288508","51288714","55","46885606"
"chr6","4410777","4411090","chr19","4517109","4517422","8","106332"
"chr6","4422305","4422574","chr19","4529618","4529843","53","107313"
"chr6","4430495","4430790","chr19","2157174","2157471","63","2273321"
"chr6","4454554","4454709","chr2","168114529","168114681","32","163659975"
"chr6","4455016","4455150","chrX","141830909","141831042","20","137375893"
"chr6","4457280","4457580","chr8","93946323","93946625","53","89489043"
"chr6","4459017","4459152","chr8","36718695","36718823","29","32259678"
"chr6","4459446","4459568","chr6","74347417","74347538","25","69887971"
"chr6","4460273","4460573","chrX","14229260","14229558","63","9768987"
"chr6","4466168","4466318","chr15","78948597","78948743","26","74482429"
"chr6","4474469","4474762","chr4","41621994","41622285","53","37147525"
"chr6","4482269","4482391","chr11","122969171","122969295","19","118486902"
"chr6","4498512","4498804","chr19","4574109","4574409","21","75597"
"chr6","4501786","4502078","chr19","4584107","4584399","7","82321"
"chr6","4524407","4524536","chr19","34482522","34482656","18","29958115"
"chr6","4524851","4525040","chr7","73843605","73843783","57","69318754"
"chr6","4533748","4534059","chr19","4610600","4610902","25","76852"
"chr6","4534575","4534871","chr19","4611431","4611724","19","76856"
"chr6","4537144","4537335","chr19","4615447","4615638","1","78303"
"chr6","4538234","4538331","chr19","4616553","4616637","17","78319"
"chr6","4541517","4541803","chr19","4605319","4605606","5","63802"
"chr6","4541812","4541914","chr19","4605615","4605716","2","63803"
"chr6","4543832","4544147","chr16","10394972","10395278","69","5851140"
"chr6","4549735","4550017","chr19","4629208","4629490","19","79473"
"chr6","4553370","4553504","chr19","4632444","4632578","1","79074"
"chr6","4554253","4554492","chr9","12230206","12230435","50","7675953"
"chr6","4555722","4555853","chr3","55356261","55356391","27","50800539"
"chr6","4560505","4560696","chr3","45534745","45534944","39","40974240"
"chr6","4571341","4571478","chr19","4650230","4650367","2","78889"
"chr6","4588038","4588323","chr1","6751129","6751413","52","2163091"
"chr6","4594818","4595111","chr19","4677435","4677731","18","82617"
"chr6","4606415","4606717","chr19","4688984","4689295","17","82569"
"chr6","4607716","4607950","chr19","4690357","4690595","10","82641"
"chr6","4610987","4611157","chr3","39965658","39965819","37","35354671"
"chr6","4611460","4611591","chr5","36282606","36282736","26","31671146"
"chr6","4629186","4629440","chr19","4716310","4716570","18","87124"
"chr6","4632760","4633030","chr19","4719523","4719792","7","86763"
"chr6","4634969","4635286","chr1","19248120","19248426","84","14613151"
"chr6","4636166","4636288","chr15","77384666","77384795","33","72748500"
"chr6","4636603","4636736","chr10","80895283","80895414","27","76258680"
"chr6","4671503","4671633","chr19","4757683","4757813","8","86180"
"chr6","4682362","4682383","chr1","49605714","49605731","5","44923352"
"chr6","4682437","4682717","chr9","43136110","43136380","61","38453673"
"chr6","4689234","4689249","chr14","63373169","63373183","5","58683935"
"chr6","4689283","4689572","chr19","4775108","4775425","30","85825"
"chr6","4700984","4701275","chr19","4787368","4787661","6","86384"
"chr6","4707872","4708181","chr19","4793929","4794238","14","86057"
"chr6","4713476","4713631","chr19","4799896","4800051","6","86420"
"chr6","4763235","4763350","chr13","116495251","116495365","15","111732016"
"chr6","4768242","4768366","chr19","4854985","4855109","5","86743"
"chr6","4775243","4775541","chr19","4861920","4862221","22","86677"
"chr6","4779002","4779162","chr19","4865688","4865861","18","86686"
"chr6","4842564","4842690","chr19","4929573","4929703","10","87009"
"chr6","4846569","4846777","chr10","69747194","69747408","45","64900625"
"chr6","4854919","4855205","chr19","4950468","4950758","11","95549"
"chr6","4857703","4857995","chr19","4943491","4943798","21","85788"
"chr6","4860950","4861246","chr19","4946782","4947125","54","85832"
"chr6","4868538","4868783","chr19","4958872","4959117","6","90334"
"chr6","4876014","4876296","chr19","4966055","4966337","7","90041"
"chr6","4882838","4882956","chr12","34986212","34986329","22","30103374"
"chr6","4947120","4947423","chr19","5037073","5037374","8","89953"
"chr6","4957592","4957892","chr7","14696160","14696461","69","9738568"
"chr6","4984058","4984368","chr8","135988463","135988772","65","131004405"
"chr6","4990685","4990989","chr19","5080380","5080685","5","89695"
"chr6","4992455","4992766","chr19","5082452","5082766","21","89997"
"chr6","4996749","4996914","chr19","5087032","5087201","11","90283"
"chr6","4999415","4999735","chr19","5089703","5090005","26","90288"
"chr6","5005597","5005790","chr19","5096080","5096254","32","90483"
"chr6","5010117","5010411","chr19","5101045","5101339","10","90928"
"chr6","5020627","5020869","chr19","5114146","5114390","17","93519"
"chr6","5023169","5023283","chr1","161221004","161221104","33","156197835"
"chr6","5023586","5023738","chr1","23420494","23420645","39","18396908"
"chr6","5032360","5032527","chr9","23727515","23727669","38","18695155"
"chr6","5032797","5032933","chr7","42742260","42742396","28","37709463"
"chr6","5047944","5048242","chr19","5140571","5140861","16","92627"
"chr6","5052378","5052630","chr19","5145571","5145823","8","93193"
"chr6","5067147","5067451","chr19","5160157","5160461","10","93010"
"chr6","5079353","5079655","chr19","5172644","5172924","29","93291"
"chr6","5098298","5098579","chr19","5194431","5194722","18","96133"
"chr6","5099337","5099498","chr4","4268188","4268352","41","831149"
"chr6","5109912","5110215","chr18","3515462","3515758","55","1594450"
"chr6","5115549","5115811","chr19","5212045","5212308","5","96496"
"chr6","5118305","5118517","chr19","5214496","5214697","15","96191"
"chr6","5130562","5130873","chr19","5227073","5227378","11","96511"
"chr6","5132742","5133060","chr19","5230703","5231022","11","97961"
"chr6","5134860","5135183","chr19","5232824","5233151","14","97964"
"chr6","5140189","5140335","chr8","121700169","121700318","31","116559980"
"chr6","5140634","5140819","chr2","20705096","20705268","37","15564462"
"chr6","5148066","5148365","chr1","8986154","8986446","59","3838088"
"chr6","5182469","5182784","chr19","5283532","5283844","9","101063"
"chr6","5186526","5186816","chr19","5278763","5279053","10","92237"
"chr6","5189489","5189765","chr19","5287806","5288082","5","98317"
"chr6","5239078","5239354","chr13","68487622","68487896","58","63248544"
"chr6","5267636","5267758","chr19","5372421","5372543","3","104785"
"chr6","5273511","5273787","chr19","5378338","5378605","17","104827"
"chr6","5275927","5276198","chr19","5380747","5381018","4","104820"
"chr6","5285032","5285332","chr19","5389707","5390013","11","104675"
"chr6","5290474","5290774","chr19","5395178","5395478","16","104704"
"chr6","5328859","5329115","chr19","5434739","5435015","33","105880"
"chr6","5358414","5358536","chr19","5467106","5467228","9","108692"
"chr6","5365359","5365635","chr19","5474784","5475058","17","109425"
"chr6","5377084","5377392","chr20","19880989","19881297","59","14503905"
"chr6","5385140","5385215","chr19","5496017","5496086","7","110877"
"chr6","5387013","5387300","chr19","5497881","5498166","12","110868"
"chr6","5392288","5392601","chr19","5504035","5504348","13","111747"
"chr6","5401262","5401425","chr19","5517456","5517621","8","116194"
"chr6","5416693","5416802","chr19","5529010","5529111","11","112317"
"chr6","5419235","5419530","chr19","5536319","5536615","10","117084"
"chr6","5447033","5447159","chr19","5576506","5576632","2","129473"
"chr6","5453178","5453475","chr19","5567963","5568271","14","114785"
"chr6","5454238","5454543","chr19","5569021","5569323","13","114783"
"chr6","5485578","5485672","chr11","59282916","59283006","19","53797338"
"chr6","5485986","5486197","chr7","120157384","120157601","49","114671398"
"chr6","5507332","5507627","chr19","5662136","5662429","11","154804"
"chr6","5536764","5537062","chr19","5693086","5693380","7","156322"
"chr6","5538161","5538382","chr11","51737345","51737559","52","46199184"
"chr6","5538451","5538672","chr11","51737345","51737559","52","46198894"
"chr6","5538741","5538962","chr11","51737345","51737559","52","46198604"
"chr6","5539031","5539252","chr11","51737345","51737559","52","46198314"
"chr6","5539321","5539542","chr11","51737345","51737559","52","46198024"
"chr6","5539611","5539832","chr11","51737345","51737559","52","46197734"
"chr6","5539901","5540122","chr11","51737345","51737559","52","46197444"
"chr6","5540191","5540412","chr11","51737345","51737559","52","46197154"
"chr6","5540481","5540702","chr11","51737345","51737559","52","46196864"
"chr6","5540771","5540992","chr11","51737345","51737559","52","46196574"
"chr6","5541061","5541282","chr11","51737345","51737559","52","46196284"
"chr6","5541351","5541572","chr11","51737345","51737559","52","46195994"
"chr6","5541641","5541862","chr11","51737345","51737559","52","46195704"
"chr6","5541931","5542152","chr11","51737345","51737559","52","46195414"
"chr6","5542221","5542442","chr11","51737345","51737559","52","46195124"
"chr6","5542511","5542732","chr11","51737345","51737559","52","46194834"
"chr6","5542801","5543022","chr11","51737345","51737559","52","46194544"
"chr6","5543091","5543312","chr11","51737345","51737559","52","46194254"
"chr6","5543381","5543602","chr11","51737345","51737559","52","46193964"
"chr6","5587739","5587868","chr2","143610328","143610452","20","138022589"
"chr6","5588179","5588381","chr8","48856031","48856230","57","43267852"
"chr6","5608417","5608719","chr19","5743121","5743421","11","134704"
"chr6","5624254","5624516","chr19","5758948","5759207","10","134694"
"chr6","5625772","5625898","chr19","5760470","5760599","6","134698"
"chr6","5636374","5636675","chr2","20093667","20093974","65","14457293"
"chr6","5650165","5650447","chr19","5782760","5783055","23","132595"
"chr6","5662941","5663083","chr19","5795705","5795845","5","132764"
"chr6","5682444","5682631","chr19","5817051","5817198","46","134607"
"chr6","5704817","5705090","chr19","5840104","5840376","4","135287"
"chr6","5733300","5733549","chr19","5869513","5869765","21","136213"
"chr6","5762959","5763114","chr12","49559365","49559525","34","43796406"
"chr6","5763157","5763186","chr3","66420465","66420496","15","60657308"
"chr6","5763468","5763588","chr3","39548757","39548876","25","33785289"
"chr6","5781198","5781484","chr19","5918211","5918495","10","137013"
"chr6","5789966","5790294","chr19","5927040","5927371","13","137074"
"chr6","5807418","5807540","chr19","5944134","5944256","1","136716"
"chr6","5814091","5814375","chr4","148902434","148902713","60","143088343"
"chr6","5878637","5878943","chr19","40711187","40711494","59","34832550"
"chr6","5917662","5917976","chr19","6057041","6057369","28","139379"
"chr6","5918617","5918718","chr19","6058004","6058105","4","139387"
"chr6","5943328","5943491","chr19","6090975","6091138","2","147647"
"chr6","5944621","5944732","chr16","69873254","69873369","27","63928633"
"chr6","5945026","5945252","chr8","72520290","72520506","55","66575264"
"chr6","5951450","5951770","chrX","62918612","62918930","58","56967162"
"chr6","5952525","5952831","chr19","6079784","6080094","19","127259"
"chr6","5956004","5956198","chr19","6098501","6098701","12","142497"
"chr6","5956515","5956812","chr19","6099018","6099316","9","142503"
"chr6","5959493","5959766","chr19","6104966","6105235","8","145473"
"chr6","5968970","5969283","chr19","6112347","6112660","9","143377"
"chr6","5973625","5973889","chr20","12507572","12507830","67","6533947"
"chr6","5978671","5978891","chr19","6123536","6123755","7","144865"
"chr6","5980484","5980619","chr19","46599737","46599875","24","40619253"
"chr6","5980928","5980970","chr1","23971691","23971731","19","17990763"
"chr6","5981264","5981411","chr2","77621856","77621996","32","71640592"
"chr6","6007979","6008270","chr19","6149536","6149820","16","141557"
"chr6","6012199","6012486","chr9","43183624","43183914","60","37171425"
"chr6","6012932","6013200","chr5","52800065","52800343","64","46787133"
"chr6","6033673","6033971","chr19","6187349","6187647","15","153676"
"chr6","6036013","6036321","chr19","6190094","6190403","9","154081"
"chr6","6036328","6036354","chr1","152721362","152721385","9","146685034"
"chr6","6036365","6036482","chr11","91526242","91526364","19","85489877"
"chr6","6036483","6036623","chr6","61059762","61059901","27","55023279"
"chr6","6051982","6052112","chr14","19429054","19429185","24","13377072"
"chr6","6057429","6057736","chr3","109276455","109276752","71","103219026"
"chr6","6077538","6077845","chr19","6233813","6234118","13","156275"
"chr6","6109854","6110151","chr1","31517223","31517527","70","25407369"
"chr6","6113891","6114188","chr19","6261077","6261381","21","147186"
"chr6","6128932","6129226","chr9","12505195","12505484","66","6376263"
"chr6","6139827","6140103","chr19","6300274","6300550","3","160447"
"chr6","6143198","6143455","chr19","6310183","6310452","19","166985"
"chr6","6147689","6147958","chr19","6310183","6310452","12","162494"
"chr6","6154223","6154507","chr19","6316072","6316364","19","161849"
"chr6","6156321","6156597","chr7","120176029","120176313","59","114019708"
"chr6","6162345","6162620","chr19","6324588","6324863","10","162243"
"chr6","6163636","6163952","chr19","6326316","6326631","14","162680"
"chr6","6168193","6168449","chrX","50086502","50086766","65","43918309"
"chr6","6186403","6186510","chr19","6351654","6351761","2","165251"
"chr6","6187450","6187732","chr15","39639102","39639376","76","33451652"
"chr6","6194846","6195143","chr19","6362497","6362747","49","167651"
"chr6","6225690","6225975","chr19","6402543","6402829","7","176853"
"chr6","6226064","6226197","chr19","6402918","6403051","0","176854"
"chr6","6237106","6237220","chr19","6414936","6415050","2","177830"
"chr6","6253867","6254035","chr3","38984092","38984253","34","32730225"
"chr6","6264873","6265056","chr1","79571833","79572000","34","73306960"
"chr6","6267462","6267750","chr19","6455684","6455975","12","188222"
"chr6","6268480","6268603","chr20","48909076","48909198","20","42640596"
"chr6","6284612","6284909","chr19","6468589","6468896","19","183977"
"chr6","6293646","6293936","chr19","6477815","6478111","18","184169"
"chr6","6318161","6318468","chr19","6503293","6503602","11","185132"
"chr6","6330906","6331103","chr7","126759348","126759524","60","120428442"
"chr6","6334861","6335136","chr19","6521988","6522269","9","187127"
"chr6","6344030","6344368","chr2","43334917","43335223","92","36990887"
"chr6","6357181","6357304","chr19","6546760","6546888","8","189579"
"chr6","6358476","6358640","chr19","6548056","6548224","6","189580"
"chr6","6374431","6374581","chr2","70624279","70624434","46","64249848"
"chr6","6377210","6377403","chr19","6571538","6571731","7","194328"
"chr6","6382110","6382383","chr19","6566413","6566729","52","184303"
"chr6","6387572","6387882","chr19","6579044","6579372","33","191472"
"chr6","6391012","6391316","chr7","25988815","25989110","64","19597803"
"chr6","6400771","6400983","chr3","44343537","44343774","72","37942766"
"chr6","6417733","6418048","chr4","16657168","16657477","61","10239435"
"chr6","6435615","6435907","chr19","6616107","6616389","27","180492"
"chr6","6439003","6439264","chr19","6632170","6632464","44","193167"
"chr6","6439887","6440182","chr19","6633085","6633385","19","193198"
"chr6","6449343","6449583","chr9","95327486","95327715","69","88878143"
"chr6","6474542","6474854","chr19","6664044","6664354","11","189502"
"chr6","6512063","6512362","chr3","44042985","44043288","65","37530922"
"chr6","6556313","6556496","chr12","15612000","15612182","47","9055687"
"chr6","6568296","6568601","chr19","6711456","6711764","14","143160"
"chr6","6573476","6573758","chr19","6719702","6719984","2","146226"
"chr6","6631314","6631621","chr19","6778093","6778400","10","146779"
"chr6","6631626","6631980","chr11","130962922","130963256","85","124331296"
"chr6","6632029","6632098","chr16","44384889","44384967","19","37752860"
"chr6","6643428","6643731","chr15","34553386","34553689","55","27909958"
"chr6","6685257","6685553","chr19","6839340","6839633","8","154083"
"chr6","6686606","6686895","chr19","6840668","6840967","17","154062"
"chr6","6715757","6716065","chr19","6865065","6865368","8","149308"
"chr6","6723886","6724178","chr20","52707184","52707475","53","45983298"
"chr6","6749164","6749441","chr19","6901093","6901370","7","151929"
"chr6","6760022","6760150","chrX","142101531","142101647","38","135341509"
"chr6","6764906","6765221","chr19","6921350","6921659","13","156444"
"chr6","6769459","6769724","chr19","6924144","6924409","5","154685"
"chr6","6784094","6784384","chr19","6938837","6939127","10","154743"
"chr6","6785060","6785230","chr19","33136715","33136889","45","26351655"
"chr6","6788390","6788683","chr19","6942426","6942718","10","154036"
"chr6","6805275","6805436","chr19","6960354","6960514","5","155079"
"chr6","6813476","6813515","chr20","29451625","29451660","6","22638149"
"chr6","6816098","6816400","chr14","18283110","18283413","57","11467012"
"chr6","6839853","6839978","chr4","107191675","107191802","24","100351822"
"chr6","6840293","6840460","chrX","125041229","125041394","36","118200936"
"chr6","6841230","6841533","chr19","7001678","7001983","15","160448"
"chr6","6845617","6845926","chr19","7006306","7006611","13","160689"
"chr6","6851721","6852022","chr19","7013163","7013478","25","161442"
"chr6","6864975","6865243","chr19","7030639","7030928","28","165664"
"chr6","6873299","6873599","chr19","7039811","7040114","13","166512"
"chr6","6886346","6886651","chr19","7054963","7055275","21","168617"
"chr6","6890706","6890889","chr20","17372994","17373175","35","10482288"
"chr6","6891184","6891295","chr16","25359437","25359551","22","18468253"
"chr6","6896876","6897112","chr14","102492402","102492633","53","95595526"
"chr6","6897415","6897484","chr8","6189380","6189448","12","708035"
"chr6","6900956","6901277","chr19","7070469","7070799","20","169513"
"chr6","6904328","6904649","chr19","7070469","7070799","20","166141"
"chr6","6907598","6907750","chr19","7073354","7073506","5","165756"
"chr6","6909956","6910255","chr19","7075844","7076161","26","165888"
"chr6","6911647","6911790","chr6","73447417","73447558","26","66535770"
"chr6","6912083","6912260","chr19","7073354","7073506","31","161271"
"chr6","6914597","6914897","chr19","7075844","7076161","26","161247"
"chr6","6916393","6916736","chr19","7077657","7077967","41","161264"
"chr6","6924768","6924930","chr19","7084136","7084298","3","159368"
"chr6","6926086","6926385","chr19","7085458","7085760","10","159372"
"chr6","6927350","6927474","chr19","7086710","7086832","6","159360"
"chr6","6930934","6931108","chr19","7090619","7090794","4","159685"
"chr6","6943673","6943949","chr19","7103614","7103890","11","159941"
"chr6","6951129","6951441","chr19","7110631","7110942","10","159502"
"chr6","6961855","6962124","chr16","42516865","42517137","61","35555010"
"chr6","6965675","6965952","chr19","7128317","7128587","23","162642"
"chr6","6973558","6973873","chr19","7136500","7136818","15","162942"
"chr6","6983649","6983799","chr19","7146319","7146468","10","162670"
"chr6","6989562","6989815","chr19","7152029","7152285","8","162467"
"chr6","6990375","6990679","chr19","7152844","7153148","6","162469"
"chr6","6993989","6994107","chr2","148994126","148994241","12","142000137"
"chr6","6994133","6994234","chr15","55945675","55945764","32","48951542"
"chr6","6994236","6994388","chr19","7160207","7160354","5","165971"
"chr6","6996467","6996758","chr19","7162428","7162720","4","165961"
"chr6","7007633","7007920","chrX","68455652","68455944","54","61448019"
"chr6","7029090","7029416","chr16","66915919","66916242","60","59886829"
"chr6","7043996","7044274","chr19","7212403","7212695","22","168407"
"chr6","7047341","7047472","chr1","137473536","137473660","29","130426195"
"chr6","7059424","7059731","chr19","7229811","7230100","33","170387"
"chr6","7059932","7060222","chr19","7230309","7230600","5","170377"
"chr6","7064599","7064939","chr20","17361488","17361821","74","10296889"
"chr6","7065779","7066087","chr4","101589619","101589923","49","94523840"
"chr6","7067163","7067293","chr19","7237973","7238103","1","170810"
"chr6","7073707","7073995","chr19","7243137","7243417","19","169430"
"chr6","7083463","7083776","chr16","66915919","66916242","53","59832456"
"chr6","7095564","7095683","chr19","7267537","7267653","11","171973"
"chr6","7121045","7121177","chr19","7293502","7293631","7","172457"
"chr6","7121922","7122126","chr19","7294395","7294599","4","172473"
"chr6","7135350","7135474","chr19","7307891","7308016","7","172541"
"chr6","7136256","7136458","chr19","7308823","7309026","6","172567"
"chr6","7147172","7147481","chr9","24365319","24365625","69","17218147"
"chr6","7149039","7149326","chr19","7323579","7323849","37","174540"
"chr6","7152089","7152401","chr19","7326600","7326912","16","174511"
"chr6","7174535","7174713","chr4","80949146","80949325","61","73774611"
"chr6","7181969","7182076","chr3","147819613","147819717","24","140637644"
"chr6","7217098","7217374","chr15","37564473","37564760","59","30347375"
"chr6","7246842","7247141","chr19","7417050","7417360","29","170208"
"chr6","7283198","7283331","chr19","34482522","34482656","23","27199324"
"chr6","7293938","7294089","chr19","14703915","14704057","34","7409977"
"chr6","7304089","7304263","chr19","7500807","7500981","4","196718"
"chr6","7308181","7308486","chr19","7496595","7496919","34","188414"
"chr6","7335631","7335934","chr19","7468021","7468324","7","132390"
"chr6","7339289","7339562","chr19","7461178","7461459","18","121889"
"chr6","7381521","7381677","chr11","48139910","48140065","32","40758389"
"chr6","7381973","7382094","chr1","16572037","16572155","40","9190064"
"chr6","7390561","7390836","chrX","43599483","43599761","48","36208922"
"chr6","7401308","7401431","chr8","63997023","63997145","15","56595715"
"chr6","7412026","7412123","chr6","120264632","120264729","19","112852606"
"chr6","7421228","7421481","chr19","11983667","11983931","59","4562439"
"chr6","7423136","7423396","chr2","186637149","186637412","58","179214013"
"chr6","7432264","7432574","chr7","91166440","91166753","67","83734176"
"chr6","7433006","7433137","chr12","93357881","93358012","21","85924875"
"chr6","7452530","7452794","chr11","110976431","110976692","69","103523901"
"chr6","7454301","7454623","chr14","9602394","9602707","76","2148093"
"chr6","7468492","7468772","chr20","10658442","10658724","58","3189950"
"chr6","7472823","7473172","chr10","82948351","82948704","80","75475528"
"chr6","7481840","7481962","chr4","7029582","7029705","19","452258"
"chr6","7488401","7488666","chrX","6410553","6410822","54","1077848"
"chr6","7489852","7490153","chr11","44544097","44544394","66","37054245"
"chr6","7503368","7503680","chr5","45912959","45913262","61","38409591"
"chr6","7503846","7504027","chr2","84657232","84657402","57","77153386"
"chr6","7510071","7510323","chr1","158399646","158399890","60","150889575"
"chr6","7510667","7510979","chr11","112395307","112395621","56","104884640"
"chr6","7545571","7545861","chr13","84922247","84922534","59","77376676"
"chr6","7555147","7555415","chr10","88192449","88192716","75","80637302"
"chr6","7564413","7564696","chr3","149693135","149693424","58","142128722"
"chr6","7572514","7572642","chr15","97758650","97758774","17","90186136"
"chr6","7572926","7573086","chr5","32677518","32677651","46","25104592"
"chr6","7575274","7575561","chr3","56102762","56103043","67","48527488"
"chr6","7577943","7578230","chr11","110955091","110955386","52","103377148"
"chr6","7592662","7592833","chr9","34604869","34605038","31","27012207"
"chr6","7595918","7596080","chr3","34783463","34783631","35","27187545"
"chr6","7596387","7596593","chr1","161030147","161030326","60","153433760"
"chr6","7602442","7602677","chr9","94080650","94080879","56","86478208"
"chr6","7609395","7609655","chr18","6159285","6159563","79","1450110"
"chr6","7611576","7611889","chr2","64373929","64374230","73","56762353"
"chr6","7614875","7615103","chr6","65655266","65655495","64","58040391"
"chr6","7620363","7620536","chr7","95554760","95554951","52","87934397"
"chr6","7624010","7624307","chr16","64770615","64770909","59","57146605"
"chr6","7637873","7638163","chr1","47150815","47151094","58","39512942"
"chr6","7651311","7651597","chr20","637725","638013","68","7013586"
"chr6","7662633","7662986","chr11","46801635","46801965","109","39139002"
"chr6","7673386","7673634","chr10","6472568","6472819","71","1200818"
"chr6","7681696","7681916","chr17","78190474","78190675","61","70508778"
"chr6","7683283","7683396","chr1","33645542","33645650","28","25962259"
"chr6","7683397","7683473","chr1","202289357","202289435","23","194605960"
"chr6","7686763","7687094","chr10","52737902","52738234","52","45051139"
"chr6","7687819","7687985","chr4","35849261","35849424","28","28161442"
"chr6","7691165","7691383","chr7","91196468","91196685","43","83505303"
"chr6","7708943","7709128","chr5","30112952","30113122","46","22404009"
"chr6","7713713","7714025","chr19","7564360","7564672","6","149353"
"chr6","7714560","7714729","chr12","84254819","84254984","36","76540259"
"chr6","7715452","7715607","chr4","42512390","42512552","36","34796938"
"chr6","7720735","7721056","chr19","7573454","7573776","22","147281"
"chr6","7724922","7724953","chr3","66420465","66420496","3","58695543"
"chr6","7724983","7725169","chr6","65690499","65690668","41","57965516"
"chr6","7727245","7727377","chr14","5559327","5559459","23","2167918"
"chr6","7731462","7731577","chr7","120303460","120303571","26","112571998"
"chr6","7768881","7769164","chr19","7629263","7629546","11","139618"
"chr6","7771651","7771966","chr19","7633124","7633438","6","138527"
"chr6","7775925","7776220","chr19","7638114","7638412","7","137811"
"chr6","7788407","7788700","chr19","7652662","7652942","24","135745"
"chr6","7793604","7793840","chr19","7658781","7659015","6","134823"
"chr6","7797447","7797739","chr19","7662645","7662937","8","134802"
"chr6","7830993","7831290","chr13","63800931","63801234","63","55969938"
"chr6","7847695","7847964","chr20","10658442","10658724","66","2810747"
"chr6","7870182","7870415","chr5","20246085","20246302","76","12375903"
"chr6","7885217","7885512","chr6","129174546","129174839","91","121289329"
"chr6","7889788","7889943","chr19","7757501","7757654","10","132287"
"chr6","7905069","7905358","chr19","7777452","7777741","7","127617"
"chr6","7908678","7908851","chr20","21397594","21397764","36","13488916"
"chr6","7909142","7909286","chr2","93422976","93423115","27","85513834"
"chr6","7911608","7911756","chr8","31806768","31806918","30","23895160"
"chr6","7922653","7922962","chr19","7800024","7800333","9","122629"
"chr6","7924576","7924720","chr7","15523849","15523987","24","7599273"
"chr6","7925033","7925187","chrX","10270418","10270571","32","2345385"
"chr6","7927513","7927634","chr7","123549912","123550042","22","115622399"
"chr6","7930628","7930807","chr9","22928764","22928943","39","14998136"
"chr6","7931093","7931105","chr6","128359960","128359970","4","120428867"
"chr6","7931394","7931528","chr3","33995147","33995281","23","26063753"
"chr6","7950018","7950314","chr19","7828020","7828317","4","121998"
"chr6","7960683","7960987","chr19","7838568","7838871","8","122115"
"chr6","7965220","7965512","chr19","7843079","7843371","5","122141"
"chr6","7984351","7984682","chr19","4462338","4462654","66","3522013"
"chr6","7986946","7987253","chr17","7881220","7881520","65","105726"
"chr6","7994245","7994559","chr19","7871190","7871502","13","123055"
"chr6","8000877","8001222","chr1","12108394","12108727","80","4107517"
"chr6","8010955","8011212","chr19","7889222","7889479","2","121733"
"chr6","8030633","8030797","chr2","135492264","135492422","33","127461631"
"chr6","8032760","8033071","chr19","7913258","7913566","17","119502"
"chr6","8035043","8035349","chr4","84750658","84750949","68","76715615"
"chr6","8035977","8036088","chr19","7916425","7916537","3","119552"
"chr6","8036102","8036398","chr19","7916550","7916843","14","119552"
"chr6","8040450","8040766","chr17","76062721","76063023","67","68022271"
"chr6","8041145","8041303","chr7","159815500","159815665","30","151774355"
"chr6","8041607","8041733","chr3","33995147","33995281","33","25953540"
"chr6","8041739","8041870","chr19","7922003","7922134","3","119736"
"chr6","8042016","8042129","chr19","7922279","7922392","3","119737"
"chr6","8049600","8049762","chr1","40570847","40571004","29","32521247"
"chr6","8105205","8105294","chr19","7983616","7983710","10","121589"
"chr6","8105301","8105441","chr9","95850047","95850223","60","87744746"
"chr6","8105718","8105860","chr19","7983977","7984117","14","121741"
"chr6","8116801","8117108","chr19","7994064","7994368","8","122737"
"chr6","8123594","8123872","chr19","8000593","8000867","13","123001"
"chr6","8192326","8192634","chr8","124989033","124989334","55","116796707"
"chr6","8244576","8244879","chr13","32650023","32650326","60","24405447"
"chr6","8257683","8257843","chr3","45464941","45465102","30","37207258"
"chr6","8278237","8278535","chr7","50019598","50019899","66","41741361"
"chr6","8280077","8280402","chr1","139384264","139384577","59","131104187"
"chr6","8282338","8282645","chr3","44863353","44863658","66","36581015"
"chr6","8283866","8284004","chr10","37088280","37088407","30","28804414"
"chr6","8308483","8308768","chr19","34305860","34306135","68","25997377"
"chr6","8312539","8312829","chr12","77807198","77807490","57","69494659"
"chr6","8312849","8312974","chr6","75990624","75990747","20","67677775"
"chr6","8316736","8316880","chr7","54253604","54253736","35","45936868"
"chr6","8317184","8317328","chr4","107858800","107858931","33","99541616"
"chr6","8318104","8318348","chr5","118578540","118578778","59","110260436"
"chr6","8318655","8318751","chr8","93057173","93057263","27","84738518"
"chr6","8326515","8326761","chr1","65811000","65811234","56","57484485"
"chr6","8341109","8341400","chr19","8090171","8090462","13","250938"
"chr6","8345781","8345927","chr19","8094468","8094620","6","251313"
"chr6","8349983","8350114","chr3","170253390","170253519","33","161903407"
"chr6","8350406","8350547","chr3","111537508","111537663","41","103187102"
"chr6","8355586","8355858","chr19","8096436","8096736","39","259150"
"chr6","8395358","8395662","chr19","8138448","8138757","15","256910"
"chr6","8404954","8405242","chr19","8146934","8147232","20","258020"
"chr6","8469511","8469812","chr19","8243672","8243972","19","225839"
"chr6","8471215","8471277","chr13","62192617","62192680","14","53721402"
"chr6","8479326","8479597","chr19","8255495","8255764","14","223831"
"chr6","8486746","8486911","chr19","8264544","8264709","1","222202"
"chr6","8500830","8501089","chr19","8278369","8278644","30","222461"
"chr6","8513808","8514102","chr19","8291276","8291570","7","222532"
"chr6","8519280","8519541","chr19","8296775","8297038","10","222505"
"chr6","8521053","8521355","chr19","8298865","8299168","8","222188"
"chr6","8536477","8536628","chr19","8318484","8318635","3","217993"
"chr6","8536671","8536929","chr19","8318678","8318936","5","217993"
"chr6","8610543","8610814","chr19","8403622","8403905","28","206921"
"chr6","8640626","8640898","chr19","8435179","8435452","4","205447"
"chr6","8700528","8700831","chr19","8500084","8500384","14","200444"
"chr6","8706574","8706702","chr15","103361149","103361278","21","94654575"
"chr6","8719985","8720297","chr19","8522300","8522613","4","197685"
"chr6","8758521","8758683","chr9","94707894","94708052","33","85949373"
"chr6","8759655","8759899","chr19","8559435","8559681","11","200220"
"chr6","8768184","8768462","chr19","8570061","8570339","5","198123"
"chr6","8800595","8800875","chr19","8608683","8608962","14","191912"
"chr6","8810150","8810331","chr12","80327286","80327477","62","71517136"
"chr6","8810643","8810810","chr3","39637535","39637706","38","30826892"
"chr6","8825982","8826266","chr19","8641211","8641500","13","184771"
"chr6","8831428","8831532","chr9","14816417","14816523","18","5984989"
"chr6","8865503","8865811","chr19","8693272","8693574","16","172231"
"chr6","8867709","8867978","chr19","8697933","8698201","21","169776"
"chr6","8895243","8895443","chrX","634227","634435","42","8261016"
"chr6","8906866","8907156","chr19","8734595","8734891","15","172271"
"chr6","8917283","8917573","chr19","8755124","8755411","11","162159"
"chr6","8938643","8938940","chr19","8776211","8776508","6","162432"
"chr6","8943444","8943495","chr19","8786333","8786385","1","157111"
"chr6","8944477","8944793","chr4","52586133","52586439","76","43641656"
"chr6","8951815","8952101","chr19","8789807","8790094","11","162008"
"chr6","8956500","8956800","chr16","25463711","25464018","56","16507211"
"chr6","8962162","8962319","chr19","8800295","8800452","2","161867"
"chr6","8971304","8971582","chr19","8809903","8810181","10","161401"
"chr6","8973082","8973383","chr19","8811685","8811990","13","161397"
"chr6","8974929","8975235","chr19","8813541","8813839","36","161388"
"chr6","8978280","8978587","chr8","36468915","36469217","54","27490635"
"chr6","8981067","8981373","chr19","8827459","8827765","12","153608"
"chr6","8988973","8989241","chr19","8830540","8830808","8","158433"
"chr6","8989268","8989457","chr19","8830835","8831025","8","158433"
"chr6","8992444","8992738","chr19","8832616","8832909","8","159828"
"chr6","9005053","9005204","chr13","107230023","107230173","20","98224970"
"chr6","9009016","9009143","chr8","50059979","50060111","48","41050963"
"chr6","9009461","9009592","chr4","24417742","24417875","22","15408281"
"chr6","9014522","9014691","chr2","45722729","45722893","52","36708207"
"chr6","9014993","9015117","chr3","45724015","45724138","24","36709022"
"chr6","9027092","9027144","chr19","8877766","8877822","9","149326"
"chr6","9027175","9027326","chr1","183227424","183227572","37","174200249"
"chr6","9056748","9056886","chr19","8915137","8915282","7","141611"
"chr6","9058583","9058726","chrX","12242300","12242441","25","3183717"
"chr6","9060518","9060647","chr19","8907058","8907178","13","153460"
"chr6","9064680","9064963","chr11","39505207","39505470","75","30440527"
"chr6","9068115","9068414","chr19","8920409","8920729","31","147706"
"chr6","9075227","9075500","chr19","8923685","8923958","3","151542"
"chr6","9081100","9081389","chr19","8929995","8930289","15","151105"
"chr6","9111192","9111501","chr19","8961877","8962186","5","149315"
"chr6","9117245","9117540","chr19","8979601","8979896","8","137644"
"chr6","9128881","9129018","chr14","5559327","5559459","17","3569554"
"chr6","9129019","9129319","chr19","8983033","8983333","13","145986"
"chr6","9134575","9134787","chr1","79510414","79510624","47","70375839"
"chr6","9134788","9134954","chr18","27788214","27788381","48","18653426"
"chr6","9137651","9137949","chr19","8991016","8991310","11","146635"
"chr6","9142288","9142595","chr19","8995850","8996147","32","146438"
"chr6","9143962","9144266","chr1","183152705","183153001","71","174008743"
"chr6","9154938","9155218","chr19","9008206","9008496","16","146732"
"chr6","9156248","9156274","chr11","111777083","111777104","11","102620835"
"chr6","9156584","9156696","chr5","7845062","7845177","17","1311522"
"chr6","9160069","9160367","chr19","9018768","9019068","7","141301"
"chr6","9166760","9167030","chr19","9025490","9025754","16","141270"
"chr6","9169252","9169525","chr19","9028267","9028539","6","140985"
"chr6","9178144","9178351","chr19","9037759","9037966","5","140385"
"chr6","9186515","9186789","chr19","9046187","9046461","3","140328"
"chr6","9191175","9191465","chr19","9054573","9054863","4","136602"
"chr6","9194258","9194393","chr19","9061119","9061249","10","133139"
"chr6","9209665","9209955","chr19","9077629","9077924","9","132036"
"chr6","9213421","9213716","chr9","88011233","88011527","52","78797812"
"chr6","9222863","9222990","chr19","9091068","9091193","7","131795"
"chr6","9228579","9228865","chr19","9096525","9096811","5","132054"
"chr6","9250497","9250752","chr19","9121641","9121896","12","128856"
"chr6","9250762","9251018","chr19","9121641","9121896","51","129121"
"chr6","9251035","9251308","chr19","9122503","9122776","7","128532"
"chr6","9266577","9266884","chr19","9138055","9138362","7","128522"
"chr6","9279789","9280056","chr19","9156909","9157184","17","122880"
"chr6","9285761","9285899","chr19","9162925","9163063","4","122836"
"chr6","9291673","9291962","chr19","9168884","9169171","15","122789"
"chr6","9298920","9299220","chr19","9176910","9177210","8","122010"
"chr6","9327244","9327578","chr19","9218762","9219103","17","108482"
"chr6","9330396","9330609","chr11","112346117","112346329","45","103015721"
"chr6","9330915","9331009","chr1","10910145","10910244","22","1579230"
"chr6","9337891","9338090","chr1","159094270","159094464","46","149756379"
"chr6","9348381","9348498","chr3","178248502","178248623","24","168900121"
"chr6","9349399","9349534","chr3","149402615","149402739","29","140053216"
"chr6","9349854","9350121","chr4","43128498","43128746","86","33778644"
"chr6","9367712","9367993","chr19","9260696","9260978","4","107016"
"chr6","9405733","9405933","chr19","9303782","9303981","7","101951"
"chr6","9430431","9430574","chr6","169660932","169661076","33","160230501"
"chr6","9445482","9445774","chr19","9359651","9359943","2","85831"
"chr6","9464588","9464879","chr19","12959384","12959677","59","3494796"
"chr6","9475118","9475427","chr14","103256715","103257018","59","93781597"
"chr6","9490768","9490893","chr7","117729162","117729282","19","108238394"
"chr6","9491207","9491367","chr19","9407448","9407601","13","83759"
"chr6","9495163","9495444","chr3","39327770","39328039","83","29832607"
"chr6","9495520","9495762","chr15","9105810","9106035","61","389710"
"chr6","9497686","9497987","chr3","51117555","51117844","65","41619869"
"chr6","9500306","9500602","chr6","103334685","103334977","56","93834379"
"chr6","9504411","9504714","chr19","9421034","9421342","13","83377"
"chr6","9506420","9506547","chr19","9423350","9423477","6","83070"
"chr6","9513653","9513806","chr19","9431813","9431952","20","81840"
"chr6","9514621","9514923","chr19","9433068","9433368","18","81553"
"chr6","9518298","9518336","chr19","28642719","28642759","13","19124421"
"chr6","9518645","9518727","chr19","9438005","9438077","16","80640"
"chr6","9518997","9519081","chr19","9438369","9438453","0","80628"
"chr6","9531160","9531454","chr19","9451443","9451751","26","79717"
"chr6","9535562","9535829","chr1","181379603","181379859","68","171844041"
"chr6","9536138","9536148","chr6","128359960","128359970","3","118823822"
"chr6","9537106","9537257","chr13","107230023","107230173","34","97692917"
"chr6","9550881","9551035","chr19","9478147","9478302","5","72734"
"chr6","9561093","9561201","chr10","26480389","26480492","19","16919296"
"chr6","9561493","9561504","chr19","15900476","15900487","6","6338983"
"chr6","9565450","9565712","chr19","9495329","9495596","11","70121"
"chr6","9566424","9566567","chr19","9496306","9496452","16","70118"
"chr6","9572919","9573041","chr19","9503649","9503771","4","69270"
"chr6","9586917","9587038","chr19","9519253","9519374","1","67664"
"chr6","9589937","9590178","chr19","9529227","9529458","13","60710"
"chr6","9602389","9602520","chr4","151002548","151002678","31","141400159"
"chr6","9602821","9602992","chr20","55425031","55425204","33","45822210"
"chr6","9604162","9604318","chr10","50613068","50613228","41","41008906"
"chr6","9605242","9605366","chr19","9553972","9554096","1","51270"
"chr6","9612121","9612429","chr19","9551420","9551715","25","60701"
"chr6","9614266","9614329","chr19","9555514","9555577","2","58752"
"chr6","9619325","9619614","chr19","9560531","9560811","14","58794"
"chr6","9620681","9620832","chr6","14081369","14081518","30","4460688"
"chr6","9621140","9621287","chr9","113639441","113639586","23","104018301"
"chr6","9621967","9622076","chr3","71083307","71083419","24","61461340"
"chr6","9629358","9629637","chr19","9571151","9571416","22","58207"
"chr6","9635370","9635650","chr19","9580887","9581166","10","54483"
"chr6","9667235","9667411","chr6","65690499","65690668","40","56023264"
"chr6","9667730","9667740","chr19","15900476","15900487","6","6232746"
"chr6","9668054","9668192","chr1","217511492","217511641","29","207843438"
"chr6","9694745","9694769","chr16","63349524","63349545","9","53654779"
"chr6","9695058","9695309","chr3","13565324","13565584","74","3870266"
"chr6","9703243","9703548","chr19","9654346","9654645","13","48897"
"chr6","9723771","9724078","chr19","9676768","9677058","26","47003"
"chr6","9727439","9727571","chr11","12046432","12046561","23","2318993"
"chr6","9730927","9731218","chr19","9683308","9683600","8","47619"
"chr6","9738758","9738890","chr19","9692101","9692233","7","46657"
"chr6","9741627","9741922","chr11","101136684","101136983","61","91395057"
"chr6","9745742","9745988","chr19","9699724","9699970","5","46018"
"chr6","9759910","9760139","chr19","3769780","3770008","55","5990130"
"chr6","9771619","9771749","chr16","52050986","52051117","21","42279367"
"chr6","9772433","9772618","chr19","9726160","9726345","1","46273"
"chr6","9774902","9775084","chr1","137487438","137487604","52","127712536"
"chr6","9781956","9782261","chr19","9735677","9735983","6","46279"
"chr6","9796314","9796616","chr19","9748040","9748307","41","48274"
"chr6","9800145","9800435","chr19","9751839","9752146","28","48306"
"chr6","9802805","9803108","chr19","9754278","9754574","14","48527"
"chr6","9819507","9819617","chr19","9770546","9770656","2","48961"
"chr6","9822530","9822838","chr4","101589619","101589923","56","91767089"
"chr6","9830573","9830754","chr19","9781327","9781508","4","49246"
"chr6","9830774","9830993","chr19","9781516","9781749","18","49258"
"chr6","9839272","9839568","chr19","9789813","9790106","9","49459"
"chr6","9850986","9851119","chr19","9799024","9799154","5","51962"
"chr6","9852391","9852701","chr19","9793620","9793919","17","58771"
"chr6","9875112","9875415","chr19","9830849","9831141","15","44263"
"chr6","9877679","9877860","chr7","126759348","126759524","40","116881669"
"chr6","9878159","9878279","chr19","13922707","13922830","19","4044548"
"chr6","9898240","9898382","chr1","179717698","179717839","30","169819458"
"chr6","9901263","9901391","chr19","9859602","9859730","7","41661"
"chr6","9903361","9903509","chr19","9861696","9861845","10","41665"
"chr6","9959968","9960254","chr19","9929527","9929817","9","30441"
"chr6","9965006","9965280","chr19","9933789","9934072","11","31217"
"chr6","9965941","9966253","chr19","9934733","9935040","10","31208"
"chr6","9975148","9975295","chr7","120023342","120023474","35","110048194"
"chr6","9985311","9985531","chrX","41616409","41616632","58","31631098"
"chr6","10029698","10029997","chr19","10001246","10001545","7","28452"
"chr6","10035083","10035381","chr19","10006616","10006917","7","28467"
"chr6","10078460","10078618","chr19","10061559","10061719","5","16901"
"chr6","10082010","10082175","chr1","69226039","69226196","38","59144029"
"chr6","10082495","10082611","chr1","16572037","16572155","36","6489542"
"chr6","10086168","10086481","chr19","10070215","10070528","23","15953"
"chr6","10092421","10092538","chr7","49004395","49004509","19","38911974"
"chr6","10096609","10096886","chr19","10119069","10119334","20","22460"
"chr6","10100420","10100554","chr1","14666143","14666275","20","4565723"
"chr6","10100898","10101034","chr4","24496554","24496684","27","14395656"
"chr6","10101636","10101815","chr1","89360783","89360953","37","79259147"
"chr6","10118005","10118151","chr7","59530380","59530530","25","49412375"
"chr6","10118443","10118558","chr5","4129348","4129450","32","5989095"
"chr6","10126433","10126571","chr19","10149129","10149256","24","22696"
"chr6","10132709","10132832","chr19","10155785","10155908","4","23076"
"chr6","10132856","10133015","chr14","57286041","57286198","42","47153185"
"chr6","10133302","10133449","chr4","111315759","111315909","33","101182457"
"chr6","10138928","10139219","chr19","10162308","10162599","9","23380"
"chr6","10155835","10156131","chr15","37564473","37564760","58","27408638"
"chr6","10159645","10159784","chr11","124387945","124388076","26","114228300"
"chr6","10159827","10160003","chr17","72849858","72850019","43","62690031"
"chr6","10163828","10164115","chr3","90184001","90184283","61","80020173"
"chr6","10174505","10174640","chr19","10201934","10202053","18","27429"
"chr6","10188324","10188487","chr3","41794122","41794287","40","31605798"
"chr6","10188788","10188926","chr5","163172107","163172237","34","152983319"
"chr6","10208454","10208607","chr9","59223715","59223849","35","49015261"
"chr6","10209233","10209398","chr10","27055338","27055504","47","16846105"
"chr6","10215929","10216150","chr19","10243497","10243722","15","27568"
"chr6","10221236","10221507","chr19","10255447","10255729","29","34211"
"chr6","10227069","10227362","chr19","10248966","10249262","32","21897"
"chr6","10240429","10240735","chr19","10267300","10267609","14","26871"
"chr6","10271337","10271644","chr19","10293188","10293497","12","21851"
"chr6","10293838","10294100","chr19","10313892","10314154","5","20054"
"chr6","10303848","10304132","chr19","10323912","10324216","29","20064"
"chr6","10318034","10318174","chr13","54245350","54245487","32","43927316"
"chr6","10318535","10318645","chr9","5873039","5873148","23","4445496"
"chr6","10325279","10325411","chr4","151483388","151483523","25","141158109"
"chr6","10327934","10328129","chr7","121320409","121320611","53","110992475"
"chr6","10328445","10328578","chr20","39141663","39141795","21","28813218"
"chr6","10338601","10338780","chr19","10358813","10358985","26","20212"
"chr6","10341384","10341671","chr19","12959384","12959677","64","2618000"
"chr6","10352757","10353019","chr19","10379318","10379578","14","26561"
"chr6","10353142","10353181","chr7","118617569","118617605","14","108264427"
"chr6","10358636","10358907","chr16","6055895","6056168","60","4302741"
"chr6","10362002","10362169","chr10","53444649","53444815","32","43082647"
"chr6","10379818","10380097","chr19","10411356","10411647","21","31538"
"chr6","10382649","10382967","chr19","10417488","10417808","14","34839"
"chr6","10397405","10397713","chr19","10428318","10428628","15","30913"
"chr6","10401505","10401774","chr19","10432902","10433169","6","31397"
"chr6","10427774","10428067","chr19","10459279","10459571","11","31505"
"chr6","10437386","10437681","chr19","10482956","10483252","11","45570"
"chr6","10447078","10447379","chr19","10479707","10480013","9","32629"
"chr6","10449013","10449280","chr11","3677306","3677579","78","6771707"
"chr6","10451022","10451324","chr19","10489513","10489815","1","38491"
"chr6","10451327","10451638","chr19","10489818","10490129","4","38491"
"chr6","10451875","10452108","chr19","10490365","10490606","14","38490"
"chr6","10455594","10455706","chr7","49244730","49244846","18","38789136"
"chr6","10455754","10455830","chr8","38345466","38345525","22","27889712"
"chr6","10456748","10456861","chr2","114579452","114579563","25","104122704"
"chr6","10458969","10458982","chr6","133330208","133330220","5","122871239"
"chr6","10459024","10459107","chr8","85762168","85762249","13","75303144"
"chr6","10460462","10460749","chrX","49546448","49546737","59","39085986"
"chr6","10478784","10478936","chr16","45590806","45590957","28","35112022"
"chr6","10481970","10482063","chr3","172154806","172154900","14","161672836"
"chr6","10482103","10482141","chr8","41168661","41168695","8","30686558"
"chr6","10485245","10485540","chr19","10527917","10528212","13","42672"
"chr6","10496910","10497203","chr19","10536079","10536372","8","39169"
"chr6","10500123","10500395","chr19","10544973","10545274","37","44850"
"chr6","10555265","10555568","chr19","10608303","10608601","39","53038"
"chr6","10678289","10678593","chr19","10737557","10737861","1","59268"
"chr6","10690955","10691227","chr19","10746223","10746503","17","55268"
"chr6","10717104","10717409","chr19","10775459","10775764","22","58355"
"chr6","10718670","10718799","chr19","10776998","10777127","2","58328"
"chr6","10731795","10732010","chr19","10790764","10790952","35","58969"
"chr6","10735533","10735640","chr19","10823721","10823828","9","88188"
"chr6","10746072","10746373","chr19","10804467","10804768","13","58395"
"chr6","10760380","10760575","chr18","14295973","14296177","53","3535593"
"chr6","10763708","10763815","chr19","10823721","10823828","2","60013"
"chr6","10786295","10786597","chr19","10804467","10804768","26","18172"
"chr6","10809560","10809831","chr19","10876589","10876860","6","67029"
"chr6","10834628","10834902","chr9","55635407","55635676","61","44800779"
"chr6","10843212","10843321","chr19","10910851","10910962","5","67639"
"chr6","10854108","10854369","chr4","35476787","35477050","73","24622679"
"chr6","10857078","10857282","chr3","39782235","39782444","47","28925157"
"chr6","10861560","10861839","chr19","10929372","10929654","11","67812"
"chr6","10864860","10865161","chrX","38576860","38577154","58","27712000"
"chr6","10866884","10867014","chr17","75387683","75387823","33","64520799"
"chr6","10926637","10926801","chr19","11006569","11006697","38","79932"
"chr6","10931982","10932259","chr19","11011865","11012140","6","79883"
"chr6","10948062","10948187","chr19","11026491","11026616","3","78429"
"chr6","10974132","10974359","chr19","11055349","11055576","2","81217"
"chr6","10976357","10976548","chrX","63679649","63679848","57","52703292"
"chr6","10989160","10989345","chr19","11070866","11071042","19","81706"
"chr6","11060288","11060508","chr9","27689622","27689842","63","16629334"
"chr6","11069286","11069586","chr19","11154245","11154544","11","84959"
"chr6","11094428","11094679","chr19","11179401","11179646","26","84973"
"chr6","11147115","11147403","chr19","11235128","11235416","6","88013"
"chr6","11147576","11147878","chr19","11235590","11235906","20","88014"
"chr6","11214282","11214575","chr6","120224051","120224339","64","109009769"
"chr6","11214732","11215009","chr2","186933216","186933494","62","175718484"
"chr6","11245687","11246026","chr11","112154525","112154866","98","100908838"
"chr6","11249723","11250045","chr19","11325791","11326077","51","76068"
"chr6","11252066","11252200","chr8","31726522","31726655","23","20474456"
"chr6","11252490","11252657","chrX","102720684","102720851","29","91468194"
"chr6","11303402","11303678","chr19","11379680","11379956","4","76278"
"chr6","11306802","11306949","chr19","7084136","7084298","38","4222666"
"chr6","11307580","11307714","chr7","42742260","42742396","20","31434680"
"chr6","11334297","11334565","chr19","11412501","11412769","6","78204"
"chr6","11352260","11352524","chr19","11430429","11430716","31","78169"
"chr6","11366616","11366821","chr19","11444942","11445147","7","78326"
"chr6","11385582","11385899","chr19","11466143","11466460","9","80561"
"chr6","11387338","11387592","chr19","11466922","11467172","11","79584"
"chr6","11411039","11411326","chr19","11489251","11489539","8","78212"
"chr6","11417885","11418177","chr19","11498418","11498722","20","80533"
"chr6","11419114","11419407","chr19","11499656","11499945","14","80542"
"chr6","11440307","11440438","chr19","11521593","11521724","2","81286"
"chr6","11445594","11445896","chr19","11527232","11527534","7","81638"
"chr6","11462341","11462650","chr19","11544383","11544686","12","82042"
"chr6","11482158","11482451","chr19","11564183","11564476","9","82025"
"chr6","11490471","11490771","chr11","121103043","121103335","71","109612572"
"chr6","11492786","11493079","chr13","25280546","25280837","57","13787760"
"chr6","11497387","11497517","chr19","11578987","11579112","6","81600"
"chr6","11498433","11498700","chr3","39211103","39211383","66","27712670"
"chr6","11504189","11504337","chr4","153422777","153422925","37","141918588"
"chr6","11507654","11507801","chr19","11595554","11595689","20","87900"
"chr6","11507809","11508123","chr19","11595712","11596022","11","87903"
"chr6","11526002","11526302","chr19","11614343","11614643","8","88341"
"chr6","11532163","11532277","chr9","110843528","110843640","22","99311365"
"chr6","11534946","11535228","chr19","11623773","11624055","8","88827"
"chr6","11540883","11541068","chr5","172672030","172672188","52","161131147"
"chr6","11541322","11541475","chr20","26957386","26957538","48","15416064"
"chr6","11552105","11552238","chr5","33425687","33425822","26","21873582"
"chr6","11556971","11557112","chr19","34482522","34482656","23","22925551"
"chr6","11580585","11580907","chr19","11682712","11683033","7","102127"
"chr6","11590017","11590327","chr11","115848950","115849252","79","104258933"
"chr6","11603722","11603839","chr14","63444933","63445050","27","51841211"
"chr6","11606105","11606374","chr19","11700135","11700420","21","94030"
"chr6","11606867","11606991","chr19","11700897","11701021","1","94030"
"chr6","11640545","11640815","chr19","11733849","11734125","19","93304"
"chr6","11651439","11651664","chr19","11748315","11748539","23","96876"
"chr6","11740524","11740892","chr19","11838224","11838582","17","97700"
"chr6","11783405","11783703","chr19","11881286","11881584","9","97881"
"chr6","11792630","11792911","chr19","11885772","11886053","6","93142"
"chr6","11807361","11807721","chr14","98362612","98362982","113","86555251"
"chr6","11809202","11809328","chr7","9414548","9414678","19","2394654"
"chr6","11861819","11861967","chr19","11965344","11965488","10","103525"
"chr6","11867135","11867246","chr11","52088825","52088928","38","40221690"
"chr6","11867840","11867950","chr6","36535914","36536023","32","24668074"
"chr6","11873287","11873614","chr19","11976350","11976678","10","103063"
"chr6","11879777","11879994","chr19","9132401","9132621","37","2747376"
"chr6","11880957","11881151","chr1","208088992","208089173","49","196208035"
"chr6","11881973","11882152","chr3","42608312","42608486","46","30726339"
"chr6","11895313","11895465","chr3","50749437","50749590","26","38854124"
"chr6","11916530","11916834","chr19","12016214","12016512","10","99684"
"chr6","11931561","11931875","chr19","12046344","12046662","8","114783"
"chr6","11932062","11932366","chr19","12046849","12047152","9","114787"
"chr6","11934337","11934453","chr11","46839175","46839289","26","34904838"
"chr6","11950343","11950505","chr2","62486364","62486531","38","50536021"
"chr6","11967346","11967627","chr19","12083248","12083500","32","115902"
"chr6","11968407","11968698","chr19","12084386","12084689","23","115979"
"chr6","11973822","11974094","chr19","12089620","12089891","11","115798"
"chr6","11981681","11981960","chr19","12097475","12097754","6","115794"
"chr6","11988336","11988633","chr19","12104279","12104589","23","115943"
"chr6","11996066","11996370","chr19","12112003","12112304","15","115937"
"chr6","12018690","12018855","chr19","12134348","12134525","15","115658"
"chr6","12020659","12020788","chr19","12136318","12136450","5","115659"
"chr6","12026183","12026474","chr19","12141524","12141813","10","115341"
"chr6","12050952","12051120","chr19","12167197","12167365","3","116245"
"chr6","12053307","12053613","chr19","12169551","12169851","13","116244"
"chr6","12063524","12063826","chr19","12180258","12180555","9","116734"
"chr6","12065375","12065501","chr19","12182141","12182255","16","116766"
"chr6","12069450","12069589","chr1","181937875","181938012","26","169868425"
"chr6","12069876","12070081","chr11","112417124","112417326","52","100347248"
"chr6","12087124","12087427","chr19","12200263","12200566","11","113139"
"chr6","12087815","12087864","chr3","37888327","37888376","8","25800512"
"chr6","12087865","12088198","chr1","11679114","11679442","84","408751"
"chr6","12089905","12090189","chr19","12203076","12203358","10","113171"
"chr6","12096198","12096485","chr19","12209640","12209927","5","113442"
"chr6","12108850","12108999","chr19","12222588","12222720","22","113738"
"chr6","12114792","12115105","chr19","12229211","12229524","10","114419"
"chr6","12118050","12118336","chr19","12232422","12232716","11","114372"
"chr6","12126891","12127165","chr19","12240869","12241089","71","113978"
"chr6","12132853","12133159","chr19","12246783","12247095","18","113930"
"chr6","12142716","12143013","chr19","12253052","12253349","5","110336"
"chr6","12186257","12186372","chr9","12625020","12625136","29","438763"
"chr6","12189903","12190081","chr19","12305227","12305405","2","115324"
"chr6","12190509","12190809","chr19","12305834","12306135","9","115325"
"chr6","12195879","12196029","chr19","12312272","12312422","5","116393"
"chr6","12206218","12206507","chr13","41454147","41454428","69","29247929"
"chr6","12214583","12214853","chr19","12332342","12332621","29","117759"
"chr6","12218787","12218901","chr19","12336610","12336734","15","117823"
"chr6","12223356","12223613","chr19","12341165","12341432","22","117809"
"chr6","12231642","12231951","chr4","35526989","35527290","69","23295347"
"chr6","12243338","12243629","chr19","12359139","12359436","18","115801"
"chr6","12244447","12244750","chr12","39138753","39139046","77","26894306"
"chr6","12245559","12245710","chrX","44305405","44305548","37","32059846"
"chr6","12245933","12246101","chr3","46023413","46023578","30","33777480"
"chr6","12247697","12248006","chr19","12365954","12366263","7","118257"
"chr6","12263100","12263404","chr19","12382393","12382697","6","119293"
"chr6","12264936","12265249","chr19","12384407","12384724","7","119471"
"chr6","12266674","12266937","chr19","12386156","12386419","6","119482"
"chr6","12275506","12275795","chr19","12400064","12400346","25","124558"
"chr6","12284440","12284744","chr1","109986397","109986691","70","97701957"
"chr6","12289369","12289533","chrX","44106841","44107004","29","31817472"
"chr6","12291494","12291654","chr1","53323208","53323366","28","41031714"
"chr6","12307940","12308240","chr19","8813541","8813839","62","3494399"
"chr6","12327722","12328018","chr19","12429197","12429494","9","101475"
"chr6","12345742","12346067","chr19","12451351","12451672","13","105609"
"chr6","12357833","12358131","chr19","12463100","12463393","13","105267"
"chr6","12359969","12360260","chr19","12465200","12465504","23","105231"
"chr6","12371794","12372095","chr19","12476165","12476468","13","104371"
"chr6","12378561","12378871","chr11","44812505","44812816","67","32433944"
"chr6","12390053","12390163","chr3","28720498","28720608","19","16330445"
"chr6","12390471","12390651","chr5","172183309","172183482","53","159792838"
"chr6","12404607","12404871","chr19","12512798","12513068","15","108191"
"chr6","12409008","12409126","chr4","107623714","107623837","21","95214706"
"chr6","12435924","12436201","chr19","12547496","12547761","21","111572"
"chr6","12442745","12443037","chr3","35714713","35715009","65","23271968"
"chr6","12443059","12443351","chr3","35714713","35715009","65","23271654"
"chr6","12443373","12443665","chr3","35714713","35715009","65","23271340"
"chr6","12443687","12443979","chr3","35714713","35715009","65","23271026"
"chr6","12444001","12444293","chr3","35714713","35715009","65","23270712"
"chr6","12444315","12444607","chr3","35714713","35715009","65","23270398"
"chr6","12444629","12444921","chr3","35714713","35715009","65","23270084"
"chr6","12444943","12445235","chr3","35714713","35715009","65","23269770"
"chr6","12445257","12445549","chr3","35714713","35715009","65","23269456"
"chr6","12445571","12445863","chr3","35714713","35715009","65","23269142"
"chr6","12445885","12446177","chr3","35714713","35715009","65","23268828"
"chr6","12446199","12446491","chr3","35714713","35715009","65","23268514"
"chr6","12449825","12449951","chr13","59580864","59580996","24","47131039"
"chr6","12455902","12456204","chr19","12568589","12568889","10","112687"
"chr6","12457190","12457422","chr7","152565109","152565341","51","140107919"
"chr6","12485898","12486215","chr1","124160466","124160777","63","111674568"
"chr6","12496792","12497090","chr15","48411719","48412015","67","35914927"
"chr6","12507166","12507291","chr19","12621525","12621650","2","114359"
"chr6","12534505","12534793","chr19","12648458","12648745","11","113953"
"chr6","12545333","12545576","chr19","12659140","12659383","10","113807"
"chr6","12552490","12552596","chr11","52088825","52088928","29","39536335"
"chr6","12552898","12552993","chr19","12668100","12668195","2","115202"
"chr6","12555397","12555539","chr19","12670908","12671050","4","115511"
"chr6","12563013","12563317","chr19","12678783","12679088","8","115770"
"chr6","12570049","12570197","chr19","12687879","12688027","6","117830"
"chr6","12589830","12589981","chr19","12707650","12707802","2","117820"
"chr6","12605314","12605615","chr5","2330607","2330904","60","10274707"
"chr6","12610091","12610395","chr19","12729227","12729534","10","119136"
"chr6","12625833","12625989","chr16","26406751","26406910","35","13780918"
"chr6","12640169","12640465","chr19","12760819","12761115","6","120650"
"chr6","12642270","12642403","chr18","51947889","51948024","18","39305619"
"chr6","12656080","12656136","chr10","37896586","37896644","11","25240506"
"chr6","12656856","12657137","chr19","12776766","12777045","7","119910"
"chr6","12657578","12657885","chr7","121653883","121654195","54","108996305"
"chr6","12666876","12667093","chr1","124638911","124639130","56","111972035"
"chr6","12673128","12673411","chr19","12785237","12785529","16","112109"
"chr6","12677427","12677721","chr19","12806792","12807086","3","129365"
"chr6","12683261","12683381","chr19","12814537","12814655","5","131276"
"chr6","12697368","12697648","chr19","12827573","12827854","7","130205"
"chr6","12698953","12699271","chr19","12829169","12829473","25","130216"
"chr6","12712319","12712616","chr19","12844321","12844618","21","132002"
"chr6","12719535","12719838","chr19","12851561","12851858","20","132026"
"chr6","12725018","12725298","chr19","12856997","12857277","10","131979"
"chr6","12728549","12728685","chr19","12870224","12870346","20","141675"
"chr6","12737557","12737648","chr19","7983616","7983710","20","4753941"
"chr6","12737947","12738081","chr7","15523849","15523987","31","2785902"
"chr6","12742222","12742345","chr19","12880895","12881011","8","138673"
"chr6","12765695","12765910","chr19","12906077","12906304","40","140382"
"chr6","12765992","12766217","chr19","12906077","12906304","7","140085"
"chr6","12786722","12786850","chr19","12932984","12933113","2","146262"
"chr6","12817652","12817945","chr19","12959384","12959677","8","141732"
"chr6","12826700","12826840","chr12","59028918","59029061","27","46202218"
"chr6","12827139","12827307","chr3","45464941","45465102","42","32637802"
"chr6","12856947","12857110","chr12","49559365","49559525","29","36702418"
"chr6","12857144","12857255","chr20","52216539","52216653","19","39359395"
"chr6","12859001","12859262","chr19","12995950","12996211","8","136949"
"chr6","12860093","12860397","chrX","16790369","16790672","58","3930276"
"chr6","12874236","12874532","chr19","13016353","13016664","21","142117"
"chr6","12890340","12890510","chr1","5888981","5889151","35","7001359"
"chr6","12901471","12901713","chrX","46793365","46793619","53","33891894"
"chr6","12910246","12910529","chr19","13057181","13057467","25","146935"
"chr6","12922868","12923076","chr20","2222837","2223042","59","10700031"
"chr6","12923158","12923366","chr20","2222837","2223042","59","10700321"
"chr6","12923448","12923656","chr20","2222837","2223042","59","10700611"
"chr6","12923738","12923946","chr20","2222837","2223042","59","10700901"
"chr6","12924028","12924236","chr20","2222837","2223042","59","10701191"
"chr6","12924318","12924526","chr20","2222837","2223042","59","10701481"
"chr6","12924608","12924816","chr20","2222837","2223042","59","10701771"
"chr6","12924898","12925106","chr20","2222837","2223042","59","10702061"
"chr6","12925188","12925396","chr20","2222837","2223042","59","10702351"
"chr6","12925478","12925686","chr20","2222837","2223042","59","10702641"
"chr6","12925768","12925976","chr20","2222837","2223042","59","10702931"
"chr6","12926058","12926266","chr20","2222837","2223042","59","10703221"
"chr6","12926348","12926556","chr20","2222837","2223042","59","10703511"
"chr6","12926638","12926846","chr20","2222837","2223042","59","10703801"
"chr6","12926928","12927136","chr20","2222837","2223042","59","10704091"
"chr6","12927218","12927426","chr20","2222837","2223042","59","10704381"
"chr6","12927508","12927716","chr20","2222837","2223042","59","10704671"
"chr6","12927798","12928006","chr20","2222837","2223042","59","10704961"
"chr6","12928088","12928296","chr20","2222837","2223042","59","10705251"
"chr6","12928378","12928586","chr20","2222837","2223042","59","10705541"
"chr6","12928668","12928876","chr20","2222837","2223042","59","10705831"
"chr6","12928958","12929166","chr20","2222837","2223042","59","10706121"
"chr6","12929393","12929601","chr9","40024989","40025204","59","27095596"
"chr6","12945246","12945544","chr19","13084135","13084433","4","138889"
"chr6","12948947","12949200","chr19","13087536","13087789","7","138589"
"chr6","12953715","12953971","chr5","170859661","170859917","53","157905946"
"chr6","12956128","12956469","chr19","13094649","13094987","7","138521"
"chr6","12958099","12958223","chr13","42726347","42726470","20","29768248"
"chr6","12964765","12964937","chr19","13104049","13104217","5","139284"
"chr6","12972619","12972907","chr19","13112741","13113034","19","140122"
"chr6","12974934","12975057","chr13","68565337","68565455","23","55590403"
"chr6","12979273","12979578","chr19","13116350","13116656","8","137077"
"chr6","13002229","13002509","chr19","13146864","13147143","5","144635"
"chr6","13007814","13008151","chrX","44539181","44539514","83","31531367"
"chr6","13010237","13010526","chr19","13150709","13150993","11","140472"
"chr6","13020885","13021050","chr19","13159703","13159859","14","138818"
"chr6","13021343","13021363","chr6","172915280","172915296","6","159893937"
"chr6","13021633","13021790","chr4","150711893","150712027","47","137690260"
"chr6","13021817","13021933","chr2","186804167","186804284","16","173782350"
"chr6","13043647","13043986","chrX","46550724","46551053","71","33507077"
"chr6","13047186","13047340","chr19","13182719","13182874","5","135533"
"chr6","13049001","13049179","chr1","9080907","9081078","38","3968094"
"chr6","13049514","13049646","chr5","36282606","36282736","29","23233092"
"chr6","13053197","13053343","chr3","35121394","35121519","35","22068197"
"chr6","13053635","13053803","chr18","880099","880265","40","12173536"
"chr6","13067979","13068162","chrX","6953658","6953818","53","6114321"
"chr6","13074657","13074795","chr6","65257366","65257502","23","52182709"
"chr6","13101326","13101607","chr10","81289323","81289597","67","68187997"
"chr6","13102443","13102748","chr19","13235143","13235445","6","132700"
"chr6","13127087","13127384","chr19","42177030","42177327","56","29049943"
"chr6","13140082","13140367","chr19","13270782","13271078","22","130700"
"chr6","13146581","13146896","chr19","13276735","13277050","11","130154"
"chr6","13147886","13148178","chr19","13278046","13278340","12","130160"
"chr6","13150517","13150647","chr3","12529175","12529305","20","621342"
"chr6","13163734","13163926","chr19","38197861","38198052","42","25034127"
"chr6","13165480","13165684","chr19","2423145","2423353","44","10742335"
"chr6","13177349","13177480","chr3","104630072","104630202","32","91452723"
"chr6","13183250","13183538","chr19","13308785","13309073","1","125535"
"chr6","13201553","13201679","chr19","13326903","13327029","3","125350"
"chr6","13203668","13203972","chr19","13329004","13329311","11","125336"
"chr6","13207179","13207445","chr17","6919181","6919424","71","6287998"
"chr6","13208984","13209128","chr11","129140110","129140253","24","115931126"
"chr6","13211429","13211593","chr1","86300683","86300842","35","73089254"
"chr6","13211621","13211767","chr8","130000135","130000278","33","116788514"
"chr6","13214197","13214533","chr19","13336958","13337305","18","122761"
"chr6","13214856","13214976","chr5","86848529","86848645","35","73633673"
"chr6","13227596","13227807","chr19","13350429","13350636","5","122833"
"chr6","13229456","13229746","chr19","13352595","13352883","10","123139"
"chr6","13232430","13232650","chr20","2222837","2223042","43","11009593"
"chr6","13243934","13244074","chr19","13366980","13367114","13","123046"
"chr6","13247553","13247856","chr19","13370907","13371207","11","123354"
"chr6","13267663","13267811","chr19","13387969","13388114","9","120306"
"chr6","13283036","13283359","chr19","13405250","13405557","27","122214"
"chr6","13297663","13297824","chr19","13417557","13417718","4","119894"
"chr6","13307207","13307498","chr19","13428288","13428580","11","121081"
"chr6","13315372","13315605","chr19","9132401","9132621","60","4182971"
"chr6","13315882","13315947","chr4","77504966","77505030","14","64189084"
"chr6","13317997","13318301","chr19","13438684","13438993","27","120687"
"chr6","13330778","13331064","chr7","90375969","90376251","66","77045191"
"chr6","13354028","13354200","chr19","13479063","13479237","8","125035"
"chr6","13359714","13360015","chr19","13487732","13488033","10","128018"
"chr6","13373880","13374206","chr2","143586804","143587116","73","130212924"
"chr6","13400272","13400577","chr19","13529405","13529697","23","129133"
"chr6","13438656","13438968","chr19","13571687","13571999","10","133031"
"chr6","13442996","13443308","chr19","13575674","13575983","15","132678"
"chr6","13539368","13539644","chr8","76066496","76066781","62","62527128"
"chr6","13539740","13540044","chr19","13669359","13669664","9","129619"
"chr6","13556103","13556387","chr19","13688212","13688496","4","132109"
"chr6","13559348","13559515","chr19","13691469","13691636","4","132121"
"chr6","13565319","13565614","chr19","13697349","13697643","14","132030"
"chr6","13569022","13569330","chr6","36887011","36887319","69","23317989"
"chr6","13575845","13576013","chr19","13709475","13709628","17","133630"
"chr6","13592969","13593279","chr19","13727287","13727599","14","134318"
"chr6","13599107","13599400","chr3","157425263","157425552","57","143826156"
"chr6","13620729","13621032","chr19","13749000","13749301","15","128271"
"chr6","13623868","13624158","chr1","85860621","85860902","61","72236753"
"chr6","13625152","13625413","chr19","13741087","13741349","20","115935"
"chr6","13650613","13650855","chr19","13772852","13773094","2","122239"
"chr6","13659235","13659413","chr19","13782118","13782296","1","122883"
"chr6","13663585","13663712","chr6","74502016","74502139","23","60838431"
"chr6","13669788","13670086","chr19","13796199","13796496","7","126411"
"chr6","13686175","13686465","chr19","13809331","13809620","7","123156"
"chr6","13687858","13688166","chr19","13811028","13811328","20","123170"
"chr6","13701792","13701925","chr19","13828257","13828401","16","126465"
"chr6","13707472","13707532","chr13","86205057","86205116","6","72497585"
"chr6","13739891","13740181","chr19","13867453","13867754","23","127562"
"chr6","13772242","13772395","chr19","13900269","13900422","5","128027"
"chr6","13793132","13793255","chr19","13922707","13922830","3","129575"
"chr6","13809495","13809620","chr13","60075494","60075618","25","46265999"
"chr6","13809965","13810150","chr9","34604869","34605038","43","20794904"
"chr6","13816521","13816676","chr19","13938734","13938900","14","122213"
"chr6","13819007","13819151","chr1","139765915","139766064","31","125946908"
"chr6","13822263","13822379","chr1","64183006","64183122","18","50360743"
"chr6","13830311","13830435","chr1","166516268","166516393","22","152685957"
"chr6","13830737","13830902","chr12","41394685","41394853","32","27563948"
"chr6","13940544","13940805","chr19","14068685","14068947","7","128141"
"chr6","13942004","13942299","chr16","42972049","42972353","64","29030045"
"chr6","13943317","13943668","chr3","46220534","46220864","111","32277217"
"chr6","13949987","13950285","chr19","14077402","14077700","4","127415"
"chr6","13952117","13952417","chr19","14080182","14080482","11","128065"
"chr6","13961751","13961874","chr19","38273209","38273331","22","24311458"
"chr6","13969590","13969862","chr19","14095717","14095991","5","126127"
"chr6","13990903","13991193","chr19","14117426","14117719","13","126523"
"chr6","14010245","14010545","chr19","14137185","14137485","9","126940"
"chr6","14018762","14019042","chr19","14145623","14145907","12","126861"
"chr6","14019133","14019430","chr19","14146001","14146298","7","126868"
"chr6","14040188","14040494","chr19","14166966","14167273","17","126778"
"chr6","14058535","14058838","chr2","85174491","85174793","72","71115956"
"chr6","14063319","14063582","chr19","14190310","14190573","1","126991"
"chr6","14070148","14070464","chr19","14196886","14197200","9","126738"
"chr6","14070466","14070764","chr19","14197202","14197506","15","126736"
"chr6","14074481","14074787","chr19","14201257","14201573","20","126776"
"chr6","14099729","14099892","chr19","14228613","14228778","10","128884"
"chr6","14111309","14111474","chr19","14240670","14240835","6","129361"
"chr6","14117157","14117288","chr7","148097477","148097610","20","133980320"
"chr6","14121374","14121549","chrX","141388372","141388547","51","127266998"
"chr6","14126629","14126928","chr19","14259395","14259700","21","132766"
"chr6","14128926","14129094","chr19","14261708","14261876","6","132782"
"chr6","14132268","14132558","chr19","14265376","14265687","28","133108"
"chr6","14134922","14135043","chr19","14268017","14268138","3","133095"
"chr6","14136509","14136812","chr19","14269598","14269907","12","133089"
"chr6","14141490","14141791","chr19","14274590","14274888","5","133100"
"chr6","14144065","14144333","chr19","14277074","14277333","15","133009"
"chr6","14146871","14147134","chr19","14279851","14280112","16","132980"
"chr6","14147863","14148128","chr19","14280695","14280967","13","132832"
"chr6","14150533","14150655","chr4","86287957","86288079","17","72137424"
"chr6","14154007","14154306","chr19","14288492","14288791","8","134485"
"chr6","14155021","14155320","chr19","14289523","14289820","11","134502"
"chr6","14167085","14167358","chr19","14301782","14302055","8","134697"
"chr6","14167703","14167807","chr12","5345693","5345790","30","8822010"
"chr6","14173230","14173362","chr5","36282606","36282736","18","22109376"
"chr6","14201466","14201770","chr19","14340398","14340700","7","138932"
"chr6","14203343","14203650","chr19","14343064","14343347","26","139721"
"chr6","14365375","14365457","chr19","17462111","17462184","23","3096736"
"chr6","14373934","14374230","chrX","19171578","19171875","63","4797644"
"chr6","14396829","14396954","chr19","14530855","14530980","1","134026"
"chr6","14488276","14488570","chr19","14619099","14619395","9","130823"
"chr6","14536209","14536498","chr19","14666851","14667155","26","130642"
"chr6","14541823","14541960","chr19","46599737","46599875","20","32057914"
"chr6","14542253","14542397","chr12","93357881","93358012","28","78815628"
"chr6","14545333","14545410","chr13","60028984","60029058","20","45483651"
"chr6","14556970","14557291","chr19","14685716","14686028","16","128746"
"chr6","14559507","14559801","chr19","14688108","14688402","8","128601"
"chr6","14561039","14561347","chr19","14689633","14689940","6","128594"
"chr6","14563248","14563542","chr19","14701277","14701567","24","138029"
"chr6","14569273","14569502","chr19","14693931","14694160","9","124658"
"chr6","14572600","14572894","chr19","14701277","14701567","24","128677"
"chr6","14596219","14596534","chr19","14726228","14726545","5","130009"
"chr6","14599501","14599785","chr6","85334241","85334523","66","70734740"
"chr6","14600933","14601068","chr11","111580097","111580231","18","96979164"
"chr6","14601069","14601368","chr19","14736204","14736482","29","135135"
"chr6","14605099","14605152","chr2","88186955","88186998","13","73581856"
"chr6","14605410","14605597","chr1","123231010","123231183","43","108625600"
"chr6","14610362","14610491","chr14","6774406","6774536","18","7835956"
"chr6","14630997","14631157","chr3","29748402","29748560","36","15117405"
"chr6","14631462","14631566","chr5","71517877","71517978","21","56886415"
"chr6","14640351","14640642","chr19","14769064","14769355","5","128713"
"chr6","14643299","14643341","chr19","14771999","14772043","2","128700"
"chr6","14661410","14661706","chr19","14791437","14791733","18","130027"
"chr6","14667089","14667380","chr19","14797575","14797862","8","130486"
"chr6","14681503","14681688","chr5","57980684","57980867","43","43299181"
"chr6","14687829","14688006","chr19","14817929","14818129","31","130100"
"chr6","14690453","14690758","chr19","14820586","14820885","29","130133"
"chr6","14694110","14694252","chr19","14824245","14824387","4","130135"
"chr6","14695309","14695602","chr19","14825453","14825738","13","130144"
"chr6","14730623","14730923","chr19","14852527","14852826","12","121904"
"chr6","14747021","14747197","chr19","27135468","27135639","46","12388447"
"chr6","14755710","14756004","chr19","14878123","14878418","9","122413"
"chr6","14784500","14784696","chr19","14904977","14905175","7","120477"
"chr6","14800216","14800543","chr4","8306687","8307005","71","6493529"
"chr6","14814061","14814331","chr19","14933597","14933870","13","119536"
"chr6","14814417","14814571","chr14","32545713","32545863","35","17731296"
"chr6","14814871","14814899","chr1","152721362","152721385","13","137906491"
"chr6","14815157","14815283","chr15","40506290","40506414","18","25691133"
"chr6","14823158","14823307","chr19","14945308","14945450","11","122150"
"chr6","14824766","14824908","chr6","62977769","62977920","35","48153003"
"chr6","14830401","14830678","chr19","14952873","14953159","19","122472"
"chr6","14895594","14895892","chr19","15022211","15022509","11","126617"
"chr6","14921138","14921437","chr19","15048068","15048367","8","126930"
"chr6","14930151","14930463","chr2","144697481","144697780","66","129767330"
"chr6","14946169","14946440","chr20","65942536","65942816","63","50996367"
"chr6","14947361","14947668","chr19","15074895","15075202","6","127534"
"chr6","14957032","14957292","chr19","15085232","15085497","14","128200"
"chr6","14958111","14958308","chr19","15086281","15086481","9","128170"
"chr6","14960469","14960770","chr19","15088362","15088666","22","127893"
"chr6","14990378","14990622","chr19","15121122","15121367","6","130744"
"chr6","14991097","14991392","chr11","128956277","128956576","59","113965180"
"chr6","14992736","14993042","chr19","15124041","15124333","27","131305"
"chr6","14995743","14995927","chr7","41826908","41827092","46","26831165"
"chr6","14997265","14997397","chr9","55670128","55670261","17","40672863"
"chr6","15016238","15016332","chr1","29268840","29268934","20","14252602"
"chr6","15019221","15019355","chr19","15151083","15151217","5","131862"
"chr6","15024151","15024439","chr19","15144433","15144721","7","120282"
"chr6","15025973","15026205","chr19","15156328","15156583","33","130355"
"chr6","15042656","15042934","chr5","4089817","4090100","61","10952839"
"chr6","15042965","15042988","chr20","49216577","49216598","7","34173612"
"chr6","15058545","15058820","chr19","15190421","15190708","21","131876"
"chr6","15080933","15081226","chrX","49546448","49546737","51","34465515"
"chr6","15117317","15117613","chr19","15250229","15250526","10","132912"
"chr6","15144699","15145002","chr13","42807540","42807844","54","27662841"
"chr6","15186274","15186582","chr19","28473075","28473382","65","13286801"
"chr6","15191075","15191383","chr8","68776109","68776419","57","53585034"
"chr6","15194515","15194821","chr11","129965264","129965565","65","114770749"
"chr6","15205978","15206282","chr15","103327306","103327612","65","88121328"
"chr6","15211412","15211576","chr17","6549021","6549186","35","8662391"
"chr6","15213996","15214276","chr11","64079392","64079672","62","48865396"
"chr6","15219821","15219985","chr18","41515903","41516065","32","26296082"
"chr6","15220266","15220401","chr7","41000872","41001002","26","25780606"
"chr6","15232300","15232456","chr13","85906319","85906472","34","70674019"
"chr6","15233328","15233615","chrX","124710819","124711110","69","109477491"
"chr6","15235921","15236231","chr19","15326641","15326950","5","90720"
"chr6","15244396","15244703","chr19","15336215","15336521","15","91819"
"chr6","15247097","15247445","chr10","52737902","52738234","90","37490805"
"chr6","15248188","15248317","chr1","43065377","43065506","16","27817189"
"chr6","15250395","15250675","chr19","34649001","34649286","51","19398606"
"chr6","15258929","15259236","chr19","15336215","15336521","15","77286"
"chr6","15261630","15261978","chr10","52737902","52738234","90","37476272"
"chr6","15262721","15262850","chr1","43065377","43065506","16","27802656"
"chr6","15272649","15272950","chr9","92812712","92813003","56","77540063"
"chr6","15277970","15278256","chr10","2240029","2240327","64","13037941"
"chr6","15282916","15283233","chr11","111446387","111446698","62","96163471"
"chr6","15285186","15285471","chr16","65588496","65588771","62","50303310"
"chr6","15285895","15286174","chr5","72554913","72555191","52","57269018"
"chr6","15297113","15297411","chr19","15345601","15345891","13","48488"
"chr6","15298235","15298405","chr19","15346710","15346876","7","48475"
"chr6","15298775","15298953","chr19","15347911","15348089","7","49136"
"chr6","15311539","15311861","chr10","52737902","52738234","72","37426363"
"chr6","15313231","15313395","chr19","15359024","15359198","15","45793"
"chr6","15314733","15315031","chr19","15360834","15361131","10","46101"
"chr6","15321194","15321289","chr11","58082490","58082584","27","42761296"
"chr6","15322302","15322534","chr19","15368200","15368458","29","45898"
"chr6","15351303","15351462","chr19","15398379","15398546","17","47076"
"chr6","15354628","15354983","chr19","15401695","15402049","13","47067"
"chr6","15403707","15403868","chr20","11373247","11373398","40","4030460"
"chr6","15403904","15404068","chr3","43807268","43807431","36","28403364"
"chr6","15409236","15409513","chr1","85860621","85860902","54","70451385"
"chr6","15412248","15412558","chr19","15458506","15458814","11","46258"
"chr6","15434296","15434608","chr19","15482789","15483102","7","48493"
"chr6","15446301","15446448","chr19","15495710","15495853","7","49409"
"chr6","15452882","15453082","chr12","80183830","80184020","41","64730948"
"chr6","15467512","15467811","chr19","15516761","15517060","8","49249"
"chr6","15474008","15474319","chr19","15523070","15523379","16","49062"
"chr6","15484077","15484368","chr19","15531218","15531509","10","47141"
"chr6","15490010","15490145","chr11","111580097","111580231","23","96090087"
"chr6","15490458","15490623","chr1","181459991","181460155","37","165969533"
"chr6","15506847","15507137","chr10","79384082","79384382","58","63877235"
"chr6","15508955","15509270","chr19","15555941","15556256","15","46986"
"chr6","15522503","15522775","chr19","15571847","15572130","16","49344"
"chr6","15534588","15534752","chr19","15584534","15584717","23","49946"
"chr6","15535046","15535189","chr19","15585114","15585257","0","50068"
"chr6","15548051","15548215","chr19","40350094","40350259","30","24802043"
"chr6","15549961","15550110","chr11","123689818","123689964","36","108139857"
"chr6","15550403","15550584","chr3","83657089","83657249","48","68106686"
"chr6","15561499","15561765","chr19","15611374","15611640","15","49875"
"chr6","15581032","15581254","chr7","145085966","145086197","53","129504934"
"chr6","15589168","15589456","chr19","15639319","15639600","14","50151"
"chr6","15597583","15597890","chr19","15646903","15647212","7","49320"
"chr6","15597896","15598021","chr11","71531261","71531385","20","55933365"
"chr6","15598031","15598195","chr7","29066315","29066483","44","13468284"
"chr6","15599893","15600027","chr1","38250718","38250853","20","22650825"
"chr6","15610173","15610321","chr19","12687879","12688027","30","2922294"
"chr6","15617758","15617835","chr6","169377867","169377942","15","153760109"
"chr6","15648838","15648992","chr19","15698423","15698577","5","49585"
"chr6","15651469","15651623","chr19","7146319","7146468","36","8505150"
"chr6","15655125","15655261","chr1","135097790","135097920","21","119442665"
"chr6","15655564","15655729","chr15","98369303","98369467","33","82713739"
"chr6","15657081","15657388","chr19","15706530","15706829","22","49449"
"chr6","15662316","15662609","chr19","15712058","15712351","10","49742"
"chr6","15665961","15666233","chr7","147291973","147292238","60","131626012"
"chr6","15676334","15676649","chr19","15725934","15726250","11","49600"
"chr6","15685236","15685490","chr19","15735739","15735993","9","50503"
"chr6","15698983","15699274","chr19","15747567","15747863","19","48584"
"chr6","15705564","15705803","chr19","15753602","15753845","13","48038"
"chr6","15716509","15716774","chr19","15764908","15765174","13","48399"
"chr6","15717818","15717983","chr9","26680883","26681048","46","10963065"
"chr6","15718886","15719052","chr19","15767684","15767846","14","48798"
"chr6","15732613","15732880","chr19","15783913","15784180","0","51300"
"chr6","15774749","15774935","chr3","7118966","7119149","68","8655783"
"chr6","15795389","15795669","chr19","15833416","15833696","13","38027"
"chr6","15804572","15804707","chr19","15843298","15843433","2","38726"
"chr6","15806683","15806974","chr2","55614249","55614535","60","39807566"
"chr6","15850539","15850829","chr19","15888595","15888885","10","38056"
"chr6","15852785","15853081","chr19","15890836","15891133","18","38051"
"chr6","15855423","15855711","chr19","15893486","15893774","11","38063"
"chr6","15860952","15861105","chr19","15900022","15900175","1","39070"
"chr6","15861406","15861417","chr19","15900476","15900487","0","39070"
"chr6","15864318","15864614","chr19","15904077","15904372","21","39759"
"chr6","15869293","15869310","chr14","63373169","63373183","8","47503876"
"chr6","15869615","15869732","chr8","89839473","89839590","17","73969858"
"chr6","15877856","15878169","chr19","15919453","15919755","25","41597"
"chr6","15881416","15881541","chr20","32381156","32381284","34","16499740"
"chr6","15888120","15888440","chr19","15931627","15931932","28","43507"
"chr6","15905006","15905172","chr12","33924575","33924738","27","18019569"
"chr6","15908866","15909009","chr20","32381156","32381284","28","16472290"
"chr6","15910040","15910204","chr9","26297512","26297655","53","10387472"
"chr6","15910339","15910382","chr6","14654118","14654159","15","1256221"
"chr6","15910575","15910738","chr8","31806768","31806918","49","15896193"
"chr6","15939101","15939408","chr16","50507247","50507558","60","34568146"
"chr6","15940302","15940630","chr14","3427728","3428040","77","12512574"
"chr6","15944643","15944778","chr7","42742260","42742396","25","26797617"
"chr6","15949950","15950102","chr3","50749437","50749590","29","34799487"
"chr6","15972353","15972647","chr13","63800931","63801234","53","47828578"
"chr6","15989707","15989843","chr13","108066514","108066649","31","92076807"
"chr6","16001162","16001357","chrX","13954261","13954444","47","2046901"
"chr6","16001469","16001648","chr14","7026982","7027152","38","8974487"
"chr6","16001941","16002084","chr15","7461808","7461949","30","8540133"
"chr6","16013722","16014032","chr19","16024533","16024840","11","10811"
"chr6","16015127","16015335","chr4","130258698","130258910","43","114243571"
"chr6","16026490","16026771","chr15","106705555","106705844","58","90679065"
"chr6","16030045","16030327","chr5","157366674","157366962","66","141336629"
"chr6","16037952","16038178","chr3","44014666","44014889","53","27976714"
"chr6","16038216","16038322","chr10","72678620","72678710","32","56640404"
"chr6","16039456","16039757","chr19","16054811","16055109","20","15355"
"chr6","16041575","16041872","chr19","16056933","16057233","10","15358"
"chr6","16051096","16051414","chr19","16067164","16067482","10","16068"
"chr6","16085709","16085849","chr19","16102591","16102731","2","16882"
"chr6","16090031","16090342","chr19","28473075","28473382","63","12383044"
"chr6","16090732","16090912","chr19","16107603","16107785","16","16871"
"chr6","16095113","16095398","chr19","16114324","16114606","12","19211"
"chr6","16120092","16120373","chr3","55327096","55327373","58","39207004"
"chr6","16129881","16129973","chr4","144760220","144760309","24","128630339"
"chr6","16130262","16130387","chr10","71178136","71178254","25","55047874"
"chr6","16138264","16138569","chr19","16157710","16158038","31","19446"
"chr6","16169037","16169291","chr19","16190035","16190292","21","20998"
"chr6","16169708","16170012","chr19","16191828","16192120","22","22120"
"chr6","16172133","16172419","chr19","16195280","16195566","8","23147"
"chr6","16184297","16184581","chr19","16208016","16208298","13","23719"
"chr6","16189180","16189457","chr19","16212898","16213176","7","23718"
"chr6","16210060","16210349","chr1","64527650","64527937","54","48317590"
"chr6","16212022","16212322","chr19","16236074","16236373","10","24052"
"chr6","16226761","16227061","chr19","16263663","16263954","15","36902"
"chr6","16238413","16238573","chr1","17265325","17265490","32","1026912"
"chr6","16244665","16244989","chr19","16272149","16272485","27","27484"
"chr6","16246242","16246364","chr6","153497646","153497766","18","137251404"
"chr6","16259385","16259744","chr1","28997141","28997492","89","12737756"
"chr6","16272324","16272607","chr19","16304922","16305219","25","32598"
"chr6","16274923","16275224","chr19","16307678","16307959","36","32755"
"chr6","16276210","16276515","chr19","16308855","16309160","13","32645"
"chr6","16277247","16277412","chr19","16309893","16310053","12","32646"
"chr6","16278638","16278923","chr19","16311688","16311985","20","33050"
"chr6","16287950","16288191","chr19","16318565","16318814","12","30615"
"chr6","16290618","16290907","chrX","45609417","45609707","54","29318799"
"chr6","16315253","16315581","chr10","10223490","10223811","82","6091763"
"chr6","16333123","16333246","chr19","16361479","16361610","15","28356"
"chr6","16377188","16377494","chr19","16417192","16417498","3","40004"
"chr6","16399221","16399416","chr19","16431913","16432102","9","32692"
"chr6","16401886","16402195","chr11","115848950","115849252","51","99447064"
"chr6","16435641","16435901","chr19","16467141","16467399","8","31500"
"chr6","16446077","16446207","chr19","16478113","16478243","3","32036"
"chr6","16449794","16450076","chr19","16481917","16482199","8","32123"
"chr6","16453471","16453588","chr19","16486820","16486937","3","33349"
"chr6","16461698","16462001","chr19","16497455","16497756","14","35757"
"chr6","16465294","16465585","chr19","16501726","16502010","26","36432"
"chr6","16481019","16481189","chr1","17909398","17909559","33","1428379"
"chr6","16481497","16481640","chrX","141830909","141831042","29","125349412"
"chr6","16481794","16482071","chr19","16519035","16519313","2","37241"
"chr6","16485638","16485921","chr5","45760131","45760420","64","29274493"
"chr6","16495010","16495296","chr19","16532582","16532874","17","37572"
"chr6","16498072","16498381","chr2","32784888","32785199","69","16286816"
"chr6","16501860","16502126","chr19","16540639","16540905","7","38779"
"chr6","16507284","16507500","chr3","37938883","37939081","80","21431599"
"chr6","16511009","16511307","chr19","16552083","16552378","11","41074"
"chr6","16516149","16516442","chr19","16559226","16559520","9","43077"
"chr6","16531906","16532204","chr20","32891717","32892014","50","16359811"
"chr6","16536073","16536363","chr19","16579367","16579657","11","43294"
"chr6","16556088","16556288","chr19","16594694","16594895","7","38606"
"chr6","16558028","16558145","chr1","67193675","67193788","26","50635647"
"chr6","16560398","16560550","chrX","44827709","44827863","43","28267311"
"chr6","16567352","16567429","chr19","16610389","16610448","19","43037"
"chr6","16567741","16567793","chr2","143909231","143909288","16","127341490"
"chr6","16575950","16576072","chr19","16616877","16616999","4","40927"
"chr6","16603162","16603382","chr17","51771445","51771667","56","35168283"
"chr6","16616575","16616720","chr6","73447417","73447558","25","56830842"
"chr6","16617318","16617484","chr3","43807268","43807431","30","27189950"
"chr6","16641217","16641355","chr7","63842527","63842668","34","47201310"
"chr6","16641646","16641777","chr3","80862974","80863102","17","64221328"
"chr6","16652250","16652393","chr19","16695012","16695155","4","42762"
"chr6","16655005","16655294","chr19","16698893","16699183","5","43888"
"chr6","16675289","16675582","chr19","16719175","16719465","9","43886"
"chr6","16680384","16680669","chr19","16724283","16724595","32","43899"
"chr6","16683780","16683793","chr7","131755732","131755746","3","115071952"
"chr6","16684104","16684397","chr19","16728037","16728332","9","43933"
"chr6","16700503","16700817","chr19","16743818","16744133","13","43315"
"chr6","16712141","16712403","chrX","46716474","46716743","71","30004333"
"chr6","16714370","16714644","chr19","16759121","16759399","6","44751"
"chr6","16717063","16717272","chr10","69747194","69747408","57","53030131"
"chr6","16717614","16717738","chr4","2737022","2737145","25","13980592"
"chr6","16763622","16763755","chr15","1283136","1283266","23","15480486"
"chr6","16764065","16764179","chr14","6886785","6886894","28","9877280"
"chr6","16765253","16765392","chr14","7037585","7037720","26","9727668"
"chr6","16802533","16802841","chr19","16858271","16858578","11","55738"
"chr6","16805685","16805977","chr1","196413537","196413818","69","179607852"
"chr6","16810157","16810219","chr16","71854777","71854835","11","55044620"
"chr6","16810516","16810706","chr3","84801150","84801353","65","67990634"
"chr6","16815750","16815929","chr16","23323257","23323431","46","6507507"
"chr6","16816222","16816394","chr3","45464941","45465102","36","28648719"
"chr6","16817553","16817700","chr20","71787380","71787521","32","54969827"
"chr6","16819509","16819810","chr16","52451002","52451298","63","35631493"
"chr6","16822264","16822533","chr1","182642344","182642613","53","165820080"
"chr6","16828984","16829280","chr19","16884471","16884772","15","55487"
"chr6","16832144","16832395","chr15","2148830","2149073","49","14683314"
"chr6","16833152","16833438","chr6","61687904","61688193","57","44854752"
"chr6","16833495","16833646","chr1","153747722","153747874","39","136914227"
"chr6","16833970","16833982","chr6","128359960","128359970","3","111525990"
"chr6","16834593","16834738","chr20","71787380","71787521","24","54952787"
"chr6","16836091","16836255","chr19","16897859","16898023","2","61768"
"chr6","16840217","16840519","chr19","16901990","16902293","9","61773"
"chr6","16844567","16844707","chr19","16906350","16906476","16","61783"
"chr6","16846035","16846164","chr1","52522560","52522684","25","35676525"
"chr6","16857240","16857494","chr19","16921876","16922119","18","64636"
"chr6","16858870","16859144","chr19","16924244","16924518","10","65374"
"chr6","16869062","16869352","chr19","16937986","16938278","11","68924"
"chr6","16931192","16931426","chr19","17003069","17003301","6","71877"
"chr6","16934416","16934708","chr19","17007493","17007795","16","73077"
"chr6","16936717","16937022","chr19","17009487","17009793","5","72770"
"chr6","16946948","16947235","chr19","17018217","17018504","5","71269"
"chr6","16967798","16968100","chr19","17040440","17040745","7","72642"
"chr6","16974212","16974512","chr1","139124713","139125015","59","122150501"
"chr6","16995505","16995816","chr19","17069527","17069819","25","74022"
"chr6","16996829","16997140","chr19","17069527","17069819","25","72698"
"chr6","17001419","17001736","chr19","17075014","17075330","9","73595"
"chr6","17010307","17010505","chr19","17085021","17085204","18","74714"
"chr6","17010800","17010937","chr4","84764886","84765021","28","67754086"
"chr6","17015082","17015347","chr19","17090090","17090355","6","75008"
"chr6","17025099","17025381","chr7","50541333","50541595","83","33516234"
"chr6","17044981","17045179","chr19","17125397","17125595","4","80416"
"chr6","17088892","17089191","chr19","17179188","17179483","8","90296"
"chr6","17093757","17094080","chr19","17172559","17172880","11","78802"
"chr6","17104789","17105094","chr16","19948135","19948437","51","2843346"
"chr6","17106967","17107245","chr15","11899450","11899702","81","5207517"
"chr6","17141049","17141331","chr19","17230635","17230917","9","89586"
"chr6","17143858","17144155","chr19","16304922","16305219","56","838936"
"chr6","17158883","17159123","chr19","17251524","17251764","7","92641"
"chr6","17189993","17190292","chr19","17284168","17284467","5","94175"
"chr6","17192275","17192580","chr19","17286312","17286615","8","94037"
"chr6","17217397","17217683","chr19","17311828","17312115","11","94431"
"chr6","17218739","17218900","chr4","6641490","6641651","40","10577249"
"chr6","17219437","17219449","chr6","128359960","128359970","5","111140523"
"chr6","17247341","17247466","chr1","41152079","41152217","38","23904738"
"chr6","17247772","17247894","chr18","10500809","10500931","27","6746963"
"chr6","17261257","17261536","chr19","17355917","17356207","13","94660"
"chr6","17271713","17272026","chr19","17366007","17366329","24","94294"
"chr6","17279209","17279531","chr19","17372903","17373226","16","93694"
"chr6","17280760","17281065","chr19","17383532","17383837","14","102772"
"chr6","17288532","17288666","chr19","17387010","17387140","6","98478"
"chr6","17302029","17302202","chr19","17396485","17396629","32","94456"
"chr6","17303835","17304107","chr19","17398254","17398526","5","94419"
"chr6","17322065","17322362","chr19","17417205","17417503","19","95140"
"chr6","17331564","17331717","chr11","110573813","110573972","36","93242249"
"chr6","17331988","17332116","chr17","19489346","19489442","46","2157358"
"chr6","17336473","17336780","chr19","17439337","17439645","8","102864"
"chr6","17337730","17337853","chr1","52522560","52522684","13","35184830"
"chr6","17348610","17348793","chr7","45789481","45789656","50","28440871"
"chr6","17357047","17357199","chr19","17455225","17455386","14","98178"
"chr6","17363309","17363598","chr11","110955091","110955386","54","93591782"
"chr6","17369292","17369403","chr1","14115775","14115885","17","3253517"
"chr6","17369709","17369921","chr1","219930154","219930351","54","202560445"
"chr6","17405161","17405455","chr19","17505462","17505749","17","100301"
"chr6","17409072","17409228","chr10","15153261","15153421","44","2255811"
"chr6","17414629","17414785","chr10","15153261","15153421","44","2261368"
"chr6","17418801","17419084","chr1","198473054","198473333","51","181054253"
"chr6","17429455","17429754","chr19","17523686","17523976","18","94231"
"chr6","17434175","17434499","chr19","17529573","17529890","17","95398"
"chr6","17437959","17438116","chr5","34267924","34268082","36","16829965"
"chr6","17438157","17438290","chr6","14091687","14091826","41","3346470"
"chr6","17468100","17468271","chr19","17566651","17566802","23","98551"
"chr6","17473467","17473757","chr19","17571798","17572090","11","98331"
"chr6","17480075","17480251","chr1","164045613","164045784","40","146565538"
"chr6","17482784","17483078","chr19","17581394","17581686","9","98610"
"chr6","17492771","17492930","chr1","1595163","1595330","48","15897608"
"chr6","17504579","17504717","chr4","22872978","22873111","37","5368399"
"chr6","17506103","17506257","chr19","42053278","42053441","38","24547175"
"chr6","17506289","17506409","chr13","23495607","23495724","17","5989318"
"chr6","17533957","17534252","chr19","17634865","17635156","6","100908"
"chr6","17535138","17535466","chr19","17632553","17632884","14","97415"
"chr6","17536075","17536304","chr12","31335698","31335931","53","13799623"
"chr6","17541404","17541706","chr19","17640678","17640980","1","99274"
"chr6","17544201","17544315","chr3","153594944","153595058","21","136050743"
"chr6","17551183","17551403","chr11","130121021","130121239","41","112569838"
"chr6","17556557","17556864","chr19","17656015","17656322","6","99458"
"chr6","17557965","17558263","chr19","17657321","17657619","4","99356"
"chr6","17571641","17571940","chr19","17671890","17672188","10","100249"
"chr6","17581997","17582290","chr3","42406924","42407215","54","24824927"
"chr6","17584633","17584926","chr19","17682939","17683231","12","98306"
"chr6","17600546","17600843","chr19","17699193","17699494","7","98647"
"chr6","17633634","17633774","chr6","166633796","166633933","36","149000162"
"chr6","17634069","17634177","chr5","99248896","99249005","31","81614827"
"chr6","17634245","17634362","chr19","17732883","17732997","5","98638"
"chr6","17636142","17636340","chr19","7250569","7250762","41","10385573"
"chr6","17636957","17637069","chr3","47510864","47510975","14","29873907"
"chr6","17638923","17639217","chr19","17737466","17737757","13","98543"
"chr6","17668130","17668323","chr2","47833682","47833853","48","30165552"
"chr6","17668630","17668757","chr16","40359735","40359860","28","22691105"
"chr6","17690071","17690354","chrX","65426201","65426476","55","47736130"
"chr6","17699147","17699291","chr19","17799902","17800046","3","100755"
"chr6","17700076","17700242","chr14","7026982","7027152","39","10673094"
"chr6","17700281","17700397","chr2","115033695","115033811","16","97333414"
"chr6","17719469","17719621","chr3","49997875","49998027","34","32278406"
"chr6","17719930","17720069","chr20","40438186","40438320","24","22718256"
"chr6","17734706","17735004","chr19","17839397","17839707","16","104691"
"chr6","17740513","17740780","chr19","17845208","17845481","16","104695"
"chr6","17753835","17753974","chr19","17859583","17859722","4","105748"
"chr6","17760764","17760884","chr19","17866291","17866414","5","105527"
"chr6","17773372","17773661","chr19","17880037","17880326","6","106665"
"chr6","17775606","17775773","chr19","17882247","17882414","5","106641"
"chr6","17778482","17778777","chr19","17886315","17886617","15","107833"
"chr6","17790304","17790442","chr10","85649678","85649809","26","67859374"
"chr6","17790477","17790644","chr14","112599340","112599496","37","94808863"
"chr6","17793081","17793352","chr19","17901939","17902206","13","108858"
"chr6","17794603","17794746","chr9","34873639","34873773","31","17079036"
"chr6","17819455","17819614","chr19","17929776","17929937","6","110321"
"chr6","17824272","17824574","chr15","35367213","35367512","53","17542941"
"chr6","17832850","17833089","chr9","88576897","88577148","71","70744047"
"chr6","17835195","17835354","chr10","22344447","22344599","27","4509252"
"chr6","17839188","17839447","chr19","17952098","17952359","5","112910"
"chr6","17859779","17859934","chr14","112599340","112599496","39","94739561"
"chr6","17860568","17860712","chr7","15523849","15523987","28","2336719"
"chr6","17874371","17874646","chr19","17989545","17989823","12","115174"
"chr6","17915204","17915343","chr10","19939476","19939615","27","2024272"
"chr6","17915650","17915678","chr3","34830580","34830605","10","16914930"
"chr6","17915972","17915988","chr6","172915280","172915296","4","154999308"
"chr6","17916296","17916315","chr4","37952686","37952708","10","20036390"
"chr6","17916605","17916729","chr9","65064186","65064307","21","47147581"
"chr6","17935398","17935646","chr19","18050958","18051262","63","115560"
"chr6","17944295","17944591","chr19","18060671","18060967","8","116376"
"chr6","17986787","17987007","chr14","54040367","54040592","54","36053580"
"chr6","18019447","18019584","chr15","69576281","69576414","34","51556834"
"chr6","18020209","18020400","chr4","13764264","13764447","36","4255945"
"chr6","18020411","18020765","chr16","22686425","22686768","77","4666014"
"chr6","18048761","18049077","chr3","45936653","45936957","70","27887892"
"chr6","18052268","18052400","chr1","135097790","135097920","19","117045522"
"chr6","18058684","18058976","chr19","18178491","18178773","15","119807"
"chr6","18060684","18060775","chr19","18180452","18180541","5","119768"
"chr6","18069720","18069840","chr19","18190967","18191087","2","121247"
"chr6","18072623","18072750","chr13","110752824","110752952","30","92680201"
"chr6","18073054","18073225","chr1","85260492","85260663","40","67187438"
"chr6","18075817","18076072","chr19","18196672","18196937","16","120855"
"chr6","18078791","18079082","chr19","18199664","18199945","17","120873"
"chr6","18097956","18098163","chr4","79613595","79613791","57","61515639"
"chr6","18098513","18098638","chr1","4758480","4758600","30","13340033"
"chr6","18116055","18116355","chr19","18237947","18238253","12","121892"
"chr6","18133268","18133532","chr19","18258401","18258668","6","125133"
"chr6","18133546","18133719","chr11","6606044","6606216","36","11527502"
"chr6","18146443","18146552","chr9","24110296","24110411","28","5963853"
"chr6","18181862","18182172","chr19","18307898","18308204","10","126036"
"chr6","18186496","18186808","chr13","42148173","42148475","59","23961677"
"chr6","18334615","18334802","chr13","92710930","92711117","48","74376315"
"chr6","18690893","18691172","chr19","18706826","18707108","13","15933"
"chr6","18927240","18927423","chr16","7575424","7575597","48","11351816"
"chr6","18927455","18927585","chr3","39547747","39547878","25","20620292"
"chr6","18936441","18936701","chr19","18949091","18949350","5","12650"
"chr6","19038501","19038791","chr19","19052617","19052907","3","14116"
"chr6","19191153","19191277","chr3","150499859","150499983","18","131308706"
"chr6","19238118","19238241","chr5","30179695","30179816","35","10941577"
"chr6","19238538","19238722","chr7","15347123","15347293","50","3891415"
"chr6","19308205","19308330","chr4","78309138","78309264","35","59000933"
"chr6","19308627","19308758","chr4","154053759","154053896","28","134745132"
"chr6","19327102","19327338","chr19","19202930","19203166","4","124172"
"chr6","19587851","19588150","chr5","130042577","130042877","70","110454726"
"chr6","19821831","19821954","chr14","67330160","67330284","8","47508329"
"chr6","19879128","19879412","chr19","19791912","19792190","20","87216"
"chr6","19924540","19924817","chr19","19133377","19133654","69","791163"
"chr6","20066539","20066810","chr19","19882241","19882510","4","184298"
"chr6","20138818","20139123","chr11","82169034","82169327","20","62030216"
"chr6","20179067","20179252","chr19","20006499","20006685","6","172568"
"chr6","20300256","20300375","chr9","89445497","89445617","20","69145241"
"chr6","20327841","20327983","chr19","18871632","18871759","36","1456209"
"chr6","20408975","20409149","chr5","38150450","38150621","48","17741475"
"chr6","20409459","20409581","chr3","46545091","46545213","27","26135632"
"chr6","20422778","20423074","chr19","20433835","20434126","48","11057"
"chr6","20610928","20611041","chr2","39006424","39006541","24","18395496"
"chr6","20627744","20627863","chr14","101120094","101120218","27","80492350"
"chr6","20732757","20732940","chr19","20006499","20006685","26","726258"
"chr6","20732969","20733068","chr19","20006370","20006469","5","726599"
"chr6","20763071","20763180","chr5","35525459","35525554","40","14762388"
"chr6","20765393","20765544","chr4","42512390","42512552","40","21746997"
"chr6","20793321","20793437","chr9","43475612","43475725","20","22682291"
"chr6","20881184","20881474","chr3","160644498","160644781","75","139763314"
"chr6","20933200","20933511","chr12","64883375","64883684","72","43950175"
"chr6","21197563","21197853","chr19","20433835","20434126","9","763728"
"chr6","21247413","21247711","chr19","20375399","20375698","8","872014"
"chr6","21259140","21259406","chr1","202424892","202425168","67","181165752"
"chr6","21287308","21287599","chr19","20433835","20434126","65","853473"
"chr6","21430805","21431096","chr19","18706826","18707108","74","2723979"
"chr6","21592574","21592720","chr19","20595736","20595891","14","996838"
"chr6","22810055","22810300","chr9","92811014","92811226","75","70000959"
"chr6","22992343","22992631","chr19","22454626","22454914","3","537717"
"chr6","22997176","22997283","chr19","22459470","22459567","11","537706"
"chr6","23042503","23042759","chr19","22504035","22504290","7","538468"
"chr6","23086322","23086539","chr19","22550807","22551025","4","535515"
"chr6","23096646","23096952","chr19","22561148","22561447","20","535498"
"chr6","23105756","23106054","chr19","22571841","22572142","9","533915"
"chr6","23314079","23314324","chr19","22790538","22790783","8","523541"
"chr6","23345636","23345906","chr19","22826171","22826392","55","519465"
"chr6","23412699","23412813","chr12","65555103","65555221","30","42142404"
"chr6","23468431","23468697","chr19","22950770","22951027","20","517661"
"chr6","23502778","23503084","chr19","22984591","22984895","45","518187"
"chr6","23607544","23607818","chr16","31420671","31420951","61","7813127"
"chr6","23660054","23660347","chr19","23150592","23150887","9","509462"
"chr6","23660839","23660963","chr5","173045411","173045535","19","149384572"
"chr6","23666090","23666402","chr1","137110482","137110787","68","113444392"
"chr6","23920141","23920441","chr3","35768245","35768538","64","11848104"
"chr6","24017680","24017984","chr19","23508695","23508968","43","508985"
"chr6","24022278","24022390","chr19","23513262","23513375","2","509016"
"chr6","24101366","24101633","chr19","23592503","23592773","13","508863"
"chr6","24104956","24105243","chr19","23596113","23596401","10","508843"
"chr6","24110604","24110906","chr19","23600823","23601103","42","509781"
"chr6","24116587","24116884","chr19","23608248","23608552","15","508339"
"chr6","24121434","24121741","chr19","23613115","23613413","19","508319"
"chr6","24135688","24135987","chr16","25932439","25932738","59","1796751"
"chr6","24140480","24140754","chr19","23632122","23632396","12","508358"
"chr6","24166268","24166561","chr19","23658745","23659036","12","507523"
"chr6","24201435","24201711","chr19","23693738","23694013","7","507697"
"chr6","24234788","24235092","chr19","23727784","23728088","15","507004"
"chr6","24239584","24239900","chr19","23732566","23732882","3","507018"
"chr6","24309649","24309813","chr19","23802986","23803148","8","506663"
"chr6","24311474","24311685","chr19","2423145","2423353","43","21888329"
"chr6","24315824","24316114","chr19","23809495","23809793","18","506329"
"chr6","24317150","24317264","chr1","156838459","156838578","27","132521309"
"chr6","24368739","24369038","chr19","23862862","23863161","13","505877"
"chr6","24401928","24402224","chr19","23894841","23895137","10","507087"
"chr6","24485926","24486228","chr19","23981267","23981570","10","504659"
"chr6","24519406","24519691","chr19","24016511","24016795","4","502895"
"chr6","24589399","24589693","chr11","121691932","121692214","75","97102533"
"chr6","24630625","24630919","chr19","24127292","24127591","16","503333"
"chr6","24665399","24665523","chr19","24162588","24162730","23","502811"
"chr6","24672511","24672782","chr19","24169485","24169756","15","503026"
"chr6","24698131","24698415","chr19","24194832","24195116","14","503299"
"chr6","24716130","24716311","chr19","28665840","28666021","41","3949710"
"chr6","24716315","24716561","chr3","57299481","57299731","70","32583166"
"chr6","24718042","24718085","chr11","104618562","104618606","4","79900520"
"chr6","24741573","24741732","chr19","24239887","24240051","11","501686"
"chr6","24755772","24755896","chr19","24254119","24254243","5","501653"
"chr6","24773345","24773659","chr3","162038205","162038510","61","137264860"
"chr6","24777595","24777899","chr7","15348662","15348968","58","9428933"
"chr6","24777930","24778237","chr1","12662590","12662891","64","12115340"
"chr6","24784096","24784376","chr19","24281622","24281901","5","502474"
"chr6","24808276","24808573","JH682027","6934","7233","20","24801342"
"chr6","24813638","24813935","chr19","24312190","24312478","14","501448"
"chr6","24818381","24818514","chr19","24327260","24327393","3","491121"
"chr6","24824254","24824539","chr19","24334471","24334756","5","489783"
"chr6","24833716","24833995","chr14","101213093","101213387","58","76379377"
"chr6","24839821","24840125","chr19","24348775","24349078","19","491046"
"chr6","24840139","24840269","chr10","27082622","27082751","23","2242483"
"chr6","24848106","24848263","chr19","24357048","24357205","5","491058"
"chr6","24855841","24856152","chr19","24365420","24365717","20","490421"
"chr6","24871701","24871983","chr19","24381729","24382030","22","489972"
"chr6","24874667","24874955","chr19","24384698","24384993","14","489969"
"chr6","24878744","24878825","chr19","24388791","24388872","3","489953"
"chr6","24883587","24883913","chr19","6149536","6149820","108","18734051"
"chr6","24931594","24931789","chrX","49114611","49114788","50","24183017"
"chr6","24944689","24944847","chr6","148217095","148217234","41","123272406"
"chr6","24945957","24946335","chr19","24455602","24455953","33","490355"
"chr6","24949872","24949978","chr19","24459484","24459585","7","490388"
"chr6","24952684","24953003","chr19","24462377","24462695","9","490307"
"chr6","24982455","24982763","chr19","24491474","24491782","11","490981"
"chr6","25020081","25020375","chr19","24529842","24530139","13","490239"
"chr6","25088983","25089114","chr19","24601649","24601773","10","487334"
"chr6","25100568","25100862","chr19","24613751","24614045","10","486817"
"chr6","25112816","25113094","chr19","24626318","24626599","31","486498"
"chr6","25133730","25133984","chr19","24647992","24648245","11","485738"
"chr6","25174035","25174328","chr19","24685684","24685976","3","488351"
"chr6","25177875","25178028","chr19","24689514","24689666","4","488361"
"chr6","25192765","25192960","chr20","25610570","25610748","42","417805"
"chr6","25211274","25211576","chr19","24724903","24725206","8","486371"
"chr6","25249855","25249969","chr1","41802359","41802474","20","16552504"
"chr6","25249999","25250164","chr7","8592025","8592196","44","16657974"
"chr6","25264254","25264588","chr10","52737902","52738234","66","27473648"
"chr6","25341043","25341350","chr19","24855935","24856242","13","485108"
"chr6","25417261","25417553","chrX","13202211","13202506","64","12215050"
"chr6","25470190","25470450","chr19","24984915","24985177","10","485275"
"chr6","25473781","25474069","chr1","159434329","159434608","69","133960548"
"chr6","25565237","25565540","chr19","25078442","25078746","9","486795"
"chr6","25583146","25583452","chr3","55175991","55176301","58","29592845"
"chr6","25704615","25704910","chr19","25220276","25220577","9","484339"
"chr6","25724959","25725272","chr19","25240939","25241239","23","484020"
"chr6","25963105","25963410","chr14","101086205","101086505","52","75123100"
"chr6","26064821","26065098","chr19","25581075","25581351","12","483746"
"chr6","26114038","26114195","chr7","42742260","42742396","44","16628222"
"chr6","26114499","26114658","chr4","1987881","1988034","49","24126618"
"chr6","26114685","26114702","chr1","49605714","49605731","5","23491029"
"chr6","26163910","26164221","chr19","25678937","25679248","8","484973"
"chr6","26175535","26175837","chr1","72127943","72128244","60","45952408"
"chr6","26189809","26189971","chr19","25704021","25704183","7","485788"
"chr6","26201259","26201549","chr19","25716032","25716320","32","485227"
"chr6","26212148","26212461","chr19","33056100","33056408","61","6843952"
"chr6","26297042","26297312","chr19","25807660","25807894","39","489382"
"chr6","26325318","26325474","chr19","25834864","25835023","10","490454"
"chr6","26344509","26344817","chr19","25853970","25854274","22","490539"
"chr6","26490680","26490942","chr19","26000374","26000631","16","490306"
"chr6","26501942","26502210","chr19","26011607","26011875","8","490335"
"chr6","26510209","26510360","chr19","26019868","26020021","7","490341"
"chr6","26621410","26621579","chr9","1127370","1127538","30","25494040"
"chr6","26622525","26622822","chr19","26134946","26135243","11","487579"
"chr6","26626933","26627209","chr19","26143647","26143923","17","483286"
"chr6","26705709","26706021","chr19","26221737","26222051","17","483972"
"chr6","26710432","26710733","chr19","26226438","26226739","7","483994"
"chr6","26762995","26763283","chr19","26281155","26281443","2","481840"
"chr6","26808188","26808321","chr5","74519379","74519510","23","47711191"
"chr6","26837872","26838170","chr19","26355930","26356230","12","481942"
"chr6","27001649","27001968","chr19","26558536","26558854","8","443113"
"chr6","27005341","27005418","chr11","124554268","124554336","22","97548927"
"chr6","27005724","27005890","chr11","116489549","116489709","36","89483825"
"chr6","27067357","27067548","chr19","26624142","26624333","8","443215"
"chr6","27111212","27111496","chr19","26669294","26669584","11","441918"
"chr6","27118609","27118889","chr13","46803163","46803436","66","19684554"
"chr6","27149003","27149297","chr19","26705941","26706211","33","443062"
"chr6","27150638","27150930","chr19","26707574","26707872","8","443064"
"chr6","27166680","27166832","chr19","26723771","26723917","9","442909"
"chr6","27213359","27213678","chr19","26770164","26770457","61","443195"
"chr6","27220267","27220558","chr19","26776771","26777062","10","443496"
"chr6","27221327","27221458","chr2","159924711","159924842","27","132703384"
"chr6","27232553","27232825","chr19","26788544","26788814","5","444009"
"chr6","27234657","27234939","chr19","26790655","26790926","23","444002"
"chr6","27237742","27237931","chr19","26793759","26793949","10","443983"
"chr6","27254187","27254529","chr19","26811755","26812052","61","442432"
"chr6","27272498","27272630","chr13","46114494","46114627","24","18841996"
"chr6","27292125","27292411","chr19","26851555","26851866","33","440570"
"chr6","27312535","27312853","chr19","26872502","26872823","13","440033"
"chr6","27315386","27315683","chr19","26875371","26875678","51","440015"
"chr6","27340364","27340662","chr19","26898948","26899242","12","441416"
"chr6","27373711","27374042","chr19","26933409","26933738","8","440302"
"chr6","27380364","27380652","chr19","26939645","26939934","6","440719"
"chr6","27382586","27382709","chr19","26941849","26941972","5","440737"
"chr6","27383674","27383967","chr19","26943267","26943559","6","440407"
"chr6","27433642","27433766","chr19","26992114","26992238","1","441528"
"chr6","27455117","27455234","chr19","27013398","27013518","8","441719"
"chr6","27455243","27455331","chr19","27013527","27013615","7","441716"
"chr6","27473923","27474225","chr19","27032144","27032452","13","441779"
"chr6","27483317","27483569","chr19","27041841","27042093","6","441476"
"chr6","27501505","27501797","chr19","27060346","27060638","5","441159"
"chr6","27506055","27506346","chr19","27064919","27065211","7","441136"
"chr6","27531849","27532150","chr19","27090569","27090864","18","441280"
"chr6","27562074","27562394","chr19","27121027","27121335","21","441047"
"chr6","27576165","27576295","chr19","27135027","27135156","3","441138"
"chr6","27576603","27576779","chr19","27135468","27135639","11","441135"
"chr6","27588665","27588830","chr19","27147351","27147516","0","441314"
"chr6","27657135","27657435","chr13","103299837","103300135","58","75642702"
"chr6","27658811","27658949","chr11","111580097","111580231","21","83921286"
"chr6","27659237","27659423","chr3","39637535","39637706","38","11978298"
"chr6","27664261","27664563","chr19","27223885","27224188","29","440376"
"chr6","27672634","27672928","chr19","27232266","27232561","4","440368"
"chr6","27682589","27682898","chr19","6261077","6261381","53","21421512"
"chr6","27718274","27718382","chr2","147227179","147227293","27","119508905"
"chr6","27720628","27720924","chr19","27282425","27282712","14","438203"
"chr6","27727904","27728070","chr19","27289681","27289845","6","438223"
"chr6","27729327","27729651","chr19","27291080","27291396","15","438247"
"chr6","27733267","27733429","chr1","166516575","166516724","41","138783308"
"chr6","27734270","27734562","chr20","29474963","29475250","55","1740693"
"chr6","27769033","27769175","chr19","27331603","27331726","23","437430"
"chr6","27770825","27771120","chr19","27334021","27334303","20","436804"
"chr6","27776126","27776412","chr19","27340003","27340289","8","436123"
"chr6","27784597","27784797","chr19","27348141","27348341","6","436456"
"chr6","27787559","27787701","chr5","16683752","16683891","24","11103807"
"chr6","27800532","27800786","chr19","27363453","27363707","10","437079"
"chr6","27821114","27821404","chr19","27385245","27385536","10","435869"
"chr6","27858216","27858377","chr8","66216290","66216447","33","38358074"
"chr6","27859290","27859583","chr19","27422415","27422712","16","436875"
"chr6","27865586","27865888","chr6","42299250","42299556","52","14433664"
"chr6","27879082","27879376","chr19","27441956","27442249","10","437126"
"chr6","27886648","27886940","chr19","27450334","27450629","10","436314"
"chr6","27894739","27895027","chr19","27458709","27459011","21","436030"
"chr6","27906753","27907053","chr19","27470654","27470954","6","436099"
"chr6","27908950","27909074","chr19","27472870","27472994","2","436080"
"chr6","27921275","27921420","chr11","14198772","14198916","26","13722503"
"chr6","27925532","27925819","chr19","27489588","27489875","11","435944"
"chr6","27927082","27927386","chr4","14761556","14761846","66","13165526"
"chr6","27937558","27937781","chr19","27503515","27503752","28","434043"
"chr6","27938886","27939177","chr19","27504846","27505139","9","434040"
"chr6","27941424","27941689","chr19","27507374","27507653","24","434050"
"chr6","27945577","27945813","chr19","27511858","27512095","12","433719"
"chr6","27970467","27970780","chr19","27537814","27538123","21","432653"
"chr6","27977067","27977339","chr19","27544537","27544812","8","432530"
"chr6","27978504","27978779","chr10","72455147","72455423","67","44476643"
"chr6","27980968","27981090","chr19","27548819","27548941","4","432149"
"chr6","27988765","27989054","chr19","27556075","27556363","7","432690"
"chr6","27996039","27996052","chr6","128359960","128359970","5","100363921"
"chr6","27996080","27996363","chr19","27563340","27563623","11","432740"
"chr6","28004634","28004862","chr19","27572896","27573124","7","431738"
"chr6","28007920","28008005","chr2","173952914","173952995","18","145944994"
"chr6","28008006","28008238","chr19","27575965","27576197","3","432041"
"chr6","28010920","28011028","chr3","161465508","161465618","29","133454588"
"chr6","28025301","28025551","chr19","27592956","27593194","18","432345"
"chr6","28031466","28031766","chr19","27599111","27599413","14","432355"
"chr6","28046484","28046782","chr19","27612603","27612901","3","433881"
"chr6","28047993","28048125","chr19","27614111","27614243","7","433882"
"chr6","28058236","28058393","chrX","142431737","142431895","26","114373501"
"chr6","28072224","28072353","chr1","57106679","57106809","27","29034455"
"chr6","28079719","28080038","chr20","4605287","4605605","63","23474432"
"chr6","28102220","28102479","chr19","27672443","27672702","3","429777"
"chr6","28105876","28106015","chr19","27674976","27675106","13","430900"
"chr6","28107715","28107861","chr9","108819500","108819636","29","80711785"
"chr6","28108168","28108333","chr8","96423624","96423788","37","68315456"
"chr6","28108648","28108661","chr19","32678666","32678677","2","4570018"
"chr6","28112545","28112833","chr19","27682063","27682351","7","430482"
"chr6","28116665","28116949","chr19","27687138","27687425","19","429527"
"chr6","28160580","28160889","chr19","27733014","27733318","20","427566"
"chr6","28161483","28161615","chr16","45304312","45304443","23","17142829"
"chr6","28163987","28164290","chr14","83706268","83706574","59","55542281"
"chr6","28167881","28168006","chr19","27739834","27739959","4","428047"
"chr6","28170276","28170563","chr19","27741915","27742202","5","428361"
"chr6","28173576","28173883","chr19","27745958","27746269","15","427618"
"chr6","28177643","28177925","chr5","45885808","45886092","57","17708165"
"chr6","28181874","28182172","chr19","27754641","27754939","12","427233"
"chr6","28182181","28182323","chr19","27754940","27755089","25","427241"
"chr6","28190100","28190419","chr19","27762806","27763132","21","427294"
"chr6","28192552","28192863","chr19","27765218","27765513","25","427334"
"chr6","28196324","28196607","chr12","101273965","101274253","56","73077641"
"chr6","28199968","28200104","chr19","27772872","27773021","17","427096"
"chr6","28208418","28208585","chr13","92739576","92739730","34","64531158"
"chr6","28208890","28209029","chr16","30023241","30023370","26","1814351"
"chr6","28221919","28222220","chr19","27795181","27795474","19","426738"
"chr6","28225296","28225600","chr19","27798395","27798699","4","426901"
"chr6","28238181","28238479","chrX","138507447","138507737","58","110269266"
"chr6","28257964","28258263","chr19","27830657","27830960","11","427307"
"chr6","28287631","28287795","chr19","27862686","27862851","8","424945"
"chr6","28301999","28302285","chr19","27876928","27877216","13","425071"
"chr6","28308647","28308685","chr5","173666733","173666770","9","145358086"
"chr6","28308690","28308909","chr19","27883680","27883898","6","425010"
"chr6","28329230","28329541","chr19","27904687","27905010","19","424543"
"chr6","28351499","28351783","chr19","27926492","27926804","40","425007"
"chr6","28352850","28352959","chr13","108742963","108743067","20","80390113"
"chr6","28379877","28380182","chr19","27957671","27957975","9","422206"
"chr6","28383574","28383743","chr19","27961412","27961569","15","422162"
"chr6","28385085","28385414","chrX","141454571","141454902","66","113069486"
"chr6","28392556","28392854","chr19","27972484","27972782","10","420072"
"chr6","28450024","28450321","chr19","28028478","28028775","7","421546"
"chr6","28462117","28462430","chr19","28040568","28040881","4","421549"
"chr6","28471529","28471671","chr19","9431813","9431952","34","19039716"
"chr6","28542943","28543103","chr19","28120348","28120508","4","422595"
"chr6","28572399","28572711","chr19","28152322","28152620","21","420077"
"chr6","28576238","28576526","chr19","28156174","28156459","12","420064"
"chr6","28618899","28619021","chr19","28199675","28199797","0","419224"
"chr6","28643707","28643933","chr19","28222010","28222234","9","421697"
"chr6","28652611","28652901","chr19","28231480","28231770","5","421131"
"chr6","28668840","28669140","chr19","28247978","28248278","11","420862"
"chr6","28670885","28670970","chr19","28250037","28250122","1","420848"
"chr6","28673087","28673246","chr19","28252241","28252397","5","420846"
"chr6","28690055","28690355","chr19","28269597","28269896","9","420458"
"chr6","28695042","28695110","chr19","28274470","28274557","22","420572"
"chr6","28726327","28726623","chr19","28306092","28306390","8","420235"
"chr6","28729499","28729659","chr1","55882414","55882558","46","27152915"
"chr6","28729992","28730121","chr20","32381156","32381284","18","3651164"
"chr6","28761975","28762274","chr19","28342530","28342804","33","419445"
"chr6","28823220","28823524","chr19","28409274","28409578","17","413946"
"chr6","28851837","28852132","chr19","28439861","28440156","12","411976"
"chr6","28866249","28866565","chr19","28453641","28453961","13","412608"
"chr6","28871897","28872182","chr19","28458469","28458756","12","413428"
"chr6","28875750","28876002","chr19","28462604","28462889","38","413146"
"chr6","28876788","28877086","chr19","28463677","28463979","7","413111"
"chr6","28885895","28886206","chr19","28473075","28473382","8","412820"
"chr6","28889510","28889812","chr4","66800581","66800869","69","37911071"
"chr6","28903804","28904103","chr19","28495775","28496063","22","408029"
"chr6","28906148","28906416","chr19","28498114","28498382","5","408034"
"chr6","28920298","28920612","chr19","28512031","28512350","11","408267"
"chr6","28946099","28946414","chr19","28537704","28537965","58","408395"
"chr6","28948791","28949117","chr19","28540303","28540629","5","408488"
"chr6","28962660","28962793","chr19","28554231","28554368","10","408429"
"chr6","28982587","28982891","chr19","28574290","28574590","9","408297"
"chr6","28996923","28997224","chr19","28588934","28589235","13","407989"
"chr6","28998654","28998924","chr19","28590654","28590924","6","408000"
"chr6","29001022","29001165","chr19","28593086","28593229","1","407936"
"chr6","29059529","29059843","chr6","168855369","168855679","52","139795840"
"chr6","29063106","29063395","chr19","28651738","28652039","22","411368"
"chr6","29077902","29078185","chr19","28665522","28665806","15","412380"
"chr6","29108924","29109044","chr19","32679537","32679658","20","3570613"
"chr6","29109072","29109240","chr8","21416225","21416388","41","7692847"
"chr6","29110996","29111301","chr19","28704469","28704772","15","406527"
"chr6","29117175","29117482","chr19","28711284","28711588","17","405891"
"chr6","29128527","29128782","chr19","28722612","28722867","6","405915"
"chr6","29139420","29139717","chr19","28733872","28734154","28","405548"
"chr6","29146835","29146993","chr19","28741581","28741739","8","405254"
"chr6","29149420","29149720","chr1","33809672","33809974","63","4660252"
"chr6","29168254","29168531","chr2","76006073","76006351","75","46837819"
"chr6","29183796","29184095","chr19","28783390","28783642","50","400406"
"chr6","29184449","29184727","chr19","28784021","28784305","16","400428"
"chr6","29195300","29195606","chr19","28795637","28795943","5","399663"
"chr6","29208181","29208451","chr19","28809037","28809307","4","399144"
"chr6","29216789","29217074","chr19","28817778","28818062","7","399011"
"chr6","29255779","29255960","chr19","28857581","28857760","3","398198"
"chr6","29288222","29288523","chr19","28890309","28890611","5","397913"
"chr6","29288767","29288855","chr4","163454624","163454713","17","134165857"
"chr6","29290725","29291025","chr14","7417548","7417860","60","21873177"
"chr6","29295131","29295420","chr19","16114324","16114606","59","13180807"
"chr6","29296100","29296234","chr19","28898226","28898365","11","397874"
"chr6","29304917","29305007","chr4","163454624","163454713","21","134149707"
"chr6","29313521","29313754","chr19","28914895","28915124","10","398626"
"chr6","29317067","29317346","chr12","90986209","90986495","63","61669142"
"chr6","29326753","29326891","chr15","368115","368257","27","28958638"
"chr6","29327204","29327333","chr9","108819500","108819636","26","79492296"
"chr6","29339692","29339991","chr14","31121377","31121674","65","1781685"
"chr6","29343697","29343992","chr19","28946820","28947124","16","396877"
"chr6","29346752","29346883","chr19","28949879","28950017","12","396873"
"chr6","29351652","29351776","chr19","28954762","28954886","0","396890"
"chr6","29353087","29353318","chr19","28956197","28956428","8","396890"
"chr6","29366417","29366655","chr19","28969594","28969826","12","396823"
"chr6","29379015","29379304","chr14","111501349","111501640","54","82122334"
"chr6","29402897","29403192","chr19","29010304","29010599","28","392593"
"chr6","29413721","29413841","chr19","29022393","29022513","8","391328"
"chr6","29445651","29445955","chr19","29046053","29046320","46","399598"
"chr6","29448831","29448997","chr7","110406816","110406981","45","80957985"
"chr6","29455781","29455869","chr1","11460365","11460454","19","17995416"
"chr6","29456164","29456386","chr18","38848457","38848677","57","9392293"
"chr6","29457366","29457666","chr19","29067934","29068234","5","389432"
"chr6","29462092","29462237","chr19","29063436","29063581","7","398656"
"chr6","29463440","29463520","chr9","49533773","49533851","22","20070333"
"chr6","29463824","29463942","chr4","136030033","136030142","33","106566209"
"chr6","29464237","29464288","chr4","110230908","110230959","7","80766671"
"chr6","29468978","29469156","chr19","29074169","29074355","13","394809"
"chr6","29477718","29478067","chr1","114099424","114099744","108","84621706"
"chr6","29486482","29486748","chr19","29089810","29090082","13","396672"
"chr6","29498616","29498761","chr7","31585610","31585746","37","2086994"
"chr6","29526622","29526915","chr19","29131418","29131711","7","395204"
"chr6","29528737","29529016","chr19","29133495","29133771","13","395242"
"chr6","29539193","29539492","chr19","29143882","29144188","19","395311"
"chr6","29541573","29541866","chr19","29146727","29147019","13","394846"
"chr6","29542846","29543139","chr19","29147979","29148272","13","394867"
"chr6","29561128","29561266","chr1","217896553","217896692","28","188335425"
"chr6","29563524","29563557","chr7","118617569","118617605","9","89054045"
"chr6","29597777","29598066","chr1","85860621","85860902","64","56262844"
"chr6","29612486","29612774","chr9","109124268","109124561","62","79511782"
"chr6","29636026","29636190","chr15","56891672","56891816","45","27255646"
"chr6","29756001","29756231","chr19","29330338","29330599","38","425663"
"chr6","29782592","29782883","chr19","29360521","29360820","15","422071"
"chr6","29844726","29845002","chr19","29433097","29433373","16","411629"
"chr6","29862791","29863097","chr10","61075323","61075630","56","31212532"
"chr6","29864859","29865163","chr19","29455210","29455501","22","409649"
"chr6","29891461","29891733","chr19","29482426","29482697","12","409035"
"chr6","29916563","29916757","chr12","80183830","80184020","41","50267267"
"chr6","29919879","29920003","chr1","14666143","14666275","24","15253736"
"chr6","29920313","29920481","chr19","27135468","27135639","40","2784845"
"chr6","29925254","29925545","chr19","29519151","29519438","20","406103"
"chr6","29948663","29948876","chr2","85594158","85594349","69","55645495"
"chr6","29980044","29980360","chr19","29573949","29574260","17","406095"
"chr6","29993730","29994036","chr19","29588682","29588988","9","405048"
"chr6","29994544","29994789","chr19","29589496","29589751","20","405048"
"chr6","30008372","30008512","chr19","29609721","29609861","10","398651"
"chr6","30023619","30023909","chr19","29626356","29626643","12","397263"
"chr6","30030590","30030897","chr19","29634463","29634763","27","396127"
"chr6","30036035","30036168","chr19","29639350","29639483","5","396685"
"chr6","30054529","30054753","chr19","29658770","29658994","4","395759"
"chr6","30059941","30060225","chr19","29664161","29664445","8","395780"
"chr6","30078711","30079012","chr19","29684146","29684447","4","394565"
"chr6","30093146","30093454","chr19","29698497","29698805","5","394649"
"chr6","30101418","30101541","chr9","57999369","57999493","16","27897951"
"chr6","30142855","30143165","chr19","29751926","29752239","10","390929"
"chr6","30144991","30145148","chr8","129731126","129731282","43","99586135"
"chr6","30214583","30214887","chr19","29827672","29827974","8","386911"
"chr6","30217136","30217419","chr19","3087935","3088217","58","27129201"
"chr6","30222228","30222389","chr10","54008613","54008778","34","23786385"
"chr6","30222781","30223077","chr19","29835612","29835902","9","387169"
"chr6","30227830","30228151","chr3","11975006","11975306","86","18252824"
"chr6","30233487","30233622","chr19","29845940","29846075","5","387547"
"chr6","30240817","30240948","chr19","29853306","29853439","5","387511"
"chr6","30243702","30243985","chr19","29856202","29856511","37","387500"
"chr6","30249732","30250034","chr19","29862406","29862724","24","387326"
"chr6","30276938","30277245","chr19","29889639","29889946","9","387299"
"chr6","30281371","30281515","chr19","29894138","29894285","7","387233"
"chr6","30334854","30335149","chr19","29940410","29940724","28","394444"
"chr6","30388213","30388476","chr20","9748945","9749232","28","20639268"
"chr6","30390400","30390506","chr8","28190307","28190410","22","2200093"
"chr6","30390799","30390992","chr3","76343326","76343497","44","45952527"
"chr6","30401062","30401364","chr19","30011082","30011383","18","389980"
"chr6","30419969","30420098","chr19","30029813","30029942","4","390156"
"chr6","30423154","30423486","chr10","52737902","52738234","79","22314748"
"chr6","30440418","30440568","chr19","30049899","30050051","11","390519"
"chr6","30440868","30440999","chr19","30050480","30050597","17","390388"
"chr6","30447438","30447770","chr19","30057048","30057374","20","390390"
"chr6","30457777","30458077","chr19","30067704","30068004","4","390073"
"chr6","30517013","30517112","chr17","19489346","19489442","17","11027667"
"chr6","30517412","30517583","chr8","26114347","26114523","32","4403065"
"chr6","30517619","30517632","chr19","32678666","32678677","4","2161047"
"chr6","30527922","30528079","chr16","65672598","65672756","35","35144676"
"chr6","30563172","30563500","chr19","30187507","30187814","23","375665"
"chr6","30563511","30563650","chr19","30187828","30187967","4","375683"
"chr6","30580651","30580978","chr20","4605287","4605605","79","25975364"
"chr6","30594381","30594688","chr19","30204095","30204377","37","390286"
"chr6","30595211","30595496","chr19","30204890","30205175","8","390321"
"chr6","30596969","30597259","chr19","30206647","30206948","26","390322"
"chr6","30612053","30612228","chr19","30215442","30215598","19","396611"
"chr6","30632916","30633212","chr19","30244914","30245206","8","388002"
"chr6","30670990","30671133","chr2","93422976","93423115","27","62751986"
"chr6","30671399","30671588","chr20","71459050","71459226","43","40787651"
"chr6","30673237","30673521","chr19","30279570","30279858","7","393667"
"chr6","30673522","30673789","chr5","144130684","144130948","63","113457162"
"chr6","30675089","30675289","chr19","30281712","30281912","6","393377"
"chr6","30675718","30675988","chr19","30282329","30282605","10","393389"
"chr6","30702775","30702887","chr3","66553543","66553658","20","35850768"
"chr6","30709043","30709340","chr19","30309187","30309480","7","399856"
"chr6","30710301","30710442","chr19","30310441","30310582","3","399860"
"chr6","30714597","30714912","chr19","30315445","30315757","20","399152"
"chr6","30718905","30719177","chr19","30319423","30319696","14","399482"
"chr6","30719182","30719338","chr19","30319728","30319857","32","399454"
"chr6","30723270","30723466","chr19","30323618","30323811","8","399652"
"chr6","30732266","30732558","chr19","30331486","30331778","8","400780"
"chr6","30734852","30735136","chr1","157762705","157762993","60","127027853"
"chr6","30735219","30735516","chr9","35073765","35074063","57","4338546"
"chr6","30740989","30741146","chr3","51289531","51289697","39","20548542"
"chr6","30741449","30741585","chr1","12988795","12988929","38","17752654"
"chr6","30742039","30742333","chr19","30340072","30340363","17","401967"
"chr6","30743849","30744144","chr19","30341880","30342194","32","401969"
"chr6","30747836","30748014","chr19","30345881","30346057","9","401955"
"chr6","30756104","30756261","chr16","45590806","45590957","36","14834702"
"chr6","30756266","30756556","chr8","133538699","133538987","64","102782433"
"chr6","30764584","30764898","chr11","115848950","115849252","70","85084366"
"chr6","30795299","30795605","chr19","30394891","30395179","23","400408"
"chr6","30795849","30796166","chr2","55131936","55132255","68","24336087"
"chr6","30796902","30797208","chr19","30396317","30396622","7","400585"
"chr6","30804309","30804608","chr19","30403741","30404040","4","400568"
"chr6","30806677","30806957","chr19","30406115","30406395","5","400562"
"chr6","30827869","30828050","chr3","43558041","43558224","41","12730172"
"chr6","30841908","30842208","chr19","287013","287305","58","30554895"
"chr6","30848339","30848617","chr19","30447246","30447526","12","401093"
"chr6","30862581","30862738","chr19","30461643","30461800","1","400938"
"chr6","30878100","30878408","chr19","30493083","30493391","4","385017"
"chr6","30886617","30886901","chr1","85860621","85860902","73","54974004"
"chr6","30897941","30898065","chr19","30506935","30507059","5","391006"
"chr6","30899899","30900197","chr19","30508754","30509055","7","391145"
"chr6","30902753","30902916","chr7","147874942","147875101","30","116972189"
"chr6","30902956","30903084","chr13","64777315","64777444","24","33874359"
"chr6","30938598","30938895","chr4","17750943","17751236","65","13187655"
"chr6","30940157","30940411","chr11","64749109","64749361","49","33808952"
"chr6","30952299","30952603","chr1","123768499","123768799","58","92816200"
"chr6","30959796","30959934","chr7","5670322","5670447","47","25289474"
"chr6","30960254","30960459","chr12","53654708","53654902","12","22694454"
"chr6","30981951","30982239","chr12","53631361","53631651","8","22649410"
"chr6","30986984","30987239","chr12","53626006","53626296","43","22639022"
"chr6","30999872","30999996","chr3","149402615","149402739","13","118402743"
"chr6","31001259","31001392","chr19","30577737","30577869","5","423522"
"chr6","31033547","31033847","chr19","30614799","30615097","9","418748"
"chr6","31039362","31039671","chr19","30621243","30621553","13","418119"
"chr6","31045126","31045448","chr4","30888516","30888831","78","156610"
"chr6","31056352","31056655","chr19","30640044","30640350","23","416308"
"chr6","31069636","31069693","chr19","16610389","16610448","10","14459247"
"chr6","31069695","31069998","chr19","30658416","30658720","11","411279"
"chr6","31082749","31082969","chr5","72875815","72876037","45","41793066"
"chr6","31089032","31089353","chr19","30681801","30682094","37","407231"
"chr6","31096067","31096366","chr19","30689348","30689647","6","406719"
"chr6","31100204","31100299","chr19","30693519","30693602","15","406685"
"chr6","31118931","31119226","chr19","30714084","30714363","18","404847"
"chr6","31151471","31151783","chr19","30745991","30746304","9","405480"
"chr6","31171491","31171619","chr3","78127239","78127371","25","46955748"
"chr6","31171918","31172080","chr12","37986807","37986965","31","6814889"
"chr6","31195857","31196148","chr19","30790802","30791095","9","405055"
"chr6","31217436","31217745","chr14","3427728","3428040","70","27789708"
"chr6","31219017","31219296","chr19","30816011","30816289","8","403006"
"chr6","31221622","31221782","chr5","51733914","51734076","34","20512292"
"chr6","31230305","31230430","chr2","108311904","108312028","22","77081599"
"chr6","31246317","31246621","chr5","45912959","45913262","68","14666642"
"chr6","31248971","31249137","chr7","161571021","161571192","38","130322050"
"chr6","31264460","31264756","chr19","30860097","30860380","22","404363"
"chr6","31266633","31266732","chr19","30863126","30863234","15","403507"
"chr6","31312484","31312614","chr3","118162804","118162931","39","86850320"
"chr6","31312849","31312979","chr3","84655379","84655507","18","53342530"
"chr6","31322550","31322779","chr19","30921630","30921859","10","400920"
"chr6","31333789","31334074","chr7","88119210","88119502","58","56785421"
"chr6","31396396","31396551","chr10","35506915","35507069","33","4110519"
"chr6","31439961","31440268","chr19","31046237","31046529","19","393724"
"chr6","31513808","31514113","chr2","50946384","50946676","63","19432576"
"chr6","31524854","31525162","chr19","31126210","31126524","19","398644"
"chr6","31536613","31536746","chr11","111580097","111580231","25","80043484"
"chr6","31537042","31537199","chr1","53323208","53323366","32","21786166"
"chr6","31552825","31553140","chrX","16627071","16627386","54","14925754"
"chr6","31553633","31553793","chr19","31155237","31155397","9","398396"
"chr6","31554251","31554545","chr19","31155859","31156163","27","398392"
"chr6","31603667","31603832","chr19","31205000","31205162","9","398667"
"chr6","31606714","31606889","chr3","37236924","37237094","40","5630210"
"chr6","31631675","31631962","chr19","31233662","31233962","23","398013"
"chr6","31641006","31641285","chr19","31242939","31243229","18","398067"
"chr6","31656428","31656721","chr19","31259568","31259862","15","396860"
"chr6","31768234","31768391","chr19","31381310","31381469","10","386924"
"chr6","31816004","31816309","chr19","31426904","31427220","16","389100"
"chr6","31820212","31820479","chr19","31436585","31436852","8","383627"
"chr6","31931515","31931680","chr11","430004","430168","26","31501511"
"chr6","31936181","31936473","chr19","31550718","31551010","11","385463"
"chr6","31973318","31973515","chr19","31589484","31589681","6","383834"
"chr6","31992248","31992415","chr19","31610859","31611036","12","381389"
"chr6","32072093","32072280","chr19","31692780","31692965","10","379313"
"chr6","32072609","32072874","chr19","31693296","31693561","3","379313"
"chr6","32088911","32089197","chr19","31710817","31711106","11","378094"
"chr6","32101264","32101562","chr19","31725136","31725431","9","376128"
"chr6","32134063","32134360","chrX","41480818","41481118","60","9346755"
"chr6","32164214","32164522","chr19","31768858","31769170","27","395356"
"chr6","32189914","32190139","chr19","31790833","31791048","12","399081"
"chr6","32242372","32242689","chr19","31842245","31842561","11","400127"
"chr6","32244478","32244769","chr19","31844353","31844647","7","400125"
"chr6","32254465","32254831","chr8","20975982","20976323","93","11278483"
"chr6","32262755","32263056","chr19","31863602","31863901","5","399153"
"chr6","32323661","32323976","chr19","31928838","31929171","23","394823"
"chr6","32370960","32371210","chr11","26390171","26390434","63","5980789"
"chr6","32371240","32371416","chr7","107240683","107240857","40","74869443"
"chr6","32382514","32382827","chr19","31987819","31988132","14","394695"
"chr6","32388341","32388629","chr19","31993835","31994118","10","394506"
"chr6","32398538","32398842","chr2","67001641","67001955","79","34603103"
"chr6","32430460","32430758","chr19","32035971","32036274","8","394489"
"chr6","32438110","32438410","chr19","32046646","32046950","13","391464"
"chr6","32485315","32485616","chr19","32093265","32093565","6","392050"
"chr6","32491655","32491948","chr19","32100317","32100610","3","391338"
"chr6","32510054","32510364","chr19","32118230","32118525","16","391824"
"chr6","32510687","32510748","chr19","32118851","32118909","4","391836"
"chr6","32559850","32560130","chr19","32173387","32173666","8","386463"
"chr6","32578772","32578912","chr19","32188995","32189135","5","389777"
"chr6","32598822","32599102","chr19","32209206","32209476","15","389616"
"chr6","32629384","32629505","chr19","32240499","32240620","1","388885"
"chr6","32639709","32640007","chr19","32250721","32251019","3","388988"
"chr6","32642993","32643285","chr19","32253761","32254055","8","389232"
"chr6","32652104","32652387","chr19","32263572","32263858","12","388532"
"chr6","32663373","32663670","chr19","32275148","32275452","24","388225"
"chr6","32701189","32701441","chr19","32314440","32314712","24","386749"
"chr6","32709608","32709874","chr19","32322345","32322608","12","387263"
"chr6","32717625","32717884","chr19","32330159","32330419","8","387466"
"chr6","32719668","32719952","chr19","32332573","32332891","42","387095"
"chr6","32719998","32720008","chr19","32678666","32678677","3","41332"
"chr6","32736480","32736780","chr19","32351460","32351760","3","385020"
"chr6","32736881","32737007","chr15","40506290","40506414","17","7769409"
"chr6","32742785","32743085","chr19","32351460","32351760","3","391325"
"chr6","32743186","32743312","chr15","40506290","40506414","17","7763104"
"chr6","32767252","32767557","chr19","32376365","32376668","6","390887"
"chr6","32768824","32769131","chr1","113565369","113565674","58","80796545"
"chr6","32775366","32775678","chr19","32384822","32385135","10","390544"
"chr6","32781518","32781613","chr20","50964026","50964121","18","18182508"
"chr6","32781908","32782016","chr11","99466469","99466572","36","66684561"
"chr6","32809859","32809986","chr19","32411867","32411994","2","397992"
"chr6","32812267","32812549","chr19","32423855","32424148","20","388412"
"chr6","32822980","32823051","chr1","110101700","110101762","25","77278720"
"chr6","32823052","32823178","chr19","32435983","32436109","6","387069"
"chr6","32823220","32823312","chr15","21342905","21342992","16","11480315"
"chr6","32856996","32857307","chr19","32472140","32472459","15","384856"
"chr6","32859047","32859214","chr7","16368302","16368463","35","16490745"
"chr6","32859509","32859575","chr20","26006815","26006880","16","6852694"
"chr6","32859867","32859942","chr10","80050871","80050946","20","47191004"
"chr6","32869529","32869845","chr19","32485091","32485408","4","384438"
"chr6","32869853","32870141","chr19","32485416","32485672","42","384437"
"chr6","32874862","32875141","chr19","32490760","32491058","24","384102"
"chr6","32875169","32875180","chr6","128359960","128359970","3","95484791"
"chr6","32883947","32884103","chr1","86300683","86300842","31","53416736"
"chr6","32884393","32884528","chr7","121750326","121750458","24","88865933"
"chr6","32885117","32885320","chr19","32498341","32498544","5","386776"
"chr6","32896720","32896836","chr12","89317197","89317311","18","56420477"
"chr6","32912720","32912891","chr19","32531298","32531471","5","381422"
"chr6","32942799","32942926","chr19","34482522","34482656","20","1539723"
"chr6","32943231","32943416","chr1","85260492","85260663","37","52317261"
"chr6","32959385","32959627","chrX","1076767","1076982","82","31882618"
"chr6","32959871","32960128","chr19","32580639","32580896","0","379232"
"chr6","32961427","32961644","chr2","87352600","87352810","45","54391173"
"chr6","32967015","32967308","chr19","32589079","32589377","12","377936"
"chr6","32967879","32968008","chr8","67836179","67836305","21","34868300"
"chr6","32968540","32968674","chrX","45089798","45089928","20","12121258"
"chr6","32975604","32975903","chr2","144697481","144697780","57","111721877"
"chr6","32985241","32985435","chr19","32607518","32607713","8","377723"
"chr6","32993443","32993739","chr19","32616053","32616351","4","377390"
"chr6","32997347","32997652","chrX","112731407","112731724","69","79734060"
"chr6","32997653","32997785","chr4","84764886","84765021","24","51767233"
"chr6","33005775","33005894","chr1","3169887","3170007","32","29835888"
"chr6","33021318","33021479","chr8","66216290","66216447","31","33194972"
"chr6","33044450","33044573","chr19","32664765","32664888","1","379685"
"chr6","33051958","33052242","chr19","32668869","32669166","16","383089"
"chr6","33057292","33057431","chr19","32675000","32675139","0","382292"
"chr6","33075320","33075610","chr19","32693986","32694275","8","381334"
"chr6","33077505","33077628","chr3","105419310","105419431","17","72341805"
"chr6","33087172","33087334","chr19","32707127","32707289","4","380045"
"chr6","33096727","33096859","chr11","94822598","94822729","19","61725871"
"chr6","33117757","33118050","chr19","32739060","32739349","7","378697"
"chr6","33128146","33128438","chr19","32751613","32751902","15","376533"
"chr6","33135625","33135787","chr20","39137600","39137762","35","6001975"
"chr6","33139133","33139440","chr19","32758610","32758914","17","380523"
"chr6","33143643","33143920","chr19","32763131","32763408","6","380512"
"chr6","33145955","33146243","chr19","32765486","32765776","8","380469"
"chr6","33150432","33150594","chr19","32769963","32770125","2","380469"
"chr6","33163315","33163499","chr3","44374147","44374313","54","11210832"
"chr6","33168034","33168330","chr19","32789935","32790231","4","378099"
"chr6","33177908","33178215","chr19","32799900","32800206","18","378008"
"chr6","33194342","33194650","chr19","32817826","32818134","5","376516"
"chr6","33196220","33196401","chr19","32819725","32819902","6","376495"
"chr6","33204931","33205058","chr19","32826828","32826955","3","378103"
"chr6","33206508","33206802","chr19","32828704","32828997","8","377804"
"chr6","33209310","33209597","chr19","32831455","32831736","27","377855"
"chr6","33222657","33222971","chr19","32846082","32846396","7","376575"
"chr6","33227747","33228026","chr19","32850526","32850805","9","377221"
"chr6","33229381","33229540","chr11","46841505","46841664","29","13612124"
"chr6","33243352","33243646","chr19","32867230","32867529","11","376122"
"chr6","33255467","33255758","chr19","32880714","32881006","4","374753"
"chr6","33273504","33273751","chr19","32901691","32901938","2","371813"
"chr6","33281983","33282109","chr2","78859261","78859389","19","45577278"
"chr6","33282435","33282604","chr18","16422268","16422443","42","16860167"
"chr6","33324277","33324508","chr11","121588435","121588663","53","88264158"
"chr6","33348714","33348994","chr19","32981398","32981678","4","367316"
"chr6","33367296","33367516","chr19","33000506","33000726","12","366790"
"chr6","33382496","33382649","chr19","33015953","33016106","4","366543"
"chr6","33384234","33384507","chr7","152800465","152800743","54","119416231"
"chr6","33413120","33413336","chr19","33062985","33063203","13","350135"
"chr6","33416381","33416503","chr19","33066236","33066358","1","350145"
"chr6","33423672","33423698","chr4","37952686","37952708","6","4529014"
"chr6","33425931","33426247","chr6","151363205","151363514","76","117937274"
"chr6","33430051","33430349","chr19","33083564","33083868","23","346487"
"chr6","33431166","33431303","chrX","41825184","41825311","25","8394018"
"chr6","33438013","33438301","chr4","100590535","100590820","52","67152522"
"chr6","33444486","33444764","chr11","118856396","118856680","58","85411910"
"chr6","33445702","33445833","chr19","33096291","33096422","5","349411"
"chr6","33470541","33470707","chrX","44106841","44107004","38","10636300"
"chr6","33471010","33471157","chr1","155866033","155866167","32","122395023"
"chr6","33479357","33479531","chr19","33136715","33136889","0","342642"
"chr6","33513103","33513419","chr19","33168149","33168464","11","344954"
"chr6","33515364","33515499","chr19","33170575","33170709","7","344789"
"chr6","33517768","33517888","chr19","33172990","33173105","5","344778"
"chr6","33525872","33526176","chr19","33177641","33177957","19","348231"
"chr6","33537311","33537376","chr10","37896586","37896644","14","4359275"
"chr6","33545786","33545944","chr19","33202917","33203080","6","342869"
"chr6","33547975","33548071","chr4","163454624","163454713","22","129906649"
"chr6","33550565","33550865","chr19","33207738","33208038","7","342827"
"chr6","33552810","33553097","chr19","33209983","33210270","3","342827"
"chr6","33564707","33564840","chr19","33222954","33223084","4","341753"
"chr6","33574463","33574765","chr19","33232176","33232478","6","342287"
"chr6","33580734","33580872","chr4","22872978","22873111","26","10707756"
"chr6","33581913","33582077","chr9","110691610","110691774","30","77109697"
"chr6","33583793","33584082","chr19","33242106","33242395","8","341687"
"chr6","33591337","33591503","chr19","33251061","33251227","7","340276"
"chr6","33593308","33593619","chr19","33255114","33255424","7","338194"
"chr6","33600307","33600616","chr19","28473075","28473382","55","5127232"
"chr6","33601311","33601486","chr14","7026982","7027152","31","26574329"
"chr6","33603084","33603393","chr3","3452231","3452541","55","30150853"
"chr6","33604415","33604649","chr9","41495592","41495828","53","7891177"
"chr6","33606006","33606265","chr19","33271670","33271929","17","334336"
"chr6","33607571","33607859","chr19","33273220","33273519","23","334351"
"chr6","33612375","33612645","chr19","33280381","33280673","28","331994"
"chr6","33621895","33622205","chr3","5358985","5359294","58","28262910"
"chr6","33625386","33625502","chr19","33292792","33292908","4","332594"
"chr6","33642281","33642421","chr19","33313176","33313316","5","329105"
"chr6","33649916","33650167","chr12","52399458","52399702","62","18749542"
"chr6","33662822","33662970","chr17","21016935","21017083","26","12645887"
"chr6","33670731","33671025","chr19","33346785","33347079","7","323946"
"chr6","33673011","33673148","chr1","212761457","212761590","23","179088446"
"chr6","33673456","33673648","chr8","63339372","63339558","39","29665916"
"chr6","33681425","33681729","chr19","33357964","33358264","12","323461"
"chr6","33690317","33690531","chr19","33367566","33367779","9","322751"
"chr6","33696304","33696397","chr19","33373436","33373530","1","322868"
"chr6","33699838","33699974","chr1","211937816","211937946","24","178237978"
"chr6","33700284","33700456","chr1","117466024","117466197","38","83765740"
"chr6","33707827","33708122","chr19","33385634","33385931","3","322193"
"chr6","33709448","33709778","chr19","33387255","33387579","15","322193"
"chr6","33794111","33794384","chr19","33474554","33474811","26","319557"
"chr6","33799793","33799955","chr1","181459991","181460155","27","147660198"
"chr6","33800260","33800409","chr1","217511492","217511641","32","183711232"
"chr6","33803305","33803578","chr19","33483439","33483741","31","319866"
"chr6","33821618","33821863","chr7","67763439","67763686","56","33941821"
"chr6","33823554","33823878","chr1","136255483","136255792","63","102431929"
"chr6","33830322","33830672","chr19","33501576","33501864","68","328746"
"chr6","33834384","33834671","chr15","21679515","21679794","54","12154869"
"chr6","33840241","33840522","chr19","33512447","33512728","11","327794"
"chr6","33842762","33842966","chr19","33541510","33541750","42","301252"
"chr6","33845367","33845526","chr19","33516891","33517053","8","328476"
"chr6","33865577","33865885","chr19","33527925","33528233","7","337652"
"chr6","33869731","33870023","chr19","33546382","33546671","10","323349"
"chr6","33875111","33875314","chr19","33552627","33552827","5","322484"
"chr6","33878457","33878618","chr19","33538970","33539131","6","339487"
"chr6","33881019","33881223","chr19","33541510","33541750","42","339509"
"chr6","33883462","33883743","chr19","33512447","33512728","11","371015"
"chr6","33896486","33896652","chr1","28517728","28517896","31","5378758"
"chr6","33896938","33897076","chr7","9414548","9414678","30","24482390"
"chr6","33905328","33905610","chr19","33573275","33573557","5","332053"
"chr6","33906134","33906424","chr19","33574080","33574367","8","332054"
"chr6","33909699","33909709","chr8","40522869","40522882","6","6613170"
"chr6","33910013","33910145","chr2","87528127","87528258","26","53618114"
"chr6","33919162","33919457","chr19","33587229","33587524","8","331933"
"chr6","33938498","33938648","chr19","33606240","33606410","22","332258"
"chr6","34000014","34000137","chr10","26846449","26846571","22","7153565"
"chr6","34021624","34021929","chr13","103257899","103258194","61","69236275"
"chr6","34026570","34026882","chr11","2026176","2026480","64","32000394"
"chr6","34027386","34027437","chr19","33697983","33698035","2","329403"
"chr6","34038916","34039125","chr19","33710569","33710780","6","328347"
"chr6","34086990","34087298","chr3","44863353","44863658","63","10776363"
"chr6","34099711","34099863","chr1","26628765","26628914","29","7470946"
"chr6","34105053","34105155","chr11","51755221","51755322","19","17650168"
"chr6","34105184","34105328","chr3","165919958","165920105","32","131814774"
"chr6","34107217","34107496","chr19","33772564","33772843","18","334653"
"chr6","34116583","34116893","chr19","33789061","33789366","16","327522"
"chr6","34119501","34119754","chrX","38715072","38715322","62","4595571"
"chr6","34128583","34128755","chr19","48464069","48464234","37","14335486"
"chr6","34129048","34129191","chr7","133879014","133879153","26","99749966"
"chr6","34132487","34132607","chr19","33808187","33808306","4","324300"
"chr6","34134401","34134692","chr19","33810094","33810386","3","324307"
"chr6","34151618","34151791","chr19","33828127","33828296","12","323491"
"chr6","34160975","34161222","chr19","33837531","33837778","3","323444"
"chr6","34184476","34184775","chr19","33861203","33861502","7","323273"
"chr6","34259829","34259976","chr19","33951089","33951236","1","308740"
"chr6","34306255","34306587","chr19","34084043","34084374","7","222212"
"chr6","34328852","34329149","chr19","34109406","34109704","24","219446"
"chr6","34350420","34350707","chr1","85860621","85860902","56","51510201"
"chr6","34377126","34377413","chr19","34167995","34168282","6","209131"
"chr6","34388721","34389032","chr19","34179083","34179393","6","209638"
"chr6","34401291","34401595","chr19","34193176","34193481","16","208115"
"chr6","34405922","34406182","chr19","34197638","34197898","6","208284"
"chr6","34407142","34407157","chr7","131755732","131755746","3","97348590"
"chr6","34407184","34407389","chr17","55305805","55306005","56","20898621"
"chr6","34409361","34409661","chr19","34215404","34215700","14","193957"
"chr6","34413529","34413843","chr19","34206913","34207210","54","206616"
"chr6","34423315","34423584","chr19","34231544","34231768","59","191771"
"chr6","34428778","34429070","chr19","34237124","34237416","6","191654"
"chr6","34474526","34474822","chr19","34286950","34287234","19","187576"
"chr6","34492712","34492983","chr19","34305860","34306135","14","186852"
"chr6","34549516","34549676","chr12","65839757","65839917","33","31290241"
"chr6","34586501","34586801","chr19","34407877","34408182","17","178624"
"chr6","34601953","34602261","chr19","34423005","34423312","9","178948"
"chr6","34616088","34616393","chrX","49546448","49546737","65","14930360"
"chr6","34622746","34622889","chr8","130000135","130000278","31","95377389"
"chr6","34623204","34623230","chr1","152721362","152721385","5","118098158"
"chr6","34630247","34630458","chr19","34453677","34453898","14","176570"
"chr6","34635299","34635433","chr1","38250718","38250853","17","3615419"
"chr6","34637525","34637836","chr19","34468397","34468717","20","169128"
"chr6","34643669","34643716","chr9","26609156","26609204","10","8034513"
"chr6","34646416","34646550","chr1","38250718","38250853","17","3604302"
"chr6","34647651","34647963","chr2","63966895","63967210","58","29319244"
"chr6","34663129","34663270","chr19","34482522","34482656","7","180607"
"chr6","34668822","34668953","chr7","41000872","41001002","15","6332050"
"chr6","34688979","34689271","chr19","34509627","34509927","12","179352"
"chr6","34695048","34695207","chr19","34516044","34516221","18","179004"
"chr6","34703385","34703507","chr19","34524226","34524348","7","179159"
"chr6","34725976","34726287","chr19","34548062","34548373","7","177914"
"chr6","34745889","34746074","chr18","3930992","3931167","48","30814897"
"chr6","34759265","34759385","chr19","34583690","34583809","2","175575"
"chr6","34760612","34760891","chr19","34586368","34586651","14","174244"
"chr6","34762777","34763083","chr19","34588535","34588841","4","174242"
"chr6","34773480","34773609","chr2","184394372","184394502","20","149620892"
"chr6","34781540","34781693","chr19","34603412","34603563","9","178128"
"chr6","34812490","34812621","chr19","34641987","34642118","7","170503"
"chr6","34820735","34820875","chr2","72525140","72525280","34","37704405"
"chr6","34821175","34821348","chrX","63576688","63576856","33","28755513"
"chr6","34823656","34823947","chr19","34645950","34646241","11","177706"
"chr6","34824963","34825288","chr19","34647259","34647566","26","177704"
"chr6","34825322","34825503","chr19","34647600","34647779","5","177722"
"chr6","34826728","34827017","chr19","34649001","34649286","18","177727"
"chr6","34841698","34841999","chr19","34664968","34665269","6","176730"
"chr6","34846943","34847248","chr19","34670012","34670325","15","176931"
"chr6","34851507","34851793","chr10","67282630","67282925","61","32431123"
"chr6","34863979","34864259","chr19","34689862","34690139","12","174117"
"chr6","34878433","34878550","chr19","34705796","34705911","3","172637"
"chr6","34888801","34889102","chr19","34716955","34717248","10","171846"
"chr6","34900465","34900521","chr19","34714533","34714589","0","185932"
"chr6","34905376","34905694","chr9","115972944","115973259","68","81067568"
"chr6","34909472","34909790","chr16","28311107","28311411","63","6598365"
"chr6","34910481","34910619","chr19","34740102","34740237","6","170379"
"chr6","34928104","34928399","chr19","34755127","34755422","7","172977"
"chr6","34929775","34929942","chr12","81001667","81001831","40","46071892"
"chr6","34930241","34930371","chr11","43220840","43220968","21","8290599"
"chr6","34934262","34934522","chr19","34760937","34761197","11","173325"
"chr6","34936989","34937092","chr17","5936353","5936452","19","29000636"
"chr6","34938720","34938850","chr4","84446963","84447089","19","49508243"
"chr6","34941429","34941742","chr19","34770215","34770526","7","171214"
"chr6","34942635","34942942","chr19","34771419","34771726","5","171216"
"chr6","34947030","34947326","chr19","34776026","34776322","13","171004"
"chr6","34961403","34961722","chr1","142241227","142241522","79","107279824"
"chr6","34966533","34966832","chr19","34796830","34797126","14","169703"
"chr6","34968410","34968530","chr9","96346707","96346824","15","61378297"
"chr6","34968559","34968725","chr9","34667896","34668061","33","300663"
"chr6","34972945","34973230","chr19","34802954","34803238","10","169991"
"chr6","34987633","34987794","chr19","34818829","34818990","3","168804"
"chr6","34988916","34989237","chr19","34820065","34820383","14","168851"
"chr6","34997290","34997584","chr2","99898346","99898628","65","64901056"
"chr6","35019170","35019475","chrX","47103593","47103897","61","12084423"
"chr6","35022723","35022978","chr11","119712914","119713140","75","84690191"
"chr6","35024189","35024494","chr14","3427728","3428040","57","31596461"
"chr6","35026618","35026765","chr10","13625734","13625880","41","21400884"
"chr6","35027071","35027238","chr1","53323208","53323366","43","18296137"
"chr6","35042006","35042163","chr19","34879295","34879452","2","162711"
"chr6","35051071","35051368","chr19","34888181","34888478","4","162890"
"chr6","35053401","35053715","chr19","34890554","34890864","13","162847"
"chr6","35097726","35098035","chr19","34936305","34936610","14","161421"
"chr6","35101551","35101852","chr19","34940149","34940450","9","161402"
"chr6","35134592","35134880","chr1","141415705","141415985","62","106281113"
"chr6","35156552","35156834","chr19","34995148","34995429","12","161404"
"chr6","35159072","35159239","chr1","218165769","218165931","34","183006697"
"chr6","35162514","35162817","chr19","35000731","35001034","4","161783"
"chr6","35181835","35182116","chr2","88654099","88654386","68","53472264"
"chr6","35190810","35190975","chr19","35032944","35033109","5","157866"
"chr6","35191064","35191172","chr12","14311196","14311302","16","20879868"
"chr6","35191475","35191502","chr1","152721362","152721385","7","117529887"
"chr6","35191801","35191918","chrX","50543153","50543267","19","15351352"
"chr6","35198949","35199090","chr17","87831340","87831476","32","52632391"
"chr6","35199393","35199439","chr15","23670068","23670111","5","11529325"
"chr6","35208850","35209130","chr19","35052444","35052721","16","156406"
"chr6","35209164","35209466","chr19","35052756","35053053","13","156408"
"chr6","35224614","35224908","chr19","35068917","35069207","15","155697"
"chr6","35236160","35236257","chr18","55436067","55436151","26","20199907"
"chr6","35237392","35237695","chr19","35081511","35081821","21","155881"
"chr6","35246135","35246204","chr8","135300509","135300567","18","100054374"
"chr6","35246517","35246615","chr5","16298287","16298368","32","18948230"
"chr6","35247187","35247346","chr13","24670871","24671024","48","10576316"
"chr6","35265484","35265761","chr19","35110295","35110599","39","155189"
"chr6","35266419","35266550","chr19","35111250","35111382","3","155169"
"chr6","35268961","35269205","chr2","103524318","103524570","52","68255357"
"chr6","35281076","35281369","chr19","35128391","35128684","15","152685"
"chr6","35282312","35282436","chr19","35201686","35201810","2","80626"
"chr6","35287721","35288014","chr11","110955091","110955386","50","75667370"
"chr6","35289690","35289996","chr10","20832185","20832488","57","14457505"
"chr6","35290389","35290567","chr1","28517728","28517896","33","6772661"
"chr6","35293536","35293827","chr19","35137556","35137847","4","155980"
"chr6","35299273","35299506","chr19","35143294","35143525","6","155979"
"chr6","35339322","35339452","chr1","28679708","28679840","19","6659614"
"chr6","35394598","35394890","chr19","35352758","35353047","15","41840"
"chr6","35397992","35398274","chr15","76031184","76031469","61","40633192"
"chr6","35481555","35481572","chr7","125655255","125655271","3","90173700"
"chr6","35482316","35482561","chr1","35535568","35535788","59","53252"
"chr6","35482925","35482960","chr16","51874120","51874153","3","16391195"
"chr6","35500253","35500562","chr19","35471995","35472304","17","28258"
"chr6","35508268","35508513","chr19","35480276","35480519","5","27992"
"chr6","35519778","35520078","chr19","35498538","35498835","14","21240"
"chr6","35523259","35523540","chr6","73480085","73480366","55","37956826"
"chr6","35524903","35525195","chr19","35493463","35493761","7","31440"
"chr6","35531983","35532257","chr19","35506454","35506729","13","25529"
"chr6","35536565","35536736","chr11","7216380","7216554","58","28320185"
"chr6","35537050","35537186","chr15","88438615","88438736","31","52901565"
"chr6","35569559","35569712","chr11","39690413","39690553","44","4120854"
"chr6","35588779","35589064","chr19","35565683","35565968","6","23096"
"chr6","35603070","35603339","chr9","28809436","28809709","67","6793634"
"chr6","35613305","35613610","chr19","35589579","35589884","4","23726"
"chr6","35643002","35643285","chr19","35618691","35618976","10","24311"
"chr6","35652038","35652342","chr19","35627788","35628083","21","24250"
"chr6","35656333","35656455","chr19","35632064","35632186","1","24269"
"chr6","35684593","35684887","chr19","35662810","35663098","11","21783"
"chr6","35691208","35691379","chr7","41826908","41827092","49","6135700"
"chr6","35691686","35691813","chr18","71592757","71592883","22","35901071"
"chr6","35698706","35699028","chr19","35677053","35677400","29","21653"
"chr6","35703576","35703887","chr19","35681950","35682257","13","21626"
"chr6","35725117","35725500","chr3","179909859","179910213","121","144184742"
"chr6","35732014","35732293","chr19","35710816","35711098","12","21198"
"chr6","35738918","35739215","chr19","35717950","35718245","10","20968"
"chr6","35740821","35741137","chr19","35719845","35720165","15","20976"
"chr6","35825223","35825522","chr1","111255559","111255853","87","75430336"
"chr6","35852701","35852799","chr2","87181364","87181462","29","51328663"
"chr6","35852849","35853029","chr9","94163302","94163467","49","58310453"
"chr6","35873788","35873932","chr19","8318484","8318635","39","27555304"
"chr6","35983419","35983674","chr19","35954839","35955085","13","28580"
"chr6","36022982","36023196","chr19","35994157","35994354","22","28825"
"chr6","36070887","36071146","chr19","36051768","36052027","7","19119"
"chr6","36074514","36074750","chr19","36055728","36055970","11","18786"
"chr6","36075137","36075270","chr19","36056356","36056484","7","18781"
"chr6","36149066","36149359","chr19","36131059","36131338","18","18007"
"chr6","36156105","36156407","chr4","20504400","20504700","62","15651705"
"chr6","36156411","36156531","chr19","36142631","36142751","1","13780"
"chr6","36181498","36181789","chr9","15367943","15368229","57","20813555"
"chr6","36207799","36208093","chr19","36193878","36194168","8","13921"
"chr6","36228158","36228435","chr19","36218833","36219110","8","9325"
"chr6","36229983","36230280","chr19","36220638","36220937","5","9345"
"chr6","36232597","36232896","chr19","36223262","36223559","7","9335"
"chr6","36243528","36243815","chr19","36233564","36233839","14","9964"
"chr6","36247672","36247817","chr19","36237692","36237849","15","9980"
"chr6","36248747","36249034","chr5","34373130","34373412","59","1875617"
"chr6","36330675","36330987","chr14","62283130","62283436","67","25952455"
"chr6","36340810","36340975","chr19","36331684","36331866","20","9126"
"chr6","36360201","36360291","chr19","36350557","36350647","1","9644"
"chr6","36369471","36369762","chr19","36359806","36360105","15","9665"
"chr6","36390877","36391036","chr19","36381358","36381517","2","9519"
"chr6","36394258","36394553","chr19","36385793","36386088","5","8465"
"chr6","36398704","36398998","chr19","36389962","36390256","3","8742"
"chr6","36480206","36480329","chr19","36476110","36476232","7","4096"
"chr6","36509885","36510162","chr9","60599309","60599597","63","24089424"
"chr6","36563528","36563875","chr19","36564185","36564476","62","657"
"chr6","36576961","36577269","chr19","36577869","36578171","16","908"
"chr6","36595286","36595562","chr14","13864531","13864804","59","22730755"
"chr6","36637202","36637327","chr7","131904249","131904371","17","95267047"
"chr6","36643116","36643219","chr19","36647859","36647955","9","4743"
"chr6","36655914","36656211","chr19","36653037","36653335","6","2877"
"chr6","36673624","36673935","chr19","36671087","36671394","11","2537"
"chr6","36674492","36674806","chr19","36671950","36672266","8","2542"
"chr6","36704774","36705054","chr4","84750658","84750949","69","48045884"
"chr6","36732519","36732649","chr19","36731678","36731808","5","841"
"chr6","36747426","36747578","chr19","36747191","36747345","6","235"
"chr6","36913318","36913621","chr10","10810930","10811227","70","26102388"
"chr6","36941983","36942275","chr2","31568808","31569096","54","5373175"
"chr6","36951211","36951393","chr14","61846043","61846218","49","24894832"
"chr6","36957851","36958134","chr7","7358814","7359073","59","29599037"
"chr6","36965095","36965382","chr9","39237030","39237325","55","2271935"
"chr6","36971841","36971975","chr18","29507418","29507545","26","7464423"
"chr6","36977820","36978128","chrX","43510633","43510931","76","6532813"
"chr6","36992664","36992796","chr2","159924711","159924842","25","122932047"
"chr6","36992830","36993007","chr13","71844195","71844375","30","34851365"
"chr6","36997977","36998264","JH682906","77851","78145","53","36920126"
"chr6","37017882","37018203","chr19","37122148","37122457","15","104266"
"chr6","37020636","37020932","chr19","37124964","37125234","28","104328"
"chr6","37025292","37025595","chr19","28473075","28473382","60","8552217"
"chr6","37034933","37035221","chr19","37139549","37139837","7","104616"
"chr6","37041764","37042063","chr2","100179283","100179584","48","63137519"
"chr6","37046207","37046330","chr19","37151073","37151198","3","104866"
"chr6","37048035","37048308","chr9","35022528","35022793","104","2025507"
"chr6","37048606","37048698","chr11","111686132","111686226","20","74637526"
"chr6","37076072","37076376","chr11","46631266","46631567","51","9555194"
"chr6","37095454","37095784","chr19","37202665","37202996","9","107211"
"chr6","37099161","37099452","chr19","37206383","37206676","7","107222"
"chr6","37104401","37104716","chr19","37211958","37212273","8","107557"
"chr6","37168831","37169124","chr19","37273472","37273787","31","104641"
"chr6","37182034","37182190","chr19","37289605","37289761","4","107571"
"chr6","37182871","37183161","chr19","37290458","37290749","26","107587"
"chr6","37184997","37185303","chr19","37292523","37292833","13","107526"
"chr6","37195228","37195567","chr19","37302813","37303152","3","107585"
"chr6","37196679","37196982","chr19","37304252","37304559","10","107573"
"chr6","37202059","37202345","chr19","37309597","37309884","16","107538"
"chr6","37202739","37203051","chr8","127970126","127970433","61","90767387"
"chr6","37221021","37221329","chr19","37328222","37328525","10","107201"
"chr6","37228364","37228529","chr19","37339488","37339658","11","111124"
"chr6","37233339","37233654","chr19","37344833","37345148","13","111494"
"chr6","37236803","37237107","chr19","37348311","37348607","21","111508"
"chr6","37264633","37264909","chr19","37377431","37377707","10","112798"
"chr6","37269392","37269667","chr19","37382499","37382788","17","113107"
"chr6","37285267","37285392","chr19","37398108","37398232","4","112841"
"chr6","37302416","37302530","chr20","390739","390862","21","36911677"
"chr6","37315972","37316252","chr19","37429506","37429782","9","113534"
"chr6","37345947","37346066","chr19","37463311","37463431","3","117364"
"chr6","37425612","37425890","chr19","37546780","37547067","19","121168"
"chr6","37452758","37452883","chr10","36885159","36885281","28","567599"
"chr6","37571892","37572185","chr19","37693924","37694228","22","122032"
"chr6","37582350","37582546","chr19","40969799","40969985","58","3387449"
"chr6","37642707","37643006","chr19","37766594","37766895","12","123887"
"chr6","37669192","37669485","chr4","119390285","119390581","56","81721093"
"chr6","37708770","37708850","chr19","37838671","37838751","0","129901"
"chr6","37711985","37712196","chr19","37842015","37842267","48","130030"
"chr6","37724051","37724312","chr19","37854433","37854696","10","130382"
"chr6","37743580","37743884","chr19","37874072","37874377","6","130492"
"chr6","37756873","37757159","chr19","37890536","37890828","10","133663"
"chr6","37784717","37784943","chr20","39873772","39874008","57","2089055"
"chr6","37808859","37809151","chr19","37944503","37944795","13","135644"
"chr6","37857215","37857361","chr19","37994421","37994557","11","137206"
"chr6","37861683","37861785","chr15","99895439","99895550","24","62033756"
"chr6","37886537","37886803","chr19","38024934","38025228","31","138397"
"chr6","37905487","37905636","chr19","38046273","38046418","7","140786"
"chr6","37916773","37916887","chr19","38058601","38058715","4","141828"
"chr6","37923115","37923293","chr19","38063631","38063776","42","140516"
"chr6","37949819","37950118","chr19","38092393","38092692","4","142574"
"chr6","37981283","37981568","chr19","9929527","9929817","63","28051756"
"chr6","37996393","37996605","chr5","50313471","50313682","41","12317078"
"chr6","37996727","37997012","chr8","69131425","69131696","61","31134698"
"chr6","37997734","37997892","chr6","36657124","36657292","30","1340610"
"chr6","38007595","38007890","chr16","31457894","31458186","54","6549701"
"chr6","38023368","38023635","chr2","68707206","68707483","53","30683838"
"chr6","38046144","38046266","chr19","38187504","38187626","2","141360"
"chr6","38048593","38048749","chr19","38190975","38191146","26","142382"
"chr6","38052651","38052942","chr18","18588168","18588462","53","19464483"
"chr6","38075048","38075359","chr15","96894313","96894623","58","58819265"
"chr6","38092247","38092535","chr9","39857935","39858219","61","1765688"
"chr6","38094949","38095266","chr19","38152957","38153274","5","58008"
"chr6","38103249","38103456","chr19","38161257","38161464","3","58008"
"chr6","38127311","38127476","chr19","27135468","27135639","38","10991843"
"chr6","38133196","38133392","chrX","138059562","138059749","53","99926366"
"chr6","38133674","38133793","chr8","48837288","48837409","20","10703614"
"chr6","38136619","38136943","chr5","80033650","80033923","93","41897031"
"chr6","38147469","38147764","chr19","38210666","38210962","6","63197"
"chr6","38148373","38148680","chr19","38211571","38211883","11","63198"
"chr6","38154308","38154432","chr1","113417615","113417737","14","75263307"
"chr6","38173204","38173335","chr16","49906916","49907047","23","11733712"
"chr6","38175928","38176220","chr19","38239908","38240201","3","63980"
"chr6","38183635","38183933","chr19","38247922","38248222","7","64287"
"chr6","38191854","38192142","chr20","25990188","25990468","53","12201666"
"chr6","38197821","38197992","chr19","38263270","38263432","16","65449"
"chr6","38205588","38205709","chr19","38273209","38273331","5","67621"
"chr6","38213336","38213457","chr19","38273209","38273331","5","59873"
"chr6","38215835","38216100","chr19","38278932","38279188","12","63097"
"chr6","38232659","38232981","chr19","38295851","38296181","19","63192"
"chr6","38245280","38245581","chr14","9092853","9093152","66","29152427"
"chr6","38247470","38247630","chr7","117730612","117730774","43","79483142"
"chr6","38247935","38248035","chr1","10910145","10910244","21","27337790"
"chr6","38249985","38250249","chr19","38311787","38312053","5","61802"
"chr6","38255985","38256165","chr19","38317526","38317714","17","61541"
"chr6","38257192","38257493","chr19","38318737","38319038","8","61545"
"chr6","38264101","38264239","chr9","59223715","59223849","25","20959614"
"chr6","38266196","38266512","chr19","38328972","38329289","10","62776"
"chr6","38278740","38278885","chr19","38341043","38341189","4","62303"
"chr6","38287016","38287328","chr19","38350441","38350755","16","63425"
"chr6","38295133","38295451","chr3","37097993","37098297","70","1197140"
"chr6","38296132","38296447","chr7","94425583","94425891","65","56129451"
"chr6","38324668","38324832","chr19","38391966","38392130","3","67298"
"chr6","38340467","38340597","chr1","39578192","39578322","24","1237725"
"chr6","38340903","38341133","chr7","43556943","43557154","80","5216040"
"chr6","38341743","38341819","chr6","169377867","169377942","15","131036124"
"chr6","38343717","38344011","chr12","44254876","44255178","70","5911159"
"chr6","38359078","38359217","chr19","38427491","38427630","5","68413"
"chr6","38379089","38379380","chrX","49546448","49546737","49","11167359"
"chr6","38383381","38383538","chr3","45464941","45465102","34","7081560"
"chr6","38383847","38383984","chr1","135097790","135097920","21","96713943"
"chr6","38385101","38385392","JH682906","77851","78145","16","38307250"
"chr6","38387894","38388129","JH682906","81237","81482","15","38306657"
"chr6","38391237","38391528","JH682906","77851","78145","14","38313386"
"chr6","38395201","38395400","chr4","34898446","34898643","54","3496755"
"chr6","38403022","38403263","JH682906","69374","69615","10","38333648"
"chr6","38408664","38408797","JH682906","54768","54901","1","38353896"
"chr6","38420460","38420749","JH682906","43299","43592","8","38377161"
"chr6","38423935","38424070","chr20","66600929","66601063","16","28176994"
"chr6","38424363","38424438","chrX","112791348","112791424","16","74366985"
"chr6","38430549","38430837","chr7","131928785","131929080","60","93498236"
"chr6","38435744","38435922","chr4","10353260","10353422","55","28082484"
"chr6","38444797","38445084","JH682906","16099","16388","7","38428698"
"chr6","38447639","38447752","chr13","116495251","116495365","18","78047612"
"chr6","38448321","38448481","chr1","19872269","19872406","54","18576052"
"chr6","38454763","38454919","chr13","10016063","10016225","34","28438700"
"chr6","38489522","38489540","chr3","5683934","5683952","5","32805588"
"chr6","38489866","38490040","chr3","39323973","39324142","34","834107"
"chr6","38495790","38496089","chr19","38465786","38466080","18","30004"
"chr6","38507155","38507374","chr4","161824274","161824495","40","123317119"
"chr6","38521922","38522232","chr19","38496017","38496326","8","25905"
"chr6","38543367","38543664","chr10","77474646","77474949","54","38931279"
"chr6","38543843","38544178","chr10","52737902","52738234","72","14194059"
"chr6","38553487","38553609","chr9","92109282","92109406","17","53555795"
"chr6","38560715","38561008","chr19","38536936","38537229","4","23779"
"chr6","38582429","38582711","chr19","38560178","38560453","14","22251"
"chr6","38633976","38634208","chr7","16015964","16016183","47","22618012"
"chr6","38634467","38634764","chr19","38620964","38621261","6","13503"
"chr6","38640635","38640973","chr13","83973679","83973995","83","45333044"
"chr6","38662984","38663292","chr19","38648955","38649260","19","14029"
"chr6","38670773","38671067","chr15","37422164","37422461","53","1248609"
"chr6","38717685","38717997","chr19","38701530","38701843","11","16155"
"chr6","38733257","38733434","chr19","38720051","38720228","3","13206"
"chr6","38734877","38735169","chr19","38721722","38722014","7","13155"
"chr6","38736976","38737116","chr2","90923701","90923837","26","52186725"
"chr6","38740581","38740723","chr1","135097790","135097920","24","96357209"
"chr6","38741000","38741186","chr1","49411370","49411556","51","10670370"
"chr6","38750300","38750547","chr19","38736659","38736906","3","13641"
"chr6","38756413","38756694","chr19","38743109","38743385","14","13304"
"chr6","38767100","38767396","chr3","35477073","35477365","52","3290027"
"chr6","38781100","38781395","chr19","38767052","38767347","8","14048"
"chr6","38834421","38834449","chr16","31975848","31975874","9","6858573"
"chr6","38834493","38834600","chr1","48998824","48998936","20","10164331"
"chr6","38857331","38857494","chr3","34783463","34783631","31","4073868"
"chr6","38857524","38857669","chr1","217896553","217896692","30","179039029"
"chr6","38878751","38878845","chr4","153846314","153846407","16","114967563"
"chr6","38879144","38879208","chr3","44101399","44101458","17","5222255"
"chr6","38920910","38921193","chr19","38920394","38920686","25","516"
"chr6","38950872","38951082","chr18","14295973","14296177","61","24654899"
"chr6","38951679","38951798","chr1","162636063","162636171","27","123684384"
"chr6","38966888","38967074","chr2","126328952","126329143","45","87362064"
"chr6","38971881","38972111","chr12","102921903","102922135","57","63950022"
"chr6","38977398","38977706","chr19","38982428","38982719","23","5030"
"chr6","38982217","38982508","chr19","38987056","38987345","10","4839"
"chr6","38987653","38987778","chr15","88438615","88438736","25","49450962"
"chr6","38990092","38990404","chr2","50436019","50436328","67","11445927"
"chr6","39004652","39004944","chr19","39008289","39008577","16","3637"
"chr6","39011357","39011521","chr4","59407926","59408081","31","20396569"
"chr6","39011814","39011954","chr9","59223715","59223849","27","20211901"
"chr6","39023760","39024052","chr19","39026130","39026424","8","2370"
"chr6","39038529","39038816","chr19","39040502","39040788","7","1973"
"chr6","39041176","39041487","chr19","39043147","39043460","13","1971"
"chr6","39042135","39042364","chr8","37258554","37258768","66","1783581"
"chr6","39042661","39042720","chr8","76151747","76151807","8","37109086"
"chr6","39072340","39072462","chrX","38461974","38462095","20","610366"
"chr6","39075916","39076114","chr2","78890989","78891187","51","39815073"
"chr6","39076425","39076562","chr7","41000872","41001002","26","1924447"
"chr6","39082905","39083130","chr19","39088037","39088262","11","5132"
"chr6","39095164","39095315","chr19","39101121","39101248","26","5957"
"chr6","39104002","39104136","chrX","141830909","141831042","23","102726907"
"chr6","39104743","39104909","chr9","15659131","15659290","32","23445612"
"chr6","39106625","39106809","chr13","71844195","71844375","33","32737570"
"chr6","39119858","39119943","chr6","85134638","85134720","19","46014780"
"chr6","39120235","39120370","chr1","21628432","21628567","22","17491803"
"chr6","39134121","39134255","chr3","44980270","44980402","27","5846149"
"chr6","39141078","39141379","chr3","35714713","35715009","86","3426365"
"chr6","39147206","39147329","chr6","53123473","53123595","22","13976267"
"chr6","39155761","39156067","chr19","39171672","39171974","12","15911"
"chr6","39162379","39162557","chr4","111313320","111313500","46","72150941"
"chr6","39163099","39163391","chr19","39179001","39179292","10","15902"
"chr6","39167383","39167508","chr8","135548043","135548167","14","96380660"
"chr6","39167808","39167820","chr20","49182636","49182649","5","10014828"
"chr6","39168155","39168329","chr16","71916151","71916323","40","32747996"
"chr6","39169249","39169541","chr19","9929527","9929817","54","29239722"
"chr6","39172016","39172316","chr19","39188425","39188723","11","16409"
"chr6","39184404","39184700","chrX","7218593","7218892","60","31965811"
"chr6","39187687","39187818","chr19","39205153","39205283","4","17466"
"chr6","39201310","39201454","chr4","11509551","11509689","28","27691759"
"chr6","39205868","39206174","chr19","39224106","39224410","13","18238"
"chr6","39207289","39207448","chrX","44106841","44107004","37","4899552"
"chr6","39225168","39225448","chr19","39240921","39241201","7","15753"
"chr6","39238596","39238896","chr19","39256309","39256613","29","17713"
"chr6","39266815","39267002","chr19","39285731","39285919","5","18916"
"chr6","39281094","39281407","chr19","39299594","39299891","24","18500"
"chr6","39304943","39305067","chr19","39328811","39328935","2","23868"
"chr6","39311758","39312050","chr4","2969830","2970134","65","36341928"
"chr6","39317255","39317405","chr19","8318484","8318635","30","30998771"
"chr6","39361471","39361594","chr19","39386613","39386736","3","25142"
"chr6","39364902","39365183","chr15","6653288","6653567","63","32711614"
"chr6","39367014","39367282","chr19","39392501","39392786","25","25487"
"chr6","39399610","39399909","chr1","183152705","183153001","60","143753095"
"chr6","39400022","39400189","chr11","52925931","52926094","26","13525909"
"chr6","39437748","39437790","chr4","118693000","118693042","14","79255252"
"chr6","39439760","39440056","chr19","39469691","39469994","27","29931"
"chr6","39443134","39443347","chr7","130168274","130168482","52","90725140"
"chr6","39447632","39447943","chr19","39473987","39474286","27","26355"
"chr6","39467453","39467684","chr6","112974200","112974405","63","73506747"
"chr6","39467999","39468125","chr4","143644650","143644764","30","104176651"
"chr6","39479023","39479135","chr19","39505478","39505587","4","26455"
"chr6","39483565","39483720","chr7","50840771","50840927","27","11357206"
"chr6","39591782","39591941","chr19","39516595","39516754","2","75187"
"chr6","39597424","39597707","chr19","39526946","39527229","5","70478"
"chr6","39657619","39657902","chr19","39589702","39589985","9","67917"
"chr6","39659916","39660155","chr19","39592006","39592239","15","67910"
"chr6","39663922","39664201","chr19","39596639","39596918","0","67283"
"chr6","39677890","39677900","chr6","128359960","128359970","4","88682070"
"chr6","39678208","39678331","chr14","31887396","31887503","31","7790812"
"chr6","39683501","39683650","chr1","38250718","38250853","31","1432783"
"chr6","39683978","39684139","chr13","107230023","107230173","35","67546045"
"chr6","39733956","39734266","chr19","39668250","39668556","8","65706"
"chr6","39763047","39763338","chr19","39697921","39698212","7","65126"
"chr6","39793869","39794009","chr19","39715522","39715662","1","78347"
"chr6","39799902","39800196","chrX","16790369","16790672","61","23009533"
"chr6","39802577","39802808","chr19","39724489","39724720","7","78088"
"chr6","39877509","39877809","chr19","39817509","39817781","36","60000"
"chr6","39907815","39907940","chr13","60075494","60075618","21","20167679"
"chr6","39908239","39908432","chr6","108010515","108010694","40","68102276"
"chr6","39924977","39925272","chr19","39863827","39864110","20","61150"
"chr6","39935840","39935959","chr19","39874821","39874940","0","61019"
"chr6","39936218","39936466","chr19","39875199","39875470","29","61019"
"chr6","39948954","39949247","chr19","39890965","39891258","8","57989"
"chr6","39974515","39974662","chr19","39917512","39917659","3","57003"
"chr6","39996361","39996520","chr3","43011928","43012086","27","3015567"
"chr6","39996822","39996881","chr9","110825603","110825662","8","70828781"
"chr6","40006379","40006675","chr19","39950386","39950683","11","55993"
"chr6","40012208","40012505","chr11","46631266","46631567","55","6619058"
"chr6","40022435","40022733","chr9","109124268","109124561","55","69101833"
"chr6","40035739","40036045","chr19","39979859","39980176","18","55880"
"chr6","40041168","40041488","chr19","39985303","39985629","21","55865"
"chr6","40054877","40055010","chr11","3197669","3197785","36","36857208"
"chr6","40055307","40055444","chr12","62153504","62153640","31","22098197"
"chr6","40055445","40055705","chr19","40000047","40000307","5","55398"
"chr6","40058414","40058707","chr19","40003632","40003921","12","54782"
"chr6","40060591","40060893","chr8","31646341","31646638","57","8414250"
"chr6","40067443","40067767","chr19","40012803","40013124","10","54640"
"chr6","40098766","40099065","chr19","40044621","40044920","4","54145"
"chr6","40129470","40129602","chr19","40060916","40061046","5","68554"
"chr6","40129901","40130087","chr18","43166044","43166175","74","3036143"
"chr6","40130465","40130641","chr2","20705096","20705268","36","19425369"
"chr6","40140376","40140435","chr9","41495522","41495582","13","1355146"
"chr6","40162403","40162516","chr9","12303533","12303642","20","27858870"
"chr6","40162815","40162956","chr4","111326444","111326579","28","71163629"
"chr6","40175499","40175691","chr9","30198097","30198287","43","9977402"
"chr6","40178930","40178970","chr18","62333495","62333533","11","22154565"
"chr6","40183583","40183872","chr19","40134736","40135028","14","48847"
"chr6","40187797","40187921","chr9","22037535","22037659","12","18150262"
"chr6","40196620","40196929","chr19","40145106","40145415","8","51514"
"chr6","40202442","40202568","chr19","40150931","40151055","4","51511"
"chr6","40220719","40220902","chr15","2318426","2318614","51","37902293"
"chr6","40221208","40221325","chr14","108061684","108061802","29","67840476"
"chr6","40228957","40229086","chr19","40174422","40174546","6","54535"
"chr6","40251416","40251696","chr19","40197047","40197327","8","54369"
"chr6","40256230","40256392","chr5","177461353","177461511","35","137205123"
"chr6","40256716","40256726","chr2","6035060","6035071","6","34221656"
"chr6","40257016","40257129","chr9","87044649","87044770","26","46787633"
"chr6","40288938","40289103","chr19","40236486","40236651","6","52452"
"chr6","40327799","40328096","chr19","40277708","40278009","9","50091"
"chr6","40355022","40355314","chr19","40302512","40302810","8","52510"
"chr6","40359441","40359645","chr1","24583071","24583273","58","15776370"
"chr6","40359950","40359970","chr1","94404573","94404590","12","54044623"
"chr6","40360265","40360389","chr1","197230268","197230383","27","156870003"
"chr6","40378143","40378271","chr19","40329177","40329305","4","48966"
"chr6","40392684","40392970","chr19","40345960","40346246","9","46724"
"chr6","40396193","40396424","chr1","123445242","123445473","48","83049049"
"chr6","40451061","40451234","chr11","52925931","52926094","42","12474870"
"chr6","40465300","40465528","chr19","40423807","40424035","6","41493"
"chr6","40477842","40477893","chr6","20666767","20666815","9","19811075"
"chr6","40478202","40478346","chr19","40441658","40441803","1","36544"
"chr6","40493142","40493268","chr19","40457943","40458068","7","35199"
"chr6","40526575","40526815","chr19","40493068","40493308","5","33507"
"chr6","40544306","40544603","chr19","40507619","40507935","37","36687"
"chr6","40551801","40552051","chr19","40520630","40520880","7","31171"
"chr6","40558769","40559048","chr19","40528134","40528413","7","30635"
"chr6","40560117","40560345","chr4","161824274","161824495","45","121264157"
"chr6","40572732","40572873","chr7","23195598","23195727","40","17377134"
"chr6","40574821","40575134","chr1","95720736","95721045","63","55145915"
"chr6","40586588","40586701","chr20","48876562","48876684","34","8289974"
"chr6","40598318","40598437","chr19","40572765","40572884","4","25553"
"chr6","40614267","40614578","chr19","40589825","40590123","28","24442"
"chr6","40647012","40647319","chr19","40624144","40624449","15","22868"
"chr6","40655920","40656002","chr4","25328748","25328831","11","15327172"
"chr6","40673779","40674107","chr19","40650197","40650525","4","23582"
"chr6","40674303","40674603","chr19","40650721","40651020","4","23582"
"chr6","40689440","40689530","chr7","77772464","77772552","17","37083024"
"chr6","40713487","40713771","chr19","40690978","40691260","5","22509"
"chr6","40719032","40719324","chr7","155993171","155993466","59","115274139"
"chr6","40721273","40721570","chr19","40698597","40698882","43","22676"
"chr6","40737155","40737460","chr19","40711187","40711494","10","25968"
"chr6","40738810","40739080","chr19","40714620","40714917","29","24190"
"chr6","40776835","40777114","chr19","40750909","40751173","30","25926"
"chr6","40799043","40799338","chr19","40772546","40772841","11","26497"
"chr6","40803204","40803502","chr19","40776676","40776976","15","26528"
"chr6","40825636","40825918","chr19","40798885","40799172","14","26751"
"chr6","40848324","40848598","chr19","40821940","40822214","12","26384"
"chr6","40857362","40857653","chr19","40841923","40842214","12","15439"
"chr6","40860936","40861207","chr19","40845497","40845803","40","15439"
"chr6","40871448","40871578","chr19","40847656","40847786","2","23792"
"chr6","40887784","40888049","chr19","40864314","40864608","37","23470"
"chr6","40900417","40900714","chr19","40887007","40887303","6","13410"
"chr6","40932065","40932374","chr19","40914523","40914832","8","17542"
"chr6","40945271","40945540","chr9","14171285","14171555","72","26773986"
"chr6","40952685","40952984","chr7","37076314","37076617","54","3876371"
"chr6","40955483","40955613","chr19","40939711","40939841","5","15772"
"chr6","40990587","40990869","chr19","40974395","40974684","11","16192"
"chr6","41021754","41021871","chr1","163275712","163275823","23","122253958"
"chr6","41041848","41042135","chr19","41027488","41027776","11","14360"
"chr6","41050499","41050674","chr20","55425031","55425204","45","14374532"
"chr6","41052853","41053153","chr9","94593044","94593343","58","53540191"
"chr6","41057612","41057912","chr19","41043253","41043553","2","14359"
"chr6","41077664","41077940","chr19","41068126","41068402","7","9538"
"chr6","41082612","41082739","chr19","41072601","41072721","11","10011"
"chr6","41091210","41091296","chr11","123380872","123380960","23","82289662"
"chr6","41118585","41118886","chr13","38010452","38010754","57","3108133"
"chr6","41126671","41127044","chr10","30956769","30957113","102","10169902"
"chr6","41212859","41213161","chr19","41216876","41217178","8","4017"
"chr6","41214263","41214561","chr19","41218353","41218648","13","4090"
"chr6","41215280","41215546","chr19","41219355","41219633","26","4075"
"chr6","41243454","41243761","chr4","149894398","149894711","55","108650944"
"chr6","41244362","41244625","chr19","41248058","41248315","12","3696"
"chr6","41248972","41249096","chr19","41262264","41262388","5","13292"
"chr6","41275436","41275726","chr11","110955091","110955386","51","69679655"
"chr6","41288129","41288436","chr6","143500563","143500870","64","102212434"
"chr6","41292632","41292915","chr1","198473054","198473333","54","157180422"
"chr6","41314011","41314134","chr11","71531261","71531385","15","30217250"
"chr6","41331654","41331818","chr6","87893112","87893274","34","46561458"
"chr6","41338022","41338369","chr19","41341041","41341370","28","3019"
"chr6","41339084","41339400","chr19","41342397","41342695","36","3313"
"chr6","41339424","41339770","chr19","41342714","41343035","49","3290"
"chr6","41342975","41343096","chr3","105419310","105419431","17","64076335"
"chr6","41343792","41344108","chr19","41347425","41347742","14","3633"
"chr6","41347898","41348154","chr19","41351048","41351304","2","3150"
"chr6","41349005","41349296","chr19","41352145","41352436","7","3140"
"chr6","41387514","41387815","chr19","41391757","41392065","20","4243"
"chr6","41413960","41414286","chr19","41419106","41419430","13","5146"
"chr6","41431365","41431494","chr16","71211594","71211723","16","29780229"
"chr6","41433162","41433455","chr2","79428143","79428421","57","37994981"
"chr6","41437619","41437777","chr18","13570798","13570957","27","27866821"
"chr6","41439039","41439345","chr19","41443734","41444023","25","4695"
"chr6","41534194","41534267","chr7","15074752","15074827","12","26459442"
"chr6","41534730","41534776","chr3","44192432","44192486","15","2657702"
"chr6","41534832","41534991","chrX","11316974","11317137","39","30217858"
"chr6","41572860","41572994","chr7","15523849","15523987","23","26049011"
"chr6","41610704","41611010","chr19","41607592","41607898","6","3112"
"chr6","41629515","41629829","chr19","41633678","41633963","37","4163"
"chr6","41629830","41630137","chr19","41633964","41634271","4","4134"
"chr6","41635352","41635643","chr19","41639179","41639474","11","3827"
"chr6","41642189","41642487","chr2","167928784","167929080","72","126286595"
"chr6","41687816","41687965","chr8","51885597","51885747","29","10197781"
"chr6","41688268","41688426","chr7","111580174","111580333","38","69891906"
"chr6","41699422","41699595","chr1","190595781","190595952","29","148896359"
"chr6","41699910","41699924","chr6","128359960","128359970","4","86660050"
"chr6","41718354","41718612","chr1","218501116","218501377","66","176782762"
"chr6","41766638","41766774","chr6","155890818","155890948","27","114124180"
"chr6","41767377","41767477","chr19","7983616","7983710","34","33783761"
"chr6","41785859","41786162","chr19","41799215","41799514","15","13356"
"chr6","41792609","41792723","chr19","41801444","41801572","16","8835"
"chr6","41819679","41819805","chr1","52522560","52522684","22","10702881"
"chr6","41838888","41839160","chr19","41853895","41854166","4","15007"
"chr6","41843600","41843911","chr19","41857885","41858198","9","14285"
"chr6","41857359","41857555","chr5","50313471","50313682","49","8456112"
"chr6","41857858","41857934","chr19","4115923","4115996","18","37741935"
"chr6","41896940","41897251","chr1","124423690","124423991","73","82526750"
"chr6","41899631","41899791","chr13","85906319","85906472","28","44006688"
"chr6","41899818","41899937","chr3","50864029","50864147","21","8964211"
"chr6","41906516","41906817","chr19","41917742","41918043","10","11226"
"chr6","41908108","41908240","chr16","30911116","30911247","19","10996992"
"chr6","41908884","41909188","chr1","8765955","8766252","65","33142929"
"chr6","41928330","41928585","chr19","41945319","41945574","3","16989"
"chr6","41960776","41960939","chr19","41987163","41987330","8","26387"
"chr6","41984864","41985023","chr11","41902354","41902511","33","82510"
"chr6","41985323","41985448","chr9","34505494","34505617","21","7479829"
"chr6","41999446","41999586","chr19","42026960","42027092","10","27514"
"chr6","41999905","42000000","chr16","65811253","65811336","29","23811348"
"chr6","42013104","42013407","chr19","42047368","42047675","11","34264"
"chr6","42029119","42029236","chr19","42058497","42058614","2","29378"
"chr6","42035245","42035283","chr19","42053454","42053496","8","18209"
"chr6","42035652","42035747","chr19","42053865","42053962","6","18213"
"chr6","42038665","42038958","chr19","42056878","42057176","11","18213"
"chr6","42044251","42044344","chr7","77772464","77772552","24","35728213"
"chr6","42058666","42058777","chr13","68515099","68515208","15","26456433"
"chr6","42059090","42059102","chr6","128359960","128359970","4","86300870"
"chr6","42065378","42065647","chr20","48183736","48183992","60","6118358"
"chr6","42066855","42067135","chr19","42084975","42085260","11","18120"
"chr6","42067444","42067755","chr19","42085564","42085876","17","18120"
"chr6","42079612","42079852","chr19","42098365","42098605","5","18753"
"chr6","42123149","42123439","chr15","106705555","106705844","66","64582406"
"chr6","42125749","42125976","chr19","42148532","42148758","9","22783"
"chr6","42136470","42136744","chr19","42163197","42163481","15","26727"
"chr6","42136778","42136943","chr19","42163508","42163673","4","26730"
"chr6","42139274","42139413","chr19","42165960","42166110","15","26686"
"chr6","42147228","42147526","chr19","42177030","42177327","13","29802"
"chr6","42147846","42148144","chr19","42178350","42178651","11","30504"
"chr6","42151137","42151269","chr19","42181985","42182123","21","30848"
"chr6","42155608","42155871","chr8","36585395","36585651","57","5570213"
"chr6","42157128","42157264","chr12","93357881","93358012","26","51200753"
"chr6","42157563","42157736","chr16","74286375","74286537","57","32128812"
"chr6","42185406","42185706","chr19","42224121","42224411","22","38715"
"chr6","42185715","42185847","chr19","42224422","42224559","7","38707"
"chr6","42319722","42319865","chr9","34873639","34873773","31","7446083"
"chr6","42320163","42320301","chr11","29007906","29008036","29","13312257"
"chr6","42383589","42383858","chr19","42430489","42430763","10","46900"
"chr6","42385183","42385481","chr7","557013","557309","64","41828170"
"chr6","42391792","42392060","chr19","42439602","42439870","7","47810"
"chr6","42402869","42403174","chr2","98001578","98001877","70","55598709"
"chr6","42439362","42439594","chrX","61746096","61746314","47","19306734"
"chr6","42443960","42444237","chr13","10627966","10628238","53","31815994"
"chr6","42445215","42445519","chr19","42476905","42477206","12","31690"
"chr6","42447230","42447529","chr19","42478911","42479216","16","31681"
"chr6","42516230","42516527","chr19","42550231","42550531","17","34001"
"chr6","42516581","42516922","chr19","42550579","42550922","10","33998"
"chr6","42534462","42534556","chr3","172154806","172154900","10","129620344"
"chr6","42537062","42537366","chr19","42571837","42572138","11","34775"
"chr6","42562348","42562579","chr1","65285247","65285469","44","22722899"
"chr6","42592178","42592459","chr19","42630617","42630881","22","38439"
"chr6","42613624","42613754","chr19","42652692","42652822","9","39068"
"chr6","42616409","42616657","chr19","42655573","42655824","8","39164"
"chr6","42636566","42636695","chr1","52522560","52522684","22","9885994"
"chr6","42657541","42657835","chr19","42702258","42702553","8","44717"
"chr6","42662511","42662563","chr11","60045428","60045482","9","17382917"
"chr6","42685432","42685551","chr6","73363431","73363547","22","30677999"
"chr6","42685858","42686013","chr15","105551724","105551865","35","62865866"
"chr6","42688471","42688784","chr4","34863637","34863952","61","7824834"
"chr6","42698834","42699130","chr13","24952866","24953154","56","17745968"
"chr6","42739126","42739414","chr19","42799517","42799806","12","60391"
"chr6","42740687","42740973","chr4","7468375","7468667","59","35272312"
"chr6","42760911","42761090","chr1","138470427","138470592","49","95709516"
"chr6","42761383","42761405","chr1","67208138","67208152","12","24446755"
"chr6","42761674","42761789","chr16","69873254","69873369","22","27111580"
"chr6","42781831","42782141","chr19","42844431","42844726","17","62600"
"chr6","42786319","42786418","chr4","35090059","35090152","27","7696260"
"chr6","42787001","42787206","chr7","133092005","133092203","59","90305004"
"chr6","42792683","42792969","chr19","42856371","42856659","4","63688"
"chr6","42800989","42801263","chr19","3681065","3681344","75","39119924"
"chr6","42823247","42823413","chr19","42885644","42885802","14","62397"
"chr6","42832617","42832911","chr19","42894714","42895019","25","62097"
"chr6","42870570","42870718","chr10","16838979","16839128","34","26031591"
"chr6","42875238","42875510","chr1","183942951","183943214","61","141067713"
"chr6","42888702","42888861","chrX","44634522","44634680","36","1745820"
"chr6","42900265","42900503","chr3","10928243","10928474","65","31972022"
"chr6","42923956","42924071","chr14","106512445","106512559","27","63588489"
"chr6","42924423","42924590","chr10","62028554","62028727","49","19104131"
"chr6","42959872","42959989","chr19","43050051","43050168","4","90179"
"chr6","42972142","42972444","chr19","43062629","43062935","9","90487"
"chr6","43005433","43005552","chr19","43098686","43098805","8","93253"
"chr6","43056106","43056245","chr19","43152745","43152884","4","96639"
"chr6","43067539","43067815","chr19","43165058","43165336","15","97519"
"chr6","43069210","43069461","chr1","161292549","161292810","61","118223339"
"chr6","43074285","43074572","chr19","43171552","43171841","12","97267"
"chr6","43098568","43098699","chr1","33635132","33635261","28","9463436"
"chr6","43099338","43099467","chr2","143610328","143610452","31","100510990"
"chr6","43099899","43100020","chr19","43189840","43189960","3","89941"
"chr6","43100762","43101039","chr11","100861710","100861988","58","57760948"
"chr6","43127426","43127535","chr19","43231125","43231234","2","103699"
"chr6","43143751","43144058","chr19","43247070","43247371","30","103319"
"chr6","43160045","43160167","chr8","138187186","138187306","25","95027141"
"chr6","43234446","43234611","chr19","43346972","43347137","0","112526"
"chr6","43251184","43251492","chr19","43364952","43365264","13","113768"
"chr6","43270021","43270288","chr19","43385291","43385558","10","115270"
"chr6","43272340","43272646","chr19","43387664","43387978","17","115324"
"chr6","43289846","43289969","chr19","43405491","43405614","3","115645"
"chr6","43295537","43295655","chr3","153594944","153595058","23","110299407"
"chr6","43328973","43329263","chr19","43441860","43442159","17","112887"
"chr6","43349141","43349446","chr19","43461772","43462077","8","112631"
"chr6","43358271","43358372","chr19","38638646","38638742","21","4719625"
"chr6","43380140","43380428","chr19","43493957","43494246","7","113817"
"chr6","43403983","43404259","chr19","43520726","43521039","46","116743"
"chr6","43413747","43414021","chr19","43530123","43530397","5","116376"
"chr6","43430146","43430432","chr19","43547885","43548171","6","117739"
"chr6","43431764","43432044","chr1","142483453","142483735","59","99051689"
"chr6","43432393","43432696","chr19","43550448","43550755","17","118055"
"chr6","43461968","43462024","chr19","43580988","43581045","3","119020"
"chr6","43475541","43475665","chr19","43594910","43595031","7","119369"
"chr6","43487410","43487651","chr9","92582886","92583131","58","49095476"
"chr6","43490816","43491111","chr19","43611035","43611325","15","120219"
"chr6","43501151","43501458","chr19","43620930","43621237","35","119779"
"chr6","43512902","43513086","chr20","51204464","51204645","42","7691562"
"chr6","43513129","43513238","chr4","14972782","14972898","23","28540347"
"chr6","43516364","43516499","chr12","93357881","93358012","23","49841517"
"chr6","43519925","43520228","chr19","43639293","43639596","7","119368"
"chr6","43524984","43525297","chr19","43644400","43644713","13","119416"
"chr6","43526168","43526476","chr19","43645593","43645897","12","119425"
"chr6","43534118","43534344","chr19","43654761","43654987","5","120643"
"chr6","43534824","43535136","chr16","71222728","71223035","66","27687904"
"chr6","43558695","43558826","chr4","22872978","22873111","19","20685717"
"chr6","43580217","43580502","chr19","43699656","43699969","36","119439"
"chr6","43595108","43595390","chr19","43716538","43716811","26","121430"
"chr6","43603419","43603560","chr19","48991994","48992125","30","5388575"
"chr6","43603858","43603991","chr1","22826330","22826461","26","20777528"
"chr6","43621248","43621527","chr19","43741613","43741892","12","120365"
"chr6","43643576","43643839","chr19","43764916","43765219","53","121340"
"chr6","43650000","43650271","chr19","43771978","43772249","17","121978"
"chr6","43651073","43651392","chr19","43774324","43774644","23","123251"
"chr6","43676064","43676192","chr19","43798172","43798300","4","122108"
"chr6","43682361","43682658","chr19","43806190","43806488","8","123829"
"chr6","43710048","43710183","chr19","43834368","43834502","6","124320"
"chr6","43710437","43710593","chr19","43834756","43834912","3","124319"
"chr6","43746432","43746703","chr19","43870623","43870889","12","124191"
"chr6","43749740","43750045","chr19","43873928","43874244","16","124188"
"chr6","43794880","43795197","chr19","43919290","43919568","44","124410"
"chr6","43800747","43801059","chr19","43925917","43926218","18","125170"
"chr6","43811953","43812083","chr19","43937688","43937822","11","125735"
"chr6","43834411","43834542","chr19","43961131","43961246","18","126720"
"chr6","43840566","43840727","chr14","97403891","97404050","53","53563325"
"chr6","43840756","43840858","chr15","81694300","81694399","25","37853544"
"chr6","43864074","43864202","chrX","20368300","20368427","23","23495774"
"chr6","43882929","43883022","chr19","44006723","44006817","3","123794"
"chr6","43889952","43890259","chr19","44013755","44014062","12","123803"
"chr6","43916068","43916352","chr19","44041582","44041866","15","125514"
"chr6","43940141","43940288","chr4","151296285","151296432","24","107356144"
"chr6","43995685","43995969","chr19","44136094","44136377","10","140409"
"chr6","44013671","44013995","chr19","44157025","44157333","20","143354"
"chr6","44031961","44032272","chr19","44175313","44175603","31","143352"
"chr6","44037674","44037790","chr16","56329809","56329926","21","12292135"
"chr6","44037839","44038013","chr19","27135468","27135639","43","16902371"
"chr6","44041292","44041573","chr19","44184762","44185042","10","143470"
"chr6","44058516","44058661","chr19","44202304","44202449","3","143788"
"chr6","44060652","44060958","chr19","44204313","44204607","17","143661"
"chr6","44067694","44067996","chr15","13812939","13813234","60","30254755"
"chr6","44070237","44070547","chr19","44219623","44219924","16","149386"
"chr6","44072243","44072523","chr19","44208921","44209223","33","136678"
"chr6","44076215","44076527","chr19","44213248","44213556","12","137033"
"chr6","44106316","44106601","chr19","44252169","44252454","6","145853"
"chr6","44107860","44108165","chr19","44253416","44253736","26","145556"
"chr6","44126837","44127060","chr19","44272108","44272320","24","145271"
"chr6","44144146","44144344","chr19","44287438","44287637","6","143292"
"chr6","44154653","44154937","chr19","44306610","44306910","23","151957"
"chr6","44215475","44215779","chr19","44364562","44364869","12","149087"
"chr6","44289080","44289348","chr19","44443371","44443640","13","154291"
"chr6","44303535","44303817","chr19","44460201","44460497","24","156666"
"chr6","44349176","44349484","chr19","44529860","44530170","13","180684"
"chr6","44441233","44441512","chr19","44644621","44644900","8","203388"
"chr6","44461084","44461380","chr19","44664803","44665097","11","203719"
"chr6","44465349","44465656","chr19","44669014","44669322","8","203665"
"chr6","44487226","44487396","chr19","44690688","44690858","4","203462"
"chr6","44492263","44492421","chr19","44695665","44695839","18","203402"
"chr6","44541193","44541307","chr19","44745095","44745196","16","203902"
"chr6","44563191","44563475","chr19","44766832","44767118","8","203641"
"chr6","44595336","44595642","chr19","44799389","44799692","18","204053"
"chr6","44598385","44598688","chr19","44802460","44802758","17","204075"
"chr6","44655585","44655733","chr19","44867574","44867723","4","211989"
"chr6","44671725","44672022","chr19","44883982","44884269","16","212257"
"chr6","44688750","44689044","chr19","44901522","44901811","10","212772"
"chr6","44712692","44712814","chr19","44925974","44926096","4","213282"
"chr6","44747234","44747535","chr19","44968050","44968345","14","220816"
"chr6","44763639","44763951","chr16","59859140","59859455","58","15095501"
"chr6","44789331","44789624","chr19","45011459","45011752","2","222128"
"chr6","44823410","44823563","chr19","45053101","45053259","9","229691"
"chr6","44833238","44833531","chr19","45062441","45062731","6","229203"
"chr6","44906255","44906393","chr19","45134540","45134675","8","228285"
"chr6","44945569","44945708","chr19","45178818","45178954","6","233249"
"chr6","44975005","44975276","chr19","45208877","45209145","8","233872"
"chr6","44982464","44982623","chr1","69184130","69184290","34","24201666"
"chr6","44982987","44983001","chr14","23706987","23707000","3","21276000"
"chr6","45011111","45011407","chr19","45246509","45246805","4","235398"
"chr6","45052473","45052702","chr19","45288359","45288588","2","235886"
"chr6","45064493","45064648","chr19","45300538","45300689","12","236045"
"chr6","45071910","45072207","chr16","40163220","40163511","75","4908690"
"chr6","45113331","45113633","chr19","45361280","45361584","19","247949"
"chr6","45113638","45113739","chr14","55365337","55365438","24","10251699"
"chr6","45133469","45133609","chr19","45373202","45373342","0","239733"
"chr6","45136295","45136556","chr19","45376645","45376904","14","240350"
"chr6","45140144","45140300","chr8","70097392","70097551","35","24957248"
"chr6","45156502","45156743","chr8","90482459","90482712","71","45325957"
"chr6","45157383","45157657","chr8","23247061","23247334","60","21910322"
"chr6","45157810","45157936","chr1","48156234","48156357","21","2998424"
"chr6","45168337","45168490","chr19","45409556","45409719","13","241219"
"chr6","45185371","45185524","chr19","45428419","45428573","8","243048"
"chr6","45205452","45205608","chr19","45471230","45471376","14","265778"
"chr6","45275725","45275854","chr19","45553893","45554022","8","278168"
"chr6","45313715","45314016","chr19","45593442","45593743","10","279727"
"chr6","45347154","45347382","chr19","45628316","45628550","18","281162"
"chr6","45369836","45370091","chr19","46428661","46428943","63","1058825"
"chr6","45384318","45384609","chr19","45673227","45673517","12","288909"
"chr6","45405630","45405766","chr19","45553893","45554022","21","148263"
"chr6","45434197","45434522","chr19","46300419","46300742","59","866222"
"chr6","45454053","45454188","chr19","45553893","45554022","23","99840"
"chr6","45552342","45552644","chr7","18057639","18057932","73","27494703"
"chr6","45588883","45589183","chr19","45830949","45831245","13","242066"
"chr6","45662467","45662741","chr19","45907359","45907663","34","244892"
"chr6","45800298","45800579","chr11","108558519","108558799","63","62758221"
"chr6","45803755","45804054","chr19","46053351","46053673","33","249596"
"chr6","45822740","45822980","chr1","14415563","14415793","52","31407177"
"chr6","45846470","45846690","chr19","46096946","46097164","15","250476"
"chr6","45883609","45883913","chr19","46138958","46139230","53","255349"
"chr6","45884521","45884810","chr1","86614393","86614693","64","40729872"
"chr6","45913113","45913243","chr19","46170532","46170663","4","257419"
"chr6","45919919","45920082","chr19","46175779","46175946","8","255860"
"chr6","46030462","46030757","chr19","46289048","46289339","14","258586"
"chr6","46042163","46042493","chr19","46300419","46300742","16","258256"
"chr6","46044000","46044304","chr19","46302232","46302543","17","258232"
"chr6","46076928","46077246","chr19","46427601","46427915","35","350673"
"chr6","46078388","46078665","chr19","46336198","46336472","8","257810"
"chr6","46113325","46113608","chr19","46369502","46369785","11","256177"
"chr6","46137948","46138273","chr19","46396904","46397222","18","258956"
"chr6","46166367","46166686","chr19","46427601","46427915","11","261234"
"chr6","46180542","46180732","chr13","64585192","64585378","52","18404650"
"chr6","46180772","46180887","chr9","94559288","94559404","23","48378516"
"chr6","46205982","46206300","chr19","46461691","46462009","17","255709"
"chr6","46207030","46207231","chr3","45534745","45534944","55","672285"
"chr6","46207258","46207351","chr2","98281423","98281520","27","52074165"
"chr6","46273064","46273388","chr19","46531672","46532008","20","258608"
"chr6","46292400","46292555","chr3","45464941","45465102","38","827459"
"chr6","46305417","46305561","chr10","14203431","14203566","39","32101986"
"chr6","46315033","46315256","chr19","46574819","46575042","3","259786"
"chr6","46332436","46332722","chr19","46594237","46594523","5","261801"
"chr6","46350920","46351146","chr2","61499776","61500000","62","15148856"
"chr6","46353621","46353894","chr6","143902327","143902614","67","97548706"
"chr6","46356259","46356581","chr18","40914681","40915000","91","5441578"
"chr6","46360551","46360670","chr19","46624285","46624404","1","263734"
"chr6","46364294","46364446","chr15","96969289","96969435","39","50604995"
"chr6","46364751","46364765","chr2","6035060","6035071","6","40329691"
"chr6","46389261","46389488","chr19","46647836","46648059","14","258575"
"chr6","46403742","46403841","chr19","46722800","46722896","19","319058"
"chr6","46404152","46404273","chr19","46750421","46750562","38","346269"
"chr6","46415515","46415614","chr19","46716412","46716515","16","300897"
"chr6","46415920","46416062","chr19","46750421","46750562","28","334501"
"chr6","46452924","46452987","chr19","46746058","46746122","2","293134"
"chr6","46478282","46478352","chr5","79816819","79816894","17","33338537"
"chr6","46489716","46489752","chr16","51874120","51874153","6","5384404"
"chr6","46490244","46490289","chr4","118693000","118693042","10","72202756"
"chr6","46508961","46509118","chrX","6992416","6992567","30","39516545"
"chr6","46509150","46509268","chr9","8133773","8133890","23","38375377"
"chr6","46544811","46545134","chrX","41355790","41356103","61","5189021"
"chr6","46551060","46551371","chr19","46830686","46830992","12","279626"
"chr6","46560592","46560723","chr16","71211594","71211723","23","24651002"
"chr6","46622545","46622867","chr11","93942142","93942458","66","47319597"
"chr6","46626638","46626949","chr1","15511657","15511964","53","31114981"
"chr6","46638392","46638572","chr5","121794526","121794711","50","75156134"
"chr6","46638862","46638975","chr7","26246123","26246238","22","20392739"
"chr6","46650519","46650824","chr19","46938247","46938548","7","287728"
"chr6","46653444","46653726","chr10","43204216","43204506","62","3449228"
"chr6","46672259","46672564","chr4","151886897","151887193","60","105214638"
"chr6","46711074","46711303","chr19","46998137","46998361","13","287063"
"chr6","46730703","46730844","chr19","47017688","47017837","14","286985"
"chr6","46743897","46744188","chr19","47031640","47031925","13","287743"
"chr6","46758005","46758186","chr7","111640971","111641143","32","64882966"
"chr6","46758486","46758620","chr4","84764886","84765021","21","38006400"
"chr6","46777529","46777692","chr13","97269742","97269885","52","50492213"
"chr6","46809325","46809468","chr9","59663232","59663369","43","12853907"
"chr6","46809775","46809908","chr3","152177123","152177251","31","105367348"
"chr6","46837745","46837875","chr19","47134726","47134850","8","296981"
"chr6","46857931","46858174","chr19","47153326","47153569","13","295395"
"chr6","46879741","46880025","chr19","47174043","47174332","14","294302"
"chr6","46887632","46887934","chr19","47185424","47185725","10","297792"
"chr6","46901258","46901569","chr11","46631266","46631567","70","269992"
"chr6","46941495","46941780","chr19","47225538","47225823","6","284043"
"chr6","46955963","46956111","chr19","47240185","47240333","2","284222"
"chr6","47047121","47047243","chr3","138741488","138741620","25","91694367"
"chr6","47054608","47054802","chrX","21075365","21075559","41","25979243"
"chr6","47112200","47112401","chr3","124204745","124204919","59","77092545"
"chr6","47173112","47173422","chr19","47477569","47477879","9","304457"
"chr6","47309816","47309964","chr19","47240185","47240333","3","69631"
"chr6","47536161","47536451","chr16","70200769","70201061","57","22664608"
"chr6","47553830","47554085","chr19","47844874","47845144","24","291044"
"chr6","47556763","47556907","chr18","13620356","13620509","38","33936407"
"chr6","47557310","47557393","chr19","47848369","47848456","9","291059"
"chr6","47562223","47562522","chr19","47853422","47853711","17","291199"
"chr6","47568083","47568162","chr19","47859171","47859250","3","291088"
"chr6","47569199","47569324","chr1","52522560","52522684","22","4953361"
"chr6","47570919","47571164","chr19","47862192","47862438","8","291273"
"chr6","47582780","47583089","chr3","150672422","150672734","50","103089642"
"chr6","47591134","47591346","chr19","47882578","47882796","7","291444"
"chr6","47602516","47602668","chr19","47894835","47894986","11","292319"
"chr6","47613123","47613259","chr4","43552441","43552574","19","4060682"
"chr6","47623211","47623557","chr19","47919220","47919566","14","296009"
"chr6","47627856","47628144","chr19","47924688","47924962","29","296832"
"chr6","47631747","47631870","chr19","47928500","47928628","7","296753"
"chr6","47633993","47634265","chr19","47931453","47931726","4","297460"
"chr6","47643081","47643314","chr15","13744272","13744501","58","33898809"
"chr6","47697814","47698102","chr19","48001657","48001944","13","303843"
"chr6","47714867","47715138","chr19","48020011","48020298","32","305144"
"chr6","47747975","47748110","chr7","133455885","133456019","28","85707910"
"chr6","47764866","47765175","chr19","48073462","48073771","16","308596"
"chr6","47766951","47767235","chr19","48075833","48076105","15","308882"
"chr6","47776340","47776625","chr19","48085143","48085426","9","308803"
"chr6","47784926","47785239","chr19","48094932","48095245","15","310006"
"chr6","47792262","47792553","chr19","48102595","48102890","13","310333"
"chr6","47795739","47796015","chr3","43058244","43058515","56","4737495"
"chr6","47809898","47810203","chr19","48115486","48115790","3","305588"
"chr6","47854038","47854366","chr19","48165248","48165579","13","311210"
"chr6","47857311","47857597","chr19","48168523","48168813","8","311212"
"chr6","47874281","47874578","chr5","35282459","35282762","69","12591822"
"chr6","47885604","47885917","chr5","165144955","165145263","62","117259351"
"chr6","47901356","47901504","chr10","28113068","28113208","27","19788288"
"chr6","47919683","47919962","chr19","48230273","48230554","6","310590"
"chr6","47931097","47931396","chr2","187012422","187012719","50","139081325"
"chr6","47951525","47951828","chr19","48265064","48265376","20","313539"
"chr6","47958739","47958891","chr19","48271866","48272018","4","313127"
"chr6","48004401","48004672","chr19","48318656","48318918","15","314255"
"chr6","48024674","48024932","chr19","48329146","48329428","28","304472"
"chr6","48055743","48056041","chr19","48367258","48367556","9","311515"
"chr6","48062977","48063263","chr19","48375177","48375463","4","312200"
"chr6","48098202","48098540","chr3","179909859","179910213","101","131811657"
"chr6","48119401","48119766","chr19","48435922","48436280","20","316521"
"chr6","48148512","48148632","chr19","48467531","48467633","18","319019"
"chr6","48148787","48148963","chr8","96186294","96186448","53","48037507"
"chr6","48159184","48159478","chr19","48479674","48479968","7","320490"
"chr6","48164816","48165003","chr19","48487033","48487219","8","322217"
"chr6","48170278","48170597","chr7","15348662","15348968","67","32821616"
"chr6","48176280","48176439","chr9","94707894","94708052","28","46531614"
"chr6","48176586","48176722","chr4","86669655","86669788","31","38493069"
"chr6","48177013","48177335","chr17","7125249","7125559","63","41051764"
"chr6","48178213","48178330","chr9","12303533","12303642","19","35874680"
"chr6","48182150","48182414","chr19","48505008","48505272","10","322858"
"chr6","48201449","48201565","chr19","48524267","48524389","7","322818"
"chr6","48217327","48217637","chr19","48539386","48539696","6","322059"
"chr6","48227561","48227713","chr19","7821523","7821676","42","40406038"
"chr6","48273273","48273567","chr19","48596352","48596652","11","323079"
"chr6","48371742","48371969","chr19","48697515","48697742","7","325773"
"chr6","48373589","48373729","chr16","48742453","48742590","31","368864"
"chr6","48376731","48377031","chr19","48702131","48702424","16","325400"
"chr6","48413650","48413779","chr19","48736280","48736409","5","322630"
"chr6","48542235","48542528","chr8","14897640","14897932","58","33644595"
"chr6","48542584","48542805","chr2","71422735","71422956","42","22880151"
"chr6","48549889","48550013","chr19","48875391","48875514","7","325502"
"chr6","48598957","48599276","chr6","36871598","36871909","75","11727359"
"chr6","48608004","48608288","chr19","48937992","48938279","11","329988"
"chr6","48630516","48630785","chr7","152800465","152800743","62","104169949"
"chr6","48661902","48662034","chr19","48991994","48992125","9","330092"
"chr6","48702774","48702883","chr6","150262661","150262759","31","101559887"
"chr6","48739307","48739604","chr19","49088699","49088990","21","349392"
"chr6","48755963","48756260","chr19","49088699","49088990","21","332736"
"chr6","48765678","48765994","chr12","15652452","15652752","63","33113226"
"chr6","48785033","48785230","chr19","49117339","49117565","34","332306"
"chr6","48805245","48805446","chr19","49138061","49138262","5","332816"
"chr6","48815117","48815230","chr3","34025152","34025264","26","14789965"
"chr6","48815269","48815357","chr14","63585648","63585731","21","14770379"
"chr6","48817855","48817919","chr10","30787225","30787290","16","18030630"
"chr6","48845135","48845287","chr4","153268690","153268824","37","104423555"
"chr6","48871528","48871836","chr19","49211976","49212283","15","340448"
"chr6","48934023","48934240","chr12","99689407","99689609","49","50755384"
"chr6","48942308","48942603","chrX","49546448","49546737","53","604140"
"chr6","49011089","49011197","chr19","49347866","49347974","0","336777"
"chr6","49040136","49040300","chr19","49375995","49376159","3","335859"
"chr6","49061351","49061624","chr19","49397339","49397612","6","335988"
"chr6","49081514","49081692","chr2","133933112","133933273","53","84851598"
"chr6","49100589","49100866","chr19","49439499","49439776","5","338910"
"chr6","49188409","49188588","chr19","49518194","49518348","31","329785"
"chr6","49208232","49208463","chr19","49537507","49537739","12","329275"
"chr6","49215959","49216257","chr19","49545202","49545507","24","329243"
"chr6","49241355","49241673","chr19","49576677","49576982","19","335322"
"chr6","49338640","49338775","chr19","49683972","49684107","2","345332"
"chr6","49338776","49339103","chr19","49684108","49684414","41","345332"
"chr6","49340957","49341241","chr19","49686250","49686531","8","345293"
"chr6","49378244","49378579","chr19","49726381","49726716","6","348137"
"chr6","49407445","49407749","chr19","49757596","49757900","10","350151"
"chr6","49421344","49421653","chr19","49773536","49773847","7","352192"
"chr6","49438853","49439085","chr19","49791113","49791344","7","352260"
"chr6","49483370","49483668","chr19","49835897","49836199","20","352527"
"chr6","49495349","49495506","chr19","49849768","49849916","9","354419"
"chr6","49524083","49524374","chr19","49878921","49879229","30","354838"
"chr6","49551322","49551683","chr13","88726206","88726541","110","39174884"
"chr6","49553908","49554032","chr4","17456410","17456533","21","32097498"
"chr6","49557811","49557934","chr8","63997023","63997145","21","14439212"
"chr6","49562195","49562431","chr15","50892379","50892599","67","1330184"
"chr6","49562732","49562786","chr9","81223361","81223411","8","31660629"
"chr6","49568012","49568316","chr19","49923687","49923991","6","355675"
"chr6","49574986","49575113","chr3","45701174","45701301","24","3873812"
"chr6","49588240","49588405","chr6","72169694","72169858","28","22581454"
"chr6","49596522","49596730","chrX","634227","634435","49","48962295"
"chr6","49597028","49597087","chr3","102857965","102858021","19","53260937"
"chr6","49601947","49602065","chr19","49958747","49958865","2","356800"
"chr6","49617508","49617800","chr19","49975964","49976257","6","358456"
"chr6","49618818","49619114","chr19","49977268","49977568","12","358450"
"chr6","49672003","49672240","chr10","29852409","29852641","61","19819594"
"chr6","49915921","49916043","chr1","200551025","200551148","23","150635104"
"chr6","50005109","50005404","chr10","81329748","81330041","61","31324639"
"chr6","50027777","50028074","chr3","41813998","41814293","63","8213779"
"chr6","50035517","50035798","chr19","50411806","50412087","4","376289"
"chr6","50101270","50101565","chr12","63567811","63568096","69","13466541"
"chr6","50129546","50129720","chr9","32503887","32504057","43","17625659"
"chr6","50130055","50130185","chr8","95815946","95816075","25","45685891"
"chr6","50170239","50170526","chr19","50541315","50541607","10","371076"
"chr6","50208731","50209037","chr19","50595441","50595739","20","386710"
"chr6","50218224","50218530","chr19","50595441","50595739","21","377217"
"chr6","50254603","50254649","chr9","50016176","50016222","16","238427"
"chr6","50254968","50255132","chr11","112932767","112932934","39","62677799"
"chr6","50255749","50255909","chr11","52925931","52926094","30","2670182"
"chr6","50259678","50259963","chr9","105692807","105693102","71","55433129"
"chr6","50283918","50284230","chr19","28473075","28473382","65","21810843"
"chr6","50290699","50290823","chr19","50654856","50654980","4","364157"
"chr6","50330472","50330759","chr19","50704760","50705051","8","374288"
"chr6","50348593","50348898","chr3","42406924","42407215","70","7941669"
"chr6","50359415","50359511","chr19","50733600","50733705","11","374185"
"chr6","50360080","50360092","chr6","128359960","128359970","6","77999880"
"chr6","50373369","50373672","chr19","50758908","50759205","13","385539"
"chr6","50394831","50395136","chr5","79634691","79634994","53","29239860"
"chr6","50400413","50400427","chr6","133330208","133330220","7","82929795"
"chr6","50400428","50400731","chr19","50781305","50781602","15","380877"
"chr6","50400732","50400899","chr3","45464941","45465102","40","4935791"
"chr6","50401905","50402067","chr19","50782776","50782938","5","380871"
"chr6","50415876","50416170","chr1","85860621","85860902","63","35444745"
"chr6","50417002","50417297","chr14","9092853","9093152","66","41324149"
"chr6","50432264","50432370","chr14","47779402","47779501","29","2652862"
"chr6","50432676","50432885","chr15","41638869","41639077","48","8793807"
"chr6","50442063","50442195","chr19","34482522","34482656","30","15959541"
"chr6","50451894","50452149","chr1","37834685","37834957","66","12617209"
"chr6","50460579","50460860","chr19","50843345","50843626","3","382766"
"chr6","50462929","50463226","chr19","50845698","50845991","8","382769"
"chr6","50475712","50476008","chr19","50860270","50860566","4","384558"
"chr6","50476608","50476934","chr19","50861815","50862141","4","385207"
"chr6","50497162","50497459","chr19","50879925","50880218","10","382763"
"chr6","50513820","50513981","chr19","50901789","50901950","3","387969"
"chr6","50519543","50519821","chr11","51529700","51529977","67","1010157"
"chr6","50532070","50532339","chr19","50919234","50919500","8","387164"
"chr6","50536622","50536946","chr19","50924423","50924747","4","387801"
"chr6","50556093","50556422","chr10","52737902","52738234","71","2181809"
"chr6","50604598","50604730","chr4","7029582","7029705","20","43575016"
"chr6","50621293","50621423","chr11","124387945","124388076","17","73766652"
"chr6","50664256","50664447","chr19","2746809","2746998","51","47917447"
"chr6","50701346","50701507","chr19","51095007","51095167","2","393661"
"chr6","50750654","50750954","chr19","51148238","51148542","7","397584"
"chr7","13238217","13238534","chr5","73230189","73230495","19","59991972"
"chr7","20184858","20185161","chr5","57255509","57255812","5","37070651"
"chr7","21888925","21889036","chr5","55576086","55576197","5","33687161"
"chr7","42729261","42729570","chr13","42807540","42807844","56","78279"
"chr7","43122469","43122771","chr5","86332942","86333254","20","43210473"
"chr7","146613","146879","chr3","35593296","35593570","70","35446683"
"chr7","373227","373529","chr14","84727573","84727870","84","84354346"
"chr7","593547","593836","chr5","60099868","60100155","11","59506321"
"chr7","631784","632062","chr5","60133841","60134128","15","59502057"
"chr7","636876","637144","chr5","60138956","60139223","6","59502080"
"chr7","648611","648723","chr7","49002016","49002130","29","48353405"
"chr7","666046","666355","chr5","60168183","60168480","17","59502137"
"chr7","680260","680569","chr5","60182933","60183237","12","59502673"
"chr7","699223","699257","chr7","114672747","114672781","9","113973524"
"chr7","699571","699681","chr9","12303533","12303642","20","11603962"
"chr7","699955","700128","chr3","46023413","46023578","38","45323458"
"chr7","882979","883115","chr5","60387911","60388047","5","59504932"
"chr7","951038","951201","chr5","60451125","60451287","3","59500087"
"chr7","1032105","1032367","chr5","60538603","60538865","9","59506498"
"chr7","1072685","1072854","chr5","60578235","60578397","11","59505550"
"chr7","1080618","1080787","chr5","60578235","60578397","11","59497617"
"chr7","1273447","1273752","chr1","202407672","202407965","72","201134225"
"chr7","1345056","1345343","chr5","60851889","60852176","10","59506833"
"chr7","1347917","1348235","chr5","60855281","60855596","25","59507364"
"chr7","1380608","1380908","chr5","60887496","60887797","6","59506888"
"chr7","1594134","1594320","chr5","61105408","61105594","4","59511274"
"chr7","1846601","1846893","chr5","61362123","61362415","13","59515522"
"chr7","2101319","2101608","chr5","61630396","61630683","15","59529077"
"chr7","2160938","2161057","chr5","61690878","61690997","1","59529940"
"chr7","2161507","2161747","chr5","61691450","61691664","42","59529943"
"chr7","2172386","2172508","chr5","61702120","61702243","5","59529734"
"chr7","2402461","2402751","chr5","61924932","61925222","6","59522471"
"chr7","2982699","2982860","chr5","62542192","62542362","21","59559493"
"chr7","3061227","3061498","chr5","62620776","62621047","14","59559549"
"chr7","3155090","3155198","chr5","62727232","62727340","1","59572142"
"chr7","3214337","3214500","chr5","62785980","62786142","13","59571643"
"chr7","3324674","3324852","chr5","62896336","62896514","4","59571662"
"chr7","4095039","4095322","chr5","63672352","63672633","7","59577313"
"chr7","4133529","4133809","chr5","63725535","63725780","41","59592006"
"chr7","4279819","4280180","chr5","63858861","63859198","35","59579042"
"chr7","4467290","4467574","chr5","64051110","64051404","20","59583820"
"chr7","4483451","4483568","chr5","64067586","64067701","5","59584135"
"chr7","4759447","4759774","chr5","64357778","64358102","22","59598331"
"chr7","4960724","4961008","chr5","64534533","64534828","18","59573809"
"chr7","5012073","5012381","chr5","64584027","64584301","44","59571954"
"chr7","5236180","5236324","chr5","64833735","64833886","11","59597555"
"chr7","5367314","5367482","chr5","64968789","64968957","3","59601475"
"chr7","5672273","5672417","chr20","15113287","15113425","35","9441014"
"chr7","6051392","6051549","chr5","99037960","99038120","36","92986568"
"chr7","6051593","6051712","chr6","53123473","53123595","18","47071880"
"chr7","6334660","6334779","chr5","65988502","65988622","3","59653842"
"chr7","6335464","6335621","chr5","65989305","65989462","4","59653841"
"chr7","6468936","6469240","chr5","66121613","66121918","17","59652677"
"chr7","6645534","6645801","chr5","66301626","66301892","12","59656092"
"chr7","6803984","6804290","chr5","66461517","66461771","59","59657533"
"chr7","6824972","6825272","chr5","66482830","66483130","9","59657858"
"chr7","6890828","6890965","chr5","66548496","66548633","3","59657668"
"chr7","6938156","6938310","chr1","33643200","33643352","33","26705044"
"chr7","6939332","6939455","chr10","83850817","83850941","22","76911485"
"chr7","6948529","6948822","chr5","66608543","66608836","3","59660014"
"chr7","6949188","6949308","chr9","65064186","65064307","19","58114998"
"chr7","6949337","6949493","chr6","16791039","16791193","34","9841702"
"chr7","6950763","6951076","chr5","66610768","66611078","17","59660005"
"chr7","6956210","6956330","chr4","10224785","10224907","18","3268575"
"chr7","6956367","6956534","chr11","107992968","107993145","39","101036601"
"chr7","6962536","6962659","chr1","115104886","115105013","29","108142350"
"chr7","7033386","7033673","chr12","94120519","94120809","58","87087133"
"chr7","7094645","7094949","chr11","46631266","46631567","53","39536621"
"chr7","7110862","7111144","chr5","66768550","66768830","13","59657688"
"chr7","7161548","7161822","chr9","28237551","28237830","70","21076003"
"chr7","7179150","7179393","chr10","34938725","34938970","62","27759575"
"chr7","7212108","7212392","chr5","66882614","66882898","8","59670506"
"chr7","7361376","7361693","chr16","28854313","28854626","67","21492937"
"chr7","7417485","7417667","chr5","67111660","67111846","11","59694175"
"chr7","7424414","7424769","chr2","118315154","118315464","97","110890740"
"chr7","7437102","7437422","chr5","67132026","67132342","9","59694924"
"chr7","7475075","7475350","chr5","67169725","67170002","10","59694650"
"chr7","7541014","7541297","chr5","67235595","67235885","18","59694581"
"chr7","7552352","7552667","chr5","67246943","67247253","22","59694591"
"chr7","7556077","7556353","chr5","67250637","67250940","38","59694560"
"chr7","7648115","7648402","chr5","67343786","67344070","21","59695671"
"chr7","7670857","7670966","chr10","15150051","15150158","21","7479194"
"chr7","7710926","7711207","chr5","67415876","67416158","9","59704950"
"chr7","7762141","7762444","chr5","67467169","67467477","17","59705028"
"chr7","7830903","7831210","chr5","67540101","67540409","6","59709198"
"chr7","7833542","7833825","chr5","67542379","67542695","43","59708837"
"chr7","8145322","8145591","chr6","87794391","87794670","70","79649069"
"chr7","8216635","8216912","chr5","67918434","67918676","57","59701799"
"chr7","8245275","8245427","chr3","111537508","111537663","39","103292233"
"chr7","8245462","8245582","chr15","40506290","40506414","18","32260828"
"chr7","8417262","8417379","chr7","44144492","44144607","25","35727230"
"chr7","8466959","8467233","chr5","68182659","68182931","6","59715700"
"chr7","8502497","8502781","chr5","68227552","68227831","18","59725055"
"chr7","8731787","8731979","chr5","68472006","68472198","5","59740219"
"chr7","8786374","8786660","chr5","68527522","68527814","11","59741148"
"chr7","9313830","9314132","chr5","69078214","69078518","5","59764384"
"chr7","9353202","9353326","chr3","108978488","108978612","2","99625286"
"chr7","9426490","9426621","chr5","69205479","69205599","17","59778989"
"chr7","9550741","9551021","chr20","29462501","29462785","69","19911760"
"chr7","9631955","9632259","chr4","102154177","102154471","78","92522222"
"chr7","9849788","9850039","chr5","69643430","69643681","6","59793642"
"chr7","9948732","9948992","chr5","69740973","69741238","12","59792241"
"chr7","9950968","9951271","chr5","69743215","69743518","7","59792247"
"chr7","9968615","9968915","chr5","69761582","69761883","9","59792967"
"chr7","10215874","10216180","chr4","44951904","44952205","72","34736030"
"chr7","10265188","10265441","chr5","70053171","70053424","12","59787983"
"chr7","10490586","10490877","chr5","70280198","70280489","13","59789612"
"chr7","10579706","10579947","chr5","70370936","70371177","5","59791230"
"chr7","10761646","10761960","chr16","71222728","71223035","69","60461082"
"chr7","10906863","10907136","chr20","51871239","51871517","66","40964376"
"chr7","10933289","10933561","chr5","70724902","70725174","10","59791613"
"chr7","11125240","11125559","chr5","70917352","70917669","11","59792112"
"chr7","11172098","11172181","chr14","64612665","64612746","18","53440567"
"chr7","11526327","11526637","chr5","71328903","71329199","22","59802576"
"chr7","11532962","11533092","chr5","71335550","71335679","6","59802588"
"chr7","11535670","11535981","chr5","71338267","71338561","22","59802597"
"chr7","11564614","11564681","chr5","71367490","71367557","3","59802876"
"chr7","11573675","11573988","chr5","71376493","71376804","11","59802818"
"chr7","11578718","11578995","chr5","71381541","71381818","3","59802823"
"chr7","11627002","11627321","chr5","71430913","71431230","2","59803911"
"chr7","11639289","11639596","chr11","93942142","93942458","59","82302853"
"chr7","11642472","11642747","chr5","71446344","71446620","3","59803872"
"chr7","11677263","11677554","chr5","71482824","71483115","7","59805561"
"chr7","11697183","11697308","chr5","71502686","71502811","1","59805503"
"chr7","11706179","11706302","chr3","45724015","45724138","21","34017836"
"chr7","11711817","11711923","chr5","71517877","71517978","8","59806060"
"chr7","11720861","11720983","chr5","71526048","71526170","0","59805187"
"chr7","11723841","11723961","chr1","41479846","41479970","19","29756005"
"chr7","11732044","11732291","chr5","71538024","71538270","2","59805980"
"chr7","11739963","11740265","chr5","71582351","71582653","6","59842388"
"chr7","11746834","11746981","chr5","71589416","71589563","2","59842582"
"chr7","11755705","11755822","chr2","67683212","67683327","27","55927507"
"chr7","11756081","11756241","chr9","99891","100046","39","11656190"
"chr7","11758468","11758746","chr4","154060450","154060729","63","142301982"
"chr7","11761780","11762068","chr5","71602552","71602838","5","59840772"
"chr7","11770959","11771231","chr5","71608580","71608852","1","59837621"
"chr7","11791140","11791295","chr5","71633036","71633184","9","59841896"
"chr7","11795886","11796013","chr5","71643348","71643459","17","59847462"
"chr7","11796958","11797201","chr1","211571963","211572190","59","199775005"
"chr7","11797701","11797756","chrX","104464719","104464778","12","92667018"
"chr7","11815710","11815850","chr7","79443531","79443675","31","67627821"
"chr7","11816155","11816313","chr6","46944874","46945029","40","35128719"
"chr7","11817463","11817735","chr5","71664422","71664694","5","59846959"
"chr7","11824801","11824917","chr1","157383976","157384093","19","145559175"
"chr7","11831509","11831633","chr5","71677754","71677878","7","59846245"
"chr7","11868468","11868736","chr16","48739062","48739330","72","36870594"
"chr7","11869917","11870055","chr20","40438186","40438320","24","28568269"
"chr7","11885647","11885772","chr5","71781403","71781528","3","59895756"
"chr7","11953732","11954033","chr5","71848767","71849068","6","59895035"
"chr7","11976432","11976710","chr5","71871994","71872272","3","59895562"
"chr7","12018931","12019243","chr5","71914994","71915307","6","59896063"
"chr7","12040034","12040341","chr5","71935004","71935311","10","59894970"
"chr7","12100681","12100975","chr5","71997442","71997736","4","59896761"
"chr7","12149968","12150221","chr5","72047236","72047491","7","59897268"
"chr7","12154108","12154405","chr5","72051665","72051965","9","59897557"
"chr7","12168867","12169011","chr5","72066614","72066759","5","59897747"
"chr7","12173090","12173387","chr1","29624021","29624313","75","17450931"
"chr7","12173833","12174089","chr5","72071898","72072171","21","59898065"
"chr7","12236661","12236776","chr5","72130849","72130964","3","59894188"
"chr7","12237552","12237848","chr15","59959087","59959387","60","47721535"
"chr7","12260216","12260389","chr1","69226039","69226196","44","56965823"
"chr7","12277819","12278114","chr7","130453130","130453413","62","118175311"
"chr7","12336158","12336297","chr1","25411205","25411345","37","13075047"
"chr7","12336608","12336787","chr6","84907227","84907403","39","72570619"
"chr7","12416502","12416803","chr5","72311093","72311394","5","59894591"
"chr7","12483362","12483514","chr5","72378699","72378851","0","59895337"
"chr7","12516603","12516908","chr5","72412485","72412790","8","59895882"
"chr7","12529072","12529381","chr5","72425225","72425535","6","59896153"
"chr7","12541933","12542240","chr5","72438022","72438329","7","59896089"
"chr7","12587863","12588160","chr5","72483286","72483599","21","59895423"
"chr7","12588268","12588577","chr5","72483705","72484012","7","59895437"
"chr7","12593950","12594271","chr5","72489347","72489671","10","59895397"
"chr7","12602067","12602356","chr5","72497489","72497777","8","59895422"
"chr7","12607775","12608060","chr5","72503663","72503947","6","59895888"
"chr7","12632509","12632815","chr5","72528082","72528388","4","59895573"
"chr7","12650781","12651067","chr5","72546477","72546763","3","59895696"
"chr7","12658268","12658546","chr5","72554913","72555191","3","59896645"
"chr7","12685498","12685798","chr5","72582915","72583218","13","59897417"
"chr7","12689435","12689777","chr5","72586823","72587167","11","59897388"
"chr7","12699789","12700072","chr5","72606691","72606975","6","59906902"
"chr7","12704298","12704425","chr5","72611191","72611317","3","59906893"
"chr7","12704426","12704732","chr5","72611318","72611611","17","59906892"
"chr7","12707484","12707699","chr5","72614706","72614928","13","59907222"
"chr7","12712369","12712667","chr5","72619605","72619896","15","59907236"
"chr7","12764470","12764673","chr7","151614205","151614389","63","138849735"
"chr7","12775063","12775338","chr5","72684021","72684296","7","59908958"
"chr7","12921640","12921764","chr5","72911397","72911518","4","59989757"
"chr7","12942465","12942772","chr5","72932194","72932507","14","59989729"
"chr7","12949996","12950293","chr5","72941667","72941963","9","59991671"
"chr7","12959885","12960198","chr5","72951187","72951499","5","59991302"
"chr7","12963502","12963763","chr5","72954804","72955091","29","59991302"
"chr7","13059949","13059962","chr6","172915280","172915296","3","159855331"
"chr7","13059999","13060164","chr5","73050194","73050359","3","59990195"
"chr7","13060429","13060715","chr5","73050625","73050934","29","59990196"
"chr7","13060931","13061221","chr5","73051123","73051413","8","59990192"
"chr7","13072985","13073264","chr5","73065481","73065756","8","59992496"
"chr7","13081581","13081878","chr5","73074428","73074726","7","59992847"
"chr7","13101970","13102261","chr5","73094768","73095053","11","59992798"
"chr7","13103555","13103795","chr5","73096347","73096587","2","59992792"
"chr7","13111268","13111337","chr8","121571331","121571399","21","108460063"
"chr7","13116619","13116751","chr1","26709633","26709761","28","13593014"
"chr7","13117065","13117253","chr5","158146310","158146492","46","145029245"
"chr7","13149448","13149725","chr5","73142216","73142501","19","59992768"
"chr7","13156031","13156331","chr8","98054333","98054628","62","84898302"
"chr7","13163561","13163632","chr5","73156312","73156383","4","59992751"
"chr7","13165419","13165691","chr5","73158173","73158444","16","59992754"
"chr7","13178326","13178636","chr5","73171385","73171694","5","59993059"
"chr7","13216448","13216735","chr5","73208593","73208880","14","59992145"
"chr7","13230955","13231257","chr20","53564953","53565251","60","40333998"
"chr7","13255763","13256070","chr5","73247693","73248001","9","59991930"
"chr7","13296554","13296840","chr5","73289295","73289581","5","59992741"
"chr7","13340025","13340320","chr5","73332474","73332766","18","59992449"
"chr7","13657618","13657905","chr5","73652749","73653035","3","59995131"
"chr7","13802699","13802827","chr5","73810853","73810981","3","60008154"
"chr7","13853595","13853952","chr5","73861701","73862026","41","60008106"
"chr7","13864745","13864869","chr5","73872950","73873074","2","60008205"
"chr7","13895995","13896276","chr5","73904154","73904435","2","60008159"
"chr7","13954516","13954646","chr1","135097790","135097920","22","121143274"
"chr7","13975589","13975888","chr5","73990318","73990617","5","60014729"
"chr7","13985181","13985483","chr14","114487869","114488149","87","100502688"
"chr7","14015949","14016099","chr5","74031005","74031155","6","60015056"
"chr7","14061567","14061893","chr5","74076832","74077157","8","60015265"
"chr7","14090680","14090947","chr5","74105511","74105785","14","60014831"
"chr7","14112107","14112417","chr1","12662590","12662891","60","1449517"
"chr7","14166181","14166320","chr5","74180596","74180751","17","60014415"
"chr7","14173465","14173616","chr5","74187811","74187970","15","60014346"
"chr7","14209995","14210302","chr5","74227296","74227597","10","60017301"
"chr7","14268530","14268647","chr11","108975430","108975553","20","94706900"
"chr7","14278940","14279223","chr5","74295279","74295583","36","60016339"
"chr7","14283389","14283510","chr2","27715698","27715815","18","13432309"
"chr7","14285003","14285015","chr2","6035060","6035071","6","8249943"
"chr7","14285300","14285424","chr19","12870224","12870346","18","1415076"
"chr7","14321914","14322219","chr5","74336287","74336593","10","60014373"
"chr7","14362379","14362682","chr5","74377819","74378116","12","60015440"
"chr7","14368149","14368461","chr5","74383308","74383620","13","60015159"
"chr7","14369989","14370285","chr5","74385136","74385432","5","60015147"
"chr7","14426635","14426934","chr1","44818096","44818404","70","30391461"
"chr7","14467528","14467826","chr5","74478818","74479117","18","60011290"
"chr7","14613323","14613601","chr5","74629745","74630023","4","60016422"
"chr7","14615625","14615912","chr5","74631970","74632257","2","60016345"
"chr7","14750023","14750323","chr5","74768594","74768892","19","60018571"
"chr7","14806283","14806580","chr5","74821438","74821734","11","60015155"
"chr7","14904427","14904734","chr5","74919254","74919568","17","60014827"
"chr7","14921712","14921834","chr3","173900933","173901059","17","158979221"
"chr7","14927858","14928200","chr13","88726206","88726541","99","73798348"
"chr7","14995127","14995417","chr5","75022412","75022702","2","60027285"
"chr7","15007987","15008244","chr5","75035317","75035574","10","60027330"
"chr7","15035288","15035436","chr5","75066221","75066342","29","60030933"
"chr7","15131380","15131637","chr5","75166725","75167007","59","60035345"
"chr7","15151394","15151677","chr5","75186425","75186702","8","60035031"
"chr7","15160600","15160891","chr5","75195126","75195417","5","60034526"
"chr7","15458102","15458399","chr5","75508658","75508955","7","60050556"
"chr7","15736477","15736794","chr5","75804404","75804718","9","60067927"
"chr7","15807852","15807965","chr6","36535914","36536023","26","20728062"
"chr7","15825865","15825994","chr5","75894744","75894873","2","60068879"
"chr7","15927989","15928221","chr5","76011800","76012061","33","60083811"
"chr7","15946057","15946359","chr5","76029892","76030196","7","60083835"
"chr7","15962259","15962540","chr7","147001042","147001322","64","131038783"
"chr7","16027618","16027767","chr5","76093871","76094020","3","60066253"
"chr7","16192035","16192152","chr5","76253106","76253223","2","60061071"
"chr7","16240440","16240680","chr1","219668724","219668957","56","203428284"
"chr7","16242443","16242731","chr4","145399130","145399417","69","129156687"
"chr7","16287961","16288081","chr5","76350473","76350593","1","60062512"
"chr7","16362420","16362633","chr5","76427012","76427194","37","60064592"
"chr7","16366647","16366761","chr1","124978448","124978564","19","108611801"
"chr7","16366787","16366941","chr8","96638621","96638776","31","80271834"
"chr7","16448001","16448125","chr5","76509545","76509678","10","60061544"
"chr7","16477273","16477565","chr5","76540207","76540503","6","60062934"
"chr7","16499233","16499524","chr5","76563646","76563934","6","60064413"
"chr7","16506035","16506319","chr9","89222253","89222538","70","72716218"
"chr7","16603479","16603761","chr8","76066496","76066781","60","59463017"
"chr7","17942702","17942987","chr5","59445896","59446194","26","41503194"
"chr7","17950885","17951198","chr5","59438036","59438349","6","41487151"
"chr7","18063725","18063932","chr13","72755801","72756011","44","54692076"
"chr7","18085434","18085633","chr4","102267124","102267332","52","84181690"
"chr7","18085675","18085769","chrX","51151010","51151107","21","33065335"
"chr7","18313733","18313887","chr1","161099218","161099365","46","142785485"
"chr7","18476229","18476359","chr13","52983171","52983299","22","34506942"
"chr7","18507817","18508101","chr5","58872471","58872741","25","40364654"
"chr7","18529452","18529722","chr5","58872471","58872741","12","40343019"
"chr7","18596035","18596324","chr1","30352268","30352559","63","11756233"
"chr7","18653473","18653761","chr5","58808949","58809229","35","40155476"
"chr7","18921477","18921773","chr5","58530993","58531290","19","39609516"
"chr7","19014029","19014364","chr5","58441237","58441534","48","39427208"
"chr7","19035150","19035457","chr5","58417981","58418289","13","39382831"
"chr7","19170360","19170655","chr5","58282419","58282713","6","39112059"
"chr7","19217576","19217731","chr5","58235927","58236082","3","39018351"
"chr7","19250566","19250783","chr5","58204850","58205075","17","38954284"
"chr7","19256772","19256936","chr2","131949779","131949929","40","112693007"
"chr7","19256976","19257102","chr20","10415874","10415996","23","8841102"
"chr7","19271305","19271606","chr5","58183086","58183387","11","38911781"
"chr7","19284831","19285124","chr5","58169618","58169909","6","38884787"
"chr7","19295820","19296092","chr5","58158484","58158756","5","38862664"
"chr7","19306171","19306482","chr5","58147734","58148045","13","38841563"
"chr7","19317465","19317736","chr5","58137034","58137306","6","38819569"
"chr7","19340080","19340193","chr16","72937358","72937467","22","53597278"
"chr7","19340223","19340384","chr6","96911620","96911776","32","77571397"
"chr7","19351381","19351658","chr5","58103651","58103929","12","38752270"
"chr7","19379776","19380070","chr5","58076265","58076560","14","38696489"
"chr7","19387537","19387836","chr5","58074065","58074341","27","38686528"
"chr7","19391596","19391868","chr5","58060702","58061003","35","38669106"
"chr7","19412280","19412552","chr5","58037009","58037283","9","38624729"
"chr7","19425472","19425667","chr19","14916432","14916613","56","4509040"
"chr7","19450340","19450637","chr15","37422164","37422461","60","17971824"
"chr7","19457388","19457663","chr5","58001711","58001986","5","38544323"
"chr7","19462854","19463141","chr3","103079417","103079706","65","83616563"
"chr7","19477836","19478104","chr1","142483453","142483735","74","123005617"
"chr7","19516965","19517232","chr5","57928073","57928340","5","38411108"
"chr7","19533051","19533272","chr5","57911019","57911239","4","38377968"
"chr7","19554839","19554949","chr5","57889271","57889369","13","38334432"
"chr7","19589795","19590020","chr5","57853773","57853977","27","38263978"
"chr7","19599426","19599724","chr1","33809672","33809974","66","14210246"
"chr7","19680152","19680429","chr5","57760146","57760435","18","38079994"
"chr7","19754251","19754538","chr5","57686248","57686535","2","37931997"
"chr7","19860983","19861265","chr5","57579639","57579921","11","37718656"
"chr7","19988992","19989301","chr5","57447679","57447963","30","37458687"
"chr7","20277888","20278172","chr19","40003632","40003921","59","19725744"
"chr7","20537988","20538269","chr5","56945551","56945832","13","36407563"
"chr7","20597834","20598140","chr4","31562147","31562447","59","10964313"
"chr7","20963417","20963698","chr5","56518682","56518964","5","35555265"
"chr7","21077471","21077587","chr16","22760710","22760826","22","1683239"
"chr7","21077625","21077658","chr8","9734332","9734364","12","11343293"
"chr7","21273242","21273548","chr5","56190808","56191118","18","34917566"
"chr7","21296773","21297040","chr5","56167101","56167368","11","34870328"
"chr7","21313916","21314077","chr5","56150057","56150218","5","34836141"
"chr7","21373517","21373800","chr5","56082994","56083300","37","34709477"
"chr7","21401626","21401802","chr5","56057119","56057294","5","34655493"
"chr7","21427740","21428030","chr5","56031048","56031357","27","34603308"
"chr7","21496657","21496947","chr5","55961256","55961542","18","34464599"
"chr7","21524763","21525058","chr1","184167362","184167647","80","162642599"
"chr7","21547170","21547456","chr5","55910723","55911022","18","34363553"
"chr7","21548101","21548250","chr5","55909957","55910134","31","34361856"
"chr7","21558635","21558935","chr5","55898599","55898899","2","34339964"
"chr7","21617537","21617698","chr5","55839625","55839796","12","34222088"
"chr7","21623149","21623446","chr5","55833867","55834164","4","34210718"
"chr7","21677424","21677557","chr7","42742260","42742396","19","21064836"
"chr7","21711593","21711726","chr20","55689059","55689187","24","33977466"
"chr7","21822392","21822520","chr5","55640716","55640844","5","33818324"
"chr7","21825871","21826173","chr1","161710068","161710367","67","139884197"
"chr7","21846357","21846667","chr5","55617014","55617326","12","33770657"
"chr7","21863435","21863755","chr2","93416855","93417160","73","71553420"
"chr7","22468244","22468414","chr1","218285367","218285533","49","195817123"
"chr7","22749143","22749432","chr5","54689593","54689883","12","31940450"
"chr7","22806044","22806228","chr19","27135468","27135639","52","4329424"
"chr7","22806268","22806368","chr3","172154806","172154900","22","149348538"
"chr7","22842003","22842290","chr15","9139178","9139459","61","13702825"
"chr7","22863902","22864193","chr5","54575896","54576188","18","31711994"
"chr7","22935341","22935478","chrX","66325892","66326046","40","43390551"
"chr7","22935782","22935921","chr14","97689298","97689429","26","74753516"
"chr7","22943936","22944232","chr5","54494904","54495200","6","31550968"
"chr7","23124324","23124386","chr5","54315979","54316041","3","31191655"
"chr7","23159211","23159349","chr1","193765293","193765427","36","170606082"
"chr7","23234022","23234245","chr5","54199184","54199410","5","30965162"
"chr7","23280319","23280544","chr5","54149770","54149986","21","30869451"
"chr7","23463793","23464081","chr5","53964142","53964434","22","30500349"
"chr7","23632314","23632480","chr5","53787185","53787352","3","30154871"
"chr7","23686767","23687062","chr6","2913663","2913958","64","20773104"
"chr7","23895465","23895593","chr5","53520778","53520878","30","29625313"
"chr7","23919312","23919437","chr5","53494100","53494225","7","29574788"
"chr7","24080342","24080487","chr3","162621779","162621932","29","138541437"
"chr7","24080533","24080682","chr3","41777401","41777544","47","17696868"
"chr7","24096268","24096579","chr17","7125249","7125559","75","16971019"
"chr7","24100650","24100998","chr5","53303797","53304145","16","29203147"
"chr7","24126383","24126669","chr5","53275102","53275382","8","29148719"
"chr7","24132015","24132303","chr5","53270458","53270746","8","29138443"
"chr7","24153009","24153290","chr1","5072710","5072988","57","19080299"
"chr7","24172001","24172242","chr5","53230512","53230753","1","29058511"
"chr7","24206310","24206580","chr7","52583154","52583435","71","28376844"
"chr7","24211508","24211797","chr5","53189630","53189922","16","28978122"
"chr7","24215869","24216010","chr6","73447417","73447558","26","49231548"
"chr7","24216011","24216303","chr5","53185405","53185697","4","28969394"
"chr7","24217703","24218015","chr10","76939340","76939648","65","52721637"
"chr7","24229586","24229719","chr15","90305636","90305765","29","66076050"
"chr7","24248906","24249210","chr5","45912959","45913262","69","21664053"
"chr7","24259698","24259821","chr1","52522560","52522684","17","28262862"
"chr7","24269280","24269540","chr1","27410301","27410563","55","3141021"
"chr7","24280335","24280638","chr11","108109890","108110198","55","83829555"
"chr7","24338868","24339165","chr5","53060211","53060517","22","28721343"
"chr7","24341321","24341412","chr5","53057962","53058053","1","28716641"
"chr7","24366984","24367273","chr5","53032353","53032639","14","28665369"
"chr7","24374465","24374806","chr1","13911629","13911963","48","10462836"
"chr7","24405341","24405512","chr8","26114347","26114523","39","1709006"
"chr7","24406108","24406249","chr1","42175105","42175235","32","17768997"
"chr7","24415073","24415348","chr5","52984957","52985232","7","28569884"
"chr7","24451604","24451898","chr5","52948117","52948415","9","28496513"
"chr7","24488308","24488590","chr5","52911255","52911554","31","28422947"
"chr7","24490207","24490479","chr15","74662690","74662959","55","50172483"
"chr7","24492082","24492238","chr5","52907672","52907827","10","28415590"
"chr7","24571275","24571316","chr4","69086467","69086509","10","44515192"
"chr7","24604951","24605089","chr5","52794332","52794470","2","28189381"
"chr7","24638243","24638531","chr5","52761481","52761774","10","28123238"
"chr7","24653053","24653309","chr5","52747363","52747611","19","28094310"
"chr7","24673438","24673722","chr5","52726884","52727160","22","28053446"
"chr7","24694993","24695294","chr5","52705287","52705592","12","28010294"
"chr7","24705417","24705701","chr5","52694515","52694824","39","27989098"
"chr7","24718732","24719030","chr5","52681276","52681577","8","27962544"
"chr7","24753143","24753478","chr5","52648771","52649086","28","27895628"
"chr7","24763543","24763661","chr5","52638587","52638705","4","27875044"
"chr7","24783252","24783405","chr5","52618506","52618644","19","27835254"
"chr7","24905664","24905787","chr5","52494713","52494836","7","27589049"
"chr7","24912232","24912350","chr4","7029582","7029705","22","17882650"
"chr7","24914097","24914367","chr8","81720533","81720804","60","56806436"
"chr7","25049227","25049499","chr5","52352190","52352462","6","27302963"
"chr7","25051856","25052136","chr5","52349784","52350064","4","27297928"
"chr7","25110159","25110461","chr16","48554798","48555100","66","23444639"
"chr7","25160370","25160499","chr5","52236968","52237097","3","27076598"
"chr7","25162788","25162913","chr5","52234543","52234668","3","27071755"
"chr7","25225996","25226122","chr5","52170913","52171039","5","26944917"
"chr7","25284962","25285210","chr5","52113763","52114014","11","26828801"
"chr7","25299097","25299293","chr5","52099111","52099307","7","26800014"
"chr7","25312086","25312356","chr14","63770094","63770375","61","38458008"
"chr7","25339889","25340045","chr5","52058117","52058280","15","26718228"
"chr7","25364071","25364375","chr16","64231075","64231391","69","38867004"
"chr7","25425531","25425551","chr6","128359960","128359970","11","102934429"
"chr7","25425615","25425894","chr5","51983392","51983659","16","26557777"
"chr7","25428018","25428329","chr5","51980964","51981271","16","26552946"
"chr7","25430421","25430736","chr5","51971942","51972257","10","26541521"
"chr7","25466313","25466606","chr5","51936147","51936439","8","26469834"
"chr7","25488557","25488724","chr5","51913978","51914145","4","26425421"
"chr7","25525575","25525885","chr5","51876988","51877292","15","26351413"
"chr7","25585623","25585701","chr3","86145867","86145940","15","60560244"
"chr7","25602360","25602577","chr2","85923177","85923396","50","60320817"
"chr7","25605327","25605492","chr5","51791978","51792143","7","26186651"
"chr7","25622631","25622728","chr5","51778913","51779009","4","26156282"
"chr7","25665769","25665931","chr5","51733914","51734076","0","26068145"
"chr7","26014017","26014304","chr5","51375980","51376270","6","25361963"
"chr7","26218633","26218934","chr5","51168640","51168933","11","24950007"
"chr7","26221296","26221594","chr5","51165963","51166281","22","24944667"
"chr7","26235904","26236207","chr5","51151086","51151389","4","24915182"
"chr7","26291324","26291593","chr5","51095848","51096117","3","24804524"
"chr7","26292428","26292673","chr5","51094454","51094699","5","24802026"
"chr7","26293511","26293829","chr7","106603190","106603495","77","80309679"
"chr7","26327141","26327438","chr5","51057959","51058265","11","24730818"
"chr7","26328069","26328234","chr5","51057163","51057328","3","24729094"
"chr7","26335728","26336001","chr5","51049363","51049636","5","24713635"
"chr7","26452395","26452678","chr5","50925564","50925847","5","24473169"
"chr7","26491263","26491397","chr9","59223715","59223849","20","32732452"
"chr7","26669345","26669613","chr11","112202844","112203121","60","85533499"
"chr7","26707353","26707649","chr5","50669740","50670041","14","23962387"
"chr7","26778249","26778435","chr5","50600354","50600521","28","23822105"
"chr7","26826768","26827088","chr5","50549216","50549530","10","23722448"
"chr7","26867798","26868080","chr5","50503830","50504113","13","23636032"
"chr7","26885560","26885864","chr5","50486050","50486354","7","23600490"
"chr7","26896128","26896244","chr2","115033695","115033811","16","88137567"
"chr7","26896631","26896788","chr19","13900269","13900422","35","12996362"
"chr7","27025723","27026021","chr5","50347988","50348293","23","23322265"
"chr7","27032484","27032781","chr5","50341212","50341514","13","23308728"
"chr7","27034215","27034509","chr5","50339692","50339986","9","23305477"
"chr7","27061301","27061512","chr5","50313471","50313682","7","23252170"
"chr7","27102048","27102341","chr17","70438354","70438647","59","43336306"
"chr7","27135836","27136112","chr3","43056812","43057081","57","15920976"
"chr7","27140847","27141150","chr16","13808325","13808620","63","13332522"
"chr7","27179691","27179812","chr5","50194515","50194631","6","23014824"
"chr7","27184370","27184702","chr5","50189373","50189703","17","23005003"
"chr7","27203095","27203338","chr5","50168338","50168627","57","22965243"
"chr7","27232450","27232594","chr4","126153674","126153818","30","98921224"
"chr7","27553331","27553636","chr5","49817493","49817798","2","22264162"
"chr7","27718608","27718687","chr5","49640568","49640647","2","21921960"
"chr7","27741539","27741840","chr5","49618032","49618331","13","21876493"
"chr7","27777688","27777827","chr5","49581911","49582029","24","21804223"
"chr7","27780063","27780364","chrX","37385002","37385293","67","9604939"
"chr7","28365253","28365417","chr5","48983774","48983948","11","20618521"
"chr7","28428239","28428400","chr5","48920817","48920964","17","20492578"
"chr7","28675086","28675199","chr3","44520956","44521071","17","15845870"
"chr7","28675261","28675448","chr1","159731455","159731638","44","131056194"
"chr7","28679775","28680090","chr5","48662473","48662798","25","19982698"
"chr7","28813536","28813684","chr5","48524047","48524170","26","19710511"
"chr7","28825801","28826085","chr5","48512521","48512803","12","19686720"
"chr7","28897709","28898016","chr5","48439382","48439689","10","19541673"
"chr7","29031220","29031399","chr5","48304673","48304853","12","19273453"
"chr7","29189295","29189591","chr13","86547061","86547362","59","57357766"
"chr7","29225572","29225900","chr5","48101272","48101577","49","18875700"
"chr7","29281950","29282237","chr5","48044012","48044293","18","18762062"
"chr7","29472817","29472983","chr5","47849571","47849740","21","18376754"
"chr7","29530715","29531012","chr5","47791718","47792002","21","18261003"
"chr7","29563116","29563396","chr5","47764652","47764930","8","18201536"
"chr7","29720433","29720743","chr5","47601144","47601453","24","17880711"
"chr7","29824274","29824580","chr5","47496778","47497083","8","17672504"
"chr7","29848155","29848448","chr5","47472606","47472899","5","17624451"
"chr7","29986342","29986656","chr5","47343867","47344197","23","17357525"
"chr7","29989449","29989605","chr5","47340941","47341097","0","17351492"
"chr7","30035125","30035416","chr5","47295262","47295554","5","17260137"
"chr7","30109113","30109391","chr5","47223002","47223283","11","17113889"
"chr7","30206146","30206420","chr5","47125667","47125941","6","16919521"
"chr7","30247126","30247433","chr9","95108795","95109092","64","64861669"
"chr7","30263178","30263469","chr5","47068920","47069211","11","16805742"
"chr7","30273967","30274270","chr5","47058539","47058834","23","16784572"
"chr7","30532950","30533081","chr5","46784839","46784971","6","16251889"
"chr7","30626882","30626982","chr5","46691416","46691493","23","16064534"
"chr7","30628499","30628821","chr5","46689637","46689958","26","16061138"
"chr7","30641560","30641683","chr5","46677142","46677265","1","16035582"
"chr7","30681630","30681959","chr5","46639541","46639869","13","15957911"
"chr7","30787355","30787478","chr1","15112143","15112265","21","15675212"
"chr7","30789248","30789367","chr5","46532889","46533001","9","15743641"
"chr7","30789671","30789705","chr6","73599922","73599960","11","42810251"
"chr7","30789793","30790076","chr5","46530435","46530739","33","15740642"
"chr7","30817008","30817297","chr5","46502107","46502402","9","15685099"
"chr7","30848401","30848669","chr5","46466639","46466907","8","15618238"
"chr7","30894185","30894483","chr5","46419308","46419603","10","15525123"
"chr7","30919027","30919312","chr5","46394377","46394668","9","15475350"
"chr7","30924481","30924778","chr5","46382994","46383300","16","15458513"
"chr7","30946119","30946280","chr8","48837087","48837245","45","17890968"
"chr7","30979162","30979460","chr5","46332495","46332791","11","15353333"
"chr7","31073869","31074167","chr4","34087326","34087625","45","3013457"
"chr7","31109152","31109437","chr5","46198413","46198728","36","15089261"
"chr7","31116400","31116717","chr5","46188787","46189104","7","15072387"
"chr7","31128829","31129113","chr5","46176161","46176441","13","15047332"
"chr7","31148082","31148364","chr7","124024334","124024619","54","92876252"
"chr7","31180434","31180716","chr5","46129098","46129374","8","14948664"
"chr7","31345714","31345983","chr5","45965096","45965347","24","14619382"
"chr7","31383806","31383933","chr2","152260879","152261000","20","120877073"
"chr7","31393257","31393560","chr5","45912959","45913262","2","14519702"
"chr7","31397471","31397778","chr11","46631266","46631567","66","15233795"
"chr7","31410846","31411086","chr2","88826351","88826579","65","57415505"
"chr7","31418836","31419158","chr5","45886164","45886489","8","14467328"
"chr7","31419230","31419511","chr5","45885808","45886092","6","14466578"
"chr7","31431651","31431959","chr5","45873334","45873642","9","14441683"
"chr7","31457825","31458004","chr5","56057119","56057294","33","24599294"
"chr7","31458300","31458448","chr1","64347249","64347380","31","32888949"
"chr7","31472855","31472993","chr5","45831725","45831856","9","14358870"
"chr7","31497128","31497422","chr5","52948117","52948415","78","21450989"
"chr7","31508868","31509168","chr5","45793241","45793541","6","14284373"
"chr7","31531797","31532100","chr5","45770298","45770601","11","14238501"
"chr7","31542005","31542293","chr5","45760131","45760420","7","14218126"
"chr7","31553368","31553649","chr5","45706486","45706765","6","14153118"
"chr7","31606736","31607040","chr5","45680187","45680489","8","14073451"
"chr7","31618681","31618810","chr5","45667100","45667229","4","14048419"
"chr7","31628523","31628850","chr11","109608463","109608758","83","77979940"
"chr7","31679509","31679807","chr5","45599462","45599754","13","13919953"
"chr7","31688652","31688918","chr5","45591430","45591696","7","13902778"
"chr7","31701617","31701762","chr14","92534437","92534582","25","60832820"
"chr7","31702493","31702530","chr8","9734332","9734364","13","21968161"
"chr7","31733655","31733972","chr5","45547116","45547430","5","13813461"
"chr7","31746701","31746980","chr19","16759121","16759399","68","14987580"
"chr7","31749103","31749395","chr5","45531634","45531927","7","13782531"
"chr7","31753063","31753361","chr5","45527657","45527960","21","13774594"
"chr7","31800342","31800465","chr5","45480975","45481098","3","13680633"
"chr7","31819721","31819853","chr5","45462284","45462416","1","13642563"
"chr7","31829148","31829448","chr5","45452790","45453096","20","13623642"
"chr7","31866952","31867250","chr5","45414606","45414904","4","13547654"
"chr7","31874183","31874305","chr5","45407862","45407984","2","13533679"
"chr7","31878855","31879160","chr5","45402994","45403299","4","13524139"
"chr7","31948141","31948435","chr9","94103420","94103716","63","62155279"
"chr7","32019403","32019502","chrX","34907249","34907346","22","2887846"
"chr7","32022667","32022957","chr7","59161426","59161725","64","27138759"
"chr7","32085183","32085491","chr5","45299431","45299732","19","13214248"
"chr7","32262298","32262606","chr5","45116902","45117211","13","12854604"
"chr7","32498441","32498749","chr5","44876543","44876853","8","12378102"
"chr7","32883925","32884194","chr5","44466458","44466727","5","11582533"
"chr7","32887647","32887953","chr5","44462736","44463042","4","11575089"
"chr7","32910795","32910975","chr5","172183309","172183482","52","139272514"
"chr7","32944591","32944906","chr5","44407108","44407428","16","11462517"
"chr7","32965070","32965384","chr5","44386320","44386635","19","11421250"
"chr7","33036247","33036526","chr5","44308243","44308526","9","11271996"
"chr7","33139426","33139574","chr5","44206045","44206215","23","11066619"
"chr7","33185615","33185742","chr5","44159923","44160050","4","10974308"
"chr7","33200769","33201056","chr5","44144044","44144337","14","10943275"
"chr7","33225281","33225584","JH682082","5687","5989","12","33219594"
"chr7","33242186","33242487","JH682082","22420","22704","22","33219766"
"chr7","33243283","33243570","JH682082","23230","23512","9","33220053"
"chr7","33548840","33548992","JH682082","328190","328342","3","33220650"
"chr7","33693493","33693796","chr5","76841343","76841647","9","43147850"
"chr7","33745702","33745992","chr5","76892601","76892883","19","43146899"
"chr7","33869852","33869988","chr4","102434054","102434182","25","68564202"
"chr7","33870294","33870459","chr6","124853098","124853260","43","90982804"
"chr7","33873357","33873640","chr5","77009754","77010011","31","43136397"
"chr7","34064355","34064562","chr5","77204408","77204616","5","43140053"
"chr7","34064584","34064884","chr5","77204635","77204935","9","43140051"
"chr7","34099816","34100110","chr5","77240613","77240909","15","43140797"
"chr7","34266528","34266826","chr5","77407876","77408174","10","43141348"
"chr7","34305602","34305680","chr5","77448953","77449031","2","43143351"
"chr7","34411348","34411628","chr5","77554928","77555211","6","43143580"
"chr7","34445735","34446044","chr3","39256593","39256904","60","4810858"
"chr7","34581653","34581820","chr3","37236924","37237094","29","2655271"
"chr7","34805237","34805502","chr5","77958438","77958710","11","43153201"
"chr7","34915005","34915191","chr13","107230023","107230173","60","72315018"
"chr7","34931334","34931617","chr3","160644498","160644781","60","125713164"
"chr7","34954778","34954921","chr3","37978007","37978145","38","3023229"
"chr7","34970229","34970521","chr5","78120279","78120570","6","43150050"
"chr7","34982788","34983092","chr12","40377044","40377338","65","5394256"
"chr7","35007574","35007875","chr5","78158044","78158325","26","43150470"
"chr7","35027433","35027643","chr11","109367990","109368193","62","74340557"
"chr7","35082695","35082988","chr4","112539884","112540172","58","77457189"
"chr7","35143273","35143405","chr5","78296125","78296257","1","43152852"
"chr7","35218730","35219044","chr5","78375347","78375661","20","43156617"
"chr7","35242587","35242747","chr5","78399813","78399973","2","43157226"
"chr7","35252235","35252550","chr5","78409686","78409996","9","43157451"
"chr7","35253821","35254018","chr5","172183309","172183482","67","136929488"
"chr7","35256667","35256948","chr5","78414105","78414385","3","43157438"
"chr7","35272154","35272463","chr5","78429725","78430023","19","43157571"
"chr7","35285531","35285697","chr3","109838938","109839097","36","74553407"
"chr7","35285991","35286136","chr9","26915565","26915701","30","8370426"
"chr7","35305879","35306174","chr5","78454655","78454956","12","43148776"
"chr7","35315446","35315597","chr10","28113068","28113208","37","7202378"
"chr7","35315899","35316049","chr1","203424004","203424153","32","168108105"
"chr7","35321322","35321643","chr5","78470442","78470763","9","43149120"
"chr7","35358632","35358914","chr5","78507928","78508217","12","43149296"
"chr7","35467712","35468002","chr2","70778080","70778368","93","35310368"
"chr7","35480010","35480290","chr15","6365216","6365492","59","29114794"
"chr7","35488634","35488914","chr5","78637913","78638196","14","43149279"
"chr7","35489095","35489237","chr5","78638395","78638519","20","43149300"
"chr7","35494708","35495023","chr4","42610291","42610597","75","7115583"
"chr7","35531994","35532151","chr19","39516595","39516754","25","3984601"
"chr7","35555643","35555939","chr3","45936653","45936957","76","10381010"
"chr7","35573611","35573916","chr5","78723538","78723843","7","43149927"
"chr7","35587013","35587271","chr5","78735762","78736023","7","43148749"
"chr7","35619873","35620185","chr5","44386320","44386635","62","8766447"
"chr7","35627738","35628019","chr5","78778330","78778611","14","43150592"
"chr7","35638200","35638482","chr5","78788806","78789092","8","43150606"
"chr7","35638683","35639002","chr5","78789297","78789605","18","43150614"
"chr7","35654938","35655223","chr5","78805429","78805719","16","43150491"
"chr7","35655940","35656235","chr5","78806437","78806708","31","43150497"
"chr7","35675034","35675325","chr5","78825759","78826019","52","43150725"
"chr7","35700153","35700457","chr5","78844306","78844608","16","43144153"
"chr7","35702364","35702674","chr5","78846515","78846833","46","43144151"
"chr7","35733791","35734090","chr5","78878911","78879215","16","43145120"
"chr7","35742175","35742461","chr5","78887209","78887496","9","43145034"
"chr7","35777326","35777624","chr5","78922536","78922840","12","43145210"
"chr7","35779610","35779751","chr1","15887231","15887371","29","19892379"
"chr7","35833546","35833802","chr5","78979205","78979462","5","43145659"
"chr7","35890379","35890685","chr5","79037442","79037747","15","43147063"
"chr7","35892966","35893268","chr5","79040041","79040325","22","43147075"
"chr7","35903148","35903238","chr5","79050572","79050662","2","43147424"
"chr7","36067092","36067420","chr5","79214425","79214748","18","43147333"
"chr7","36095575","36095864","chr5","79243156","79243443","11","43147581"
"chr7","36264527","36264818","chr16","53053211","53053513","53","16788684"
"chr7","36319859","36320067","chr5","79474466","79474672","10","43154607"
"chr7","36329977","36330305","chr4","33804167","33804465","89","2525810"
"chr7","36357117","36357292","chr5","79517662","79517826","11","43160545"
"chr7","36392582","36392827","chr5","79553428","79553694","24","43160846"
"chr7","36414602","36414892","chr5","79569645","79569936","10","43155043"
"chr7","36415867","36416180","chr5","79570911","79571222","12","43155044"
"chr7","36425253","36425551","chr5","79580143","79580423","23","43154890"
"chr7","36438898","36439183","chr5","79593805","79594091","13","43154907"
"chr7","36451514","36451682","chr5","79606318","79606486","3","43154804"
"chr7","36466428","36466724","chr5","79621158","79621454","8","43154730"
"chr7","36478904","36479199","chr5","79634691","79634994","12","43155787"
"chr7","36563324","36563629","chr5","79718633","79718943","16","43155309"
"chr7","36573789","36574086","chr5","79728275","79728572","3","43154486"
"chr7","36580447","36580701","chr5","79733063","79733333","26","43152616"
"chr7","36581148","36581357","chr5","79733784","79733994","7","43152636"
"chr7","36597564","36597694","chr5","79749694","79749824","3","43152130"
"chr7","36607742","36608047","chr5","79760187","79760493","10","43152445"
"chr7","36613737","36613809","chr5","79766143","79766218","5","43152406"
"chr7","36656328","36656496","chr5","79810961","79811128","2","43154633"
"chr7","36662162","36662237","chr5","79816819","79816894","0","43154657"
"chr7","36673835","36674012","chr17","3612301","3612473","42","33061534"
"chr7","36674055","36674163","chr16","44024926","44025033","21","7350871"
"chr7","36685768","36685925","chr5","79841522","79841677","6","43155754"
"chr7","36729095","36729373","chr3","43473278","43473554","67","6744183"
"chr7","36761140","36761459","chr3","67940321","67940630","80","31179181"
"chr7","36773133","36773372","chr5","79927862","79928101","1","43154729"
"chr7","36774917","36775039","chr10","27694684","27694807","18","9080233"
"chr7","36856739","36857050","chr5","80011560","80011864","18","43154821"
"chr7","36878753","36879037","chr5","80033650","80033923","20","43154897"
"chr7","36906924","36907217","chr5","80061378","80061670","12","43154454"
"chr7","36961420","36961720","chr5","80115691","80115984","14","43154271"
"chr7","37061825","37062104","chr5","80214351","80214624","23","43152526"
"chr7","37264479","37264669","chr5","80430847","80431037","12","43166368"
"chr7","37295528","37295679","chr16","64723791","64723950","35","27428263"
"chr7","37373625","37373967","chr5","80533855","80534181","26","43160230"
"chr7","37435645","37435943","chr5","80596682","80596973","16","43161037"
"chr7","37456829","37457129","chr5","80617781","80618081","9","43160952"
"chr7","37465968","37466280","chr5","80627257","80627568","16","43161289"
"chr7","37482846","37483096","chr5","80644097","80644346","14","43161251"
"chr7","37490338","37490639","chr6","131850731","131851032","60","94360393"
"chr7","37523417","37523695","chr5","80684517","80684830","44","43161100"
"chr7","37528171","37528483","chr5","80689320","80689632","4","43161149"
"chr7","37634259","37634529","chr5","80797674","80797944","4","43163415"
"chr7","37762216","37762486","chr7","120811388","120811662","63","83049172"
"chr7","37937438","37937734","chr5","81096049","81096352","10","43158611"
"chr7","38162049","38162182","chr5","81316103","81316220","19","43154054"
"chr7","38497869","38498162","chr5","81649851","81650143","12","43151982"
"chr7","38557044","38557350","chr5","81708049","81708356","7","43151005"
"chr7","38639741","38640032","chr5","81792462","81792758","14","43152721"
"chr7","38707768","38708058","chr5","81847540","81847829","14","43139772"
"chr7","38723877","38724190","chr5","81863200","81863505","19","43139323"
"chr7","38746455","38746698","chr5","81885621","81885874","15","43139166"
"chr7","38765260","38765572","chr6","151363205","151363514","69","112597945"
"chr7","38848013","38848266","chr5","81989847","81990100","4","43141834"
"chr7","38960568","38960872","chr5","82113387","82113691","4","43152819"
"chr7","39015992","39016139","chr5","82164309","82164456","3","43148317"
"chr7","39073134","39073324","chr5","82221478","82221647","27","43148344"
"chr7","39074376","39074651","chr5","82222715","82222987","8","43148339"
"chr7","39121955","39122228","chr5","82270636","82270909","7","43148681"
"chr7","39352216","39352560","chrX","141454571","141454902","73","102102355"
"chr7","39811134","39811264","chr5","82951259","82951389","4","43140125"
"chr7","39885571","39885792","chr20","70071196","70071414","49","30185625"
"chr7","40237461","40237740","chr5","83394436","83394715","7","43156975"
"chr7","40631925","40632222","chr5","83804722","83805031","16","43172797"
"chr7","40692613","40692892","chr5","83869616","83869895","9","43177003"
"chr7","40816673","40816978","chr5","83999491","83999796","7","43182818"
"chr7","40920793","40920936","chr5","84106072","84106220","12","43185279"
"chr7","41004926","41005223","chr5","84189391","84189694","26","43184465"
"chr7","41079991","41080135","chr5","84266204","84266348","6","43186213"
"chr7","41427478","41427757","chr5","84626936","84627215","4","43199458"
"chr7","41456366","41456663","chr5","84657781","84658078","10","43201415"
"chr7","42318527","42318832","chr2","32784888","32785199","60","9533639"
"chr7","42397262","42397575","chr5","85615315","85615629","9","43218053"
"chr7","42455216","42455529","chr5","85673991","85674290","19","43218775"
"chr7","42460763","42461059","chr5","85679530","85679823","4","43218767"
"chr7","42504307","42504574","chr5","85723679","85723997","60","43219372"
"chr7","42523441","42523712","chr5","85743454","85743753","34","43220013"
"chr7","42687835","42688166","chr5","85898834","85899170","25","43210999"
"chr7","42718623","42718865","chr5","85930518","85930791","39","43211895"
"chr7","42732449","42732610","chr5","85944289","85944450","3","43211840"
"chr7","42741065","42741187","chr5","85953217","85953339","2","43212152"
"chr7","42763198","42763480","chr5","85976209","85976491","5","43213011"
"chr7","42770736","42771019","chr5","85983752","85984036","18","43213016"
"chr7","42859001","42859125","chr5","86072623","86072747","2","43213622"
"chr7","42876575","42876632","chr6","128502983","128503038","6","85626408"
"chr7","42925743","42926012","chr5","86138772","86139041","2","43213029"
"chr7","42931083","42931276","chr5","86144039","86144229","6","43212956"
"chr7","43076981","43077294","chr5","86287249","86287545","30","43210268"
"chr7","43160822","43161121","chr5","86374140","86374448","15","43213318"
"chr7","43164645","43164949","chr5","86377740","86378017","35","43213095"
"chr7","43189490","43189790","chr5","86402551","86402845","9","43213061"
"chr7","43256469","43256632","chr5","86469807","86469970","10","43213338"
"chr7","43264767","43265085","chr5","86478033","86478351","6","43213266"
"chr7","43272726","43273037","chr5","86485961","86486274","9","43213235"
"chr7","43276041","43276336","chr5","86489600","86489895","7","43213559"
"chr7","43288491","43288668","chr16","53042439","53042616","36","9753948"
"chr7","43416422","43416689","chr5","86631441","86631708","9","43215019"
"chr7","43484975","43485275","chr5","78429725","78430023","64","34944750"
"chr7","43485333","43485628","chr5","86700329","86700620","10","43214996"
"chr7","43530844","43531142","chr5","86745539","86745843","20","43214695"
"chr7","43566995","43567264","chr5","86781521","86781790","7","43214526"
"chr7","43627614","43627904","chr5","86844380","86844678","15","43216766"
"chr7","43631842","43631958","chr5","86848529","86848645","2","43216687"
"chr7","43641585","43641885","chr5","86858253","86858553","4","43216668"
"chr7","43806900","43807028","chr5","87022818","87022946","2","43215918"
"chr7","43919217","43919505","chr5","87141160","87141441","20","43221943"
"chr7","44151775","44151935","chr3","83114604","83114749","48","38962829"
"chr7","44272416","44272578","chr5","87496112","87496273","8","43223696"
"chr7","44344719","44344877","chr5","87568963","87569122","12","43224244"
"chr7","44628199","44628479","chr5","87840841","87841117","6","43212642"
"chr7","44721138","44721436","chr5","87937992","87938280","15","43216854"
"chr7","45025113","45025210","chr5","88245267","88245358","9","43220154"
"chr7","45036206","45036513","chr5","88256853","88257166","18","43220647"
"chr7","45284594","45284802","chr5","88506223","88506440","13","43221629"
"chr7","45424256","45424540","chr5","88646765","88647077","36","43222509"
"chr7","45477067","45477374","chr5","88699179","88699486","6","43222112"
"chr7","45521011","45521100","chr5","147751656","147751743","22","102230645"
"chr7","45950666","45950932","chr5","89173205","89173461","25","43222539"
"chr7","46016881","46017207","chr10","62068848","62069152","93","16051967"
"chr7","46224095","46224386","chr5","89459610","89459898","10","43235515"
"chr7","46357802","46358093","chr5","89548133","89548423","6","43190331"
"chr7","46359544","46359856","chr5","89549887","89550199","9","43190343"
"chr7","46361648","46361812","chr4","155000830","155000993","38","108639182"
"chr7","46362115","46362248","chr14","18973667","18973799","26","27388448"
"chr7","46499688","46499974","chr5","89689864","89690150","4","43190176"
"chr7","46559434","46559735","chr5","89749497","89749791","12","43190063"
"chr7","46586207","46586496","chr5","89776399","89776691","8","43190192"
"chr7","46606833","46607088","chr5","89797127","89797384","12","43190294"
"chr7","46614766","46615075","chr5","89804968","89805277","3","43190202"
"chr7","46851072","46851232","chr5","90045916","90046076","5","43194844"
"chr7","46879759","46879880","chr5","90075717","90075838","2","43195958"
"chr7","46884364","46884638","chr5","90080322","90080605","20","43195958"
"chr7","46898243","46898561","chr5","90094485","90094787","25","43196242"
"chr7","46964991","46965282","chr3","44017542","44017830","60","2947449"
"chr7","46978977","46979086","chr5","90179917","90180026","1","43200940"
"chr7","47007318","47007474","chr5","90211538","90211689","6","43204220"
"chr7","47025721","47025979","chr11","124587758","124588006","61","77562037"
"chr7","47029391","47029575","chr20","38164403","38164587","50","8864988"
"chr7","47053957","47054203","chr5","90256611","90256858","4","43202654"
"chr7","47058406","47058706","chr5","90261046","90261349","7","43202640"
"chr7","47100612","47100744","chr3","45442870","45443002","28","1657742"
"chr7","47106483","47106780","chr5","90308403","90308700","15","43201920"
"chr7","47110255","47110557","chr2","94920485","94920775","60","47810230"
"chr7","47112778","47113080","chr5","90315026","90315328","5","43202248"
"chr7","47128269","47128573","chr13","110725016","110725316","57","63596747"
"chr7","47200768","47201043","chr5","90402461","90402736","7","43201693"
"chr7","47222234","47222541","chr5","74696695","74697001","69","27474461"
"chr7","47231469","47231752","chr5","90437597","90437881","4","43206128"
"chr7","47239245","47239538","chr5","90446040","90446328","8","43206795"
"chr7","47267107","47267385","chr5","90473723","90474033","39","43206616"
"chr7","47290884","47291122","chr5","90502155","90502393","9","43211271"
"chr7","47407644","47407781","chr20","15113287","15113425","25","32294357"
"chr7","47441184","47441345","chr5","90644307","90644468","3","43203123"
"chr7","47515831","47515989","chr5","90726504","90726666","6","43210673"
"chr7","47557676","47557982","chr5","90780534","90780838","9","43222858"
"chr7","47828112","47828224","chr8","95441489","95441610","27","47613377"
"chr7","47828273","47828462","chr7","17349222","17349406","42","30479051"
"chr7","47858742","47858899","chr16","56818730","56818884","25","8959988"
"chr7","48026357","48026663","chr1","128091363","128091661","88","80065006"
"chr7","48096461","48096698","chr5","91306576","91306847","42","43210115"
"chr7","48135831","48136135","chr5","91346610","91346922","13","43210779"
"chr7","48142404","48142697","chr5","91353171","91353476","20","43210767"
"chr7","48176519","48176657","chr5","91387880","91388018","0","43211361"
"chr7","48221551","48221715","chr5","91436881","91437046","4","43215330"
"chr7","48371410","48371565","chr5","91592954","91593108","9","43221544"
"chr7","48846240","48846358","chr5","92066559","92066679","6","43220319"
"chr7","48957104","48957387","chr5","92176767","92177047","17","43219663"
"chr7","49024741","49025044","chr5","92245476","92245779","6","43220735"
"chr7","49044043","49044339","chr5","92264875","92265170","4","43220832"
"chr7","49061154","49061259","chr5","92279727","92279832","2","43218573"
"chr7","49393294","49393563","chr5","92613958","92614224","11","43220664"
"chr7","49397392","49397626","chr5","92618053","92618254","43","43220661"
"chr7","49421971","49422267","chr3","42534940","42535235","57","6887031"
"chr7","49463460","49463629","chr5","100072099","100072264","41","50608639"
"chr7","49463656","49463776","chr4","10224785","10224907","19","39238871"
"chr7","49499817","49499999","chr11","98339833","98340014","42","48840016"
"chr7","49502221","49502463","chr3","162835097","162835336","60","113332876"
"chr7","49718630","49718926","chr5","92923480","92923776","3","43204850"
"chr7","49845445","49845723","chr4","101942323","101942597","72","52096878"
"chr7","50538998","50539122","chr5","93773164","93773288","7","43234166"
"chr7","50599698","50600017","chr5","93834703","93835003","30","43235005"
"chr7","50650433","50650598","chr5","93885309","93885474","3","43234876"
"chr7","50651442","50651755","chr5","93886317","93886637","13","43234875"
"chr7","50677043","50677319","chr5","93914003","93914280","9","43236960"
"chr7","50747222","50747527","chr3","83608844","83609144","56","32861622"
"chr7","50829493","50829786","chr1","19449109","19449397","63","31380384"
"chr7","50866773","50867071","chr5","94106756","94107049","15","43239983"
"chr7","50910667","50910919","chr5","94150689","94150937","14","43240022"
"chr7","50944232","50944362","chr5","94181875","94182005","0","43237643"
"chr7","50947899","50948030","chr11","124387945","124388076","21","73440046"
"chr7","50948332","50948445","chr1","33645542","33645650","27","17302790"
"chr7","51023070","51023340","chr5","94261479","94261767","21","43238409"
"chr7","51051409","51051678","chr5","94295714","94295983","7","43244305"
"chr7","51082040","51082350","chr5","94327712","94328025","11","43245672"
"chr7","51101734","51101999","chr5","94349469","94349734","5","43247735"
"chr7","51157932","51158219","chr5","94406331","94406618","7","43248399"
"chr7","51161728","51162029","chr5","94410146","94410447","12","43248418"
"chr7","51245332","51245468","chr5","94501761","94501897","1","43256429"
"chr7","51256578","51256889","chr5","94513013","94513324","5","43256435"
"chr7","51514306","51514627","chr5","94787847","94788167","8","43273541"
"chr7","51726290","51726599","chr5","95020184","95020461","39","43293894"
"chr7","51929140","51929432","chr5","95223395","95223687","11","43294255"
"chr7","51960642","51960950","chr4","123763232","123763537","66","71802590"
"chr7","51985884","51986181","chr5","95273778","95274075","8","43287894"
"chr7","52524002","52524121","chr5","95715591","95715719","14","43191589"
"chr7","52697094","52697384","chr5","95888759","95889044","17","43191665"
"chr7","52968660","52968972","chr5","96177988","96178300","10","43209328"
"chr7","53052233","53052529","chr9","95108795","95109092","52","42056562"
"chr7","53156827","53157087","chr5","96378558","96378818","6","43221731"
"chr7","53172802","53173068","chr5","96394331","96394597","3","43221529"
"chr7","53462217","53462343","chr5","96679809","96679947","17","43217592"
"chr7","53748290","53748579","chr5","96958119","96958403","12","43209829"
"chr7","53818586","53818896","chr5","97027635","97027945","6","43209049"
"chr7","53896422","53896690","chr5","97109547","97109815","5","43213125"
"chr7","54101778","54102071","chr5","97308228","97308521","3","43206450"
"chr7","54202975","54203264","chr5","97404875","97405164","12","43201900"
"chr7","54229428","54229584","chr5","97431403","97431558","1","43201975"
"chr7","54327291","54327589","chr10","77474646","77474949","69","23147355"
"chr7","54803765","54803932","chr5","98040169","98040338","8","43236404"
"chr7","55028787","55028920","chr5","98259137","98259254","18","43230350"
"chr7","55184843","55185106","chr1","48201788","48202038","75","6983055"
"chr7","55763382","55763540","chr20","10002565","10002720","34","45760817"
"chr7","55773083","55773387","chr20","25004689","25004990","63","30768394"
"chr7","55800072","55800233","chr5","99037960","99038120","3","43237888"
"chr7","55851743","55851873","chr5","99091472","99091602","0","43239729"
"chr7","55872335","55872637","chr5","99114223","99114527","6","43241888"
"chr7","55986738","55986995","chr5","99229441","99229729","40","43242703"
"chr7","56004235","56004358","chr5","99248047","99248171","4","43243812"
"chr7","56047585","56047860","chr5","99292364","99292649","14","43244779"
"chr7","56049991","56050280","chr5","99294781","99295070","9","43244790"
"chr7","56123950","56124242","chr5","99368565","99368857","6","43244615"
"chr7","56127819","56128109","chr5","99372466","99372756","10","43244647"
"chr7","56159178","56159297","chr5","99403720","99403839","3","43244542"
"chr7","56229091","56229242","chr5","99462933","99463084","2","43233842"
"chr7","56522771","56522968","chr7","87895596","87895781","54","31372825"
"chr7","56523273","56523290","chr14","23706987","23707000","5","32816286"
"chr7","56523469","56523569","chr4","163454624","163454713","23","106931155"
"chr7","56525063","56525194","chr5","99762225","99762356","6","43237162"
"chr7","56610568","56610736","chr1","17265325","17265490","29","39345243"
"chr7","56610766","56610925","chr3","71461894","71462044","38","14851128"
"chr7","56632505","56632631","chr5","99870641","99870767","1","43238136"
"chr7","56633422","56633484","chr5","99871572","99871634","1","43238150"
"chr7","56675605","56675731","chr5","99903558","99903684","2","43227953"
"chr7","56854920","56855214","chr5","100086805","100087097","8","43231885"
"chr7","57097439","57097706","chr5","100326600","100326867","7","43229161"
"chr7","57121727","57122018","chr5","100351398","100351727","52","43229671"
"chr7","57209228","57209504","chr5","100439021","100439290","18","43229793"
"chr7","57233029","57233327","chr5","100462441","100462739","4","43229412"
"chr7","57235387","57235682","chr5","100465017","100465316","9","43229630"
"chr7","57294462","57294774","chr5","100531752","100532052","19","43237290"
"chr7","57329354","57329633","chr5","100567237","100567538","34","43237883"
"chr7","57334590","57334885","chr5","100572911","100573206","5","43238321"
"chr7","57342219","57342512","chr5","100580560","100580854","4","43238341"
"chr7","57343416","57343716","chr5","100581757","100582059","11","43238341"
"chr7","57348403","57348518","chr5","100587129","100587243","3","43238726"
"chr7","57374309","57374595","chr5","100612739","100613025","3","43238430"
"chr7","57463884","57464198","chr2","60976950","60977259","72","3513066"
"chr7","57469074","57469339","chr5","100712653","100712920","6","43243579"
"chr7","57562930","57563222","chr15","69275206","69275512","64","11712276"
"chr7","57591991","57592032","chr5","100832601","100832642","0","43240610"
"chr7","57594359","57594638","chr5","100835027","100835310","15","43240668"
"chr7","57635149","57635443","chr5","100880391","100880690","10","43245242"
"chr7","57640601","57640908","chr5","100885909","100886164","62","43245308"
"chr7","57691925","57692208","chr5","100935889","100936176","6","43243964"
"chr7","57698315","57698478","chr5","100942300","100942460","5","43243985"
"chr7","57714439","57714563","chr5","100958617","100958741","2","43244178"
"chr7","57734697","57734996","chr5","100979036","100979337","10","43244339"
"chr7","57905097","57905390","chr5","101151599","101151892","6","43246502"
"chr7","57909531","57909815","chr5","101156023","101156307","3","43246492"
"chr7","57929722","57930007","chr5","101176794","101177070","18","43247072"
"chr7","57943757","57943989","chr5","101190336","101190575","11","43246579"
"chr7","57964910","57965236","chr5","101211228","101211547","14","43246318"
"chr7","58008437","58008574","chr14","7021394","7021526","30","50987043"
"chr7","58050892","58051187","chr16","338522","338818","63","57712370"
"chr7","58057061","58057346","chr5","101307484","101307778","20","43250423"
"chr7","58062294","58062548","chr16","24730951","24731210","64","33331343"
"chr7","58066430","58066704","chr5","101316837","101317113","8","43250407"
"chr7","58073307","58073571","chr5","101323694","101323958","6","43250387"
"chr7","58075259","58075569","chr5","101325593","101325905","5","43250334"
"chr7","58108858","58109178","chr5","101359985","101360284","28","43251127"
"chr7","58141351","58141480","chr5","101392747","101392876","1","43251396"
"chr7","58154784","58155079","chr5","101405889","101406184","2","43251105"
"chr7","58189296","58189520","chr5","101443390","101443614","3","43254094"
"chr7","58214938","58215245","chr5","101467729","101468036","5","43252791"
"chr7","58216886","58217172","chr5","101469675","101469974","16","43252789"
"chr7","58356649","58356940","chr5","101617272","101617562","16","43260623"
"chr7","58619566","58619743","chr14","7026982","7027152","37","51592584"
"chr7","58619780","58619902","chr2","135332242","135332364","21","76712462"
"chr7","58758295","58758413","chr4","15201468","15201584","21","43556827"
"chr7","58758447","58758623","chr13","71844195","71844375","37","13085748"
"chr7","59003563","59003705","chr5","102268624","102268766","2","43265061"
"chr7","59715361","59715522","chr5","103009873","103010034","4","43294512"
"chr7","59744368","59744522","chr6","118215101","118215251","43","58470733"
"chr7","59771289","59771593","chr3","75323350","75323649","65","15552061"
"chr7","59921975","59922270","chr5","103210981","103211276","4","43289006"
"chr7","59929940","59930268","chr15","92179235","92179541","74","32249295"
"chr7","60026041","60026163","chr9","17164970","17165086","29","42861071"
"chr7","60051217","60051470","chr5","103339878","103340129","6","43288661"
"chr7","60207056","60207354","chr9","94948578","94948871","57","34741522"
"chr7","60209043","60209362","chr5","103501526","103501839","12","43292483"
"chr7","60284081","60284382","chr11","110955091","110955386","59","50671010"
"chr7","60315240","60315532","chr5","103602797","103603068","24","43287557"
"chr7","60360032","60360310","chr5","103646535","103646812","3","43286503"
"chr7","60361943","60362091","chr5","103648878","103649028","6","43286935"
"chr7","60438834","60439003","chr12","11695884","11696044","35","48742950"
"chr7","60439307","60439421","chr7","88096624","88096732","29","27657317"
"chr7","60459852","60460170","chr5","103750819","103751137","6","43290967"
"chr7","60472032","60472317","chr11","124428933","124429229","67","63956901"
"chr7","60499841","60500000","chr13","46457607","46457762","39","14042234"
"chr7","60500207","60500490","chr5","103793141","103793424","11","43292934"
"chr7","60511010","60511179","chr5","103804136","103804306","5","43293126"
"chr7","60518972","60519279","chr9","94593044","94593343","58","34074072"
"chr7","60529324","60529588","chr5","103824160","103824424","7","43294836"
"chr7","60538738","60538991","chr5","103833139","103833392","11","43294401"
"chr7","60599726","60600028","chr5","103884036","103884338","4","43284310"
"chr7","60644447","60644555","chr13","32807675","32807769","32","27836772"
"chr7","60644851","60644979","chr7","120023342","120023474","31","59378491"
"chr7","60714288","60714571","chr5","104004974","104005252","15","43290686"
"chr7","60716076","60716259","chr4","151172000","151172165","53","90455924"
"chr7","60730462","60730756","chr5","104020828","104021130","12","43290366"
"chr7","60783988","60784296","chr3","165200351","165200663","60","104416363"
"chr7","60810745","60811064","chr5","104102999","104103312","10","43292254"
"chr7","60844151","60844433","chr5","104138055","104138337","6","43293904"
"chr7","60845674","60845995","chr5","104139597","104139918","7","43293923"
"chr7","60988351","60988623","chr5","104281571","104281842","12","43293220"
"chr7","61116569","61116870","chr5","104413397","104413695","6","43296828"
"chr7","61181541","61181856","chr1","95720736","95721045","62","34539195"
"chr7","61187375","61187604","chr11","3671305","3671534","58","57516070"
"chr7","61200248","61200579","chr5","104497738","104498070","7","43297490"
"chr7","61306808","61307084","chr5","104607496","104607762","16","43300688"
"chr7","61347759","61348057","chr5","104648031","104648329","7","43300272"
"chr7","61393863","61394132","chr5","104694524","104694793","5","43300661"
"chr7","61415492","61415774","chr5","104715806","104716088","6","43300314"
"chr7","61449228","61449515","chr5","104746634","104746921","10","43297406"
"chr7","61491888","61492166","chr5","104788765","104789043","8","43296877"
"chr7","61515931","61516109","chr1","28517728","28517896","35","32998203"
"chr7","61516136","61516257","chr7","49244730","49244846","18","12271406"
"chr7","61567904","61568206","chr5","104863681","104863984","10","43295777"
"chr7","61577989","61578269","chr5","104873760","104874040","4","43295771"
"chr7","61596157","61596271","chr5","104892043","104892160","6","43295886"
"chr7","61686873","61687173","chr1","12662590","12662891","56","49024283"
"chr7","61753106","61753372","chr5","105049374","105049640","9","43296268"
"chr7","61890061","61890372","chr5","105186518","105186829","7","43296457"
"chr7","62155302","62155598","chr5","105459170","105459460","11","43303868"
"chr7","62274880","62275219","chr3","31066573","31066907","87","31208307"
"chr7","62294734","62295028","chr12","20667536","20667832","64","41627198"
"chr7","62520921","62521232","chr5","100022113","100022422","60","37501192"
"chr7","62595005","62595138","chr1","23341049","23341179","26","39253956"
"chr7","62880198","62880464","chr5","106214536","106214803","6","43334338"
"chr7","62991318","62991587","chr5","106326082","106326351","4","43334764"
"chr7","62991619","62991641","chr7","125655255","125655271","7","62663636"
"chr7","63082315","63082619","chr5","106417542","106417847","11","43335227"
"chr7","63185073","63185346","chr5","106522227","106522533","39","43337154"
"chr7","63192788","63193098","chr5","106530075","106530385","6","43337287"
"chr7","63272603","63272893","chr5","106609137","106609415","25","43336534"
"chr7","63777329","63777643","chr5","107109589","107109887","18","43332260"
"chr7","63841994","63842323","chr5","107171524","107171820","44","43329530"
"chr7","63980379","63980711","chr6","30916934","30917226","91","33063445"
"chr7","64187242","64187364","chr5","107522769","107522884","9","43335527"
"chr7","64224840","64225143","chr5","107568806","107569111","14","43343966"
"chr7","64283741","64283910","chr9","34667896","34668061","32","29615845"
"chr7","64630379","64630543","chr5","107969675","107969839","5","43339296"
"chr7","64754612","64754891","chr5","108097561","108097844","14","43342949"
"chr7","64892436","64892591","chr5","108231686","108231841","4","43339250"
"chr7","64942979","64943265","chr5","108286165","108286450","6","43343186"
"chr7","65133761","65134003","chr5","108483331","108483573","3","43349570"
"chr7","65141190","65141315","chr5","108490726","108490850","5","43349536"
"chr7","65629241","65629540","chr5","108983149","108983445","18","43353908"
"chr7","65977753","65978049","chr12","20667536","20667832","69","45310217"
"chr7","65978106","65978154","chr6","73599922","73599960","20","7621816"
"chr7","66017512","66017823","chr3","157030851","157031164","73","91013339"
"chr7","66034528","66034826","chr5","109388773","109389072","8","43354245"
"chr7","66074833","66075120","chr5","109429556","109429847","15","43354723"
"chr7","66091033","66091357","chr8","99419739","99420054","74","33328706"
"chr7","66095668","66095832","chr11","52925931","52926094","32","13169737"
"chr7","66107454","66107584","chr5","109462128","109462258","4","43354674"
"chr7","66131944","66132069","chr5","109485875","109486000","4","43353931"
"chr7","66140546","66140861","chr5","109494771","109495088","12","43354225"
"chr7","66184972","66185285","chr5","109539472","109539780","17","43354500"
"chr7","66189001","66189286","chr5","109543789","109544074","7","43354788"
"chr7","66231327","66231634","chr5","109589104","109589383","37","43357777"
"chr7","66288728","66288972","chr5","109646672","109646918","8","43357944"
"chr7","66289049","66289354","chr5","109646996","109647301","9","43357947"
"chr7","66306871","66307170","chr5","109664971","109665269","8","43358100"
"chr7","66339112","66339388","chr5","109696650","109696901","31","43357538"
"chr7","66419764","66420074","chr5","109785358","109785665","11","43365594"
"chr7","66476911","66477150","chr5","109842727","109842966","6","43365816"
"chr7","66581412","66581713","chr11","46631266","46631567","51","19950146"
"chr7","66613863","66614155","chr5","109984612","109984914","22","43370749"
"chr7","66645802","66646021","chr5","110017447","110017683","22","43371645"
"chr7","66783813","66784053","chr5","110144955","110145195","9","43361142"
"chr7","66957477","66957783","chr5","110318037","110318346","7","43360560"
"chr7","66990666","66990853","chr5","110351764","110351951","2","43361098"
"chr7","67124090","67124387","chr1","109986397","109986691","64","42862307"
"chr7","67176930","67177223","chr5","110541018","110541324","14","43364088"
"chr7","67263870","67264145","chr5","110630493","110630767","13","43366623"
"chr7","67268884","67269089","chr7","51342361","51342545","57","15926523"
"chr7","67567015","67567116","chr5","110938037","110938134","9","43371022"
"chr7","67997087","67997394","chr8","40560500","40560800","58","27436587"
"chr7","68036281","68036577","chr5","111469369","111469666","14","43433088"
"chr7","68068051","68068347","chr5","111501794","111502090","10","43433743"
"chr7","68223607","68223908","chr5","111658832","111659136","11","43435225"
"chr7","68289683","68289900","chr5","111725779","111725996","7","43436096"
"chr7","68302636","68302956","chr5","111738732","111739053","16","43436096"
"chr7","68508783","68508967","chr1","94941136","94941303","51","26432353"
"chr7","68619728","68619913","chr6","71183207","71183392","34","2563479"
"chr7","68627939","68628253","chr18","51073172","51073472","69","17554767"
"chr7","68916561","68916713","chr5","112331271","112331423","3","43414710"
"chr7","68937881","68938116","chr5","112352981","112353216","1","43415100"
"chr7","68977713","68978025","chr1","160009107","160009421","60","91031394"
"chr7","68979920","68980238","chr5","112394104","112394424","4","43414184"
"chr7","69054247","69054375","chr5","112472218","112472346","2","43417971"
"chr7","69063985","69064109","chr20","10415874","10415996","21","58648111"
"chr7","69084902","69085210","chr5","112502743","112503046","9","43417841"
"chr7","69150856","69151133","chr5","112567255","112567534","6","43416399"
"chr7","69170439","69170601","chr9","34688032","34688195","34","34482407"
"chr7","69206163","69206245","chr11","87565798","87565879","21","18359635"
"chr7","69228499","69228800","chr5","112645013","112645298","29","43416514"
"chr7","69263366","69263494","chr5","112679324","112679452","2","43415958"
"chr7","69263549","69263855","chr3","42406924","42407215","63","26856625"
"chr7","69395376","69395498","chr5","112809300","112809422","2","43413924"
"chr7","69408366","69408675","chr5","112823026","112823335","6","43414660"
"chr7","69575983","69576261","chr5","112987842","112988113","12","43411859"
"chr7","69630273","69630564","chr5","113042789","113043092","26","43412516"
"chr7","69695287","69695591","chr5","113116317","113116621","1","43421030"
"chr7","69760403","69760705","chr5","113189519","113189822","4","43429116"
"chr7","69816051","69816139","chr2","41116747","41116826","23","28699304"
"chr7","69917237","69917369","chr5","113354536","113354681","17","43437299"
"chr7","69949834","69950039","chr5","113386249","113386453","10","43436415"
"chr7","69951922","69952268","chr5","113388026","113388315","63","43436104"
"chr7","70017718","70018014","chr1","183152705","183153001","56","113134987"
"chr7","70064910","70065218","chr5","113503759","113504066","7","43438849"
"chr7","70077920","70078228","chr5","35282459","35282762","67","34795461"
"chr7","70127301","70127556","chr1","48887643","48887899","60","21239658"
"chr7","70151165","70151452","chr5","113589757","113590069","36","43438592"
"chr7","70197900","70198063","chr5","113637782","113637945","4","43439882"
"chr7","70202395","70202515","chr2","27715698","27715815","18","42486697"
"chr7","70202821","70202991","chrX","82263171","82263342","33","12060350"
"chr7","70203097","70203281","chr5","113642963","113643149","6","43439866"
"chr7","70233255","70233535","chr1","47150815","47151094","69","23082440"
"chr7","70313250","70313525","chr10","67912543","67912824","54","2400707"
"chr7","70354045","70354320","chr5","113797387","113797662","5","43443342"
"chr7","70420374","70420667","chr5","113864823","113865114","8","43444449"
"chr7","70637257","70637548","chr5","114085110","114085411","14","43447853"
"chr7","70654392","70654699","chr5","114101862","114102170","11","43447470"
"chr7","70675250","70675564","chr5","114122338","114122662","16","43447088"
"chr7","70685869","70686180","chr5","114133064","114133377","6","43447195"
"chr7","70698923","70699219","chr5","114146142","114146438","8","43447219"
"chr7","70779625","70779926","chr5","114230991","114231292","3","43451366"
"chr7","70884961","70885235","chr5","114336145","114336417","10","43451184"
"chr7","71529867","71529991","chr5","114979797","114979921","0","43449930"
"chr7","71560949","71561109","chr1","85260492","85260663","34","13699543"
"chr7","71561139","71561263","chr3","29287073","29287197","28","42274066"
"chr7","71677825","71678120","chr20","14584330","14584615","64","57093495"
"chr7","71730079","71730331","chr5","115182452","115182705","6","43452373"
"chr7","71734186","71734323","chr5","115185378","115185515","1","43451192"
"chr7","71895166","71895280","chr5","115345432","115345546","1","43450266"
"chr7","72129244","72129450","chr5","115582899","115583115","10","43453655"
"chr7","72174822","72175115","chr5","115629239","115629533","18","43454417"
"chr7","72273161","72273285","chr16","3670140","3670261","24","68603021"
"chr7","72296624","72296837","chr5","115755646","115755835","29","43459022"
"chr7","72555146","72555500","chr5","116010844","116011196","33","43455698"
"chr7","72820134","72820435","chr5","116281837","116282143","15","43461703"
"chr7","72988808","72989055","chr5","116455195","116455446","13","43466387"
"chr7","73223993","73224115","chr3","20410361","20410484","19","52813632"
"chr7","73543995","73544267","chr5","117032137","117032405","8","43488142"
"chr7","73606937","73607049","chr5","117096357","117096466","7","43489420"
"chr7","73644314","73644607","chr5","117127092","117127386","12","43482778"
"chr7","73835017","73835156","chr5","117324531","117324697","29","43489514"
"chr7","73936130","73936432","chr2","43054895","43055202","63","30881235"
"chr7","74037103","74037396","chr5","117537833","117538126","7","43500730"
"chr7","74391588","74391873","chr5","117896857","117897142","2","43505269"
"chr7","74651465","74651753","chr6","102148295","102148583","57","27496830"
"chr7","74695786","74696010","chr5","118213224","118213448","8","43517438"
"chr7","74830271","74830436","chr5","118360345","118360510","5","43530074"
"chr7","74850667","74850970","chr5","118380700","118381003","6","43530033"
"chr7","74856216","74856436","chr5","118386271","118386508","23","43530055"
"chr7","74869972","74870286","chr5","118400047","118400360","9","43530075"
"chr7","74919844","74919955","chr5","118447282","118447392","5","43527438"
"chr7","74933613","74933900","chr5","118461982","118462269","6","43528369"
"chr7","74953677","74953972","chr5","118482448","118482730","21","43528771"
"chr7","75056169","75056500","chr3","68766539","68766836","88","6289630"
"chr7","75057909","75058104","chr16","45274890","45275069","42","29783019"
"chr7","75058443","75058736","chr5","118579113","118579406","4","43520670"
"chr7","75102081","75102212","chr7","54253604","54253736","18","20848477"
"chr7","75102525","75102701","chr3","7337222","7337383","39","67765303"
"chr7","75131344","75131653","chr20","20881245","20881557","62","54250099"
"chr7","75155193","75155334","chr7","42742260","42742396","25","32412933"
"chr7","75155917","75156116","chr9","110466520","110466712","48","35310603"
"chr7","75168853","75168996","chr5","118599730","118599873","2","43430877"
"chr7","75194871","75195133","chr5","118636678","118636946","18","43441807"
"chr7","75198167","75198429","chr5","118638800","118639062","4","43440633"
"chr7","75205129","75205400","chr5","118646856","118647126","4","43441727"
"chr7","75217020","75217173","chr7","117102548","117102693","35","41885528"
"chr7","75243139","75243442","chr5","118686945","118687249","10","43443806"
"chr7","75329473","75329783","chr5","118774221","118774531","3","43444748"
"chr7","75412279","75412561","chr5","118855124","118855403","7","43442845"
"chr7","75459099","75459388","chr5","118901500","118901785","11","43442401"
"chr7","75468343","75468632","chr5","118910746","118911038","9","43442403"
"chr7","75521174","75521348","chr5","118963126","118963300","6","43441952"
"chr7","75530027","75530146","chr5","118971974","118972090","6","43441947"
"chr7","75653829","75654138","chr5","119091715","119092024","7","43437886"
"chr7","75693540","75693824","chr5","119131943","119132226","7","43438403"
"chr7","75735994","75736253","chr5","119176627","119176882","9","43440633"
"chr7","75742184","75742465","chr5","119182831","119183117","12","43440647"
"chr7","75781321","75781617","chr12","91888134","91888430","7","16106813"
"chr7","75790435","75790739","chr12","91897706","91898002","21","16107271"
"chr7","75795399","75795528","chr20","30712806","30712938","29","45082593"
"chr7","75795639","75795933","chr10","19227378","19227681","73","56568261"
"chr7","75835785","75835917","chr5","119261362","119261495","5","43425577"
"chr7","75847722","75847933","chr5","119272693","119272906","9","43424971"
"chr7","75863398","75863533","chr7","77772809","77772948","32","1909411"
"chr7","75863827","75863968","chr1","179717698","179717839","27","103853871"
"chr7","75935750","75935966","chr4","159921555","159921784","70","83985805"
"chr7","75945050","75945182","chr5","119374136","119374263","8","43429086"
"chr7","75973357","75973632","chr5","119402372","119402673","32","43429015"
"chr7","75979166","75979290","chr5","119408218","119408342","3","43429052"
"chr7","76036289","76036501","chr10","77964579","77964785","54","1928290"
"chr7","76187860","76188032","chr5","119631380","119631576","36","43443520"
"chr7","76192149","76192458","chr5","119635910","119636220","13","43443761"
"chr7","76259275","76259592","chr5","119701434","119701754","9","43442159"
"chr7","76273320","76273612","chr5","119715838","119716149","27","43442518"
"chr7","76586310","76586601","chr5","120052320","120052611","14","43466010"
"chr7","76867023","76867140","chr16","40581400","40581516","19","36285623"
"chr7","76867176","76867346","chr20","62347605","62347770","36","14519571"
"chr7","77348596","77348897","chr5","120822021","120822321","12","43473425"
"chr7","77647450","77647749","chr5","121120971","121121270","11","43473521"
"chr7","77787024","77787208","chr5","121262560","121262743","10","43475536"
"chr7","77849219","77849534","chr5","121324326","121324645","19","43475107"
"chr7","78100492","78100677","chr9","22928764","22928943","57","55171728"
"chr7","78285048","78285344","chr5","121496803","121497105","26","43211755"
"chr7","78322187","78322473","chr5","121530882","121531168","6","43208695"
"chr7","78515052","78515218","chr2","90612913","90613075","29","12097861"
"chr7","78699988","78700295","chr5","121910096","121910406","17","43210108"
"chr7","78709938","78710238","chr5","121920167","121920479","24","43210229"
"chr7","78715995","78716285","chr5","121926228","121926518","6","43210233"
"chr7","78946683","78946815","chr5","122155628","122155753","10","43208945"
"chr7","79035920","79036230","chr5","122247263","122247573","6","43211343"
"chr7","79550463","79550776","chr5","122781371","122781683","19","43230908"
"chr7","79888510","79888803","chr5","123117234","123117525","14","43228724"
"chr7","79945934","79946252","chr5","123176171","123176465","31","43230237"
"chr7","79967398","79967705","chrX","122027857","122028155","76","42060459"
"chr7","80170924","80171085","chr12","58940704","58940858","40","21230220"
"chr7","80171394","80171500","chr9","111944916","111945017","29","31773522"
"chr7","80265785","80266052","chr5","171287445","171287707","75","91021660"
"chr7","80284989","80285313","chr5","123526862","123527187","13","43241873"
"chr7","80353527","80353789","chr5","123602924","123603186","8","43249397"
"chr7","80468091","80468391","chr5","123721488","123721788","9","43253397"
"chr7","80567185","80567455","chr5","123820688","123820963","8","43253503"
"chr7","80607402","80607671","chr3","49478408","49478667","79","31128994"
"chr7","80735553","80735872","chr5","123994919","123995258","27","43259366"
"chr7","80934672","80934846","chr5","124195617","124195804","22","43260945"
"chr7","81163436","81163450","chr7","131755732","131755746","3","50592296"
"chr7","81163493","81163564","chr2","105940852","105940922","18","24777359"
"chr7","81189558","81189755","chr5","124473583","124473757","35","43284025"
"chr7","81211968","81212081","chr5","124496778","124496881","12","43284810"
"chr7","81322212","81322510","chr2","88653750","88654013","103","7331538"
"chr7","81341741","81342016","chr5","124628361","124628636","7","43286620"
"chr7","81511387","81511556","chr5","124806905","124807080","12","43295518"
"chr7","81694617","81694807","chr12","20585840","20586013","51","61108777"
"chr7","81752704","81752981","chr5","125052700","125052982","17","43299996"
"chr7","82146586","82146704","chr16","2412291","2412399","31","79734295"
"chr7","82168838","82168976","chr7","103821525","103821654","37","21652687"
"chr7","82180311","82180576","chr5","125480751","125481022","16","43300440"
"chr7","82270392","82270667","chr5","125571757","125572051","29","43301365"
"chr7","82373636","82373914","chr5","125681269","125681547","8","43307633"
"chr7","82374309","82374580","chr5","125681269","125681547","17","43306960"
"chr7","82446236","82446556","chr2","40127601","40127922","72","42318635"
"chr7","82540284","82540552","chr5","125845011","125845299","26","43304727"
"chr7","82586639","82586943","chr5","125889356","125889657","10","43302717"
"chr7","82934028","82934295","chr5","126244914","126245179","7","43310886"
"chr7","83328437","83328490","chr4","4056941","4056989","16","79271496"
"chr7","83331817","83332102","chr2","114738422","114738708","63","31406605"
"chr7","83450107","83450299","chr2","19720627","19720817","57","63729480"
"chr7","83604123","83604263","chr5","126943711","126943850","7","43339588"
"chr7","83663544","83663832","chr14","56307674","56307960","62","27355870"
"chr7","83707369","83707695","chr4","30888516","30888831","70","52818853"
"chr7","83773957","83774123","chr5","127113078","127113247","7","43339121"
"chr7","83787242","83787546","chr5","127125955","127126257","11","43338713"
"chr7","83832330","83832624","chr5","127172860","127173155","8","43340530"
"chr7","83902591","83902852","chr5","127245818","127246078","12","43343227"
"chr7","83983320","83983622","chr5","127326687","127326990","17","43343367"
"chr7","84039765","84040045","chr16","54252904","54253184","64","29786861"
"chr7","84175211","84175508","chr5","127532763","127533071","21","43357552"
"chr7","84183442","84183754","chr5","127540987","127541299","3","43357545"
"chr7","85085601","85085758","chr5","128452223","128452380","6","43366622"
"chr7","85259968","85260278","chr5","128630692","128631000","20","43370724"
"chr7","85408761","85408926","chr5","128776651","128776816","6","43367890"
"chr7","85434699","85434815","chr5","128801785","128801901","3","43367086"
"chr7","85436361","85436671","chr11","109018494","109018810","74","23582133"
"chr7","85758351","85758516","chr5","129131615","129131779","5","43373264"
"chr7","85761062","85761368","chr5","129134516","129134820","17","43373454"
"chr7","85840514","85840731","chr9","13883564","13883782","45","71956950"
"chr7","85844356","85844658","chr5","129224410","129224712","6","43380054"
"chr7","85895904","85896184","chr10","19719672","19719947","59","66176232"
"chr7","85922160","85922435","chr5","129304487","129304762","4","43382327"
"chr7","85930454","85930738","chr5","129312333","129312617","7","43381879"
"chr7","85956559","85956744","chr10","30691395","30691578","39","55265164"
"chr7","85968731","85968870","chr7","15523849","15523987","21","70444882"
"chr7","85975283","85975437","chr16","65672598","65672756","29","20302685"
"chr7","85994525","85994652","chr5","129380639","129380766","2","43386114"
"chr7","86042431","86042717","chr5","129431374","129431624","37","43388943"
"chr7","86096004","86096310","chr5","129483704","129484010","1","43387700"
"chr7","86119059","86119351","chr5","129516139","129516427","8","43397080"
"chr7","86124132","86124410","chr5","129520921","129521193","9","43396789"
"chr7","86127140","86127272","JH682422","1383","1516","24","86125757"
"chr7","86140507","86140800","chr5","129535851","129536144","6","43395344"
"chr7","86151238","86151559","chr5","129546743","129547064","4","43395505"
"chr7","86156158","86156444","chr11","1831348","1831642","51","84324810"
"chr7","86161979","86162108","chr5","129558103","129558232","2","43396124"
"chr7","86176260","86176381","chr5","129573618","129573739","3","43397358"
"chr7","86211346","86211508","chr4","35849261","35849424","42","50362085"
"chr7","86211533","86211821","chr16","64770615","64770909","62","21440918"
"chr7","86227734","86227852","chr5","129633400","129633518","8","43405666"
"chr7","86249942","86250169","chr5","129656174","129656403","4","43406232"
"chr7","86252594","86252717","chr5","129658825","129658948","4","43406231"
"chr7","86254315","86254440","chr10","12804695","12804819","28","73449620"
"chr7","86255016","86255176","chr9","43553612","43553775","45","42701404"
"chr7","86265615","86265734","chr5","129672798","129672927","14","43407183"
"chr7","86294434","86294736","chr5","129703092","129703394","7","43408658"
"chr7","86301900","86302217","chr5","129710559","129710873","13","43408659"
"chr7","86308380","86308672","chr5","129717736","129718029","6","43409356"
"chr7","86331141","86331443","chr5","129740973","129741304","34","43409832"
"chr7","86333837","86334146","chr5","129744041","129744349","8","43410204"
"chr7","86427711","86427992","chr5","129839075","129839360","12","43411364"
"chr7","86434109","86434471","chr1","12553705","12554038","96","73880404"
"chr7","86461476","86461782","chr5","129870323","129870628","5","43408847"
"chr7","86515896","86516135","chr5","129927031","129927269","6","43411135"
"chr7","86628248","86628549","chr5","130042577","130042877","7","43414329"
"chr7","86629238","86629395","chr5","130043880","130044036","7","43414642"
"chr7","86637298","86637591","chr5","130051923","130052221","10","43414625"
"chr7","86667741","86667850","chr5","130082779","130082889","4","43415038"
"chr7","86802273","86802569","chr5","130217711","130218008","5","43415438"
"chr7","87065270","87065566","chr5","130480525","130480821","3","43415255"
"chr7","87151651","87151802","chr5","130567106","130567257","1","43415455"
"chr7","87156647","87156949","chr5","130571811","130572113","10","43415164"
"chr7","87168261","87168557","chr5","130583490","130583786","6","43415229"
"chr7","87172010","87172157","chr5","130587120","130587267","5","43415110"
"chr7","87212274","87212537","chr20","15620626","15620912","66","71591648"
"chr7","87232413","87232726","chr5","130648812","130649128","11","43416399"
"chr7","87285900","87286127","chr5","130703372","130703599","4","43417472"
"chr7","87308678","87308970","chr5","130725055","130725347","6","43416377"
"chr7","87339439","87339753","chr5","130755399","130755712","9","43415960"
"chr7","87369428","87369723","chr5","130785506","130785801","4","43416078"
"chr7","87407932","87408195","chr5","130823812","130824075","3","43415880"
"chr7","87419274","87419561","chr5","130837322","130837606","22","43418048"
"chr7","87494053","87494346","chr5","130920969","130921263","7","43426916"
"chr7","87568798","87569079","chr5","130995413","130995694","4","43426615"
"chr7","87600470","87600593","chr20","10415874","10415996","21","77184596"
"chr7","87648300","87648569","chr5","131075712","131075982","7","43427412"
"chr7","87670611","87670917","chr5","131098356","131098662","5","43427745"
"chr7","87702445","87702643","chr5","131130360","131130571","20","43427915"
"chr7","87713772","87713974","chr8","21502389","21502572","54","66211383"
"chr7","87720757","87721059","chr5","131149118","131149420","8","43428361"
"chr7","87729081","87729379","chr5","131152928","131153226","9","43423847"
"chr7","87802393","87802656","chr5","131230366","131230628","11","43427973"
"chr7","87804467","87804758","chr5","131232433","131232725","10","43427966"
"chr7","87904705","87904860","chr5","131332692","131332847","4","43427987"
"chr7","88075333","88075652","chr5","131510480","131510784","24","43435147"
"chr7","88216445","88216728","chr10","80651039","80651327","59","7565406"
"chr7","88381595","88381900","chr5","131821251","131821556","11","43439656"
"chr7","88450428","88450721","chr5","131886089","131886399","33","43435661"
"chr7","88485665","88485942","chr1","5072710","5072988","65","83412955"
"chr7","88525185","88525470","chr5","131966822","131967107","11","43441637"
"chr7","88689438","88689581","chr5","132138566","132138709","2","43449128"
"chr7","88822539","88822842","chr5","132270366","132270679","25","43447827"
"chr7","88853499","88853764","chr5","132301038","132301314","19","43447539"
"chr7","89042812","89042977","chr5","132497921","132498085","4","43455109"
"chr7","89191273","89191395","chr9","12625020","12625136","25","76566253"
"chr7","89305725","89306045","chr19","38211571","38211883","69","51094154"
"chr7","89368630","89368915","chr5","132822673","132822958","5","43454043"
"chr7","89610730","89610787","chr5","133072448","133072505","0","43461718"
"chr7","89617503","89617779","chr5","133079205","133079483","10","43461702"
"chr7","89664802","89664919","chr5","133126129","133126238","13","43461327"
"chr7","89682582","89682762","chr5","133143889","133144050","22","43461307"
"chr7","89891236","89891380","chr6","65257366","65257502","31","24633870"
"chr7","89891689","89891861","chr9","32503887","32504057","31","57387802"
"chr7","89930999","89931320","chr5","133401531","133401841","21","43470532"
"chr7","90082184","90082430","chr5","133552647","133552913","24","43470463"
"chr7","90106047","90106081","chr3","51850498","51850541","12","38255549"
"chr7","90106128","90106407","chr5","133576330","133576605","21","43470202"
"chr7","90136789","90137076","chr5","133606754","133607042","13","43469965"
"chr7","90151692","90151816","chr5","133623540","133623664","2","43471848"
"chr7","90164386","90164709","chr5","133635972","133636288","11","43471586"
"chr7","90247214","90247507","chr5","133718832","133719125","2","43471618"
"chr7","90287446","90287721","chr5","133758632","133758886","23","43471186"
"chr7","90329882","90330036","chr11","45822609","45822762","30","44507273"
"chr7","90347493","90347786","chr5","133823157","133823428","26","43475664"
"chr7","90352489","90352801","chr1","1005599","1005900","68","89346890"
"chr7","90364316","90364614","chr13","110725016","110725316","73","20360700"
"chr7","90374697","90374817","chr8","63997023","63997145","20","26377674"
"chr7","90395171","90395333","chr5","133871496","133871658","4","43476325"
"chr7","90429413","90429712","chr7","45844032","45844335","73","44585381"
"chr7","90552242","90552542","chr5","134010779","134011079","11","43458537"
"chr7","90584005","90584270","chr5","134042695","134042956","13","43458690"
"chr7","90661412","90661699","chr5","134124597","134124888","10","43463185"
"chr7","90751450","90751727","chr5","134229878","134230143","17","43478428"
"chr7","91212555","91212838","chr5","134700621","134700904","4","43488066"
"chr7","91273123","91273286","chr5","134761605","134761769","6","43488482"
"chr7","91322257","91322549","chr3","174275494","174275789","71","82953237"
"chr7","91404181","91404466","chr5","134890892","134891177","4","43486711"
"chr7","91543404","91543703","chr5","135035720","135036012","15","43492316"
"chr7","91551026","91551344","chr5","135043875","135044193","12","43492849"
"chr7","91625064","91625363","chr5","135121235","135121534","7","43496171"
"chr7","91660048","91660242","chr5","135156421","135156614","7","43496373"
"chr7","91675252","91675393","chr5","135171606","135171747","1","43496354"
"chr7","91841315","91841611","chr5","135340791","135341112","32","43499476"
"chr7","92014941","92015102","chr1","179872164","179872326","32","87857223"
"chr7","92056741","92056887","chr5","135552278","135552424","4","43495537"
"chr7","92076557","92076832","chr5","135572084","135572357","9","43495527"
"chr7","92084530","92084696","chr5","135580039","135580201","10","43495509"
"chr7","92097859","92098144","chr5","135593527","135593819","17","43495668"
"chr7","92203196","92203453","chr5","135710912","135711165","10","43507716"
"chr7","92211829","92212115","chr5","135719508","135719804","34","43507679"
"chr7","92249372","92249669","chr5","135757040","135757339","12","43507668"
"chr7","92276714","92277025","chr5","135784402","135784710","11","43507688"
"chr7","92362730","92363026","chr19","43725735","43726021","59","48636995"
"chr7","92520699","92521007","chr5","136030151","136030472","20","43509452"
"chr7","92539878","92540179","chr5","136049801","136050099","6","43509923"
"chr7","92545817","92545976","chr5","136055772","136055933","3","43509955"
"chr7","92557352","92557650","chr5","136067342","136067640","3","43509990"
"chr7","92603974","92603994","chr1","49605714","49605731","7","42998260"
"chr7","92604215","92604371","chr13","92739576","92739730","35","135361"
"chr7","92604417","92604536","chr10","76853190","76853307","22","15751227"
"chr7","92605317","92605479","chr5","136112783","136112945","4","43507466"
"chr7","92680888","92681106","chr5","136189243","136189461","5","43508355"
"chr7","92759993","92760153","chr5","136269219","136269393","17","43509226"
"chr7","92762217","92762495","chr5","136271472","136271734","32","43509255"
"chr7","92896338","92896628","chr5","136407023","136407324","15","43510685"
"chr7","92909053","92909338","chr5","136419754","136420079","48","43510701"
"chr7","92929697","92929817","chr3","88765833","88765953","24","4163864"
"chr7","92929846","92930034","chr3","35120511","35120680","58","57809335"
"chr7","92994687","92994989","chr5","136508079","136508383","15","43513392"
"chr7","93204117","93204421","chr4","52586133","52586439","66","40617984"
"chr7","93245499","93245794","chr5","136761277","136761572","10","43515778"
"chr7","93933650","93933822","chrX","82263171","82263342","40","11670479"
"chr7","93933860","93933975","chr1","124978448","124978564","19","31044588"
"chr7","93947744","93947923","chrX","138578420","138578584","37","44630676"
"chr7","93983750","93983774","chr11","104617974","104617996","7","10634224"
"chr7","93983838","93984121","chr5","137505949","137506260","36","43522111"
"chr7","93999542","93999849","chr5","137520831","137521138","9","43521289"
"chr7","94021133","94021343","chr5","137543166","137543376","3","43522033"
"chr7","94049566","94049842","chr5","137571706","137571980","9","43522140"
"chr7","94092053","94092334","chr5","137613975","137614256","13","43521922"
"chr7","94099171","94099388","chr11","48856452","48856658","45","45242719"
"chr7","94099402","94099665","chr5","137621326","137621621","39","43521924"
"chr7","94120249","94120479","chr5","137642248","137642478","1","43521999"
"chr7","94141350","94141593","chr5","137663427","137663667","9","43522077"
"chr7","94149367","94149666","chr5","137671418","137671723","10","43522051"
"chr7","94155581","94155897","chr5","137677642","137677958","3","43522061"
"chr7","94222408","94222586","chr5","137743424","137743602","4","43521016"
"chr7","94230894","94231029","chr5","137751923","137752058","2","43521029"
"chr7","94295013","94295162","chr2","65975988","65976143","29","28319025"
"chr7","94306440","94306598","chr5","137825743","137825901","1","43519303"
"chr7","94316734","94317016","chr5","137836442","137836713","18","43519708"
"chr7","94339533","94339701","chr5","137859259","137859427","15","43519726"
"chr7","94375230","94375347","chr5","20097446","20097564","21","74277784"
"chr7","94375381","94375569","chr11","82940215","82940392","40","11435166"
"chr7","94396667","94396968","chr5","137916507","137916808","6","43519840"
"chr7","94413590","94413756","chr1","155110051","155110214","30","60696461"
"chr7","94481109","94481298","chr13","71844195","71844375","37","22636914"
"chr7","94481338","94481463","chr20","8786081","8786197","20","85695257"
"chr7","94636113","94636445","chr5","138156497","138156822","20","43520384"
"chr7","94789520","94789840","chr5","138312062","138312381","13","43522542"
"chr7","94811527","94811826","chr5","138342926","138343225","11","43531399"
"chr7","94826158","94826466","chr5","138357773","138358077","13","43531615"
"chr7","94859055","94859171","chr5","138390652","138390757","14","43531597"
"chr7","94869154","94869421","chr5","138400763","138401036","18","43531609"
"chr7","94939588","94939806","chr5","138470380","138470598","3","43530792"
"chr7","94957460","94957748","chr5","138488186","138488474","5","43530726"
"chr7","94964028","94964309","chr5","138494737","138495018","3","43530709"
"chr7","95042033","95042325","chr5","138567560","138567852","2","43525527"
"chr7","95233146","95233403","chr5","138763733","138763990","9","43530587"
"chr7","95277666","95277950","chr5","138808348","138808630","9","43530682"
"chr7","95278313","95278481","chr5","138808994","138809168","11","43530681"
"chr7","95319344","95319632","chr5","138848898","138849186","8","43529554"
"chr7","95611807","95612031","chr5","139140309","139140532","6","43528502"
"chr7","95710734","95710942","chr5","139241885","139242093","6","43531151"
"chr7","95954701","95954930","chr20","51591081","51591298","53","44363620"
"chr7","95977683","95977788","chr15","11776727","11776831","19","84200956"
"chr7","95977838","95977990","chr3","111537508","111537663","30","15559670"
"chr7","95980663","95980947","chr5","139523643","139523935","24","43542980"
"chr7","96250426","96250576","chr2","177802898","177803049","35","81552472"
"chr7","96521050","96521336","chr4","29998385","29998662","70","66522665"
"chr7","96548970","96549251","chr5","140095704","140096011","37","43546734"
"chr7","96555427","96555724","chr3","107444816","107445114","59","10889389"
"chr7","96555866","96556020","chr5","140103117","140103276","18","43547251"
"chr7","96579499","96579657","chr5","140126797","140126956","5","43547298"
"chr7","96581059","96581384","chr5","140128361","140128686","13","43547302"
"chr7","96585508","96585672","chr5","140132747","140132913","12","43547239"
"chr7","96595444","96595762","chr5","140142664","140142989","11","43547220"
"chr7","96605223","96605497","chr5","140152406","140152678","10","43547183"
"chr7","96605579","96605879","chr5","140152767","140153063","15","43547188"
"chr7","96611746","96611877","chr5","140158936","140159067","6","43547190"
"chr7","96649415","96649595","chr18","12582891","12583081","49","84066524"
"chr7","96679283","96679553","chr5","140224444","140224714","7","43545161"
"chr7","96689548","96689834","chr5","140234653","140234953","22","43545105"
"chr7","96719071","96719363","chr5","140269495","140269801","18","43550424"
"chr7","96726893","96727023","chr5","140277373","140277499","7","43550480"
"chr7","96743160","96743459","chr5","140293748","140294028","28","43550588"
"chr7","96755431","96755632","chr5","140305137","140305341","8","43549706"
"chr7","96848035","96848344","chr5","140396575","140396892","12","43548540"
"chr7","96883101","96883395","chr5","140431787","140432079","13","43548686"
"chr7","96886652","96886953","chr5","140435350","140435651","11","43548698"
"chr7","96922944","96923270","chr1","139497497","139497817","72","42574553"
"chr7","96998671","96998955","chr3","20997559","20997838","72","76001112"
"chr7","97031325","97031626","chr3","75323350","75323649","55","21707975"
"chr7","97042576","97042856","chr9","36983405","36983726","45","60059171"
"chr7","97097749","97097875","chr11","115156201","115156326","21","18058452"
"chr7","97148857","97149149","chr5","140485051","140485345","9","43336194"
"chr7","97156001","97156288","chr5","140492015","140492306","16","43336014"
"chr7","97185779","97186089","chr1","100801313","100801625","59","3615534"
"chr7","97215939","97216210","chr5","140559806","140560077","0","43343867"
"chr7","97222347","97222635","chr5","140566211","140566497","9","43343864"
"chr7","97232438","97232745","chr5","140576191","140576463","41","43343753"
"chr7","97242021","97242317","chr5","140589217","140589518","17","43347196"
"chr7","97264053","97264349","chr5","140610933","140611244","25","43346880"
"chr7","97264400","97264672","chr5","140611278","140611553","6","43346878"
"chr7","97280677","97280971","chr15","36830578","36830868","56","60450099"
"chr7","97292377","97292674","chr5","140639544","140639845","10","43347167"
"chr7","97301423","97301721","chr5","140648579","140648883","14","43347156"
"chr7","97345264","97345595","chr5","140698503","140698820","22","43353239"
"chr7","97352368","97352643","chr2","99898346","99898628","55","2545978"
"chr7","97352700","97352978","chr5","140705372","140705628","29","43352672"
"chr7","97353781","97353977","chr5","140706448","140706644","10","43352667"
"chr7","97361838","97362138","chr5","140714467","140714759","12","43352629"
"chr7","97380869","97381030","chr5","140734399","140734541","22","43353530"
"chr7","97412184","97412468","chr5","140767046","140767330","2","43354862"
"chr7","97413202","97413508","chr5","140768088","140768402","15","43354886"
"chr7","97545308","97545614","chr5","140903675","140903979","18","43358367"
"chr7","97572956","97573079","chr5","140928448","140928577","8","43355492"
"chr7","97603890","97604166","chr11","92726864","92727137","101","4877026"
"chr7","97607670","97607736","chr3","29164436","29164502","14","68443234"
"chr7","97623510","97623787","chr5","140983808","140984078","20","43360298"
"chr7","97648818","97648945","chr16","68895719","68895844","27","28753099"
"chr7","97671130","97671301","chr5","141019346","141019517","1","43348216"
"chr7","97690438","97690714","chr5","141038428","141038705","6","43347990"
"chr7","97695929","97696040","chr9","12303533","12303642","24","85392396"
"chr7","97696363","97696530","chr1","79571833","79572000","35","18124530"
"chr7","97770630","97770864","chr5","141122437","141122667","6","43351807"
"chr7","97790935","97791086","chr5","141143230","141143404","25","43352295"
"chr7","97801504","97801828","chr5","141153855","141154179","14","43352351"
"chr7","97812635","97812946","chr5","141164330","141164639","12","43351695"
"chr7","97840886","97841180","chr5","141192363","141192656","8","43351477"
"chr7","97855743","97855957","chr5","141207564","141207778","2","43351821"
"chr7","97856003","97856275","chr5","141207826","141208112","23","43351823"
"chr7","97881819","97882032","chr5","141234597","141234804","11","43352778"
"chr7","97905958","97906123","chr12","81001667","81001831","30","16904291"
"chr7","97924196","97924485","chr5","141279307","141279594","6","43355111"
"chr7","98016081","98016184","chr14","103395076","103395178","24","5378995"
"chr7","98021702","98021838","chr5","141379011","141379147","4","43357309"
"chr7","98082668","98082961","chr5","141442466","141442755","9","43359798"
"chr7","98139973","98140261","chr3","173937599","173937888","54","75797626"
"chr7","98300594","98300903","chrX","41571064","41571371","65","56729530"
"chr7","98363632","98363919","chr11","795340","795620","72","97568292"
"chr7","98446814","98446976","chr8","20414982","20415141","26","78031832"
"chr7","98777669","98777970","chr5","141731539","141731830","17","42953870"
"chr7","98811697","98811991","chr5","141765578","141765872","4","42953881"
"chr7","98825385","98825535","chr5","141779692","141779827","18","42954307"
"chr7","98826098","98826265","chr5","141780407","141780565","11","42954309"
"chr7","98869206","98869388","chr5","141823208","141823390","7","42954002"
"chr7","98908152","98908304","chr5","141861687","141861839","0","42953535"
"chr7","98912513","98912787","chr5","141865997","141866269","10","42953484"
"chr7","98973593","98973868","chr5","141927918","141928190","13","42954325"
"chr7","99045824","99045972","chr5","141997116","141997260","6","42951292"
"chr7","99112390","99112637","chr5","142059999","142060265","29","42947609"
"chr7","99118568","99118878","chr5","142066140","142066444","13","42947572"
"chr7","99169917","99170212","chr20","38637596","38637890","51","60532321"
"chr7","99201246","99201520","chr5","142149431","142149705","5","42948185"
"chr7","99207749","99208062","chr5","142155887","142156200","12","42948138"
"chr7","99235750","99235864","chr5","142183752","142183866","6","42948002"
"chr7","99242212","99242492","chr5","142190517","142190807","21","42948305"
"chr7","99255695","99255914","chr5","142203651","142203880","16","42947956"
"chr7","99273435","99273668","chr5","142221441","142221678","8","42948006"
"chr7","99305046","99305350","chr5","142252333","142252637","9","42947287"
"chr7","99308079","99308338","chr5","142255361","142255623","8","42947282"
"chr7","99318125","99318335","chr5","142265175","142265385","5","42947050"
"chr7","99373190","99373499","chr9","56342981","56343289","66","43030209"
"chr7","99388487","99388782","chr5","142334019","142334314","6","42945532"
"chr7","99415285","99415583","chr5","142363718","142364026","22","42948433"
"chr7","99451166","99451332","chr5","142399687","142399853","5","42948521"
"chr7","99473028","99473213","chr5","142420895","142421056","24","42947867"
"chr7","99503525","99503825","chr3","40135605","40135904","59","59367920"
"chr7","99586788","99586899","chr9","18308934","18309057","25","81277854"
"chr7","99587190","99587352","chr8","21416225","21416388","40","78170965"
"chr7","99604526","99604818","chr5","142556934","142557225","10","42952408"
"chr7","99646383","99646668","chr5","142602719","142603005","6","42956336"
"chr7","99647724","99647858","chr7","42742260","42742396","26","56905464"
"chr7","99649332","99649626","chr5","142605653","142605948","12","42956321"
"chr7","99674623","99674914","chr5","142631260","142631550","9","42956637"
"chr7","99676700","99677001","chr5","142633331","142633632","6","42956631"
"chr7","99686733","99687019","chr5","142643509","142643796","7","42956776"
"chr7","99689729","99690011","chr12","67943526","67943800","66","31746203"
"chr7","99696405","99696701","chr11","119360952","119361245","60","19664547"
"chr7","99699882","99700189","chr5","142657010","142657318","6","42957128"
"chr7","99717103","99717271","chr5","142673195","142673373","13","42956092"
"chr7","99725248","99725552","chr5","142681368","142681665","14","42956120"
"chr7","99744262","99744462","chr7","88074447","88074655","43","11669815"
"chr7","99745285","99745402","chr11","94842400","94842517","21","4902885"
"chr7","99745449","99745627","chr14","64538450","64538624","39","35206999"
"chr7","99767361","99767635","chr5","142725134","142725408","6","42957773"
"chr7","99831172","99831278","chr10","59688101","59688202","25","40143071"
"chr7","99835769","99836081","chr5","142793342","142793655","10","42957573"
"chr7","99865215","99865508","chr5","142822933","142823225","9","42957718"
"chr7","99879676","99879976","chr5","142837397","142837697","8","42957721"
"chr7","99890693","99891000","chr5","142848404","142848715","19","42957711"
"chr7","99901290","99901466","chr11","97933325","97933494","42","1967965"
"chr7","99905498","99905796","chr5","142863188","142863486","6","42957690"
"chr7","99941380","99941671","chr5","142896927","142897218","4","42955547"
"chr7","99942104","99942377","chr5","142897649","142897923","8","42955545"
"chr7","99947212","99947385","chr5","142903107","142903280","6","42955895"
"chr7","99954826","99954941","chr5","142911783","142911898","3","42956957"
"chr7","99958957","99959136","chr5","142915635","142915814","4","42956678"
"chr7","99978789","99979076","chr5","142935482","142935769","5","42956693"
"chr7","100018686","100018807","chr2","144725602","144725726","17","44706916"
"chr7","100038164","100038449","chr5","142996336","142996621","4","42958172"
"chr7","100046843","100047153","chr5","143005541","143005854","15","42958698"
"chr7","100051406","100051749","chr5","143010107","143010419","43","42958701"
"chr7","100074448","100074739","chr5","143033635","143033926","8","42959187"
"chr7","100100536","100100712","chr1","34605095","34605272","56","65495441"
"chr7","100100738","100100858","chr11","67115040","67115158","19","32985698"
"chr7","100103297","100103596","chr5","143062277","143062576","7","42958980"
"chr7","100154012","100154320","chr5","143113052","143113360","9","42959040"
"chr7","100155063","100155351","chr5","143114136","143114403","26","42959073"
"chr7","100171980","100172234","chr5","143130873","143131137","36","42958893"
"chr7","100198646","100198779","chr1","114767508","114767644","25","14568862"
"chr7","100220516","100220818","chr5","143178836","143179138","1","42958320"
"chr7","100237046","100237263","chr5","143195238","143195447","10","42958192"
"chr7","100293689","100293845","chr14","57286041","57286198","32","43007648"
"chr7","100354491","100354655","chr5","143312459","143312623","7","42957968"
"chr7","100428782","100429010","chr5","143373169","143373390","17","42944387"
"chr7","100704126","100704469","chr5","143657696","143658032","11","42953570"
"chr7","100840954","100841252","chr1","15006943","15007234","72","85834011"
"chr7","100989702","100990011","chr5","143938275","143938584","20","42948573"
"chr7","101014744","101015040","chr5","143963260","143963566","17","42948516"
"chr7","101026214","101026527","chr5","143974737","143975050","12","42948523"
"chr7","101052992","101053234","chr5","144001886","144002116","16","42948894"
"chr7","101058516","101058833","chr5","144007388","144007702","14","42948872"
"chr7","101062701","101063017","chr1","110856552","110856849","72","9793851"
"chr7","101088732","101089036","chr3","33628241","33628542","59","67460491"
"chr7","101099789","101100058","chr7","145230414","145230687","62","44130625"
"chr7","101112053","101112356","chr5","144063507","144063807","20","42951454"
"chr7","101123800","101123927","chr5","144075679","144075822","18","42951879"
"chr7","101175291","101175608","chr5","144125590","144125907","2","42950299"
"chr7","101180378","101180660","chr5","144130684","144130948","25","42950306"
"chr7","101184867","101185142","chr5","144135117","144135395","22","42950250"
"chr7","101198355","101198660","chr5","144148326","144148632","5","42949971"
"chr7","101216362","101216424","chr4","4056990","4057044","19","97159372"
"chr7","101279411","101279672","chr5","144231359","144231609","16","42951948"
"chr7","101329474","101329640","chr5","144280394","144280565","11","42950920"
"chr7","101458926","101459214","chr3","44017542","44017830","61","57441384"
"chr7","101804429","101804585","chr12","96215159","96215317","32","5589270"
"chr7","101951918","101952206","chr5","144868267","144868550","14","42916349"
"chr7","101957004","101957316","chr5","144873351","144873637","32","42916347"
"chr7","102001479","102001665","chr5","144917636","144917807","21","42916157"
"chr7","102077363","102077671","chr5","145001624","145001927","21","42924261"
"chr7","102200555","102200682","chr19","27674976","27675106","32","74525579"
"chr7","102267164","102267290","chr1","166516268","166516393","17","64249104"
"chr7","102274571","102274721","chr5","145192661","145192813","5","42918090"
"chr7","102346028","102346340","chr5","145264862","145265173","10","42918834"
"chr7","102562911","102563073","chr5","145482080","145482244","5","42919169"
"chr7","102568200","102568244","chr2","67051044","67051086","8","35517156"
"chr7","102641627","102641940","chrX","87262166","87262490","72","15379461"
"chr7","102672163","102672342","chr1","28517728","28517896","49","74154435"
"chr7","102932292","102932612","chr5","145844291","145844610","6","42911999"
"chr7","103031599","103031725","chr9","28241775","28241904","32","74789824"
"chr7","103052535","103052711","chr1","113408908","113409076","42","10356373"
"chr7","103052739","103052857","chrX","62994372","62994485","27","40058367"
"chr7","103299032","103299278","chr5","146214488","146214734","11","42915456"
"chr7","103411585","103411870","chr13","8471765","8472056","63","94939820"
"chr7","103465219","103465515","chr5","146381273","146381564","22","42916054"
"chr7","103485626","103485932","chr3","42365154","42365462","64","61120472"
"chr7","103528366","103528644","chr9","82908758","82909034","61","20619608"
"chr7","103678805","103678980","chr5","146591916","146592091","4","42913111"
"chr7","103727640","103727905","chr5","146640832","146641097","12","42913192"
"chr7","103766599","103766778","chr5","146679718","146679897","6","42913119"
"chr7","103819013","103819185","chr20","43009050","43009215","32","60809963"
"chr7","103819491","103819627","chr4","24417742","24417875","32","79401749"
"chr7","103940515","103940813","chr5","146853944","146854239","10","42913429"
"chr7","103992041","103992294","chr5","146901836","146902089","3","42909795"
"chr7","104549526","104549782","chr5","147473838","147474092","7","42924312"
"chr7","104563279","104563558","chr5","147487890","147488168","9","42924611"
"chr7","104661327","104661467","chr9","24636079","24636217","27","80025248"
"chr7","104661513","104661633","chr19","13669142","13669263","18","90992371"
"chr7","104829521","104829608","chr5","147751656","147751743","2","42922135"
"chr7","104933755","104933857","chr9","93689932","93690039","18","11243823"
"chr7","105053738","105054027","chr5","147976904","147977193","2","42923166"
"chr7","105110618","105110775","chr5","148035089","148035252","9","42924471"
"chr7","105186897","105187024","chr5","148112031","148112158","3","42925134"
"chr7","105201406","105201684","chr5","148126543","148126821","6","42925137"
"chr7","105233090","105233314","chr5","148158709","148158933","7","42925619"
"chr7","105233370","105233471","chr5","148158989","148159090","0","42925619"
"chr7","105238733","105239018","chr5","148164586","148164872","5","42925853"
"chr7","105280699","105280846","chr5","148206380","148206527","1","42925681"
"chr7","105302487","105302772","chr5","148228177","148228458","14","42925690"
"chr7","105303967","105304273","chr5","148229649","148229958","4","42925682"
"chr7","105319072","105319378","chr8","36816360","36816661","72","68502712"
"chr7","105347524","105347832","chr5","148272465","148272775","6","42924941"
"chr7","105357433","105357556","chr2","78859261","78859389","27","26498172"
"chr7","105379707","105380013","chr5","148304441","148304745","9","42924734"
"chr7","105414486","105414760","chr5","148339521","148339789","16","42925035"
"chr7","105431540","105431839","chr11","112831862","112832162","57","7400322"
"chr7","105509687","105509982","chr5","148434846","148435139","8","42925159"
"chr7","105514336","105514512","chr1","208088992","208089173","39","102574656"
"chr7","105560345","105560625","chr5","148488725","148489009","9","42928380"
"chr7","105573312","105573601","chr5","148503834","148504124","4","42930522"
"chr7","105577848","105578192","chr19","17513317","17513652","76","88064531"
"chr7","105581816","105582109","chr5","148512354","148512648","8","42930538"
"chr7","105604166","105604286","chr5","148534609","148534729","1","42930443"
"chr7","105636064","105636205","chr2","49344124","49344267","31","56291940"
"chr7","105636507","105636641","chr3","161233673","161233808","26","55597166"
"chr7","105692004","105692303","chr10","14085567","14085868","65","91606437"
"chr7","105809678","105809987","chr5","148740337","148740647","8","42930659"
"chr7","105888522","105888817","chr5","148818699","148819008","23","42930177"
"chr7","105997540","105997850","chr5","148928357","148928663","14","42930817"
"chr7","106001516","106001815","chr5","148932341","148932639","4","42930825"
"chr7","106371551","106371672","chr8","63997023","63997145","15","42374528"
"chr7","106371970","106372171","chr2","78890989","78891187","51","27480981"
"chr7","106966377","106966655","chr5","149917937","149918205","19","42951560"
"chr7","107146516","107146765","chr7","59475517","59475770","63","47670999"
"chr7","107194140","107194309","chr5","150151784","150151951","9","42957644"
"chr7","107675373","107675649","chr5","150623432","150623710","17","42948059"
"chr7","107767082","107767397","chr5","150718666","150718981","9","42951584"
"chr7","107818638","107818797","chr5","150769922","150770081","6","42951284"
"chr7","107844194","107844465","chr5","150797327","150797596","12","42953133"
"chr7","107866586","107866886","chr5","78429725","78430023","65","29436861"
"chr7","107946371","107946677","chr5","150891662","150891968","9","42945291"
"chr7","107968984","107969278","chr5","150914014","150914294","31","42945030"
"chr7","108171248","108171389","chr15","25685158","25685298","25","82486090"
"chr7","108299853","108300151","chr5","151251052","151251361","21","42951199"
"chr7","108423698","108424007","chr10","66657585","66657884","70","41766113"
"chr7","108865163","108865492","chr5","151834273","151834600","5","42969110"
"chr7","109047770","109047952","chr6","65292529","65292684","58","43755241"
"chr7","109107366","109107630","chr7","38043532","38043779","68","71063834"
"chr7","109234700","109235023","chr13","69089354","69089660","81","40145346"
"chr7","109310930","109311073","chr5","152294891","152295033","4","42983961"
"chr7","109518456","109518742","chr7","106474650","106474943","62","3043806"
"chr7","109598831","109598922","chr4","163454624","163454713","14","53855793"
"chr7","109650768","109651081","chr5","152641508","152641809","22","42990740"
"chr7","109687396","109687678","chr5","152678969","152679251","11","42991573"
"chr7","109739562","109739871","chr5","152732014","152732325","17","42992452"
"chr7","109845472","109845788","chr5","152836570","152836887","11","42991098"
"chr7","110032955","110033273","chr5","153023256","153023582","34","42990301"
"chr7","110045514","110045806","chr5","153035828","153036123","12","42990314"
"chr7","110183358","110183514","chr7","138339375","138339524","44","28156017"
"chr7","110845496","110845800","chr5","153858856","153859152","15","43013360"
"chr7","110934657","110934962","chr15","23504489","23504794","57","87430168"
"chr7","110988253","110988500","chr5","154009470","154009715","13","43021217"
"chr7","111044325","111044486","chr5","154065597","154065774","19","43021272"
"chr7","111164688","111164996","chr5","154184202","154184505","26","43019514"
"chr7","111192118","111192384","chr5","154213961","154214246","34","43021843"
"chr7","111194907","111195211","chr5","154216777","154217091","18","43021870"
"chr7","111195970","111196107","chr5","154218302","154218440","5","43022332"
"chr7","111209770","111209928","chr5","173571563","173571715","28","62361793"
"chr7","111221524","111221823","chr5","154244111","154244409","24","43022587"
"chr7","111226198","111226482","chr1","39727140","39727419","60","71499058"
"chr7","111231473","111231610","chr7","123549912","123550042","27","12318439"
"chr7","111273207","111273525","chr5","154295850","154296147","31","43022643"
"chr7","111281752","111282065","chr5","154304529","154304842","15","43022777"
"chr7","111290002","111290269","chr5","154313269","154313535","9","43023267"
"chr7","111401027","111401313","chr5","154425913","154426202","17","43024886"
"chr7","111404823","111405068","chr5","154431356","154431606","19","43026533"
"chr7","111413986","111414092","chr3","178026490","178026595","25","66612504"
"chr7","111415027","111415147","chr5","154440320","154440440","2","43025293"
"chr7","111415908","111416149","chr10","36329199","36329426","61","75086709"
"chr7","111419837","111419965","chr5","154443178","154443306","2","43023341"
"chr7","111433000","111433136","chr11","19214362","19214485","50","92218638"
"chr7","111433405","111433531","chr5","154455234","154455360","8","43021829"
"chr7","111476472","111476606","chr5","154504330","154504464","3","43027858"
"chr7","111478788","111478976","chr5","154506626","154506809","13","43027838"
"chr7","111493969","111494097","chr5","154522137","154522265","3","43028168"
"chr7","111523249","111523384","chr17","40029657","40029791","46","71493592"
"chr7","111551502","111551791","chr5","154579912","154580207","13","43028410"
"chr7","111594029","111594351","chr5","154622647","154622971","10","43028618"
"chr7","111623890","111624193","chr2","85463572","85463880","55","26160318"
"chr7","111763012","111763092","chr5","154790183","154790259","7","43027171"
"chr7","111776063","111776266","chr11","121709073","121709273","54","9933010"
"chr7","111796162","111796476","chr5","154824131","154824445","9","43027969"
"chr7","111810204","111810481","chr5","154838185","154838479","20","43027981"
"chr7","112155014","112155157","chr5","155187450","155187592","3","43032436"
"chr7","112208373","112208646","chr5","155243677","155243949","8","43035304"
"chr7","112636351","112636646","chr19","14288492","14288791","71","98347859"
"chr7","112947341","112947636","chr5","156038159","156038457","11","43090818"
"chr7","112995996","112996266","chr5","156085805","156086075","11","43089809"
"chr7","113022794","113022959","chr3","33357074","33357229","44","79665720"
"chr7","113059735","113060011","chr10","50883925","50884193","72","62175810"
"chr7","113072958","113073198","chr5","156160553","156160793","9","43087595"
"chr7","113198698","113198817","chr5","156288222","156288341","4","43089524"
"chr7","113541373","113541662","chr3","40419911","40420197","85","73121462"
"chr7","113670450","113670735","chr5","156761256","156761541","12","43090806"
"chr7","113737481","113737792","chr5","156829584","156829874","27","43092103"
"chr7","113882673","113882978","chr5","156975897","156976202","12","43093224"
"chr7","113969553","113969775","chr5","157072718","157072998","64","43103165"
"chr7","114263381","114263669","chr5","157366674","157366962","2","43103293"
"chr7","114635040","114635156","chr5","157738688","157738806","6","43103648"
"chr7","114638057","114638319","chr7","121569360","121569626","61","6931303"
"chr7","114677101","114677279","chr8","107709609","107709762","50","6967492"
"chr7","114677321","114677440","chr17","83409542","83409666","21","31267779"
"chr7","114694245","114694427","chr5","100072099","100072264","42","14622146"
"chr7","114698197","114698479","chr5","157801536","157801818","7","43103339"
"chr7","114714474","114714777","chr5","157817789","157818094","4","43103315"
"chr7","114747015","114747318","chr5","157850132","157850435","7","43103117"
"chr7","114872010","114872318","chr5","157974392","157974698","6","43102382"
"chr7","114947231","114947385","chr5","158049735","158049889","4","43102504"
"chr7","114974722","114975054","chr11","110319987","110320283","81","4654735"
"chr7","114980162","114980306","chr5","158084895","158085039","2","43104733"
"chr7","115030921","115031203","chr9","58855907","58856177","62","56175014"
"chr7","115047856","115048125","chr5","158153998","158154268","19","43106142"
"chr7","115112357","115112583","chr13","36956021","36956253","53","78156336"
"chr7","115131752","115132047","chr5","158234322","158234618","7","43102570"
"chr7","115136518","115136802","chr5","158239143","158239425","7","43102625"
"chr7","115255783","115256085","chr5","158371462","158371767","11","43115679"
"chr7","115262844","115263129","chr5","158378525","158378797","15","43115681"
"chr7","115280314","115280608","chr5","158395715","158396014","20","43115401"
"chr7","115290714","115291012","chr5","158406616","158406911","8","43115902"
"chr7","115299275","115299568","chr10","43204216","43204506","58","72095059"
"chr7","115302058","115302336","chr7","16537997","16538267","59","98764061"
"chr7","115310849","115310974","chr5","158426777","158426902","0","43115928"
"chr7","115312416","115312545","chr10","27082622","27082751","18","88229794"
"chr7","115314535","115314656","chr5","158430597","158430718","5","43116062"
"chr7","115316579","115316870","chr5","158432678","158432954","23","43116099"
"chr7","115321884","115322162","chr5","158438906","158439187","10","43117022"
"chr7","115341769","115342060","chr15","37564473","37564760","59","77777296"
"chr7","115346270","115346562","chr5","158462708","158462999","10","43116438"
"chr7","115410845","115411134","chr6","67040255","67040544","67","48370590"
"chr7","115442594","115442883","chr5","158558852","158559141","3","43116258"
"chr7","115452370","115452496","chr7","19176713","19176838","35","96275657"
"chr7","115489041","115489340","chr8","76102286","76102587","64","39386755"
"chr7","115564432","115564715","chr5","158685940","158686226","33","43121508"
"chr7","115573582","115573856","chr5","158695448","158695726","13","43121866"
"chr7","115596453","115596760","chrX","41510812","41511113","81","74085641"
"chr7","115607271","115607564","chr5","158718795","158719090","12","43111524"
"chr7","115614518","115614762","chr5","158725646","158725901","20","43111128"
"chr7","115633839","115634020","chr16","71916151","71916323","44","43717688"
"chr7","115634311","115634440","chr1","166516268","166516393","24","50881957"
"chr7","115761977","115762284","chr17","76062721","76063023","60","39699256"
"chr7","115869393","115869701","chr5","158982847","158983166","19","43113454"
"chr7","115875506","115875661","chr5","158988978","158989133","2","43113472"
"chr7","115883261","115883555","chr5","158996615","158996915","19","43113354"
"chr7","115907635","115907925","chrX","121523147","121523454","66","5615512"
"chr7","115915201","115915372","chr15","12645276","12645444","48","103269925"
"chr7","115917194","115917479","chr11","117117097","117117389","61","1199903"
"chr7","115930168","115930457","chr5","159043627","159043917","5","43113459"
"chr7","115938884","115939005","chr11","94842400","94842517","19","21096484"
"chr7","115939048","115939158","chr8","28224395","28224517","35","87714653"
"chr7","115975379","115975502","chr5","159089141","159089264","3","43113762"
"chr7","116063680","116063978","chr15","13812939","13813234","56","102250741"
"chr7","116080219","116080359","chr5","159187644","159187792","12","43107425"
"chr7","116082227","116082355","chr5","159189666","159189794","7","43107439"
"chr7","116085444","116085574","chr5","159192887","159193011","8","43107443"
"chr7","116103086","116103376","chr5","157366674","157366962","56","41263588"
"chr7","116105439","116105569","chr5","159213668","159213798","2","43108229"
"chr7","116118256","116118563","chr5","159226511","159226815","13","43108255"
"chr7","116247128","116247433","chr5","159351438","159351735","12","43104310"
"chr7","116433314","116433450","chr5","159539521","159539640","18","43106207"
"chr7","116468596","116468730","chr5","159574409","159574534","18","43105813"
"chr7","116650559","116650825","chr12","34227980","34228236","69","82422579"
"chr7","116693245","116693365","chr5","159798997","159799117","6","43105752"
"chr7","116784281","116784395","chr5","159942356","159942470","3","43158075"
"chr7","116786339","116786591","chr5","159944414","159944665","6","43158075"
"chr7","116816794","116817090","chr5","159978075","159978371","7","43161281"
"chr7","116820352","116820644","chr5","159981311","159981603","2","43160959"
"chr7","116868501","116868783","chr5","160025551","160025840","21","43157050"
"chr7","117029854","117030128","chr5","160190603","160190863","25","43160749"
"chr7","117061339","117061627","chr5","160221740","160222028","14","43160401"
"chr7","117251682","117251974","chr5","160405503","160405797","8","43153821"
"chr7","117355676","117355780","chr19","16000001","16000106","28","101355675"
"chr7","117622497","117622650","chr5","160789772","160789923","14","43167275"
"chr7","117908162","117908296","chr5","161090624","161090759","5","43182462"
"chr7","117920971","117921302","chr5","161103406","161103753","25","43182435"
"chr7","117922993","117923277","chr4","100590535","100590820","74","17332458"
"chr7","118039621","118039727","chr5","161222369","161222474","3","43182748"
"chr7","118068197","118068347","chr5","161252725","161252876","6","43184528"
"chr7","118138867","118139173","chr5","161319824","161320130","13","43180957"
"chr7","118362653","118362936","chr5","161549655","161549950","24","43187002"
"chr7","118542037","118542228","chr5","161727980","161728148","25","43185943"
"chr7","118639601","118639914","chr5","161828068","161828373","18","43188467"
"chr7","118793360","118793486","chr5","161986453","161986579","1","43193093"
"chr7","118890371","118890502","chr5","162082484","162082615","3","43192113"
"chr7","118905393","118905689","chr5","162097532","162097830","10","43192139"
"chr7","118934072","118934337","chr5","162126205","162126471","4","43192133"
"chr7","119054260","119054535","chr5","162242744","162243026","15","43188484"
"chr7","119062855","119063149","chr5","162251428","162251725","10","43188573"
"chr7","119127811","119127973","chr1","204647938","204648101","30","85520127"
"chr7","119193573","119193697","chr5","162379549","162379666","8","43185976"
"chr7","119408739","119408906","chr5","162596506","162596673","6","43187767"
"chr7","119434448","119434641","chr5","162622384","162622577","3","43187936"
"chr7","119450505","119450790","chr5","162638476","162638760","15","43187971"
"chr7","119458085","119458372","chr5","162645738","162646025","2","43187653"
"chr7","119460793","119460898","chr3","170395697","170395796","28","50934904"
"chr7","119502301","119502560","chr5","162689673","162689931","6","43187372"
"chr7","119552700","119552866","chr5","162741706","162741862","15","43189006"
"chr7","119590547","119590705","chr5","162782816","162782975","5","43192269"
"chr7","119663626","119663916","chr5","162857469","162857760","4","43193843"
"chr7","119673824","119674125","chr5","162867681","162867982","7","43193857"
"chr7","119729747","119730060","chr18","6067418","6067726","73","113662329"
"chr7","119733511","119733664","chr5","162930568","162930720","7","43197057"
"chr7","119749785","119750079","chr5","162947447","162947743","4","43197662"
"chr7","119927669","119927947","chr5","163125941","163126219","4","43198272"
"chr7","119974483","119974613","chr5","163172107","163172237","3","43197624"
"chr7","119990429","119990590","chrX","7162880","7163039","35","112827549"
"chr7","120006761","120007066","chr10","32101435","32101746","68","87905326"
"chr7","120139478","120139762","chr19","37546780","37547067","54","82592698"
"chr7","120151087","120151216","chr5","163350983","163351112","4","43199896"
"chr7","120286532","120286808","chr4","68942084","68942354","54","51344448"
"chr7","120317869","120318159","chr5","163513612","163513915","20","43195743"
"chr7","120406119","120406439","chr5","163601454","163601765","11","43195335"
"chr7","120433242","120433541","chr5","163627745","163628044","10","43194503"
"chr7","120512636","120512942","chr5","163709080","163709392","16","43196444"
"chr7","120523670","120523887","chr4","43586415","43586620","64","76937255"
"chr7","120534762","120535068","chr5","163730850","163731144","18","43196088"
"chr7","120545967","120546254","chr20","3210877","3211158","75","117335090"
"chr7","120556053","120556354","chr5","163752029","163752328","12","43195976"
"chr7","120564432","120564720","chr5","163760370","163760659","13","43195938"
"chr7","120580702","120580789","chr17","9455198","9455282","22","111125504"
"chr7","120580847","120581003","chr6","101935951","101936107","32","18644896"
"chr7","120701990","120702296","chr5","163904028","163904317","29","43202038"
"chr7","120726089","120726220","chr1","35707300","35707428","31","85018789"
"chr7","120806174","120806482","chr5","164008945","164009253","15","43202771"
"chr7","120875473","120875711","chr5","164079162","164079400","6","43203689"
"chr7","121925008","121925276","chr7","45784412","45784686","83","76140596"
"chr7","121946327","121946632","chr5","165144955","165145263","11","43198628"
"chr7","122059254","122059514","chr5","165261952","165262213","8","43202698"
"chr7","122097207","122097492","chr5","165300039","165300317","18","43202832"
"chr7","122100375","122100665","chr5","165303198","165303488","9","43202823"
"chr7","122132916","122133195","chr5","165335929","165336213","19","43203013"
"chr7","122147204","122147471","chr5","165350188","165350449","13","43202984"
"chr7","122183571","122183857","chr5","165378608","165378895","11","43195037"
"chr7","122282419","122282570","chr5","165478524","165478668","12","43196105"
"chr7","122301540","122301874","chr2","136951366","136951686","80","14649826"
"chr7","122326451","122326748","chr7","59359137","59359437","60","62967314"
"chr7","122342420","122342701","chr5","165538210","165538491","6","43195790"
"chr7","122364991","122365285","chr5","165560369","165560644","26","43195378"
"chr7","122378696","122378847","chr5","165574115","165574266","7","43195419"
"chr7","122712335","122712499","chr5","165897082","165897244","6","43184747"
"chr7","122808981","122809144","chr5","165988075","165988231","10","43179094"
"chr7","122826367","122826641","chr5","166005489","166005762","7","43179122"
"chr7","122848543","122848825","chr20","22211263","22211551","59","100637280"
"chr7","122912240","122912542","chr5","166087976","166088268","21","43175736"
"chr7","123088033","123088314","chr5","166265049","166265329","11","43177016"
"chr7","123101028","123101335","chr5","166277498","166277801","18","43176470"
"chr7","123124944","123125217","chr5","166300739","166301011","8","43175795"
"chr7","123209216","123209465","chr5","166384137","166384386","8","43174921"
"chr7","123224879","123225131","chr5","166399854","166400099","11","43174975"
"chr7","123263955","123264136","chr5","166441292","166441448","42","43177337"
"chr7","123271815","123272130","chr5","166448966","166449279","20","43177151"
"chr7","123338213","123338535","chr5","166508196","166508504","24","43169983"
"chr7","123339888","123340112","chr1","56879159","56879363","61","66460729"
"chr7","123383253","123383414","chr5","166552089","166552250","1","43168836"
"chr7","123389056","123389343","chr5","166557871","166558153","16","43168815"
"chr7","123393593","123393920","chr5","166562387","166562718","18","43168794"
"chr7","123552424","123552722","chr5","166725313","166725608","13","43172889"
"chr7","123583915","123584207","chr5","166764754","166765049","16","43180839"
"chr7","124313350","124313640","chr5","167514240","167514541","21","43200890"
"chr7","124355108","124355270","chr2","45722729","45722893","29","78632379"
"chr7","124465695","124465946","chr5","167648609","167648860","13","43182914"
"chr7","124488914","124489204","chr5","167672406","167672671","30","43183492"
"chr7","124489507","124489656","chr5","167673066","167673216","7","43183559"
"chr7","124581221","124581368","chr5","167764668","167764815","9","43183447"
"chr7","124609617","124609694","chr5","167792026","167792103","1","43182409"
"chr7","124659243","124659503","chr5","167841900","167842179","37","43182657"
"chr7","124754572","124754841","chr5","167943922","167944197","15","43189350"
"chr7","124757575","124757875","chr9","34804836","34805141","69","89952739"
"chr7","124898415","124898737","chr5","168094957","168095277","15","43196542"
"chr7","124970637","124970754","chr5","168165298","168165407","9","43194661"
"chr7","124992566","124992850","chr5","168187431","168187711","22","43194865"
"chr7","125031330","125031572","chr5","168220177","168220418","6","43188847"
"chr7","125135485","125135660","chr11","92903432","92903612","50","32232053"
"chr7","125148101","125148341","chr10","29852409","29852641","67","95295692"
"chr7","125246140","125246312","chr5","168437316","168437487","4","43191176"
"chr7","125482601","125482903","chr5","168678050","168678330","31","43195449"
"chr7","125536198","125536477","chr5","168730807","168731091","11","43194609"
"chr7","125767132","125767393","chr5","168966142","168966380","30","43199010"
"chr7","125946538","125946816","chr9","93273317","93273599","66","32673221"
"chr7","125991116","125991246","chr1","43065377","43065506","23","82925739"
"chr7","125991278","125991450","chr20","4437924","4438099","48","121553354"
"chr7","126046763","126047057","chr5","45760131","45760420","61","80286632"
"chr7","126099589","126099878","chr20","22190620","22190913","72","103908969"
"chr7","126243433","126243700","chr5","169448341","169448613","15","43204908"
"chr7","126266150","126266350","chr5","113642963","113643149","60","12623187"
"chr7","126273394","126273647","chr14","105051002","105051269","73","21222392"
"chr7","126287410","126287700","chr3","67531632","67531918","73","58755778"
"chr7","126298708","126298957","chr5","169505172","169505410","38","43206464"
"chr7","126319134","126319284","chr3","178842613","178842752","38","52523479"
"chr7","126319600","126319748","chr1","166516575","166516724","37","40196975"
"chr7","126391809","126392120","chr5","169597976","169598283","17","43206167"
"chr7","126533429","126533726","chr5","169737541","169737840","3","43204112"
"chr7","126540066","126540229","chr5","169744398","169744564","7","43204332"
"chr7","126542509","126542793","chr16","68510255","68510545","75","58032254"
"chr7","126783431","126783553","chr14","20974822","20974939","38","105808609"
"chr7","126793048","126793358","chr5","170000246","170000556","12","43207198"
"chr7","126866645","126866791","chr4","71221619","71221768","23","55645026"
"chr7","126911092","126911306","chr5","170118083","170118308","18","43206991"
"chr7","126996359","126996651","chr5","170203168","170203460","15","43206809"
"chr7","127244412","127244714","chr13","68145644","68145945","59","59098768"
"chr7","127488510","127488824","chr5","170705292","170705608","14","43216782"
"chr7","127638397","127638705","chr5","170859071","170859378","6","43220674"
"chr7","127699049","127699331","chr5","170920165","170920488","53","43221116"
"chr7","127713460","127713750","chr9","87111485","87111764","73","40601975"
"chr7","127814659","127814739","chr5","171035493","171035573","2","43220834"
"chr7","127959065","127959360","chr5","171180389","171180684","4","43221324"
"chr7","128064962","128065186","chr4","24574773","24574999","51","103490189"
"chr7","128115144","128115302","chr5","171339099","171339256","7","43223955"
"chr7","128171518","128171815","chr5","171395292","171395589","4","43223774"
"chr7","128183964","128184097","chr3","149948194","149948328","21","21764230"
"chr7","128198677","128198950","chr5","171421642","171421917","12","43222965"
"chr7","128291021","128291146","chr5","171513228","171513331","23","43222207"
"chr7","128452901","128453200","chr1","31002517","31002809","66","97450384"
"chr7","128461706","128461902","chr12","80183830","80184020","41","48277876"
"chr7","128463395","128463518","chr5","171689210","171689333","6","43225815"
"chr7","128532182","128532466","chr5","171757282","171757566","9","43225100"
"chr7","128608748","128609061","chr7","65132163","65132472","66","63476585"
"chr7","128619401","128619572","chr14","117342454","117342622","39","11276947"
"chr7","128619840","128619937","chr2","44999524","44999613","25","83620316"
"chr7","128723599","128723902","chr5","171949459","171949772","24","43225860"
"chr7","128790186","128790454","chr15","6365216","6365492","54","122424970"
"chr7","128834919","128835238","chr3","68935831","68936147","56","59899088"
"chr7","128840026","128840149","chr20","8423579","8423705","22","120416447"
"chr7","128851665","128851947","chr1","145298687","145298963","58","16447022"
"chr7","128870370","128870680","chr16","53009632","53009937","58","75860738"
"chr7","128884615","128884917","chr5","78429725","78430023","43","50454890"
"chr7","128905500","128905787","chr5","172043715","172044006","13","43138215"
"chr7","128958964","128959242","chr5","172097312","172097590","7","43138348"
"chr7","128961359","128961512","chr5","172099723","172099877","5","43138364"
"chr7","128996340","128996489","chr5","172132568","172132717","4","43136228"
"chr7","129043042","129043215","chr5","172183309","172183482","1","43140267"
"chr7","129050943","129051231","chr5","172190926","172191213","7","43139983"
"chr7","129059083","129059284","chr5","172201149","172201350","5","43142066"
"chr7","129060832","129061033","chr5","172201149","172201350","3","43140317"
"chr7","129071120","129071269","chr13","85906319","85906472","39","43164801"
"chr7","129071576","129071590","chr11","110929042","110929056","6","18142534"
"chr7","129095631","129095908","chr5","173510028","173510307","63","44414397"
"chr7","129101108","129101403","chr5","172241000","172241301","10","43139892"
"chr7","129152342","129152635","chr5","172294122","172294412","8","43141780"
"chr7","129207839","129207921","chr5","172348603","172348683","2","43140764"
"chr7","129265647","129265894","chr5","172406312","172406557","9","43140665"
"chr7","129335907","129336030","chr5","172477106","172477239","13","43141199"
"chr7","129350528","129350815","chr5","172492017","172492303","7","43141489"
"chr7","129360524","129360831","chr3","67363362","67363673","56","61997162"
"chr7","129385727","129385986","chr5","172527431","172527691","13","43141704"
"chr7","129405865","129406177","chr5","172547677","172547982","31","43141812"
"chr7","129462875","129463171","chr5","172606565","172606867","17","43143690"
"chr7","129481985","129482273","chr5","172625871","172626159","10","43143886"
"chr7","129507922","129508229","chr8","68776109","68776419","59","60731813"
"chr7","129509823","129509941","chr5","172654142","172654257","7","43144319"
"chr7","129540716","129540859","chr5","172685588","172685748","26","43144872"
"chr7","129603165","129603318","chr8","70097392","70097551","32","59505773"
"chr7","129617956","129618073","chr5","172763846","172763966","5","43145890"
"chr7","129667963","129668278","chr5","172813910","172814233","17","43145947"
"chr7","129697355","129697636","chr5","172843196","172843477","10","43145841"
"chr7","129703735","129704015","chr5","172850830","172851098","18","43147095"
"chr7","129710200","129710390","chr20","71459050","71459226","47","58251150"
"chr7","129710422","129710536","chr2","62457538","62457656","18","67252884"
"chr7","129776092","129776403","chr5","172919236","172919547","8","43143144"
"chr7","129784511","129784814","chr13","54711400","54711706","78","75073111"
"chr7","129796556","129796704","chr5","172944959","172945119","17","43148403"
"chr7","129856802","129857121","chr14","18156476","18156802","72","111700326"
"chr7","129864745","129865046","chr5","173016034","173016326","16","43151289"
"chr7","129894267","129894390","chr5","173045411","173045535","4","43151144"
"chr7","129899330","129899636","chr5","173050487","173050765","37","43151157"
"chr7","129906710","129906993","chr5","173057848","173058133","7","43151138"
"chr7","129952340","129952501","chr5","173103125","173103280","8","43150785"
"chr7","130002281","130002404","chr5","173152842","173152965","3","43150561"
"chr7","130029732","130030050","chr3","67363362","67363673","66","62666370"
"chr7","130033222","130033367","chr5","173184807","173184952","7","43151585"
"chr7","130061100","130061379","chr5","173213480","173213758","10","43152380"
"chr7","130214263","130214570","chr5","173371664","173371970","9","43157401"
"chr7","130361217","130361504","chr3","42508729","42509018","53","87852488"
"chr7","130374305","130374605","chr5","173531188","173531521","41","43156883"
"chr7","130417431","130417586","chr5","173571563","173571715","25","43154132"
"chr7","130446227","130446528","chr1","109986397","109986691","70","20459830"
"chr7","130515698","130515770","chr5","173665984","173666057","2","43150286"
"chr7","130598066","130598364","chr5","173741639","173741939","5","43143573"
"chr7","130600924","130601219","chr5","173744500","173744800","12","43143576"
"chr7","130607185","130607391","chr5","173750682","173750882","16","43143497"
"chr7","130636541","130636681","chr5","173780203","173780340","5","43143662"
"chr7","130637103","130637214","chr1","14893993","14894105","23","115743110"
"chr7","130702516","130702800","chr5","173847732","173848016","9","43145216"
"chr7","130709242","130709529","chr5","173854443","173854725","18","43145201"
"chr7","130711917","130712001","chrX","109009321","109009411","16","21702596"
"chr7","130749254","130749555","chr5","173894706","173895009","13","43145452"
"chr7","130799565","130799870","chr5","173942229","173942534","20","43142664"
"chr7","130817963","130818266","chr5","173960573","173960876","21","43142610"
"chr7","130820433","130820705","chr5","173963078","173963348","15","43142645"
"chr7","130931507","130931630","chr5","174071487","174071610","6","43139980"
"chr7","130976321","130976608","chr5","78120279","78120570","58","52856042"
"chr7","130996216","130996497","chr5","174135768","174136032","21","43139552"
"chr7","130998335","130998459","chr9","22037535","22037659","16","108960800"
"chr7","131018334","131018628","chr1","85860621","85860902","59","45157713"
"chr7","131092341","131092652","chr5","174233877","174234183","14","43141536"
"chr7","131095220","131095521","chr1","153750371","153750664","68","22655151"
"chr7","131098155","131098318","chr5","174240383","174240542","8","43142228"
"chr7","131109999","131110256","chr5","174252180","174252445","14","43142181"
"chr7","131127151","131127450","chr5","174269844","174270140","10","43142693"
"chr7","131153979","131154164","JH682236","40995","41167","47","131112984"
"chr7","131154470","131154598","chr1","39889584","39889713","24","91264886"
"chr7","131164953","131165120","chr5","174308918","174309064","22","43143965"
"chr7","131183613","131183791","chr3","2688331","2688506","39","128495282"
"chr7","131184063","131184184","chr6","36535914","36536023","33","94648149"
"chr7","131188813","131188974","chr5","174333418","174333579","5","43144605"
"chr7","131239832","131240135","chr5","174383792","174384095","10","43143960"
"chr7","131357234","131357530","chr5","174502068","174502362","11","43144834"
"chr7","131384099","131384384","chr5","174527677","174527962","11","43143578"
"chr7","131403197","131403458","chr5","174547227","174547488","16","43144030"
"chr7","131404515","131404667","chr13","92739576","92739730","24","38664939"
"chr7","131477956","131478056","chr6","150262661","150262759","26","18784705"
"chr7","131508325","131508613","chr5","174648328","174648617","12","43140003"
"chr7","131564525","131564844","chrX","37182634","37182933","63","94381891"
"chr7","131621930","131622192","chr5","174760480","174760742","7","43138550"
"chr7","131624106","131624379","chr5","174762544","174762826","19","43138438"
"chr7","131782101","131782401","chr3","78221503","78221801","54","53560598"
"chr7","131868163","131868459","chr5","175010311","175010609","13","43142148"
"chr7","131918488","131918728","chr13","70560693","70560928","63","61357795"
"chr7","131969634","131969928","chr5","175121314","175121609","9","43151680"
"chr7","131989075","131989376","chr5","175141777","175142052","32","43152702"
"chr7","132028142","132028423","chr5","175181694","175181966","16","43153552"
"chr7","132033492","132033764","chr5","175187026","175187305","22","43153534"
"chr7","132080888","132081144","chr5","175238391","175238647","9","43157503"
"chr7","132169599","132169857","chr5","175327813","175328071","8","43158214"
"chr7","132184907","132185192","chr5","175343208","175343494","5","43158301"
"chr7","132197419","132197730","chr5","175354764","175355072","21","43157345"
"chr7","132234792","132235077","chr1","30352268","30352559","61","101882524"
"chr7","132245225","132245478","chr11","124013009","124013268","60","8232216"
"chr7","132264872","132265102","chr5","175398280","175398510","8","43133408"
"chr7","132266769","132266969","chr3","55317884","55318076","35","76948885"
"chr7","132327984","132328269","chr5","175467645","175467944","21","43139661"
"chr7","132342764","132343108","chr5","175485864","175486198","21","43143100"
"chr7","132358692","132358986","chr5","175501700","175501953","52","43143008"
"chr7","132396989","132397138","chr5","175544101","175544254","13","43147112"
"chr7","132450824","132451121","chr5","175598011","175598307","11","43147187"
"chr7","132452554","132452683","chr5","175601655","175601793","10","43149101"
"chr7","132457487","132457534","chr10","66265928","66265974","10","66191559"
"chr7","132542066","132542360","chr5","175684757","175685052","16","43142691"
"chr7","132579756","132580070","chr5","175733466","175733783","21","43153710"
"chr7","132702221","132702504","chr5","175858658","175858969","33","43156437"
"chr7","132705701","132705885","chr8","36977537","36977714","40","95728164"
"chr7","132937241","132937517","chr5","176094726","176095049","55","43157485"
"chr7","133079248","133079561","chr5","176238658","176238964","16","43159410"
"chr7","133450651","133450798","chr5","176622217","176622365","1","43171566"
"chr7","133665093","133665429","chr4","58982021","58982316","86","74683072"
"chr7","133866733","133866892","chr1","33643200","33643352","41","100223533"
"chr7","133906498","133906658","chr5","176935962","176936123","5","43029464"
"chr7","133907090","133907333","chr5","176936555","176936792","13","43029465"
"chr7","133910287","133910595","chr5","176939795","176940104","11","43029508"
"chr7","133934885","133935197","chr5","176965547","176965857","9","43030662"
"chr7","133947520","133947839","chr5","176984497","176984834","23","43036977"
"chr7","133996410","133996526","chr5","30179695","30179816","25","103816715"
"chr7","134086464","134086593","chr13","116302834","116302956","32","17783630"
"chr7","134114946","134115247","chr3","78221503","78221801","64","55893443"
"chr7","134192176","134192468","chr5","177250136","177250434","11","43057960"
"chr7","134277631","134277884","chr4","112114967","112115218","61","22162664"
"chr7","134291071","134291249","chr9","32503887","32504057","41","101787184"
"chr7","134291282","134291411","chr4","17253703","17253833","27","117037579"
"chr7","134332917","134333197","chr9","120829891","120830167","60","13503026"
"chr7","134430204","134430328","chr5","177483443","177483567","10","43053239"
"chr7","134711376","134711664","chr5","177771218","177771506","9","43059842"
"chr7","134722014","134722308","chr5","177781449","177781740","10","43059435"
"chr7","134730556","134730807","chr5","177790933","177791193","15","43060377"
"chr7","134730840","134730871","chr5","177791217","177791248","1","43060377"
"chr7","134758710","134758944","chr9","94790239","94790470","51","39968471"
"chr7","135083789","135083951","chr5","142420895","142421056","41","7337106"
"chr7","135087482","135087752","chr5","178153833","178154136","44","43066351"
"chr7","135160739","135160937","chr5","178219696","178219890","13","43058957"
"chr7","135263277","135263402","chr5","178321750","178321849","27","43058473"
"chr7","135499766","135499994","chr20","25513611","25513839","65","109986155"
"chr7","135547530","135547658","chr1","74007916","74008035","29","61539614"
"chr7","135620278","135620560","chr5","178687066","178687350","7","43066788"
"chr7","135626213","135626335","chr1","217566830","217566952","12","81940617"
"chr7","135666219","135666503","chr5","178732210","178732494","8","43065991"
"chr7","135718357","135718511","chr9","655146","655300","5","135063211"
"chr7","135724101","135724402","chr13","127721722","127722033","41","8002379"
"chr7","135735066","135735129","chr10","71916226","71916291","14","63818840"
"chr8","61865800","61866082","chr11","489490","489768","61","61376310"
"chr8","119537426","119537725","chr8","119984030","119984342","19","446604"
"chr8","36568849","36569143","chr8","36735193","36735487","7","166344"
"chr8","36962027","36962328","chr8","37126404","37126717","21","164377"
"chr8","38010840","38010980","chrX","95852057","95852188","29","57841217"
"chr8","77201384","77201664","chr20","30788204","30788458","78","46413180"
"chr8","53263","53411","chr10","28113068","28113208","34","28059805"
"chr8","54374","54669","chr8","105036","105331","10","50662"
"chr8","256519","256780","chr8","315166","315425","8","58647"
"chr8","330254","330419","chr5","74954027","74954190","33","74623773"
"chr8","330449","330594","chrX","44305405","44305548","33","43974956"
"chr8","364435","364566","chr8","426344","426478","12","61909"
"chr8","392305","392534","chr8","454077","454303","13","61772"
"chr8","521562","521866","chr8","585005","585309","7","63443"
"chr8","535430","535711","chr9","82908758","82909034","60","82373328"
"chr8","564254","564557","chr8","629780","630083","10","65526"
"chr8","576603","576883","chr8","642521","642833","39","65918"
"chr8","583611","583887","chr8","649549","649843","21","65938"
"chr8","588675","588991","chr8","655037","655350","14","66362"
"chr8","709067","709196","chr15","56668298","56668430","38","55959231"
"chr8","709243","709315","chr1","29400283","29400357","22","28691040"
"chr8","776581","776863","chr8","843268","843550","8","66687"
"chr8","962137","962416","chr8","1037590","1037868","13","75453"
"chr8","1022587","1022858","chr8","1095839","1096077","44","73252"
"chr8","1146957","1147234","chr8","1227072","1227378","36","80115"
"chr8","1155775","1155924","chr19","4240732","4240868","38","3084957"
"chr8","1175361","1175659","chr8","1254543","1254836","13","79182"
"chr8","1392528","1392832","chr8","1495908","1496204","20","103380"
"chr8","1413832","1414127","chr8","1521677","1521972","15","107845"
"chr8","1470485","1470759","chr8","1574081","1574363","15","103596"
"chr8","1472757","1473063","chr8","1576333","1576625","27","103576"
"chr8","1483380","1483596","chr1","120771372","120771576","64","119287992"
"chr8","1543012","1543302","chr7","39182813","39183106","57","37639801"
"chr8","1655650","1655959","chr8","1763345","1763644","20","107695"
"chr8","1687228","1687525","chr8","1795679","1795976","16","108451"
"chr8","1754293","1754585","chr15","11585308","11585590","62","9831015"
"chr8","1763686","1763815","chr8","1873787","1873916","3","110101"
"chr8","1772707","1772992","chr8","1885766","1886054","31","113059"
"chr8","1788941","1789217","chr8","1899418","1899695","12","110477"
"chr8","1795651","1795935","chr8","1906146","1906430","14","110495"
"chr8","1855406","1855648","chr13","69242848","69243091","63","67387442"
"chr8","1955755","1956040","chr8","2070712","2070997","6","114957"
"chr8","1962656","1962942","chr8","2077329","2077615","8","114673"
"chr8","2306470","2306696","chr8","2420342","2420570","7","113872"
"chr8","2321085","2321370","chr8","2434908","2435198","20","113823"
"chr8","2362259","2362408","chr8","2475722","2475866","11","113463"
"chr8","2391678","2391832","chr8","2505476","2505599","33","113798"
"chr8","2410362","2410500","chr8","2524090","2524228","6","113728"
"chr8","2616173","2616344","chr8","2733663","2733823","15","117490"
"chr8","2629789","2629969","chr1","164045613","164045784","39","161415824"
"chr8","2645325","2645444","chr8","2763285","2763409","8","117960"
"chr8","2762073","2762344","chr8","2884269","2884540","8","122196"
"chr8","2776011","2776291","chr8","2897976","2898263","12","121965"
"chr8","2871248","2871434","chr7","17349222","17349406","44","14477974"
"chr8","2871479","2871615","chr16","32412289","32412421","39","29540810"
"chr8","2884097","2884356","chr8","3025902","3026147","26","141805"
"chr8","2894206","2894326","chr8","90046304","90046427","23","87152098"
"chr8","2915147","2915445","chr8","3057311","3057611","11","142164"
"chr8","2981126","2981308","chr20","25610570","25610748","30","22629444"
"chr8","3020714","3021017","chr8","3157932","3158226","20","137218"
"chr8","3038706","3039010","chr8","3176004","3176308","5","137298"
"chr8","3088518","3088737","chr8","3231872","3232092","9","143354"
"chr8","3091049","3091346","chr8","3234413","3234711","8","143364"
"chr8","3153568","3153681","chr8","3297603","3297716","3","144035"
"chr8","3269231","3269484","chr8","3414317","3414570","12","145086"
"chr8","3315829","3315945","chr8","3463994","3464110","5","148165"
"chr8","3594449","3594738","chr6","150673620","150673916","70","147079171"
"chr8","3613587","3613715","chr8","3772217","3772345","2","158630"
"chr8","3726578","3726854","chr6","66297719","66298004","65","62571141"
"chr8","4002576","4002750","chr19","34879295","34879452","48","30876719"
"chr8","4002813","4002960","JH679691","566553","566699","14","3436260"
"chr8","4066309","4066432","chr3","37917816","37917940","2","33851507"
"chr8","4164152","4164289","chrX","38711766","38711898","38","34547614"
"chr8","4164332","4164461","chr20","39963840","39963961","31","35799508"
"chr8","4517007","4517303","chr8","4340125","4340417","21","176882"
"chr8","4734790","4735069","chr8","4558153","4558428","16","176637"
"chr8","4826147","4826277","chr8","4650504","4650634","8","175643"
"chr8","4858931","4859242","chr8","4683346","4683658","6","175585"
"chr8","5313981","5314277","chr8","5157904","5158200","9","156077"
"chr8","5555691","5555923","chr8","5401983","5402218","6","153708"
"chr8","5758803","5759110","chr8","5606267","5606577","11","152536"
"chr8","5847994","5848300","chr8","5701633","5701957","32","146361"
"chr8","5919592","5919776","chr8","5780553","5780737","4","139039"
"chr8","5973935","5974213","chr8","5838168","5838453","23","135767"
"chr8","6001473","6001757","chr8","5870544","5870828","12","130929"
"chr8","6025765","6026084","chr8","5894519","5894837","18","131246"
"chr8","6116924","6117212","chr8","5989140","5989428","4","127784"
"chr8","6147340","6147639","chr8","6021571","6021871","16","125769"
"chr8","6261000","6261303","chr8","6135806","6136109","6","125194"
"chr8","6306788","6307085","chr2","182511371","182511658","61","176204583"
"chr8","6367771","6368058","chr8","6242020","6242307","10","125751"
"chr8","6423574","6423869","chr8","6300758","6301053","5","122816"
"chr8","6474620","6474832","chr8","6351894","6352114","15","122726"
"chr8","6481970","6482254","chr8","6359220","6359507","10","122750"
"chr8","6503953","6504146","chr8","105288978","105289145","66","98785025"
"chr8","6511356","6511620","chr8","6388678","6388918","31","122678"
"chr8","6603978","6604246","chr20","24281680","24281962","60","17677702"
"chr8","6607242","6607534","chr8","6484591","6484865","25","122651"
"chr8","6941140","6941446","chr8","6619890","6620195","11","321250"
"chr8","6967808","6967943","chr3","33995147","33995281","23","27027339"
"chr8","6968253","6968377","chr7","23157566","23157691","34","16189313"
"chr8","6982020","6982332","chr13","69089354","69089660","66","62107334"
"chr8","6991789","6992056","chr1","817213","817464","70","6174576"
"chr8","6994967","6995253","chr9","35024278","35024565","72","28029311"
"chr8","7180980","7181119","chrX","46020490","46020627","36","38839510"
"chr8","7201717","7201868","chr8","7015852","7016003","10","185865"
"chr8","7206139","7206427","chr8","7020259","7020555","21","185880"
"chr8","7212868","7212999","chr5","74519379","74519510","19","67306511"
"chr8","7218933","7219229","chr9","32437383","32437683","58","25218450"
"chr8","7225957","7226081","chr8","7040431","7040553","2","185526"
"chr8","7235846","7236166","chr14","6284555","6284863","73","951291"
"chr8","7243195","7243321","chr20","10415874","10415996","17","3172679"
"chr8","7286315","7286589","chr8","7102223","7102511","20","184092"
"chr8","7313984","7314280","chr8","7131555","7131851","4","182429"
"chr8","7320137","7320440","chr8","7140111","7140413","9","180026"
"chr8","7347002","7347296","chr8","7167602","7167896","10","179400"
"chr8","7347579","7347844","chr8","7168181","7168446","7","179398"
"chr8","7357109","7357402","chr8","7177748","7178042","13","179361"
"chr8","7362435","7362730","chr8","7183090","7183388","11","179345"
"chr8","7366482","7366779","chr8","7187149","7187445","9","179333"
"chr8","7372092","7372396","chr8","7192773","7193063","24","179319"
"chr8","7379547","7379899","chr8","7200942","7201294","15","178605"
"chr8","7418037","7418365","chr7","59359137","59359437","87","51941100"
"chr8","7436162","7436451","chr8","7257265","7257554","7","178897"
"chr8","7642511","7642845","chr8","7464972","7465306","10","177539"
"chr8","7748746","7749000","chr8","7569362","7569621","13","179384"
"chr8","7781018","7781179","chr8","7601599","7601761","2","179419"
"chr8","7793795","7794088","chr8","7614334","7614636","37","179461"
"chr8","7837672","7837949","chr8","7658201","7658478","3","179471"
"chr8","7840069","7840366","chr8","7660598","7660897","16","179471"
"chr8","7863857","7864149","chr9","83974478","83974767","58","76110621"
"chr8","7900283","7900588","chr8","7719763","7720069","6","180520"
"chr8","7917184","7917370","chr9","69879987","69880161","44","61962803"
"chr8","7917635","7917764","chr1","52522560","52522684","21","44604925"
"chr8","7923021","7923329","chr8","7742788","7743094","5","180233"
"chr8","7928861","7929175","chr8","7748630","7748944","5","180231"
"chr8","8016813","8017109","chr8","7836995","7837296","9","179818"
"chr8","8029394","8029683","chr8","7849608","7849897","4","179786"
"chr8","8078943","8079215","chr8","7904613","7904870","20","174330"
"chr8","8093531","8093836","chr19","6233813","6234118","63","1859718"
"chr8","8094352","8094646","chr8","7919898","7920197","10","174454"
"chr8","8115794","8116076","chr8","7941076","7941358","11","174718"
"chr8","8351132","8351390","chr8","8174249","8174507","8","176883"
"chr8","8357730","8358041","chr8","8180858","8181169","10","176872"
"chr8","8387067","8387328","chr8","8210670","8210931","10","176397"
"chr8","8401342","8401637","chr8","8223944","8224228","19","177398"
"chr8","8405948","8406184","chr8","8228467","8228704","6","177481"
"chr8","8461453","8461743","chr8","8281583","8281873","5","179870"
"chr8","8488572","8488879","chr8","8307914","8308212","13","180658"
"chr8","8490841","8491027","chrX","37795431","37795609","52","29304590"
"chr8","8491058","8491176","chr8","20126460","20126577","15","11635402"
"chr8","8523982","8524119","chr8","8342993","8343129","3","180989"
"chr8","8527017","8527312","chr8","8345924","8346221","10","181093"
"chr8","8534778","8535066","chr12","37794389","37794673","62","29259611"
"chr8","8561956","8562242","chr11","106519418","106519709","60","97957462"
"chr8","8627555","8627848","chr8","8451851","8452144","10","175704"
"chr8","8642211","8642299","chr4","163454624","163454713","19","154812413"
"chr8","8678147","8678446","chr12","77856651","77856943","60","69178504"
"chr8","8728483","8728666","chr8","98260927","98261097","41","89532444"
"chr8","8728699","8728766","chr16","8642497","8642562","16","86202"
"chr8","9010180","9010464","chr8","8837389","8837672","6","172791"
"chr8","9035737","9036048","chr8","8863293","8863598","9","172444"
"chr8","9045175","9045456","chr8","8872748","8873029","5","172427"
"chr8","9057525","9057823","chr8","8885866","8886164","0","171659"
"chr8","9081652","9081931","chr8","8911536","8911814","6","170116"
"chr8","9088104","9088299","chr1","161030147","161030326","51","151942043"
"chr8","9094930","9095209","chr8","8924809","8925088","3","170121"
"chr8","9102407","9102712","chr8","8932281","8932586","5","170126"
"chr8","9112268","9112562","chr4","36611976","36612272","55","27499708"
"chr8","9124772","9125067","chr8","8954807","8955103","10","169965"
"chr8","9134443","9134733","chr8","8964733","8965023","5","169710"
"chr8","9144130","9144441","chr8","8974198","8974510","10","169932"
"chr8","9149320","9149596","chr8","8979320","8979601","12","170000"
"chr8","9185476","9185804","chr6","36871598","36871909","70","27686122"
"chr8","9190287","9190569","chr8","9020421","9020703","14","169866"
"chr8","9192073","9192372","chr5","45912959","45913262","55","36720886"
"chr8","9206663","9206812","chr8","130000135","130000278","35","120793472"
"chr8","9210057","9210210","chr8","9039799","9039941","15","170258"
"chr8","9214764","9215045","chr8","9044498","9044792","42","170266"
"chr8","9216497","9216786","chr8","9046244","9046533","4","170253"
"chr8","9240337","9240644","chrX","16839101","16839390","61","7598764"
"chr8","9258644","9258964","chr8","9090993","9091312","21","167651"
"chr8","9291531","9291607","chr8","9123890","9123966","6","167641"
"chr8","9291613","9291771","chr8","9123972","9124127","8","167641"
"chr8","9331373","9331698","chr8","9164160","9164468","30","167213"
"chr8","9341055","9341179","chr8","9173821","9173945","2","167234"
"chr8","9475276","9475559","chr8","9310726","9311011","9","164550"
"chr8","9508192","9508323","chr14","5559327","5559459","20","3948865"
"chr8","9540212","9540285","chr5","118460085","118460145","23","108919873"
"chr8","9540595","9540772","chr8","75679984","75680159","43","66139389"
"chr8","9606679","9606969","chr8","9440792","9441081","11","165887"
"chr8","9609915","9610204","chr8","9444037","9444326","7","165878"
"chr8","9624926","9625235","chr8","9459655","9459964","5","165271"
"chr8","9764974","9765247","chr8","9603404","9603705","35","161570"
"chr8","9786225","9786398","chr8","9625299","9625463","18","160926"
"chr8","9827678","9827839","chr8","9669233","9669397","7","158445"
"chr8","9872345","9872601","chr8","9716863","9717119","5","155482"
"chr8","9890847","9891162","chr8","9737480","9737801","17","153367"
"chr8","9917858","9918112","chr8","9765892","9766150","13","151966"
"chr8","9941448","9941642","chr8","98047098","98047277","51","88105650"
"chr8","9977070","9977206","chr8","9826678","9826814","2","150392"
"chr8","9986834","9987127","chr8","9836820","9837122","14","150014"
"chr8","9987128","9987250","chr8","9837123","9837245","5","150005"
"chr8","9994532","9994815","chr8","9844247","9844544","26","150285"
"chr8","9995143","9995308","chr8","9844852","9845018","7","150291"
"chr8","10008646","10008940","chr5","78120279","78120570","59","68111633"
"chr8","10065141","10065428","chr8","9915647","9915932","24","149494"
"chr8","10126732","10127044","chr8","9978800","9979110","11","147932"
"chr8","10182726","10183028","chr3","44863353","44863658","66","34680627"
"chr8","10216298","10216606","chr8","68776109","68776419","67","58559811"
"chr8","10271062","10271190","chr13","45894219","45894348","28","35623157"
"chr8","10271487","10271642","chr8","18227257","18227416","30","7955770"
"chr8","10287585","10287862","chr9","26826568","26826849","82","16538983"
"chr8","10300120","10300239","chr11","18366589","18366706","14","8066469"
"chr8","10301016","10301056","chr8","10040731","10040771","1","260285"
"chr8","10323185","10323483","chr8","10060256","10060583","36","262929"
"chr8","10346982","10347296","chr3","78652117","78652421","67","68305135"
"chr8","10438466","10438584","chr3","68343020","68343135","23","57904554"
"chr8","10445730","10446007","chr8","10182164","10182449","23","263566"
"chr8","10459966","10460153","chr8","10196240","10196399","31","263726"
"chr8","10518755","10519036","chr8","10255235","10255518","7","263520"
"chr8","10572307","10572603","chr8","10308201","10308497","7","264106"
"chr8","10579308","10579564","chr8","10314912","10315169","11","264396"
"chr8","10631891","10632167","chr8","10377642","10377953","40","254249"
"chr8","10666494","10666679","chr13","107319113","107319284","53","96652619"
"chr8","10734792","10735096","chr8","10471917","10472236","27","262875"
"chr8","10785956","10786082","chr8","10524125","10524251","3","261831"
"chr8","10948624","10948940","chr8","10691591","10691902","15","257033"
"chr8","10982477","10982642","chr8","10725241","10725405","5","257236"
"chr8","11031073","11031239","chr8","29204800","29204965","32","18173727"
"chr8","11031267","11031378","chr14","108601340","108601453","18","97570073"
"chr8","11040856","11041124","chr8","10783611","10783892","17","257245"
"chr8","11053475","11053770","chr8","10796183","10796486","14","257292"
"chr8","11057056","11057344","chr8","10799801","10800087","12","257255"
"chr8","11069429","11069741","chr20","39123922","39124229","58","28054493"
"chr8","11078986","11079270","chr8","10822107","10822405","20","256879"
"chr8","11106534","11106802","chr2","101560708","101560996","60","90454174"
"chr8","11113724","11113999","chr8","10857098","10857373","7","256626"
"chr8","11173792","11174110","chr17","4123289","4123601","65","7050503"
"chr8","11175848","11176116","chr8","10923934","10924204","8","251914"
"chr8","11189031","11189220","chr2","20705096","20705268","46","9516065"
"chr8","11189246","11189365","chr1","217581341","217581464","29","206392095"
"chr8","11233958","11234266","chr8","10986722","10987031","13","247236"
"chr8","11241326","11241625","chr8","10994092","10994399","12","247234"
"chr8","11243946","11244253","chr8","10996695","10997008","15","247251"
"chr8","11261399","11261685","chr8","11013936","11014221","9","247463"
"chr8","11282492","11282761","chr8","11034565","11034832","9","247927"
"chr8","11341276","11341568","chr8","11094393","11094685","7","246883"
"chr8","11344185","11344488","chr8","11097279","11097599","31","246906"
"chr8","11346734","11347001","chr8","11100142","11100409","7","246592"
"chr8","11375526","11375758","chr8","11128864","11129083","16","246662"
"chr8","11402708","11403003","chr3","2651677","2651961","73","8751031"
"chr8","11408555","11408779","chr19","27883680","27883898","53","16475125"
"chr8","11492600","11492755","chr8","11244674","11244829","2","247926"
"chr8","11544971","11545282","chr8","11293827","11294152","30","251144"
"chr8","11579291","11579567","chr8","11328367","11328647","8","250924"
"chr8","11598154","11598272","chr8","11347509","11347627","3","250645"
"chr8","11683460","11683754","chr8","11435571","11435860","18","247889"
"chr8","11692314","11692620","chr10","64033372","64033677","66","52341058"
"chr8","11782470","11782803","chr1","125675437","125675740","85","113892967"
"chr8","11862178","11862453","chrX","41680378","41680640","75","29818200"
"chr8","11886063","11886365","chr8","11646532","11646834","8","239531"
"chr8","11937527","11937640","chr6","122733615","122733735","27","110796088"
"chr8","11937679","11937823","chr1","79959382","79959523","34","68021703"
"chr8","11973315","11973600","chr8","11740166","11740451","12","233149"
"chr8","12168158","12168458","chr8","11939656","11939974","37","228502"
"chr8","12420603","12420869","chr8","12194982","12195250","13","225621"
"chr8","12632665","12632935","chr8","12402466","12402735","11","230199"
"chr8","12718160","12718282","chr8","12487336","12487458","4","230824"
"chr8","12753563","12753694","chr8","12526181","12526303","18","227382"
"chr8","13041985","13042280","chr8","12821568","12821862","6","220417"
"chr8","13118643","13118841","chr8","12908575","12908777","7","210068"
"chr8","13124802","13124954","chr3","111537508","111537663","29","98412706"
"chr8","13274230","13274527","chr8","13062262","13062565","17","211968"
"chr8","13279398","13279546","chr8","13067463","13067608","8","211935"
"chr8","13291521","13291703","chr8","13079613","13079795","9","211908"
"chr8","13307767","13308007","chr8","13089668","13089906","13","218099"
"chr8","13389417","13389723","chr8","13175787","13176096","23","213630"
"chr8","13602975","13603262","chr4","78474999","78475292","72","64872024"
"chr8","13618500","13618789","chr8","13410284","13410568","13","208216"
"chr8","13623760","13624061","chr8","13415620","13415921","13","208140"
"chr8","13740830","13740962","chrX","92984306","92984437","22","79243476"
"chr8","13971883","13972003","chr8","13775560","13775683","4","196323"
"chr8","14007206","14007522","chr8","13810981","13811294","12","196225"
"chr8","14019961","14020106","chr8","13823844","13823989","7","196117"
"chr8","14076532","14076788","chr1","129209505","129209763","65","115132973"
"chr8","14135614","14135768","chr5","158084895","158085039","40","143949281"
"chr8","14190577","14190844","chr8","14001393","14001666","20","189184"
"chr8","14238320","14238611","chr8","14049370","14049661","15","188950"
"chr8","14322839","14323120","chr8","14134867","14135148","12","187972"
"chr8","14325208","14325426","chr8","14137235","14137455","13","187973"
"chr8","14371015","14371306","chr8","14183026","14183311","16","187989"
"chr8","14501482","14501771","chr8","14315187","14315475","21","186295"
"chr8","14587424","14587706","chr10","33215325","33215602","61","18627901"
"chr8","14594876","14594969","chr8","14417529","14417621","8","177347"
"chr8","14714269","14714391","chr8","14537581","14537703","2","176688"
"chr8","14749163","14749442","chr8","14571727","14572035","40","177436"
"chr8","14753800","14754015","chr1","25542459","25542657","59","10788659"
"chr8","14754291","14754386","chr19","38655801","38655895","22","23901510"
"chr8","14762555","14762844","chr6","172266790","172267078","64","157504235"
"chr8","14803245","14803539","chr8","14624712","14625002","9","178533"
"chr8","14819885","14820175","chr2","68859592","68859887","62","54039707"
"chr8","14822908","14823245","chr8","14643969","14644274","45","178939"
"chr8","14850718","14850988","chr8","14672795","14673065","4","177923"
"chr8","14856048","14856203","chr8","14678151","14678303","14","177897"
"chr8","14868617","14868794","chr8","14690683","14690863","6","177934"
"chr8","14889705","14890001","chr8","14713096","14713389","11","176609"
"chr8","14898834","14899120","chr8","14720825","14721112","6","178009"
"chr8","15010826","15010988","chr8","14834625","14834787","1","176201"
"chr8","15049348","15049648","chr8","14873057","14873356","16","176291"
"chr8","15070278","15070569","chr8","14897640","14897932","8","172638"
"chr8","15118351","15118504","chr8","14946819","14946970","11","171532"
"chr8","15196259","15196440","chr14","7026982","7027152","34","8169277"
"chr8","15201501","15201810","chr8","15028051","15028371","19","173450"
"chr8","15228040","15228180","chr8","15054262","15054402","2","173778"
"chr8","15295436","15295601","chr8","15122907","15123071","2","172529"
"chr8","15339173","15339472","chr8","15166278","15166574","9","172895"
"chr8","15371493","15371759","chr8","15197943","15198209","4","173550"
"chr8","15402228","15402526","chr8","15230711","15231001","16","171517"
"chr8","15409075","15409360","chr8","15237550","15237835","6","171525"
"chr8","15434541","15434765","chr8","15263002","15263225","17","171539"
"chr8","15447283","15447567","chr8","15278056","15278343","12","169227"
"chr8","15526253","15526506","chr8","15359970","15360223","11","166283"
"chr8","15647998","15648289","chr8","15482736","15483019","18","165262"
"chr8","15664003","15664310","chr8","15499572","15499868","18","164431"
"chr8","15709564","15709834","chr8","15545884","15546155","21","163680"
"chr8","15718114","15718246","chr8","15554470","15554602","0","163644"
"chr8","15724600","15724905","chr8","15560946","15561256","17","163654"
"chr8","15834846","15835118","chr8","15671294","15671569","24","163552"
"chr8","15836199","15836517","chr8","15672648","15672943","50","163551"
"chr8","15883592","15883890","chr8","15720716","15721018","11","162876"
"chr8","15911347","15911649","chr8","15748795","15749094","17","162552"
"chr8","15930869","15931153","chr8","15768284","15768574","14","162585"
"chr8","15938228","15938528","chr8","15775560","15775860","9","162668"
"chr8","15950004","15950309","chr8","15787993","15788305","34","162011"
"chr8","15976073","15976356","chr8","15817370","15817651","13","158703"
"chr8","16066688","16066992","chr10","1883767","1884072","62","14182921"
"chr8","16142635","16142925","chr8","15991772","15992052","13","150863"
"chr8","16165237","16165547","chr8","16015407","16015729","36","149830"
"chr8","16188079","16188387","chr8","16038977","16039284","9","149102"
"chr8","16267634","16267913","chr14","61623406","61623689","69","45355772"
"chr8","16269743","16269915","chr3","76343326","76343497","40","60073583"
"chr8","16385172","16385468","chr8","16196288","16196590","21","188884"
"chr8","16415483","16415615","chr8","16227141","16227264","18","188342"
"chr8","16448032","16448154","chr8","16256634","16256765","14","191398"
"chr8","16592145","16592436","chr8","16400431","16400717","18","191714"
"chr8","16596097","16596387","chr8","16404389","16404700","36","191708"
"chr8","16703331","16703624","chrX","98350350","98350644","9","81647019"
"chr8","16746760","16746892","chr8","16557321","16557457","18","189439"
"chr8","16759795","16760091","chr3","3082462","3082755","61","13677333"
"chr8","16774340","16774648","chr3","45936653","45936957","74","29162313"
"chr8","16787762","16788072","chr8","16597840","16598138","22","189922"
"chr8","16909664","16909945","chr8","16726182","16726464","14","183482"
"chr8","16923387","16923505","chr8","16740545","16740663","3","182842"
"chr8","16968317","16968623","chr8","16785215","16785516","8","183102"
"chr8","17068215","17068462","chr8","16885893","16886145","15","182322"
"chr8","17117520","17117835","chr2","50436019","50436328","64","33318499"
"chr8","17126575","17126882","chr8","16944892","16945199","14","181683"
"chr8","17183643","17183935","chr8","17002203","17002498","8","181440"
"chr8","17184641","17184954","chr8","17003244","17003558","19","181397"
"chr8","17189092","17189214","chr4","34699899","34700017","24","17510807"
"chr8","17195051","17195372","chr8","17013501","17013821","11","181550"
"chr8","17220110","17220387","chr8","17038539","17038817","6","181571"
"chr8","17239271","17239584","chr8","17055532","17055845","9","183739"
"chr8","17253397","17253544","chr8","17069211","17069343","30","184186"
"chr8","17280801","17281113","chr11","102898338","102898651","63","85617537"
"chr8","17349840","17350142","chr8","17168709","17169011","8","181131"
"chr8","17378222","17378539","chr8","17196601","17196921","13","181621"
"chr8","17382017","17382220","chr8","17200738","17200941","8","181279"
"chr8","17484244","17484398","chr8","17311353","17311502","10","172891"
"chr8","17487077","17487382","chr8","17314162","17314444","32","172915"
"chr8","17630151","17630313","chr1","122691748","122691911","39","105061597"
"chr8","17689923","17690211","chr8","17519274","17519558","9","170649"
"chr8","17725767","17726049","chr15","11585308","11585590","58","6140459"
"chr8","17738459","17738623","chr8","17573898","17574036","28","164561"
"chr8","17746022","17746309","chr8","17581727","17582014","13","164295"
"chr8","17783064","17783225","chr8","17618466","17618627","3","164598"
"chr8","17869878","17870187","chr8","17705541","17705851","11","164337"
"chr8","17919140","17919451","chr8","17755837","17756148","8","163303"
"chr8","17923380","17923662","chr8","17760084","17760382","25","163296"
"chr8","17930482","17930782","chr8","17767509","17767809","5","162973"
"chr8","17935973","17936137","chr8","17773008","17773172","4","162965"
"chr8","17957946","17958193","chr8","17795669","17795915","14","162277"
"chr8","17961848","17962156","chr11","112931445","112931748","63","94969597"
"chr8","17979405","17979662","chr8","17817252","17817521","19","162153"
"chr8","18004240","18004576","chr8","17846840","17847170","15","157400"
"chr8","18010759","18010878","chr10","37912989","37913108","19","19902230"
"chr8","18010916","18011054","chr1","72125793","72125930","35","54114877"
"chr8","18042685","18042987","chr8","17884736","17885043","16","157949"
"chr8","18082974","18083236","chr8","17926675","17926983","53","156299"
"chr8","18190705","18190993","chr14","3682164","3682456","60","14508541"
"chr8","18311062","18311333","chr8","18149976","18150258","20","161086"
"chr8","18324814","18325120","chr4","153377554","153377856","61","135052740"
"chr8","18391602","18391759","chr8","18227257","18227416","6","164345"
"chr8","18393496","18393801","chr8","18229150","18229455","6","164346"
"chr8","18460725","18461029","chr8","18297234","18297539","7","163491"
"chr8","18501882","18502174","chr8","18338590","18338882","11","163292"
"chr8","18521970","18522284","chr8","18358602","18358916","8","163368"
"chr8","18532531","18532850","chr8","18368926","18369239","14","163605"
"chr8","18536969","18537104","chr5","32677518","32677651","20","14140549"
"chr8","18556874","18557167","chr8","18392673","18392965","13","164201"
"chr8","18580217","18580521","chr8","18416834","18417139","12","163383"
"chr8","18601561","18601854","chr8","18438392","18438679","10","163169"
"chr8","18692131","18692411","chr8","18527047","18527329","16","165084"
"chr8","19255163","19255235","chr2","21311208","21311276","22","2056045"
"chr8","19483353","19483636","chr8","19332393","19332680","11","150960"
"chr8","19512386","19512644","chr8","19360856","19361117","16","151530"
"chr8","19647218","19647382","chr8","19494562","19494729","6","152656"
"chr8","19723197","19723361","chr8","19571019","19571187","5","152178"
"chr8","19857052","19857355","chr8","19704507","19704799","18","152545"
"chr8","19878835","19879138","chr8","19726017","19726311","22","152818"
"chr8","19884716","19885006","chr8","19731905","19732194","8","152811"
"chr8","19891441","19891727","chrX","122498390","122498669","58","102606949"
"chr8","19907330","19907617","chr8","19754753","19755038","12","152577"
"chr8","19954392","19954508","chr11","91526242","91526364","22","71571850"
"chr8","19954542","19954696","chr4","3550598","3550743","32","16403944"
"chr8","19957689","19958000","chr8","19807550","19807857","12","150139"
"chr8","20012278","20012580","chr8","19862757","19863064","11","149521"
"chr8","20032487","20032799","chr8","19882868","19883180","7","149619"
"chr8","20045237","20045479","chr8","19895966","19896206","13","149271"
"chr8","20063482","20063658","chr8","19914400","19914579","5","149082"
"chr8","20083396","20083688","chr8","19934523","19934815","3","148873"
"chr8","20101695","20101846","chr13","107230023","107230173","20","87128328"
"chr8","20106954","20107113","chr8","19959540","19959701","4","147414"
"chr8","20117656","20117936","chr8","19970383","19970669","11","147273"
"chr8","20132123","20132384","chr7","121569360","121569626","65","101437237"
"chr8","20133224","20133471","chr8","19987126","19987372","9","146098"
"chr8","20137252","20137520","chr8","19990886","19991168","16","146366"
"chr8","20143406","20143706","chr8","19996998","19997298","16","146408"
"chr8","20151021","20151329","chr8","20004538","20004826","26","146483"
"chr8","20151341","20151463","chr1","80103355","80103478","24","59952014"
"chr8","20157721","20158001","chr8","20011259","20011542","12","146462"
"chr8","20175426","20175761","chr8","20029753","20030092","10","145673"
"chr8","20205460","20205747","chr14","111501349","111501640","66","91295889"
"chr8","20228225","20228362","chr1","115104886","115105013","23","94876661"
"chr8","20247485","20247751","chr8","20102230","20102518","35","145255"
"chr8","20267417","20267669","chr8","20121966","20122218","6","145451"
"chr8","20274962","20275232","chr8","20129814","20130085","11","145148"
"chr8","20292290","20292490","chr9","91255422","91255630","58","70963132"
"chr8","20308600","20308910","chr8","20163704","20164015","12","144896"
"chr8","20309371","20309494","chr8","63997023","63997145","19","43687652"
"chr8","20334733","20335044","chr8","20190960","20191270","7","143773"
"chr8","20360240","20360349","chr6","106690644","106690750","28","86330404"
"chr8","20360649","20360838","chr2","60465075","60465255","41","40104426"
"chr8","20370578","20370872","chr8","20225761","20226055","11","144817"
"chr8","20380739","20380868","chr8","20235882","20236011","5","144857"
"chr8","20381044","20381290","chr8","20236167","20236437","32","144877"
"chr8","20397141","20397218","chr14","112771008","112771083","21","92373867"
"chr8","20397522","20397646","chr8","63997023","63997145","13","43599501"
"chr8","20412527","20412633","chr8","20268805","20268911","1","143722"
"chr8","20421358","20421490","chr3","33995147","33995281","21","13573789"
"chr8","20421798","20421954","chrX","102044921","102045078","37","81623123"
"chr8","20426480","20426678","chr8","20285599","20285798","4","140881"
"chr8","20432229","20432524","chr8","20291682","20291984","19","140547"
"chr8","20436587","20436888","chr8","20296881","20297183","7","139706"
"chr8","20473259","20473549","chr8","20335386","20335675","6","137873"
"chr8","20487723","20488033","chr8","20350238","20350544","14","137485"
"chr8","20513808","20514095","chr8","20377438","20377738","21","136370"
"chr8","20514203","20514358","chr8","96638621","96638776","30","76124418"
"chr8","20514674","20514824","chr19","39445304","39445449","35","18930630"
"chr8","20515067","20515257","chr9","34604869","34605038","50","14089802"
"chr8","20533725","20533891","chr16","47409338","47409502","35","26875613"
"chr8","20539947","20540114","chr8","20403302","20403462","16","136645"
"chr8","20552615","20552780","chr8","20414982","20415141","8","137633"
"chr8","20582047","20582326","chr8","20448203","20448482","3","133844"
"chr8","20595840","20596142","chr8","20461452","20461754","2","134388"
"chr8","20638436","20638731","chr8","20505781","20506076","9","132655"
"chr8","20725500","20725799","chr8","20594441","20594739","13","131059"
"chr8","20740814","20741117","chr6","167218173","167218485","70","146477359"
"chr8","20742882","20743046","chr8","20613067","20613230","8","129815"
"chr8","20809547","20809832","chr8","20680344","20680629","7","129203"
"chr8","20850705","20850848","chr8","20722047","20722183","12","128658"
"chr8","20864507","20864801","chr8","20735900","20736198","8","128607"
"chr8","20870101","20870407","chr8","20741541","20741850","23","128560"
"chr8","20898545","20898832","chr8","20770296","20770586","9","128249"
"chr8","20914730","20915019","chr8","20786480","20786769","3","128250"
"chr8","20932605","20932910","chr8","20804117","20804415","15","128488"
"chr8","20970779","20971056","chr8","20842995","20843272","13","127784"
"chr8","20998778","20999073","chr15","54570698","54570986","59","33571920"
"chr8","21000877","21001151","chr8","20872842","20873112","17","128035"
"chr8","21050066","21050210","chr8","20921458","20921606","10","128608"
"chr8","21050781","21051099","chr8","20922176","20922491","12","128605"
"chr8","21056609","21056733","chr8","20928006","20928128","8","128603"
"chr8","21101570","21101842","chr8","20973111","20973384","5","128459"
"chr8","21104454","21104570","chr11","54005488","54005603","13","32901034"
"chr8","21104641","21104804","chr1","17265325","17265490","26","3839316"
"chr8","21113376","21113646","chr8","20986194","20986490","36","127182"
"chr8","21180140","21180443","chr8","21054730","21055031","7","125410"
"chr8","21361004","21361309","chr8","21244167","21244472","7","116837"
"chr8","21362077","21362293","chr8","21245236","21245419","38","116841"
"chr8","21384374","21384689","chr8","21266201","21266508","18","118173"
"chr8","21397737","21398043","chr8","21279946","21280252","8","117791"
"chr8","21401995","21402291","chr4","36611976","36612272","61","15209981"
"chr8","21438109","21438410","chr8","21320620","21320921","5","117489"
"chr8","21472216","21472506","chr8","21353087","21353382","19","119129"
"chr8","21479684","21479970","chr8","21360543","21360830","11","119141"
"chr8","21497207","21497512","chr8","21380272","21380577","8","116935"
"chr8","21511261","21511443","chr8","21390947","21391129","3","120314"
"chr8","21531940","21532103","chr8","21416225","21416388","4","115715"
"chr8","21533933","21534231","chr8","21418218","21418517","5","115715"
"chr8","21591163","21591426","chr8","21474768","21475031","10","116395"
"chr8","21618978","21619161","chr8","21502389","21502572","5","116589"
"chr8","21642645","21642937","chr8","21526181","21526496","32","116464"
"chr8","21738839","21739090","chr8","21622611","21622864","7","116228"
"chr8","21779843","21779985","chr8","21663397","21663535","11","116446"
"chr8","21787759","21788051","chr1","202407672","202407965","72","180619913"
"chr8","21797195","21797357","chr4","121083446","121083603","38","99286251"
"chr8","21851715","21852009","chr8","21735587","21735881","4","116128"
"chr8","21882819","21883074","chrX","37924840","37925091","52","16042021"
"chr8","21937528","21937806","chr8","21823411","21823689","5","114117"
"chr8","22072109","22072120","chr2","6035060","6035071","4","16037049"
"chr8","22072425","22072608","chr7","99816859","99817032","66","77744434"
"chr8","22084455","22084592","chr8","21969145","21969282","5","115310"
"chr8","22116974","22117110","chr8","22001411","22001547","1","115563"
"chr8","22217571","22217878","chr8","22101937","22102249","13","115634"
"chr8","22249267","22249560","chr8","22133676","22133970","7","115591"
"chr8","22301581","22301879","chr8","22187765","22188065","7","113816"
"chr8","22540872","22541174","chr3","165200351","165200663","71","142659479"
"chr8","22604079","22604368","chr8","22487267","22487559","20","116812"
"chr8","22654536","22654651","chr1","69004755","69004870","16","46350219"
"chr8","22654692","22654856","chr19","37316576","37316737","38","14661884"
"chr8","22703091","22703231","chr8","22597520","22597660","3","105571"
"chr8","22992701","22992996","chr8","22886419","22886714","13","106282"
"chr8","23009512","23009817","chr8","22902960","22903275","25","106552"
"chr8","23047358","23047659","chr8","22942700","22943003","6","104658"
"chr8","23067311","23067579","chr3","93384751","93385017","74","70317440"
"chr8","23075452","23075582","chr8","22974811","22974941","0","100641"
"chr8","23090649","23090800","chr8","22990019","22990171","1","100630"
"chr8","23183653","23183944","chr8","23086276","23086555","20","97377"
"chr8","23184121","23184273","chr8","23086742","23086894","5","97379"
"chr8","23210908","23211040","chr8","23114338","23114470","7","96570"
"chr8","23212755","23213040","chr14","56307674","56307960","52","33094919"
"chr8","23255555","23255640","chr8","23161652","23161737","3","93903"
"chr8","23278596","23278899","chr7","121549079","121549379","58","98270483"
"chr8","23290563","23290710","chr8","23201572","23201719","4","88991"
"chr8","23295822","23295938","chr8","23206902","23207014","6","88920"
"chr8","23336681","23336983","chr8","23247061","23247334","38","89620"
"chr8","23374529","23374855","chr8","23285736","23286060","10","88793"
"chr8","23385320","23385626","chr1","19449109","19449397","64","3936211"
"chr8","23397537","23397822","chr8","23308810","23309095","7","88727"
"chr8","23411480","23411806","chr8","23323229","23323555","2","88251"
"chr8","23417408","23417696","chr8","23329486","23329774","7","87922"
"chr8","23443973","23444276","chr8","23360018","23360321","10","83955"
"chr8","23474223","23474359","chr4","13305947","13306077","22","10168276"
"chr8","23481916","23482217","chr2","186869361","186869656","59","163387445"
"chr8","23510863","23511178","chr8","23426732","23427047","6","84131"
"chr8","23515610","23515752","chr14","46545228","46545359","35","23029618"
"chr8","23515784","23515891","chr20","21268467","21268575","23","2247317"
"chr8","23518482","23518775","chr8","23434227","23434519","8","84255"
"chr8","23526681","23526866","chr7","17349222","17349406","41","6177459"
"chr8","23527168","23527315","chr19","39445304","39445449","26","15918136"
"chr8","23541874","23542022","chr7","8127938","8128086","3","15413936"
"chr8","23601797","23601975","chr11","131527449","131527612","38","107925652"
"chr8","23602001","23602121","chr5","84641299","84641410","22","61039298"
"chr8","23624181","23624343","chr8","23540001","23540160","8","84180"
"chr8","23627969","23628090","chr8","23543796","23543909","10","84173"
"chr8","23641574","23641864","chr8","23557167","23557457","7","84407"
"chr8","23645917","23646189","chr8","23561498","23561772","10","84419"
"chr8","23658126","23658426","chr8","23573645","23573945","7","84481"
"chr8","23674490","23674651","chr8","23589686","23589845","12","84804"
"chr8","23678095","23678257","chr8","23593299","23593461","5","84796"
"chr8","23680255","23680559","chr8","23595458","23595766","16","84797"
"chr8","23681089","23681379","chr8","23596305","23596599","10","84784"
"chr8","23683297","23683599","chr8","23598532","23598829","12","84765"
"chr8","23686679","23686966","chr8","23601907","23602193","17","84772"
"chr8","23702425","23702588","chr8","23617637","23617830","31","84788"
"chr8","23750095","23750217","chr1","52522560","52522684","14","28772465"
"chr8","23752762","23753065","chr8","23668648","23668944","12","84114"
"chr8","23777856","23778151","chr8","23693516","23693833","39","84340"
"chr8","23787296","23787585","chr8","23702933","23703224","9","84363"
"chr8","23795118","23795437","chr8","23711564","23711891","18","83554"
"chr8","23801442","23801601","chr8","23717881","23718040","5","83561"
"chr8","24008085","24008389","chr8","23929545","23929848","6","78540"
"chr8","24010948","24010958","chr6","128359960","128359970","4","104349012"
"chr8","24010987","24011103","chr3","114776116","114776229","24","90765129"
"chr8","24104706","24104998","chr8","24028008","24028298","4","76698"
"chr8","24139936","24140177","chr2","60149822","60150050","62","36009886"
"chr8","24144850","24145156","chr8","24065937","24066242","8","78913"
"chr8","24172366","24172577","chr13","24351715","24351933","38","179349"
"chr8","24178858","24179007","chr4","105380374","105380517","30","81201516"
"chr8","24223275","24223544","chr8","24147966","24148252","22","75309"
"chr8","24237748","24238038","chr8","24162591","24162887","16","75157"
"chr8","24270792","24270950","chr13","92739576","92739730","32","68468784"
"chr8","24270983","24271101","chr7","92535166","92535281","13","68264183"
"chr8","24271103","24271214","chr1","20803085","20803194","30","3468018"
"chr8","24294774","24294959","chr8","24219518","24219689","16","75256"
"chr8","24335963","24336251","chr8","24263272","24263561","15","72691"
"chr8","24339699","24339862","chr15","52968482","52968645","37","28628783"
"chr8","24340160","24340285","chrX","41825184","41825311","24","17485024"
"chr8","24346069","24346361","chr8","24273745","24274037","10","72324"
"chr8","24357077","24357410","chr8","24284807","24285135","20","72270"
"chr8","24373344","24373597","chr8","24307310","24307564","2","66034"
"chr8","24387150","24387443","chr8","24321096","24321379","22","66054"
"chr8","24387729","24387884","chr1","93813309","93813462","28","69425580"
"chr8","24503319","24503438","chr8","89839473","89839590","17","65336154"
"chr8","24503473","24503610","chr8","66163970","66164109","28","41660497"
"chr8","24504735","24504862","chr8","24423316","24423442","3","81419"
"chr8","24515179","24515466","chr8","24434091","24434379","9","81088"
"chr8","24523321","24523552","chr8","24442234","24442466","8","81087"
"chr8","24572678","24572860","chr8","24494485","24494667","4","78193"
"chr8","24583379","24583563","chr9","32503887","32504057","41","7920508"
"chr8","24583862","24583990","chr8","40453866","40453991","25","15870004"
"chr8","24601019","24601316","chr8","24518328","24518625","9","82691"
"chr8","24614155","24614471","chr8","24532840","24533156","7","81315"
"chr8","24623268","24623560","chr8","24541969","24542244","28","81299"
"chr8","24637032","24637322","chr8","24556071","24556361","8","80961"
"chr8","24641118","24641383","chr8","24560078","24560341","6","81040"
"chr8","24648079","24648378","chr8","24567052","24567350","8","81027"
"chr8","24661441","24661756","chr8","24580798","24581106","13","80643"
"chr8","24682358","24682666","chr8","24601888","24602197","9","80470"
"chr8","24707543","24707865","chr8","24627068","24627386","10","80475"
"chr8","24758242","24758530","chr8","24678646","24678928","23","79596"
"chr8","24773864","24774057","chr19","38720051","38720228","49","13946187"
"chr8","24834304","24834600","chr2","133290927","133291224","69","108456623"
"chr8","24915709","24916015","chr8","24837322","24837629","2","78387"
"chr8","25126239","25126519","chr8","25058301","25058605","35","67938"
"chr8","25181884","25182183","chr3","9617899","9618187","62","15563985"
"chr8","25210618","25210913","chr8","25141253","25141554","32","69365"
"chr8","25299738","25300042","chr8","25242907","25243208","10","56831"
"chr8","25381616","25381909","chr3","37327997","37328292","52","11946381"
"chr8","25414222","25414486","chr8","25356235","25356499","6","57987"
"chr8","25426495","25426654","chr18","713655","713814","43","24712840"
"chr8","25426964","25427079","chr1","26054142","26054255","28","627178"
"chr8","25433183","25433477","chr8","25374743","25375046","21","58440"
"chr8","25491529","25491813","chr8","25433304","25433587","10","58225"
"chr8","25557116","25557433","chr8","25500346","25500663","5","56770"
"chr8","25564403","25564709","chr8","25507657","25507949","21","56746"
"chr8","25622087","25622377","chr8","25565542","25565832","10","56545"
"chr8","25682747","25683066","chr8","25627218","25627525","21","55529"
"chr8","25694736","25695006","chr8","25638885","25639154","3","55851"
"chr8","25700866","25701034","chr3","51191432","51191595","29","25490566"
"chr8","25708815","25709056","chr8","25652832","25653068","12","55983"
"chr8","25724480","25724783","chr8","25668371","25668674","10","56109"
"chr8","25776224","25776489","chr8","25719013","25719280","7","57211"
"chr8","25809142","25809274","chr8","25746871","25747003","2","62271"
"chr8","25830773","25831064","chr8","25769526","25769817","11","61247"
"chr8","25834098","25834263","chr8","25772746","25772898","14","61352"
"chr8","25853598","25853774","chr10","14682761","14682934","38","11170837"
"chr8","25981058","25981306","chr8","25921590","25921838","5","59468"
"chr8","25981859","25982161","chr8","25924644","25924934","20","57215"
"chr8","26010083","26010376","chr8","25954414","25954707","2","55669"
"chr8","26064716","26065009","chr8","26008693","26008993","14","56023"
"chr8","26077066","26077341","chr8","26020987","26021277","34","56079"
"chr8","26105485","26105784","chr8","26049334","26049623","24","56151"
"chr8","26106986","26107106","chr8","26050812","26050930","7","56174"
"chr8","26109921","26110214","chr8","26053751","26054045","15","56170"
"chr8","26174024","26174310","chr8","26116919","26117199","21","57105"
"chr8","26178313","26178619","chr8","26121213","26121506","31","57100"
"chr8","26183882","26184181","chr9","60433413","60433709","63","34249531"
"chr8","26187347","26187670","chr19","10293188","10293497","65","15894159"
"chr8","26294565","26294866","chr8","26241422","26241724","10","53143"
"chr8","26295618","26295863","chr8","26242473","26242715","8","53145"
"chr8","26296850","26297001","chr2","135492264","135492422","31","109195414"
"chr8","26297498","26297771","chr8","26244393","26244700","48","53105"
"chr8","26305977","26306330","chr8","26252886","26253240","21","53091"
"chr8","26312609","26312878","chr3","67141214","67141492","66","40828605"
"chr8","26324016","26324312","chr8","26270747","26271044","8","53269"
"chr8","26354583","26354832","chr2","32680698","32680951","68","6326115"
"chr8","26364785","26365059","chr8","26310881","26311141","29","53904"
"chr8","26422864","26423010","chr2","69389150","69389294","30","42966286"
"chr8","26423037","26423093","chr13","22939115","22939175","12","3483922"
"chr8","26475315","26475594","chr8","26421258","26421538","9","54057"
"chr8","26484833","26485140","chr8","26427786","26428093","4","57047"
"chr8","26487505","26487665","chr19","40350094","40350259","31","13862589"
"chr8","26487971","26488100","chr9","13471811","13471943","25","13016160"
"chr8","26495078","26495388","chr8","26438623","26438933","12","56455"
"chr8","26516451","26516761","chr13","69089354","69089660","58","42572903"
"chr8","26519154","26519435","chr11","23377161","23377441","70","3141993"
"chr8","26555767","26555909","chr8","26498783","26498930","8","56984"
"chr8","26564748","26564910","chr1","56026077","56026234","35","29461329"
"chr8","26573175","26573467","chr8","26517253","26517549","16","55922"
"chr8","26590809","26591081","chr8","26534576","26534849","11","56233"
"chr8","26592587","26592879","chr8","26536340","26536632","11","56247"
"chr8","26593670","26594026","chr2","86824037","86824367","86","60230367"
"chr8","26596488","26596743","chr8","26540261","26540516","4","56227"
"chr8","26622825","26623154","chr8","26566584","26566915","37","56241"
"chr8","26685827","26685973","chr4","32516800","32516937","43","5830973"
"chr8","26690542","26690783","chr8","26635040","26635303","32","55502"
"chr8","26704283","26704571","chrX","49546448","49546737","55","22842165"
"chr8","26706832","26706937","chr1","67193675","67193788","25","40486843"
"chr8","26718167","26718469","chr8","26657147","26657445","11","61020"
"chr8","26725283","26725567","chr8","26668753","26669063","36","56530"
"chr8","26727796","26728095","chr19","17640678","17640980","64","9087118"
"chr8","26735336","26735496","chrX","13728541","13728701","27","13006795"
"chr8","26742566","26742784","chr8","26686002","26686207","20","56564"
"chr8","26758812","26759118","chr8","26702307","26702589","32","56505"
"chr8","26760856","26761073","chr8","26704351","26704575","12","56505"
"chr8","26761974","26762275","chr8","26705478","26705779","4","56496"
"chr8","26774466","26774702","chr5","36050499","36050730","51","9276033"
"chr8","26775836","26776133","chr8","26718235","26718532","7","57601"
"chr8","26779164","26779259","chr8","26723649","26723744","0","55515"
"chr8","26786800","26787118","chr8","26731272","26731567","51","55528"
"chr8","26849069","26849389","chr8","26793965","26794283","12","55104"
"chr8","26858004","26858250","chr8","26802426","26802672","5","55578"
"chr8","26889447","26889700","chr8","26833896","26834149","2","55551"
"chr8","26915467","26915768","chr8","26860459","26860763","16","55008"
"chr8","26965117","26965189","chr16","18196320","18196387","22","8768797"
"chr8","26980819","26981112","chr8","26924947","26925239","7","55872"
"chr8","26995299","26995604","chr8","26940433","26940740","7","54866"
"chr8","27055745","27056066","chr8","27005435","27005765","16","50310"
"chr8","27131397","27131691","chr8","27087939","27088231","3","43458"
"chr8","27159085","27159370","chr8","27114782","27115066","5","44303"
"chr8","27189107","27189272","chr8","27145050","27145215","3","44057"
"chr8","27198009","27198171","chr1","163939321","163939480","38","136741312"
"chr8","27201502","27201790","chr8","27157586","27157874","13","43916"
"chr8","27270766","27271071","chr8","27222931","27223224","20","47835"
"chr8","27271525","27271658","chr1","211937816","211937946","25","184666291"
"chr8","27271969","27272096","JH680411","52241","52370","24","27219728"
"chr8","27285027","27285213","chr8","37267779","37267965","48","9982752"
"chr8","27291453","27291763","chr8","27243191","27243495","11","48262"
"chr8","27320436","27320602","chr8","27270223","27270375","19","50213"
"chr8","27321189","27321311","chr8","89839473","89839590","21","62518284"
"chr8","27321337","27321484","chr7","77178697","77178842","40","49857360"
"chr8","27331206","27331484","chr8","27280947","27281225","4","50259"
"chr8","27337821","27338128","chr8","27287588","27287895","8","50233"
"chr8","27338258","27338320","chr13","24034726","24034788","17","3303532"
"chr8","27349186","27349332","chr8","27298786","27298931","5","50400"
"chr8","27363339","27363652","chr8","27312634","27312948","10","50705"
"chr8","27373309","27373554","chr8","27322922","27323143","26","50387"
"chr8","27383544","27383823","chr8","27333135","27333414","3","50409"
"chr8","27392671","27392976","chr6","140318206","140318513","58","112925535"
"chr8","27396508","27396768","chr8","27346049","27346309","2","50459"
"chr8","27398472","27398642","chr1","115056051","115056225","36","87657579"
"chr8","27398944","27399080","chr3","33995147","33995281","22","6596203"
"chr8","27419902","27420194","chr8","27365863","27366157","16","54039"
"chr8","27422087","27422143","chr3","43246146","43246205","14","15824059"
"chr8","27422799","27423109","chr8","27368749","27369051","15","54050"
"chr8","27423599","27423779","chr8","27369485","27369665","3","54114"
"chr8","27455259","27455345","chr20","26083542","26083634","20","1371717"
"chr8","27455970","27456146","chr5","56057119","56057294","37","28601149"
"chr8","27489498","27489815","chr8","27434924","27435238","10","54574"
"chr8","27505610","27505857","chr8","27450790","27451032","19","54820"
"chr8","27507540","27507822","chr8","27452722","27452957","55","54818"
"chr8","27533181","27533512","chr8","27477831","27478140","27","55350"
"chr8","27559235","27559514","chr3","55327096","55327373","57","27767861"
"chr8","27586989","27587107","chr11","76066811","76066927","14","48479822"
"chr8","27587146","27587314","chr3","46023413","46023578","33","18436267"
"chr8","27612502","27612773","JH682036","324259","324541","61","27288243"
"chr8","27629361","27629655","chr8","27579352","27579646","7","50009"
"chr8","27670824","27671118","chr8","27621096","27621411","33","49728"
"chr8","27698893","27699188","chr8","27652078","27652379","21","46815"
"chr8","27729997","27730154","chr8","27683196","27683353","4","46801"
"chr8","27833114","27833361","chr8","27785587","27785879","48","47527"
"chr8","27930961","27931099","chr8","27882317","27882455","4","48644"
"chr8","27981242","27981524","chr8","27932402","27932684","6","48840"
"chr8","28050170","28050324","chr8","28010914","28011058","15","39256"
"chr8","28051838","28052134","chr8","28012256","28012535","25","39582"
"chr8","28073157","28073443","chr19","6149536","6149820","57","21923621"
"chr8","28096391","28096573","chr19","27135468","27135639","33","960923"
"chr8","28096882","28097017","chr14","97689298","97689429","22","69592416"
"chr8","28120327","28120589","chr8","28073142","28073411","12","47185"
"chr8","28127532","28127814","chr8","28080369","28080651","5","47163"
"chr8","28135345","28135467","chr8","28088041","28088162","4","47304"
"chr8","28153971","28154117","chr8","28108014","28108160","5","45957"
"chr8","28190899","28191183","chr8","28145024","28145318","15","45875"
"chr8","28195616","28195729","chr9","12303533","12303642","37","15892083"
"chr8","28216046","28216306","chr3","52436427","52436695","52","24220381"
"chr8","28230616","28230736","chr8","28186359","28186479","1","44257"
"chr8","28234567","28234670","chr8","28190307","28190410","0","44260"
"chr8","28258046","28258306","chr13","69242848","69243091","86","40984802"
"chr8","28280104","28280394","chr8","28235935","28236231","16","44169"
"chr8","28317552","28317860","chr8","28272993","28273300","13","44559"
"chr8","28319320","28319608","chr8","28274791","28275079","9","44529"
"chr8","28335170","28335396","chr8","28290928","28291154","4","44242"
"chr8","28337765","28338058","chr8","28293539","28293823","15","44226"
"chr8","28349724","28349877","chr8","28306000","28306153","8","43724"
"chr8","28359291","28359389","chr8","28315496","28315594","2","43795"
"chr8","28375002","28375275","chr9","93273317","93273599","64","64898315"
"chr8","28409088","28409368","chr8","28366726","28367048","48","42362"
"chr8","28422787","28423018","chr8","28381752","28381983","6","41035"
"chr8","28436047","28436161","chr4","15201468","15201584","25","13234579"
"chr8","28436194","28436363","chr2","71153981","71154147","35","42717787"
"chr8","28438567","28438827","chr1","158743611","158743867","68","130305044"
"chr8","28443799","28443979","chr8","28403641","28403814","9","40158"
"chr8","28451204","28451351","chr8","28411550","28411696","1","39654"
"chr8","28482860","28483155","chr20","33012388","33012680","62","4529528"
"chr8","28485480","28485742","chr8","28445469","28445728","10","40011"
"chr8","28522334","28522654","chr8","28482246","28482567","16","40088"
"chr8","28531071","28531385","chr16","38799146","38799460","67","10268075"
"chr8","28547066","28547220","chr8","28506858","28507014","6","40208"
"chr8","28550815","28550930","chr8","28510602","28510715","4","40213"
"chr8","28551706","28552054","chr8","28511487","28511841","15","40219"
"chr8","28553043","28553102","chr8","28512833","28512892","2","40210"
"chr8","28574124","28574367","chr8","28534543","28534787","6","39581"
"chr8","28622232","28622481","chr8","28582733","28582994","14","39499"
"chr8","28623913","28624169","chr2","160239977","160240213","86","131616064"
"chr8","28628438","28628627","chr3","155086659","155086848","46","126458221"
"chr8","28628636","28628790","chr4","42512390","42512552","42","13883754"
"chr8","28652627","28652919","chr8","28612903","28613195","6","39724"
"chr8","28697045","28697334","chr8","28659121","28659412","6","37924"
"chr8","28718217","28718476","chrX","46793365","46793619","54","18075148"
"chr8","28745768","28746063","chr8","28706116","28706414","8","39652"
"chr8","28777110","28777283","chr6","21095859","21096033","44","7681251"
"chr8","28793529","28793824","chr1","142483453","142483735","56","113689924"
"chr8","28802847","28803107","chr8","28769835","28770095","6","33012"
"chr8","28811691","28811877","chr8","28778438","28778624","3","33253"
"chr8","28814370","28814417","chr13","52893249","52893295","9","24078879"
"chr8","28814718","28814907","chr19","14916432","14916613","46","13898286"
"chr8","28828336","28828623","chr8","28796065","28796375","27","32271"
"chr8","28832163","28832452","chr8","28800485","28800775","10","31678"
"chr8","28834303","28834591","chr8","28802628","28802916","5","31675"
"chr8","28837614","28837911","chr8","28806174","28806478","14","31440"
"chr8","28843866","28843999","chr7","160238735","160238864","30","131394869"
"chr8","28844305","28844449","chr3","41777401","41777544","21","12933096"
"chr8","28847444","28847576","chr12","93357881","93358012","25","64510437"
"chr8","28861042","28861333","chr8","28829530","28829814","15","31512"
"chr8","28872778","28872925","chr8","28842025","28842175","14","30753"
"chr8","28879102","28879210","chr1","20803085","20803194","24","8076017"
"chr8","28882909","28883042","chr8","28853322","28853455","2","29587"
"chr8","28901105","28901354","chr8","28870582","28870832","9","30523"
"chr8","28902524","28902725","chr8","28872001","28872202","5","30523"
"chr8","28920750","28921056","chr8","28890160","28890471","14","30590"
"chr8","28992393","28992675","chr8","28966428","28966709","6","25965"
"chr8","28997823","28997926","chr8","28971483","28971573","16","26340"
"chr8","29004360","29004501","chr8","28978042","28978178","19","26318"
"chr8","29037919","29038220","chr8","29011496","29011800","14","26423"
"chr8","29054540","29054789","chr8","29029745","29029999","13","24795"
"chr8","29061368","29061683","chr2","50436019","50436328","61","21374651"
"chr8","29069339","29069626","chr8","29044788","29045075","8","24551"
"chr8","29072716","29072982","chr8","29047865","29048148","46","24851"
"chr8","29108550","29108711","chr8","29084198","29084363","9","24352"
"chr8","29109147","29109429","chr8","29084799","29085079","8","24348"
"chr8","29132277","29132604","chr8","29108485","29108804","18","23792"
"chr8","29163218","29163519","chr8","29139814","29140098","27","23404"
"chr8","29176173","29176450","chr8","29153106","29153382","9","23067"
"chr8","29198358","29198666","chr8","29175063","29175372","6","23295"
"chr8","29211503","29211808","chr8","29188228","29188533","8","23275"
"chr8","29216105","29216224","chr1","17151763","17151871","37","12064342"
"chr8","29227769","29227933","chr8","29204800","29204965","8","22969"
"chr8","29249897","29250137","chr8","29226264","29226504","4","23633"
"chr8","29252650","29252934","chr2","55614249","55614535","60","26361599"
"chr8","29254841","29255109","chr8","29231171","29231462","26","23670"
"chr8","29256740","29257023","chr8","29233093","29233376","8","23647"
"chr8","29274086","29274386","chr8","29250490","29250793","8","23596"
"chr8","29294569","29294837","chr11","61388611","61388889","68","32094042"
"chr8","29296562","29296800","chrX","15821713","15821945","51","13474849"
"chr8","29307387","29307685","chr8","29284096","29284394","23","23291"
"chr8","29310218","29310377","chr8","29286913","29287069","7","23305"
"chr8","29318195","29318300","chr7","85387348","85387456","25","56069153"
"chr8","29318341","29318515","chr19","3318320","3318482","43","26000021"
"chr8","29343909","29344056","chr8","29324197","29324344","1","19712"
"chr8","29345475","29345759","chr8","29325780","29326068","11","19695"
"chr8","29347669","29347784","chr7","129985192","129985315","26","100637523"
"chr8","29351246","29351482","chr8","29331854","29332094","25","19392"
"chr8","29354834","29354980","chr17","6776207","6776347","20","22578627"
"chr8","29381645","29381931","chr8","29361663","29361948","8","19982"
"chr8","29399484","29399793","chr8","29382124","29382423","14","17360"
"chr8","29401317","29401619","chr8","29383958","29384264","15","17359"
"chr8","29536279","29536573","chr8","29524467","29524748","21","11812"
"chr8","29597307","29597596","chr8","29590032","29590325","8","7275"
"chr8","29699289","29699567","chr8","29697113","29697390","8","2176"
"chr8","29797658","29797947","chr8","29795813","29796103","7","1845"
"chr8","29838357","29838642","chr8","29839010","29839294","9","653"
"chr8","29938450","29938764","chr8","29945908","29946222","3","7458"
"chr8","29996074","29996274","chr8","30002169","30002366","10","6095"
"chr8","30076919","30077152","chr8","30080827","30081060","5","3908"
"chr8","30182638","30182950","chr8","30187218","30187531","8","4580"
"chr8","30233378","30233639","chr8","30240134","30240395","15","6756"
"chr8","30329162","30329488","chr8","30334818","30335153","20","5656"
"chr8","30352354","30352641","chr8","30357583","30357893","33","5229"
"chr8","30368923","30369013","chr7","59240761","59240846","17","28871838"
"chr8","30377520","30377823","chr8","30382155","30382442","21","4635"
"chr8","30425636","30425906","chr8","30429583","30429885","37","3947"
"chr8","30456365","30456648","chr8","30459920","30460206","7","3555"
"chr8","30471336","30471625","chr8","30474893","30475183","4","3557"
"chr8","30473174","30473334","chr8","30476723","30476877","8","3549"
"chr8","30528706","30528908","chr8","30531200","30531402","6","2494"
"chr8","30531389","30531683","chr8","30533961","30534250","10","2572"
"chr8","30536286","30536568","chr19","28665522","28665806","60","1870764"
"chr8","30553037","30553357","chr16","65886340","65886669","90","35333303"
"chr8","30558454","30558737","chr8","30561264","30561558","16","2810"
"chr8","30608068","30608374","chr8","30612072","30612373","19","4004"
"chr8","30645679","30645980","chr8","30650477","30650778","4","4798"
"chr8","30649141","30649429","chr4","34677544","34677825","59","4028403"
"chr8","30651684","30652001","chr8","30656370","30656693","10","4686"
"chr8","30679841","30680108","chr14","20282598","20282866","61","10397243"
"chr8","30705761","30706074","chr8","30710824","30711113","30","5063"
"chr8","30788063","30788352","chr4","135317311","135317607","64","104529248"
"chr8","30848969","30849177","chr1","98914552","98914762","39","68065583"
"chr8","30899712","30899868","chr8","30899026","30899186","6","686"
"chr8","30916735","30917068","chr8","30916040","30916375","4","695"
"chr8","30999103","30999226","chr8","31008789","31008911","6","9686"
"chr8","31004590","31004905","chr8","31014290","31014605","5","9700"
"chr8","31244562","31244869","chr8","31259868","31260166","17","15306"
"chr8","31259210","31259334","chr8","31274105","31274223","15","14895"
"chr8","31315299","31315561","chr8","31328886","31329182","41","13587"
"chr8","31341629","31341763","chr8","31355418","31355552","8","13789"
"chr8","31414318","31414609","chr8","31425875","31426166","3","11557"
"chr8","31424425","31424557","chr5","74519379","74519510","21","43094954"
"chr8","31424843","31425030","chrX","13954261","13954444","35","17470582"
"chr8","31480145","31480424","chr8","31492048","31492325","9","11903"
"chr8","31509993","31510295","chr5","45912959","45913262","53","14402966"
"chr8","31522125","31522276","chr8","31533800","31533930","21","11675"
"chr8","31523448","31523495","chr11","104618562","104618606","11","73095114"
"chr8","31523792","31523963","chr16","71916151","71916323","38","40392359"
"chr8","31528312","31528598","chr8","31539940","31540221","7","11628"
"chr8","31530181","31530457","chr8","31542043","31542319","5","11862"
"chr8","31533342","31533477","chr4","84764886","84765021","19","53231544"
"chr8","31542743","31543070","chr8","31555660","31555987","12","12917"
"chr8","31555441","31555726","chr8","31568466","31568750","13","13025"
"chr8","31560649","31560929","chr8","31576445","31576724","7","15796"
"chr8","31574312","31574596","chr13","83826942","83827228","59","52252630"
"chr8","31604424","31604489","chr7","161099849","161099907","16","129495425"
"chr8","31604805","31604969","chr8","31623077","31623241","3","18272"
"chr8","31608330","31608629","chr8","31628462","31628761","2","20132"
"chr8","31614699","31614863","chr8","31623077","31623241","3","8378"
"chr8","31620431","31620699","chr8","31637184","31637453","8","16753"
"chr8","31621528","31621829","chr8","31638269","31638573","10","16741"
"chr8","31629260","31629553","chr8","31646341","31646638","10","17081"
"chr8","31639433","31639550","chr8","31656961","31657078","2","17528"
"chr8","31647378","31647682","chr8","31664881","31665183","9","17503"
"chr8","31661207","31661504","chr8","31680954","31681248","4","19747"
"chr8","31667057","31667334","chr8","31689191","31689496","34","22134"
"chr8","31669554","31669653","chr8","31691717","31691815","2","22163"
"chr8","31685234","31685526","chr8","31704722","31705010","7","19488"
"chr8","31685541","31685848","chr12","64883375","64883684","55","33197834"
"chr8","31687609","31687899","chr8","31706913","31707228","50","19304"
"chr8","31697087","31697254","chr8","31716737","31716904","2","19650"
"chr8","31701787","31702091","chr8","31722114","31722430","46","20327"
"chr8","31706189","31706322","chr8","31726522","31726655","5","20333"
"chr8","31719055","31719171","chr4","124099951","124100069","24","92380896"
"chr8","31719227","31719362","chr7","103821525","103821654","34","72102298"
"chr8","31728664","31728956","chr20","38637596","38637890","61","6908932"
"chr8","31738713","31738897","chr8","31760664","31760848","5","21951"
"chr8","31750219","31750391","chr13","22976598","22976770","34","8773621"
"chr8","31774529","31774823","chr1","109986397","109986691","62","78211868"
"chr8","31780097","31780410","chr8","31802074","31802387","7","21977"
"chr8","31784864","31785011","chr8","31806768","31806918","6","21904"
"chr8","31793447","31793724","chr8","31815036","31815322","18","21589"
"chr8","31797556","31797814","chr8","31819161","31819419","2","21605"
"chr8","31812481","31812609","chr8","31834024","31834152","1","21543"
"chr8","31816499","31816789","chr8","31838056","31838346","1","21557"
"chr8","31820683","31820931","chr5","77009754","77010011","65","45189071"
"chr8","31820962","31820998","chr3","40429173","40429212","12","8608211"
"chr8","31840415","31840656","chr8","31862086","31862328","13","21671"
"chr8","31849487","31849768","chr8","31871138","31871422","9","21651"
"chr8","31903403","31903693","chr8","31928494","31928791","12","25091"
"chr8","31929921","31930195","chr7","7358814","7359073","67","24571107"
"chr8","31930810","31930939","chr8","31960851","31960980","1","30041"
"chr8","32001954","32002271","chr8","32032386","32032703","6","30432"
"chr8","32023958","32024051","chr15","25193532","25193619","24","6830426"
"chr8","32262100","32262412","chr8","32299433","32299745","11","37333"
"chr8","32631369","32631522","chr8","32676595","32676748","0","45226"
"chr8","32641742","32642057","chr8","32689610","32689920","18","47868"
"chr8","32652071","32652250","chr8","32699945","32700124","7","47874"
"chr8","32697277","32697472","chr18","18606714","18606919","63","14090563"
"chr8","32697784","32697794","chr6","128359960","128359970","2","95662176"
"chr8","32765589","32765745","chr8","32815042","32815198","8","49453"
"chr8","32791946","32792084","chr10","39532198","39532335","37","6740252"
"chr8","32792132","32792247","chr16","44395640","44395754","19","11603508"
"chr8","32839370","32839508","chr14","104395139","104395279","29","71555769"
"chr8","32839663","32839833","chr20","71459050","71459226","43","38619387"
"chr8","32898079","32898206","chr8","32968941","32969068","4","70862"
"chr8","32975777","32976070","chr8","33041523","33041824","13","65746"
"chr8","33016280","33016586","chr9","110743345","110743650","58","77727065"
"chr8","33040145","33040451","chr8","33112107","33112410","9","71962"
"chr8","33052013","33052127","chr8","33123930","33124048","9","71917"
"chr8","33155895","33155998","chr8","33234787","33234890","1","78892"
"chr8","33156129","33156407","chr8","33235021","33235299","9","78892"
"chr8","33173808","33174014","chr8","33251474","33251681","2","77666"
"chr8","33235186","33235250","chr2","21311208","21311276","20","11923978"
"chr8","33235255","33235362","chr2","25822529","25822639","31","7412726"
"chr8","33242766","33243037","chr8","33320470","33320741","10","77704"
"chr8","33258721","33258944","chr8","33336057","33336293","18","77336"
"chr8","33280017","33280339","chr8","33357362","33357686","7","77345"
"chr8","33361553","33361831","chr8","33438003","33438280","5","76450"
"chr8","33401143","33401304","chr8","33480027","33480188","5","78884"
"chr8","33427166","33427298","chr8","33506036","33506166","2","78870"
"chr8","33574412","33574719","chr8","33660209","33660511","12","85797"
"chr8","33652328","33652598","chr8","33739432","33739708","15","87104"
"chr8","33818266","33818369","chr16","66595510","66595634","36","32777244"
"chr8","33818655","33818807","chr7","121748871","121749021","26","87930216"
"chr8","33832027","33832180","chr8","33921660","33921821","23","89633"
"chr8","33881845","33882164","chr8","33976757","33977075","9","94912"
"chr8","34031773","34031926","chr8","34123293","34123447","5","91520"
"chr8","34146389","34146703","chr2","33440437","33440736","65","705952"
"chr8","34213193","34213497","chr8","34314943","34315248","10","101750"
"chr8","34225369","34225658","chr8","34327143","34327443","16","101774"
"chr8","34374943","34375240","chr8","34475277","34475574","7","100334"
"chr8","34423541","34423818","chr10","43056421","43056699","71","8632880"
"chr8","34436054","34436198","chr8","34535654","34535798","6","99600"
"chr8","34583828","34583990","chr8","34692724","34692875","21","108896"
"chr8","34603138","34603446","chr8","34712238","34712531","21","109100"
"chr8","34614957","34615183","chr8","34722864","34723091","9","107907"
"chr8","34652621","34652893","chr8","34764134","34764408","9","111513"
"chr8","34705942","34706233","chr8","34816198","34816489","13","110256"
"chr8","34787685","34787999","chr8","34898508","34898822","13","110823"
"chr8","34808735","34809030","chr8","34919089","34919383","4","110354"
"chr8","34888606","34888932","chr8","34999565","34999879","23","110959"
"chr8","34974959","34975259","chr8","35097270","35097570","4","122311"
"chr8","34999004","34999328","chr8","35120550","35120872","10","121546"
"chr8","35161060","35161356","chr8","35279234","35279530","13","118174"
"chr8","35167831","35168013","chr8","35285976","35286158","4","118145"
"chr8","35337896","35338181","chr8","35455067","35455351","6","117171"
"chr8","35412849","35413156","chr8","35529157","35529464","10","116308"
"chr8","35504125","35504398","chr8","35623119","35623392","5","118994"
"chr8","35521106","35521335","chr8","35640330","35640559","5","119224"
"chr8","35577457","35577748","chr8","35696211","35696505","10","118754"
"chr8","35584752","35585053","chr8","35703468","35703765","10","118716"
"chr8","35590680","35590979","chr8","35709373","35709683","16","118693"
"chr8","35637954","35638234","chr8","35757377","35757657","8","119423"
"chr8","35668253","35668537","chr8","35788055","35788338","8","119802"
"chr8","35673140","35673265","chr8","35792960","35793082","6","119820"
"chr8","35685999","35686161","chr8","35806451","35806611","7","120452"
"chr8","35717669","35717837","chr1","190595781","190595952","36","154878112"
"chr8","35717867","35717992","chr2","21692189","21692306","21","14025678"
"chr8","35720707","35721002","chr10","19003493","19003788","63","16717214"
"chr8","35773559","35773803","chr8","35894506","35894750","4","120947"
"chr8","35796971","35797288","chr8","35918284","35918599","9","121313"
"chr8","35805467","35805779","chr8","35927214","35927506","25","121747"
"chr8","35825079","35825369","chr8","35950004","35950294","5","124925"
"chr8","35846288","35846411","chr1","188861449","188861570","26","153015161"
"chr8","35846716","35846919","chr8","20912448","20912632","55","14934268"
"chr8","35849871","35850019","chr8","35975817","35975964","5","125946"
"chr8","35868329","35868553","chr7","87924096","87924326","51","52055767"
"chr8","35884550","35884851","chr8","36011332","36011628","13","126782"
"chr8","35891285","35891577","chr8","36018455","36018747","10","127170"
"chr8","35915284","35915416","chr7","41000872","41001002","25","5085588"
"chr8","35915714","35915898","chr9","43553612","43553775","43","7637898"
"chr8","35929862","35930150","chr8","36059363","36059657","6","129501"
"chr8","35934568","35934835","chr8","36064632","36064899","9","130064"
"chr8","35939131","35939423","chr8","36067583","36067866","23","128452"
"chr8","35941003","35941288","chr8","36069322","36069566","46","128319"
"chr8","35943958","35944119","chrX","7162880","7163039","32","28781078"
"chr8","35949308","35949663","chr8","36081643","36081997","13","132335"
"chr8","35950624","35950635","chr6","128359960","128359970","2","92409336"
"chr8","35959321","35959581","chr8","36091741","36092002","6","132420"
"chr8","35973602","35973831","chr8","36106418","36106647","2","132816"
"chr8","35974485","35974496","chr6","128359960","128359970","2","92385475"
"chr8","35982589","35982714","chr9","123427717","123427840","15","87445128"
"chr8","35990062","35990233","chr3","43397217","43397380","44","7407155"
"chr8","35990791","35991069","chr5","14902347","14902624","60","21088444"
"chr8","36007372","36007643","chr8","36149790","36150058","12","142418"
"chr8","36008130","36008418","chr8","36150538","36150852","33","142408"
"chr8","36017545","36017660","chr8","36158443","36158565","9","140898"
"chr8","36022623","36022784","chr4","18105467","18105624","36","17917156"
"chr8","36025400","36025570","chr8","36166000","36166170","8","140600"
"chr8","36038541","36038661","chr19","16156880","16156988","28","19881661"
"chr8","36039409","36039442","chr3","34830580","34830605","11","1208829"
"chr8","36040789","36041097","chr8","36181928","36182234","6","141139"
"chr8","36041463","36041764","chr8","36182605","36182905","8","141142"
"chr8","36047091","36047390","chr8","36188256","36188552","11","141165"
"chr8","36054602","36054907","chr8","36196528","36196833","4","141926"
"chr8","36066579","36066891","chr8","36207854","36208163","8","141275"
"chr8","36084308","36084497","chrX","138059562","138059749","47","101975254"
"chr8","36084803","36084922","chr12","36395074","36395190","17","310271"
"chr8","36092992","36093289","chr8","36235063","36235354","12","142071"
"chr8","36100779","36100790","chr6","128359960","128359970","3","92259181"
"chr8","36100926","36101128","chr8","36243369","36243546","28","142443"
"chr8","36108945","36109068","chr8","36251279","36251401","1","142334"
"chr8","36109377","36109447","chr14","112771008","112771083","20","76661631"
"chr8","36131853","36132017","chr8","36275311","36275475","7","143458"
"chr8","36147120","36147389","chr8","36291370","36291659","26","144250"
"chr8","36151205","36151492","chr8","36295205","36295487","11","144000"
"chr8","36151504","36151668","chr8","36295499","36295665","5","143995"
"chr8","36153957","36154207","chr8","36297938","36298187","12","143981"
"chr8","36160622","36160754","chr5","45667100","45667229","24","9506478"
"chr8","36170461","36170735","chr8","36314600","36314822","58","144139"
"chr8","36173574","36173896","chr8","36317659","36317985","7","144085"
"chr8","36232528","36232777","chr8","36383652","36383905","8","151124"
"chr8","36241461","36241695","chr1","14415563","14415793","46","21825898"
"chr8","36268541","36268826","chr8","36421228","36421509","8","152687"
"chr8","36269432","36269587","chr8","36422131","36422286","1","152699"
"chr8","36292175","36292427","chr8","36444771","36445023","1","152596"
"chr8","36296219","36296529","chr1","127799859","127800166","61","91503640"
"chr8","36299302","36299600","chr8","36451873","36452171","3","152571"
"chr8","36316505","36316800","chr8","36468915","36469217","13","152410"
"chr8","36354738","36355048","chr3","139290285","139290578","79","102935547"
"chr8","36358111","36358418","chr8","36508322","36508634","14","150211"
"chr8","36375077","36375258","chr9","110816414","110816579","48","74441337"
"chr8","36408845","36409143","chr8","36563914","36564205","10","155069"
"chr8","36430033","36430283","chr8","36585395","36585651","15","155362"
"chr8","36448077","36448318","chr8","36603777","36604018","4","155700"
"chr8","36469940","36470223","chr8","36625599","36625882","5","155659"
"chr8","36490554","36490853","chr8","36646586","36646896","14","156032"
"chr8","36491707","36492006","chr10","33128113","33128407","61","3363594"
"chr8","36510755","36511053","chr8","36668048","36668353","13","157293"
"chr8","36521507","36521810","chr8","36679823","36680127","9","158316"
"chr8","36532411","36532710","chr10","1883767","1884072","64","34648644"
"chr8","36593545","36593695","chr8","36755753","36755904","4","162208"
"chr8","36594700","36594864","chr8","36756911","36757075","1","162211"
"chr8","36596085","36596304","chr8","36758299","36758544","32","162214"
"chr8","36598799","36599100","chr8","36761022","36761331","18","162223"
"chr8","36603161","36603464","chr8","36765389","36765694","10","162228"
"chr8","36623590","36623899","chr17","76159464","76159773","66","39535874"
"chr8","36656246","36656545","chr8","36816360","36816661","9","160114"
"chr8","36660095","36660390","chr8","36826242","36826544","12","166147"
"chr8","36661456","36661611","chr8","36822483","36822635","7","161027"
"chr8","36691056","36691353","chr8","36853925","36854222","3","162869"
"chr8","36713275","36713406","chr1","120666191","120666322","27","83952916"
"chr8","36726169","36726450","chr8","36889759","36890041","12","163590"
"chr8","36732827","36733139","chr8","36896455","36896767","13","163628"
"chr8","36741748","36741872","chr8","36905436","36905556","16","163688"
"chr8","36742212","36742530","chr8","36905892","36906210","12","163680"
"chr8","36750689","36750978","chr8","36919866","36920155","8","169177"
"chr8","36752515","36752770","chr8","36911331","36911586","8","158816"
"chr8","36760515","36760666","chr8","36927787","36927936","4","167272"
"chr8","36769820","36770131","chr8","36937098","36937411","10","167278"
"chr8","36786604","36786888","chr4","4845865","4846145","54","31940739"
"chr8","36796765","36797074","chr6","126368229","126368541","68","89571464"
"chr8","36811848","36811967","chr8","36973242","36973361","5","161394"
"chr8","36816323","36816500","chr8","36977537","36977714","3","161214"
"chr8","36823548","36823803","chr8","36984714","36984969","9","161166"
"chr8","36827363","36827673","chr8","36988518","36988828","4","161155"
"chr8","36855968","36855991","chr1","152721362","152721385","9","115865394"
"chr8","36856295","36856438","chrX","44305405","44305548","28","7449110"
"chr8","36857758","36858052","chr8","37018726","37019017","6","160968"
"chr8","36876292","36876609","chr8","37037265","37037583","7","160973"
"chr8","36883175","36883266","chr8","37044680","37044771","1","161505"
"chr8","36883609","36883900","chr8","37045126","37045404","19","161517"
"chr8","36899754","36900053","chr8","37062274","37062570","10","162520"
"chr8","36908996","36909304","chr8","37073087","37073369","32","164091"
"chr8","36910762","36911067","chr8","37074821","37075125","10","164059"
"chr8","36913994","36914292","chr8","37078057","37078365","17","164063"
"chr8","36918391","36918553","chr8","37083071","37083235","4","164680"
"chr8","36929488","36929790","chr8","37094197","37094499","3","164709"
"chr8","36966299","36966465","chr8","37131129","37131278","20","164830"
"chr8","36969193","36969487","chr8","37134024","37134316","15","164831"
"chr8","36979853","36979999","chr11","109353775","109353913","31","72373922"
"chr8","36981852","36981983","chr4","24496554","24496684","25","12485298"
"chr8","36994104","36994402","chr8","37158226","37158520","7","164122"
"chr8","36997780","36997879","chr2","151575886","151575981","27","114578106"
"chr8","37006654","37006895","chr8","37169561","37169802","4","162907"
"chr8","37048410","37048704","chr8","37211219","37211511","11","162809"
"chr8","37058105","37058368","chr8","37220903","37221166","5","162798"
"chr8","37096841","37097051","chr8","37258554","37258768","9","161713"
"chr8","37106046","37106239","chr8","37267779","37267965","12","161733"
"chr8","37134017","37134298","chr8","37295241","37295520","5","161224"
"chr8","37170119","37170408","chr8","37333148","37333437","6","163029"
"chr8","37180948","37181250","chr8","37343490","37343792","2","162542"
"chr8","37441357","37441634","chr8","37627603","37627888","15","186246"
"chr8","37541786","37542084","chr8","37727746","37728075","41","185960"
"chr8","37602996","37603290","chr8","37797054","37797353","13","194058"
"chr8","37701984","37702228","chr8","37900569","37900828","22","198585"
"chr8","37739812","37739932","chr8","37937051","37937171","0","197239"
"chr8","37804678","37804888","chr8","38012107","38012329","17","207429"
"chr8","37946725","37946966","chr5","10266246","10266475","52","27680479"
"chr8","38011276","38011442","chr3","35120511","35120680","47","2890765"
"chr8","38026026","38026322","chr8","38244048","38244341","17","218022"
"chr8","38038857","38039050","chr8","38257428","38257621","1","218571"
"chr8","38211937","38212065","chr8","38434435","38434563","2","222498"
"chr8","38364051","38364339","chr8","38600671","38600965","20","236620"
"chr8","38381116","38381432","chr8","38610286","38610601","13","229170"
"chr8","38409947","38410272","chr15","19746637","19746956","65","18663310"
"chr8","38419153","38419429","chr8","38648914","38649191","5","229761"
"chr8","38442095","38442404","chr8","38672885","38673186","18","230790"
"chr8","38486814","38486953","chr8","38717669","38717807","1","230855"
"chr8","38570488","38570512","chr1","152721362","152721385","13","114150874"
"chr8","38570667","38570960","chr8","38803511","38803806","7","232844"
"chr8","38615943","38616227","chr8","38849705","38849990","9","233762"
"chr8","38656108","38656358","chr8","38909852","38910102","7","253744"
"chr8","38670886","38671165","chr8","38924850","38925161","38","253964"
"chr8","38828260","38828580","chr14","8980492","8980797","58","29847768"
"chr8","38851693","38851992","chr8","39107604","39107914","23","255911"
"chr8","38860984","38861104","chr8","39117687","39117807","2","256703"
"chr8","38908289","38908588","chr8","39163808","39164091","20","255519"
"chr8","38909883","38909934","chr8","39165398","39165451","2","255515"
"chr8","38954584","38954902","chr8","39210664","39210979","7","256080"
"chr8","38978567","38978830","chr8","39235318","39235611","38","256751"
"chr8","39063834","39064143","chr8","39328962","39329271","4","265128"
"chr8","39080708","39080719","chr6","128359960","128359970","5","89279252"
"chr8","39081026","39081287","chr8","41273232","41273487","66","2192206"
"chr8","39095660","39095888","chr8","39364026","39364253","6","268366"
"chr8","39099370","39099531","chr15","78598666","78598831","37","39499296"
"chr8","39099559","39099674","chrX","37882677","37882794","22","1216882"
"chr8","39123489","39123781","chr8","39392206","39392498","8","268717"
"chr8","39147452","39147758","chr8","39416381","39416690","18","268929"
"chr8","39196123","39196261","chr8","39465114","39465252","3","268991"
"chr8","39202712","39202889","chr8","39471717","39471882","13","269005"
"chr8","39204829","39204968","chr19","4240732","4240868","25","34964097"
"chr8","39216031","39216331","chr8","39485051","39485361","17","269020"
"chr8","39253474","39253769","chr4","110135471","110135774","56","70881997"
"chr8","39257467","39257717","chr8","39527247","39527521","31","269780"
"chr8","39312172","39312307","chr8","39584069","39584188","17","271897"
"chr8","39316857","39317128","chr8","39588589","39588897","38","271732"
"chr8","39334292","39334573","chr8","39605969","39606270","27","271677"
"chr8","39345523","39345812","chr8","39617148","39617437","3","271625"
"chr8","39399550","39399868","chr8","39684592","39684904","13","285042"
"chr8","39406671","39406834","chr3","51191432","51191595","31","11784761"
"chr8","39420018","39420302","chr8","39705114","39705399","7","285096"
"chr8","39423376","39423670","chr11","2341511","2341799","60","37081865"
"chr8","39502218","39502342","chr8","39788337","39788461","5","286119"
"chr8","39526911","39527192","chr8","39811837","39812120","8","284926"
"chr8","39548755","39548889","chr8","39833942","39834075","2","285187"
"chr8","39637500","39637811","chr10","30430464","30430759","74","9207036"
"chr8","39665549","39665862","chr8","39947526","39947839","3","281977"
"chr8","39667389","39667684","chr8","39949385","39949672","14","281996"
"chr8","39691049","39691364","chr8","39972992","39973311","14","281943"
"chr8","39721906","39722190","chr8","40003843","40004127","7","281937"
"chr8","39734330","39734623","chr8","40015858","40016140","16","281528"
"chr8","39769225","39769539","chr8","40050410","40050726","10","281185"
"chr8","39781381","39781662","chr8","40062385","40062666","3","281004"
"chr8","39782551","39782833","chr10","80735742","80736038","63","40953191"
"chr8","39796301","39796610","chr7","18910581","18910883","65","20885720"
"chr8","39819355","39819617","chr8","40100191","40100453","3","280836"
"chr8","39825895","39826191","chr8","40106732","40107028","6","280837"
"chr8","39833301","39833600","chr8","40114151","40114450","8","280850"
"chr8","39838062","39838356","chr8","40118908","40119200","10","280846"
"chr8","39859139","39859446","chr8","40139960","40140262","10","280821"
"chr8","39873944","39874205","chrX","50086502","50086766","54","10212558"
"chr8","39887497","39887813","chr8","40167349","40167657","18","279852"
"chr8","40031175","40031463","chr8","40313538","40313826","3","282363"
"chr8","40064539","40064693","chr15","368115","368257","40","39696424"
"chr8","40065014","40065146","chr15","96968819","96968952","23","56903805"
"chr8","40080895","40081044","chr8","40365294","40365443","2","284399"
"chr8","40135009","40135170","chrX","142118040","142118205","30","101983031"
"chr8","40171208","40171339","chr8","40453866","40453991","16","282658"
"chr8","40173092","40173389","chr8","40455775","40456062","14","282683"
"chr8","40177473","40177755","chr8","40460169","40460462","14","282696"
"chr8","40181200","40181379","chr8","40464225","40464388","19","283025"
"chr8","40186574","40186699","chr8","40469583","40469690","18","283009"
"chr8","40190451","40190744","chr8","40473396","40473709","32","282945"
"chr8","40205848","40206080","chr8","40489018","40489251","6","283170"
"chr8","40219054","40219324","chr8","40502636","40502906","2","283582"
"chr8","40227662","40227791","chrX","7137360","7137485","20","33090302"
"chr8","40240738","40240866","chr8","40522728","40522857","4","281990"
"chr8","40257840","40258056","chr8","40540585","40540801","2","282745"
"chr8","40260084","40260390","chr8","40542827","40543135","7","282743"
"chr8","40266410","40266641","chr8","40550809","40551040","7","284399"
"chr8","40275959","40276258","chr8","40560500","40560800","9","284541"
"chr8","40312259","40312567","chr8","40596359","40596663","7","284100"
"chr8","40328603","40328736","chr8","40613059","40613189","8","284456"
"chr8","40375138","40375282","chr1","114767508","114767644","32","74392370"
"chr8","40375577","40375710","chr6","166652174","166652293","36","126276597"
"chr8","40376508","40376740","chr8","40665675","40665908","4","289167"
"chr8","40380665","40380940","chr8","40669516","40669756","41","288851"
"chr8","40467469","40467737","chr16","50044359","50044626","51","9576890"
"chr8","40478221","40478532","chr8","40767925","40768236","5","289704"
"chr8","40481321","40481569","chr8","40773576","40773824","5","292255"
"chr8","40502833","40503157","chr8","40797611","40797932","8","294778"
"chr8","40514547","40514829","chr8","40808476","40808769","17","293929"
"chr8","40522365","40522646","chr8","40816307","40816586","7","293942"
"chr8","40596305","40596605","chr8","40887806","40888108","7","291501"
"chr8","40606821","40607067","chr8","40897254","40897500","11","290433"
"chr8","40638396","40638535","chr20","17120549","17120689","24","23517847"
"chr8","40638823","40638973","chr6","118215101","118215251","35","77576278"
"chr8","40672680","40672940","chr8","40963049","40963303","15","290369"
"chr8","40690821","40690948","chr8","40981173","40981300","0","290352"
"chr8","40706182","40706467","chr8","40996494","40996779","2","290312"
"chr8","40722497","40722803","chr2","129860620","129860927","60","89138123"
"chr8","40743854","40744162","chr8","41043630","41043941","6","299776"
"chr8","40750515","40750816","chr8","41050370","41050671","5","299855"
"chr8","40762138","40762405","chr8","41062040","41062306","7","299902"
"chr8","40767242","40767544","chr14","103256715","103257018","53","62489473"
"chr8","40777426","40777614","chr8","41077342","41077555","34","299916"
"chr8","40799137","40799298","chr19","29894138","29894285","44","10904999"
"chr8","40799612","40799791","chr5","56057119","56057294","31","15257507"
"chr8","40842546","40842683","chr13","85984321","85984453","26","45141775"
"chr8","40850112","40850414","chr8","41152069","41152330","44","301957"
"chr8","40862417","40862705","chr15","96894313","96894623","61","56031896"
"chr8","40866306","40866581","chr8","41168269","41168506","41","301963"
"chr8","40912127","40912408","chr8","41213683","41213959","10","301556"
"chr8","40930149","40930369","chrX","87242543","87242768","66","46312394"
"chr8","40973789","40974044","chr8","41273232","41273487","6","299443"
"chr8","40980979","40981287","chr8","41281104","41281408","11","300125"
"chr8","41015932","41016233","chr8","41315338","41315639","1","299406"
"chr8","41045649","41045906","chr11","63963582","63963843","58","22917933"
"chr8","41048000","41048120","chr15","74734455","74734570","19","33686455"
"chr8","41050457","41050774","chr8","41346896","41347214","6","296439"
"chr8","41057154","41057426","chr8","41353390","41353662","4","296236"
"chr8","41076278","41076577","chr20","52208483","52208784","58","11132205"
"chr8","41166533","41166849","chr8","41469148","41469463","5","302615"
"chr8","41177162","41177462","chr8","41479944","41480244","3","302782"
"chr8","43068840","43069151","chr8","43190874","43191188","11","122034"
"chr8","43076838","43076967","chr8","43200073","43200202","2","123235"
"chr8","43188933","43189233","chr8","43318139","43318439","8","129206"
"chr8","43267650","43267903","chr8","31670679","31670919","66","11596971"
"chr8","43290591","43290884","chr10","70398097","70398392","57","27107506"
"chr8","43325106","43325415","chr1","57163551","57163863","86","13838445"
"chr8","43369585","43369792","chrX","138059562","138059749","46","94689977"
"chr8","43370111","43370208","chr20","34305364","34305458","16","9064747"
"chr8","43397178","43397346","chr10","82895643","82895804","41","39498465"
"chr8","43418171","43418457","chr2","88654099","88654386","68","45235928"
"chr8","43418953","43419275","chrX","122733344","122733663","77","79314391"
"chr8","43422785","43423104","chr6","169466562","169466869","69","126043777"
"chr8","43433815","43434016","chr3","47180991","47181192","47","3747176"
"chr8","43440084","43440360","chr2","50678937","50679211","64","7238853"
"chr8","43442321","43442450","chr1","39578192","39578322","22","3864129"
"chr8","43498852","43499165","chr8","43351637","43351949","10","147215"
"chr8","43502331","43502621","chr8","43355115","43355405","5","147216"
"chr8","43589504","43589804","chr8","43437878","43438178","8","151626"
"chr8","43604729","43604917","chr14","7026982","7027152","53","36577747"
"chr8","43701865","43702175","chr8","43553028","43553336","11","148837"
"chr8","43706461","43706736","chr8","43557529","43557824","30","148932"
"chr8","43802871","43803168","chr8","43658489","43658786","2","144382"
"chr8","43817712","43817828","chr18","51387378","51387491","22","7569666"
"chr8","43960070","43960367","chr8","43814232","43814530","13","145838"
"chr8","43960415","43960594","chr5","161727980","161728148","47","117767565"
"chr8","43960760","43960991","chr5","35573521","35573745","58","8387239"
"chr8","44004754","44004879","chr8","43859597","43859722","4","145157"
"chr8","44017895","44018017","chr8","43872986","43873108","1","144909"
"chr8","44072007","44072281","chr8","43920358","43920631","5","151649"
"chr8","44169045","44169267","chr20","51067514","51067740","61","6898469"
"chr8","44172347","44172630","chr8","44016889","44017172","6","155458"
"chr8","44175974","44176247","chr14","83385228","83385509","69","39209254"
"chr8","44227501","44227551","chr8","44079068","44079118","1","148433"
"chr8","44227552","44227770","chr8","44079119","44079337","6","148433"
"chr8","44245252","44245405","chr8","44097789","44097942","2","147463"
"chr8","44246300","44246589","chr8","44098836","44099117","27","147464"
"chr8","44330572","44330859","chr8","44178417","44178704","5","152155"
"chr8","44352422","44352588","chr7","50840771","50840927","37","6488349"
"chr8","44360132","44360365","chr8","44215759","44215992","7","144373"
"chr8","44591808","44592012","chr8","44462372","44462577","3","129436"
"chr8","44593219","44593373","chr8","44463774","44463928","3","129445"
"chr8","44682433","44682727","chr8","44551264","44551569","15","131169"
"chr8","44701569","44701864","chr8","44570416","44570711","4","131153"
"chr8","44753612","44753756","chr20","50273837","50273966","41","5520225"
"chr8","44754051","44754192","chr16","24034428","24034567","27","20719623"
"chr8","45096732","45097031","chr8","44979257","44979556","12","117475"
"chr8","45186818","45187086","chr8","45070847","45071112","9","115971"
"chr8","45243380","45243678","chr8","45128660","45128968","24","114720"
"chr8","45277622","45277941","chr8","45163403","45163687","42","114219"
"chr8","45465380","45465675","chr8","45361002","45361297","13","104378"
"chr8","45528714","45529014","chr8","45425006","45425306","5","103708"
"chr8","45585198","45585225","chr16","63349524","63349545","8","17764326"
"chr8","45585598","45585710","chr20","52216539","52216653","22","6630941"
"chr8","45723356","45723466","chr8","45636619","45636729","3","86737"
"chr8","45723865","45724057","chr8","45637124","45637331","19","86741"
"chr8","45974776","45974898","chr8","45904773","45904895","2","70003"
"chr8","46028658","46028850","chr8","45960660","45960852","7","67998"
"chr8","46054699","46054821","chr7","43514265","43514383","24","2540434"
"chr8","46054849","46055055","chr2","31707595","31707784","57","14347254"
"chr8","46111320","46111615","chr8","46044540","46044830","14","66780"
"chr8","46233326","46233489","chr9","89291567","89291720","35","43058241"
"chr8","46374051","46374148","chr8","46307004","46307101","1","67047"
"chr8","46673722","46673990","chr8","46612923","46613191","12","60799"
"chr8","46917984","46918105","chr5","171139831","171139953","37","124221847"
"chr8","47189748","47190042","chr8","9844247","9844544","67","37345501"
"chr8","47225616","47225933","chr11","121736593","121736885","86","74510977"
"chr8","47479828","47479929","chr19","5529010","5529111","24","41950818"
"chr8","47560506","47560629","chr8","47474366","47474489","4","86140"
"chr8","47580825","47581003","chr2","54955828","54956006","32","7375003"
"chr8","47594240","47594530","chr8","47507816","47508092","21","86424"
"chr8","47663770","47663869","chr8","47575874","47575973","1","87896"
"chr8","47732258","47732533","chr8","47650121","47650405","13","82137"
"chr8","47764933","47765227","chr8","47675791","47676095","15","89142"
"chr8","47957443","47957754","chr8","47868890","47869201","7","88553"
"chr8","47985249","47985524","chr8","47896889","47897163","8","88360"
"chr8","48021789","48021970","chr8","47933181","47933362","3","88608"
"chr8","48025548","48025844","chr8","47936741","47937037","6","88807"
"chr8","48045124","48045243","chr8","47953762","47953881","1","91362"
"chr8","48090006","48090314","chr3","64051702","64052015","70","15961696"
"chr8","48100294","48100589","chr8","48002700","48003001","13","97594"
"chr8","48108655","48108958","chr8","48011042","48011346","10","97613"
"chr8","48198224","48198307","chr8","48104610","48104693","2","93614"
"chr8","48234206","48234354","chr11","4494233","4494383","29","43739973"
"chr8","48315226","48315547","chr8","48225150","48225471","8","90076"
"chr8","48490608","48490872","chr8","48399420","48399684","4","91188"
"chr8","48629537","48629838","chr8","48544923","48545216","19","84614"
"chr8","48647763","48648069","chr8","48563610","48563908","12","84153"
"chr8","48652521","48652674","chr16","55674721","55674876","26","7022200"
"chr8","48686618","48686926","chr8","48603526","48603834","8","83092"
"chr8","48690595","48690724","chr8","48607298","48607443","20","83297"
"chr8","48730893","48731128","chr1","166796108","166796340","61","118065215"
"chr8","48772558","48772838","chr8","48691638","48691918","1","80920"
"chr8","48775098","48775409","chr8","48694174","48694480","9","80924"
"chr8","48784328","48784447","chr8","48703352","48703471","3","80976"
"chr8","48847113","48847404","chr8","48765649","48765940","12","81464"
"chr8","48847990","48848068","chr8","48766530","48766607","2","81460"
"chr8","48856607","48856729","chr11","59521306","59521418","33","10664699"
"chr8","48893941","48894204","chr8","48815031","48815297","7","78910"
"chr8","48896203","48896498","chr8","48817277","48817572","7","78926"
"chr8","48915670","48916026","chr3","176123257","176123621","94","127207587"
"chr8","48918151","48918450","chr8","48839532","48839831","4","78619"
"chr8","48934481","48934684","chr8","48856031","48856230","6","78450"
"chr8","49099278","49099567","chr8","49034497","49034786","16","64781"
"chr8","49105458","49105774","chr8","49040753","49041069","17","64705"
"chr8","49201445","49201726","chr8","49142076","49142357","6","59369"
"chr8","49222097","49222397","chr8","49163236","49163533","16","58861"
"chr8","49271943","49272231","chr15","37564473","37564760","59","11707470"
"chr8","49418921","49419085","chrX","125041229","125041394","34","75622308"
"chr8","49443441","49443564","chr8","49410985","49411108","4","32456"
"chr8","49482942","49483018","chr5","167792026","167792103","21","118309084"
"chr8","49607583","49607821","chr8","49580634","49580872","7","26949"
"chr8","49839048","49839348","chr8","49821938","49822236","8","17110"
"chr8","49871292","49871581","chr8","49854149","49854449","23","17143"
"chr8","49902349","49902660","chr8","49887762","49888074","11","14587"
"chr8","49918038","49918340","chr8","49904610","49904916","12","13428"
"chr8","50003490","50003635","chr8","49990469","49990610","8","13021"
"chr8","50011545","50011804","chr9","28104331","28104572","69","21907214"
"chr8","50029635","50029935","chr8","50017792","50018089","7","11843"
"chr8","50035829","50036122","chr8","50023928","50024222","6","11901"
"chr8","50060218","50060350","chr3","37185080","37185210","27","12875138"
"chr8","50076449","50076606","chr8","50065655","50065811","5","10794"
"chr8","50108502","50108795","chr8","50098234","50098527","7","10268"
"chr8","50144471","50144752","chr8","50138458","50138739","5","6013"
"chr8","50161606","50161867","chr8","50155494","50155755","5","6112"
"chr8","50162464","50162760","chr8","50156339","50156635","4","6125"
"chr8","50175044","50175275","chr6","170687625","170687857","57","120512581"
"chr8","50176387","50176693","chr8","50169967","50170270","10","6420"
"chr8","50196833","50197126","chr8","50189059","50189352","4","7774"
"chr8","50211739","50212020","chr8","50205241","50205522","6","6498"
"chr8","50262347","50262650","chr8","50257301","50257604","4","5046"
"chr8","50267238","50267448","chr8","50262170","50262378","8","5068"
"chr8","50272497","50272633","chr8","50267421","50267557","5","5076"
"chr8","50282094","50282392","chrX","108158017","108158309","53","57875923"
"chr8","50284611","50284820","chr7","64714072","64714260","62","14429461"
"chr8","50319603","50319884","chr8","50308485","50308787","34","11118"
"chr8","50337631","50337886","chr11","66814808","66815079","59","16477177"
"chr8","50401401","50401728","chr8","50386917","50387226","34","14484"
"chr8","50413313","50413385","chr1","110101700","110101762","19","59688387"
"chr8","50467367","50467665","chr8","50455604","50455905","23","11763"
"chr8","50473130","50473413","chr8","50461364","50461647","9","11766"
"chr8","50475641","50475931","chr8","50463891","50464184","10","11750"
"chr8","50483666","50483916","chr7","40781271","40781515","67","9702395"
"chr8","50588998","50589310","chr8","50577798","50578109","14","11200"
"chr8","50632395","50632696","chr8","50619390","50619702","25","13005"
"chr8","50764190","50764334","chr8","50752900","50753044","1","11290"
"chr8","50771079","50771367","chr8","50759787","50760076","4","11292"
"chr8","51046527","51046539","chr6","128359960","128359970","4","77313433"
"chr8","51046722","51047003","chr19","14797575","14797862","66","36249147"
"chr8","51084072","51084366","chr8","51076217","51076531","32","7855"
"chr8","51161760","51161973","chr8","51155873","51156086","6","5887"
"chr8","51382891","51383188","chr8","51373699","51373996","6","9192"
"chr8","51428220","51428348","chr19","36056356","36056484","25","15371864"
"chr8","51492371","51492658","chr11","119333770","119334052","65","67841399"
"chr8","51526957","51527230","chr8","51517746","51518019","6","9211"
"chr8","51552310","51552522","chr8","51541180","51541391","8","11130"
"chr8","51709089","51709379","chr8","51695353","51695643","2","13736"
"chr8","51775041","51775178","chr8","51764327","51764464","3","10714"
"chr8","51797003","51797306","chr8","51786354","51786655","11","10649"
"chr8","51802329","51802626","chr8","51792008","51792305","13","10321"
"chr8","51816376","51816656","chr8","51805809","51806100","42","10567"
"chr8","51821009","51821295","chr8","51810301","51810596","23","10708"
"chr8","51845833","51846136","chr2","50436019","50436328","67","1409814"
"chr8","51889729","51889857","chr8","51883309","51883437","4","6420"
"chr8","51893977","51894105","chr8","51887551","51887679","6","6426"
"chr8","51897204","51897323","chr1","104911945","104912068","25","53014741"
"chr8","51901129","51901388","chr8","51894801","51895061","11","6328"
"chr8","51905863","51906122","chr8","51899575","51899834","7","6288"
"chr8","51948042","51948323","chr8","51943064","51943345","7","4978"
"chr8","51957558","51957826","chr8","51952791","51953059","1","4767"
"chr8","51974823","51975108","chr3","42227752","42228018","58","9747071"
"chr8","51993714","51994017","chr8","51989388","51989693","8","4326"
"chr8","51994129","51994435","chr8","51989806","51990109","8","4323"
"chr8","51997319","51997597","chr8","51992986","51993293","33","4333"
"chr8","52025285","52025412","chr13","60075494","60075618","17","8050209"
"chr8","52064741","52064895","chr8","52060503","52060657","2","4238"
"chr8","52081444","52081744","chr8","52077311","52077611","10","4133"
"chr8","52106043","52106328","chr8","52103281","52103569","12","2762"
"chr8","52253685","52253984","chr8","52252419","52252716","7","1266"
"chr8","52259471","52259597","chr8","52258199","52258325","6","1272"
"chr8","52335459","52335546","chr16","43486124","43486208","18","8849335"
"chr8","52490009","52490164","chr8","52488897","52489052","3","1112"
"chr8","52494136","52494426","chr8","52493012","52493303","9","1124"
"chr8","52501378","52501664","chr8","52500038","52500324","6","1340"
"chr8","52540721","52540986","chr8","52541645","52541873","43","924"
"chr8","52855430","52855711","chr8","52858967","52859246","18","3537"
"chr8","52913215","52913343","chr8","52917011","52917139","4","3796"
"chr8","52973541","52973689","chr8","52977720","52977873","23","4179"
"chr8","53349056","53349294","chr8","53369772","53370011","8","20716"
"chr8","53369017","53369320","chr8","53389661","53389964","12","20644"
"chr8","53400680","53400970","chr8","53421753","53422043","8","21073"
"chr8","53403300","53403613","chr8","53424320","53424635","16","21020"
"chr8","53435079","53435396","chr13","42148173","42148475","75","11286906"
"chr8","53675056","53675380","chr8","53697424","53697748","12","22368"
"chr8","53853665","53853963","chr8","53883946","53884244","17","30281"
"chr8","53855773","53856080","chr8","53886058","53886368","9","30285"
"chr8","53924781","53924914","chr8","53961855","53961988","1","37074"
"chr8","53953537","53953826","chr8","53990905","53991193","12","37368"
"chr8","53979166","53979472","chr8","54018163","54018467","9","38997"
"chr8","54079621","54079957","chr8","54117831","54118177","20","38210"
"chr8","54293545","54293847","chr8","54333993","54334301","7","40448"
"chr8","54364391","54364684","chr8","54406763","54407056","10","42372"
"chr8","54467997","54468124","chr2","184609863","184609987","22","130141866"
"chr8","54533395","54533675","chr8","54583579","54583861","11","50184"
"chr8","54605269","54605411","chr3","9015621","9015767","41","45589648"
"chr8","54605725","54605865","chr3","33995147","33995281","25","20610578"
"chr8","54656587","54656905","chr8","54710382","54710698","11","53795"
"chr8","54672012","54672316","chr7","130453130","130453413","89","75781118"
"chr8","54682365","54682650","chr8","54737021","54737307","5","54656"
"chr8","54688966","54689273","chr8","54744124","54744430","10","55158"
"chr8","54782064","54782409","chr19","41612419","41612756","83","13169645"
"chr8","55022966","55023279","chr8","55081846","55082162","10","58880"
"chr8","55057154","55057451","chr19","16304922","16305219","62","38752232"
"chr8","55102754","55103065","chr8","55161885","55162196","7","59131"
"chr8","55116722","55116984","chr8","55176962","55177230","14","60240"
"chr8","55684493","55684647","chr13","66780510","66780669","35","11096017"
"chr8","55876789","55877065","chr8","55920277","55920553","4","43488"
"chr8","55886027","55886316","chr8","55929700","55929989","6","43673"
"chr8","55912264","55912462","chr8","55956983","55957181","4","44719"
"chr8","55920497","55920817","chr8","55965203","55965504","29","44706"
"chr8","55969689","55969988","chr8","56016262","56016561","28","46573"
"chr8","56244205","56244386","chr7","109263846","109264017","56","53019641"
"chr8","56267775","56267980","chr8","56316426","56316631","12","48651"
"chr8","56269658","56269971","chr20","26650736","26651034","80","29618922"
"chr8","56298377","56298573","chr8","56346991","56347187","8","48614"
"chr8","56299660","56299941","chr8","56348280","56348561","5","48620"
"chr8","56304506","56304771","chr3","97246466","97246733","66","40941960"
"chr8","56312707","56312994","chr8","56361179","56361452","25","48472"
"chr8","56323578","56323869","chr1","194460341","194460624","53","138136763"
"chr8","56348664","56348817","chr8","56396482","56396635","5","47818"
"chr8","56369566","56369853","chr8","56423786","56424071","10","54220"
"chr8","56371957","56372295","chr3","47961768","47962112","95","8410189"
"chr8","56374360","56374654","chr8","56426922","56427220","15","52562"
"chr8","56380473","56380593","chr8","56433072","56433189","7","52599"
"chr8","56426483","56426780","chr8","56478886","56479193","18","52403"
"chr8","56432053","56432256","chr3","155086659","155086848","61","98654606"
"chr8","56432853","56432985","chr3","151687028","151687162","23","95254175"
"chr8","56454629","56454929","chr8","56507264","56507559","14","52635"
"chr8","56467101","56467230","chr7","137532073","137532197","25","81064972"
"chr8","56467814","56468102","chr2","133290927","133291224","74","76823113"
"chr8","56477461","56477752","chr8","56529868","56530164","7","52407"
"chr8","56480307","56480603","chr20","70195839","70196132","54","13715532"
"chr8","56490681","56490966","chr8","56541621","56541929","33","50940"
"chr8","56506962","56507255","chr1","113565369","113565674","58","57058407"
"chr8","56522540","56522828","chr8","56574988","56575276","4","52448"
"chr8","56582511","56582619","chr8","56635804","56635915","7","53293"
"chr8","56592311","56592608","chr8","56643752","56644051","5","51441"
"chr8","56649266","56649568","chr8","56702360","56702660","16","53094"
"chr8","56779920","56780226","chr8","56834919","56835225","3","54999"
"chr8","56795863","56796031","chr8","56850855","56851019","9","54992"
"chr8","56796187","56796348","chr8","56851417","56851541","38","55230"
"chr8","56840655","56840957","chr8","56894258","56894566","14","53603"
"chr8","56862905","56863070","chr8","56916885","56917050","4","53980"
"chr8","56917227","56917388","chr8","56971661","56971822","1","54434"
"chr8","56920181","56920309","chr8","56974575","56974703","23","54394"
"chr8","56948017","56948334","chr8","57002297","57002614","5","54280"
"chr8","57128534","57128671","chr8","57181623","57181760","4","53089"
"chr8","57170328","57170454","chr8","57224706","57224836","6","54378"
"chr8","57221748","57222031","chr8","57278204","57278493","9","56456"
"chr8","57291598","57291721","chr8","57346831","57346954","3","55233"
"chr8","57390854","57391013","chr8","57447492","57447652","8","56638"
"chr8","57488856","57489143","chr8","57545616","57545900","11","56760"
"chr8","57502714","57503001","chr8","57559329","57559635","23","56615"
"chr8","57613710","57614014","chr8","57671943","57672260","30","58233"
"chr8","57642616","57642931","chr8","57699863","57700149","39","57247"
"chr8","57675586","57675851","chr8","57734897","57735196","45","59311"
"chr8","57684651","57684940","chr8","57744009","57744323","30","59358"
"chr8","57714570","57714896","chr8","57772673","57772999","10","58103"
"chr8","57804355","57804468","chr8","57864247","57864361","5","59892"
"chr8","58116454","58116759","chr2","77198193","77198497","61","19081739"
"chr8","58154614","58154896","chr10","67912543","67912824","62","9757929"
"chr8","58159420","58159727","chr8","58221936","58222254","16","62516"
"chr8","58187225","58187515","chr8","58250453","58250743","10","63228"
"chr8","58293295","58293548","chr2","61859634","61859887","74","3566339"
"chr8","58426488","58426785","chr8","58490605","58490899","9","64117"
"chr8","58467567","58467866","chr8","58531070","58531369","10","63503"
"chr8","58620007","58620311","chr13","63800931","63801234","63","5180924"
"chr8","58627401","58627566","chr8","58697965","58698130","2","70564"
"chr8","58655496","58655622","chr8","58729060","58729186","6","73564"
"chr8","58786825","58786989","chrX","7162880","7163039","39","51623945"
"chr8","58899134","58899307","chr8","7601599","7601761","46","51297535"
"chr8","58910514","58910677","chr7","16368302","16368463","31","42542212"
"chr8","58979086","58979233","chr8","59041482","59041629","4","62396"
"chr8","58997303","58997605","chr8","59060262","59060565","8","62959"
"chr8","59000655","59000836","chr11","18970489","18970667","53","40030166"
"chr8","59148142","59148464","chr8","59213572","59213896","18","65430"
"chr8","59160364","59160487","chr8","59226479","59226602","0","66115"
"chr8","59398915","59399064","chr8","59467470","59467620","5","68555"
"chr8","59622026","59622184","chr8","59688484","59688642","4","66458"
"chr8","59847180","59847227","chr5","100832601","100832642","13","40985421"
"chr8","59929520","59929785","chr6","72092329","72092599","66","12162809"
"chr8","60355466","60355752","chr8","60421196","60421536","60","65730"
"chr8","60437785","60438066","chr8","60502692","60502973","8","64907"
"chr8","60583362","60583676","chr3","55175991","55176301","65","5407371"
"chr8","60694337","60694507","chr6","14081369","14081518","40","46612968"
"chr8","60871832","60871942","chr1","112289491","112289604","27","51417659"
"chr8","60888126","60888295","chr8","60965665","60965830","10","77539"
"chr8","61087419","61087569","chr8","61162076","61162223","9","74657"
"chr8","61134909","61135214","chr1","47347650","47347951","60","13787259"
"chr8","61167571","61167854","chr8","61241794","61242078","7","74223"
"chr8","61254886","61255171","chr8","61329809","61330089","10","74923"
"chr8","61393503","61393780","chr8","61469319","61469596","10","75816"
"chr8","61408048","61408357","chr8","61484211","61484520","11","76163"
"chr8","61431460","61431631","chr1","86155568","86155728","44","24724108"
"chr8","61431922","61431939","chr14","63373169","63373183","4","1941247"
"chr8","61435553","61435829","chr8","61513334","61513617","16","77781"
"chr8","61454558","61454855","chr5","78429725","78430023","57","16975167"
"chr8","61485494","61485809","chr8","61559871","61560182","13","74377"
"chr8","61498339","61498612","chr1","27410301","27410563","55","34088038"
"chr8","61508777","61509069","chr8","61577199","61577489","9","68422"
"chr8","61514898","61515042","chr9","98713473","98713619","36","37198575"
"chr8","61515330","61515459","chr9","3763865","3763991","24","57751465"
"chr8","61520375","61520649","chr8","61589075","61589347","11","68700"
"chr8","61569965","61570238","chr8","61640404","61640670","10","70439"
"chr8","61584087","61584193","chr15","41777501","41777602","22","19806586"
"chr8","61584499","61584662","chr7","19793777","19793942","49","41790722"
"chr8","61604049","61604335","chr8","61674374","61674660","5","70325"
"chr8","61653041","61653195","chr8","61721621","61721775","4","68580"
"chr8","61674486","61674685","chr8","61742828","61743027","1","68342"
"chr8","61754738","61755037","chr8","61828257","61828556","10","73519"
"chr8","61806319","61806483","chr8","61879273","61879437","4","72954"
"chr8","61811967","61812213","chr6","107258275","107258507","53","45446308"
"chr8","61984584","61984868","chr8","62055321","62055603","7","70737"
"chr8","62134364","62134659","chr8","62205699","62205979","23","71335"
"chr8","62154150","62154405","chr8","62225368","62225623","5","71218"
"chr8","62155196","62155508","chr8","62226405","62226716","18","71209"
"chr8","62213317","62213600","chr8","62290424","62290707","8","77107"
"chr8","62235839","62236113","chr8","62313937","62314204","11","78098"
"chr8","62260844","62261097","chr8","62338522","62338793","26","77678"
"chr8","62277371","62277674","chr8","62355172","62355475","8","77801"
"chr8","62280657","62280959","chr14","97697972","97698273","55","35417315"
"chr8","62321357","62321519","chr8","62395585","62395747","1","74228"
"chr8","62326453","62326577","chr8","62400683","62400806","7","74230"
"chr8","62328468","62328588","chr8","62402663","62402783","5","74195"
"chr8","62331206","62331462","chr8","62405409","62405664","7","74203"
"chr8","62374004","62374148","chr12","35266942","35267078","31","27107062"
"chr8","62374446","62374605","chr5","34267924","34268082","35","28106522"
"chr8","62375449","62375746","chr8","62448340","62448647","24","72891"
"chr8","62379348","62379644","chr8","62452364","62452655","13","73016"
"chr8","62405307","62405622","chr8","62478215","62478526","9","72908"
"chr8","62411152","62411474","chr8","62484029","62484343","15","72877"
"chr8","62413294","62413402","chr8","62486165","62486287","17","72871"
"chr8","62457522","62457823","chr1","32014770","32015072","63","30442752"
"chr8","62465399","62465568","chr8","62536827","62537002","10","71428"
"chr8","62469592","62469902","chr1","109685161","109685468","58","47215569"
"chr8","62490570","62490723","chr8","62562033","62562186","4","71463"
"chr8","62501097","62501367","chr8","62572835","62573112","10","71738"
"chr8","62503585","62503810","chr7","120157384","120157601","56","57653799"
"chr8","62515617","62515917","chr8","62587481","62587764","22","71864"
"chr8","62523368","62523671","chr16","45626449","45626733","71","16896919"
"chr8","62527449","62527714","chr8","62599264","62599558","37","71815"
"chr8","62559856","62560143","chr8","62631536","62631824","11","71680"
"chr8","62571437","62571718","chr9","21562852","21563131","53","41008585"
"chr8","62578649","62578685","chr19","28642719","28642759","9","33935930"
"chr8","62578984","62579103","chr8","62646299","62646414","5","67315"
"chr8","62583603","62583907","chr13","63800931","63801234","64","1217328"
"chr8","62603756","62604050","chr3","34747936","34748225","58","27855820"
"chr8","62612872","62613023","chr13","107230023","107230173","25","44617151"
"chr8","62613318","62613473","chr12","58940704","58940858","42","3672614"
"chr8","62640561","62640680","chr8","62714788","62714905","6","74227"
"chr8","62644107","62644397","chr8","62718339","62718628","9","74232"
"chr8","62664418","62664729","chr8","62740113","62740424","9","75695"
"chr8","62668519","62668816","chr8","62746315","62746610","10","77796"
"chr8","62674711","62675017","chr3","88621116","88621431","67","25946405"
"chr8","62684361","62684673","chr8","62760783","62761098","5","76422"
"chr8","62707288","62707413","chr5","36815918","36816047","31","25891370"
"chr8","62726229","62726415","chr8","62802756","62802943","8","76527"
"chr8","62731589","62731897","chr8","127970126","127970433","59","65238537"
"chr8","62737491","62737607","chr4","153356840","153356943","39","90619349"
"chr8","62737901","62738079","chr1","28517728","28517896","33","34220173"
"chr8","62738130","62738326","chr8","62814580","62814776","3","76450"
"chr8","62756452","62756685","chr8","62833351","62833584","3","76899"
"chr8","62759859","62760156","chr8","62836571","62836868","1","76712"
"chr8","62761108","62761285","chr8","62837840","62837994","29","76732"
"chr8","62767209","62767463","chr8","62843881","62844152","21","76672"
"chr8","62802059","62802324","chr8","62883142","62883403","10","81083"
"chr8","62816500","62816656","chr8","62898921","62899077","2","82421"
"chr8","62827573","62827868","chr8","62910818","62911113","5","83245"
"chr8","62840686","62840875","chr8","62926002","62926186","6","85316"
"chr8","62843838","62844140","chr8","62928602","62928907","6","84764"
"chr8","62859006","62859197","chr6","108010515","108010694","55","45151509"
"chr8","62859508","62859628","chr2","143610328","143610452","21","80750820"
"chr8","62880835","62880923","chr2","152109306","152109398","25","89228471"
"chr8","62904873","62905169","chrX","138507447","138507737","63","75602574"
"chr8","62911686","62911987","chr11","46631266","46631567","58","16280420"
"chr8","62934193","62934511","chr8","63019787","63020103","5","85594"
"chr8","62994613","62994893","chr8","63079752","63080043","18","85139"
"chr8","63096836","63097110","chr11","19091033","19091300","91","44005803"
"chr8","63140884","63141007","chr12","30682674","30682798","19","32458210"
"chr8","63147466","63147747","chr8","63234316","63234624","32","86850"
"chr8","63173323","63173404","chr8","63261217","63261298","1","87894"
"chr8","63175024","63175237","chr8","63262919","63263132","5","87895"
"chr8","63178497","63178797","chr8","63266479","63266779","5","87982"
"chr8","63201744","63202031","chr8","63289352","63289644","18","87608"
"chr8","63235205","63235509","chr8","63324314","63324608","25","89109"
"chr8","63250293","63250472","chr8","63339372","63339558","11","89079"
"chr8","63297320","63297444","chr8","63387573","63387697","0","90253"
"chr8","63315419","63315559","chr14","104395139","104395279","19","41079720"
"chr8","63329883","63330201","chr1","160199071","160199368","75","96869188"
"chr8","63343449","63343594","chr8","63434865","63435005","8","91416"
"chr8","63399319","63399604","chr8","63490556","63490841","4","91237"
"chr8","63402276","63402441","chr19","27135468","27135639","44","36266808"
"chr8","63459151","63459462","chr8","63549717","63550029","7","90566"
"chr8","63558361","63558574","chr2","34473562","34473789","63","29084799"
"chr8","63707523","63707810","chr8","63801829","63802128","19","94306"
"chr8","63865402","63865712","chr14","18283110","18283413","68","45582292"
"chr8","63889933","63890225","chr3","33467270","33467552","60","30422663"
"chr8","63904369","63904491","chr8","63997023","63997145","1","92654"
"chr8","63922012","63922301","chr8","64014222","64014537","30","92210"
"chr8","63976904","63977198","chr8","64068718","64069010","9","91814"
"chr8","64053504","64053832","chr8","64145802","64146105","34","92298"
"chr8","64057827","64057966","chr2","50023283","50023414","30","14034544"
"chr8","64058266","64058443","chr7","111640971","111641143","35","47582705"
"chr8","64126635","64126873","chr8","64219884","64220122","9","93249"
"chr8","64139752","64140048","chr8","64233604","64233909","18","93852"
"chr8","64149333","64149598","chr8","64243232","64243494","7","93899"
"chr8","64175239","64175422","chr8","64269167","64269324","28","93928"
"chr8","64201442","64201757","chr8","64295215","64295509","23","93773"
"chr8","64216122","64216285","chr8","64309908","64310071","4","93786"
"chr8","64521527","64521682","chr8","64608437","64608590","4","86910"
"chr8","64591918","64592239","chr8","64682890","64683212","13","90972"
"chr8","64603014","64603330","chr8","64693896","64694168","51","90882"
"chr8","64694604","64694779","chr8","64784952","64785127","3","90348"
"chr8","64725558","64725756","chr9","26322830","26323028","60","38402728"
"chr8","64733661","64733828","chr8","64823988","64824145","14","90327"
"chr8","64880969","64881273","chr8","64969981","64970283","21","89012"
"chr8","65126389","65126473","chr8","65251408","65251492","3","125019"
"chr8","65129865","65130140","chr8","65254876","65255151","5","125011"
"chr8","65223207","65223482","chr8","65349515","65349790","7","126308"
"chr8","65254589","65254886","chr8","65380776","65381074","6","126187"
"chr8","65303071","65303369","chr8","65428791","65429089","12","125720"
"chr8","65303455","65303479","chr1","49605714","49605731","7","15697741"
"chr8","65415650","65415897","chr10","82823497","82823734","101","17407847"
"chr8","65424552","65424824","chr8","65551055","65551328","3","126503"
"chr8","65471504","65471790","chr8","65598008","65598294","8","126504"
"chr8","65514848","65515005","chr4","51623268","51623419","36","13891580"
"chr8","65546963","65547265","chr8","65674786","65675094","11","127823"
"chr8","65547699","65548017","chr8","65675513","65675825","11","127814"
"chr8","65633011","65633328","chr1","33809672","33809974","71","31823339"
"chr8","65642612","65642917","chr8","65773441","65773735","28","130829"
"chr8","65647219","65647529","chr8","65783573","65783884","14","136354"
"chr8","65649679","65649945","chr8","65786040","65786306","11","136361"
"chr8","65653838","65654139","chr8","65793654","65793954","7","139816"
"chr8","65729970","65730106","chr7","17346720","17346854","27","48383250"
"chr8","65730695","65730903","chr3","42075297","42075503","60","23655398"
"chr8","65746123","65746247","chr8","65894134","65894257","5","148011"
"chr8","65746547","65746725","chr7","8592025","8592196","42","57154522"
"chr8","65760328","65760614","chr8","65911089","65911377","7","150761"
"chr8","65771854","65772163","chr1","47379950","47380261","60","18391904"
"chr8","65782727","65783014","chr8","65935498","65935790","12","152771"
"chr8","65810045","65810353","chrX","16790369","16790672","55","49019676"
"chr8","65824119","65824414","chr7","32595583","32595880","69","33228536"
"chr8","65878941","65879258","chr8","66033273","66033585","10","154332"
"chr8","65895171","65895458","chr8","66050118","66050426","27","154947"
"chr8","65962174","65962250","chr8","66116503","66116579","2","154329"
"chr8","65979600","65979891","chr8","66134205","66134492","10","154605"
"chr8","65981822","65982117","chr8","66136134","66136429","9","154312"
"chr8","66009770","66009912","chr8","66163970","66164109","12","154200"
"chr8","66030544","66030809","chr8","66185020","66185285","4","154476"
"chr8","66054146","66054454","chr8","66207919","66208227","5","153773"
"chr8","66062553","66062716","chr8","66216290","66216447","7","153737"
"chr8","66063330","66063629","chr1","661234","661528","59","65402096"
"chr8","66074354","66074640","chr8","66228168","66228454","8","153814"
"chr8","66120350","66120661","chr8","66273854","66274161","8","153504"
"chr8","66136294","66136590","chr8","66290786","66291082","7","154492"
"chr8","66146149","66146418","chr8","66300619","66300902","22","154470"
"chr8","66168983","66169282","chr8","66323622","66323919","9","154639"
"chr8","66174586","66174857","chr8","66329210","66329480","3","154624"
"chr8","66176000","66176312","chr8","66330613","66330922","17","154613"
"chr8","66177708","66177993","chr8","66332323","66332605","10","154615"
"chr8","66182673","66182953","chr8","66337300","66337577","14","154627"
"chr8","66221516","66221804","chr6","12581791","12582077","53","53639725"
"chr8","66227617","66227914","chr8","66381769","66382068","9","154152"
"chr8","66233919","66234193","chr8","66387751","66388038","17","153832"
"chr8","66251025","66251154","chr8","66404352","66404479","4","153327"
"chr8","66263587","66263872","chr8","66416858","66417142","9","153271"
"chr8","66264940","66265164","chr8","66418164","66418431","48","153224"
"chr8","66286482","66286785","chr8","66439977","66440285","15","153495"
"chr8","66324206","66324482","chr8","66476810","66477086","5","152604"
"chr8","66335346","66335629","chr8","66487933","66488186","34","152587"
"chr8","66394571","66394839","chr8","66547356","66547630","13","152785"
"chr8","66397972","66398261","chr8","66550770","66551057","5","152798"
"chr8","66597746","66597970","chr8","66754342","66754570","6","156596"
"chr8","66612096","66612264","chr8","66768361","66768529","2","156265"
"chr8","66842482","66842754","chr8","67000983","67001270","23","158501"
"chr8","67199699","67199998","chr8","67364221","67364523","15","164522"
"chr8","67213680","67213966","chr15","39422792","39423084","47","27790888"
"chr8","67321732","67322011","chr8","67487394","67487669","19","165662"
"chr8","67375183","67375457","chr19","4719523","4719792","60","62655660"
"chr8","67473354","67473628","chr8","67641251","67641535","41","167897"
"chr8","67598285","67598564","chr8","67772903","67773213","39","174618"
"chr8","67661388","67661514","chr8","67836179","67836305","1","174791"
"chr8","67672814","67673112","chrX","51007870","51008168","52","16664944"
"chr8","67693090","67693398","chr8","67868807","67869115","8","175717"
"chr8","67783204","67783358","chr8","67960512","67960646","24","177308"
"chr8","67861541","67861716","chr8","68031362","68031538","3","169821"
"chr8","67879465","67879771","chr8","68049263","68049569","7","169798"
"chr8","68055305","68055502","chr2","77627770","77627975","52","9572465"
"chr8","68117358","68117662","chr8","68286569","68286877","15","169211"
"chr8","68117978","68118248","chr8","68287188","68287449","13","169210"
"chr8","68164626","68164901","chr3","34789566","34789839","68","33375060"
"chr8","68253884","68254089","chr8","68422256","68422461","4","168372"
"chr8","68295151","68295304","chr8","68468234","68468387","2","173083"
"chr8","68353916","68354207","chr8","68526702","68527005","20","172786"
"chr8","68472855","68472978","chr13","14929543","14929668","23","53543312"
"chr8","68571874","68572179","chr11","117325244","117325549","65","48753370"
"chr8","68587053","68587343","chr1","53331066","53331350","70","15255987"
"chr8","68595391","68595693","chr8","68776109","68776419","14","180718"
"chr8","68616964","68617215","chr7","59475517","59475770","57","9141447"
"chr8","68638150","68638459","chr2","98001578","98001877","71","29363428"
"chr8","68671505","68671632","chr14","63763267","63763391","18","4908238"
"chr8","68703799","68704076","chr8","68884870","68885146","9","181071"
"chr8","68733671","68733956","chr8","68914591","68914876","2","180920"
"chr8","68751511","68751788","chr8","68931949","68932218","18","180438"
"chr8","68789887","68790179","chr19","12959384","12959677","49","55830503"
"chr8","68838904","68839100","chr12","35307532","35307729","40","33531372"
"chr8","68925913","68926183","chr8","69120532","69120802","4","194619"
"chr8","68936856","68937128","chr8","69131425","69131696","5","194569"
"chr8","68962284","68962596","chr8","69157086","69157398","11","194802"
"chr8","68982726","68982987","chr8","69177617","69177878","4","194891"
"chr8","69067665","69067925","chr3","160653041","160653295","62","91585376"
"chr8","69089681","69089961","chrX","6936663","6936948","71","62153018"
"chr8","69090779","69091010","chr8","69288455","69288690","9","197676"
"chr8","69120602","69120902","chr8","69318425","69318724","8","197823"
"chr8","69121765","69122051","chr8","69319587","69319900","29","197822"
"chr8","69137031","69137267","chr12","80229605","80229848","59","11092574"
"chr8","69239110","69239413","chr8","69435800","69436110","11","196690"
"chr8","69247136","69247419","chr8","69443820","69444103","7","196684"
"chr8","69255280","69255426","chr8","69451725","69451883","15","196445"
"chr8","69286522","69286679","chr1","35495827","35495978","41","33790695"
"chr8","69306235","69306525","chr8","69500347","69500659","30","194112"
"chr8","69371942","69372252","chr14","67236859","67237160","60","2135083"
"chr8","69381188","69381335","chr19","48470439","48470583","29","20910749"
"chr8","69381382","69381542","chr19","40350094","40350259","27","29031288"
"chr8","69383699","69384017","chr2","78622942","78623250","63","9239243"
"chr8","69402955","69403264","chr8","69598189","69598495","9","195234"
"chr8","69424350","69424654","chr8","69619724","69620050","30","195374"
"chr8","69436301","69436610","chr8","69632057","69632363","7","195756"
"chr8","69440265","69440569","chr3","44863353","44863658","74","24576912"
"chr8","69440712","69441005","chr1","48482386","48482686","69","20958326"
"chr8","69497534","69497840","chr8","69693376","69693691","13","195842"
"chr8","69522608","69522728","chr12","36653402","36653525","25","32869206"
"chr8","69524890","69525033","chr8","69721066","69721211","10","196176"
"chr8","69528985","69529155","chr8","69725420","69725569","24","196435"
"chr8","69531361","69531647","chr1","26482556","26482849","55","43048805"
"chr8","69544066","69544356","chr8","69740882","69741175","8","196816"
"chr8","69552275","69552531","chr8","69748719","69748975","3","196444"
"chr8","69558579","69558751","chr7","109263846","109264017","36","39705267"
"chr8","69559686","69559828","chr11","72232768","72232900","39","2673082"
"chr8","69561278","69561410","chr8","69757258","69757390","3","195980"
"chr8","69564993","69565292","chr10","67282630","67282925","66","2282363"
"chr8","69574789","69575079","chr8","69771693","69771983","7","196904"
"chr8","69602623","69602947","chr8","69799159","69799483","18","196536"
"chr8","69613906","69614066","chr1","53323208","53323366","33","16290698"
"chr8","69614367","69614521","chr7","78046411","78046545","32","8432044"
"chr8","69649603","69649792","chr8","69847776","69847938","31","198173"
"chr8","69684975","69685278","chr8","69881853","69882155","12","196878"
"chr8","69800771","69801078","chr8","69993888","69994196","4","193117"
"chr8","69903387","69903546","chr8","70097392","70097551","3","194005"
"chr8","70000625","70000910","chr7","124024334","124024619","57","54023709"
"chr8","70049645","70049939","chr8","70248617","70248909","10","198972"
"chr8","70356685","70356983","chr8","70565140","70565431","9","208455"
"chr8","70556986","70557278","chr10","31043235","31043531","48","39513751"
"chr8","70806376","70806516","chr8","71018401","71018547","12","212025"
"chr8","70883520","70883782","chr1","44490422","44490682","57","26393098"
"chr8","70884696","70884996","chr8","71100077","71100384","17","215381"
"chr8","70926954","70927238","chr8","71145203","71145487","7","218249"
"chr8","70952079","70952363","chr8","71168508","71168792","13","216429"
"chr8","70954520","70954871","chr20","32210622","32210953","91","38743898"
"chr8","70956074","70956193","chr10","26846449","26846571","20","44109625"
"chr8","70960852","70961152","chr8","71177265","71177565","11","216413"
"chr8","71002071","71002372","chr8","71218683","71218983","8","216612"
"chr8","71003746","71003862","chr8","71220341","71220457","4","216595"
"chr8","71258755","71258913","chr3","111537508","111537663","31","40278753"
"chr8","71258960","71258994","chr3","170791347","170791385","10","99532387"
"chr8","71366048","71366312","chr3","71184332","71184585","67","181716"
"chr8","71447396","71447736","chr8","71651835","71652169","16","204439"
"chr8","71479117","71479428","chr8","71683333","71683646","9","204216"
"chr8","71679325","71679632","chr8","71892312","71892618","11","212987"
"chr8","72118967","72119263","chr8","72338040","72338341","14","219073"
"chr8","72146046","72146345","chr8","72364815","72365115","4","218769"
"chr8","72166556","72166853","chr8","72385174","72385471","7","218618"
"chr8","72297247","72297395","chr13","116739425","116739576","22","44442178"
"chr8","72300092","72300380","chr8","72522911","72523191","15","222819"
"chr8","72344269","72344563","chr8","72567138","72567432","4","222869"
"chr8","72353355","72353667","chr8","72576245","72576557","10","222890"
"chr8","72460537","72460833","chr8","72682773","72683073","13","222236"
"chr8","72464512","72464795","chr14","111501349","111501640","60","39036837"
"chr8","72512257","72512552","chr8","72735364","72735658","7","223107"
"chr8","72519634","72519920","chr8","72742743","72743022","12","223109"
"chr8","73073794","73073983","chr8","73298810","73299000","3","225016"
"chr8","73139437","73139771","chr10","51377786","51378098","99","21761651"
"chr8","73414365","73414518","chr8","73639845","73639998","4","225480"
"chr8","73816216","73816228","chr6","128359960","128359970","5","54543744"
"chr8","73816270","73816408","chr3","36883709","36883846","31","36932561"
"chr8","73885169","73885437","chr8","74108480","74108748","13","223311"
"chr8","73906873","73907015","chr8","74129753","74129881","14","222880"
"chr8","73927161","73927336","chr8","74149880","74150055","4","222719"
"chr8","74020630","74020756","chr8","74253218","74253344","1","232588"
"chr8","74204991","74205123","chr8","74434327","74434459","3","229336"
"chr8","74287710","74288012","chr8","74516430","74516742","17","228720"
"chr8","74606700","74606987","chr8","74851666","74851980","46","244966"
"chr8","74824131","74824448","chr8","75076287","75076594","24","252156"
"chr8","75002850","75002978","chr4","110576935","110577057","29","35574085"
"chr8","75112712","75112861","chr8","75371382","75371531","3","258670"
"chr8","75136246","75136550","chr8","75394983","75395290","10","258737"
"chr8","75155592","75155899","chr8","75414249","75414556","10","258657"
"chr8","75217455","75217785","chr8","75478600","75478919","17","261145"
"chr8","75282902","75283037","chr8","75548610","75548745","4","265708"
"chr8","75328588","75328898","chr8","75595413","75595727","8","266825"
"chr8","75383112","75383409","chr8","75650840","75651129","13","267728"
"chr8","75399346","75399647","chr8","75667481","75667788","13","268135"
"chr8","75511000","75511127","chr13","14929543","14929668","22","60581457"
"chr8","75568740","75569051","chr8","15775560","15775860","66","59793180"
"chr8","75573109","75573395","chr8","75840956","75841270","41","267847"
"chr8","75592262","75592568","chr8","75859943","75860256","19","267681"
"chr8","75606305","75606447","chr8","75874371","75874509","8","268066"
"chr8","75617354","75617415","chr8","75885762","75885824","6","268408"
"chr8","75621323","75621633","chr8","75889432","75889740","10","268109"
"chr8","75632175","75632468","chr8","75903388","75903681","12","271213"
"chr8","75671969","75672272","chr8","75944851","75945157","5","272882"
"chr8","75673321","75673625","chr8","75946214","75946520","15","272893"
"chr8","75675598","75675919","chrX","11225454","11225764","68","64450144"
"chr8","75702494","75702782","chr8","75975133","75975420","5","272639"
"chr8","75706298","75706420","chr8","75978958","75979089","17","272660"
"chr8","75720659","75720930","chr8","75995590","75995890","37","274931"
"chr8","75740054","75740349","chr8","76014813","76015111","9","274759"
"chr8","75746409","75746550","chr14","104395139","104395279","21","28648730"
"chr8","75774758","75775064","chr8","76050789","76051096","7","276031"
"chr8","75795299","75795431","chr1","12522347","12522479","31","63272952"
"chr8","75826819","75827118","chr8","76102286","76102587","11","275467"
"chr8","75833051","75833393","chr8","76108474","76108816","3","275423"
"chr8","75835012","75835207","chr15","98274593","98274775","51","22439581"
"chr8","75853559","75853883","chr7","108905840","108906151","83","33052281"
"chr8","75854317","75854611","chr19","8813541","8813839","59","67040776"
"chr8","75877256","75877539","chr8","76153295","76153578","10","276039"
"chr8","75881055","75881202","chr13","90851888","90852031","37","14970833"
"chr8","75895413","75895531","chr8","76171769","76171887","2","276356"
"chr8","75907841","75908151","chr8","76183940","76184247","11","276099"
"chr8","75923101","75923383","chr8","76199794","76200079","10","276693"
"chr8","75938855","75939151","chr8","76215356","76215656","21","276501"
"chr8","75940703","75940974","chr8","76217174","76217443","7","276471"
"chr8","75942842","75942988","chr8","76219631","76219777","3","276789"
"chr8","75980719","75980951","chr8","76258173","76258406","4","277454"
"chr8","75982888","75983181","chr19","4605319","4605606","76","71377569"
"chr8","76009707","76009861","chr8","76289724","76289878","0","280017"
"chr8","76027699","76028000","chr8","76307671","76307972","10","279972"
"chr8","76038148","76038421","chr8","76317974","76318246","6","279826"
"chr8","76088215","76088524","chr8","76383715","76384025","14","295500"
"chr8","76150765","76151088","chr8","76448216","76448538","15","297451"
"chr8","76202731","76203054","chr8","76500626","76500951","6","297895"
"chr8","76249721","76250033","chr8","76548247","76548568","19","298526"
"chr8","76265782","76266085","chr8","76564281","76564584","7","298499"
"chr8","76271101","76271415","chr8","76569568","76569883","4","298467"
"chr8","76274166","76274293","chr1","38643592","38643713","21","37630574"
"chr8","76355567","76355912","chr8","76653026","76653351","25","297459"
"chr8","76377585","76377882","chr9","105921942","105922218","79","29544357"
"chr8","76387653","76387945","chr8","76687493","76687782","10","299840"
"chr8","76421151","76421447","chr8","76721683","76721983","14","300532"
"chr8","76486506","76486621","chr8","76786941","76787055","6","300435"
"chr8","76486648","76486948","chr8","76787082","76787392","20","300434"
"chr8","76494895","76495176","chr8","76795047","76795328","2","300152"
"chr8","76647363","76647646","chr8","76963233","76963515","8","315870"
"chr8","76761367","76761656","chr8","77080268","77080557","11","318901"
"chr8","77005164","77005292","chr8","77327274","77327408","15","322110"
"chr8","77060886","77061183","chr8","77389763","77390060","5","328877"
"chr8","77083901","77084214","chr8","77413300","77413613","2","329399"
"chr8","77413005","77413293","chr16","51656040","51656336","66","25756965"
"chr8","77579228","77579533","chr8","77916605","77916908","10","337377"
"chr8","77630484","77630794","chr8","77965176","77965486","6","334692"
"chr8","77895435","77895736","chr8","78231371","78231668","21","335936"
"chr8","78084132","78084438","chr8","78417719","78418018","22","333587"
"chr8","78188423","78188704","chr8","78512614","78512895","7","324191"
"chr8","78195738","78196052","chr8","78519943","78520254","22","324205"
"chr8","78224790","78225101","chr8","78545813","78546127","20","321023"
"chr8","78321488","78321778","chr8","78644414","78644706","10","322926"
"chr8","78361687","78361960","chr8","78685460","78685749","23","323773"
"chr8","78411009","78411264","chr8","78735705","78735960","5","324696"
"chr8","78492545","78492840","chr8","78819391","78819690","21","326846"
"chr8","78522331","78522596","chr17","30424179","30424439","68","48098152"
"chr8","78638891","78639069","chr18","12582891","12583081","54","66056000"
"chr8","79030666","79030967","chr8","79381504","79381803","10","350838"
"chr8","79178550","79178688","chr1","11639372","11639506","44","67539178"
"chr8","79178734","79178866","chr8","74434327","74434459","32","4744407"
"chr8","79212620","79212894","chr8","79585779","79586053","8","373159"
"chr8","79690757","79690880","chr8","80064215","80064338","2","373458"
"chr8","79862435","79862578","chr8","80238828","80238971","2","376393"
"chr8","79993240","79993382","chr8","80365639","80365781","7","372399"
"chr8","80380547","80380856","chr14","56345628","56345929","55","24034919"
"chr8","80529712","80529857","chr4","126153674","126153818","18","45623962"
"chr8","80569404","80569712","chr8","80959479","80959788","15","390075"
"chr8","80598758","80599012","chr8","80988790","80989044","6","390032"
"chr8","80623970","80624276","chr8","81013992","81014298","9","390022"
"chr8","80633502","80633810","chr8","81023509","81023806","21","390007"
"chr8","80689619","80689675","chr4","105912086","105912132","20","25222467"
"chr8","80726452","80726726","chr8","81116674","81116948","11","390222"
"chr8","80738637","80738753","chr8","81129090","81129206","1","390453"
"chr8","80791120","80791419","chr8","81181729","81182028","4","390609"
"chr8","80940723","80941058","chr8","81332537","81332875","8","391814"
"chr8","81136088","81136396","chr8","81544941","81545251","5","408853"
"chr8","81206033","81206344","chr8","81614805","81615114","15","408772"
"chr8","81239281","81239556","chr8","81648033","81648328","24","408752"
"chr8","81248034","81248337","chr8","81656811","81657116","8","408777"
"chr8","81264334","81264570","chr8","81673474","81673707","19","409140"
"chr8","81286483","81286607","chr8","81696302","81696426","1","409819"
"chr8","81289191","81289347","chr8","81698996","81699157","6","409805"
"chr8","81291219","81291343","chr8","81701031","81701155","3","409812"
"chr8","81310852","81311122","chr8","81720533","81720804","12","409681"
"chr8","81313105","81313253","chr3","33995147","33995281","32","47317958"
"chr8","81313561","81313747","chr3","130200727","130200911","38","48887166"
"chr8","81374085","81374206","chr8","81782674","81782789","9","408589"
"chr8","81408089","81408361","chr9","101828398","101828659","69","20420309"
"chr8","81450884","81451187","chr8","81859490","81859793","7","408606"
"chr8","81469930","81470226","chr8","81878467","81878751","20","408537"
"chr8","81498368","81498517","chr4","125757851","125758004","32","44259483"
"chr8","81499015","81499147","chr6","153960326","153960466","42","72461311"
"chr8","81504858","81505104","chr18","39789861","39790108","65","41714997"
"chr8","81512782","81513043","chr8","81922006","81922297","41","409224"
"chr8","81525450","81525761","chr11","46631266","46631567","56","34894184"
"chr8","81551022","81551295","chr8","81960473","81960746","5","409451"
"chr8","81581520","81581834","chr7","43137235","43137541","70","38444285"
"chr8","81622015","81622140","chr8","82032705","82032830","5","410690"
"chr8","81646666","81646938","chr8","82057747","82058037","27","411081"
"chr8","81659965","81660249","chr8","82071360","82071644","0","411395"
"chr8","81689983","81690086","chr8","82103039","82103143","3","413056"
"chr8","81696414","81696706","chr8","82109458","82109756","16","413044"
"chr8","81699133","81699267","chr1","38250718","38250853","20","43448415"
"chr8","81707806","81707977","chr7","15737046","15737229","42","65970760"
"chr8","81710985","81711274","chr8","82124047","82124337","5","413062"
"chr8","81793935","81794220","chr8","82212317","82212597","10","418382"
"chr8","81797142","81797438","chr8","82215511","82215800","12","418369"
"chr8","81842408","81842574","chr8","82263284","82263450","3","420876"
"chr8","81955445","81955548","chr8","82375822","82375925","4","420377"
"chr8","81969119","81969418","chr8","82389487","82389782","12","420368"
"chr8","82021236","82021404","chr14","54630298","54630456","29","27390938"
"chr8","82571527","82571809","chr8","83007679","83007966","11","436152"
"chr8","82598931","82599064","chr8","83034924","83035057","2","435993"
"chr8","82731463","82731562","chr8","83176562","83176659","4","445099"
"chr8","82860046","82860157","chr4","111248488","111248584","34","28388442"
"chr8","82860196","82860315","chr8","83305140","83305250","13","444944"
"chr8","82871170","82871305","chr2","20060943","20061083","40","62810227"
"chr8","82956644","82956936","chr2","33465832","33466147","80","49490812"
"chr8","83066637","83066793","chr8","83519702","83519860","4","453065"
"chr8","83359725","83359986","chr8","83815901","83816164","4","456176"
"chr8","83402029","83402322","chr8","83858939","83859233","8","456910"
"chr8","83448123","83448231","chr8","83911067","83911172","5","462944"
"chr8","83452282","83452488","chr8","83915264","83915472","6","462982"
"chr8","83501358","83501372","chr14","63373169","63373183","3","20128189"
"chr8","83501453","83501568","chrX","14265376","14265491","19","69236077"
"chr8","83518585","83518827","chr8","83980594","83980843","20","462009"
"chr8","84025747","84025867","chr8","84456800","84456920","2","431053"
"chr8","84290656","84290851","chr1","11332133","11332320","51","72958523"
"chr8","84848033","84848304","chr8","85282521","85282811","23","434488"
"chr8","84864859","84865162","chr8","85297021","85297332","17","432162"
"chr8","84871080","84871252","chr8","85303271","85303435","10","432191"
"chr8","84906132","84906291","chr8","85338267","85338428","8","432135"
"chr8","84957914","84958207","chr15","103327306","103327612","64","18369392"
"chr8","84968986","84969107","chr8","85401218","85401339","1","432232"
"chr8","84971851","84971964","chr15","41280770","41280882","20","43691081"
"chr8","84972273","84972440","chr2","173456867","173457040","45","88484594"
"chr8","85002363","85002524","chr8","85434225","85434386","2","431862"
"chr8","85063410","85063705","chr8","85494946","85495240","13","431536"
"chr8","85254000","85254299","chr8","85692163","85692432","39","438163"
"chr8","85273642","85273770","chr8","85710388","85710510","12","436746"
"chr8","85276918","85277219","chr8","85713692","85714001","13","436774"
"chr8","85296047","85296335","chrX","51007870","51008168","76","34288177"
"chr8","85316666","85316977","chr8","85756220","85756531","3","439554"
"chr8","85532977","85533289","chr8","85976682","85976989","13","443705"
"chr8","85653487","85653586","chr1","12369570","12369667","20","73283917"
"chr8","85653939","85654169","chr2","97365422","97365640","67","11711483"
"chr8","85816855","85817059","chr8","86271085","86271290","1","454230"
"chr8","86101813","86102098","chr8","86557009","86557299","13","455196"
"chr8","86137711","86137870","chr8","86591866","86592025","3","454155"
"chr8","86152091","86152325","chr8","86607472","86607705","5","455381"
"chr8","86179223","86179494","chr8","86636510","86636742","56","457287"
"chr8","86306608","86306916","chr8","86763086","86763402","30","456478"
"chr8","86608829","86609110","chr8","87079360","87079641","9","470531"
"chr8","86715839","86716118","chr1","85860621","85860902","78","855218"
"chr8","86776001","86776310","chr8","87258299","87258595","27","482298"
"chr8","86782923","86783048","chr8","87265203","87265346","23","482280"
"chr8","86803311","86803426","chr8","87285874","87285989","3","482563"
"chr8","87023715","87024014","chr8","87507513","87507856","48","483798"
"chr8","87068510","87068611","chr8","87552393","87552487","10","483883"
"chr8","87076305","87076432","chr8","87560534","87560660","3","484229"
"chr8","87197037","87197155","chr8","87677232","87677350","7","480195"
"chr8","87270250","87270374","chr8","87751622","87751746","4","481372"
"chr8","87283322","87283486","chr18","27206742","27206923","37","60076580"
"chr8","88121621","88121891","chr8","88601224","88601495","9","479603"
"chr8","88137952","88138072","chr6","122733615","122733735","19","34595663"
"chr8","88138117","88138279","chr6","97539963","97540135","41","9401846"
"chr8","88185019","88185321","chr8","88665596","88665901","13","480577"
"chr8","88187003","88187308","chr1","109685161","109685468","66","21498158"
"chr8","88262547","88262862","chr8","88744206","88744521","7","481659"
"chr8","88263811","88264147","chr8","88746046","88746390","14","482235"
"chr8","88291932","88292090","chr14","57286041","57286198","38","31005891"
"chr8","88328737","88328779","chr8","69798753","69798799","10","18529984"
"chr8","88328825","88328968","chr9","12932853","12932993","43","75395972"
"chr8","88404991","88405099","chr18","50700448","50700553","19","37704543"
"chr8","88577849","88577964","chr8","89062743","89062863","5","484894"
"chr8","88616142","88616272","chr8","89101417","89101547","2","485275"
"chr8","88632869","88633143","chr8","89118146","89118418","12","485277"
"chr8","88661202","88661387","chr8","89147027","89147207","7","485825"
"chr8","88687964","88688121","chr2","136514822","136514973","49","47826858"
"chr8","88719517","88719837","chr8","89205772","89206092","8","486255"
"chr8","88786521","88786670","chr8","89273507","89273656","2","486986"
"chr8","88835515","88835819","chr8","89315409","89315713","7","479894"
"chr8","88884625","88884795","chr8","89364604","89364776","10","479979"
"chr8","88893389","88893667","chr8","89373232","89373518","13","479843"
"chr8","89063915","89064205","chr8","89545296","89545605","25","481381"
"chr8","89108472","89108756","chr8","89589097","89589382","16","480625"
"chr8","89122869","89123117","chr8","89603076","89603325","4","480207"
"chr8","89231827","89232110","chr8","89712924","89713204","5","481097"
"chr8","89244060","89244348","chr8","89725253","89725541","4","481193"
"chr8","89260756","89260903","chr8","89741475","89741620","5","480719"
"chr8","89300203","89300522","chr13","26550860","26551174","75","62749343"
"chr8","89350449","89350742","chr8","89821324","89821615","8","470875"
"chr8","89473069","89473363","chr9","92812712","92813003","52","3339643"
"chr8","89473801","89474096","chr8","89945601","89945898","13","471800"
"chr8","89504836","89504965","chr7","130819181","130819310","16","41314345"
"chr8","89508041","89508341","chr8","89980787","89981087","8","472746"
"chr8","89508392","89508627","chr8","89981138","89981373","9","472746"
"chr8","89513533","89513817","chr8","89986640","89986924","2","473107"
"chr8","89534622","89534943","chr9","94286299","94286602","77","4751677"
"chr8","89547250","89547416","chr3","72529917","72530074","34","17017333"
"chr8","89547738","89547873","chr6","1550811","1550938","31","87996927"
"chr8","89553922","89554236","chr8","90028542","90028852","8","474620"
"chr8","89558150","89558442","chr3","41908287","41908582","52","47649863"
"chr8","89559996","89560122","chr9","51968264","51968394","20","37591732"
"chr8","89577906","89578029","chr8","90046304","90046427","3","468398"
"chr8","89589093","89589219","chr20","32859522","32859641","29","56729571"
"chr8","89597541","89597832","chr8","90065958","90066249","5","468417"
"chr8","89599992","89600210","chr8","90068404","90068621","5","468412"
"chr8","89620649","89620815","chr8","90088000","90088151","17","467351"
"chr8","89651545","89651845","chr8","90121617","90121918","8","470072"
"chr8","89655513","89655797","chr8","90126168","90126451","15","470655"
"chr8","89711523","89711802","chr8","90185856","90186135","6","474333"
"chr8","89721951","89722249","chr8","90196438","90196735","6","474487"
"chr8","89742954","89743254","chr8","90218592","90218889","9","475638"
"chr8","89748567","89748850","chr8","90224153","90224463","36","475586"
"chr8","89774100","89774395","chr8","90250182","90250485","17","476082"
"chr8","89785386","89785660","chr8","90261794","90262068","5","476408"
"chr8","89786872","89787039","chr11","52925931","52926094","29","36860941"
"chr8","89821508","89821792","chr8","90301823","90302147","44","480315"
"chr8","89931850","89932138","chr8","90409097","90409407","27","477247"
"chr8","89935649","89935809","chr7","74191874","74192030","35","15743775"
"chr8","89936589","89936769","chr8","90413847","90414027","4","477258"
"chr8","89954644","89954921","chr8","90432188","90432465","2","477544"
"chr8","89960375","89960471","chr2","88148699","88148794","21","1811676"
"chr8","89969513","89969807","chr8","90447147","90447437","10","477634"
"chr8","89973567","89973853","chr8","90451272","90451558","3","477705"
"chr8","89984059","89984348","chr8","90461805","90462085","19","477746"
"chr8","90005101","90005354","chr8","90482459","90482712","8","477358"
"chr8","90006983","90007286","chr8","90484630","90484932","10","477647"
"chr8","90037560","90037747","chr7","87895596","87895781","54","2141964"
"chr8","90037804","90037934","chr16","54383570","54383693","35","35654234"
"chr8","90049280","90049582","chr8","90528607","90528910","8","479327"
"chr8","90052430","90052559","chr4","102434054","102434182","22","12381624"
"chr8","90141098","90141368","chr8","90619715","90620014","32","478617"
"chr8","90233906","90234199","chr8","90712124","90712418","2","478218"
"chr8","90343370","90343655","chr8","90825104","90825395","11","481734"
"chr8","90611285","90611598","chr8","91094611","91094930","22","483326"
"chr8","90639453","90639753","chr8","91122762","91123033","33","483309"
"chr8","90706904","90707199","chr16","43636356","43636657","67","47070548"
"chr8","90715323","90715633","chr10","80769611","80769923","59","9945712"
"chr8","90918462","90918762","chr8","91399342","91399637","19","480880"
"chr8","91078251","91078551","chr8","91559991","91560291","11","481740"
"chr8","91218610","91218894","chr8","91701021","91701304","13","482411"
"chr8","91315332","91315616","chr8","91799011","91799282","25","483679"
"chr8","91464364","91464554","chr8","91948122","91948314","11","483758"
"chr8","91559308","91559599","chr8","92044288","92044595","22","484980"
"chr8","91576784","91577066","chr8","92061680","92061959","6","484896"
"chr8","91588892","91589199","chr8","92073816","92074123","10","484924"
"chr8","91957329","91957458","chr8","92325221","92325349","1","367892"
"chr8","92031058","92031343","chr8","92403580","92403865","2","372522"
"chr8","92377537","92377883","chr8","92760975","92761309","14","383438"
"chr8","92415170","92415456","chr2","85284039","85284329","60","7131131"
"chr8","92458536","92458671","chr8","92843810","92843938","11","385274"
"chr8","92476358","92476537","chr15","104169342","104169513","50","11692984"
"chr8","92500063","92500216","chr8","92884124","92884273","7","384061"
"chr8","92517183","92517452","chr8","92899941","92900207","9","382758"
"chr8","92536929","92537080","chr8","92921995","92922150","12","385066"
"chr8","92540556","92540865","chr8","92925705","92926006","20","385149"
"chr8","92543847","92544138","chr4","84493842","84494115","88","8050005"
"chr8","92544165","92544188","chr1","152721362","152721385","6","60177197"
"chr8","92548477","92548784","chr8","92935305","92935609","15","386828"
"chr8","92551998","92552313","chr8","92938710","92939025","10","386712"
"chr8","92557818","92558112","chr4","151886897","151887193","51","59329079"
"chr8","92567934","92568089","chr8","92952494","92952650","25","384560"
"chr8","92575078","92575202","chr8","63997023","63997145","15","28578055"
"chr8","92580923","92581192","chr1","39727140","39727419","66","52853783"
"chr8","92599009","92599314","chr2","85492686","85492988","65","7106323"
"chr8","92631443","92631751","chr8","93016967","93017289","20","385524"
"chr8","92635406","92635529","chr6","74838748","74838871","11","17796658"
"chr8","92636450","92636723","chr8","93022763","93023034","10","386313"
"chr8","92644807","92645114","chr8","93031124","93031422","22","386317"
"chr8","92647014","92647302","chr7","144610690","144610984","55","51963676"
"chr8","92679339","92679478","chr19","34740102","34740237","25","57939237"
"chr8","92679743","92679914","chr3","151892420","151892587","37","59212677"
"chr8","92715023","92715132","chr17","71341243","71341358","26","21373780"
"chr8","92721996","92722286","chrX","28265031","28265323","58","64456965"
"chr8","92736844","92737066","chr8","93133010","93133232","13","396166"
"chr8","92741376","92741678","chr8","93137334","93137637","1","395958"
"chr8","92761805","92762066","chr8","93158402","93158684","28","396597"
"chr8","92765032","92765334","chr8","93161456","93161750","12","396424"
"chr8","92793061","92793375","chr8","93190005","93190320","16","396944"
"chr8","92794663","92794797","chr1","127071582","127071716","20","34276919"
"chr8","92795179","92795363","chr6","21095859","21096033","46","71699320"
"chr8","92795658","92795787","chr9","93866237","93866365","21","1070579"
"chr8","92810423","92810559","chr7","42742260","42742396","22","50068163"
"chr8","92810857","92811010","chr7","50840771","50840927","35","41970086"
"chr8","92820376","92820497","chr8","93218821","93218942","0","398445"
"chr8","92831942","92832260","chr8","93232221","93232538","9","400279"
"chr8","92852555","92852851","chr8","93252917","93253212","7","400362"
"chr8","92856658","92856791","chr8","93256889","93257022","2","400231"
"chr8","92881561","92881818","chr8","93286265","93286535","21","404704"
"chr8","92881832","92882127","chr10","10810930","10811227","53","82070902"
"chr8","92882646","92882791","chrX","45289466","45289610","23","47593180"
"chr8","92883103","92883269","chr1","1721609","1721770","33","91161494"
"chr8","92890885","92891170","chr8","93295155","93295429","17","404270"
"chr8","92908473","92908676","chr19","7250569","7250762","53","85657904"
"chr8","92908972","92909097","chr12","91817250","91817377","24","1091722"
"chr8","92941869","92942177","chr8","93347393","93347701","6","405524"
"chr8","92979602","92979744","chr5","32677518","32677651","35","60302084"
"chr8","93011273","93011406","chr8","93417991","93418108","18","406718"
"chr8","93047928","93048229","chr8","93453968","93454270","15","406040"
"chr8","93050722","93051012","chr8","93456382","93456673","4","405660"
"chr8","93083768","93083862","chr1","56212017","56212103","21","36871751"
"chr8","93125693","93126001","chr8","93531782","93532090","4","406089"
"chr8","93158383","93158651","chr15","8617778","8618048","67","84540605"
"chr8","93213550","93213814","chr8","93618586","93618850","8","405036"
"chr8","93249578","93249704","chr8","93656425","93656540","14","406847"
"chr8","93271349","93271473","chr1","163990603","163990729","23","70719254"
"chr8","93271511","93271673","chr1","55803875","55804033","27","37467636"
"chr8","93420376","93420493","chr1","162631254","162631366","15","69210878"
"chr8","93420524","93420648","chr12","65527140","65527254","30","27893384"
"chr8","93448067","93448361","chr8","93862283","93862585","10","414216"
"chr8","93457020","93457186","chr8","93871276","93871449","9","414256"
"chr8","93482113","93482416","chr8","93896547","93896854","10","414434"
"chr8","93482890","93483063","chr8","93897325","93897498","3","414435"
"chr8","93484050","93484287","chr8","93898474","93898711","4","414424"
"chr8","93488626","93488888","chr8","36373732","36373993","58","57114894"
"chr8","93531685","93531966","chr8","93946323","93946625","24","414638"
"chr8","93571180","93571336","chr3","40354667","40354815","53","53216513"
"chr8","93593080","93593358","chr8","94008710","94008989","8","415630"
"chr8","93598781","93599050","chr8","94014533","94014802","5","415752"
"chr8","93648359","93648619","chr8","94064659","94064919","8","416300"
"chr8","93688404","93688687","chr1","1878974","1879265","61","91809430"
"chr8","93702940","93703195","chr8","94121373","94121633","11","418433"
"chr8","93717008","93717309","chr8","94135398","94135693","17","418390"
"chr8","93805471","93805779","chr3","33146437","33146743","54","60659034"
"chr8","93816370","93816629","chr19","6310183","6310452","55","87506187"
"chr8","93876227","93876471","chr8","94298287","94298536","14","422060"
"chr8","93942986","93943292","chr8","94357862","94358166","10","414876"
"chr8","94021960","94022249","chr8","94435319","94435609","8","413359"
"chr8","94103671","94103813","chr8","94519881","94520023","3","416210"
"chr8","94122929","94123230","chr8","94538508","94538815","12","415579"
"chr8","94173715","94174025","chr8","94589175","94589480","12","415460"
"chr8","94253044","94253322","chr8","94674344","94674622","4","421300"
"chr8","94317464","94317734","chr8","94741551","94741821","6","424087"
"chr8","94376982","94377278","chr8","94805383","94805679","7","428401"
"chr8","94382269","94382434","chr8","94810660","94810834","15","428391"
"chr8","94444641","94444932","chr3","10690777","10691068","6","83753864"
"chr8","94495196","94495235","chr1","25850016","25850057","8","68645180"
"chr8","94496714","94497009","chr8","94912742","94913037","5","416028"
"chr8","94530742","94531057","chr8","94946996","94947267","59","416254"
"chr8","94581285","94581501","chr12","62849360","62849565","56","31731925"
"chr8","94620731","94621037","chr2","89850405","89850710","67","4770326"
"chr8","94621570","94621870","chr4","143681798","143682095","55","49060228"
"chr8","94635710","94635945","chr14","7868412","7868644","58","86767298"
"chr8","94656478","94656647","chr8","95072147","95072316","4","415669"
"chr8","94673276","94673546","chr8","95088354","95088628","8","415078"
"chr8","94715373","94715666","chr8","95136810","95137103","3","421437"
"chr8","94721003","94721282","chr13","24523841","24524122","49","70197162"
"chr8","94736416","94736702","chr8","95158417","95158703","8","422001"
"chr8","94742709","94743031","chr18","40914681","40915000","78","53828028"
"chr8","94754759","94755058","chr8","95177465","95177764","8","422706"
"chr8","94758519","94758634","chr8","95181225","95181340","3","422706"
"chr8","94763250","94763561","chr8","95185987","95186299","8","422737"
"chr8","94788358","94788661","chr8","95211015","95211329","15","422657"
"chr8","94839125","94839274","chr8","95267069","95267215","6","427944"
"chr8","94839319","94839623","chr8","95267260","95267565","6","427941"
"chr8","94863854","94864167","chr8","95292427","95292740","5","428573"
"chr8","94879363","94879527","chr8","95310110","95310271","7","430747"
"chr8","94977153","94977458","chr13","69089354","69089660","50","25887799"
"chr8","94988286","94988412","chr8","95423247","95423373","1","434961"
"chr8","94988853","94988975","chr9","8764590","8764711","17","86224263"
"chr8","95007395","95007516","chr8","95441489","95441610","2","434094"
"chr8","95046889","95047064","chrX","141388372","141388547","41","46341483"
"chr8","95047369","95047515","chr4","140910266","140910416","39","45862897"
"chr8","95047808","95048094","chr8","95483620","95483905","5","435812"
"chr8","95048676","95048812","chr6","148217095","148217234","23","53168419"
"chr8","95053564","95053854","chr2","135441973","135442253","62","40388409"
"chr8","95079558","95079844","chr8","95509306","95509588","9","429748"
"chr8","95151852","95152162","chr8","95581164","95581474","7","429312"
"chr8","95256743","95257028","chr8","95679071","95679359","14","422328"
"chr8","95262429","95262555","chr8","95684795","95684922","3","422366"
"chr8","95301951","95302057","chr13","77259709","77259815","16","18042242"
"chr8","95302623","95302761","chr7","92159809","92159952","42","3142814"
"chr8","95318811","95319106","chr8","95741255","95741550","6","422444"
"chr8","95326781","95327081","chr8","95748396","95748695","10","421615"
"chr8","95344431","95344736","chr8","95771713","95772016","6","427282"
"chr8","95358633","95358801","chr8","95785730","95785900","4","427097"
"chr8","95389059","95389189","chr8","95815946","95816075","2","426887"
"chr8","95394525","95394774","chr1","124638911","124639130","70","29244386"
"chr8","95397389","95397503","chr15","104459093","104459202","22","9061704"
"chr8","95423741","95423863","chr8","95850935","95851059","9","427194"
"chr8","95427200","95427323","chr8","95854404","95854521","10","427204"
"chr8","95466508","95466671","chr3","46168830","46168990","31","49297678"
"chr8","95466700","95466819","chr11","46077906","46078022","21","49388794"
"chr8","95486934","95487234","chr8","95910547","95910847","4","423613"
"chr8","95491066","95491213","chr3","9015621","9015767","30","86475445"
"chr8","95532195","95532479","chr8","95955942","95956227","6","423747"
"chr8","95556081","95556371","chr8","95981249","95981537","7","425168"
"chr8","95563927","95564189","chr8","95988755","95989028","20","424828"
"chr8","95584630","95584938","chr1","185349886","185350191","57","89765256"
"chr8","95592391","95592522","chr7","15763253","15763384","27","79829138"
"chr8","95592809","95592991","chr9","56447185","56447369","45","39145624"
"chr8","95604065","95604348","chr8","96028593","96028875","8","424528"
"chr8","95607652","95607907","chr9","56664191","56664433","69","38943461"
"chr8","95633859","95634164","chr11","22318283","22318570","80","73315576"
"chr8","95648380","95648664","JH680878","4120","4410","10","95644260"
"chr8","95653739","95653860","chr20","10415874","10415996","19","85237865"
"chr8","95660781","95660980","chr19","38668485","38668682","40","56992296"
"chr8","95711804","95712082","chr10","10695749","10696028","71","85016055"
"chr8","95720328","95720635","chr8","96137326","96137620","16","416998"
"chr8","95721328","95721641","chr8","96138320","96138632","9","416992"
"chr8","95742643","95742766","chr8","96159608","96159731","1","416965"
"chr8","95768238","95768392","chr10","70131484","70131612","59","25636754"
"chr8","95772521","95772638","chr16","19947470","19947585","13","75825051"
"chr8","95772699","95772875","chr4","30272732","30272905","50","65499967"
"chr8","95826391","95826671","chr8","96243948","96244227","3","417557"
"chr8","95830296","95830597","chr8","96247836","96248147","17","417540"
"chr8","95847283","95847593","chr8","96265082","96265392","2","417799"
"chr8","95856763","95857048","chr8","96274260","96274558","22","417497"
"chr8","95924759","95924867","chr13","90049576","90049692","21","5875183"
"chr8","95950803","95951112","chr8","96366099","96366408","4","415296"
"chr8","95984300","95984592","chr8","96393704","96393990","13","409404"
"chr8","96004926","96005162","chr8","96414117","96414352","10","409191"
"chr8","96014700","96014864","chr8","96423624","96423788","2","408924"
"chr8","96100546","96100827","chr11","114849211","114849491","60","18748665"
"chr8","96184761","96185072","chr8","96596227","96596538","8","411466"
"chr8","96224232","96224384","chr8","96635447","96635598","33","411215"
"chr8","96226424","96226580","chr8","96638621","96638776","3","412197"
"chr8","96306468","96306780","chr9","110743345","110743650","74","14436877"
"chr8","96335588","96335756","chr8","96746777","96746944","2","411189"
"chr8","96339002","96339134","chr8","96750210","96750346","14","411208"
"chr8","96339144","96339435","chr8","96750356","96750646","7","411212"
"chr8","96369564","96369717","chr8","96780687","96780855","18","411123"
"chr8","96475017","96475305","chr2","100150833","100151135","62","3675816"
"chr8","96568419","96568673","chr8","96972959","96973228","24","404540"
"chr8","96589509","96589703","chr8","96994045","96994241","5","404536"
"chr8","96594029","96594328","chr8","96998537","96998838","24","404508"
"chr8","96653561","96653631","chr8","97058911","97058981","1","405350"
"chr8","96731408","96731647","chr8","97143505","97143754","15","412097"
"chr8","97043170","97043450","chr8","51943064","51943345","53","45100106"
"chr8","97065537","97065666","chr5","74519379","74519510","22","22546158"
"chr8","97114410","97114718","chr8","97524138","97524440","13","409728"
"chr8","97137695","97137952","chr8","97547323","97547608","54","409628"
"chr8","97156135","97156367","chr12","102921903","102922135","59","5765768"
"chr8","97171164","97171470","chrX","41542566","41542865","55","55628598"
"chr8","97192955","97193260","chr8","97603027","97603332","8","410072"
"chr8","97195597","97195932","chr8","97605971","97606306","10","410374"
"chr8","97197591","97197729","chr8","97607948","97608086","2","410357"
"chr8","97247589","97247930","chr2","50418072","50418411","84","46829517"
"chr8","97268411","97268531","chr8","97676004","97676118","8","407593"
"chr8","97292603","97292908","chr12","89892772","89893075","56","7399831"
"chr8","97293809","97293923","chr1","113417615","113417737","22","16123806"
"chr8","97318355","97318689","chr8","97727782","97728117","10","409427"
"chr8","97323969","97324249","chr8","97733415","97733689","10","409446"
"chr8","97329302","97329564","chr8","97738302","97738556","12","409000"
"chr8","97333027","97333151","chr8","97741834","97741958","0","408807"
"chr8","97351144","97351437","chr8","97762266","97762558","5","411122"
"chr8","97356874","97357010","chr3","161233673","161233808","18","63876799"
"chr8","97405466","97405590","chr1","113417615","113417737","22","16012149"
"chr8","97405892","97406076","chr8","138219159","138219340","44","40813267"
"chr8","97428316","97428515","chr8","97847625","97847818","12","419309"
"chr8","97439434","97439730","chr8","97858943","97859237","10","419509"
"chr8","97448386","97448669","chr8","97867939","97868213","12","419553"
"chr8","97469874","97470175","chr8","97890466","97890766","11","420592"
"chr8","97508979","97509207","chr8","97931173","97931400","5","422194"
"chr8","97513229","97513535","chr8","97935668","97935974","5","422439"
"chr8","97521546","97521699","chr8","97944275","97944427","2","422729"
"chr8","97524232","97524538","chr17","7125249","7125559","59","90398983"
"chr8","97564783","97565005","chr8","97986631","97986854","3","421848"
"chr8","97581593","97581874","chr8","98003465","98003759","19","421872"
"chr8","97592430","97592729","chr8","98014219","98014526","15","421789"
"chr8","97599772","97600032","chr8","98021554","98021822","15","421782"
"chr8","97629720","97629898","chr8","98047098","98047277","4","417378"
"chr8","97636712","97637008","chr8","98054333","98054628","4","417621"
"chr8","97641160","97641285","chr8","98058865","98058982","11","417705"
"chr8","97678809","97679111","chr8","98097195","98097496","4","418386"
"chr8","97691908","97692218","chr8","98111313","98111623","2","419405"
"chr8","97721844","97722144","chr1","33809672","33809974","63","63912172"
"chr8","97736805","97737108","chr8","98160230","98160533","3","423425"
"chr8","97738211","97738495","chr8","98161635","98161917","11","423424"
"chr8","97752706","97752837","chr8","98176486","98176617","2","423780"
"chr8","97810112","97810408","chr8","98235190","98235485","12","425078"
"chr8","97810704","97810880","chr8","98235781","98235946","13","425077"
"chr8","97834187","97834351","chr8","98260927","98261097","12","426740"
"chr8","97853971","97854354","chr8","98278634","98279010","28","424663"
"chr8","97869358","97869657","chr8","98293681","98293980","4","424323"
"chr8","97904782","97904922","chr17","14824129","14824268","35","83080653"
"chr8","97932265","97932532","chr8","98356484","98356760","19","424219"
"chr8","97938633","97938922","chr8","98362943","98363241","22","424310"
"chr8","97962500","97962755","chr8","98387066","98387332","19","424566"
"chr8","98068983","98069275","chr8","98493339","98493631","6","424356"
"chr8","98166529","98166768","chr9","41572767","41573002","58","56593762"
"chr8","98202114","98202259","chr14","34022103","34022248","29","64180011"
"chr8","98236607","98236796","chr8","98507205","98507378","23","270598"
"chr8","98293557","98293836","chr7","87716608","87716899","71","10576949"
"chr8","98328006","98328313","chr8","98599694","98600002","4","271688"
"chr8","98350157","98350306","chr8","98621849","98621999","2","271692"
"chr8","98358444","98358733","chr19","3087935","3088217","65","95270509"
"chr8","98389945","98390119","chr12","65839757","65839917","51","32550188"
"chr8","98522690","98522843","chr8","98788905","98789058","1","266215"
"chr8","98538969","98539102","chr8","98805237","98805370","3","266268"
"chr8","98547829","98548153","chr8","98814113","98814430","19","266284"
"chr8","98669504","98669672","chr8","98915556","98915724","2","246052"
"chr8","98731433","98731734","chr8","98982208","98982506","11","250775"
"chr8","98894921","98895213","chr8","97762266","97762558","67","1132655"
"chr8","98895361","98895676","chr8","99147278","99147580","18","251917"
"chr8","98903238","98903529","chr8","99155088","99155379","2","251850"
"chr8","98943705","98943977","chr8","99195174","99195456","17","251469"
"chr8","98971781","98972073","chr8","99226402","99226698","11","254621"
"chr8","99153774","99153867","chrX","44309723","44309811","18","54844051"
"chr8","99154546","99154753","chr13","44615884","44616091","44","54538662"
"chr8","99161696","99162006","chr8","99419739","99420054","8","258043"
"chr8","99272567","99272701","chr12","36556795","36556927","21","62715772"
"chr8","99348667","99348856","chr17","8516683","8516860","50","90831984"
"chr8","99593823","99594004","chr4","27921700","27921886","59","71672123"
"chr8","99658720","99659013","chr8","99913448","99913742","6","254728"
"chr8","100245261","100245570","chr8","100491309","100491617","7","246048"
"chr8","100298828","100298977","chr8","100545354","100545503","2","246526"
"chr8","100310533","100310832","chr8","100557074","100557395","30","246541"
"chr8","100349958","100350263","chr4","154188098","154188400","67","53838140"
"chr8","100367978","100368157","chr3","124204745","124204919","43","23836767"
"chr8","100368183","100368303","chr18","40231717","40231838","19","60136466"
"chr8","100526909","100527211","chr8","100772596","100772904","27","245687"
"chr8","100535055","100535353","chr8","100780721","100781019","4","245666"
"chr8","100607332","100607472","chr19","28554231","28554368","24","72053101"
"chr8","100607782","100607823","chrX","142113732","142113770","12","41505950"
"chr8","100712487","100712730","chr8","100976813","100977094","50","264326"
"chr8","100748042","100748333","chr8","101007573","101007884","31","259531"
"chr8","100875698","100875984","chr8","101135250","101135537","8","259552"
"chr8","100974040","100974334","chr8","101234435","101234744","25","260395"
"chr8","101208404","101208645","chr4","71242436","71242663","64","29965968"
"chr8","101232232","101232562","chr3","67940321","67940630","84","33291911"
"chr8","101283610","101283776","chr8","101534893","101535047","15","251283"
"chr8","101312210","101312363","chr8","101564381","101564534","5","252171"
"chr8","101332930","101333235","chr8","101585484","101585787","9","252554"
"chr8","101504180","101504477","chr8","101755351","101755640","14","251171"
"chr8","101552354","101552659","chr8","101807718","101808024","7","255364"
"chr8","101685238","101685531","chr8","101942115","101942403","13","256877"
"chr8","101954846","101955116","chr8","102210238","102210503","19","255392"
"chr8","102048086","102048397","chr8","102305270","102305581","5","257184"
"chr8","102109685","102109929","chr1","53705445","53705685","65","48404240"
"chr8","102208535","102208825","chr8","102466792","102467081","4","258257"
"chr8","102296779","102296854","chr13","66898060","66898130","15","35398719"
"chr8","102376215","102376250","chr8","102643860","102643895","1","267645"
"chr8","102506291","102506432","chr1","213175668","213175804","32","110669377"
"chr8","102591445","102591607","chr8","102858052","102858209","11","266607"
"chr8","102643626","102643782","chr8","102909261","102909417","1","265635"
"chr8","102753112","102753403","chr8","103019694","103019980","15","266582"
"chr8","102848514","102848676","chr8","103109538","103109700","3","261024"
"chr8","102862681","102862993","chr16","19363002","19363312","75","83499679"
"chr8","102932925","102933180","chr8","103199075","103199327","10","266150"
"chr8","103010073","103010084","chr6","128359960","128359970","4","25349887"
"chr8","103010124","103010396","chr8","103276211","103276484","50","266087"
"chr8","103029989","103030081","chrX","107073769","107073855","20","4043780"
"chr8","103030757","103030849","chr11","121695392","121695486","20","18664635"
"chr8","103062532","103062814","chr8","103328031","103328313","6","265499"
"chr8","103125576","103125897","chr8","103390542","103390863","11","264966"
"chr8","103134013","103134310","chr8","103398956","103399215","75","264943"
"chr8","103139774","103140064","chr20","38637596","38637890","65","64502178"
"chr8","103225166","103225378","chr14","107889037","107889245","55","4663871"
"chr8","103259248","103259520","chr8","103527437","103527712","18","268189"
"chr8","103278995","103279276","chr9","35073765","35074063","66","68205230"
"chr8","103560234","103560533","chr8","103832236","103832535","13","272002"
"chr8","103651729","103652019","chr8","103927307","103927595","13","275578"
"chr8","103779546","103779852","chr9","29144452","29144750","59","74635094"
"chr8","103810996","103811288","chr8","104086577","104086866","6","275581"
"chr8","103856597","103856904","chr8","104132478","104132785","9","275881"
"chr8","104003115","104003413","chr8","104287981","104288279","6","284866"
"chr8","104060748","104061040","chr8","104346292","104346584","7","285544"
"chr8","104088349","104088647","chr8","104374152","104374443","20","285803"
"chr8","104101312","104101619","chr16","50917956","50918248","64","53183356"
"chr8","104119330","104119622","chr8","104408718","104409031","26","289388"
"chr8","104207748","104208039","chr8","104500945","104501236","4","293197"
"chr8","104328716","104328823","chr7","14707054","14707162","21","89621662"
"chr8","104329110","104329297","chr20","306183","306352","50","104022927"
"chr8","104391619","104391633","chr6","128359960","128359970","6","23968341"
"chr8","104391944","104392109","chr3","20955072","20955237","37","83436872"
"chr8","104727274","104727406","chr9","116382965","116383090","23","11655691"
"chr8","104728603","104728880","chr8","105015707","105015996","24","287104"
"chr8","104785385","104785693","chr2","62717826","62718130","63","42067559"
"chr8","104841157","104841466","chr8","105127126","105127434","10","285969"
"chr8","105005882","105006160","chr8","23247061","23247334","65","81758821"
"chr8","105051745","105052026","chr8","105336643","105336926","9","284898"
"chr8","105396061","105396363","chr8","105664925","105665229","10","268864"
"chr8","105407185","105407409","chr7","145085966","145086197","52","39678781"
"chr8","105464991","105465096","chr8","105733160","105733265","3","268169"
"chr8","105571035","105571219","chr8","105846173","105846363","12","275138"
"chr8","105656429","105656729","chr8","105946545","105946846","10","290116"
"chr8","105776046","105776309","chr1","10601876","10602132","66","95174170"
"chr8","105882003","105882317","chr8","106157798","106158110","8","275795"
"chr8","106179207","106179537","chr8","106462661","106462991","14","283454"
"chr8","106266869","106267181","chr9","124871802","124872098","71","18604933"
"chr8","106377753","106378050","chr8","106665628","106665929","11","287875"
"chr8","106542593","106542885","chr8","106828667","106828954","14","286074"
"chr8","106816522","106816792","chr3","43099284","43099547","65","63717238"
"chr8","106835686","106836004","chr8","107101362","107101681","15","265676"
"chr8","106878104","106878408","chr16","69742060","69742362","68","37136044"
"chr8","106881093","106881379","chr8","107146311","107146597","17","265218"
"chr8","106969868","106970129","chr8","107227836","107228099","7","257968"
"chr8","106996974","106997252","chr1","198473054","198473333","65","91476080"
"chr8","107025644","107025944","chr8","107284501","107284801","9","258857"
"chr8","107120024","107120307","chr8","107379823","107380106","5","259799"
"chr8","107197862","107198141","chr19","12827573","12827854","64","94370289"
"chr8","107468917","107469204","chr8","107714251","107714539","5","245334"
"chr8","107645596","107645752","chr8","107904840","107904995","1","259244"
"chr8","107821355","107821497","chr8","108091975","108092117","7","270620"
"chr8","108114475","108114752","chr8","108392093","108392366","11","277618"
"chr8","108228109","108228374","chr15","106705555","106705844","75","1522554"
"chr8","108435961","108436146","chr8","98047098","98047277","51","10388863"
"chr8","108507917","108508071","chr5","173571563","173571715","32","65063646"
"chr8","108759789","108760083","chr8","109074928","109075222","16","315139"
"chr8","108824765","108825067","chr8","109141041","109141343","10","316276"
"chr8","108890715","108891024","chr2","187324862","187325167","66","78434147"
"chr8","108903193","108903372","chr8","109221428","109221609","9","318235"
"chr8","109244627","109244931","chr8","109560642","109560949","10","316015"
"chr8","109412706","109412865","chr8","109723842","109724001","1","311136"
"chr8","109423860","109424137","chr8","109733648","109733925","2","309788"
"chr8","109451423","109451506","chr17","44834422","44834503","20","64617001"
"chr8","109820653","109820783","chr8","110127962","110128092","2","307309"
"chr8","109913846","109913976","chr8","110225777","110225907","5","311931"
"chr8","110015637","110015786","chr11","127584437","127584582","28","17568800"
"chr8","110234524","110234778","chrX","12516812","12517086","75","97717712"
"chr8","110275859","110276146","chr8","110587887","110588231","61","312028"
"chr8","110453894","110454190","chr8","110763032","110763326","18","309138"
"chr8","110491567","110491752","chr8","110800955","110801131","12","309388"
"chr8","110575676","110575994","chr1","206061092","206061399","69","95485416"
"chr8","110614359","110614654","chr8","110921789","110922089","10","307430"
"chr8","111377276","111377565","chr1","72598879","72599163","59","38778397"
"chr8","111429286","111429453","chr9","94707894","94708052","37","16721392"
"chr8","111429489","111429596","chr3","34904438","34904544","19","76525051"
"chr8","111451629","111451932","chr8","111764336","111764602","46","312707"
"chr8","111508881","111509048","chr8","111820585","111820737","17","311704"
"chr8","111565297","111565578","chr8","111877670","111877942","16","312373"
"chr8","111836341","111836660","chr8","112167511","112167829","7","331170"
"chr8","111845930","111846227","chr8","112177106","112177393","12","331176"
"chr8","112023074","112023379","chr8","112359493","112359796","11","336419"
"chr8","112110740","112111050","chr8","112453467","112453778","11","342727"
"chr8","112188785","112188903","chr8","112529511","112529629","3","340726"
"chr8","112306998","112307264","chr8","112649738","112650004","8","342740"
"chr8","112322616","112322906","chr8","112665289","112665579","2","342673"
"chr8","112329173","112329334","chr13","68906319","68906478","34","43422854"
"chr8","112336126","112336336","chr8","112679852","112680066","13","343726"
"chr8","112461794","112462107","chr8","128391741","128392061","68","15929947"
"chr8","112481141","112481417","chr8","112826287","112826572","19","345146"
"chr8","112505262","112505546","chr8","112850095","112850388","31","344833"
"chr8","112561753","112562084","chr8","112908129","112908464","15","346376"
"chr8","112571548","112571924","chr8","112917960","112918316","29","346412"
"chr8","112600222","112600376","chr4","103366870","103367011","40","9233352"
"chr8","112600690","112600813","chr16","29706635","29706752","31","82894055"
"chr8","112672312","112672595","chr8","113017204","113017487","13","344892"
"chr8","112742380","112742665","chr8","113088201","113088485","5","345821"
"chr8","112780230","112780537","chr8","113125732","113126039","12","345502"
"chr8","112800984","112801192","chr8","113145437","113145652","13","344453"
"chr8","112802530","112802774","chr8","113146995","113147251","17","344465"
"chr8","112816318","112816619","chr8","113161252","113161559","13","344934"
"chr8","112974028","112974362","chr8","113322276","113322588","28","348248"
"chr8","112982323","112982627","chr8","113330594","113330898","4","348271"
"chr8","112984949","112985072","chr14","63763267","63763391","21","49221682"
"chr8","112992385","112992704","chr8","113341227","113341518","32","348842"
"chr8","113142481","113142633","chr8","113492641","113492794","8","350160"
"chr8","113666440","113666714","chr8","114027426","114027713","26","360986"
"chr8","113787489","113787634","chr7","17417887","17418035","30","96369602"
"chr8","113859551","113859827","chr8","114225944","114226220","8","366393"
"chr8","114216373","114216585","chr8","114596028","114596230","17","379655"
"chr8","114266031","114266323","chr8","114647539","114647837","18","381508"
"chr8","114269274","114269565","chr8","114647539","114647837","14","378265"
"chr8","114389839","114390121","chr6","102148295","102148583","51","12241544"
"chr8","114422695","114422809","chr2","92138064","92138176","27","22284631"
"chr8","114460115","114460422","chr9","35073765","35074063","66","79386350"
"chr8","114466429","114466714","chr3","43473278","43473554","68","70993151"
"chr8","114524048","114524406","chr10","52737902","52738234","71","61786146"
"chr8","114525387","114525689","chr8","114903625","114903923","15","378238"
"chr8","114528303","114528427","chr1","115104886","115105013","24","576583"
"chr8","114566514","114566667","chr13","120878922","120879073","27","6312408"
"chr8","114604451","114604566","chr8","114985527","114985642","7","381076"
"chr8","114716259","114716548","chr8","115098386","115098692","22","382127"
"chr8","114762852","114763169","chr8","115141870","115142194","17","379018"
"chr8","114963709","114964014","chr8","115362687","115362999","14","398978"
"chr8","114989228","114989493","chr8","115388164","115388429","12","398936"
"chr8","115002451","115002772","chr8","115401425","115401728","24","398974"
"chr8","115340121","115340338","chr7","16015964","16016183","35","99324157"
"chr8","115345125","115345211","chr8","115744261","115744355","9","399136"
"chr8","115352446","115352571","chr8","115751611","115751736","3","399165"
"chr8","115466920","115467233","chr8","115862193","115862498","18","395273"
"chr8","115537802","115537976","chr1","219963278","219963437","43","104425476"
"chr8","115723282","115723560","chr8","116134754","116135032","12","411472"
"chr8","115761918","115762208","chr16","22824112","22824399","74","92937806"
"chr8","115777111","115777423","chr8","116188662","116188974","10","411551"
"chr8","115873891","115874181","chr8","116284852","116285142","10","410961"
"chr8","116124169","116124469","chr8","116533111","116533405","16","408942"
"chr8","116212518","116212822","chr8","116622488","116622798","12","409970"
"chr8","116231116","116231246","chr8","116640818","116640947","9","409702"
"chr8","116244994","116245293","chr2","33676044","33676340","67","82568950"
"chr8","116256604","116256908","chr1","12662590","12662891","54","103594014"
"chr8","116523443","116523754","chr8","116938406","116938714","10","414963"
"chr8","116528002","116528151","chr3","50749437","50749590","32","65778565"
"chr8","116902038","116902308","chr8","117330712","117330982","2","428674"
"chr8","116955939","116956229","chr8","117387382","117387694","28","431443"
"chr8","117076299","117076643","chr8","117505632","117505950","36","429333"
"chr8","117297326","117297657","chr2","65818234","65818548","81","51479092"
"chr8","117347427","117347625","chrX","60910024","60910205","50","56437403"
"chr8","117448301","117448598","chr8","117884104","117884402","9","435803"
"chr8","117521254","117521541","chr8","117957164","117957455","12","435910"
"chr8","117606692","117606992","chr4","110929444","110929740","59","6677248"
"chr8","117633677","117633832","chr8","118067929","118068084","2","434252"
"chr8","117665280","117665559","chr8","118100696","118100972","9","435416"
"chr8","117691450","117691766","chr2","89780461","89780758","74","27910989"
"chr8","117698468","117698768","chr8","118127815","118128116","7","429347"
"chr8","117699173","117699481","chr8","118128840","118129148","4","429667"
"chr8","117722448","117722579","chr8","118152331","118152460","5","429883"
"chr8","117816991","117817250","chr7","121569360","121569626","75","3752369"
"chr8","117820599","117820882","chr1","194460341","194460624","51","76639742"
"chr8","117896887","117897180","chr9","124871802","124872098","54","6974915"
"chr8","117904452","117904766","chr8","118338096","118338411","10","433644"
"chr8","117915528","117915836","chr8","118348959","118349266","17","433431"
"chr8","117931043","117931340","chr8","118364658","118364955","5","433615"
"chr8","117936500","117936648","chr8","118370360","118370509","7","433860"
"chr8","117991218","117991389","chr8","118424481","118424652","2","433263"
"chr8","118001951","118002262","chr6","151363205","151363514","63","33361254"
"chr8","118064513","118064561","chr1","41913866","41913911","12","76150647"
"chr8","118112872","118112995","chr8","118541274","118541397","4","428402"
"chr8","118127974","118128270","chr8","118555735","118556031","9","427761"
"chr8","118229483","118229753","chr10","17486367","17486636","56","100743116"
"chr8","118244790","118245083","chr8","118675193","118675484","6","430403"
"chr8","118274484","118274781","chr8","118705026","118705323","10","430542"
"chr8","118306282","118306589","chr1","26942818","26943113","71","91363464"
"chr8","118358497","118358797","chr8","118788736","118789036","8","430239"
"chr8","118383264","118383384","chr8","118814000","118814132","14","430736"
"chr8","118436065","118436321","chr8","118870446","118870702","14","434381"
"chr8","118445862","118446145","chr8","118880160","118880473","48","434298"
"chr8","118490771","118491039","chr8","118929269","118929536","12","438498"
"chr8","118531717","118532036","chr2","32784888","32785199","72","85746829"
"chr8","118625162","118625383","chr8","119071532","119071755","8","446370"
"chr8","118644397","118644696","chr11","46631266","46631567","60","72013131"
"chr8","118679365","118679663","chr5","78429725","78430023","71","40249640"
"chr8","118698767","118698886","chrX","21402298","21402421","16","97296469"
"chr8","118728554","118728841","chr8","119174522","119174809","10","445968"
"chr8","118746521","118746818","chr8","119187069","119187365","6","440548"
"chr8","118772167","118772449","chr1","47479835","47480121","60","71292332"
"chr8","118871793","118871925","chr8","119319567","119319695","4","447774"
"chr8","118978768","118978890","chr20","10415874","10415996","8","108562894"
"chr8","118989797","118989988","chr11","108572609","108572797","51","10417188"
"chr8","118990285","118990384","chr14","56266559","56266658","18","62723726"
"chr8","119004727","119005079","chr8","119453883","119454230","16","449156"
"chr8","119118318","119118578","chr8","119565625","119565885","6","447307"
"chr8","119195882","119196192","chr8","119643680","119643980","30","447798"
"chr8","119235182","119235318","chr8","119680817","119680953","1","445635"
"chr8","119302053","119302343","chr8","119747670","119747963","7","445617"
"chr8","119334271","119334414","chr8","119779610","119779749","9","445339"
"chr8","119416186","119416476","chr8","119862446","119862737","10","446260"
"chr8","119418965","119419269","chr8","119865247","119865551","8","446282"
"chr8","119471761","119472063","chr8","119918457","119918753","12","446696"
"chr8","119542814","119542951","chr8","39465114","39465252","24","80077700"
"chr8","119546218","119546387","chr20","43009050","43009215","29","76537168"
"chr8","119546413","119546538","chr1","102657211","102657341","30","16889202"
"chr8","119547475","119547590","chr4","15201468","15201584","14","104346007"
"chr8","119547622","119547800","chr6","171678881","171679052","39","52131259"
"chr8","119548293","119548583","chr16","63535665","63535954","62","56012628"
"chr8","119572109","119572233","chr17","72087829","72087950","16","47484280"
"chr8","119674414","119674714","chr8","120122128","120122442","24","447714"
"chr8","119682584","119682889","chr8","120130049","120130354","11","447465"
"chr8","119713224","119713487","chr8","120161974","120162245","13","448750"
"chr8","119801969","119802211","chr8","120250043","120250285","3","448074"
"chr8","119852527","119852802","chr8","120301299","120301574","8","448772"
"chr8","119892421","119892714","chr8","120340729","120341027","15","448308"
"chr8","119950659","119950839","chr15","75984571","75984752","53","43966088"
"chr8","119957889","119958170","chr8","120404809","120405091","5","446920"
"chr8","119978329","119978655","chr8","120428780","120429056","57","450451"
"chr8","119979659","119979779","chr8","120430077","120430197","7","450418"
"chr8","120033866","120034156","chr1","95798062","95798355","52","24235804"
"chr8","120132613","120132922","chr8","120586094","120586403","5","453481"
"chr8","120263169","120263293","chr2","44887794","44887918","25","75375375"
"chr8","120402626","120402918","chr8","120859492","120859808","36","456866"
"chr8","120692183","120692316","chr1","160644285","160644406","26","39952102"
"chr8","120695201","120695497","chr8","121143299","121143567","33","448098"
"chr8","120856885","120857194","chr8","121310050","121310324","40","453165"
"chr8","120933032","120933219","chr8","121375225","121375412","4","442193"
"chr8","120991171","120991474","chr8","121431348","121431647","5","440177"
"chr8","121033123","121033405","chr8","121474447","121474728","15","441324"
"chr8","121067202","121067323","chr6","74496018","74496130","26","46571184"
"chr8","121078920","121079063","chr12","83583074","83583221","29","37495846"
"chr8","121079103","121079118","chr7","125655255","125655271","3","4576152"
"chr8","121102579","121102744","chr8","98260927","98261097","41","22841652"
"chr8","121103046","121103233","chr1","11669775","11669943","62","109433271"
"chr8","121180940","121181104","chr8","121626669","121626833","6","445729"
"chr8","121184959","121185170","chr8","121630697","121630919","15","445738"
"chr8","121235450","121235742","chr3","150969591","150969883","61","29734141"
"chr8","121238340","121238635","JH680382","2295","2600","19","121236045"
"chr8","121352831","121353128","chr8","121805261","121805566","16","452430"
"chr8","121451314","121451605","chr8","121903201","121903491","8","451887"
"chr8","121475067","121475378","chr4","43284080","43284388","76","78190987"
"chr8","121530940","121531108","chr8","121984479","121984648","5","453539"
"chr8","121734847","121735136","chr8","122184652","122184938","13","449805"
"chr8","121739149","121739449","chr8","122188980","122189276","17","449831"
"chr8","121808073","121808400","chr3","172448578","172448893","85","50640505"
"chr8","122154991","122155190","chr8","122618889","122619089","7","463898"
"chr8","122252386","122252670","chr8","122714178","122714450","19","461792"
"chr8","122263049","122263305","chr8","122724931","122725183","15","461882"
"chr8","122268681","122268972","chr8","122730493","122730784","7","461812"
"chr8","122273607","122273911","chr8","122735756","122736064","26","462149"
"chr8","122296271","122296540","chr8","122757981","122758243","9","461710"
"chr8","122300388","122300691","chr8","122761961","122762259","16","461573"
"chr8","122313396","122313545","chr16","45590806","45590957","32","76722590"
"chr8","122313847","122314001","chr6","14081369","14081518","36","108232478"
"chr8","122323872","122324163","chr8","122787318","122787609","5","463446"
"chr8","122327472","122327782","chr8","122790886","122791174","28","463414"
"chr8","122328339","122328508","chr8","122791733","122791911","13","463394"
"chr8","122344499","122344622","chr8","122808242","122808365","3","463743"
"chr8","122347404","122347702","chr8","122811152","122811450","6","463748"
"chr8","122348465","122348586","chr6","122733615","122733735","16","385150"
"chr8","122348883","122349072","chr19","14916432","14916613","44","107432451"
"chr8","122363422","122363545","chr1","52522560","52522684","19","69840862"
"chr8","122369857","122370137","chr8","122833778","122834080","36","463921"
"chr8","122371942","122372254","chr8","122835874","122836198","26","463932"
"chr8","122376669","122376714","chr4","27455214","27455260","11","94921455"
"chr8","122377204","122377297","chr16","38111031","38111128","19","84266173"
"chr8","122395203","122395357","chr14","65214256","65214407","39","57180947"
"chr8","122404164","122404352","chr9","28155793","28155991","51","94248371"
"chr8","122404648","122404764","chr2","86497663","86497779","22","35906985"
"chr8","122522868","122522999","chr8","122988225","122988348","9","465357"
"chr8","122558225","122558539","chr8","123020173","123020491","12","461948"
"chr8","122566398","122566702","chr8","123028335","123028639","5","461937"
"chr8","122572176","122572480","chr14","69085329","69085632","66","53486847"
"chr8","122828441","122828730","chr8","123294216","123294504","6","465775"
"chr8","122833203","122833483","chr8","123299075","123299357","7","465872"
"chr8","123093291","123093606","chr8","123556845","123557156","9","463554"
"chr8","123094392","123094525","chr8","123557949","123558084","8","463557"
"chr8","123600607","123600733","chr8","124060347","124060473","1","459740"
"chr8","123830864","123831180","chr8","124291985","124292287","17","461121"
"chr8","123831181","123831315","chr8","124292289","124292422","5","461108"
"chr8","123901108","123901344","chr8","124363242","124363478","8","462134"
"chr8","124006508","124006789","chr8","124470290","124470571","5","463782"
"chr8","124053447","124053750","chr8","124515366","124515665","12","461919"
"chr8","124165357","124165493","chr8","124627183","124627326","13","461826"
"chr8","124240825","124240954","chr8","124703193","124703321","2","462368"
"chr8","124258129","124258430","chr8","124725439","124725735","9","467310"
"chr8","124304078","124304216","chr19","34482522","34482656","23","89821556"
"chr8","124304513","124304559","chr19","16947809","16947857","14","107356704"
"chr8","124316028","124316297","chr8","124781989","124782257","5","465961"
"chr8","124369791","124369914","chr8","124836304","124836421","6","466513"
"chr8","124374632","124374916","chr20","30868098","30868375","73","93506534"
"chr8","124388612","124388896","chr8","124854522","124854813","17","465910"
"chr8","124393111","124393282","chr8","124858692","124858862","5","465581"
"chr8","124414826","124415124","chr8","124880756","124881056","9","465930"
"chr8","124422517","124422812","chr8","124888718","124889021","15","466201"
"chr8","124456028","124456315","chr8","124921871","124922149","13","465843"
"chr8","124466698","124466964","chr8","124932177","124932443","6","465479"
"chr8","124483242","124483393","chr4","151296285","151296432","32","26813043"
"chr8","124491884","124492162","chr8","124957495","124957788","21","465611"
"chr8","124494400","124494538","chr8","124960723","124960860","5","466323"
"chr8","124522381","124522674","chr13","72705273","72705569","56","51817108"
"chr8","124522684","124522795","chr8","124988562","124988674","12","465878"
"chr8","124523153","124523461","chr8","124989033","124989334","17","465880"
"chr8","124541834","124542120","chr8","125007401","125007688","2","465567"
"chr8","124557666","124557949","chr2","86466881","86467161","68","38090785"
"chr8","124582497","124582801","chr8","125046894","125047197","13","464397"
"chr8","124600328","124600631","chr8","125064472","125064778","8","464144"
"chr8","124603672","124603961","chr8","125067797","125068095","11","464125"
"chr8","124626776","124626906","chr8","125089708","125089838","4","462932"
"chr8","124659742","124660048","chr8","125122866","125123163","19","463124"
"chr8","124734826","124735134","chr8","125197871","125198177","9","463045"
"chr8","124737697","124737980","chr8","125201034","125201316","4","463337"
"chr8","124843809","124843895","chr9","89556642","89556727","16","35287167"
"chr8","124844197","124844416","chr5","119490943","119491156","47","5353254"
"chr8","124930625","124930748","chr8","125394001","125394129","10","463376"
"chr8","124941819","124941985","chr8","125405220","125405386","3","463401"
"chr8","124942332","124942632","chr8","125405733","125406044","25","463401"
"chr8","124956903","124957220","chr8","125418785","125419102","10","461882"
"chr8","124998436","124998729","chr8","125461067","125461360","8","462631"
"chr8","125035720","125035852","chr8","125498185","125498301","21","462465"
"chr8","125080267","125080556","chr8","125546728","125547013","6","466461"
"chr8","125108057","125108194","chr8","125575097","125575234","3","467040"
"chr8","125604102","125604426","chr8","126071504","126071816","24","467402"
"chr8","125616685","125616983","chr8","126088531","126088829","14","471846"
"chr8","125861362","125861664","chr8","126332513","126332813","12","471151"
"chr8","125995026","125995285","chr8","126484280","126484537","13","489254"
"chr8","126089691","126089865","chr8","126569969","126570143","6","480278"
"chr8","126378122","126378288","chr8","126862413","126862575","9","484291"
"chr8","126458511","126458616","chr11","94467404","94467503","27","31991107"
"chr8","126517769","126517895","chr9","59223715","59223849","22","67294054"
"chr8","126805265","126805569","chr8","127291872","127292176","12","486607"
"chr8","126967477","126967784","chr8","127455300","127455550","66","487823"
"chr8","127151694","127151748","chr8","127640131","127640185","3","488437"
"chr8","127208821","127209001","chr9","57896734","57896903","43","69312087"
"chr8","127209039","127209127","chr18","10097800","10097882","21","117111239"
"chr8","127474946","127475239","chr8","127970126","127970433","23","495180"
"chr8","127558997","127559299","chr8","128053958","128054260","8","494961"
"chr8","127846080","127846374","chr8","128347740","128348046","27","501660"
"chr8","127889053","127889373","chr8","128391741","128392061","15","502688"
"chr8","127918596","127918732","chr8","128421560","128421697","8","502964"
"chr8","128017725","128018002","chr8","128521795","128522072","8","504070"
"chr8","128021401","128021704","chr8","128525537","128525782","63","504136"
"chr8","128141296","128141582","chr8","128644665","128644946","9","503369"
"chr8","128246763","128246863","chr8","128746408","128746508","4","499645"
"chr8","128271595","128271902","chr18","31782034","31782335","58","96489561"
"chr8","128323152","128323410","chr8","128822391","128822687","49","499239"
"chr8","128323510","128323526","chr14","63373169","63373183","5","64950341"
"chr8","128447271","128447324","chr2","184106680","184106735","15","55659409"
"chr8","128950245","128950527","chr8","129458846","129459126","5","508601"
"chr8","128960559","128960608","chr4","69086467","69086509","13","59874092"
"chr8","129168396","129168519","chr8","129675054","129675177","5","506658"
"chr8","129263091","129263222","chr19","10149129","10149256","32","119113962"
"chr8","129263512","129263700","chr7","17349222","17349406","38","111914290"
"chr8","129263974","129264291","chr8","129769687","129770004","13","505713"
"chr8","129268937","129269226","chr8","129774642","129774939","12","505705"
"chr8","129292954","129293167","chr8","129798657","129798874","14","505703"
"chr8","129490532","129490675","chr8","130000135","130000278","0","509603"
"chr8","129492900","129492998","chr1","119909792","119909900","31","9583108"
"chr8","129683575","129683853","chr8","130196623","130196899","5","513048"
"chr8","130145966","130146036","chr13","41421530","41421602","14","88724436"
"chr8","130374097","130374391","chr8","130887803","130888104","13","513706"
"chr8","130591788","130591950","chrX","138578420","138578584","38","7986632"
"chr8","130678862","130679160","chr8","131193460","131193758","23","514598"
"chr8","130683125","130683436","chr8","131198001","131198317","12","514876"
"chr8","131093337","131093645","chr8","131624032","131624345","14","530695"
"chr8","131642123","131642242","chr1","25342455","25342573","26","106299668"
"chr8","131642574","131642729","chr15","11929747","11929900","32","119712827"
"chr8","131841715","131842024","chr14","8980492","8980797","71","122861223"
"chr8","131842185","131842350","chr11","39626480","39626630","53","92215705"
"chr8","131865754","131866071","chr8","132412659","132412976","13","546905"
"chr8","131915156","131915438","chr1","37042458","37042743","66","94872698"
"chr8","132095731","132095871","chrX","44305405","44305548","27","87790326"
"chr8","132120318","132120469","chr15","41822390","41822541","33","90297928"
"chr8","132120772","132120916","chr13","92563337","92563471","31","39557435"
"chr8","132135604","132135732","chr8","132685763","132685891","7","550159"
"chr8","132419701","132419990","chr8","132967187","132967498","38","547486"
"chr8","132453416","132453696","chr1","15073895","15074187","64","117379521"
"chr8","132760956","132761236","chr8","133310713","133310997","7","549757"
"chr8","132769874","132770159","chr8","133320345","133320646","34","550471"
"chr8","132840283","132840537","chr8","133390927","133391200","21","550644"
"chr8","132871206","132871487","chr8","133421893","133422183","13","550687"
"chr8","132915310","132915612","chr8","133465998","133466302","15","550688"
"chr8","132930165","132930471","chr8","95771713","95772016","50","37158452"
"chr8","132986164","132986467","chr8","133538699","133538987","25","552535"
"chr8","133124189","133124482","chr8","133675160","133675453","8","550971"
"chr8","133153856","133154015","chr8","133703676","133703835","4","549820"
"chr8","133312325","133312625","chr8","133865139","133865443","8","552814"
"chr8","133315565","133315848","chr8","133868322","133868599","14","552757"
"chr8","133607176","133607476","chr9","22595078","22595382","59","111012098"
"chr8","133678956","133679116","chr8","134235350","134235510","5","556394"
"chr8","133716768","133717077","chr8","134274146","134274451","11","557378"
"chr8","133986887","133987169","chr8","134571953","134572236","4","585066"
"chr8","134180310","134180598","chr8","134767225","134767519","11","586915"
"chr8","134299815","134299959","chr1","25411205","25411345","28","108888610"
"chr8","134300260","134300424","chr3","46023413","46023578","35","88276847"
"chr8","134303628","134303942","chr8","134897688","134898000","9","594060"
"chr8","134324739","134325044","chr8","134919579","134919883","8","594840"
"chr8","134596368","134596498","chr1","135097790","135097920","22","501422"
"chr8","134668849","134669158","chr15","41319616","41319927","64","93349233"
"chr8","134678167","134678476","chr8","135275226","135275532","8","597059"
"chr8","134679084","134679248","chr3","43011928","43012086","35","91667156"
"chr8","134700270","134700545","chr8","135297441","135297731","23","597171"
"chr8","134709363","134709621","chrX","16754313","16754568","68","117955050"
"chr8","134730396","134730556","chr5","34267924","34268082","31","100462472"
"chr8","134772467","134772724","chr1","216042796","216043057","57","81270329"
"chr8","134773941","134774243","chr8","135375266","135375564","17","601325"
"chr8","134788002","134788275","chr8","135389382","135389609","56","601380"
"chr8","134799918","134800171","chr8","135401835","135402083","11","601917"
"chr8","134833867","134834023","chr1","33643200","33643352","42","101190667"
"chr8","134834124","134834245","chr19","46624285","46624404","22","88209839"
"chr8","134847720","134848019","chr8","135450410","135450708","14","602690"
"chr8","134861029","134861150","chr8","135463435","135463556","5","602406"
"chr8","134869751","134869941","chr8","135471753","135471943","4","602002"
"chr8","134885268","134885526","chr8","135489611","135489859","11","604343"
"chr8","134886300","134886447","chr8","135490649","135490796","4","604349"
"chr8","134925497","134925803","chr8","135533997","135534307","9","608500"
"chr8","134932530","134932799","chr8","135540586","135540853","6","608056"
"chr8","134934772","134935068","chr8","135542923","135543215","17","608151"
"chr8","134939918","134940042","chr8","135548043","135548167","2","608125"
"chr8","134953037","134953109","chr7","136458091","136458162","19","1505054"
"chr8","134954110","134954234","chr8","135561965","135562089","2","607855"
"chr8","134974207","134974507","chr8","135581629","135581929","6","607422"
"chr8","135001261","135001458","chr16","3672244","3672455","62","131329017"
"chr8","135114628","135114747","chr10","31294672","31294793","17","103819956"
"chr8","135114834","135114981","chrX","44305405","44305548","35","90809429"
"chr8","135136117","135136397","chr8","135746810","135747099","14","610693"
"chr8","135158269","135158561","chr8","135769240","135769533","12","610971"
"chr8","135204359","135204547","chr1","18155443","18155635","73","117048916"
"chr8","135204845","135204934","chr6","162699682","162699768","16","27494837"
"chr8","135211694","135212001","chr8","135822820","135823132","17","611126"
"chr8","135253085","135253368","chr8","135865568","135865855","8","612483"
"chr8","135254007","135254313","chr8","135866352","135866658","7","612345"
"chr8","135369592","135369719","chr8","135548043","135548167","17","178451"
"chr8","135373949","135373962","chr19","32678666","32678677","3","102695283"
"chr8","135374041","135374337","chr8","135988463","135988772","25","614422"
"chr8","135380699","135380977","chr8","135995158","135995436","3","614459"
"chr8","135395073","135395386","chr13","9195419","9195733","58","126199654"
"chr8","135427340","135427632","chr4","14005906","14006193","54","121421434"
"chr8","135442622","135442915","chr8","136057417","136057720","16","614795"
"chr8","135492437","135492713","chr8","136108209","136108469","22","615772"
"chr8","135496274","135496557","chr8","136112025","136112309","11","615751"
"chr8","135512366","135512660","chr8","136128436","136128731","5","616070"
"chr8","135524131","135524223","chr8","136140224","136140316","1","616093"
"chr8","135532088","135532139","chr7","39627748","39627798","9","95904340"
"chr8","135532438","135532603","chr3","46023413","46023578","29","89509025"
"chr8","135539371","135539506","chr1","14279367","14279499","25","121260004"
"chr8","135547189","135547410","chr8","136163317","136163530","11","616128"
"chr8","135619460","135619622","chr8","136237851","136238017","7","618391"
"chr8","135677202","135677493","chr8","136295876","136296162","13","618674"
"chr8","135740254","135740419","chr8","136357917","136358082","4","617663"
"chr8","135741181","135741486","chr6","38001858","38002141","77","97739323"
"chr8","135800085","135800246","chr8","136416186","136416353","10","616101"
"chr8","135873144","135873429","chr8","136488960","136489249","7","615816"
"chr8","135984741","135984988","chr3","49231121","49231373","61","86753620"
"chr8","136074858","136074978","chr3","163659499","163659619","20","27584641"
"chr8","136296386","136296704","chr1","2215855","2216167","68","134080531"
"chr8","136402854","136403155","chr8","137016870","137017171","7","614016"
"chr8","136812381","136812687","chr8","137423511","137423818","16","611130"
"chr8","136898417","136898706","chr8","137507841","137508128","9","609424"
"chr8","136907187","136907475","chr8","137516696","137516995","19","609509"
"chr8","136918379","136918633","chr8","137529066","137529320","4","610687"
"chr8","136960957","136961243","chr8","137572837","137573135","20","611880"
"chr8","136978554","136978677","chr3","149948194","149948328","33","12969640"
"chr8","137027782","137028085","chr8","137650990","137651295","3","623208"
"chr8","137186419","137186747","chr8","137802956","137803283","12","616537"
"chr8","137224145","137224432","chr8","137841014","137841308","15","616869"
"chr8","137250642","137250812","chr20","21397594","21397764","33","115853048"
"chr8","137250847","137250962","chr7","123419750","123419867","17","13831097"
"chr8","137369690","137369820","chrX","95852057","95852188","22","41517633"
"chr8","137423822","137424107","chr8","138048259","138048544","10","624437"
"chr8","137449915","137450035","chr15","76002752","76002869","20","61447163"
"chr8","137450075","137450253","chr20","4437924","4438099","36","133012151"
"chr8","137450898","137451176","chr8","138076159","138076462","33","625261"
"chr8","137462191","137462510","chr8","138087926","138088238","18","625735"
"chr8","137480016","137480260","chr11","64749109","64749361","54","72730907"
"chr8","137515831","137516113","chr8","138142025","138142303","10","626194"
"chr8","137521403","137521468","chr7","8646970","8647033","14","128874433"
"chr8","137553999","137554119","chr8","138187186","138187306","2","633187"
"chr8","137554532","137554661","chr8","138187719","138187848","2","633187"
"chr8","137571059","137571360","chr8","138204653","138204961","13","633594"
"chr8","137577207","137577495","chr8","138211138","138211422","8","633931"
"chr8","137584865","137585056","chr8","138219159","138219340","14","634294"
"chr8","137585163","137585298","chr3","161233673","161233808","20","23648510"
"chr8","137585592","137585751","chr3","43165082","43165250","35","94420510"
"chr8","137587543","137587678","chr8","138223337","138223472","5","635794"
"chr8","137616976","137617022","chr8","138253385","138253431","0","636409"
"chr8","137624282","137624622","chr2","143031819","143032118","112","5407537"
"chr8","137680918","137681052","chr8","138315039","138315172","6","634121"
"chr8","137717720","137718022","chr8","138352286","138352588","10","634566"
"chr8","137754610","137754895","chr8","138388595","138388900","32","633985"
"chr8","137842329","137842607","chr8","138477968","138478260","19","635639"
"chr8","137883382","137883687","chr9","3984874","3985185","58","133898508"
"chr8","138016404","138016492","chr8","138652474","138652562","1","636070"
"chr8","138043727","138043960","chr15","42617515","42617754","66","95426212"
"chr8","138049760","138050079","chr8","138685389","138685701","11","635629"
"chr8","138061608","138061901","chr8","138697709","138698003","7","636101"
"chr8","138065365","138065707","chr8","138701717","138702058","13","636352"
"chr8","138166363","138166627","chr9","11138131","11138406","69","127028232"
"chr8","138243465","138243679","chr19","6999747","6999951","52","131243718"
"chr8","138284818","138285126","chr1","217865786","217866087","58","79580968"
"chr8","138355158","138355448","chr1","212409941","212410235","56","74054783"
"chr8","138366407","138366707","chr10","36751441","36751731","65","101614966"
"chr8","138371369","138371404","chr19","28642719","28642759","10","109728650"
"chr8","138371691","138371961","chrX","107420002","107420277","53","30951689"
"chr8","138384852","138385158","chr6","62394083","62394395","61","75990769"
"chr8","138396815","138396927","chr7","123589542","123589660","22","14807273"
"chr8","138396954","138397128","chr1","25679015","25679186","32","112717939"
"chr8","138404560","138404848","chr4","114377497","114377784","50","24027063"
"chr8","138406533","138406735","chr7","133092005","133092203","51","5314528"
"chr8","138414184","138414468","chr19","3087935","3088217","50","135326249"
"chr8","138416688","138416834","chr9","40094196","40094341","29","98322492"
"chr8","138434272","138434559","chr8","138786415","138786702","9","352143"
"chr8","138435004","138435183","chr8","138787474","138787635","23","352470"
"chr8","138451873","138452206","chr7","33570558","33570868","79","104881315"
"chr8","138494871","138495038","chr8","138847896","138848065","4","353025"
"chr8","138514823","138515143","chr8","138867559","138867879","11","352736"
"chr8","138518634","138518925","chr8","138871199","138871484","19","352565"
"chr8","138520874","138521005","chr8","138874528","138874657","8","353654"
"chr8","138561072","138561296","chrX","61746096","61746314","50","76814976"
"chr8","138695364","138695523","chr8","139053455","139053612","11","358091"
"chr8","138705305","138705621","chr8","139062933","139063249","8","357628"
"chr8","138778588","138778946","chr8","139138065","139138379","64","359477"
"chr8","138811811","138812113","chr8","139173192","139173494","10","361381"
"chr8","138824507","138824807","chr8","40106732","40107028","62","98717775"
"chr8","138843613","138843747","chr3","38205118","38205247","36","100638495"
"chr8","138844047","138844067","chr13","54244982","54244994","9","84599065"
"chr8","138844427","138844596","chr1","11995295","11995463","32","126849132"
"chr8","138858081","138858198","chr8","139222689","139222821","17","364608"
"chr8","138859260","138859596","chr8","139223922","139224258","7","364662"
"chr8","138862571","138862876","chr8","15775560","15775860","55","123087011"
"chr8","138915239","138915545","chr14","103256715","103257018","55","35658524"
"chr8","138979512","138979658","chr8","139349685","139349833","3","370173"
"chr8","138979829","138980132","chr8","139350005","139350308","4","370176"
"chr8","139055414","139055693","chr8","139426607","139426886","6","371193"
"chr8","139080382","139080534","chr3","50749437","50749590","34","88330945"
"chr8","139080560","139080670","chr9","14816417","14816523","20","124264143"
"chr8","139089475","139089595","chr5","121650608","121650725","4","17438867"
"chr8","139120101","139120421","chr8","139490393","139490713","9","370292"
"chr8","139141127","139141398","chr8","139511283","139511554","5","370156"
"chr8","139177501","139177722","chr8","139545860","139546081","9","368359"
"chr8","139182585","139182747","chr8","139551222","139551383","7","368637"
"chr8","139215164","139215434","chr8","139593322","139593592","2","378158"
"chr8","139242857","139243005","chr8","61721621","61721775","32","77521236"
"chr8","139248680","139248980","chr16","50027910","50028182","76","89220770"
"chr8","139249637","139249811","chr3","47985053","47985213","46","91264584"
"chr8","139284661","139284897","chr13","25967340","25967556","58","113317321"
"chr9","23199636","23199809","chr6","27887980","27888146","43","4688344"
"chr9","34865039","34865304","chr9","35022528","35022793","4","157489"
"chr9","60948310","60948582","chr6","132221422","132221700","58","71273112"
"chr9","2322","2584","chr4","118761543","118761794","76","118759221"
"chr9","7196","7381","chr9","56363181","56363344","50","56355985"
"chr9","9972","10263","chr10","59097386","59097673","72","59087414"
"chr9","105496","105778","chr9","50638","50934","18","54858"
"chr9","156341","156496","chr9","99891","100046","2","56450"
"chr9","159709","160011","chr9","103264","103566","7","56445"
"chr9","169384","169457","chr9","113268","113341","0","56116"
"chr9","172265","172569","chr9","15582015","15582315","66","15409750"
"chr9","222505","222698","chr7","161571021","161571192","51","161348516"
"chr9","231243","231352","chr4","30593798","30593915","26","30362555"
"chr9","231394","231594","chr9","83593024","83593225","47","83361630"
"chr9","245619","245919","chr1","194304356","194304653","60","194058737"
"chr9","271442","271582","chr9","219622","219762","1","51820"
"chr9","345701","345983","chr8","36733941","36734217","81","36388240"
"chr9","347094","347351","chr9","295878","296126","20","51216"
"chr9","417475","417620","chr9","368110","368257","3","49365"
"chr9","676075","676351","chr9","781202","781478","6","105127"
"chr9","706589","706788","chr9","812446","812645","6","105857"
"chr9","712385","712680","chr18","14112464","14112742","64","13400079"
"chr9","768359","768637","chr9","878693","878971","5","110334"
"chr9","842190","842368","chr9","956316","956473","25","114126"
"chr9","853174","853476","chr9","967271","967573","9","114097"
"chr9","916829","917095","chr9","1034003","1034276","19","117174"
"chr9","962060","962354","chr9","1082358","1082669","21","120298"
"chr9","1008640","1008805","chr9","1127370","1127538","6","118730"
"chr9","1099468","1099652","chr9","1218495","1218673","21","119027"
"chr9","1127840","1128041","chr9","1245796","1245997","3","117956"
"chr9","1189867","1190180","chr9","1307502","1307815","10","117635"
"chr9","1212513","1212822","chr9","1330930","1331238","6","118417"
"chr9","1260958","1261280","chr9","1381383","1381693","20","120425"
"chr9","1432549","1432845","chr9","1557400","1557698","11","124851"
"chr9","1436004","1436240","chr9","1560785","1561021","7","124781"
"chr9","1846591","1846888","chr9","1974759","1975056","18","128168"
"chr9","2317858","2317994","chr5","158215124","158215258","28","155897266"
"chr9","2444068","2444189","chr18","71753026","71753145","28","69308958"
"chr9","2444552","2444861","chr9","2559152","2559467","19","114600"
"chr9","2512625","2512762","chr1","120666191","120666322","35","118153566"
"chr9","2686095","2686370","chr9","2783059","2783320","29","96964"
"chr9","2734690","2734984","chr9","2826215","2826509","13","91525"
"chr9","2777848","2778097","chr2","125409294","125409531","74","122631446"
"chr9","2944580","2944860","chr9","3033754","3034030","14","89174"
"chr9","3030963","3031249","chr9","781202","781478","67","2249761"
"chr9","3042412","3042712","chr9","3125029","3125331","14","82617"
"chr9","3103928","3104220","chr9","3187217","3187511","7","83289"
"chr9","3132786","3132911","chr11","131078708","131078834","22","127945922"
"chr9","3160452","3160714","chr9","3244918","3245179","3","84466"
"chr9","3220662","3220734","chr3","29164436","29164502","20","25943774"
"chr9","3220735","3221003","JH679535","19218","19493","14","3201517"
"chr9","3221004","3221214","chr8","70097392","70097551","84","66876388"
"chr9","3259583","3259870","chr9","3333555","3333841","15","73972"
"chr9","3345694","3346028","chr9","3417637","3417973","12","71943"
"chr9","3362985","3363109","chr9","3440757","3440881","4","77772"
"chr9","3422031","3422093","chr16","45037163","45037222","14","41615132"
"chr9","3424853","3424990","chr9","3498106","3498246","29","73253"
"chr9","3440256","3440572","chr9","3512438","3512754","11","72182"
"chr9","3583116","3583327","chrX","112235185","112235402","58","108652069"
"chr9","3583359","3583472","chr5","58051461","58051576","21","54468102"
"chr9","3650025","3650310","chr9","3711658","3711943","4","61633"
"chr9","3792760","3792885","chr9","3845948","3846069","9","53188"
"chr9","3793295","3793533","chr9","3846521","3846750","15","53226"
"chr9","3795017","3795302","chr9","3848174","3848460","9","53157"
"chr9","3934681","3934989","chr9","3984874","3985185","14","50193"
"chr9","3957909","3958032","chr4","10224785","10224907","22","6266876"
"chr9","3959843","3960049","chr17","3692751","3692947","50","267092"
"chr9","3971162","3971460","chr9","4020228","4020526","13","49066"
"chr9","4005385","4005693","chr9","4054320","4054604","34","48935"
"chr9","4011276","4011527","chr4","42683160","42683425","70","38671884"
"chr9","4011532","4011596","chr16","45037163","45037222","18","41025631"
"chr9","4011619","4011748","chr8","74253218","74253344","26","70241599"
"chr9","4054065","4054161","chr9","4100469","4100566","3","46404"
"chr9","4080797","4081099","chr9","4124887","4125187","9","44090"
"chr9","4106863","4107156","chr9","4149918","4150211","6","43055"
"chr9","4162615","4162904","chr9","4209740","4210019","20","47125"
"chr9","4240714","4240985","chr9","4283863","4284136","12","43149"
"chr9","4439840","4440140","chr9","4477504","4477804","9","37664"
"chr9","4446299","4446678","chr2","171160108","171160421","136","166713809"
"chr9","4502817","4502937","chr9","4538057","4538176","2","35240"
"chr9","4590466","4590762","chr12","61665282","61665578","60","57074816"
"chr9","4687458","4687754","chr9","4715545","4715840","11","28087"
"chr9","4845276","4845403","chr2","184609863","184609987","21","179764587"
"chr9","4925087","4925244","chr9","94707894","94708052","30","89782807"
"chr9","4933986","4934272","chr9","4960251","4960529","18","26265"
"chr9","4949151","4949307","chr9","4974171","4974327","5","25020"
"chr9","5013724","5014024","chr9","5037541","5037846","22","23817"
"chr9","5167141","5167313","chr18","3930992","3931167","39","1236149"
"chr9","5196542","5196789","chr3","37114036","37114286","73","31917494"
"chr9","5497748","5498052","chr9","5573313","5573630","32","75565"
"chr9","5597142","5597278","chr4","100629243","100629378","25","95032101"
"chr9","5597576","5597747","chr14","7026982","7027152","34","1429406"
"chr9","5629804","5630110","chr9","5711107","5711412","11","81303"
"chr9","5647727","5648033","chr16","55917100","55917402","72","50269373"
"chr9","5665650","5665916","chr9","5747133","5747394","13","81483"
"chr9","5737745","5738015","chr9","5821071","5821384","49","83326"
"chr9","5744149","5744418","chr9","5827491","5827765","14","83342"
"chr9","5754867","5755142","chrX","107420002","107420277","50","101665135"
"chr9","5783681","5783783","chr10","15301767","15301858","28","9518086"
"chr9","5784462","5784542","chr1","124767819","124767898","27","118983357"
"chr9","5807017","5807309","chr9","5890463","5890754","6","83446"
"chr9","5869290","5869573","chr9","5952616","5952899","6","83326"
"chr9","5872981","5873271","chr9","79467709","79467999","65","73594728"
"chr9","5903980","5904287","chr9","5990157","5990445","30","86177"
"chr9","5904509","5904798","chr9","5990669","5990958","1","86160"
"chr9","6035617","6035742","chr10","12804695","12804819","19","6769078"
"chr9","6051214","6051473","chr9","6135742","6136006","9","84528"
"chr9","6060943","6061064","chr9","6145197","6145319","2","84254"
"chr9","6063524","6063647","chr13","68565337","68565455","20","62501813"
"chr9","6070213","6070533","chr9","6155338","6155656","15","85125"
"chr9","6075556","6075662","chr1","128988712","128988817","19","122913156"
"chr9","6075967","6076145","chr6","171546091","171546267","58","165470124"
"chr9","6083171","6083332","chr1","55803875","55804033","36","49720704"
"chr9","6083368","6083487","chr10","29714177","29714293","21","23630809"
"chr9","6088218","6088241","chr1","152721362","152721385","6","146633144"
"chr9","6088288","6088519","chr9","6173033","6173290","42","84745"
"chr9","6163083","6163382","chr9","6249414","6249735","37","86331"
"chr9","6163509","6163811","chr9","6249862","6250168","13","86353"
"chr9","6246682","6246917","chr9","6339674","6339909","9","92992"
"chr9","6304681","6304844","chr15","78827900","78828049","60","72523219"
"chr9","6339041","6339308","chr2","82111768","82112028","56","75772727"
"chr9","6360810","6360934","chr9","6457210","6457323","18","96400"
"chr9","6383915","6384204","chr9","6480683","6480940","39","96768"
"chr9","6392109","6392406","chr9","6488699","6488996","6","96590"
"chr9","6452401","6452671","chr9","6547597","6547868","9","95196"
"chr9","6535088","6535290","chr4","20441631","20441837","52","13906543"
"chr9","6588985","6589273","chr9","6684354","6684604","49","95369"
"chr9","6590644","6590948","chr9","6685968","6686272","16","95324"
"chr9","6604308","6604594","chr19","34286950","34287234","56","27682642"
"chr9","6773569","6773731","chr7","43295160","43295316","35","36521591"
"chr9","6793560","6793864","chr9","6885102","6885403","17","91542"
"chr9","6822183","6822334","chr9","6914445","6914596","0","92262"
"chr9","6854243","6854546","chr9","6947649","6947947","13","93406"
"chr9","6938944","6939219","chr9","7031724","7032009","12","92780"
"chr9","7002026","7002316","chr9","7082508","7082798","3","80482"
"chr9","7064591","7064903","chr9","7152695","7153007","12","88104"
"chr9","7174531","7174741","chr9","7267269","7267479","2","92738"
"chr9","7217773","7218012","chr9","7309448","7309672","31","91675"
"chr9","7240099","7240383","chr9","7331765","7332055","18","91666"
"chr9","7248665","7248793","chr9","7340111","7340239","3","91446"
"chr9","7268104","7268416","chr9","7359250","7359561","10","91146"
"chr9","7269971","7270193","chr5","50313471","50313682","44","43043500"
"chr9","7278547","7278842","chr9","7369089","7369383","10","90542"
"chr9","7310747","7310878","chr9","7401407","7401526","17","90660"
"chr9","7398384","7398584","chr9","7489870","7490081","15","91486"
"chr9","7401650","7401792","chr9","7493080","7493221","7","91430"
"chr9","7416751","7416944","chr9","7508835","7509028","8","92084"
"chr9","7479965","7480244","chr9","7572479","7572758","6","92514"
"chr9","7485363","7485523","chr9","7577884","7578040","4","92521"
"chr9","7524421","7524723","chr9","7617176","7617462","31","92755"
"chr9","7596562","7596828","chr9","94634825","94635089","55","87038263"
"chr9","7629379","7629654","chr9","7715302","7715599","31","85923"
"chr9","7653281","7653431","chr9","7740018","7740147","23","86737"
"chr9","7665902","7666024","chr9","7752549","7752671","4","86647"
"chr9","7666799","7667100","chr9","7753438","7753738","9","86639"
"chr9","7676638","7676942","chr9","7763361","7763670","13","86723"
"chr9","7691526","7691650","chr9","7778059","7778186","9","86533"
"chr9","7696685","7696803","chr7","49244730","49244846","17","41548045"
"chr9","7696848","7697014","chr3","78136377","78136543","35","70439529"
"chr9","7712668","7712958","chr9","7799097","7799386","12","86429"
"chr9","7733836","7734124","chr13","27866965","27867256","57","20133129"
"chr9","7737017","7737297","chr9","7823999","7824279","3","86982"
"chr9","7743922","7744045","chr9","7830898","7831021","3","86976"
"chr9","7765628","7765858","chr9","7853442","7853641","37","87814"
"chr9","7776797","7776923","chr9","7864619","7864743","6","87822"
"chr9","7781578","7781771","chrX","45457197","45457372","59","37675619"
"chr9","7800516","7800832","chr9","7888533","7888844","15","88017"
"chr9","7827718","7827979","chr9","7916835","7917112","28","89117"
"chr9","7832947","7833240","chr9","7922092","7922386","5","89145"
"chr9","7857402","7857640","chr9","7945956","7946194","2","88554"
"chr9","7867472","7867766","chr9","7956027","7956318","14","88555"
"chr9","7874717","7874957","chr8","35894506","35894750","59","28019789"
"chr9","7890139","7890415","chr1","198473054","198473333","61","190582915"
"chr9","7894672","7894954","chr9","7983647","7983927","10","88975"
"chr9","7898970","7899276","chr9","7987950","7988253","6","88980"
"chr9","7899296","7899452","chr13","92739576","92739730","34","84840280"
"chr9","7928671","7928972","chr9","8019724","8020025","4","91053"
"chr9","7946748","7947045","chr9","8038096","8038358","38","91348"
"chr9","7952411","7952691","chr9","8043710","8043990","6","91299"
"chr9","7989284","7989598","chr9","8081429","8081742","10","92145"
"chr9","8025891","8026049","chr9","8116611","8116768","4","90720"
"chr9","8040927","8041210","chr11","120582890","120583169","49","112541963"
"chr9","8043228","8043407","chr3","50749437","50749590","52","42706209"
"chr9","8043448","8043572","chr4","151425770","151425892","21","143382322"
"chr9","8056747","8056897","chr9","8148745","8148900","14","91998"
"chr9","8059210","8059502","chr14","111501349","111501640","55","103442139"
"chr9","8070400","8070703","chr9","8162420","8162738","32","92020"
"chr9","8071178","8071478","chr9","8163213","8163506","22","92035"
"chr9","8134524","8134694","chr9","8227530","8227700","4","93006"
"chr9","8135244","8135544","chr9","8228261","8228565","14","93017"
"chr9","8136471","8136774","chr6","135496415","135496710","60","127359944"
"chr9","8159682","8159974","chr9","8251260","8251541","19","91578"
"chr9","8169181","8169478","chr9","8260793","8261092","15","91612"
"chr9","8177181","8177485","chr9","8270379","8270692","17","93198"
"chr9","8197364","8197685","chr9","8287579","8287900","7","90215"
"chr9","8204078","8204338","chr9","8294292","8294553","8","90214"
"chr9","8219097","8219389","chr9","8309106","8309398","17","90009"
"chr9","8229773","8230072","chr9","8319790","8320089","5","90017"
"chr9","8230606","8230863","chr9","8320623","8320879","8","90017"
"chr9","8242822","8243088","chr3","2290826","2291105","66","5951996"
"chr9","8243263","8243567","chr3","35714713","35715009","68","27471450"
"chr9","8247938","8248039","chr9","8333398","8333499","1","85460"
"chr9","8262002","8262293","chr9","8354657","8354935","24","92655"
"chr9","8286671","8286972","chr9","8378995","8379301","26","92324"
"chr9","8320470","8320740","chr8","31637184","31637453","67","23316714"
"chr9","8352529","8352660","chr15","76802005","76802137","20","68449476"
"chr9","8365785","8366087","chr9","8462609","8462927","29","96824"
"chr9","8385027","8385339","chr1","31088756","31089058","61","22703729"
"chr9","8412112","8412391","chr9","8504759","8505027","16","92647"
"chr9","8431434","8431587","chr9","8523500","8523660","26","92066"
"chr9","8443031","8443332","chr6","165468095","165468391","63","157025064"
"chr9","8485772","8486042","chr9","8578114","8578418","38","92342"
"chr9","8496805","8497098","chr9","8589514","8589832","50","92709"
"chr9","8502928","8503237","chr9","8595674","8595966","34","92746"
"chr9","8512009","8512126","chr9","8605066","8605187","12","93057"
"chr9","8524256","8524404","chr1","72125793","72125930","37","63601537"
"chr9","8577308","8577527","chr9","8671436","8671655","3","94128"
"chr9","8580770","8580984","chr9","8674913","8675123","12","94143"
"chr9","8621641","8621946","chr9","8715661","8715966","10","94020"
"chr9","8676742","8676858","chr9","8764590","8764711","6","87848"
"chr9","8765555","8765827","chr9","8847186","8847482","34","81631"
"chr9","8897521","8897825","chr9","8984383","8984720","39","86862"
"chr9","9426080","9426362","chr9","9514527","9514809","9","88447"
"chr9","9482843","9482960","chr12","94373386","94373505","18","84890543"
"chr9","9482992","9483150","chr3","40101944","40102101","44","30618952"
"chr9","9661141","9661425","chr9","9759204","9759485","11","98063"
"chr9","9863321","9863623","chr6","67189967","67190260","75","57326646"
"chr9","10025379","10025529","chr9","10126709","10126857","7","101330"
"chr9","10148878","10149035","chr10","53834758","53834908","31","43685880"
"chr9","10149063","10149168","chr3","34904438","34904544","19","24755375"
"chr9","10230055","10230395","chr9","10332581","10332890","39","102526"
"chr9","10263300","10263594","chr9","10370484","10370778","11","107184"
"chr9","10326097","10326263","chr9","10432729","10432909","21","106632"
"chr9","10384091","10384291","chr9","10489912","10490112","9","105821"
"chr9","10493888","10494190","chr3","83608844","83609144","56","73114956"
"chr9","10496174","10496400","chr9","10602100","10602326","6","105926"
"chr9","10505492","10505777","chr9","10614530","10614797","27","109038"
"chr9","10546310","10546434","chr9","10656825","10656949","6","110515"
"chr9","10690357","10690638","chr9","10799285","10799559","13","108928"
"chr9","10718989","10719277","chr9","10827786","10828093","28","108797"
"chr9","10804155","10804412","chr9","10914465","10914727","13","110310"
"chr9","10883470","10883737","chr9","10995735","10996024","41","112265"
"chr9","10923277","10923415","chr7","77772809","77772948","35","66849532"
"chr9","10932410","10932508","chr9","11049350","11049448","4","116940"
"chr9","10936602","10936920","chr9","11053510","11053784","58","116908"
"chr9","10973444","10973548","chr11","32099529","32099629","27","21126085"
"chr9","10973593","10973604","chr6","128359960","128359970","5","117386367"
"chr9","11020248","11020527","chr9","11138131","11138406","9","117883"
"chr9","11120897","11121194","chr9","11238702","11239004","25","117805"
"chr9","11185973","11186287","chr9","11303688","11304002","11","117715"
"chr9","11247031","11247192","chr9","11365410","11365570","7","118379"
"chr9","11257929","11258216","chr9","11376305","11376597","11","118376"
"chr9","11409146","11409442","chr20","17502358","17502661","56","6093212"
"chr9","11430817","11430874","chr13","22939115","22939175","11","11508298"
"chr9","11438296","11438587","chr9","11559169","11559461","14","120873"
"chr9","11460641","11460832","chr9","11581571","11581762","3","120930"
"chr9","11476967","11477275","chr11","26789186","26789492","61","15312219"
"chr9","11488583","11488872","chr9","11609387","11609676","7","120804"
"chr9","11509012","11509309","chr9","11629730","11630039","21","120718"
"chr9","11566096","11566422","chr15","40385272","40385592","83","28819176"
"chr9","11625922","11626209","chr9","11747677","11747963","7","121755"
"chr9","11703352","11703625","chr9","11824512","11824785","9","121160"
"chr9","11739742","11740054","chr9","11865408","11865720","13","125666"
"chr9","11756923","11757050","chr9","11882569","11882696","0","125646"
"chr9","11761541","11761836","chrX","49864269","49864563","55","38102728"
"chr9","11764555","11764693","chr9","11890004","11890144","6","125449"
"chr9","11765851","11765987","chr9","11891311","11891437","11","125460"
"chr9","11776971","11777231","chr9","11905642","11905902","4","128671"
"chr9","11816876","11816892","chr7","131755732","131755746","6","119938856"
"chr9","11816940","11817207","chr9","11945401","11945669","5","128461"
"chr9","11826698","11826927","chr9","11955086","11955355","46","128388"
"chr9","11829358","11829495","chr9","60332190","60332322","24","48502832"
"chr9","11844272","11844543","chr9","11972874","11973133","21","128602"
"chr9","11846698","11847003","chr2","179000441","179000727","80","167153743"
"chr9","11848175","11848483","chr9","11976452","11976757","20","128277"
"chr9","11849350","11849575","chr15","103928783","103929006","43","92079433"
"chr9","11855697","11856042","chr19","17372903","17373226","100","5517206"
"chr9","11871182","11871484","chr9","11999730","12000000","46","128548"
"chr9","11873522","11873818","chr9","12002089","12002385","10","128567"
"chr9","11880001","11880284","chr9","12008224","12008511","14","128223"
"chr9","11881625","11881928","chr9","12009849","12010148","12","128224"
"chr9","11916311","11916603","chr9","12049637","12049929","13","133326"
"chr9","11935433","11935719","chr9","12070047","12070333","7","134614"
"chr9","11977732","11978023","chr9","12121154","12121445","8","143422"
"chr9","12014478","12014811","chr1","45957891","45958204","81","33943413"
"chr9","12026454","12026621","chr9","12171008","12171175","4","144554"
"chr9","12056238","12056544","chr9","12201850","12202133","29","145612"
"chr9","12072023","12072300","chr9","12218784","12219062","6","146761"
"chr9","12075114","12075241","chr9","12221871","12221998","3","146757"
"chr9","12107897","12108192","chr9","12254688","12254983","13","146791"
"chr9","12118980","12119310","chr9","12265574","12265886","28","146594"
"chr9","12132066","12132337","chr9","12282559","12282839","22","150493"
"chr9","12155445","12155554","chr9","12303533","12303642","1","148088"
"chr9","12157431","12157727","chr3","42406924","42407215","55","30249493"
"chr9","12159054","12159349","chr9","12307101","12307397","11","148047"
"chr9","12176317","12176633","chr9","12324861","12325179","11","148544"
"chr9","12196603","12196799","chr9","12343848","12344048","10","147245"
"chr9","12211930","12212215","chr9","12361637","12361942","23","149707"
"chr9","12223141","12223267","chr9","12372754","12372877","8","149613"
"chr9","12262398","12262696","chr9","12412622","12412919","3","150224"
"chr9","12271967","12272062","chr9","12422184","12422268","12","150217"
"chr9","12288419","12288559","chr4","42430406","42430545","27","30141987"
"chr9","12288831","12288967","chr1","16467960","16468099","37","4179129"
"chr9","12303510","12303680","chr9","12454755","12454930","11","151245"
"chr9","12318447","12318726","chr6","162028153","162028437","60","149709706"
"chr9","12333047","12333172","chr1","52522560","52522684","20","40189513"
"chr9","12344324","12344617","chr11","110955091","110955386","65","98610767"
"chr9","12346843","12347145","chr13","19466338","19466639","63","7119495"
"chr9","12363136","12363422","chr9","12503524","12503809","16","140388"
"chr9","12370933","12371225","chr9","12505195","12505484","14","134262"
"chr9","12399011","12399306","chr9","12541956","12542251","7","142945"
"chr9","12401053","12401243","chr19","2928968","2929154","51","9472085"
"chr9","12401536","12401667","chr7","5844580","5844712","19","6556956"
"chr9","12404444","12404602","chr9","12547126","12547284","2","142682"
"chr9","12420439","12420598","chr9","12562741","12562899","11","142302"
"chr9","12423651","12423770","chr1","102500127","102500243","23","90076476"
"chr9","12425839","12426118","chr9","12568054","12568326","15","142215"
"chr9","12434810","12435122","chr4","69376577","69376888","69","56941767"
"chr9","12436037","12436318","chr9","12578238","12578517","17","142201"
"chr9","12449380","12449503","chr9","12591580","12591703","1","142200"
"chr9","12474842","12474857","chr7","125655255","125655271","3","113180413"
"chr9","12475167","12475338","chr7","81078238","81078402","35","68603071"
"chr9","12475634","12475739","chr2","76990548","76990657","20","64514914"
"chr9","12482970","12483110","chr9","12625020","12625136","24","142050"
"chr9","12503532","12503828","chr9","12644448","12644738","8","140916"
"chr9","12520406","12520711","chr1","15511657","15511964","53","2991251"
"chr9","12531684","12531951","chr9","12674531","12674798","5","142847"
"chr9","12572228","12572463","chr3","37127940","37128174","52","24555712"
"chr9","12621483","12621762","chr9","12761987","12762271","10","140504"
"chr9","12625638","12625826","chr19","14916432","14916613","43","2290794"
"chr9","12626150","12626274","chr13","60075494","60075618","25","47449344"
"chr9","12647768","12647933","chr9","12789150","12789315","5","141382"
"chr9","12660439","12660597","chr9","12801769","12801933","10","141330"
"chr9","12681454","12681749","chr9","12824074","12824377","16","142620"
"chr9","12684216","12684520","chr5","151429","151738","62","12532787"
"chr9","12781389","12781608","chr13","72755801","72756011","46","59974412"
"chr9","12820601","12820886","chr3","44017542","44017830","56","31196941"
"chr9","12821422","12821729","chr16","71222728","71223035","58","58401306"
"chr9","12828711","12828847","chr2","65864891","65865027","20","53036180"
"chr9","12847755","12848061","chr9","12991026","12991341","17","143271"
"chr9","12887940","12888254","chr10","61075323","61075630","59","48187383"
"chr9","12898179","12898455","chr9","13036697","13036972","10","138518"
"chr9","12919645","12919942","chr9","13058158","13058455","5","138513"
"chr9","12925143","12925465","chr9","13064256","13064569","21","139113"
"chr9","12928809","12929096","chr9","13067936","13068223","4","139127"
"chr9","12948126","12948440","chr9","13087199","13087475","50","139073"
"chr9","12965367","12965645","chr9","13104996","13105274","9","139629"
"chr9","12997540","12997734","chr1","114766685","114766871","45","101769145"
"chr9","12998007","12998154","chr7","42742260","42742396","34","29744253"
"chr9","13021305","13021553","chr9","13161201","13161499","56","139896"
"chr9","13072630","13072764","chr20","10415874","10415996","25","2656756"
"chr9","13087153","13087454","chr9","13234673","13234980","14","147520"
"chr9","13096057","13096338","chr10","80651039","80651327","55","67554982"
"chr9","13097715","13098015","chr9","13244904","13245203","4","147189"
"chr9","13212164","13212489","chr7","15107994","15108309","62","1895830"
"chr9","13213371","13213619","chr9","13378036","13378284","2","164665"
"chr9","13233575","13233692","chr20","21847734","21847849","20","8614159"
"chr9","13238472","13238757","chr9","13402215","13402499","13","163743"
"chr9","13248555","13248867","chr9","13413741","13414047","15","165186"
"chr9","13252948","13253116","chr3","45464941","45465102","31","32211993"
"chr9","13253144","13253290","chr5","158084895","158085039","31","144831751"
"chr9","13261774","13261937","chr9","13426209","13426372","9","164435"
"chr9","13267464","13267764","chr9","13433174","13433474","6","165710"
"chr9","13269681","13269828","chr9","43202063","43202213","33","29932382"
"chr9","13280962","13281254","chr9","13443433","13443720","11","162471"
"chr9","13307850","13307986","chr9","13471811","13471943","7","163961"
"chr9","13321720","13322043","chr6","46739041","46739356","66","33417321"
"chr9","13333022","13333151","chr9","13499061","13499190","1","166039"
"chr9","13346504","13346630","chr9","13506289","13506415","1","159785"
"chr9","13389100","13389262","chr9","13548318","13548479","5","159218"
"chr9","13405123","13405412","chr10","36252607","36252906","57","22847484"
"chr9","13434148","13434442","chr9","13596256","13596551","11","162108"
"chr9","13455620","13455908","chr9","13617666","13617946","20","162046"
"chr9","13476498","13476672","chr13","42435054","42435223","37","28958556"
"chr9","13476699","13476788","chr17","26273161","26273239","21","12796462"
"chr9","13604140","13604303","chr9","13768631","13768794","6","164491"
"chr9","13709605","13709724","chr8","52122517","52122637","25","38412912"
"chr9","13718086","13718293","chr9","13883564","13883782","17","165478"
"chr9","13728213","13728504","chr9","13893608","13893914","23","165395"
"chr9","13764085","13764393","chr9","13929259","13929567","3","165174"
"chr9","13772633","13772904","chr9","13937864","13938134","15","165231"
"chr9","13783595","13783819","chr4","155204033","155204255","63","141420438"
"chr9","13793435","13793750","chr9","13958645","13958958","13","165210"
"chr9","13810589","13810876","chr9","13975358","13975645","11","164769"
"chr9","13828675","13828851","chr9","13993414","13993586","7","164739"
"chr9","13838004","13838276","chr9","14002709","14002981","7","164705"
"chr9","13855731","13855897","chr9","14020411","14020577","5","164680"
"chr9","13862147","13862434","chr9","14026808","14027087","15","164661"
"chr9","13877750","13878050","chr9","14042159","14042457","8","164409"
"chr9","13910804","13910987","chrX","13954261","13954444","35","43457"
"chr9","13940139","13940349","chr9","14103742","14103945","16","163603"
"chr9","13953086","13953364","chr9","14116770","14117046","6","163684"
"chr9","14007720","14007988","chr9","14171285","14171555","6","163565"
"chr9","14046550","14046824","chr9","14209878","14210202","58","163328"
"chr9","14066033","14066203","chr9","14229495","14229665","3","163462"
"chr9","14128933","14129062","chrX","124693111","124693241","20","110564178"
"chr9","14135147","14135286","chr9","14298893","14299029","6","163746"
"chr9","14164287","14164590","chr9","14328296","14328603","16","164009"
"chr9","14174225","14174546","chr9","14338204","14338525","9","163979"
"chr9","14212024","14212303","chr9","14376348","14376624","10","164324"
"chr9","14224672","14224853","chr9","14389020","14389185","18","164348"
"chr9","14246997","14247277","chr9","14411238","14411524","22","164241"
"chr9","14305988","14306290","chr9","14470078","14470380","10","164090"
"chr9","14343531","14343835","chr9","14507448","14507752","8","163917"
"chr9","14361926","14362112","chr9","14525801","14525986","13","163875"
"chr9","14376753","14377019","chr9","14540439","14540715","14","163686"
"chr9","14510722","14511005","chr9","14674688","14674971","7","163966"
"chr9","14525512","14525563","chr11","104618562","104618606","11","90093050"
"chr9","14531529","14531785","chr9","14695295","14695552","11","163766"
"chr9","14625167","14625286","chr9","14787562","14787681","3","162395"
"chr9","14734323","14734404","chr15","103819277","103819358","16","89084954"
"chr9","14784058","14784205","chr5","173571563","173571715","32","158787505"
"chr9","14813566","14813719","chr9","14978790","14978956","19","165224"
"chr9","14836235","14836544","chr13","68708801","68709111","61","53872566"
"chr9","14879291","14879595","chr3","83608844","83609144","60","68729553"
"chr9","14887576","14887764","chr9","15052725","15052913","0","165149"
"chr9","14893739","14894051","chr9","15058883","15059191","12","165144"
"chr9","14920024","14920300","chr9","15085230","15085498","10","165206"
"chr9","14927791","14928068","chr9","15093004","15093243","42","165213"
"chr9","14961208","14961497","chr9","15127132","15127436","25","165924"
"chr9","14967056","14967257","chr1","56879159","56879363","42","41912103"
"chr9","15070415","15070714","chr2","69697369","69697666","58","54626954"
"chr9","15110951","15111247","chr9","15279866","15280171","19","168915"
"chr9","15119785","15120066","chr9","15288426","15288708","10","168641"
"chr9","15132448","15132764","chr9","15298772","15299084","14","166324"
"chr9","15139212","15139520","chr9","15305530","15305824","17","166318"
"chr9","15151712","15152015","chr9","15319152","15319456","18","167440"
"chr9","15159013","15159286","chr9","15326011","15326287","10","166998"
"chr9","15163373","15163496","chr9","15330367","15330490","6","166994"
"chr9","15164309","15164454","chr3","149948194","149948328","30","134783885"
"chr9","15164755","15164920","chr1","17265325","17265490","28","2100570"
"chr9","15165904","15166140","chr1","60074158","60074388","54","44908254"
"chr9","15169828","15170118","chr9","15336783","15337071","3","166955"
"chr9","15172829","15172982","chr5","34361044","34361193","34","19188215"
"chr9","15173281","15173417","chr1","125033669","125033802","22","109860388"
"chr9","15175653","15175950","chr9","15344751","15345048","11","169098"
"chr9","15198319","15198628","chr9","15365425","15365732","15","167106"
"chr9","15200531","15200818","chr9","15367943","15368229","7","167412"
"chr9","15210519","15210800","chr9","15379609","15379843","52","169090"
"chr9","15211100","15211412","chr9","15380182","15380471","36","169082"
"chr9","15244893","15245195","chr9","15413431","15413733","13","168538"
"chr9","15286247","15286552","chr9","15454491","15454790","24","168244"
"chr9","15293609","15293915","chr9","15462212","15462518","12","168603"
"chr9","15311516","15311748","chr9","15476129","15476361","14","164613"
"chr9","15329445","15329718","chr9","15491866","15492121","22","162421"
"chr9","15347768","15348058","chr11","112831862","112832162","62","97484094"
"chr9","15350032","15350314","chr9","15514486","15514776","20","164454"
"chr9","15402829","15402984","chr9","15568070","15568225","3","165241"
"chr9","15407454","15407698","chr8","35894506","35894750","56","20487052"
"chr9","15416059","15416238","chr9","15579138","15579323","13","163079"
"chr9","15418931","15419232","chr9","15582015","15582315","4","163084"
"chr9","15430286","15430572","chr16","25481386","25481661","61","10051100"
"chr9","15478221","15478383","chr9","15644819","15644981","3","166598"
"chr9","15492641","15492806","chr9","15659131","15659290","9","166490"
"chr9","15504589","15504870","chr9","15670672","15670952","11","166083"
"chr9","15525781","15526059","chr9","15690026","15690300","14","164245"
"chr9","15557973","15558236","chr9","15721714","15721974","17","163741"
"chr9","15568487","15568769","chr2","50678937","50679211","64","35110450"
"chr9","15568810","15568837","chr16","31975848","31975874","8","16407038"
"chr9","15630173","15630484","chr9","15794533","15794832","15","164360"
"chr9","15654260","15654558","chr9","15818319","15818619","4","164059"
"chr9","15684211","15684471","chr3","178207317","178207569","62","162523106"
"chr9","15697178","15697495","chr9","15861585","15861894","17","164407"
"chr9","15712563","15712861","chr17","24773442","24773743","62","9060879"
"chr9","15786985","15787147","chr9","15950933","15951095","4","163948"
"chr9","15911724","15912018","chr9","16073582","16073876","12","161858"
"chr9","15922603","15922756","chr9","16084504","16084657","7","161901"
"chr9","15973099","15973375","chr9","16139122","16139403","23","166023"
"chr9","15996621","15996926","chr5","31060722","31061034","69","15064101"
"chr9","16052601","16052886","chr9","16218295","16218579","12","165694"
"chr9","16215531","16215628","chr14","64989897","64989991","26","48774366"
"chr9","16228161","16228460","chr9","16396420","16396705","19","168259"
"chr9","16234439","16234748","chr8","89315409","89315713","58","73080970"
"chr9","16237633","16237738","chr1","219993184","219993287","21","203755551"
"chr9","16260002","16260101","chr9","16428079","16428182","6","168077"
"chr9","16277906","16278187","chr9","16445261","16445537","19","167355"
"chr9","16282159","16282466","chr9","16449557","16449859","9","167398"
"chr9","16309482","16309743","chr9","16477117","16477379","11","167635"
"chr9","16313025","16313329","chr9","16480457","16480760","13","167432"
"chr9","16314401","16314686","chr9","16481870","16482154","12","167469"
"chr9","16315351","16315611","chr9","16482819","16483079","3","167468"
"chr9","16318932","16319058","chr5","74519379","74519510","19","58200447"
"chr9","16321390","16321652","chr9","16489638","16489900","11","168248"
"chr9","16322854","16323157","chr9","16491104","16491401","25","168250"
"chr9","16326798","16327099","chr3","42797704","42797994","74","26470906"
"chr9","16333078","16333221","chr1","179717698","179717839","35","163384620"
"chr9","16333528","16333695","chr11","122461571","122461737","32","106128043"
"chr9","16334309","16334622","chr9","16503828","16504099","52","169519"
"chr9","16346984","16347281","chr9","16516230","16516508","34","169246"
"chr9","16350373","16350666","chr9","16519589","16519882","6","169216"
"chr9","16370310","16370481","chr1","85260492","85260663","32","68890182"
"chr9","16370788","16370927","chr1","30077769","30077907","28","13706981"
"chr9","16371817","16372071","chr9","16540195","16540479","37","168378"
"chr9","16380868","16381137","chr9","16549277","16549549","8","168409"
"chr9","16382891","16383169","chr9","16551294","16551575","8","168403"
"chr9","16385260","16385384","chr8","135548043","135548167","18","119162783"
"chr9","16400327","16400615","chr9","16568977","16569265","5","168650"
"chr9","16414405","16414644","chr9","16582984","16583225","7","168579"
"chr9","16445275","16445406","chr4","118768927","118769049","28","102323652"
"chr9","16512550","16512724","chr7","15347123","15347293","47","1165427"
"chr9","16553459","16553577","chrX","38461974","38462095","18","21908515"
"chr9","16571802","16571910","chr7","91918197","91918303","21","75346395"
"chr9","16637895","16638186","chr9","16801284","16801575","7","163389"
"chr9","16644680","16644966","chr9","16808416","16808712","15","163736"
"chr9","16695795","16696087","chr18","13979608","13979902","55","2716187"
"chr9","16700047","16700328","chr9","16864207","16864470","23","164160"
"chr9","16728663","16728897","chr7","36776772","36777003","72","20048109"
"chr9","16733944","16734225","chr2","147077750","147078028","66","130343806"
"chr9","16774884","16775192","chr9","39164042","39164351","33","22389158"
"chr9","16884214","16884517","chr1","56285480","56285775","72","39401266"
"chr9","16955748","16956036","chr4","14005906","14006193","63","2949842"
"chr9","16958926","16959229","chr20","25004689","25004990","55","8045763"
"chr9","17076598","17076869","chr2","45817255","45817528","56","28740657"
"chr9","17117233","17117515","chr1","85860621","85860902","56","68743388"
"chr9","17171120","17171424","chr2","163807549","163807855","66","146636429"
"chr9","17178635","17178915","chr19","28733872","28734154","61","11555237"
"chr9","17248455","17248752","chr9","16931768","16932065","10","316687"
"chr9","17250903","17251212","chr9","16934223","16934516","29","316680"
"chr9","17251697","17252014","chr9","16935001","16935330","30","316696"
"chr9","17254220","17254530","chr9","16937528","16937839","13","316692"
"chr9","17262308","17262623","chr9","16945593","16945907","19","316715"
"chr9","17295187","17295461","chr9","16979675","16979949","1","315512"
"chr9","17338571","17338727","chr9","17023051","17023207","4","315520"
"chr9","17351767","17352006","chr9","17035396","17035635","9","316371"
"chr9","17356046","17356287","chr9","17039668","17039907","6","316378"
"chr9","17364810","17365067","chr9","17048543","17048815","26","316267"
"chr9","17387075","17387258","chr10","60658223","60658387","39","43271148"
"chr9","17408842","17409029","chr9","93467248","93467431","52","76058406"
"chr9","17422568","17422855","chr16","39673596","39673875","71","22251028"
"chr9","17438412","17438523","chr9","17122739","17122850","4","315673"
"chr9","17458472","17458630","chr9","17142813","17142971","4","315659"
"chr9","17463488","17463789","chr9","17148446","17148736","23","315042"
"chr9","17464606","17464911","chr9","17149555","17149861","11","315051"
"chr9","17473736","17473866","chr5","32677518","32677651","18","15203782"
"chr9","17501309","17501593","chr11","120582890","120583169","61","103081581"
"chr9","17504485","17504766","chr9","17189088","17189379","19","315397"
"chr9","17537014","17537314","chrX","14229260","14229558","57","3307754"
"chr9","17556668","17556991","chr9","17243132","17243451","11","313536"
"chr9","17608220","17608402","chr11","127865830","127865994","50","110257610"
"chr9","17686116","17686385","chr20","30594645","30594928","54","12908529"
"chr9","17697597","17697927","chr9","17395165","17395461","41","302432"
"chr9","17730049","17730179","chr9","7740018","7740147","24","9990031"
"chr9","17730824","17731116","chr9","17430292","17430585","7","300532"
"chr9","17737553","17737852","chr2","93331211","93331510","57","75593658"
"chr9","17761921","17762226","chr9","17461115","17461420","4","300806"
"chr9","17779452","17779576","chr9","17478729","17478853","1","300723"
"chr9","17791441","17791566","chr9","17490300","17490425","2","301141"
"chr9","17801346","17801661","chr9","124749453","124749756","56","106948107"
"chr9","17822922","17823211","chr6","84892591","84892868","93","67069669"
"chr9","17834248","17834526","chr9","17533424","17533702","16","300824"
"chr9","17918233","17918518","chr9","17617458","17617748","14","300775"
"chr9","17921685","17921987","chr3","33146437","33146743","70","15224752"
"chr9","18052207","18052505","chr10","22540304","22540597","63","4488097"
"chr9","18054456","18054728","chr9","17750753","17751035","22","303703"
"chr9","18102626","18102768","chr9","17800743","17800896","18","301883"
"chr9","18123836","18124117","chr9","17820058","17820337","5","303778"
"chr9","18143686","18143804","chr9","17840193","17840310","2","303493"
"chr9","18143856","18144127","chr9","17840360","17840631","12","303496"
"chr9","18161337","18161632","chr2","187012422","187012719","58","168851085"
"chr9","18180560","18180868","chr9","17876289","17876609","31","304271"
"chr9","18191920","18192206","chr9","17887662","17887948","9","304258"
"chr9","18222604","18222845","chr7","161454139","161454377","51","143231535"
"chr9","18233156","18233464","chr9","17928809","17929117","14","304347"
"chr9","18233730","18234008","chr9","17935037","17935346","43","298693"
"chr9","18244936","18245264","chr9","17946459","17946786","38","298477"
"chr9","18246022","18246322","chr7","128914763","128915065","65","110668741"
"chr9","18252611","18252890","chr9","17954038","17954346","37","298573"
"chr9","18266747","18267029","chr9","17968128","17968409","7","298619"
"chr9","18302097","18302233","chr1","30376985","30377119","19","12074888"
"chr9","18357516","18357823","chr9","18059522","18059829","6","297994"
"chr9","18361712","18362010","chr9","18063717","18064018","10","297995"
"chr9","18366855","18366979","chr9","18068429","18068552","1","298426"
"chr9","18372624","18372877","chr4","34091098","34091347","60","15718474"
"chr9","18380223","18380387","chr9","18082122","18082286","3","298101"
"chr9","18384305","18384596","chr9","18086182","18086479","33","298123"
"chr9","18389315","18389592","chr15","11585308","11585590","65","6804007"
"chr9","18393454","18393737","chr9","18095159","18095452","23","298295"
"chr9","18394441","18394566","chr14","4039346","4039469","19","14355095"
"chr9","18423592","18423895","chr9","18127079","18127384","12","296513"
"chr9","18454566","18454837","chr9","18154320","18154598","27","300246"
"chr9","18458643","18458933","chr9","18158418","18158709","11","300225"
"chr9","18574010","18574326","chr9","18277988","18278272","37","296022"
"chr9","18604812","18604935","chr9","18308934","18309057","4","295878"
"chr9","18622312","18622512","chr9","12972327","12972512","67","5649985"
"chr9","18622560","18622675","chr14","18311687","18311805","24","310873"
"chr9","18626951","18627084","chr9","18331179","18331312","0","295772"
"chr9","18633154","18633415","chr9","18337328","18337614","33","295826"
"chr9","18642053","18642348","chr9","18345386","18345681","8","296667"
"chr9","18721738","18721873","chr9","18425931","18426066","6","295807"
"chr9","18726984","18727307","chr9","18431173","18431504","15","295811"
"chr9","18749336","18749622","chr9","18457325","18457611","2","292011"
"chr9","18790768","18790909","chr8","123557949","123558084","25","104767181"
"chr9","18800518","18800800","chr13","103157704","103157992","63","84357186"
"chr9","19134404","19134715","chr9","18847905","18848217","4","286499"
"chr9","19273367","19273659","chr9","18988542","18988837","15","284825"
"chr9","19291057","19291289","chr9","19006929","19007161","3","284128"
"chr9","19312089","19312406","chr9","19021918","19022235","11","290171"
"chr9","19327896","19328058","chr9","19041800","19041958","9","286096"
"chr9","19466232","19466413","chr8","75679984","75680159","46","56213752"
"chr9","19466465","19466575","chr13","67633032","67633141","17","48166567"
"chr9","19616120","19616430","chr9","19326845","19327151","17","289275"
"chr9","19662233","19662324","chr13","44041547","44041638","19","24379314"
"chr9","19695270","19695449","chr9","19406645","19406820","12","288625"
"chr9","19695485","19695605","chr12","94373386","94373505","23","74677901"
"chr9","19738819","19739123","chr1","33809672","33809974","59","14070853"
"chr9","19740926","19741182","chr8","36091741","36092002","65","16350815"
"chr9","19786660","19786931","chr9","19498501","19498796","34","288159"
"chr9","19896080","19896403","chr1","26482556","26482849","85","6586476"
"chr9","19921663","19921969","chr9","19635123","19635421","17","286540"
"chr9","19970972","19971268","chr9","19683283","19683592","17","287689"
"chr9","19971280","19971445","chr9","19683599","19683756","13","287681"
"chr9","20052793","20052937","chr9","19765561","19765705","6","287232"
"chr9","20056755","20056899","chr8","15054262","15054402","31","5002493"
"chr9","20070767","20070889","chr9","19784379","19784501","3","286388"
"chr9","20072848","20073065","chr9","19786467","19786684","5","286381"
"chr9","20073070","20073113","chr10","66265928","66265974","8","46192858"
"chr9","20126272","20126564","chr9","19837751","19838044","9","288521"
"chr9","20135872","20136164","chr9","19847562","19847853","5","288310"
"chr9","20174504","20174553","chr9","19886817","19886866","1","287687"
"chr9","20228066","20228186","chr2","65950819","65950936","27","45722753"
"chr9","20228239","20228374","chr3","47448382","47448528","41","27220143"
"chr9","20293478","20293778","chr9","20005057","20005356","10","288421"
"chr9","20339406","20339692","chr9","20051007","20051294","9","288399"
"chr9","20392415","20392584","chr9","20102994","20103164","7","289421"
"chr9","20573597","20573890","chr9","20291483","20291774","5","282114"
"chr9","20606413","20606558","chr9","20324074","20324219","3","282339"
"chr9","20618717","20619022","chr9","20336371","20336676","11","282346"
"chr9","20632079","20632375","chr9","20349464","20349761","5","282615"
"chr9","20694312","20694399","chr9","20409536","20409625","7","284776"
"chr9","20749363","20749657","chr9","20468367","20468661","2","280996"
"chr9","20795578","20795711","chr10","32000236","32000365","24","11204658"
"chr9","20833458","20833769","chr9","20553224","20553535","10","280234"
"chr9","20868134","20868410","chr9","20589323","20589600","15","278811"
"chr9","20884318","20884400","chr9","20604180","20604262","2","280138"
"chr9","20904929","20905084","chr20","49105867","49106023","25","28200938"
"chr9","20905976","20906267","chr3","34747936","34748225","53","13841960"
"chr9","20919058","20919340","chr9","20640456","20640736","8","278602"
"chr9","20929408","20929723","chr9","20652747","20653057","12","276661"
"chr9","21026900","21027168","chr9","20751348","20751617","11","275552"
"chr9","21047095","21047223","chr7","137532073","137532197","23","116484978"
"chr9","21059675","21059975","chr9","20784459","20784756","9","275216"
"chr9","21068837","21069197","chr13","41648744","41649068","104","20579907"
"chr9","21077130","21077411","chr9","20803593","20803868","10","273537"
"chr9","21084125","21084421","chr11","103450100","103450397","65","82365975"
"chr9","21096279","21096576","chr9","20829914","20830209","10","266365"
"chr9","21097406","21097583","chr9","20831370","20831543","41","266036"
"chr9","21120915","21121197","chr2","116029919","116030193","61","94909004"
"chr9","21129858","21130025","chr12","33924575","33924738","36","12794717"
"chr9","21130339","21130520","chr3","39323973","39324142","46","18193634"
"chr9","21155373","21155539","chr16","74286375","74286537","47","53131002"
"chr9","21155844","21155978","chr4","84764886","84765021","22","63609042"
"chr9","21159895","21160056","chr9","57020362","57020526","42","35860467"
"chr9","21161626","21161807","chr1","56026077","56026234","46","34864451"
"chr9","21170155","21170436","chr9","20898100","20898380","9","272055"
"chr9","21181242","21181532","chr9","20910129","20910408","23","271113"
"chr9","21189590","21189886","chr9","20921937","20922233","4","267653"
"chr9","21192407","21192697","chr9","20923721","20924011","6","268686"
"chr9","21193845","21194155","chr9","20925154","20925464","10","268691"
"chr9","21214850","21215202","chr9","20948866","20949174","55","265984"
"chr9","21215589","21215748","chr9","20949561","20949721","3","266028"
"chr9","21225152","21225339","chr8","98047098","98047277","45","76821946"
"chr9","21237376","21237690","chr9","20969100","20969408","11","268276"
"chr9","21241905","21242033","chr9","20973896","20974024","0","268009"
"chr9","21246652","21246951","chr9","20978607","20978901","14","268045"
"chr9","21252680","21252994","chrX","1880328","1880639","57","19372352"
"chr9","21267848","21268154","chr9","20998868","20999174","9","268980"
"chr9","21280427","21280729","chr2","144697481","144697780","51","123417054"
"chr9","21346226","21346391","chr11","122461571","122461737","36","101115345"
"chr9","21346683","21346796","chr1","29415376","29415486","24","8068693"
"chr9","21369084","21369384","chr9","21111617","21111910","15","257467"
"chr9","21384310","21384487","chr9","21129045","21129221","9","255265"
"chr9","21391476","21391609","chr9","21140526","21140645","18","250950"
"chr9","21392309","21392583","chr9","21141352","21141626","10","250957"
"chr9","21395131","21395417","chr7","131944095","131944393","66","110548964"
"chr9","21415642","21416013","chr1","185248629","185248966","104","163832987"
"chr9","21421411","21421707","chr9","21170422","21170718","4","250989"
"chr9","21429528","21429836","chr9","21178607","21178914","14","250921"
"chr9","21440169","21440435","chr9","21189525","21189800","11","250644"
"chr9","21448011","21448193","chr9","21197717","21197870","33","250294"
"chr9","21494406","21494695","chr9","21244235","21244526","6","250171"
"chr9","21515909","21516233","chr9","21265240","21265570","39","250669"
"chr9","21549984","21550122","chr6","37194721","37194857","26","15644737"
"chr9","21553775","21553930","chr9","21302876","21303022","26","250899"
"chr9","21716439","21716743","chr9","21465890","21466194","8","250549"
"chr9","21724252","21724383","chr9","21473698","21473829","2","250554"
"chr9","21814057","21814337","chr9","21562852","21563131","7","251205"
"chr9","21825748","21825872","chr9","21574488","21574619","7","251260"
"chr9","21840825","21841170","chr14","69537803","69538123","88","47696978"
"chr9","21854522","21854687","chr11","108998568","108998729","34","87144046"
"chr9","21854726","21854844","chr15","25563550","25563666","21","3708824"
"chr9","21893983","21894298","chr9","21646213","21646528","5","247770"
"chr9","21909861","21910152","chr9","21663592","21663882","9","246269"
"chr9","21923802","21924099","JH681411","19419","19712","79","21904383"
"chr9","21940701","21940999","chr9","21693844","21694142","7","246857"
"chr9","21967604","21967762","chr14","61682586","61682743","35","39714982"
"chr9","21967802","21967885","chr14","61990635","61990718","15","40022833"
"chr9","21972383","21972641","chr9","21728272","21728535","12","244111"
"chr9","21977916","21978194","chr9","21734087","21734365","3","243829"
"chr9","22021281","22021541","chr9","21777171","21777459","40","244110"
"chr9","22046630","22046942","chr9","21802413","21802727","21","244217"
"chr9","22047654","22047811","chr9","21803439","21803596","3","244215"
"chr9","22075095","22075368","chr9","21831584","21831860","10","243511"
"chr9","22171962","22172253","chr9","21930181","21930473","7","241781"
"chr9","22215002","22215197","chr2","60465075","60465255","44","38250073"
"chr9","22215480","22215599","chr14","968276","968398","29","21247204"
"chr9","22220008","22220193","chr19","14916432","14916613","38","7303576"
"chr9","22220493","22220621","chr1","135097790","135097920","16","112877297"
"chr9","22222363","22222525","chr9","21978017","21978182","8","244346"
"chr9","22224081","22224376","chr9","21979738","21980032","6","244343"
"chr9","22238490","22238812","chr9","21994410","21994734","10","244080"
"chr9","22252675","22252950","chr9","22008632","22008907","6","244043"
"chr9","22254252","22254431","chr9","22010199","22010379","7","244053"
"chr9","22257113","22257291","chr9","22013067","22013240","6","244046"
"chr9","22267633","22267745","chr9","22023585","22023697","3","244048"
"chr9","22282040","22282164","chr9","22037535","22037659","0","244505"
"chr9","22283592","22283873","chr9","22039074","22039353","5","244518"
"chr9","22316567","22316835","chr7","6232157","6232432","60","16084410"
"chr9","22317276","22317574","chr9","22076169","22076467","11","241107"
"chr9","22332080","22332360","chr9","22090959","22091240","6","241121"
"chr9","22359701","22359995","chr7","158019290","158019582","56","135659589"
"chr9","22371415","22371733","chr9","22129865","22130196","24","241550"
"chr9","22378071","22378353","chr9","22136575","22136857","5","241496"
"chr9","22380622","22380922","chr9","22139122","22139422","7","241500"
"chr9","22412957","22413274","chr9","22174752","22175069","8","238205"
"chr9","22420203","22420485","chr9","22182156","22182447","15","238047"
"chr9","22432418","22432711","chr9","22194389","22194685","5","238029"
"chr9","22465031","22465325","chr9","22225683","22225979","3","239348"
"chr9","22485180","22485459","chr9","22245894","22246187","21","239286"
"chr9","22486153","22486284","chr10","22835880","22836002","24","349727"
"chr9","22487347","22487628","chr11","108558519","108558799","52","86071172"
"chr9","22489623","22489746","chr11","83106800","83106921","18","60617177"
"chr9","22489769","22490072","chr13","29291060","29291362","75","6801291"
"chr9","22510904","22511217","chr9","22272068","22272380","7","238836"
"chr9","22564403","22564593","chr9","22324595","22324785","2","239808"
"chr9","22566584","22566904","chr11","112395307","112395621","66","89828723"
"chr9","22569993","22570297","chr9","22330496","22330799","13","239497"
"chr9","22613136","22613430","chr9","22374185","22374479","10","238951"
"chr9","22671514","22671617","chr9","22432455","22432558","1","239059"
"chr9","22747184","22747496","chr14","69537803","69538123","64","46790619"
"chr9","22810849","22811141","chr9","22572248","22572540","6","238601"
"chr9","22833748","22834052","chr9","22595078","22595382","8","238670"
"chr9","22838493","22838786","chr9","22599698","22599987","11","238795"
"chr9","22841804","22842097","chr9","22603005","22603304","42","238799"
"chr9","22843061","22843349","chr20","20558127","20558416","50","2284934"
"chr9","22895803","22896111","chr9","22657778","22658088","11","238025"
"chr9","22993190","22993501","chr9","22755874","22756180","15","237316"
"chr9","23028873","23029143","chr9","22797819","22798113","33","231054"
"chr9","23050562","23050858","chr9","22819653","22819943","16","230909"
"chr9","23053267","23053549","chr9","22822392","22822674","4","230875"
"chr9","23055139","23055434","chr9","22824257","22824552","5","230882"
"chr9","23059770","23060052","chr9","22828915","22829197","6","230855"
"chr9","23075510","23075674","chr9","22844652","22844816","4","230858"
"chr9","23097965","23098275","chr9","22866974","22867286","11","230991"
"chr9","23099402","23099541","chr9","22868427","22868566","4","230975"
"chr9","23104295","23104476","chr9","22872848","22873032","7","231447"
"chr9","23107459","23107750","chr9","22875996","22876284","15","231463"
"chr9","23113589","23113880","chr9","22882095","22882406","47","231494"
"chr9","23115539","23115830","chr9","22884051","22884341","5","231488"
"chr9","23119397","23119706","chr9","22887870","22888130","60","231527"
"chr9","23121591","23121892","chr3","44863353","44863658","63","21741762"
"chr9","23123838","23123945","chr7","85387348","85387456","19","62263510"
"chr9","23128827","23129144","chr9","22897216","22897527","19","231611"
"chr9","23143713","23143848","chr9","22912985","22913102","20","230728"
"chr9","23147705","23147859","chr9","22916985","22917151","20","230720"
"chr9","23148393","23148691","chr9","22917688","22917985","3","230705"
"chr9","23151544","23151670","chr6","101079318","101079440","26","77927774"
"chr9","23151703","23152014","chr2","172913754","172914059","59","149762051"
"chr9","23153893","23154178","chr1","117932992","117933280","57","94779099"
"chr9","23157416","23157725","chr9","22933455","22933762","11","223961"
"chr9","23160615","23160774","chr12","41596806","41596966","42","18436191"
"chr9","23163870","23164175","chr6","101395446","101395748","61","78231576"
"chr9","23164433","23164612","chr9","22928764","22928943","9","235669"
"chr9","23173030","23173158","chr11","49428643","49428772","16","26255613"
"chr9","23180702","23180835","chr9","22951082","22951215","1","229620"
"chr9","23196880","23197139","chr3","39073082","39073352","54","15876202"
"chr9","23199836","23199954","chr12","174216","174333","19","23025620"
"chr9","23200845","23201119","chr19","34305860","34306135","54","11105015"
"chr9","23212444","23212581","chr6","133305260","133305397","28","110092816"
"chr9","23252511","23252802","chr6","2913663","2913958","61","20338848"
"chr9","23254704","23254847","chr9","23030671","23030814","1","224033"
"chr9","23257451","23257762","chr9","23033419","23033728","10","224032"
"chr9","23263315","23263606","chr14","111501349","111501640","70","88238034"
"chr9","23265953","23266206","chr9","23042352","23042624","23","223601"
"chr9","23292484","23292646","chr9","23069175","23069337","6","223309"
"chr9","23298649","23298780","chr9","23075319","23075455","10","223330"
"chr9","23316370","23316653","chr9","23093178","23093459","12","223192"
"chr9","23317618","23317773","chr9","23094423","23094578","2","223195"
"chr9","23318841","23319122","chr9","23095647","23095928","13","223194"
"chr9","23323422","23323570","chr7","121748871","121749021","30","98425449"
"chr9","23366544","23366674","chr9","23142643","23142773","1","223901"
"chr9","23370067","23370354","chr9","23146184","23146508","43","223883"
"chr9","23384179","23384465","chr9","23164942","23165228","8","219237"
"chr9","23414869","23415174","chr9","23195641","23195950","18","219228"
"chr9","23427256","23427535","chr9","23209795","23210077","9","217461"
"chr9","23434537","23434823","chr9","23217409","23217697","16","217128"
"chr9","23493648","23493914","chr9","23279435","23279719","33","214213"
"chr9","23512520","23512643","chr9","23298216","23298339","0","214304"
"chr9","23699536","23699837","chr9","23482066","23482367","12","217470"
"chr9","23847852","23848173","chr9","23629601","23629927","13","218251"
"chr9","23874051","23874353","chr9","23655989","23656291","11","218062"
"chr9","23889496","23889779","chr9","23672330","23672618","13","217166"
"chr9","23925950","23926246","chr9","23708593","23708911","28","217357"
"chr9","23933614","23933875","chr9","23716327","23716586","9","217287"
"chr9","23936362","23936667","chr3","5358985","5359294","68","18577377"
"chr9","23969029","23969333","chr9","23753869","23754169","17","215160"
"chr9","23978128","23978389","chr9","23762927","23763190","5","215201"
"chr9","24062590","24062879","chr9","23847710","23847996","13","214880"
"chr9","24110614","24110920","chr9","23895259","23895571","13","215355"
"chr9","24121311","24121585","chr7","91837250","91837529","54","67715939"
"chr9","24254530","24254826","chr9","24037685","24037981","5","216845"
"chr9","24255603","24255919","chr9","24038753","24039059","17","216850"
"chr9","24262043","24262357","chr9","24045232","24045566","31","216811"
"chr9","24269580","24269875","chr11","110955091","110955386","63","86685511"
"chr9","24287498","24287671","chr9","24070628","24070803","7","216870"
"chr9","24296737","24296876","chr14","57521705","57521840","35","33224968"
"chr9","24296919","24297043","chr2","115614490","115614613","20","91317571"
"chr9","24323202","24323325","chr9","24110296","24110411","17","212906"
"chr9","24334507","24334714","chr3","37938883","37939081","78","13604376"
"chr9","24395767","24395928","chrX","20555504","20555664","33","3840263"
"chr9","24407221","24407389","chr1","28517728","28517896","42","4110507"
"chr9","24407417","24407540","chr1","52522560","52522684","17","28115143"
"chr9","24446581","24446889","chr9","24233479","24233782","11","213102"
"chr9","24461407","24461698","chr2","101104295","101104589","57","76642888"
"chr9","24468835","24468959","chr6","65199321","65199445","22","40730486"
"chr9","24508779","24509060","chr1","12291500","12291785","61","12217279"
"chr9","24523697","24524005","chr9","24313358","24313667","6","210339"
"chr9","24524600","24524862","chr9","24314261","24314523","12","210339"
"chr9","24526897","24527202","chr13","32650023","32650326","64","8123126"
"chr9","24538433","24538705","chr9","24328201","24328470","12","210232"
"chr9","24544920","24545143","chr13","30185956","30186171","56","5641036"
"chr9","24575769","24576075","chr9","24365319","24365625","5","210450"
"chr9","24583440","24583562","chr4","107623714","107623837","21","83040274"
"chr9","24589747","24590034","chr9","24380430","24380717","7","209317"
"chr9","24592397","24592713","chr9","24383125","24383440","3","209272"
"chr9","24593493","24593653","chr9","24384220","24384384","7","209273"
"chr9","24596761","24596919","chr9","24387498","24387657","7","209263"
"chr9","24606617","24606766","chr9","24396781","24396922","15","209836"
"chr9","24617674","24617954","chr9","24407879","24408186","35","209795"
"chr9","24629752","24630027","chr9","24419951","24420227","9","209801"
"chr9","24639628","24639909","chr9","24430014","24430303","31","209614"
"chr9","24685688","24685888","chr20","2222837","2223042","49","22462851"
"chr9","24791477","24791698","chr9","24585805","24586026","6","205672"
"chr9","24825687","24826000","chr9","24615508","24615822","7","210179"
"chr9","24843452","24843595","chr9","24633190","24633333","3","210262"
"chr9","24846343","24846498","chr9","24636079","24636217","19","210264"
"chr9","24854594","24854911","chr9","24644403","24644720","4","210191"
"chr9","24877707","24877999","chr9","24667174","24667466","8","210533"
"chr9","25024254","25024545","chr9","24823620","24823908","21","200634"
"chr9","25041181","25041487","chr9","24841387","24841700","24","199794"
"chr9","25089259","25089576","chr9","24894064","24894363","39","195195"
"chr9","25124378","25124552","chr19","44690688","44690858","39","19566310"
"chr9","25150571","25150746","chr5","38150450","38150621","43","12999879"
"chr9","25315226","25315538","chr9","25125811","25126128","10","189415"
"chr9","25353031","25353322","chr9","25169469","25169760","4","183562"
"chr9","25378950","25379243","chr9","25193726","25194016","19","185224"
"chr9","25386866","25387198","chr9","25201976","25202308","40","184890"
"chr9","25426386","25426680","chrX","121630607","121630904","55","96204221"
"chr9","25435919","25436208","chr19","26633938","26634232","59","1198019"
"chr9","25480950","25481093","chr2","178254556","178254702","35","152773606"
"chr9","25481132","25481249","chr3","2097475","2097596","20","23383657"
"chr9","25505370","25505552","chr3","124204745","124204919","38","98699375"
"chr9","25567643","25567794","chr12","11011285","11011436","29","14556358"
"chr9","25577692","25577970","chr9","25398618","25398897","12","179074"
"chr9","25614038","25614202","chr18","5868910","5869075","37","19745128"
"chr9","25624147","25624459","chr9","25431728","25432036","16","192419"
"chr9","25807564","25807860","chr9","25617404","25617700","5","190160"
"chr9","25930259","25930431","chr9","25729745","25729900","17","200514"
"chr9","26101295","26101415","chr9","25912293","25912414","4","189002"
"chr9","26104576","26104862","chr2","182511371","182511658","58","156406795"
"chr9","26130561","26130698","chr9","25942890","25943011","20","187671"
"chr9","26133594","26133887","chr9","25945956","25946255","15","187638"
"chr9","26161883","26162061","chr13","71844195","71844375","30","45682312"
"chr9","26167705","26167901","chr9","25980102","25980298","1","187603"
"chr9","26169959","26170088","chr9","25982365","25982494","6","187594"
"chr9","26179978","26180262","chr9","25992426","25992721","16","187552"
"chr9","26188695","26188966","chr9","26002595","26002866","7","186100"
"chr9","26196398","26196529","chr9","26010304","26010431","9","186094"
"chr9","26210704","26211001","chr9","26025113","26025414","22","185591"
"chr9","26215433","26215748","chr9","26030192","26030507","15","185241"
"chr9","26235452","26235756","chr9","26049597","26049901","14","185855"
"chr9","26237325","26237623","chr9","26051469","26051770","8","185856"
"chr9","26241230","26241511","chr9","26055230","26055511","5","186000"
"chr9","26245901","26246204","chr18","9849442","9849751","63","16396459"
"chr9","26246580","26246746","chr9","26060108","26060273","4","186472"
"chr9","26286922","26287225","chr9","26100613","26100892","34","186309"
"chr9","26304944","26305140","chr2","86096275","86096464","40","59791331"
"chr9","26314378","26314691","chr9","26129292","26129605","10","185086"
"chr9","26331546","26331704","chr9","26146362","26146520","6","185184"
"chr9","26336300","26336588","chr9","26151243","26151531","9","185057"
"chr9","26385107","26385281","chrX","45457197","45457372","43","19072090"
"chr9","26391967","26392268","chr9","26202665","26202966","7","189302"
"chr9","26393008","26393298","chr9","26203715","26204005","7","189293"
"chr9","26411474","26411700","chr9","26222154","26222397","20","189320"
"chr9","26435458","26435700","chr9","26245633","26245874","9","189825"
"chr9","26473762","26474069","chr9","26283967","26284271","11","189795"
"chr9","26482728","26483040","chr1","209093064","209093373","58","182610336"
"chr9","26485782","26486065","chr9","26295923","26296205","18","189859"
"chr9","26487376","26487524","chr9","26297512","26297655","10","189864"
"chr9","26516631","26516803","chr1","138470427","138470592","40","111953796"
"chr9","26522008","26522181","chr9","26322830","26323028","30","199178"
"chr9","26565993","26566275","chr9","26365190","26365492","31","200803"
"chr9","26605958","26606260","chr9","26407892","26408194","3","198066"
"chr9","26606728","26606904","chr17","8516683","8516860","44","18090045"
"chr9","26611431","26611718","chr4","82960492","82960810","62","56349061"
"chr9","26691210","26691333","chr9","26493639","26493762","2","197571"
"chr9","26713146","26713306","chr9","19683599","19683756","37","7029547"
"chr9","26720984","26721082","chr9","50432420","50432519","18","23711436"
"chr9","26722592","26722889","chr9","26522940","26523237","6","199652"
"chr9","26741742","26741947","chr9","26540100","26540302","8","201642"
"chr9","26824862","26825181","chr9","26623973","26624288","13","200889"
"chr9","26837144","26837451","chr9","26635871","26636168","17","201273"
"chr9","26892998","26893162","chr9","26680883","26681048","8","212115"
"chr9","26898544","26898612","chr11","124554268","124554336","16","97655724"
"chr9","26924367","26924487","chr9","26724863","26724986","7","199504"
"chr9","26989560","26989687","chr9","26788071","26788206","9","201489"
"chr9","26997260","26997560","chr9","26797870","26798170","8","199390"
"chr9","27025762","27026041","chr9","26826568","26826849","26","199194"
"chr9","27039062","27039204","chr6","148217095","148217234","42","121178033"
"chr9","27046125","27046395","chr9","26847323","26847581","16","198802"
"chr9","27050819","27051108","chr9","26852040","26852327","7","198779"
"chr9","27059454","27059752","chr19","27458709","27459011","58","399255"
"chr9","27068162","27068346","chr8","35285976","35286158","43","8217814"
"chr9","27068645","27068771","chr9","91767457","91767580","17","64698812"
"chr9","27087607","27087915","chr9","26888500","26888808","3","199107"
"chr9","27090797","27091020","chr8","35640330","35640559","65","8549533"
"chr9","27111848","27112060","chr9","26912173","26912389","14","199675"
"chr9","27115238","27115375","chr9","26915565","26915701","6","199673"
"chr9","27115377","27115675","chrX","108158017","108158309","63","81042640"
"chr9","27183292","27183446","chr9","26982436","26982589","6","200856"
"chr9","27205775","27206070","chr9","27046460","27046755","8","159315"
"chr9","27332288","27332618","chr9","27165578","27165906","9","166710"
"chr9","27345752","27345981","chr9","27186451","27186681","8","159301"
"chr9","27363965","27364187","chr9","27204736","27204987","37","159229"
"chr9","27473490","27473796","chr9","27313634","27313940","32","159856"
"chr9","27497086","27497370","chr1","197492917","197493203","65","169995831"
"chr9","27554756","27555078","chr9","27400099","27400422","16","154657"
"chr9","27575182","27575337","chr9","27419975","27420129","3","155207"
"chr9","27689743","27689993","chr9","27532205","27532454","10","157538"
"chr9","27737457","27737781","chr9","27580174","27580498","14","157283"
"chr9","27738600","27738715","chr9","27581318","27581440","10","157282"
"chr9","27751976","27752278","chr9","27594687","27594988","5","157289"
"chr9","27775154","27775426","chr9","27618499","27618781","14","156655"
"chr9","27780673","27780916","chr9","27624043","27624286","8","156630"
"chr9","27799642","27799924","chr9","27644398","27644677","23","155244"
"chr9","27816662","27816862","chr9","27661479","27661673","8","155183"
"chr9","27846560","27846785","chr9","27689622","27689842","8","156938"
"chr9","27889526","27889820","chr9","27733266","27733559","13","156260"
"chr9","27891723","27891872","chr9","27735750","27735899","8","155973"
"chr9","27895231","27895514","chr9","27739605","27739893","15","155626"
"chr9","27902046","27902128","chr2","149278705","149278782","23","121376659"
"chr9","27924603","27924920","chr9","27772680","27772997","15","151923"
"chr9","27927479","27927786","chr9","27775555","27775838","38","151924"
"chr9","27951945","27952231","chr15","37564473","37564760","57","9612528"
"chr9","27960516","27960822","chr9","27808046","27808352","5","152470"
"chr9","27997676","27997840","chr9","27846931","27847069","33","150745"
"chr9","27997844","27997986","chr9","27847099","27847241","2","150745"
"chr9","28011636","28011787","chr9","27860926","27861076","7","150710"
"chr9","28012879","28013176","chr11","52114651","52114943","71","24101772"
"chr9","28016043","28016335","chr9","27866844","27867147","30","149199"
"chr9","28021300","28021581","chr9","27872119","27872399","7","149181"
"chr9","28032055","28032339","chr9","27882830","27883112","22","149225"
"chr9","28032350","28032478","chr1","135097790","135097920","24","107065440"
"chr9","28049812","28050127","chr9","27901651","27901966","3","148161"
"chr9","28057722","28057882","chr9","27909562","27909708","19","148160"
"chr9","28060669","28060846","chr9","27912487","27912664","2","148182"
"chr9","28071893","28072022","chr7","121517014","121517142","26","93445121"
"chr9","28072307","28072514","chr9","13883564","13883782","53","14188743"
"chr9","28084882","28085161","chr13","100936802","100937080","66","72851920"
"chr9","28148162","28148473","chr11","110955091","110955386","67","82806929"
"chr9","28159811","28160107","chr19","30394891","30395179","74","2235080"
"chr9","28164986","28165151","chr9","27997839","27998004","8","167147"
"chr9","28190041","28190330","chr9","28022562","28022851","4","167479"
"chr9","28229540","28229805","chr9","28062568","28062837","8","166972"
"chr9","28234627","28234911","chr9","28067665","28067945","9","166962"
"chr9","28238738","28239028","chr9","28071638","28071926","9","167100"
"chr9","28240293","28240559","chr9","28073178","28073445","10","167115"
"chr9","28271619","28271860","chr9","28104331","28104572","3","167288"
"chr9","28291641","28291891","chr9","28123434","28123685","4","168207"
"chr9","28298598","28298900","chr9","28130232","28130535","13","168366"
"chr9","28304527","28304847","chr20","4605287","4605605","76","23699240"
"chr9","28312115","28312304","chr19","15584534","15584717","43","12727581"
"chr9","28312599","28312722","chr2","43983496","43983613","22","15670897"
"chr9","28322498","28322548","chr16","73935948","73935994","7","45613450"
"chr9","28323137","28323272","chr14","5559327","5559459","23","22763810"
"chr9","28342092","28342255","chr9","28173307","28173472","7","168785"
"chr9","28356619","28356925","chr9","28187872","28188179","3","168747"
"chr9","28364734","28364886","chr9","28195891","28196043","6","168843"
"chr9","28378604","28378767","chr20","26457135","26457300","28","1921469"
"chr9","28383499","28383663","chr9","28215013","28215169","13","168486"
"chr9","28387397","28387677","chr9","28218917","28219197","7","168480"
"chr9","28404479","28404774","chr9","28236294","28236589","5","168185"
"chr9","28405736","28406025","chr9","28237551","28237830","13","168185"
"chr9","28409268","28409397","chr9","28241775","28241904","3","167493"
"chr9","28475058","28475337","chr1","214762909","214763191","60","186287851"
"chr9","28476341","28476650","chr9","28307974","28308264","25","168367"
"chr9","28479635","28479928","chr9","28311228","28311530","28","168407"
"chr9","28492447","28492746","chr9","28323694","28323992","11","168753"
"chr9","28499758","28500000","chr10","59897511","59897751","50","31397753"
"chr9","28518314","28518616","chr9","29327972","29328268","60","809658"
"chr9","28518963","28519260","chr9","28350108","28350406","12","168855"
"chr9","28521001","28521289","chr9","28352149","28352437","3","168852"
"chr9","28552009","28552265","chr9","28383983","28384241","5","168026"
"chr9","28639532","28639695","chr9","28471257","28471409","15","168275"
"chr9","28665663","28665980","chr9","28498350","28498666","17","167313"
"chr9","28730427","28730722","chr10","28589778","28590069","69","140649"
"chr9","28805477","28805807","chr9","28640683","28641013","6","164794"
"chr9","28812299","28812624","chr9","94719928","94720222","89","65907629"
"chr9","28814056","28814336","chr9","28649172","28649442","16","164884"
"chr9","28822611","28822769","chr9","28657170","28657328","2","165441"
"chr9","28840690","28841005","chr9","28675568","28675883","11","165122"
"chr9","28850253","28850461","chr12","33108846","33109044","65","4258593"
"chr9","28867676","28867974","chr9","28703140","28703426","21","164536"
"chr9","28870556","28870836","chr3","55327096","55327373","44","26456540"
"chr9","28876635","28876927","chr9","28708917","28709209","11","167718"
"chr9","28923743","28924037","chr9","28756876","28757167","9","166867"
"chr9","28928814","28928953","chr1","29983857","29983995","25","1055043"
"chr9","28929293","28929429","chr9","108819500","108819636","23","79890207"
"chr9","28932147","28932417","chr9","28765701","28765971","5","166446"
"chr9","28978121","28978407","chr9","28809436","28809709","19","168685"
"chr9","29002372","29002532","chr9","28834753","28834913","6","167619"
"chr9","29008208","29008447","chr9","28840534","28840773","5","167674"
"chr9","29036382","29036542","chr1","163939321","163939480","34","134902939"
"chr9","29046534","29046683","chr7","74474838","74474984","28","45428304"
"chr9","29068970","29069109","chr9","28896112","28896251","2","172858"
"chr9","29074097","29074401","chr4","152598804","152599112","75","123524707"
"chr9","29078562","29078868","chr9","30193159","30193469","10","1114597"
"chr9","29108263","29108571","chr9","28934851","28935159","7","173412"
"chr9","29131700","29132011","chr9","28955547","28955858","6","176153"
"chr9","29163797","29164074","chr7","52749612","52749898","70","23585815"
"chr9","29178961","29179232","chr9","29003434","29003711","13","175527"
"chr9","29196518","29196814","chr9","29020795","29021091","8","175723"
"chr9","29216678","29216945","chr9","29042166","29042434","12","174512"
"chr9","29225245","29225532","chr9","29050807","29051102","12","174438"
"chr9","29256496","29256771","chr9","29086858","29087159","42","169638"
"chr9","29258137","29258385","chr9","29088474","29088722","6","169663"
"chr9","29267804","29268077","chrX","107420002","107420277","54","78152198"
"chr9","29284658","29284947","chr9","29115360","29115649","7","169298"
"chr9","29299653","29299778","chr9","29130449","29130574","3","169204"
"chr9","29303150","29303308","chr9","29134186","29134342","8","168964"
"chr9","29313454","29313742","chr9","29144452","29144750","17","169002"
"chr9","29323509","29323667","chr9","29154453","29154612","5","169056"
"chr9","29329421","29329707","chr9","29160341","29160626","10","169080"
"chr9","29380263","29380486","chr9","29216220","29216443","7","164043"
"chr9","29403115","29403411","chr1","26942818","26943113","61","2460297"
"chr9","29404762","29405051","chr9","29237435","29237717","10","167327"
"chr9","29410303","29410598","chr9","29242874","29243174","16","167429"
"chr9","29434563","29434838","chr10","71623545","71623796","59","42188982"
"chr9","29445502","29445803","chr9","29277745","29278045","16","167757"
"chr9","29447867","29448079","chr9","29280096","29280312","15","167771"
"chr9","29465302","29465591","chr9","29297671","29297949","14","167631"
"chr9","29482821","29483127","chr9","29315244","29315549","5","167577"
"chr9","29495572","29495868","chr9","29327972","29328268","6","167600"
"chr9","29589980","29590114","chr11","111580097","111580231","19","81990117"
"chr9","29590423","29590493","chr10","17691063","17691130","15","11899360"
"chr9","29610864","29611022","chr9","29443609","29443763","6","167255"
"chr9","29629361","29629646","chr9","29456868","29457149","10","172493"
"chr9","29673269","29673558","chr9","29501319","29501612","12","171950"
"chr9","29677243","29677537","chr3","45639633","45639925","76","15962390"
"chr9","29691412","29691709","chr9","29519356","29519617","40","172056"
"chr9","29741337","29741607","chr9","29565661","29565934","9","175676"
"chr9","29745307","29745611","chr9","29569549","29569853","6","175758"
"chr9","29746293","29746603","chr9","29570504","29570815","10","175789"
"chr9","29772285","29772562","chr9","29596903","29597180","8","175382"
"chr9","29787025","29787152","chr9","29608557","29608684","5","178468"
"chr9","29797574","29797761","chr9","29619164","29619337","23","178410"
"chr9","29814934","29815075","chr8","22974811","22974941","37","6840123"
"chr9","29815375","29815562","chr18","46857100","46857265","48","17041725"
"chr9","29815571","29815703","chr9","29637213","29637329","18","178358"
"chr9","29833127","29833436","chr9","29654875","29655182","11","178252"
"chr9","29839166","29839457","chr9","29660986","29661275","10","178180"
"chr9","29845028","29845256","chr4","31029510","31029734","63","1184482"
"chr9","29845630","29845684","chr11","106859125","106859182","13","77013495"
"chr9","29876847","29877007","chr9","29697745","29697905","1","179102"
"chr9","29877471","29877821","chr9","29698336","29698681","9","179135"
"chr9","29906393","29906712","chr9","29728232","29728543","15","178161"
"chr9","29929780","29930108","chr9","29751800","29752130","11","177980"
"chr9","29934896","29935175","chr9","29756965","29757246","18","177931"
"chr9","29943703","29944009","chr9","29765756","29766085","34","177947"
"chr9","29983179","29983344","chr7","158122178","158122345","40","128138999"
"chr9","30048028","30048196","chr11","430004","430168","34","29618024"
"chr9","30048222","30048424","chr8","37267779","37267965","61","7219557"
"chr9","30048840","30048998","chr7","117730612","117730774","35","87681772"
"chr9","30078758","30079073","chr9","30176564","30176878","8","97806"
"chr9","30096549","30096848","chr9","30193159","30193469","48","96610"
"chr9","30100393","30100674","chr9","30197376","30197666","17","96983"
"chr9","30101921","30102075","chr15","91070321","91070473","31","60968400"
"chr9","30107422","30107730","chr9","30206981","30207291","17","99559"
"chr9","30112604","30112779","chr8","62536827","62537002","46","32424223"
"chr9","30113097","30113223","chr11","83193779","83193906","23","53080682"
"chr9","30119147","30119405","chr9","30218748","30218978","31","99601"
"chr9","30150083","30150407","chr1","120848081","120848392","67","90697998"
"chr9","30187838","30188127","chr9","30286223","30286514","26","98385"
"chr9","30310065","30310250","chr16","50406096","50406284","46","20096031"
"chr9","30433053","30433198","chr9","35010093","35010237","29","4577040"
"chr9","30449771","30450052","chr19","8923685","8923958","61","21526086"
"chr9","30499015","30499305","chr9","30601716","30602006","11","102701"
"chr9","30509438","30509748","chr9","30612134","30612447","9","102696"
"chr9","30517269","30517551","chr9","30619930","30620216","6","102661"
"chr9","30632831","30633119","chr9","30738994","30739282","5","106163"
"chr9","30718803","30718926","chr9","30827467","30827590","1","108664"
"chr9","30745072","30745371","chr4","69248799","69249089","57","38503727"
"chr9","30789452","30789744","chr9","30897476","30897770","8","108024"
"chr9","30863905","30864063","chr2","114024406","114024562","33","83160501"
"chr9","30864102","30864220","chr2","27715698","27715815","22","3148404"
"chr9","30913354","30913687","chr9","31020053","31020386","2","106699"
"chr9","30977688","30977976","chr9","31083654","31083943","9","105966"
"chr9","31004640","31004943","chr3","20908853","20909153","64","10095787"
"chr9","31054666","31054909","chr9","31160492","31160733","13","105826"
"chr9","31104146","31104407","chr9","31211844","31212118","21","107698"
"chr9","31163282","31163476","chr9","31271195","31271385","8","107913"
"chr9","31176615","31176895","chr9","31284558","31284838","7","107943"
"chr9","31187065","31187341","chr9","31294998","31295274","4","107933"
"chr9","31198960","31199096","chr9","31307045","31307167","17","108085"
"chr9","31212931","31213234","chr9","31320333","31320636","8","107402"
"chr9","31213893","31214076","chr3","76343326","76343497","48","45129433"
"chr9","31224871","31225167","chr9","31332187","31332481","5","107316"
"chr9","31239459","31239755","chr11","110319987","110320283","58","79080528"
"chr9","31243084","31243249","chr9","31350682","31350840","12","107598"
"chr9","31256073","31256253","chr11","122865449","122865606","49","91609376"
"chr9","31256827","31257045","chr9","31364386","31364602","6","107559"
"chr9","31267046","31267164","chr9","31377906","31378022","2","110860"
"chr9","31283371","31283478","chr7","132566951","132567059","23","101283580"
"chr9","31283512","31283679","chr14","7026982","7027152","32","24256530"
"chr9","31285000","31285290","chr9","31402152","31402442","6","117152"
"chr9","31291428","31291725","chr9","31395659","31395956","6","104231"
"chr9","31299842","31300130","chr9","31412432","31412684","42","112590"
"chr9","31314390","31314657","chr9","31426771","31427057","23","112381"
"chr9","31354281","31354571","chr9","31466220","31466508","7","111939"
"chr9","31380741","31381045","chr9","31492570","31492875","9","111829"
"chr9","31382468","31382620","chr10","53834758","53834908","31","22452290"
"chr9","31382928","31383056","chr13","60075494","60075618","27","28692566"
"chr9","31391232","31391530","chr9","31503547","31503857","23","112315"
"chr9","31426171","31426354","chr4","10353260","10353422","47","21072911"
"chr9","31428326","31428479","chr9","31540735","31540887","6","112409"
"chr9","31458133","31458430","chr9","31569811","31570110","14","111678"
"chr9","31472880","31473182","chr9","31584561","31584861","10","111681"
"chr9","31481758","31482056","chr19","3220367","3220656","93","28261391"
"chr9","31484887","31485059","chr9","31597123","31597297","9","112236"
"chr9","31497870","31498197","chr9","31610474","31610803","7","112604"
"chr9","31531151","31531281","chr19","2439918","2440048","29","29091233"
"chr9","31531580","31531713","chr11","111580097","111580231","20","80048517"
"chr9","31541348","31541532","chr8","136416186","136416353","43","104874838"
"chr9","31556722","31557017","chr11","49889876","49890177","49","18333154"
"chr9","31580569","31580888","chr1","194304356","194304653","84","162723787"
"chr9","31716690","31716994","chr9","31828795","31829099","9","112105"
"chr9","31721120","31721435","chr15","41556067","41556371","77","9834947"
"chr9","31721483","31721504","chr10","1078211","1078231","5","30643272"
"chr9","31761301","31761610","chr9","31873908","31874218","10","112607"
"chr9","31785131","31785307","chr9","31896986","31897158","11","111855"
"chr9","31893788","31893938","chr9","32005739","32005886","7","111951"
"chr9","32243137","32243244","chr2","103655964","103656068","27","71412827"
"chr9","32270315","32270622","chr9","32399344","32399651","13","129029"
"chr9","32278088","32278366","chr9","32407109","32407383","9","129021"
"chr9","32308894","32309189","chr9","32437383","32437683","12","128489"
"chr9","32328157","32328441","chr9","32458650","32458934","6","130493"
"chr9","32354520","32354689","chr9","32484873","32485042","3","130353"
"chr9","32373484","32373645","chr9","32503887","32504057","19","130403"
"chr9","32390484","32390793","chr9","32521123","32521441","14","130639"
"chr9","32430020","32430314","chr9","32560907","32561200","7","130887"
"chr9","32462714","32463021","chr9","32593726","32594031","9","131012"
"chr9","32464742","32465053","chr9","32595741","32596052","6","130999"
"chr9","32488515","32488828","chr8","95771713","95772016","73","63283198"
"chr9","32514439","32514699","chr3","43056812","43057081","64","10542373"
"chr9","32518929","32519210","chr9","32649846","32650122","17","130917"
"chr9","32689310","32689567","chr9","32819868","32820125","4","130558"
"chr9","32703330","32703571","chr9","32833770","32834011","8","130440"
"chr9","32710269","32710585","chr1","183152705","183153001","68","150442436"
"chr9","32739162","32739460","chr9","32870169","32870475","16","131007"
"chr9","32741724","32742028","chr9","32873080","32873384","8","131356"
"chr9","32768624","32768919","chr9","32900154","32900439","14","131530"
"chr9","32774820","32775003","chr9","32906293","32906467","12","131473"
"chr9","32800870","32801132","chr9","32932330","32932571","30","131460"
"chr9","32814236","32814403","chr9","32944426","32944591","3","130190"
"chr9","32878203","32878522","chr9","33007490","33007788","28","129287"
"chr9","32889835","32889926","chr6","132315239","132315323","21","99425404"
"chr9","32890429","32890623","chr16","23187849","23188048","51","9702580"
"chr9","32910300","32910606","chr9","33039588","33039891","14","129288"
"chr9","33043076","33043383","chr9","33176294","33176608","15","133218"
"chr9","33091708","33092001","chr9","33221989","33222303","30","130281"
"chr9","33098576","33098903","chrX","44539181","44539514","71","11440605"
"chr9","33099788","33100090","chr9","33229774","33230077","6","129986"
"chr9","33160729","33161027","chr9","33295877","33296176","5","135148"
"chr9","33307638","33307754","chr3","68343020","68343135","18","35035382"
"chr9","33307840","33307881","chr2","99928409","99928449","20","66620569"
"chr9","33307940","33308068","chr1","16326054","16326174","38","16981886"
"chr9","33319206","33319343","chr13","26373157","26373296","31","6946049"
"chr9","33325384","33325516","chr9","33460284","33460417","4","134900"
"chr9","33330460","33330752","chr9","33465310","33465610","11","134850"
"chr9","33335385","33335706","chr13","89565962","89566266","66","56230577"
"chr9","33345773","33346050","chr3","35593296","35593570","53","2247523"
"chr9","33387154","33387430","chr9","33522603","33522879","5","135449"
"chr9","33410732","33411009","chr9","33545522","33545796","9","134790"
"chr9","33418082","33418371","chr9","33552851","33553145","7","134769"
"chr9","33429814","33430111","chr9","33564612","33564902","18","134798"
"chr9","33548571","33548847","chr9","33683586","33683862","4","135015"
"chr9","33553319","33553616","chr9","33688291","33688594","12","134972"
"chr9","33567268","33567457","chr2","185099467","185099635","47","151532199"
"chr9","33573435","33573752","chr9","33707313","33707630","7","133878"
"chr9","33585517","33585814","chr9","33719730","33720027","3","134213"
"chr9","33650154","33650440","chr9","33783790","33784079","8","133636"
"chr9","33674143","33674421","chr14","8162961","8163229","71","25511182"
"chr9","33690471","33690764","chr9","33821912","33822177","39","131441"
"chr9","33693343","33693507","chr5","34267924","34268082","30","574581"
"chr9","33704362","33704656","chr9","33836151","33836445","9","131789"
"chr9","33706484","33706782","chr9","33838279","33838573","11","131795"
"chr9","33710985","33711261","chr9","33842811","33843087","1","131826"
"chr9","33713921","33714061","chr6","133305260","133305397","30","99591339"
"chr9","33752422","33752743","chr9","33884941","33885252","14","132519"
"chr9","33770736","33771027","chr9","33903730","33904020","15","132994"
"chr9","33828186","33828491","chr9","33965868","33966172","9","137682"
"chr9","33844272","33844368","chr7","16991639","16991728","17","16852633"
"chr9","33844653","33844854","chr11","49342228","49342423","50","15497575"
"chr9","33859666","33859947","chr9","33997188","33997469","6","137522"
"chr9","33861552","33861684","chr9","33999058","33999190","2","137506"
"chr9","33864450","33864754","chr9","34001956","34002257","9","137506"
"chr9","33887573","33887862","chr9","34025088","34025377","6","137515"
"chr9","33901863","33902141","chr8","76066496","76066781","58","42164633"
"chr9","33911824","33912138","chr9","34049300","34049615","11","137476"
"chr9","33933486","33933605","chr1","198379713","198379835","27","164446227"
"chr9","33938229","33938429","chr7","64714072","64714260","49","30775843"
"chr9","33952732","33952855","chr9","34090242","34090365","3","137510"
"chr9","33969053","33969349","chr20","9982853","9983123","87","23986200"
"chr9","33970270","33970577","chr9","34107759","34108085","26","137489"
"chr9","33984271","33984412","chr5","158084895","158085039","28","124100624"
"chr9","33986231","33986465","chr9","34124339","34124573","7","138108"
"chr9","33990136","33990459","chr9","34127983","34128304","11","137847"
"chr9","33991785","33991910","chr6","13570497","13570621","23","20421288"
"chr9","34001551","34001803","chr9","34137839","34138116","31","136288"
"chr9","34005356","34005650","chr9","34141646","34141940","10","136290"
"chr9","34026727","34026995","chr9","34164112","34164380","3","137385"
"chr9","34067594","34067719","chr9","34205814","34205939","3","138220"
"chr9","34069162","34069316","chr15","58570081","58570240","34","24500919"
"chr9","34069345","34069463","chr4","154737355","154737473","16","120668010"
"chr9","34074961","34075261","chr9","34213212","34213512","6","138251"
"chr9","34079124","34079286","chr1","18173090","18173245","39","15906034"
"chr9","34079409","34079703","chr1","194304356","194304653","64","160224947"
"chr9","34087392","34087689","chr9","34226407","34226702","7","139015"
"chr9","34109661","34109944","chr9","34249239","34249526","9","139578"
"chr9","34110932","34111233","chr9","96291263","96291574","71","62180331"
"chr9","34111702","34111856","chr9","34251253","34251407","7","139551"
"chr9","34125272","34125413","chr18","15359846","15359990","24","18765426"
"chr9","34125715","34125843","chrX","41825184","41825311","22","7699469"
"chr9","34131953","34132116","chr9","34271248","34271411","1","139295"
"chr9","34142507","34142642","chr8","50059979","50060111","29","15917472"
"chr9","34142953","34142995","chr10","10536624","10536664","7","23606329"
"chr9","34156786","34156934","chr9","34295829","34295987","16","139043"
"chr9","34169752","34169871","chr9","34308710","34308825","7","138958"
"chr9","34170019","34170150","chr9","34308974","34309105","2","138955"
"chr9","34178274","34178565","chr9","34316990","34317291","16","138716"
"chr9","34189984","34190230","chrX","123280479","123280675","52","89090495"
"chr9","34196753","34196885","chr9","34334706","34334834","5","137953"
"chr9","34204523","34204792","chr9","34342469","34342738","9","137946"
"chr9","34208883","34208917","chr15","88070591","88070624","7","53861708"
"chr9","34220583","34220879","chr9","34364541","34364837","5","143958"
"chr9","34223472","34223773","chr9","34367442","34367743","8","143970"
"chr9","34223949","34224253","chr7","158321220","158321512","72","124097271"
"chr9","34228315","34228442","chr16","68895719","68895844","28","34667404"
"chr9","34229263","34229540","chr8","25638885","25639154","64","8590378"
"chr9","34239545","34239830","chr9","34378364","34378659","16","138819"
"chr9","34245744","34245911","chr1","113408908","113409076","37","79163164"
"chr9","34245939","34246039","chr3","41989061","41989158","20","7743122"
"chr9","34251672","34251980","chr9","34398682","34398992","8","147010"
"chr9","34263763","34264035","chr9","34411543","34411810","7","147780"
"chr9","34266320","34266630","chr9","34414562","34414869","7","148242"
"chr9","34270188","34270373","chr20","10765370","10765549","45","23504818"
"chr9","34270667","34270786","chr1","52522560","52522684","18","18251893"
"chr9","34273524","34273820","chr9","34421760","34422055","13","148236"
"chr9","34273925","34274097","chr9","119139747","119139911","50","84865822"
"chr9","34274403","34274511","chr9","22818767","22818876","18","11455636"
"chr9","34316700","34316864","chr9","34465879","34466043","3","149179"
"chr9","34352619","34352761","chr9","34503186","34503330","9","150567"
"chr9","34354919","34355042","chr9","34505494","34505617","0","150575"
"chr9","34359615","34359933","chr7","148956555","148956867","56","114596940"
"chr9","34382465","34382784","chr9","34534004","34534324","10","151539"
"chr9","34394948","34395206","chr9","34546217","34546474","5","151269"
"chr9","34398746","34399055","chr6","31355578","31355887","59","3043168"
"chr9","34409128","34409358","chr19","27592956","27593194","63","6816172"
"chr9","34416386","34416518","chr1","212761457","212761590","27","178345071"
"chr9","34444449","34444760","chr9","34597216","34597523","8","152767"
"chr9","34452064","34452231","chr9","34604869","34605038","5","152805"
"chr9","34514390","34514555","chr9","34667896","34668061","3","153506"
"chr9","34523851","34524015","chr9","34677725","34677889","2","153874"
"chr9","34533930","34534093","chr9","34688032","34688195","3","154102"
"chr9","34540746","34540869","chr9","34694861","34694984","2","154115"
"chr9","34550726","34550819","chr8","115744261","115744355","19","81193535"
"chr9","34551108","34551283","chr5","38150450","38150621","45","3599342"
"chr9","34552805","34553141","chr1","22910219","22910542","69","11642586"
"chr9","34556524","34556690","chr3","48248620","48248787","32","13692096"
"chr9","34572858","34573173","chr9","34727852","34728165","4","154994"
"chr9","34576154","34576447","chr15","96943122","96943426","79","62366968"
"chr9","34591770","34592066","chr9","34754797","34755092","7","163027"
"chr9","34608766","34608937","chr9","34764873","34765028","20","156107"
"chr9","34610409","34610700","chr9","34766507","34766794","9","156098"
"chr9","34648795","34649097","chr9","34804836","34805141","9","156041"
"chr9","34694515","34694800","chr9","34850497","34850785","9","155982"
"chr9","34717766","34717900","chr9","34873639","34873773","2","155873"
"chr9","34752326","34752487","chr1","34017923","34018094","38","734403"
"chr9","34759818","34760105","chr9","34916690","34916977","6","156872"
"chr9","34788826","34789131","chr10","61075323","61075630","57","26286497"
"chr9","34852856","34853000","chr9","35010093","35010237","0","157237"
"chr9","34860137","34860421","chr20","4014377","4014673","82","30845760"
"chr9","34866786","34867073","chr9","35024278","35024565","7","157492"
"chr9","34892779","34893062","chr9","35051434","35051719","7","158655"
"chr9","34898575","34898860","chr9","35058244","35058529","12","159669"
"chr9","34908173","34908471","chr9","35073765","35074063","6","165592"
"chr9","34925773","34925908","chr4","4416912","4417044","34","30508861"
"chr9","34926220","34926396","chr8","62536827","62537002","40","27610607"
"chr9","34980214","34980524","chr9","35146460","35146769","12","166246"
"chr9","34992341","34992647","chr9","35157414","35157740","25","165073"
"chr9","35010132","35010304","chr9","35174264","35174436","8","164132"
"chr9","35021602","35021913","chr9","35186669","35186980","4","165067"
"chr9","35029818","35030115","chr9","35194868","35195157","16","165050"
"chr9","35037436","35037730","chr9","35202485","35202783","10","165049"
"chr9","35078856","35079149","chr9","35242064","35242357","9","163208"
"chr9","35087908","35088053","chr9","35251020","35251165","2","163112"
"chr9","35123091","35123251","chr9","35286915","35287075","3","163824"
"chr9","35136995","35137294","chr9","35300961","35301276","21","163966"
"chr9","35159366","35159679","chr9","35323341","35323651","14","163975"
"chr9","35228556","35228851","chr9","35394466","35394765","10","165910"
"chr9","35275338","35275678","chr9","35430895","35431249","22","155557"
"chr9","35283805","35284110","chr9","35439625","35439931","5","155820"
"chr9","35447983","35448291","chr9","35606147","35606451","11","158164"
"chr9","35652484","35652764","chr9","36699407","36699687","6","1046923"
"chr9","35715525","35715783","chr9","36820980","36821248","12","1105455"
"chr9","35831156","35831396","chr9","36935782","36936025","8","1104626"
"chr9","36872463","36872582","chr5","21707892","21708006","26","15164571"
"chr9","36897474","36897779","chr9","37160233","37160534","13","262759"
"chr9","36905261","36905394","chr1","25871516","25871647","16","11033745"
"chr9","36923726","36923867","chr2","83826272","83826402","36","46902546"
"chr9","36959126","36959260","chr1","212761457","212761590","24","175802331"
"chr9","36960438","36960495","chr9","26685916","26685970","8","10274522"
"chr9","36975810","36975967","chr5","172672030","172672188","34","135696220"
"chr9","37383695","37383959","chr9","42423747","42424050","59","5040052"
"chr9","37393791","37394045","chr3","109403420","109403662","64","72009629"
"chr9","37446993","37447297","chr8","76102286","76102587","65","38655293"
"chr9","37453257","37453447","chr5","110351764","110351951","48","72898507"
"chr9","37460043","37460184","chr1","14666143","14666275","32","22793900"
"chr9","37460185","37460477","chr9","26522940","26523237","44","10937245"
"chr9","37460478","37460653","chr18","16422268","16422443","40","21038210"
"chr9","37528706","37528883","chr11","514085","514258","32","37014621"
"chr9","37538164","37538315","chrX","112432267","112432420","31","74894103"
"chr9","37671505","37671631","chr6","65199321","65199445","19","27527816"
"chr9","37778857","37778988","chr1","39889584","39889713","24","2110727"
"chr9","37779274","37779457","chr3","166118901","166119078","48","128339627"
"chr9","37784367","37784664","chr9","36254086","36254386","10","1530281"
"chr9","37881593","37881699","chr14","108195742","108195851","18","70314149"
"chr9","37947864","37948171","chr9","36454760","36455060","12","1493104"
"chr9","37963048","37963307","chr9","36439028","36439280","16","1524020"
"chr9","38058933","38059219","chr9","36338210","36338508","18","1720723"
"chr9","38062411","38062686","chr9","36334706","36334984","5","1727705"
"chr9","38092857","38093025","chr9","36307776","36307946","5","1785081"
"chr9","38094907","38095211","chrX","38578055","38578352","70","483148"
"chr9","38096525","38096840","chr9","36303954","36304266","12","1792571"
"chr9","38098400","38098718","chr9","36302046","36302364","11","1796354"
"chr9","38172313","38172555","chr17","15899683","15899924","61","22272630"
"chr9","38196967","38197236","chr8","89712924","89713204","80","51515957"
"chr9","38401804","38402091","chr4","37947374","37947653","76","454430"
"chr9","38409868","38410135","chr3","50522012","50522252","83","12112144"
"chr9","38434840","38435152","chr13","69089354","69089660","65","30654514"
"chr9","38458998","38459315","JH680032","9142","9444","61","38449856"
"chr9","38471477","38471770","chr9","43053063","43053337","26","4581586"
"chr9","38507209","38507481","chr16","21518264","21518546","64","16988945"
"chr9","38525499","38525808","chr9","37160233","37160534","16","1365266"
"chr9","38623856","38624168","chr9","37259884","37260199","8","1363972"
"chr9","38645878","38646175","chr9","37283016","37283313","3","1362862"
"chr9","38686107","38686401","chr9","37319145","37319439","10","1366962"
"chr9","38690915","38691219","chr9","37323893","37324200","10","1367022"
"chr9","38803651","38803950","chr15","1764590","1764888","61","37039061"
"chr9","38814063","38814230","chr20","55425031","55425204","49","16610968"
"chr9","38814363","38814374","chr19","15900476","15900487","4","22913887"
"chr9","38815524","38815670","chr9","37449941","37450085","7","1365583"
"chr9","38849200","38849358","chr13","85906319","85906472","31","47057119"
"chr9","38855952","38856204","chr9","37489717","37489966","14","1366235"
"chr9","38857879","38858208","chr11","53451251","53451569","74","14593372"
"chr9","38878069","38878354","chr9","37511982","37512267","6","1366087"
"chr9","38887991","38888277","chr9","37522056","37522342","4","1365935"
"chr9","38913867","38913930","chr9","110825603","110825662","16","71911736"
"chr9","38934096","38934219","chr9","37569775","37569898","4","1364321"
"chr9","38956709","38956993","chr9","37592890","37593201","32","1363819"
"chr9","38957027","38957221","chr7","17349222","17349406","56","21607805"
"chr9","38958744","38958981","chr9","37595078","37595315","5","1363666"
"chr9","38959747","38960020","chr9","37596081","37596354","3","1363666"
"chr9","38963369","38963684","chr9","37599702","37600017","6","1363667"
"chr9","38991940","38992250","chr9","37630025","37630337","9","1361915"
"chr9","39016621","39016887","chr3","17550678","17550951","60","21465943"
"chr9","39041514","39041643","chr9","37682793","37682922","2","1358721"
"chr9","39043984","39044256","chr9","37686620","37686878","32","1357364"
"chr9","39056848","39057029","chrX","28135728","28135910","44","10921120"
"chr9","39061631","39061757","chr19","38273209","38273331","20","788422"
"chr9","39062570","39062822","chr9","37696832","37697084","2","1365738"
"chr9","39073516","39073735","chr9","37717061","37717280","4","1356455"
"chr9","39080953","39081225","chr9","37724829","37725117","21","1356124"
"chr9","39092578","39092895","chr9","37737541","37737855","13","1355037"
"chr9","39103020","39103163","chr9","37749452","37749582","17","1353568"
"chr9","39107929","39108239","chr9","37758376","37758686","4","1349553"
"chr9","39109642","39109928","chr9","37760104","37760389","9","1349538"
"chr9","39109936","39110026","chr14","65172482","65172562","21","26062546"
"chr9","39110350","39110467","chr7","90655146","90655269","29","51544796"
"chr9","39116710","39116884","chr9","37767645","37767819","6","1349065"
"chr9","39128522","39128796","chr9","37777532","37777806","5","1350990"
"chr9","39133478","39133613","chr17","815884","816015","20","38317594"
"chr9","39134165","39134309","chr14","17871209","17871348","37","21262956"
"chr9","39158705","39158981","chr1","186522713","186522989","77","147364008"
"chr9","39174814","39175117","chr1","9335829","9336126","60","29838985"
"chr9","39203105","39203232","chr9","37818168","37818295","2","1384937"
"chr9","39211771","39212052","chr9","37826138","37826413","15","1385633"
"chr9","39213450","39213610","chr9","37827796","37827956","4","1385654"
"chr9","39222089","39222377","chr9","37836202","37836493","5","1385887"
"chr9","39223578","39223863","chr9","37837992","37838271","14","1385586"
"chr9","39273709","39273995","chr19","40003632","40003921","50","729923"
"chr9","39308782","39309083","chr9","37930592","37930903","15","1378190"
"chr9","39313700","39313986","chr9","37935682","37935968","3","1378018"
"chr9","39322841","39323140","chr9","37944806","37945112","17","1378035"
"chr9","39338708","39338831","chr9","37960681","37960804","0","1378027"
"chr9","39464993","39465293","chr9","38091369","38091672","9","1373624"
"chr9","39521173","39521456","chr9","38151324","38151633","39","1369849"
"chr9","39521522","39521536","chr19","32678666","32678677","4","6842856"
"chr9","39811977","39812260","chr9","38441083","38441387","31","1370894"
"chr9","39829741","39830034","chr9","38459553","38459841","12","1370188"
"chr9","40520438","40520755","chr16","19363002","19363312","52","21157436"
"chr9","40562541","40562843","chr11","112412316","112412603","65","71849775"
"chr9","40644052","40644344","chr1","183152705","183153001","62","142508653"
"chr9","40675648","40675783","chr10","68306523","68306652","26","27630875"
"chr9","40724081","40724367","chr9","16864207","16864470","51","23859874"
"chr9","40897096","40897222","chr1","33635132","33635261","20","7261964"
"chr9","40917850","40918148","chr9","39237030","39237325","13","1680820"
"chr9","41096991","41097124","chr9","57273171","57273293","41","16176180"
"chr9","41097385","41097561","chr1","28517728","28517896","37","12579657"
"chr9","41150319","41150456","chr9","39349929","39350066","0","1800390"
"chr9","41224066","41224139","chr2","99661143","99661211","18","58437077"
"chr9","41234578","41234891","chr9","39439480","39439793","12","1795098"
"chr9","41276179","41276502","chr9","39478035","39478355","6","1798144"
"chr9","41322233","41322310","chr9","39523903","39523981","2","1798330"
"chr9","41327166","41327261","chr19","5529010","5529111","25","35798156"
"chr9","41384759","41384931","chr9","39585529","39585723","25","1799230"
"chr9","41398166","41398485","chr9","39600116","39600424","41","1798050"
"chr9","41424959","41425080","chr9","39625135","39625256","3","1799824"
"chr9","41449195","41449393","chr9","39649098","39649312","25","1800097"
"chr9","41457683","41457952","chr9","39657606","39657878","10","1800077"
"chr9","41484578","41484834","chr9","39692679","39692930","13","1791899"
"chr9","41764845","41765129","chr9","39857935","39858219","4","1906910"
"chr9","41765878","41766057","chr9","39858966","39859142","4","1906912"
"chr9","41782338","41782593","chr9","39869581","39869862","35","1912757"
"chr9","41784806","41784920","chr9","96346707","96346824","17","54561901"
"chr9","41784948","41785073","chr11","52088825","52088928","44","10303877"
"chr9","41799234","41799360","chr9","39893320","39893445","3","1905914"
"chr9","41812055","41812346","chr9","39905895","39906186","9","1906160"
"chr9","41825453","41825749","chr9","39919269","39919565","7","1906184"
"chr9","41834200","41834489","chr9","39928037","39928329","16","1906163"
"chr9","41850956","41851236","chr9","39951968","39952249","5","1898988"
"chr9","41867527","41867828","chr9","39968541","39968849","20","1898986"
"chr9","41896660","41896972","chr9","39998131","39998448","12","1898529"
"chr9","41916531","41916824","chr9","40018044","40018337","9","1898487"
"chr9","41968391","41968697","chr9","40071714","40072020","5","1896677"
"chr9","41990921","41991066","chr9","40094196","40094341","3","1896725"
"chr9","42101144","42101232","chr9","40216092","40216175","5","1885052"
"chr9","42110060","42110211","chr9","40223026","40223177","1","1887034"
"chr9","42127991","42128164","chr3","39735173","39735346","30","2392818"
"chr9","42439794","42439849","chr11","8460497","8460545","19","33979297"
"chr9","42440144","42440265","chr14","968276","968398","21","41471868"
"chr9","42444281","42444598","chr9","40561948","40562265","7","1882333"
"chr9","42762817","42763105","chr9","40889950","40890256","22","1872867"
"chr9","42851636","42851928","chr9","40978425","40978716","5","1873211"
"chr9","43017250","43017405","chr9","41144336","41144488","6","1872914"
"chr9","43235653","43235960","chr9","41364750","41365057","10","1870903"
"chr9","43278609","43278751","chr4","51623268","51623419","36","8344659"
"chr9","43308328","43308606","chr9","41436925","41437203","7","1871403"
"chr9","43366768","43366826","chr9","41495522","41495582","3","1871246"
"chr9","43366838","43367160","chr2","42000590","42000900","65","1366248"
"chr9","43397600","43397888","chr9","41526985","41527290","25","1870615"
"chr9","43441505","43441751","chr9","41572767","41573002","18","1868738"
"chr9","43599782","43600064","chr9","41731073","41731355","4","1868709"
"chr9","43692386","43692696","chr9","41825067","41825377","23","1867319"
"chr9","43849437","43849582","chr9","41980814","41980963","7","1868623"
"chr9","44025613","44025908","chr14","107612245","107612543","61","63586632"
"chr9","44213869","44213986","chr11","95806764","95806885","21","51592895"
"chr9","44287856","44288163","chr9","42873509","42873816","6","1414347"
"chr9","44290406","44290698","chr18","54857211","54857503","66","10566805"
"chr9","44320525","44320726","chr11","62537139","62537328","69","18216614"
"chr9","44364287","44364403","chr9","42786359","42786475","1","1577928"
"chr9","44369570","44369725","chr9","42780846","42781011","18","1588724"
"chr9","44487242","44487552","chr9","42654326","42654635","9","1832916"
"chr9","44575465","44575760","chr9","42563865","42564160","3","2011600"
"chr9","44588574","44588866","chr9","42550676","42550968","5","2037898"
"chr9","44593510","44593766","chr8","36373732","36373993","56","8219778"
"chr9","44594731","44595018","chr10","69196721","69197008","68","24601990"
"chr9","44601968","44602093","chr13","14929543","14929668","22","29672425"
"chr9","44621325","44621630","chr9","42519571","42519875","3","2101754"
"chr9","44626507","44626803","chr5","733565","733870","57","43892942"
"chr9","44638012","44638319","chr9","42502218","42502495","31","2135794"
"chr9","44664257","44664369","chr3","165133948","165134061","26","120469691"
"chr9","44691741","44692052","chr13","32650023","32650326","63","12041718"
"chr9","44716962","44717262","chr9","42423747","42424050","9","2293215"
"chr9","44718853","44719067","chr9","42407887","42408101","6","2310966"
"chr9","44723960","44724226","chr9","42415902","42416169","12","2308058"
"chr9","44746104","44746406","chr9","42873509","42873816","26","1872595"
"chr9","44770658","44770715","chr3","44192432","44192486","10","578226"
"chr9","44776934","44777210","chr3","50567407","50567679","59","5790473"
"chr9","44779892","44780209","chrX","66435575","66435880","69","21655683"
"chr9","44787710","44788013","chr13","110725016","110725316","57","65937306"
"chr9","44813410","44813730","JH680032","9142","9444","48","44804268"
"chr9","44865707","44865971","chr20","49143583","49143847","64","4277876"
"chr9","44870310","44870600","JH682396","8931","9228","14","44861379"
"chr9","44921726","44922025","chr9","43108592","43108878","20","1813134"
"chr9","44928477","44928788","chr9","43114995","43115302","17","1813482"
"chr9","44931760","44932020","chr9","43118265","43118523","4","1813495"
"chr9","44949635","44949921","chr9","43136110","43136380","21","1813525"
"chr9","44997091","44997382","chr9","43183624","43183914","9","1813467"
"chr9","45015504","45015676","chr9","43202063","43202213","23","1813441"
"chr9","45026176","45026470","chr9","43212569","43212875","21","1813607"
"chr9","45034507","45034800","chr15","37564473","37564760","52","7470034"
"chr9","45064399","45064532","chr19","4239064","4239184","42","40825335"
"chr9","45100362","45100587","chr11","66253557","66253781","5","21153195"
"chr9","45117546","45117841","chr11","110955091","110955386","54","65837545"
"chr9","45118695","45118989","chr9","43310944","43311237","10","1807751"
"chr9","45269969","45270094","chr9","43465379","43465504","5","1804590"
"chr9","45276650","45276778","chr3","35121394","35121519","19","10155256"
"chr9","45277049","45277217","chr5","45377977","45378143","27","100928"
"chr9","45281036","45281210","chr9","43475885","43476063","28","1805151"
"chr9","45322765","45322890","chr9","43511328","43511454","2","1811437"
"chr9","45346020","45346300","chr9","43535766","43536024","27","1810254"
"chr9","45349221","45349505","chr9","43538964","43539238","18","1810257"
"chr9","45350465","45350596","chr18","13992919","13993047","25","31357546"
"chr9","45368322","45368608","chr14","107381430","107381714","67","62013108"
"chr9","45392180","45392464","chr9","43582675","43582959","3","1809505"
"chr9","45406225","45406501","chr9","43596980","43597266","14","1809245"
"chr9","45426035","45426340","chr1","56091913","56092211","64","10665878"
"chr9","45426813","45427120","chr11","121199788","121200087","65","75772975"
"chr9","45443656","45444007","chr9","43633223","43633532","46","1810433"
"chr9","45461118","45461422","chr6","32224097","32224405","59","13237021"
"chr9","45865952","45866248","chr9","44061715","44062008","9","1804237"
"chr9","46038722","46038985","chr9","44231570","44231833","5","1807152"
"chr9","46172365","46172439","chr9","44367429","44367503","4","1804936"
"chr9","46173184","46173359","chr9","44368245","44368414","15","1804939"
"chr9","46389052","46389209","chrX","62529834","62529985","31","16140782"
"chr9","46399978","46400305","chr9","44595516","44595851","22","1804462"
"chr9","46612672","46612947","chr9","44802018","44802307","20","1810654"
"chr9","46694052","46694352","chr9","44882976","44883267","17","1811076"
"chr9","46719742","46720026","chr9","44908745","44909029","5","1810997"
"chr9","46736994","46737334","chr9","44925912","44926198","65","1811082"
"chr9","47094052","47094177","chr9","45300966","45301091","3","1793086"
"chr9","47263089","47263397","chr9","45464495","45464801","11","1798594"
"chr9","47374804","47374993","chr13","22967035","22967211","49","24407769"
"chr9","47389871","47390109","chrX","107411550","107411773","56","60021679"
"chr9","47487816","47488113","chr9","45691893","45692190","9","1795923"
"chr9","47507662","47507998","chr9","45712167","45712503","9","1795495"
"chr9","47528375","47528567","chr9","45732573","45732765","11","1795802"
"chr9","47535225","47535372","chr9","45740474","45740609","16","1794751"
"chr9","47549556","47549690","chr9","45755072","45755206","4","1794484"
"chr9","47556316","47556625","chr9","45762986","45763296","14","1793330"
"chr9","47563504","47563625","chr3","37348968","37349085","22","10214536"
"chr9","47596904","47597211","chr9","45804555","45804862","8","1792349"
"chr9","47680598","47680837","chr9","45887947","45888186","5","1792651"
"chr9","47688861","47688987","chr14","103597401","103597525","30","55908540"
"chr9","47835322","47835583","chr9","46050427","46050692","8","1784895"
"chr9","47865974","47866279","chr9","46080783","46081085","13","1785191"
"chr9","47912947","47913068","chr9","46126642","46126763","3","1786305"
"chr9","47915269","47915593","chr9","46128960","46129284","5","1786309"
"chr9","47943247","47943549","chr9","46157621","46157915","26","1785626"
"chr9","48170306","48170571","chr9","46384628","46384893","13","1785678"
"chr9","48176866","48177179","chr9","46391149","46391462","11","1785717"
"chr9","48187237","48187501","chr9","46401530","46401793","8","1785707"
"chr9","48330005","48330313","chr9","46549380","46549680","21","1780625"
"chr9","48343656","48343959","chr9","46564302","46564611","19","1779354"
"chr9","48345600","48345793","chr9","46566249","46566442","8","1779351"
"chr9","48353261","48353553","chr9","46573796","46574107","26","1779465"
"chr9","48444131","48444437","chr9","46660737","46661043","7","1783394"
"chr9","48640168","48640470","chr9","46851422","46851733","15","1788746"
"chr9","48669243","48669556","chr9","46881520","46881843","32","1787723"
"chr9","48918388","48918664","chr9","47138068","47138343","8","1780320"
"chr9","48991730","48991904","chr9","47210741","47210915","3","1780989"
"chr9","49060991","49061266","chr9","47286717","47287005","17","1774274"
"chr9","49087014","49087291","chr9","47311849","47312161","46","1775165"
"chr9","49376171","49376499","chr9","47606953","47607269","33","1769218"
"chr9","49433527","49433834","chr2","144697481","144697780","55","95263954"
"chr9","49495323","49495456","chr9","47724616","47724751","8","1770707"
"chr9","49715308","49715604","chr9","47947539","47947845","18","1767769"
"chr9","49738503","49738686","chr16","43417245","43417416","53","6321258"
"chr9","49738717","49738833","chr1","156838459","156838578","27","107099742"
"chr9","49763381","49763638","chr14","47754053","47754309","68","2009328"
"chr9","49845049","49845313","chr9","48075089","48075353","7","1769960"
"chr9","49865419","49865533","chr15","77184812","77184925","18","27319393"
"chr9","49888306","49888567","chr9","48119497","48119758","5","1768809"
"chr9","49918791","49919064","chr9","48150248","48150521","5","1768543"
"chr9","50026681","50026879","chr15","5969077","5969272","49","44057604"
"chr9","50027144","50027278","chr3","39547747","39547878","28","10479397"
"chr9","50272417","50272538","chr9","48505446","48505566","11","1766971"
"chr9","50297988","50298297","chr4","107668420","107668720","52","57370432"
"chr9","50465518","50465779","chr9","48707744","48708003","10","1757774"
"chr9","50596054","50596363","chr9","48840712","48841021","10","1755342"
"chr9","50782116","50782420","chr9","104907851","104908150","62","54125735"
"chr9","50865636","50865853","chr9","49119675","49119887","9","1745961"
"chr9","50949300","50949519","chr9","49201643","49201862","1","1747657"
"chr9","50950334","50950600","chr9","49202677","49202950","16","1747657"
"chr9","50950601","50950746","chr9","49202963","49203089","19","1747638"
"chr9","51070275","51070398","chr9","49331325","49331441","8","1738950"
"chr9","51089898","51090187","chr9","49350922","49351211","9","1738976"
"chr9","51208940","51209255","chr2","160495559","160495883","89","109286619"
"chr9","51209644","51209946","chr5","46419308","46419603","64","4790336"
"chr9","51247064","51247355","chr9","49510170","49510465","16","1736894"
"chr9","51274818","51274993","chr9","49536621","49536803","14","1738197"
"chr9","51368948","51369248","chr9","49632357","49632657","3","1736591"
"chr9","51382361","51382636","chr9","49645529","49645827","40","1736832"
"chr9","51406275","51406475","chr9","49669549","49669755","12","1736726"
"chr9","51412235","51412520","chr9","49675444","49675738","12","1736791"
"chr9","51418522","51418775","chrX","118877221","118877478","61","67458699"
"chr9","51590495","51590789","chr9","49872547","49872841","7","1717948"
"chr9","51629584","51629717","chr9","49911580","49911713","1","1718004"
"chr9","51656122","51656246","chr20","390739","390862","22","51265383"
"chr9","51656548","51656719","chr7","111640971","111641143","38","59984423"
"chr9","51680710","51680840","chr10","43215035","43215166","22","8465675"
"chr9","51728734","51728780","chr9","50016176","50016222","3","1712558"
"chr9","51728784","51729015","chr9","50016226","50016451","13","1712558"
"chr9","51739429","51739732","chr9","50026937","50027233","17","1712492"
"chr9","51751129","51751350","chr9","50042135","50042377","25","1708994"
"chr9","51808446","51808744","chr9","50103365","50103656","17","1705081"
"chr9","51931145","51931445","chr9","50232326","50232637","15","1698819"
"chr9","51933607","51933880","chr9","49872547","49872841","31","2061060"
"chr9","51974423","51974594","chr9","50284140","50284314","6","1690283"
"chr9","52087591","52087728","chr13","37289372","37289514","37","14798219"
"chr9","52106278","52106585","chr9","50413378","50413685","11","1692900"
"chr9","52125533","52125635","chr9","50432420","50432519","6","1693113"
"chr9","52131121","52131256","chr3","31460946","31461082","19","20670175"
"chr9","52136009","52136316","chr9","50442999","50443303","16","1693010"
"chr9","52183137","52183428","chr9","50489828","50490119","12","1693309"
"chr9","52203635","52203950","chr9","50510365","50510680","5","1693270"
"chr9","52248641","52248760","chr9","50555459","50555578","3","1693182"
"chr9","52249073","52249388","chr9","50555888","50556207","11","1693185"
"chr9","52255203","52255467","chr9","50562078","50562359","26","1693125"
"chr9","52397586","52397645","chr1","9388919","9388982","17","43008667"
"chr9","52430237","52430545","chr9","50736512","50736823","12","1693725"
"chr9","52445174","52445309","chrX","95852057","95852188","21","43406883"
"chr9","52445621","52445800","chrX","44106841","44107004","36","8338780"
"chr9","52539904","52540205","chr9","50846597","50846899","5","1693307"
"chr9","52621328","52621490","chr13","92739576","92739730","35","40118248"
"chr9","52621775","52621878","chr7","58581024","58581115","37","5959249"
"chr9","52700705","52700980","chr9","51011656","51011931","3","1689049"
"chr9","53078720","53079046","chr9","51387106","51387433","7","1691614"
"chr9","53112636","53112786","chr9","51421510","51421660","2","1691126"
"chr9","53174279","53174594","chr9","51483388","51483698","14","1690891"
"chr9","53177088","53177371","chr9","51486173","51486456","9","1690915"
"chr9","53323607","53323917","chr9","51634983","51635293","15","1688624"
"chr9","53328248","53328546","chr9","51639714","51640010","8","1688534"
"chr9","53344538","53344833","chr9","51655714","51656009","9","1688824"
"chr9","53367864","53368145","chr9","51678814","51679114","22","1689050"
"chr9","53383110","53383249","chr9","51694115","51694238","17","1688995"
"chr9","53383250","53383545","chr9","51694255","51694550","4","1688995"
"chr9","53383627","53383819","chr9","51694639","51694816","22","1688988"
"chr9","53432879","53433136","chr9","51747283","51747547","23","1685596"
"chr9","53434707","53434934","chr13","23411034","23411289","66","30023673"
"chr9","53464326","53464444","chr7","129629657","129629772","28","76165331"
"chr9","53467346","53467556","chr2","104324422","104324631","41","50857076"
"chr9","53489964","53490269","chr9","51807409","51807717","9","1682555"
"chr9","53491117","53491276","chr9","51808546","51808715","16","1682571"
"chr9","53501653","53501943","chr9","51819681","51819973","14","1681972"
"chr9","53507505","53507633","chr17","10075979","10076113","21","43431526"
"chr9","53511145","53511421","chr9","51829129","51829409","8","1682016"
"chr9","53519259","53519393","chr9","51838136","51838258","16","1681123"
"chr9","53525656","53525959","chr9","51843948","51844251","12","1681708"
"chr9","53528158","53528433","chr9","51846465","51846740","7","1681693"
"chr9","53534622","53534745","chr9","51852602","51852725","0","1682020"
"chr9","53541164","53541275","chr9","51859116","51859226","4","1682048"
"chr9","53575313","53575612","chr9","51893354","51893651","7","1681959"
"chr9","53588558","53588679","chr9","51906615","51906733","4","1681943"
"chr9","53630551","53630854","chr9","51947769","51948072","3","1682782"
"chr9","53650912","53651042","chr9","51968264","51968394","2","1682648"
"chr9","53730228","53730527","chr3","39639304","39639603","66","14090924"
"chr9","53925211","53925424","chr9","52243259","52243444","44","1681952"
"chr9","53930849","53931022","chr9","52248884","52249057","5","1681965"
"chr9","53996508","53996801","chr9","52315045","52315333","15","1681463"
"chr9","53996865","53997027","chr9","52315398","52315558","5","1681467"
"chr9","53999874","53999998","chr7","149505391","149505515","17","95505517"
"chr9","54040323","54040612","chr9","52358051","52358357","21","1682272"
"chr9","54051577","54051696","chr9","52370161","52370279","3","1681416"
"chr9","54177125","54177398","chr9","52496470","52496739","9","1680655"
"chr9","54266914","54267228","chr9","52587355","52587672","10","1679559"
"chr9","54275362","54275651","chr9","52595809","52596098","10","1679553"
"chr9","54653345","54653595","chr1","212508909","212509156","66","157855564"
"chr9","54753316","54753438","JH679882","1898","2019","5","54751418"
"chr9","54773376","54773658","chr9","53096087","53096369","5","1677289"
"chr9","55053803","55054114","chr6","42299250","42299556","57","12754553"
"chr9","55118160","55118471","chr9","53461550","53461826","45","1656610"
"chr9","55543784","55544055","chr9","53888188","53888462","9","1655596"
"chr9","55703876","55704000","chr9","54049226","54049343","11","1654650"
"chr9","55794376","55794673","chr9","54141221","54141514","11","1653155"
"chr9","55828899","55829086","chr20","17372994","17373175","52","38455905"
"chr9","55846095","55846366","chr9","54194290","54194566","16","1651805"
"chr9","55851302","55851611","chr9","54199492","54199799","5","1651810"
"chr9","55862315","55862614","chr9","54210514","54210813","5","1651801"
"chr9","55943230","55943374","chr9","54292521","54292664","6","1650709"
"chr9","55952406","55952707","chr9","54301948","54302252","5","1650458"
"chr9","56021311","56021475","chr19","7084136","7084298","34","48937175"
"chr9","56021520","56021639","chr12","91804963","91805080","23","35783443"
"chr9","56031989","56032182","chr9","54381037","54381231","6","1650952"
"chr9","56114412","56114709","chr9","54465394","54465685","8","1649018"
"chr9","56149383","56149604","chr9","54500344","54500577","35","1649039"
"chr9","56158763","56158945","chrX","45457197","45457372","47","10701566"
"chr9","56162525","56162834","chr9","54506331","54506639","11","1656194"
"chr9","56169322","56169589","chrX","133355487","133355739","74","77186165"
"chr9","56170526","56170834","chr9","54519401","54519707","8","1651125"
"chr9","56181373","56181544","chr3","47553104","47553264","34","8628269"
"chr9","56182391","56182546","chr19","40441658","40441803","33","15740733"
"chr9","56187494","56187625","chr1","135097790","135097920","21","78910296"
"chr9","56193575","56193858","chr9","54544583","54544865","4","1648992"
"chr9","56204150","56204423","chr9","54556277","54556550","5","1647873"
"chr9","56215417","56215692","chr9","54567395","54567670","4","1648022"
"chr9","56236426","56236734","chr9","54588928","54589237","12","1647498"
"chr9","56242318","56242414","chr9","54595135","54595235","15","1647183"
"chr9","56243287","56243418","chr9","54596184","54596318","9","1647103"
"chr9","56245331","56245580","chr9","54598484","54598725","15","1646847"
"chr9","56254119","56254421","chr9","54607263","54607567","10","1646856"
"chr9","56268483","56268637","chr6","118215101","118215251","40","61946618"
"chr9","56268930","56269063","chr6","56589477","56589609","26","320547"
"chr9","56274559","56274719","chr9","54627967","54628127","1","1646592"
"chr9","56281129","56281412","chr9","54634722","54635004","8","1646407"
"chr9","56291620","56291988","chr9","54645165","54645527","19","1646455"
"chr9","56305991","56306049","chr9","54659580","54659635","6","1646411"
"chr9","56309154","56309278","chr3","48071538","48071662","20","8237616"
"chr9","56309580","56309768","chr7","17349222","17349406","43","38960358"
"chr9","56349390","56349524","chr9","54704748","54704882","2","1644642"
"chr9","56366452","56366732","chr9","54721834","54722137","29","1644618"
"chr9","56404826","56405116","chr9","54760264","54760554","4","1644562"
"chr9","56412254","56412555","chr9","54767702","54768007","6","1644552"
"chr9","56453197","56453484","chr10","28769181","28769455","74","27684016"
"chr9","56473476","56473770","chr9","54828940","54829235","6","1644536"
"chr9","56478467","56478743","chr9","54833624","54833900","4","1644843"
"chr9","56493831","56493957","chr9","54848908","54849025","9","1644923"
"chr9","56566330","56566463","chr5","32677518","32677651","18","23888812"
"chr9","56571995","56572305","chr9","54923858","54924171","17","1648137"
"chr9","56576791","56577085","chr9","54929304","54929598","3","1647487"
"chr9","56587687","56587852","chr9","54938427","54938589","6","1649260"
"chr9","56600908","56601205","chr9","54951817","54952116","9","1649091"
"chr9","56614081","56614207","chr9","54968829","54968955","2","1645252"
"chr9","56619401","56619573","chr9","54974173","54974345","2","1645228"
"chr9","56649825","56650138","chr9","55004867","55005180","2","1644958"
"chr9","56658897","56659020","chr1","52522560","52522684","15","4136337"
"chr9","56670951","56671160","chr9","55026093","55026302","3","1644858"
"chr9","56698143","56698453","chr9","55053687","55054002","19","1644456"
"chr9","56708046","56708341","chr9","55063627","55063918","5","1644419"
"chr9","56726284","56726397","chr9","55081821","55081934","2","1644463"
"chr9","56740763","56741041","chr9","105921942","105922218","52","49181179"
"chr9","56748120","56748409","chr9","55101948","55102237","6","1646172"
"chr9","56758051","56758180","chr2","143610328","143610452","24","86852277"
"chr9","56768343","56768646","chr9","55126613","55126914","9","1641730"
"chr9","56786753","56786884","chr9","55145141","55145272","1","1641612"
"chr9","56799783","56800087","chr9","55158227","55158532","12","1641556"
"chr9","56802679","56802873","chr8","98047098","98047277","48","41244419"
"chr9","56809355","56809604","chr9","55167829","55168076","5","1641526"
"chr9","56823160","56823347","chr9","55181185","55181372","3","1641975"
"chr9","56833889","56834010","chr7","137532073","137532197","26","80698184"
"chr9","56868415","56868561","chr2","135492264","135492422","50","78623849"
"chr9","56962848","56963121","chr9","55323421","55323693","8","1639427"
"chr9","56971533","56971699","chr7","66580467","66580627","31","9608934"
"chr9","57019402","57019683","chr17","24261365","24261656","79","32758037"
"chr9","57033889","57034194","chr9","55392172","55392480","7","1641717"
"chr9","57065044","57065345","chr9","55423045","55423336","16","1641999"
"chr9","57071882","57072188","chr9","55429874","55430180","3","1642008"
"chr9","57075220","57075479","chr9","55436875","55437188","58","1638345"
"chr9","57075502","57075632","chr9","55437209","55437341","4","1638293"
"chr9","57088699","57088824","chr9","55446318","55446442","6","1642381"
"chr9","57101175","57101467","chr9","55458512","55458799","10","1642663"
"chr9","57105902","57106022","chr9","55463283","55463403","0","1642619"
"chr9","57108278","57108566","chr9","55465645","55465930","7","1642633"
"chr9","57115695","57115820","chr9","55473066","55473191","2","1642629"
"chr9","57129715","57129971","chr9","55487085","55487341","2","1642630"
"chr9","57138978","57139124","chr9","55496616","55496762","2","1642362"
"chr9","57161936","57162224","chr9","55518774","55519062","4","1643162"
"chr9","57176301","57176545","chr9","55533174","55533451","41","1643127"
"chr9","57178481","57178744","chr6","58402202","58402458","68","1223721"
"chr9","57201523","57201781","chr9","55556411","55556672","6","1645112"
"chr9","57218033","57218220","chr9","55572705","55572895","5","1645328"
"chr9","57234821","57235129","chr10","77010477","77010780","55","19775656"
"chr9","57241848","57242131","chr9","55599023","55599306","6","1642825"
"chr9","57242622","57242918","chr9","55599796","55600094","8","1642826"
"chr9","57271704","57271975","chr9","55629625","55629893","9","1642079"
"chr9","57282026","57282325","chr9","55639851","55640146","9","1642175"
"chr9","57305910","57306177","chr9","55664476","55664743","5","1641434"
"chr9","57306907","57307208","chr9","55665472","55665776","13","1641435"
"chr9","57309248","57309562","chr9","55667808","55668122","8","1641440"
"chr9","57311579","57311712","chr9","55670128","55670261","2","1641451"
"chr9","57332590","57332877","chr9","55692029","55692332","24","1640561"
"chr9","57356953","57357076","chr4","6440212","6440334","19","50916741"
"chr9","57372570","57372699","chr14","7021394","7021526","20","50351176"
"chr9","57391738","57392040","chr9","55748206","55748508","5","1643532"
"chr9","57412137","57412416","chr3","35593296","35593570","54","21818841"
"chr9","57420390","57420658","chr9","55797742","55798010","5","1622648"
"chr9","57424769","57425068","chr5","157850132","157850435","57","100425363"
"chr9","57430721","57430852","chr6","71074594","71074725","20","13643873"
"chr9","57442271","57442553","chr9","55813151","55813434","2","1629120"
"chr9","57494096","57494375","chr9","55866061","55866340","7","1628035"
"chr9","57511740","57511885","chr9","55883860","55883986","22","1627880"
"chr9","57527108","57527304","chr20","17372994","17373175","52","40154114"
"chr9","57537245","57537545","chr3","150694094","150694393","67","93156849"
"chr9","57539274","57539585","chr9","55911536","55911842","8","1627738"
"chr9","57577078","57577382","chr6","135496415","135496710","60","77919337"
"chr9","57591224","57591505","chr9","55964141","55964420","8","1627083"
"chr9","57615355","57615652","chr9","55988770","55989153","93","1626585"
"chr9","57615952","57616040","chrX","43521051","43521142","19","14094901"
"chr9","57620694","57620864","chr10","31268438","31268604","34","26352256"
"chr9","57630528","57630638","chr9","56003747","56003840","18","1626781"
"chr9","57668164","57668420","chr2","74320989","74321233","64","16652825"
"chr9","57684890","57685010","chr9","56063290","56063410","1","1621600"
"chr9","57705785","57705970","chr8","63339372","63339558","46","5633587"
"chr9","57706246","57706301","chr10","70047730","70047782","12","12341484"
"chr9","57714028","57714344","chr9","56092618","56092932","8","1621410"
"chr9","57720407","57720703","chr9","56100126","56100422","6","1620281"
"chr9","57721649","57721920","chr9","56101366","56101637","2","1620283"
"chr9","57733900","57734168","chr9","56115028","56115295","2","1618872"
"chr9","57741705","57742014","chr9","56122684","56122992","11","1619021"
"chr9","57789969","57790278","chr9","56171881","56172190","7","1618088"
"chr9","57799900","57800198","chr9","56182152","56182449","7","1617748"
"chr9","57812598","57812755","chr9","56195704","56195860","5","1616894"
"chr9","57821303","57821576","chr9","56204033","56204288","25","1617270"
"chr9","57836582","57836791","chr9","56219549","56219758","5","1617033"
"chr9","57854508","57854809","chr9","56238284","56238584","10","1616224"
"chr9","57857792","57858059","chr9","56240938","56241198","35","1616854"
"chr9","57885138","57885438","chr9","56270671","56270971","4","1614467"
"chr9","57911582","57911879","chr9","56298291","56298587","4","1613291"
"chr9","57956894","57957189","chr9","56342981","56343289","20","1613913"
"chr9","57963024","57963123","chr9","56349369","56349468","0","1613655"
"chr9","57969382","57969709","chr9","56355731","56356060","8","1613651"
"chr9","57973795","57973940","chr9","56363181","56363344","19","1610614"
"chr9","57999335","57999475","chr16","30911116","30911247","24","27088219"
"chr9","57999781","57999929","chr1","6849800","6849948","30","51149981"
"chr9","58027193","58027507","chr9","56425489","56425802","13","1601704"
"chr9","58038227","58038527","chr9","56436510","56436810","8","1601717"
"chr9","58049021","58049205","chr9","56447185","56447369","2","1601836"
"chr9","58130560","58130732","chr9","56530048","56530219","2","1600512"
"chr9","58152074","58152204","chr7","9414548","9414678","22","48737526"
"chr9","58152528","58152685","chr3","111537508","111537663","29","53384980"
"chr9","58154002","58154153","chr9","56553674","56553825","2","1600328"
"chr9","58159434","58159718","chr9","56560000","56560293","13","1599434"
"chr9","58175176","58175486","chr9","56574920","56575234","8","1600256"
"chr9","58190242","58190556","chr9","56590362","56590684","20","1599880"
"chr9","58207073","58207242","chr18","41515903","41516065","33","16691170"
"chr9","58208896","58209105","chr9","83593024","83593225","54","25384128"
"chr9","58209444","58209564","chr15","39404190","39404306","22","18805254"
"chr9","58229888","58230195","chr9","56636872","56637180","12","1593016"
"chr9","58234284","58234535","chr9","56641555","56641815","17","1592729"
"chr9","58255714","58255952","chr9","56664191","56664433","6","1591523"
"chr9","58272440","58272569","chr9","59223715","59223849","21","951275"
"chr9","58288146","58288324","chr7","17349222","17349406","30","40938924"
"chr9","58288362","58288482","chr7","123589542","123589660","21","65301180"
"chr9","58306378","58306692","chr9","56726615","56726928","4","1579763"
"chr9","58306695","58307007","chr9","56726931","56727243","3","1579764"
"chr9","58314869","58315075","chr9","56721534","56721740","4","1593335"
"chr9","58335927","58336208","chr20","38637596","38637890","57","19698331"
"chr9","58342013","58342329","chr10","80769611","80769923","62","22427598"
"chr9","58369265","58369560","chr9","56775180","56775474","8","1594085"
"chr9","58397714","58398000","chr9","56803533","56803817","4","1594181"
"chr9","58406711","58407002","chr9","56813326","56813652","44","1593385"
"chr9","58410967","58411116","chr9","56817585","56817735","3","1593382"
"chr9","58412474","58412774","chr9","56819084","56819393","17","1593390"
"chr9","58428723","58429051","chr9","56835322","56835643","19","1593401"
"chr9","58451248","58451523","chr9","56858624","56858899","4","1592624"
"chr9","58517138","58517262","chr9","56921601","56921725","1","1595537"
"chr9","58519043","58519332","chr9","56923552","56923839","5","1595491"
"chr9","58524076","58524380","chr9","56928803","56929102","12","1595273"
"chr9","58526137","58526261","chr1","163990603","163990729","32","105464466"
"chr9","58528522","58528640","chr9","56932648","56932766","2","1595874"
"chr9","58536265","58536390","chr9","56940422","56940547","4","1595843"
"chr9","58537093","58537393","chr1","41208937","41209251","75","17328156"
"chr9","58551268","58551395","chr4","127321972","127322099","22","68770704"
"chr9","58554620","58554843","chr1","65285247","65285469","62","6730627"
"chr9","58609432","58609679","chr10","59897511","59897751","56","1288079"
"chr9","58629720","58629967","chr9","57031133","57031399","20","1598587"
"chr9","58636341","58636631","chr9","57038403","57038693","1","1597938"
"chr9","58640132","58640268","chr9","57043248","57043382","4","1596884"
"chr9","58644422","58644780","chr9","57047504","57047860","14","1596918"
"chr9","58647218","58647387","chr9","57055621","57055789","8","1591597"
"chr9","58661455","58661576","chr3","105419310","105419431","17","46757855"
"chr9","58663634","58663935","chr9","57067914","57068214","1","1595720"
"chr9","58664421","58664552","chr9","57068688","57068810","10","1595733"
"chr9","58672414","58672727","chr9","57077021","57077331","10","1595393"
"chr9","58698980","58699288","chr19","5080380","5080685","67","53618600"
"chr9","58743789","58744061","chr9","57150860","57151132","2","1592929"
"chr9","58752697","58752823","chr9","57158694","57158820","1","1594003"
"chr9","58753165","58753329","chr9","57159161","57159325","3","1594004"
"chr9","58779880","58780088","chr1","156839181","156839356","62","98059301"
"chr9","58864643","58864756","chr9","57273171","57273293","13","1591472"
"chr9","58868825","58868944","chr9","57277710","57277829","2","1591115"
"chr9","58885837","58886137","chr9","57295450","57295745","12","1590387"
"chr9","58887915","58888036","chr20","10579554","10579670","23","48308361"
"chr9","58953026","58953151","chr9","57368880","57369002","3","1584146"
"chr9","58959673","58959964","chr9","57375548","57375843","7","1584125"
"chr9","58967500","58967803","chr9","57385472","57385774","4","1582028"
"chr9","58994160","58994438","chr2","83398793","83399073","51","24404633"
"chr9","59015711","59015848","chr9","57433997","57434134","5","1581714"
"chr9","59055633","59055938","chr9","57473780","57474064","27","1581853"
"chr9","59058611","59058749","chr9","57476609","57476747","4","1582002"
"chr9","59059910","59060138","chr6","128227030","128227255","47","69167120"
"chr9","59061308","59061604","chr9","57479317","57479617","8","1581991"
"chr9","59069007","59069301","chrX","62819508","62819807","59","3750501"
"chr9","59079393","59079531","chr5","45667100","45667229","39","13412293"
"chr9","59079559","59079696","chr1","14666143","14666275","28","44413416"
"chr9","59091200","59091491","chr9","57513302","57513592","14","1577898"
"chr9","59097748","59097890","chr1","14666143","14666275","29","44431605"
"chr9","59098193","59098320","chr7","64587528","64587653","29","5489335"
"chr9","59103465","59103591","chr2","115614490","115614613","20","56511025"
"chr9","59103627","59103790","chr1","37304379","37304537","41","21799248"
"chr9","59105462","59105582","chr9","57529289","57529407","4","1576173"
"chr9","59108697","59108959","chr9","57532522","57532783","6","1576175"
"chr9","59108965","59109225","chr9","57532789","57533050","7","1576176"
"chr9","59111924","59112048","chr8","76171769","76171887","29","17059845"
"chr9","59120056","59120344","chr9","57544395","57544683","7","1575661"
"chr9","59126836","59127104","chr9","57549670","57549938","1","1577166"
"chr9","59155426","59155719","chr2","40501969","40502258","71","18653457"
"chr9","59224816","59225115","chr9","57654433","57654730","8","1570383"
"chr9","59235570","59235857","chr4","36106583","36106856","71","23128987"
"chr9","59242816","59243107","chr9","57672920","57673205","14","1569896"
"chr9","59256689","59256848","chr9","57686701","57686857","10","1569988"
"chr9","59273259","59273546","chr9","57698569","57698854","4","1574690"
"chr9","59280342","59280393","chr1","38683039","38683088","14","20597303"
"chr9","59397773","59398089","chr6","65652874","65653184","60","6255101"
"chr9","59407637","59407995","chr20","60386350","60386676","96","978713"
"chr9","59427320","59427520","chr17","3692751","3692947","41","55734569"
"chr9","59530322","59530444","chr9","57962391","57962513","1","1567931"
"chr9","59556563","59556730","chr9","57988919","57989087","4","1567644"
"chr9","59559911","59560164","chr9","57992571","57992830","26","1567340"
"chr9","59560165","59560246","chr2","41116747","41116826","16","18443418"
"chr9","59566717","59566841","chr9","57999369","57999493","1","1567348"
"chr9","59569913","59570221","chr9","58002572","58002880","11","1567341"
"chr9","59591118","59591424","chr9","58024606","58024925","26","1566512"
"chr9","59610287","59610450","chr9","58044083","58044248","8","1566204"
"chr9","59653238","59653518","chr9","58086425","58086707","7","1566813"
"chr9","59658506","59658811","chr9","58092042","58092347","5","1566464"
"chr9","59685498","59685668","chr9","58118789","58118963","11","1566709"
"chr9","59735858","59736151","chr9","58169819","58170109","12","1566039"
"chr9","59770273","59770591","chr15","70446996","70447307","55","10676723"
"chr9","59794705","59794987","chr9","58228839","58229114","13","1565866"
"chr9","59831085","59831361","chr9","58264566","58264837","8","1566519"
"chr9","59920189","59920312","chr9","87044649","87044770","22","27124460"
"chr9","59927567","59927866","chr9","58361457","58361756","7","1566110"
"chr9","59929869","59930200","chrX","46550724","46551053","81","13379145"
"chr9","59935034","59935340","chr9","58368412","58368678","46","1566622"
"chr9","59945149","59945430","chr9","58378372","58378593","63","1566777"
"chr9","59948595","59948884","chr9","58381757","58382045","3","1566838"
"chr9","60181591","60181677","chr9","58619096","58619182","1","1562495"
"chr9","60199737","60199992","chr9","58637454","58637709","13","1562283"
"chr9","60212660","60212813","chr3","87374130","87374286","35","27161470"
"chr9","60212854","60212969","chr4","30593798","30593915","17","29619056"
"chr9","60251041","60251332","chr9","58688820","58689109","13","1562221"
"chr9","60282730","60283036","chr9","58720358","58720666","9","1562372"
"chr9","60413969","60414239","chr9","58855907","58856177","8","1558062"
"chr9","60545952","60546275","chr9","58990371","58990703","21","1555581"
"chr9","60554551","60554740","chr9","58998989","58999178","2","1555562"
"chr9","60581146","60581436","chr9","59025781","59026077","13","1555365"
"chr9","60669608","60669851","chr9","59114821","59115064","3","1554787"
"chr9","60687302","60687568","chr9","59134493","59134767","11","1552809"
"chr9","60702604","60702735","chr9","59147820","59147951","3","1554784"
"chr9","60717090","60717413","chr9","59163951","59164239","50","1553139"
"chr9","60734652","60734936","chr9","59186052","59186343","10","1548600"
"chr9","60755342","60755678","chr13","72269100","72269444","79","11513758"
"chr9","60771916","60772050","chr9","59223715","59223849","3","1548201"
"chr9","60804306","60804500","chr9","59252653","59252858","22","1551653"
"chr9","60841050","60841204","chr9","59290685","59290838","2","1550365"
"chr9","60865644","60865940","chr9","59315297","59315593","3","1550347"
"chr9","60877264","60877546","chr9","59327557","59327838","6","1549707"
"chr9","60882769","60883046","chr9","59333060","59333343","10","1549709"
"chr9","60931943","60932257","chr9","59380700","59381004","17","1551243"
"chr9","60935699","60935932","chr9","59384430","59384661","7","1551269"
"chr9","60938191","60938507","chr3","67363362","67363673","59","6425171"
"chr9","60939343","60939615","chr6","132221422","132221700","58","71282079"
"chr9","60963113","60963415","chr9","59398888","59399203","30","1564225"
"chr9","60963780","60964087","chr10","77474646","77474949","64","16510866"
"chr9","61021691","61021872","chr7","73843605","73843783","38","12821914"
"chr9","61022184","61022341","chr17","42391124","42391258","42","18631060"
"chr9","61044789","61045087","chr9","59485597","59485861","37","1559192"
"chr9","61124306","61124434","chr9","59571060","59571188","2","1553246"
"chr9","61139505","61139826","chr7","59359137","59359437","69","1780368"
"chr9","61145161","61145249","chr9","59592179","59592268","5","1552982"
"chr9","61146713","61146840","chr1","128006569","128006694","17","66859856"
"chr9","61168022","61168292","chr9","59614795","59615090","32","1553227"
"chr9","61170548","61170866","chr9","59617327","59617632","32","1553221"
"chr9","61173423","61173716","chr19","28458469","28458756","57","32714954"
"chr9","61181568","61181683","chr4","10224785","10224907","19","50956783"
"chr9","61181996","61182053","chr1","110101700","110101762","21","48919704"
"chr9","61203763","61203890","chr2","143610328","143610452","17","82406565"
"chr9","61214379","61214541","chr9","59660689","59660853","3","1553690"
"chr9","61216927","61217067","chr9","59663232","59663369","9","1553695"
"chr9","61311839","61312155","chr9","59757863","59758179","14","1553976"
"chr9","61567856","61568200","chr9","60019085","60019411","23","1548771"
"chr9","61578629","61578780","chr9","60029922","60030073","4","1548707"
"chr9","61623343","61623638","chr9","60071004","60071300","4","1552339"
"chr9","61682813","61683071","chr9","60126760","60127049","36","1556053"
"chr9","61742709","61742976","chr9","60186694","60186942","23","1556015"
"chr9","61800811","61801101","chr9","60244763","60245075","31","1556048"
"chr9","61806725","61806843","chr9","60250707","60250818","13","1556018"
"chr9","61852593","61852764","chr8","98260927","98261097","30","36408334"
"chr9","61888934","61889198","chr9","60334430","60334694","8","1554504"
"chr9","61889958","61890249","chr9","60335453","60335748","11","1554505"
"chr9","61915879","61916168","chr9","60361493","60361792","11","1554386"
"chr9","61916742","61916870","chr1","42175105","42175235","23","19741637"
"chr9","61925691","61925813","chr9","60371405","60371527","2","1554286"
"chr9","61930588","61930884","chr9","60376309","60376605","3","1554279"
"chr9","61945753","61945888","chr11","111580097","111580231","21","49634344"
"chr9","61946188","61946358","chr3","42608312","42608486","40","19337876"
"chr9","61972955","61973078","chr11","50308940","50309064","22","11664015"
"chr9","61996102","61996201","chr17","5936353","5936452","19","56059749"
"chr9","62023709","62023732","chr4","37952686","37952708","4","24071023"
"chr9","62023809","62023948","chr13","37502134","37502267","29","24521675"
"chr9","62024235","62024368","chr5","33425687","33425822","19","28598548"
"chr9","62052308","62052476","chr3","78136377","78136543","41","16084069"
"chr9","62052830","62052957","chr1","16572037","16572155","29","45480793"
"chr9","62079541","62079753","chr6","95718619","95718808","62","33639078"
"chr9","62122227","62122503","chr7","1885966","1886239","58","60236261"
"chr9","62156586","62156869","chr9","60600399","60600683","6","1556187"
"chr9","62191502","62191811","chr9","60634401","60634710","7","1557101"
"chr9","62195884","62196170","chr9","60639263","60639533","22","1556621"
"chr9","62223584","62223891","chr9","60662014","60662316","15","1561570"
"chr9","62224210","62224501","chr9","60662643","60662939","12","1561567"
"chr9","62226152","62226485","chr9","60665518","60665855","15","1560634"
"chr9","62241855","62241964","chr9","60681219","60681331","3","1560636"
"chr9","62248540","62248882","chr9","60687757","60688100","6","1560783"
"chr9","62273828","62273969","chr9","60713628","60713788","26","1560200"
"chr9","62282553","62282871","chr15","98041136","98041442","57","35758583"
"chr9","62285804","62285934","chr9","60725695","60725812","18","1560109"
"chr9","62289228","62289527","chr9","60729399","60729692","16","1559829"
"chr9","62320131","62320427","chr9","60761065","60761363","9","1559066"
"chr9","62320878","62321139","chr9","60761812","60762074","5","1559066"
"chr9","62334905","62335217","chr9","60776508","60776820","7","1558397"
"chr9","62346516","62346816","chr9","60787836","60788136","4","1558680"
"chr9","62362729","62362873","chr9","60802847","60802993","8","1559882"
"chr9","62375607","62375905","chr9","60815967","60816261","11","1559640"
"chr9","62384010","62384130","chr2","158300088","158300205","18","95916078"
"chr9","62384467","62384551","chr5","175536878","175536962","16","113152411"
"chr9","62403320","62403592","chr9","11945401","11945669","55","50457919"
"chr9","62416099","62416231","chr7","118844811","118844942","19","56428712"
"chr9","62420891","62421058","chrX","44106841","44107004","33","18314050"
"chr9","62422144","62422272","chr9","60861821","60861945","8","1560323"
"chr9","62454290","62454600","chr6","172838311","172838611","42","110384021"
"chr9","62457575","62457723","chr3","162621779","162621932","34","100164204"
"chr9","62494832","62495097","chr9","60945510","60945779","10","1549322"
"chr9","62505150","62505431","chr9","60956204","60956485","8","1548946"
"chr9","62525496","62525798","chr9","60973737","60974039","8","1551759"
"chr9","62526961","62527080","chr9","60974621","60974740","5","1552340"
"chr9","62530977","62531241","chr9","60979949","60980191","27","1551028"
"chr9","62531943","62532102","chr13","68645227","68645384","33","6113284"
"chr9","62559764","62559954","chr20","17372994","17373175","37","45186770"
"chr9","62567686","62567975","chr11","45101065","45101358","59","17466621"
"chr9","62572911","62573206","chr1","21659466","21659772","68","40913445"
"chr9","62639439","62639539","chr9","61103371","61103471","2","1536068"
"chr9","62664071","62664244","chr16","56467836","56468006","61","6196235"
"chr9","62664535","62664692","chr13","85906319","85906472","33","23241784"
"chr9","62673687","62673785","chr9","61139326","61139430","9","1534361"
"chr9","62683260","62683526","chr9","61150211","61150477","5","1533049"
"chr9","62697710","62697841","chr1","79910765","79910899","28","17213055"
"chr9","62701952","62702248","chr4","1948614","1948911","58","60753338"
"chr9","62718815","62719051","chr9","61188614","61188847","6","1530201"
"chr9","62719823","62719944","chr9","61189913","61190038","8","1529910"
"chr9","62741674","62741999","chr9","61211743","61212072","10","1529931"
"chr9","62742797","62743069","chr9","61212860","61213132","11","1529937"
"chr9","62748063","62748177","chr14","20974822","20974939","32","41773241"
"chr9","62748677","62748706","chr8","41168661","41168695","15","21580016"
"chr9","62751952","62752260","chr9","61222355","61222671","14","1529597"
"chr9","62754919","62755044","chr9","61225330","61225455","1","1529589"
"chr9","62760360","62760447","chr9","61230439","61230524","4","1529921"
"chr9","62762553","62762838","chr9","61232430","61232719","12","1530123"
"chr9","62768788","62768991","chr9","61238952","61239155","1","1529836"
"chr9","62773557","62773827","chr9","61243754","61244050","36","1529803"
"chr9","62779299","62779609","chr2","68784909","68785216","73","6005610"
"chr9","62792628","62792930","chr11","30999129","30999387","100","31793499"
"chr9","62844331","62844647","chr7","109397775","109398062","102","46553444"
"chr9","62853045","62853151","chr9","61325045","61325151","6","1528000"
"chr9","62886375","62886505","chr9","61366906","61367036","3","1519469"
"chr9","62895054","62895112","chr1","184763834","184763896","15","121868780"
"chr9","62901080","62901246","chr9","61381654","61381818","5","1519426"
"chr9","62903179","62903302","chr10","83850817","83850941","27","20947638"
"chr9","62920422","62920537","chr9","61402297","61402412","5","1518125"
"chr9","62925236","62925289","chr1","143853341","143853388","16","80928105"
"chr9","62959782","62959912","chr9","61445733","61445863","0","1514049"
"chr9","62965031","62965332","chr5","45912959","45913262","59","17052072"
"chr9","63023454","63023787","chr9","61510250","61510583","3","1513204"
"chr9","63036902","63037206","chr9","61523558","61523862","13","1513344"
"chr9","63070517","63070678","chr9","61568323","61568471","16","1502194"
"chr9","63095932","63096233","chr9","61587913","61588209","10","1508019"
"chr9","63113326","63113610","chr9","61605272","61605556","7","1508054"
"chr9","63123238","63123527","chr9","61614539","61614828","15","1508699"
"chr9","63217496","63217814","chr9","61712926","61713229","18","1504570"
"chr9","63337815","63338111","chr9","61832519","61832818","6","1505296"
"chr9","63360516","63360821","chr17","76062721","76063023","54","12702205"
"chr9","63376670","63376911","chr9","61870055","61870296","5","1506615"
"chr9","63388517","63388711","chr1","63327867","63328050","53","60650"
"chr9","63481258","63481457","chr9","61975402","61975594","10","1505856"
"chr9","63481878","63482172","chr9","61976015","61976304","14","1505863"
"chr9","63485810","63486097","chr9","61980763","61981050","9","1505047"
"chr9","63489615","63489901","chr9","61984572","61984858","4","1505043"
"chr9","63501279","63501571","chr9","61997158","61997450","6","1504121"
"chr9","63512210","63512476","chr9","62014343","62014609","8","1497867"
"chr9","63513189","63513503","chr9","62015624","62015936","9","1497565"
"chr9","63520540","63520705","chr7","50840771","50840927","32","12679769"
"chr9","63527198","63527497","chr9","62027436","62027736","7","1499762"
"chr9","63532230","63532506","chr9","62035625","62035901","7","1496605"
"chr9","63558583","63558868","chr9","62065752","62066036","6","1492831"
"chr9","63583114","63583417","chr9","62090616","62090916","9","1492498"
"chr9","63599946","63600232","chr9","62107413","62107707","11","1492533"
"chr9","63605903","63606167","chr1","127525282","127525543","58","63919379"
"chr9","63608113","63608375","chr9","62115458","62115719","2","1492655"
"chr9","64085847","64086154","chr12","80747694","80748006","54","16661847"
"chr9","64420520","64420770","chr18","41569249","41569509","76","22851271"
"chr9","64524064","64524364","chr9","63074775","63075076","10","1449289"
"chr9","64573545","64573844","chr11","121736593","121736885","75","57163048"
"chr9","64793340","64793644","chr9","63352974","63353270","15","1440366"
"chr9","64959008","64959304","chr9","63524663","63524973","21","1434345"
"chr9","64998286","64998411","chr1","52522560","52522684","24","12475726"
"chr9","65039623","65039774","chr9","63604345","63604484","20","1435278"
"chr9","65091045","65091334","chr9","63666274","63666562","11","1424771"
"chr9","65205679","65205805","chr9","63782838","63782952","16","1422841"
"chr9","65300340","65300637","chr16","5133083","5133375","65","60167257"
"chr9","65467088","65467393","chr9","64045913","64046255","44","1421175"
"chr9","65566002","65566125","chr9","64144293","64144415","5","1421709"
"chr9","65658080","65658252","chrX","65856007","65856182","47","197927"
"chr9","65673731","65674040","chr10","5011514","5011815","87","60662217"
"chr9","65719927","65720075","chr13","68964782","68964931","37","3244855"
"chr9","65749369","65749659","chr3","174253892","174254183","63","108504523"
"chr9","65962352","65962673","chr9","64547045","64547361","11","1415307"
"chr9","65967640","65967829","chr9","64552256","64552445","7","1415384"
"chr9","66018544","66018685","chr4","34856087","34856228","30","31162457"
"chr9","66021032","66021351","chr9","64606217","64606537","16","1414815"
"chr9","66097227","66097414","chr9","64683378","64683567","15","1413849"
"chr9","66104671","66104930","chr9","64690667","64690959","37","1414004"
"chr9","66476989","66477110","chr9","65064186","65064307","3","1412803"
"chr9","66500313","66500623","chr9","65086951","65087258","12","1413362"
"chr9","66533624","66533748","chr13","14929543","14929668","27","51604081"
"chr9","66565763","66566096","chr9","65149912","65150231","22","1415851"
"chr9","66628362","66628488","chr9","65220091","65220216","6","1408271"
"chr9","66650030","66650160","chr9","65243052","65243181","5","1406978"
"chr9","66691655","66691934","chr9","65286349","65286631","13","1405306"
"chr9","66711627","66711914","chr14","63770094","63770375","69","2941533"
"chr9","66722938","66723171","chr9","65316018","65316251","9","1406920"
"chr9","66817858","66818155","chr1","40647710","40648004","75","26170148"
"chr9","66890558","66890681","chr9","65485967","65486090","3","1404591"
"chr9","66902140","66902424","chr9","65496661","65496954","15","1405479"
"chr9","66902447","66902605","chr9","65496975","65497137","8","1405472"
"chr9","66953417","66953541","chr9","65547945","65548069","1","1405472"
"chr9","67015048","67015343","chr9","65610766","65611079","29","1404282"
"chr9","67057216","67057365","chr9","65654170","65654319","4","1403046"
"chr9","67325172","67325460","chr9","65934270","65934562","11","1390902"
"chr9","67364716","67365000","chr9","65973278","65973562","9","1391438"
"chr9","67398943","67399054","chr9","66005787","66005890","9","1393156"
"chr9","67533974","67534278","chr9","66131815","66132117","15","1402159"
"chr9","67543428","67543739","chr9","66141442","66141753","5","1401986"
"chr9","67642245","67642546","chr9","66247659","66247962","15","1394586"
"chr9","67711914","67712214","chr9","66314224","66314540","31","1397690"
"chr9","67712651","67712940","chr9","66314973","66315262","4","1397678"
"chr9","67713249","67713564","chr9","66315571","66315849","43","1397678"
"chr9","67716228","67716545","chr9","66318577","66318893","5","1397651"
"chr9","67742859","67743121","chr9","66345740","66346002","2","1397119"
"chr9","67748995","67749169","chr9","66351992","66352190","27","1397003"
"chr9","67770288","67770584","chr9","66372967","66373260","9","1397321"
"chr9","67835039","67835321","chr9","66439164","66439468","26","1395875"
"chr9","67847850","67848122","chr9","66451966","66452238","9","1395884"
"chr9","67862308","67862570","chr16","39673596","39673875","77","28188712"
"chr9","67868366","67868715","chr9","66472848","66473193","17","1395518"
"chr9","67892133","67892433","chr9","66496205","66496505","4","1395928"
"chr9","67911890","67912215","chr9","66515939","66516264","5","1395951"
"chr9","67938631","67938938","chr9","66542737","66543022","27","1395894"
"chr9","67949376","67949512","chr1","217896553","217896692","33","149947177"
"chr9","67955790","67955852","chr10","81646110","81646170","18","13690320"
"chr9","67955853","67956080","chr9","66560042","66560269","5","1395811"
"chr9","67967268","67967576","chr6","140318206","140318513","64","72350938"
"chr9","68007510","68007612","chr9","66616495","66616597","2","1391015"
"chr9","68022852","68023119","chr9","66624819","66625086","5","1398033"
"chr9","68028232","68028383","chr9","66630546","66630697","3","1397686"
"chr9","68106020","68106314","chr9","66710254","66710548","7","1395766"
"chr9","68114795","68115090","chr9","66719021","66719316","6","1395774"
"chr9","68136838","68136991","chr3","50749437","50749590","26","17387401"
"chr9","68137263","68137432","chr6","30984975","30985143","49","37152288"
"chr9","68147350","68147633","chr9","66751942","66752200","37","1395408"
"chr9","68152295","68152588","chr2","113473240","113473529","60","45320945"
"chr9","68165408","68165691","chr9","66768767","66769050","3","1396641"
"chr9","68205127","68205277","chr9","66806885","66807013","23","1398242"
"chr9","68209911","68210083","chr6","170946742","170946911","42","102736831"
"chr9","68226218","68226512","chr9","66827724","66828026","19","1398494"
"chr9","68258600","68258907","chr9","66859271","66859574","7","1399329"
"chr9","68262239","68262530","chr9","66862901","66863193","4","1399338"
"chr9","68276083","68276206","chr9","66876762","66876885","7","1399321"
"chr9","68276529","68276689","chr9","66877222","66877389","10","1399307"
"chr9","68391554","68391869","chr9","66994028","66994351","17","1397526"
"chr9","68513238","68513475","chr2","88826351","88826579","65","20313113"
"chr9","68568552","68568676","chr10","36885159","36885281","34","31683393"
"chr9","68658321","68658638","chr9","67263203","67263520","12","1395118"
"chr9","68739141","68739456","chr9","67344919","67345234","6","1394222"
"chr9","68786521","68786795","chr15","74662690","74662959","74","5876169"
"chr9","68790054","68790299","chr9","67395883","67396128","9","1394171"
"chr9","68962433","68962739","chr9","67583667","67583961","21","1378766"
"chr9","69027974","69028275","chr9","67656160","67656464","9","1371814"
"chr9","69067581","69067869","chr9","67696184","67696471","9","1371397"
"chr9","69121382","69121658","chr9","67748392","67748665","24","1372990"
"chr9","69149303","69149605","chr2","50436019","50436328","65","18713284"
"chr9","69401925","69402075","chr9","68026827","68026977","6","1375098"
"chr9","69466593","69466871","chr9","68093218","68093496","6","1373375"
"chr9","69968915","69969220","chr9","68603355","68603656","8","1365560"
"chr9","70096674","70096820","chr9","68729878","68730024","5","1366796"
"chr9","70152782","70153036","chr9","68789388","68789646","13","1363394"
"chr9","70346922","70347228","chr17","90016143","90016435","70","19669221"
"chr9","70423746","70423862","chr9","69058725","69058851","15","1365021"
"chr9","70471484","70471606","chr9","69105984","69106107","4","1365500"
"chr9","70473617","70473722","chr1","94949606","94949713","22","24475989"
"chr9","70493860","70493979","chr16","36072187","36072305","21","34421673"
"chr9","70498659","70498969","chr9","69133411","69133700","32","1365248"
"chr9","70532080","70532218","chr9","69162403","69162533","13","1369677"
"chr9","70560697","70560856","chr9","69190264","69190428","7","1370433"
"chr9","70594513","70594802","chr16","31457894","31458186","61","39136619"
"chr9","70614777","70615086","chr9","69241097","69241403","10","1373680"
"chr9","70648867","70649163","chr9","69276887","69277184","11","1371980"
"chr9","70649182","70649300","chr9","69277194","69277326","18","1371988"
"chr9","70780522","70780732","chr1","213490242","213490441","57","142709720"
"chr9","70830166","70830456","chr9","69459346","69459636","10","1370820"
"chr9","70832877","70833164","chr1","85860621","85860902","58","15027744"
"chr9","70942887","70943021","chr9","69572989","69573086","37","1369898"
"chr9","70975953","70976254","chr2","173328435","173328745","71","102352482"
"chr9","71012200","71012454","chr9","69641438","69641692","8","1370762"
"chr9","71015491","71015682","chr2","60465075","60465255","56","10550416"
"chr9","71045284","71045571","chr9","69675004","69675291","3","1370280"
"chr9","71280479","71280790","chr1","183152705","183153001","68","111872226"
"chr9","71469966","71470188","chr9","70093893","70094117","12","1376073"
"chr9","71573067","71573366","chr20","52756500","52756798","55","18816567"
"chr9","71674893","71675042","chr20","26957386","26957538","39","44717507"
"chr9","71675073","71675201","chrX","127684047","127684176","40","56008974"
"chr9","72121291","72121415","chr20","70383829","70383951","29","1737462"
"chr9","72448944","72449253","chr9","71093680","71093992","8","1355264"
"chr9","72465865","72466153","chr9","71115177","71115463","10","1350688"
"chr9","72486355","72486657","chr9","71135736","71136034","15","1350619"
"chr9","72548533","72548823","chr10","19191529","19191808","60","53357004"
"chr9","72597542","72597837","chr10","13142581","13142870","66","59454961"
"chr9","72706602","72706903","chr4","33550962","33551268","71","39155640"
"chr9","72752243","72752527","chr14","7599813","7600094","66","65152430"
"chr9","72805703","72805960","chr9","71459208","71459469","10","1346495"
"chr9","72911767","72912069","chr9","71567922","71568211","16","1343845"
"chr9","72912425","72912724","chr9","71568567","71568853","16","1343858"
"chr9","72933350","72933462","chr6","132228755","132228870","23","59295405"
"chr9","72933498","72933584","chr8","31958539","31958624","18","40974959"
"chr9","72934937","72935058","chr9","71592105","71592226","1","1342832"
"chr9","72939208","72939510","chr9","71596354","71596661","15","1342854"
"chr9","72954781","72955086","chr9","71612073","71612378","7","1342708"
"chr9","73020798","73021077","chr9","71679126","71679436","46","1341672"
"chr9","73028069","73028228","chr11","49102389","49102539","36","23925680"
"chr9","73095198","73095495","chr9","71754926","71755240","25","1340272"
"chr9","73095785","73095933","chr9","71755530","71755678","2","1340255"
"chr9","73096397","73096666","chr9","71756189","71756458","4","1340208"
"chr9","73113355","73113644","chr9","71772817","71773106","11","1340538"
"chr9","73130055","73130352","chr9","71789759","71790057","16","1340296"
"chr9","73157179","73157314","chr9","71816464","71816599","5","1340715"
"chr9","73183506","73183639","chr6","14091687","14091826","37","59091819"
"chr9","73184152","73184431","chr3","83903459","83903739","60","10719307"
"chr9","73334071","73334221","chr6","101935951","101936107","35","28601880"
"chr9","73443008","73443135","chr1","115104886","115105013","20","41661878"
"chr9","73624122","73624278","chr9","72293409","72293562","10","1330713"
"chr9","73658054","73658324","chr9","72322226","72322498","13","1335828"
"chr9","73849890","73850201","chr9","72518286","72518594","13","1331604"
"chr9","73860349","73860654","chr9","72528695","72529000","11","1331654"
"chr9","73913061","73913360","chr9","72591202","72591482","24","1321859"
"chr9","74045756","74046059","chr9","72712485","72712791","6","1333271"
"chr9","74274742","74275051","chr1","15006943","15007234","72","59267799"
"chr9","74339976","74340100","chr9","73023733","73023857","2","1316243"
"chr9","74374797","74374941","chr9","73058388","73058532","4","1316409"
"chr9","74860217","74860529","chr9","73556647","73556959","15","1303570"
"chr9","74902329","74902390","chr9","37639939","37639998","14","37262390"
"chr9","74903095","74903342","chr6","17063425","17063658","69","57839670"
"chr9","75334249","75334535","chr2","77882153","77882439","70","2547904"
"chr9","75351414","75351700","chr6","134107633","134107907","79","58756219"
"chr9","75383835","75383937","chr11","122983438","122983545","25","47599603"
"chr9","75493536","75493680","chr9","74158076","74158220","5","1335460"
"chr9","75649454","75649567","chr9","74303411","74303524","1","1346043"
"chr9","75763487","75763797","chr9","74417760","74418091","31","1345727"
"chr9","75911063","75911335","chr9","74570499","74570772","9","1340564"
"chr9","76005797","76006106","chr9","74668532","74668819","27","1337265"
"chr9","76014456","76014750","chr9","74676661","74676955","7","1337795"
"chr9","76087299","76087602","chr13","99967388","99967691","76","23880089"
"chr9","76267776","76268076","chr9","74945286","74945595","22","1322490"
"chr9","76270997","76271287","chr9","74948050","74948342","8","1322947"
"chr9","76663534","76663826","chr9","75355870","75356176","21","1307664"
"chr9","76886529","76886821","chr9","75510543","75510823","17","1375986"
"chr9","77007395","77007550","chr9","75615784","75615939","5","1391611"
"chr9","77008703","77009009","chr9","75617104","75617392","34","1391599"
"chr9","77048770","77049070","chr9","75658734","75659033","17","1390036"
"chr9","77384347","77384479","chr9","76018044","76018160","21","1366303"
"chr9","77421265","77421556","chr9","76054148","76054438","4","1367117"
"chr9","77675703","77676005","chr9","76310241","76310541","13","1365462"
"chr9","77764351","77764630","chr9","76407982","76408262","10","1356369"
"chr9","77876133","77876280","chrX","49967870","49968017","40","27908263"
"chr9","78102037","78102339","chr9","76741814","76742110","10","1360223"
"chr9","78169795","78169919","chr13","60075494","60075618","21","18094301"
"chr9","78197213","78197495","chr9","76838060","76838372","41","1359153"
"chr9","78245231","78245554","chr18","9980486","9980803","65","68264745"
"chr9","78247408","78247532","chr9","76881816","76881940","2","1365592"
"chr9","78372321","78372600","chr9","76996502","76996779","11","1375819"
"chr9","78511006","78511324","chr9","77132756","77133069","11","1378250"
"chr9","78602653","78602798","chr9","77223872","77224014","5","1378781"
"chr9","78667624","78667930","chr9","77294218","77294531","13","1373406"
"chr9","78789831","78790017","chr20","21804959","21805132","42","56984872"
"chr9","78847815","78848120","chr9","77472241","77472541","9","1375574"
"chr9","78960726","78961020","chr9","77583428","77583723","13","1377298"
"chr9","78963649","78963820","chr9","77586336","77586513","12","1377313"
"chr9","79261787","79262070","chr9","77878582","77878865","11","1383205"
"chr9","79333574","79333885","chr9","77951282","77951588","10","1382292"
"chr9","79412085","79412363","chr9","78033063","78033340","5","1379022"
"chr9","79466756","79466898","chr9","78087897","78088053","21","1378859"
"chr9","79536530","79536836","chr9","78152638","78152944","7","1383892"
"chr9","79740301","79740619","chr9","78363969","78364282","15","1376332"
"chr9","79881765","79881796","chr9","78509014","78509045","1","1372751"
"chr9","80112045","80112208","chr9","78740519","78740682","5","1371526"
"chr9","80204050","80204178","chr1","2068146","2068275","20","78135904"
"chr9","80353219","80353527","chr9","78992239","78992547","8","1360980"
"chr9","80390606","80390766","chr9","79030574","79030734","4","1360032"
"chr9","80490456","80490770","chr9","79124951","79125233","45","1365505"
"chr9","80549024","80549312","chr9","79183056","79183362","32","1365968"
"chr9","80604234","80604401","chr9","79238473","79238643","4","1365761"
"chr9","80620368","80620684","chr19","4462338","4462654","75","76158030"
"chr9","80661474","80661763","chr9","79295887","79296173","21","1365587"
"chr9","80747984","80748271","chr7","25034602","25034885","70","55713382"
"chr9","80781335","80781637","chr9","79415140","79415442","12","1366195"
"chr9","80827295","80827475","chr4","32260157","32260322","52","48567138"
"chr9","80827516","80827634","chr20","19039563","19039678","18","61787953"
"chr9","80866326","80866471","chr5","34361044","34361193","35","46505282"
"chr9","80866770","80866909","chr7","15270816","15270955","26","65595954"
"chr9","80866928","80867049","chr2","115614490","115614613","18","34747562"
"chr9","80907092","80907245","chrX","44305405","44305548","31","36601687"
"chr9","80928593","80928902","chr9","79560192","79560502","4","1368401"
"chr9","80954215","80954330","chr9","79600420","79600528","8","1353795"
"chr9","80976392","80976472","chr1","11711525","11711609","28","69264867"
"chr9","80978273","80978582","chr9","79624690","79624993","13","1353583"
"chr9","81014207","81014505","chr9","79661019","79661316","15","1353188"
"chr9","81036144","81036443","chr9","79683091","79683392","12","1353053"
"chr9","81077173","81077303","chr9","79725072","79725202","2","1352101"
"chr9","81087520","81087821","chr9","79735418","79735718","8","1352102"
"chr9","81106642","81106922","chr9","79754603","79754880","12","1352039"
"chr9","81119425","81119614","chr20","25610570","25610748","42","55508855"
"chr9","81141870","81142014","chr9","79789764","79789931","29","1352106"
"chr9","81150091","81150435","chr9","79797967","79798307","10","1352124"
"chr9","81210228","81210537","chr10","25107862","25108174","63","56102366"
"chr9","81216670","81216976","chr9","79864726","79865030","6","1351944"
"chr9","81225092","81225387","chr9","79873475","79873769","7","1351617"
"chr9","81230766","81231073","chr9","79879409","79879717","5","1351357"
"chr9","81237389","81237670","chr9","79886274","79886554","4","1351115"
"chr9","81280120","81280327","chr1","207152048","207152247","59","125871928"
"chr9","81317568","81317860","chr9","79964581","79964873","9","1352987"
"chr9","81348644","81348938","chr9","79995380","79995674","4","1353264"
"chr9","81401810","81401997","chr15","90536238","90536426","43","9134428"
"chr9","81418835","81419118","chr9","80066267","80066550","4","1352568"
"chr9","81676396","81676703","chr9","80321983","80322290","8","1354413"
"chr9","82164981","82165239","chr2","44763995","44764254","58","37400986"
"chr9","82370275","82370565","chr9","81026581","81026871","13","1343694"
"chr9","82529451","82529726","chr9","81185970","81186250","40","1343481"
"chr9","82567213","82567489","chr9","81233050","81233326","5","1334163"
"chr9","82743934","82744055","chr9","81417170","81417292","3","1326764"
"chr9","82865404","82865715","chr9","81549491","81549801","4","1315913"
"chr9","82872233","82872503","chr10","20255419","20255697","61","62616814"
"chr9","82908469","82908769","chr1","1869858","1870155","69","81038611"
"chr9","82982698","82983000","chr9","81665742","81666044","6","1316956"
"chr9","83041400","83041538","chr9","81724607","81724742","6","1316793"
"chr9","83095536","83095829","chr9","81778984","81779276","13","1316552"
"chr9","83098707","83098999","chr9","81782138","81782430","8","1316569"
"chr9","83099220","83099515","chr9","81782650","81782945","2","1316570"
"chr9","83104746","83105030","chr9","81787900","81788186","6","1316846"
"chr9","83110221","83110513","chr9","81793166","81793458","0","1317055"
"chr9","83131723","83132010","chr9","81816225","81816531","25","1315498"
"chr9","83137509","83137602","chr9","81822035","81822128","2","1315474"
"chr9","83212817","83212994","chr3","46023413","46023578","35","37189404"
"chr9","83213030","83213146","chr18","10067798","10067913","18","73145232"
"chr9","83347811","83348112","chr9","82028710","82029011","11","1319101"
"chr9","83399022","83399168","chr9","82082274","82082420","3","1316748"
"chr9","83647302","83647476","chr9","82329054","82329231","10","1318248"
"chr9","83652127","83652259","chr7","158458197","158458328","28","74806070"
"chr9","83676319","83676617","chr9","82356165","82356471","10","1320154"
"chr9","83691807","83692093","chr9","82371460","82371746","2","1320347"
"chr9","83860127","83860406","chr9","82537157","82537460","39","1322970"
"chr9","83966895","83967201","chr9","82644375","82644687","14","1322520"
"chr9","84159741","84159871","chr13","64777315","64777444","23","19382426"
"chr9","84168379","84168657","chr9","82846922","82847201","4","1321457"
"chr9","84186444","84186805","chr9","82869387","82869759","24","1317057"
"chr9","84214522","84214833","chr19","7800024","7800333","62","76414498"
"chr9","84223066","84223342","chr9","82908758","82909034","3","1314308"
"chr9","84237256","84237560","chr9","82923033","82923338","7","1314223"
"chr9","84273673","84273984","chr9","82959529","82959840","7","1314144"
"chr9","84276559","84276865","chr9","82962392","82962707","17","1314167"
"chr9","84284127","84284404","chr9","82971094","82971393","29","1313033"
"chr9","84302990","84303303","chr3","67363362","67363673","75","16939628"
"chr9","84323695","84323977","chr9","83010555","83010837","7","1313140"
"chr9","84329292","84329473","chr9","83016170","83016346","8","1313122"
"chr9","84343947","84344272","chr9","83030835","83031135","36","1313112"
"chr9","84400550","84400847","chr9","83087948","83088239","14","1312602"
"chr9","84464199","84464495","chr9","83152179","83152459","20","1312020"
"chr9","84565480","84565622","chr9","83253213","83253345","12","1312267"
"chr9","84565981","84566135","chr2","81807614","81807765","30","2758367"
"chr9","84630913","84631208","chr9","83316955","83317250","11","1313958"
"chr9","84654447","84654615","chr2","90612913","90613075","35","5958466"
"chr9","84655230","84655254","chr1","152721362","152721385","8","68066132"
"chr9","84691834","84691964","chr9","83377630","83377760","6","1314204"
"chr9","84794277","84794412","chr9","83482006","83482141","3","1312271"
"chr9","84857761","84858071","chr9","83548377","83548690","7","1309384"
"chr9","84941446","84941606","chr9","83633356","83633516","3","1308090"
"chr9","84966796","84967108","chr9","83658671","83658966","22","1308125"
"chr9","85001226","85001535","chr9","83693488","83693794","10","1307738"
"chr9","85026149","85026437","chr9","83718441","83718729","5","1307708"
"chr9","85028805","85028926","chr9","83721374","83721495","5","1307431"
"chr9","85047064","85047368","chr12","7453502","7453810","72","77593562"
"chr9","85057377","85057545","chr9","83751187","83751361","18","1306190"
"chr9","85067896","85068187","chr9","83761165","83761449","10","1306731"
"chr9","85112340","85112619","chr9","83805611","83805889","7","1306729"
"chr9","85117883","85118183","chr6","129826594","129826895","61","44708711"
"chr9","85149680","85149732","chr2","184106680","184106735","11","98957000"
"chr9","85150508","85150673","chr9","83847002","83847168","1","1303506"
"chr9","85188935","85189209","chr9","83884037","83884311","5","1304898"
"chr9","85193652","85193945","chr9","83887954","83888261","18","1305698"
"chr9","85196194","85196497","chr9","83890520","83890827","9","1305674"
"chr9","85227126","85227416","chr9","83921533","83921838","19","1305593"
"chr9","85230878","85231161","chr9","83925275","83925592","41","1305603"
"chr9","85239971","85240263","chr9","83934214","83934506","8","1305757"
"chr9","85280432","85280722","chr9","83974478","83974767","5","1305954"
"chr9","85289038","85289327","chr9","83983050","83983339","5","1305988"
"chr9","85306951","85307200","chr9","84000315","84000564","1","1306636"
"chr9","85334690","85334954","chr9","84028832","84029096","8","1305858"
"chr9","85356328","85356625","chr9","84050417","84050714","9","1305911"
"chr9","85381145","85381310","chr5","142420895","142421056","33","57039750"
"chr9","85384439","85384602","chr9","84079333","84079494","4","1305106"
"chr9","85407387","85407682","chr9","84102263","84102559","8","1305124"
"chr9","85431214","85431518","chr9","84126228","84126532","1","1304986"
"chr9","85458566","85458697","chr9","84156181","84156312","0","1302385"
"chr9","85479260","85479382","chr9","84176638","84176749","11","1302622"
"chr9","85507418","85507548","chr9","84206004","84206134","2","1301414"
"chr9","85538574","85538861","chr7","155639673","155639960","65","70101099"
"chr9","85567619","85567764","chr1","14853853","14853989","32","70713766"
"chr9","85597208","85597391","chr8","98047098","98047277","53","12449890"
"chr9","85599524","85599829","chr9","84303631","84303927","22","1295893"
"chr9","85614701","85614846","chr9","84319048","84319193","0","1295653"
"chr9","85664002","85664321","chrX","41355790","41356103","74","44308212"
"chr9","85694981","85695208","chr9","84403245","84403473","5","1291736"
"chr9","85696540","85696830","chr9","84404796","84405086","9","1291744"
"chr9","85700976","85701143","chr9","84408878","84409044","4","1292098"
"chr9","85701186","85701480","chr9","84409066","84409380","27","1292120"
"chr9","85709957","85710256","chr9","18154320","18154598","66","67555637"
"chr9","85712264","85712552","chr9","84414583","84414871","5","1297681"
"chr9","85713034","85713348","chr9","84415353","84415671","15","1297681"
"chr9","85733336","85733497","chr9","84435961","84436122","2","1297375"
"chr9","85739836","85740116","chr9","84442463","84442745","6","1297373"
"chr9","85750633","85750765","chr9","84453998","84454130","0","1296635"
"chr9","85763910","85764189","chr9","84469432","84469712","4","1294478"
"chr9","85770926","85771101","chr9","84476635","84476810","2","1294291"
"chr9","85783395","85783613","chr9","84489982","84490204","8","1293413"
"chr9","85794984","85795296","chr9","84500878","84501171","24","1294106"
"chr9","85810304","85810428","chr9","84516777","84516908","9","1293527"
"chr9","85824305","85824436","chr14","5559327","5559459","22","80264978"
"chr9","85827335","85827633","chr9","84533325","84533618","12","1294010"
"chr9","85839752","85840043","chr9","84542695","84542986","5","1297057"
"chr9","85848458","85848582","chr9","84557166","84557290","1","1291292"
"chr9","85878771","85879101","chr1","46185850","46186184","85","39692921"
"chr9","85895239","85895527","chr9","84603864","84604147","14","1291375"
"chr9","85954279","85954398","chr13","43904143","43904266","18","42050136"
"chr9","86004895","86005197","chr9","84714090","84714392","8","1290805"
"chr9","86012416","86012716","chr9","84721782","84722082","4","1290634"
"chr9","86017133","86017432","chr9","84726496","84726785","13","1290637"
"chr9","86042748","86043060","chr9","84751675","84751989","13","1291073"
"chr9","86049138","86049460","chr9","84758386","84758706","7","1290752"
"chr9","86051943","86052066","chr9","84761192","84761315","2","1290751"
"chr9","86057589","86057742","chr9","84766838","84766992","2","1290751"
"chr9","86071426","86071710","chr9","84780952","84781240","8","1290474"
"chr9","86146936","86147118","chr9","84857968","84858133","18","1288968"
"chr9","86202539","86202844","chr9","84914415","84914720","11","1288124"
"chr9","86350368","86350639","chr9","85060607","85060896","23","1289761"
"chr9","86387086","86387373","chr3","43410868","43411152","59","42976218"
"chr9","86544400","86544698","chr6","132619339","132619635","61","46074939"
"chr9","86561335","86561640","chr9","85278071","85278380","18","1283264"
"chr9","86692279","86692560","chr9","85413329","85413632","47","1278950"
"chr9","86701992","86702279","chr9","85414297","85414583","9","1287695"
"chr9","86713236","86713546","chr9","85425512","85425803","25","1287724"
"chr9","86729018","86729144","chr9","25942890","25943011","34","60786128"
"chr9","86750495","86750649","chr9","85464365","85464519","4","1286130"
"chr9","86773835","86774144","chr9","85487715","85488025","7","1286120"
"chr9","86784551","86784678","chr9","85502472","85502599","1","1282079"
"chr9","86802136","86802427","chr9","85521047","85521338","5","1281089"
"chr9","86803001","86803301","chr9","85521914","85522211","8","1281087"
"chr9","86838187","86838485","chr9","85557083","85557382","5","1281104"
"chr9","86889494","86889788","chr9","85608308","85608597","16","1281186"
"chr9","86917610","86917932","chr9","85637085","85637404","13","1280525"
"chr9","87023520","87023810","chr9","85745439","85745729","11","1278081"
"chr9","87044628","87044945","chr8","68776109","68776419","71","18268519"
"chr9","87067736","87068008","chr9","85791519","85791791","11","1276217"
"chr9","87156568","87156727","chr9","85885007","85885166","6","1271561"
"chr9","87158018","87158176","chr9","85886454","85886612","3","1271564"
"chr9","87165152","87165480","chr9","85902161","85902438","63","1262991"
"chr9","87182064","87182301","chr9","85918680","85918917","10","1263384"
"chr9","87201643","87201914","chr9","85939825","85940111","21","1261818"
"chr9","87273755","87274035","chr9","86011421","86011702","13","1262334"
"chr9","87317798","87318100","chr9","86056840","86057141","10","1260958"
"chr9","87527245","87527377","chr1","54427641","54427773","19","33099604"
"chr9","87535203","87535520","chr1","22910219","22910542","61","64624984"
"chr9","87536231","87536389","chr16","41250145","41250308","43","46286086"
"chr9","87536696","87536790","chrX","109009321","109009411","22","21472625"
"chr9","87540561","87540867","chr9","86280961","86281252","17","1259600"
"chr9","87552914","87553046","chr9","86293362","86293481","18","1259552"
"chr9","87591380","87591542","chr9","86331404","86331578","15","1259976"
"chr9","87607913","87608209","chr9","86345223","86345523","17","1262690"
"chr9","87610856","87611154","chr9","86347162","86347454","11","1263694"
"chr9","87632898","87633053","chr10","69265327","69265473","29","18367571"
"chr9","87634250","87634511","chr9","86373221","86373509","35","1261029"
"chr9","87636539","87636817","chr13","53546849","53547132","67","34089690"
"chr9","87648319","87648604","chr11","2341511","2341799","68","85306808"
"chr9","87648672","87648851","chr9","22928764","22928943","37","64719908"
"chr9","87711631","87711750","chr9","86452086","86452197","9","1259545"
"chr9","87722066","87722368","chr9","86462505","86462825","29","1259561"
"chr9","87736334","87736622","chr9","86477797","86478085","9","1258537"
"chr9","87748522","87748679","chr9","86491546","86491708","7","1256976"
"chr9","87749359","87749632","chr9","86492335","86492611","9","1257024"
"chr9","87754203","87754331","chr9","86497556","86497668","22","1256647"
"chr9","87765172","87765464","chr9","86509003","86509299","12","1256169"
"chr9","87787332","87787607","chr9","86531775","86532051","9","1255557"
"chr9","87789817","87790099","chr9","86534272","86534549","8","1255545"
"chr9","87797667","87797978","chr6","151363205","151363514","60","63565538"
"chr9","87813334","87813593","chr13","61392309","61392559","68","26421025"
"chr9","87819953","87820137","chr9","86564097","86564281","5","1255856"
"chr9","87838620","87838915","chrX","141826947","141827237","70","53988327"
"chr9","87851989","87852194","chr9","86596794","86596999","3","1255195"
"chr9","87897920","87898216","chr9","86654221","86654511","18","1243699"
"chr9","87905929","87906204","chr9","86662775","86663052","6","1243154"
"chr9","87923349","87923648","chr9","86682009","86682307","7","1241340"
"chr9","88175257","88175561","chr9","86850658","86850966","16","1324599"
"chr9","88418444","88418565","chr9","87044649","87044770","1","1373795"
"chr9","88426751","88427041","chr9","87052926","87053216","4","1373825"
"chr9","88457770","88457916","chr9","87083313","87083459","2","1374457"
"chr9","88486588","88486881","chr9","87111485","87111764","18","1375103"
"chr9","88512857","88513164","chr17","19578021","19578329","71","68934836"
"chr9","88535391","88535679","chr1","183152705","183153001","65","94617314"
"chr9","88558094","88558237","chr7","56554138","56554292","39","32003956"
"chr9","88569842","88570132","chr9","87187115","87187404","7","1382727"
"chr9","88629117","88629409","chr3","34747936","34748225","56","53881181"
"chr9","88640114","88640407","chr9","87258080","87258373","6","1382034"
"chr9","88675926","88676220","chr9","87293849","87294143","6","1382077"
"chr9","88726468","88726748","chr9","87345548","87345828","6","1380920"
"chr9","88765376","88765557","chr6","65690499","65690668","41","23074877"
"chr9","88765872","88766026","chr6","125911267","125911421","31","37145395"
"chr9","88776048","88776354","chr9","87395004","87395303","18","1381044"
"chr9","88788826","88788841","chr1","67208138","67208152","12","21580688"
"chr9","88789125","88789262","chr14","97689298","97689429","25","8900173"
"chr9","88804638","88804924","chr9","87422628","87422913","6","1382010"
"chr9","88808536","88808828","chr9","87426540","87426832","7","1381996"
"chr9","88855537","88855842","chr9","87467000","87467305","5","1388537"
"chr9","88978892","88979112","chr9","87599844","87600064","6","1379048"
"chr9","89139697","89139998","chr9","87754925","87755226","2","1384772"
"chr9","89157455","89157777","chr9","87772777","87773083","24","1384678"
"chr9","89177172","89177285","chr12","65645919","65646033","17","23531253"
"chr9","89177324","89177489","chr8","96423624","96423788","36","7246300"
"chr9","89178326","89178512","chrX","60910024","60910205","44","28268302"
"chr9","89178551","89178665","chr6","10005579","10005691","18","79172972"
"chr9","89189326","89189633","chr9","87805368","87805679","12","1383958"
"chr9","89271567","89271747","chr4","153444456","153444635","40","64172889"
"chr9","89359822","89359955","chr9","87980933","87981070","5","1378889"
"chr9","89384570","89384848","chr3","52436427","52436695","56","36948143"
"chr9","89389857","89390151","chr9","88011233","88011527","6","1378624"
"chr9","89450999","89451254","chr9","88071966","88072221","43","1379033"
"chr9","89529146","89529411","chr9","88149668","88149933","6","1379478"
"chr9","89693751","89693920","chr12","11695884","11696044","39","77997867"
"chr9","89760967","89761260","chr9","88381117","88381425","22","1379850"
"chr9","89787999","89788306","chr5","100581757","100582059","61","10793758"
"chr9","89800035","89800359","chr1","128340125","128340436","72","38540090"
"chr9","89847452","89847730","chr9","88466442","88466714","16","1381010"
"chr9","89896517","89896650","chr9","88515343","88515476","1","1381174"
"chr9","89899560","89899857","chr6","135025051","135025342","58","45125491"
"chr9","89906469","89906528","chr13","103060517","103060570","16","13154048"
"chr9","89906813","89907004","chr19","2746809","2746998","46","87160004"
"chr9","89922671","89922983","chr9","88540278","88540577","17","1382393"
"chr9","89924998","89925163","chr9","88542487","88542650","7","1382511"
"chr9","89938955","89939069","chr9","88556513","88556627","1","1382442"
"chr9","89942458","89942567","chr5","21707892","21708006","23","68234566"
"chr9","89943594","89943722","chr9","88561154","88561270","14","1382440"
"chr9","89949282","89949294","chr6","128359960","128359970","2","38410678"
"chr9","89949334","89949452","chr2","30508039","30508156","17","59441295"
"chr9","89979738","89980032","chr5","155467745","155468039","5","65488007"
"chr9","89983019","89983193","chr10","53588767","53588944","38","36394252"
"chr9","89986512","89986768","chr5","155476284","155476540","6","65489772"
"chr9","90000933","90001216","chr5","155491463","155491746","6","65490530"
"chr9","90022933","90023126","chr9","88595144","88595337","5","1427789"
"chr9","90026289","90026480","chr9","88598181","88598370","4","1428108"
"chr9","90110142","90110421","chr9","88687233","88687514","7","1422909"
"chr9","90149128","90149298","chr9","88726190","88726365","9","1422938"
"chr9","90243592","90243903","chr9","88819557","88819868","9","1424035"
"chr9","90312884","90313172","chr9","88888475","88888763","3","1424409"
"chr9","90354772","90354883","chr9","110843528","110843640","16","20488756"
"chr9","90361452","90361780","chr9","88936926","88937262","9","1424526"
"chr9","90391551","90391762","chrX","37400924","37401105","65","52990627"
"chr9","90407311","90407394","chr20","20025195","20025272","22","70382116"
"chr9","90407688","90407899","chr6","135843431","135843634","49","45435743"
"chr9","90420911","90421027","chr6","36535914","36536023","19","53884997"
"chr9","90421343","90421682","chr20","9809021","9809351","74","80612322"
"chr9","90453181","90453505","chr14","9353321","9353635","79","81099860"
"chr9","90463934","90464113","chr10","30691395","30691578","48","59772539"
"chr9","90495870","90496008","chr1","79910765","79910899","27","10585105"
"chr9","90496625","90496739","chr15","56617037","56617154","18","33879588"
"chr9","90519864","90520127","chr16","50044359","50044626","56","40475505"
"chr9","90572885","90573195","chr9","89153284","89153590","16","1419601"
"chr9","90575671","90575925","chr2","112941733","112942001","55","22366062"
"chr9","90605351","90605499","chr9","89199969","89200117","3","1405382"
"chr9","90631132","90631416","chr9","89222253","89222538","6","1408879"
"chr9","90641228","90641253","chr11","111777083","111777104","12","21135855"
"chr9","90641301","90641418","chr7","49002016","49002130","28","41639285"
"chr9","90695272","90695546","chrX","6410553","6410822","60","84284719"
"chr9","90699088","90699242","chr9","89291567","89291720","4","1407521"
"chr9","90707290","90707580","chrX","45086442","45086734","52","45620848"
"chr9","90709183","90709481","chr9","89302267","89302561","12","1406916"
"chr9","90712693","90712827","chr4","108003689","108003818","19","17290996"
"chr9","90737220","90737325","chr9","89330844","89330955","7","1406376"
"chr9","90768878","90769192","chr9","89365419","89365729","6","1403459"
"chr9","90771052","90771361","chr9","89367592","89367903","7","1403460"
"chr9","90792514","90792841","chr9","89389830","89390161","9","1402684"
"chr9","90794838","90795151","chr9","89392183","89392486","22","1402655"
"chr9","90819953","90820250","chr9","89418436","89418734","10","1401517"
"chr9","90839657","90839839","chr20","17372994","17373175","33","73466663"
"chr9","90846952","90847072","chr9","89445497","89445617","4","1401455"
"chr9","90867557","90867874","chr12","85889747","85890058","63","4977810"
"chr9","90887902","90888170","chr9","89485236","89485504","3","1402666"
"chr9","90897690","90897764","chr14","85609457","85609526","18","5288233"
"chr9","90898056","90898234","chrX","13954261","13954444","42","76943795"
"chr9","90903284","90903551","chr9","89501033","89501300","19","1402251"
"chr9","90911531","90911880","chr9","89509534","89509836","56","1401997"
"chr9","90928693","90928988","chrX","16790369","16790672","61","74138324"
"chr9","90948425","90948707","chr9","89546106","89546388","5","1402319"
"chr9","90962680","90962964","chr14","65533535","65533813","57","25429145"
"chr9","90977374","90977496","chr9","89574548","89574671","9","1402826"
"chr9","91014438","91014729","chr9","89612444","89612735","9","1401994"
"chr9","91089771","91090081","chr9","89688384","89688687","13","1401387"
"chr9","91155606","91155929","chrX","10194984","10195290","86","80960622"
"chr9","91180861","91181163","chr9","89781316","89781617","13","1399545"
"chr9","91203905","91204161","chr1","34168443","34168694","49","57035462"
"chr9","91295401","91295525","chr9","89896146","89896270","4","1399255"
"chr9","91307617","91307738","chr9","89908360","89908485","6","1399257"
"chr9","91321145","91321449","chr9","89921895","89922194","8","1399250"
"chr9","91463600","91463896","chr9","90059865","90060182","26","1403735"
"chr9","91545387","91545629","chr9","90138516","90138755","8","1406871"
"chr9","91579361","91579665","chr9","90172442","90172747","6","1406919"
"chr9","91789805","91790099","chr9","90380379","90380687","20","1409426"
"chr9","91835827","91835943","chr9","90428262","90428379","1","1407565"
"chr9","91835975","91836139","chr8","61721621","61721775","38","30114354"
"chr9","91875409","91875574","chr9","90468174","90468339","5","1407235"
"chr9","91892869","91893161","chr9","90485532","90485827","8","1407337"
"chr9","91956668","91956955","chr9","90553005","90553294","19","1403663"
"chr9","92042181","92042482","chr7","79791455","79791754","60","12250726"
"chr9","92278644","92278806","chr9","90879867","90880029","6","1398777"
"chr9","92481731","92482036","chr9","91165176","91165478","7","1316555"
"chr9","92522998","92523297","chr9","91206823","91207135","25","1316175"
"chr9","92541977","92542290","chr11","59573009","59573323","64","32968968"
"chr9","92544177","92544474","chr9","91227449","91227745","9","1316728"
"chr9","92547641","92547760","chr5","121650608","121650725","17","29102967"
"chr9","92547804","92547975","chr8","85710022","85710189","36","6837782"
"chr9","92572103","92572248","chr5","155187450","155187592","24","62615347"
"chr9","92576609","92576915","chr9","91259866","91260176","14","1316743"
"chr9","92619180","92619263","chr8","36326799","36326873","25","56292381"
"chr9","92619622","92619745","chr7","23195598","23195727","22","69424024"
"chr9","92631934","92632061","chr8","76171769","76171887","26","16460165"
"chr9","92632352","92632532","chr14","52852291","52852459","48","39780061"
"chr9","92633587","92633881","chr9","91317808","91318100","6","1315779"
"chr9","92643189","92643475","chr9","91329029","91329315","7","1314160"
"chr9","92646207","92646510","chr4","103780277","103780583","60","11134070"
"chr9","92650426","92650733","chr9","91336372","91336665","20","1314054"
"chr9","92718964","92719046","chr14","67981283","67981366","18","24737681"
"chr9","92721399","92721679","chr9","91409369","91409647","9","1312030"
"chr9","92726938","92727178","chrX","50035905","50036149","56","42691033"
"chr9","92756284","92756578","chr9","91440503","91440796","3","1315781"
"chr9","92770192","92770494","chr9","91461337","91461631","16","1308855"
"chr9","92803675","92803990","chr10","27044093","27044398","74","65759582"
"chr9","92836237","92836510","chr9","91531285","91531584","31","1304952"
"chr9","92838734","92839032","chr9","91533794","91534092","8","1304940"
"chr9","92934059","92934330","chr9","91632989","91633269","12","1301070"
"chr9","92996707","92997008","chr9","91698132","91698433","7","1298575"
"chr9","93003926","93004253","chr9","91705288","91705596","29","1298638"
"chr9","93005129","93005299","chr9","91706480","91706650","2","1298649"
"chr9","93028069","93028372","chr9","91729418","91729721","7","1298651"
"chr9","93041650","93041951","chr9","91742060","91742358","12","1299590"
"chr9","93061199","93061489","chr14","111501349","111501640","44","18440150"
"chr9","93067234","93067537","chr19","12203076","12203358","66","80864158"
"chr9","93081325","93081490","chr5","100072099","100072264","33","6990774"
"chr9","93081783","93081936","chr15","23626534","23626699","41","69455249"
"chr9","93131122","93131401","chr9","91827586","91827863","12","1303536"
"chr9","93139382","93139672","chr9","91836490","91836785","24","1302892"
"chr9","93141660","93141955","chr9","91838722","91839017","11","1302938"
"chr9","93147505","93147760","chr19","6262160","6262405","57","86885345"
"chr9","93154864","93155136","chr9","91851989","91852255","16","1302875"
"chr9","93163309","93163510","chr14","115194424","115194629","42","22031115"
"chr9","93221033","93221330","chr9","91918844","91919142","2","1302189"
"chr9","93284187","93284453","chr9","91982352","91982621","16","1301835"
"chr9","93299228","93299535","chr9","91997686","91997985","13","1301542"
"chr9","93325314","93325610","chr9","92025942","92026238","5","1299372"
"chr9","93335023","93335332","chr9","92036291","92036600","6","1298732"
"chr9","93336764","93336944","chr15","99174296","99174487","42","5837532"
"chr9","93337746","93338019","chr9","92039517","92039808","21","1298229"
"chr9","93347041","93347165","chr9","92049053","92049177","1","1297988"
"chr9","93385732","93385982","chr9","92090325","92090578","8","1295407"
"chr9","93400069","93400348","chr9","92105443","92105725","6","1294626"
"chr9","93405631","93405752","chr9","92109282","92109406","4","1296349"
"chr9","93433260","93433563","chr9","92140943","92141246","4","1292317"
"chr9","93451784","93452093","chr12","80747694","80748006","58","12704090"
"chr9","93456249","93456377","chr9","92167238","92167366","3","1289011"
"chr9","93462667","93462791","chr9","92177774","92177898","3","1284893"
"chr9","93486694","93486823","chr9","92204257","92204386","2","1282437"
"chr9","93488140","93488182","chrX","106640457","106640499","8","13152317"
"chr9","93499751","93499873","chr9","92218270","92218399","9","1281481"
"chr9","93562469","93562599","chr9","92280041","92280171","0","1282428"
"chr9","93580257","93580535","chr9","92297815","92298097","9","1282442"
"chr9","93617145","93617447","chr9","92330990","92331282","18","1286155"
"chr9","93619591","93619693","chr11","118884203","118884306","19","25264612"
"chr9","93619735","93619899","chr2","42046634","42046799","38","51573101"
"chr9","93653347","93653628","chr9","92372219","92372501","4","1281128"
"chr9","93685677","93685802","chr11","121244342","121244465","20","27558665"
"chr9","93818021","93818327","chr9","92538573","92538881","6","1279448"
"chr9","93863401","93863646","chr9","92582886","92583131","6","1280515"
"chr9","93878139","93878428","chr9","92596311","92596601","8","1281828"
"chr9","93885696","93885979","chr9","92603879","92604162","2","1281817"
"chr9","93936512","93936775","chr9","92654586","92654834","17","1281926"
"chr9","93939592","93939751","chr19","39516595","39516754","24","54422997"
"chr9","93959123","93959406","chr9","92677236","92677520","7","1281887"
"chr9","93972380","93972665","chr1","85860621","85860902","54","8111759"
"chr9","93973069","93973351","chr9","92691635","92691922","11","1281434"
"chr9","93994897","93995152","chr9","92713072","92713328","3","1281825"
"chr9","94008660","94008951","chr9","92727155","92727450","5","1281505"
"chr9","94046193","94046506","chr9","92765890","92766215","21","1280303"
"chr9","94068902","94069191","chr9","92788795","92789084","5","1280107"
"chr9","94070228","94070532","chr9","92790118","92790419","10","1280110"
"chr9","94075557","94075664","chr9","92795875","92795982","4","1279682"
"chr9","94084818","94084987","chr9","92805140","92805307","6","1279678"
"chr9","94085056","94085303","chr9","92805376","92805623","5","1279680"
"chr9","94090985","94091194","chr9","92811014","92811226","10","1279971"
"chr9","94092737","94093032","chr9","92812712","92813003","8","1280025"
"chr9","94126301","94126420","chr13","14929543","14929668","20","79196758"
"chr9","94133423","94133701","chr9","92854178","92854456","11","1279245"
"chr9","94138456","94138760","chr9","92859239","92859539","9","1279217"
"chr9","94161213","94161512","chr1","735479","735787","75","93425734"
"chr9","94168365","94168665","chr9","92889384","92889685","12","1278981"
"chr9","94183340","94183646","chr9","92904352","92904658","8","1278988"
"chr9","94185722","94186048","chr9","92906739","92907055","35","1278983"
"chr9","94267119","94267254","chr9","92987635","92987770","1","1279484"
"chr9","94279068","94279376","chr9","93000892","93001200","3","1278176"
"chr9","94293075","94293368","chr9","93013606","93013900","6","1279469"
"chr9","94379770","94380067","chr9","93102642","93102935","9","1277128"
"chr9","94411559","94411840","chr9","93134389","93134671","5","1277170"
"chr9","94456792","94456973","chr10","64816693","64816852","56","29640099"
"chr9","94497042","94497154","chr9","93219725","93219837","1","1277317"
"chr9","94502484","94502611","chr9","93225605","93225720","16","1276879"
"chr9","94532787","94533079","chr9","93255926","93256211","16","1276861"
"chr9","94550263","94550541","chr9","93273317","93273599","9","1276946"
"chr9","94587937","94588229","chr9","93312723","93313016","7","1275214"
"chr9","94608291","94608428","chr4","84764886","84765021","23","9843405"
"chr9","94644958","94645254","chr9","93371391","93371687","10","1273567"
"chr9","94647972","94648182","chr9","93374266","93374527","55","1273706"
"chr9","94661762","94662063","chr9","93386990","93387293","5","1274772"
"chr9","94726815","94727105","chr9","93453136","93453425","4","1273679"
"chr9","94731791","94731916","chr9","93458401","93458526","6","1273390"
"chr9","94740339","94740529","chr9","93467248","93467431","13","1273091"
"chr9","94741006","94741125","chr9","93467832","93467945","10","1273174"
"chr9","94743751","94744049","chr9","93470569","93470868","2","1273182"
"chr9","94748811","94749116","chr9","93475695","93476000","1","1273116"
"chr9","94750713","94751029","chr9","93477624","93477914","31","1273089"
"chr9","94758417","94758721","chr9","93485120","93485424","9","1273297"
"chr9","94770840","94771107","chr9","93496971","93497240","8","1273869"
"chr9","94847766","94848056","chr9","93574582","93574873","2","1273184"
"chr9","94850345","94850631","chr9","93577162","93577454","10","1273183"
"chr9","94909762","94909902","chr7","121295138","121295285","31","26385376"
"chr9","94911014","94911330","chr3","5358985","5359294","77","89552029"
"chr9","94911331","94911518","chr9","89109598","89109783","39","5801733"
"chr9","94916420","94916682","chr2","82111768","82112028","55","12804652"
"chr9","94923893","94924189","chr9","93650530","93650830","7","1273363"
"chr9","94947485","94947771","chr9","93675363","93675649","4","1272122"
"chr9","95059288","95059589","chr9","93789429","93789738","12","1269859"
"chr9","95077444","95077748","chr9","93811168","93811468","18","1266276"
"chr9","95085516","95085778","chr9","93821365","93821627","3","1264151"
"chr9","95090287","95090461","chr1","28517728","28517896","33","66572559"
"chr9","95104069","95104362","chr20","3258132","3258409","83","91845937"
"chr9","95120438","95120729","chr3","9617899","9618187","52","85502539"
"chr9","95167324","95167486","chr1","86300683","86300842","24","8866641"
"chr9","95167774","95167897","chrX","142101531","142101647","37","46933757"
"chr9","95247554","95247718","chr3","38984092","38984253","32","56263462"
"chr9","95248013","95248163","chr19","44867574","44867723","34","50380439"
"chr9","95251626","95251913","chr9","94003438","94003725","5","1248188"
"chr9","95288423","95288733","chr9","94041406","94041716","4","1247017"
"chr9","95294066","95294287","chr9","94047324","94047545","5","1246742"
"chr9","95294561","95294853","chr9","94047792","94048105","26","1246769"
"chr9","95297591","95297723","chr9","94052109","94052241","0","1245482"
"chr9","95315530","95315829","chr9","94069332","94069626","11","1246198"
"chr9","95349308","95349602","chr9","94103420","94103716","5","1245888"
"chr9","95358246","95358367","chr7","120988876","120988994","26","25630630"
"chr9","95366139","95366244","chr12","14311196","14311302","19","81054943"
"chr9","95368135","95368394","chr9","94122158","94122432","19","1245977"
"chr9","95374400","95374496","chr7","76955686","76955781","18","18418714"
"chr9","95407620","95407785","chr9","94163302","94163467","2","1244318"
"chr9","95408074","95408363","chr9","94163756","94164042","8","1244318"
"chr9","95422662","95422927","chr9","94178219","94178464","28","1244443"
"chr9","95423919","95424170","chr9","94180085","94180336","4","1243834"
"chr9","95425315","95425610","chr9","94181478","94181769","13","1243837"
"chr9","95472278","95472440","chr9","94230400","94230562","2","1241878"
"chr9","95473182","95473293","chr3","151369538","151369650","36","55896356"
"chr9","95525668","95525825","chr9","94286045","94286199","7","1239623"
"chr9","95525919","95526215","chr9","94286299","94286602","11","1239620"
"chr9","95526642","95526885","chr9","94287031","94287275","6","1239611"
"chr9","95541391","95541704","chr9","94302123","94302436","6","1239268"
"chr9","95542497","95542797","chr9","94303226","94303526","5","1239271"
"chr9","95556709","95557020","chr9","94317670","94317969","20","1239039"
"chr9","95559223","95559521","chr9","94319834","94320133","5","1239389"
"chr9","95559724","95560042","chr9","94320336","94320640","18","1239388"
"chr9","95570542","95570846","chr6","42299250","42299556","57","53271292"
"chr9","95575857","95576145","chr9","94336809","94337090","19","1239048"
"chr9","95580162","95580426","chr9","94341125","94341378","17","1239037"
"chr9","95588923","95589224","chr1","119078197","119078501","62","23489274"
"chr9","95615267","95615570","chr9","94381016","94381308","41","1234251"
"chr9","95665563","95665861","chr9","94429534","94429832","7","1236029"
"chr9","95714018","95714213","chr16","45274890","45275069","46","50439128"
"chr9","95714509","95714636","chr9","94481744","94481867","5","1232765"
"chr9","95721007","95721281","chr9","94488523","94488793","9","1232484"
"chr9","95734703","95734992","chr9","94501969","94502253","9","1232734"
"chr9","95761143","95761457","chr17","7125249","7125559","61","88635894"
"chr9","95764705","95765007","chr9","94522053","94522355","7","1242652"
"chr9","95785612","95785833","chr4","6271729","6271935","67","89513883"
"chr9","95785861","95785986","chr9","92109282","92109406","25","3676579"
"chr9","95791125","95791320","chr10","33080999","33081193","43","62710126"
"chr9","95820595","95820900","chr9","94588451","94588752","12","1232144"
"chr9","95822646","95822937","chr9","94590313","94590605","8","1232333"
"chr9","95825376","95825673","chr9","94593044","94593343","8","1232332"
"chr9","95844359","95844470","chr9","5873039","5873148","18","89971320"
"chr9","95844505","95844674","chr10","6854434","6854599","32","88990071"
"chr9","95846702","95846969","chr9","94614315","94614583","9","1232387"
"chr9","95868529","95868797","chr9","94634825","94635089","6","1233704"
"chr9","95945713","95946011","chr8","127970126","127970433","52","32024413"
"chr9","95968169","95968342","chr9","94738668","94738840","4","1229501"
"chr9","95974770","95975070","chr2","129860620","129860927","74","33885850"
"chr9","95984360","95984473","chr9","94751654","94751771","6","1232706"
"chr9","95997402","95997702","chr9","94764624","94764930","11","1232778"
"chr9","96002702","96002884","chr9","94769937","94770115","6","1232765"
"chr9","96012023","96012322","chr9","94779029","94779326","10","1232994"
"chr9","96018060","96018316","chr9","94784385","94784641","5","1233675"
"chr9","96024161","96024394","chr9","94790239","94790470","5","1233922"
"chr9","96025285","96025490","chr9","94791164","94791370","6","1234121"
"chr9","96080613","96080742","chr1","110871111","110871237","34","14790498"
"chr9","96093492","96093757","chr8","51943064","51943345","71","44150428"
"chr9","96113394","96113675","chr9","94877478","94877759","8","1235916"
"chr9","96114520","96114651","chr9","94878607","94878738","3","1235913"
"chr9","96169889","96170065","chr16","7735121","7735290","47","88434768"
"chr9","96170162","96170299","chr19","40441658","40441803","41","55728504"
"chr9","96184204","96184497","chr9","94948578","94948871","2","1235626"
"chr9","96185471","96185779","chr9","94949846","94950133","26","1235625"
"chr9","96187931","96188229","chr9","94952344","94952642","6","1235587"
"chr9","96195228","96195350","chr2","87033528","87033653","30","9161700"
"chr9","96216022","96216298","chr9","94979945","94980237","20","1236077"
"chr9","96225383","96225545","chr20","20433004","20433173","37","75792379"
"chr9","96279943","96280084","chr12","33557674","33557807","27","62722269"
"chr9","96280386","96280544","chr14","32545713","32545863","50","63734673"
"chr9","96286855","96287145","chr9","95056645","95056935","4","1230210"
"chr9","96289379","96289555","chr14","7026982","7027152","34","89262397"
"chr9","96289857","96289988","chr11","109882184","109882313","16","13592327"
"chr9","96302170","96302501","chr14","64639093","64639416","85","31663077"
"chr9","96340451","96340749","chr9","95108795","95109092","5","1231656"
"chr9","96356983","96357118","chr9","95126936","95127071","3","1230047"
"chr9","96394643","96394906","chr9","95169088","95169344","23","1225555"
"chr9","96402046","96402200","chr20","15113287","15113425","42","81288759"
"chr9","96421471","96421523","chr10","35252740","35252786","12","61168731"
"chr9","96421762","96421921","chr3","33280510","33280680","45","63141252"
"chr9","96446610","96446918","chr9","95223807","95224118","11","1222803"
"chr9","96448600","96448877","chr13","9392408","9392699","69","87056192"
"chr9","96454585","96454718","chr9","95232444","95232577","2","1222141"
"chr9","96457389","96457520","chr11","94822598","94822729","23","1634791"
"chr9","96547443","96547672","chr9","95327486","95327715","7","1219957"
"chr9","96594957","96595122","chr11","52925931","52926094","29","43669026"
"chr9","96616481","96616786","chr9","95396252","95396552","13","1220229"
"chr9","96642967","96643246","chr9","95422486","95422771","8","1220481"
"chr9","96720287","96720590","chr9","95499675","95499978","6","1220612"
"chr9","96734926","96735228","chr9","95515462","95515764","5","1219464"
"chr9","96766978","96767107","chr9","95548862","95548991","4","1218116"
"chr9","96791392","96791512","chr9","95572958","95573081","10","1218434"
"chr9","96849882","96850101","chr9","95630324","95630543","5","1219558"
"chr9","96875632","96875750","chr9","95656083","95656201","1","1219549"
"chr9","96909950","96910155","chr9","95690268","95690472","6","1219682"
"chr9","96948952","96949253","chr9","95733572","95733873","5","1215380"
"chr9","96972210","96972508","chr9","95756194","95756492","4","1216016"
"chr9","97011664","97011975","chr9","95796409","95796710","17","1215255"
"chr9","97013560","97013863","chr9","95798201","95798498","10","1215359"
"chr9","97025308","97025591","chr9","95809931","95810214","3","1215377"
"chr9","97067156","97067445","chr19","27359586","27359883","67","69707570"
"chr9","97174636","97174941","chr9","95959704","95960009","3","1214932"
"chr9","97184249","97184568","chr9","95969328","95969647","4","1214921"
"chr9","97212097","97212244","chr9","95997864","95998011","2","1214233"
"chr9","97239058","97239390","chr9","96024641","96024971","10","1214417"
"chr9","97337181","97337472","chr13","25280546","25280837","60","72056635"
"chr9","97425358","97425648","chr9","96215380","96215675","11","1209978"
"chr9","97460159","97460448","chr9","96253271","96253584","32","1206888"
"chr9","97463160","97463444","chr9","96256284","96256593","31","1206876"
"chr9","97479697","97480007","chr4","20504400","20504700","63","76975297"
"chr9","97497573","97497886","chr9","96291263","96291574","9","1206310"
"chr9","97553665","97553982","chr9","96347164","96347488","16","1206501"
"chr9","97714729","97714945","chr4","69198997","69199212","46","28515732"
"chr9","97719583","97719698","chr11","60544180","60544303","24","37175403"
"chr9","97721661","97721939","chr9","96514556","96514835","4","1207105"
"chr9","97751970","97752284","chr9","96544782","96545065","41","1207188"
"chr9","97775700","97775905","chr6","135843431","135843634","50","38067731"
"chr9","97811814","97812138","chr9","96602633","96602969","32","1209181"
"chr9","97972748","97972921","chr7","93878469","93878641","44","4094279"
"chr9","98167529","98167831","chr9","96958885","96959188","5","1208644"
"chr9","98453770","98454061","chr5","175121314","175121609","80","76667544"
"chr9","98640310","98640458","chr9","97437477","97437619","18","1202833"
"chr9","98730984","98731124","chr15","95335891","95336027","30","3395093"
"chr9","98733235","98733531","chr9","97535178","97535475","10","1198057"
"chr9","98843728","98843969","chr11","100795774","100796014","71","1952046"
"chr9","99021360","99021534","chr1","125928388","125928553","39","26907028"
"chr9","99021569","99021585","chr20","49182636","49182649","7","49838933"
"chr9","99021621","99021646","chr1","26799984","26800011","6","72221637"
"chr9","99100443","99100742","chr9","97903210","97903490","20","1197233"
"chr9","99137786","99138084","chr9","97940479","97940777","4","1197307"
"chr9","99202111","99202237","chr9","98006502","98006628","5","1195609"
"chr9","99243515","99243794","chr9","98050616","98050901","19","1192899"
"chr9","99243850","99243879","chr16","31975848","31975874","9","67268002"
"chr9","99269864","99270156","chr9","98074868","98075162","10","1194996"
"chr9","99419244","99419543","chr9","89302267","89302561","64","10116977"
"chr9","99825510","99825822","chr9","98629165","98629475","13","1196345"
"chr9","99908202","99908348","chr9","98713473","98713619","1","1194729"
"chr9","99912752","99913041","chr4","18266758","18267039","56","81645994"
"chr9","99962310","99962599","chr4","37637558","37637839","67","62324752"
"chr9","99973814","99973967","chr9","98778862","98779013","4","1194952"
"chr9","100185613","100185908","chr18","31782034","31782335","60","68403579"
"chr9","100635455","100635751","chr9","99450986","99451282","5","1184469"
"chr9","100776806","100777124","chr9","99598644","99598963","17","1178162"
"chr9","100805101","100805340","chr9","99622175","99622414","9","1182926"
"chr9","100976663","100976977","chr19","34820065","34820383","65","66156598"
"chr9","101081611","101081694","chr14","107932456","107932537","20","6850845"
"chr9","101252528","101252650","chr9","99983173","99983295","3","1269355"
"chr9","101369082","101369301","chr9","100099641","100099860","7","1269441"
"chr9","101514802","101515104","chr6","135496415","135496710","81","33981613"
"chr9","101610267","101610505","chr9","100338648","100338889","9","1271619"
"chr9","101614875","101615199","chr10","51377786","51378098","96","50237089"
"chr9","101740178","101740450","chr9","100467811","100468082","7","1272367"
"chr9","102319024","102319316","chr9","101043602","101043894","7","1275422"
"chr9","102421617","102421907","chr7","33570558","33570868","91","68851059"
"chr9","102453789","102453914","chr9","101176624","101176748","5","1277165"
"chr9","102481849","102482093","chr9","101199288","101199524","13","1282561"
"chr9","102493135","102493434","chr9","101211929","101212260","40","1281206"
"chr9","102493487","102493498","chr6","128359960","128359970","2","25866473"
"chr9","102524536","102524818","chr9","101243889","101244189","28","1280647"
"chr9","102775815","102775950","chr9","101508567","101508702","5","1267248"
"chr9","102791492","102791808","chr9","101528722","101529029","15","1262770"
"chr9","102844449","102844737","chr9","101582042","101582326","11","1262407"
"chr9","102873822","102874003","chr9","101615039","101615218","6","1258783"
"chr9","102985590","102985725","chr11","111580097","111580231","21","8594507"
"chr9","102986021","102986168","chr6","14081369","14081518","29","88904652"
"chr9","103024963","103025243","chr9","101774201","101774472","20","1250762"
"chr9","103118228","103118365","chr5","36282606","36282736","21","66835622"
"chr9","103118391","103118570","chr5","38150450","38150621","40","64967941"
"chr9","103140651","103140939","chr9","101891273","101891560","8","1249378"
"chr9","103208029","103208320","chr9","101960064","101960351","11","1247965"
"chr9","103229748","103229858","chr9","101981856","101981966","4","1247892"
"chr9","103248807","103249120","chr9","102000562","102000874","9","1248245"
"chr9","103319961","103320133","chr7","109263846","109264017","42","5943885"
"chr9","103396963","103397253","chr9","102147720","102148015","17","1249243"
"chr9","103421208","103421516","chr9","102169156","102169465","7","1252052"
"chr9","103428542","103428690","chr19","15900022","15900175","30","87528520"
"chr9","103460104","103460404","chr19","8811685","8811990","69","94648419"
"chr9","103469811","103470151","chr2","20141222","20141546","75","83328589"
"chr9","103641571","103641841","chr9","102389610","102389887","11","1251961"
"chr9","103722771","103722882","chr9","102471557","102471695","29","1251214"
"chr9","103747020","103747311","chr9","102496345","102496638","3","1250675"
"chr9","103762053","103762357","chr9","102511155","102511459","7","1250898"
"chr9","103765478","103765728","chr19","12201104","12201352","58","91564374"
"chr9","103838635","103838909","chr9","102587444","102587716","10","1251191"
"chr9","103844835","103845134","chr9","94317670","94317969","63","9527165"
"chr9","103863176","103863480","chr19","12678783","12679088","62","91184393"
"chr9","103871408","103871600","chrX","60910024","60910205","49","42961384"
"chr9","103910686","103910846","chr9","102653563","102653719","6","1257123"
"chr9","103962878","103963194","chr9","102705195","102705502","27","1257683"
"chr9","104678778","104679081","chr12","99813610","99813921","57","4865168"
"chr9","104716078","104716423","chr8","20975982","20976323","93","83740096"
"chr9","104865431","104865728","chr9","103625752","103626059","14","1239679"
"chr9","104893891","104894043","chr9","103654302","103654454","5","1239589"
"chr9","104935064","104935331","chr9","103696038","103696303","5","1239026"
"chr9","104958862","104959169","chr9","103719823","103720130","7","1239039"
"chr9","104992328","104992635","chr9","103753171","103753474","14","1239157"
"chr9","105126878","105127162","chr9","103888588","103888872","10","1238290"
"chr9","105210898","105211183","chr9","103972248","103972520","17","1238650"
"chr9","105235766","105236047","chr9","103997721","103998002","6","1238045"
"chr9","105479259","105479553","chr1","26516253","26516554","66","78963006"
"chr9","105529047","105529356","chr9","104291010","104291324","9","1238037"
"chr9","105537457","105537585","chrX","38711766","38711898","30","66825691"
"chr9","105537635","105537755","chr2","43524617","43524733","20","62013018"
"chr9","105630611","105631001","chr15","42371717","42372078","109","63258894"
"chr9","105660319","105660621","chr9","104423420","104423721","9","1236899"
"chr9","105686436","105686597","chrX","16706870","16707030","29","88979566"
"chr9","105765827","105766119","chr9","104528856","104529144","13","1236971"
"chr9","105779501","105779647","chr13","54245350","54245487","33","51534151"
"chr9","105779688","105779800","chr6","10005579","10005691","18","95774109"
"chr9","105789111","105789397","chr7","124024334","124024619","50","18235223"
"chr9","105796511","105796829","chr19","28473075","28473382","62","77323436"
"chr9","105796975","105797267","chr7","157756249","157756538","52","51959274"
"chr9","105850603","105850888","chr9","104615498","104615795","17","1235105"
"chr9","105877434","105877556","chr9","104642667","104642789","1","1234767"
"chr9","105894246","105894597","chr9","104659619","104659970","12","1234627"
"chr9","105912810","105913126","chr9","104677285","104677572","33","1235525"
"chr9","105953769","105954084","chr9","104717444","104717744","25","1236325"
"chr9","105965499","105965793","chr9","104729068","104729366","11","1236431"
"chr9","105969102","105969364","chr9","104732694","104732956","3","1236408"
"chr9","105991529","105991814","chr10","59097386","59097673","54","46894143"
"chr9","106093443","106093601","chr10","31620022","31620182","37","74473421"
"chr9","106093632","106093747","chr3","44520956","44521071","19","61572676"
"chr9","106139127","106139259","chr9","104900976","104901108","2","1238151"
"chr9","106146047","106146337","chr9","104907851","104908150","20","1238196"
"chr9","106188506","106188587","chr9","104950764","104950850","7","1237742"
"chr9","106394666","106394981","chr9","105156476","105156773","24","1238190"
"chr9","106433125","106433427","chr9","93470569","93470868","53","12962556"
"chr9","106484564","106484718","chr9","105246669","105246823","3","1237895"
"chr9","106577864","106578149","chr9","105340423","105340708","11","1237441"
"chr9","106684520","106684785","chr9","105449228","105449539","55","1235292"
"chr9","106712075","106712273","chr6","108010515","108010694","58","1298440"
"chr9","106746422","106746589","chr15","23755330","23755487","44","82991092"
"chr9","106832427","106832524","chr9","105596160","105596257","3","1236267"
"chr9","106927021","106927179","chr3","111537508","111537663","36","4610487"
"chr9","106927206","106927333","chr1","52522560","52522684","24","54404646"
"chr9","106929181","106929467","chr9","105692807","105693102","22","1236374"
"chr9","106930360","106930491","chr9","105693994","105694125","0","1236366"
"chr9","106962508","106962809","chr9","105726599","105726903","11","1235909"
"chr9","106971283","106971551","chr9","105735362","105735620","18","1235921"
"chr9","107032658","107032810","chr9","105797117","105797261","12","1235541"
"chr9","107050749","107051061","chr19","33177641","33177957","104","73873108"
"chr9","107063849","107064002","chr9","105827820","105827992","21","1236029"
"chr9","107083544","107083718","chr1","23984049","23984220","55","83099495"
"chr9","107109858","107110115","chr9","105873618","105873875","4","1236240"
"chr9","107110194","107110490","chr9","105873957","105874263","22","1236237"
"chr9","107157178","107157454","chr9","105921942","105922218","3","1235236"
"chr9","107200622","107200850","chr16","47997776","47997997","68","59202846"
"chr9","107209126","107209399","chr9","105972786","105973053","17","1236340"
"chr9","107245492","107245764","chr9","106008291","106008563","5","1237201"
"chr9","107284190","107284502","chr9","106047399","106047711","17","1236791"
"chr9","107409809","107410122","chr9","106176872","106177184","6","1232937"
"chr9","107414475","107414632","chr8","18227257","18227416","26","89187218"
"chr9","107414669","107414789","chr1","113417615","113417737","17","6002946"
"chr9","107457334","107457513","chr2","99121689","99121851","52","8335645"
"chr9","107555227","107555539","chr9","106318290","106318596","13","1236937"
"chr9","107555657","107555800","chr7","59530380","59530530","30","48025277"
"chr9","107555827","107555948","chr7","80104769","80104885","19","27451058"
"chr9","107643129","107643427","chr9","106406421","106406728","15","1236708"
"chr9","107649118","107649418","chr4","150679269","150679573","51","43030151"
"chr9","107681655","107681788","chr9","106446026","106446159","2","1235629"
"chr9","107708887","107709196","chr10","32447341","32447648","61","75261546"
"chr9","107742501","107742670","chr1","85539054","85539215","43","22203447"
"chr9","107783902","107784082","chr8","98047098","98047277","41","9736804"
"chr9","107875502","107875801","chr9","106646775","106647075","16","1228727"
"chr9","107880343","107880624","chr9","106651853","106652137","10","1228490"
"chr9","108472892","108473069","chr3","37236924","37237094","36","71235968"
"chr9","108473124","108473156","chr3","5683934","5683952","17","102789190"
"chr9","108473211","108473327","chr2","33545689","33545803","14","74927522"
"chr9","109082139","109082287","chr9","107875280","107875433","10","1206859"
"chr9","109186151","109186292","chr9","107979171","107979312","4","1206980"
"chr9","109217494","109217651","chr9","108010119","108010276","6","1207375"
"chr9","109232917","109232978","chr1","9388919","9388982","12","99843998"
"chr9","109513342","109513527","chr9","108311699","108311887","8","1201643"
"chr9","109545339","109545637","chr9","108343663","108343959","13","1201676"
"chr9","109560164","109560428","chr9","108358239","108358508","7","1201925"
"chr9","109624481","109624600","chr9","108422768","108422886","3","1201713"
"chr9","109624649","109624826","chr3","78136377","78136543","43","31488272"
"chr9","109859038","109859335","chr9","108659291","108659588","6","1199747"
"chr9","109919159","109919445","chr9","108720499","108720785","6","1198660"
"chr9","110018298","110018583","chr9","108819214","108819499","5","1199084"
"chr9","110018584","110018720","chr9","108819500","108819636","2","1199084"
"chr9","110101926","110102209","chr9","108903832","108904115","4","1198094"
"chr9","110158409","110158712","chr9","108960494","108960795","7","1197915"
"chr9","110160549","110160836","chr9","108962632","108962919","5","1197917"
"chr9","110201380","110201672","chr20","67381089","67381385","71","42820291"
"chr9","110220974","110221235","chr10","71507440","71507709","61","38713534"
"chr9","110244141","110244446","chr10","27044093","27044398","54","83200048"
"chr9","110246053","110246359","chr9","109047153","109047486","38","1198900"
"chr9","110302377","110302659","chr9","109103818","109104106","18","1198559"
"chr9","110322682","110322975","chr9","109124268","109124561","7","1198414"
"chr9","110387585","110387716","chr3","177499841","177499969","37","67112256"
"chr9","110388008","110388283","chr9","109189918","109190191","7","1198090"
"chr9","110397260","110397560","chr9","109199170","109199470","6","1198090"
"chr9","110446809","110447083","chr3","42589016","42589298","71","67857793"
"chr9","110447831","110447987","chr3","46168830","46168990","36","64279001"
"chr9","110628559","110628860","chr9","109428814","109429115","6","1199745"
"chr9","110681110","110681396","chr9","109480919","109481202","10","1200191"
"chr9","110688294","110688604","chr9","109488067","109488380","17","1200227"
"chr9","110713543","110713726","chr9","109513349","109513533","3","1200194"
"chr9","110752128","110752395","chr13","19026699","19026980","61","91725429"
"chr9","110771541","110771852","chr15","23338291","23338598","60","87433250"
"chr9","110875365","110875525","chr9","109675618","109675796","21","1199747"
"chr9","110960219","110960529","chr3","83608844","83609144","65","27351375"
"chr9","111101656","111101956","chr9","109899629","109899933","9","1202027"
"chr9","111129926","111130091","chr9","109928193","109928358","4","1201733"
"chr9","111182640","111182947","chr9","109981525","109981828","18","1201115"
"chr9","111250279","111250581","chr9","110047948","110048250","8","1202331"
"chr9","111279822","111279966","chr9","110077811","110077973","22","1202011"
"chr9","111350192","111350491","chr9","110148331","110148629","9","1201861"
"chr9","111421843","111422131","chr9","110219909","110220196","12","1201934"
"chr9","111508785","111509097","chr9","110312669","110312973","28","1196116"
"chr9","111552571","111552866","chr9","110357256","110357551","8","1195315"
"chr9","111595447","111595581","chr9","110400267","110400385","18","1195180"
"chr9","111599054","111599216","chr9","956316","956473","25","110642738"
"chr9","111599543","111599686","chr2","186543436","186543573","33","74943893"
"chr9","111659511","111659817","chr6","67184731","67185027","53","44474780"
"chr9","111661494","111661801","chr5","132270366","132270679","75","20608872"
"chr9","111687596","111687889","chr4","77823156","77823442","61","33864440"
"chr9","111767959","111768194","chr9","110569828","110570062","4","1198131"
"chr9","111778356","111778665","chr1","33809672","33809974","54","77968684"
"chr9","111801812","111801947","chr9","110604494","110604629","1","1197318"
"chr9","111803027","111803154","chr20","14240061","14240193","20","97562966"
"chr9","111840663","111840864","chr9","110643268","110643474","9","1197395"
"chr9","111875575","111875739","chr9","110691610","110691774","2","1183965"
"chr9","111894485","111894649","chr9","110691610","110691774","2","1202875"
"chr9","111897588","111897895","chr9","110701851","110702158","2","1195737"
"chr9","111899232","111899326","chr17","5936353","5936452","23","105962879"
"chr9","111910115","111910167","chr15","80639692","80639739","17","31270423"
"chr9","111910443","111910718","chr2","135238031","135238296","53","23327588"
"chr9","111911977","111912107","chr9","110719593","110719721","7","1192384"
"chr9","111915745","111915865","chr8","135548043","135548167","19","23632298"
"chr9","111928112","111928273","chr19","28252241","28252397","37","83675871"
"chr9","111934852","111934929","chr6","148369068","148369142","18","36434216"
"chr9","111935208","111935341","chr1","212761457","212761590","24","100826249"
"chr9","111942239","111942538","chr9","110743345","110743650","9","1198894"
"chr9","111962748","111962897","chr9","110770298","110770457","18","1192450"
"chr9","111972134","111972242","chr9","110779672","110779779","2","1192462"
"chr9","112005872","112005914","chr5","54404973","54405012","8","57600899"
"chr9","112008576","112008737","chr9","110816414","110816579","10","1192162"
"chr9","112025814","112026117","chr9","110833820","110834128","14","1191994"
"chr9","112054279","112054458","chr16","71916151","71916323","37","40138128"
"chr9","112054756","112054860","chr3","172154806","172154900","20","60100050"
"chr9","112112181","112112407","chr9","110917322","110917548","7","1194859"
"chr9","112174363","112174527","chr9","110983251","110983430","20","1191112"
"chr9","112247204","112247504","chr9","111054790","111055096","16","1192414"
"chr9","112264298","112264472","chr9","111071511","111071678","13","1192787"
"chr9","112270132","112270427","chr9","111077340","111077636","6","1192792"
"chr9","112318300","112318577","chr9","111124398","111124675","7","1193902"
"chr9","112334404","112334606","chr1","49411370","49411556","50","62923034"
"chr9","112334921","112335063","chr11","113799453","113799606","49","1464532"
"chr9","112387818","112387946","chr10","37088280","37088407","25","75299538"
"chr9","112388242","112388364","chrX","17975851","17975972","24","94412391"
"chr9","112390930","112391197","chr13","117272327","117272579","58","4881397"
"chr9","112401250","112401528","chr9","111204160","111204443","10","1197090"
"chr9","112407795","112407973","chr9","111210526","111210691","18","1197269"
"chr9","112420103","112420396","chr4","153966540","153966826","58","41546437"
"chr9","112479897","112480210","chr9","111283358","111283671","12","1196539"
"chr9","112496725","112496847","chr9","111300314","111300436","0","1196411"
"chr9","112498944","112499229","chr9","111302555","111302831","16","1196389"
"chr9","112501343","112501637","chr9","111305338","111305629","9","1196005"
"chr9","112528796","112529097","chr9","111332531","111332829","17","1196265"
"chr9","112565900","112566189","chr9","111369493","111369780","6","1196407"
"chr9","112570014","112570318","chr9","111373894","111374198","8","1196120"
"chr9","112573029","112573341","chr9","111377193","111377512","14","1195836"
"chr9","112580829","112581098","chr9","111385504","111385769","14","1195325"
"chr9","112629980","112630089","chr9","111436342","111436459","9","1193638"
"chr9","112693103","112693253","chr9","111502225","111502377","8","1190878"
"chr9","112698529","112698831","chr9","111507661","111507972","26","1190868"
"chr9","112703208","112703480","chr9","111512057","111512354","32","1191151"
"chr9","112743030","112743166","chr9","91767457","91767580","34","20975573"
"chr9","112743465","112743649","chr20","53246286","53246474","38","59497179"
"chr9","112750495","112750791","chr13","32650023","32650326","61","80100472"
"chr9","112752072","112752381","chr9","111562933","111563242","4","1189139"
"chr9","112759626","112759760","chr9","111570347","111570480","9","1189279"
"chr9","112760937","112761256","chr9","111571654","111571993","34","1189283"
"chr9","112775281","112775506","chr9","10602100","10602326","66","102173181"
"chr9","112786068","112786304","chr9","111598946","111599188","15","1187122"
"chr9","112864834","112864894","chr9","111678423","111678483","3","1186411"
"chr9","113084983","113085291","chr9","111905820","111906130","16","1179163"
"chr9","113124642","113124748","chr9","111944916","111945017","5","1179726"
"chr9","113154781","113155106","chr9","111976506","111976793","44","1178275"
"chr9","113619135","113619446","chr9","112447531","112447840","11","1171604"
"chr9","113627824","113627980","chr19","28252241","28252397","29","85375583"
"chr9","113685678","113685984","chr9","112513326","112513628","9","1172352"
"chr9","113780992","113781145","chr9","112614455","112614624","19","1166537"
"chr9","114013177","114013450","chr9","112839145","112839418","11","1174032"
"chr9","114172913","114173255","chr9","112999048","112999336","58","1173865"
"chr9","114300668","114300967","chr9","113125653","113125955","14","1175015"
"chr9","114313007","114313292","chr9","113138026","113138311","9","1174981"
"chr9","114394542","114394820","chr9","113218723","113219001","7","1175819"
"chr9","114412202","114412360","chr3","20398573","20398737","44","94013629"
"chr9","114449624","114449935","chr9","26051469","26051770","62","88398155"
"chr9","114487285","114487580","chr9","113311729","113312024","9","1175556"
"chr9","114614107","114614365","chr9","113441409","113441670","10","1172698"
"chr9","114615276","114615604","chr9","113442645","113442955","23","1172631"
"chr9","114637407","114637464","chr3","43246146","43246205","13","71391261"
"chr9","114663403","114663524","chr9","113486621","113486742","1","1176782"
"chr9","114728863","114729066","chr9","113560602","113560789","30","1168261"
"chr9","114732172","114732300","chr7","15971746","15971876","23","98760426"
"chr9","114735780","114736071","chr9","113568303","113568594","13","1167477"
"chr9","114758281","114758634","chr9","113592516","113592869","8","1165765"
"chr9","114804967","114805112","chr9","113639441","113639586","4","1165526"
"chr9","114833080","114833410","chr9","113666846","113667173","11","1166234"
"chr9","114861677","114861977","chr9","113695001","113695295","15","1166676"
"chr9","114897746","114898093","chr9","113731856","113732197","16","1165890"
"chr9","114912853","114913153","chr2","182511371","182511658","70","67598518"
"chr9","114917012","114917152","chr9","113751090","113751230","3","1165922"
"chr9","114917153","114917446","chr9","113751231","113751524","10","1165922"
"chr9","114926945","114927104","chr9","113762569","113762728","1","1164376"
"chr9","114929752","114930060","chr2","50436019","50436328","65","64493733"
"chr9","114959400","114959529","chrX","96912289","96912418","16","18047111"
"chr9","114974087","114974390","chr9","113810103","113810406","2","1163984"
"chr9","114983590","114983885","chr9","113819639","113819934","11","1163951"
"chr9","114996592","114996891","chr9","113832542","113832842","11","1164050"
"chr9","115015162","115015461","chr9","113851093","113851392","7","1164069"
"chr9","115118925","115118952","chr20","49216577","49216598","9","65902348"
"chr9","115118992","115119267","chr9","113956633","113956935","38","1162359"
"chr9","115189247","115189548","chr7","59161426","59161725","54","56027821"
"chr9","115199552","115199712","chr9","114036992","114037151","2","1162560"
"chr9","115354513","115354834","chr9","114200338","114200661","18","1154175"
"chr9","115358838","115359154","chr9","114204676","114204991","10","1154162"
"chr9","115551869","115551991","chr16","66120676","66120798","16","49431193"
"chr9","115562119","115562305","chr9","114415592","114415784","11","1146527"
"chr9","115652471","115652768","chr15","96894313","96894623","57","18758158"
"chr9","115688068","115688219","chr9","114547287","114547438","1","1140781"
"chr9","115695528","115695836","chr9","114554232","114554540","6","1141296"
"chr9","115879890","115880171","chr9","114740640","114740925","14","1139250"
"chr9","116150033","116150355","chr9","115023520","115023818","26","1126513"
"chr9","116156351","116156652","chr9","115029780","115030059","31","1126571"
"chr9","116320827","116320993","chr9","115192877","115193047","6","1127950"
"chr9","116580588","116580752","chr9","115455722","115455877","12","1124866"
"chr9","116658457","116658760","chr9","115539659","115539962","5","1118798"
"chr9","116951541","116951842","chr9","115831640","115831941","5","1119901"
"chr9","116974969","116975188","chr9","115855761","115855984","13","1119208"
"chr9","116998118","116998447","chr9","115879425","115879730","33","1118693"
"chr9","117032521","117032794","chr9","115913806","115914082","8","1118715"
"chr9","117046850","117047207","chr10","28373285","28373605","106","88673565"
"chr9","117067318","117067449","chr4","10603822","10603956","36","106463496"
"chr9","117067762","117067896","chr19","48991994","48992125","29","68075768"
"chr9","117076067","117076352","chr9","115957339","115957623","16","1118728"
"chr9","117076354","117076576","chr9","115957626","115957836","16","1118728"
"chr9","117079014","117079284","chr9","115960266","115960536","11","1118748"
"chr9","117093784","117094089","chr4","35526989","35527290","74","81566795"
"chr9","117104131","117104299","chr9","115986606","115986788","16","1117525"
"chr9","117106297","117106438","chr9","115988804","115988924","26","1117493"
"chr9","117106444","117106716","chr1","141221367","141221629","62","24114923"
"chr9","117167697","117167995","chr13","110725016","110725316","55","6442681"
"chr9","117184617","117184840","chr9","116066324","116066547","4","1118293"
"chr9","117206020","117206311","chr9","116088790","116089101","22","1117230"
"chr9","117450032","117450197","chr9","116330911","116331082","7","1119121"
"chr9","117453056","117453195","chr9","116341895","116342034","1","1111161"
"chr9","117475258","117475562","chr9","116365585","116365895","11","1109673"
"chr9","117486902","117487123","chr9","116378103","116378330","21","1108799"
"chr9","117500549","117500809","chr9","116392532","116392793","20","1108017"
"chr9","117500822","117500985","chr8","18227257","18227416","33","99273565"
"chr9","117501282","117501409","chr13","117408428","117408554","28","92854"
"chr9","117523166","117523424","chr9","116407609","116407891","39","1115557"
"chr9","117532365","117532619","chr1","96774256","96774505","57","20758109"
"chr9","117536781","117537086","chrX","16790369","16790672","56","100746412"
"chr9","117566210","117566475","chr9","116465026","116465292","8","1101184"
"chr9","117584372","117584566","chr9","116482237","116482398","35","1102135"
"chr9","117584853","117584992","chr9","116482741","116482867","26","1102112"
"chr9","117595108","117595345","chr5","10266246","10266475","48","107328862"
"chr9","117596579","117596845","chr20","68161582","68161851","71","49434997"
"chr9","117606797","117607089","chr9","116503932","116504233","14","1102865"
"chr9","117619367","117619576","chr9","116515511","116515720","5","1103856"
"chr9","117660661","117660871","chr9","116556696","116556906","6","1103965"
"chr9","117729592","117729732","chr8","9497099","9497235","41","108232493"
"chr9","117730098","117730277","chr15","13241481","13241649","49","104488617"
"chr9","117819710","117819847","chr9","116715005","116715142","3","1104705"
"chr9","117843211","117843449","chr9","116738446","116738689","14","1104765"
"chr9","117848468","117848755","chr9","116743615","116743911","18","1104853"
"chr9","117848764","117848902","chr4","4842375","4842509","28","113006389"
"chr9","117849201","117849376","chr7","111640971","111641143","37","6208230"
"chr9","117975149","117975272","chr9","116870876","116870999","5","1104273"
"chr9","118176383","118176675","chr3","48234824","48235114","58","69941559"
"chr9","118354491","118354789","chr9","117254241","117254539","5","1100250"
"chr9","118375727","118375989","chr9","117275467","117275715","19","1100260"
"chr9","118381891","118382151","chr1","135590528","135590782","55","17208637"
"chr9","118382834","118382988","chr9","117284632","117284782","11","1098202"
"chr9","118454295","118454605","chr9","117357117","117357413","20","1097178"
"chr9","118464370","118464626","chr9","117367432","117367688","7","1096938"
"chr9","118482508","118482816","chr20","10603933","10604232","62","107878575"
"chr9","118490444","118490727","chr9","117393587","117393881","19","1096857"
"chr9","118502510","118502822","chr9","117405633","117405949","14","1096877"
"chr9","118529660","118529726","chr4","6076216","6076283","11","112453444"
"chr9","118541967","118542276","chr9","117445491","117445783","37","1096476"
"chr9","118549948","118550201","chr8","7569362","7569621","81","110980586"
"chr9","118581830","118582055","chr9","117484925","117485145","14","1096905"
"chr9","118618952","118619063","chr9","117521872","117521994","15","1097080"
"chr9","119001245","119001559","chr9","117903239","117903553","9","1098006"
"chr9","119006850","119007005","chr15","7461808","7461949","42","111545042"
"chr9","119007296","119007476","chr19","9815573","9815748","43","109191723"
"chr9","119087408","119087729","chr9","117989417","117989745","23","1097991"
"chr9","119200132","119200426","chr9","118104713","118105006","6","1095419"
"chr9","119262135","119262441","chr9","118166581","118166872","24","1095554"
"chr9","119310431","119310627","chr4","29292502","29292697","44","90017929"
"chr9","119310986","119311086","chr4","36644652","36644750","19","82666334"
"chr9","119602017","119602303","chr9","118502380","118502667","6","1099637"
"chr9","119644852","119645168","chr9","118545890","118546212","25","1098962"
"chr9","119706418","119706676","chr6","173654067","173654326","58","53947649"
"chr9","119835496","119835808","chr9","118738085","118738401","25","1097411"
"chr9","119837455","119837613","chr9","118740048","118740217","21","1097407"
"chr9","119865075","119865379","chr9","118767551","118767852","14","1097524"
"chr9","119866562","119866833","chr9","118769039","118769310","7","1097523"
"chr9","119895744","119896044","chr9","35073765","35074063","57","84821979"
"chr9","119915543","119915838","chr19","12169551","12169851","55","107745992"
"chr9","119957419","119957725","chr9","118852195","118852503","19","1105224"
"chr9","120025359","120025427","chr10","65020476","65020549","16","55004883"
"chr9","120205438","120205566","chr3","44487749","44487877","18","75717689"
"chr9","120242492","120242655","chr9","119139747","119139911","6","1102745"
"chr9","120262404","120262708","chr9","119159620","119159923","14","1102784"
"chr9","120291811","120291959","chr9","119189305","119189453","4","1102506"
"chr9","120296488","120296792","chr9","119193973","119194284","14","1102515"
"chr9","120463280","120463560","chr9","119361404","119361684","11","1101876"
"chr9","120507203","120507374","chr9","119405238","119405402","19","1101965"
"chr9","120583525","120583846","chr9","119481873","119482186","21","1101652"
"chr9","120622079","120622365","chr9","119520932","119521218","10","1101147"
"chr9","120805735","120806025","chr9","119699504","119699794","12","1106231"
"chr9","120806937","120807231","chr9","119700711","119701005","10","1106226"
"chr9","120951278","120951431","chr9","119844614","119844767","4","1106664"
"chr9","121046759","121047064","chr9","119942773","119943077","8","1103986"
"chr9","121471633","121471793","chr9","120372604","120372763","5","1099029"
"chr9","121544918","121545225","chr9","120446123","120446429","10","1098795"
"chr9","121670770","121670891","chr16","23284961","23285085","26","98385809"
"chr9","121727580","121727765","chr9","120629001","120629166","26","1098579"
"chr9","121839428","121839713","chr9","120740901","120741186","12","1098527"
"chr9","121948187","121948475","chr9","120829891","120830167","16","1118296"
"chr9","121981813","121981998","chr7","133464674","133464854","54","11482861"
"chr9","122092316","122092597","chr9","120967963","120968241","18","1124353"
"chr9","122157951","122158132","chr9","121033973","121034154","3","1123978"
"chr9","122249541","122249845","chr9","121127506","121127810","3","1122035"
"chr9","122429167","122429453","chr15","37564473","37564760","50","84864694"
"chr9","122705905","122706076","chr9","121591685","121591856","3","1114220"
"chr9","122707801","122708100","chr9","121593576","121593884","14","1114225"
"chr9","122718797","122718919","chr10","62511868","62511969","40","60206929"
"chr9","122733470","122733765","chr9","121620896","121621193","11","1112574"
"chr9","122748358","122748628","chr15","22878381","22878638","72","99869977"
"chr9","122766094","122766254","chr9","121653932","121654092","4","1112162"
"chr9","122791986","122792296","chr9","121680517","121680821","16","1111469"
"chr9","122860745","122860908","chr9","121748654","121748817","6","1112091"
"chr9","123286956","123287269","chr9","122181442","122181760","18","1105514"
"chr9","123395227","123395516","chr3","40146325","40146615","68","83248902"
"chr9","123468312","123468436","chr9","122358288","122358405","9","1110024"
"chr9","123689315","123689593","chr2","50678937","50679211","52","73010378"
"chr9","123996004","123996317","chr9","122892696","122893015","19","1103308"
"chr9","124295820","124295952","chr4","13305947","13306077","20","110989873"
"chr9","124445812","124445943","chr9","123338390","123338521","3","1107422"
"chr9","124532910","124533033","chr9","123427717","123427840","2","1105193"
"chr9","124569831","124570109","chr9","123465287","123465565","12","1104544"
"chr9","124576111","124576222","chr9","123471159","123471270","2","1104952"
"chr9","124578111","124578405","chr9","123473091","123473380","8","1105020"
"chr9","124587618","124587745","chr1","29543504","29543637","23","95044114"
"chr9","124593519","124593677","chrX","7162880","7163039","29","117430639"
"chr9","124626458","124626635","chr2","102165250","102165421","37","22461208"
"chr9","124628820","124629019","chr13","83806749","83806953","57","40822071"
"chr9","124671715","124671861","chr9","123566375","123566521","2","1105340"
"chr9","124693012","124693308","chr9","123587834","123588136","20","1105178"
"chr9","124718013","124718132","chr16","2595590","2595715","32","122122423"
"chr9","124804603","124804895","chr9","123703669","123703958","13","1100934"
"chr9","124905242","124905471","chr9","123806469","123806689","15","1098773"
"chr9","124936268","124936438","chr1","17411743","17411908","40","107524525"
"chr9","125075580","125075894","chr9","123970597","123970911","15","1104983"
"chr9","125087018","125087311","chr3","44042985","44043288","61","81044033"
"chr9","125142909","125143222","chr9","124041707","124042020","6","1101202"
"chr9","125167086","125167379","chr9","124076549","124076819","30","1090537"
"chr9","125365365","125365642","chr9","124283219","124283495","13","1082146"
"chr9","125369876","125370026","chr9","59223715","59223849","37","66146161"
"chr9","125450568","125450816","chr9","124370112","124370374","21","1080456"
"chr9","125623618","125623906","chr9","124531120","124531407","7","1092498"
"chr9","125651349","125651648","chr9","124558239","124558538","3","1093110"
"chrX","7864264","7864586","chrX","6646516","6646841","10","1217748"
"chrX","45481925","45482125","chrX","45281669","45281865","38","200256"
"chrX","49020851","49021107","chrX","49388442","49388698","19","367591"
"chrX","1674","1834","chr7","24818831","24818983","42","24817157"
"chrX","53147","53427","chr6","69973598","69973880","52","69920451"
"chrX","58833","59056","chr11","120205238","120205450","46","120146405"
"chrX","93314","93603","chr3","164864763","164865058","62","164771449"
"chrX","169020","169164","chr3","44487749","44487877","32","44318729"
"chrX","292826","292892","chr4","43054144","43054208","14","42761318"
"chrX","393662","393782","chr9","26581206","26581321","27","26187544"
"chrX","394079","394154","chr6","51599007","51599074","24","51204928"
"chrX","412946","413219","JH680086","339282","339556","15","73664"
"chrX","439058","439371","JH680086","307627","307913","39","131431"
"chrX","446280","446410","chr1","14666143","14666275","28","14219863"
"chrX","446511","446629","JH680086","299762","299885","11","146749"
"chrX","446974","447271","JH680086","299111","299410","17","147863"
"chrX","504797","504918","JH680086","250730","250851","5","254067"
"chrX","505335","505484","JH680086","250151","250297","11","255184"
"chrX","512050","512339","JH680086","241483","241774","14","270567"
"chrX","527891","528165","JH680086","225038","225333","38","302853"
"chrX","535698","535895","chr1","110976421","110976604","42","110440723"
"chrX","559967","560148","chr12","81001667","81001831","48","80441700"
"chrX","560443","560588","chr4","84764886","84765021","32","84204443"
"chrX","561289","561567","JH680086","195376","195652","30","365913"
"chrX","578556","578856","JH680086","177241","177525","57","401315"
"chrX","581407","581685","JH680086","195376","195652","22","386031"
"chrX","591623","591927","JH680086","189477","189777","9","402146"
"chrX","600678","600984","JH680086","175599","175874","38","425079"
"chrX","617604","617862","JH680086","158839","159097","5","458765"
"chrX","626205","626468","JH680086","150437","150706","16","475768"
"chrX","646240","646331","chr4","52187200","52187286","19","51540960"
"chrX","649669","649968","JH680086","124650","124946","5","525019"
"chrX","717888","718188","JH680086","53820","54119","5","664068"
"chrX","743202","743497","JH680086","27534","27829","10","715668"
"chrX","814660","814957","chrX","14581","14877","8","800079"
"chrX","869278","869576","chrX","75167","75463","14","794111"
"chrX","907029","907151","chrX","111334","111443","15","795695"
"chrX","917902","918200","chr5","74385136","74385432","71","73467234"
"chrX","954794","954950","chr8","70097392","70097551","35","69142598"
"chrX","990739","990899","chrX","140538","140699","3","850201"
"chrX","995570","995840","chrX","145119","145389","8","850451"
"chrX","1000176","1000494","chrX","149885","150209","13","850291"
"chrX","1008104","1008404","chrX","157977","158271","13","850127"
"chrX","1026967","1027252","chr15","11585308","11585590","58","10558341"
"chrX","1029562","1029860","chrX","178912","179210","4","850650"
"chrX","1037229","1037351","chrX","186396","186518","2","850833"
"chrX","1048671","1048975","chrX","198128","198435","11","850543"
"chrX","1056858","1057149","chrX","206310","206601","6","850548"
"chrX","1060776","1061086","chrX","210229","210539","4","850547"
"chrX","1067884","1068190","chrX","217464","217777","11","850420"
"chrX","1085737","1086028","chrX","235044","235335","4","850693"
"chrX","1104148","1104432","chrX","253238","253518","9","850910"
"chrX","1121652","1121953","chrX","270488","270780","12","851164"
"chrX","1122184","1122481","chrX","270994","271308","20","851190"
"chrX","1151113","1151394","chrX","301302","301625","52","849811"
"chrX","1151834","1151964","chr4","84292389","84292520","17","83140555"
"chrX","1157095","1157219","chrX","306719","306840","3","850376"
"chrX","1167455","1167773","chrX","317097","317419","15","850358"
"chrX","1168753","1169013","chrX","318401","318668","18","850352"
"chrX","1175288","1175443","chrX","324941","325096","2","850347"
"chrX","1187499","1187783","chr17","57815870","57816156","70","56628371"
"chrX","1190314","1190620","chrX","340181","340489","8","850133"
"chrX","1192367","1192588","chrX","342234","342456","3","850133"
"chrX","1204795","1205090","chrX","354869","355166","5","849926"
"chrX","1215192","1215483","chrX","365009","365296","9","850183"
"chrX","1216624","1216920","chrX","366437","366734","5","850187"
"chrX","1218599","1218889","chrX","368430","368720","9","850169"
"chrX","1229253","1229545","chrX","378284","378579","11","850969"
"chrX","1241572","1241899","chrX","390790","391087","34","850782"
"chrX","1258300","1258592","chrX","408387","408676","7","849913"
"chrX","1266999","1267315","chrX","421105","421421","4","845894"
"chrX","1287828","1288099","chrX","442801","443072","6","845027"
"chrX","1362158","1362288","chrX","529840","529975","6","832318"
"chrX","1368188","1368479","chrX","535650","535940","11","832538"
"chrX","1369466","1369767","chrX","536933","537234","4","832533"
"chrX","1377116","1377353","chrX","544414","544690","41","832702"
"chrX","1382069","1382347","chrX","549474","549752","5","832595"
"chrX","1396116","1396411","chr5","177250136","177250434","59","175854020"
"chrX","1399778","1400102","chrX","566835","567160","12","832943"
"chrX","1408967","1409254","chrX","575888","576176","7","833079"
"chrX","1414238","1414514","chrX","581102","581378","8","833136"
"chrX","1433161","1433283","chrX","595238","595360","1","837923"
"chrX","1477771","1478052","chr5","103793141","103793424","85","102315370"
"chrX","1480823","1481037","chrX","634227","634435","10","846596"
"chrX","1486194","1486499","chr4","17075987","17076292","61","15589793"
"chrX","1582742","1583041","chrX","723621","723928","19","859121"
"chrX","1585537","1585862","chrX","726236","726577","33","859301"
"chrX","1679840","1680016","chr3","71425769","71425940","29","69745929"
"chrX","1680046","1680174","chr6","75990624","75990747","22","74310578"
"chrX","1680804","1680896","chr13","102145302","102145390","21","100464498"
"chrX","1693915","1694200","chrX","841257","841543","7","852658"
"chrX","1728798","1729081","chrX","873600","873883","20","855198"
"chrX","1729239","1729411","chr2","84657232","84657402","42","82927993"
"chrX","1729714","1729817","chr1","161221004","161221104","22","159491290"
"chrX","1746209","1746514","chrX","890806","891119","42","855403"
"chrX","1755186","1755455","chrX","873600","873883","22","881586"
"chrX","1755613","1755776","chr3","37236924","37237094","39","35481311"
"chrX","1756088","1756191","chr5","4129348","4129450","22","2373260"
"chrX","1758666","1758971","chrX","890806","891119","42","867860"
"chrX","1782877","1783189","chrX","911104","911416","3","871773"
"chrX","1798019","1798306","chrX","926588","926901","34","871431"
"chrX","1834235","1834521","chrX","953416","953707","8","880819"
"chrX","1846124","1846418","chrX","49546448","49546737","69","47700324"
"chrX","1853631","1853903","chrX","961827","962112","29","891804"
"chrX","1862418","1862713","chr1","53363289","53363582","65","51500871"
"chrX","1879194","1879331","chrX","978217","978354","3","900977"
"chrX","1883803","1883989","chr9","7508835","7509028","43","5625032"
"chrX","1890517","1890806","chr3","35441535","35441830","60","33551018"
"chrX","1890809","1891112","chrX","987945","988268","66","902864"
"chrX","1907066","1907361","chrX","1000974","1001253","24","906092"
"chrX","1909649","1909713","chr12","20867767","20867824","17","18958118"
"chrX","1910965","1911242","chrX","1005012","1005324","44","905953"
"chrX","1914590","1914757","chr6","27887980","27888146","33","25973390"
"chrX","1914784","1914905","chr1","113417615","113417737","17","111502831"
"chrX","1922661","1922948","chrX","1000974","1001253","48","921687"
"chrX","1923805","1924045","chr3","35249866","35250114","69","33326061"
"chrX","1933880","1934191","chrX","1017924","1018235","5","915956"
"chrX","1936433","1936719","chr10","25584669","25584947","66","23648236"
"chrX","1937317","1937611","chr9","59186052","59186343","62","57248735"
"chrX","1946674","1946937","chrX","1024797","1025064","45","921877"
"chrX","1950320","1950587","chrX","1024797","1025064","5","925523"
"chrX","1951464","1951753","chrX","1026811","1027100","11","924653"
"chrX","1953155","1953406","chr8","118870446","118870702","55","116917291"
"chrX","1956744","1956968","chrX","1030440","1030665","9","926304"
"chrX","1962005","1962048","chr4","104950116","104950157","9","102988111"
"chrX","1969150","1969432","chr7","157756249","157756538","71","155787099"
"chrX","1976932","1977215","chrX","1044375","1044658","6","932557"
"chrX","1977983","1978284","chr13","83677800","83678104","56","81699817"
"chrX","1983482","1983787","chrX","1051960","1052264","9","931522"
"chrX","1983936","1984225","chrX","1052413","1052711","19","931523"
"chrX","1989144","1989314","chrX","1058550","1058720","2","930594"
"chrX","1994513","1994700","chr7","73843605","73843783","39","71849092"
"chrX","1994909","1995067","chr14","17031354","17031493","56","15036445"
"chrX","1995282","1995555","chr6","120278680","120278943","69","118283398"
"chrX","2012683","2012899","chrX","1076767","1076982","4","935916"
"chrX","2013900","2014197","chrX","1077987","1078284","1","935913"
"chrX","2023075","2023197","chr2","106143189","106143306","26","104120114"
"chrX","2027885","2028033","chr15","5153596","5153742","36","3125711"
"chrX","2028059","2028175","chr15","25563550","25563666","17","23535491"
"chrX","2033511","2033661","chr13","44734701","44734855","29","42701190"
"chrX","2036812","2037097","chrX","1100456","1100742","5","936356"
"chrX","2048385","2048604","chrX","1112016","1112235","5","936369"
"chrX","2068894","2069139","chrX","1133300","1133545","4","935594"
"chrX","2093931","2094070","chrX","1162275","1162414","1","931656"
"chrX","2098125","2098295","chr6","132104718","132104886","44","130006593"
"chrX","2104177","2104366","chrX","1173743","1173926","8","930434"
"chrX","2105629","2105881","chrX","1175190","1175445","9","930439"
"chrX","2163432","2163739","chr3","39774557","39774863","60","37611125"
"chrX","2164157","2164469","chrX","1235626","1235938","9","928531"
"chrX","2177446","2177758","chr6","126056773","126057085","60","123879327"
"chrX","2212625","2212901","chr9","39951968","39952249","59","37739343"
"chrX","2259085","2259327","chr7","46826692","46826940","63","44567607"
"chrX","2276716","2277018","chrX","1349363","1349660","10","927353"
"chrX","2308511","2308787","chrX","1382416","1382681","14","926095"
"chrX","2352888","2353191","chrX","1427385","1427690","19","925503"
"chrX","2354609","2354910","chrX","1429450","1429753","5","925159"
"chrX","2379465","2379616","chrX","1454300","1454451","4","925165"
"chrX","2391361","2391665","chrX","1466160","1466469","13","925201"
"chrX","2392567","2392893","chrX","1467363","1467689","7","925204"
"chrX","2432017","2432301","chr19","28458469","28458756","73","26026452"
"chrX","2432317","2432434","chrX","1508447","1508564","2","923870"
"chrX","2528783","2529084","chrX","1601793","1602094","7","926990"
"chrX","2569672","2569910","chrX","1642142","1642380","5","927530"
"chrX","2578330","2578551","chrX","121943646","121943856","49","119365316"
"chrX","2584980","2585116","chr1","30376985","30377119","26","27792005"
"chrX","2585444","2585624","chr2","20705096","20705268","45","18119652"
"chrX","2595035","2595312","chrX","1668030","1668306","8","927005"
"chrX","2596502","2596765","chrX","1669853","1670115","7","926649"
"chrX","2618191","2618465","chr3","41539210","41539475","69","38921019"
"chrX","2656153","2656482","chrX","1738958","1739263","39","917195"
"chrX","2658871","2659054","chrX","1741656","1741867","33","917215"
"chrX","2659333","2659493","chrX","1742107","1742261","10","917226"
"chrX","2711734","2711908","chr19","5517456","5517621","36","2805722"
"chrX","2759396","2759707","chrX","1880328","1880639","13","879068"
"chrX","2767570","2767873","chr3","39987533","39987826","63","37219963"
"chrX","2791471","2791761","chrX","1914433","1914723","8","877038"
"chrX","2802629","2802925","chrX","1925592","1925894","11","877037"
"chrX","2807280","2807575","chr7","4084151","4084450","69","1276871"
"chrX","2841996","2842299","chrX","1961639","1961943","18","880357"
"chrX","2850284","2850581","chr15","43363805","43364103","78","40513521"
"chrX","2852659","2852978","chrX","1972239","1972558","7","880420"
"chrX","2874633","2874767","chr17","30315750","30315879","28","27441117"
"chrX","2910583","2910884","chrX","2031467","2031768","2","879116"
"chrX","2912295","2912589","chrX","2033173","2033471","7","879122"
"chrX","2930884","2931180","chrX","2049493","2049791","9","881391"
"chrX","2951736","2951961","chr11","83298010","83298235","46","80346274"
"chrX","2978949","2979246","chrX","2097321","2097618","2","881628"
"chrX","2989166","2989471","chrX","2107302","2107607","9","881864"
"chrX","3018529","3018827","chrX","2137100","2137397","6","881429"
"chrX","3028357","3028639","chrX","2146986","2147281","22","881371"
"chrX","3029804","3030097","chrX","2148446","2148739","9","881358"
"chrX","3050395","3050645","chrX","2169353","2169646","46","881042"
"chrX","3063832","3063955","chr4","34699899","34700017","24","31636067"
"chrX","3098098","3098391","chrX","2216374","2216672","13","881724"
"chrX","3103513","3103828","chrX","2221731","2222046","5","881782"
"chrX","3110111","3110411","chrX","2228447","2228745","4","881664"
"chrX","3154371","3154666","chrX","2272768","2273063","7","881603"
"chrX","3244671","3244943","chr9","61567027","61567299","5","58322356"
"chrX","3280196","3280480","chrX","2400999","2401278","8","879197"
"chrX","3362899","3363066","chrX","2484017","2484184","5","878882"
"chrX","3365841","3366117","chrX","2486952","2487233","7","878889"
"chrX","3372374","3372539","chr20","19706982","19707152","29","16334608"
"chrX","3378453","3378702","chrX","2499644","2499917","28","878809"
"chrX","3379295","3379575","chrX","2500503","2500781","7","878792"
"chrX","3456655","3456674","chr1","67208138","67208152","7","63751483"
"chrX","3456942","3457065","chr11","64197718","64197836","25","60740776"
"chrX","3534148","3534397","chrX","2653141","2653388","8","881007"
"chrX","3572543","3572747","chrX","2690832","2691031","11","881711"
"chrX","3575306","3575603","chrX","2693596","2693893","7","881710"
"chrX","3593039","3593134","chr2","152109306","152109398","22","148516267"
"chrX","3593175","3593291","chr7","125341468","125341584","22","121748293"
"chrX","3595451","3595764","chrX","2713677","2713988","6","881774"
"chrX","3640764","3641021","chrX","2757913","2758179","15","882851"
"chrX","3646735","3646918","chrX","2763987","2764170","1","882748"
"chrX","3649712","3650017","chrX","2766940","2767247","11","882772"
"chrX","3699291","3699665","chr4","111168780","111169118","106","107469489"
"chrX","3723857","3724148","chr7","130433265","130433557","62","126709408"
"chrX","3750336","3750582","chr11","64749109","64749361","54","60998773"
"chrX","3787598","3787863","chr19","17952098","17952359","61","14164500"
"chrX","3829850","3830014","chr19","23802986","23803148","24","19973136"
"chrX","3857654","3857823","chr3","87358610","87358772","43","83500956"
"chrX","3865201","3865510","chrX","2990927","2991223","20","874274"
"chrX","3870077","3870411","chrX","2995820","2996129","36","874257"
"chrX","3908469","3908759","chrX","3033902","3034178","24","874567"
"chrX","3954872","3955089","chrX","3064481","3064695","28","890391"
"chrX","4098904","4099156","chr7","59475517","59475770","61","55376613"
"chrX","4102892","4103035","chr3","162621779","162621932","34","158518887"
"chrX","4103036","4103326","chr1","12562436","12562730","71","8459400"
"chrX","4103327","4103518","chr15","2318426","2318614","37","1784901"
"chrX","4129669","4129996","chrX","3242661","3242988","10","887008"
"chrX","4133191","4133510","chrX","3246193","3246503","16","886998"
"chrX","4143268","4143549","chrX","3255948","3256235","27","887320"
"chrX","4169474","4169801","chrX","3285845","3286168","12","883629"
"chrX","4233626","4233741","chr2","43524617","43524733","18","39290991"
"chrX","4233778","4233919","chr3","163452541","163452667","38","159218763"
"chrX","4249268","4249566","chrX","3364028","3364326","6","885240"
"chrX","4252918","4253216","chr1","34735167","34735463","60","30482249"
"chrX","4268374","4268676","chrX","3383053","3383355","4","885321"
"chrX","4334439","4334724","chr15","90785737","90786031","70","86451298"
"chrX","4340255","4340542","chrX","3455624","3455913","15","884631"
"chrX","4380654","4380844","chr9","110466520","110466712","39","106085866"
"chrX","4387572","4387752","chr1","28517728","28517896","43","24130156"
"chrX","4387814","4387936","chr12","94373386","94373505","33","89985572"
"chrX","4398020","4398200","chr1","28517728","28517896","43","24119708"
"chrX","4398262","4398384","chr12","94373386","94373505","33","89975124"
"chrX","4417078","4417379","chrX","3557473","3557774","8","859605"
"chrX","4423743","4424048","chr14","101023964","101024260","80","96600221"
"chrX","4430716","4431017","chrX","3557473","3557774","59","873243"
"chrX","4434845","4434957","chr11","59966567","59966676","27","55531722"
"chrX","4435266","4435415","chr14","108370007","108370159","36","103934741"
"chrX","4469976","4470182","chrX","3593850","3594056","7","876126"
"chrX","4522919","4523071","chrX","3653961","3654100","16","868958"
"chrX","4523090","4523374","chrX","3654119","3654403","2","868971"
"chrX","4551397","4551690","chrX","3682513","3682814","14","868884"
"chrX","4579590","4579876","chrX","3710926","3711228","23","868664"
"chrX","4593959","4594258","chrX","3724380","3724690","32","869579"
"chrX","4599900","4600206","chrX","3730341","3730646","10","869559"
"chrX","4698838","4699135","chr19","2415446","2415751","75","2283392"
"chrX","4762984","4763060","chr11","39027753","39027819","19","34264769"
"chrX","4765484","4765782","chrX","3654119","3654403","63","1111365"
"chrX","4829071","4829234","chrX","3810940","3811103","5","1018131"
"chrX","4834251","4834414","chrX","3810940","3811103","5","1023311"
"chrX","4844022","4844339","chrX","3820671","3820980","11","1023351"
"chrX","4891040","4891372","chrX","3870009","3870338","14","1021031"
"chrX","4897289","4897467","chr20","25610570","25610748","36","20713281"
"chrX","4912170","4912294","chrX","3892173","3892297","3","1019997"
"chrX","4948600","4948730","chrX","3926018","3926148","5","1022582"
"chrX","4968720","4969022","chrX","3946261","3946563","6","1022459"
"chrX","4973633","4973765","chrX","3951164","3951296","1","1022469"
"chrX","4975980","4976253","chrX","3955106","3955379","6","1020874"
"chrX","4984736","4985015","chrX","3963826","3964106","3","1020910"
"chrX","4993806","4994032","chrX","3972879","3973105","5","1020927"
"chrX","5009162","5009442","chrX","3988318","3988594","12","1020844"
"chrX","5014645","5014783","chrX","3993747","3993885","1","1020898"
"chrX","5042841","5043119","chr13","24523841","24524122","68","19481000"
"chrX","5138037","5138166","chr1","69340434","69340564","18","64202397"
"chrX","5169358","5169667","chrX","4219032","4219346","10","950326"
"chrX","5177640","5177938","chrX","4227748","4228078","35","949892"
"chrX","5191466","5191685","chrX","4241627","4241844","4","949839"
"chrX","5227378","5227686","chrX","4277610","4277896","24","949768"
"chrX","5251861","5252166","chrX","4302104","4302409","7","949757"
"chrX","5252400","5252576","chrX","4302643","4302819","0","949757"
"chrX","5314299","5314555","chrX","4033457","4033738","63","1280842"
"chrX","5321194","5321475","chrX","4033457","4033738","2","1287737"
"chrX","5334998","5335296","chr4","154143890","154144178","78","148808892"
"chrX","5368875","5369159","chrX","4068141","4068425","2","1300734"
"chrX","5397801","5398095","chrX","4096604","4096898","5","1301197"
"chrX","5401365","5401647","chr3","42227752","42228018","66","36826387"
"chrX","5424702","5424874","chr9","34604869","34605038","48","29180167"
"chrX","5480990","5481259","chrX","4325123","4325389","15","1155867"
"chrX","5548343","5548510","chrX","4362142","4362316","30","1186201"
"chrX","5556999","5557328","chr14","32086481","32086788","77","26529482"
"chrX","5580347","5580476","chr2","47008719","47008852","35","41428372"
"chrX","5603313","5603439","chr1","128856145","128856265","24","123252832"
"chrX","5623639","5623971","chr1","219033916","219034242","92","213410277"
"chrX","5684693","5684972","chrX","4514465","4514744","6","1170228"
"chrX","5696824","5697116","chrX","4526812","4527103","7","1170012"
"chrX","5701347","5701624","chrX","4531373","4531648","9","1169974"
"chrX","5707905","5708199","chrX","4539796","4540090","4","1168109"
"chrX","5709099","5709377","chrX","4541003","4541279","7","1168096"
"chrX","5724072","5724193","chrX","4555835","4555958","2","1168237"
"chrX","5754406","5754680","chrX","4586185","4586435","29","1168221"
"chrX","5764289","5764587","chr5","72941667","72941963","62","67177378"
"chrX","5764597","5764769","chr13","112135428","112135599","47","106370831"
"chrX","5805474","5805762","chr14","56307674","56307960","43","50502200"
"chrX","5808810","5809045","chr3","83420679","83420919","48","77611869"
"chrX","5810915","5811128","chr10","11054613","11054807","58","5243698"
"chrX","5811154","5811284","chr14","112557401","112557525","24","106746247"
"chrX","5834508","5834801","chrX","4657353","4657647","6","1177155"
"chrX","5920771","5920945","chrX","4746267","4746421","21","1174504"
"chrX","6230986","6231302","chrX","5046629","5046944","6","1184357"
"chrX","6243483","6243802","chrX","5061814","5062133","12","1181669"
"chrX","6258039","6258336","chrX","5074672","5074959","18","1183367"
"chrX","6285074","6285384","chrX","5101877","5102191","11","1183197"
"chrX","6353546","6353889","chrX","5165762","5166098","14","1187784"
"chrX","6624605","6624726","chrX","5398339","5398463","4","1226266"
"chrX","6681967","6682268","chrX","5453729","5454030","10","1228238"
"chrX","6808947","6809247","chr1","44910611","44910915","66","38101664"
"chrX","6816208","6816486","chrX","5591531","5591811","7","1224677"
"chrX","6841849","6842000","chr4","125757851","125758004","29","118916002"
"chrX","7051295","7051588","chrX","5812382","5812689","19","1238913"
"chrX","7100837","7101111","chrX","5876403","5876699","30","1224434"
"chrX","7142273","7142587","chrX","5917653","5917968","5","1224620"
"chrX","7371666","7371819","chr3","38426461","38426617","31","31054795"
"chrX","7382726","7382878","chrX","6098365","6098516","4","1284361"
"chrX","7385192","7385323","chr7","79786298","79786429","24","72401106"
"chrX","7397407","7397457","chrX","6112648","6112698","1","1284759"
"chrX","7474136","7474433","chrX","6189056","6189353","2","1285080"
"chrX","7483627","7483930","chrX","6198537","6198838","7","1285090"
"chrX","7485808","7485930","chrX","6200750","6200860","17","1285058"
"chrX","7727108","7727344","chrX","6507978","6508214","2","1219130"
"chrX","7746634","7746937","chrX","6527048","6527347","12","1219586"
"chrX","7768544","7768833","chrX","6548876","6549165","5","1219668"
"chrX","7781881","7782146","chrX","6562560","6562825","3","1219321"
"chrX","7814423","7814567","chr10","28113068","28113208","24","20298645"
"chrX","7814871","7815053","chr9","32503887","32504057","32","24689016"
"chrX","7824989","7825151","chrX","6606480","6606642","3","1218509"
"chrX","7833471","7833722","chrX","6615300","6615554","7","1218171"
"chrX","7851568","7851863","chrX","6633386","6633678","7","1218182"
"chrX","7859492","7859633","chr3","149948194","149948328","28","142088702"
"chrX","7859946","7860121","chr6","124853098","124853260","40","116993152"
"chrX","7878509","7878637","chrX","6670368","6670505","11","1208141"
"chrX","7880945","7881074","chrX","6672815","6672947","5","1208130"
"chrX","7881082","7881374","chrX","6672952","6673267","28","1208130"
"chrX","7889149","7889418","chrX","6680973","6681243","8","1208176"
"chrX","7911316","7911438","chrX","6702270","6702392","1","1209046"
"chrX","7914025","7914325","chrX","6705054","6705318","40","1208971"
"chrX","7918615","7918937","chrX","6709616","6709934","6","1208999"
"chrX","7929903","7930203","chrX","6721213","6721532","24","1208690"
"chrX","7948713","7949021","chrX","6740602","6740905","11","1208111"
"chrX","7957728","7958026","chrX","6749711","6749998","18","1208017"
"chrX","7972725","7973033","chr18","14112464","14112742","63","6139739"
"chrX","7975700","7976002","chrX","6770292","6770594","2","1205408"
"chrX","7979595","7979852","chrX","6774202","6774459","2","1205393"
"chrX","8009697","8010000","chrX","6804240","6804543","2","1205457"
"chrX","8010529","8010830","chrX","6805070","6805369","8","1205459"
"chrX","8010986","8011290","chrX","6805525","6805833","12","1205461"
"chrX","8100895","8101199","chrX","6898162","6898461","26","1202733"
"chrX","8129306","8129631","chrX","6926575","6926900","4","1202731"
"chrX","8139427","8139720","chrX","6936663","6936948","17","1202764"
"chrX","8156092","8156108","chr7","131755732","131755746","8","123599640"
"chrX","8156423","8156587","chrX","6953658","6953818","8","1202765"
"chrX","8162118","8162413","chrX","6959346","6959641","5","1202772"
"chrX","8167501","8167623","chrX","6964707","6964829","1","1202794"
"chrX","8198696","8199019","chrX","6993203","6993530","14","1205493"
"chrX","8208094","8208366","chr4","4845865","4846145","56","3362229"
"chrX","8219618","8219912","chrX","7016025","7016310","15","1203593"
"chrX","8219913","8220170","chrX","7016311","7016568","3","1203602"
"chrX","8225068","8225327","chrX","7021462","7021721","6","1203606"
"chrX","8226694","8226836","chr14","68328564","68328702","30","60101870"
"chrX","8227144","8227310","chr11","52925931","52926094","46","44698787"
"chrX","8251344","8251582","chr8","72520290","72520506","69","64268946"
"chrX","8252447","8252723","chr16","56648175","56648447","52","48395728"
"chrX","8263969","8264261","chrX","7060179","7060471","17","1203790"
"chrX","8324320","8324653","chrX","7120509","7120844","7","1203811"
"chrX","8333236","8333396","chr11","106488480","106488621","40","98155244"
"chrX","8340847","8340972","chrX","7137360","7137485","3","1203487"
"chrX","8341598","8341904","chrX","7138109","7138415","10","1203489"
"chrX","8358368","8358501","chrX","7155135","7155268","2","1203233"
"chrX","8365005","8365132","chrX","7161784","7161911","0","1203221"
"chrX","8378941","8379105","chr13","83684025","83684195","29","75305084"
"chrX","8379131","8379231","chr8","28672109","28672213","23","20292978"
"chrX","8392945","8393249","chrX","7189990","7190297","8","1202955"
"chrX","8413946","8414260","chrX","7211787","7212118","55","1202159"
"chrX","8419146","8419428","chrX","7218593","7218892","21","1200553"
"chrX","8438322","8438484","chrX","7238222","7238344","42","1200100"
"chrX","8443933","8444204","chrX","7243771","7244042","8","1200162"
"chrX","8444468","8444610","chrX","127684047","127684176","37","119239579"
"chrX","8444658","8444777","chr1","29168719","29168840","20","20724061"
"chrX","8516434","8516717","chrX","7315882","7316170","11","1200552"
"chrX","8549438","8549752","chrX","7348870","7349177","23","1200568"
"chrX","8579238","8579526","chrX","7378389","7378676","8","1200849"
"chrX","8583459","8583709","chrX","7382632","7382881","5","1200827"
"chrX","8604136","8604438","chrX","7403285","7403574","38","1200851"
"chrX","8609804","8609948","chrX","7410275","7410419","2","1199529"
"chrX","8635557","8635856","chr8","95748396","95748695","53","87112839"
"chrX","8645864","8646011","chr1","56449613","56449753","48","47803749"
"chrX","8646054","8646172","chr4","42189874","42189990","23","33543820"
"chrX","8654558","8654765","chr6","170954100","170954318","48","162299542"
"chrX","8676547","8676814","chr3","160092882","160093152","68","151416335"
"chrX","8726629","8726947","chr4","153377554","153377856","67","144650925"
"chrX","8776086","8776377","chrX","7574999","7575300","21","1201087"
"chrX","8855219","8855509","chrX","7655804","7656093","10","1199415"
"chrX","8992743","8993055","chr8","9836820","9837122","61","844077"
"chrX","9011382","9011671","chrX","7818870","7819158","4","1192512"
"chrX","9089899","9090205","chrX","7897726","7898029","6","1192173"
"chrX","9118553","9118864","chrX","7929581","7929885","7","1188972"
"chrX","9222350","9222519","chr4","42512390","42512552","32","33290040"
"chrX","9392085","9392352","chrX","8207945","8208212","6","1184140"
"chrX","9796739","9796997","chrX","8637817","8638092","21","1158922"
"chrX","9798903","9799184","chrX","8640012","8640300","16","1158891"
"chrX","9911356","9911634","chr20","65898543","65898818","62","55987187"
"chrX","9972186","9972484","chrX","8748371","8748672","6","1223815"
"chrX","10072621","10072956","chrX","8848677","8849003","22","1223944"
"chrX","10136710","10136818","chr9","66616495","66616597","29","56479785"
"chrX","10200255","10200602","chrX","8976606","8976933","23","1223649"
"chrX","10346035","10346306","chrX","9125506","9125795","19","1220529"
"chrX","10352217","10352352","chrX","9131602","9131729","9","1220615"
"chrX","10452832","10453066","chrX","9239178","9239412","2","1213654"
"chrX","10599088","10599380","chrX","9393391","9393683","5","1205697"
"chrX","10693764","10693899","chrX","9496835","9496959","14","1196929"
"chrX","10715450","10715581","chrX","9518277","9518408","1","1197173"
"chrX","10720917","10721203","chrX","9523721","9524007","6","1197196"
"chrX","10734913","10735225","chrX","9537595","9537907","3","1197318"
"chrX","10736296","10736421","chrX","9538965","9539090","0","1197331"
"chrX","10737347","10737662","chrX","9539705","9540022","8","1197642"
"chrX","10799813","10800121","chrX","9602289","9602609","15","1197524"
"chrX","10811716","10812007","chrX","9614145","9614452","18","1197571"
"chrX","10820638","10820914","chrX","9623450","9623726","5","1197188"
"chrX","11053539","11053673","chr1","69340434","69340564","22","58286895"
"chrX","11104821","11104948","chr20","10415874","10415996","16","688947"
"chrX","11105255","11105325","chr6","169377867","169377942","23","158272612"
"chrX","11239640","11239929","chrX","10050134","10050422","2","1189506"
"chrX","11251235","11251471","chrX","10061458","10061698","10","1189777"
"chrX","11294145","11294435","chrX","10105024","10105314","1","1189121"
"chrX","11382712","11382970","chrX","10194984","10195290","51","1187728"
"chrX","11428177","11428475","chrX","10240462","10240758","8","1187715"
"chrX","11464836","11464989","chrX","10270418","10270571","0","1194418"
"chrX","11491025","11491151","chrX","10296991","10297113","8","1194034"
"chrX","11501345","11501622","chrX","10307703","10307980","2","1193642"
"chrX","11525246","11525423","chr8","98260927","98261097","34","86735681"
"chrX","11525741","11525875","chr3","161233673","161233808","20","149707932"
"chrX","11546154","11546468","chrX","10354230","10354528","17","1191924"
"chrX","11594041","11594178","chrX","10403281","10403418","1","1190760"
"chrX","11627604","11627732","chrX","10436162","10436292","3","1191442"
"chrX","11695248","11695548","chrX","10504865","10505166","8","1190383"
"chrX","11827287","11827606","chrX","10665041","10665360","3","1162246"
"chrX","11831626","11831911","chrX","10669371","10669654","7","1162255"
"chrX","11977981","11978235","chrX","10816214","10816456","16","1161767"
"chrX","12021544","12021848","chr11","46631266","46631567","63","34609722"
"chrX","12038884","12039166","chrX","10871376","10871658","3","1167508"
"chrX","12078472","12078752","chrX","10910650","10910930","3","1167822"
"chrX","12184361","12184677","chrX","11001314","11001626","7","1183047"
"chrX","12188472","12188774","chrX","11005420","11005721","3","1183052"
"chrX","12314659","12314950","chrX","11136157","11136440","16","1178502"
"chrX","12321569","12321873","chrX","11143058","11143358","11","1178511"
"chrX","12355691","12355993","chrX","11177145","11177447","5","1178546"
"chrX","12370982","12371269","chrX","11192900","11193201","17","1178082"
"chrX","12383458","12383725","chr20","62978654","62978920","62","50595196"
"chrX","12396408","12396700","chrX","11215295","11215587","3","1181113"
"chrX","12406406","12406716","chrX","11225454","11225764","10","1180952"
"chrX","12474055","12474346","chrX","11290841","11291132","7","1183214"
"chrX","12483045","12483075","chr3","34830580","34830605","8","22347535"
"chrX","12483462","12483572","chr8","10339677","10339786","17","2143785"
"chrX","12484533","12484826","chrX","11301134","11301427","6","1183399"
"chrX","12580613","12580924","chr2","163807549","163807855","57","151226936"
"chrX","13031408","13031682","chrX","11859598","11859874","5","1171810"
"chrX","13236053","13236188","chrX","12078736","12078868","4","1157317"
"chrX","13237196","13237322","chrX","12079876","12080002","2","1157320"
"chrX","13388779","13389072","chrX","12236008","12236303","3","1152771"
"chrX","13394712","13394851","chrX","12242300","12242441","2","1152412"
"chrX","13661910","13662183","chrX","12516812","12517086","5","1145098"
"chrX","13760885","13761167","chrX","12613073","12613355","4","1147812"
"chrX","13831659","13831959","chrX","12682677","12682971","12","1148982"
"chrX","13871073","13871386","chrX","12721892","12722207","7","1149181"
"chrX","14034490","14034802","chrX","12887718","12888030","13","1146772"
"chrX","14075068","14075322","chrX","12928176","12928427","10","1146892"
"chrX","14117367","14117465","chr5","33516778","33516874","20","19399411"
"chrX","14117517","14117547","chr5","135579984","135580014","5","121462467"
"chrX","14146357","14146666","chrX","12986820","12987130","8","1159537"
"chrX","14178616","14178913","chr2","149625913","149626199","68","135447297"
"chrX","14207774","14208064","chrX","13079679","13079969","7","1128095"
"chrX","14215796","14215956","chrX","13088004","13088128","38","1127792"
"chrX","14216598","14216777","chr15","59333320","59333502","35","45116722"
"chrX","14240233","14240400","chrX","13114735","13114902","5","1125498"
"chrX","14275583","14275779","chrX","13150515","13150678","34","1125068"
"chrX","14305906","14306152","chrX","13181335","13181609","34","1124571"
"chrX","14321002","14321282","chrX","13196695","13196977","9","1124307"
"chrX","14326536","14326831","chrX","13202211","13202506","2","1124325"
"chrX","14329967","14330057","chr11","17154769","17154863","22","2824802"
"chrX","14332385","14332687","chrX","13208370","13208671","8","1124015"
"chrX","14351899","14352163","chrX","13228086","13228350","3","1123813"
"chrX","14361204","14361343","chrX","13238942","13239081","4","1122262"
"chrX","14369335","14369644","chrX","13247278","13247587","5","1122057"
"chrX","14406414","14406693","chrX","13285098","13285377","7","1121316"
"chrX","14426928","14427228","chr11","46631266","46631567","57","32204338"
"chrX","14454089","14454235","chrX","13334061","13334207","4","1120028"
"chrX","14502722","14502855","chrX","13384446","13384579","2","1118276"
"chrX","14504143","14504433","chrX","13385863","13386158","8","1118280"
"chrX","14733931","14734101","chr2","98286411","98286594","51","83552480"
"chrX","14845832","14845992","chrX","13728541","13728701","1","1117291"
"chrX","14856271","14856419","chrX","13738679","13738826","1","1117592"
"chrX","14970203","14970338","chrX","13852282","13852418","4","1117921"
"chrX","15070937","15071187","chrX","13959473","13959722","8","1111464"
"chrX","15085903","15086099","chrX","13975618","13975814","4","1110285"
"chrX","15102568","15102686","chr4","15201468","15201584","15","98900"
"chrX","15102722","15102782","chr1","162445792","162445846","16","147343070"
"chrX","15112581","15112886","chr11","129965264","129965565","60","114852683"
"chrX","15114370","15114646","chr19","16307678","16307959","50","1193308"
"chrX","15122276","15122563","chr11","119333770","119334052","71","104211494"
"chrX","15133245","15133539","chr7","112453791","112454077","62","97320546"
"chrX","15145351","15145639","chr4","112787458","112787750","60","97642107"
"chrX","15147058","15147363","chrX","16790369","16790672","52","1643311"
"chrX","15167997","15168265","chr1","213503592","213503853","46","198335595"
"chrX","15172078","15172384","chr4","150679269","150679573","58","135507191"
"chrX","15190642","15190712","chr4","128298881","128298948","13","113108239"
"chrX","15208393","15208516","chr1","52522560","52522684","17","37314167"
"chrX","15208557","15208626","chr10","13991449","13991512","16","1217108"
"chrX","15208963","15209085","chr13","13355602","13355715","27","1853361"
"chrX","15220258","15220563","chrX","13993952","13994247","12","1226306"
"chrX","15224850","15225144","chrX","13999479","13999767","16","1225371"
"chrX","15231259","15231551","chr9","1974759","1975056","70","13256500"
"chrX","15254108","15254222","chrX","14029906","14030020","3","1224202"
"chrX","15258136","15258218","chrX","14033950","14034032","1","1224186"
"chrX","15285352","15285632","chrX","14061030","14061312","4","1224322"
"chrX","15286553","15286681","chrX","14062224","14062352","6","1224329"
"chrX","15305023","15305270","chrX","14079053","14079302","6","1225970"
"chrX","15328460","15328742","chrX","14107210","14107491","4","1221250"
"chrX","15334784","15335072","chrX","14103747","14104023","19","1231037"
"chrX","15337995","15338304","chrX","14112822","14113128","7","1225173"
"chrX","15363164","15363456","chr11","46631266","46631567","51","31268102"
"chrX","15377784","15378089","chrX","14153951","14154255","7","1223833"
"chrX","15441769","15442057","chrX","14224001","14224289","5","1217768"
"chrX","15442492","15442801","chrX","14224732","14225035","15","1217760"
"chrX","15446997","15447285","chrX","14229260","14229558","14","1217737"
"chrX","15449743","15450047","chrX","14232011","14232315","5","1217732"
"chrX","15587891","15588209","chrX","14372387","14372703","9","1215504"
"chrX","15649567","15649873","chrX","14440849","14441159","13","1208718"
"chrX","15703225","15703516","chrX","14504645","14504942","11","1198580"
"chrX","15784562","15784692","chrX","14594029","14594161","5","1190533"
"chrX","15808355","15808610","chr6","151344494","151344766","58","135536139"
"chrX","15932267","15932450","chr4","27921700","27921886","50","11989433"
"chrX","15966190","15966369","chrX","14777073","14777252","3","1189117"
"chrX","15968701","15969006","chrX","14779590","14779895","6","1189111"
"chrX","15971186","15971498","chrX","14782071","14782366","21","1189115"
"chrX","16049958","16050125","chr11","122865449","122865606","30","106815491"
"chrX","16054938","16054986","chr3","45659317","45659361","17","29604379"
"chrX","16055042","16055321","chrX","14853209","14853511","27","1201833"
"chrX","16069881","16070202","chrX","14868054","14868371","8","1201827"
"chrX","16151211","16151383","chrX","14951094","14951266","5","1200117"
"chrX","16372703","16372975","chrX","15172807","15173085","9","1199896"
"chrX","16513241","16513540","chrX","15310547","15310844","9","1202694"
"chrX","16573511","16573811","chrX","15390712","15391012","8","1182799"
"chrX","16576992","16577292","chrX","15387235","15387531","8","1189757"
"chrX","16630890","16631154","chrX","15444747","15445011","1","1186143"
"chrX","16755394","16755526","chr10","68306523","68306652","24","51551129"
"chrX","16755813","16755840","chr5","36815503","36815527","7","20059690"
"chrX","16825223","16825522","chrX","15631439","15631756","61","1193784"
"chrX","16825530","16825704","chr19","1711962","1712133","29","15113568"
"chrX","16826595","16826904","chrX","15632662","15632972","11","1193933"
"chrX","16834595","16834915","chrX","15640678","15641001","15","1193917"
"chrX","16838667","16838948","chrX","15644428","15644709","5","1194239"
"chrX","16846882","16847177","chrX","15652558","15652853","4","1194324"
"chrX","16856589","16856744","chrX","15665078","15665231","2","1191511"
"chrX","16858021","16858155","chr1","38250718","38250853","23","21392697"
"chrX","16863385","16863656","chrX","15671510","15671786","17","1191875"
"chrX","16866829","16867020","chrX","15675587","15675758","20","1191242"
"chrX","16907465","16907753","chrX","15727803","15728088","5","1179662"
"chrX","16915510","16915806","chrX","15722654","15722950","4","1192856"
"chrX","16952918","16953206","chrX","15760140","15760425","9","1192778"
"chrX","17014411","17014693","chrX","15822770","15823052","4","1191641"
"chrX","17014694","17014824","chrX","15823053","15823178","6","1191641"
"chrX","17055502","17055790","chrX","15863818","15864105","2","1191684"
"chrX","17096503","17096737","chrX","15903175","15903430","35","1193328"
"chrX","17141867","17142183","chrX","15949565","15949871","16","1192302"
"chrX","17227008","17227315","chrX","16034843","16035149","7","1192165"
"chrX","17239574","17239819","chrX","16047423","16047667","5","1192151"
"chrX","17253477","17253755","chrX","16061666","16061948","11","1191811"
"chrX","17317428","17317697","chrX","16129839","16130109","13","1187589"
"chrX","17323341","17323651","chrX","16135299","16135609","5","1188042"
"chrX","17349083","17349202","chr7","49244730","49244846","13","31895647"
"chrX","17351957","17352083","chr1","55963235","55963363","18","38611278"
"chrX","17352448","17352586","chr12","62153504","62153640","31","44801056"
"chrX","17358946","17359240","chrX","16172419","16172736","25","1186527"
"chrX","17359267","17359295","chr16","31975848","31975874","8","14616581"
"chrX","17376649","17376948","chrX","16190202","16190501","2","1186447"
"chrX","17427189","17427483","chrX","16241049","16241340","11","1186140"
"chrX","17457096","17457379","chrX","16271453","16271739","12","1185643"
"chrX","17459651","17459955","chrX","16273915","16274218","3","1185736"
"chrX","17513479","17513731","chrX","16318071","16318322","11","1195408"
"chrX","17585041","17585343","chr3","150694094","150694393","53","133109053"
"chrX","17597671","17597967","chrX","16400386","16400678","14","1197285"
"chrX","17612251","17612520","chr11","6322372","6322638","66","11289879"
"chrX","17620635","17620969","chrX","16418405","16418716","27","1202230"
"chrX","17711999","17712294","chrX","16501355","16501650","7","1210644"
"chrX","17760561","17760869","chrX","16549066","16549360","18","1211495"
"chrX","17780650","17780962","chrX","16569102","16569392","29","1211548"
"chrX","17800193","17800304","chr1","163275712","163275823","18","145475519"
"chrX","17848157","17848444","chrX","16627071","16627386","31","1221086"
"chrX","17869615","17869912","chrX","16646772","16647069","4","1222843"
"chrX","17879473","17879760","chrX","16656614","16656901","3","1222859"
"chrX","17895083","17895358","chr17","30424179","30424439","80","12529096"
"chrX","17909096","17909395","chrX","16676587","16676880","10","1232509"
"chrX","17936189","17936353","chrX","16706870","16707030","4","1229319"
"chrX","17978484","17978766","chrX","16747348","16747624","9","1231136"
"chrX","17985799","17986048","chrX","16754313","16754568","9","1231486"
"chrX","17986124","17986396","chrX","16754615","16754905","21","1231509"
"chrX","17993131","17993269","chrX","16758741","16758894","19","1234390"
"chrX","17994577","17994860","chr14","56307674","56307960","50","38313097"
"chrX","18023563","18023869","chrX","16790369","16790672","7","1233194"
"chrX","18058795","18059094","chrX","16824149","16824449","10","1234646"
"chrX","18073687","18073976","chrX","16839101","16839390","5","1234586"
"chrX","18111761","18112057","chrX","16876566","16876861","3","1235195"
"chrX","18123226","18123529","chrX","16888190","16888493","9","1235036"
"chrX","18127294","18127578","chrX","16892240","16892523","7","1235054"
"chrX","18128879","18128999","chr13","116305428","116305549","39","98176549"
"chrX","18129292","18129443","chr13","24670871","24671024","25","6541579"
"chrX","18196983","18197290","chrX","16961555","16961838","24","1235428"
"chrX","18214464","18214779","chrX","16978626","16978944","9","1235838"
"chrX","18281708","18281872","chr6","125911267","125911421","38","107629559"
"chrX","18282173","18282336","chr3","38426461","38426617","31","20144288"
"chrX","18285668","18285978","chrX","17051591","17051895","18","1234077"
"chrX","18296423","18296719","chr8","26657147","26657445","55","8360724"
"chrX","18317880","18318232","chrX","17079365","17079723","14","1238515"
"chrX","18332978","18333143","chr7","46370913","46371074","28","28037935"
"chrX","18336183","18336478","chr19","13575674","13575983","70","4760509"
"chrX","18367151","18367458","chrX","17128213","17128520","5","1238938"
"chrX","18399127","18399392","chrX","17160599","17160865","7","1238528"
"chrX","18408250","18408383","chr2","172607160","172607293","21","154198910"
"chrX","18425726","18425929","chr3","160869544","160869724","49","142443818"
"chrX","18425931","18426176","chrX","17186806","17187100","52","1239125"
"chrX","18467072","18467361","chrX","17226934","17227250","30","1240138"
"chrX","18471412","18471535","chrX","17231303","17231426","3","1240109"
"chrX","18472303","18472562","chrX","17232567","17232822","9","1239736"
"chrX","18515882","18516158","chrX","17278379","17278655","8","1237503"
"chrX","18535681","18535962","chrX","17298302","17298583","4","1237379"
"chrX","18553911","18554218","chrX","17316128","17316449","19","1237783"
"chrX","18627006","18627326","chr3","5358985","5359294","58","13268021"
"chrX","18644110","18644427","chrX","17408047","17408367","9","1236063"
"chrX","18665144","18665422","chrX","17429402","17429680","2","1235742"
"chrX","18715096","18715379","chrX","17477942","17478226","6","1237154"
"chrX","18745326","18745625","chrX","17508325","17508629","11","1237001"
"chrX","18772422","18772711","chrX","17536211","17536502","8","1236211"
"chrX","18874545","18874709","chrX","17629540","17629701","10","1245005"
"chrX","18896878","18897130","chr12","65771313","65771558","67","46874435"
"chrX","19045324","19045471","chrX","17808836","17808983","2","1236488"
"chrX","19088263","19088594","chrX","17859774","17860093","15","1228489"
"chrX","19088829","19089117","chrX","17860328","17860616","5","1228501"
"chrX","19151854","19151983","chr7","5844580","5844712","21","13307274"
"chrX","19193269","19193425","chr9","99891","100046","28","19093378"
"chrX","19284417","19284725","chrX","18068287","18068596","2","1216130"
"chrX","19712647","19712889","chrX","18512733","18512975","5","1199914"
"chrX","19895508","19895785","chrX","18682794","18683081","18","1212714"
"chrX","20261341","20261638","chrX","19056258","19056555","0","1205083"
"chrX","20288576","20288850","chr11","98304169","98304440","48","78015593"
"chrX","20358475","20358783","chrX","19147500","19147807","10","1210975"
"chrX","20367797","20367955","chr3","38426461","38426617","29","18058664"
"chrX","20368017","20368125","chr1","129685425","129685545","23","109317408"
"chrX","20375348","20375646","chrX","19164461","19164759","7","1210887"
"chrX","20382179","20382476","chrX","19171578","19171875","4","1210601"
"chrX","20391444","20391745","chrX","19181582","19181890","10","1209862"
"chrX","20392612","20392900","chrX","19177512","19177800","5","1215100"
"chrX","20633698","20633978","chrX","19430192","19430472","4","1203506"
"chrX","20640026","20640149","chrX","19436546","19436669","1","1203480"
"chrX","20670854","20670956","chr3","127345843","127345940","27","106674989"
"chrX","20679147","20679445","chrX","19476754","19477052","5","1202393"
"chrX","20811560","20811900","chr4","8306687","8307005","76","12504873"
"chrX","20889698","20890027","chrX","19692370","19692699","6","1197328"
"chrX","21205126","21205340","chrX","634227","634435","56","20570899"
"chrX","21259590","21259898","chrX","20065421","20065724","26","1194169"
"chrX","21460472","21460747","chrX","20274266","20274543","9","1186206"
"chrX","21554450","21554577","chrX","20368300","20368427","4","1186150"
"chrX","21737208","21737375","chrX","20555504","20555664","13","1181704"
"chrX","21868128","21868447","chrX","20692559","20692883","8","1175569"
"chrX","21926826","21927121","chr2","144697481","144697780","48","122770655"
"chrX","22007604","22007780","chr18","16422268","16422443","38","5585336"
"chrX","22055814","22056125","chrX","20906796","20907104","8","1149018"
"chrX","22063948","22064079","chr2","184394372","184394502","20","162330424"
"chrX","22129982","22130301","chrX","20982535","20982841","19","1147447"
"chrX","22131738","22131867","chrX","20984585","20984714","1","1147153"
"chrX","22137850","22137996","chrX","20990635","20990781","0","1147215"
"chrX","22155641","22155963","chrX","21010902","21011206","24","1144739"
"chrX","22171845","22172140","chrX","21026805","21027100","3","1145040"
"chrX","22172217","22172354","chr13","84186763","84186895","25","62014546"
"chrX","22172654","22172817","chr1","148172962","148173123","35","126000308"
"chrX","22173404","22173702","chrX","21028371","21028655","26","1145033"
"chrX","22176217","22176341","chr6","74502016","74502139","18","52325799"
"chrX","22221719","22221871","chr3","162621779","162621932","33","140400060"
"chrX","22222166","22222331","chr4","126626254","126626416","31","104404088"
"chrX","22222393","22222587","chrX","21075365","21075559","4","1147028"
"chrX","22226057","22226383","chr8","68957990","68958289","83","46731933"
"chrX","22228673","22228991","chrX","21076990","21077308","6","1151683"
"chrX","22244279","22244400","chrX","21089462","21089583","3","1154817"
"chrX","22271777","22271910","chrX","21112005","21112136","5","1159772"
"chrX","22283115","22283381","chrX","21122153","21122410","12","1160962"
"chrX","22288656","22288935","chrX","21128126","21128408","11","1160530"
"chrX","22325915","22326207","chrX","49546448","49546737","45","27220533"
"chrX","22328835","22329004","chrX","21169841","21170016","10","1158994"
"chrX","22428528","22428800","chrX","21255381","21255651","9","1173147"
"chrX","22435053","22435360","chr15","23504489","23504794","51","1069436"
"chrX","22444609","22444794","chrX","21271507","21271692","3","1173102"
"chrX","22462416","22462535","chr4","19859330","19859446","24","2603086"
"chrX","22494271","22494385","chr3","42935642","42935753","34","20441371"
"chrX","22494691","22494835","chr11","4232259","4232407","40","18262432"
"chrX","22519421","22519713","chrX","21352814","21353125","22","1166607"
"chrX","22575952","22576075","chrX","21402298","21402421","1","1173654"
"chrX","22587013","22587292","chrX","21414430","21414757","54","1172583"
"chrX","22617096","22617403","chrX","21438696","21439001","14","1178400"
"chrX","22653823","22654133","chrX","21482674","21482980","7","1171149"
"chrX","22678350","22678648","chrX","21503083","21503389","13","1175267"
"chrX","22736277","22736541","chr10","82638589","82638857","60","59902312"
"chrX","22792158","22792460","chrX","41965898","41966196","62","19173740"
"chrX","22857762","22858063","chr10","80157680","80157981","66","57299918"
"chrX","22914559","22914739","chr4","151172000","151172165","44","128257441"
"chrX","22953714","22953951","chrX","21773322","21773560","2","1180392"
"chrX","22970186","22970464","chrX","21789708","21789986","9","1180478"
"chrX","23006212","23006521","chr8","127970126","127970433","47","104963914"
"chrX","23395566","23395869","chrX","22212083","22212387","13","1183483"
"chrX","23451118","23451442","chrX","22267962","22268276","16","1183156"
"chrX","23551976","23552265","chrX","22367391","22367679","6","1184585"
"chrX","23586617","23586907","chrX","22404446","22404735","5","1182171"
"chrX","23827448","23827712","chrX","22659352","22659625","17","1168096"
"chrX","24081609","24081902","chrX","22919418","22919715","6","1162191"
"chrX","24214953","24215118","chrX","23057460","23057625","5","1157493"
"chrX","24363113","24363400","chrX","23208289","23208572","13","1154824"
"chrX","25176498","25176819","chrX","24012774","24013085","19","1163724"
"chrX","25315815","25316107","chrX","24158335","24158632","11","1157480"
"chrX","25360529","25360696","chrX","24203522","24203689","3","1157007"
"chrX","25433577","25433865","chr9","113819639","113819934","72","88386062"
"chrX","25436852","25437074","chrX","24280592","24280812","16","1156260"
"chrX","25546687","25546810","chrX","24390330","24390453","5","1156357"
"chrX","25666380","25666541","chrX","24510154","24510315","2","1156226"
"chrX","25763037","25763342","chr1","146908806","146909111","64","121145769"
"chrX","25804204","25804368","chrX","24652417","24652582","4","1151787"
"chrX","25811317","25811568","chrX","24659704","24659955","7","1151613"
"chrX","25813703","25813911","chrX","24662101","24662310","7","1151602"
"chrX","25842741","25843044","chrX","24693535","24693839","6","1149206"
"chrX","25982200","25982334","chrX","24832761","24832888","9","1149439"
"chrX","26097532","26097728","chr14","63372422","63372593","64","37274890"
"chrX","26219909","26220219","chr3","45338899","45339195","58","19118990"
"chrX","26258016","26258257","chrX","25106566","25106808","13","1151450"
"chrX","26707835","26708146","chrX","25592097","25592408","3","1115738"
"chrX","26984372","26984664","chrX","25872465","25872758","2","1111907"
"chrX","27308387","27308674","chrX","26200307","26200597","10","1108080"
"chrX","27345131","27345273","chrX","26238890","26239026","9","1106241"
"chrX","27410155","27410450","chrX","26304159","26304459","16","1105996"
"chrX","27479646","27479768","chr15","59333110","59333230","33","31853464"
"chrX","27816177","27816306","chrX","26699772","26699901","3","1116405"
"chrX","27879854","27880170","chr7","111121159","111121462","68","83241305"
"chrX","27900407","27900705","chrX","26783646","26783944","5","1116761"
"chrX","28001207","28001325","chrX","26886696","26886814","3","1114511"
"chrX","28288842","28289072","chrX","27180173","27180406","11","1108669"
"chrX","28339431","28339795","chr8","92760975","92761309","100","64421544"
"chrX","28746244","28746552","chrX","27640847","27641162","17","1105397"
"chrX","28962137","28962430","chrX","27858502","27858797","10","1103635"
"chrX","29025373","29025669","chrX","27922638","27922932","6","1102735"
"chrX","29036885","29037212","chrX","27934354","27934680","25","1102531"
"chrX","29065313","29065556","chrX","27963391","27963664","45","1101922"
"chrX","29065557","29065597","chrX","142113732","142113770","9","113048175"
"chrX","29065895","29066036","chr1","30077769","30077907","35","1011874"
"chrX","29148685","29148976","chr5","140924729","140925017","55","111776044"
"chrX","29242491","29242673","chrX","28135728","28135910","5","1106763"
"chrX","29254232","29254544","chrX","28147449","28147764","11","1106783"
"chrX","29254809","29255027","chrX","28148029","28148241","10","1106780"
"chrX","29266510","29266869","chr14","69537803","69538123","97","40271293"
"chrX","29362296","29362498","chr1","158727832","158728019","52","129365536"
"chrX","29370778","29371081","chrX","28265031","28265323","16","1105747"
"chrX","29373001","29373293","chrX","28267243","28267536","4","1105758"
"chrX","29402131","29402456","chrX","28296305","28296630","3","1105826"
"chrX","29419465","29419765","chrX","28313742","28314042","5","1105723"
"chrX","29431909","29432046","chrX","28326483","28326607","16","1105426"
"chrX","29528308","29528574","chrX","28423704","28423985","22","1104604"
"chrX","29558506","29558638","chr3","84655379","84655507","22","55096873"
"chrX","29577556","29577857","chrX","28472798","28473099","2","1104758"
"chrX","29621644","29621704","chr10","13991449","13991512","12","15630195"
"chrX","29625666","29625782","chr7","39600335","39600445","23","9974669"
"chrX","29625815","29625982","chr3","43807268","43807431","38","14181453"
"chrX","29678879","29679190","chrX","28574353","28574664","9","1104526"
"chrX","29684155","29684378","chrX","28579634","28579847","14","1104521"
"chrX","29722570","29722717","chrX","28615127","28615274","0","1107443"
"chrX","29887315","29887604","chrX","28771530","28771847","37","1115785"
"chrX","29891891","29892181","chr1","47499591","47499875","68","17607700"
"chrX","29957634","29957779","chr1","55882414","55882558","25","25924780"
"chrX","30026392","30026684","chrX","28910994","28911304","25","1115398"
"chrX","30039998","30040247","chrX","28924405","28924678","30","1115593"
"chrX","30179391","30179697","chrX","29062929","29063238","7","1116462"
"chrX","30700159","30700481","chrX","29589700","29590022","5","1110459"
"chrX","30735475","30735621","chrX","29630941","29631089","3","1104534"
"chrX","30771367","30771641","chrX","29667376","29667689","47","1103991"
"chrX","31074226","31074533","chr19","35455348","35455655","62","4381122"
"chrX","31178688","31178983","chr16","5515111","5515397","67","25663577"
"chrX","31460288","31460603","chrX","30358794","30359109","4","1101494"
"chrX","31605429","31605694","chrX","30498118","30498388","9","1107311"
"chrX","31653317","31653469","chr19","49849768","49849916","33","18196451"
"chrX","31653547","31653668","chr2","27715698","27715815","24","3937849"
"chrX","31851970","31852282","chrX","30750123","30750435","7","1101847"
"chrX","32084913","32085228","chrX","30986652","30986965","5","1098261"
"chrX","32241638","32241899","chrX","31133372","31133638","16","1108266"
"chrX","32422996","32423289","chrX","31316833","31317120","8","1106163"
"chrX","32471604","32471748","chrX","31370837","31370981","2","1100767"
"chrX","32584712","32585017","chrX","31481341","31481654","18","1103371"
"chrX","33065491","33065780","chrX","31969345","31969632","7","1096146"
"chrX","33066573","33066871","chrX","31970411","31970704","11","1096162"
"chrX","33144926","33145100","chrX","32048675","32048837","20","1096251"
"chrX","33403724","33404026","chrX","32308054","32308357","15","1095670"
"chrX","33606325","33606444","chr15","42710936","42711053","25","9104611"
"chrX","33606475","33606599","chr6","166652174","166652293","29","133045699"
"chrX","33655299","33655594","chrX","32558596","32558891","7","1096703"
"chrX","33830273","33830405","chr9","26915565","26915701","28","6914708"
"chrX","34128124","34128417","chr7","30980582","30980870","60","3147542"
"chrX","34206730","34207014","chrX","33115819","33116119","21","1090911"
"chrX","34972891","34973188","chrX","33868926","33869234","14","1103965"
"chrX","35123595","35123905","chrX","34017412","34017710","24","1106183"
"chrX","35601976","35602256","chr4","152767670","152767917","72","117165694"
"chrX","35674328","35674457","chr7","5844580","5844712","26","29829748"
"chrX","35832240","35832404","chrX","35845705","35845870","5","13465"
"chrX","35846217","35846338","chrX","35859606","35859721","9","13389"
"chrX","35885153","35885451","chrX","35898616","35898914","3","13463"
"chrX","35911677","35911959","chrX","35925385","35925684","20","13708"
"chrX","35979126","35979427","chrX","35992194","35992494","4","13068"
"chrX","36099574","36099890","chr1","29624021","29624313","90","6475553"
"chrX","36389818","36390097","chr11","72177100","72177382","60","35787282"
"chrX","36587802","36588076","chrX","36604447","36604754","40","16645"
"chrX","36639685","36639966","chrX","36655585","36655873","12","15900"
"chrX","36800476","36800765","chrX","36845744","36846035","4","45268"
"chrX","36801895","36802215","chrX","121523147","121523454","60","84721252"
"chrX","36921254","36921391","chr1","34798877","34798999","43","2122377"
"chrX","36921725","36921844","chr2","93711088","93711206","29","56789363"
"chrX","36943586","36943724","chr5","32677518","32677651","23","4266068"
"chrX","36967771","36967897","chr6","1550647","1550777","33","35417124"
"chrX","37009624","37009923","chrX","37057140","37057440","7","47516"
"chrX","37015614","37015901","chrX","37063101","37063387","4","47487"
"chrX","37041276","37041396","chrX","37089102","37089222","2","47826"
"chrX","37114292","37114445","chr8","63434865","63435005","37","26320573"
"chrX","37114475","37114589","chr1","124978448","124978564","15","87863973"
"chrX","37134760","37135059","chrX","37182634","37182933","5","47874"
"chrX","37159735","37160029","chrX","37208050","37208346","8","48315"
"chrX","37197388","37197661","chrX","37241603","37241876","5","44215"
"chrX","37322878","37323170","chrX","37368491","37368788","10","45613"
"chrX","37329021","37329336","chr19","6261077","6261381","72","31067944"
"chrX","37334083","37334334","chrX","37379690","37379964","31","45607"
"chrX","37346139","37346434","chrX","37385002","37385293","8","38863"
"chrX","37347114","37347280","chr1","139501900","139502052","39","102154786"
"chrX","37354497","37354718","chr19","10243497","10243722","41","27111000"
"chrX","37363942","37364090","chrX","37408411","37408580","23","44469"
"chrX","37369699","37369988","chrX","37414163","37414453","8","44464"
"chrX","37375099","37375399","chrX","37418893","37419191","7","43794"
"chrX","37400161","37400465","chrX","37443964","37444276","13","43803"
"chrX","37471316","37471444","chr1","135097790","135097920","18","97626474"
"chrX","37504951","37505259","chrX","37533703","37534011","2","28752"
"chrX","37509442","37509565","chrX","37538199","37538322","1","28757"
"chrX","37546628","37546940","chrX","37573852","37574162","5","27224"
"chrX","37563137","37563424","chrX","37590368","37590652","6","27231"
"chrX","37588224","37588313","chr3","38603065","38603153","20","1014841"
"chrX","37645607","37645785","chr19","7500807","7500981","32","30144800"
"chrX","37649681","37649905","chrX","37679005","37679229","6","29324"
"chrX","37703154","37703444","chr9","15305530","15305824","63","22397624"
"chrX","37750903","37751039","chrX","37780058","37780194","3","29155"
"chrX","37766124","37766301","chrX","37795431","37795609","3","29307"
"chrX","37770585","37770875","chrX","37799876","37800160","13","29291"
"chrX","37773271","37773427","chr1","72125793","72125930","38","34352522"
"chrX","37773742","37773878","chr1","21628432","21628567","24","16145310"
"chrX","37801849","37802175","chrX","37831918","37832239","13","30069"
"chrX","37804926","37805066","chrX","37835034","37835172","26","30108"
"chrX","37852841","37852965","chrX","37882677","37882794","8","29836"
"chrX","37878129","37878419","chrX","37908375","37908665","7","30246"
"chrX","37894915","37895167","chrX","37924840","37925091","3","29925"
"chrX","37911696","37911874","chrX","37942111","37942320","32","30415"
"chrX","38070870","38071175","chrX","38105084","38105398","13","34214"
"chrX","38073823","38073833","chr6","128359960","128359970","4","90286137"
"chrX","38073879","38073997","chrX","38109133","38109250","4","35254"
"chrX","38139927","38140231","chrX","38176118","38176427","12","36191"
"chrX","38148999","38149302","chrX","38185753","38186056","3","36754"
"chrX","38164649","38164813","chrX","38202905","38203083","15","38256"
"chrX","38177480","38177784","chrX","38217637","38217936","12","40157"
"chrX","38208686","38208828","chrX","38249902","38250045","3","41216"
"chrX","38338339","38338638","chrX","38371312","38371609","4","32973"
"chrX","38341020","38341183","chrX","38373984","38374147","2","32964"
"chrX","38355634","38355774","chrX","38388383","38388524","2","32749"
"chrX","38379334","38379507","chrX","38413058","38413222","10","33724"
"chrX","38431627","38431914","chrX","38461680","38461967","5","30053"
"chrX","38431915","38432043","chrX","38461974","38462095","7","30059"
"chrX","38432895","38433130","chrX","38462943","38463181","7","30048"
"chrX","38447975","38448275","chrX","38470230","38470530","6","22255"
"chrX","38448683","38448784","chr1","12369570","12369667","10","26079113"
"chrX","38449124","38449155","chr1","68077163","68077192","8","29628039"
"chrX","38476878","38477181","chrX","38498795","38499096","9","21917"
"chrX","38498131","38498441","chrX","38523707","38524014","19","25576"
"chrX","38503399","38503523","chr1","113417615","113417737","16","74914216"
"chrX","38504948","38505253","chrX","38531477","38531764","23","26529"
"chrX","38547075","38547289","chrX","38566191","38566405","5","19116"
"chrX","38563573","38563863","chrX","38576860","38577154","9","13287"
"chrX","38564745","38565037","chrX","38578055","38578352","8","13310"
"chrX","38590067","38590345","chrX","38603129","38603408","4","13062"
"chrX","38597478","38597636","chr8","97944275","97944427","34","59346797"
"chrX","38597941","38598098","chr7","133612316","133612460","41","95014375"
"chrX","38614547","38614692","chrX","38628139","38628284","2","13592"
"chrX","38618864","38619168","chrX","38632544","38632853","9","13680"
"chrX","38681858","38682125","chr19","14068685","14068947","58","24613173"
"chrX","38693257","38693480","chrX","38709618","38709841","10","16361"
"chrX","38695318","38695458","chrX","38712000","38712149","12","16682"
"chrX","38700992","38701258","chrX","38718774","38719050","15","17782"
"chrX","38742343","38742623","chrX","63721978","63722256","65","24979635"
"chrX","38743541","38743688","chr18","41500568","41500707","37","2757027"
"chrX","38743988","38744122","chr8","75548610","75548745","22","36804622"
"chrX","38768072","38768237","chrX","38779272","38779433","9","11200"
"chrX","38776653","38776959","chrX","38787560","38787866","6","10907"
"chrX","38785856","38786163","chr15","58114777","58115082","50","19328921"
"chrX","38789250","38789552","chrX","38800305","38800602","12","11055"
"chrX","38801126","38801423","chrX","38812167","38812465","6","11041"
"chrX","38810721","38811029","chrX","38822085","38822393","4","11364"
"chrX","38811636","38811762","chr2","62562511","62562642","25","23750875"
"chrX","38816374","38816554","chr19","45053101","45053259","61","6236727"
"chrX","38816835","38816952","chr7","91918197","91918303","28","53101362"
"chrX","38836582","38836882","chrX","38842109","38842410","5","5527"
"chrX","38848871","38848989","chrX","38852154","38852272","5","3283"
"chrX","38885177","38885479","chr4","20504400","20504700","55","18380777"
"chrX","38904574","38904866","chrX","38903472","38903774","14","1102"
"chrX","38905954","38906108","chrX","38904863","38905020","8","1091"
"chrX","38935533","38935819","chrX","38935829","38936117","5","296"
"chrX","38955156","38955446","chrX","38956060","38956349","6","904"
"chrX","38955812","38956131","chrX","38956714","38957035","7","902"
"chrX","38973484","38973614","chr16","47350399","47350530","20","8376915"
"chrX","39495773","39495891","chr8","89839473","89839590","17","50343700"
"chrX","39495920","39496089","chr9","32503887","32504057","30","6992033"
"chrX","39718272","39718569","chrX","39732478","39732781","14","14206"
"chrX","39802326","39802570","chrX","39819228","39819473","10","16902"
"chrX","39867514","39867809","chr9","16139122","16139403","71","23728392"
"chrX","40155610","40155894","chrX","40184924","40185226","25","29314"
"chrX","40165260","40165564","chrX","40200150","40200453","9","34890"
"chrX","40168933","40169237","chrX","40200150","40200453","9","31217"
"chrX","40488720","40488865","chr9","40094196","40094341","25","394524"
"chrX","40585590","40585753","chrX","40636433","40636596","2","50843"
"chrX","40590832","40591126","chrX","40641699","40641993","6","50867"
"chrX","40649091","40649414","chrX","40708996","40709321","9","59905"
"chrX","40658837","40658960","chrX","40718100","40718223","4","59263"
"chrX","40681901","40682215","chrX","40741160","40741475","11","59259"
"chrX","40686936","40687112","chrX","40746183","40746359","6","59247"
"chrX","40861347","40861645","chr14","17130252","17130549","61","23731095"
"chrX","40869329","40869453","chr1","128006569","128006694","18","87137240"
"chrX","40876887","40877197","chr4","86448200","86448512","62","45571313"
"chrX","41050332","41050595","chrX","40898355","40898623","14","151977"
"chrX","41124432","41124710","chrX","40970108","40970417","32","154324"
"chrX","41296692","41296852","chr7","103861941","103862097","32","62565249"
"chrX","41340148","41340460","chrX","41185014","41185295","37","155134"
"chrX","41357710","41358010","chrX","41204279","41204588","15","153431"
"chrX","41510458","41510770","chrX","41355790","41356103","8","154668"
"chrX","41558530","41558826","chrX","41400539","41400837","17","157991"
"chrX","41569902","41570183","chrX","41414032","41414313","2","155870"
"chrX","41586614","41586749","chrX","41431232","41431368","3","155382"
"chrX","41607072","41607192","chrX","41451574","41451695","4","155498"
"chrX","41618672","41618833","chrX","41463385","41463521","27","155287"
"chrX","41628455","41628747","chrX","41473156","41473446","14","155299"
"chrX","41636095","41636395","chrX","41480818","41481118","4","155277"
"chrX","41638036","41638344","chrX","41482758","41483064","10","155278"
"chrX","41666011","41666314","chrX","41510812","41511113","15","155199"
"chrX","41672563","41672736","chrX","41516292","41516457","10","156271"
"chrX","41696705","41697008","chrX","41542566","41542865","14","154139"
"chrX","41706222","41706508","chrX","41551777","41552063","6","154445"
"chrX","41712506","41712798","chrX","41559088","41559380","1","153418"
"chrX","41773314","41773401","chrX","41599641","41599725","4","173673"
"chrX","41776147","41776268","chrX","41609482","41609604","2","166665"
"chrX","41792517","41792740","chrX","41616409","41616632","8","176108"
"chrX","41820816","41821050","chrX","41650970","41651205","2","169846"
"chrX","41821061","41821364","chrX","41651216","41651520","8","169845"
"chrX","41833146","41833308","chrX","41653636","41653796","3","179510"
"chrX","41850661","41850971","chrX","51983819","51984115","60","10133158"
"chrX","41857379","41857655","chrX","41680378","41680640","27","177001"
"chrX","41945799","41946118","chrX","41774909","41775215","33","170890"
"chrX","41968315","41968611","chrX","41789636","41789928","10","178679"
"chrX","41984430","41984726","chrX","41808350","41808648","14","176080"
"chrX","41988092","41988399","chrX","41812016","41812320","11","176076"
"chrX","41999473","41999600","chrX","41825184","41825311","3","174289"
"chrX","42000082","42000350","chrX","41825793","41826061","2","174289"
"chrX","42148125","42148423","chrX","41965898","41966196","6","182227"
"chrX","42292420","42292651","chrX","42109983","42110223","18","182437"
"chrX","42342181","42342299","chr14","20974822","20974939","29","21367359"
"chrX","42352248","42352455","chr8","86271085","86271290","39","43918837"
"chrX","43009529","43009652","chr6","75990624","75990747","17","32981095"
"chrX","43017295","43017590","chrX","42834439","42834740","9","182856"
"chrX","43043004","43043321","chr16","69742060","69742362","72","26699056"
"chrX","43101353","43101667","chrX","42905934","42906244","14","195419"
"chrX","43106063","43106302","chr11","121146983","121147226","52","78040920"
"chrX","43125412","43125659","chrX","42930681","42930927","4","194731"
"chrX","43131101","43131401","chrX","42936371","42936671","12","194730"
"chrX","43135619","43135884","chrX","42941347","42941618","12","194272"
"chrX","43147199","43147493","chr1","9428912","9429200","59","33718287"
"chrX","43196341","43196528","chrX","138059562","138059749","41","94863221"
"chrX","43196820","43196957","chr6","73447417","73447558","27","30250597"
"chrX","43201321","43201481","chrX","43007589","43007749","3","193732"
"chrX","43265508","43265802","chrX","43073767","43074060","9","191741"
"chrX","43304963","43305255","chrX","43116123","43116416","2","188840"
"chrX","43415042","43415344","chrX","43225012","43225324","18","190030"
"chrX","43546278","43546580","chr9","101243889","101244189","56","57697611"
"chrX","43602653","43602950","chrX","43422027","43422313","22","180626"
"chrX","43615831","43616139","chrX","43434498","43434770","47","181333"
"chrX","43652807","43653092","chrX","43471137","43471422","5","181670"
"chrX","43713029","43713153","chrX","43535125","43535248","2","177904"
"chrX","43713164","43713460","chrX","49870196","49870486","53","6157032"
"chrX","43765437","43765731","chrX","43599483","43599761","21","165954"
"chrX","43774667","43774842","chrX","43608635","43608810","4","166032"
"chrX","43777714","43777798","chr3","42618695","42618771","18","1159019"
"chrX","43796801","43797039","chrX","43632007","43632243","3","164794"
"chrX","43828981","43829275","chrX","43664904","43665198","6","164077"
"chrX","43862842","43863011","chrX","43697187","43697343","17","165655"
"chrX","43904694","43904817","chr2","115614490","115614613","14","71709796"
"chrX","43904831","43905090","chrX","43737745","43737987","23","167086"
"chrX","43942830","43943121","chrX","43775466","43775757","6","167364"
"chrX","43997550","43997712","chrX","43821164","43821310","18","176386"
"chrX","44006499","44006691","chr19","9815573","9815748","44","34190926"
"chrX","44006972","44007105","chr19","28554231","28554368","29","15452741"
"chrX","44030199","44030486","chrX","43853697","43853984","2","176502"
"chrX","44042926","44043224","chrX","43866770","43867065","11","176156"
"chrX","44047444","44047742","chrX","43871657","43871951","15","175787"
"chrX","44059200","44059361","chr1","69226039","69226196","26","25166839"
"chrX","44077415","44077603","chr11","98339833","98340014","34","54262418"
"chrX","44084129","44084429","chrX","43907673","43907975","7","176456"
"chrX","44096291","44096592","chrX","43919812","43920113","5","176479"
"chrX","44099239","44099346","chrX","43922555","43922662","3","176684"
"chrX","44099789","44099913","chrX","43923105","43923242","19","176684"
"chrX","44130656","44130982","chrX","43957198","43957502","30","173458"
"chrX","44131352","44131631","chr3","51117555","51117844","68","6986203"
"chrX","44137161","44137472","chrX","43954724","43955042","26","182437"
"chrX","44212655","44212962","chrX","44035297","44035603","8","177358"
"chrX","44218659","44218966","chrX","44041282","44041596","11","177377"
"chrX","44227079","44227241","chrX","44050753","44050902","15","176326"
"chrX","44267359","44267651","chrX","44092342","44092634","22","175017"
"chrX","44272102","44272251","chrX","44097116","44097265","6","174986"
"chrX","44273111","44273255","chr2","68824787","68824929","28","24551676"
"chrX","44273564","44273715","chr8","95267069","95267215","34","50993505"
"chrX","44278102","44278385","chrX","44103449","44103718","21","174653"
"chrX","44281603","44281771","chrX","44106841","44107004","7","174762"
"chrX","44282095","44282256","chrX","44107347","44107472","41","174748"
"chrX","44286774","44287069","chrX","44111951","44112247","8","174823"
"chrX","44289409","44289688","chrX","44114720","44115006","13","174689"
"chrX","44289752","44289771","chr20","49216577","49216598","4","4926825"
"chrX","44329551","44329688","chr7","23195598","23195727","35","21133953"
"chrX","44349275","44349581","chrX","44190880","44191196","14","158395"
"chrX","44443440","44443724","chrX","44285793","44286079","7","157647"
"chrX","44445717","44446002","chrX","44288081","44288375","17","157636"
"chrX","44465023","44465297","chrX","44329360","44329660","31","135663"
"chrX","44480120","44480263","chrX","44305405","44305548","1","174715"
"chrX","44491774","44491905","chrX","44319834","44319965","2","171940"
"chrX","44508026","44508318","chrX","44337155","44337439","14","170871"
"chrX","44517912","44518185","chr9","109480919","109481202","79","64963007"
"chrX","44518367","44518643","chr13","91487561","91487832","56","46969194"
"chrX","44530015","44530300","chrX","44359516","44359809","15","170499"
"chrX","44530418","44530651","chr3","35301517","35301750","58","9228901"
"chrX","44531958","44532121","chr6","72169694","72169858","30","27637736"
"chrX","44534760","44535046","chrX","44360133","44360419","3","174627"
"chrX","44535328","44535629","chrX","44360701","44361006","9","174627"
"chrX","44544157","44544472","chrX","44375040","44375348","11","169117"
"chrX","44547845","44547964","chrX","44379449","44379574","9","168396"
"chrX","44554248","44554368","chrX","44386069","44386189","0","168179"
"chrX","44569674","44569888","chrX","44403060","44403274","4","166614"
"chrX","44574816","44575116","chr2","144697481","144697780","59","100122665"
"chrX","44620104","44620273","chrX","44445744","44445933","22","174360"
"chrX","44641750","44642057","chrX","44468942","44469251","9","172808"
"chrX","44650452","44650611","chr1","55803875","55804033","30","11153423"
"chrX","44703431","44703717","chrX","44532599","44532905","27","170832"
"chrX","44709707","44710041","chrX","44539181","44539514","4","170526"
"chrX","44714254","44714463","chrX","44545943","44546152","3","168311"
"chrX","44727976","44728290","chrX","44560088","44560396","11","167888"
"chrX","44770820","44770990","chr11","122461571","122461737","28","77690751"
"chrX","44771020","44771136","chr7","43354833","43354950","18","1416187"
"chrX","44801738","44801896","chrX","44634522","44634680","1","167216"
"chrX","44833234","44833414","chr8","98047098","98047277","49","53213864"
"chrX","44842813","44843108","chrX","44676234","44676544","25","166579"
"chrX","44861139","44861421","chrX","44694955","44695239","4","166184"
"chrX","44863332","44863647","chr8","47675791","47676095","66","2812459"
"chrX","44889371","44889669","chrX","44724154","44724444","10","165217"
"chrX","44919037","44919181","chrX","44754570","44754714","1","164467"
"chrX","44921393","44921522","chrX","44756932","44757061","1","164461"
"chrX","44992445","44992599","chrX","44827709","44827863","3","164736"
"chrX","45011980","45012142","chrX","44848368","44848530","1","163612"
"chrX","45105539","45105821","chrX","44942339","44942620","5","163200"
"chrX","45124607","45124943","chrX","44972411","44972730","21","152196"
"chrX","45182522","45182639","chr4","30452516","30452633","15","14730006"
"chrX","45201113","45201248","chr14","6774406","6774536","22","38426707"
"chrX","45242377","45242668","chrX","45086442","45086734","3","155935"
"chrX","45244025","45244157","chrX","45088073","45088205","1","155952"
"chrX","45245747","45245881","chrX","45089798","45089928","5","155949"
"chrX","45269022","45269352","chrX","45138281","45138610","13","130741"
"chrX","45273582","45273930","chrX","45142866","45143213","15","130716"
"chrX","45315365","45315504","chr5","16683752","16683891","24","28631613"
"chrX","45318427","45318615","chrX","45149770","45149947","41","168657"
"chrX","45318621","45318768","chr13","117332692","117332823","49","72014071"
"chrX","45318809","45318904","chr18","14167796","14167882","27","31151013"
"chrX","45323750","45324094","chrX","45142866","45143213","38","180884"
"chrX","45336053","45336359","chrX","45450690","45450983","60","114637"
"chrX","45343471","45343728","chr10","35886689","35886964","85","9456782"
"chrX","45349640","45350001","chrX","45188792","45189124","48","160848"
"chrX","45369694","45369993","chrX","45202992","45203292","5","166702"
"chrX","45390368","45390538","chrX","45226047","45226217","2","164321"
"chrX","45395649","45395996","chrX","45231081","45231435","13","164568"
"chrX","45400914","45401248","chrX","45236353","45236687","10","164561"
"chrX","45402855","45402950","chr2","63238756","63238837","30","17835901"
"chrX","45402990","45403109","chr5","121650608","121650725","20","76247618"
"chrX","45428989","45429341","chrX","45420282","45420633","53","8707"
"chrX","45438797","45439077","chrX","45352745","45353019","61","86052"
"chrX","45480363","45480637","chrX","45352745","45353019","6","127618"
"chrX","45482309","45482419","chr2","20346840","20346956","30","25135469"
"chrX","45491494","45491847","chrX","45420282","45420633","40","71212"
"chrX","45510482","45510655","chr5","34267924","34268082","44","11242558"
"chrX","45510963","45511097","chr9","108819500","108819636","18","63308537"
"chrX","45521375","45521614","chrX","45394485","45394725","67","126890"
"chrX","45547839","45548185","chrX","45420282","45420633","14","127557"
"chrX","45557412","45557575","chrX","45429844","45430007","2","127568"
"chrX","45573521","45573814","chrX","45450690","45450983","8","122831"
"chrX","45580124","45580305","chrX","45457197","45457372","20","122927"
"chrX","45636575","45636838","chrX","45511647","45511913","7","124928"
"chrX","45649381","45649671","chrX","45524096","45524385","8","125285"
"chrX","45656231","45656525","chrX","45530434","45530729","6","125797"
"chrX","45658182","45658473","chrX","45532364","45532662","17","125818"
"chrX","45661550","45661694","chrX","45536077","45536221","3","125473"
"chrX","45669154","45669461","chrX","45543890","45544196","21","125264"
"chrX","45670258","45670524","chrX","45544993","45545259","5","125265"
"chrX","45670551","45670841","chrX","45545286","45545577","6","125265"
"chrX","45674644","45674776","chr4","84764886","84765021","15","39090242"
"chrX","45687184","45687493","chrX","45562826","45563137","10","124358"
"chrX","45729531","45729821","chrX","45609417","45609707","3","120114"
"chrX","45744586","45744807","chr16","46682594","46682811","40","938008"
"chrX","45775336","45775477","chrX","45658283","45658424","1","117053"
"chrX","45797555","45797842","chrX","45690444","45690747","24","107111"
"chrX","45805229","45805530","chrX","45681813","45682114","2","123416"
"chrX","45865163","45865460","chrX","45744019","45744316","5","121144"
"chrX","45878619","45878764","chr6","73447417","73447558","27","27568798"
"chrX","45879044","45879068","chr3","34830580","34830605","8","11048464"
"chrX","45879361","45879520","chr11","1490987","1491145","31","44388374"
"chrX","45886936","45887211","chrX","45771478","45771753","1","115458"
"chrX","45890122","45890437","chrX","45774670","45774985","3","115452"
"chrX","45891268","45891562","chr4","71181217","71181507","73","25289949"
"chrX","45895883","45896206","chr9","37630025","37630337","63","8265858"
"chrX","45907359","45907638","chrX","45791840","45792119","5","115519"
"chrX","45925710","45926011","chr17","7125249","7125559","54","38800461"
"chrX","46004468","46004582","chr1","16572037","16572155","27","29432431"
"chrX","46035114","46035396","chrX","45923121","45923403","5","111993"
"chrX","46077798","46078086","chrX","45966373","45966701","41","111425"
"chrX","46203258","46203381","chr20","1606718","1606840","22","44596540"
"chrX","46210528","46210667","chrX","46116698","46116837","5","93830"
"chrX","46222867","46222990","chrX","46124793","46124916","0","98074"
"chrX","46227943","46228110","chrX","46129866","46130033","4","98077"
"chrX","46229799","46229964","chrX","46131732","46131897","1","98067"
"chrX","46240804","46241102","chrX","46142708","46143005","6","98096"
"chrX","46258279","46258553","chrX","46159670","46159928","18","98609"
"chrX","46265778","46266067","JH682906","77851","78145","59","46187927"
"chrX","46266214","46266440","chr2","85923177","85923396","49","39656963"
"chrX","46270692","46270995","chr16","53053211","53053513","63","6782519"
"chrX","46280106","46280467","chr1","55461153","55461519","86","9181047"
"chrX","46281219","46281398","chrX","46179692","46179870","3","101527"
"chrX","46307190","46307498","chrX","46205161","46205469","4","102029"
"chrX","46329386","46329396","chr2","6035060","6035071","4","40294326"
"chrX","46329423","46329533","chrX","46227532","46227642","2","101891"
"chrX","46333206","46333366","chr1","218285367","218285533","42","171952161"
"chrX","46398022","46398228","chrX","46297158","46297364","2","100864"
"chrX","46446428","46446712","chrX","46364667","46364956","10","81761"
"chrX","46454257","46454438","chr7","41826908","41827092","42","4627349"
"chrX","46489446","46489619","chrX","46401085","46401259","6","88361"
"chrX","46560883","46561007","chr3","108978488","108978612","13","62417605"
"chrX","46574676","46574970","chrX","46495460","46495756","4","79216"
"chrX","46674746","46675040","chrX","46609021","46609315","7","65725"
"chrX","46742720","46743010","chrX","46676919","46677208","3","65801"
"chrX","46767152","46767457","chrX","46702044","46702346","9","65108"
"chrX","46781216","46781548","chrX","46716079","46716424","21","65137"
"chrX","46781565","46781838","chrX","46716474","46716743","9","65091"
"chrX","46798703","46799010","chrX","46733934","46734235","13","64769"
"chrX","46843143","46843449","chrX","46778973","46779271","17","64170"
"chrX","46858187","46858460","chrX","46793365","46793619","24","64822"
"chrX","46912205","46912370","chr20","32528779","32528940","37","14383426"
"chrX","46912405","46912524","chr1","114254444","114254562","24","67342039"
"chrX","47009546","47009825","chrX","46959982","46960261","9","49564"
"chrX","47031941","47032231","chr19","41443734","41444023","62","5588207"
"chrX","47131782","47132080","chrX","47093575","47093865","15","38207"
"chrX","47141708","47141992","chrX","47103593","47103897","26","38115"
"chrX","47196601","47196908","chr1","12662590","12662891","63","34534011"
"chrX","47347585","47347877","chrX","47312504","47312796","5","35081"
"chrX","47545089","47545394","chrX","47510005","47510310","8","35084"
"chrX","47623674","47623996","chrX","47591850","47592180","14","31824"
"chrX","47624486","47624708","chrX","47593167","47593389","6","31319"
"chrX","47660522","47660816","chrX","47629297","47629587","8","31225"
"chrX","47670418","47670546","chrX","47639197","47639325","3","31221"
"chrX","47749207","47749520","chrX","47716094","47716407","11","33113"
"chrX","47774876","47775157","chrX","47746225","47746505","8","28651"
"chrX","47875634","47875876","chrX","47898061","47898329","32","22427"
"chrX","48088404","48088682","chrX","48136152","48136430","2","47748"
"chrX","48241616","48241897","chrX","48294099","48294386","12","52483"
"chrX","48259097","48259258","chrX","48311514","48311677","6","52417"
"chrX","48385138","48385421","chrX","48470230","48470513","6","85092"
"chrX","48516301","48516614","chrX","48580724","48581037","3","64423"
"chrX","48521758","48522050","chrX","48586138","48586434","10","64380"
"chrX","48560938","48561274","chr1","12108394","12108727","68","36452544"
"chrX","48614042","48614352","chrX","48679189","48679499","7","65147"
"chrX","48721908","48722198","chrX","48783208","48783498","7","61300"
"chrX","48938257","48938432","chrX","49114611","49114788","8","176354"
"chrX","49000718","49000837","chr2","152260879","152261000","21","103260161"
"chrX","49009236","49009537","chr7","22979531","22979829","83","26029705"
"chrX","49012938","49013167","JH681797","2452","2673","18","49010486"
"chrX","49059857","49060100","chrX","49287969","49288225","27","228112"
"chrX","49062945","49063166","JH681797","2452","2673","5","49060493"
"chrX","49075575","49075690","chr16","73315928","73316044","26","24240353"
"chrX","49075732","49075887","chr11","48139910","48140065","39","935822"
"chrX","49088848","49088982","chr15","69576281","69576414","31","20487433"
"chrX","49089029","49089147","chr16","59118447","59118564","23","10029418"
"chrX","49098693","49098941","chrX","49187691","49187940","7","88998"
"chrX","49120510","49120642","chr16","5305786","5305918","3","43814724"
"chrX","49139555","49139842","chr7","38618901","38619191","51","10520654"
"chrX","49143007","49143154","chrX","49532857","49533004","0","389850"
"chrX","49145636","49145709","chrX","49535485","49535559","2","389849"
"chrX","49151517","49151826","chr2","50898676","50898984","64","1747159"
"chrX","49156871","49157158","chrX","49546448","49546737","8","389577"
"chrX","49165110","49165375","chrX","49554731","49554996","6","389621"
"chrX","49166839","49167133","chrX","49556466","49556749","16","389627"
"chrX","49196826","49197136","chr17","7125249","7125559","48","42071577"
"chrX","49242986","49243271","chrX","49636440","49636725","2","393454"
"chrX","49243779","49244023","chrX","49637233","49637488","14","393454"
"chrX","49246233","49246542","chrX","49639982","49640295","8","393749"
"chrX","49268783","49269087","chrX","49702095","49702404","12","433312"
"chrX","49272452","49272632","chrX","49705621","49705792","10","433169"
"chrX","49281492","49281667","chr2","135492264","135492422","54","86210772"
"chrX","49314069","49314383","chrX","49747118","49747437","13","433049"
"chrX","49318531","49318657","chrX","49751584","49751709","1","433053"
"chrX","49369059","49369365","chrX","49802353","49802645","18","433294"
"chrX","49382481","49382769","chrX","49816114","49816395","12","433633"
"chrX","49425654","49425948","chrX","49864269","49864563","3","438615"
"chrX","49428082","49428259","chr6","69638923","69639100","36","20210841"
"chrX","49428289","49428404","chr4","15201468","15201584","15","34226821"
"chrX","49431131","49431276","chrX","49869730","49869863","16","438599"
"chrX","49431597","49431821","chr9","24585805","24586026","50","24845792"
"chrX","49441027","49441318","chrX","49876909","49877210","22","435882"
"chrX","49447991","49448273","chrX","49884003","49884284","8","436012"
"chrX","49460459","49460769","chrX","49896554","49896862","17","436095"
"chrX","49461332","49461529","chrX","49897747","49897946","7","436415"
"chrX","49476695","49476903","chr9","7489870","7490081","55","41986825"
"chrX","49476945","49477072","chr1","52522560","52522684","19","3045615"
"chrX","49478213","49478521","chrX","49915444","49915783","35","437231"
"chrX","49555079","49555370","chrX","49985268","49985559","4","430189"
"chrX","49560888","49561161","chrX","49992971","49993249","8","432083"
"chrX","49588467","49588594","chrX","50020898","50021025","2","432431"
"chrX","49602569","49602734","chrX","50035324","50035492","12","432755"
"chrX","49604187","49604455","chrX","50037009","50037277","7","432822"
"chrX","49618460","49618649","chrX","50051355","50051528","18","432895"
"chrX","49628194","49628497","chrX","50061717","50062023","15","433523"
"chrX","49629382","49629667","chrX","50062880","50063165","4","433498"
"chrX","49650936","49651263","chrX","50084779","50085121","17","433843"
"chrX","49652101","49652350","chrX","50085963","50086211","4","433862"
"chrX","49652641","49652931","chrX","50086502","50086766","34","433861"
"chrX","49657317","49657452","chrX","50091167","50091302","3","433850"
"chrX","49663491","49663626","chrX","50097363","50097498","1","433872"
"chrX","49694978","49695126","chrX","50129300","50129448","4","434322"
"chrX","49697469","49697760","chrX","50131783","50132074","3","434314"
"chrX","49773304","49773604","chr10","77474646","77474949","56","27701342"
"chrX","49829331","49829632","chrX","50263781","50264079","8","434450"
"chrX","49839631","49839921","chrX","50274180","50274481","14","434549"
"chrX","49852542","49852692","chr5","141861687","141861839","34","92009145"
"chrX","49852722","49852830","chr16","8660067","8660182","19","41192655"
"chrX","50020549","50020823","chrX","50418779","50419059","9","398230"
"chrX","50027591","50027889","chrX","50425272","50425570","2","397681"
"chrX","50112863","50113142","chrX","50493958","50494235","6","381095"
"chrX","50139002","50139141","chr19","43152745","43152884","29","6986257"
"chrX","50139142","50139456","chrX","50521091","50521401","16","381949"
"chrX","50139457","50139624","chrX","11316974","11317137","39","38822483"
"chrX","50143653","50143931","chrX","50525598","50525876","8","381945"
"chrX","50149886","50150152","chrX","50529413","50529681","12","379527"
"chrX","50153237","50153546","chrX","50532315","50532622","4","379078"
"chrX","50164108","50164236","chrX","50543153","50543267","15","379045"
"chrX","50188338","50188649","chrX","50558348","50558651","10","370010"
"chrX","50188650","50188703","chr1","41913866","41913911","12","8274784"
"chrX","50197758","50198021","chrX","50582838","50583101","3","385080"
"chrX","50223985","50224279","chr8","127970126","127970433","60","77746141"
"chrX","50241467","50241765","chrX","50624776","50625057","25","383309"
"chrX","50269504","50269784","chrX","50654791","50655072","7","385287"
"chrX","50280677","50280991","chr7","128914763","128915065","57","78634086"
"chrX","50281549","50281689","chrX","50663976","50664083","33","382427"
"chrX","50342164","50342386","chrX","50732944","50733168","4","390780"
"chrX","50344598","50344864","chrX","50735373","50735637","15","390775"
"chrX","50351272","50351544","chrX","50741662","50741937","6","390390"
"chrX","50372137","50372425","chr4","41621994","41622285","58","8750143"
"chrX","50372481","50372697","chr7","91196468","91196685","50","40823987"
"chrX","50372753","50372969","chr7","91196468","91196685","50","40823715"
"chrX","50373025","50373241","chr7","91196468","91196685","50","40823443"
"chrX","50373297","50373513","chr7","91196468","91196685","50","40823171"
"chrX","50373569","50373785","chr7","91196468","91196685","50","40822899"
"chrX","50373841","50374057","chr7","91196468","91196685","50","40822627"
"chrX","50374113","50374329","chr7","91196468","91196685","50","40822355"
"chrX","50374385","50374601","chr7","91196468","91196685","50","40822083"
"chrX","50374657","50374873","chr7","91196468","91196685","50","40821811"
"chrX","50374929","50375145","chr7","91196468","91196685","50","40821539"
"chrX","50375201","50375417","chr7","91196468","91196685","50","40821267"
"chrX","50375473","50375689","chr7","91196468","91196685","50","40820995"
"chrX","50375745","50375962","chr2","85923177","85923396","45","35547432"
"chrX","50391057","50391317","chrX","50782026","50782286","2","390969"
"chrX","50394406","50394554","chrX","50785396","50785536","10","390990"
"chrX","50396854","50397154","chrX","50787843","50788134","13","390989"
"chrX","50425877","50426190","chrX","50817458","50817774","7","391581"
"chrX","50438888","50439148","chrX","50830504","50830764","8","391616"
"chrX","50453613","50453875","chrX","50838490","50838751","11","384877"
"chrX","50494010","50494333","chrX","50885009","50885337","14","390999"
"chrX","50503031","50503147","chr7","77061483","77061600","20","26558452"
"chrX","50503478","50503651","chr7","8592025","8592196","42","41911453"
"chrX","50503812","50504116","chrX","50897029","50897335","8","393217"
"chrX","50505524","50505844","chr10","84580546","84580874","63","34075022"
"chrX","50512568","50512852","chr4","66800581","66800869","67","16288013"
"chrX","50525739","50525869","chrX","50918995","50919125","1","393256"
"chrX","50535530","50535652","chrX","50930948","50931078","9","395418"
"chrX","50547501","50547618","chr14","84125626","84125742","20","33578125"
"chrX","50547673","50547830","chr10","75723096","75723250","35","25175423"
"chrX","50562048","50562348","chrX","50958174","50958473","2","396126"
"chrX","50657114","50657404","chrX","51042793","51043078","9","385679"
"chrX","50661204","50661484","chrX","51046905","51047187","6","385701"
"chrX","50681302","50681462","chr11","1715883","1716039","28","48965419"
"chrX","50681760","50681913","chrX","66558218","66558365","32","15876458"
"chrX","50703809","50703944","chr4","100817770","100817897","34","50113961"
"chrX","50703977","50704101","chr2","27715698","27715815","25","22988279"
"chrX","50739846","50740131","chrX","51127585","51127870","5","387739"
"chrX","51254746","51254879","chrX","51777033","51777166","3","522287"
"chrX","51271265","51271511","chrX","51793626","51793872","3","522361"
"chrX","51324078","51324199","chrX","51867796","51867917","1","543718"
"chrX","51439993","51440289","chrX","51983819","51984115","7","543826"
"chrX","51743858","51744088","chrX","51793626","51793872","58","49768"
"chrX","51845812","51845976","chr9","94707894","94708052","32","42862082"
"chrX","51966224","51966500","chrX","52310061","52310337","3","343837"
"chrX","52116787","52116911","chrX","52489000","52489124","4","372213"
"chrX","52145573","52145727","chrX","52519543","52519700","6","373970"
"chrX","54038925","54039237","chr17","76159464","76159773","64","22120539"
"chrX","54113808","54114101","chr9","30619930","30620216","58","23493878"
"chrX","54264946","54265226","chrX","55319542","55319822","3","1054596"
"chrX","54356531","54356686","chrX","55423030","55423185","4","1066499"
"chrX","54504502","54504770","chrX","55588822","55589082","8","1084320"
"chrX","54642318","54642594","chr4","4845865","4846145","64","49796453"
"chrX","54691960","54692216","chr11","122250878","122251120","59","67558918"
"chrX","54714457","54714759","chrX","55797608","55797900","14","1083151"
"chrX","54724850","54725129","chrX","55805653","55805931","8","1080803"
"chrX","54742130","54742412","chrX","55821602","55821884","4","1079472"
"chrX","54818441","54818558","chr5","4129348","4129450","35","50689093"
"chrX","54818849","54819007","chr7","33550359","33550504","39","21268490"
"chrX","54839681","54839987","chr3","44863353","44863658","61","9976328"
"chrX","55074419","55074710","chrX","56215749","56216047","16","1141330"
"chrX","55266475","55266784","chrX","56419049","56419350","15","1152574"
"chrX","55571966","55572086","chrX","56700563","56700672","13","1128597"
"chrX","55620751","55621035","chrX","56770568","56770852","10","1149817"
"chrX","55637727","55637973","chrX","56787898","56788144","3","1150171"
"chrX","55818417","55818432","chr19","32678666","32678677","4","23139751"
"chrX","55818526","55818825","chrX","56968296","56968591","8","1149770"
"chrX","55854438","55854600","chrX","57008265","57008428","7","1153827"
"chrX","56476490","56476799","chrX","57787771","57788075","17","1311281"
"chrX","56572640","56572776","chr19","17935430","17935566","24","38637210"
"chrX","56813071","56813367","chr4","151886897","151887193","60","95073826"
"chrX","56816481","56816755","chrX","58391038","58391312","4","1574557"
"chrX","56826783","56826907","chrX","58401701","58401825","2","1574918"
"chrX","57433192","57433482","chrX","59140041","59140331","5","1706849"
"chrX","57626781","57627056","chr12","92475296","92475570","63","34848515"
"chrX","57987352","57987651","chrX","59737512","59737811","6","1750160"
"chrX","58030425","58030766","chr1","11133688","11134029","75","46896737"
"chrX","58064657","58064866","chrX","59814475","59814679","13","1749818"
"chrX","58134385","58134488","chrX","59884433","59884536","2","1750048"
"chrX","58153773","58154080","chrX","59903194","59903494","15","1749421"
"chrX","58158395","58158701","chrX","59907256","59907554","23","1748861"
"chrX","58160640","58160820","chrX","59909495","59909673","18","1748855"
"chrX","58169818","58170138","chrX","59919114","59919433","11","1749296"
"chrX","58170260","58170564","chr9","87258080","87258373","61","29087820"
"chrX","58179306","58179425","chr1","52522560","52522684","17","5656746"
"chrX","58179457","58179641","chr7","73843605","73843783","37","15664148"
"chrX","58187869","58187987","chrX","59937006","59937125","2","1749137"
"chrX","58190912","58191191","chrX","59940359","59940638","1","1749447"
"chrX","58200761","58201061","chr7","25960160","25960455","56","32240601"
"chrX","58207583","58207897","chr13","23580326","23580623","81","34627257"
"chrX","58207919","58208222","chrX","59952677","59952982","9","1744758"
"chrX","58215607","58215913","chrX","90760866","90761168","64","32545259"
"chrX","58234653","58234968","chr1","121657593","121657899","59","63422940"
"chrX","58243845","58244020","chr12","20993521","20993696","37","37250324"
"chrX","58254629","58254917","chrX","59993851","59994143","12","1739222"
"chrX","58263046","58263170","chrX","60002296","60002420","2","1739250"
"chrX","58304676","58304863","chr7","73843605","73843783","43","15538929"
"chrX","58305168","58305297","chr5","45667100","45667229","26","12638068"
"chrX","58306191","58306492","chrX","60036182","60036472","18","1729991"
"chrX","58321302","58321602","chrX","60059033","60059332","6","1737731"
"chrX","58333753","58333877","chrX","60070583","60070707","2","1736830"
"chrX","58361219","58361511","chrX","60101739","60102038","13","1740520"
"chrX","58385620","58385912","chrX","60131638","60131930","3","1746018"
"chrX","58429666","58429964","chrX","60175754","60176024","34","1746088"
"chrX","58447761","58448037","chr9","93273317","93273599","61","34825556"
"chrX","58467486","58467821","chrX","60213275","60213590","26","1745789"
"chrX","58490735","58491006","chr10","27339636","27339895","65","31151099"
"chrX","58546884","58547180","chrX","60287793","60288097","14","1740909"
"chrX","58575793","58576084","chrX","60316695","60316985","8","1740902"
"chrX","58577316","58577584","chrX","60318210","60318480","11","1740894"
"chrX","58584252","58584549","chr11","104295889","104296176","86","45711637"
"chrX","58596133","58596443","chrX","60337475","60337784","10","1741342"
"chrX","58614644","58614939","chrX","60355514","60355789","25","1740870"
"chrX","58639634","58639933","chr14","9092853","9093152","60","49546781"
"chrX","58758798","58758977","chrX","60494260","60494428","15","1735462"
"chrX","58864871","58865078","chr1","2133543","2133734","54","56731328"
"chrX","58865388","58865477","chr9","84237364","84237450","18","25371976"
"chrX","58920994","58921298","chrX","60654953","60655257","6","1733959"
"chrX","59076657","59076815","chrX","60809746","60809894","22","1733089"
"chrX","59185658","59185940","chr13","91740372","91740649","55","32554714"
"chrX","59420908","59421036","chr1","161306707","161306831","18","101885799"
"chrX","59610103","59610380","chrX","61359264","61359541","3","1749161"
"chrX","59636730","59636881","chr3","40354667","40354815","30","19282063"
"chrX","59951601","59951911","chrX","61690728","61691036","4","1739127"
"chrX","60004852","60005108","chr1","124638911","124639130","86","64634059"
"chrX","60012844","60013051","chrX","61747277","61747484","2","1734433"
"chrX","60017725","60017847","chrX","61752160","61752282","3","1734435"
"chrX","60026363","60026675","chrX","61760702","61760987","34","1734339"
"chrX","60088181","60088456","chrX","61816821","61817096","9","1728640"
"chrX","60106759","60106915","chrX","61833842","61833998","3","1727083"
"chrX","60143689","60143905","chrX","61871641","61871857","5","1727952"
"chrX","60157501","60157781","chrX","61885342","61885631","13","1727841"
"chrX","60215091","60215382","chrX","61944015","61944306","2","1728924"
"chrX","60218757","60219057","chrX","61947807","61948106","4","1729050"
"chrX","60260542","60260864","chrX","61986332","61986655","4","1725790"
"chrX","60309048","60309272","chrX","62423561","62423803","50","2114513"
"chrX","60311995","60312310","chrX","62037546","62037861","8","1725551"
"chrX","60316244","60316533","chr8","7257265","7257554","54","53058979"
"chrX","60325338","60325645","chrX","62051136","62051443","4","1725798"
"chrX","60369701","60370003","chrX","62092374","62092676","6","1722673"
"chrX","60402794","60403091","chrX","62127280","62127588","17","1724486"
"chrX","60415524","60415791","chr3","52436427","52436695","54","7979097"
"chrX","60497857","60498157","chrX","62222203","62222503","4","1724346"
"chrX","60545031","60545205","chrX","62266176","62266350","1","1721145"
"chrX","60588544","60588662","chrX","62312668","62312786","0","1724124"
"chrX","60589936","60590240","chrX","62314064","62314370","12","1724128"
"chrX","60590884","60590981","chr6","36459673","36459770","30","24131211"
"chrX","60622889","60623176","chrX","62345813","62346100","4","1722924"
"chrX","60625548","60625705","chr1","69343827","69343985","36","8718279"
"chrX","60637375","60637703","chrX","62358605","62358931","7","1721230"
"chrX","60668359","60668649","chrX","62391661","62391951","4","1723302"
"chrX","60689629","60689922","chrX","62413184","62413489","20","1723555"
"chrX","60699854","60700095","chrX","62423561","62423803","6","1723707"
"chrX","60702639","60702901","chrX","62427415","62427676","5","1724776"
"chrX","60707140","60707314","chr10","62272760","62272933","40","1565620"
"chrX","60707344","60707464","chr1","4309619","4309738","25","56397725"
"chrX","60712190","60712334","chr14","92534437","92534582","29","31822247"
"chrX","60731917","60732220","chr16","72386964","72387236","91","11655047"
"chrX","60733331","60733648","chrX","62459162","62459493","24","1725831"
"chrX","60752129","60752267","chrX","62473109","62473244","5","1720980"
"chrX","60772308","60772596","chrX","62494103","62494389","3","1721795"
"chrX","60791401","60791691","chrX","62512795","62513103","28","1721394"
"chrX","60805311","60805649","chr11","8518599","8518894","97","52286712"
"chrX","60811508","60811659","chrX","62529834","62529985","0","1718326"
"chrX","60840004","60840210","chrX","62557737","62557938","8","1717733"
"chrX","60859857","60860106","chrX","62569517","62569771","7","1709660"
"chrX","60861522","60861791","chrX","62575491","62575761","5","1713969"
"chrX","60972644","60972943","chr20","27441047","27441348","59","33531597"
"chrX","60973588","60973703","chr2","47788936","47789051","23","13184652"
"chrX","61007030","61007364","chr2","78405098","78405418","74","17398068"
"chrX","61011341","61011642","chr14","32819206","32819510","62","28192135"
"chrX","61020364","61020481","chr5","71781403","71781528","23","10761039"
"chrX","61024099","61024329","chr15","38698270","38698482","58","22325829"
"chrX","61088637","61088939","chrX","62692743","62693056","19","1604106"
"chrX","61089322","61089601","chrX","62693159","62693436","6","1603837"
"chrX","61091038","61091256","chr15","103928783","103929006","44","42837745"
"chrX","61128751","61128967","chr11","51737345","51737559","37","9391406"
"chrX","61133283","61133593","chrX","62730581","62730891","7","1597298"
"chrX","61144518","61144826","chr12","81338605","81338906","66","20194087"
"chrX","61145710","61146020","chrX","62735140","62735455","12","1589430"
"chrX","61154180","61154491","chrX","62757985","62758296","5","1603805"
"chrX","61167131","61167314","chr5","171831623","171831797","53","110664492"
"chrX","61190851","61191042","chr14","7285932","7286130","47","53904919"
"chrX","61191351","61191462","chr19","16156880","16156988","19","45034471"
"chrX","61196770","61197055","chrX","62799360","62799595","53","1602590"
"chrX","61216451","61216762","chrX","62757985","62758296","5","1541534"
"chrX","61217684","61217976","chrX","62820725","62821023","15","1603041"
"chrX","61218731","61219053","chrX","62821453","62821770","10","1602722"
"chrX","61224926","61225134","chrX","62827631","62827839","5","1602705"
"chrX","61225947","61226264","chr14","3427728","3428040","68","57798219"
"chrX","61252350","61252572","chr8","40741694","40741919","70","20510656"
"chrX","61275500","61275809","chr20","10603933","10604232","59","50671567"
"chrX","61282401","61282695","chrX","62874074","62874378","20","1591673"
"chrX","61286782","61287030","chrX","62887453","62887710","11","1600671"
"chrX","61288832","61288985","chrX","62889547","62889685","16","1600715"
"chrX","61292301","61292594","chrX","62881052","62881345","9","1588751"
"chrX","61295297","61295607","chrX","62884072","62884382","1","1588775"
"chrX","61297691","61297975","chrX","62879447","62879742","16","1581756"
"chrX","61302346","61302498","chrX","62896342","62896508","36","1593996"
"chrX","61302503","61302634","chrX","62896522","62896654","2","1594019"
"chrX","61325754","61325933","chrX","62917863","62918042","2","1592109"
"chrX","61326498","61326816","chrX","62918612","62918930","6","1592114"
"chrX","61366368","61366491","chrX","62959096","62959219","1","1592728"
"chrX","61367063","61367360","chrX","62959791","62960085","11","1592728"
"chrX","61367542","61367829","chrX","62960267","62960554","6","1592725"
"chrX","61375867","61376176","chrX","62968595","62968901","13","1592728"
"chrX","61380395","61380528","chrX","62973104","62973237","1","1592709"
"chrX","61390068","61390387","chrX","62982796","62983117","8","1592728"
"chrX","61426598","61426777","chr8","98047098","98047277","51","36620500"
"chrX","61438845","61439161","chrX","63036773","63037089","7","1597928"
"chrX","61447985","61448286","chrX","63047252","63047561","16","1599267"
"chrX","61458198","61458537","chr2","50418072","50418411","75","11040126"
"chrX","61462747","61462890","chrX","63223981","63224131","18","1761234"
"chrX","61466819","61466970","chrX","63223981","63224131","7","1757162"
"chrX","61491316","61491405","chrX","63113870","63113960","10","1622554"
"chrX","61509243","61509508","chrX","63110852","63111123","41","1601609"
"chrX","61512160","61512250","chrX","63113870","63113960","12","1601710"
"chrX","61571558","61571648","chrX","63113870","63113960","9","1542312"
"chrX","61607547","61607853","chrX","63162432","63162747","29","1554885"
"chrX","61611552","61611642","chrX","63167295","63167384","7","1555743"
"chrX","61655557","61655646","chrX","63113870","63113960","8","1458313"
"chrX","61662572","61662885","chrX","63119908","63120229","52","1457336"
"chrX","61668839","61668990","chrX","63223981","63224131","7","1555142"
"chrX","61700846","61701008","chr11","111247450","111247615","28","49546604"
"chrX","61701043","61701169","chr8","10524125","10524251","24","51176918"
"chrX","61772161","61772457","chrX","63341310","63341606","3","1569149"
"chrX","61780554","61780706","chrX","63349503","63349657","2","1568949"
"chrX","61786164","61786462","chr6","142213040","142213338","61","80426876"
"chrX","61790316","61790617","chrX","63359305","63359594","61","1568989"
"chrX","61839734","61839912","chr7","126759348","126759524","36","64919614"
"chrX","61924010","61924299","chrX","63493758","63494040","13","1569748"
"chrX","61951706","61951831","chrX","63521382","63521507","1","1569676"
"chrX","61969995","61970296","chrX","63542779","63543080","2","1572784"
"chrX","61998886","61999189","chrX","63575135","63575442","20","1576249"
"chrX","62021036","62021318","chrX","63598863","63599144","5","1577827"
"chrX","62058484","62058606","chr11","60544180","60544303","14","1514304"
"chrX","62059552","62059688","chr20","14240061","14240193","20","47819491"
"chrX","62059958","62060120","chr1","23420494","23420645","37","38639464"
"chrX","62060148","62060306","chrX","63634222","63634373","8","1574074"
"chrX","62067026","62067314","chrX","63641176","63641473","15","1574150"
"chrX","62072759","62072888","chrX","63647537","63647666","5","1574778"
"chrX","62085859","62086037","chr1","117466024","117466197","32","55380165"
"chrX","62086050","62086200","chr20","17120549","17120689","35","44965501"
"chrX","62086210","62086525","chr16","338522","338818","83","61747688"
"chrX","62088608","62088895","chr15","37564473","37564760","56","24524135"
"chrX","62092184","62092464","chrX","63668878","63669158","4","1576694"
"chrX","62094843","62094889","chrX","63671511","63671557","2","1576668"
"chrX","62106605","62106804","chrX","63679649","63679848","4","1573044"
"chrX","62121436","62121717","chrX","63696053","63696358","28","1574617"
"chrX","62176401","62176697","chrX","63749852","63750146","3","1573451"
"chrX","62257238","62257494","chrX","63829565","63829821","6","1572327"
"chrX","62272991","62273314","chrX","63845385","63845708","6","1572394"
"chrX","62312998","62313278","chrX","63889099","63889379","7","1576101"
"chrX","62435184","62435306","chr4","10224785","10224907","22","52210399"
"chrX","62435360","62435513","chr10","53834758","53834908","28","8600602"
"chrX","62474184","62474298","chr10","42647513","42647629","14","19826671"
"chrX","62474331","62474502","chr19","42053278","42053441","37","20421053"
"chrX","62497753","62498020","chrX","64078914","64079180","7","1581161"
"chrX","62535478","62535621","chr10","30305918","30306056","26","32229560"
"chrX","62662203","62662497","chrX","64209726","64210020","6","1547523"
"chrX","63622345","63622522","chr1","23388748","23388906","52","40233597"
"chrX","63641618","63641805","chr6","78362744","78362924","63","14721126"
"chrX","63797751","63798043","chrX","65364719","65365011","3","1566968"
"chrX","63799916","63800163","chrX","65366893","65367140","4","1566977"
"chrX","63814349","63814651","chr4","154145705","154145981","90","90331356"
"chrX","63816600","63816907","chrX","65386312","65386620","11","1569712"
"chrX","63841356","63841608","chr4","27317968","27318227","77","36523388"
"chrX","63852942","63853069","chrX","65421564","65421680","14","1568622"
"chrX","63857292","63857564","chrX","65426201","65426476","10","1568909"
"chrX","63877442","63877720","chrX","65446664","65446942","9","1569222"
"chrX","63884884","63885179","chrX","65454309","65454604","4","1569425"
"chrX","63930789","63931084","chr7","131928785","131929080","50","67997996"
"chrX","63943986","63944279","chr7","131928785","131929080","63","67984799"
"chrX","63950055","63950350","chrX","65516348","65516648","10","1566293"
"chrX","63952077","63952380","chrX","65518371","65518672","5","1566294"
"chrX","64011025","64011141","chrX","65577857","65577972","1","1566832"
"chrX","64143068","64143358","chrX","65710846","65711136","6","1567778"
"chrX","64186746","64186872","chr2","165805568","165805694","17","101618822"
"chrX","64217113","64217415","chrX","65783325","65783621","8","1566212"
"chrX","64261376","64261642","chrX","65823060","65823325","4","1561684"
"chrX","64307406","64307581","chrX","65856007","65856182","3","1548601"
"chrX","64387946","64388229","chrX","65938928","65939226","20","1550982"
"chrX","64423662","64423706","chr4","155697567","155697605","10","91273905"
"chrX","64508619","64508964","chrX","66063367","66063691","35","1554748"
"chrX","64773455","64773613","chrX","66325892","66326046","4","1552437"
"chrX","64778003","64778295","chrX","66330416","66330715","10","1552413"
"chrX","64842065","64842375","chrX","66435575","66435880","9","1593510"
"chrX","64972938","64973085","chrX","66558218","66558365","1","1585280"
"chrX","64982094","64982403","chrX","66567336","66567639","12","1585242"
"chrX","65020961","65021225","chr1","109607865","109608128","67","44586904"
"chrX","65256943","65257163","chr5","166249179","166249403","57","100992236"
"chrX","65330437","65330704","chrX","66910081","66910348","4","1579644"
"chrX","66231666","66231864","chrX","67815075","67815312","42","1583409"
"chrX","66275286","66275599","chr10","76437408","76437715","60","10162122"
"chrX","66297993","66298174","chr1","63327867","63328050","45","2970126"
"chrX","66376221","66376373","chr14","68332949","68333116","36","1956728"
"chrX","66489000","66489273","chrX","68067564","68067837","4","1578564"
"chrX","66503765","66503893","chrX","68079570","68079685","15","1575805"
"chrX","66516041","66516164","chrX","68093192","68093312","6","1577151"
"chrX","66535411","66535543","chrX","68112638","68112770","0","1577227"
"chrX","66560502","66560835","chrX","68146163","68146509","18","1585661"
"chrX","66589310","66589619","chr5","45760131","45760420","81","20829179"
"chrX","66597958","66598080","chr4","6440212","6440334","23","60157746"
"chrX","66603892","66604184","chr9","101043602","101043894","44","34439710"
"chrX","66651369","66651666","chrX","68236791","68237086","11","1585422"
"chrX","66727603","66727921","chrX","68299499","68299808","13","1571896"
"chrX","66729340","66729616","chrX","68304477","68304761","9","1575137"
"chrX","66738280","66738576","chrX","68312342","68312636","10","1574062"
"chrX","66748876","66749013","chr1","213175668","213175804","35","146426792"
"chrX","66749051","66749065","chr13","125426749","125426760","8","58677698"
"chrX","66749389","66749499","chr5","91455331","91455440","19","24705942"
"chrX","66758067","66758363","chrX","68333714","68333997","17","1575647"
"chrX","66785346","66785644","chrX","68361871","68362169","4","1576525"
"chrX","66786178","66786315","chrX","68362699","68362835","1","1576521"
"chrX","66786883","66787189","chrX","68363403","68363707","11","1576520"
"chrX","66793284","66793506","chrX","68370763","68371032","54","1577479"
"chrX","66798733","66798998","chrX","68376590","68376855","3","1577857"
"chrX","66799197","66799464","chrX","68376911","68377189","36","1577714"
"chrX","66822540","66822823","chr1","109930893","109931174","53","43108353"
"chrX","66827295","66827601","chr17","48685865","48686166","63","18141430"
"chrX","66852836","66853134","chrX","68440537","68440857","33","1587701"
"chrX","66864639","66864932","chrX","68455652","68455944","3","1591013"
"chrX","66955828","66956122","chrX","68545601","68545906","15","1589773"
"chrX","67062943","67063099","chrX","68644154","68644312","7","1581211"
"chrX","67083498","67083784","chrX","68666766","68667055","11","1583268"
"chrX","67088082","67088368","chrX","68671308","68671561","34","1583226"
"chrX","67089502","67089810","chrX","68672695","68673006","13","1583193"
"chrX","67104577","67104702","chrX","68688031","68688156","3","1583454"
"chrX","67202083","67202393","chr6","31355578","31355887","73","35846505"
"chrX","67202768","67202895","chr1","52522560","52522684","20","14680208"
"chrX","67819525","67819812","chrX","6633386","6633678","62","61186139"
"chrX","68157754","68158033","chr17","6663825","6664102","68","61493929"
"chrX","68371583","68371864","chrX","69862764","69863063","20","1491181"
"chrX","68372529","68372541","chr2","6035060","6035071","4","62337469"
"chrX","68373950","68374258","chrX","69865145","69865442","18","1491195"
"chrX","68973353","68973473","chrX","70372327","70372447","0","1398974"
"chrX","69389035","69389330","chrX","70742023","70742318","5","1352988"
"chrX","69490857","69491166","chr4","84460264","84460567","81","14969407"
"chrX","69709626","69709875","chrX","71054614","71054863","3","1344988"
"chrX","69770199","69770455","chr11","121146983","121147226","55","51376784"
"chrX","69820669","69820824","chr11","30648037","30648193","34","39172632"
"chrX","69826318","69826490","chr7","109263846","109264017","56","39437528"
"chrX","69831338","69831592","chrX","71170772","71171030","14","1339434"
"chrX","69908119","69908254","chr15","88438615","88438736","31","18530496"
"chrX","69998808","69998900","chrX","71331502","71331603","12","1332694"
"chrX","70045353","70045650","chrX","71369176","71369480","12","1323823"
"chrX","70188050","70188226","chr9","32503887","32504057","30","37684163"
"chrX","70188263","70188381","chr7","129694790","129694908","21","59506527"
"chrX","70404124","70404274","chrX","71712314","71712464","1","1308190"
"chrX","70460868","70461168","chrX","71770938","71771245","15","1310070"
"chrX","71048143","71048264","chrX","72354193","72354314","4","1306050"
"chrX","71085262","71085570","chrX","72394542","72394850","1","1309280"
"chrX","71301018","71301337","chr6","73131623","73131933","72","1830605"
"chrX","71705532","71705790","chrX","73071687","73071960","22","1366155"
"chrX","71726756","71727034","chrX","73091442","73091719","4","1364686"
"chrX","71766931","71767237","chrX","73137316","73137635","20","1370385"
"chrX","72183387","72183675","chr1","30352268","30352559","65","41831119"
"chrX","72874424","72874579","chr6","148217095","148217234","46","75342671"
"chrX","73532034","73532227","chr14","61617342","61617529","45","11914692"
"chrX","73652281","73652567","chrX","75024441","75024727","5","1372160"
"chrX","73759421","73759727","chrX","75180092","75180396","12","1420671"
"chrX","73766922","73767037","chrX","75187596","75187711","3","1420674"
"chrX","73792698","73792994","chr6","7322749","7323036","66","66469949"
"chrX","73826363","73826664","chrX","75245686","75245987","7","1419323"
"chrX","73942514","73942792","chrX","75363527","75363802","23","1421013"
"chrX","74035225","74035307","chrX","75467026","75467108","1","1431801"
"chrX","74398388","74398556","chrX","75834860","75835038","12","1436472"
"chrX","74506472","74506598","chr1","52522560","52522684","26","21983912"
"chrX","74556847","74557137","chrX","76014108","76014401","7","1457261"
"chrX","74806334","74806649","chrX","76268949","76269267","15","1462615"
"chrX","74868528","74868836","chr13","54711400","54711706","59","20157128"
"chrX","74873339","74873519","chr3","35120511","35120680","46","39752828"
"chrX","74951732","74952032","chrX","76405124","76405426","11","1453392"
"chrX","74984896","74985194","chrX","76438779","76439077","6","1453883"
"chrX","75039951","75040192","chrX","76494426","76494667","8","1454475"
"chrX","75126041","75126127","chr2","98260970","98261050","24","23134929"
"chrX","75209941","75210100","chrX","76678024","76678182","4","1468083"
"chrX","75258287","75258584","chrX","76729948","76730242","13","1471661"
"chrX","75292237","75292448","chrX","76763949","76764160","1","1471712"
"chrX","75436081","75436361","chrX","76903140","76903437","20","1467059"
"chrX","75526257","75526386","chr1","43065377","43065506","19","32460880"
"chrX","75615993","75616137","chrX","77087416","77087567","17","1471423"
"chrX","76478357","76478632","chrX","77969438","77969712","4","1491081"
"chrX","76661699","76661989","chrX","78151534","78151823","15","1489835"
"chrX","76888859","76888965","chr12","89602274","89602378","22","12713415"
"chrX","76889006","76889162","chr7","30908030","30908189","34","45980976"
"chrX","76901062","76901221","chr19","42885644","42885802","35","34015418"
"chrX","76901258","76901387","chr18","54280975","54281099","32","22620283"
"chrX","77315828","77316078","chr11","64749109","64749361","61","12566719"
"chrX","77403998","77404295","chrX","78894200","78894497","7","1490202"
"chrX","77517558","77517895","chr4","151546150","151546481","92","74028592"
"chrX","77678129","77678259","chrX","79173733","79173863","4","1495604"
"chrX","77683042","77683337","chrX","79178649","79178945","32","1495607"
"chrX","78129827","78129955","chrX","79635042","79635171","5","1505215"
"chrX","78405109","78405389","chrX","79902979","79903265","14","1497870"
"chrX","78419974","78420264","chrX","79912079","79912368","8","1492105"
"chrX","78838032","78838133","chrX","80350599","80350700","1","1512567"
"chrX","79560293","79560580","chr13","25280546","25280837","75","54279747"
"chrX","79863497","79863669","chrX","81358471","81358627","22","1494974"
"chrX","80021875","80022147","chr10","70399297","70399569","66","9622578"
"chrX","80172710","80172840","chrX","81622997","81623127","2","1450287"
"chrX","80228541","80228835","chrX","81679109","81679398","24","1450568"
"chrX","80241562","80241700","chrX","81691934","81692076","8","1450372"
"chrX","80444827","80445109","chrX","81894395","81894677","6","1449568"
"chrX","80475670","80475968","chrX","81925251","81925549","14","1449581"
"chrX","80477178","80477482","chrX","81926759","81927059","12","1449581"
"chrX","80511449","80511621","chr14","63372422","63372593","52","17139027"
"chrX","80629317","80629621","chrX","82077498","82077801","5","1448181"
"chrX","80638266","80638508","chrX","82086070","82086312","3","1447804"
"chrX","80813940","80814206","chrX","82257286","82257552","2","1443346"
"chrX","80820122","80820298","chrX","82263171","82263342","8","1443049"
"chrX","80952354","80952650","chrX","82392958","82393258","8","1440604"
"chrX","80956456","80956580","chrX","82397050","82397174","3","1440594"
"chrX","81069896","81070054","chrX","82517512","82517670","4","1447616"
"chrX","81097688","81097827","chrX","82544889","82545028","2","1447201"
"chrX","81314246","81314369","chrX","82782731","82782854","4","1468485"
"chrX","81439129","81439283","chrX","82923438","82923592","1","1484309"
"chrX","81939338","81939539","chr8","72520290","72520506","49","9419048"
"chrX","81969923","81970158","chrX","83466369","83466609","15","1496446"
"chrX","82019602","82019738","chr1","170270687","170270818","36","88251085"
"chrX","82119764","82120031","chrX","83615949","83616217","5","1496185"
"chrX","82362168","82362468","chrX","83877707","83878007","4","1515539"
"chrX","82695690","82695985","chrX","84204724","84205019","8","1509034"
"chrX","83277843","83278141","chrX","84771523","84771831","21","1493680"
"chrX","83432690","83432796","chr15","68301557","68301665","24","15131133"
"chrX","83432824","83432974","chr3","50749437","50749590","29","32683387"
"chrX","83433000","83433030","chr16","31975848","31975874","11","51457152"
"chrX","83864037","83864333","chrX","85361014","85361310","1","1496977"
"chrX","83946047","83946337","chrX","85444627","85444900","31","1498580"
"chrX","84012604","84012911","chrX","21422433","21422750","18","62590171"
"chrX","84012927","84013246","chrX","21422095","21422417","9","62590832"
"chrX","84546038","84546318","chrX","86045293","86045575","8","1499255"
"chrX","84585238","84585536","chrX","86091306","86091604","3","1506068"
"chrX","84734315","84734436","chrX","86231180","86231312","13","1496865"
"chrX","84929582","84929884","chrX","86434059","86434356","13","1504477"
"chrX","85119972","85120053","chrX","86625082","86625163","1","1505110"
"chrX","85121731","85121991","chrX","86626848","86627111","10","1505117"
"chrX","85125999","85126304","chr3","44863353","44863658","44","40262646"
"chrX","85135063","85135224","chrX","86640331","86640492","2","1505268"
"chrX","85188763","85189073","chrX","86695241","86695544","20","1506478"
"chrX","85217839","85218142","chrX","86723797","86724091","14","1505958"
"chrX","85237554","85237668","chrX","86743765","86743878","3","1506211"
"chrX","85387699","85387774","chr6","39169311","39169389","19","46218388"
"chrX","85455529","85455834","chrX","86963276","86963551","33","1507747"
"chrX","85468229","85468435","chrX","86975965","86976171","6","1507736"
"chrX","85487774","85488071","chrX","86995297","86995591","10","1507523"
"chrX","85598275","85598633","chrX","87106500","87106832","38","1508225"
"chrX","85652528","85652849","chrX","10860935","10861243","61","74791593"
"chrX","85665063","85665349","chrX","87173285","87173571","4","1508222"
"chrX","85681809","85682033","chrX","61746096","61746314","53","23935713"
"chrX","85732743","85732976","chrX","87242543","87242768","10","1509800"
"chrX","85819160","85819314","chr8","61721621","61721775","26","24097539"
"chrX","85831276","85831440","chrX","87340449","87340614","2","1509173"
"chrX","85883854","85884166","chrX","87395654","87395966","4","1511800"
"chrX","86078412","86078542","chrX","87585236","87585358","9","1506824"
"chrX","86180821","86181113","chrX","87688532","87688836","15","1507711"
"chrX","86181140","86181264","chrX","87688869","87688986","8","1507729"
"chrX","86773559","86773856","chrX","88280829","88281127","6","1507270"
"chrX","86779195","86779267","chr19","42970925","42970994","14","43808270"
"chrX","86779966","86780093","chr3","49847363","49847482","42","36932603"
"chrX","86887330","86887598","chr7","147291973","147292238","58","60404643"
"chrX","86961716","86962001","chrX","88475398","88475683","4","1513682"
"chrX","87308759","87308924","chr1","137487438","137487604","30","50178679"
"chrX","88310061","88310110","chr16","16140923","16140968","6","72169138"
"chrX","88631667","88631933","chrX","90148337","90148602","6","1516670"
"chrX","88852998","88853138","chrX","90374160","90374300","2","1521162"
"chrX","89044016","89044317","chrX","90564121","90564421","11","1520105"
"chrX","89168433","89168701","chrX","90687086","90687354","4","1518653"
"chrX","89243108","89243409","chrX","90760866","90761168","6","1517758"
"chrX","89259406","89259697","chrX","90777050","90777371","38","1517644"
"chrX","89340601","89340824","chrX","90851362","90851585","2","1510761"
"chrX","89347690","89348025","chrX","90858524","90858814","48","1510834"
"chrX","89350402","89350697","chrX","90861339","90861637","11","1510937"
"chrX","89355532","89355789","chrX","90866432","90866689","4","1510900"
"chrX","89360585","89360716","chr14","32646209","32646339","22","56714376"
"chrX","89361017","89361189","chr14","7026982","7027152","31","82334035"
"chrX","89383385","89383572","chr11","108572609","108572797","47","19189224"
"chrX","89384182","89384308","chr12","23044842","23044959","22","66339340"
"chrX","89386288","89386564","chrX","90896356","90896632","2","1510068"
"chrX","89420317","89420519","chrX","90929543","90929745","2","1509226"
"chrX","89444669","89444924","chrX","90959394","90959649","3","1514725"
"chrX","89481063","89481344","chrX","90995770","90996049","10","1514707"
"chrX","89496841","89497127","chrX","91011011","91011297","1","1514170"
"chrX","89511198","89511505","chrX","91024004","91024303","20","1512806"
"chrX","89542282","89542446","chr8","18227257","18227416","27","71315025"
"chrX","89581630","89581738","chr12","14311196","14311302","16","75270434"
"chrX","89582033","89582223","chr1","26824971","26825160","46","62757062"
"chrX","89638453","89638574","chrX","91160982","91161101","4","1522529"
"chrX","89728414","89728717","chrX","91253979","91254280","6","1525565"
"chrX","89767676","89767965","chrX","91292898","91293187","12","1525222"
"chrX","89775257","89775567","chr11","2026176","2026480","59","87749081"
"chrX","89809346","89809625","chrX","91348233","91348490","26","1538887"
"chrX","90038504","90038801","chrX","91581429","91581734","14","1542925"
"chrX","90251746","90251868","chr13","25834541","25834671","28","64417205"
"chrX","90699428","90699731","chrX","92065670","92065972","5","1366242"
"chrX","90776419","90776559","chrX","92136058","92136198","0","1359639"
"chrX","90863691","90863985","chrX","92215303","92215597","3","1351612"
"chrX","91023919","91024053","chrX","92383420","92383554","0","1359501"
"chrX","91041853","91042058","chr11","121067481","121067685","49","30025628"
"chrX","91046341","91046468","chr1","92851869","92851992","15","1805528"
"chrX","91105444","91105573","chr1","5234348","5234479","21","85871096"
"chrX","91124949","91125098","chr1","93340829","93340977","37","2215880"
"chrX","91125129","91125233","chr9","14816417","14816523","16","76308712"
"chrX","91237403","91237595","chr20","17372994","17373175","46","73864409"
"chrX","91261360","91261653","chrX","92641476","92641775","12","1380116"
"chrX","91288582","91288887","chrX","92670462","92670767","6","1381880"
"chrX","91434600","91434732","chr13","124720578","124720710","24","33285978"
"chrX","91457988","91458264","chrX","92843900","92844177","4","1385912"
"chrX","91529211","91529505","chrX","92917275","92917570","2","1388064"
"chrX","91539724","91540029","chrX","92929089","92929394","1","1389365"
"chrX","91652690","91652983","chrX","93042839","93043130","9","1390149"
"chrX","91692148","91692362","chrX","93087969","93088190","23","1395821"
"chrX","91781281","91781588","chr9","15365425","15365732","63","76415856"
"chrX","91863225","91863524","chrX","93254496","93254795","3","1391271"
"chrX","92053575","92053859","chrX","93312086","93312371","7","1258511"
"chrX","92059528","92059836","chrX","93318569","93318867","16","1259041"
"chrX","92064685","92064808","chr4","151016049","151016173","19","58951364"
"chrX","92082715","92083009","chrX","93341561","93341855","7","1258846"
"chrX","92105705","92105851","chrX","93365183","93365314","17","1259478"
"chrX","92106933","92107067","chrX","93366381","93366515","3","1259448"
"chrX","92115255","92115430","chrX","93374664","93374829","10","1259409"
"chrX","92129349","92129630","chrX","93388737","93389040","28","1259388"
"chrX","92137081","92137356","chrX","93396459","93396759","28","1259378"
"chrX","92159431","92159715","chrX","93419348","93419632","7","1259917"
"chrX","92190360","92190671","chr11","95849503","95849806","74","3659143"
"chrX","92201430","92201744","chrX","93459053","93459378","19","1257623"
"chrX","92300362","92300659","chrX","93571449","93571722","29","1271087"
"chrX","92319369","92319498","chrX","93590445","93590573","5","1271076"
"chrX","92649162","92649295","chr1","54981655","54981803","34","37667507"
"chrX","92829198","92829492","chrX","93987418","93987712","5","1158220"
"chrX","92870884","92871170","chrX","94028045","94028331","4","1157161"
"chrX","93366637","93366812","chrX","94555736","94555906","24","1189099"
"chrX","93465616","93465894","chrX","94666685","94666974","21","1201069"
"chrX","93625857","93626220","chr4","141026757","141027102","90","47400900"
"chrX","93626625","93626745","chrX","94847109","94847229","3","1220484"
"chrX","93627310","93627459","chrX","94847534","94847662","25","1220224"
"chrX","93627467","93627636","chrX","94847670","94847841","7","1220203"
"chrX","93762612","93762950","chr8","112908129","112908464","76","19145517"
"chrX","93849904","93850204","chrX","95087162","95087457","14","1237258"
"chrX","94312529","94312832","chrX","95577058","95577364","13","1264529"
"chrX","94562573","94562704","chrX","95852057","95852188","0","1289484"
"chrX","94682539","94682823","chrX","95977568","95977852","10","1295029"
"chrX","94706474","94706739","chrX","46793365","46793619","67","47913109"
"chrX","94723939","94724236","chrX","96018399","96018696","5","1294460"
"chrX","94749587","94749867","chrX","96042580","96042862","5","1292993"
"chrX","94779458","94779653","chrX","96072450","96072645","2","1292992"
"chrX","94823258","94823568","chrX","96116233","96116544","8","1292975"
"chrX","94837744","94837879","chrX","96130267","96130402","1","1292523"
"chrX","94894251","94894566","chr12","33128779","33129070","87","61765472"
"chrX","94950912","94951185","chr5","80033650","80033923","55","14917262"
"chrX","94971732","94972007","chrX","96259434","96259710","5","1287702"
"chrX","94994773","94995068","chrX","96281813","96282105","11","1287040"
"chrX","95057395","95057694","chrX","96345358","96345657","4","1287963"
"chrX","95062346","95062646","chr1","140748803","140749102","56","45686457"
"chrX","95230607","95230847","chrX","96514015","96514255","2","1283408"
"chrX","95284391","95284703","chrX","96569300","96569612","5","1284909"
"chrX","95289441","95289737","chrX","96574404","96574690","12","1284963"
"chrX","95362027","95362318","chrX","96647216","96647507","6","1285189"
"chrX","95374564","95374775","chrX","96659959","96660170","4","1285395"
"chrX","95384382","95384496","chrX","96669586","96669700","3","1285204"
"chrX","95394653","95394776","chrX","96679676","96679799","1","1285023"
"chrX","95455234","95455446","chr1","48878781","48878966","65","46576453"
"chrX","95462595","95462708","chrX","96748258","96748371","1","1285663"
"chrX","95470143","95470454","chrX","96756154","96756465","3","1286011"
"chrX","95479184","95479262","chrX","96763948","96764026","0","1284764"
"chrX","95602887","95603202","chrX","96881425","96881742","21","1278538"
"chrX","95632768","95633071","chrX","96908104","96908375","38","1275336"
"chrX","95636936","95637065","chrX","96912289","96912418","1","1275353"
"chrX","95637592","95637712","chrX","96912945","96913069","6","1275353"
"chrX","95640348","95640647","chrX","96924865","96925161","10","1284517"
"chrX","95641205","95641489","chrX","96925719","96926003","5","1284514"
"chrX","95673321","95673637","chrX","96947649","96947963","4","1274328"
"chrX","95692843","95693129","chrX","96967719","96968030","26","1274876"
"chrX","95837151","95837346","chr8","23591406","23591580","59","72245745"
"chrX","96137816","96138107","chrX","97407379","97407670","8","1269563"
"chrX","96169781","96170061","chrX","97439158","97439438","6","1269377"
"chrX","96239221","96239342","chrX","97502581","97502704","5","1263360"
"chrX","96243728","96244041","chrX","97507710","97508021","6","1263982"
"chrX","96273733","96274031","chrX","97538376","97538669","15","1264643"
"chrX","96290264","96290568","chrX","97554767","97555073","7","1264503"
"chrX","96301628","96301938","chrX","97566103","97566414","7","1264475"
"chrX","96337277","96337553","chrX","97600775","97601051","4","1263498"
"chrX","96526101","96526366","chr2","48726514","48726774","63","47799587"
"chrX","96575878","96576162","chrX","97848485","97848769","8","1272607"
"chrX","96576827","96577116","chrX","97849434","97849720","6","1272607"
"chrX","96762174","96762327","chrX","98025060","98025213","0","1262886"
"chrX","96827616","96827860","chr12","6098587","6098830","51","90729029"
"chrX","96940888","96941073","chr2","21477489","21477653","55","75463399"
"chrX","97203889","97204169","chrX","98476578","98476858","1","1272689"
"chrX","97290260","97290422","chr11","12315316","12315461","45","84974944"
"chrX","97404512","97404786","chrX","98680178","98680452","4","1275666"
"chrX","97522079","97522342","chrX","98802852","98803115","4","1280773"
"chrX","97552691","97553004","chrX","98834394","98834707","3","1281703"
"chrX","97568874","97569163","chrX","98850869","98851160","9","1281995"
"chrX","97581706","97582021","chrX","98863205","98863542","25","1281499"
"chrX","97613634","97613924","chrX","98904347","98904636","7","1290713"
"chrX","97802106","97802377","chrX","99087471","99087746","9","1285365"
"chrX","97819315","97819615","chrX","99104903","99105210","17","1285588"
"chrX","97873175","97873477","chr5","103793141","103793424","71","5919966"
"chrX","97901702","97902014","chrX","99188731","99189038","11","1287029"
"chrX","97944681","97944983","chrX","99236580","99236882","5","1291899"
"chrX","97951984","97952100","chrX","99244025","99244141","1","1292041"
"chrX","97952112","97952393","chrX","99244153","99244443","15","1292041"
"chrX","98088087","98088210","chrX","99373820","99373943","2","1285733"
"chrX","98483410","98483697","chrX","99735884","99736171","2","1252474"
"chrX","98678753","98679062","chrX","99934419","99934742","26","1255666"
"chrX","98693179","98693470","chrX","99950345","99950635","9","1257166"
"chrX","98848159","98848278","chr1","68795361","68795479","15","30052798"
"chrX","98848356","98848533","chr6","97539963","97540135","36","1308393"
"chrX","98867340","98867618","chrX","100135322","100135600","7","1267982"
"chrX","98877021","98877326","chrX","100147974","100148279","6","1270953"
"chrX","98972859","98973139","chrX","100245257","100245535","10","1272398"
"chrX","99158902","99159169","chrX","100442793","100443060","3","1283891"
"chrX","99246193","99246430","chrX","100530655","100530896","7","1284462"
"chrX","99270560","99270722","chrX","100561387","100561548","2","1290827"
"chrX","99403873","99404164","chr1","109930893","109931174","63","10527020"
"chrX","99432084","99432232","chr1","160161699","160161861","35","60729615"
"chrX","99432556","99432698","chr7","133879014","133879153","26","34446458"
"chrX","99435332","99435478","chrX","100735254","100735405","14","1299922"
"chrX","99447643","99447908","chrX","100747822","100748093","11","1300179"
"chrX","99456869","99457169","chrX","100756816","100757125","20","1299947"
"chrX","99478502","99478809","chrX","100778417","100778723","7","1299915"
"chrX","99613523","99613844","chrX","100916861","100917146","41","1303338"
"chrX","99615457","99615638","chr7","63655842","63656022","37","35959615"
"chrX","99761564","99761857","chrX","101066179","101066473","5","1304615"
"chrX","100199473","100199780","chrX","101512866","101513172","8","1313393"
"chrX","100257173","100257477","chrX","101570616","101570919","3","1313443"
"chrX","100291129","100291418","chrX","101607206","101607489","10","1316077"
"chrX","100530451","100530587","chrX","101833228","101833355","10","1302777"
"chrX","100712935","100713195","chr19","34760937","34761197","63","65951998"
"chrX","100784297","100784569","chrX","102085131","102085416","14","1300834"
"chrX","101134802","101134970","chrX","102384797","102384965","3","1249995"
"chrX","101253075","101253387","chr19","28473075","28473382","55","72780000"
"chrX","101298958","101299255","chr5","72941667","72941963","66","28357291"
"chrX","101335909","101336208","chr17","76062721","76063023","62","25273188"
"chrX","101443138","101443452","chrX","102677080","102677389","12","1233942"
"chrX","101486309","101486477","chrX","102720684","102720851","4","1234375"
"chrX","101507871","101508161","chrX","102741916","102742208","7","1234045"
"chrX","101520104","101520351","chrX","102760618","102760866","2","1240514"
"chrX","101539542","101539826","chrX","102774878","102775162","5","1235336"
"chrX","101575354","101575632","chrX","102810707","102810985","2","1235353"
"chrX","101635527","101635831","chrX","102875308","102875612","4","1239781"
"chrX","101767642","101767935","chrX","103015443","103015742","27","1247801"
"chrX","101785959","101786241","chrX","103032469","103032751","3","1246510"
"chrX","101861039","101861347","chrX","103108184","103108485","15","1247145"
"chrX","101905430","101905574","chrX","103145283","103145427","3","1239853"
"chrX","101997900","101998190","chrX","103240640","103240926","10","1242740"
"chrX","102080543","102080674","chr15","66336076","66336204","19","35744467"
"chrX","102183048","102183357","chrX","103437649","103437955","6","1254601"
"chrX","102301739","102301889","chr13","26373157","26373296","37","75928582"
"chrX","102311135","102311262","chrX","103569496","103569617","7","1258361"
"chrX","102351513","102351816","chr5","131149118","131149420","55","28797605"
"chrX","102371530","102371795","chrX","103631798","103632063","5","1260268"
"chrX","102409392","102409677","chrX","103670391","103670673","7","1260999"
"chrX","102500403","102500705","chrX","103763930","103764232","5","1263527"
"chrX","102590245","102590634","chr7","148675604","148675944","116","46085359"
"chrX","102609828","102609952","chrX","103878476","103878596","30","1268648"
"chrX","102756022","102756340","chr2","78405098","78405418","74","24350924"
"chrX","102780259","102780541","chrX","104055327","104055609","3","1275068"
"chrX","102793689","102793883","chr8","63339372","63339558","51","39454317"
"chrX","102794180","102794303","chr10","31294672","31294793","18","71499508"
"chrX","102799261","102799549","chrX","104076027","104076315","3","1276766"
"chrX","102822151","102822404","chrX","68671308","68671561","66","34150843"
"chrX","102824168","102824452","chrX","104100532","104100818","9","1276364"
"chrX","102844264","102844530","chr7","7358814","7359073","64","95485450"
"chrX","102862350","102862490","chrX","104139983","104140125","7","1277633"
"chrX","102870745","102871033","chrX","104148315","104148605","9","1277570"
"chrX","102922711","102922821","chr3","42934498","42934607","18","59988213"
"chrX","102924413","102924579","chrX","138578420","138578584","32","35654007"
"chrX","102966980","102967072","chr15","80923714","80923806","0","22043266"
"chrX","102970590","102970890","chrX","104238865","104239161","13","1268275"
"chrX","102979364","102979449","chrX","104247089","104247174","1","1267725"
"chrX","103040492","103040805","chrX","104300629","104300942","2","1260137"
"chrX","103077158","103077437","chrX","104337873","104338171","23","1260715"
"chrX","103086264","103086389","chrX","104347155","104347280","2","1260891"
"chrX","103106927","103107213","JH680387","16028","16314","5","103090899"
"chrX","103316520","103316814","JH682928","14103","14398","7","103302417"
"chrX","104372340","104372642","chrX","117459003","117459307","10","13086663"
"chrX","104421110","104421412","chrX","117507244","117507546","0","13086134"
"chrX","104454762","104455073","chrX","117541340","117541652","10","13086578"
"chrX","104499638","104499946","chrX","117585649","117585956","5","13086011"
"chrX","104566765","104567076","chr20","13722457","13722750","69","90844308"
"chrX","104704137","104704435","chrX","117797516","117797805","15","13093379"
"chrX","104740274","104740568","chr2","44549341","44549626","74","60190933"
"chrX","104743957","104744250","chrX","117836845","117837138","2","13092888"
"chrX","104778511","104778805","chrX","117870448","117870742","2","13091937"
"chrX","104780843","104781131","chr19","44901522","44901811","57","59879321"
"chrX","104791713","104791998","chrX","117883630","117883915","5","13091917"
"chrX","104863015","104863313","chrX","117954598","117954895","8","13091583"
"chrX","104904943","104905214","chrX","117996209","117996476","10","13091266"
"chrX","104932998","104933273","chrX","118017972","118018247","2","13084974"
"chrX","104939497","104939646","chr13","65044998","65045144","42","39894499"
"chrX","104939682","104939792","chr20","57499104","57499219","16","47440578"
"chrX","104975549","104975685","chr4","84764886","84765021","21","20210663"
"chrX","104979035","104979117","chr15","87490616","87490701","17","17488419"
"chrX","105074252","105074557","chr10","34151713","34152002","52","70922539"
"chrX","105128347","105128489","chr15","368115","368257","30","104760232"
"chrX","105131753","105132032","chrX","118190360","118190659","29","13058607"
"chrX","105134668","105134980","chrX","118193306","118193618","2","13058638"
"chrX","105138350","105138593","chrX","118198157","118198416","21","13059807"
"chrX","105143929","105144091","chrX","118203738","118203900","2","13059809"
"chrX","105156113","105156268","chr4","1987881","1988034","39","103168232"
"chrX","105156304","105156421","chr2","115033695","115033811","14","9877391"
"chrX","105157527","105157663","chrX","118223928","118224046","21","13066401"
"chrX","105211949","105212259","chr13","25406563","25406873","58","79805386"
"chrX","105235446","105235779","chrX","118304518","118304831","35","13069072"
"chrX","105245107","105245433","chrX","118318743","118319064","10","13073636"
"chrX","105249641","105249948","chrX","118323289","118323597","5","13073648"
"chrX","105274632","105274927","chr14","101086205","101086505","54","4188427"
"chrX","105298641","105298933","chrX","118369213","118369501","9","13070572"
"chrX","105370231","105370541","chrX","118442004","118442314","9","13071773"
"chrX","105387682","105387989","chr17","7125249","7125559","50","98262433"
"chrX","105442448","105442637","chr1","115056051","115056225","45","9613603"
"chrX","105442944","105443088","chr2","68824787","68824929","33","36618157"
"chrX","105592111","105592363","chrX","118662744","118662999","9","13070633"
"chrX","105768387","105768489","chrX","118851708","118851807","6","13083321"
"chrX","105774134","105774447","chrX","118857394","118857708","7","13083260"
"chrX","105774677","105774758","chr17","50136718","50136804","22","55637959"
"chrX","105796427","105796697","chrX","118877221","118877478","17","13080794"
"chrX","105802395","105802528","chrX","118883184","118883317","2","13080789"
"chrX","106045522","106045649","chrX","119123497","119123624","3","13077975"
"chrX","106196031","106196357","chrX","119277512","119277839","11","13081481"
"chrX","106288648","106288666","chr1","49605714","49605731","5","56682934"
"chrX","106288842","106289105","chrX","119370204","119370519","62","13081362"
"chrX","106341795","106342103","chrX","119423516","119423824","5","13081721"
"chrX","106347410","106347707","chrX","119429368","119429634","36","13081958"
"chrX","106512073","106512349","chrX","119597441","119597710","14","13085368"
"chrX","106693480","106693522","chrX","106640457","106640499","9","53023"
"chrX","106755036","106755316","chrX","119852496","119852776","2","13097460"
"chrX","106899527","106899792","chrX","120004435","120004700","2","13104908"
"chrX","106906592","106906877","chrX","120010925","120011210","11","13104333"
"chrX","106912291","106912563","chrX","120016651","120016923","3","13104360"
"chrX","106918607","106918887","chrX","120022861","120023132","15","13104254"
"chrX","106924847","106925133","chrX","120029165","120029451","3","13104318"
"chrX","106936882","106937171","chrX","120056706","120056995","7","13119824"
"chrX","106970460","106970794","chr10","52737902","52738234","70","54232558"
"chrX","107012584","107012890","chrX","120131172","120131483","10","13118588"
"chrX","107109827","107110112","chrX","19430192","19430472","61","87679635"
"chrX","107142146","107142357","chrX","120263748","120263958","3","13121602"
"chrX","107217790","107218041","chrX","120336098","120336349","3","13118308"
"chrX","107268146","107268286","chrX","120386450","120386590","0","13118304"
"chrX","107313204","107313516","chrX","120434796","120435104","6","13121592"
"chrX","107346739","107347029","chrX","120468679","120468970","7","13121940"
"chrX","107370673","107371028","chrX","120492015","120492370","3","13121342"
"chrX","107382640","107382910","chrX","120504044","120504309","8","13121404"
"chrX","107710963","107711102","chrX","120834426","120834565","3","13123463"
"chrX","107737150","107737442","chrX","120860554","120860845","3","13123404"
"chrX","107774223","107774412","chrX","120897045","120897234","3","13122822"
"chrX","107776465","107776737","chrX","120899353","120899658","37","13122888"
"chrX","107876899","107877201","chrX","120991584","120991884","4","13114685"
"chrX","107909312","107909655","chrX","121024730","121025061","16","13115418"
"chrX","108017041","108017357","chrX","121135904","121136220","8","13118863"
"chrX","108069906","108070177","chrX","121190708","121191025","55","13120802"
"chrX","108071059","108071143","chr4","25328748","25328831","16","82742311"
"chrX","108094346","108094502","chrX","20990635","20990781","49","87103711"
"chrX","108102945","108103251","chr6","38560223","38560533","63","69542722"
"chrX","108144470","108144757","chrX","121264052","121264349","17","13119582"
"chrX","108252232","108252447","chrX","121373094","121373309","3","13120862"
"chrX","108252451","108252498","chrX","121373312","121373360","1","13120861"
"chrX","108283658","108283934","chrX","121405316","121405592","5","13121658"
"chrX","108289690","108289820","chr12","65183383","65183513","23","43106307"
"chrX","108296646","108296939","chrX","121418502","121418799","8","13121856"
"chrX","108339301","108339430","chrX","121473540","121473669","3","13134239"
"chrX","108365036","108365201","chrX","121499177","121499340","6","13134141"
"chrX","108384083","108384395","chrX","121523147","121523454","9","13139064"
"chrX","108392987","108393107","chrX","121531999","121532128","12","13139012"
"chrX","108415580","108415852","chrX","121544957","121545258","36","13129377"
"chrX","108427491","108427781","chrX","121556835","121557125","3","13129344"
"chrX","108436615","108436878","chr3","42666752","42667017","59","65769863"
"chrX","108436894","108437041","chrX","121566150","121566297","4","13129256"
"chrX","108487620","108487903","chrX","49546448","49546737","56","58941172"
"chrX","108500711","108501007","chrX","121630607","121630904","9","13129896"
"chrX","108513172","108513474","chrX","121642997","121643294","9","13129825"
"chrX","108523021","108523309","chrX","121652686","121652973","7","13129665"
"chrX","108594500","108594780","chrX","121727057","121727342","10","13132557"
"chrX","108601448","108601733","chrX","121733678","121733970","19","13132230"
"chrX","108610266","108610576","chrX","121742497","121742809","9","13132231"
"chrX","108611360","108611671","chrX","121743585","121743897","2","13132225"
"chrX","108623085","108623215","chr5","71781403","71781528","18","36841682"
"chrX","108623507","108623644","chr6","133305260","133305397","41","24681753"
"chrX","108644223","108644509","chrX","121776450","121776734","6","13132227"
"chrX","108744135","108744429","chrX","121875094","121875386","6","13130959"
"chrX","108761706","108762004","chrX","121894007","121894306","5","13132301"
"chrX","108813131","108813436","chrX","121941307","121941591","25","13128176"
"chrX","108815496","108815706","chrX","121943646","121943856","1","13128150"
"chrX","108825767","108826079","chrX","121953620","121953932","5","13127853"
"chrX","108831738","108832034","chrX","138507447","138507737","47","29675709"
"chrX","108893813","108894105","chrX","122027857","122028155","9","13134044"
"chrX","108928077","108928380","chrX","122062050","122062342","22","13133973"
"chrX","109047941","109048089","chr4","100629243","100629378","31","8418698"
"chrX","109048405","109048589","chr13","71844195","71844375","43","37204210"
"chrX","109077295","109077442","chr1","21628432","21628567","33","87448863"
"chrX","109077747","109077926","chr3","45464941","45465102","45","63612806"
"chrX","109077968","109078278","chrX","122215642","122215957","12","13137674"
"chrX","109085561","109085849","chr19","15124041","15124333","53","93961520"
"chrX","109174850","109175187","chrX","122311914","122312218","44","13137064"
"chrX","109192310","109192592","chrX","122329134","122329412","6","13136824"
"chrX","109200898","109200953","chrX","122334166","122334221","0","13133268"
"chrX","109274960","109275270","chrX","122390020","122390288","45","13115060"
"chrX","109358019","109358140","chr6","68072156","68072279","20","41285863"
"chrX","109382151","109382439","chrX","122498390","122498669","14","13116239"
"chrX","109424019","109424326","chrX","122543473","122543780","3","13119454"
"chrX","109471652","109471948","chr17","76062721","76063023","51","33408931"
"chrX","109483921","109484077","chrX","122610896","122611052","2","13126975"
"chrX","109581837","109582112","chrX","122713719","122713997","18","13131882"
"chrX","109603154","109603430","chr4","35197434","35197704","69","74405720"
"chrX","109604172","109604497","chr20","17580820","17581119","88","92023352"
"chrX","109613841","109614138","chrX","122742411","122742710","6","13128570"
"chrX","109647935","109648228","chrX","122772285","122772586","12","13124350"
"chrX","109649787","109650099","chrX","122774139","122774444","11","13124352"
"chrX","109650640","109650924","chrX","122774974","122775262","8","13124334"
"chrX","109698368","109698649","chrX","122824286","122824594","37","13125918"
"chrX","109734191","109734479","chrX","122859448","122859737","4","13125257"
"chrX","109794641","109794745","chrX","122922221","122922326","3","13127580"
"chrX","109808638","109808849","chr5","50313471","50313682","45","59495167"
"chrX","109808855","109809089","chr12","31335698","31335931","55","78473157"
"chrX","109824495","109824804","chrX","122951937","122952206","46","13127442"
"chrX","109830169","109830464","chrX","122954087","122954382","9","13123918"
"chrX","109890298","109890600","chrX","123012981","123013281","5","13122683"
"chrX","109955778","109956100","chr8","128391741","128392061","70","18435963"
"chrX","110020299","110020593","chrX","123136361","123136655","5","13116062"
"chrX","110064321","110064461","chr1","28679708","28679840","27","81384613"
"chrX","110119761","110119941","chr4","111313320","111313500","38","1193559"
"chrX","110120340","110120631","chrX","123246652","123246942","5","13126312"
"chrX","110123136","110123410","chrX","123243812","123244086","4","13120676"
"chrX","110165649","110165886","chrX","123280479","123280675","43","13114830"
"chrX","110196515","110196638","chrX","123323553","123323676","0","13127038"
"chrX","110299419","110299550","chrX","123427884","123428015","2","13128465"
"chrX","110307000","110307309","chrX","17128213","17128520","57","93178787"
"chrX","110324286","110324389","chrX","123452662","123452765","2","13128376"
"chrX","110331861","110332157","chrX","123460052","123460348","9","13128191"
"chrX","110373287","110373563","chrX","123502810","123503088","6","13129523"
"chrX","110399099","110399226","chrX","123530094","123530221","1","13130995"
"chrX","110719402","110719693","chrX","123841070","123841361","1","13121668"
"chrX","110750428","110750732","chrX","123871829","123872128","14","13121401"
"chrX","110756509","110756820","chrX","123877962","123878276","6","13121453"
"chrX","110806268","110806578","chrX","124041664","124041966","14","13235396"
"chrX","110887205","110887472","chrX","124003127","124003398","13","13115922"
"chrX","110925277","110925583","chrX","124041664","124041966","10","13116387"
"chrX","110932897","110933180","chrX","124073629","124073910","12","13140732"
"chrX","110979686","110979970","chrX","44694955","44695239","60","66284731"
"chrX","110995302","110995592","chrX","124132558","124132850","4","13137256"
"chrX","111001336","111001660","chrX","124138646","124138968","8","13137310"
"chrX","111013125","111013293","chrX","124150740","124150894","19","13137615"
"chrX","111062488","111062652","chr6","62977769","62977920","38","48084719"
"chrX","111098098","111098400","chrX","124233396","124233697","9","13135298"
"chrX","111132200","111132489","chr1","1381888","1382180","69","109750312"
"chrX","111136341","111136620","chrX","124271771","124272048","3","13135430"
"chrX","111149312","111149538","chrX","124287479","124287705","5","13138167"
"chrX","111174323","111174522","chrX","124312303","124312533","37","13137980"
"chrX","111238097","111238410","chrX","124379329","124379639","4","13141232"
"chrX","111277027","111277279","chrX","124418436","124418675","18","13141409"
"chrX","111334378","111334540","chr3","41648875","41649027","33","69685503"
"chrX","111399593","111399907","chr8","26657147","26657445","64","84742446"
"chrX","111483437","111483621","chr9","27724811","27724986","41","83758626"
"chrX","111530602","111530873","chr3","56102762","56103043","58","55427840"
"chrX","111552316","111552446","chrX","124693111","124693241","4","13140795"
"chrX","111573021","111573317","chrX","124710819","124711110","9","13137798"
"chrX","111578787","111578910","chrX","124716571","124716694","1","13137784"
"chrX","111592346","111592528","chr1","63145287","63145466","37","48447059"
"chrX","111625549","111625812","chr20","67019106","67019377","64","44606443"
"chrX","111699495","111699611","chrX","124840587","124840703","12","13141092"
"chrX","111736342","111736652","chrX","124878244","124878528","29","13141902"
"chrX","111753930","111754228","chrX","124895805","124896104","12","13141875"
"chrX","111781963","111782253","chrX","124922635","124922925","6","13140672"
"chrX","111855588","111855759","chrX","124995555","124995724","8","13139967"
"chrX","111855871","111856014","chrX","124995833","124995979","6","13139962"
"chrX","111899973","111900138","chrX","125041229","125041394","4","13141256"
"chrX","111944069","111944135","chrX","125085141","125085207","0","13141072"
"chrX","111958550","111958829","chrX","125099825","125100112","12","13141275"
"chrX","111991152","111991412","chr1","161614232","161614494","58","49623080"
"chrX","112020954","112021236","chrX","125159071","125159351","5","13138117"
"chrX","112110664","112110969","chrX","125251674","125251993","19","13141010"
"chrX","112322472","112322756","chrX","125457767","125458058","9","13135295"
"chrX","112413182","112413429","chrX","125553099","125553346","7","13139917"
"chrX","112512287","112512566","chrX","125677420","125677696","7","13165133"
"chrX","112586664","112586971","chrX","125755527","125755830","8","13168863"
"chrX","112622636","112622920","chrX","125792643","125792927","4","13170007"
"chrX","112639794","112640096","chrX","16790369","16790672","67","95849425"
"chrX","113260917","113261189","chrX","126376234","126376517","19","13115317"
"chrX","113416296","113416428","chrX","126530777","126530909","4","13114481"
"chrX","113457788","113458092","chrX","126573517","126573838","33","13115729"
"chrX","113728367","113728659","chrX","126843754","126844051","17","13115387"
"chrX","113765708","113765915","chr6","112974200","112974405","44","791508"
"chrX","114167169","114167445","chrX","127288921","127289198","5","13121752"
"chrX","114206946","114207228","chrX","127331035","127331337","26","13124089"
"chrX","114314052","114314345","chrX","127445911","127446193","18","13131859"
"chrX","114321454","114321744","chrX","127453621","127453915","13","13132167"
"chrX","114659427","114659588","chr3","151892420","151892587","24","37232993"
"chrX","114659617","114659663","chr19","37294423","37294463","46","77365194"
"chrX","114659693","114659812","chr9","28812727","28812844","19","85846966"
"chrX","114709787","114710055","chrX","127856037","127856306","5","13146250"
"chrX","114744476","114744780","chrX","127890550","127890860","20","13146074"
"chrX","114763283","114763474","chr20","17372994","17373175","38","97390289"
"chrX","114869723","114870011","chrX","128017595","128017883","6","13147872"
"chrX","114875264","114875551","chrX","128023118","128023411","8","13147854"
"chrX","114931132","114931441","chrX","128081212","128081515","10","13150080"
"chrX","114950439","114950744","chr13","110725016","110725316","57","4225423"
"chrX","114959407","114959588","chr8","98047098","98047277","57","16912309"
"chrX","115209949","115210134","chrX","128271407","128271581","17","13061458"
"chrX","115417544","115417850","chr4","86448200","86448512","69","28969344"
"chrX","115445606","115445895","chrX","128491571","128491860","3","13045965"
"chrX","115574145","115574427","chr1","5072710","5072988","62","110501435"
"chrX","115576975","115577266","chrX","128604642","128604933","0","13027667"
"chrX","115649369","115649578","chr6","133900932","133901137","50","18251563"
"chrX","115658636","115658715","chr13","116035392","116035474","16","376756"
"chrX","115776396","115776697","chrX","128797245","128797549","16","13020849"
"chrX","115957118","115957267","chrX","128967200","128967349","3","13010082"
"chrX","116771203","116771320","chrX","129756196","129756316","6","12984993"
"chrX","116771368","116771380","chr6","128359960","128359970","5","11588592"
"chrX","117364722","117364943","chrX","130362338","130362561","10","12997616"
"chrX","117676362","117676418","chr9","54659580","54659635","11","63016782"
"chrX","118432398","118432746","chrX","131401407","131401755","6","12969009"
"chrX","119028516","119028798","chrX","132062315","132062584","18","13033799"
"chrX","119464189","119464476","chrX","132491505","132491792","4","13027316"
"chrX","119948886","119949192","chrX","132919633","132919932","16","12970747"
"chrX","119962127","119962420","chrX","132940645","132940938","5","12978518"
"chrX","120193087","120193374","chr2","185065293","185065568","78","64872206"
"chrX","120340160","120340477","chrX","133324662","133324976","8","12984502"
"chrX","120370606","120370878","chrX","133355487","133355739","30","12984881"
"chrX","120864676","120864979","chrX","133875517","133875820","7","13010841"
"chrX","121117934","121118202","chrX","134131415","134131694","14","13013481"
"chrX","121327555","121327850","chr9","39857935","39858219","64","81469620"
"chrX","121357963","121358240","chrX","134381363","134381640","10","13023400"
"chrX","121807675","121807909","chrX","134841205","134841502","68","13033530"
"chrX","121808192","121808245","chrX","134841739","134841792","3","13033547"
"chrX","122029548","122029865","chr7","80152136","80152442","72","41877412"
"chrX","122282098","122282252","chrX","135312607","135312761","1","13030509"
"chrX","122523402","122523700","chrX","135549662","135549960","6","13026260"
"chrX","122571717","122571843","chrX","135600137","135600256","10","13028420"
"chrX","122731484","122731776","chr1","40511951","40512236","61","82219533"
"chrX","123005990","123006275","chrX","136050446","136050731","6","13044456"
"chrX","123104538","123104851","chrX","136148210","136148523","3","13043672"
"chrX","123139533","123139671","chrX","136184097","136184212","24","13044564"
"chrX","123294757","123294910","chrX","136338969","136339121","3","13044212"
"chrX","124004245","124004387","chrX","137045875","137046017","3","13041630"
"chrX","124094159","124094330","chrX","137140895","137141103","39","13046736"
"chrX","124602864","124603164","chrX","137672286","137672588","4","13069422"
"chrX","124967461","124967718","chrX","138049764","138050012","16","13082303"
"chrX","124987696","124987822","chr6","32334044","32334171","25","92653652"
"chrX","125074240","125074555","chr16","42972049","42972353","57","82102191"
"chrX","125162183","125162476","chr15","37564473","37564760","56","87597710"
"chrX","125190119","125190400","chr18","23505998","23506280","54","101684121"
"chrX","125194280","125194512","chrX","138279275","138279547","41","13084995"
"chrX","125234604","125234912","chrX","138320196","138320500","8","13085592"
"chrX","125421052","125421348","chrX","138506795","138507091","3","13085743"
"chrX","125428943","125429233","chrX","138507447","138507737","1","13078504"
"chrX","125472552","125472827","chrX","138554130","138554405","7","13081578"
"chrX","125491420","125491690","chrX","138572948","138573216","7","13081528"
"chrX","125496906","125497063","chrX","138578420","138578584","9","13081514"
"chrX","125522392","125522706","chrX","138603791","138604105","6","13081399"
"chrX","125535094","125535268","chr8","98260927","98261097","38","27274167"
"chrX","125535307","125535419","chr3","40670450","40670564","22","84864857"
"chrX","125552738","125552913","chr6","166186213","166186379","45","40633475"
"chrX","125590840","125591135","chrX","138665212","138665506","4","13074372"
"chrX","125824408","125824714","chrX","138887860","138888166","3","13063452"
"chrX","125920655","125920958","chr1","66221065","66221368","66","59699590"
"chrX","125999531","125999799","chrX","139064649","139064937","23","13065118"
"chrX","126019627","126019919","chrX","139084956","139085248","6","13065329"
"chrX","126076677","126076981","chrX","139153931","139154235","5","13077254"
"chrX","126579834","126580132","chrX","139641130","139641428","4","13061296"
"chrX","126764258","126764564","chrX","139819099","139819406","17","13054841"
"chrX","126876112","126876236","chrX","139951320","139951444","2","13075208"
"chrX","126879078","126879374","chrX","139954615","139954912","5","13075537"
"chrX","127318858","127318985","chrX","140439155","140439280","4","13120297"
"chrX","127321432","127321739","chrX","140441726","140442037","13","13120294"
"chrX","127380175","127380476","chrX","140481154","140481455","5","13100979"
"chrX","127400556","127400875","chrX","140501575","140501896","8","13101019"
"chrX","127415055","127415187","chrX","140516077","140516208","4","13101022"
"chrX","127450681","127450863","chrX","140553250","140553432","3","13102569"
"chrX","127461232","127461355","chrX","140563768","140563890","4","13102536"
"chrX","127476963","127477086","chrX","140563768","140563890","4","13086805"
"chrX","127533460","127533744","chrX","140629655","140629941","5","13096195"
"chrX","127552481","127552576","chr4","17873910","17874003","17","109678571"
"chrX","127552626","127552769","chr2","143610328","143610452","41","16057702"
"chrX","127586082","127586382","chr1","33809672","33809974","66","93776410"
"chrX","127600524","127600813","chr9","35024278","35024565","57","92576246"
"chrX","127705322","127705452","chr10","70965419","70965544","25","56739903"
"chrX","127715679","127715978","chrX","140652670","140652953","22","12936991"
"chrX","127832672","127832982","chrX","140769613","140769927","9","12936941"
"chrX","127876879","127877177","chrX","140813465","140813763","5","12936586"
"chrX","127892407","127892707","chrX","140828718","140829017","3","12936311"
"chrX","128016985","128017202","chrX","141051214","141051437","11","13034229"
"chrX","128049756","128050050","chrX","141084118","141084416","44","13034362"
"chrX","128065235","128065522","chrX","141099756","141100063","40","13034521"
"chrX","128088495","128088746","chr11","121146983","121147226","61","6941512"
"chrX","128093106","128093401","chr15","6732736","6733012","67","121360370"
"chrX","128140311","128140578","chrX","141174790","141175055","14","13034479"
"chrX","128141271","128141520","chr20","40876803","40877055","62","87264468"
"chrX","128155135","128155409","chrX","141195001","141195278","5","13039866"
"chrX","128157595","128157727","chr13","124720578","124720710","22","3437017"
"chrX","128171934","128172230","chrX","141212462","141212758","4","13040528"
"chrX","128174634","128174747","chr9","123471159","123471270","18","4703475"
"chrX","128180663","128180951","chrX","141221842","141222132","5","13041179"
"chrX","128181754","128182100","chr11","13594307","13594641","88","114587447"
"chrX","128247189","128247411","chrX","141287618","141287842","10","13040429"
"chrX","128268078","128268360","chrX","141304477","141304762","6","13036399"
"chrX","128269270","128269439","chrX","141305658","141305827","3","13036388"
"chrX","128339909","128340252","chr2","28462029","28462319","108","99877880"
"chrX","128362967","128363271","chrX","141412828","141413123","15","13049861"
"chrX","128397483","128397734","chrX","141448037","141448292","7","13050554"
"chrX","128399122","128399416","chr14","29867573","29867870","58","98531549"
"chrX","128402751","128403077","chrX","141454571","141454902","13","13051820"
"chrX","128403174","128403304","chr9","123427717","123427840","20","4975457"
"chrX","128403616","128403797","chr8","31727053","31727230","44","96676563"
"chrX","128416565","128416881","chrX","141461539","141461848","12","13044974"
"chrX","128418074","128418365","chrX","141470679","141470967","7","13052605"
"chrX","128420187","128420315","chrX","141472703","141472831","2","13052516"
"chrX","128424514","128424845","chrX","141478453","141478789","16","13053939"
"chrX","128460060","128460344","chrX","141514485","141514774","9","13054425"
"chrX","128487951","128488230","chrX","141543623","141543914","19","13055672"
"chrX","128525863","128526113","chrX","141582390","141582642","7","13056527"
"chrX","128534983","128535113","chrX","141591591","141591721","2","13056608"
"chrX","128542011","128542271","chr19","1973244","1973490","81","126568767"
"chrX","128559350","128559654","chrX","141619619","141619926","9","13060269"
"chrX","128578496","128578786","chrX","141640530","141640825","12","13062034"
"chrX","128590686","128591009","chr11","71673149","71673458","72","56917537"
"chrX","128598024","128598342","chrX","41355790","41356103","58","87242234"
"chrX","128612864","128613057","chrX","141648583","141648763","14","13035719"
"chrX","128618893","128619202","chrX","141654786","141655095","9","13035893"
"chrX","128626067","128626358","chr1","31002517","31002809","57","97623550"
"chrX","128630467","128630650","chrX","141666563","141666731","18","13036096"
"chrX","128705348","128705601","chrX","141808508","141808762","6","13103160"
"chrX","128723457","128723666","chrX","61746096","61746314","53","66977361"
"chrX","128728068","128728201","chrX","141830909","141831042","2","13102841"
"chrX","128749633","128749769","chr5","74519379","74519510","22","54230254"
"chrX","128753443","128753732","chrX","141859203","141859491","3","13105760"
"chrX","128811756","128811888","chr19","13002853","13002982","25","115808903"
"chrX","128812977","128813089","chrX","141899126","141899229","12","13086149"
"chrX","128817472","128817753","chrX","141903657","141903938","6","13086185"
"chrX","128913375","128913600","chrX","142013338","142013563","2","13099963"
"chrX","129010420","129010722","chrX","142080070","142080376","7","13069650"
"chrX","129032095","129032211","chrX","142101531","142101647","0","13069436"
"chrX","129049230","129049395","chrX","142118040","142118205","2","13068810"
"chrX","129086786","129087038","chrX","142156047","142156299","0","13069261"
"chrX","129092846","129092930","chr2","77887370","77887454","14","51205476"
"chrX","129226418","129226676","chrX","142268500","142268762","8","13042082"
"chrX","129266567","129266876","chr2","50436019","50436328","53","78830548"
"chrX","129284681","129284971","chrX","142329489","142329779","2","13044808"
"chrX","129340570","129340836","chrX","142383667","142383937","11","13043097"
"chrX","129387152","129387310","chrX","142431737","142431895","0","13044585"
"chrX","129608759","129608878","chr7","63800777","63800894","14","65807982"
"chrX","129608919","129609099","chr7","42208624","42208765","63","87400295"
"chrX","129959171","129959303","chr12","36556795","36556927","19","93402376"
"chrX","129977788","129978109","chrX","143056992","143057303","17","13079204"
"chrX","129994097","129994249","chrX","66325892","66326046","33","63668205"
"chrX","130026533","130026871","chrX","143109381","143109719","13","13082848"
"chrY","33475","33770","chr2","99519831","99520129","77","99486356"
"chrY","79233","79484","chr4","36903119","36903378","85","36823886"
"chrY","87408","87683","chrX","12516812","12517086","72","12429404"
"chrY","89130","89419","chr13","18459250","18459543","75","18370120"
"chrY","99667","99960","chr9","36334706","36334984","89","36235039"
"chrY","102350","102521","chr19","8264544","8264709","37","8162194"
"chrY","102819","102950","chr1","69340434","69340564","24","69237615"
"chrY","121140","121435","chr20","8295116","8295407","70","8173976"
"chrY","182689","182859","chr6","21095859","21096033","47","20913170"
"chrY","385247","385516","chr15","40798114","40798382","65","40412867"
"chrY","396826","397175","chr9","13990500","13990832","101","13593674"
"chrY","510146","510248","chr6","128526557","128526659","27","128016411"
"chrY","536765","537055","chr1","25691131","25691409","81","25154366"
"chrY","640215","640301","chr13","16963726","16963816","27","16323511"
"chrY","653051","653359","chr1","214956948","214957244","86","214303897"
"chrY","675191","675499","chr1","214956948","214957244","86","214281757"
"chrY","785884","786114","chr6","68837551","68837780","60","68051667"
"chrY","886075","886213","chr15","95335891","95336027","36","94449816"
"chrY","912967","913230","chr2","185329311","185329574","75","184416344"
"chrY","915273","915556","chr19","10313892","10314154","82","9398619"
"chrY","919774","920054","chr2","68707206","68707483","76","67787432"
"chrY","948425","948626","chr1","28703651","28703847","38","27755226"
"chrY","954764","955031","chr4","37637558","37637839","68","36682794"
"chrY","1054566","1054865","chr1","26482556","26482849","61","25427990"
"chrY","1097406","1097679","chr16","40163220","40163511","84","39065814"
"chrY","1199345","1199579","chr4","161824274","161824495","57","160624929"
"chrY","1199801","1200031","chr2","87100510","87100760","68","85900709"
"chrY","1341936","1342099","chrX","5867972","5868128","41","4526036"
"chrY","1445604","1445882","chrX","5591531","5591811","7","4145927"
"chrY","1639857","1640151","chr14","17422254","17422540","79","15782397"
"chrY","1678106","1678354","chr8","35894506","35894750","65","34216400"
"chrY","1679597","1679859","chr1","34168443","34168694","65","32488846"
"chrY","1686878","1687049","chr14","55989546","55989716","40","54302668"
"chrY","1687100","1687229","chrX","92984306","92984437","21","91297206"
"chrY","1688511","1688757","chrX","4586185","4586435","46","2897674"
"chrY","1692373","1692524","chr2","173509060","173509208","40","171816687"
"chrY","1701434","1701511","chr15","29558817","29558897","18","27857383"
"chrY","1701551","1701582","chr20","49216577","49216598","16","47515026"
"chrY","1701627","1701757","chr19","27674976","27675106","29","25973349"
"chrY","1716498","1716789","chr11","110955091","110955386","64","109238593"
"chrY","1753302","1753598","chrX","4068141","4068425","55","2314839"
"chrY","1769288","1769406","chr10","34169603","34169720","24","32400315"
"chrY","1838463","1838759","chr3","170153769","170154071","73","168315306"
"chrY","1840901","1841187","chr15","90785737","90786031","70","88944836"
"chrY","1846064","1846362","chr2","32784888","32785199","70","30938824"
"chrY","1865715","1866004","chr10","76096437","76096725","74","74230722"
"chrY","1869272","1869567","chr3","127007651","127007933","77","125138379"
"chrY","1942796","1943096","chr20","40383560","40383856","66","38440764"
"chrY","1962128","1962352","chr15","105269294","105269523","72","103307166"
"chrY","2016139","2016369","chr20","2222837","2223042","72","206698"
"chrY","2088397","2088472","chrX","1798903","1798977","2","289494"
"chrY","2088478","2088607","chrX","1798983","1799112","3","289495"
"chrY","2092907","2093229","chrX","1802898","1803200","23","290009"
"chrY","2113878","2113956","chrX","1798903","1798977","19","314975"
"chrY","2114997","2115159","chr2","135492264","135492422","42","133377267"
"chrY","2115195","2115312","chr8","61702147","61702263","26","59586952"
"chrY","2136701","2136958","chr1","53705445","53705685","75","51568744"
"chrY","2169521","2169806","chr10","80651039","80651327","66","78481518"
"chrY","2178783","2179068","chr10","80651039","80651327","66","78472256"
"chrY","2397062","2397329","chr6","3906230","3906498","74","1509168"
"chrY","2469950","2470085","chr3","45701174","45701301","25","43231224"
"chrY","2475273","2475369","chr3","48149225","48149315","27","45673952"
"chrY","2516560","2516876","chr15","96894313","96894623","71","94377753"
"chrY","2535640","2535908","chr4","12937018","12937302","66","10401378"
"chrY","2645520","2645868","chr19","44901522","44901811","115","42256002"
"chrY","2850429","2850696","chr11","49611848","49612124","80","46761419"
"chrY","2892616","2892776","chr1","29933017","29933174","41","27040401"
"chrY","2984059","2984384","chr3","29281279","29281600","90","26297220"
"chrY","2996825","2997135","chr19","15124041","15124333","99","12127216"
"chrY","2997701","2997935","chr9","32932330","32932571","70","29934629"
"chrY","3001887","3002094","chr2","168032467","168032672","61","165030580"
"chrY","3008645","3008939","chrX","28265031","28265323","62","25256386"
"chrY","3012260","3012510","chr6","104173546","104173804","74","101161286"
"chrY","3049093","3049367","chrX","50086502","50086766","88","47037409"
"chrY","3268471","3268762","chr2","156540886","156541154","67","153272415"
"chrY","3367338","3367597","chr12","57438445","57438698","84","54071107"
"chrY","3376019","3376309","chr1","152637912","152638199","95","149261893"
"chrY","3578271","3578567","chr11","124428933","124429229","83","120850662"
"chrY","3656416","3656701","chr9","87258080","87258373","93","83601664"
"chrY","3661634","3661925","chr11","20945194","20945477","89","17283560"
"chrY","3831158","3831299","chr8","130000135","130000278","26","126168977"
"chrY","3887018","3887360","chr16","64231075","64231391","92","60344057"
"chrY","3890801","3891046","chr7","39902674","39902905","56","36011873"
"chrY","3896533","3896710","chr20","71136539","71136713","30","67240006"
"chrY","3935862","3935986","chr2","143610328","143610452","32","139674466"
"chrY","3936272","3936464","chr7","87895596","87895781","55","83959324"
"chrY","3946664","3946824","chr7","43295160","43295316","35","39348496"
"chrY","4043880","4044169","chr3","39335370","39335656","87","35291490"
"chrY","4065753","4066022","chr10","41855747","41856023","82","37789994"
"chrY","4102913","4103101","chr18","1409387","1409575","51","2693526"
"chrY","4120847","4120984","chr14","57521705","57521840","39","53400858"
"chrY","4267339","4267400","chr3","77042055","77042111","22","72774716"
"chrY","4362456","4362746","chr2","164608968","164609256","96","160246512"
"chrY","4454930","4455204","chr19","3615739","3615993","93","839191"
"chrY","4568066","4568241","chr4","33607364","33607535","50","29039298"
"chrY","4800826","4800998","chr1","203835761","203835932","47","199034935"
"chrY","4805185","4805448","chr13","74515786","74516042","82","69710601"
"chrY","4957029","4957257","chr20","10639262","10639490","63","5682233"
"chrY","5001331","5001635","chr13","36375416","36375696","85","31374085"
"chrY","5001920","5002193","chrX","107420002","107420277","69","102418082"
"chrY","5007637","5007799","chr3","50690274","50690433","45","45682637"
"chrY","5270731","5270977","chr5","109842727","109842966","87","104571996"
"chrY","5294914","5295166","chr1","185925216","185925458","87","180630302"
"chrY","5358873","5359028","chr10","75723096","75723250","45","70364223"
"chrY","5428456","5428649","chr10","65552073","65552254","56","60123617"
"chrY","5827254","5827429","chr10","54334786","54334965","49","48507532"
"chrY","5916436","5916701","chr8","96414117","96414352","94","90497681"
"chrY","6116155","6116420","chr11","12567970","12568214","93","6451815"
"chr10","54656872","54657162","chr11","110955091","110955386","56","56298219"
"chr10","77856573","77856814","chr1","124638911","124639130","78","46782338"
"chr10","110231356","110231634","chr2","64273324","64273609","50","45958032"
"chr10","116654028","116654155","chr8","20235882","20236011","32","96418146"
"chr10","10818","10914","chr6","91238569","91238668","7","91227751"
"chr10","35304","35464","chr13","127484504","127484668","8","127449200"
"chr10","128221","128392","chr11","30678031","30678193","40","30549810"
"chr10","128697","128835","chr6","56589477","56589609","25","56460780"
"chr10","136044","136342","chr13","127389574","127389856","22","127253530"
"chr10","163886","164159","chr13","127361938","127362215","17","127198052"
"chr10","166037","166288","chr13","127359813","127360059","18","127193776"
"chr10","166499","166749","chr13","127359342","127359602","15","127192843"
"chr10","219926","220209","chrX","65426201","65426476","71","65206275"
"chr10","270787","270801","chr14","63373169","63373183","3","63102382"
"chr10","270836","271121","chr7","35998517","35998803","58","35727681"
"chr10","319317","319470","chr4","42512390","42512552","31","42193073"
"chr10","340268","340557","chr13","127137234","127137526","8","126796966"
"chr10","467036","467303","chr13","127006253","127006520","13","126539217"
"chr10","882002","882318","chr12","37961279","37961590","71","37079277"
"chr10","947489","947506","chr7","125655255","125655271","5","124707766"
"chr10","947611","947889","chr13","126520186","126520464","11","125572575"
"chr10","1257745","1257877","chr13","126205001","126205133","0","124947256"
"chr10","1360884","1361003","chr3","88714101","88714216","25","87353217"
"chr10","1700674","1700976","chr13","125744592","125744903","21","124043918"
"chr10","2018319","2018508","chr20","17372994","17373175","41","15354675"
"chr10","2031735","2031858","chr6","75990624","75990747","18","73958889"
"chr10","2046354","2046595","chr13","125403966","125404209","11","123357612"
"chr10","2067734","2067998","chr13","125382280","125382536","15","123314546"
"chr10","2083359","2083645","chr13","125366706","125366991","8","123283347"
"chr10","2102543","2102845","chr13","125346696","125346995","8","123244153"
"chr10","2109731","2109810","chr13","125345336","125345415","4","123235605"
"chr10","2130911","2131034","chr7","149164080","149164202","17","147033169"
"chr10","2131206","2131328","chr13","125317272","125317393","2","123186066"
"chr10","2153709","2153983","chr13","125293488","125293762","9","123139779"
"chr10","2154653","2154939","chr13","125292329","125292614","12","123137676"
"chr10","2159625","2159952","chr2","42000590","42000900","74","39840965"
"chr10","2182344","2182623","chrX","49864269","49864563","56","47681925"
"chr10","2213788","2214070","chr13","125230896","125231174","8","123017108"
"chr10","2216604","2216899","chr13","125228179","125228474","9","123011575"
"chr10","2219926","2220168","chr19","27592956","27593194","59","25373030"
"chr10","2230391","2230567","chr1","28517728","28517896","30","26287337"
"chr10","2230835","2230897","chr10","26958684","26958745","16","24727849"
"chr10","2233523","2233812","chr13","125210449","125210735","10","122976926"
"chr10","2234423","2234546","chr13","125209716","125209839","5","122975293"
"chr10","2236364","2236638","chr13","125207601","125207875","11","122971237"
"chr10","2236760","2237054","chr13","125207179","125207476","12","122970419"
"chr10","2257841","2257997","chr13","125186142","125186298","7","122928301"
"chr10","2274998","2275218","chr2","61499776","61500000","56","59224778"
"chr10","2276549","2276843","chr13","125165625","125165916","35","122889076"
"chr10","2280564","2280791","chr13","125161691","125161906","20","122881127"
"chr10","2281308","2281425","chr13","125160760","125160879","3","122879452"
"chr10","2300015","2300195","chr13","125142838","125143018","1","122842823"
"chr10","2303017","2303263","chr11","64749109","64749361","49","62446092"
"chr10","2308688","2308812","chr13","125126182","125126306","2","122817494"
"chr10","2320212","2320336","chr13","125126182","125126306","2","122805970"
"chr10","2329554","2329882","chr13","125113278","125113607","14","122783724"
"chr10","2341266","2341478","chr13","125100867","125101079","3","122759601"
"chr10","2360776","2361052","chr13","125082179","125082451","15","122721403"
"chr10","2380185","2380447","chr13","125062020","125062275","22","122681835"
"chr10","2404208","2404472","chr13","83176883","83177169","75","80772675"
"chr10","2410415","2410548","chr11","95816278","95816396","36","93405863"
"chr10","2423417","2423578","chr13","125016061","125016222","5","122592644"
"chr10","2430317","2430619","chr13","125014338","125014638","3","122584021"
"chr10","2442005","2442279","chr13","125005869","125006143","8","122563864"
"chr10","2461044","2461314","chr18","15713080","15713338","70","13252036"
"chr10","2465796","2466091","chr2","76987834","76988133","67","74522038"
"chr10","2469056","2469233","chr13","124974323","124974503","5","122505267"
"chr10","2482758","2482994","chr13","124960581","124960815","5","122477823"
"chr10","2485269","2485504","chr13","124960581","124960815","4","122475312"
"chr10","2496090","2496208","chr1","92851869","92851992","16","90355779"
"chr10","2496242","2496399","chr14","61682586","61682743","38","59186344"
"chr10","2529618","2529904","chr13","124913785","124914074","8","122384167"
"chr10","2534042","2534202","chr13","124909541","124909700","5","122375499"
"chr10","2641550","2641822","chr13","124800719","124800991","5","122159169"
"chr10","2721358","2721490","chr13","124720578","124720710","3","121999220"
"chr10","2736748","2736897","chr5","158084895","158085039","33","155348147"
"chr10","2751008","2751329","chr11","111446387","111446698","66","108695379"
"chr10","2775247","2775549","chr13","42148173","42148475","65","39372926"
"chr10","2776192","2776317","chr13","124665510","124665632","6","121889318"
"chr10","2787399","2787525","chr13","124653558","124653684","5","121866159"
"chr10","2865169","2865302","chr13","124574760","124574888","13","121709591"
"chr10","2875459","2875753","chr13","124564683","124564981","8","121689224"
"chr10","2909794","2910102","chr14","103256715","103257018","58","100346921"
"chr10","2933982","2934066","chr8","63261217","63261298","21","60327235"
"chr10","2951101","2951290","chr13","124490016","124490205","2","121538915"
"chr10","2967173","2967476","chrX","117836845","117837138","64","114869672"
"chr10","2997871","2998146","chr13","124439240","124439521","16","121441369"
"chr10","3013067","3013250","chr3","39637535","39637706","44","36624468"
"chr10","3013545","3013671","chr3","157237570","157237689","29","154224025"
"chr10","3054057","3054207","chr13","124384255","124384405","2","121330198"
"chr10","3097385","3097676","chr13","124340362","124340663","27","121242977"
"chr10","3154562","3154857","chr13","124283056","124283352","13","121128494"
"chr10","3387684","3387895","chr11","119875863","119876070","55","116488179"
"chr10","3409990","3410276","chr3","128375398","128375679","62","124965408"
"chr10","3410310","3410336","chr16","31975848","31975874","9","28565538"
"chr10","3645619","3645929","JH680355","50359","50671","9","3595260"
"chr10","3987124","3987392","chr13","123451001","123451284","20","119463877"
"chr10","4165657","4165742","chrX","86625082","86625163","24","82459425"
"chr10","4414191","4414461","chr13","123023611","123023870","16","118609420"
"chr10","4470177","4470452","chr13","122967535","122967739","73","118497358"
"chr10","4540303","4540461","chr13","122898463","122898626","8","118358160"
"chr10","4651415","4651677","chr13","122785362","122785624","5","118133947"
"chr10","4663887","4664192","chr3","45942175","45942480","8","41278288"
"chr10","4674289","4674600","chr13","122766480","122766796","13","118092191"
"chr10","4700988","4701275","chr13","122738826","122739116","14","118037838"
"chr10","4762346","4762566","chr13","122668535","122668756","10","117906189"
"chr10","4793909","4794212","chr13","122638401","122638704","14","117844492"
"chr10","5071841","5072122","chr1","72598879","72599163","71","67527038"
"chr10","5118853","5119134","chr13","122309426","122309693","24","117190573"
"chr10","5244727","5244862","chr15","67952140","67952272","22","62707413"
"chr10","5462607","5462772","chr13","121962788","121962953","3","116500181"
"chr10","5559644","5559801","chr13","121867848","121868005","9","116308204"
"chr10","5625271","5625425","chr1","35495827","35495978","26","29870556"
"chr10","5997545","5997834","chr13","121425048","121425338","14","115427503"
"chr10","6117829","6117960","chr13","121304829","121304959","5","115187000"
"chr10","6347298","6347559","chr8","43785348","43785614","72","37438050"
"chr10","6537861","6538184","chr13","120912907","120913213","29","114375046"
"chr10","6574210","6574371","chr13","120878922","120879073","11","114304712"
"chr10","6918524","6918607","chr13","120531059","120531142","1","113612535"
"chr10","7240338","7240644","chr13","120203203","120203483","39","112962865"
"chr10","7498660","7498958","chr13","119945725","119946026","13","112447065"
"chr10","7515837","7516189","chr4","149961007","149961335","111","142445170"
"chr10","7808695","7808961","chr13","119625871","119626139","12","111817176"
"chr10","7880098","7880396","chr13","119553053","119553351","13","111672955"
"chr10","7970261","7970385","chr13","119464952","119465076","2","111494691"
"chr10","8225980","8226260","chr13","119211224","119211531","35","110985244"
"chr10","8232544","8232849","chr13","119202671","119202978","19","110970127"
"chr10","8332252","8332565","chr13","119104476","119104789","10","110772224"
"chr10","8428375","8428663","chr13","119005310","119005598","8","110576935"
"chr10","8456707","8456991","chr13","118974845","118975114","27","110518138"
"chr10","8475821","8475861","chr7","40671403","40671443","8","32195582"
"chr10","8475891","8475968","chr10","15559630","15559704","18","7083739"
"chr10","8500447","8500759","chr14","18141725","18142036","57","9641278"
"chr10","8509839","8510134","chr13","118918795","118919091","13","110408956"
"chr10","8514220","8514513","chr13","118916157","118916450","3","110401937"
"chr10","8543027","8543153","chr13","118888029","118888155","2","110345002"
"chr10","8545055","8545346","chr13","118879650","118879941","7","110334595"
"chr10","8567689","8567816","chr13","118856948","118857075","4","110289259"
"chr10","8618263","8618517","chr13","118802344","118802598","8","110184081"
"chr10","8627771","8628067","chr13","118793231","118793526","13","110165460"
"chr10","8646006","8646292","chr13","118776359","118776645","11","110130353"
"chr10","8707972","8708155","chr7","87895596","87895781","52","79187624"
"chr10","8708442","8708589","chr1","53380910","53381044","41","44672468"
"chr10","8767301","8767577","chr13","118652967","118653247","14","109885666"
"chr10","8870126","8870243","chr7","49244730","49244846","16","40374604"
"chr10","8870276","8870408","chr16","23223813","23223954","36","14353537"
"chr10","8878246","8878549","chr13","118544561","118544864","15","109666315"
"chr10","8894686","8894871","chr7","73843605","73843783","48","64948919"
"chr10","8901245","8901493","chr13","118522658","118522907","9","109621413"
"chr10","8978061","8978196","chr5","33425687","33425822","19","24447626"
"chr10","9020111","9020403","chr13","118404064","118404347","16","109383953"
"chr10","9027347","9027559","chr13","118396758","118396973","11","109369411"
"chr10","9030768","9031053","chr5","73652749","73653035","73","64621981"
"chr10","9031239","9031379","chr13","118392927","118393074","13","109361688"
"chr10","9031388","9031675","chr13","118392627","118392926","25","109361239"
"chr10","9063589","9063742","chr13","118360764","118360917","3","109297175"
"chr10","9147939","9148226","chr13","118274943","118275230","13","109127004"
"chr10","9224781","9225038","chr13","118197410","118197670","9","108972629"
"chr10","9283276","9283543","chr19","28498114","28498382","65","19214838"
"chr10","9412858","9413193","chr13","118005213","118005515","44","108592355"
"chr10","9580028","9580327","chr3","1656618","1656912","60","7923410"
"chr10","9597349","9597450","chr1","18850397","18850497","27","9253048"
"chr10","9597750","9597951","chr3","44833815","44834010","53","35236065"
"chr10","9615468","9615776","chr13","117801768","117802076","10","108186300"
"chr10","9650260","9650566","chr11","26789186","26789492","61","17138926"
"chr10","9746636","9746935","chr13","117669499","117669794","9","107922863"
"chr10","9845833","9846048","chr13","117571642","117571860","6","107725809"
"chr10","9984850","9985120","chr13","117429661","117429912","20","107444811"
"chr10","10006418","10006545","chr13","117408428","117408554","2","107402010"
"chr10","10084385","10084658","chr13","117332848","117333118","10","107248463"
"chr10","10084683","10084814","chr13","117332692","117332823","2","107248009"
"chr10","10085519","10085649","chr13","117331893","117332019","11","107246374"
"chr10","10125196","10125478","chr13","117286524","117286805","11","107161328"
"chr10","10135181","10135466","chr13","117276530","117276816","5","107141349"
"chr10","10139722","10140020","chr5","2330607","2330904","55","7809115"
"chr10","10187892","10188204","chr13","117238739","117239048","11","107050847"
"chr10","10206716","10207015","chr13","117220253","117220565","20","107013537"
"chr10","10213442","10213585","chr13","117213677","117213819","5","107000235"
"chr10","10221810","10221976","chr15","57493439","57493603","3","47271629"
"chr10","10228217","10228469","chr13","117206414","117206717","55","106978197"
"chr10","10232790","10233063","chr13","117201821","117202086","15","106969031"
"chr10","10253409","10253598","chr13","117176885","117177085","15","106923476"
"chr10","10335811","10336100","chr13","117093590","117093879","7","106757779"
"chr10","10373636","10373942","chr13","117055589","117055896","5","106681953"
"chr10","10411788","10412096","chr13","117017520","117017812","23","106605732"
"chr10","10417136","10417410","chr13","117012201","117012475","5","106595065"
"chr10","10512339","10512631","chr13","116916940","116917217","29","106404601"
"chr10","10529594","10529838","chr1","13445722","13445949","66","2916128"
"chr10","10584870","10585190","chr2","187012422","187012719","74","176427552"
"chr10","10599024","10599199","chr13","116829789","116829950","18","106230765"
"chr10","10604891","10605018","chr13","116823832","116823960","7","106218941"
"chr10","10691263","10691556","chr13","116739661","116739958","13","106048398"
"chr10","10691633","10691786","chr13","116739425","116739576","3","106047792"
"chr10","10753325","10753443","chr9","12625020","12625136","19","1871695"
"chr10","10765731","10766026","chr13","116664678","116664973","10","105898947"
"chr10","10775965","10776252","chr14","8733101","8733382","54","2042864"
"chr10","10783475","10783744","chr13","116645539","116645808","5","105862064"
"chr10","10928510","10928805","chr5","130480525","130480821","66","119552015"
"chr10","10936147","10936273","chr13","116495251","116495365","12","105559104"
"chr10","10971695","10971823","chr13","116459739","116459851","17","105488044"
"chr10","10973704","10974009","chr13","116457541","116457857","20","105483837"
"chr10","10983882","10984204","chr13","116447242","116447572","27","105463360"
"chr10","10995824","10995983","chr1","183227424","183227572","36","172231600"
"chr10","10996263","10996403","chrX","86231180","86231312","24","75234917"
"chr10","10998143","10998421","chr13","116432078","116432352","12","105433935"
"chr10","11007899","11008198","chr1","130466035","130466336","64","119458136"
"chr10","11058430","11058726","chr13","116372667","116372952","18","105314237"
"chr10","11127758","11128055","chr13","116303733","116304025","17","105175975"
"chr10","11128787","11128913","chr13","116302834","116302956","9","105174047"
"chr10","11183461","11183739","chr13","116246370","116246648","9","105062909"
"chr10","11219803","11220080","chr3","157425263","157425552","67","146205460"
"chr10","11229884","11230012","chr10","85649678","85649809","27","74419794"
"chr10","11337194","11337408","chr13","116095618","116095855","31","104758424"
"chr10","11386685","11386767","chr13","116035392","116035474","0","104648707"
"chr10","11541868","11542156","chr13","115880562","115880852","8","104338694"
"chr10","11549385","11549682","chr13","115873050","115873363","28","104323665"
"chr10","11642744","11643044","chr13","115780363","115780662","8","104137619"
"chr10","11834608","11834894","chr13","115587733","115588020","13","103753125"
"chr10","11853974","11854135","chr2","98280335","98280497","46","86426361"
"chr10","11911937","11912227","chr3","43133629","43133918","66","31221692"
"chr10","12080354","12080630","chr13","24523841","24524122","61","12443487"
"chr10","12151273","12151580","chr13","115258375","115258677","13","103107102"
"chr10","12190955","12191267","chr13","115211690","115211995","15","103020735"
"chr10","12286297","12286423","chr13","115116614","115116741","4","102830317"
"chr10","12351502","12351715","chr13","115051294","115051508","6","102699792"
"chr10","12633812","12634077","chr13","114750508","114750773","10","102116696"
"chr10","12640186","12640480","chr13","114739092","114739386","11","102098906"
"chr10","12915943","12916182","chr7","145085966","145086197","46","132170023"
"chr10","12916220","12916272","chr3","52638513","52638563","8","39722293"
"chr10","13344702","13344901","chr13","113996906","113997106","6","100652204"
"chr10","13399105","13399361","chr13","113943307","113943596","39","100544202"
"chr10","13411643","13411899","chr13","113943307","113943596","39","100531664"
"chr10","13542492","13542509","chr4","37952686","37952708","8","24410194"
"chr10","13544846","13544956","chr9","91784905","91785014","26","78240059"
"chr10","13569221","13569344","chr13","113782145","113782277","15","100212924"
"chr10","13571367","13571656","chr13","113779868","113780186","41","100208501"
"chr10","13671828","13672113","chr13","113670868","113671143","60","99999040"
"chr10","14023361","14023478","chr1","157383976","157384093","19","143360615"
"chr10","14257957","14258239","chr13","113071891","113072180","24","98813934"
"chr10","14267708","14267955","chr13","113071891","113072180","54","98804183"
"chr10","14360100","14360214","chr13","112969373","112969495","12","98609273"
"chr10","14369887","14370163","chr13","112959437","112959713","17","98589550"
"chr10","14370231","14370251","chr6","172915280","172915296","6","158545049"
"chr10","14874468","14874748","chr13","112439007","112439284","17","97564539"
"chr10","14985600","14985884","chr13","112322634","112322906","16","97337034"
"chr10","15049525","15049851","chr9","55665472","55665776","87","40615947"
"chr10","15066806","15066925","chr5","130011011","130011138","28","114944205"
"chr10","15169879","15170151","chr13","112137735","112138031","30","96967856"
"chr10","15172222","15172386","chr13","112135428","112135599","12","96963206"
"chr10","15343044","15343173","chr13","111970843","111970972","4","96627799"
"chr10","15424171","15424386","chr13","111892175","111892390","5","96468004"
"chr10","15427534","15427645","chr13","111889099","111889209","3","96461565"
"chr10","15795955","15796237","chr13","111518551","111518833","10","95722596"
"chr10","16110965","16111254","chr13","111198304","111198605","20","95087339"
"chr10","16127460","16127724","chr10","35886689","35886964","70","19759229"
"chr10","16298753","16298877","chr13","111012995","111013121","3","94714242"
"chr10","16312065","16312352","chr3","42406924","42407215","53","26094859"
"chr10","16334478","16334780","chr13","110977272","110977568","14","94642794"
"chr10","16363217","16363510","chr13","110948657","110948949","8","94585440"
"chr10","16395881","16396099","chr13","110915819","110916034","11","94519938"
"chr10","16396632","16396786","chr13","110915119","110915283","26","94518487"
"chr10","16405110","16405396","chr13","110912131","110912405","15","94507021"
"chr10","16415513","16415822","chr13","110894001","110894310","4","94478488"
"chr10","16541886","16542044","chr3","72529917","72530074","30","55988031"
"chr10","16554231","16554359","chr13","110752824","110752952","0","94198593"
"chr10","16559874","16560164","chr13","110746765","110747055","3","94186891"
"chr10","16582188","16582491","chr13","110725016","110725316","8","94142828"
"chr10","16624491","16624750","chr13","110683132","110683395","11","94058641"
"chr10","16642839","16643112","chr13","110664808","110665099","24","94021969"
"chr10","16669194","16669382","chr1","113515434","113515591","54","96846240"
"chr10","16679085","16679161","chr6","169377867","169377942","17","152698782"
"chr10","16694876","16695049","chr14","63372422","63372593","44","46677546"
"chr10","17149268","17149575","chr20","10603933","10604232","66","6545335"
"chr10","17321075","17321359","chr13","109981592","109981877","11","92660517"
"chr10","17335425","17335722","chr13","109967558","109967855","8","92632133"
"chr10","17498614","17498770","chr13","92739576","92739730","37","75240962"
"chr10","17499065","17499210","chr4","103366870","103367011","34","85867805"
"chr10","17505153","17505228","chr6","67523619","67523695","17","50018466"
"chr10","17987894","17988018","chr1","52522560","52522684","8","34534666"
"chr10","18060396","18060469","chr13","109232124","109232197","1","91171728"
"chr10","18084710","18085007","chr13","109207615","109207916","17","91122905"
"chr10","18110793","18111072","chr13","109181831","109182110","10","91071038"
"chr10","18149590","18149890","chr15","42728740","42729040","60","24579150"
"chr10","18179295","18179602","chr13","109110405","109110712","7","90931110"
"chr10","18281149","18281270","chr13","109002525","109002646","0","90721376"
"chr10","18325864","18326109","chr13","108959465","108959710","7","90633601"
"chr10","18383145","18383441","chr13","108902854","108903157","18","90519709"
"chr10","18429667","18429961","chr13","108857005","108857289","17","90427338"
"chr10","18437703","18437849","chr13","108849198","108849331","15","90411495"
"chr10","18543368","18543496","chr13","108742963","108743067","26","90199595"
"chr10","18617161","18617320","chr19","2682912","2683069","50","15934249"
"chr10","18617831","18617988","chr13","108668798","108668955","5","90050967"
"chr10","18643532","18643815","chr13","108643391","108643674","6","89999859"
"chr10","18653257","18653502","chr13","108633761","108634046","41","89980504"
"chr10","18721137","18721333","chr13","108565744","108565939","10","89844607"
"chr10","18766578","18766864","chr13","108518127","108518413","15","89751549"
"chr10","18853544","18853846","chr13","108430215","108430515","18","89576671"
"chr10","18901338","18901601","chr2","135417164","135417422","63","116515826"
"chr10","19023622","19023796","chr14","55989546","55989716","30","36965924"
"chr10","19024096","19024241","chr16","24034428","24034567","27","5010332"
"chr10","19036981","19037285","chr13","108238465","108238805","48","89201484"
"chr10","19085570","19085682","chr10","27156277","27156390","20","8070707"
"chr10","19085713","19085870","chr10","61715373","61715531","29","42629660"
"chr10","19100128","19100396","chr13","108174676","108174944","2","89074548"
"chr10","19118999","19119288","chr7","131944095","131944393","59","112825096"
"chr10","19155597","19155827","chr13","108119094","108119371","49","88963497"
"chr10","19207517","19207737","chr2","97365422","97365640","41","78157905"
"chr10","19217412","19217544","chr13","108055565","108055697","2","88838153"
"chr10","19231398","19231700","chr13","108040435","108040737","7","88809037"
"chr10","19255274","19255465","chr7","129345853","129346030","50","110090579"
"chr10","19272674","19272965","chr13","107999063","107999356","13","88726389"
"chr10","19397675","19397975","chr15","5872415","5872701","71","13525260"
"chr10","19409801","19409939","chr7","15523849","15523987","23","3885952"
"chr10","19410214","19410360","chr14","35121308","35121446","39","15711094"
"chr10","19465318","19465538","chr5","50313471","50313682","49","30848153"
"chr10","19469165","19469466","chr13","107796549","107796850","6","88327384"
"chr10","19482453","19482743","chr13","107782739","107783029","5","88300286"
"chr10","19486213","19486507","chr13","107778965","107779259","3","88292752"
"chr10","19530698","19530847","chr13","107733329","107733482","7","88202631"
"chr10","19575396","19575678","chr13","107689365","107689654","14","88113969"
"chr10","19615559","19615747","chr13","107651634","107651790","32","88036075"
"chr10","19615763","19616079","chr13","107651261","107651564","18","88035498"
"chr10","19657516","19657808","chr5","72941667","72941963","62","53284151"
"chr10","19685457","19685752","chr13","107580993","107581287","5","87895536"
"chr10","19744611","19744914","chr13","107527534","107527837","3","87782923"
"chr10","19761786","19762073","chr13","107510294","107510581","7","87748508"
"chr10","19764632","19764887","chr13","107507519","107507776","8","87742887"
"chr10","19869104","19869394","chr13","107399911","107400202","5","87530807"
"chr10","19884653","19884785","chr2","184609863","184609987","29","164725210"
"chr10","19900741","19901035","chr13","107368302","107368583","19","87467561"
"chr10","19906267","19906554","chr13","107362788","107363074","4","87456521"
"chr10","19915269","19915425","chr13","107353292","107353448","5","87438023"
"chr10","19921537","19921825","chr13","107346086","107346385","16","87424549"
"chr10","19926149","19926421","chr11","755153","755426","72","19170996"
"chr10","19945574","19945699","chr13","107322284","107322415","8","87376710"
"chr10","19947254","19947409","chr13","107319113","107319284","20","87371859"
"chr10","19956960","19957080","chr12","64342670","64342782","31","44385710"
"chr10","19957084","19957354","chr13","107309187","107309445","22","87352103"
"chr10","20013575","20013692","chr13","107249330","107249447","4","87235755"
"chr10","20014471","20014539","chr10","13991449","13991512","15","6023022"
"chr10","20014845","20014960","chr13","107249330","107249447","18","87234485"
"chr10","20018691","20018812","chr13","107244219","107244340","2","87225528"
"chr10","20020173","20020489","chr13","107242546","107242864","7","87222373"
"chr10","20033337","20033493","chr13","107230023","107230173","9","87196686"
"chr10","20109876","20110160","chrX","138507447","138507737","53","118397571"
"chr10","20146210","20146509","chr13","107112135","107112434","7","86965925"
"chr10","20186702","20186898","chr1","38252740","38252919","58","18066038"
"chr10","20218886","20219039","chr8","27683196","27683353","40","7464310"
"chr10","20219333","20219489","chrX","112840401","112840543","33","92621068"
"chr10","20231052","20231360","chr13","107027144","107027455","10","86796092"
"chr10","20235219","20235335","chr13","107023160","107023276","2","86787941"
"chr10","20280458","20280476","chr7","125655255","125655271","4","105374797"
"chr10","20280504","20280790","chr13","106975170","106975453","7","86694666"
"chr10","20354925","20355234","chr13","106900984","106901293","2","86546059"
"chr10","20356747","20357049","chr13","106899167","106899470","6","86542420"
"chr10","20386620","20386770","chr13","106868819","106868970","4","86482199"
"chr10","20634537","20634849","chr13","106622739","106623051","6","85988202"
"chr10","20886887","20887190","chr13","106356457","106356760","3","85469570"
"chr10","21120161","21120468","chr13","106114990","106115296","10","84994829"
"chr10","21370958","21371248","chr13","105850075","105850361","9","84479117"
"chr10","21461360","21461524","chr13","105758287","105758455","7","84296927"
"chr10","21503601","21503766","chr13","105711153","105711317","6","84207552"
"chr10","21606554","21606832","chr13","105608568","105608846","6","84002014"
"chr10","21695053","21695169","chr13","105517998","105518114","3","83822945"
"chr10","22016528","22016697","chr12","99966","100134","7","21916562"
"chr10","22022578","22022880","chr12","105862","106142","38","21916716"
"chr10","22096774","22096898","chr13","31206327","31206451","22","9109553"
"chr10","22191096","22191398","chr12","262027","262329","5","21929069"
"chr10","22224646","22224950","chr13","105207411","105207710","10","82982765"
"chr10","22423254","22423386","chr13","105062791","105062916","12","82639537"
"chr10","22438754","22438886","chr13","105062791","105062916","10","82624037"
"chr10","23556889","23557163","chr13","105026023","105026311","24","81469134"
"chr10","23727705","23727992","chr12","587263","587548","6","23140442"
"chr10","23819033","23819315","chr12","679283","679565","7","23139750"
"chr10","23840857","23841148","chr12","699761","700052","3","23141096"
"chr10","23858922","23859046","chr5","79733652","79733772","23","55874730"
"chr10","23866959","23867253","chr12","727201","727459","44","23139758"
"chr10","23901759","23901908","chr15","102253508","102253660","34","78351749"
"chr10","24060640","24060945","chr12","930456","930761","7","23130184"
"chr10","24081876","24082014","chr12","951654","951792","6","23130222"
"chr10","24169463","24169513","chr10","66265928","66265974","11","42096465"
"chr10","24201163","24201269","chr12","1067786","1067891","2","23133377"
"chr10","24222720","24223020","chr11","21302893","21303192","41","2919827"
"chr10","24327238","24327286","chr1","143853341","143853388","14","119526103"
"chr10","24400915","24401115","chr3","19286320","19286518","54","5114595"
"chr10","24448695","24448988","chr12","1323306","1323591","15","23125389"
"chr10","24743843","24744142","chr12","1622397","1622695","5","23121446"
"chr10","24750568","24750875","chr2","76941255","76941564","67","52190687"
"chr10","25007901","25008051","chr12","1894189","1894341","5","23113712"
"chr10","25055026","25055325","chr9","34368591","34368893","60","9313565"
"chr10","25073557","25073645","chr20","26083542","26083634","22","1009985"
"chr10","25150831","25151158","chr12","2042523","2042843","22","23108308"
"chr10","25311402","25311741","chr12","2202922","2203259","4","23108480"
"chr10","25481584","25481738","chr12","2379010","2379164","7","23102574"
"chr10","25772922","25773090","chr12","2695289","2695453","8","23077633"
"chr10","25944512","25944822","chr12","2869923","2870227","16","23074589"
"chr10","26014944","26015287","chr12","2937718","2938048","22","23077226"
"chr10","26044564","26044685","chr7","91214155","91214274","24","65169591"
"chr10","26220431","26220594","chr12","3150263","3150426","3","23070168"
"chr10","26262438","26262736","chr12","78186183","78186482","61","51923745"
"chr10","26360517","26360808","chr12","3298919","3299206","11","23061598"
"chr10","26436636","26436755","chr14","28780822","28780943","23","2344186"
"chr10","26797178","26797462","chr12","3740749","3741035","8","23056429"
"chr10","26951523","26951732","chr4","12302619","12302831","67","14648904"
"chr10","27022675","27022982","chr12","3967444","3967749","5","23055231"
"chr10","27113898","27114034","chr9","31201531","31201670","37","4087633"
"chr10","27131529","27131800","chr12","4075055","4075326","6","23056474"
"chr10","27174468","27174618","chr12","4118468","4118618","2","23056000"
"chr10","27197017","27197305","chr12","4140842","4141130","6","23056175"
"chr10","27254049","27254225","chr12","4201212","4201388","6","23052837"
"chr10","27264475","27264680","chr12","4209460","4209669","12","23055015"
"chr10","27658163","27658331","chr12","4599976","4600144","5","23058187"
"chr10","27729966","27730211","chr12","4671658","4671903","7","23058308"
"chr10","27748496","27748611","chr12","4691495","4691610","3","23057001"
"chr10","27760788","27760928","chr12","4704732","4704872","4","23056056"
"chr10","27960398","27960676","chr12","4916523","4916802","8","23043875"
"chr10","27979147","27979462","chr12","4934502","4934817","6","23044645"
"chr10","28003803","28004094","chr3","65716013","65716305","78","37712210"
"chr10","28109110","28109445","chr12","5066346","5066679","12","23042764"
"chr10","28160709","28160871","chr6","101935951","101936107","31","73775242"
"chr10","28160921","28161060","chr1","61213409","61213548","44","33052488"
"chr10","28187553","28187866","chr12","5145840","5146153","2","23041713"
"chr10","28219433","28219728","chr12","5178332","5178649","26","23041101"
"chr10","28241019","28241303","chr12","5199686","5199970","3","23041333"
"chr10","28248579","28248880","chr12","5207257","5207558","5","23041322"
"chr10","28280440","28280723","chr12","5239318","5239601","4","23041122"
"chr10","28309204","28309472","chr12","5268662","5268930","4","23040542"
"chr10","28313741","28313880","chr12","5273169","5273295","15","23040572"
"chr10","28336345","28336478","chr17","10075979","10076113","26","18260366"
"chr10","28383766","28383913","chr12","5343920","5344069","11","23039846"
"chr10","28385537","28385634","chr12","5345693","5345790","3","23039844"
"chr10","28721187","28721353","chr12","5676398","5676564","0","23044789"
"chr10","28742362","28742647","chr12","5697633","5697918","2","23044729"
"chr10","28780992","28781278","chr12","5735974","5736260","8","23045018"
"chr10","29056998","29057285","chr12","6008099","6008396","19","23048899"
"chr10","29067151","29067454","chr12","6018259","6018555","14","23048892"
"chr10","29146853","29147133","chr12","6098587","6098830","45","23048266"
"chr10","29206734","29206950","chr12","6158364","6158588","21","23048370"
"chr10","29239772","29240060","chr12","6190753","6191038","10","23049019"
"chr10","29372588","29372728","chr12","6322987","6323127","2","23049601"
"chr10","29396442","29396589","chr12","6346851","6346998","4","23049591"
"chr10","29559213","29559519","chr8","127970126","127970433","53","98410913"
"chr10","29601393","29601622","chr12","6552901","6553096","35","23048492"
"chr10","29615177","29615406","chr16","51291432","51291651","51","21676255"
"chr10","29623393","29623516","chr12","93063345","93063469","21","63439952"
"chr10","29664005","29664276","chr12","6610626","6610864","41","23053379"
"chr10","29740254","29740557","chr12","6682437","6682741","13","23057817"
"chr10","29897087","29897343","chr12","6839443","6839696","13","23057644"
"chr10","29945795","29945980","chr15","39506686","39506850","47","9560891"
"chr10","30008750","30009062","chr12","6949895","6950213","15","23058855"
"chr10","30202782","30203078","chr12","7144361","7144661","8","23058421"
"chr10","30257723","30258024","chr12","7199174","7199454","34","23058549"
"chr10","30535872","30536206","chr12","7462970","7463282","36","23072902"
"chr10","30883817","30884109","chr12","7821610","7821901","5","23062207"
"chr10","30919499","30919813","chr12","7857045","7857376","23","23062454"
"chr10","31069672","31070023","chr1","57102001","57102333","111","26032329"
"chr10","31070026","31070320","chr12","8006296","8006590","6","23063730"
"chr10","31164938","31165107","chr12","8103331","8103500","3","23061607"
"chr10","31169522","31169821","chr10","6785533","6785841","64","24383989"
"chr10","31227432","31227738","chr12","8163192","8163498","3","23064240"
"chr10","31458053","31458346","chr12","8389587","8389880","5","23068466"
"chr10","31814217","31814509","chr12","8750113","8750404","11","23064104"
"chr10","31844538","31844834","chr13","38010452","38010754","72","6165914"
"chr10","32144635","32144923","chr12","9090200","9090516","36","23054435"
"chr10","32305541","32305781","chr12","9246516","9246750","7","23059025"
"chr10","32306634","32306703","chr12","9247617","9247681","9","23059017"
"chr10","32381825","32381950","chr12","9321336","9321461","2","23060489"
"chr10","32466375","32466637","chr12","9403725","9403986","6","23062650"
"chr10","32483211","32483508","chr12","9419579","9419876","0","23063632"
"chr10","32855822","32855983","chr12","9774224","9774381","8","23081598"
"chr10","32958808","32958995","chr12","9877720","9877907","5","23081088"
"chr10","33173968","33174243","chr9","11138131","11138406","72","22035837"
"chr10","33189608","33189748","chr12","10108216","10108356","2","23081392"
"chr10","33189810","33189821","chr2","6035060","6035071","10","27154750"
"chr10","33340496","33340631","chr12","10257583","10257718","1","23082913"
"chr10","33374031","33374196","chr12","10290948","10291110","4","23083083"
"chr10","33434926","33435235","chr2","93416855","93417160","64","59981929"
"chr10","33538730","33539064","chr1","178486192","178486509","93","144947462"
"chr10","33585074","33585304","chr12","10495516","10495746","7","23089558"
"chr10","33590158","33590303","chr7","15523849","15523987","32","18066309"
"chr10","33590347","33590422","chr12","93796410","93796484","25","60206063"
"chr10","33627055","33627216","chr16","3930638","3930802","40","29696417"
"chr10","33627248","33627285","chrX","13954876","13954914","8","19672372"
"chr10","33648270","33648582","chr12","10562123","10562434","8","23086147"
"chr10","33736054","33736324","chr10","72455147","72455423","62","38719093"
"chr10","33737295","33737597","chr12","10645656","10645957","5","23091639"
"chr10","33934765","33934919","chr12","10839888","10840042","6","23094877"
"chr10","33967688","33967831","chr12","10871781","10871936","14","23095907"
"chr10","34037947","34038259","chr11","44812505","44812816","62","10774558"
"chr10","34067469","34067773","chr12","10968176","10968480","8","23099293"
"chr10","34072293","34072507","chr12","10972706","10972948","47","23099587"
"chr10","34079952","34080233","chr12","10980223","10980502","11","23099729"
"chr10","34095550","34095669","chr12","10995644","10995763","2","23099906"
"chr10","34106717","34106885","chr12","11011285","11011436","24","23095432"
"chr10","34107217","34107322","chrX","122922221","122922326","20","88815004"
"chr10","34135248","34135555","chr12","11038735","11039052","18","23096513"
"chr10","34144959","34145302","chr20","14194292","14194617","113","19950667"
"chr10","34315957","34316087","chr7","135824974","135825103","35","101509017"
"chr10","34316408","34316596","chr8","62536827","62537002","43","28220419"
"chr10","34435156","34435448","chr12","11334532","11334816","11","23100624"
"chr10","34499481","34499756","chr12","11397817","11398092","10","23101664"
"chr10","34509316","34509460","chr12","11406524","11406668","1","23102792"
"chr10","34674295","34674587","chr12","11567366","11567662","9","23106929"
"chr10","34736313","34736433","chr4","136030033","136030142","34","101293720"
"chr10","34802775","34802884","chr8","26050812","26050930","33","8751963"
"chr10","34802959","34803116","chr12","11695884","11696044","9","23107075"
"chr10","34851903","34852211","chr2","32784888","32785199","67","2067015"
"chr10","34859664","34859802","chr12","11749293","11749432","5","23110371"
"chr10","34912944","34913258","chr12","11801500","11801787","37","23111444"
"chr10","35294838","35295138","chr12","12172723","12173023","6","23122115"
"chr10","35306794","35306932","chr9","80000001","80000149","33","44693207"
"chr10","35348289","35348596","chr12","12227287","12227590","10","23121002"
"chr10","35411363","35411620","chr12","12289966","12290223","10","23121397"
"chr10","36146101","36146393","chr12","12994465","12994758","14","23151636"
"chr10","36191308","36191589","chr12","13040397","13040679","21","23150911"
"chr10","36210642","36210825","chr12","13060322","13060507","6","23150320"
"chr10","36234212","36234496","chr2","49047168","49047437","64","12812956"
"chr10","36317008","36317224","chr19","2423145","2423353","43","33893863"
"chr10","36326795","36327098","chr13","25406563","25406873","65","10920232"
"chr10","36437585","36437873","chr12","13283248","13283537","6","23154337"
"chr10","36448828","36449149","chr1","16269128","16269444","62","20179700"
"chr10","36506143","36506319","chr12","13346424","13346596","12","23159719"
"chr10","36571198","36571489","chr12","13410721","13411012","7","23160477"
"chr10","36649682","36649982","chr12","13489417","13489715","8","23160265"
"chr10","36683266","36683545","chr12","13521647","13521926","7","23161619"
"chr10","36744360","36744647","chr12","13578445","13578728","6","23165915"
"chr10","36789503","36789663","chr12","13624554","13624707","10","23164949"
"chr10","36842056","36842377","chr12","13675103","13675411","21","23166953"
"chr10","36843764","36843897","chr12","13676651","13676784","4","23167113"
"chr10","37006951","37006976","chr11","104617974","104617996","8","67611023"
"chr10","37007046","37007295","chr12","6098587","6098830","53","30908459"
"chr10","37007296","37007467","chr3","4804579","4804731","42","32202717"
"chr10","37079935","37080102","chr16","74286375","74286537","43","37206440"
"chr10","37134847","37135177","chr12","13969592","13969925","10","23165255"
"chr10","37197408","37197711","chr9","93371391","93371687","56","56173983"
"chr10","37264436","37264723","chr12","14100780","14101067","4","23163656"
"chr10","37264807","37264890","chr20","18866244","18866327","18","18398563"
"chr10","37296513","37296825","chr12","14131761","14132073","13","23164752"
"chr10","37302910","37303067","chr12","14138137","14138296","4","23164773"
"chr10","37311636","37311788","chr15","102253508","102253660","38","64941872"
"chr10","37330311","37330627","chr2","55131936","55132255","66","17801625"
"chr10","37360378","37360617","chr12","14191405","14191673","45","23168973"
"chr10","37360628","37360842","chr3","17661596","17661827","53","19699032"
"chr10","37369057","37369377","chr12","14198378","14198702","13","23170679"
"chr10","37409000","37409300","chr12","14237543","14237843","5","23171457"
"chr10","37419562","37419803","chr12","14247334","14247575","8","23172228"
"chr10","37449800","37450087","chr12","14276837","14277122","13","23172963"
"chr10","37460116","37460354","chr12","14287005","14287243","6","23173111"
"chr10","37472161","37472459","chr12","14297901","14298196","5","23174260"
"chr10","37484050","37484195","chr12","14310109","14310254","1","23173941"
"chr10","37502154","37502460","chr12","14327768","14328051","35","23174386"
"chr10","37505195","37505419","chr12","14331103","14331322","8","23174092"
"chr10","37519709","37519886","chr12","14345706","14345883","1","23174003"
"chr10","37539475","37539776","chr12","14364083","14364379","13","23175392"
"chr10","37567538","37567809","chr12","14390960","14391234","9","23176578"
"chr10","37594040","37594322","chr12","14418037","14418319","7","23176003"
"chr10","37595368","37595625","chr12","14419257","14419473","55","23176111"
"chr10","37601512","37601806","chr12","14423792","14424086","12","23177720"
"chr10","37624838","37625167","chr1","180091890","180092200","74","142467052"
"chr10","37625804","37626089","chr12","14447943","14448240","18","23177861"
"chr10","37628774","37629057","chr12","14450864","14451146","7","23177910"
"chr10","37675270","37675585","chr10","15629287","15629598","81","22045983"
"chr10","37693193","37693497","chr12","14508180","14508474","17","23185013"
"chr10","37701774","37702053","chr2","185311229","185311509","55","147609455"
"chr10","37709628","37709755","chr10","14340392","14340519","18","23369236"
"chr10","37732821","37733007","chr12","14531348","14531534","0","23201473"
"chr10","37749857","37749986","chr1","135097790","135097920","28","97347933"
"chr10","37763657","37763953","chr12","14559354","14559650","4","23204303"
"chr10","37767644","37767954","chr2","144697481","144697780","58","106929837"
"chr10","37810927","37811214","chr12","14606907","14607190","14","23204020"
"chr10","37835935","37836246","chr12","14632382","14632695","27","23203553"
"chr10","37864531","37864677","chr12","14661370","14661516","2","23203161"
"chr10","37870274","37870583","chr12","14667149","14667447","17","23203125"
"chr10","37901506","37901775","chr2","78054924","78055196","64","40153418"
"chr10","37906888","37907131","chr12","14705386","14705669","43","23201502"
"chr10","37934139","37934429","chr12","14731446","14731739","18","23202693"
"chr10","37978776","37979055","chr12","14774199","14774476","14","23204577"
"chr10","38038430","38038590","chr9","15659131","15659290","35","22379299"
"chr10","38093028","38093313","chr12","14884488","14884781","14","23208540"
"chr10","38102374","38102638","chr19","3014249","3014512","72","35088125"
"chr10","38154549","38154831","chr7","124024334","124024619","53","85869785"
"chr10","38176427","38176727","chr12","14968577","14968885","14","23207850"
"chr10","38181330","38181627","chr12","14973435","14973763","38","23207895"
"chr10","38206931","38207216","chr12","14999662","14999949","5","23207269"
"chr10","38209264","38209386","chr12","15001860","15001982","3","23207404"
"chr10","38223913","38224046","chr12","15015812","15015945","6","23208101"
"chr10","38243832","38243892","chr16","46322533","46322592","22","8078701"
"chr10","38304545","38304829","chr12","15094333","15094615","9","23210212"
"chr10","38342992","38343132","chr6","120022918","120023051","34","81679926"
"chr10","38343159","38343278","chr3","50864029","50864147","20","12520870"
"chr10","38424899","38425191","chr12","15207256","15207549","5","23217643"
"chr10","38442627","38442674","chr1","219370160","219370208","6","180927533"
"chr10","38780654","38780801","chrX","49532857","49533004","32","10752203"
"chr10","38806370","38806606","chr12","15588972","15589207","10","23217398"
"chr10","38830417","38830600","chr12","15612000","15612182","7","23218417"
"chr10","38872503","38872711","chr13","28789639","28789847","39","10082864"
"chr10","38872747","38872996","chr7","123277965","123278208","53","84405218"
"chr10","39354103","39354276","chr12","16127926","16128099","1","23226177"
"chr10","39561554","39561846","chr13","68324947","68325237","54","28763393"
"chr10","40171688","40171863","chr9","111502225","111502377","63","71330537"
"chr10","40222957","40223032","chr5","79766143","79766218","21","39543186"
"chr10","40223033","40223182","chr16","45590806","45590957","33","5367773"
"chr10","40261163","40261476","chr12","16826393","16826706","5","23434770"
"chr10","40573718","40573879","chr12","17129370","17129531","5","23444348"
"chr10","40587895","40588243","chr12","17142903","17143205","50","23444992"
"chr10","40897709","40897874","chr12","17450817","17450981","2","23446892"
"chr10","41175618","41175790","chr12","17722953","17723118","8","23452665"
"chr10","41577278","41577413","chr7","9414548","9414678","32","32162730"
"chr10","41577478","41577652","chr8","98260927","98261097","47","56683449"
"chr10","41589814","41590108","chr12","18138311","18138605","6","23451503"
"chr10","41696447","41696607","chr12","18248536","18248696","3","23447911"
"chr10","41802928","41803186","chr12","18352577","18352874","50","23450351"
"chr10","41807421","41807692","chr2","120830081","120830343","59","79022660"
"chr10","41814796","41814956","chr12","18360765","18360925","4","23454031"
"chr10","41819392","41819662","chr5","52352190","52352462","55","10532798"
"chr10","41840102","41840375","chr12","18385251","18385518","10","23454851"
"chr10","41845240","41845525","chr12","18390088","18390367","12","23455152"
"chr10","41871190","41871482","chr12","29322815","29323107","65","12548375"
"chr10","41918507","41918798","chr12","18460103","18460394","5","23458404"
"chr10","41925779","41925901","chr12","18467321","18467443","0","23458458"
"chr10","41930672","41930817","chr7","15523849","15523987","42","26406823"
"chr10","42001247","42001377","chr12","18542062","18542192","3","23459185"
"chr10","42004259","42004559","chr12","18545072","18545372","6","23459187"
"chr10","42069644","42069924","chr12","18605230","18605510","6","23464414"
"chr10","42247853","42248155","chr12","18776054","18776354","32","23471799"
"chr10","42260702","42260841","chr9","24636079","24636217","34","17624623"
"chr10","42278464","42278604","chr7","79299083","79299232","32","37020619"
"chr10","42321525","42321843","chr12","18849215","18849524","19","23472310"
"chr10","42576627","42576944","chr12","19091396","19091691","34","23485231"
"chr10","42587679","42587981","chr12","19101973","19102274","11","23485706"
"chr10","42628445","42628520","chr3","120794986","120795060","20","78166541"
"chr10","42833124","42833287","chr12","19330834","19330997","3","23502290"
"chr10","42872520","42872831","chr9","124749453","124749756","52","81876933"
"chr10","42977831","42978096","chr3","29765032","29765292","54","13212799"
"chr10","43016076","43016353","chr12","19515962","19516239","3","23500114"
"chr10","43076643","43076817","chr12","19575650","19575825","2","23500993"
"chr10","43169711","43169982","chr12","19663852","19664123","8","23505859"
"chr10","43202533","43202793","chr12","19696945","19697234","34","23505588"
"chr10","43216768","43217087","chr12","19710809","19711100","34","23505959"
"chr10","43222290","43222540","chr12","19716332","19716582","8","23505958"
"chr10","43233826","43234116","chr12","19726378","19726677","16","23507448"
"chr10","43336642","43336767","chr12","19828277","19828402","1","23508365"
"chr10","43538949","43539278","chr12","20026783","20027109","17","23512166"
"chr10","43693753","43693877","chr14","55988922","55989052","28","12295169"
"chr10","43706582","43706881","chr12","20199040","20199333","12","23507542"
"chr10","43718261","43718559","chr12","20210771","20211071","17","23507490"
"chr10","43747895","43748095","chr6","108010515","108010694","51","64262620"
"chr10","43836715","43837007","chr12","20330982","20331280","8","23505733"
"chr10","43842046","43842344","chr12","20336336","20336634","5","23505710"
"chr10","43846610","43846912","chr12","20340892","20341188","14","23505718"
"chr10","43885098","43885382","chr12","20379408","20379692","4","23505690"
"chr10","44004482","44004803","chr12","20500324","20500645","11","23504158"
"chr10","44038837","44039122","chr12","20533906","20534191","7","23504931"
"chr10","44092302","44092475","chr12","20585840","20586013","3","23506462"
"chr10","44161794","44162090","chr12","20654026","20654335","22","23507768"
"chr10","44175718","44176014","chr12","20667536","20667832","10","23508182"
"chr10","44201736","44201841","chr12","20693565","20693670","1","23508171"
"chr10","44201856","44202142","chr12","20693685","20693971","4","23508171"
"chr10","44259593","44259786","chr12","20750977","20751172","15","23508616"
"chr10","44280448","44280736","chr1","54355581","54355866","56","10075133"
"chr10","44320147","44320395","chr12","20802248","20802503","36","23517899"
"chr10","44358308","44358592","chr12","20838732","20839017","6","23519576"
"chr10","44359709","44360013","chr12","20840102","20840432","33","23519607"
"chr10","44366235","44366542","chr12","20846969","20847291","22","23519266"
"chr10","44368964","44369257","chr12","20849701","20849992","8","23519263"
"chr10","44371610","44371905","chr12","20851894","20852189","4","23519716"
"chr10","44400568","44400874","chr12","20880536","20880831","13","23520032"
"chr10","44421316","44421597","chr12","20901737","20902018","5","23519579"
"chr10","44434748","44434860","chr12","20914760","20914872","4","23519988"
"chr10","44457014","44457139","chr12","20939795","20939920","9","23517219"
"chr10","44510960","44511191","chr5","176973324","176973534","89","132462364"
"chr10","44552510","44552792","chr12","21030494","21030775","10","23522016"
"chr10","44651194","44651500","chr12","21125405","21125720","13","23525789"
"chr10","44676710","44676927","chr12","21150456","21150673","9","23526254"
"chr10","44717593","44717779","chr2","78890989","78891187","44","34173396"
"chr10","44754567","44754827","chr12","21226258","21226448","79","23528309"
"chr10","44759586","44759708","chr11","84369712","84369833","17","39610126"
"chr10","44775132","44775419","chr4","98844762","98845034","72","54069630"
"chr10","44775475","44775491","chr20","49182636","49182649","3","4407161"
"chr10","44815315","44815626","chr12","21284218","21284541","20","23531097"
"chr10","44957066","44957362","chr12","21421093","21421390","5","23535973"
"chr10","44983293","44983343","chr12","21447327","21447377","1","23535966"
"chr10","44993740","44994047","chr12","21458001","21458313","11","23535739"
"chr10","45033412","45033567","chr1","1313249","1313400","40","43720163"
"chr10","45097284","45097578","chr12","21549471","21549767","4","23547813"
"chr10","45107918","45108210","chr18","6440201","6440502","62","38667717"
"chr10","45113198","45113476","chr12","21565234","21565515","9","23547964"
"chr10","45136100","45136469","chr12","21594158","21594527","9","23541942"
"chr10","45151313","45151453","chr11","124387945","124388076","26","79236632"
"chr10","45167197","45167359","chr12","21617543","21617705","4","23549654"
"chr10","45206180","45206475","chr12","21657191","21657482","10","23548989"
"chr10","45215786","45216084","chr12","21662959","21663257","9","23552827"
"chr10","45340011","45340160","chr12","21785161","21785310","1","23554850"
"chr10","45403143","45403450","chr12","21848501","21848808","5","23554642"
"chr10","45404933","45405235","chr12","21850301","21850603","3","23554632"
"chr10","45698402","45698696","chr12","22141225","22141527","12","23557177"
"chr10","45769810","45770098","chr12","22212662","22212943","15","23557148"
"chr10","45788642","45788910","chr12","22231245","22231527","31","23557397"
"chr10","45838220","45838492","chr12","22276922","22277195","6","23561298"
"chr10","45871848","45871998","chr12","22310231","22310381","0","23561617"
"chr10","45938416","45938707","chr12","22377425","22377716","3","23560991"
"chr10","46005313","46005649","chr11","111845263","111845585","72","65839950"
"chr10","46020496","46020802","chr12","22457927","22458216","25","23562569"
"chr10","46106157","46106451","chr12","22545930","22546224","9","23560227"
"chr10","46390746","46391051","chr2","113018044","113018352","70","66627298"
"chr10","46481333","46481485","chr12","22923681","22923834","7","23557652"
"chr10","46510139","46510442","chr12","22953050","22953353","10","23557089"
"chr10","46528112","46528246","chr12","22970610","22970749","11","23557502"
"chr10","46562954","46563099","chr12","23005525","23005670","2","23557429"
"chr10","46674791","46674922","chr1","19872269","19872406","34","26802522"
"chr10","46675217","46675270","chr6","171292289","171292340","9","124617072"
"chr10","46679652","46679925","chr12","23128866","23129139","8","23550786"
"chr10","46792198","46792306","chr12","23239624","23239732","2","23552574"
"chr10","46793877","46794164","chr12","23241304","23241591","6","23552573"
"chr10","46805434","46805742","chr12","23252547","23252855","10","23552887"
"chr10","46868619","46868907","chr12","23314639","23314927","6","23553980"
"chr10","46869109","46869392","chr12","23315130","23315413","4","23553979"
"chr10","46893490","46893721","chr12","23338769","23339000","3","23554721"
"chr10","46900592","46900855","chr12","23346199","23346462","5","23554393"
"chr10","46933246","46933558","chr12","23381745","23382039","21","23551501"
"chr10","46977184","46977468","chr15","49830711","49831005","17","2853527"
"chr10","47046821","47047006","chr20","8532916","8533092","58","38513905"
"chr10","47282275","47282568","chr12","23751613","23751899","13","23530662"
"chr10","47450070","47450263","chr12","23922708","23922873","34","23527362"
"chr10","47467080","47467216","chr10","65142483","65142614","38","17675403"
"chr10","47686016","47686312","chr12","24153393","24153690","13","23532623"
"chr10","47854980","47855285","chr7","122284684","122284978","65","74429704"
"chr10","47984395","47984680","chr20","7952466","7952747","54","40031929"
"chr10","48166981","48167276","chr12","24635095","24635390","9","23531886"
"chr10","48616783","48616945","chr12","25081133","25081296","3","23535650"
"chr10","48638548","48638841","chr12","25102448","25102743","5","23536100"
"chr10","48805618","48805775","chr12","25267470","25267620","9","23538148"
"chr10","48984070","48984360","chr12","25456120","25456409","7","23527950"
"chr10","49194309","49194499","chr17","8516683","8516860","59","40677626"
"chr10","49257005","49257307","chr12","25728884","25729195","13","23528121"
"chr10","49524568","49524811","chr12","25999098","25999341","3","23525470"
"chr10","49539704","49540017","chr12","26014249","26014559","12","23525455"
"chr10","49598069","49598231","chr12","26072332","26072494","1","23525737"
"chr10","49845573","49845794","chr12","26318374","26318595","6","23527199"
"chr10","49916931","49917218","chr12","26389066","26389353","7","23527865"
"chr10","50125328","50125497","chr7","39835851","39836019","48","10289477"
"chr10","50194517","50194752","chr12","26664874","26665109","4","23529643"
"chr10","50201653","50201820","chr12","26671656","26671807","18","23529997"
"chr10","50230201","50230318","chr1","17908780","17908903","32","32321421"
"chr10","50249297","50249578","chr1","198473054","198473333","57","148223757"
"chr10","50258286","50258567","chr12","26725482","26725769","16","23532804"
"chr10","50272098","50272307","chr1","31170582","31170788","47","19101516"
"chr10","50326725","50327034","chr12","26791496","26791805","9","23535229"
"chr10","50340759","50340961","chr12","26804689","26804891","3","23536070"
"chr10","50350590","50350749","chr12","26814508","26814667","1","23536082"
"chr10","50395188","50395405","chr12","26858009","26858204","29","23537179"
"chr10","50415871","50415978","chr12","26877668","26877775","3","23538203"
"chr10","50555311","50555607","chr12","27018591","27018887","4","23536720"
"chr10","50591169","50591472","chr16","59859140","59859455","81","9267971"
"chr10","50647491","50647646","chr12","27111433","27111588","1","23536058"
"chr10","50656623","50656786","chr12","27120019","27120179","4","23536604"
"chr10","50771365","50771526","chr11","52925931","52926094","39","2154566"
"chr10","50977289","50977550","chr3","52436427","52436695","69","1459138"
"chr10","51101856","51102021","chr12","27554338","27554524","24","23547518"
"chr10","51102067","51102253","chr12","27554338","27554524","5","23547729"
"chr10","51117485","51117800","chr12","27569834","27570140","19","23547651"
"chr10","51225665","51225954","chr12","27676516","27676805","6","23549149"
"chr10","51236379","51236689","chr12","27687386","27687702","9","23548993"
"chr10","51327745","51328037","chr12","27777742","27778034","5","23550003"
"chr10","51376330","51376595","chr13","27403471","27403729","73","23972859"
"chr10","51658653","51658952","chr12","28105343","28105642","7","23553310"
"chr10","51693270","51693403","chr12","28139783","28139910","8","23553487"
"chr10","51788469","51788750","chr12","28234635","28234916","4","23553834"
"chr10","51891109","51891231","chr12","28338883","28339003","6","23552226"
"chr10","52095353","52095498","chr12","28532650","28532780","17","23562703"
"chr10","52101143","52101285","chr12","28538346","28538476","16","23562797"
"chr10","52109536","52109618","chr11","45829649","45829733","14","6279887"
"chr10","52281517","52281637","chr2","89607419","89607539","25","37325902"
"chr10","52469811","52470123","chr12","28906187","28906506","18","23563624"
"chr10","52487847","52488090","chr12","28922246","28922530","44","23565601"
"chr10","52888904","52889194","chr12","29322815","29323107","5","23566089"
"chr10","53097226","53097521","chr12","29524068","29524365","6","23573158"
"chr10","53099404","53099712","chr12","29526241","29526547","14","23573163"
"chr10","53390825","53391138","chr12","29805618","29805928","8","23585207"
"chr10","53419703","53420005","chr12","29833040","29833342","14","23586663"
"chr10","53424474","53424769","chr12","29838168","29838462","8","23586306"
"chr10","53520274","53520560","chr12","29934666","29934942","21","23585608"
"chr10","53524174","53524300","chr12","29938555","29938665","18","23585619"
"chr10","53619616","53619901","chr12","30032963","30033250","9","23586653"
"chr10","53642522","53642830","chr12","30054951","30055258","12","23587571"
"chr10","53742672","53742960","chr12","30153596","30153893","23","23589076"
"chr10","53780638","53780834","chr2","60465075","60465255","57","6684437"
"chr10","53826701","53826976","chr12","30236566","30236841","3","23590135"
"chr10","53863532","53863655","chr12","30272939","30273060","4","23590593"
"chr10","53869764","53869897","chr5","32677518","32677651","23","21192246"
"chr10","53871478","53871784","chr12","30280905","30281207","15","23590573"
"chr10","53886011","53886310","chr12","30295260","30295557","9","23590751"
"chr10","53917630","53917787","chr12","30326979","30327139","8","23590651"
"chr10","53976774","53977071","chr12","30385459","30385753","9","23591315"
"chr10","53980294","53980431","chr4","84764886","84765021","19","30784592"
"chr10","53986928","53987158","chr12","30396166","30396401","7","23590762"
"chr10","54018357","54018612","chr12","30428093","30428348","2","23590264"
"chr10","54112044","54112254","chr12","30518582","30518800","21","23593462"
"chr10","54113268","54113484","chr6","170954100","170954318","47","116840832"
"chr10","54141932","54142126","chr8","62926002","62926186","54","8784070"
"chr10","54260352","54260672","chr12","30661352","30661669","14","23599000"
"chr10","54279571","54279807","chr6","68837551","68837780","63","14557980"
"chr10","54282524","54282648","chr12","30682674","30682798","3","23599850"
"chr10","54311846","54312008","chr12","30712394","30712556","2","23599452"
"chr10","54319859","54319976","chr12","30721069","30721186","1","23598790"
"chr10","54398550","54398589","chr8","65969677","65969715","3","11571127"
"chr10","54639421","54639553","chr1","17322432","17322563","25","37316989"
"chr10","54644323","54644620","chr12","31039616","31039913","8","23604707"
"chr10","54691413","54691516","chr12","31087465","31087568","2","23603948"
"chr10","54741649","54741943","chr12","31137497","31137786","9","23604152"
"chr10","54864277","54864580","chr12","31259580","31259884","3","23604697"
"chr10","54904858","54905022","chr12","31299695","31299856","9","23605163"
"chr10","54905194","54905358","chr12","31299695","31299856","9","23605499"
"chr10","54912856","54913018","chr7","159815500","159815665","33","104902644"
"chr10","54913053","54913174","chr11","49437194","49437311","19","5475859"
"chr10","54936277","54936584","chr12","31329202","31329510","16","23607075"
"chr10","54943306","54943539","chr12","31335698","31335931","7","23607608"
"chr10","54971214","54971528","chr12","31361852","31362167","5","23609362"
"chr10","54992417","54992574","chr12","31382188","31382333","15","23610229"
"chr10","55005914","55006103","chr20","53246286","53246474","48","1759628"
"chr10","55006400","55006527","chr13","93032716","93032836","22","38026316"
"chr10","55035034","55035296","chr12","31427709","31427990","22","23607325"
"chr10","55057907","55058161","chr19","6262160","6262405","53","48795747"
"chr10","55068237","55068530","chr12","31457860","31458153","3","23610377"
"chr10","55073461","55073794","chr12","31462979","31463317","15","23610482"
"chr10","55133834","55134016","chr9","43553612","43553775","50","11580222"
"chr10","55138552","55138698","chr12","31528204","31528349","2","23610348"
"chr10","55140201","55140507","chr12","31529857","31530159","11","23610344"
"chr10","55155115","55155236","chr20","49182673","49182788","28","5972442"
"chr10","55155252","55155546","chr12","31544834","31545132","16","23610418"
"chr10","55171650","55171802","chr12","31562178","31562330","0","23609472"
"chr10","55180008","55180145","chr5","74519379","74519510","25","19339371"
"chr10","55180397","55180575","chr8","96423624","96423788","36","41243227"
"chr10","55199788","55199997","chr6","68722281","68722465","64","13522493"
"chr10","55200427","55200538","chr2","144572079","144572189","16","89371652"
"chr10","55260049","55260315","chr11","109070390","109070655","57","53810341"
"chr10","55268055","55268326","chr12","31668925","31669204","13","23599130"
"chr10","55394070","55394146","chr12","31801671","31801747","1","23592399"
"chr10","55437187","55437321","chr12","31844839","31844973","3","23592348"
"chr10","55461558","55461822","chr12","31869627","31869891","8","23591931"
"chr10","55471315","55471611","chr12","31879338","31879637","11","23591977"
"chr10","55572087","55572392","chr12","31979214","31979519","5","23592873"
"chr10","55580117","55580422","chr12","31987016","31987328","12","23593101"
"chr10","55613373","55613684","chrX","7010806","7011116","59","48602567"
"chr10","55626984","55627254","chr12","32036414","32036684","4","23590570"
"chr10","55704086","55704368","chr12","32110633","32110892","27","23593453"
"chr10","55726784","55727105","chr12","32133280","32133601","15","23593504"
"chr10","55856790","55856988","chr12","32262847","32263045","4","23593943"
"chr10","55904409","55904707","chr12","32310838","32311131","13","23593571"
"chr10","55910360","55910638","chr12","32317116","32317435","50","23593244"
"chr10","56010486","56010783","chr12","32421388","32421684","9","23589098"
"chr10","56063158","56063432","chr12","32483498","32483803","37","23579660"
"chr10","56125486","56125761","chr12","32546934","32547218","13","23578552"
"chr10","56127770","56128064","chr12","32549227","32549537","18","23578543"
"chr10","56191418","56191706","chr12","32614219","32614507","3","23577199"
"chr10","56201687","56201838","chr3","111537508","111537663","32","55335821"
"chr10","56216204","56216517","chr12","32637015","32637328","4","23579189"
"chr10","56278913","56279214","chr12","32700324","32700625","6","23578589"
"chr10","56282917","56283218","chr14","103256715","103257018","57","46973798"
"chr10","56300791","56301077","chr6","162028153","162028437","79","105727362"
"chr10","56315434","56315739","chr12","32740404","32740721","29","23575030"
"chr10","56319822","56320165","chr11","129965264","129965565","118","73645442"
"chr10","56399137","56399444","chr12","32823632","32823947","16","23575505"
"chr10","56403090","56403373","chr12","32828321","32828603","6","23574769"
"chr10","56428873","56428994","chr12","32855035","32855156","3","23573838"
"chr10","56447904","56448191","chr12","32874892","32875173","15","23573012"
"chr10","56450406","56450459","chr11","101302619","101302673","8","44852213"
"chr10","56480712","56480834","chr20","10415874","10415996","17","46064838"
"chr10","56514579","56514705","chr12","32941699","32941825","0","23572880"
"chr10","56571907","56572193","chr3","42406924","42407215","54","14164983"
"chr10","56651637","56651940","chr12","33078730","33079036","10","23572907"
"chr10","56677808","56678120","chr12","33104884","33105195","9","23572924"
"chr10","56681795","56682084","chr20","16803226","16803504","91","39878569"
"chr10","56699315","56699606","chr12","33128779","33129070","3","23570536"
"chr10","56708109","56708410","chr12","33137664","33137963","10","23570445"
"chr10","56723210","56723465","chr11","30999129","30999387","70","25724081"
"chr10","56736012","56736166","chr4","135246015","135246144","48","78510003"
"chr10","56739851","56740024","chr12","33170300","33170473","2","23569551"
"chr10","56746948","56747060","chr9","60738358","60738470","21","3991410"
"chr10","56765573","56765858","chr12","33195732","33196014","9","23569841"
"chr10","56776723","56777003","chr12","33206277","33206559","7","23570446"
"chr10","56791814","56792005","chr10","27686319","27686486","51","29105495"
"chr10","56800642","56800984","chr12","33230381","33230718","10","23570261"
"chr10","56834579","56834918","chr12","33262833","33263169","6","23571746"
"chr10","56869425","56869593","chr12","33297785","33297949","5","23571640"
"chr10","56874781","56875076","chr9","89302267","89302561","56","32427486"
"chr10","56884309","56884607","chr12","33315483","33315783","12","23568826"
"chr10","56911730","56911900","chr1","28517728","28517896","33","28394002"
"chr10","56911902","56912208","chr12","33341945","33342250","14","23569957"
"chr10","56945307","56945402","chr12","33373408","33373503","2","23571899"
"chr10","56969902","56970051","chr12","33399076","33399225","1","23570826"
"chr10","57033428","57033560","chr12","33460871","33461004","4","23572557"
"chr10","57179328","57179615","chr12","33604461","33604749","8","23574867"
"chr10","57197577","57197852","chr12","33623061","33623337","5","23574516"
"chr10","57275522","57275601","chr3","33313705","33313787","17","23961817"
"chr10","57277199","57277506","chr12","33703070","33703374","9","23574129"
"chr10","57297432","57297738","chr12","33727390","33727694","10","23570042"
"chr10","57303039","57303381","chr12","33732988","33733333","8","23570051"
"chr10","57347600","57347780","chr12","33774528","33774708","5","23573072"
"chr10","57349318","57349625","chr12","33776044","33776350","7","23573274"
"chr10","57349977","57350120","chr16","36692262","36692406","35","20657715"
"chr10","57350131","57350185","chr4","4056941","4056989","10","53293190"
"chr10","57379001","57379310","chr12","33812083","33812393","8","23566918"
"chr10","57423137","57423416","chr12","33846002","33846281","4","23577135"
"chr10","57427628","57427932","chr19","16304922","16305219","54","41122706"
"chr10","57431868","57432154","chr11","85414537","85414821","68","27982669"
"chr10","57435915","57436214","chr12","33855957","33856261","8","23579958"
"chr10","57445460","57445769","chr12","33865557","33865864","10","23579903"
"chr10","57445794","57446032","chr12","33865889","33866127","1","23579905"
"chr10","57447092","57447220","chr12","33867188","33867323","11","23579904"
"chr10","57463389","57463668","chr12","33884509","33884788","6","23578880"
"chr10","57478108","57478403","chr12","33898774","33899069","10","23579334"
"chr10","57494332","57494621","chr12","33914753","33915043","8","23579579"
"chr10","57504695","57504857","chr12","33924575","33924738","13","23580120"
"chr10","57549384","57549669","chr12","33970217","33970500","6","23579167"
"chr10","57565122","57565420","chr12","33986822","33987122","7","23578300"
"chr10","57613302","57613593","chr12","34034694","34034994","16","23578608"
"chr10","57623089","57623226","chr9","71816464","71816599","31","14193375"
"chr10","57632856","57633179","chr12","34054481","34054762","45","23578375"
"chr10","57633735","57634028","chr12","34055323","34055616","5","23578412"
"chr10","57635049","57635334","chr12","34056632","34056927","17","23578417"
"chr10","57641344","57641465","chr12","34062895","34063016","4","23578449"
"chr10","57644548","57644708","chr12","34066792","34066952","3","23577756"
"chr10","57655769","57655924","chrX","7162880","7163039","38","50492889"
"chr10","57681340","57681606","chr9","43118265","43118523","63","14563075"
"chr10","57689931","57690218","chr12","34109594","34109880","4","23580337"
"chr10","57726854","57727165","chr2","172913754","172914059","70","115186900"
"chr10","57801654","57801806","chr12","34220400","34220552","9","23581254"
"chr10","57809242","57809498","chr12","34227980","34228236","12","23581262"
"chr10","57810144","57810401","chr12","34228897","34229153","48","23581247"
"chr10","57855151","57855455","chr12","34274761","34275065","9","23580390"
"chr10","57866088","57866377","chr15","37564473","37564760","56","20301615"
"chr10","57872092","57872375","chr12","34291385","34291669","8","23580707"
"chr10","57876075","57876341","chr5","34412443","34412711","59","23463632"
"chr10","57918171","57918340","chrX","50129300","50129448","42","7788871"
"chr10","58000428","58000700","chr12","34416303","34416587","47","23584125"
"chr10","58057645","58057776","chr1","135097790","135097920","24","77040145"
"chr10","58059961","58060252","chr12","34473846","34474134","8","23586115"
"chr10","58085354","58085530","chr18","16422268","16422443","33","41663086"
"chr10","58085571","58085685","chr6","65245898","65246011","22","7160327"
"chr10","58095432","58095525","chr13","102145302","102145390","21","44049870"
"chr10","58095705","58095983","chr12","34507087","34507367","10","23588618"
"chr10","58097885","58098194","chr12","34509084","34509393","14","23588801"
"chr10","58130372","58130664","chr12","34539402","34539690","6","23590970"
"chr10","58141050","58141206","chr12","34550691","34550848","6","23590359"
"chr10","58239640","58239880","chr12","34648378","34648663","77","23591262"
"chr10","58239882","58240130","chr12","34648378","34648663","41","23591504"
"chr10","58246138","58246318","chr7","109263846","109264017","40","51017708"
"chr10","58246319","58246570","chr12","34654756","34655044","42","23591563"
"chr10","58265132","58265438","chr1","26702340","26702643","60","31562792"
"chr10","58286350","58286661","chr12","34692174","34692501","29","23594176"
"chr10","58423231","58423394","chr12","34826992","34827154","7","23596239"
"chr10","58533941","58534100","chr12","34936465","34936624","2","23597476"
"chr10","58613971","58614079","chr7","120303460","120303571","20","61689489"
"chr10","58625554","58625715","chr12","35027796","35027957","3","23597758"
"chr10","58644071","58644227","chr12","35045743","35045906","23","23598328"
"chr10","58668472","58668770","chr12","35072165","35072469","9","23596307"
"chr10","58677336","58677669","chr12","35080701","35081032","14","23596635"
"chr10","58766914","58767183","chr12","35170143","35170412","5","23596771"
"chr10","58816687","58816974","chr5","109543789","109544074","53","50727102"
"chr10","58826826","58827116","chr12","35229984","35230273","2","23596842"
"chr10","58828596","58828881","chr16","55422724","55423021","63","3405872"
"chr10","58829216","58829515","chr12","35232409","35232705","12","23596807"
"chr10","58852209","58852510","chr12","35253047","35253348","11","23599162"
"chr10","58863902","58864038","chr12","35266942","35267078","6","23596960"
"chr10","58934388","58934678","chr15","37564473","37564760","53","21369915"
"chr10","58948811","58949120","chr12","35352451","35352738","31","23596360"
"chr10","59223345","59223652","chr12","35626768","35627078","21","23596577"
"chr10","59255995","59256300","chr12","35657081","35657373","24","23598914"
"chr10","59266501","59266812","chr13","54711400","54711706","72","4555101"
"chr10","59303204","59303215","chr19","32678666","32678677","3","26624538"
"chr10","59303294","59303582","chr2","81971075","81971353","66","22667781"
"chr10","59303654","59303875","chr2","71422735","71422956","48","12119081"
"chr10","59354713","59354991","chr12","35754634","35754912","3","23600079"
"chr10","59384590","59384905","chr12","35783620","35783936","6","23600970"
"chr10","59427605","59427745","chr19","12932984","12933113","32","46494621"
"chr10","59432782","59432902","chr12","35831759","35831881","5","23601023"
"chr10","59440101","59440353","chr12","35839103","35839385","35","23600998"
"chr10","59465497","59465740","chr1","158399646","158399890","55","98934149"
"chr10","59487563","59487884","chrX","16790369","16790672","67","42697194"
"chr10","59492720","59493006","chr16","71870409","71870702","59","12377689"
"chr10","59530762","59531066","chr12","35927747","35928052","13","23603015"
"chr10","59534013","59534123","chr1","188795708","188795825","18","129261695"
"chr10","59534157","59534307","chr3","38426461","38426617","35","21107696"
"chr10","59552660","59552969","chr12","35949145","35949429","44","23603515"
"chr10","59574643","59574852","chrX","17653218","17653424","53","41921425"
"chr10","59580986","59581283","chr12","35975991","35976318","104","23604995"
"chr10","59585475","59585522","chr15","27307400","27307446","7","32278075"
"chr10","59585573","59585620","chr15","27307400","27307446","7","32278173"
"chr10","59585671","59585788","chr12","35980191","35980308","4","23605480"
"chr10","59603412","59603545","chr12","35997493","35997626","2","23605919"
"chr10","59607669","59607970","chr15","96943122","96943426","74","37335453"
"chr10","59625545","59625835","chr12","36019347","36019637","1","23606198"
"chr10","59658836","59659120","chr12","36051799","36052081","4","23607037"
"chr10","59668182","59668475","chr12","36061696","36061989","3","23606486"
"chr10","59732799","59732919","chr12","36122598","36122725","10","23610201"
"chr10","59735695","59735999","chr12","36125451","36125760","12","23610244"
"chr10","59744216","59744466","chr8","35894506","35894750","59","23849710"
"chr10","59770805","59770999","chr18","1409387","1409575","54","58361418"
"chr10","59780851","59781148","chr12","36172373","36172670","5","23608478"
"chr10","59791737","59791976","chr12","36183018","36183257","7","23608719"
"chr10","59792944","59793099","chr12","36184227","36184382","1","23608717"
"chr10","59795702","59795989","chr12","36186988","36187276","11","23608714"
"chr10","59812428","59812580","chr7","149291342","149291493","28","89478914"
"chr10","59871936","59872212","chr12","36260770","36261045","5","23611166"
"chr10","59884206","59884365","chr12","36273323","36273483","4","23610883"
"chr10","59900871","59901164","chr12","36290066","36290359","7","23610805"
"chr10","59928445","59928729","chr12","36319678","36319959","11","23608767"
"chr10","59964868","59965145","chr12","36354937","36355217","12","23609931"
"chr10","59984949","59985222","chr12","36375092","36375394","32","23609857"
"chr10","59996117","59996326","chr7","91196468","91196685","43","31200351"
"chr10","60002950","60003232","chr12","36392404","36392713","39","23610546"
"chr10","60050379","60050639","chr12","36438026","36438282","16","23612353"
"chr10","60083814","60084075","chr12","36472018","36472278","2","23611796"
"chr10","60102508","60102830","chr12","36490259","36490568","18","23612249"
"chr10","60126979","60127217","chr12","36513071","36513308","7","23613908"
"chr10","60170533","60170665","chr12","36556795","36556927","5","23613738"
"chr10","60172071","60172352","chr12","36558337","36558621","11","23613734"
"chr10","60181935","60182218","chr12","36568164","36568440","16","23613771"
"chr10","60255267","60255493","chr7","145085966","145086197","46","84830699"
"chr10","60272615","60272770","chr14","84021234","84021385","32","23748619"
"chr10","60274342","60274464","chr12","36653402","36653525","2","23620940"
"chr10","60338895","60339184","chr12","36715403","36715689","8","23623492"
"chr10","60367769","60368051","chr12","36744400","36744708","30","23623369"
"chr10","60399900","60400204","chr14","18343319","18343625","62","42056581"
"chr10","60434062","60434351","chr11","100713410","100713696","82","40279348"
"chr10","60464124","60464413","chr19","4605319","4605606","75","55858805"
"chr10","60473454","60473777","chr1","196717791","196718106","66","136244337"
"chr10","60480113","60480235","chr12","36852532","36852654","0","23627581"
"chr10","60498592","60498857","chr12","36868942","36869206","3","23629650"
"chr10","60535133","60535167","chr1","47882838","47882869","12","12652295"
"chr10","60535803","60535963","chr6","73447417","73447558","38","12911614"
"chr10","60628570","60628591","chr4","37952686","37952708","5","22675884"
"chr10","60629125","60629214","chr7","158383492","158383581","22","97754367"
"chr10","60629275","60629555","chr12","37005473","37005753","6","23623802"
"chr10","60649798","60650096","chr12","37025804","37026097","11","23623994"
"chr10","60672534","60672806","chr12","37048897","37049188","21","23623637"
"chr10","60676902","60677148","chr12","37053579","37053829","9","23623323"
"chr10","60681239","60681393","chr12","37057972","37058123","7","23623267"
"chr10","60694857","60695198","chr12","37071942","37072276","26","23622915"
"chr10","60702549","60702838","chr12","37079741","37080030","9","23622808"
"chr10","60727184","60727446","chr12","37105053","37105330","22","23622131"
"chr10","60772868","60773003","chr1","14279367","14279499","22","46493501"
"chr10","60780378","60780509","chr12","37160053","37160183","2","23620325"
"chr10","60801009","60801138","chr12","37178250","37178379","3","23622759"
"chr10","61000001","61000246","chr12","37366679","37366937","18","23633322"
"chr10","61057584","61057864","chr12","37419917","37420190","25","23637667"
"chr10","61093254","61093569","chr7","33570558","33570868","71","27522696"
"chr10","61309478","61309640","chr12","37663347","37663509","7","23646131"
"chr10","61336449","61336760","chr12","37689133","37689436","17","23647316"
"chr10","61389369","61389614","chr12","37739390","37739662","36","23649979"
"chr10","61445899","61446183","chr12","37794389","37794673","4","23651510"
"chr10","61446571","61446837","chr12","37795049","37795353","43","23651522"
"chr10","61526317","61526606","chr12","37876335","37876624","4","23649982"
"chr10","61609854","61610017","chr8","18227257","18227416","30","43382597"
"chr10","61610054","61610173","chr6","125833726","125833841","15","64223672"
"chr10","61617733","61617969","chr2","104324422","104324631","75","42706689"
"chr10","61628190","61628347","chr12","37986807","37986965","4","23641383"
"chr10","61775591","61775804","chr20","17372994","17373175","55","44402597"
"chr10","61780969","61781283","chr12","38137595","38137911","12","23643374"
"chr10","61784696","61784836","chr5","71684539","71684667","40","9899843"
"chr10","61805058","61805303","chr12","38161590","38161864","30","23643468"
"chr10","62042388","62042685","chr12","38396745","38397040","9","23645643"
"chr10","62062411","62062567","chr12","38416863","38417021","4","23645548"
"chr10","62189019","62189329","chr12","38539521","38539823","13","23649498"
"chr10","62228974","62229267","chr12","38577736","38578015","28","23651238"
"chr10","62245503","62245687","chr12","38593866","38594050","3","23651637"
"chr10","62311963","62312243","chr12","38658398","38658681","12","23653565"
"chr10","62383058","62383211","chr12","38728749","38728902","3","23654309"
"chr10","62482652","62482941","chr16","58030564","58030854","59","4452088"
"chr10","62546513","62546784","chr12","38888329","38888600","4","23658184"
"chr10","62682257","62682430","chr12","39026662","39026835","1","23655595"
"chr10","62714803","62715093","chr12","39058643","39058938","9","23656160"
"chr10","62716425","62716707","chr10","69093524","69093805","53","6377099"
"chr10","62742108","62742422","chr12","39086136","39086449","4","23655972"
"chr10","62748304","62748461","chr12","39092237","39092400","10","23656067"
"chr10","62782209","62782485","chr12","39125954","39126230","6","23656255"
"chr10","62794800","62795092","chr12","39138753","39139046","2","23656047"
"chr10","62795204","62795479","chr12","39139157","39139431","11","23656047"
"chr10","62796823","62797140","chr12","39140778","39141090","28","23656045"
"chr10","62849331","62849624","chr12","39192562","39192846","16","23656769"
"chr10","62849997","62850314","chr12","39192562","39192846","40","23657435"
"chr10","62907535","62907661","chr7","91281554","91281680","24","28374019"
"chr10","62920494","62920786","chr12","39262349","39262643","5","23658145"
"chr10","62965750","62965913","chr9","24384220","24384384","34","38581530"
"chr10","62965968","62966087","chr7","18882443","18882560","23","44083525"
"chr10","63009585","63009731","chr12","39356771","39356917","0","23652814"
"chr10","63083156","63083462","chr3","12794469","12794773","55","50288687"
"chr10","63086901","63087193","chr12","39433903","39434195","7","23652998"
"chr10","63092385","63092719","chr12","39439254","39439585","12","23653131"
"chr10","63156386","63156608","chr12","39503805","39504029","7","23652581"
"chr10","63220648","63220928","chr19","28665522","28665806","59","34555126"
"chr10","63327346","63327651","chrX","122027857","122028155","60","58700511"
"chr10","63446718","63446835","chr2","114579452","114579563","19","51132734"
"chr10","63500393","63500691","chr12","39865642","39865940","4","23634751"
"chr10","63584799","63585081","chr12","39947565","39947847","4","23637234"
"chr10","63659974","63660272","chr12","40026472","40026774","9","23633502"
"chr10","63675570","63675844","chr19","40690978","40691260","67","22984592"
"chr10","63697374","63697653","chr12","40062185","40062488","30","23635189"
"chr10","63710051","63710362","chr12","40074877","40075186","15","23635174"
"chr10","63718447","63718627","chr9","34604869","34605038","44","29113578"
"chr10","63736558","63736683","chr12","40100752","40100879","7","23635806"
"chr10","63791265","63791507","chr12","40140044","40140286","3","23651221"
"chr10","63809825","63810125","chr12","40158749","40159052","11","23651076"
"chr10","63817775","63818065","chr12","32310838","32311131","70","31506937"
"chr10","63818076","63818373","chr11","116519123","116519427","57","52701047"
"chr10","63933508","63933813","chr3","43233714","43234013","70","20699794"
"chr10","63957241","63957404","chr12","40307009","40307174","8","23650232"
"chr10","64000185","64000468","chr6","38001858","38002141","60","25998327"
"chr10","64019316","64019612","chr12","40377044","40377338","11","23642272"
"chr10","64032522","64032830","chr10","22594480","22594764","84","41438042"
"chr10","64039989","64040149","chr12","40397907","40398067","8","23642082"
"chr10","64229536","64229819","chr12","40585456","40585753","22","23644080"
"chr10","64420936","64421131","chr6","108010515","108010694","57","43589579"
"chr10","64421433","64421554","chr8","43774880","43774997","26","20646553"
"chr10","64442570","64442919","chr12","40792002","40792310","47","23650568"
